Crime ID,Month,Reported by,Falls within,Longitude,Latitude,Location,LSOA code,LSOA name,Crime type,Last outcome category,Context
0737025b8965d4868b8c5b73da3ec54945de1302f572d95b664dda37268befff,2023-06,Surrey Police,Surrey Police,-0.731983,51.081934,On or near Wey Gardens,E01031502,Chichester 001A,Violence and sexual offences,Unable to prosecute suspect,
2141ab6febeb70ab446e08b63f63a8fe4ceae0879adf5935adb086ac5cbbd62f,2023-06,Surrey Police,Surrey Police,-0.101292,51.514770,On or near Amen Court,E01032739,City of London 001F,Violence and sexual offences,Unable to prosecute suspect,
c7fd23e08827227c6f09f370fb81dcfe5549eed68782e14586da5416964fffc5,2023-06,Surrey Police,Surrey Police,-0.101292,51.514770,On or near Amen Court,E01032739,City of London 001F,Violence and sexual offences,Unable to prosecute suspect,
44b294e3f7c1c923c0ef34002a0a570c4fca4387c2ed2530ba66b89406c642a3,2023-06,Surrey Police,Surrey Police,-0.197082,51.160809,On or near Parking Area,E01031575,Crawley 001C,Violence and sexual offences,Further investigation is not in the public interest,
,2023-06,Surrey Police,Surrey Police,-0.138263,51.156084,On or near Peeks Brook Lane,E01035328,Crawley 002F,Anti-social behaviour,,
,2023-06,Surrey Police,Surrey Police,-0.138263,51.156084,On or near Peeks Brook Lane,E01035328,Crawley 002F,Anti-social behaviour,,
efc9dd0f0ebf257aa3df8528979ea6c487aa1522f3dcff8a26bdb5e8b21461bb,2023-06,Surrey Police,Surrey Police,-0.161017,51.317695,On or near Sandown Road,E01001026,Croydon 043D,Criminal damage and arson,Investigation complete; no suspect identified,
3fe640b5b9e28f97e3f0d34ab772d69b07179b21e33a88d24793c365bb908fe6,2023-06,Surrey Police,Surrey Police,-0.161017,51.317695,On or near Sandown Road,E01001026,Croydon 043D,Criminal damage and arson,Investigation complete; no suspect identified,
31784a7e8dc78bfdbff360450f72208914bd74cd70545031413468a8edb5d8db,2023-06,Surrey Police,Surrey Police,-0.826358,51.179237,On or near Boundary Road,E01022582,East Hampshire 001B,Violence and sexual offences,Action to be taken by another organisation,
,2023-06,Surrey Police,Surrey Police,-0.746779,51.106553,On or near Cypress Way,E01032625,East Hampshire 017E,Anti-social behaviour,,
,2023-06,Surrey Police,Surrey Police,-0.746779,51.106553,On or near Cypress Way,E01032625,East Hampshire 017E,Anti-social behaviour,,
,2023-06,Surrey Police,Surrey Police,-0.368222,51.406634,On or near Kelvinbrook,E01030330,Elmbridge 001A,Anti-social behaviour,,
,2023-06,Surrey Police,Surrey Police,-0.367068,51.408345,On or near Beldham Gardens,E01030330,Elmbridge 001A,Anti-social behaviour,,
,2023-06,Surrey Police,Surrey Police,-0.367968,51.408106,On or near Supermarket,E01030330,Elmbridge 001A,Anti-social behaviour,,
b7e302ff36a3472e8a2998df42477ae911a8bff47c260fe921e6dcba6ca3e516,2023-06,Surrey Police,Surrey Police,-0.369965,51.405328,On or near New Road,E01030330,Elmbridge 001A,Other theft,Investigation complete; no suspect identified,
9eba785d0cb97add3f311225ce2528f26998f953f2c60dae1079b1d7ab2a4bff,2023-06,Surrey Police,Surrey Police,-0.367968,51.408106,On or near Supermarket,E01030330,Elmbridge 001A,Shoplifting,Unable to prosecute suspect,
688bff3f7d56db891f50215437597f1eaa18da2edac5d04eeed4f308a1415f2e,2023-06,Surrey Police,Surrey Police,-0.367968,51.408106,On or near Supermarket,E01030330,Elmbridge 001A,Shoplifting,Investigation complete; no suspect identified,
16dbb2629e460f4f9c89018bc28ee75c47c40ac1c51f42e738480ce67ed9d74e,2023-06,Surrey Police,Surrey Police,-0.369965,51.405328,On or near New Road,E01030330,Elmbridge 001A,Vehicle crime,Investigation complete; no suspect identified,
b2d54723fcaf952d82da1b801e9eec881833d8bf4101e02fbf035f30830418c8,2023-06,Surrey Police,Surrey Police,-0.367068,51.408345,On or near Beldham Gardens,E01030330,Elmbridge 001A,Violence and sexual offences,Unable to prosecute suspect,
bb8d73e846b8f724db7029671eefc907a742addad6fa99f9c49ed9fa2fb51a46,2023-06,Surrey Police,Surrey Police,-0.370275,51.407931,On or near Victoria Close,E01030330,Elmbridge 001A,Violence and sexual offences,Status update unavailable,
a8032c110cd1a6f36790a456c31612061b56f837d858b96c5d973944fecf9dc0,2023-06,Surrey Police,Surrey Police,-0.370275,51.407931,On or near Victoria Close,E01030330,Elmbridge 001A,Violence and sexual offences,Status update unavailable,
f2abc21f9f62c4cc1e4c0f7c7c8cccf820edce416bd0dd2cda3a2b1880ee735e,2023-06,Surrey Police,Surrey Police,-0.370275,51.407931,On or near Victoria Close,E01030330,Elmbridge 001A,Violence and sexual offences,Court result unavailable,
2933b7904bf9af0998d7d97493eeba4c906a30c2968e3121f9ddb4b98dfc2841,2023-06,Surrey Police,Surrey Police,-0.367068,51.408345,On or near Beldham Gardens,E01030330,Elmbridge 001A,Violence and sexual offences,Unable to prosecute suspect,
97ccfba55af3e852cc7ac579954c4ef30ecae53cac6675e3b31c2fb5f8b99907,2023-06,Surrey Police,Surrey Police,-0.367968,51.408106,On or near Supermarket,E01030330,Elmbridge 001A,Violence and sexual offences,Further investigation is not in the public interest,
64d98a0c32d3687ce9e789fb4226e9da00f5a7ff930a5011d620142443774a39,2023-06,Surrey Police,Surrey Police,-0.367968,51.408106,On or near Supermarket,E01030330,Elmbridge 001A,Violence and sexual offences,Further investigation is not in the public interest,
d84e2ac60446760e50a5ddfea2b1fb9cd56125a8f7bbd093c98dccede8749453,2023-06,Surrey Police,Surrey Police,-0.367068,51.408345,On or near Beldham Gardens,E01030330,Elmbridge 001A,Violence and sexual offences,Unable to prosecute suspect,
144973b63960be2d86c850bdfb7d011814fe3d496c0708b29133440ff693393c,2023-06,Surrey Police,Surrey Police,-0.376487,51.403458,On or near The Crescent,E01030331,Elmbridge 001B,Bicycle theft,Investigation complete; no suspect identified,
c6f69a545e39647ab16967a8e6158ea6c71fd8ddb68d768aef9d3b8fde9c6748,2023-06,Surrey Police,Surrey Police,-0.383446,51.401405,On or near Apps Meadow Close,E01030331,Elmbridge 001B,Criminal damage and arson,Offender given a caution,
27ed22bcbc5c8fe62188be621bc049ecc34b2eefa8bd28c8a8ccaa43e74cc31e,2023-06,Surrey Police,Surrey Police,-0.375190,51.405985,On or near Hurst Road,E01030331,Elmbridge 001B,Criminal damage and arson,Investigation complete; no suspect identified,
f62724773d7da441aa135f3c193ac714b00ebfb34c09fae74f12b9658c78a08c,2023-06,Surrey Police,Surrey Police,-0.376487,51.403458,On or near The Crescent,E01030331,Elmbridge 001B,Drugs,Unable to prosecute suspect,
8f4721d940c73565d9b6626478975d06a5f69e3e6b2f2a19fadd3d001f4cabf6,2023-06,Surrey Police,Surrey Police,-0.373417,51.406509,On or near Hurst Road,E01030331,Elmbridge 001B,Public order,Unable to prosecute suspect,
521272fb8ac63a81975142b8ec2f495b7cd430e47f29d8d326fd45086490abd2,2023-06,Surrey Police,Surrey Police,-0.376827,51.404820,On or near Berkeley Drive,E01030331,Elmbridge 001B,Vehicle crime,Investigation complete; no suspect identified,
94ba0b006b6fb09e058143f44b352b743fe73ccf3090dd4a63979eb75f57ed45,2023-06,Surrey Police,Surrey Police,-0.383446,51.401405,On or near Apps Meadow Close,E01030331,Elmbridge 001B,Violence and sexual offences,Offender given a caution,
9c1f716470aba66095e9cd3f2aa967df570599f4fcd0fc0a4b386c8a629007bd,2023-06,Surrey Police,Surrey Police,-0.383446,51.401405,On or near Apps Meadow Close,E01030331,Elmbridge 001B,Violence and sexual offences,Offender given a caution,
c18bb05d968629b6f457719944ce498a14a63dae199cc226856f00553ba5e7eb,2023-06,Surrey Police,Surrey Police,-0.381193,51.402498,On or near Bishop Fox Way,E01030331,Elmbridge 001B,Violence and sexual offences,Unable to prosecute suspect,
3d60a272e339d1cad196481266a9348b767444bebc3046fb5745dc84a9cb1415,2023-06,Surrey Police,Surrey Police,-0.383446,51.401405,On or near Apps Meadow Close,E01030331,Elmbridge 001B,Violence and sexual offences,Offender given a caution,
87557c43a7500bce48045036da43331875f89c6b734cd4784f441f63faa76404,2023-06,Surrey Police,Surrey Police,-0.381193,51.402498,On or near Bishop Fox Way,E01030331,Elmbridge 001B,Violence and sexual offences,Unable to prosecute suspect,
74ec050358bceea296c41127e575f0ff8ec8c2771818b88b3c04f83b2c3c155f,2023-06,Surrey Police,Surrey Police,-0.376487,51.403458,On or near The Crescent,E01030331,Elmbridge 001B,Violence and sexual offences,Further action is not in the public interest,
d095942dad36d7cf60a35f977c78feddf371af5e39cdc0a6e136f8866e0e4709,2023-06,Surrey Police,Surrey Police,-0.381193,51.402498,On or near Bishop Fox Way,E01030331,Elmbridge 001B,Violence and sexual offences,Unable to prosecute suspect,
79bc39ed07603942ba9848637d0205c7841b15aa552dd70578d42c414f0d07b8,2023-06,Surrey Police,Surrey Police,-0.381193,51.402498,On or near Bishop Fox Way,E01030331,Elmbridge 001B,Violence and sexual offences,Unable to prosecute suspect,
3b39cfec964e8941295179a1a13071ae65ea0e0965abd409832fec1f3b9b7503,2023-06,Surrey Police,Surrey Police,-0.383446,51.401405,On or near Apps Meadow Close,E01030331,Elmbridge 001B,Violence and sexual offences,Offender given a caution,
7b464c99bb95a7bbddaf9503c4afe1aa4258cc4d2c549af9d9e2eac17e876f21,2023-06,Surrey Police,Surrey Police,-0.381193,51.402498,On or near Bishop Fox Way,E01030331,Elmbridge 001B,Violence and sexual offences,Unable to prosecute suspect,
63f2c034b31d7ca9c6f34cf40c21e318521d119da2ed76f2731b74aae54995b0,2023-06,Surrey Police,Surrey Police,-0.383446,51.401405,On or near Apps Meadow Close,E01030331,Elmbridge 001B,Violence and sexual offences,Offender given a caution,
25614388f39f3910dad0dca6f3dcb7f67f39686b7a3b68cc0b9fe1a21ed6674e,2023-06,Surrey Police,Surrey Police,-0.382144,51.404076,On or near Hollingworth Close,E01030331,Elmbridge 001B,Violence and sexual offences,Unable to prosecute suspect,
d8b3ecc9bdaaabd3c7bc5f4230a3c820a408edce7bbe6b15a902977a860a4221,2023-06,Surrey Police,Surrey Police,-0.383446,51.401405,On or near Apps Meadow Close,E01030331,Elmbridge 001B,Violence and sexual offences,Offender given a caution,
8439bea4ffb12b14499074d981b6b43daba86ed205183a4a4500932bc59171a9,2023-06,Surrey Police,Surrey Police,-0.381193,51.402498,On or near Bishop Fox Way,E01030331,Elmbridge 001B,Violence and sexual offences,Unable to prosecute suspect,
,2023-06,Surrey Police,Surrey Police,-0.364320,51.402758,On or near The Forum,E01030332,Elmbridge 001C,Anti-social behaviour,,
f43e5b1d6c529070fb708b870fcef58d19aed2868aeaa66db97878c87ae5c2a8,2023-06,Surrey Police,Surrey Police,-0.362523,51.402760,On or near Third Close,E01030332,Elmbridge 001C,Public order,Investigation complete; no suspect identified,
8a6cdd63b800b3b879a6ed6a67eaaf19ea6923641fecdd591082cdfbb408606d,2023-06,Surrey Police,Surrey Police,-0.362523,51.402760,On or near Third Close,E01030332,Elmbridge 001C,Public order,Investigation complete; no suspect identified,
55f972623ba36f985e2bb75196d89014db170803fc6b9e2fa6da6d90656c81a8,2023-06,Surrey Police,Surrey Police,-0.361783,51.404962,On or near Merton Way,E01030332,Elmbridge 001C,Public order,Investigation complete; no suspect identified,
399ec465776d46be85c20bb028db8ec91b0fa80c31212d36b72b4150faf242be,2023-06,Surrey Police,Surrey Police,-0.371419,51.404071,On or near Churchfields,E01030332,Elmbridge 001C,Vehicle crime,Investigation complete; no suspect identified,
1641739b9e5a758b875f6346fa6765f1019f956763d19b6a53d053267e6b67e4,2023-06,Surrey Police,Surrey Police,-0.359539,51.404175,On or near Hurst Lane,E01030332,Elmbridge 001C,Vehicle crime,Investigation complete; no suspect identified,
211750f5d8c433acf3792578ac0a99dc7065d16353a1592c533fa5c44ad11b95,2023-06,Surrey Police,Surrey Police,-0.361965,51.409128,On or near Sadlers Ride,E01030333,Elmbridge 001D,Drugs,Investigation complete; no suspect identified,
905f14b0c33e811181857127d335503ed0f8e5ec8735b564543178aa6da6fe72,2023-06,Surrey Police,Surrey Police,-0.363076,51.411436,On or near Ferry Terminal,E01030333,Elmbridge 001D,Other theft,Status update unavailable,
,2023-06,Surrey Police,Surrey Police,-0.342353,51.402342,On or near Hampton Court,E01030326,Elmbridge 002A,Anti-social behaviour,,
,2023-06,Surrey Police,Surrey Police,-0.343643,51.403232,On or near Riverbank,E01030326,Elmbridge 002A,Anti-social behaviour,,
ceba67fa8b8a59338bbd0d0b11f3bcf2f6f5d48a30265897bba104730220d422,2023-06,Surrey Police,Surrey Police,-0.343931,51.402022,On or near Hampton Court Parade,E01030326,Elmbridge 002A,Criminal damage and arson,Investigation complete; no suspect identified,
a624dee97a4860376efe849c030441f8ac3179a7b4798879820897702895cbcf,2023-06,Surrey Police,Surrey Police,-0.343643,51.403232,On or near Riverbank,E01030326,Elmbridge 002A,Criminal damage and arson,Unable to prosecute suspect,
6e4dbb4d2621adc30cbfb6cb7790868dafcfbacb54c466bd50ba6b3bcae8acb8,2023-06,Surrey Police,Surrey Police,-0.345293,51.403327,On or near Feltham Avenue,E01030326,Elmbridge 002A,Criminal damage and arson,Unable to prosecute suspect,
c268a7be73c592b5edca25fbaeb5b6f2541b968f52ed88caca105df22206f20d,2023-06,Surrey Police,Surrey Police,-0.342353,51.402342,On or near Hampton Court,E01030326,Elmbridge 002A,Drugs,Status update unavailable,
86f8911dcfaa4fdbd033451600620ae216c0dc1899e930665b5188faefb671cf,2023-06,Surrey Police,Surrey Police,-0.344049,51.402348,On or near Creek Road,E01030326,Elmbridge 002A,Drugs,Investigation complete; no suspect identified,
a02a5340f2362299f1a0f7da1c76bc7b0d1dd637fa00c9f75dd3b670c24a1fd4,2023-06,Surrey Police,Surrey Police,-0.345145,51.401473,On or near Queens Reach,E01030326,Elmbridge 002A,Drugs,Investigation complete; no suspect identified,
d489744c9786fe6f8850ebc66575bf10840b419ad1cb18139dbee807f26afa00,2023-06,Surrey Police,Surrey Police,-0.344628,51.403830,On or near Riverbank,E01030326,Elmbridge 002A,Drugs,Unable to prosecute suspect,
78f6e0cbdfc61cb733b19bc5a88b2758833973181b6157c8639817d74b1eeeff,2023-06,Surrey Police,Surrey Police,-0.343643,51.403232,On or near Riverbank,E01030326,Elmbridge 002A,Other theft,Further investigation is not in the public interest,
63248b82423e05ab2c6633c9331d5c85fbe53e3bf8bbf876f9763e6e66134252,2023-06,Surrey Police,Surrey Police,-0.345145,51.401473,On or near Queens Reach,E01030326,Elmbridge 002A,Other theft,Investigation complete; no suspect identified,
ccde83cffa2ed350b9391aa0d0a5741ab170d1c979f0dc14d1bd2a928aae08d7,2023-06,Surrey Police,Surrey Police,-0.344049,51.402348,On or near Creek Road,E01030326,Elmbridge 002A,Public order,Investigation complete; no suspect identified,
6ce200b9f1b52af36c591b538f1b6cd3f3eab508b192143102111de9e047a3b2,2023-06,Surrey Police,Surrey Police,-0.344049,51.402348,On or near Creek Road,E01030326,Elmbridge 002A,Public order,Investigation complete; no suspect identified,
8a453903ced9cf7da3214f0eddb7aa85e70912ff79767942270ffe13d5b57192,2023-06,Surrey Police,Surrey Police,-0.351692,51.400108,On or near Hansler Grove,E01030326,Elmbridge 002A,Vehicle crime,Investigation complete; no suspect identified,
385a1762f8ba2fcd73897fff0f6085f296f3b8bd913630a8b37394b20681d32d,2023-06,Surrey Police,Surrey Police,-0.344628,51.403830,On or near Riverbank,E01030326,Elmbridge 002A,Vehicle crime,Investigation complete; no suspect identified,
3355d8bfbe53dc4873c20a05a94c206363db06b67fb7ee72b1a0195db785499d,2023-06,Surrey Police,Surrey Police,-0.352046,51.397856,On or near Matham Road,E01030326,Elmbridge 002A,Violence and sexual offences,Unable to prosecute suspect,
7747c882c548765042b1d19ea8c477716983d856661a24a92db0cc71937de202,2023-06,Surrey Police,Surrey Police,-0.351692,51.400108,On or near Hansler Grove,E01030326,Elmbridge 002A,Violence and sexual offences,Further investigation is not in the public interest,
b013fc65586281d6729269f005e99881bba371935a1af7b3652ecbd1832ffc91,2023-06,Surrey Police,Surrey Police,-0.343643,51.403232,On or near Riverbank,E01030326,Elmbridge 002A,Violence and sexual offences,Unable to prosecute suspect,
e27177c1e588c3491d1b2e1885a19708335e9a425642404aedc92225bd5091c5,2023-06,Surrey Police,Surrey Police,-0.343643,51.403232,On or near Riverbank,E01030326,Elmbridge 002A,Violence and sexual offences,Unable to prosecute suspect,
c27ebc4d87f9a35fdbc52de1fa55cf116cc16b95572437da27bc754173f9933d,2023-06,Surrey Police,Surrey Police,-0.343643,51.403232,On or near Riverbank,E01030326,Elmbridge 002A,Violence and sexual offences,Unable to prosecute suspect,
fd5a7159f52377900d1352bbb7aff70dfdb57f9a6baed3d6070900af45fb9d98,2023-06,Surrey Police,Surrey Police,-0.349935,51.399787,On or near Bridge Gardens,E01030326,Elmbridge 002A,Violence and sexual offences,Investigation complete; no suspect identified,
f77ddc681c54be57755366acfd7e985e8b076dc75cf89632a7511a6d9e84f1f6,2023-06,Surrey Police,Surrey Police,-0.344049,51.402348,On or near Creek Road,E01030326,Elmbridge 002A,Violence and sexual offences,Unable to prosecute suspect,
194ea31038a24d68c3f92ee8cc7f3ce397ce1f2c6dfb1c07fd65d91060fca6ac,2023-06,Surrey Police,Surrey Police,-0.345692,51.401436,On or near Oarsman Place,E01030326,Elmbridge 002A,Violence and sexual offences,Unable to prosecute suspect,
0c4e7082405dafc912d55f2925f947231abe9a5231f8446cbed92571aecf6b94,2023-06,Surrey Police,Surrey Police,-0.351692,51.400108,On or near Hansler Grove,E01030326,Elmbridge 002A,Violence and sexual offences,Further investigation is not in the public interest,
0f5f8941a6c865f5aff0490f9efa9427e3c4bd78f32f824f9fd7aba8be08a690,2023-06,Surrey Police,Surrey Police,-0.343643,51.403232,On or near Riverbank,E01030326,Elmbridge 002A,Violence and sexual offences,Unable to prosecute suspect,
,2023-06,Surrey Police,Surrey Police,-0.358300,51.399850,On or near Clinton Avenue,E01030327,Elmbridge 002B,Anti-social behaviour,,
,2023-06,Surrey Police,Surrey Police,-0.361033,51.400599,On or near Hidden Close,E01030327,Elmbridge 002B,Anti-social behaviour,,
,2023-06,Surrey Police,Surrey Police,-0.358300,51.399850,On or near Clinton Avenue,E01030327,Elmbridge 002B,Anti-social behaviour,,
,2023-06,Surrey Police,Surrey Police,-0.358300,51.399850,On or near Clinton Avenue,E01030327,Elmbridge 002B,Anti-social behaviour,,
be1f3d9c556ce08bc8264bffa84308611008b10fa79ea87b2efb8e0df06603ac,2023-06,Surrey Police,Surrey Police,-0.355673,51.401738,On or near Kent Road,E01030327,Elmbridge 002B,Bicycle theft,Investigation complete; no suspect identified,
1a85f416e5b4f33872e13a2be4fe0140c5d062654b6e6a40667e00dbc35249c2,2023-06,Surrey Police,Surrey Police,-0.358300,51.399850,On or near Clinton Avenue,E01030327,Elmbridge 002B,Burglary,Status update unavailable,
e5172ae8efc169261156468011585904c16058fabc710fbb5e3c3f617de5a83d,2023-06,Surrey Police,Surrey Police,-0.352594,51.391398,On or near Winston Close,E01030327,Elmbridge 002B,Criminal damage and arson,Investigation complete; no suspect identified,
b887020f4a6a9f85ba7b67f386a6fe70424e30472258e46979f3fed4451fd9b3,2023-06,Surrey Police,Surrey Police,-0.355769,51.398655,On or near Spencer Road,E01030327,Elmbridge 002B,Drugs,Unable to prosecute suspect,
8722d5750dc48c0d7546427c5e25826292d3961af8451b7aeed6a043fcb9d0bc,2023-06,Surrey Police,Surrey Police,-0.361033,51.400599,On or near Hidden Close,E01030327,Elmbridge 002B,Drugs,Investigation complete; no suspect identified,
ebe0067d968763df3971bef62494c3bd275b2652d22069ebe062a1f2b52483c2,2023-06,Surrey Police,Surrey Police,-0.354205,51.399370,On or near Parking Area,E01030327,Elmbridge 002B,Other theft,Investigation complete; no suspect identified,
7716c38681d5879759278b469386473b78b1b9164cf3b16d5d3f3ff9003fef60,2023-06,Surrey Police,Surrey Police,-0.353333,51.398827,On or near St Mary'S Road,E01030327,Elmbridge 002B,Public order,Unable to prosecute suspect,
7be91bb48b1b6d2e92558438ab189b17e0ea13476a248eda29963e4f0fb5e8ce,2023-06,Surrey Police,Surrey Police,-0.361033,51.400599,On or near Hidden Close,E01030327,Elmbridge 002B,Shoplifting,Investigation complete; no suspect identified,
7c3cdb373a91c3fc43e49d788be9e78b266ef8057dc76fbac548981aae767141,2023-06,Surrey Police,Surrey Police,-0.356129,51.400656,On or near Walton Road,E01030327,Elmbridge 002B,Vehicle crime,Investigation complete; no suspect identified,
43a3fe77e5e03f1677c16a0d7ebe504feaeb1fc5c2f2d4e98017c9ccb0e5f362,2023-06,Surrey Police,Surrey Police,-0.352829,51.392463,On or near Carleton Avenue,E01030327,Elmbridge 002B,Violence and sexual offences,Action to be taken by another organisation,
f3b68dd76688b96c9917c11acde14c6fa4e7b9f710ff350aca37e36de36458ad,2023-06,Surrey Police,Surrey Police,-0.352829,51.392463,On or near Carleton Avenue,E01030327,Elmbridge 002B,Violence and sexual offences,Unable to prosecute suspect,
0768694c303226dcfacd0b61a492f7aa35ebcc349386307d40f09d3489f29a39,2023-06,Surrey Police,Surrey Police,-0.345286,51.398354,On or near Summer Road,E01030328,Elmbridge 002C,Burglary,Status update unavailable,
4e4cb72d2917113269d1b795a248872566f8e34d99e2d945d0c16c38c4477307,2023-06,Surrey Police,Surrey Police,-0.347905,51.399875,On or near Cedar Road,E01030328,Elmbridge 002C,Drugs,Investigation complete; no suspect identified,
afc9d24f44fd0d5c499035dde456363306f4fae615c3cdb70343a1fb2a5ab3f1,2023-06,Surrey Police,Surrey Police,-0.343596,51.399769,On or near Molember Court,E01030328,Elmbridge 002C,Other theft,Investigation complete; no suspect identified,
ec459cb7d120785020d74308b90d555d5037975fa464ad1a1b94698d56304cc1,2023-06,Surrey Police,Surrey Police,-0.345286,51.398354,On or near Summer Road,E01030328,Elmbridge 002C,Vehicle crime,Investigation complete; no suspect identified,
4259bb83e467452dec66111be841f90438bff6c78052635f5cb5e3663ce5152f,2023-06,Surrey Police,Surrey Police,-0.344784,51.396495,On or near Sports/Recreation Area,E01030328,Elmbridge 002C,Vehicle crime,Investigation complete; no suspect identified,
ac2f933c811b5d2534f8525fbc0407b78998e86b17ec8220aca4260b068c1bfb,2023-06,Surrey Police,Surrey Police,-0.351269,51.395076,On or near Ember Farm Way,E01030328,Elmbridge 002C,Violence and sexual offences,Investigation complete; no suspect identified,
3081790dd263f3e5041710a8c95a6cf48ebbc10029dccb51ed1339040161f593,2023-06,Surrey Police,Surrey Police,-0.348842,51.396597,On or near Riverside Avenue,E01030328,Elmbridge 002C,Violence and sexual offences,Unable to prosecute suspect,
b511036a1d0a7e9547cdcb3a5bc7000865375232674a50086d5caf14bd754aee,2023-06,Surrey Police,Surrey Police,-0.347102,51.397814,On or near Summer Gardens,E01030328,Elmbridge 002C,Violence and sexual offences,Unable to prosecute suspect,
,2023-06,Surrey Police,Surrey Police,-0.355208,51.406695,On or near Hurst Road,E01030329,Elmbridge 002D,Anti-social behaviour,,
7f5f2f512ee077f98f182b9f157cac5ec6420ec8eba085598f2aa89997664841,2023-06,Surrey Police,Surrey Police,-0.357001,51.401981,On or near Park Road,E01030329,Elmbridge 002D,Drugs,Investigation complete; no suspect identified,
73f720f74398950af67c870c076ddf348e02bdf931a28bc1f4bed01f0c9596d9,2023-06,Surrey Police,Surrey Police,-0.350765,51.406687,On or near The Riverside,E01030329,Elmbridge 002D,Vehicle crime,Investigation complete; no suspect identified,
5f8b6e4544980214f89d4cf2be884eba2dd62cd288c3d345ded2b2241444e8b1,2023-06,Surrey Police,Surrey Police,-0.355208,51.406695,On or near Hurst Road,E01030329,Elmbridge 002D,Vehicle crime,Investigation complete; no suspect identified,
866eeb10c8f36ea0f12c9bb7e7ad42c47d68dd9645c3c6ae4c25f62b60d2dd5b,2023-06,Surrey Police,Surrey Police,-0.358423,51.402037,On or near Pemberton Road,E01030329,Elmbridge 002D,Violence and sexual offences,Local resolution,
de4a365879f8ab9d82095e60fc18192baf7938579352313e9d9da1949e6f4dfc,2023-06,Surrey Police,Surrey Police,-0.358423,51.402037,On or near Pemberton Road,E01030329,Elmbridge 002D,Violence and sexual offences,Local resolution,
c7ecb15031a4fee07dc942217d291163a3141bcb6c2c2259624958f83ed7573c,2023-06,Surrey Police,Surrey Police,-0.359203,51.403118,On or near Dennis Road,E01030329,Elmbridge 002D,Violence and sexual offences,Further investigation is not in the public interest,
a69b73f5b86e56dfc417fa61326256c64f666f495ca51c79852fe5b3acf65cbe,2023-06,Surrey Police,Surrey Police,-0.383832,51.397777,On or near The Dene,E01030334,Elmbridge 003A,Burglary,Status update unavailable,
6f03aed4e0f7f5fb585860293f0d208696225ca63b8379efedde14a2e1e77fcb,2023-06,Surrey Police,Surrey Police,-0.373525,51.396574,On or near Island Farm Road,E01030334,Elmbridge 003A,Drugs,Investigation complete; no suspect identified,
c2d80d2f08be8e591b33c5de7f9191692eabe9ff4a8739557ecb819492eff10e,2023-06,Surrey Police,Surrey Police,-0.377366,51.395674,On or near Fleet Close,E01030334,Elmbridge 003A,Drugs,Local resolution,
67770fab4e5712fc03692d3ca59220156e922b01ebb96db3596203f028ca9af3,2023-06,Surrey Police,Surrey Police,-0.377366,51.395674,On or near Fleet Close,E01030334,Elmbridge 003A,Other theft,Unable to prosecute suspect,
b36ebaccc5d06fcc8c9663eacf08f2e65d07b56833e27d5dc28d6bc0ac651e8b,2023-06,Surrey Police,Surrey Police,-0.373525,51.396574,On or near Island Farm Road,E01030334,Elmbridge 003A,Violence and sexual offences,Investigation complete; no suspect identified,
8f48ef9485f7007e7b831a20caf2fd3d7dad20f42cb0bfc260a26088b494a817,2023-06,Surrey Police,Surrey Police,-0.381744,51.395437,On or near Brockenhurst,E01030334,Elmbridge 003A,Violence and sexual offences,Status update unavailable,
e211a4c28ee2963545d880e943bef252ac4c32243252098fbc54d9fee7d2f97c,2023-06,Surrey Police,Surrey Police,-0.373525,51.396574,On or near Island Farm Road,E01030334,Elmbridge 003A,Violence and sexual offences,Investigation complete; no suspect identified,
,2023-06,Surrey Police,Surrey Police,-0.368229,51.397552,On or near Ray Road,E01030335,Elmbridge 003B,Anti-social behaviour,,
,2023-06,Surrey Police,Surrey Police,-0.368657,51.398862,On or near Chandlers Close,E01030335,Elmbridge 003B,Anti-social behaviour,,
,2023-06,Surrey Police,Surrey Police,-0.368229,51.397552,On or near Ray Road,E01030335,Elmbridge 003B,Anti-social behaviour,,
c5f531e1acadb460a3ac198b84255c6d43b6a9368e9b43ab9a8451d463232c67,2023-06,Surrey Police,Surrey Police,-0.363829,51.400404,On or near Avern Road,E01030335,Elmbridge 003B,Burglary,Status update unavailable,
b7edfcc4607abaa19eebdca6380b4449eb0a3e4f114af61ec7dab12770324fac,2023-06,Surrey Police,Surrey Police,-0.364996,51.399917,On or near Glebelands,E01030335,Elmbridge 003B,Drugs,Investigation complete; no suspect identified,
2a96aa19dba6b18a29254a761f783d3beb276ea4d2ad0f1c9466df055fb436f2,2023-06,Surrey Police,Surrey Police,-0.368657,51.398862,On or near Chandlers Close,E01030335,Elmbridge 003B,Other theft,Investigation complete; no suspect identified,
6b952a60e759cc970573a78d2d28d0a8fb6773d00baac9299d12721ed9e29b0d,2023-06,Surrey Police,Surrey Police,-0.368657,51.398862,On or near Chandlers Close,E01030335,Elmbridge 003B,Violence and sexual offences,Unable to prosecute suspect,
68f3634deb5455eecf4bd0b02151f82ee238afafa150dfdf71e300d5631a325a,2023-06,Surrey Police,Surrey Police,-0.364253,51.399007,On or near Green Lane,E01030335,Elmbridge 003B,Violence and sexual offences,Court result unavailable,
0321237acbcd7a5692ffcb32b669d54c01e3fe3b4c1bac05a27023d929caf765,2023-06,Surrey Police,Surrey Police,-0.364253,51.399007,On or near Green Lane,E01030335,Elmbridge 003B,Violence and sexual offences,Unable to prosecute suspect,
797c840a4b74c63399ac6d493203d0007a277229ef709e45116f52e2edf91319,2023-06,Surrey Police,Surrey Police,-0.368229,51.397552,On or near Ray Road,E01030335,Elmbridge 003B,Violence and sexual offences,Offender given a caution,
,2023-06,Surrey Police,Surrey Police,-0.379314,51.399936,On or near Central Square,E01030336,Elmbridge 003C,Anti-social behaviour,,
,2023-06,Surrey Police,Surrey Police,-0.376326,51.401720,On or near Sports/Recreation Area,E01030336,Elmbridge 003C,Anti-social behaviour,,
,2023-06,Surrey Police,Surrey Police,-0.376358,51.400201,On or near First Avenue,E01030336,Elmbridge 003C,Anti-social behaviour,,
,2023-06,Surrey Police,Surrey Police,-0.379314,51.399936,On or near Central Square,E01030336,Elmbridge 003C,Anti-social behaviour,,
,2023-06,Surrey Police,Surrey Police,-0.379314,51.399936,On or near Central Square,E01030336,Elmbridge 003C,Anti-social behaviour,,
,2023-06,Surrey Police,Surrey Police,-0.379314,51.399936,On or near Central Square,E01030336,Elmbridge 003C,Anti-social behaviour,,
,2023-06,Surrey Police,Surrey Police,-0.374490,51.402594,On or near Walton Road,E01030336,Elmbridge 003C,Anti-social behaviour,,
6994687d69f23bf0a995a53220fb0111793ad53c9cbe1fce65753031f07a7230,2023-06,Surrey Police,Surrey Police,-0.379314,51.399936,On or near Central Square,E01030336,Elmbridge 003C,Criminal damage and arson,Unable to prosecute suspect,
a4d531f68ecb3d35a66c8710211f8275dfe1033c5de975e010fb8ec77919ad02,2023-06,Surrey Police,Surrey Police,-0.376043,51.398533,On or near Belvedere Gardens,E01030336,Elmbridge 003C,Drugs,Investigation complete; no suspect identified,
8ec76ddc9b8b72b59ef63ee91f8258d17670a3dbafe041e312700f2890b43d31,2023-06,Surrey Police,Surrey Police,-0.376043,51.398533,On or near Belvedere Gardens,E01030336,Elmbridge 003C,Drugs,Investigation complete; no suspect identified,
fd9df9b44799360de1e230341e403a5547603195934694fdb9238f5b1336c8d4,2023-06,Surrey Police,Surrey Police,-0.379314,51.399936,On or near Central Square,E01030336,Elmbridge 003C,Other theft,Unable to prosecute suspect,
596d6a50bde949ba7a9b95fe7dbd3d119dfcf27491e7e8de57da528b3f44fb7b,2023-06,Surrey Police,Surrey Police,-0.376043,51.398533,On or near Belvedere Gardens,E01030336,Elmbridge 003C,Public order,Unable to prosecute suspect,
8ce3429d8464af8e4d4b4408fabfa6ca249061faa1529b3aa2faee728f493877,2023-06,Surrey Police,Surrey Police,-0.381248,51.400943,On or near Dunstable Road,E01030336,Elmbridge 003C,Public order,Local resolution,
866ec8ae4abeefd78266f53b2131afabb0f23e92f7842d215c738f1335beb344,2023-06,Surrey Police,Surrey Police,-0.376043,51.398533,On or near Belvedere Gardens,E01030336,Elmbridge 003C,Vehicle crime,Investigation complete; no suspect identified,
cf43ea6e381a920e3cba2d4d280f0cad3a115664104dcd41f23667d7923b62a0,2023-06,Surrey Police,Surrey Police,-0.375124,51.397684,On or near St Barnabas' Gardens,E01030336,Elmbridge 003C,Violence and sexual offences,Unable to prosecute suspect,
74ba273e9b21135df585350199ae0edee71fc864cb30d53bb1d2027a9bc3bbe5,2023-06,Surrey Police,Surrey Police,-0.373918,51.401300,On or near Palmers Grove,E01030336,Elmbridge 003C,Violence and sexual offences,Court result unavailable,
db1289948571e56566aa267c87662fefc707bd02a8be491c79fc8f1e7375d0eb,2023-06,Surrey Police,Surrey Police,-0.379314,51.399936,On or near Central Square,E01030336,Elmbridge 003C,Violence and sexual offences,Investigation complete; no suspect identified,
4fd702c0cd149b28ddf8dec46d6a866efdbc187e9e81bdf15238b6a1f282a2e1,2023-06,Surrey Police,Surrey Police,-0.373918,51.401300,On or near Palmers Grove,E01030336,Elmbridge 003C,Violence and sexual offences,Court result unavailable,
888606b5a01b0b0ff777a9a96b50a88e4588c03df230a2b7603f33e481049396,2023-06,Surrey Police,Surrey Police,-0.376043,51.398533,On or near Belvedere Gardens,E01030336,Elmbridge 003C,Violence and sexual offences,Court result unavailable,
d9487ebd3d335858fc952e0016fb18ffceb7d8d3ad07aac595504b300d327997,2023-06,Surrey Police,Surrey Police,-0.375124,51.397684,On or near St Barnabas' Gardens,E01030336,Elmbridge 003C,Violence and sexual offences,Unable to prosecute suspect,
72fe31f29628f540283279c73e21c186b712c93edbaf4bd7411eccc2b0c9da6b,2023-06,Surrey Police,Surrey Police,-0.381248,51.400943,On or near Dunstable Road,E01030336,Elmbridge 003C,Violence and sexual offences,Unable to prosecute suspect,
cfbe58a55179901e26cb5a468d177e903fe61f67762b645e142e0f70b90a76a6,2023-06,Surrey Police,Surrey Police,-0.379314,51.399936,On or near Central Square,E01030336,Elmbridge 003C,Violence and sexual offences,Unable to prosecute suspect,
,2023-06,Surrey Police,Surrey Police,-0.371164,51.402755,On or near St Peters Court,E01030337,Elmbridge 003D,Anti-social behaviour,,
2e62ee40f515f4543321397871fe449ec00d1b56ab439d7d00f8550199ecac41,2023-06,Surrey Police,Surrey Police,-0.369305,51.400840,On or near Anne Way,E01030337,Elmbridge 003D,Criminal damage and arson,Investigation complete; no suspect identified,
7c27a7b85d6c56e2f48cd1d0087fc2d181204d210b64e463e2718854182bf0e4,2023-06,Surrey Police,Surrey Police,-0.372990,51.399902,On or near Odard Road,E01030337,Elmbridge 003D,Criminal damage and arson,Investigation complete; no suspect identified,
a95a5e458be859e6c195ddb5343f6e9d9f74a4d1ab65d1d71e02c31ec4a5303c,2023-06,Surrey Police,Surrey Police,-0.370301,51.400324,On or near High Street,E01030337,Elmbridge 003D,Drugs,Status update unavailable,
f1a79b3b0df12f0e91dc577935df640dfb8ec234fbe5ea865fc9c229bb685490,2023-06,Surrey Police,Surrey Police,-0.371164,51.402755,On or near St Peters Court,E01030337,Elmbridge 003D,Drugs,Investigation complete; no suspect identified,
186f8edaf69b40d5b67dbae00adae42f6acfa54efa489a3848f21bf700fb70a8,2023-06,Surrey Police,Surrey Police,-0.371164,51.402755,On or near St Peters Court,E01030337,Elmbridge 003D,Drugs,Investigation complete; no suspect identified,
e66490a2428f6853e6ba04f7c6d957564d9003d70686e1732fadc8d50038c5c2,2023-06,Surrey Police,Surrey Police,-0.364898,51.401867,On or near Spreighton Road,E01030337,Elmbridge 003D,Other theft,Investigation complete; no suspect identified,
7e1a87c813c8abb9539f5a461a677a95ef79cc22ac3fd9841aa120ca2bf7129a,2023-06,Surrey Police,Surrey Police,-0.365959,51.399121,On or near Beauchamp Road,E01030337,Elmbridge 003D,Other theft,Investigation complete; no suspect identified,
4bb7be4b6d196a8c3f02e225e1d34ec73843336ec68497319dfce964d75d27b6,2023-06,Surrey Police,Surrey Police,-0.373448,51.398740,On or near Down Street,E01030337,Elmbridge 003D,Public order,Unable to prosecute suspect,
4f5c7cdae1df86e2df0cb154dd955b1446b4bc5d75d69ae539971ad4c0243fa6,2023-06,Surrey Police,Surrey Police,-0.369536,51.402435,On or near Cannon Way,E01030337,Elmbridge 003D,Shoplifting,Investigation complete; no suspect identified,
21753c90a26afd8599fbd14f84f14b737da077c295fb1c5fefd9c90245f53bcb,2023-06,Surrey Police,Surrey Police,-0.369305,51.400840,On or near Anne Way,E01030337,Elmbridge 003D,Vehicle crime,Investigation complete; no suspect identified,
dd733768b036adfbe591eae03db5d26f813f923172212418794a42f3cf9f2155,2023-06,Surrey Police,Surrey Police,-0.364898,51.401867,On or near Spreighton Road,E01030337,Elmbridge 003D,Violence and sexual offences,Unable to prosecute suspect,
2cf65f388d02ca0dcbd99d706446e7432fe1f55499960128eeed24ad9ac34bac,2023-06,Surrey Police,Surrey Police,-0.372990,51.399902,On or near Odard Road,E01030337,Elmbridge 003D,Violence and sexual offences,Status update unavailable,
c3b21d1fa679b5adf331ac93b7280fa835a82053dcd6bceca119ff5e056649a0,2023-06,Surrey Police,Surrey Police,-0.366569,51.401387,On or near Grange Close,E01030337,Elmbridge 003D,Violence and sexual offences,Unable to prosecute suspect,
57f236d67a70bb29b2ac655c012c45803409673cce4710da75933f8133e9aea9,2023-06,Surrey Police,Surrey Police,-0.372990,51.399902,On or near Odard Road,E01030337,Elmbridge 003D,Violence and sexual offences,Unable to prosecute suspect,
2b1e44b5d0f092954799a33a0e0a5bcea49b5c1213c696982bdc2f1589082dbb,2023-06,Surrey Police,Surrey Police,-0.366569,51.401387,On or near Grange Close,E01030337,Elmbridge 003D,Violence and sexual offences,Unable to prosecute suspect,
f5315f01dd85a31eacb83faa15473c1c065b1eb23a1b6f802e5bdcac9a859abb,2023-06,Surrey Police,Surrey Police,-0.368273,51.401968,On or near Mole Place,E01030337,Elmbridge 003D,Violence and sexual offences,Investigation complete; no suspect identified,
de107597c89554914a9396649e4c26751b28d85fb24f493e03519c832a3d2d78,2023-06,Surrey Police,Surrey Police,-0.364898,51.401867,On or near Spreighton Road,E01030337,Elmbridge 003D,Violence and sexual offences,Unable to prosecute suspect,
792dfc910678e2501655b4516fac6628fbe8e7a4ba5084289807d15aac224fb7,2023-06,Surrey Police,Surrey Police,-0.410069,51.389845,On or near Grove Crescent,E01030361,Elmbridge 004A,Public order,Unable to prosecute suspect,
9a065eeff5d682c712e2b1a899d1b21c2398b2459b401191de90bd732e42b789,2023-06,Surrey Police,Surrey Police,-0.410069,51.389845,On or near Grove Crescent,E01030361,Elmbridge 004A,Public order,Unable to prosecute suspect,
c518b4205fde8f986aaeb1a65e87324583f700020ca712378f3b8aa3fa532020,2023-06,Surrey Police,Surrey Police,-0.412580,51.395778,On or near Dunsmore Road,E01030361,Elmbridge 004A,Violence and sexual offences,Awaiting court outcome,
fa6498267062dd2b7aa6dac5889de7640060aac866a43771ae8b2759dcaab25c,2023-06,Surrey Police,Surrey Police,-0.412580,51.395778,On or near Dunsmore Road,E01030361,Elmbridge 004A,Violence and sexual offences,Unable to prosecute suspect,
,2023-06,Surrey Police,Surrey Police,-0.409697,51.392691,On or near Terrace Road,E01030361,Elmbridge 004A,Anti-social behaviour,,
,2023-06,Surrey Police,Surrey Police,-0.409697,51.392691,On or near Terrace Road,E01030361,Elmbridge 004A,Anti-social behaviour,,
e9ae651afa64bd4475f78b0e9a06ea3e260ff5ef9d283e33f36b1b314250a40e,2023-06,Surrey Police,Surrey Police,-0.411288,51.397692,On or near Sports/Recreation Area,E01030361,Elmbridge 004A,Burglary,Investigation complete; no suspect identified,
9fd5cf8ad1f7130c8785f2cf9140195d231803de746bf1e957ed9647622d2950,2023-06,Surrey Police,Surrey Police,-0.404032,51.393990,On or near Thorneycroft Close,E01030361,Elmbridge 004A,Criminal damage and arson,Unable to prosecute suspect,
fb8b7c646e20e55de2ae248079cbc38b0491da00d999a71e087a37e77a2e907f,2023-06,Surrey Police,Surrey Police,-0.403926,51.394986,On or near Spicer Close,E01030361,Elmbridge 004A,Drugs,Court result unavailable,
502d1411ce5aa406088df1b6f50ddd9de33031f469f1eedf587d8bd08a3a7b5d,2023-06,Surrey Police,Surrey Police,-0.408607,51.388485,On or near Carlcott Close,E01030361,Elmbridge 004A,Other theft,Investigation complete; no suspect identified,
793d868ee81271926a335bad9b968d06aa6288c156a771aa550687a1b8432380,2023-06,Surrey Police,Surrey Police,-0.402312,51.394254,On or near Vanbrugh Drive,E01030361,Elmbridge 004A,Vehicle crime,Investigation complete; no suspect identified,
057ea4dc10f4a678ab200cfc090e047d33d46017bf6861de3c72bfc009ca925b,2023-06,Surrey Police,Surrey Police,-0.411288,51.397692,On or near Sports/Recreation Area,E01030361,Elmbridge 004A,Violence and sexual offences,Investigation complete; no suspect identified,
289e1e60b01562f78b82a6c9a633867c43ae53b4a9829fdedb1a6e32f371d89f,2023-06,Surrey Police,Surrey Police,-0.405940,51.388305,On or near Crown Close,E01030361,Elmbridge 004A,Violence and sexual offences,Status update unavailable,
1462367bbfd7f73792b94d28a0150dfe03d7f154c676b39d9d5b84ab97d03649,2023-06,Surrey Police,Surrey Police,-0.404032,51.393990,On or near Thorneycroft Close,E01030361,Elmbridge 004A,Violence and sexual offences,Unable to prosecute suspect,
0a047cdc09830055a18b3c3cf2ad9dc0162b021971901965b96959b79c33e97b,2023-06,Surrey Police,Surrey Police,-0.404032,51.393990,On or near Thorneycroft Close,E01030361,Elmbridge 004A,Violence and sexual offences,Unable to prosecute suspect,
b52950dcf56e86ac05484c1e87d94429c440471bfbd4a838267f9c0d6882b345,2023-06,Surrey Police,Surrey Police,-0.405940,51.388305,On or near Crown Close,E01030361,Elmbridge 004A,Other crime,Investigation complete; no suspect identified,
,2023-06,Surrey Police,Surrey Police,-0.381111,51.387722,On or near Netley Drive,E01030362,Elmbridge 004B,Anti-social behaviour,,
,2023-06,Surrey Police,Surrey Police,-0.383075,51.387453,On or near Oakbank Avenue,E01030362,Elmbridge 004B,Anti-social behaviour,,
36c6d36c21093245780f63f107aca3c96ae8c99722276b212c70c4254f390241,2023-06,Surrey Police,Surrey Police,-0.380786,51.388392,On or near Hurtwood Road,E01030362,Elmbridge 004B,Violence and sexual offences,Local resolution,
4b377c07c75014488d332f53c15d0de691e69fa86b9046e8ed6a54a691dfce41,2023-06,Surrey Police,Surrey Police,-0.383029,51.389988,On or near Mellor Close,E01030362,Elmbridge 004B,Violence and sexual offences,Further investigation is not in the public interest,
091eae93b9c73c3efee1a4742c688135a5ee2c26954d7375ff22b5f2efa91fce,2023-06,Surrey Police,Surrey Police,-0.383075,51.387453,On or near Oakbank Avenue,E01030362,Elmbridge 004B,Violence and sexual offences,Unable to prosecute suspect,
1def42245712fc6ae33d367a0de013d7e8cad522be05bf86b02c83e642074b27,2023-06,Surrey Police,Surrey Police,-0.383075,51.387453,On or near Oakbank Avenue,E01030362,Elmbridge 004B,Violence and sexual offences,Unable to prosecute suspect,
65bf73de64c800c352539a7c32d5339448c4f2d86cd0d77852e17979a972913a,2023-06,Surrey Police,Surrey Police,-0.384111,51.388645,On or near Homefield Road,E01030362,Elmbridge 004B,Violence and sexual offences,Unable to prosecute suspect,
,2023-06,Surrey Police,Surrey Police,-0.411900,51.391345,On or near Supermarket,E01030363,Elmbridge 004C,Anti-social behaviour,,
,2023-06,Surrey Police,Surrey Police,-0.413622,51.394336,On or near River Walk,E01030363,Elmbridge 004C,Anti-social behaviour,,
,2023-06,Surrey Police,Surrey Police,-0.411212,51.392531,On or near Cambridge Road,E01030363,Elmbridge 004C,Anti-social behaviour,,
02d76260ed3aa18b5aa9af9e29631fa2d39a34fe9db84a440265d1d8759b6ee2,2023-06,Surrey Police,Surrey Police,-0.413193,51.390121,On or near Lancaster Court,E01030363,Elmbridge 004C,Criminal damage and arson,Unable to prosecute suspect,
1e7bb2dd5212844a2a299231f202b59a5d55d3d9fdd1527f17a209358615fed0,2023-06,Surrey Police,Surrey Police,-0.411900,51.391345,On or near Supermarket,E01030363,Elmbridge 004C,Public order,Further investigation is not in the public interest,
ef3b6bb8d5e584d87948c57a7b53cb5b311b59d5b2afffd7bb1e406d6b2e78d6,2023-06,Surrey Police,Surrey Police,-0.411900,51.391345,On or near Supermarket,E01030363,Elmbridge 004C,Shoplifting,Further investigation is not in the public interest,
cc5db7459516a75983d02e11a59313ea51fe9427e9a89b69662f8fd390bcbb4d,2023-06,Surrey Police,Surrey Police,-0.416766,51.393200,On or near Felix Road,E01030363,Elmbridge 004C,Violence and sexual offences,Unable to prosecute suspect,
4252f2822d627fbcbb1c51c576f574f61ddfd4d4a0132eca25b39d436a5c7505,2023-06,Surrey Police,Surrey Police,-0.411900,51.391345,On or near Supermarket,E01030363,Elmbridge 004C,Other crime,Unable to prosecute suspect,
8b38b9bd04c06512285dd9a1a8d250d20552504396cfd615839db7785e47743a,2023-06,Surrey Police,Surrey Police,-0.404958,51.389695,On or near Pankhurst Road,E01030364,Elmbridge 004D,Criminal damage and arson,Local resolution,
c6a398a5d71f21370cf04ca8465e419c095a3461fc3f2e02e534384c4a112ed6,2023-06,Surrey Police,Surrey Police,-0.405079,51.392826,On or near Vicarage Fields,E01030364,Elmbridge 004D,Criminal damage and arson,Unable to prosecute suspect,
c38c1d503a899acfa603cb618afc604306cfb3bc4fbc8a1209b152cedb0e322f,2023-06,Surrey Police,Surrey Police,-0.404050,51.389772,On or near Paxton Close,E01030364,Elmbridge 004D,Drugs,Status update unavailable,
b7b2ce3e171d11d06788cfafa6bd0a4e251f6f920ac599635361f4313b25d908,2023-06,Surrey Police,Surrey Police,-0.403614,51.390720,On or near Telford Drive,E01030364,Elmbridge 004D,Public order,Unable to prosecute suspect,
f412c8da4a17b22af7637b2f69e798fa45cdc4870601fa0fff2d351f0f2f93ee,2023-06,Surrey Police,Surrey Police,-0.405079,51.392826,On or near Vicarage Fields,E01030364,Elmbridge 004D,Public order,Investigation complete; no suspect identified,
783d7853e49c04ade6755d9704ddcb9e8b495ecd88ec03e4fe082db804dceb75,2023-06,Surrey Police,Surrey Police,-0.403075,51.392169,On or near Viners Close,E01030364,Elmbridge 004D,Vehicle crime,Investigation complete; no suspect identified,
71544acb2ddfcf5fff97e41f67c98f22cfb6c8d7d3da9b4e5c6b5575b973431d,2023-06,Surrey Police,Surrey Police,-0.404050,51.389772,On or near Paxton Close,E01030364,Elmbridge 004D,Violence and sexual offences,Unable to prosecute suspect,
2b55dae908306a61cf9b7b8821a20bb45fdc6c93d57bea1e038a5604c72602e4,2023-06,Surrey Police,Surrey Police,-0.407104,51.391639,On or near Second Avenue,E01030364,Elmbridge 004D,Violence and sexual offences,Investigation complete; no suspect identified,
1929dd942925eaa1f10dc17cda9960a26c4d84eebdc7bbab480c8700c4460e05,2023-06,Surrey Police,Surrey Police,-0.403075,51.392169,On or near Viners Close,E01030364,Elmbridge 004D,Violence and sexual offences,Investigation complete; no suspect identified,
,2023-06,Surrey Police,Surrey Police,-0.331040,51.391642,On or near Boyle Farm Road,E01030350,Elmbridge 005A,Anti-social behaviour,,
031927fbc926ce8aee4fb5cb7c8af1c8be4bf2a1c1c143bd79984e3b989af485,2023-06,Surrey Police,Surrey Police,-0.334043,51.391658,On or near Church Lane,E01030350,Elmbridge 005A,Bicycle theft,Investigation complete; no suspect identified,
d04be5ca82ae11e71466b08313199ef0e04cab30a686cd7a67754f41be334339,2023-06,Surrey Police,Surrey Police,-0.334043,51.391658,On or near Church Lane,E01030350,Elmbridge 005A,Burglary,Investigation complete; no suspect identified,
6528291f270a10429f3449b17ed8d6ad6b2d391dc709a850a68fa1d70f4af42e,2023-06,Surrey Police,Surrey Police,-0.333430,51.394679,On or near Riversdale Road,E01030350,Elmbridge 005A,Burglary,Status update unavailable,
1943d0a6e8d9d5bb12f3d67da29f41e3ce3e7321668c4501871c0ac96e15435b,2023-06,Surrey Police,Surrey Police,-0.332590,51.390909,On or near High Street,E01030350,Elmbridge 005A,Criminal damage and arson,Investigation complete; no suspect identified,
1b9f906cc0882e92e0806ea544b67b2616e3d4eb4c19939bd9ab669ec800af4c,2023-06,Surrey Police,Surrey Police,-0.326583,51.390086,On or near King'S Drive,E01030350,Elmbridge 005A,Drugs,Local resolution,
226eaa5b35c3a2e3f42a549c35156d306dd114524e4bfb3dbd187ca1eb04a92d,2023-06,Surrey Police,Surrey Police,-0.334043,51.391658,On or near Church Lane,E01030350,Elmbridge 005A,Other theft,Investigation complete; no suspect identified,
579bc3fc6b6d048f3e6b8ec24f2fce6bb7088a0117256249d0da7c00eb6be830,2023-06,Surrey Police,Surrey Police,-0.331227,51.392814,On or near Ferry Terminal,E01030350,Elmbridge 005A,Other theft,Investigation complete; no suspect identified,
010455b6b240174926ebf2ca5e558ccd4b11cacf50908b4c60fef495a5b5893b,2023-06,Surrey Police,Surrey Police,-0.331040,51.391642,On or near Boyle Farm Road,E01030350,Elmbridge 005A,Other theft,Investigation complete; no suspect identified,
b85aadd785e107b8d8f1ba45e1f2f5acc8e9d14f30df93902793d5395aef3259,2023-06,Surrey Police,Surrey Police,-0.334685,51.390597,On or near Parking Area,E01030350,Elmbridge 005A,Public order,Unable to prosecute suspect,
8476d8f397b16fbd55bfd6f86f2c948f2eed437748aa322c82c67a05de2e008a,2023-06,Surrey Police,Surrey Police,-0.326074,51.387875,On or near Rythe Bank Close,E01030350,Elmbridge 005A,Vehicle crime,Investigation complete; no suspect identified,
6d6e6f07397be67bdd888586779565d82fb130ffcbdce4d95458d360a9d8b0a9,2023-06,Surrey Police,Surrey Police,-0.331972,51.389713,On or near Ashdown Place,E01030350,Elmbridge 005A,Vehicle crime,Investigation complete; no suspect identified,
a15707a4b9676e7786c3ff7428ab40b401b19b7cfa3036065d7ff4351dc7de49,2023-06,Surrey Police,Surrey Police,-0.334537,51.391125,On or near Ashley Road,E01030350,Elmbridge 005A,Vehicle crime,Investigation complete; no suspect identified,
d0f0e87db83ccd6ba9ea2f86672c68e114ac02e60ecff228d41a2f4edba34fba,2023-06,Surrey Police,Surrey Police,-0.331227,51.392814,On or near Ferry Terminal,E01030350,Elmbridge 005A,Violence and sexual offences,Unable to prosecute suspect,
b2b0b1813334234629c36245b37b06688175a7eb136d2b80513bdece78f3ba09,2023-06,Surrey Police,Surrey Police,-0.327964,51.387300,On or near Rythe Court,E01030350,Elmbridge 005A,Violence and sexual offences,Unable to prosecute suspect,
640611a19af3c505b39abe7d76e31a0b2a27c74d441133d713bb6d48032da40d,2023-06,Surrey Police,Surrey Police,-0.334914,51.395376,On or near Sports/Recreation Area,E01030350,Elmbridge 005A,Violence and sexual offences,Unable to prosecute suspect,
,2023-06,Surrey Police,Surrey Police,-0.340384,51.396370,On or near Warwick Gardens,E01030351,Elmbridge 005B,Anti-social behaviour,,
,2023-06,Surrey Police,Surrey Police,-0.336754,51.396957,On or near Aragon Avenue,E01030351,Elmbridge 005B,Anti-social behaviour,,
,2023-06,Surrey Police,Surrey Police,-0.336754,51.396957,On or near Aragon Avenue,E01030351,Elmbridge 005B,Anti-social behaviour,,
2c43c512887c862e3cf30a7559e6eb8c41302bee9deb6cbad44545f560736653,2023-06,Surrey Police,Surrey Police,-0.337177,51.395200,On or near Summer Road,E01030351,Elmbridge 005B,Other theft,Unable to prosecute suspect,
1fc0820864923357ec048e0f9b26fd81e1a37abddcb390d7891d8fe30a2ebbf4,2023-06,Surrey Police,Surrey Police,-0.340292,51.395325,On or near Warwick Road,E01030351,Elmbridge 005B,Other theft,Unable to prosecute suspect,
cc75ef22e751218a1ff656dd127dbd99773df40b0b25a0c3dc04e77722de8c27,2023-06,Surrey Police,Surrey Police,-0.337177,51.395200,On or near Summer Road,E01030351,Elmbridge 005B,Violence and sexual offences,Unable to prosecute suspect,
735f45d547d068d5e1903ca21154f6a2acaa37211ce029186fd96b3dff4050e3,2023-06,Surrey Police,Surrey Police,-0.337177,51.395200,On or near Summer Road,E01030351,Elmbridge 005B,Violence and sexual offences,Unable to prosecute suspect,
,2023-06,Surrey Police,Surrey Police,-0.333336,51.388167,On or near Watts Road,E01030352,Elmbridge 005C,Anti-social behaviour,,
e409b4f26273cb36e92eef7e5f7d3c3d9a8d651e6816808d39b25e0b105d8383,2023-06,Surrey Police,Surrey Police,-0.342994,51.388970,On or near College Drive,E01030352,Elmbridge 005C,Criminal damage and arson,Formal action is not in the public interest,
0fb8eff1cc99a0bca6b1d81a08f0184bc1372e558e2b6c621fde669342cce965,2023-06,Surrey Police,Surrey Police,-0.332885,51.387927,On or near Ditton Close,E01030352,Elmbridge 005C,Other theft,Investigation complete; no suspect identified,
0fa3649cd83c958cb4e8848c875eb9af37a7facdf3c27d52a62df5d74c290913,2023-06,Surrey Police,Surrey Police,-0.342994,51.388970,On or near College Drive,E01030352,Elmbridge 005C,Public order,Unable to prosecute suspect,
cf983ecdc297a6befdccbfae4c88d12efa13a7559d887b96e0b646f2f612da58,2023-06,Surrey Police,Surrey Police,-0.339583,51.385531,On or near Longmead Road,E01030352,Elmbridge 005C,Vehicle crime,Investigation complete; no suspect identified,
03d9010a06485141db136025f4f5783f1e61aa8e79171dcf34a40c517e74d71f,2023-06,Surrey Police,Surrey Police,-0.342994,51.388970,On or near College Drive,E01030352,Elmbridge 005C,Violence and sexual offences,Unable to prosecute suspect,
641696215b0031e31d070d7f06bf385b904af1d7bbc67629daa79c9533670164,2023-06,Surrey Police,Surrey Police,-0.339583,51.385531,On or near Longmead Road,E01030352,Elmbridge 005C,Violence and sexual offences,Unable to prosecute suspect,
456c67404325c45fd8130dbfa4e20f1a1678ba2b6a9db6ee87dc90dc5a412f2f,2023-06,Surrey Police,Surrey Police,-0.332885,51.387927,On or near Ditton Close,E01030352,Elmbridge 005C,Violence and sexual offences,Unable to prosecute suspect,
b3189e2e715c70280045cda3f8319e94d26f405e1dea7762c4a146a549b11237,2023-06,Surrey Police,Surrey Police,-0.334358,51.383776,On or near Atwell Place,E01030353,Elmbridge 005D,Other theft,Unable to prosecute suspect,
,2023-06,Surrey Police,Surrey Police,-0.323495,51.390824,On or near Ditton Reach,E01030322,Elmbridge 006A,Anti-social behaviour,,
,2023-06,Surrey Police,Surrey Police,-0.325405,51.390069,On or near Ferry Road,E01030322,Elmbridge 006A,Anti-social behaviour,,
,2023-06,Surrey Police,Surrey Police,-0.325405,51.390069,On or near Ferry Road,E01030322,Elmbridge 006A,Anti-social behaviour,,
497f11fdced24e60ca21ba6d9db04fab2f15058be8a56dd6716d63685fd7d594,2023-06,Surrey Police,Surrey Police,-0.322037,51.389409,On or near Alston Close,E01030322,Elmbridge 006A,Bicycle theft,Investigation complete; no suspect identified,
f3290026212ce46183a06fa9ca055ee066af244d504a5f9eafc2838390625975,2023-06,Surrey Police,Surrey Police,-0.317889,51.390447,On or near Prospect Road,E01030322,Elmbridge 006A,Burglary,Status update unavailable,
49e862df013f868dc64fc9e73a36cd6d01fa03e16a78e09a7d1846c71615f8b4,2023-06,Surrey Police,Surrey Police,-0.316959,51.391899,On or near Simpson Way,E01030322,Elmbridge 006A,Criminal damage and arson,Investigation complete; no suspect identified,
75b1db03b31018890b8cd42a89b8fff9cf92678e9e29431862bcd9e1a0b534ac,2023-06,Surrey Police,Surrey Police,-0.324146,51.390311,On or near Petrol Station,E01030322,Elmbridge 006A,Criminal damage and arson,Local resolution,
254a42c7ccbb342a1972dba59ab9264bca77855d8f4e28292caedd8d44daad15,2023-06,Surrey Police,Surrey Police,-0.324146,51.390311,On or near Petrol Station,E01030322,Elmbridge 006A,Other theft,Investigation complete; no suspect identified,
6775140c418e23e94d038f455408ddbb5cbe69fc1305caa75c0c377df14c1efb,2023-06,Surrey Police,Surrey Police,-0.321360,51.390236,On or near Houston Road,E01030322,Elmbridge 006A,Public order,Unable to prosecute suspect,
3bff31315645ecb3757e4a3364669f85d4a5fe7af182634b60c638aba31d4f24,2023-06,Surrey Police,Surrey Police,-0.324465,51.389057,On or near Parking Area,E01030322,Elmbridge 006A,Vehicle crime,Investigation complete; no suspect identified,
e72d0ddbe1d5a1ea8134d111724fd0b78a939f5a4713f644b8668746a8b001a1,2023-06,Surrey Police,Surrey Police,-0.317326,51.391671,On or near Clearwater Place,E01030322,Elmbridge 006A,Violence and sexual offences,Unable to prosecute suspect,
a3367795f8fab9d247f465fcd00f249bacd577c2a2bd7483ff98b2c8cc4efbef,2023-06,Surrey Police,Surrey Police,-0.325405,51.390069,On or near Ferry Road,E01030322,Elmbridge 006A,Violence and sexual offences,Status update unavailable,
46ec33c3e1cd5b1de4f3b9547e996ab2a6fdfc879af72b7411f7cd6a09610bd1,2023-06,Surrey Police,Surrey Police,-0.321360,51.390236,On or near Houston Road,E01030322,Elmbridge 006A,Violence and sexual offences,Unable to prosecute suspect,
99de515326e12e92102acd33582993089c96471ca105085813d41776abc3e9da,2023-06,Surrey Police,Surrey Police,-0.321360,51.390236,On or near Houston Road,E01030322,Elmbridge 006A,Violence and sexual offences,Unable to prosecute suspect,
28a47ba18093de0fbdbaf82ccf6e5a2f2e1d4424c84f4115789bdbf600d4152f,2023-06,Surrey Police,Surrey Police,-0.321360,51.390236,On or near Houston Road,E01030322,Elmbridge 006A,Violence and sexual offences,Unable to prosecute suspect,
f600a0e886c0d3351b5e3dba0604df065a420316f30c5d21ccd693f543d0cb68,2023-06,Surrey Police,Surrey Police,-0.319509,51.387026,On or near Effingham Road,E01030323,Elmbridge 006B,Bicycle theft,Investigation complete; no suspect identified,
e1dda95bcb8a181569115035659e53fc12a51c90f6eb2e423d0abda8a1258e96,2023-06,Surrey Police,Surrey Police,-0.319509,51.387026,On or near Effingham Road,E01030323,Elmbridge 006B,Burglary,Status update unavailable,
6133d50de3d1d77def0afb293a784d7566de7cac77a3b410c342db5a8b5a8546,2023-06,Surrey Police,Surrey Police,-0.317432,51.385647,On or near Fleece Road,E01030323,Elmbridge 006B,Criminal damage and arson,Investigation complete; no suspect identified,
eb81bb0beb41cd241c347c605b14e126e1b9f90e94c14ba0f3b9db7ef74f9f67,2023-06,Surrey Police,Surrey Police,-0.310663,51.382133,On or near Ditton Grange Close,E01030323,Elmbridge 006B,Other theft,Unable to prosecute suspect,
0b6543863ae34299572ac7d87e767f1213b76c0d19e660f83a853198daded115,2023-06,Surrey Police,Surrey Police,-0.317432,51.385647,On or near Fleece Road,E01030323,Elmbridge 006B,Violence and sexual offences,Unable to prosecute suspect,
,2023-06,Surrey Police,Surrey Police,-0.321083,51.384054,On or near Sugden Road,E01030324,Elmbridge 006C,Anti-social behaviour,,
a6cdac2286e2e7bc48ad42d88b2fbd5c540df34e1adf03b18dc1b79f6524910e,2023-06,Surrey Police,Surrey Police,-0.316447,51.383915,On or near King'S Road,E01030324,Elmbridge 006C,Burglary,Status update unavailable,
9e910e78ec22d33d7a025392ae1cea93c9e5cc67fb7a8d25ae4610ce213e831f,2023-06,Surrey Police,Surrey Police,-0.316447,51.383915,On or near King'S Road,E01030324,Elmbridge 006C,Burglary,Status update unavailable,
a88380733aeb3ea41d8ab1b715aad4722aa363c4cecb4fbddfc6955dc1c862b2,2023-06,Surrey Police,Surrey Police,-0.314561,51.382836,On or near Highfield Close,E01030324,Elmbridge 006C,Burglary,Status update unavailable,
5c4d6af32f66cf3b1bf02c8efae28b5dd6f7f9dd850b74e80ed7807f973fc5ac,2023-06,Surrey Police,Surrey Police,-0.321083,51.384054,On or near Sugden Road,E01030324,Elmbridge 006C,Criminal damage and arson,Investigation complete; no suspect identified,
142fdf769b158b47a9e31dd313ae44a825b55db6e202734c317344464a4656a6,2023-06,Surrey Police,Surrey Police,-0.316447,51.383915,On or near King'S Road,E01030324,Elmbridge 006C,Other theft,Investigation complete; no suspect identified,
0165a4d1910d58e1ff2a15c094280a7e9fc697fc52fb46ef282ef17b3e7bd158,2023-06,Surrey Police,Surrey Police,-0.321083,51.384054,On or near Sugden Road,E01030324,Elmbridge 006C,Violence and sexual offences,Unable to prosecute suspect,
69918e5b06229bdd8aacea00e3440dc48ebb2b79084a812a2139d337c0113699,2023-06,Surrey Police,Surrey Police,-0.331941,51.381862,On or near Manordene Close,E01030325,Elmbridge 006D,Public order,Court result unavailable,
,2023-06,Surrey Police,Surrey Police,-0.331941,51.381862,On or near Manordene Close,E01030325,Elmbridge 006D,Anti-social behaviour,,
3241b75b485bd51004209d879c26f3171a98c73292a2b1640834842757605ce5,2023-06,Surrey Police,Surrey Police,-0.325503,51.381078,On or near Bankside Drive,E01030325,Elmbridge 006D,Criminal damage and arson,Investigation complete; no suspect identified,
b931193e38024119d57c755743baf65fcee2c02837e6f5705462b4bb007ad65a,2023-06,Surrey Police,Surrey Police,-0.331941,51.381862,On or near Manordene Close,E01030325,Elmbridge 006D,Public order,Local resolution,
13e37ad37ac7f3c06e5f85b4c53f08e8412d645f8fb9b745797bccf9d29a0c7b,2023-06,Surrey Police,Surrey Police,-0.317972,51.379549,On or near Woodstock Lane North,E01030325,Elmbridge 006D,Violence and sexual offences,Unable to prosecute suspect,
e2f6571b901429d53f6ad8eb0abb0211aac39e683db8d29cb118983c63a37a9d,2023-06,Surrey Police,Surrey Police,-0.317972,51.379549,On or near Woodstock Lane North,E01030325,Elmbridge 006D,Violence and sexual offences,Action to be taken by another organisation,
,2023-06,Surrey Police,Surrey Police,-0.420561,51.387343,On or near Mayo Road,E01030357,Elmbridge 007A,Anti-social behaviour,,
,2023-06,Surrey Police,Surrey Police,-0.421907,51.389160,On or near Berkeley Gardens,E01030357,Elmbridge 007A,Anti-social behaviour,,
fffc896a11a01d7dec9c5fe9731cf2d0b62d6e669b1b70a084977ea73e6ccb35,2023-06,Surrey Police,Surrey Police,-0.423996,51.390690,On or near Felix Lane,E01030357,Elmbridge 007A,Criminal damage and arson,Investigation complete; no suspect identified,
5b24bc700830d01ed0539f468bdc60fafdaada57985107614f3666b42eae8efc,2023-06,Surrey Police,Surrey Police,-0.423996,51.390690,On or near Felix Lane,E01030357,Elmbridge 007A,Drugs,Local resolution,
37859ebb707ec4e5596babd29a9c7c3f7826ff91de2b8993f9cafa9ec9ea4fae,2023-06,Surrey Police,Surrey Police,-0.421558,51.390126,On or near Theatre/Concert Hall,E01030357,Elmbridge 007A,Other theft,Investigation complete; no suspect identified,
5f45f3daa463bf05b2ab3592dda2f8b82d99c7fd489d799f3b00f6acb676f7b5,2023-06,Surrey Police,Surrey Police,-0.421907,51.389160,On or near Berkeley Gardens,E01030357,Elmbridge 007A,Other theft,Investigation complete; no suspect identified,
0b6da2f6795c604b6d70da581cc4edb03d0aa98b44c03b363d072278149417e4,2023-06,Surrey Police,Surrey Police,-0.423996,51.390690,On or near Felix Lane,E01030357,Elmbridge 007A,Other theft,Investigation complete; no suspect identified,
8f21aec5b9b63b79998175d7b599f44be049ffbec59d7041804176a4f1c1fc98,2023-06,Surrey Police,Surrey Police,-0.418460,51.389500,On or near Bishops Hill,E01030357,Elmbridge 007A,Other theft,Unable to prosecute suspect,
42c1523c9a88d0ceeb735f40fd8c91809d51f988386e7f227eb8467c8bf6897b,2023-06,Surrey Police,Surrey Police,-0.426038,51.389827,On or near The Crescent,E01030357,Elmbridge 007A,Public order,Investigation complete; no suspect identified,
dd3326d9006d1632c1be4496f608239b87cf5a541a6512c59c1e5c14f945029d,2023-06,Surrey Police,Surrey Police,-0.422275,51.387672,On or near Thames Street,E01030357,Elmbridge 007A,Public order,Local resolution,
01e923e0760d2207bd71956e72afb5c4025715300b3d5b8732246452498eb810,2023-06,Surrey Police,Surrey Police,-0.420891,51.386520,On or near Shopping Area,E01030357,Elmbridge 007A,Shoplifting,Investigation complete; no suspect identified,
7aedb4532cb2170b22ab39e01f8092cb2350c0189a2c0ba3d8bdfe565ea01c3d,2023-06,Surrey Police,Surrey Police,-0.420891,51.386520,On or near Shopping Area,E01030357,Elmbridge 007A,Shoplifting,Investigation complete; no suspect identified,
32c0b65787597e29071ea5126a77aa88ad7cb8639b2bb7582aaf7d973a12014f,2023-06,Surrey Police,Surrey Police,-0.423996,51.390690,On or near Felix Lane,E01030357,Elmbridge 007A,Vehicle crime,Investigation complete; no suspect identified,
f8c444f14834bd49d6b0230e410a05db79cf8c6693a7b6493ade31cf137c8c58,2023-06,Surrey Police,Surrey Police,-0.423996,51.390690,On or near Felix Lane,E01030357,Elmbridge 007A,Vehicle crime,Investigation complete; no suspect identified,
253a89c7959b7a26b13932aeb1db22634b414122a23f1ddc1902b29e0e9e8381,2023-06,Surrey Police,Surrey Police,-0.423996,51.390690,On or near Felix Lane,E01030357,Elmbridge 007A,Vehicle crime,Investigation complete; no suspect identified,
a52f9f478422b7f525874caaac41af3e129044fc2d13811869ce3855c11fa057,2023-06,Surrey Police,Surrey Police,-0.423996,51.390690,On or near Felix Lane,E01030357,Elmbridge 007A,Vehicle crime,Investigation complete; no suspect identified,
c8c09b8c464191e8aea11c1774a88df3565c0380fc5f21141d74929915376b1c,2023-06,Surrey Police,Surrey Police,-0.423996,51.390690,On or near Felix Lane,E01030357,Elmbridge 007A,Vehicle crime,Investigation complete; no suspect identified,
42eb376031a46fed9fc38320f71f2f891d087525349bcb6048486aa0703c441d,2023-06,Surrey Police,Surrey Police,-0.422275,51.387672,On or near Thames Street,E01030357,Elmbridge 007A,Violence and sexual offences,Unable to prosecute suspect,
189c83803d96b95d68ea2b7dffa44cb97faba0aaba1a1d2556208cbca377097c,2023-06,Surrey Police,Surrey Police,-0.424019,51.386670,On or near Bridge Street,E01030357,Elmbridge 007A,Violence and sexual offences,Unable to prosecute suspect,
90625eb442016b847e751bf06fdfd37db8095492c7e128e0f3ab4940fe4a1bf3,2023-06,Surrey Police,Surrey Police,-0.421907,51.389160,On or near Berkeley Gardens,E01030357,Elmbridge 007A,Violence and sexual offences,Further action is not in the public interest,
0799bd2cbae7cb11cd01dcc3a2af8809c110bc1777d2b2d50945429e6e4ca169,2023-06,Surrey Police,Surrey Police,-0.426038,51.389827,On or near The Crescent,E01030357,Elmbridge 007A,Violence and sexual offences,Investigation complete; no suspect identified,
d56ff67615bef6a98f490ded4971d467dabe3b09f19fb070c54817f09ebd359f,2023-06,Surrey Police,Surrey Police,-0.422275,51.387672,On or near Thames Street,E01030357,Elmbridge 007A,Violence and sexual offences,Local resolution,
e5cac91b69a260300c994987aae4e69641764a34ff78cf28d83720cc810d5705,2023-06,Surrey Police,Surrey Police,-0.426038,51.389827,On or near The Crescent,E01030357,Elmbridge 007A,Violence and sexual offences,Court result unavailable,
,2023-06,Surrey Police,Surrey Police,-0.410494,51.387954,On or near Egmont Road,E01030358,Elmbridge 007B,Anti-social behaviour,,
,2023-06,Surrey Police,Surrey Police,-0.411519,51.387815,On or near Willowhayne Drive,E01030358,Elmbridge 007B,Anti-social behaviour,,
,2023-06,Surrey Police,Surrey Police,-0.416718,51.386275,On or near Churchfield Road,E01030358,Elmbridge 007B,Anti-social behaviour,,
67ef2358b40304a49836523735c659595244509d1cd8f5815ed7b85f32b0bc21,2023-06,Surrey Police,Surrey Police,-0.411519,51.387815,On or near Willowhayne Drive,E01030358,Elmbridge 007B,Bicycle theft,Investigation complete; no suspect identified,
10b8bd2b2409b38ecf0f5f8a22b78197e412d8f96f5be96d7eeb5a760a4a3ef3,2023-06,Surrey Police,Surrey Police,-0.410494,51.387954,On or near Egmont Road,E01030358,Elmbridge 007B,Criminal damage and arson,Investigation complete; no suspect identified,
c425cd9a28812420fb6bd8ad2acf4be87aebe8c70c1d10be3261b6a655339089,2023-06,Surrey Police,Surrey Police,-0.416718,51.386275,On or near Churchfield Road,E01030358,Elmbridge 007B,Criminal damage and arson,Court result unavailable,
35ff0212060277407ab3d6134345ce77b8eb93336bdb8f64936c88a5735f5f1a,2023-06,Surrey Police,Surrey Police,-0.415384,51.389530,On or near A3050,E01030358,Elmbridge 007B,Violence and sexual offences,Unable to prosecute suspect,
2316da2c6121a5cf3eb7f4ece7b40f806131763f0046228636d4e25673511217,2023-06,Surrey Police,Surrey Police,-0.410494,51.387954,On or near Egmont Road,E01030358,Elmbridge 007B,Violence and sexual offences,Unable to prosecute suspect,
27f3a3433751978c23591c292401d60f67752dc966af1527a0f910a4befd8b68,2023-06,Surrey Police,Surrey Police,-0.416718,51.386275,On or near Churchfield Road,E01030358,Elmbridge 007B,Violence and sexual offences,Unable to prosecute suspect,
,2023-06,Surrey Police,Surrey Police,-0.423804,51.381801,On or near Sports/Recreation Area,E01030360,Elmbridge 007D,Anti-social behaviour,,
9ea8cf19b73c96bc509abe9d9520446c75a15e918b4c627734a92cc60e490225,2023-06,Surrey Police,Surrey Police,-0.424696,51.385807,On or near Theatre/Concert Hall,E01030360,Elmbridge 007D,Burglary,Status update unavailable,
4701a4524a103296913ebf75b5ade4dcc3ac3534c53544ea8eb0e84ec2c9b238,2023-06,Surrey Police,Surrey Police,-0.422119,51.385089,On or near Parking Area,E01030360,Elmbridge 007D,Criminal damage and arson,Investigation complete; no suspect identified,
11d767f2d1ea778dd46b4a77fcd7b751dcf2a1f54fc67a67808ca9c9bcc47086,2023-06,Surrey Police,Surrey Police,-0.424246,51.384255,On or near Sandy Way,E01030360,Elmbridge 007D,Criminal damage and arson,Investigation complete; no suspect identified,
0ded6113410452d4e42877d8f41fbbb58f01b112c1495786b2e39afa74c01839,2023-06,Surrey Police,Surrey Police,-0.425791,51.386964,On or near Mount Felix,E01030360,Elmbridge 007D,Drugs,Local resolution,
9175744950dc1e3c46398e6206d41b29e591f6d5780085a4e17f974d2bd7cc11,2023-06,Surrey Police,Surrey Police,-0.422119,51.385089,On or near Parking Area,E01030360,Elmbridge 007D,Shoplifting,Investigation complete; no suspect identified,
2e3f048a415468d6341d3771af1df297452fec8cb1d4b08c578a0c876bb8e47a,2023-06,Surrey Police,Surrey Police,-0.426858,51.386861,On or near Ridgeway,E01030360,Elmbridge 007D,Violence and sexual offences,Unable to prosecute suspect,
b682df993c01a73d67c930d73ff0c08fc639433c77bfab6c3b1ae26d497ae1e8,2023-06,Surrey Police,Surrey Police,-0.416762,51.381663,On or near Red House Lane,E01030360,Elmbridge 007D,Violence and sexual offences,Status update unavailable,
90bbffce505499ff21361e715d7de1701c73c7c98330e619e3a8d51d2653f1a4,2023-06,Surrey Police,Surrey Police,-0.422119,51.385089,On or near Parking Area,E01030360,Elmbridge 007D,Violence and sexual offences,Investigation complete; no suspect identified,
d1a481ed388634a0b60710141eaf0fb24a72dbdf965aa53a76e2fde8b08d4ea7,2023-06,Surrey Police,Surrey Police,-0.422396,51.384553,On or near New Zealand Avenue,E01030360,Elmbridge 007D,Other crime,Unable to prosecute suspect,
,2023-06,Surrey Police,Surrey Police,-0.418777,51.386995,On or near Church Street,E01034285,Elmbridge 007E,Anti-social behaviour,,
,2023-06,Surrey Police,Surrey Police,-0.418777,51.386995,On or near Church Street,E01034285,Elmbridge 007E,Anti-social behaviour,,
,2023-06,Surrey Police,Surrey Police,-0.418777,51.386995,On or near Church Street,E01034285,Elmbridge 007E,Anti-social behaviour,,
,2023-06,Surrey Police,Surrey Police,-0.419013,51.387655,On or near Parking Area,E01034285,Elmbridge 007E,Anti-social behaviour,,
,2023-06,Surrey Police,Surrey Police,-0.418777,51.386995,On or near Church Street,E01034285,Elmbridge 007E,Anti-social behaviour,,
,2023-06,Surrey Police,Surrey Police,-0.420394,51.385093,On or near Shopping Area,E01034285,Elmbridge 007E,Anti-social behaviour,,
10530d715ab04cc7e7d424e0150f1abe4cb6b19e27aa11925904367ee6fa277a,2023-06,Surrey Police,Surrey Police,-0.420394,51.385093,On or near Shopping Area,E01034285,Elmbridge 007E,Bicycle theft,Investigation complete; no suspect identified,
0d6a2df5bccd58c066c1e535bf4134e0059670daef07b8da7c0eeb86340f13ec,2023-06,Surrey Police,Surrey Police,-0.420394,51.385093,On or near Shopping Area,E01034285,Elmbridge 007E,Criminal damage and arson,Investigation complete; no suspect identified,
b55ba95b243c6b1fc37e3a0d11195b5a1a348d3b7f76b73e516c789fa5ed3644,2023-06,Surrey Police,Surrey Police,-0.420394,51.385093,On or near Shopping Area,E01034285,Elmbridge 007E,Criminal damage and arson,Investigation complete; no suspect identified,
40b78c6444b9ea15f7e0f1990d1c194182a085518a43e22dc81b7b3082313a04,2023-06,Surrey Police,Surrey Police,-0.420394,51.385093,On or near Shopping Area,E01034285,Elmbridge 007E,Criminal damage and arson,Unable to prosecute suspect,
b6cd0f64649974634f729b220ada4a106388a180dabb7e40e7c771be81cad046,2023-06,Surrey Police,Surrey Police,-0.420394,51.385093,On or near Shopping Area,E01034285,Elmbridge 007E,Criminal damage and arson,Investigation complete; no suspect identified,
6a0855dffb469a109ac5d8612befbaa4b971bbc1910298596637dfd9745316f4,2023-06,Surrey Police,Surrey Police,-0.421155,51.386362,On or near Parking Area,E01034285,Elmbridge 007E,Other theft,Status update unavailable,
a678f416645081658e39d8ef0229b48f5ce1ac6d1b79e33e5640e0d063296690,2023-06,Surrey Police,Surrey Police,-0.420394,51.385093,On or near Shopping Area,E01034285,Elmbridge 007E,Other theft,Status update unavailable,
d49862f87cda8e40a5acb3be5ee18f5ca3e4580eed014b1d1587c0d3367bef90,2023-06,Surrey Police,Surrey Police,-0.420394,51.385093,On or near Shopping Area,E01034285,Elmbridge 007E,Other theft,Investigation complete; no suspect identified,
4e1d2177915d2752024c768d651ebe52d18c0568b1da4b88b17f5905656b84f1,2023-06,Surrey Police,Surrey Police,-0.418777,51.386995,On or near Church Street,E01034285,Elmbridge 007E,Possession of weapons,Further investigation is not in the public interest,
261c1787ce240b3e5a7073f996b2478ea1c3ab0aaccfb9461d8d11c0f1ad5666,2023-06,Surrey Police,Surrey Police,-0.418777,51.386995,On or near Church Street,E01034285,Elmbridge 007E,Public order,Investigation complete; no suspect identified,
a41b07d30d87044f19beb832fbff66bf7eff28be8fa9fee41a708b3088b17df8,2023-06,Surrey Police,Surrey Police,-0.420394,51.385093,On or near Shopping Area,E01034285,Elmbridge 007E,Shoplifting,Investigation complete; no suspect identified,
88dc18b2b6a22e55a1a11df1b606005be1c9a36fadda4d4138e1763ab454e681,2023-06,Surrey Police,Surrey Police,-0.418777,51.386995,On or near Church Street,E01034285,Elmbridge 007E,Shoplifting,Investigation complete; no suspect identified,
d62c437b98cc8c53df3827594f2d14eb2bd86358abedd90f52b45f1401193093,2023-06,Surrey Police,Surrey Police,-0.418777,51.386995,On or near Church Street,E01034285,Elmbridge 007E,Vehicle crime,Investigation complete; no suspect identified,
c58ba5c9255dc5c10637a4e8524c8e13348b303c9e280872c63a8d1902f10493,2023-06,Surrey Police,Surrey Police,-0.418777,51.386995,On or near Church Street,E01034285,Elmbridge 007E,Vehicle crime,Status update unavailable,
b595bb47573e16871f938f0d6984fae0cf55181916d4bda2426e5c2ac28b90d1,2023-06,Surrey Police,Surrey Police,-0.418777,51.386995,On or near Church Street,E01034285,Elmbridge 007E,Vehicle crime,Investigation complete; no suspect identified,
c252b81232055bd26c89075845dc48cc3c378f92afe079ffa89f1bece7a75c4a,2023-06,Surrey Police,Surrey Police,-0.418777,51.386995,On or near Church Street,E01034285,Elmbridge 007E,Violence and sexual offences,Unable to prosecute suspect,
7bd7821cee71f22531180bd0d4d3eda748ae93009b9c2d764c2403f02b1f5633,2023-06,Surrey Police,Surrey Police,-0.420394,51.385093,On or near Shopping Area,E01034285,Elmbridge 007E,Violence and sexual offences,Unable to prosecute suspect,
cdd9a8565dab2c17a1b3d8f456316f8a76931eb89c9dc688611ed334b113a244,2023-06,Surrey Police,Surrey Police,-0.421155,51.386362,On or near Parking Area,E01034285,Elmbridge 007E,Violence and sexual offences,Unable to prosecute suspect,
325c58997db0882209b0a081671a3ba2e60d35a28d1216590db7d04c80edbaa7,2023-06,Surrey Police,Surrey Police,-0.421155,51.386362,On or near Parking Area,E01034285,Elmbridge 007E,Violence and sexual offences,Unable to prosecute suspect,
03567603bf85fcfa92e94576456f5d1bd154ba86a54de29e47204348009f91db,2023-06,Surrey Police,Surrey Police,-0.418777,51.386995,On or near Church Street,E01034285,Elmbridge 007E,Violence and sexual offences,Status update unavailable,
,2023-06,Surrey Police,Surrey Police,-0.410336,51.384211,On or near Kings Close,E01034286,Elmbridge 007F,Anti-social behaviour,,
,2023-06,Surrey Police,Surrey Police,-0.418179,51.384748,On or near High Street,E01034286,Elmbridge 007F,Anti-social behaviour,,
,2023-06,Surrey Police,Surrey Police,-0.410336,51.384211,On or near Kings Close,E01034286,Elmbridge 007F,Anti-social behaviour,,
,2023-06,Surrey Police,Surrey Police,-0.417589,51.385181,On or near Church Walk,E01034286,Elmbridge 007F,Anti-social behaviour,,
,2023-06,Surrey Police,Surrey Police,-0.417589,51.385181,On or near Church Walk,E01034286,Elmbridge 007F,Anti-social behaviour,,
f85f3d962ba849a0cf55e480e4fce793adcf08bc7aacf7a99d095de91eb4a791,2023-06,Surrey Police,Surrey Police,-0.417911,51.382928,On or near Woodside,E01034286,Elmbridge 007F,Bicycle theft,Investigation complete; no suspect identified,
ca5104d2feb52697f6fc97567bee12d1eb09701593b59dcdd017458ec128c2f6,2023-06,Surrey Police,Surrey Police,-0.411105,51.385246,On or near Nelson Close,E01034286,Elmbridge 007F,Criminal damage and arson,Unable to prosecute suspect,
c695f204477484f9b0ef2b0b1be1aec9f1ddfc38220b2d925ac7a33b0d759faf,2023-06,Surrey Police,Surrey Police,-0.411105,51.385246,On or near Nelson Close,E01034286,Elmbridge 007F,Criminal damage and arson,Unable to prosecute suspect,
7805a682dbab3353f06d63b674aafcc3927969fdc060b18930aca47c728ff2bc,2023-06,Surrey Police,Surrey Police,-0.416753,51.384414,On or near Colby Road,E01034286,Elmbridge 007F,Other theft,Investigation complete; no suspect identified,
0cb206d0cd4261d9e77899cc0fb8218626e581b69a10ba9eae08086f5d138856,2023-06,Surrey Police,Surrey Police,-0.417589,51.385181,On or near Church Walk,E01034286,Elmbridge 007F,Other theft,Investigation complete; no suspect identified,
a46e8a7b15b8b7e1a8ce1a9ca81533fb4145e175039b6f4a8913da94e26f49ed,2023-06,Surrey Police,Surrey Police,-0.410336,51.384211,On or near Kings Close,E01034286,Elmbridge 007F,Public order,Status update unavailable,
e4a364596bdc0b1c5a51b3647f58ce504985c656fb4c4d7848e51cfd6b6684e2,2023-06,Surrey Police,Surrey Police,-0.417589,51.385181,On or near Church Walk,E01034286,Elmbridge 007F,Shoplifting,Investigation complete; no suspect identified,
de57e8ca99eb987da0aaed64b68729c434d7803dd6534fe69f5894f6bcdb5b58,2023-06,Surrey Police,Surrey Police,-0.417589,51.385181,On or near Church Walk,E01034286,Elmbridge 007F,Shoplifting,Investigation complete; no suspect identified,
a7b5e078541cae515c3e3c4d61e519a9f090d84e2e1c81b965055f937dd7a41b,2023-06,Surrey Police,Surrey Police,-0.417589,51.385181,On or near Church Walk,E01034286,Elmbridge 007F,Shoplifting,Investigation complete; no suspect identified,
7fb02d8468ad10c7fe96670126f4901333e5ece9a50281bb6fb2756652918312,2023-06,Surrey Police,Surrey Police,-0.410336,51.384211,On or near Kings Close,E01034286,Elmbridge 007F,Violence and sexual offences,Unable to prosecute suspect,
d144be8061da6debf64ea6a50d1861c55a0f0fc08a3982c3b2c7413ab8551b97,2023-06,Surrey Police,Surrey Police,-0.417589,51.385181,On or near Church Walk,E01034286,Elmbridge 007F,Violence and sexual offences,Unable to prosecute suspect,
c87a471e72272c57264011048f6fbe8d51aecd45d0cb7bef8824540e47e7532f,2023-06,Surrey Police,Surrey Police,-0.416753,51.384414,On or near Colby Road,E01034286,Elmbridge 007F,Violence and sexual offences,Formal action is not in the public interest,
f9e98ab291e8c9569846f9bac365d2fd2c819f6028ea0f01ca94b45aac9e15e7,2023-06,Surrey Police,Surrey Police,-0.418968,51.384768,On or near Accommodation Road,E01034286,Elmbridge 007F,Violence and sexual offences,Unable to prosecute suspect,
7b0c8359823fe75786077c25b9bc79124334314c2f0722df8ec702a27887dc50,2023-06,Surrey Police,Surrey Police,-0.418968,51.384768,On or near Accommodation Road,E01034286,Elmbridge 007F,Violence and sexual offences,Unable to prosecute suspect,
b59c28b0dbe96c948fc5296f85f8a9a276846b5e4162ddee6d6826f70d3a0257,2023-06,Surrey Police,Surrey Police,-0.404222,51.381520,On or near Rodney Road,E01030354,Elmbridge 008A,Violence and sexual offences,Unable to prosecute suspect,
,2023-06,Surrey Police,Surrey Police,-0.406552,51.382702,On or near Cromwell Road,E01030354,Elmbridge 008A,Anti-social behaviour,,
,2023-06,Surrey Police,Surrey Police,-0.406051,51.383046,On or near Marston Court,E01030354,Elmbridge 008A,Anti-social behaviour,,
,2023-06,Surrey Police,Surrey Police,-0.406051,51.383046,On or near Marston Court,E01030354,Elmbridge 008A,Anti-social behaviour,,
ef180e785e6138d50a15fabe27b2e30da86b16e73c1d9db08faa50949a80624e,2023-06,Surrey Police,Surrey Police,-0.400762,51.383469,On or near Scholars Place,E01030354,Elmbridge 008A,Drugs,Local resolution,
13ab37e986cc7c42a881d912e764369f6a1907a2096ae28afacdb80aaa45564b,2023-06,Surrey Police,Surrey Police,-0.403908,51.383925,On or near Langport Court,E01030354,Elmbridge 008A,Possession of weapons,Status update unavailable,
db1b5ca1d71182be984e2ce39ce0ecf7dc905008ccae08d13dc0b1ae14e49843,2023-06,Surrey Police,Surrey Police,-0.402243,51.382635,On or near Rodney Close,E01030354,Elmbridge 008A,Public order,Unable to prosecute suspect,
2531578a11c57f0e9438b215ec2b321d40bf0426720d9a72f49d4cbd908bad7e,2023-06,Surrey Police,Surrey Police,-0.400762,51.383469,On or near Scholars Place,E01030354,Elmbridge 008A,Public order,Unable to prosecute suspect,
bd124981f144fa575c7274878891ea5facd63fbe0f0b9a217ac9756271ddca99,2023-06,Surrey Police,Surrey Police,-0.405173,51.383493,On or near Preston Court,E01030354,Elmbridge 008A,Violence and sexual offences,Unable to prosecute suspect,
5a15fe03fc32d5985c5b13a8182a4429ea1a4830272fba4ace2439ddc828b71e,2023-06,Surrey Police,Surrey Police,-0.403432,51.382750,On or near St Johns Drive,E01030354,Elmbridge 008A,Violence and sexual offences,Action to be taken by another organisation,
d615b38ec202818df9b7e67d788bc7035deffaeb1f5f508c39eef7491cb9dce9,2023-06,Surrey Police,Surrey Police,-0.405173,51.383493,On or near Preston Court,E01030354,Elmbridge 008A,Violence and sexual offences,Status update unavailable,
d612413dbbba88874c8ccdee4a23d095e83ecdb5f44352b1b86e22ab1d8e48c5,2023-06,Surrey Police,Surrey Police,-0.403908,51.383925,On or near Langport Court,E01030354,Elmbridge 008A,Violence and sexual offences,Unable to prosecute suspect,
9d72bd2f9066cecb789768922cf1fe12074ac057bdc267e16faa47eee1906895,2023-06,Surrey Police,Surrey Police,-0.403432,51.382750,On or near St Johns Drive,E01030354,Elmbridge 008A,Violence and sexual offences,Action to be taken by another organisation,
ee01f6b4e1d2f388ae4967897c2675d0f722327022f39d80230fe5d1bb940a18,2023-06,Surrey Police,Surrey Police,-0.401895,51.384366,On or near Swansmere Close,E01030354,Elmbridge 008A,Violence and sexual offences,Unable to prosecute suspect,
cc7d5418a1dca37e4e40ec8db8115d40e9f8b732cddad65dcada2fbdf45a3a9a,2023-06,Surrey Police,Surrey Police,-0.403908,51.383925,On or near Langport Court,E01030354,Elmbridge 008A,Violence and sexual offences,Unable to prosecute suspect,
fc727ea1639fb53bdf6addde1e327ae20ff8339af979c61bdf82d4527d36c6aa,2023-06,Surrey Police,Surrey Police,-0.402797,51.382822,On or near Edgehill Court,E01030354,Elmbridge 008A,Violence and sexual offences,Local resolution,
25e80b21c66122275c484d84492f27234a745f9aa64b4c4a293d7e219a4fa8c5,2023-06,Surrey Police,Surrey Police,-0.403572,51.383264,On or near Cheriton Court,E01030354,Elmbridge 008A,Violence and sexual offences,Unable to prosecute suspect,
427c3f67bfeff8ff57ea3915bf4dfc01d041e566fc4d9007b18123acca86506a,2023-06,Surrey Police,Surrey Police,-0.403572,51.383264,On or near Cheriton Court,E01030354,Elmbridge 008A,Violence and sexual offences,Unable to prosecute suspect,
d77cf7243ba3ebbf77687714ec1799cf017e64d7fbecbd6f443087e3ea89e5b1,2023-06,Surrey Police,Surrey Police,-0.404222,51.381520,On or near Rodney Road,E01030354,Elmbridge 008A,Violence and sexual offences,Unable to prosecute suspect,
98d488dba64ce9eae27799f35b62c9a91e62edf8be68d39887e3081d54b98f1f,2023-06,Surrey Police,Surrey Police,-0.406552,51.382702,On or near Cromwell Road,E01030354,Elmbridge 008A,Violence and sexual offences,Local resolution,
da2e01c82ce8886444febd6d2e87ec6f1cb4733ffd66927d1f8170d4681b5575,2023-06,Surrey Police,Surrey Police,-0.406552,51.382702,On or near Cromwell Road,E01030354,Elmbridge 008A,Violence and sexual offences,Unable to prosecute suspect,
e94fefdee1e3a54d4badafd2a2944b5f8b847b5ebf54772251272e7f6cae89b3,2023-06,Surrey Police,Surrey Police,-0.394419,51.381988,On or near Branksome Close,E01030355,Elmbridge 008B,Other theft,Investigation complete; no suspect identified,
b035363bb310652066609e0f84405d8ecab6fc3c4a2344f09724551f2de3ceca,2023-06,Surrey Police,Surrey Police,-0.387478,51.379127,On or near Shopping Area,E01030355,Elmbridge 008B,Violence and sexual offences,Unable to prosecute suspect,
6399cb44539a8edf0b7175a28310a2358635c320f2c571ee91a1f2a534efaa4b,2023-06,Surrey Police,Surrey Police,-0.387478,51.379127,On or near Shopping Area,E01030355,Elmbridge 008B,Violence and sexual offences,Unable to prosecute suspect,
,2023-06,Surrey Police,Surrey Police,-0.406195,51.387167,On or near Cottimore Crescent,E01030356,Elmbridge 008C,Anti-social behaviour,,
2fc7619461651f78cf63f485d723d11edb3eb1b5523a33e1fbd719d7d9b8886b,2023-06,Surrey Police,Surrey Police,-0.406195,51.387167,On or near Cottimore Crescent,E01030356,Elmbridge 008C,Violence and sexual offences,Investigation complete; no suspect identified,
414b86160e5338104c69d5c10594da87021dd18d60c631531e50b57098e8da8a,2023-06,Surrey Police,Surrey Police,-0.404581,51.386057,On or near Hillary Crescent,E01030356,Elmbridge 008C,Violence and sexual offences,Unable to prosecute suspect,
6dfc8b4bc8e5aaba29a877e41219b1ac8698d06332cadfc25257bcdcb9148cc5,2023-06,Surrey Police,Surrey Police,-0.389413,51.378466,On or near Lyon Road,E01030365,Elmbridge 008D,Bicycle theft,Investigation complete; no suspect identified,
bf25d805a92f77845b66762d91baec187db4fc44027822453f9a648255bad194,2023-06,Surrey Police,Surrey Police,-0.389986,51.377269,On or near Walton Park,E01030365,Elmbridge 008D,Criminal damage and arson,Local resolution,
70a3f5989bd636c26adaca891ef4f5ca367b1d3ee6d7cb3ea8c5437f8623606a,2023-06,Surrey Police,Surrey Police,-0.389986,51.377269,On or near Walton Park,E01030365,Elmbridge 008D,Vehicle crime,Unable to prosecute suspect,
255064d358d39665d2753c75e1c7bb78ee8ab6fd6b902ae82397b47c3239b095,2023-06,Surrey Police,Surrey Police,-0.396804,51.378730,On or near Severn Drive,E01030365,Elmbridge 008D,Violence and sexual offences,Unable to prosecute suspect,
f82c03d0db4242ecad073564c56d2ca2af2e4cedaa1c0183676d67c8c043078a,2023-06,Surrey Police,Surrey Police,-0.400617,51.381866,On or near The Furrows,E01030368,Elmbridge 008E,Burglary,Status update unavailable,
52ac9fbac6eac7122e26c3843bbd6582e6dd1b99a9c507575e85ae02fb1b4143,2023-06,Surrey Police,Surrey Police,-0.401691,51.379498,On or near Brunswick Close,E01030368,Elmbridge 008E,Public order,Investigation complete; no suspect identified,
,2023-06,Surrey Police,Surrey Police,-0.326353,51.375505,On or near Soprano Way,E01030319,Elmbridge 009A,Anti-social behaviour,,
,2023-06,Surrey Police,Surrey Police,-0.327776,51.375885,On or near Poplar Road,E01030319,Elmbridge 009A,Anti-social behaviour,,
009c17f9031f6d80d5e1ad26137438e292e5de7ec371b809601a60476599ec30,2023-06,Surrey Police,Surrey Police,-0.317565,51.373806,On or near The Oaks,E01030319,Elmbridge 009A,Criminal damage and arson,Investigation complete; no suspect identified,
151b8ffe42836116897f59d5b5a2f95cd9218a0272cb6258d2452768c4929002,2023-06,Surrey Police,Surrey Police,-0.331093,51.374764,On or near Southwood Gardens,E01030319,Elmbridge 009A,Criminal damage and arson,Investigation complete; no suspect identified,
52452ca3af56d12da6d7b6b62de972c6088d5a45506ccfd0c65237450a948e79,2023-06,Surrey Police,Surrey Police,-0.331093,51.374764,On or near Southwood Gardens,E01030319,Elmbridge 009A,Other theft,Unable to prosecute suspect,
f709a83f14b150bf492f5b3e41608aa395e225651d7241c487349675b86fe66c,2023-06,Surrey Police,Surrey Police,-0.326836,51.374874,On or near Fairway Close,E01030319,Elmbridge 009A,Other theft,Investigation complete; no suspect identified,
4c2acdbd539eb1cfbd6dd84f99790f253cfe43bf45539b610f840afa0ddb681c,2023-06,Surrey Police,Surrey Police,-0.326030,51.377263,On or near Hill Rise,E01030319,Elmbridge 009A,Other theft,Investigation complete; no suspect identified,
171e6152714e00efdb691810b2e84973cf42beaf268a9027e0c7a06edfa7c604,2023-06,Surrey Police,Surrey Police,-0.327776,51.375885,On or near Poplar Road,E01030319,Elmbridge 009A,Public order,Investigation complete; no suspect identified,
6ef41ea726eb79d6f6fc41f49c189199b5b9be44af757d4d1237fe17ebeae665,2023-06,Surrey Police,Surrey Police,-0.331352,51.378319,On or near Claygate Lane,E01030319,Elmbridge 009A,Public order,Unable to prosecute suspect,
1572492c423ec4457636fc2c8a1e05207336aa3600cab0d0f3dbf7fadc47fce8,2023-06,Surrey Police,Surrey Police,-0.326353,51.375505,On or near Soprano Way,E01030319,Elmbridge 009A,Vehicle crime,Unable to prosecute suspect,
ea73ff726e59f0de0fc271c0f72b0bceb9ad12177dd653591d39bbbf6ee1f46a,2023-06,Surrey Police,Surrey Police,-0.317565,51.373806,On or near The Oaks,E01030319,Elmbridge 009A,Violence and sexual offences,Status update unavailable,
,2023-06,Surrey Police,Surrey Police,-0.333462,51.381937,On or near Lynwood Road,E01030320,Elmbridge 009B,Anti-social behaviour,,
,2023-06,Surrey Police,Surrey Police,-0.339067,51.379544,On or near Bourne Close,E01030320,Elmbridge 009B,Anti-social behaviour,,
c524ea1b49dbf4245ee2ba195b48c22fa62d0c54e3d89682ab825dd1f0da84e2,2023-06,Surrey Police,Surrey Police,-0.339784,51.374824,On or near Station Approach,E01030320,Elmbridge 009B,Public order,Investigation complete; no suspect identified,
997058ec4467c5c3da45f75cde9905a0a64260107de82128db27f5fe0c508c11,2023-06,Surrey Police,Surrey Police,-0.337140,51.377583,On or near Cotswold Close,E01030320,Elmbridge 009B,Vehicle crime,Investigation complete; no suspect identified,
7d8519e88fe55e682916e5d567497bac3a4c57e4a9f132ec3fc5178e68a560bb,2023-06,Surrey Police,Surrey Police,-0.340508,51.379816,On or near Woodfield Road,E01030320,Elmbridge 009B,Violence and sexual offences,Unable to prosecute suspect,
f64444137f8793b4a31642346ec5ceb656a862c99ec4421bcf56a5d44c354758,2023-06,Surrey Police,Surrey Police,-0.339784,51.374824,On or near Station Approach,E01030320,Elmbridge 009B,Violence and sexual offences,Investigation complete; no suspect identified,
f5a7ffb5223ac4c8b498b84f01fc5e6ec9e21be726814fa34c89f18ddf0dee56,2023-06,Surrey Police,Surrey Police,-0.340508,51.379816,On or near Woodfield Road,E01030320,Elmbridge 009B,Violence and sexual offences,Unable to prosecute suspect,
b3db8c4141a4327df837e0b77b2f8dc3f5b6133aceef9b90dfccb71ccd6451e3,2023-06,Surrey Police,Surrey Police,-0.336317,51.377311,On or near Manor Road North,E01030320,Elmbridge 009B,Violence and sexual offences,Unable to prosecute suspect,
402c702ad5eae79874bf79076b191a2c6dbcab5ce4b31d7e068d43a1f6714d76,2023-06,Surrey Police,Surrey Police,-0.333462,51.381937,On or near Lynwood Road,E01030320,Elmbridge 009B,Other crime,Further investigation is not in the public interest,
,2023-06,Surrey Police,Surrey Police,-0.335993,51.375553,On or near Meadow Close,E01030321,Elmbridge 009C,Anti-social behaviour,,
,2023-06,Surrey Police,Surrey Police,-0.334788,51.374708,On or near Kingston By-Pass,E01030321,Elmbridge 009C,Anti-social behaviour,,
47da2693de89075af4cc34c0dbcf8d5bf74690daf4dcbae1aba6e644767d33b5,2023-06,Surrey Police,Surrey Police,-0.345268,51.374155,On or near Heathside,E01030321,Elmbridge 009C,Burglary,Status update unavailable,
14d5c92853f472d5ce834e98ed836352b7ebaa48a2ad53ff3589d05c71b90b2d,2023-06,Surrey Police,Surrey Police,-0.342920,51.368788,On or near Sports/Recreation Area,E01030321,Elmbridge 009C,Burglary,Investigation complete; no suspect identified,
7b453a713a19a848963fb7a82d0c44b32347832d6f81878d47c6a03a24825db1,2023-06,Surrey Police,Surrey Police,-0.342920,51.368788,On or near Sports/Recreation Area,E01030321,Elmbridge 009C,Burglary,Status update unavailable,
0f3e2857b6bda80c117f043590d95d88e1a4508a576f2ff068c645528f14533e,2023-06,Surrey Police,Surrey Police,-0.338523,51.373529,On or near Petrol Station,E01030321,Elmbridge 009C,Shoplifting,Further action is not in the public interest,
99899f275e52ba926d7fae00ce5ab516a2d19a5eb383574ba4ba94778459b8c5,2023-06,Surrey Police,Surrey Police,-0.342920,51.368788,On or near Sports/Recreation Area,E01030321,Elmbridge 009C,Vehicle crime,Investigation complete; no suspect identified,
,2023-06,Surrey Police,Surrey Police,-0.351302,51.382384,On or near Park/Open Space,E01030369,Elmbridge 009D,Anti-social behaviour,,
194d37423153da1e9f9b9b4bae0a5cb9d7db4c39bcaed694524fcd0e27729819,2023-06,Surrey Police,Surrey Police,-0.353428,51.382984,On or near Imber Close,E01030369,Elmbridge 009D,Bicycle theft,Investigation complete; no suspect identified,
6c7451701e3d22c6e290060c651af2780f1558ed6951ec8680c8d46ee69dbe04,2023-06,Surrey Police,Surrey Police,-0.353378,51.385969,On or near Imber Grove,E01030369,Elmbridge 009D,Burglary,Status update unavailable,
aa0da62dfbafb49aa1c20af3d1e3446b3b63e105371d2939c923953fc2fcddae,2023-06,Surrey Police,Surrey Police,-0.349461,51.389781,On or near B3379,E01030369,Elmbridge 009D,Vehicle crime,Unable to prosecute suspect,
5004ec6e59b99f4e02d3504a68b4a4787de4854fcd330f54cb6eb68329d377d6,2023-06,Surrey Police,Surrey Police,-0.359269,51.380800,On or near Woodend,E01030369,Elmbridge 009D,Vehicle crime,Investigation complete; no suspect identified,
5d58b69fd877c6170e758f5dbad94740c876f713f10edd49358ff676fedb0df2,2023-06,Surrey Police,Surrey Police,-0.353378,51.385969,On or near Imber Grove,E01030369,Elmbridge 009D,Violence and sexual offences,Unable to prosecute suspect,
c1b63a9deae963645a81fde0fdb23f95178abf54f0c5abed674272f2d5267d40,2023-06,Surrey Police,Surrey Police,-0.352165,51.389265,On or near Sports/Recreation Area,E01030369,Elmbridge 009D,Violence and sexual offences,Investigation complete; no suspect identified,
7b53645f9b110d674c72a2bb4c9e939c956e99948a17a36e84babc0357a46c43,2023-06,Surrey Police,Surrey Police,-0.360210,51.383403,On or near Grove Way,E01030369,Elmbridge 009D,Violence and sexual offences,Unable to prosecute suspect,
adf8392b0fafcc2139716800a01488ae541590bbdac5fe8efc33d3e8754c7810,2023-06,Surrey Police,Surrey Police,-0.360210,51.383403,On or near Grove Way,E01030369,Elmbridge 009D,Violence and sexual offences,Status update unavailable,
83be3ebb7533915caefcd5c3e39d0a9e064ab7c4f53af4868e772efd8aa5718e,2023-06,Surrey Police,Surrey Police,-0.353378,51.385969,On or near Imber Grove,E01030369,Elmbridge 009D,Other crime,Unable to prosecute suspect,
,2023-06,Surrey Police,Surrey Police,-0.346801,51.387414,On or near Elm Tree Avenue,E01030370,Elmbridge 009E,Anti-social behaviour,,
,2023-06,Surrey Police,Surrey Police,-0.346263,51.381624,On or near Weston Road,E01030370,Elmbridge 009E,Anti-social behaviour,,
d4f81f0d2379ad6326d2e7dd3441a2fe6dc6ecc444159c4b165a92b5542f85c8,2023-06,Surrey Police,Surrey Police,-0.348293,51.385897,On or near Woodside Avenue,E01030370,Elmbridge 009E,Vehicle crime,Court result unavailable,
55183ecc913e4d440a206926d7d133d4659b34b6c09e0cc50cc2cab9ad5f66be,2023-06,Surrey Police,Surrey Police,-0.346575,51.386512,On or near Weston Avenue,E01030370,Elmbridge 009E,Vehicle crime,Investigation complete; no suspect identified,
f28a875d2ea6bc60d86eeb05cf7b349d7c557ba80cb67a5445443108fe329fcb,2023-06,Surrey Police,Surrey Police,-0.349762,51.385432,On or near Chestnut Avenue,E01030370,Elmbridge 009E,Vehicle crime,Investigation complete; no suspect identified,
79f2036ae9a51b0e21ca1efb58d39b8f25975d1720217fba87e27ac2a85a1992,2023-06,Surrey Police,Surrey Police,-0.346263,51.381624,On or near Weston Road,E01030370,Elmbridge 009E,Violence and sexual offences,Investigation complete; no suspect identified,
aa2b8daf0acb78489575d4424f8ff88205d4aca77b4c70a28c69012136581444,2023-06,Surrey Police,Surrey Police,-0.342722,51.384973,On or near Onslow Close,E01030370,Elmbridge 009E,Violence and sexual offences,Investigation complete; no suspect identified,
bb0af98893933a869a2ca0c4bfb865e4395ac80ec25975b4c29acad4ba348f14,2023-06,Surrey Police,Surrey Police,-0.401236,51.374420,On or near Alderson Grove,E01030313,Elmbridge 010A,Burglary,Status update unavailable,
b87ff92fe35fdbfb98caccc71c854396c119d10f5bc2db80e096b8e79da25212,2023-06,Surrey Police,Surrey Police,-0.405731,51.371990,On or near Audley Firs,E01030313,Elmbridge 010A,Criminal damage and arson,Unable to prosecute suspect,
3b1433076fc4e4f65812cf723a0acc6e33b36237c466b1343ac9ec80cea1fd9c,2023-06,Surrey Police,Surrey Police,-0.401236,51.374420,On or near Alderson Grove,E01030313,Elmbridge 010A,Public order,Action to be taken by another organisation,
08836387139a9651b27ef88d15f6c981a82695dcbeeba72982d4ffbafe4aefb9,2023-06,Surrey Police,Surrey Police,-0.401236,51.374420,On or near Alderson Grove,E01030313,Elmbridge 010A,Public order,Action to be taken by another organisation,
1ba58d643381cb03c8f2277d0f171a0a14c57f22d0a6efee3394d1db3231ba58,2023-06,Surrey Police,Surrey Police,-0.396877,51.371285,On or near Rydens Grove,E01030313,Elmbridge 010A,Public order,Investigation complete; no suspect identified,
9e8cf0f2cffee803284e53ddb03eae2680c66da5dbb72597c715e71d084468de,2023-06,Surrey Police,Surrey Police,-0.400809,51.370161,On or near Devon Road,E01030313,Elmbridge 010A,Violence and sexual offences,Unable to prosecute suspect,
58830fff6c3629f2e6a44d20c3e4f8a5aa8b33b9c1fb55ac065623ad68d27878,2023-06,Surrey Police,Surrey Police,-0.404822,51.373354,On or near Felcott Close,E01030313,Elmbridge 010A,Violence and sexual offences,Offender given a caution,
7e2e7e5da22f3faa661a765efb67f59be738567d8e622a20f0236a8e4dc929fa,2023-06,Surrey Police,Surrey Police,-0.401236,51.374420,On or near Alderson Grove,E01030313,Elmbridge 010A,Violence and sexual offences,Action to be taken by another organisation,
6e858b4743825f8859e4cad530e76a48af3a7b7985a7080055ce7d583073295a,2023-06,Surrey Police,Surrey Police,-0.401236,51.374420,On or near Alderson Grove,E01030313,Elmbridge 010A,Violence and sexual offences,Action to be taken by another organisation,
25acdd18f3d4c419f0502afe718dd8bcaeb6dcc05e7087374f66163f9505af1b,2023-06,Surrey Police,Surrey Police,-0.401236,51.374420,On or near Alderson Grove,E01030313,Elmbridge 010A,Violence and sexual offences,Action to be taken by another organisation,
51a390c2f11ad0c541dbadb9d083e124d5bb7497de376f7dbaa4d8c759e33a75,2023-06,Surrey Police,Surrey Police,-0.400809,51.370161,On or near Devon Road,E01030313,Elmbridge 010A,Violence and sexual offences,Unable to prosecute suspect,
29c83e42621bd3d1723c1bfdc4afd0e63755125fefc85b3cb56384a0fad31d4b,2023-06,Surrey Police,Surrey Police,-0.401236,51.374420,On or near Alderson Grove,E01030313,Elmbridge 010A,Violence and sexual offences,Action to be taken by another organisation,
1e1a13b1b9d86b40862d10abb3fca719507dacc979369be0db8d0353e847a2c7,2023-06,Surrey Police,Surrey Police,-0.404131,51.372130,On or near Millers Close,E01030313,Elmbridge 010A,Violence and sexual offences,Unable to prosecute suspect,
3cd7fd2f87c0bc060eb38391993cb2b4a5f2f963902edcc41a55e12f918315e1,2023-06,Surrey Police,Surrey Police,-0.400809,51.370161,On or near Devon Road,E01030313,Elmbridge 010A,Violence and sexual offences,Unable to prosecute suspect,
fbb505ec5f5e49ce29d656203af80d8bbd9be34310bda5e9de62c9967f61f4c2,2023-06,Surrey Police,Surrey Police,-0.401236,51.374420,On or near Alderson Grove,E01030313,Elmbridge 010A,Violence and sexual offences,Unable to prosecute suspect,
0d8ff2a239602641b22730c491fd303af210f8bff989a93512a0b8aa2ae88964,2023-06,Surrey Police,Surrey Police,-0.399914,51.371111,On or near Elmwood Gardens,E01030313,Elmbridge 010A,Violence and sexual offences,Unable to prosecute suspect,
11b9f6fa0eb0422ae300ac8728638b0eabba7b32c38d69c1428b10ce5e4d01c4,2023-06,Surrey Police,Surrey Police,-0.399914,51.371111,On or near Elmwood Gardens,E01030313,Elmbridge 010A,Violence and sexual offences,Local resolution,
4f7700fce7a1a33e04e9ef307814e0a71b2cff09c9ca107136b618d78e8e9701,2023-06,Surrey Police,Surrey Police,-0.400824,51.369316,On or near Sports/Recreation Area,E01030313,Elmbridge 010A,Other crime,Further investigation is not in the public interest,
,2023-06,Surrey Police,Surrey Police,-0.408335,51.371900,On or near Garrick Close,E01030314,Elmbridge 010B,Anti-social behaviour,,
,2023-06,Surrey Police,Surrey Police,-0.410542,51.372892,On or near Fisher Close,E01030314,Elmbridge 010B,Anti-social behaviour,,
9d8c3d687211b5e5e3c96b020dd75fd20a686b886f3b9aacc9cf4c81516e985e,2023-06,Surrey Police,Surrey Police,-0.408335,51.371900,On or near Garrick Close,E01030314,Elmbridge 010B,Violence and sexual offences,Unable to prosecute suspect,
cf9af543d39a2ab2466ce1dcd0c9fe0e77a7972738647cb65a942856a7a4b297,2023-06,Surrey Police,Surrey Police,-0.419316,51.371761,On or near Parking Area,E01030314,Elmbridge 010B,Violence and sexual offences,Unable to prosecute suspect,
6169c703a153c2b9ac5b5e0ad0f1558bedc4b66a5f73d4debd42edc761459548,2023-06,Surrey Police,Surrey Police,-0.419316,51.371761,On or near Parking Area,E01030314,Elmbridge 010B,Violence and sexual offences,Unable to prosecute suspect,
49271cec98448e95a049545b422f066ad7238c5780ca11d6a6b3541971a0edc7,2023-06,Surrey Police,Surrey Police,-0.419316,51.371761,On or near Parking Area,E01030314,Elmbridge 010B,Violence and sexual offences,Unable to prosecute suspect,
527cf8469beb505871ce316ae033a37ea464752a215436d448152fa8f6fdc54b,2023-06,Surrey Police,Surrey Police,-0.419316,51.371761,On or near Parking Area,E01030314,Elmbridge 010B,Violence and sexual offences,Unable to prosecute suspect,
7a239c70078fcc28b63fdc90bc569492fdc236cd7b3d38c8b46816aeb750d625,2023-06,Surrey Police,Surrey Police,-0.408857,51.368445,On or near Westdene,E01030314,Elmbridge 010B,Violence and sexual offences,Unable to prosecute suspect,
937bcdbe01350b04ae1526f7250915b75a30329d945f6fa2935aecdfb393b1de,2023-06,Surrey Police,Surrey Police,-0.416658,51.371752,On or near Mayfield Close,E01030314,Elmbridge 010B,Violence and sexual offences,Unable to prosecute suspect,
aefe1fcd2fe844df7817b8c821e5c240d7b57167a8deb8d136006f0bffe361b1,2023-06,Surrey Police,Surrey Police,-0.414973,51.372295,On or near Mayfield Road,E01030314,Elmbridge 010B,Violence and sexual offences,Investigation complete; no suspect identified,
a7169e3b5485fb33844a02177f11c291625a37d9b19d015e1f0009605963fd2c,2023-06,Surrey Police,Surrey Police,-0.411590,51.374552,On or near Park/Open Space,E01030366,Elmbridge 010C,Drugs,Awaiting court outcome,
,2023-06,Surrey Police,Surrey Police,-0.410946,51.374912,On or near Leaping Birds Rise,E01030366,Elmbridge 010C,Anti-social behaviour,,
,2023-06,Surrey Police,Surrey Police,-0.406520,51.374501,On or near Noble Street,E01030366,Elmbridge 010C,Anti-social behaviour,,
,2023-06,Surrey Police,Surrey Police,-0.409803,51.375553,On or near Halfway Green,E01030366,Elmbridge 010C,Anti-social behaviour,,
,2023-06,Surrey Police,Surrey Police,-0.411314,51.375897,On or near St Vincent Road,E01030366,Elmbridge 010C,Anti-social behaviour,,
523d63922d6d1282c261f2031d89751f901da197c52442d7062ce20786d22c5b,2023-06,Surrey Police,Surrey Police,-0.411590,51.374552,On or near Park/Open Space,E01030366,Elmbridge 010C,Burglary,Status update unavailable,
785ab0cf89904fe4c3fbc3be51b81d73e1a022f97199e2d9bdacf6e179a08259,2023-06,Surrey Police,Surrey Police,-0.410946,51.374912,On or near Leaping Birds Rise,E01030366,Elmbridge 010C,Criminal damage and arson,Investigation complete; no suspect identified,
b0899871301352d91bb79d23ff57f6c95e2bfb688317e75120d537001fcdcc63,2023-06,Surrey Police,Surrey Police,-0.408328,51.374166,On or near Cleveland Close,E01030366,Elmbridge 010C,Drugs,Investigation complete; no suspect identified,
fbedec66865f2bf45186a3cb204f32db9b2177de2bb7f1135a991ff4385ebc6e,2023-06,Surrey Police,Surrey Police,-0.408389,51.375318,On or near Hersham Road,E01030366,Elmbridge 010C,Other theft,Investigation complete; no suspect identified,
737ff56a1d0e9bf2fcdf8afafc7d09747c43c80fc9d224b94c1f904e59880fbf,2023-06,Surrey Police,Surrey Police,-0.415995,51.373487,On or near Parking Area,E01030366,Elmbridge 010C,Other theft,Offender given a caution,
3b8c3120d53bb0cf3fcaa8d2832237098243362c33fa2d9618e3654d4f644fef,2023-06,Surrey Police,Surrey Police,-0.411590,51.374552,On or near Park/Open Space,E01030366,Elmbridge 010C,Possession of weapons,Court result unavailable,
a829373fcf24edce0a40e50c4f0f5b67d349f10bbe379cfe98b994a247643d45,2023-06,Surrey Police,Surrey Police,-0.409803,51.375553,On or near Halfway Green,E01030366,Elmbridge 010C,Public order,Investigation complete; no suspect identified,
8b406cb2eec069bf65d2ed64ba6066b799e06c2f70dad188a0541db9fb090116,2023-06,Surrey Police,Surrey Police,-0.410946,51.374912,On or near Leaping Birds Rise,E01030366,Elmbridge 010C,Public order,Investigation complete; no suspect identified,
78d8b1d5e933ea8c460250e6a3e24ecc1f5658e7c245f40bc1b3c5219cb733b5,2023-06,Surrey Police,Surrey Police,-0.411590,51.374552,On or near Park/Open Space,E01030366,Elmbridge 010C,Public order,Unable to prosecute suspect,
e1ca1cb6bd206b2e1169a9ba10c92083a89a8ada363142f3c62bbda5a2176eb7,2023-06,Surrey Police,Surrey Police,-0.411590,51.374552,On or near Park/Open Space,E01030366,Elmbridge 010C,Robbery,Unable to prosecute suspect,
9525de57b63d5a34e9fd754f482390ade2cd74418cf3f39bb9542ec83dc27425,2023-06,Surrey Police,Surrey Police,-0.406520,51.374501,On or near Noble Street,E01030366,Elmbridge 010C,Shoplifting,Investigation complete; no suspect identified,
b4aa664f449cb813dfdc2c98f715a41b826384e726ed472688390e9725a2b83f,2023-06,Surrey Police,Surrey Police,-0.419891,51.373828,On or near Ashley Rise,E01030366,Elmbridge 010C,Vehicle crime,Further investigation is not in the public interest,
86e728ccd985c2aa42dc5be22acc2155fbb965dfa30062945ae072d038daeee1,2023-06,Surrey Police,Surrey Police,-0.419891,51.373828,On or near Ashley Rise,E01030366,Elmbridge 010C,Vehicle crime,Investigation complete; no suspect identified,
edc9a08dc7985fd559403e4e5c37e4b4620c121df37b906f64f57eaf00ee8a04,2023-06,Surrey Police,Surrey Police,-0.409803,51.375553,On or near Halfway Green,E01030366,Elmbridge 010C,Vehicle crime,Investigation complete; no suspect identified,
63535246acea5cb9f27bb6f3d3d0cb0877f490e10a25d1962c8ec1fceba12add,2023-06,Surrey Police,Surrey Police,-0.408389,51.375318,On or near Hersham Road,E01030366,Elmbridge 010C,Vehicle crime,Investigation complete; no suspect identified,
17fd724c97a18ebccbe5bc96322dc5c101b3d05414dbf2a50c32b654b0ce3d25,2023-06,Surrey Police,Surrey Police,-0.411590,51.374552,On or near Park/Open Space,E01030366,Elmbridge 010C,Violence and sexual offences,Unable to prosecute suspect,
e15859b666b78907a177ee3ac20f17ade080a17c044aae2e074813a9cc62edc4,2023-06,Surrey Police,Surrey Police,-0.411590,51.374552,On or near Park/Open Space,E01030366,Elmbridge 010C,Violence and sexual offences,Status update unavailable,
e281156c7af68a5684a0896dc71d08998e1fd61875ee66632a97c59f39728cf8,2023-06,Surrey Police,Surrey Police,-0.411590,51.374552,On or near Park/Open Space,E01030366,Elmbridge 010C,Violence and sexual offences,Court result unavailable,
2b95eca05d456d9dbbfc733ea402f3edf0b6f59d06fe6ec68928e878ef3f3d40,2023-06,Surrey Police,Surrey Police,-0.411590,51.374552,On or near Park/Open Space,E01030366,Elmbridge 010C,Violence and sexual offences,Unable to prosecute suspect,
99b07132d4a321024c005007d56d140db91ce312cc3c9fe00efc061b92189aa1,2023-06,Surrey Police,Surrey Police,-0.414334,51.373321,On or near Station Avenue,E01030366,Elmbridge 010C,Violence and sexual offences,Unable to prosecute suspect,
62a5d66747a82e658b607ee621253280aec1da9ea76d143c1b06b944fd35ae22,2023-06,Surrey Police,Surrey Police,-0.414334,51.373321,On or near Station Avenue,E01030366,Elmbridge 010C,Violence and sexual offences,Court result unavailable,
1dcb76832cb6ae54888d4adb423fa2959d286280a78a2f628e78bc6789b07242,2023-06,Surrey Police,Surrey Police,-0.416820,51.376214,On or near Ashley Park Road,E01030367,Elmbridge 010D,Violence and sexual offences,Unable to prosecute suspect,
,2023-06,Surrey Police,Surrey Police,-0.412054,51.379837,On or near Hurley Close,E01030367,Elmbridge 010D,Anti-social behaviour,,
30ad67dfe26d1bfac1b8f3ffcc6fcfb94c8bbd140d2ce23be738e9310ee99cc5,2023-06,Surrey Police,Surrey Police,-0.408439,51.377998,On or near Rembrandt Way,E01030367,Elmbridge 010D,Public order,Investigation complete; no suspect identified,
7180edfc9eec3e08ae8b9b3383ecf94a2663e4679196bb5a0514b998d1ce40b6,2023-06,Surrey Police,Surrey Police,-0.410464,51.378026,On or near Crossway,E01030367,Elmbridge 010D,Public order,Investigation complete; no suspect identified,
c28523da6fabbc607a9531199c59d0a1f47a8bd26dca0e88b33c58e4333696b8,2023-06,Surrey Police,Surrey Police,-0.410464,51.378026,On or near Crossway,E01030367,Elmbridge 010D,Public order,Investigation complete; no suspect identified,
5c68a49bdf15f251189548d0dc2fc59ecc690550d4bbde099e7605952929d5a9,2023-06,Surrey Police,Surrey Police,-0.414914,51.379830,On or near Tennis Close,E01030367,Elmbridge 010D,Robbery,Investigation complete; no suspect identified,
4e31a083d5cd41fe03583ac1eea7b6b5a7daff4d99eb792b0a019c3d57e731bb,2023-06,Surrey Police,Surrey Police,-0.409317,51.380024,On or near Midway,E01030367,Elmbridge 010D,Violence and sexual offences,Local resolution,
0ea28db6783432651ff67a69de12cf958462dac0e812b98c12b8cf22db2c7fd8,2023-06,Surrey Police,Surrey Police,-0.405822,51.376416,On or near Long Lodge Drive,E01030367,Elmbridge 010D,Violence and sexual offences,Status update unavailable,
a164115ed9fd4b9ad3e77ab3f6d08556ea1b609c8dc252fd506b5a9ec7aeec64,2023-06,Surrey Police,Surrey Police,-0.416820,51.376214,On or near Ashley Park Road,E01030367,Elmbridge 010D,Violence and sexual offences,Status update unavailable,
ec700a9b1dbe211f9862de8819ffda54d0854bf2c9c5c45c3a81c9fcfd9e9030,2023-06,Surrey Police,Surrey Police,-0.405822,51.376416,On or near Long Lodge Drive,E01030367,Elmbridge 010D,Violence and sexual offences,Further action is not in the public interest,
917233afe9c70cba2fcb8e870d59f5c61837597a332e6fdeec06391a23912fa9,2023-06,Surrey Police,Surrey Police,-0.436916,51.372177,On or near Rowan Green,E01030338,Elmbridge 011A,Public order,Unable to prosecute suspect,
2cacc1a78969a336fb96458a3fb3251c43ccd57c546c5b8aefbcda01c892f5fa,2023-06,Surrey Police,Surrey Police,-0.436373,51.376306,On or near Oatlands Green,E01030339,Elmbridge 011B,Drugs,Investigation complete; no suspect identified,
c6e4fa9a09d0559c130567d55a857025b32ee834f012ffc147c25d67f1b931b6,2023-06,Surrey Police,Surrey Police,-0.438923,51.373130,On or near Shewens Road,E01030339,Elmbridge 011B,Possession of weapons,Offender given a caution,
21c39864064aa463161b5b224cccfa58d03dcad349a121e5d10c60995fef5dbf,2023-06,Surrey Police,Surrey Police,-0.440204,51.372643,On or near Kemble Close,E01030339,Elmbridge 011B,Public order,Investigation complete; no suspect identified,
4b48d995eb21d3355708ffc661dbce3cdcf4c625ada65d0d64427b1445d386c7,2023-06,Surrey Police,Surrey Police,-0.439579,51.374982,On or near Grosvenor Place,E01030339,Elmbridge 011B,Violence and sexual offences,Court result unavailable,
4659401abe089af76bcabd797b3ece542679d6b746534ade39acd156cf6ce9c6,2023-06,Surrey Police,Surrey Police,-0.440204,51.372643,On or near Kemble Close,E01030339,Elmbridge 011B,Violence and sexual offences,Status update unavailable,
9105fa86fc8dec85498f9749eef22cb4854525b49cbd07b1d35d10d1a2881108,2023-06,Surrey Police,Surrey Police,-0.430461,51.368934,On or near Ellesmere Place,E01030340,Elmbridge 011C,Violence and sexual offences,Unable to prosecute suspect,
de4497f4c9d46fcd7aeb6de948163863be6ac410409aade0c77034698a46c38b,2023-06,Surrey Police,Surrey Police,-0.423434,51.371924,On or near Oatlands Chase,E01030341,Elmbridge 011D,Burglary,Status update unavailable,
92fc968b79100733db2d1a449536177025e49f73f6e418946a5375daa9cd4fe9,2023-06,Surrey Police,Surrey Police,-0.433922,51.377802,On or near Ryelands Place,E01030341,Elmbridge 011D,Criminal damage and arson,Unable to prosecute suspect,
ea9de84fcf013d4320fe78d5e32b47f2c0800db2de135f39d15e49de5dfbff14,2023-06,Surrey Police,Surrey Police,-0.429130,51.382207,On or near Tower Grove,E01030341,Elmbridge 011D,Vehicle crime,Investigation complete; no suspect identified,
,2023-06,Surrey Police,Surrey Police,-0.451021,51.376114,On or near Dovecote Close,E01030371,Elmbridge 012A,Anti-social behaviour,,
d82505e17602cc54c99e9349c078dab8cbd57902d847b48d44eee0fe333bf4f9,2023-06,Surrey Police,Surrey Police,-0.453028,51.375376,On or near West Palace Gardens,E01030371,Elmbridge 012A,Criminal damage and arson,Investigation complete; no suspect identified,
44e12d10eccb03afbeae68c18a67e76f753475aba221e697f697905db92aff32,2023-06,Surrey Police,Surrey Police,-0.450693,51.372207,On or near Layton Court,E01030371,Elmbridge 012A,Public order,Unable to prosecute suspect,
ec16676428bb4aac38f526f832d858010585d828d13d7da2cdf7861bc33ed51a,2023-06,Surrey Police,Surrey Police,-0.451021,51.376114,On or near Dovecote Close,E01030371,Elmbridge 012A,Violence and sexual offences,Unable to prosecute suspect,
0b6cb45f50db2be4750094c992d4cd637f6c8be904260f014ac2f93a10ef302a,2023-06,Surrey Police,Surrey Police,-0.453394,51.373043,On or near Arlington Lodge,E01030371,Elmbridge 012A,Violence and sexual offences,Unable to prosecute suspect,
cd084ccde71638e9dc95e3f333ffe3a9fd366c17b9395d50b4100704e34fe16e,2023-06,Surrey Police,Surrey Police,-0.453320,51.374409,On or near Old Palace Road,E01030371,Elmbridge 012A,Violence and sexual offences,Court result unavailable,
506a24a765b105b7d3b39c6d5595743c03da731640e0f6d43df8c00d22d5bbd3,2023-06,Surrey Police,Surrey Police,-0.451021,51.376114,On or near Dovecote Close,E01030371,Elmbridge 012A,Violence and sexual offences,Unable to prosecute suspect,
3b161a32841cfc4e293f170f6326c7fd8e14a0ca2d9411c23a4cca64861e5b12,2023-06,Surrey Police,Surrey Police,-0.448615,51.374185,On or near Meadows Leigh Close,E01030371,Elmbridge 012A,Violence and sexual offences,Unable to prosecute suspect,
456a92b3b982b96d7ca6c7987d555eafcf06952498065a60401fa6865528bebf,2023-06,Surrey Police,Surrey Police,-0.451021,51.376114,On or near Dovecote Close,E01030371,Elmbridge 012A,Violence and sexual offences,Unable to prosecute suspect,
e0f7160bb91a979fbb8e524348f586f5baf76f69d67927146cc54ed21a4cb69b,2023-06,Surrey Police,Surrey Police,-0.451021,51.376114,On or near Dovecote Close,E01030371,Elmbridge 012A,Violence and sexual offences,Unable to prosecute suspect,
0e1cbc21e6552b2c425fb7ab7710f2f3ed1506c75ec598b1bf6f7db4fd239c2b,2023-06,Surrey Police,Surrey Police,-0.451792,51.374541,On or near Catherine Howard Court,E01030371,Elmbridge 012A,Violence and sexual offences,Unable to prosecute suspect,
,2023-06,Surrey Police,Surrey Police,-0.456681,51.374003,On or near Ship Yard,E01030372,Elmbridge 012B,Anti-social behaviour,,
7507456ad0cb3396645701238b74da85c2ea10c831b6edb14e5faae611467c93,2023-06,Surrey Police,Surrey Police,-0.463587,51.374580,On or near Wey Road,E01030372,Elmbridge 012B,Burglary,Investigation complete; no suspect identified,
99129075e86e54b4f03ded4258794f98af8ae055a6146c7de0a2244f2cd22300,2023-06,Surrey Police,Surrey Police,-0.462626,51.373236,On or near Devonshire Road,E01030372,Elmbridge 012B,Public order,Unable to prosecute suspect,
a667fe1a00fd29f1e6a3e4096e89a73756a917fbd6861508378f8cfa3af9401c,2023-06,Surrey Police,Surrey Police,-0.456681,51.374003,On or near Ship Yard,E01030372,Elmbridge 012B,Shoplifting,Unable to prosecute suspect,
,2023-06,Surrey Police,Surrey Police,-0.456800,51.380713,On or near Parking Area,E01030373,Elmbridge 012C,Anti-social behaviour,,
,2023-06,Surrey Police,Surrey Police,-0.453714,51.381482,On or near Walton Lane,E01030373,Elmbridge 012C,Anti-social behaviour,,
,2023-06,Surrey Police,Surrey Police,-0.444997,51.383941,On or near Sports/Recreation Area,E01030373,Elmbridge 012C,Anti-social behaviour,,
,2023-06,Surrey Police,Surrey Police,-0.444997,51.383941,On or near Sports/Recreation Area,E01030373,Elmbridge 012C,Anti-social behaviour,,
,2023-06,Surrey Police,Surrey Police,-0.453714,51.381482,On or near Walton Lane,E01030373,Elmbridge 012C,Anti-social behaviour,,
62db20b3683b7dca423dbd051aff189a9917ce35537f754bce42598280beaf3d,2023-06,Surrey Police,Surrey Police,-0.454914,51.373584,On or near Parking Area,E01030373,Elmbridge 012C,Bicycle theft,Investigation complete; no suspect identified,
22c3a441ef992cdf552bbf27b73b6fbe92b590c922088d6251e6cd4b4055ae68,2023-06,Surrey Police,Surrey Police,-0.454771,51.375687,On or near Farnell Mews,E01030373,Elmbridge 012C,Criminal damage and arson,Court result unavailable,
fde2424019b9cbe3bdef96d763ef0631f601446fae503285563e40c5485f2e83,2023-06,Surrey Police,Surrey Police,-0.455873,51.378372,On or near Jessamy Road,E01030373,Elmbridge 012C,Criminal damage and arson,Investigation complete; no suspect identified,
126d7c0179a75683b4c052a510eb754d2a416f79f50fc684f928f0071e7d1738,2023-06,Surrey Police,Surrey Police,-0.455873,51.378372,On or near Jessamy Road,E01030373,Elmbridge 012C,Criminal damage and arson,Investigation complete; no suspect identified,
f1b214ce7f664da22c802634a68980748f41fc4b34c84ef46e9768ee43c151e8,2023-06,Surrey Police,Surrey Police,-0.454747,51.377242,On or near Thames Street,E01030373,Elmbridge 012C,Criminal damage and arson,Unable to prosecute suspect,
b5afe1f8805cbfb19ac45cb955f5d97bb9a785be7f4e2b858aa88d34d4b070d8,2023-06,Surrey Police,Surrey Police,-0.453766,51.376087,On or near Grenside Road,E01030373,Elmbridge 012C,Other theft,Investigation complete; no suspect identified,
63affc3742a708063c11afcb52ce1f363718038ff0e4e3b67bd51ea44ab6ef4e,2023-06,Surrey Police,Surrey Police,-0.455193,51.376394,On or near Montrose Walk,E01030373,Elmbridge 012C,Public order,Unable to prosecute suspect,
2bdd3ac402816f68f8e480066e46f8e774cfb2635d0d4f30dcc1de97eb1032db,2023-06,Surrey Police,Surrey Police,-0.458178,51.379024,On or near Sports/Recreation Area,E01030373,Elmbridge 012C,Public order,Unable to prosecute suspect,
e26e4316a3c88cdbecc45c54d973e6d4703c1bf50f2531e21d911b7656e00e9e,2023-06,Surrey Police,Surrey Police,-0.455910,51.375135,On or near Dorchester Road,E01030373,Elmbridge 012C,Vehicle crime,Unable to prosecute suspect,
dcfd3cd6ba1ae4836b6ec4b9e3701edae957b1ea319c2ad5706b90a9da2d9656,2023-06,Surrey Police,Surrey Police,-0.454061,51.380992,On or near Dorney Grove,E01030373,Elmbridge 012C,Violence and sexual offences,Investigation complete; no suspect identified,
984f5ab8aea49c5d4312283295201683c80fd00782f3b8e7703fbdc60060a4b0,2023-06,Surrey Police,Surrey Police,-0.455873,51.378372,On or near Jessamy Road,E01030373,Elmbridge 012C,Violence and sexual offences,Unable to prosecute suspect,
ce09256aa2d939fde009463e9c492b5ea1e4705f7a032f959d81476870cabc71,2023-06,Surrey Police,Surrey Police,-0.444997,51.383941,On or near Sports/Recreation Area,E01030373,Elmbridge 012C,Violence and sexual offences,Local resolution,
94786804fea2ddf21243e467e8c6799d06409273cd0da4f58d08567cc2265aee,2023-06,Surrey Police,Surrey Police,-0.454771,51.375687,On or near Farnell Mews,E01030373,Elmbridge 012C,Violence and sexual offences,Court result unavailable,
82515ed738eb88d6ae086c5364079393c0cc0415c9fce2575d01fe59c04f3762,2023-06,Surrey Police,Surrey Police,-0.454771,51.375687,On or near Farnell Mews,E01030373,Elmbridge 012C,Violence and sexual offences,Unable to prosecute suspect,
a5e07903310c0f50261e991a7be83b7000b4c0559ccf57f982c76ff9de1171ff,2023-06,Surrey Police,Surrey Police,-0.455513,51.375840,On or near Lincoln Grove,E01030373,Elmbridge 012C,Other crime,Further investigation is not in the public interest,
41fa54dec853e5ee31526e32bfb8d8d84612cfcf368e528e1cee6ca22139d0ee,2023-06,Surrey Police,Surrey Police,-0.448728,51.374654,On or near Grotto Road,E01030373,Elmbridge 012C,Other crime,Unable to prosecute suspect,
aac6e2eac76f49d9c91816eeed978e29faf195f85e200684b511000195def069,2023-06,Surrey Police,Surrey Police,-0.465729,51.372396,On or near Weybridge Road,E01030374,Elmbridge 012D,Violence and sexual offences,Unable to prosecute suspect,
137f9e0b04c1935d887c3e85c39c7c71d4ea567d2d37086baefdccbd200654ea,2023-06,Surrey Police,Surrey Police,-0.465729,51.372396,On or near Weybridge Road,E01030374,Elmbridge 012D,Violence and sexual offences,Unable to prosecute suspect,
,2023-06,Surrey Police,Surrey Police,-0.455785,51.373317,On or near Springfield Lane,E01030374,Elmbridge 012D,Anti-social behaviour,,
,2023-06,Surrey Police,Surrey Police,-0.461632,51.371595,On or near Church Lane,E01030374,Elmbridge 012D,Anti-social behaviour,,
,2023-06,Surrey Police,Surrey Police,-0.458528,51.372058,On or near Churchfield Place,E01030374,Elmbridge 012D,Anti-social behaviour,,
ec2062a0ae681492e4fd67758b0642482777fb534684666a93aa33d5bbc334a2,2023-06,Surrey Police,Surrey Police,-0.461879,51.370682,On or near Limes Road,E01030374,Elmbridge 012D,Burglary,Status update unavailable,
1b87664f5a03292824bbb14ee625e60af61ac7a6185809fab16fd12f208b1674,2023-06,Surrey Police,Surrey Police,-0.460429,51.372353,On or near Church Street,E01030374,Elmbridge 012D,Criminal damage and arson,Investigation complete; no suspect identified,
9ba4d3b18bc57ed7d7130e2466727604813a42a9e6c3a33c5e2526390f412e54,2023-06,Surrey Police,Surrey Police,-0.463071,51.371524,On or near The Quadrant,E01030374,Elmbridge 012D,Criminal damage and arson,Investigation complete; no suspect identified,
a2739b62f6e2f63d77aef6a225b1d39d3714bf643a3f38ec272585eb7cfc7ef4,2023-06,Surrey Police,Surrey Police,-0.460055,51.371521,On or near Parking Area,E01030374,Elmbridge 012D,Public order,Unable to prosecute suspect,
b3d28705d3cbeb947e7d8d57239d9409d877a1bcc8f11a2f9355d3fe54db7c03,2023-06,Surrey Police,Surrey Police,-0.463071,51.371524,On or near The Quadrant,E01030374,Elmbridge 012D,Public order,Local resolution,
29a27a0690ec083e025f475979a6402b8085c14cdcc461ed2e9e498a44146344,2023-06,Surrey Police,Surrey Police,-0.457358,51.373104,On or near High Street,E01030374,Elmbridge 012D,Shoplifting,Investigation complete; no suspect identified,
179c566f4eaa06cbfa05486c46d08358ce67582feb1dec970b000dffc3c7f139,2023-06,Surrey Police,Surrey Police,-0.453568,51.372577,On or near Monument Hill,E01030374,Elmbridge 012D,Shoplifting,Investigation complete; no suspect identified,
4f554b00acc686203777fa7df31fdf4f906d008b3a3e704b8c712e565c46b0f6,2023-06,Surrey Police,Surrey Police,-0.457362,51.371683,On or near Parkside Court,E01030374,Elmbridge 012D,Violence and sexual offences,Unable to prosecute suspect,
d326ebe3f815c8f6a0227950c374407e76027052c1e791ab39ec2a505e54e3bf,2023-06,Surrey Police,Surrey Police,-0.460429,51.372353,On or near Church Street,E01030374,Elmbridge 012D,Violence and sexual offences,Status update unavailable,
a3f240e79502ec54d29314a5eaac27aa778d4cf22b1e2fe40bc3f28aad0920ff,2023-06,Surrey Police,Surrey Police,-0.457358,51.373104,On or near High Street,E01030374,Elmbridge 012D,Violence and sexual offences,Investigation complete; no suspect identified,
20e822584b281d5325b0fbf469f9665b59a68ba1d69e2af4ac81531244ed6cff,2023-06,Surrey Police,Surrey Police,-0.457358,51.373104,On or near High Street,E01030374,Elmbridge 012D,Violence and sexual offences,Investigation complete; no suspect identified,
0d5ea0293eb2b616fe865e88b3a33ca5fb89bf5a22801017beac85587baf0a60,2023-06,Surrey Police,Surrey Police,-0.461632,51.371595,On or near Church Lane,E01030374,Elmbridge 012D,Violence and sexual offences,Unable to prosecute suspect,
fc8e5a5eb9d135b6730a82695eed7eeab8ff6c94a648fd764285408461d037a1,2023-06,Surrey Police,Surrey Police,-0.463071,51.371524,On or near The Quadrant,E01030374,Elmbridge 012D,Violence and sexual offences,Unable to prosecute suspect,
e26518bb21cae162928a91c55e6bc7d671b44ecea19cd3953d8ca0f2bba1e6d5,2023-06,Surrey Police,Surrey Police,-0.457362,51.371683,On or near Parkside Court,E01030374,Elmbridge 012D,Violence and sexual offences,Unable to prosecute suspect,
dbf7015848192648851acdc0419030fe2252e4cf4fd8690f0c90f5679a8a7997,2023-06,Surrey Police,Surrey Police,-0.457362,51.371683,On or near Parkside Court,E01030374,Elmbridge 012D,Violence and sexual offences,Unable to prosecute suspect,
3eefd60be6230abd47c8581db5975082cc4bde8c24ddc1942d591c1e30599785,2023-06,Surrey Police,Surrey Police,-0.446809,51.368522,On or near A317,E01030375,Elmbridge 012E,Drugs,Unable to prosecute suspect,
,2023-06,Surrey Police,Surrey Police,-0.445842,51.369939,On or near York Road,E01030375,Elmbridge 012E,Anti-social behaviour,,
a6fa9086e7e1db441a1fda01456bf2e8db7a630754d9a6779aa7742f228ba7e7,2023-06,Surrey Police,Surrey Police,-0.446809,51.368522,On or near A317,E01030375,Elmbridge 012E,Drugs,Action to be taken by another organisation,
6f14bba838c8f31032905b4e9625c4799954deeff6e1927162037a9e95f1182d,2023-06,Surrey Police,Surrey Police,-0.450350,51.371285,On or near Petrol Station,E01030375,Elmbridge 012E,Other theft,Investigation complete; no suspect identified,
26d5e80c6ae3d96bf3d9bf0da484805fa2b60464e4e8ed39693a62f7c76dcce6,2023-06,Surrey Police,Surrey Police,-0.450350,51.371285,On or near Petrol Station,E01030375,Elmbridge 012E,Public order,Investigation complete; no suspect identified,
819b0980a805e7723eb604350717d8e994b5f4cb276f7cbbad0e939df8bcbae4,2023-06,Surrey Police,Surrey Police,-0.444723,51.368198,On or near South Road,E01030375,Elmbridge 012E,Public order,Investigation complete; no suspect identified,
08eb0bc192d3d343467fccac9f7ca4de43e6e824cfff1000b8480c30934ad1c6,2023-06,Surrey Police,Surrey Police,-0.444723,51.368198,On or near South Road,E01030375,Elmbridge 012E,Public order,Unable to prosecute suspect,
f1e3130c3977ce92741eadcba5179590633f1be6396b3a78180793273ab08b76,2023-06,Surrey Police,Surrey Police,-0.444723,51.368198,On or near South Road,E01030375,Elmbridge 012E,Vehicle crime,Unable to prosecute suspect,
f577ea8bd31d296b35c3c6592375b4afe41f1c5ff9fcba62866ef22e9192b497,2023-06,Surrey Police,Surrey Police,-0.444723,51.368198,On or near South Road,E01030375,Elmbridge 012E,Vehicle crime,Investigation complete; no suspect identified,
f2cfa5aebe7849aa64eae569890ddda5766548a7ff9475b52ccaff1cafa7a469,2023-06,Surrey Police,Surrey Police,-0.446809,51.368522,On or near A317,E01030375,Elmbridge 012E,Violence and sexual offences,Offender given a caution,
7ce410a8baae99d6f4e64c88f5ea1b07cc12ee07995f038df781dde2e09812c4,2023-06,Surrey Police,Surrey Police,-0.455349,51.366207,On or near Park Drive,E01030376,Elmbridge 012F,Burglary,Status update unavailable,
650b4e9574450409373d7777511641c505333314c6520961a059ac53787f99d9,2023-06,Surrey Police,Surrey Police,-0.458629,51.362204,On or near Caenwood Close,E01030376,Elmbridge 012F,Robbery,Unable to prosecute suspect,
8590e8c923904d7b62152e62305eb942868502502b46f2b33c64f0a02aaf95a5,2023-06,Surrey Police,Surrey Police,-0.458869,51.367890,On or near St Charles Place,E01030376,Elmbridge 012F,Violence and sexual offences,Investigation complete; no suspect identified,
724deec030a0c5a090c0c73fb8fe06288312b3913e991198f576e91f49f0d04f,2023-06,Surrey Police,Surrey Police,-0.465522,51.362672,On or near Further/Higher Educational Building,E01030376,Elmbridge 012F,Violence and sexual offences,Unable to prosecute suspect,
8dd230c6ec856802671cc997fb8f17986948b0d151d73cb769f37b885ed5ebee,2023-06,Surrey Police,Surrey Police,-0.466432,51.365121,On or near Brooklands Lane,E01030376,Elmbridge 012F,Violence and sexual offences,Investigation complete; no suspect identified,
ca43c829ca3b26e66914cd815eb07cdcd0cea2054c863c3c6ea1f916ae67b854,2023-06,Surrey Police,Surrey Police,-0.453308,51.365389,On or near Heathside,E01030376,Elmbridge 012F,Violence and sexual offences,Unable to prosecute suspect,
251a1758283838e63a08d7421d19c97fa53ace3d8c3fba42265ea2cb7117b7ca,2023-06,Surrey Police,Surrey Police,-0.455282,51.364768,On or near Brumana Close,E01030376,Elmbridge 012F,Violence and sexual offences,Unable to prosecute suspect,
,2023-06,Surrey Police,Surrey Police,-0.365525,51.371373,On or near Tellisford,E01030307,Elmbridge 013A,Anti-social behaviour,,
,2023-06,Surrey Police,Surrey Police,-0.363897,51.371090,On or near Warren Close,E01030307,Elmbridge 013A,Anti-social behaviour,,
,2023-06,Surrey Police,Surrey Police,-0.366120,51.369979,On or near Church Street,E01030307,Elmbridge 013A,Anti-social behaviour,,
9c6ffbf92a8294c948526434fe9b8f7468e9993fbb393fb36fb2c83e55d4a1b6,2023-06,Surrey Police,Surrey Police,-0.365222,51.370587,On or near A3009,E01030307,Elmbridge 013A,Bicycle theft,Investigation complete; no suspect identified,
18ac28b4ee59c5490ceefcf0aea1ae3d50403a2639c15caee8f69e1970e14787,2023-06,Surrey Police,Surrey Police,-0.363897,51.371090,On or near Warren Close,E01030307,Elmbridge 013A,Public order,Investigation complete; no suspect identified,
242ee5c43a57c2bf2c073b9c83de391b092d5ccfcef080c8325fd2dd0be2d49f,2023-06,Surrey Police,Surrey Police,-0.362796,51.362091,On or near Haymeads Drive,E01030307,Elmbridge 013A,Public order,Unable to prosecute suspect,
3fe42f7596eda2bee051d4717f389732e3959e4532d2d415605edb9edd608712,2023-06,Surrey Police,Surrey Police,-0.365283,51.369302,On or near High Street,E01030307,Elmbridge 013A,Violence and sexual offences,Unable to prosecute suspect,
9378765faba79632c248c39fd9e6fb2fbe7e74009849dfbfba183cc37777b13b,2023-06,Surrey Police,Surrey Police,-0.366456,51.367816,On or near Parking Area,E01030308,Elmbridge 013B,Public order,Investigation complete; no suspect identified,
be900019229b7ab897e680f5e01f975cd81ecec91bf0f3ef82c49cba37763daa,2023-06,Surrey Police,Surrey Police,-0.366456,51.367816,On or near Parking Area,E01030308,Elmbridge 013B,Shoplifting,Investigation complete; no suspect identified,
fa61015a953be2e1f95da668e6a1022269aa62489938f4b6824216f4794d0268,2023-06,Surrey Police,Surrey Police,-0.366456,51.367816,On or near Parking Area,E01030308,Elmbridge 013B,Shoplifting,Court result unavailable,
9cd83189beb07e5d5e0ed5764add1e48dd1a239f6f1e8784a0bad79bbe282724,2023-06,Surrey Police,Surrey Police,-0.366456,51.367816,On or near Parking Area,E01030308,Elmbridge 013B,Shoplifting,Investigation complete; no suspect identified,
6d65940dca82178116cdace25be28ca8601dedac46789679af26993ecc85d4e8,2023-06,Surrey Police,Surrey Police,-0.366456,51.367816,On or near Parking Area,E01030308,Elmbridge 013B,Shoplifting,Investigation complete; no suspect identified,
df45f9f052a20921d6f2ce948d6b243b43e264815f0db48020acac978c957e71,2023-06,Surrey Police,Surrey Police,-0.366456,51.367816,On or near Parking Area,E01030308,Elmbridge 013B,Shoplifting,Investigation complete; no suspect identified,
d5e6ff53dbd2db5e1251f2e61e4e3c812323da2e49248d17b85a67563b0f4e3b,2023-06,Surrey Police,Surrey Police,-0.363256,51.363689,On or near Bracondale,E01030308,Elmbridge 013B,Vehicle crime,Investigation complete; no suspect identified,
2baa077e34a645abff0af48e4e3ee4b44f614a46e379614bffdd3bfe28e29642,2023-06,Surrey Police,Surrey Police,-0.368107,51.367030,On or near Parking Area,E01030308,Elmbridge 013B,Violence and sexual offences,Investigation complete; no suspect identified,
025d3274f4d23fe6d6984a8b4f53f0e299b1fd5637edea8075feaa201bf8deb0,2023-06,Surrey Police,Surrey Police,-0.369637,51.368859,On or near Clive Road,E01030308,Elmbridge 013B,Violence and sexual offences,Unable to prosecute suspect,
,2023-06,Surrey Police,Surrey Police,-0.367443,51.352302,On or near Park/Open Space,E01030309,Elmbridge 013C,Anti-social behaviour,,
,2023-06,Surrey Police,Surrey Police,-0.378750,51.365460,On or near West End Gardens,E01030309,Elmbridge 013C,Anti-social behaviour,,
,2023-06,Surrey Police,Surrey Police,-0.378750,51.365460,On or near West End Gardens,E01030309,Elmbridge 013C,Anti-social behaviour,,
2c453c9d822d14fa40f456846a43e7c780f8cc6c07924ed0d32a6656d8c335ba,2023-06,Surrey Police,Surrey Police,-0.378750,51.365460,On or near West End Gardens,E01030309,Elmbridge 013C,Criminal damage and arson,Investigation complete; no suspect identified,
963dcffd396797bd01415b641d6f286675e99923128281af0fbc0bf809994880,2023-06,Surrey Police,Surrey Police,-0.373227,51.362020,On or near Hawkshill Place,E01030309,Elmbridge 013C,Other theft,Investigation complete; no suspect identified,
25d383763ade9c902e50025e82fd640f14c1f954177c337b6a4002f8429c40ac,2023-06,Surrey Police,Surrey Police,-0.378750,51.365460,On or near West End Gardens,E01030309,Elmbridge 013C,Public order,Investigation complete; no suspect identified,
dd2fedc089573ace3fe4b28c05c047779b65905e7ebcce7fa38e397d2a5101fe,2023-06,Surrey Police,Surrey Police,-0.366285,51.359694,On or near Claremont End,E01030309,Elmbridge 013C,Violence and sexual offences,Unable to prosecute suspect,
d0023837eceb4e59bb24df56580ee7e3d905e478bae3604a8e322225d060aa80,2023-06,Surrey Police,Surrey Police,-0.366285,51.359694,On or near Claremont End,E01030309,Elmbridge 013C,Violence and sexual offences,Unable to prosecute suspect,
de4c11baec803ac6291ce505a92d42c5d77038140bbe2de4a2fe57dabf1086c7,2023-06,Surrey Police,Surrey Police,-0.368971,51.375864,On or near More Lane,E01030310,Elmbridge 013D,Other crime,Formal action is not in the public interest,
,2023-06,Surrey Police,Surrey Police,-0.372213,51.379659,On or near Mill Road,E01030310,Elmbridge 013D,Anti-social behaviour,,
1b9d24c3872eb58bac95f28b7567ef69749ad6d492e04c90416c3057767a8864,2023-06,Surrey Police,Surrey Police,-0.370316,51.380900,On or near Farm Road,E01030310,Elmbridge 013D,Criminal damage and arson,Unable to prosecute suspect,
957c18565f36ce55116fa93afd4008f3a984bd56cb61fbb8996c569bf9c74022,2023-06,Surrey Police,Surrey Police,-0.369038,51.379246,On or near Brooklands Gardens,E01030310,Elmbridge 013D,Criminal damage and arson,Local resolution,
ec1d7688572078a5e02444bad14ad12fe1e77b198c39a4256dfbcb855a254e43,2023-06,Surrey Police,Surrey Police,-0.369599,51.375594,On or near The Gallops,E01030310,Elmbridge 013D,Theft from the person,Investigation complete; no suspect identified,
6e9f7d0224bc82c0eb43f7abb479fcd9b60e0b65c23791c1c981fa308a508fef,2023-06,Surrey Police,Surrey Police,-0.370253,51.380629,On or near Sherriff Close,E01030310,Elmbridge 013D,Violence and sexual offences,Unable to prosecute suspect,
c9af665fa93d61600284cba1931c31ee068fccd715fc135ebf8b5c4fb7c88b90,2023-06,Surrey Police,Surrey Police,-0.369599,51.375594,On or near The Gallops,E01030310,Elmbridge 013D,Violence and sexual offences,Further action is not in the public interest,
adde7928f7d37bd7c20a1e4d73cd1768eed7e1e7c9f3cdc44b153d695b14ffa3,2023-06,Surrey Police,Surrey Police,-0.371942,51.380410,On or near Joseph Locke Way,E01030310,Elmbridge 013D,Violence and sexual offences,Unable to prosecute suspect,
1c904feed6f70f559ba137e2efe11791223a8cb2c06f4dfde968313a6e1827b2,2023-06,Surrey Police,Surrey Police,-0.370253,51.380629,On or near Sherriff Close,E01030310,Elmbridge 013D,Violence and sexual offences,Status update unavailable,
ff43fca725ac1271baf587091790bd5170301156f5f383b35fd68328d1e22fb5,2023-06,Surrey Police,Surrey Police,-0.370253,51.380629,On or near Sherriff Close,E01030310,Elmbridge 013D,Violence and sexual offences,Unable to prosecute suspect,
1022bf6f56ac2d782675c7ee121b09866999a199b4899971eb28555143d5c207,2023-06,Surrey Police,Surrey Police,-0.369038,51.379246,On or near Brooklands Gardens,E01030310,Elmbridge 013D,Violence and sexual offences,Unable to prosecute suspect,
0b99171dca9624de0b466e9a09319593e857417a4d659537d1d7be29ac5056bf,2023-06,Surrey Police,Surrey Police,-0.370253,51.380629,On or near Sherriff Close,E01030310,Elmbridge 013D,Violence and sexual offences,Unable to prosecute suspect,
8466e90fc16af3ce28b841d06c5eba533435d0f18349930014836fa74bfd2180,2023-06,Surrey Police,Surrey Police,-0.369599,51.375594,On or near The Gallops,E01030310,Elmbridge 013D,Other crime,Further action is not in the public interest,
,2023-06,Surrey Police,Surrey Police,-0.392031,51.368952,On or near Riverside Road,E01030311,Elmbridge 014A,Anti-social behaviour,,
,2023-06,Surrey Police,Surrey Police,-0.392885,51.370412,On or near Claremont Avenue,E01030311,Elmbridge 014A,Anti-social behaviour,,
,2023-06,Surrey Police,Surrey Police,-0.393394,51.367343,On or near Brittain Road,E01030311,Elmbridge 014A,Anti-social behaviour,,
,2023-06,Surrey Police,Surrey Police,-0.393527,51.367246,On or near Dukes Road,E01030311,Elmbridge 014A,Anti-social behaviour,,
aedf092a13101f83a6525440424037746caaed3ef9c5f0e58f77c5b462b98a48,2023-06,Surrey Police,Surrey Police,-0.393806,51.369957,On or near Pembroke Avenue,E01030311,Elmbridge 014A,Public order,Status update unavailable,
5577fcd8957c57da91974c8cc4a76ea56842511a8e48477fa479c1dc028f9f1d,2023-06,Surrey Police,Surrey Police,-0.387321,51.370515,On or near Newlands Close,E01030311,Elmbridge 014A,Violence and sexual offences,Unable to prosecute suspect,
2f041f5152befd6d0dd6aa0fc9e05a82ad289ffef18ed0d6528c61aab43cb4d4,2023-06,Surrey Police,Surrey Police,-0.387321,51.370515,On or near Newlands Close,E01030311,Elmbridge 014A,Violence and sexual offences,Unable to prosecute suspect,
4bacac6137b67fcd22a8faa967dc2e7219cfa903356a69546a505eb5ef873970,2023-06,Surrey Police,Surrey Police,-0.398110,51.369701,On or near Albany Road,E01030311,Elmbridge 014A,Violence and sexual offences,Unable to prosecute suspect,
,2023-06,Surrey Police,Surrey Police,-0.393234,51.375614,On or near Marlborough Close,E01030312,Elmbridge 014B,Anti-social behaviour,,
,2023-06,Surrey Police,Surrey Police,-0.394027,51.371417,On or near Molesey Road,E01030312,Elmbridge 014B,Anti-social behaviour,,
,2023-06,Surrey Police,Surrey Police,-0.390003,51.369824,On or near Grange Road,E01030312,Elmbridge 014B,Anti-social behaviour,,
010c17cae0c71c138291c28460c0fa364f0f4527194ecb4df56073157e2abea4,2023-06,Surrey Police,Surrey Police,-0.390003,51.369824,On or near Grange Road,E01030312,Elmbridge 014B,Criminal damage and arson,Unable to prosecute suspect,
14edff10636ad693f62dc489a89c2ea73fbf3d52f5269b153ebc55aaa2a4f15f,2023-06,Surrey Police,Surrey Police,-0.394027,51.371417,On or near Molesey Road,E01030312,Elmbridge 014B,Drugs,Local resolution,
99a9af3a82b8c296f0f34f5c0b0a683dbbf91a6a1467f9ed5d60f17ad2556ccd,2023-06,Surrey Police,Surrey Police,-0.394027,51.371417,On or near Molesey Road,E01030312,Elmbridge 014B,Drugs,Unable to prosecute suspect,
1ab595d25bba8ef88b4c1da15b452e596e90c7f5490f805ff1cc92521a37b74c,2023-06,Surrey Police,Surrey Police,-0.391863,51.372088,On or near Molesey Close,E01030312,Elmbridge 014B,Drugs,Local resolution,
afd2ca12d7d6eb416c56da5b529e0b2599c2f880aed5636cf2e64294fc822a10,2023-06,Surrey Police,Surrey Police,-0.392901,51.374863,On or near Arch Road,E01030312,Elmbridge 014B,Other theft,Unable to prosecute suspect,
9513105b4a53d4b551122b92ebce98ffe01430093f389ac30bb58925678fb68a,2023-06,Surrey Police,Surrey Police,-0.394027,51.371417,On or near Molesey Road,E01030312,Elmbridge 014B,Public order,Investigation complete; no suspect identified,
026fb36bef6c89caa052139e471c8a134cc45753e5f868f6b604a355ec7c965d,2023-06,Surrey Police,Surrey Police,-0.395131,51.373554,On or near Sports/Recreation Area,E01030312,Elmbridge 014B,Violence and sexual offences,Investigation complete; no suspect identified,
35bad9bcaf8188afa198d99e7678a0f19c9c7160ed178b8b64932c7a6295ba44,2023-06,Surrey Police,Surrey Police,-0.391863,51.372088,On or near Molesey Close,E01030312,Elmbridge 014B,Violence and sexual offences,Unable to prosecute suspect,
c048ba86b4028c4dfc13899eb5974f72b9b85c6bec4f00a64ca1182b70fe320c,2023-06,Surrey Police,Surrey Police,-0.393764,51.372798,On or near Parking Area,E01030312,Elmbridge 014B,Violence and sexual offences,Unable to prosecute suspect,
63f9d51f2cfb886c1dd2e61b03e98fd897b267bb14294d1d5c7284f62cd6bee5,2023-06,Surrey Police,Surrey Police,-0.407750,51.363889,On or near Ashton Close,E01030315,Elmbridge 014C,Other theft,Unable to prosecute suspect,
1fdb33bfe0910267661454b00a6c6ef4b3a04845b9486a361dcfa5c81ad9c0dd,2023-06,Surrey Police,Surrey Police,-0.407750,51.363889,On or near Ashton Close,E01030315,Elmbridge 014C,Other theft,Unable to prosecute suspect,
dab28d3323a54b3cb99733c4fbe3cce4b9d6ff35a81a52c5d1a859bd1d3ffbcf,2023-06,Surrey Police,Surrey Police,-0.405096,51.365453,On or near Carmalt Gardens,E01030315,Elmbridge 014C,Violence and sexual offences,Unable to prosecute suspect,
060e8b01ed7ffbb42a857ab37afc2a14a5f593b99203e9ca9c019fbda26a1c5a,2023-06,Surrey Police,Surrey Police,-0.404177,51.366268,On or near Ingrams Close,E01030316,Elmbridge 014D,Violence and sexual offences,Unable to prosecute suspect,
abb5b4442aa831889432316e8fa2cd47f6be051b5f416220537add04f160cf99,2023-06,Surrey Police,Surrey Police,-0.404177,51.366268,On or near Ingrams Close,E01030316,Elmbridge 014D,Violence and sexual offences,Unable to prosecute suspect,
1a5d011e2459ba1ba7647c78997be8b24d0f8766ae18aa9920a0c2f11aeb2153,2023-06,Surrey Police,Surrey Police,-0.407164,51.367532,On or near Queens Road,E01030316,Elmbridge 014D,Violence and sexual offences,Unable to prosecute suspect,
dbf5bb1d770557fd96ec484ef47677683618e44d0f56159d6aee0b450b251683,2023-06,Surrey Police,Surrey Police,-0.395769,51.367619,On or near Supermarket,E01030317,Elmbridge 014E,Public order,Unable to prosecute suspect,
488f2a0c1dd8f5659d64edaf80033fc7a34b12bef209a790940ad47827f09310,2023-06,Surrey Police,Surrey Police,-0.395769,51.367619,On or near Supermarket,E01030317,Elmbridge 014E,Public order,Unable to prosecute suspect,
85049748e07355fe99ce95aadf6099ed99bfaf86e73c54983f05515020e39471,2023-06,Surrey Police,Surrey Police,-0.396240,51.368129,On or near Petrol Station,E01030317,Elmbridge 014E,Violence and sexual offences,Unable to prosecute suspect,
775debc94241ab45d6d714da11a57e85b5a589ee5e61a67342e287cf1c828e23,2023-06,Surrey Police,Surrey Police,-0.395769,51.367619,On or near Supermarket,E01030317,Elmbridge 014E,Violence and sexual offences,Court result unavailable,
,2023-06,Surrey Police,Surrey Police,-0.396939,51.366205,On or near Thrupps Avenue,E01030317,Elmbridge 014E,Anti-social behaviour,,
,2023-06,Surrey Police,Surrey Police,-0.395769,51.367619,On or near Supermarket,E01030317,Elmbridge 014E,Anti-social behaviour,,
,2023-06,Surrey Police,Surrey Police,-0.395769,51.367619,On or near Supermarket,E01030317,Elmbridge 014E,Anti-social behaviour,,
a6b84a6a1ac13e719a6b278f97e0031f3d18aad99bd9356a8db9eaf196f53a1a,2023-06,Surrey Police,Surrey Police,-0.400042,51.364575,On or near Avondale Close,E01030317,Elmbridge 014E,Burglary,Status update unavailable,
0f67186817f7807d133f54aa4a160d98c984d2695fce8fb7d48656d337c7d955,2023-06,Surrey Police,Surrey Police,-0.402935,51.366880,On or near Snellings Road,E01030317,Elmbridge 014E,Drugs,Court result unavailable,
363fa5b8ad48466e1e1236d752df443035f92ef4c41114225fad996ba10d38e3,2023-06,Surrey Police,Surrey Police,-0.396240,51.368129,On or near Petrol Station,E01030317,Elmbridge 014E,Other theft,Investigation complete; no suspect identified,
0fa9f35688dc452981fe35b05a9722b4fe200b5a5f59f9939d1b5742a93e95ff,2023-06,Surrey Police,Surrey Police,-0.399714,51.366953,On or near Claremont Close,E01030317,Elmbridge 014E,Public order,Investigation complete; no suspect identified,
a2b8f99270f47d01688692abebfbdbf88b8aca843948116d9fc9b20131ec5375,2023-06,Surrey Police,Surrey Police,-0.398550,51.365319,On or near Shopping Area,E01030317,Elmbridge 014E,Public order,Investigation complete; no suspect identified,
d02060a832b9c506388dc9fca82f8ffb350a5be2afdd7c8d96134a82279c803b,2023-06,Surrey Police,Surrey Police,-0.396240,51.368129,On or near Petrol Station,E01030317,Elmbridge 014E,Public order,Investigation complete; no suspect identified,
3d3cde95d587c1ffbdc35f249aa47601a4d5d50399c7127ef1bc07e72524c177,2023-06,Surrey Police,Surrey Police,-0.398550,51.365319,On or near Shopping Area,E01030317,Elmbridge 014E,Violence and sexual offences,Unable to prosecute suspect,
fdd93751a6bd445bcc34996809ff08368c16526daa010c10372a447444fc8d72,2023-06,Surrey Police,Surrey Police,-0.399714,51.366953,On or near Claremont Close,E01030317,Elmbridge 014E,Violence and sexual offences,Local resolution,
0e0213909274d70ad99cf088bb45b648feaa9fc8e5c5e6277f6f9def81493b6c,2023-06,Surrey Police,Surrey Police,-0.399714,51.366953,On or near Claremont Close,E01030317,Elmbridge 014E,Violence and sexual offences,Status update unavailable,
55bb47f0ed8d028b514023dbfd6815fc17ab018e387817920fe7732665ac96d7,2023-06,Surrey Police,Surrey Police,-0.402935,51.366880,On or near Snellings Road,E01030317,Elmbridge 014E,Violence and sexual offences,Unable to prosecute suspect,
d8628cbd0c94dcd61cc2957bcc59a2875f11c7244e44f3b3379d0626dcab094e,2023-06,Surrey Police,Surrey Police,-0.399729,51.363644,On or near Pleasant Place,E01030317,Elmbridge 014E,Violence and sexual offences,Court result unavailable,
945f9c008d7a3e460231d1d829245694d08b04e36f3d92fd0ef6830d0ba69a64,2023-06,Surrey Police,Surrey Police,-0.399714,51.366953,On or near Claremont Close,E01030317,Elmbridge 014E,Violence and sexual offences,Status update unavailable,
82ff2dab49660054b384b49da62ffb07075ce7d331258528c97cbe4274188f5e,2023-06,Surrey Police,Surrey Police,-0.430168,51.328743,On or near Park/Open Space,E01030318,Elmbridge 014F,Public order,Court result unavailable,
,2023-06,Surrey Police,Surrey Police,-0.430540,51.335269,On or near Sports/Recreation Area,E01030318,Elmbridge 014F,Anti-social behaviour,,
45cb6d9652e93d3dd48e655c0f7e687f957d9a079fc6c08a9c87a0c33c0aa350,2023-06,Surrey Police,Surrey Police,-0.402889,51.357860,On or near Burhill Road,E01030318,Elmbridge 014F,Criminal damage and arson,Investigation complete; no suspect identified,
f8650bb29549094f728706a670964dd3b3d26436aba8aa9ade5c322159738f56,2023-06,Surrey Police,Surrey Police,-0.412716,51.361942,On or near Eastwick Road,E01030318,Elmbridge 014F,Vehicle crime,Investigation complete; no suspect identified,
f77936f901711a76c3e396b99681c6e59153f1a7e8525eea293725d85be41faf,2023-06,Surrey Police,Surrey Police,-0.426240,51.340839,On or near Sports/Recreation Area,E01030318,Elmbridge 014F,Violence and sexual offences,Status update unavailable,
340003909cf014feb8878b0469c897f2ee5079780157808c3ed757873bd88bd2,2023-06,Surrey Police,Surrey Police,-0.402889,51.357860,On or near Burhill Road,E01030318,Elmbridge 014F,Violence and sexual offences,Investigation complete; no suspect identified,
2a9096ceb8e4be7a41a671d14daa1736ac9e8ad87107a4d96c40f53401cd44a0,2023-06,Surrey Police,Surrey Police,-0.327431,51.361313,On or near Bridle Road,E01030296,Elmbridge 015A,Burglary,Unable to prosecute suspect,
,2023-06,Surrey Police,Surrey Police,-0.325412,51.356005,On or near Barwell Lane,E01030296,Elmbridge 015A,Anti-social behaviour,,
,2023-06,Surrey Police,Surrey Police,-0.323981,51.358242,On or near Ruxley Crescent,E01030296,Elmbridge 015A,Anti-social behaviour,,
5f0350c2dff02a0372b7f485444b06bbf66ddcbb0efeef25ac30dfe1d55e1d13,2023-06,Surrey Police,Surrey Police,-0.334793,51.359115,On or near Common Road,E01030296,Elmbridge 015A,Other theft,Unable to prosecute suspect,
b9f60dfb61a77b2551a56eaf0eec7b153b10b3afda43cb9289f75ddf1f1558b6,2023-06,Surrey Police,Surrey Police,-0.329084,51.359691,On or near Stevens' Lane,E01030296,Elmbridge 015A,Vehicle crime,Investigation complete; no suspect identified,
62aad8258023b4e3265f1f822d1d934466cb6de215d36d3116408ed4373e241c,2023-06,Surrey Police,Surrey Police,-0.333389,51.360993,On or near Hermitage Close,E01030296,Elmbridge 015A,Violence and sexual offences,Unable to prosecute suspect,
33e08924e18c7e0ddf6d9ac66a9ee73a5eef45419ca882430dfb07807cde2334,2023-06,Surrey Police,Surrey Police,-0.334793,51.359115,On or near Common Road,E01030296,Elmbridge 015A,Violence and sexual offences,Unable to prosecute suspect,
2b66f5b5ff763ae03bc27dbdb80916368c50d5a87d2090a7af1a1f56e6caa783,2023-06,Surrey Police,Surrey Police,-0.345556,51.360976,On or near Supermarket,E01030297,Elmbridge 015B,Bicycle theft,Investigation complete; no suspect identified,
4357cf9056c23b57671a8c443a6bde251c17d598d72b330165d9f874dcc7ef37,2023-06,Surrey Police,Surrey Police,-0.338220,51.362464,On or near The Roundway,E01030297,Elmbridge 015B,Public order,Investigation complete; no suspect identified,
ab38ca24e64a1e773a2a19f6d5745e684602c80133af0272b70aa08b354b7e40,2023-06,Surrey Police,Surrey Police,-0.346760,51.359842,On or near Athlone,E01030297,Elmbridge 015B,Violence and sexual offences,Investigation complete; no suspect identified,
0b9fcd1c67adc5f2c3f342beee60c510959a74aecc56f99838f4c70506e535f5,2023-06,Surrey Police,Surrey Police,-0.348107,51.363917,On or near Aston Road,E01030297,Elmbridge 015B,Violence and sexual offences,Unable to prosecute suspect,
9e0ca50958fa2ce4745571ad6d39354798054db11076dd08104803f70b35ef7c,2023-06,Surrey Police,Surrey Police,-0.342517,51.359612,On or near Fawcus Close,E01030298,Elmbridge 015C,Public order,Unable to prosecute suspect,
e2b6e046ba5e550de512af9bd7cfee2d4fb6a1faf2b85d038031a47372ab0863,2023-06,Surrey Police,Surrey Police,-0.336353,51.361655,On or near Brookfield Gardens,E01030298,Elmbridge 015C,Vehicle crime,Investigation complete; no suspect identified,
90b2dbd0e8c6cec72185ea462c5d2373d316779d7686683117ace52b03f2cd79,2023-06,Surrey Police,Surrey Police,-0.344548,51.359460,On or near Firs Close,E01030298,Elmbridge 015C,Violence and sexual offences,Unable to prosecute suspect,
8442908a3bef5e80463eb90f4b1b4bd37cf9c7d0c156efa7b7e2a82c2280f0ba,2023-06,Surrey Police,Surrey Police,-0.342517,51.359612,On or near Fawcus Close,E01030298,Elmbridge 015C,Violence and sexual offences,Unable to prosecute suspect,
eeeb0450ad5c45c4e02d453c1fe17a37d28c7a08d8cd425d4fa23a172ee07270,2023-06,Surrey Police,Surrey Police,-0.336353,51.361655,On or near Brookfield Gardens,E01030298,Elmbridge 015C,Violence and sexual offences,Unable to prosecute suspect,
38c1ee3da3b35c87053b28bf63e560f2a8949912c3d8291e2856d2f6f75f9e56,2023-06,Surrey Police,Surrey Police,-0.337671,51.353806,On or near Foxwarren,E01030299,Elmbridge 015D,Criminal damage and arson,Unable to prosecute suspect,
4de5ab2632fba3805a2c12673b43172650e82faefdb47db99027f7b4f2150e05,2023-06,Surrey Police,Surrey Police,-0.337671,51.353806,On or near Foxwarren,E01030299,Elmbridge 015D,Violence and sexual offences,Unable to prosecute suspect,
ed18e082c3d21e02f0b6398f6798c8ac7361939d6a2750f21202acff7d02f176,2023-06,Surrey Police,Surrey Police,-0.336484,51.351676,On or near Holroyd Road,E01030299,Elmbridge 015D,Bicycle theft,Investigation complete; no suspect identified,
ff0931324e5e08461a3dde127c9f18efbf57cd92a79913fd6969f6772f77103e,2023-06,Surrey Police,Surrey Police,-0.337586,51.350594,On or near Glebelands,E01030299,Elmbridge 015D,Public order,Unable to prosecute suspect,
429e90a4fac81b25580c656009c11b02656f4f726c378f3fbb967b1e7a3c77c8,2023-06,Surrey Police,Surrey Police,-0.335055,51.351880,On or near Dove Place,E01030299,Elmbridge 015D,Vehicle crime,Investigation complete; no suspect identified,
5abc21d4b8fc6f85337ac2040b1a7c968b0f1a04edf392016c931455d62ed06e,2023-06,Surrey Police,Surrey Police,-0.335055,51.351880,On or near Dove Place,E01030299,Elmbridge 015D,Vehicle crime,Investigation complete; no suspect identified,
7dd50fa96c7a65c3272258f1061176d71a011a54b587ad5b53c0fb6c52db0633,2023-06,Surrey Police,Surrey Police,-0.337671,51.353806,On or near Foxwarren,E01030299,Elmbridge 015D,Violence and sexual offences,Unable to prosecute suspect,
568fc50adaa8788137dd073dd6bf198f0d0b21ba5cd33086958c42bec24abdd8,2023-06,Surrey Police,Surrey Police,-0.446976,51.355099,On or near Wood Lane,E01030346,Elmbridge 016A,Burglary,Status update unavailable,
58eed419a9715700096753792a7bda87f4a77b97a6fa81c1633c61b6dff85823,2023-06,Surrey Police,Surrey Police,-0.464162,51.341513,On or near Park/Open Space,E01030346,Elmbridge 016A,Criminal damage and arson,Unable to prosecute suspect,
fa912086d8caf7a7f3e866dbc48a3a75a8c76fa0dbcd0bcf45dc74128ed8ee80,2023-06,Surrey Police,Surrey Police,-0.434991,51.335507,On or near A245,E01030346,Elmbridge 016A,Other theft,Investigation complete; no suspect identified,
855aa9a0272ec3274824e2595f7046bf6aa48e73f15822b24c6af4efb6583b9c,2023-06,Surrey Police,Surrey Police,-0.441737,51.355857,On or near Warreners Lane,E01030346,Elmbridge 016A,Other theft,Formal action is not in the public interest,
48b41d9aa3be53e73ea2d0ce6a2fe047b701a1055cd4b908c8669274bc276fce,2023-06,Surrey Police,Surrey Police,-0.452025,51.339078,On or near Redhill Road,E01030346,Elmbridge 016A,Other theft,Investigation complete; no suspect identified,
339fbf77fdc84244cb6d66239a9e8b00ff5acba68dcbba2107651727b8d31a57,2023-06,Surrey Police,Surrey Police,-0.464229,51.346802,On or near Fernihough Close,E01030346,Elmbridge 016A,Violence and sexual offences,Status update unavailable,
,2023-06,Surrey Police,Surrey Police,-0.463012,51.348413,On or near Eyston Drive,E01030347,Elmbridge 016B,Anti-social behaviour,,
,2023-06,Surrey Police,Surrey Police,-0.463012,51.348413,On or near Eyston Drive,E01030347,Elmbridge 016B,Anti-social behaviour,,
,2023-06,Surrey Police,Surrey Police,-0.475344,51.344650,On or near Shopping Area,E01030347,Elmbridge 016B,Anti-social behaviour,,
,2023-06,Surrey Police,Surrey Police,-0.463026,51.346714,On or near Petrol Station,E01030347,Elmbridge 016B,Anti-social behaviour,,
,2023-06,Surrey Police,Surrey Police,-0.463026,51.346714,On or near Petrol Station,E01030347,Elmbridge 016B,Anti-social behaviour,,
,2023-06,Surrey Police,Surrey Police,-0.475344,51.344650,On or near Shopping Area,E01030347,Elmbridge 016B,Anti-social behaviour,,
,2023-06,Surrey Police,Surrey Police,-0.463026,51.346714,On or near Petrol Station,E01030347,Elmbridge 016B,Anti-social behaviour,,
12eaf874811261e77fc37e91fbc95f92c61444528d0976421cd1881890b9b37d,2023-06,Surrey Police,Surrey Police,-0.475344,51.344650,On or near Shopping Area,E01030347,Elmbridge 016B,Criminal damage and arson,Investigation complete; no suspect identified,
362df0555724afa64ba55124309b7855524af0ff2d377d045657221037d7c5d5,2023-06,Surrey Police,Surrey Police,-0.475344,51.344650,On or near Shopping Area,E01030347,Elmbridge 016B,Criminal damage and arson,Investigation complete; no suspect identified,
9ec305d487385fd9bb877f78e4f198c89354a888ebbd92b6ce2f6e262595ecf1,2023-06,Surrey Police,Surrey Police,-0.464525,51.357704,On or near Railton Close,E01030347,Elmbridge 016B,Criminal damage and arson,Investigation complete; no suspect identified,
63d357a4ffa33705f9545cd0594700573ce6d010814d2d836ccf5c669d47c031,2023-06,Surrey Police,Surrey Police,-0.475344,51.344650,On or near Shopping Area,E01030347,Elmbridge 016B,Other theft,Investigation complete; no suspect identified,
1cb768655887baca617385bfdba166e8efce4e508f3bd2a13d056a1817ba6c5a,2023-06,Surrey Police,Surrey Police,-0.475613,51.346878,On or near Vickers Drive South,E01030347,Elmbridge 016B,Other theft,Unable to prosecute suspect,
294a47f5e7d7a3edf2fd72ecab16730610e5f3d33fcfc63e2abdcd274f6e3f5c,2023-06,Surrey Police,Surrey Police,-0.474012,51.345356,On or near Supermarket,E01030347,Elmbridge 016B,Public order,Unable to prosecute suspect,
d189568778fa44b7357948cd0d510fc2734d3d0a5b790442a0bf2405f6940f51,2023-06,Surrey Police,Surrey Police,-0.475344,51.344650,On or near Shopping Area,E01030347,Elmbridge 016B,Shoplifting,Investigation complete; no suspect identified,
124179b9f67ad0ab2801c3ddea76cd5d7b3524c83d09536297d71bc5592e57c3,2023-06,Surrey Police,Surrey Police,-0.463026,51.346714,On or near Petrol Station,E01030347,Elmbridge 016B,Vehicle crime,Investigation complete; no suspect identified,
0ad60368f7ac5a2b12bf51ca733aa9ec4939b1e0376d2e51e81a6b7058743fba,2023-06,Surrey Police,Surrey Police,-0.478175,51.348881,On or near Trade City,E01030347,Elmbridge 016B,Vehicle crime,Investigation complete; no suspect identified,
641622f9cfc92a3c7b00bdd0b0894041a04e4c0dcd3ed33272f800dfbc3ac9c0,2023-06,Surrey Police,Surrey Police,-0.479266,51.349318,On or near Wintersells Road,E01030347,Elmbridge 016B,Violence and sexual offences,Investigation complete; no suspect identified,
0dcc4c02baaabe2693e2000dbd40aafadb0e55009c9eaee42cd2c698a1da439b,2023-06,Surrey Police,Surrey Police,-0.475344,51.344650,On or near Shopping Area,E01030347,Elmbridge 016B,Violence and sexual offences,Investigation complete; no suspect identified,
bc082b1854bdac910fd2a20976c13c204fed0d19e0f1e6561dd5a0991b8ef216,2023-06,Surrey Police,Surrey Police,-0.454912,51.357416,On or near Crossfield Place,E01030348,Elmbridge 016C,Vehicle crime,Investigation complete; no suspect identified,
2c2b1365e29eb474ad18f099db60bfbcc147de979fcc92b28c49746198e8df3e,2023-06,Surrey Police,Surrey Police,-0.434509,51.365229,On or near Netherby Park,E01030349,Elmbridge 016D,Vehicle crime,Investigation complete; no suspect identified,
ca7943040703fe77201abe64275eec5f2df384f945db6ac9b65daede1fa99a69,2023-06,Surrey Police,Surrey Police,-0.435280,51.364529,On or near Queens Court,E01030349,Elmbridge 016D,Vehicle crime,Investigation complete; no suspect identified,
99fb9d399f71e6331ac5526419724757e45e201bc5b3acbed9ba7dbe0fd36d0b,2023-06,Surrey Police,Surrey Police,-0.405746,51.333494,On or near Canada Road,E01030300,Elmbridge 017A,Violence and sexual offences,Unable to prosecute suspect,
7cd29f044f4c874415fde92bf1a17753b7d1b3df7996554cadfed56aec1e80f8,2023-06,Surrey Police,Surrey Police,-0.405668,51.334914,On or near Lockhart Road,E01030300,Elmbridge 017A,Violence and sexual offences,Unable to prosecute suspect,
,2023-06,Surrey Police,Surrey Police,-0.412501,51.331185,On or near Lushington Drive,E01030300,Elmbridge 017A,Anti-social behaviour,,
7d187decee72bef699aa6cffd0e9fcd497e1bba78832443778b726aff0438ee4,2023-06,Surrey Police,Surrey Police,-0.412501,51.331185,On or near Lushington Drive,E01030300,Elmbridge 017A,Criminal damage and arson,Further action is not in the public interest,
4e7d9a76eb70b29224948209378841f35fc38e01e9197bfec6143afe2dbc14c8,2023-06,Surrey Police,Surrey Police,-0.405668,51.334914,On or near Lockhart Road,E01030300,Elmbridge 017A,Criminal damage and arson,Investigation complete; no suspect identified,
d8071b500b09db0d56f7276c21e67f93a67fd7534feaae6980d1688b62d1034e,2023-06,Surrey Police,Surrey Police,-0.407253,51.332273,On or near Four Wents,E01030300,Elmbridge 017A,Other theft,Unable to prosecute suspect,
b5cd86b722b92259d927222d181552107188fd45b9581dfdcc45640d8b40b04c,2023-06,Surrey Police,Surrey Police,-0.405668,51.334914,On or near Lockhart Road,E01030300,Elmbridge 017A,Other theft,Investigation complete; no suspect identified,
ff260a5fb263b6063efc768c94c80885f3e537cc5a57e883172e99708180fff5,2023-06,Surrey Police,Surrey Police,-0.405668,51.334914,On or near Lockhart Road,E01030300,Elmbridge 017A,Public order,Unable to prosecute suspect,
ec8192c30704b6a771e0e647d7074e9fc443971c9f4da566c61a3b8cc90db8e2,2023-06,Surrey Police,Surrey Police,-0.412501,51.331185,On or near Lushington Drive,E01030300,Elmbridge 017A,Public order,Unable to prosecute suspect,
8baeac95a0ecdb7f3da55bdf7ab5c31cd4974d6d8d6fb03a41fa788ecee2384f,2023-06,Surrey Police,Surrey Police,-0.412261,51.329823,On or near Supermarket,E01030300,Elmbridge 017A,Public order,Investigation complete; no suspect identified,
d0dddb3c3f686a1de54f21f8a5fea8733d3a21963ce0ebea7f26b0911295c4ce,2023-06,Surrey Police,Surrey Police,-0.405668,51.334914,On or near Lockhart Road,E01030300,Elmbridge 017A,Public order,Unable to prosecute suspect,
ff7a619c4ce230cef38e85791d3fdd172b3ab56b5b5b35ddce02cd98e0f13f73,2023-06,Surrey Police,Surrey Police,-0.412261,51.329823,On or near Supermarket,E01030300,Elmbridge 017A,Public order,Formal action is not in the public interest,
a7de470a60be147cacf55b3242ee02984cb19017f545a1e9806b9e033436a1de,2023-06,Surrey Police,Surrey Police,-0.412001,51.330269,On or near Parking Area,E01030300,Elmbridge 017A,Shoplifting,Investigation complete; no suspect identified,
577dc95f496e3e83dbbf7934c7e9a2f316c40ba879264e90956207963b079a97,2023-06,Surrey Police,Surrey Police,-0.412261,51.329823,On or near Supermarket,E01030300,Elmbridge 017A,Shoplifting,Investigation complete; no suspect identified,
f69f799cb61199b49318f7c104d3d0b53dfb016b0cbe6ff2519041342000dc5f,2023-06,Surrey Police,Surrey Police,-0.412261,51.329823,On or near Supermarket,E01030300,Elmbridge 017A,Shoplifting,Investigation complete; no suspect identified,
5acad34643a2a6421ec7f824972a25fec9dcc2a0508f184f2ec1282f08c25327,2023-06,Surrey Police,Surrey Police,-0.413977,51.330827,On or near Winstanley Close,E01030300,Elmbridge 017A,Shoplifting,Status update unavailable,
d3198948b9c55adcd96fd4961d81752d6f3485f48b889e4de97da8c19374a103,2023-06,Surrey Police,Surrey Police,-0.412261,51.329823,On or near Supermarket,E01030300,Elmbridge 017A,Shoplifting,Investigation complete; no suspect identified,
bf59de59d9171be74f82c0ddc8fa0d7edceeb20b4a567fd202564f91a362feb3,2023-06,Surrey Police,Surrey Police,-0.412261,51.329823,On or near Supermarket,E01030300,Elmbridge 017A,Violence and sexual offences,Investigation complete; no suspect identified,
6a1e453d87c860dbafbb132352cd14cf497d0d0da9c14e84738a918f728043c6,2023-06,Surrey Police,Surrey Police,-0.407783,51.335608,On or near Lyster Mews,E01030300,Elmbridge 017A,Violence and sexual offences,Unable to prosecute suspect,
cba0e844c6f333ba219533d2b2f7924875cc3e2f6da9008160550afb8bcd1775,2023-06,Surrey Police,Surrey Police,-0.407783,51.335608,On or near Lyster Mews,E01030300,Elmbridge 017A,Violence and sexual offences,Unable to prosecute suspect,
0a0dada55997379570b9fd86f4f23aa25a6a099bdaab655940c7613de97cfd62,2023-06,Surrey Police,Surrey Police,-0.412501,51.331185,On or near Lushington Drive,E01030300,Elmbridge 017A,Violence and sexual offences,Unable to prosecute suspect,
4354158bc1cf3a28c8e1ccf6778e35e25c425b34ee85b7d85597d275ebc88392,2023-06,Surrey Police,Surrey Police,-0.412001,51.330269,On or near Parking Area,E01030300,Elmbridge 017A,Violence and sexual offences,Court result unavailable,
445b6e790b105191c7536a6e708a691920d72fb0d8625fbad436731302c3d7a8,2023-06,Surrey Police,Surrey Police,-0.405668,51.334914,On or near Lockhart Road,E01030300,Elmbridge 017A,Violence and sexual offences,Unable to prosecute suspect,
,2023-06,Surrey Police,Surrey Police,-0.404795,51.328229,On or near Leigh Place,E01030301,Elmbridge 017B,Anti-social behaviour,,
,2023-06,Surrey Police,Surrey Police,-0.404795,51.328229,On or near Leigh Place,E01030301,Elmbridge 017B,Anti-social behaviour,,
a5c5cd35c1bab7bf50a2cd34a98e1bca099f72b477770f6ac8a533c59788e745,2023-06,Surrey Police,Surrey Police,-0.404795,51.328229,On or near Leigh Place,E01030301,Elmbridge 017B,Criminal damage and arson,Investigation complete; no suspect identified,
471d6cae5550c5316400795c0c49f7ac78317f21c45ded2e4c2a7584f8c27e26,2023-06,Surrey Police,Surrey Police,-0.402906,51.336306,On or near St Andrews Gardens,E01030301,Elmbridge 017B,Other theft,Investigation complete; no suspect identified,
dc03e661bcf1980c1419f526fa9d1ef5e6d48fc2276dbc856e79f362ebe74c97,2023-06,Surrey Police,Surrey Police,-0.402906,51.336306,On or near St Andrews Gardens,E01030301,Elmbridge 017B,Violence and sexual offences,Unable to prosecute suspect,
9e7355643ab85b9847370d6ad30c62d50eb475d0a004ff9c6fe46b84490fc22a,2023-06,Surrey Police,Surrey Police,-0.408305,51.330894,On or near Freelands Road,E01030301,Elmbridge 017B,Violence and sexual offences,Unable to prosecute suspect,
cdeafdc739029adc657840621e8f8a2e77a1bbb2f1089717c11cdffcb1a175e4,2023-06,Surrey Police,Surrey Police,-0.403958,51.333712,On or near Ross Road,E01030301,Elmbridge 017B,Violence and sexual offences,Formal action is not in the public interest,
7d6ae304a96eed9ed5d3f9892b8098abffe879d5b4cc184f36dd059f807cc5ca,2023-06,Surrey Police,Surrey Police,-0.406943,51.330444,On or near Hogshill Lane,E01030301,Elmbridge 017B,Violence and sexual offences,Action to be taken by another organisation,
,2023-06,Surrey Police,Surrey Police,-0.406088,51.309956,On or near Bookham Road,E01030302,Elmbridge 017C,Anti-social behaviour,,
,2023-06,Surrey Police,Surrey Police,-0.407144,51.327955,On or near Cedar Avenue,E01030302,Elmbridge 017C,Anti-social behaviour,,
,2023-06,Surrey Police,Surrey Police,-0.412987,51.332918,On or near Parking Area,E01030302,Elmbridge 017C,Anti-social behaviour,,
,2023-06,Surrey Police,Surrey Police,-0.411480,51.326656,On or near Church Street,E01030302,Elmbridge 017C,Anti-social behaviour,,
,2023-06,Surrey Police,Surrey Police,-0.410448,51.305042,On or near Petrol Station,E01030302,Elmbridge 017C,Anti-social behaviour,,
,2023-06,Surrey Police,Surrey Police,-0.412218,51.328564,On or near Hollyhedge Road,E01030302,Elmbridge 017C,Anti-social behaviour,,
,2023-06,Surrey Police,Surrey Police,-0.406088,51.309956,On or near Bookham Road,E01030302,Elmbridge 017C,Anti-social behaviour,,
b50c961fe856f1f0eb30c52a67aa777e710ca4ada3a230e4e371f5c9178f2fca,2023-06,Surrey Police,Surrey Police,-0.410510,51.328154,On or near High Street,E01030302,Elmbridge 017C,Bicycle theft,Investigation complete; no suspect identified,
d7ddf0d0c11e5fad0397b8914145a1dcae977be4f329b73be770eb011cb06b79,2023-06,Surrey Police,Surrey Police,-0.414981,51.330040,On or near Between Streets,E01030302,Elmbridge 017C,Criminal damage and arson,Investigation complete; no suspect identified,
d3acd95fc559323451cc7e14b76816256d525dc9cd65f9b5d9828ff733e68b2d,2023-06,Surrey Police,Surrey Police,-0.412826,51.324669,On or near Bridge Road,E01030302,Elmbridge 017C,Criminal damage and arson,Investigation complete; no suspect identified,
03b20f1cd075f7e5523e3d4cda60ec1d83897996037400472c7e291ee93082a9,2023-06,Surrey Police,Surrey Police,-0.409402,51.326988,On or near River Hill,E01030302,Elmbridge 017C,Criminal damage and arson,Investigation complete; no suspect identified,
09f80be1840aad3ad48574dc310768e052947b190fb58b7bb476154c02a61d56,2023-06,Surrey Police,Surrey Police,-0.410448,51.305042,On or near Petrol Station,E01030302,Elmbridge 017C,Criminal damage and arson,Investigation complete; no suspect identified,
21b0403ed3d53b0150c5cd36d20dbdeeef99e591a98a7685ad09ed67e9ebec59,2023-06,Surrey Police,Surrey Police,-0.409643,51.328745,On or near Watermill Place,E01030302,Elmbridge 017C,Drugs,Local resolution,
ac9fb898698d065701ccb68ef17f378047119ccfddd3f6deb816c22e52097033,2023-06,Surrey Police,Surrey Police,-0.410448,51.305042,On or near Petrol Station,E01030302,Elmbridge 017C,Drugs,Further investigation is not in the public interest,
ef7a62a54387a197b5d966d910a134ea0bc2bfec67859dc8230a33992cee2982,2023-06,Surrey Police,Surrey Police,-0.410510,51.328154,On or near High Street,E01030302,Elmbridge 017C,Other theft,Investigation complete; no suspect identified,
eeaff02f92fec277a35fd2778881e932096bcdd98fc697aa772879787dc4a2e4,2023-06,Surrey Police,Surrey Police,-0.414981,51.330040,On or near Between Streets,E01030302,Elmbridge 017C,Other theft,Investigation complete; no suspect identified,
9c9326ed2aad7034645a0fee5d4fd93553e92764995bb32073af47ba0720c562,2023-06,Surrey Police,Surrey Police,-0.410510,51.328154,On or near High Street,E01030302,Elmbridge 017C,Other theft,Investigation complete; no suspect identified,
adda1d4c930990e6e8548a3c0e6f3c0a211132174d1aaffa6e5eaa6d4dcc711f,2023-06,Surrey Police,Surrey Police,-0.410448,51.305042,On or near Petrol Station,E01030302,Elmbridge 017C,Other theft,Investigation complete; no suspect identified,
6f9861e9fd911fa66bdf46b4f187009b0064ce289be941d4f85b5324b3cc8d32,2023-06,Surrey Police,Surrey Police,-0.408675,51.328489,On or near Cedar Road,E01030302,Elmbridge 017C,Other theft,Investigation complete; no suspect identified,
2eead8f8ac51823ea529b92a5e20dc3e5bca3740e3b586fa238749989d9747e4,2023-06,Surrey Police,Surrey Police,-0.410510,51.328154,On or near High Street,E01030302,Elmbridge 017C,Public order,Investigation complete; no suspect identified,
392f71b29962a845ef4b32176ac9c6b8c8122490db7e117e3edc69d8b536ed6a,2023-06,Surrey Police,Surrey Police,-0.410510,51.328154,On or near High Street,E01030302,Elmbridge 017C,Public order,Investigation complete; no suspect identified,
d6f2e608de78ebe005e40a450dc75257be6004add1554d33a8e02173fd9bebd7,2023-06,Surrey Police,Surrey Police,-0.410510,51.328154,On or near High Street,E01030302,Elmbridge 017C,Public order,Investigation complete; no suspect identified,
4d61a92622a8f6ddcb5e7e92c7b0eaaa988057beb8b4e8e09477d41af260b15a,2023-06,Surrey Police,Surrey Police,-0.410448,51.305042,On or near Petrol Station,E01030302,Elmbridge 017C,Public order,Investigation complete; no suspect identified,
dc13b08482f79048784622175fbd92facbd3efef799c9493d6205c953edf3a4a,2023-06,Surrey Police,Surrey Police,-0.410510,51.328154,On or near High Street,E01030302,Elmbridge 017C,Shoplifting,Investigation complete; no suspect identified,
794d95ea781b774c5ef9067877a5be8e0f0d941710346d175c145064744d6a25,2023-06,Surrey Police,Surrey Police,-0.410448,51.305042,On or near Petrol Station,E01030302,Elmbridge 017C,Theft from the person,Investigation complete; no suspect identified,
50c91c1b6c52a86b752f742eeb1cec76432dcf0e526299d889a0e4352512b66a,2023-06,Surrey Police,Surrey Police,-0.410448,51.305042,On or near Petrol Station,E01030302,Elmbridge 017C,Vehicle crime,Investigation complete; no suspect identified,
b84398eed5244a068003d357e6a252460539b4d0cebc100bffc1f92bb5d1b44e,2023-06,Surrey Police,Surrey Police,-0.409402,51.326988,On or near River Hill,E01030302,Elmbridge 017C,Vehicle crime,Investigation complete; no suspect identified,
6b45348aee56095d6431ee33e7d537389dc9a3eb0381dbb5a4716f75120c648f,2023-06,Surrey Police,Surrey Police,-0.410448,51.305042,On or near Petrol Station,E01030302,Elmbridge 017C,Vehicle crime,Investigation complete; no suspect identified,
f2087ed5dc25cb8d72f26c8c07e33f773aa5422669fb5a4d5e346bf93352bdf5,2023-06,Surrey Police,Surrey Police,-0.412826,51.324669,On or near Bridge Road,E01030302,Elmbridge 017C,Vehicle crime,Investigation complete; no suspect identified,
d7264a6ac02d3684b4b25420b4998e92191c9846ad5eb4af0a611b69f36e9837,2023-06,Surrey Police,Surrey Police,-0.411786,51.311580,On or near Downside Common,E01030302,Elmbridge 017C,Violence and sexual offences,Unable to prosecute suspect,
e8705947fa002aac996d353e47a83c52cd4769c88bf517b2afeec8232eb89a3f,2023-06,Surrey Police,Surrey Police,-0.410510,51.328154,On or near High Street,E01030302,Elmbridge 017C,Violence and sexual offences,Unable to prosecute suspect,
61e2e74249991650092a51a388fc2494bfe3eaf2f0be761140fd0aec1ea2cb8c,2023-06,Surrey Police,Surrey Police,-0.410448,51.305042,On or near Petrol Station,E01030302,Elmbridge 017C,Violence and sexual offences,Local resolution,
b4804e9d8d8029f21acf1c519e60e21e49e91ce7052e49b0359c07ef0aceb73b,2023-06,Surrey Police,Surrey Police,-0.409493,51.328923,On or near Parking Area,E01030302,Elmbridge 017C,Violence and sexual offences,Investigation complete; no suspect identified,
7b99d4d298ae03833c9076f343b4a72aaf7ae94d8aa0c31f3491c1b64c672a73,2023-06,Surrey Police,Surrey Police,-0.410510,51.328154,On or near High Street,E01030302,Elmbridge 017C,Violence and sexual offences,Investigation complete; no suspect identified,
115ccc6f1657263627f8d64da65258d393467e93c7344ec7bd5f3edcf2d4abab,2023-06,Surrey Police,Surrey Police,-0.418115,51.331557,On or near World'S End,E01030302,Elmbridge 017C,Violence and sexual offences,Unable to prosecute suspect,
81c08725b05ad92941e638bad6b6d7fdc3a67c361ce1e9b707169915c020686b,2023-06,Surrey Police,Surrey Police,-0.411786,51.311580,On or near Downside Common,E01030302,Elmbridge 017C,Violence and sexual offences,Unable to prosecute suspect,
33e205897153a8c87c58754476262f4935e9dde94458c5ff3c9d8dc1618e4064,2023-06,Surrey Police,Surrey Police,-0.411456,51.328194,On or near Longboyds,E01030302,Elmbridge 017C,Other crime,Investigation complete; no suspect identified,
,2023-06,Surrey Police,Surrey Police,-0.417908,51.335493,On or near Molesworth Road,E01030304,Elmbridge 017D,Anti-social behaviour,,
,2023-06,Surrey Police,Surrey Police,-0.421217,51.334432,On or near Bennett Close,E01030304,Elmbridge 017D,Anti-social behaviour,,
,2023-06,Surrey Police,Surrey Police,-0.418527,51.333343,On or near Trafalgar Court,E01030304,Elmbridge 017D,Anti-social behaviour,,
,2023-06,Surrey Police,Surrey Police,-0.420905,51.335579,On or near Riverview Gardens,E01030304,Elmbridge 017D,Anti-social behaviour,,
2702056065b18441e5f0433327b30e82a1a63ad35a24f55456848cb87f298c7d,2023-06,Surrey Police,Surrey Police,-0.415009,51.334627,On or near Northfield Road,E01030304,Elmbridge 017D,Criminal damage and arson,Unable to prosecute suspect,
ce8e6137e862a4d4ee17ea6b2595be0921a6751ed610b55c9d4ecc864d4e58d7,2023-06,Surrey Police,Surrey Police,-0.422275,51.333727,On or near Petrol Station,E01030304,Elmbridge 017D,Drugs,Unable to prosecute suspect,
f25f63b25fa9652ef77dc97731289a0015c7a5bba0dc62d5f92ef6f3f7d2fed5,2023-06,Surrey Police,Surrey Police,-0.422275,51.333727,On or near Petrol Station,E01030304,Elmbridge 017D,Public order,Unable to prosecute suspect,
ba9a69cec300de22253bfe09b99e98a3c1ee2ce76c188383b74b3f818247ff68,2023-06,Surrey Police,Surrey Police,-0.418285,51.334113,On or near Hamilton Avenue,E01030304,Elmbridge 017D,Public order,Local resolution,
29e0dd510e58249dab0646e177277c5feba3a878099d20c0e035ed6cb60fef92,2023-06,Surrey Police,Surrey Police,-0.422275,51.333727,On or near Petrol Station,E01030304,Elmbridge 017D,Vehicle crime,Investigation complete; no suspect identified,
6b38798b3c5f93df85980d5c984d1cba3abcd3cf8c3adf13dd2e7ce7fb1dc3e8,2023-06,Surrey Police,Surrey Police,-0.415421,51.335999,On or near Pennyfield,E01030304,Elmbridge 017D,Violence and sexual offences,Further action is not in the public interest,
a03d587ebaee2d0a70e33e71c98c68f9760faa48ad1f097c4a8a218169c6e205,2023-06,Surrey Police,Surrey Police,-0.416933,51.333789,On or near Coveham Crescent,E01030304,Elmbridge 017D,Violence and sexual offences,Unable to prosecute suspect,
4a35a20c76238bbdf170ff161e0128013ae3a195af985f70be50b5098afa90fe,2023-06,Surrey Police,Surrey Police,-0.415421,51.335999,On or near Pennyfield,E01030304,Elmbridge 017D,Violence and sexual offences,Unable to prosecute suspect,
3a63613cc7f36a53e94a1e64f293dc9e1f03237409c629ea3147f88ca322e3d6,2023-06,Surrey Police,Surrey Police,-0.415421,51.335999,On or near Pennyfield,E01030304,Elmbridge 017D,Violence and sexual offences,Further action is not in the public interest,
17555fc6df6aad5f327801435e8c53a7dc8493866045ad3ca3c7688e5b88a3b0,2023-06,Surrey Police,Surrey Police,-0.418673,51.334955,On or near Wyndham Avenue,E01030304,Elmbridge 017D,Violence and sexual offences,Unable to prosecute suspect,
c2368a9bd80285b4efcc63e09cc56767d765354fd714149dcdc11b159cd0bae2,2023-06,Surrey Police,Surrey Police,-0.419335,51.334496,On or near Meadowlands,E01030304,Elmbridge 017D,Violence and sexual offences,Unable to prosecute suspect,
96784e5ffc562ff94bcca4462e87e906aff525257f7cbc758cb9adb06c1202b6,2023-06,Surrey Police,Surrey Police,-0.420319,51.333826,On or near Gavell Road,E01030304,Elmbridge 017D,Violence and sexual offences,Unable to prosecute suspect,
df47d3193da34e81cee3a00397d4bfb7a7233644f161915b6b4089ee8b4f10ae,2023-06,Surrey Police,Surrey Police,-0.419335,51.334496,On or near Meadowlands,E01030304,Elmbridge 017D,Violence and sexual offences,Unable to prosecute suspect,
aee3a476e0b8fe6c3a8e38c784158ed8a8f0497da6a9ccf851bf7aed57b7402d,2023-06,Surrey Police,Surrey Police,-0.417293,51.336249,On or near Queens Court Ride,E01030304,Elmbridge 017D,Violence and sexual offences,Status update unavailable,
7a48e6ee952fd8413f2801146210798f0c1f188f1210db5c3e1f3aa4fd4a2ddd,2023-06,Surrey Police,Surrey Police,-0.415421,51.335999,On or near Pennyfield,E01030304,Elmbridge 017D,Violence and sexual offences,Unable to prosecute suspect,
c62a6925e060e9364956b3ace0dc297fb812aa2d0dfd95da10b798601f1a72d7,2023-06,Surrey Police,Surrey Police,-0.415748,51.336507,On or near Larkfield,E01030304,Elmbridge 017D,Violence and sexual offences,Unable to prosecute suspect,
bbe02614b93cd5740cfdab7db263a3eae719b647a752ccc91b91ec790c74605e,2023-06,Surrey Police,Surrey Police,-0.415421,51.335999,On or near Pennyfield,E01030304,Elmbridge 017D,Other crime,Further action is not in the public interest,
30766de6819d55461a510cf38ee5f131154090bccfcf4b26d904baf87cf9da60,2023-06,Surrey Police,Surrey Police,-0.416933,51.333789,On or near Coveham Crescent,E01030304,Elmbridge 017D,Other crime,Unable to prosecute suspect,
,2023-06,Surrey Police,Surrey Police,-0.386949,51.337751,On or near Burleigh Park,E01030305,Elmbridge 017E,Anti-social behaviour,,
9adc14ee9a83bf7e8f616f6d4152845b3ce7f7cb998447d38360f34627d749f0,2023-06,Surrey Police,Surrey Police,-0.400587,51.338198,On or near The Barton,E01030306,Elmbridge 017F,Public order,Unable to prosecute suspect,
02618c09001e3979e1ba20f14500c8276e882e47d134df0aeffc50f600f141f7,2023-06,Surrey Police,Surrey Police,-0.400587,51.338198,On or near The Barton,E01030306,Elmbridge 017F,Vehicle crime,Investigation complete; no suspect identified,
34820b8749f7b2bf739c2f06c4da401fec9953c92ce8470207b57a739f5e1834,2023-06,Surrey Police,Surrey Police,-0.399457,51.324630,On or near Petrol Station,E01030303,Elmbridge 018A,Public order,Unable to prosecute suspect,
bcef0588f914e19cf1434c7b72f3865b26e3ac430afca8c2cc9de5cc7ce30a9f,2023-06,Surrey Police,Surrey Police,-0.396343,51.323618,On or near Pipers Close,E01030303,Elmbridge 018A,Vehicle crime,Investigation complete; no suspect identified,
,2023-06,Surrey Police,Surrey Police,-0.363498,51.346004,On or near Copsem Lane,E01030342,Elmbridge 018B,Anti-social behaviour,,
1b68de50e893a0f4d64c9319a314d69b5111cbcd9be64cbff91643afd3fd797d,2023-06,Surrey Police,Surrey Police,-0.354149,51.340037,On or near Fairoak Lane,E01030342,Elmbridge 018B,Drugs,Court result unavailable,
23fb0ba886397d72a922cbb7832618b725d6c7ef954dbdbeded7786fd902ecdd,2023-06,Surrey Police,Surrey Police,-0.356717,51.332061,On or near High Street,E01030342,Elmbridge 018B,Other theft,Investigation complete; no suspect identified,
42ec529e520a2f1d28bc2e541927b18dafb61d990f5480ca625f7254d3f44ef4,2023-06,Surrey Police,Surrey Police,-0.357188,51.332940,On or near Parking Area,E01030342,Elmbridge 018B,Other theft,Investigation complete; no suspect identified,
,2023-06,Surrey Police,Surrey Police,-0.381817,51.322042,On or near Blundel Lane,E01030343,Elmbridge 018C,Anti-social behaviour,,
94dfd9850f74ee3c9d72d4a3c28b9fa4eca2c7f852bc2cd11a94baee3353ce86,2023-06,Surrey Police,Surrey Police,-0.375303,51.331331,On or near Littleheath Lane,E01030343,Elmbridge 018C,Vehicle crime,Investigation complete; no suspect identified,
a9a23ed893bf18bb9240235f888e0c8c77c6e632f0f7457624b542315572ef88,2023-06,Surrey Police,Surrey Police,-0.387535,51.323497,On or near Knowle Park,E01030343,Elmbridge 018C,Vehicle crime,Investigation complete; no suspect identified,
da287f3530038a0280792cb926029e7cd14eeaadd994065d796ecef9046068fa,2023-06,Surrey Police,Surrey Police,-0.378554,51.314866,On or near Woodlands Lane,E01030343,Elmbridge 018C,Violence and sexual offences,Status update unavailable,
0b34525da4285c65f8ac5d19a55e16394af171cf7c8bb0f13d919cfb06207cd1,2023-06,Surrey Police,Surrey Police,-0.381817,51.322042,On or near Blundel Lane,E01030343,Elmbridge 018C,Violence and sexual offences,Status update unavailable,
,2023-06,Surrey Police,Surrey Police,-0.359520,51.334771,On or near Warren Lane,E01030344,Elmbridge 018D,Anti-social behaviour,,
,2023-06,Surrey Police,Surrey Police,-0.371003,51.333582,On or near Kimberley Ride,E01030344,Elmbridge 018D,Anti-social behaviour,,
d8e9f559c464e9042ee739fc1f7f7bc7f95928a3980074b10e7313fd15b51af3,2023-06,Surrey Police,Surrey Police,-0.374731,51.333310,On or near Twinoaks,E01030344,Elmbridge 018D,Criminal damage and arson,Investigation complete; no suspect identified,
532b8d56bddd1ad2328ac5f3c891ca8b0d2ed71247112e948f63b243d175e282,2023-06,Surrey Police,Surrey Police,-0.380263,51.333576,On or near Pony Chase,E01030344,Elmbridge 018D,Drugs,Local resolution,
40538b3337bbeda1206d738fd9ce8563627873a39271d70f9bc469b201c2f65e,2023-06,Surrey Police,Surrey Police,-0.362628,51.334958,On or near Goldrings Road,E01030344,Elmbridge 018D,Public order,Investigation complete; no suspect identified,
d89de414cfc2809f79744654e305c54a6cc79e287cb3a12426ebf7fc65fe691f,2023-06,Surrey Police,Surrey Police,-0.364023,51.347387,On or near The Rythe,E01030344,Elmbridge 018D,Public order,Unable to prosecute suspect,
31bfc89ed575674a7827e19d3a03be3d7ace7e4b7b6528e719cabd9785234978,2023-06,Surrey Police,Surrey Police,-0.364023,51.347387,On or near The Rythe,E01030344,Elmbridge 018D,Violence and sexual offences,Unable to prosecute suspect,
6963858897b17f43b5d1a5c170ba99e43e55e44f8a34a41b97d8ae2e3bbc542e,2023-06,Surrey Police,Surrey Police,-0.367430,51.329522,On or near Waverley Road,E01030345,Elmbridge 018E,Violence and sexual offences,Investigation complete; no suspect identified,
5998eb4fa9b68eda9ca4c30b916651ccd4d46a8af531ee4ad02cee3b1cb4c967,2023-06,Surrey Police,Surrey Police,-0.371279,51.329854,On or near Richards Road,E01030345,Elmbridge 018E,Violence and sexual offences,Unable to prosecute suspect,
40c7018397fcaf562c39da0fbe28f74aefa3a8a4b34b94f903f1e56c58ddea4d,2023-06,Surrey Police,Surrey Police,-0.371279,51.329854,On or near Richards Road,E01030345,Elmbridge 018E,Violence and sexual offences,Unable to prosecute suspect,
,2023-06,Surrey Police,Surrey Police,-0.248993,51.374015,On or near Fairford Gardens,E01030386,Epsom and Ewell 001A,Anti-social behaviour,,
8c09506005ccb880b44dc42401aaf069ad90100a7d1f8598305d0da2d235bf6b,2023-06,Surrey Police,Surrey Police,-0.252517,51.372395,On or near Cuddington Avenue,E01030386,Epsom and Ewell 001A,Violence and sexual offences,Unable to prosecute suspect,
c89a85deaa0459707b6a40e002be19f25816a5da8fc5b85e6db2d22d5c7baf6e,2023-06,Surrey Police,Surrey Police,-0.245973,51.372198,On or near Ardrossan Gardens,E01030387,Epsom and Ewell 001B,Violence and sexual offences,Court result unavailable,
,2023-06,Surrey Police,Surrey Police,-0.259050,51.377070,On or near Drumaline Ridge,E01030388,Epsom and Ewell 001C,Anti-social behaviour,,
b9740e2d09b45cefca68cbd43eaeaef8774894f731b74d6fa5bbd8619ab9f639,2023-06,Surrey Police,Surrey Police,-0.263851,51.374740,On or near Riverhill Mews,E01030388,Epsom and Ewell 001C,Other theft,Investigation complete; no suspect identified,
0a6b17e936b5faed7173c48670b98bd08debf549ca280e61d5ededd68d7d533c,2023-06,Surrey Police,Surrey Police,-0.265908,51.373538,On or near Mortimer Crescent,E01030388,Epsom and Ewell 001C,Vehicle crime,Unable to prosecute suspect,
59a3f62abb43d5eaba0b51d390d4da0e0757abe8e253fe7efcdc8c0506595e09,2023-06,Surrey Police,Surrey Police,-0.268743,51.373418,On or near Worcester Park Road,E01030388,Epsom and Ewell 001C,Other crime,Unable to prosecute suspect,
49df6106e880e32245d48e076c024cf2f3d8b2790eb6df4dd894e7b2817dc94e,2023-06,Surrey Police,Surrey Police,-0.250948,51.375492,On or near Edenfield Gardens,E01030389,Epsom and Ewell 001D,Burglary,Status update unavailable,
39719654f47dcd368e829ae09e80973230eff8cc44ba2a9c5b88f375753f91d1,2023-06,Surrey Police,Surrey Police,-0.247914,51.379682,On or near St Helens Close,E01030389,Epsom and Ewell 001D,Violence and sexual offences,Further investigation is not in the public interest,
75aa2559f82e0438204327d82150cbcf6e988e4a8160a6a056564708729218cb,2023-06,Surrey Police,Surrey Police,-0.248321,51.378816,On or near Lansdowne Court,E01030389,Epsom and Ewell 001D,Violence and sexual offences,Status update unavailable,
dd8cf80f354a9851b1d6b48007f01aadcea17158c823e67816caedd7fa392d4d,2023-06,Surrey Police,Surrey Police,-0.252490,51.378402,On or near Dene Close,E01030389,Epsom and Ewell 001D,Violence and sexual offences,Unable to prosecute suspect,
b908369deeedcb45560c54485d18ac59e9988142c58690cfcf5a5ace3ddfa024,2023-06,Surrey Police,Surrey Police,-0.270791,51.370526,On or near Fairway Close,E01030393,Epsom and Ewell 001E,Criminal damage and arson,Investigation complete; no suspect identified,
bef7416a9360197d1d51fdd278dd7621aff4cd38dada2b373e3bbb8a70cba5d5,2023-06,Surrey Police,Surrey Police,-0.264593,51.367656,On or near Pinewood Place,E01030393,Epsom and Ewell 001E,Criminal damage and arson,Investigation complete; no suspect identified,
885874e0e0c25821fd0972080b794d5bae47f62f92ca8ef14913d697c7678c02,2023-06,Surrey Police,Surrey Police,-0.266684,51.369710,On or near Kingston Road,E01030393,Epsom and Ewell 001E,Vehicle crime,Investigation complete; no suspect identified,
e3d1c90cc78b165eb11d287e7b2f108d67bdd355ef452c072d832026feec249e,2023-06,Surrey Police,Surrey Police,-0.260815,51.369920,On or near Sterry Drive,E01030393,Epsom and Ewell 001E,Violence and sexual offences,Unable to prosecute suspect,
e9bd26cb3b7c29881d683076a57a8851d6980488ea7ab0698d451c1712ca87b7,2023-06,Surrey Police,Surrey Police,-0.269994,51.368428,On or near Milbourne Place,E01030393,Epsom and Ewell 001E,Violence and sexual offences,Unable to prosecute suspect,
eee805420cb77c934db566cf3f2d5d6f96a02f4d5a24564b7e32ba9370e3a11a,2023-06,Surrey Police,Surrey Police,-0.266684,51.369710,On or near Kingston Road,E01030393,Epsom and Ewell 001E,Violence and sexual offences,Investigation complete; no suspect identified,
,2023-06,Surrey Police,Surrey Police,-0.266447,51.363070,On or near Pams Way,E01030394,Epsom and Ewell 002A,Anti-social behaviour,,
faed8eaeb7f7dedd42c57e78642c1858d6d537ad6e045dd4ff03976ea4ab0d37,2023-06,Surrey Police,Surrey Police,-0.263369,51.363537,On or near River Way,E01030394,Epsom and Ewell 002A,Other theft,Investigation complete; no suspect identified,
223905f526c18569156f72051f29e19d3ca0c7d263094c613c18f8a83c45f5f3,2023-06,Surrey Police,Surrey Police,-0.262712,51.361549,On or near Oakland Way,E01030394,Epsom and Ewell 002A,Public order,Investigation complete; no suspect identified,
0f26d7cab5f941cb891fb49d3dff504abe5266f689e28dba8585830e389a15e4,2023-06,Surrey Police,Surrey Police,-0.262712,51.361549,On or near Oakland Way,E01030394,Epsom and Ewell 002A,Public order,Investigation complete; no suspect identified,
9b89aa4b7a77c1b6182d3526766874a431462f46acf546e3fe74e8f3d5833d32,2023-06,Surrey Police,Surrey Police,-0.263943,51.367358,On or near Supermarket,E01030394,Epsom and Ewell 002A,Public order,Investigation complete; no suspect identified,
1e48794925211090acbe96451a207626883964eb4582f41d915bf4955d0bd36f,2023-06,Surrey Police,Surrey Police,-0.263943,51.367358,On or near Supermarket,E01030394,Epsom and Ewell 002A,Public order,Unable to prosecute suspect,
a34c00fb88cd98535251d7ae34e0d228af5a75320c6d24612bc1234eac6f24bb,2023-06,Surrey Police,Surrey Police,-0.263369,51.363537,On or near River Way,E01030394,Epsom and Ewell 002A,Vehicle crime,Investigation complete; no suspect identified,
40b71f1e54be8615e3ef7188faf515f64fe9badd5aa7871237215328f145ae47,2023-06,Surrey Police,Surrey Police,-0.269931,51.365513,On or near Huntsmoor Road,E01030394,Epsom and Ewell 002A,Vehicle crime,Investigation complete; no suspect identified,
eab62e580ea3570d5a2994d675caef85487ab86cf6b21a4720f8c0c96c1da956,2023-06,Surrey Police,Surrey Police,-0.269931,51.365513,On or near Huntsmoor Road,E01030394,Epsom and Ewell 002A,Violence and sexual offences,Unable to prosecute suspect,
,2023-06,Surrey Police,Surrey Police,-0.278382,51.362724,On or near Jasmine Road,E01030399,Epsom and Ewell 002B,Anti-social behaviour,,
,2023-06,Surrey Police,Surrey Police,-0.272167,51.364144,On or near Wesley Close,E01030399,Epsom and Ewell 002B,Anti-social behaviour,,
73bce9e7b0ceafca04c8e712e64ad5ede14b43417ee6a8ae1680ba8b4c2f80dc,2023-06,Surrey Police,Surrey Police,-0.276638,51.364407,On or near Larkspur Way,E01030399,Epsom and Ewell 002B,Burglary,Status update unavailable,
36611006ee8cfa9e4639bdef64cafedf13795aaf2c741e82c10a3b4f8c8d51f5,2023-06,Surrey Police,Surrey Police,-0.274694,51.364172,On or near Alpine Close,E01030399,Epsom and Ewell 002B,Criminal damage and arson,Investigation complete; no suspect identified,
dd90a87917ba160d80b982f87614972ea5014b92debfe966d8cd5bed4bb8e70d,2023-06,Surrey Police,Surrey Police,-0.272167,51.364144,On or near Wesley Close,E01030399,Epsom and Ewell 002B,Drugs,Investigation complete; no suspect identified,
fe6abc848408473771d9d2c6536555db0e2865973e82cf97bf3f85819dc711ba,2023-06,Surrey Police,Surrey Police,-0.272167,51.364144,On or near Wesley Close,E01030399,Epsom and Ewell 002B,Public order,Local resolution,
1a81b8c0e77944b556a848cff3fbd2092dc48a8bcc470ccea18c3948a20736cc,2023-06,Surrey Police,Surrey Police,-0.274633,51.363865,On or near Supermarket,E01030399,Epsom and Ewell 002B,Public order,Investigation complete; no suspect identified,
7e0802b4e92054c26e8d59dcc88a6b36cc84f90303bde14ec4351b688b74c643,2023-06,Surrey Police,Surrey Police,-0.272969,51.363823,On or near Silvergate,E01030399,Epsom and Ewell 002B,Public order,Unable to prosecute suspect,
f7292cbdf93ffc828fd4c32f463fea532a7db19d2895cd1716e3c23e806385cd,2023-06,Surrey Police,Surrey Police,-0.274633,51.363865,On or near Supermarket,E01030399,Epsom and Ewell 002B,Public order,Investigation complete; no suspect identified,
53877d767c88727ccb7ded563ea8c3b1670b297933533a03bfdd771ff7b1c86e,2023-06,Surrey Police,Surrey Police,-0.272167,51.364144,On or near Wesley Close,E01030399,Epsom and Ewell 002B,Public order,Unable to prosecute suspect,
c380179ac79df2ae328dce4ce826d41cacc07baeecdf166a8130bad47aa85cd8,2023-06,Surrey Police,Surrey Police,-0.273133,51.364050,On or near B284,E01030399,Epsom and Ewell 002B,Public order,Unable to prosecute suspect,
d588c88a0ec36842cd200de7de27b83675024538e0ec237ce2b770531c9c8618,2023-06,Surrey Police,Surrey Police,-0.278382,51.362724,On or near Jasmine Road,E01030399,Epsom and Ewell 002B,Shoplifting,Investigation complete; no suspect identified,
0dbb5f59c30f37bc0039531637f86a93aca78aca66ed1b1d7c32870114bf469e,2023-06,Surrey Police,Surrey Police,-0.272167,51.364144,On or near Wesley Close,E01030399,Epsom and Ewell 002B,Violence and sexual offences,Investigation complete; no suspect identified,
ae53cdb6d7212f057b56971a581f3ffec2d7632c450de8db54ca596390393a67,2023-06,Surrey Police,Surrey Police,-0.273359,51.364899,On or near Scott Close,E01030399,Epsom and Ewell 002B,Violence and sexual offences,Unable to prosecute suspect,
005794fc2f79c80fca0fcc654de7a72cec22683ace0857ba2c76ed9616780869,2023-06,Surrey Police,Surrey Police,-0.272969,51.363823,On or near Silvergate,E01030399,Epsom and Ewell 002B,Violence and sexual offences,Unable to prosecute suspect,
5206a82b88fe932e5025e60fcb9acf6b90824d16500ea51e2ed938f90cafd020,2023-06,Surrey Police,Surrey Police,-0.278382,51.362724,On or near Jasmine Road,E01030399,Epsom and Ewell 002B,Violence and sexual offences,Unable to prosecute suspect,
ee149fc8ad45d052f9889d236f91db920c23d0732ce3065c3107fc9008b59343,2023-06,Surrey Police,Surrey Police,-0.281702,51.364212,On or near Stanton Close,E01030399,Epsom and Ewell 002B,Violence and sexual offences,Unable to prosecute suspect,
05f097c9e34c4bca34ece53f6a3f7b5e66887cb9b9328669bc33f61042078cd9,2023-06,Surrey Police,Surrey Police,-0.274633,51.363865,On or near Supermarket,E01030399,Epsom and Ewell 002B,Violence and sexual offences,Unable to prosecute suspect,
ff09e203e4057009c330778e1340e4f7b0a65f669c0e7acbeae6f260a202dd9f,2023-06,Surrey Police,Surrey Police,-0.274536,51.368360,On or near Watersedge,E01030400,Epsom and Ewell 002C,Other crime,Unable to prosecute suspect,
,2023-06,Surrey Police,Surrey Police,-0.273673,51.367628,On or near Wey Court,E01030400,Epsom and Ewell 002C,Anti-social behaviour,,
,2023-06,Surrey Police,Surrey Police,-0.280476,51.365516,On or near Iris Road,E01030400,Epsom and Ewell 002C,Anti-social behaviour,,
,2023-06,Surrey Police,Surrey Police,-0.274536,51.368360,On or near Watersedge,E01030400,Epsom and Ewell 002C,Anti-social behaviour,,
2004910eaa0574c4965d2a52c231810d00bf625cff08dc24c8b005837d3034ac,2023-06,Surrey Police,Surrey Police,-0.279849,51.366514,On or near Greenlands,E01030400,Epsom and Ewell 002C,Burglary,Status update unavailable,
89bff472391a892f982ddfd7dc11cc935186d7f663e114d495707808f63c715e,2023-06,Surrey Police,Surrey Police,-0.273673,51.367628,On or near Wey Court,E01030400,Epsom and Ewell 002C,Criminal damage and arson,Status update unavailable,
4f191663d23353cf4060cc209f56239de604ad8618684c3d99b64430717a3ba7,2023-06,Surrey Police,Surrey Police,-0.275900,51.367229,On or near Hogsmill Way,E01030400,Epsom and Ewell 002C,Criminal damage and arson,Unable to prosecute suspect,
9a95c58485fc16255e23ad7ac9bb6252cdb9a8dd54cfabb593a6871a6749d5d8,2023-06,Surrey Police,Surrey Police,-0.280476,51.365516,On or near Iris Road,E01030400,Epsom and Ewell 002C,Criminal damage and arson,Unable to prosecute suspect,
9ee4cd8690f965299caad231b9071a8d2f9fed37e79c479f707dd5c5a0417058,2023-06,Surrey Police,Surrey Police,-0.272974,51.367510,On or near Mole Court,E01030400,Epsom and Ewell 002C,Drugs,Unable to prosecute suspect,
3f426be1797b314f67fde4ba6503ac0da4252f7ecb74351df0f8ba4b8f2524bb,2023-06,Surrey Police,Surrey Police,-0.276587,51.368076,On or near Rowden Road,E01030400,Epsom and Ewell 002C,Drugs,Formal action is not in the public interest,
645fc81aa6e7a9aa85106d1835c189d7a0abe3c5757413e28c60e5e682ede17f,2023-06,Surrey Police,Surrey Police,-0.276587,51.368076,On or near Rowden Road,E01030400,Epsom and Ewell 002C,Other theft,Status update unavailable,
2796e9b2893cf36bf2ebf6478734399597c57fad4a14b17bf7bb7d3c0eaa0a2b,2023-06,Surrey Police,Surrey Police,-0.279849,51.366514,On or near Greenlands,E01030400,Epsom and Ewell 002C,Possession of weapons,Further investigation is not in the public interest,
acf62a5228fcdf4eeff0755fa01fb6d207ad1fb22c061b24924d97c18efa97b2,2023-06,Surrey Police,Surrey Police,-0.273673,51.367628,On or near Wey Court,E01030400,Epsom and Ewell 002C,Public order,Further action is not in the public interest,
2bbdf2996c97764bdd359fdbd739c753f06310b66956b87ddad3f93a50abf4ce,2023-06,Surrey Police,Surrey Police,-0.274536,51.368360,On or near Watersedge,E01030400,Epsom and Ewell 002C,Public order,Unable to prosecute suspect,
50221240318a02f78ed608141e9de6f9477723d8dec70d876c3c9934edbbfadc,2023-06,Surrey Police,Surrey Police,-0.274536,51.368360,On or near Watersedge,E01030400,Epsom and Ewell 002C,Public order,Unable to prosecute suspect,
074dd2230f5fef703501655bbe6f8e00441a4c45520754fdc451766a297f567a,2023-06,Surrey Police,Surrey Police,-0.276587,51.368076,On or near Rowden Road,E01030400,Epsom and Ewell 002C,Vehicle crime,Investigation complete; no suspect identified,
d83ca1abac3708ca65d3b121276eded4920f6309ab3559fcc281840cf35c5647,2023-06,Surrey Police,Surrey Police,-0.273673,51.367628,On or near Wey Court,E01030400,Epsom and Ewell 002C,Violence and sexual offences,Unable to prosecute suspect,
7cf022b04544eff1c9dd4ed92318475a11a714d45d0ab356399cbd661b94a34a,2023-06,Surrey Police,Surrey Police,-0.276587,51.368076,On or near Rowden Road,E01030400,Epsom and Ewell 002C,Violence and sexual offences,Unable to prosecute suspect,
4a5cc69b28422fd72e39d58bb1a67a6b4ad9fe714a0863f44842d4aea3ff3b08,2023-06,Surrey Police,Surrey Police,-0.274973,51.368969,On or near Ash Court,E01030400,Epsom and Ewell 002C,Violence and sexual offences,Unable to prosecute suspect,
a7bbe987489c041e759ab7fbc8ed9b80812f4268a67f3ff2c27ef3de43923fab,2023-06,Surrey Police,Surrey Police,-0.274536,51.368360,On or near Watersedge,E01030400,Epsom and Ewell 002C,Violence and sexual offences,Investigation complete; no suspect identified,
724ebbd183939528504038d49dc285d8700d5d0749f086f869aa5e2078d59db2,2023-06,Surrey Police,Surrey Police,-0.279849,51.366514,On or near Greenlands,E01030400,Epsom and Ewell 002C,Violence and sexual offences,Unable to prosecute suspect,
c0b11c00f10c1fb95bc301a9f79609fa5119e58782cec44d576f5129c78713d1,2023-06,Surrey Police,Surrey Police,-0.274343,51.368159,On or near Longford Court,E01030400,Epsom and Ewell 002C,Violence and sexual offences,Unable to prosecute suspect,
,2023-06,Surrey Police,Surrey Police,-0.271919,51.362314,On or near Scotts Farm Road,E01030414,Epsom and Ewell 002D,Anti-social behaviour,,
,2023-06,Surrey Police,Surrey Police,-0.271919,51.362314,On or near Scotts Farm Road,E01030414,Epsom and Ewell 002D,Anti-social behaviour,,
fe42a0ffc54fb6001839bc26ccefe8d5ec04f6469dbd64dfa545d6eb4adfc36a,2023-06,Surrey Police,Surrey Police,-0.272515,51.356784,On or near Danetree Close,E01030414,Epsom and Ewell 002D,Burglary,Status update unavailable,
0b8926996a594a4c97c7b25d89ba1c301d6fcb7a014156a9d6c8d5442293e800,2023-06,Surrey Police,Surrey Police,-0.271639,51.359460,On or near Gadesden Road,E01030414,Epsom and Ewell 002D,Possession of weapons,Unable to prosecute suspect,
3e03e3ee34244fcc2b4b78f7c1199642f81ce69589f7f015ebfb8527ee499f68,2023-06,Surrey Police,Surrey Police,-0.272515,51.356784,On or near Danetree Close,E01030414,Epsom and Ewell 002D,Vehicle crime,Unable to prosecute suspect,
37abeadc744e5d10ea52c626f52c823380e264b045250845f8516054f25c0c6e,2023-06,Surrey Police,Surrey Police,-0.270546,51.362924,On or near Alway Avenue,E01030414,Epsom and Ewell 002D,Violence and sexual offences,Unable to prosecute suspect,
1a69e8c4ff3a3ec8bb717607db4aa9649c4abac2516ad57d3b5a368fa3bd4c83,2023-06,Surrey Police,Surrey Police,-0.271160,51.361872,On or near Baker Place,E01030414,Epsom and Ewell 002D,Violence and sexual offences,Unable to prosecute suspect,
d6cfed2e115fed2776f47112cad68f5a593596c229c8458cc6e39374590ea968,2023-06,Surrey Police,Surrey Police,-0.271160,51.361872,On or near Baker Place,E01030414,Epsom and Ewell 002D,Violence and sexual offences,Unable to prosecute suspect,
25f4583ac0a0202a8544ca413f61bcb95a52418a149d5a8f7b44a1722f8a84b1,2023-06,Surrey Police,Surrey Police,-0.267601,51.358735,On or near Crosslands Road,E01030414,Epsom and Ewell 002D,Violence and sexual offences,Further investigation is not in the public interest,
a0e106f426b213aa6b062b7a8cdd21e3cd61a5f391d55327650d532d5e6a099d,2023-06,Surrey Police,Surrey Police,-0.254703,51.362896,On or near Kirby Close,E01030377,Epsom and Ewell 003A,Vehicle crime,Investigation complete; no suspect identified,
d027101167a4d3d17c902a4481a339b3d33c11d096bd75baaa176cc9881c3141,2023-06,Surrey Police,Surrey Police,-0.258557,51.364311,On or near Moormead Drive,E01030377,Epsom and Ewell 003A,Vehicle crime,Investigation complete; no suspect identified,
,2023-06,Surrey Police,Surrey Police,-0.253189,51.370598,On or near Cuda'S Close,E01030378,Epsom and Ewell 003B,Anti-social behaviour,,
034ed980dc90cdc68105454ec30c4da41e5560034d3414e17677768ac0583799,2023-06,Surrey Police,Surrey Police,-0.248965,51.366470,On or near Stoneleigh Crescent,E01030378,Epsom and Ewell 003B,Criminal damage and arson,Status update unavailable,
597e7b455593552eff34d61e2fccece0e16475b0e6a73ec7ef2a1e197babcf5a,2023-06,Surrey Police,Surrey Police,-0.248982,51.364141,On or near Stoneleigh Park Road,E01030378,Epsom and Ewell 003B,Violence and sexual offences,Action to be taken by another organisation,
b9a8e0c95b1df08daffd124a9e0bd619ae8740f39410aa1e949883384cc76851,2023-06,Surrey Police,Surrey Police,-0.251119,51.369506,On or near Vale Road,E01030378,Epsom and Ewell 003B,Violence and sexual offences,Unable to prosecute suspect,
2419d79561ca743d117de961adaa65003a73ac2ce1810b88f14ca2c73209da7d,2023-06,Surrey Police,Surrey Police,-0.250933,51.370996,On or near Cuddington Avenue,E01030378,Epsom and Ewell 003B,Violence and sexual offences,Investigation complete; no suspect identified,
c16fb79f33196ac20b522d76fbbd05ffc078930804f61d09779c1d9b93e150c0,2023-06,Surrey Police,Surrey Police,-0.249295,51.369110,On or near Cunliffe Road,E01030378,Epsom and Ewell 003B,Violence and sexual offences,Unable to prosecute suspect,
32e6ab3872b16dba0158bc6632946d8b18539d643a471fbfc0748e6ad38ff2d2,2023-06,Surrey Police,Surrey Police,-0.248965,51.366470,On or near Stoneleigh Crescent,E01030378,Epsom and Ewell 003B,Violence and sexual offences,Unable to prosecute suspect,
b9ede1bb519286e8aee2d2706f268ccffc01d8e9de8e94426383e17786510ede,2023-06,Surrey Police,Surrey Police,-0.246425,51.362637,On or near Supermarket,E01030406,Epsom and Ewell 003C,Other theft,Court result unavailable,
7cc3295ef412ba84fd73e0b14cbcd22acb5e758b4e25007a881267dfc1928491,2023-06,Surrey Police,Surrey Police,-0.244818,51.354304,On or near Petrol Station,E01030406,Epsom and Ewell 003C,Shoplifting,Unable to prosecute suspect,
64a930b104fee27094aeb0873eb3a95b4c3ef8054b86837afd3e1316438c5a0d,2023-06,Surrey Police,Surrey Police,-0.244818,51.354304,On or near Petrol Station,E01030406,Epsom and Ewell 003C,Shoplifting,Unable to prosecute suspect,
,2023-06,Surrey Police,Surrey Police,-0.246225,51.362211,On or near Dell Lane,E01030406,Epsom and Ewell 003C,Anti-social behaviour,,
,2023-06,Surrey Police,Surrey Police,-0.244542,51.353652,On or near Beaufort Way,E01030406,Epsom and Ewell 003C,Anti-social behaviour,,
98dd59a59bdf805dd5bdf31867951a63d7b05e3367d44adc2340f8a4574ab758,2023-06,Surrey Police,Surrey Police,-0.244818,51.354304,On or near Petrol Station,E01030406,Epsom and Ewell 003C,Shoplifting,Further investigation is not in the public interest,
cde7910bbcdc7f588e55a94327ac2f87b3f1b928a1fc965c1d56cefa67320bf9,2023-06,Surrey Police,Surrey Police,-0.248319,51.357045,On or near Ewell By-Pass,E01030406,Epsom and Ewell 003C,Vehicle crime,Investigation complete; no suspect identified,
4d614e3ed86084c355b62e964b59cac681f3d53838a9cc21b2c9d037e6d23a91,2023-06,Surrey Police,Surrey Police,-0.246385,51.356539,On or near Elmwood Drive,E01030406,Epsom and Ewell 003C,Vehicle crime,Investigation complete; no suspect identified,
6f2061802917355291af2225d00439c13a8e0b38daedc1cc3cc7966e1eb80e88,2023-06,Surrey Police,Surrey Police,-0.244542,51.353652,On or near Beaufort Way,E01030406,Epsom and Ewell 003C,Vehicle crime,Investigation complete; no suspect identified,
e0fa8a647fe1d06021c479c86eb132c441ab1b48cea70e33c473a9efceb843ae,2023-06,Surrey Police,Surrey Police,-0.245329,51.354482,On or near Beaufort Way,E01030406,Epsom and Ewell 003C,Vehicle crime,Investigation complete; no suspect identified,
806474495342fa4f2ebfaa57f4f0592a14088a80272bbb01a3a8fb8cae01c558,2023-06,Surrey Police,Surrey Police,-0.245130,51.355909,On or near Elmwood Close,E01030406,Epsom and Ewell 003C,Violence and sexual offences,Further investigation is not in the public interest,
ad3112d29597e48885bc939273c5b4206db67f0640d4a8e5d3bca718b321baea,2023-06,Surrey Police,Surrey Police,-0.244848,51.361786,On or near Dell Road,E01030407,Epsom and Ewell 003D,Public order,Unable to prosecute suspect,
,2023-06,Surrey Police,Surrey Police,-0.245504,51.360429,On or near Glenwood Road,E01030407,Epsom and Ewell 003D,Anti-social behaviour,,
,2023-06,Surrey Police,Surrey Police,-0.247343,51.360771,On or near Calverley Road,E01030407,Epsom and Ewell 003D,Anti-social behaviour,,
78143ea2b0f7d271f26c16aea4bd13b1882629f13ed0257a7b10b1d33959abfb,2023-06,Surrey Police,Surrey Police,-0.244848,51.361786,On or near Dell Road,E01030407,Epsom and Ewell 003D,Other theft,Investigation complete; no suspect identified,
36ad96fd2d4dcf417b4019f5ca946d552d3b746190c6a25734e3f676070d4145,2023-06,Surrey Police,Surrey Police,-0.242743,51.358985,On or near Rutherwyke Close,E01030407,Epsom and Ewell 003D,Robbery,Court result unavailable,
dc7c9fd2c7f6217151a4f28ae4413d202c12daddb5c4de00edc6769a2c0ee45e,2023-06,Surrey Police,Surrey Police,-0.242712,51.361313,On or near The Glade,E01030407,Epsom and Ewell 003D,Vehicle crime,Investigation complete; no suspect identified,
2e5cee431b9af81714c4320f7a899ed0d7b12bbeff5f0c92526ad5b10908d981,2023-06,Surrey Police,Surrey Police,-0.247343,51.360771,On or near Calverley Road,E01030407,Epsom and Ewell 003D,Vehicle crime,Investigation complete; no suspect identified,
fa6f67cee6ac5f471530e8e49b91e772192aa70591f34abac5fd03ceaf00a447,2023-06,Surrey Police,Surrey Police,-0.244351,51.360906,On or near Briarwood Road,E01030407,Epsom and Ewell 003D,Violence and sexual offences,Unable to prosecute suspect,
fdb2ab61f7bc7ed48abb66ac8e509e13f9716011f3e0ee87a10a29bd73186fc1,2023-06,Surrey Police,Surrey Police,-0.245504,51.360429,On or near Glenwood Road,E01030407,Epsom and Ewell 003D,Violence and sexual offences,Further investigation is not in the public interest,
cf9d2345c632994c4d82934e76e4266814b9df91c7227caad7714ba1cde062f1,2023-06,Surrey Police,Surrey Police,-0.244848,51.361786,On or near Dell Road,E01030407,Epsom and Ewell 003D,Other crime,Unable to prosecute suspect,
9167bc297584167425cefadbfb599de30bed848aa5ceeeb3f6ee3b42506d560e,2023-06,Surrey Police,Surrey Police,-0.239917,51.363412,On or near Waverley Road,E01030408,Epsom and Ewell 003E,Violence and sexual offences,Unable to prosecute suspect,
,2023-06,Surrey Police,Surrey Police,-0.255549,51.361056,On or near Preston Drive,E01030395,Epsom and Ewell 004A,Anti-social behaviour,,
fae936f8c9f554f2343398b6596bf41f65979e266d16c5c2d0d6d880fc67a12b,2023-06,Surrey Police,Surrey Police,-0.252958,51.358544,On or near Highfield Drive,E01030395,Epsom and Ewell 004A,Criminal damage and arson,Further investigation is not in the public interest,
1fd10816eb9b963bdf6818ef156a99c5698ea7e9857deb0d52a55fe533730fa9,2023-06,Surrey Police,Surrey Police,-0.257896,51.362421,On or near Elmstead Close,E01030395,Epsom and Ewell 004A,Violence and sexual offences,Unable to prosecute suspect,
029f2dd93c69b2ecb707db7c9d658be967583bb326bcf4a18c1a566281585412,2023-06,Surrey Police,Surrey Police,-0.255549,51.361056,On or near Preston Drive,E01030395,Epsom and Ewell 004A,Violence and sexual offences,Unable to prosecute suspect,
,2023-06,Surrey Police,Surrey Police,-0.262263,51.351407,On or near First Avenue,E01030413,Epsom and Ewell 004B,Anti-social behaviour,,
,2023-06,Surrey Police,Surrey Police,-0.261453,51.347771,On or near Marsh Avenue,E01030413,Epsom and Ewell 004B,Anti-social behaviour,,
7c3b152cad5ef45babd3f0a2e5daad4fd255a8839ccd538b14ec767ff328141e,2023-06,Surrey Police,Surrey Police,-0.257246,51.354184,On or near Eastcroft Road,E01030413,Epsom and Ewell 004B,Criminal damage and arson,Investigation complete; no suspect identified,
ea1f16881e747046e6424b1f876d1082ed39b015906a72500b12a294f92fcd2c,2023-06,Surrey Police,Surrey Police,-0.259356,51.349656,On or near B2200,E01030413,Epsom and Ewell 004B,Vehicle crime,Investigation complete; no suspect identified,
c9d85f8ecded77b285b1ed12ed492f720f5e09f44b1af8cff1665d4a8f493784,2023-06,Surrey Police,Surrey Police,-0.259863,51.352595,On or near Green Lanes,E01030413,Epsom and Ewell 004B,Vehicle crime,Investigation complete; no suspect identified,
d6c193def461af09344c6917b5c9517ef64aa0d50f9a4ac31f5f8d87b35bb263,2023-06,Surrey Police,Surrey Police,-0.262263,51.351407,On or near First Avenue,E01030413,Epsom and Ewell 004B,Violence and sexual offences,Unable to prosecute suspect,
b14c6f615945d24910dc637c71559ea4d57cab6b2ac90f5355403a195433cb46,2023-06,Surrey Police,Surrey Police,-0.261979,51.349785,On or near Longmead Road,E01030415,Epsom and Ewell 004C,Violence and sexual offences,Unable to prosecute suspect,
e8a87bd30a824fee6641a72d99dc3da475bcd3ebd51f61f491016d37f598e22f,2023-06,Surrey Police,Surrey Police,-0.261979,51.349785,On or near Longmead Road,E01030415,Epsom and Ewell 004C,Violence and sexual offences,Unable to prosecute suspect,
,2023-06,Surrey Police,Surrey Police,-0.265707,51.355658,On or near Church Road,E01030416,Epsom and Ewell 004D,Anti-social behaviour,,
,2023-06,Surrey Police,Surrey Police,-0.266565,51.351948,On or near Richards Field,E01030416,Epsom and Ewell 004D,Anti-social behaviour,,
312ac0ecf3b454f85c23043832abf107c5fcbcfeebccba33279740ff701be6f7,2023-06,Surrey Police,Surrey Police,-0.268664,51.355684,On or near Chesterfield Road,E01030416,Epsom and Ewell 004D,Vehicle crime,Investigation complete; no suspect identified,
6302ffe8369f692e34a8e97d1a68a8aae1d88cd2fdfa43e59304a5fed5864b50,2023-06,Surrey Police,Surrey Police,-0.269779,51.353920,On or near Chessington Road,E01030416,Epsom and Ewell 004D,Vehicle crime,Unable to prosecute suspect,
c1d55f9cfb44f596b3afdc24d1a7d4fe71cdf18e01c13d056e2198d1a64151fc,2023-06,Surrey Police,Surrey Police,-0.270608,51.357079,On or near Danetree Road,E01030416,Epsom and Ewell 004D,Violence and sexual offences,Unable to prosecute suspect,
,2023-06,Surrey Police,Surrey Police,-0.269041,51.340348,On or near Pound Lane,E01030384,Epsom and Ewell 005B,Anti-social behaviour,,
,2023-06,Surrey Police,Surrey Police,-0.276792,51.341937,On or near Horton Gardens,E01030384,Epsom and Ewell 005B,Anti-social behaviour,,
,2023-06,Surrey Police,Surrey Police,-0.280572,51.344133,On or near Tobin Close,E01030384,Epsom and Ewell 005B,Anti-social behaviour,,
,2023-06,Surrey Police,Surrey Police,-0.276792,51.341937,On or near Horton Gardens,E01030384,Epsom and Ewell 005B,Anti-social behaviour,,
,2023-06,Surrey Police,Surrey Police,-0.280572,51.344133,On or near Tobin Close,E01030384,Epsom and Ewell 005B,Anti-social behaviour,,
07678973f85a171f3c92d49013bc8e9296c0a33265518c8dc780c4a5a4316889,2023-06,Surrey Police,Surrey Police,-0.276792,51.341937,On or near Horton Gardens,E01030384,Epsom and Ewell 005B,Burglary,Status update unavailable,
3c98899f799dfc3140b13897cf0c9d300bca1eb48022ef7986bb0777e7eeb95b,2023-06,Surrey Police,Surrey Police,-0.276792,51.341937,On or near Horton Gardens,E01030384,Epsom and Ewell 005B,Criminal damage and arson,Investigation complete; no suspect identified,
b63491d5d7f86e418658a96a896b7b97a33e5bc5287a609fc90294c4c0d31c84,2023-06,Surrey Police,Surrey Police,-0.280572,51.344133,On or near Tobin Close,E01030384,Epsom and Ewell 005B,Criminal damage and arson,Investigation complete; no suspect identified,
e58928250fb16082701482d96e1608ec4bdcd47d5cccf833418d07a047e7fcd4,2023-06,Surrey Police,Surrey Police,-0.273867,51.345266,On or near Brettgrave,E01030384,Epsom and Ewell 005B,Criminal damage and arson,Investigation complete; no suspect identified,
5ef9cd6f7218374c4f54f09416ad263e102e38e18a739913efea0413125b397c,2023-06,Surrey Police,Surrey Police,-0.271162,51.341998,On or near Lower Court Road,E01030384,Epsom and Ewell 005B,Other theft,Investigation complete; no suspect identified,
a90e7b0058cf57c4e715537c3e2d1c7139b4488bdc1e0a0579f4bb63328b0f87,2023-06,Surrey Police,Surrey Police,-0.271047,51.340081,On or near Eastway,E01030384,Epsom and Ewell 005B,Other theft,Investigation complete; no suspect identified,
b14062de6cbd7c608d9565d2418d62d2f9397245a2f491920bd789ca9e3b4e08,2023-06,Surrey Police,Surrey Police,-0.271047,51.340081,On or near Eastway,E01030384,Epsom and Ewell 005B,Public order,Local resolution,
3898cd0aa5664b2dbcce7d0822873129053ec2169ca2c47386fe62f2c56a0717,2023-06,Surrey Police,Surrey Police,-0.274001,51.344378,On or near Tichmarsh,E01030384,Epsom and Ewell 005B,Public order,Investigation complete; no suspect identified,
ff06c48f2049ac675c14fce09c976d43985e09fee6ff78e1a93dfb51c12d795c,2023-06,Surrey Police,Surrey Police,-0.277557,51.341445,On or near Vancouver Close,E01030384,Epsom and Ewell 005B,Public order,Investigation complete; no suspect identified,
f9c6323a852f78148a4fba1645ce83225f84c00ad5472130e56a963711de5cfa,2023-06,Surrey Police,Surrey Police,-0.271959,51.345238,On or near B284,E01030384,Epsom and Ewell 005B,Public order,Investigation complete; no suspect identified,
844944e579e3be7dcc015549097d556a9609e00c40b8f73ff77cbd75cdf5f905,2023-06,Surrey Police,Surrey Police,-0.271047,51.340081,On or near Eastway,E01030384,Epsom and Ewell 005B,Public order,Investigation complete; no suspect identified,
4c7e206d7870e4a87368e0f6429cc6a162465d73fac4f39c60f707b2ee03b132,2023-06,Surrey Police,Surrey Police,-0.274001,51.344378,On or near Tichmarsh,E01030384,Epsom and Ewell 005B,Robbery,Investigation complete; no suspect identified,
15251dfe488379477facb2f3e8057828e4935aeca6bac622335c3dccece0187d,2023-06,Surrey Police,Surrey Police,-0.269041,51.340348,On or near Pound Lane,E01030384,Epsom and Ewell 005B,Shoplifting,Investigation complete; no suspect identified,
82ef7da34be348cde57465702f2a6636e2e9b1eeb22b9f3666177b5583d63dea,2023-06,Surrey Police,Surrey Police,-0.271047,51.340081,On or near Eastway,E01030384,Epsom and Ewell 005B,Vehicle crime,Investigation complete; no suspect identified,
d3036f1df541f330e4727f705975b77bac0a3d5890ef30767128570c7ad51947,2023-06,Surrey Police,Surrey Police,-0.271047,51.340081,On or near Eastway,E01030384,Epsom and Ewell 005B,Vehicle crime,Investigation complete; no suspect identified,
393249721de495aaec29e12efc4ad07ae75eb601638614fa842171f643562a5d,2023-06,Surrey Police,Surrey Police,-0.274098,51.343336,On or near Long Grove Road,E01030384,Epsom and Ewell 005B,Vehicle crime,Investigation complete; no suspect identified,
e589305df35932024e380700e8a37945825fe5091093388c702143f2cc26d1b7,2023-06,Surrey Police,Surrey Police,-0.280572,51.344133,On or near Tobin Close,E01030384,Epsom and Ewell 005B,Violence and sexual offences,Status update unavailable,
98f978b6a95b0c6f401d48a39334f8a78841dfb558dd07a643d02853c09d0e43,2023-06,Surrey Police,Surrey Police,-0.284258,51.343494,On or near Burnhams Grove,E01030384,Epsom and Ewell 005B,Violence and sexual offences,Unable to prosecute suspect,
190d9542fd4b6cc7a0291e8b9e22a6871689586fb5b662775ad8c2727181dfb6,2023-06,Surrey Police,Surrey Police,-0.274098,51.343336,On or near Long Grove Road,E01030384,Epsom and Ewell 005B,Violence and sexual offences,Unable to prosecute suspect,
32e439f653fc222449f8b4769a557eccb77783b95ad6cad72e71997b44ef8f90,2023-06,Surrey Police,Surrey Police,-0.280880,51.343976,On or near Horton Crescent,E01030384,Epsom and Ewell 005B,Violence and sexual offences,Investigation complete; no suspect identified,
9bd983a792ad8812a29d021e5c7894823a7f2b19701bce55c0c2aec6dc2911d7,2023-06,Surrey Police,Surrey Police,-0.274001,51.344378,On or near Tichmarsh,E01030384,Epsom and Ewell 005B,Violence and sexual offences,Unable to prosecute suspect,
3b634de3f29ef5d11f25860c8152e2e2217a3164713bf7e30f4984f2ed2a70ab,2023-06,Surrey Police,Surrey Police,-0.280572,51.344133,On or near Tobin Close,E01030384,Epsom and Ewell 005B,Violence and sexual offences,Unable to prosecute suspect,
c4d449f5ba4b91d8c69bf62cd98b78a5f2d157f7a0e0972365a5a898f812704c,2023-06,Surrey Police,Surrey Police,-0.284258,51.343494,On or near Burnhams Grove,E01030384,Epsom and Ewell 005B,Violence and sexual offences,Unable to prosecute suspect,
a676bfae15cf5f13b133dc7c546da1109e1f2222563e8f531dbe8ad13d7e034c,2023-06,Surrey Police,Surrey Police,-0.280572,51.344133,On or near Tobin Close,E01030384,Epsom and Ewell 005B,Violence and sexual offences,Investigation complete; no suspect identified,
bba1dfc5e212e0f32f5eedc87aaeed4c61cb5b5511dfc5a07f495114b4f3184f,2023-06,Surrey Police,Surrey Police,-0.281486,51.343895,On or near Saville Close,E01030384,Epsom and Ewell 005B,Violence and sexual offences,Investigation complete; no suspect identified,
45fccff3fda37f84f0c136bba0ca67947669d219d753d0a3201099819bb5e8fb,2023-06,Surrey Police,Surrey Police,-0.281486,51.343895,On or near Saville Close,E01030384,Epsom and Ewell 005B,Violence and sexual offences,Investigation complete; no suspect identified,
d24074857815b4de9394a84005b3a6935aa664c954122f7a253051030c6b6512,2023-06,Surrey Police,Surrey Police,-0.276792,51.341937,On or near Horton Gardens,E01030384,Epsom and Ewell 005B,Violence and sexual offences,Investigation complete; no suspect identified,
919dfa14164880b0cea0de29706656e9ea41a30dcc41974dcee1d8c662a943cd,2023-06,Surrey Police,Surrey Police,-0.284258,51.343494,On or near Burnhams Grove,E01030384,Epsom and Ewell 005B,Violence and sexual offences,Unable to prosecute suspect,
7eff80344f38c2928e5c4ae238dde515146b078f525ec8512692e72358423fde,2023-06,Surrey Police,Surrey Police,-0.272901,51.344245,On or near Marston,E01030384,Epsom and Ewell 005B,Violence and sexual offences,Investigation complete; no suspect identified,
c9852f521884cd81fe860749514264fac19c7aa394071da7cc58cffaf6323b18,2023-06,Surrey Police,Surrey Police,-0.274001,51.344378,On or near Tichmarsh,E01030384,Epsom and Ewell 005B,Violence and sexual offences,Investigation complete; no suspect identified,
7baa3f7bcf4b3569f14d1a3f37b869784b834051e545e505e682ab268bbbffef,2023-06,Surrey Police,Surrey Police,-0.285493,51.348099,On or near Grove Close,E01030401,Epsom and Ewell 005C,Public order,Unable to prosecute suspect,
03041e7ecb54f57ad7cb1854ab70d51435f96b0ecb0e95f67ffd6665df371185,2023-06,Surrey Police,Surrey Police,-0.285493,51.348099,On or near Grove Close,E01030401,Epsom and Ewell 005C,Vehicle crime,Investigation complete; no suspect identified,
db34db128323fef3d0f6d558614c706e7314f5d5e02b9791b5d14e993821742d,2023-06,Surrey Police,Surrey Police,-0.287126,51.345893,On or near Parking Area,E01030401,Epsom and Ewell 005C,Vehicle crime,Investigation complete; no suspect identified,
1e630325010791f5066161305fb0359be7badf7ac063d38f8a5a5accfbb15132,2023-06,Surrey Police,Surrey Police,-0.278029,51.360282,On or near Nightingale Drive,E01030401,Epsom and Ewell 005C,Violence and sexual offences,Unable to prosecute suspect,
45e535e2a633cdd160ff010212a52ee2156da40f2b3ffc625ed41ef8902b3a53,2023-06,Surrey Police,Surrey Police,-0.275456,51.359183,On or near Chessington Close,E01030401,Epsom and Ewell 005C,Violence and sexual offences,Further investigation is not in the public interest,
,2023-06,Surrey Police,Surrey Police,-0.286083,51.339223,On or near Trotter Way,E01030402,Epsom and Ewell 005D,Anti-social behaviour,,
,2023-06,Surrey Police,Surrey Police,-0.288483,51.340301,On or near Alexandra Way,E01030402,Epsom and Ewell 005D,Anti-social behaviour,,
b4aa5d386ee92652c285e57e78a74813a5a6d3afa32f77a44a86c8dea9631826,2023-06,Surrey Police,Surrey Police,-0.289298,51.342336,On or near Penrose Drive,E01030402,Epsom and Ewell 005D,Burglary,Status update unavailable,
040b3c227d9cf889c97c53eefe320d3d668d701b0684a705f76bd9157d397e63,2023-06,Surrey Police,Surrey Police,-0.287430,51.340061,On or near Nightingale Close,E01030402,Epsom and Ewell 005D,Burglary,Investigation complete; no suspect identified,
2f529f70f18eae70e7bfcf109580954d34e9135f6c690b7ed74201332d876faf,2023-06,Surrey Police,Surrey Police,-0.289972,51.341959,On or near Galen Close,E01030402,Epsom and Ewell 005D,Criminal damage and arson,Investigation complete; no suspect identified,
07b6ba6298cecb6dd04eab348d5a7185e9858a5e49775b7ccc62687f6e574d9e,2023-06,Surrey Police,Surrey Police,-0.285952,51.340021,On or near Kestrel Close,E01030402,Epsom and Ewell 005D,Public order,Investigation complete; no suspect identified,
b4526ef8f59d2c194527333990b81e6bdec85d6b28ce64748ec7f90c7a8de4fd,2023-06,Surrey Police,Surrey Police,-0.289658,51.339599,On or near Phoenix Close,E01030402,Epsom and Ewell 005D,Vehicle crime,Investigation complete; no suspect identified,
3e758858fc1d0c128c0685c9270094905b95b85c0c0eb46e7502c718469e8446,2023-06,Surrey Police,Surrey Police,-0.296714,51.339405,On or near West Park Road,E01030402,Epsom and Ewell 005D,Vehicle crime,Investigation complete; no suspect identified,
2912744450c02c74b88671d6bbdb490f4e9c57e60b01747fc8a2414e9f5bac73,2023-06,Surrey Police,Surrey Police,-0.298981,51.340238,On or near Peacock Close,E01030402,Epsom and Ewell 005D,Violence and sexual offences,Unable to prosecute suspect,
da7ef753b98348107a73d97bd85b0d218544b882e0e4f6bced9e1cb783ee02d4,2023-06,Surrey Police,Surrey Police,-0.299054,51.339421,On or near Farmside Place,E01030402,Epsom and Ewell 005D,Violence and sexual offences,Further action is not in the public interest,
,2023-06,Surrey Police,Surrey Police,-0.273371,51.348164,On or near Redwood Drive,E01034287,Epsom and Ewell 005E,Anti-social behaviour,,
,2023-06,Surrey Police,Surrey Police,-0.282765,51.346161,On or near Pelman Way,E01034287,Epsom and Ewell 005E,Anti-social behaviour,,
,2023-06,Surrey Police,Surrey Police,-0.268699,51.349057,On or near Aspen Close,E01034287,Epsom and Ewell 005E,Anti-social behaviour,,
,2023-06,Surrey Police,Surrey Police,-0.270886,51.354665,On or near Chessington Road,E01034287,Epsom and Ewell 005E,Anti-social behaviour,,
,2023-06,Surrey Police,Surrey Police,-0.282765,51.346161,On or near Pelman Way,E01034287,Epsom and Ewell 005E,Anti-social behaviour,,
,2023-06,Surrey Police,Surrey Police,-0.279688,51.345523,On or near Chantilly Way,E01034287,Epsom and Ewell 005E,Anti-social behaviour,,
00687a642ecf5758362330f4ca924bce519cff9c3ce91e53d6fb14b4cff1f24b,2023-06,Surrey Police,Surrey Police,-0.282765,51.346161,On or near Pelman Way,E01034287,Epsom and Ewell 005E,Criminal damage and arson,Status update unavailable,
3a148c68b37d697223755f3e851cd75b1bac862376cb302500d5c072c21a6004,2023-06,Surrey Police,Surrey Police,-0.271300,51.350156,On or near Pine Close,E01034287,Epsom and Ewell 005E,Vehicle crime,Investigation complete; no suspect identified,
4eacbb5ffce1563aca25d6bc800cf188063fb3935773990f0786b4eaeb4c1f51,2023-06,Surrey Police,Surrey Police,-0.269862,51.348669,On or near Hazel Close,E01034287,Epsom and Ewell 005E,Violence and sexual offences,Unable to prosecute suspect,
46785fa8dcf1697a06fbea340bcb2fe47ea4c2e05e1b6c80b280ec7a9a050415,2023-06,Surrey Police,Surrey Police,-0.282765,51.346161,On or near Pelman Way,E01034287,Epsom and Ewell 005E,Violence and sexual offences,Local resolution,
0cf67cc20570139e5d0f99e6c30963dd71c9249bf38648a044394080a91a6723,2023-06,Surrey Police,Surrey Police,-0.282765,51.346161,On or near Pelman Way,E01034287,Epsom and Ewell 005E,Violence and sexual offences,Investigation complete; no suspect identified,
5667f44121761bef12fa231f70a113fbd50fafb0ca266fbb2087b13719ef0d7f,2023-06,Surrey Police,Surrey Police,-0.270886,51.354665,On or near Chessington Road,E01034287,Epsom and Ewell 005E,Violence and sexual offences,Unable to prosecute suspect,
ab65207076f1da05c757242cc230ecf87949e57c5101c3fc556dd32a6929d853,2023-06,Surrey Police,Surrey Police,-0.268169,51.346729,On or near Nimbus Road,E01034287,Epsom and Ewell 005E,Violence and sexual offences,Unable to prosecute suspect,
a7780e76090c9d119e0b7361e75ed1ccde4825a86d98f0635579ab46a7cf1df8,2023-06,Surrey Police,Surrey Police,-0.268169,51.346729,On or near Nimbus Road,E01034287,Epsom and Ewell 005E,Violence and sexual offences,Unable to prosecute suspect,
57186eab5d9b6c5001f2623bd2c71fe3b80a617096f0bc2472e16c428279e378,2023-06,Surrey Police,Surrey Police,-0.268169,51.346729,On or near Nimbus Road,E01034287,Epsom and Ewell 005E,Violence and sexual offences,Investigation complete; no suspect identified,
c0ae229fb26b28d15feddfd3ef06cc0f88b2e9e3312c32e39eb246ef3eeb8d4c,2023-06,Surrey Police,Surrey Police,-0.269961,51.347942,On or near Middleton Road,E01034287,Epsom and Ewell 005E,Violence and sexual offences,Further action is not in the public interest,
8d475d229f9cd67beb8a6ce15e9e511807b6d3c71be3a6aa88908a8afaaf128a,2023-06,Surrey Police,Surrey Police,-0.268310,51.349842,On or near Maple Close,E01034287,Epsom and Ewell 005E,Violence and sexual offences,Investigation complete; no suspect identified,
7cdf3aa28d63333801fc68fbb56cdb8574e911360ef64fd63ddf19921002e68d,2023-06,Surrey Police,Surrey Police,-0.263055,51.348694,On or near Westmorland Close,E01034288,Epsom and Ewell 005F,Public order,Unable to prosecute suspect,
,2023-06,Surrey Police,Surrey Police,-0.263926,51.348806,On or near Somerset Close,E01034288,Epsom and Ewell 005F,Anti-social behaviour,,
,2023-06,Surrey Police,Surrey Police,-0.263422,51.347333,On or near Cumberland Close,E01034288,Epsom and Ewell 005F,Anti-social behaviour,,
daefc1bfa4fee80a96e3314354cd91b3752c047366941d4104c277279e9f93be,2023-06,Surrey Police,Surrey Police,-0.265924,51.348386,On or near Hollymoor Lane,E01034288,Epsom and Ewell 005F,Criminal damage and arson,Further investigation is not in the public interest,
7d170dd83bee38f266bd279a17404b672ae3fa6cabfda6fcb7515aa153d54b5c,2023-06,Surrey Police,Surrey Police,-0.264522,51.347484,On or near Rutland Close,E01034288,Epsom and Ewell 005F,Violence and sexual offences,Unable to prosecute suspect,
75d2b4e692b3eb861361fb519e7c48d7f859fc736b73f9c2a8666aa89e3c70c0,2023-06,Surrey Police,Surrey Police,-0.268601,51.347832,On or near Eleanor Avenue,E01034288,Epsom and Ewell 005F,Violence and sexual offences,Court result unavailable,
11fe30af9d538f5b1a993111149c104b6b2bde602f1cf2b27890482ee88ad252,2023-06,Surrey Police,Surrey Police,-0.264522,51.347484,On or near Rutland Close,E01034288,Epsom and Ewell 005F,Violence and sexual offences,Unable to prosecute suspect,
b134a777b157ee564f6b560d74f555a3e7ad1ffc021f08ea03f84b3a1f1b4363,2023-06,Surrey Police,Surrey Police,-0.268601,51.347832,On or near Eleanor Avenue,E01034288,Epsom and Ewell 005F,Violence and sexual offences,Unable to prosecute suspect,
8d4c03e2e9a1019efdd90d6a1ef96d6d56deeb9fe7067fb5cd1dac151561fec6,2023-06,Surrey Police,Surrey Police,-0.265924,51.348386,On or near Hollymoor Lane,E01034288,Epsom and Ewell 005F,Violence and sexual offences,Unable to prosecute suspect,
ac77b30e5a24d0850b5010da88770d440a09eb05659ee7ea41fca81bce58c1f4,2023-06,Surrey Police,Surrey Police,-0.268601,51.347832,On or near Eleanor Avenue,E01034288,Epsom and Ewell 005F,Violence and sexual offences,Unable to prosecute suspect,
d0501c497e693ff8050c7b3340578e45e305f53ba548ee9330ca0bc27d753bdc,2023-06,Surrey Police,Surrey Police,-0.265924,51.348386,On or near Hollymoor Lane,E01034288,Epsom and Ewell 005F,Violence and sexual offences,Unable to prosecute suspect,
3e9f7ea05615476301f35d72e66adcb31d493dd32051bccd898d9e8fb3c21307,2023-06,Surrey Police,Surrey Police,-0.268601,51.347832,On or near Eleanor Avenue,E01034288,Epsom and Ewell 005F,Violence and sexual offences,Unable to prosecute suspect,
257937b546843454c3eb6895761a911d24d647cfaf1d5a867b1d077d6bcd8a06,2023-06,Surrey Police,Surrey Police,-0.264974,51.346915,On or near Sefton Road,E01030385,Epsom and Ewell 007A,Violence and sexual offences,Unable to prosecute suspect,
,2023-06,Surrey Police,Surrey Police,-0.264016,51.346434,On or near Bishopsmead Close,E01030385,Epsom and Ewell 007A,Anti-social behaviour,,
c99b136339f41abd92e6b5410d20fe0e2d6178927022c6d39c745a03fd0ffbb9,2023-06,Surrey Police,Surrey Police,-0.264016,51.346434,On or near Bishopsmead Close,E01030385,Epsom and Ewell 007A,Criminal damage and arson,Investigation complete; no suspect identified,
24861e9bc2ac8c94b42f2f7de2a0e5c4b604ee6425ea04f7afdd64d68a074a8d,2023-06,Surrey Police,Surrey Police,-0.263111,51.342257,On or near Blenheim Road,E01030385,Epsom and Ewell 007A,Criminal damage and arson,Investigation complete; no suspect identified,
d1ab2a7791b0cede899a6a7797802797765fcd50afad7f1ea0ea57ce8106c7cf,2023-06,Surrey Police,Surrey Police,-0.270781,51.343341,On or near Tomlin Close,E01030385,Epsom and Ewell 007A,Public order,Status update unavailable,
b4f2785e1c0f094b7bdeaabb42c8ead23e9168c31fe5f4122979605bf25c8f2a,2023-06,Surrey Police,Surrey Police,-0.270781,51.343341,On or near Tomlin Close,E01030385,Epsom and Ewell 007A,Public order,Investigation complete; no suspect identified,
714ee3f444d41ef94c0d83251b1e75b718d7e0633dcc100cef4d49012b8e6884,2023-06,Surrey Police,Surrey Police,-0.264974,51.346915,On or near Sefton Road,E01030385,Epsom and Ewell 007A,Violence and sexual offences,Local resolution,
b511a86364c6736cac5b30aaf17c1375b520df0120c092a377960a3264d4bd5d,2023-06,Surrey Police,Surrey Police,-0.267482,51.343634,On or near Andover Close,E01030385,Epsom and Ewell 007A,Violence and sexual offences,Investigation complete; no suspect identified,
1794497fab7d1014b294d28bbc6812fc4e89dee0a615eb14240e3e8e917a1f00,2023-06,Surrey Police,Surrey Police,-0.263111,51.342257,On or near Blenheim Road,E01030385,Epsom and Ewell 007A,Violence and sexual offences,Unable to prosecute suspect,
69070365dfc615d64e3ef72b3fd4f860cf4c5e72017a9351a176ff3895fcbdbd,2023-06,Surrey Police,Surrey Police,-0.263111,51.342257,On or near Blenheim Road,E01030385,Epsom and Ewell 007A,Violence and sexual offences,Unable to prosecute suspect,
497feb9b76c02f122d5beb3b35a3d4b5c8f187e86c5518d9d1357575667758a2,2023-06,Surrey Police,Surrey Police,-0.270221,51.346777,On or near Wren Close,E01030385,Epsom and Ewell 007A,Violence and sexual offences,Unable to prosecute suspect,
78eb5a759cb07c8ad37e36e505ee3c5cb44eab1e09b3dccb1b48c80b6c4cf513,2023-06,Surrey Police,Surrey Police,-0.264016,51.346434,On or near Bishopsmead Close,E01030385,Epsom and Ewell 007A,Other crime,Action to be taken by another organisation,
,2023-06,Surrey Police,Surrey Police,-0.255673,51.339241,On or near Chuters Grove,E01030391,Epsom and Ewell 007B,Anti-social behaviour,,
16f8665a9d3d4cf27490656fbcf8e7a6c7d09cf9d29725011084d74a52bb6b8e,2023-06,Surrey Police,Surrey Police,-0.256912,51.338010,On or near Yeomanry Close,E01030391,Epsom and Ewell 007B,Bicycle theft,Investigation complete; no suspect identified,
a713afb2122f803c9fbc273cbd579032ff8ff5aba45ab2cf2d223a7ed52e75ff,2023-06,Surrey Police,Surrey Police,-0.255673,51.339241,On or near Chuters Grove,E01030391,Epsom and Ewell 007B,Burglary,Status update unavailable,
e15632118236e4f48ea1a4c6315e00f8f9fe8c125b55ff474792919343242eb0,2023-06,Surrey Police,Surrey Police,-0.252414,51.340380,On or near Park Hill Road,E01030391,Epsom and Ewell 007B,Criminal damage and arson,Investigation complete; no suspect identified,
c1e68a0b6351742d93f3a60038e0573d71d3da646c24d971e5d3f9a1ac09af35,2023-06,Surrey Police,Surrey Police,-0.255415,51.344525,On or near The Kingsway,E01030391,Epsom and Ewell 007B,Possession of weapons,Unable to prosecute suspect,
cf256fdaf792ea3c2657df2d3a357ca06160d01e0ed4ddb02480a25cf67ac496,2023-06,Surrey Police,Surrey Police,-0.254365,51.338916,On or near Windmill Lane,E01030391,Epsom and Ewell 007B,Theft from the person,Unable to prosecute suspect,
8c5470f71af62e0268e72e39148a7b411e03452f47f9e2ac63da90ac5c053847,2023-06,Surrey Police,Surrey Police,-0.257023,51.337346,On or near Dirdene Grove,E01030391,Epsom and Ewell 007B,Vehicle crime,Investigation complete; no suspect identified,
bdce1c21bfcd84c8e201959298b4372018ffe1ddf739723353bbf1b5df63ec0d,2023-06,Surrey Police,Surrey Police,-0.258547,51.336532,On or near Providence Place,E01030391,Epsom and Ewell 007B,Vehicle crime,Investigation complete; no suspect identified,
af2df7332881db8c9050b80a1084490bc7139896a6232db241ada1eeef009284,2023-06,Surrey Police,Surrey Police,-0.255833,51.338435,On or near Osborne Close,E01030391,Epsom and Ewell 007B,Vehicle crime,Investigation complete; no suspect identified,
4707e832368c75bba0ea1cb2b5acdac6f2bbc3c4b9f82c3c20c6c2aa60f9bc03,2023-06,Surrey Police,Surrey Police,-0.257963,51.345121,On or near Corbet Road,E01030391,Epsom and Ewell 007B,Vehicle crime,Investigation complete; no suspect identified,
a205238c919f2c326e42643404d851ae44ee8b16c186bc4da1ff91450b64b8c1,2023-06,Surrey Police,Surrey Police,-0.257537,51.336284,On or near Beaconsfield Place,E01030391,Epsom and Ewell 007B,Violence and sexual offences,Status update unavailable,
12bc88865b4594ef4beb6ced20fae973ca707eb43b58d50e89c2cb4c1df7cb38,2023-06,Surrey Police,Surrey Police,-0.257023,51.337346,On or near Dirdene Grove,E01030391,Epsom and Ewell 007B,Violence and sexual offences,Unable to prosecute suspect,
8110019b027c8836124d3170292ecfb00b0f059012945b71cf9b2093740352bf,2023-06,Surrey Police,Surrey Police,-0.252414,51.340380,On or near Park Hill Road,E01030391,Epsom and Ewell 007B,Violence and sexual offences,Investigation complete; no suspect identified,
338c32cabfe5c9c099fcf3945356435b6b1776b008de3d878f063848969e70d4,2023-06,Surrey Police,Surrey Police,-0.272994,51.335272,On or near Sheraton Drive,E01030403,Epsom and Ewell 007C,Burglary,Status update unavailable,
7a2ffbddada261a101b8d5cc37c9d6b55a289af6e8869818d5bf648821971841,2023-06,Surrey Police,Surrey Police,-0.272994,51.335272,On or near Sheraton Drive,E01030403,Epsom and Ewell 007C,Criminal damage and arson,Unable to prosecute suspect,
9e6a81c2833df28845100d3b021780de703cbf25bfa4869d3e1159bbb23c500a,2023-06,Surrey Police,Surrey Police,-0.272994,51.335272,On or near Sheraton Drive,E01030403,Epsom and Ewell 007C,Public order,Status update unavailable,
589e2c050992f4039d073a30905c2f70b1e648e727f5bb9a55dda0a6a60627c5,2023-06,Surrey Police,Surrey Police,-0.275853,51.337517,On or near Oak Leaf Close,E01030403,Epsom and Ewell 007C,Vehicle crime,Investigation complete; no suspect identified,
718aa222f4d82ea7e4d2a1d86715fdd3c205185b1a21d2a544abc9f522729435,2023-06,Surrey Police,Surrey Police,-0.274884,51.339229,On or near Hamilton Close,E01030403,Epsom and Ewell 007C,Vehicle crime,Investigation complete; no suspect identified,
6e2e5f74887fb6b5446fddd5147c848eb746feda18e170f0b8ab1dc3548fe8f1,2023-06,Surrey Police,Surrey Police,-0.274884,51.339229,On or near Hamilton Close,E01030403,Epsom and Ewell 007C,Vehicle crime,Investigation complete; no suspect identified,
fec68e758412d7de8151463a38a8bfef6b32529580976746494241ed1689d8d1,2023-06,Surrey Police,Surrey Police,-0.272994,51.335272,On or near Sheraton Drive,E01030403,Epsom and Ewell 007C,Violence and sexual offences,Court result unavailable,
476dd5897111164f3508873d1f943176e82843cd44694d0526467caead60856c,2023-06,Surrey Police,Surrey Police,-0.275600,51.334689,On or near Court Lane,E01030404,Epsom and Ewell 007D,Burglary,Status update unavailable,
9ceddd1ca0f65270997c58a4c1057d0aa58581365beec753b7ee5cae9bc3448f,2023-06,Surrey Police,Surrey Police,-0.279845,51.329419,On or near Lane End,E01030404,Epsom and Ewell 007D,Vehicle crime,Investigation complete; no suspect identified,
c237078683673797fcc12685c716ce58cf35d7db16a30a192b9cbef6d590f5ff,2023-06,Surrey Police,Surrey Police,-0.277008,51.336194,On or near Meadway,E01030404,Epsom and Ewell 007D,Vehicle crime,Investigation complete; no suspect identified,
f8dc586bbc6ff8c4028ce877ad6a9a7e112d0ca078579c5426fb6a3b24f34b27,2023-06,Surrey Police,Surrey Police,-0.277008,51.336194,On or near Meadway,E01030404,Epsom and Ewell 007D,Vehicle crime,Investigation complete; no suspect identified,
32e96a4f7c63ffb8c4987f20024ceaa9b801e3464f5686c32820c1cc7dd599aa,2023-06,Surrey Police,Surrey Police,-0.274682,51.333885,On or near Parking Area,E01030404,Epsom and Ewell 007D,Violence and sexual offences,Investigation complete; no suspect identified,
77b2be2fa8360662150d50f629269c98f40aba7785b1d687393edf1cbb9a0732,2023-06,Surrey Police,Surrey Police,-0.279969,51.332245,On or near Parklawn Avenue,E01030404,Epsom and Ewell 007D,Violence and sexual offences,Unable to prosecute suspect,
adec005e65d78c8bd48e351c046889d6392cb65a707f78d6a1ffb5a53d10966e,2023-06,Surrey Police,Surrey Police,-0.279969,51.332245,On or near Parklawn Avenue,E01030404,Epsom and Ewell 007D,Violence and sexual offences,Unable to prosecute suspect,
cfc0624d3fb896f0fa719c9df0e05b88a6da880b5ed0ddd763ae5b9f0ba53ba6,2023-06,Surrey Police,Surrey Police,-0.275600,51.334689,On or near Court Lane,E01030404,Epsom and Ewell 007D,Other crime,Further investigation is not in the public interest,
,2023-06,Surrey Police,Surrey Police,-0.269371,51.336171,On or near Gosfield Road,E01030409,Epsom and Ewell 007E,Anti-social behaviour,,
4d7d75f49a09b3496482512c74e543abd90ead6aef1b3fe1c12e0fe6e6ea5205,2023-06,Surrey Police,Surrey Police,-0.270497,51.336017,On or near Maidenshaw Road,E01030409,Epsom and Ewell 007E,Violence and sexual offences,Unable to prosecute suspect,
c1de5a57c900c52e10392a0d04e577553c3f929f1b0eecb79784d10b415bf83a,2023-06,Surrey Police,Surrey Police,-0.270497,51.336017,On or near Maidenshaw Road,E01030409,Epsom and Ewell 007E,Violence and sexual offences,Further investigation is not in the public interest,
c4953899e0634437184fe0093616c5df2a95534dc11c541bbd198b132a9d799f,2023-06,Surrey Police,Surrey Police,-0.270497,51.336017,On or near Maidenshaw Road,E01030409,Epsom and Ewell 007E,Violence and sexual offences,Unable to prosecute suspect,
,2023-06,Surrey Police,Surrey Police,-0.259291,51.340770,On or near Kiln Lane,E01030410,Epsom and Ewell 007F,Anti-social behaviour,,
,2023-06,Surrey Police,Surrey Police,-0.259938,51.343010,On or near Northfields,E01030410,Epsom and Ewell 007F,Anti-social behaviour,,
8051275e30bbb3f89f64fbd9a1815ae75b07bf38884f43733b0af5e259a2dbe1,2023-06,Surrey Police,Surrey Police,-0.259857,51.336822,On or near East Street,E01030410,Epsom and Ewell 007F,Criminal damage and arson,Investigation complete; no suspect identified,
fba83d6f081663067e5dfdb419f08c0d75bc16666bb258e00e3e9fff5e30f2fd,2023-06,Surrey Police,Surrey Police,-0.260136,51.336655,On or near Linden Place,E01030410,Epsom and Ewell 007F,Criminal damage and arson,Investigation complete; no suspect identified,
87569f6aa308e7b3330f49637a5cc3b96c3e72811b8720655ea372e5990f543b,2023-06,Surrey Police,Surrey Police,-0.265771,51.339131,On or near Miles Road,E01030410,Epsom and Ewell 007F,Other theft,Investigation complete; no suspect identified,
f0c2b4f4b6b08dc504b88dc4692feb63332bf85e1b47d02f506ae25fbe21b523,2023-06,Surrey Police,Surrey Police,-0.265771,51.339131,On or near Miles Road,E01030410,Epsom and Ewell 007F,Other theft,Investigation complete; no suspect identified,
6397d5b5b0f9535544a33d9b1af1d8fd4bdcb4e8479fe9d3f6b967689c54b336,2023-06,Surrey Police,Surrey Police,-0.258738,51.338703,On or near Middle Lane,E01030410,Epsom and Ewell 007F,Public order,Further investigation is not in the public interest,
f659ad62fc27e0515ebc390cc353c62e4723f03d53ab4c0eb328a26a33b4f490,2023-06,Surrey Police,Surrey Police,-0.257684,51.341511,On or near Supermarket,E01030410,Epsom and Ewell 007F,Vehicle crime,Investigation complete; no suspect identified,
ab65a427bf8853b4af5ef53ab038ae91ea6c673e3a32df2f5116b76d1a6bf77a,2023-06,Surrey Police,Surrey Police,-0.257684,51.341511,On or near Supermarket,E01030410,Epsom and Ewell 007F,Vehicle crime,Investigation complete; no suspect identified,
cd2a2943561f2c4311fea1f3e8a056a01f1e36ca9d3f245599c4f8a5243de0c9,2023-06,Surrey Police,Surrey Police,-0.257684,51.341511,On or near Supermarket,E01030410,Epsom and Ewell 007F,Vehicle crime,Investigation complete; no suspect identified,
3fe113d74f53c10aadd10b67eb6f3c9a2bad7c8c578bb646df99595a9f6834f1,2023-06,Surrey Police,Surrey Police,-0.257684,51.341511,On or near Supermarket,E01030410,Epsom and Ewell 007F,Vehicle crime,Investigation complete; no suspect identified,
ea057ad4b0323428a5adbcd33d049fb43a2ae8237d367e81d8fb5c22a1ac482b,2023-06,Surrey Police,Surrey Police,-0.257684,51.341511,On or near Supermarket,E01030410,Epsom and Ewell 007F,Vehicle crime,Investigation complete; no suspect identified,
71adca67a225a5fa7d3c6cb66a87e777ec49e23fb6eea131c52fc0a976fd8051,2023-06,Surrey Police,Surrey Police,-0.260662,51.338308,On or near Portland Place,E01030410,Epsom and Ewell 007F,Violence and sexual offences,Investigation complete; no suspect identified,
4cb64858f32719b0e4db9779d449e2ca52677b50a967d96ce6699f150d104e3a,2023-06,Surrey Police,Surrey Police,-0.259291,51.340770,On or near Kiln Lane,E01030410,Epsom and Ewell 007F,Violence and sexual offences,Investigation complete; no suspect identified,
a05985e7fb285e96be145fa9e527456b525e1f292beb0b66b03c7d4d860f219d,2023-06,Surrey Police,Surrey Police,-0.265771,51.339131,On or near Miles Road,E01030410,Epsom and Ewell 007F,Violence and sexual offences,Further investigation is not in the public interest,
56af65b6ad521d7af4966c2b80cbd0cd4ddb0318f318983ab3bc6a7bb8ec4bd3,2023-06,Surrey Police,Surrey Police,-0.258110,51.338594,On or near Middle Close,E01030410,Epsom and Ewell 007F,Violence and sexual offences,Unable to prosecute suspect,
72d2bf0cf326ba7c32ab6bdabd5b3a5b89866ee8c07398af2a6ab367c04e82d7,2023-06,Surrey Police,Surrey Police,-0.262339,51.338765,On or near Winter Close,E01030410,Epsom and Ewell 007F,Violence and sexual offences,Unable to prosecute suspect,
bce6322b880b2eb1bd60f502cc8b79b725f43bc72d36dbb521d08a9b6aa2cf75,2023-06,Surrey Police,Surrey Police,-0.257684,51.341511,On or near Supermarket,E01030410,Epsom and Ewell 007F,Violence and sexual offences,Investigation complete; no suspect identified,
4063088656c7cc88a1cdaeedf7e16c408faa13536465db15578d234a400c2f3b,2023-06,Surrey Police,Surrey Police,-0.265771,51.339131,On or near Miles Road,E01030410,Epsom and Ewell 007F,Violence and sexual offences,Further action is not in the public interest,
458ee14e19dbf9f74abd11e2c58f210f25b0a80c31544f5e8bb0375559724058,2023-06,Surrey Police,Surrey Police,-0.259938,51.343010,On or near Northfields,E01030410,Epsom and Ewell 007F,Violence and sexual offences,Investigation complete; no suspect identified,
fbdee90fc22ea25e985672dcbf4405a08bbd71b1cee9037c14b7e5562bb836e5,2023-06,Surrey Police,Surrey Police,-0.258738,51.338703,On or near Middle Lane,E01030410,Epsom and Ewell 007F,Violence and sexual offences,Unable to prosecute suspect,
,2023-06,Surrey Police,Surrey Police,-0.256878,51.329062,On or near Randolph Road,E01030381,Epsom and Ewell 008A,Anti-social behaviour,,
5768ad092011d43418b7ef05d4a44e94ff0f549c6e161038ba18bdd4b425f354,2023-06,Surrey Police,Surrey Police,-0.259949,51.329467,On or near Downside,E01030381,Epsom and Ewell 008A,Bicycle theft,Investigation complete; no suspect identified,
8c063bd6728c363069d06b200444e4ac523d57440e36e9d8ae83146c0fb45ad2,2023-06,Surrey Police,Surrey Police,-0.260784,51.327501,On or near Chartwell Place,E01030381,Epsom and Ewell 008A,Criminal damage and arson,Investigation complete; no suspect identified,
0ab132386b81fc9175a0d625c200eeaa9d0ecd378f565d0c3525a83666504163,2023-06,Surrey Police,Surrey Police,-0.260784,51.327501,On or near Chartwell Place,E01030381,Epsom and Ewell 008A,Criminal damage and arson,Investigation complete; no suspect identified,
99b7a2dd4a263c1a1ccab94a3e0b85e73731d7bd087abf222fd56b69f3ac381d,2023-06,Surrey Police,Surrey Police,-0.259949,51.329467,On or near Downside,E01030381,Epsom and Ewell 008A,Public order,Unable to prosecute suspect,
0bc5c2c8e9cc6765c042df3bf7f5c6d693e65dce52f81eab1a27108f8fde5ca7,2023-06,Surrey Police,Surrey Police,-0.259503,51.334406,On or near Parking Area,E01030412,Epsom and Ewell 008C,Vehicle crime,Unable to prosecute suspect,
,2023-06,Surrey Police,Surrey Police,-0.257782,51.333985,On or near Pikes Hill,E01030412,Epsom and Ewell 008C,Anti-social behaviour,,
,2023-06,Surrey Police,Surrey Police,-0.255426,51.334049,On or near Wyeth'S Mews,E01030412,Epsom and Ewell 008C,Anti-social behaviour,,
,2023-06,Surrey Police,Surrey Police,-0.262636,51.336225,On or near Parking Area,E01030412,Epsom and Ewell 008C,Anti-social behaviour,,
62959baf35d53e8d30119b814860622518a2cbc1f309a9d718352ca6b67e31cc,2023-06,Surrey Police,Surrey Police,-0.257626,51.332058,On or near St Martin'S Close,E01030412,Epsom and Ewell 008C,Criminal damage and arson,Investigation complete; no suspect identified,
ad537cb14ab7f967f4536c29e91bbe26729a731d5efd343c75872bcb6f5e2b16,2023-06,Surrey Police,Surrey Police,-0.258901,51.334766,On or near Upper High Street,E01030412,Epsom and Ewell 008C,Other theft,Investigation complete; no suspect identified,
75a1f52c37f0ec0b0e75d84286a1d0a9282f8a34be7592501618191e9b780b5a,2023-06,Surrey Police,Surrey Police,-0.260778,51.333346,On or near Parking Area,E01030412,Epsom and Ewell 008C,Public order,Status update unavailable,
bf74402c0d46b8bd8f2a8f4e0fd8a4de1076cd47d6158751778bd3e6ff992ba4,2023-06,Surrey Police,Surrey Police,-0.260778,51.333346,On or near Parking Area,E01030412,Epsom and Ewell 008C,Public order,Status update unavailable,
ef1366230349533f5043b018dc42b2d7d05cd07a03286c6dfbdde7ace426c6bc,2023-06,Surrey Police,Surrey Police,-0.259503,51.334406,On or near Parking Area,E01030412,Epsom and Ewell 008C,Public order,Unable to prosecute suspect,
13c3185852836293e6a3ef4e08d2e2d1f3d4ef65f8a0a8cf9b88f3188bf6879b,2023-06,Surrey Police,Surrey Police,-0.259503,51.334406,On or near Parking Area,E01030412,Epsom and Ewell 008C,Shoplifting,Investigation complete; no suspect identified,
a339e904aad5d3633483964746d76c35c6952e5d41316fc748a7147aefe202a4,2023-06,Surrey Police,Surrey Police,-0.259503,51.334406,On or near Parking Area,E01030412,Epsom and Ewell 008C,Vehicle crime,Investigation complete; no suspect identified,
e18860fe6b2587fa227cc5bcbf8c3cc0b00ad25a06cab7a9f1798b5439ea7bd8,2023-06,Surrey Police,Surrey Police,-0.259503,51.334406,On or near Parking Area,E01030412,Epsom and Ewell 008C,Vehicle crime,Investigation complete; no suspect identified,
144e7450bc5129e6d271a4dffd530e6239ebfeb32ef68a97d71741dd6a264b63,2023-06,Surrey Police,Surrey Police,-0.262185,51.334851,On or near Prospect Place,E01030412,Epsom and Ewell 008C,Vehicle crime,Investigation complete; no suspect identified,
db24126ee8843d1f09d81a381a08a5d0c44524b220e458b43658d9cce4a33226,2023-06,Surrey Police,Surrey Police,-0.259503,51.334406,On or near Parking Area,E01030412,Epsom and Ewell 008C,Violence and sexual offences,Investigation complete; no suspect identified,
18026a77c448a9bec26d479cacd99a6fa50336d30672390b4a8961b2c5bbbfc0,2023-06,Surrey Police,Surrey Police,-0.260778,51.333346,On or near Parking Area,E01030412,Epsom and Ewell 008C,Violence and sexual offences,Court result unavailable,
cc8805896a1abdd1da642d8f572272eefd1bba2c36246e95a8c7d6e2cd4fa0a2,2023-06,Surrey Police,Surrey Police,-0.262636,51.336225,On or near Parking Area,E01030412,Epsom and Ewell 008C,Violence and sexual offences,Investigation complete; no suspect identified,
b6e2055fe34ee5bb5f17f06c0083501df39f519b336c4f594455cee142ebf550,2023-06,Surrey Police,Surrey Police,-0.259845,51.335617,On or near Delaporte Close,E01030412,Epsom and Ewell 008C,Violence and sexual offences,Unable to prosecute suspect,
49eefeca9a24e6643fe4dd0f806e63e9fcf27f56f89491a0a11ea764887a64d3,2023-06,Surrey Police,Surrey Police,-0.259503,51.334406,On or near Parking Area,E01030412,Epsom and Ewell 008C,Violence and sexual offences,Investigation complete; no suspect identified,
463ac0fc837821efd2eeef9170ab4cf06a566167144a0a9835ffad12cc1ad79b,2023-06,Surrey Police,Surrey Police,-0.259845,51.335617,On or near Delaporte Close,E01030412,Epsom and Ewell 008C,Violence and sexual offences,Investigation complete; no suspect identified,
4ef95e5830d3726592f545e38199bb382108a55664ba7793c2a07b25867b65d6,2023-06,Surrey Police,Surrey Police,-0.259503,51.334406,On or near Parking Area,E01030412,Epsom and Ewell 008C,Violence and sexual offences,Unable to prosecute suspect,
54f5aa4a30e24a5219cc53bc8ba1523b2139008b95f9f1473fc21d3b9e94f607,2023-06,Surrey Police,Surrey Police,-0.259459,51.331798,On or near Grove Road,E01030412,Epsom and Ewell 008C,Violence and sexual offences,Unable to prosecute suspect,
,2023-06,Surrey Police,Surrey Police,-0.272428,51.325129,On or near Hospital,E01030419,Epsom and Ewell 008D,Anti-social behaviour,,
,2023-06,Surrey Police,Surrey Police,-0.272428,51.325129,On or near Hospital,E01030419,Epsom and Ewell 008D,Anti-social behaviour,,
,2023-06,Surrey Police,Surrey Police,-0.272428,51.325129,On or near Hospital,E01030419,Epsom and Ewell 008D,Anti-social behaviour,,
06c73408bd520435802d14373e23f553b5f5d18a312c3f209e906a2baaf13e3a,2023-06,Surrey Police,Surrey Police,-0.272428,51.325129,On or near Hospital,E01030419,Epsom and Ewell 008D,Burglary,Investigation complete; no suspect identified,
c589c7a8903875195c4f74258e0adb7fdcb7e419e3e789c51a3016327ae309e0,2023-06,Surrey Police,Surrey Police,-0.272428,51.325129,On or near Hospital,E01030419,Epsom and Ewell 008D,Criminal damage and arson,Investigation complete; no suspect identified,
52250578ccd1ac8eacd59f7f93c668f4ee2340194f6c4c43c570efc748d4d681,2023-06,Surrey Police,Surrey Police,-0.272428,51.325129,On or near Hospital,E01030419,Epsom and Ewell 008D,Drugs,Local resolution,
7bf9a90d66769d82443a0695fb883d1f6d4980e7c8da5a74ad7fa46a4a74cb86,2023-06,Surrey Police,Surrey Police,-0.272428,51.325129,On or near Hospital,E01030419,Epsom and Ewell 008D,Drugs,Further investigation is not in the public interest,
1d03a777ef3cdcbb20930b3b3e8957279ff607c916f7e0d706c48bf65b9a9c0c,2023-06,Surrey Police,Surrey Police,-0.272428,51.325129,On or near Hospital,E01030419,Epsom and Ewell 008D,Drugs,Local resolution,
1496b042d7e7de6f8177205ee79f9e4c7f0e49c91019d4aebe149d8788294416,2023-06,Surrey Police,Surrey Police,-0.272428,51.325129,On or near Hospital,E01030419,Epsom and Ewell 008D,Other theft,Investigation complete; no suspect identified,
208d67c97569813eaee275a87a6100d84ae13ab83563084102083c670f079ac6,2023-06,Surrey Police,Surrey Police,-0.270904,51.328236,On or near Petrol Station,E01030419,Epsom and Ewell 008D,Shoplifting,Formal action is not in the public interest,
0e159ac90a38094ebd25b4a7df76b16a9e0900ae38b46c4a7afb44c649b77247,2023-06,Surrey Police,Surrey Police,-0.270904,51.328236,On or near Petrol Station,E01030419,Epsom and Ewell 008D,Shoplifting,Investigation complete; no suspect identified,
f107e37bb19231a945c58f263d06cc204dbc0922c370067046bba01a9fa776c0,2023-06,Surrey Police,Surrey Police,-0.270904,51.328236,On or near Petrol Station,E01030419,Epsom and Ewell 008D,Shoplifting,Investigation complete; no suspect identified,
287e68f5a42a1190490d849a2a9215ee73d009dc33c5ee584c719496361bf78d,2023-06,Surrey Police,Surrey Police,-0.262454,51.323956,On or near Ashley Road,E01030419,Epsom and Ewell 008D,Theft from the person,Investigation complete; no suspect identified,
bef4332dfb4bd66c3e39a968c5f811b43d04ac24189715ffdfb143b7f6df1c67,2023-06,Surrey Police,Surrey Police,-0.270904,51.328236,On or near Petrol Station,E01030419,Epsom and Ewell 008D,Vehicle crime,Investigation complete; no suspect identified,
ba0b269631670d46e32ed8a4b43bb944158c8ecf58a2da4917a445d495a0c053,2023-06,Surrey Police,Surrey Police,-0.272428,51.325129,On or near Hospital,E01030419,Epsom and Ewell 008D,Vehicle crime,Investigation complete; no suspect identified,
2dca9558e2d927f6935d7b00ff01bbe6fe19282ba558155b08543ba6b227cc06,2023-06,Surrey Police,Surrey Police,-0.272385,51.328554,On or near St Margaret Drive,E01030419,Epsom and Ewell 008D,Vehicle crime,Investigation complete; no suspect identified,
3fb1324601b8681ecd80fba76565f1677abf08417f1d7cdbad5357411a51418a,2023-06,Surrey Police,Surrey Police,-0.272428,51.325129,On or near Hospital,E01030419,Epsom and Ewell 008D,Violence and sexual offences,Further investigation is not in the public interest,
72e7c930c9d768dd7361f6742458acfea3e7a30a42437290ee38259cc5da14f1,2023-06,Surrey Police,Surrey Police,-0.272428,51.325129,On or near Hospital,E01030419,Epsom and Ewell 008D,Violence and sexual offences,Unable to prosecute suspect,
786741af17c5e7f6ab9c9522212618892f02baf891174440b4742410d7fcfe8f,2023-06,Surrey Police,Surrey Police,-0.272428,51.325129,On or near Hospital,E01030419,Epsom and Ewell 008D,Violence and sexual offences,Investigation complete; no suspect identified,
89d2533a2186b371b7b5be46cdcfd2f3747021f82f4e58a51268879a3710d65a,2023-06,Surrey Police,Surrey Police,-0.272428,51.325129,On or near Hospital,E01030419,Epsom and Ewell 008D,Violence and sexual offences,Court result unavailable,
715ca7c46948fe1a0570b052c4a565a088ae321466414e5f57cc8dee17decb7f,2023-06,Surrey Police,Surrey Police,-0.267818,51.332039,On or near Shopping Area,E01034289,Epsom and Ewell 008E,Shoplifting,Unable to prosecute suspect,
556c0830ed20afc668079639f25f0f9e3ab758797176fa0edbf97bbe79778f6c,2023-06,Surrey Police,Surrey Police,-0.269907,51.333383,On or near Parking Area,E01034289,Epsom and Ewell 008E,Violence and sexual offences,Unable to prosecute suspect,
,2023-06,Surrey Police,Surrey Police,-0.268742,51.334193,On or near Parking Area,E01034289,Epsom and Ewell 008E,Anti-social behaviour,,
,2023-06,Surrey Police,Surrey Police,-0.267345,51.333560,On or near Nightclub,E01034289,Epsom and Ewell 008E,Anti-social behaviour,,
,2023-06,Surrey Police,Surrey Police,-0.271814,51.333051,On or near West Street,E01034289,Epsom and Ewell 008E,Anti-social behaviour,,
,2023-06,Surrey Police,Surrey Police,-0.267345,51.333560,On or near Nightclub,E01034289,Epsom and Ewell 008E,Anti-social behaviour,,
,2023-06,Surrey Police,Surrey Police,-0.267727,51.334070,On or near Supermarket,E01034289,Epsom and Ewell 008E,Anti-social behaviour,,
d6011f011bb6bf9281bc2e741dc398d2d6b16ada65bedfc3ccd4f65626ccb637,2023-06,Surrey Police,Surrey Police,-0.267345,51.333560,On or near Nightclub,E01034289,Epsom and Ewell 008E,Bicycle theft,Investigation complete; no suspect identified,
49b7707c230b34deea1d2f0952caf810dee90ce6ee282c2ef23add44afba338c,2023-06,Surrey Police,Surrey Police,-0.271814,51.333051,On or near West Street,E01034289,Epsom and Ewell 008E,Criminal damage and arson,Unable to prosecute suspect,
426234369300d4900b8f07c9377bf5fcac0ad08f76230fe4910e4af28b5107db,2023-06,Surrey Police,Surrey Police,-0.268742,51.334193,On or near Parking Area,E01034289,Epsom and Ewell 008E,Drugs,Further investigation is not in the public interest,
11487ae013db4f162e73d7c8a1e8308b0d7b8747a8679acdf1ed483ea5d24352,2023-06,Surrey Police,Surrey Police,-0.267818,51.332039,On or near Shopping Area,E01034289,Epsom and Ewell 008E,Drugs,Unable to prosecute suspect,
a704efe900dfe03fcd8301024837c7dd7b89694363a9d3c49f6b9772dfa59589,2023-06,Surrey Police,Surrey Police,-0.269528,51.333917,On or near Station Approach,E01034289,Epsom and Ewell 008E,Drugs,Court result unavailable,
e9c5705d80d923a312b3343f41ee0af7236162f36db360f6fc96aee0f53bd410,2023-06,Surrey Police,Surrey Police,-0.267727,51.334070,On or near Supermarket,E01034289,Epsom and Ewell 008E,Drugs,Formal action is not in the public interest,
feee070d6294075a8039b5e4b3fd08456acb10efe6269fcb7eb659a2e3d8ccd2,2023-06,Surrey Police,Surrey Police,-0.268600,51.331475,On or near Ashley Avenue,E01034289,Epsom and Ewell 008E,Other theft,Unable to prosecute suspect,
0f900c5dbd9af32209cb63ea82d61a5ff10acd751c4055e2c960f94ff88a3605,2023-06,Surrey Police,Surrey Police,-0.271814,51.333051,On or near West Street,E01034289,Epsom and Ewell 008E,Other theft,Investigation complete; no suspect identified,
925564dd095108fdeb23d283b8249f464a03e90c9f01093c41c55abaff58ad70,2023-06,Surrey Police,Surrey Police,-0.269907,51.333383,On or near Parking Area,E01034289,Epsom and Ewell 008E,Other theft,Investigation complete; no suspect identified,
3fee3c801bb2e788b5fa6de638f3321334eb7ed73025ef4dec7734ae2ec1c638,2023-06,Surrey Police,Surrey Police,-0.269249,51.331394,On or near A24,E01034289,Epsom and Ewell 008E,Public order,Investigation complete; no suspect identified,
5109e60ff051b8134f5850e1f7ebed03c254093b026bae77df8364e592cffd55,2023-06,Surrey Police,Surrey Police,-0.267261,51.332342,On or near Shopping Area,E01034289,Epsom and Ewell 008E,Public order,Investigation complete; no suspect identified,
fa0f8d4ae6043cf70938a0b5dc29e81be97bcd2d12ccecd672d23e1fdb04bfe5,2023-06,Surrey Police,Surrey Police,-0.269105,51.333694,On or near Parking Area,E01034289,Epsom and Ewell 008E,Public order,Unable to prosecute suspect,
d5962fd1ffb84665169f87ddf902aff4477a774279915435e1a05c58316c4bac,2023-06,Surrey Police,Surrey Police,-0.267727,51.334070,On or near Supermarket,E01034289,Epsom and Ewell 008E,Public order,Investigation complete; no suspect identified,
2312030e6aba5d7a30e00bca52e97f7cca0488c8c537e3629e63bec964ebbc9a,2023-06,Surrey Police,Surrey Police,-0.267818,51.332039,On or near Shopping Area,E01034289,Epsom and Ewell 008E,Public order,Investigation complete; no suspect identified,
f5aec7481b2e18ff8ea9a64ee3a887ef2cc553ca9e36c837afca5092a3fc8500,2023-06,Surrey Police,Surrey Police,-0.269907,51.333383,On or near Parking Area,E01034289,Epsom and Ewell 008E,Shoplifting,Investigation complete; no suspect identified,
c04335dd3693e2aade8222a35fa0a1bb94d1119925f77256133fc093b89551e6,2023-06,Surrey Police,Surrey Police,-0.267818,51.332039,On or near Shopping Area,E01034289,Epsom and Ewell 008E,Shoplifting,Investigation complete; no suspect identified,
8ac5cb9d3a0e1e52c660cfc708b87962b95362ce30ab99507cf7e99a05887143,2023-06,Surrey Police,Surrey Police,-0.267261,51.332342,On or near Shopping Area,E01034289,Epsom and Ewell 008E,Shoplifting,Local resolution,
1965ddd89388749d7e79b57be986935c6e80736f81efddcf2abc9a91df7cdb43,2023-06,Surrey Police,Surrey Police,-0.269528,51.333917,On or near Station Approach,E01034289,Epsom and Ewell 008E,Shoplifting,Investigation complete; no suspect identified,
b80c67bf5516179c5f454eaf6dc7a9429fdb42fa5d4da26f2251704e095dd16c,2023-06,Surrey Police,Surrey Police,-0.270346,51.331617,On or near Theatre/Concert Hall,E01034289,Epsom and Ewell 008E,Shoplifting,Investigation complete; no suspect identified,
7e9b72038f1f4bd17db167f0b4c17b1dccac2b0b73db8d41c193fe2924469ed6,2023-06,Surrey Police,Surrey Police,-0.267345,51.333560,On or near Nightclub,E01034289,Epsom and Ewell 008E,Shoplifting,Further investigation is not in the public interest,
b1e0f5455153d82bf13feca5078e081bac583ee801088723a7ffd10473c695aa,2023-06,Surrey Police,Surrey Police,-0.267261,51.332342,On or near Shopping Area,E01034289,Epsom and Ewell 008E,Shoplifting,Investigation complete; no suspect identified,
ca0063edb770f2b230272854d8123b705775297ed730d658cb1b1119ac7b3082,2023-06,Surrey Police,Surrey Police,-0.267345,51.333560,On or near Nightclub,E01034289,Epsom and Ewell 008E,Shoplifting,Investigation complete; no suspect identified,
5a85d86d164a80aa97531052ffb3da2a6a5cbe8042758291798c94beeacb2049,2023-06,Surrey Police,Surrey Police,-0.267727,51.334070,On or near Supermarket,E01034289,Epsom and Ewell 008E,Shoplifting,Investigation complete; no suspect identified,
3e342e5bdf9814b84998281a282e14ce18dfa0a2b0c6ad7ae5da5b0069ebe400,2023-06,Surrey Police,Surrey Police,-0.268580,51.334298,On or near Epsom,E01034289,Epsom and Ewell 008E,Vehicle crime,Investigation complete; no suspect identified,
c973f348764039cc521bbdc1c8dda09301fcdc9bbf64a10823b3b5bd1927e872,2023-06,Surrey Police,Surrey Police,-0.272833,51.332293,On or near Manor House Court,E01034289,Epsom and Ewell 008E,Vehicle crime,Investigation complete; no suspect identified,
02205f04c28871c8367b3c4d93e91c47c26d4d7db10632a17c2afa25e60ac692,2023-06,Surrey Police,Surrey Police,-0.274125,51.331520,On or near Meadow Court,E01034289,Epsom and Ewell 008E,Vehicle crime,Investigation complete; no suspect identified,
72dfdb4999a407cff936cd796c4a5db287a25e27efce95555e35cddd82a7463b,2023-06,Surrey Police,Surrey Police,-0.269907,51.333383,On or near Parking Area,E01034289,Epsom and Ewell 008E,Violence and sexual offences,Unable to prosecute suspect,
c74565a91e9b06f122f728150e487d711a45d20ffe32b989c31b8d09e8d9b810,2023-06,Surrey Police,Surrey Police,-0.267261,51.332342,On or near Shopping Area,E01034289,Epsom and Ewell 008E,Violence and sexual offences,Unable to prosecute suspect,
06afeda5b4d0071518760f51f22ada921c53f185a6449853e8aa2475804f52b7,2023-06,Surrey Police,Surrey Police,-0.267261,51.332342,On or near Shopping Area,E01034289,Epsom and Ewell 008E,Violence and sexual offences,Unable to prosecute suspect,
ea9726646876fc845ea6765bd8fdad8b2362764ad2e84d46edc4bede6b0a7aa8,2023-06,Surrey Police,Surrey Police,-0.268580,51.334298,On or near Epsom,E01034289,Epsom and Ewell 008E,Violence and sexual offences,Investigation complete; no suspect identified,
8f0872ea17148654ced08a63081bc7f275172e5d25d8748e435597679c802faa,2023-06,Surrey Police,Surrey Police,-0.268580,51.334298,On or near Epsom,E01034289,Epsom and Ewell 008E,Violence and sexual offences,Court result unavailable,
0b321702c9ad23add759e6416c8dfefcb61d09ef27181e9ac747aba34f18f635,2023-06,Surrey Police,Surrey Police,-0.267345,51.333560,On or near Nightclub,E01034289,Epsom and Ewell 008E,Violence and sexual offences,Unable to prosecute suspect,
73daa70e26bf3b511658e8d0f85cca0cd35dbf533ccc1b2951aa07664dd41b39,2023-06,Surrey Police,Surrey Police,-0.267345,51.333560,On or near Nightclub,E01034289,Epsom and Ewell 008E,Violence and sexual offences,Unable to prosecute suspect,
a470e6d03b5bdcbba420cf3eaa92c7843fba92a41832e93d209f68a86bd63e45,2023-06,Surrey Police,Surrey Police,-0.269528,51.333917,On or near Station Approach,E01034289,Epsom and Ewell 008E,Violence and sexual offences,Investigation complete; no suspect identified,
2e8642a54a5aa97e12f1a164faf5afcb07d7c8f797a5065dee894a96f80e0767,2023-06,Surrey Police,Surrey Police,-0.267818,51.332039,On or near Shopping Area,E01034289,Epsom and Ewell 008E,Violence and sexual offences,Court result unavailable,
0272ad366c3777dcefff4a69e7e17aa76c0ba622f8c4d94a97828b9ccc0c81ac,2023-06,Surrey Police,Surrey Police,-0.269907,51.333383,On or near Parking Area,E01034289,Epsom and Ewell 008E,Violence and sexual offences,Investigation complete; no suspect identified,
495b2c64f675d0c80b0c65f7d4bb10c7c4410ce7673bc2d4924a002f1bd82813,2023-06,Surrey Police,Surrey Police,-0.271814,51.333051,On or near West Street,E01034289,Epsom and Ewell 008E,Violence and sexual offences,Unable to prosecute suspect,
bf6e904db0d1393fab80289a7c97dba9bba3dd7b9cbadfdd3c8e17d454fabf1d,2023-06,Surrey Police,Surrey Police,-0.267261,51.332342,On or near Shopping Area,E01034289,Epsom and Ewell 008E,Violence and sexual offences,Status update unavailable,
7444f84ccf201398e2f77c28f2c615f65f4defde25f1bdb38d3e21f911356076,2023-06,Surrey Police,Surrey Police,-0.269907,51.333383,On or near Parking Area,E01034289,Epsom and Ewell 008E,Violence and sexual offences,Unable to prosecute suspect,
b0683c5198547fe605135ae617c99b3d565b2d761507a7b4624371aac1b727ba,2023-06,Surrey Police,Surrey Police,-0.270346,51.331617,On or near Theatre/Concert Hall,E01034289,Epsom and Ewell 008E,Violence and sexual offences,Unable to prosecute suspect,
d1c76fb94c252a2e6581bb69a8a57ede4fc17f3c8ce975da01d438546c9da142,2023-06,Surrey Police,Surrey Police,-0.269907,51.333383,On or near Parking Area,E01034289,Epsom and Ewell 008E,Violence and sexual offences,Court result unavailable,
,2023-06,Surrey Police,Surrey Police,-0.263341,51.334284,On or near Supermarket,E01034290,Epsom and Ewell 008F,Anti-social behaviour,,
,2023-06,Surrey Police,Surrey Police,-0.262882,51.335032,On or near Clayton Road,E01034290,Epsom and Ewell 008F,Anti-social behaviour,,
,2023-06,Surrey Police,Surrey Police,-0.266067,51.333173,On or near Nightclub,E01034290,Epsom and Ewell 008F,Anti-social behaviour,,
,2023-06,Surrey Police,Surrey Police,-0.265361,51.333750,On or near Theatre/Concert Hall,E01034290,Epsom and Ewell 008F,Anti-social behaviour,,
,2023-06,Surrey Police,Surrey Police,-0.264727,51.334835,On or near Adelphi Road,E01034290,Epsom and Ewell 008F,Anti-social behaviour,,
,2023-06,Surrey Police,Surrey Police,-0.267707,51.334609,On or near Waterloo Road,E01034290,Epsom and Ewell 008F,Anti-social behaviour,,
,2023-06,Surrey Police,Surrey Police,-0.262882,51.335032,On or near Clayton Road,E01034290,Epsom and Ewell 008F,Anti-social behaviour,,
,2023-06,Surrey Police,Surrey Police,-0.266419,51.334289,On or near Shopping Area,E01034290,Epsom and Ewell 008F,Anti-social behaviour,,
c42b41c6592abf3dd919c0979ae29880fd61b3a23480d3aad25a02362c9a07a8,2023-06,Surrey Police,Surrey Police,-0.263729,51.333894,On or near B284,E01034290,Epsom and Ewell 008F,Criminal damage and arson,Investigation complete; no suspect identified,
54a7b0bb38bc9638637c519f2d9c624207dcdf9afb34d29c34bd73e21c876f2a,2023-06,Surrey Police,Surrey Police,-0.265361,51.333750,On or near Theatre/Concert Hall,E01034290,Epsom and Ewell 008F,Other theft,Investigation complete; no suspect identified,
d6e49e08afa7e9e96e7e79f5db44a35dfc33da0106a29ada67cb4c300c88132b,2023-06,Surrey Police,Surrey Police,-0.265361,51.333750,On or near Theatre/Concert Hall,E01034290,Epsom and Ewell 008F,Other theft,Investigation complete; no suspect identified,
1f1a5e6b365c73dad28502e7d92f684b0b82133e107036d639a0776f4539b00d,2023-06,Surrey Police,Surrey Police,-0.262908,51.332811,On or near Parking Area,E01034290,Epsom and Ewell 008F,Other theft,Further investigation is not in the public interest,
ba8168ea42bccb81d806aeb72799497b9b0cbff55fdae08b3aec4137ad3980e4,2023-06,Surrey Police,Surrey Police,-0.266067,51.333173,On or near Nightclub,E01034290,Epsom and Ewell 008F,Other theft,Investigation complete; no suspect identified,
6a849f58a0f0ca5f30e5cfdfd9407bb2268cea23e8a179727a39d5adb45b364d,2023-06,Surrey Police,Surrey Police,-0.265361,51.333750,On or near Theatre/Concert Hall,E01034290,Epsom and Ewell 008F,Possession of weapons,Unable to prosecute suspect,
e5cacccf63c5ddc0526f75f3981a64b57fb8f9afa917190dfd26bb3c1bbb03f5,2023-06,Surrey Police,Surrey Police,-0.265361,51.333750,On or near Theatre/Concert Hall,E01034290,Epsom and Ewell 008F,Public order,Local resolution,
fef6af98f08d07cd67ab950964207c09e911b25f61cd1b6e0a77113af75e859a,2023-06,Surrey Police,Surrey Police,-0.266419,51.334289,On or near Shopping Area,E01034290,Epsom and Ewell 008F,Public order,Investigation complete; no suspect identified,
6f30fda36ef6602c05d640c937c16bd72219efa1978e3d6dccc7db26f59224a8,2023-06,Surrey Police,Surrey Police,-0.266419,51.334289,On or near Shopping Area,E01034290,Epsom and Ewell 008F,Public order,Investigation complete; no suspect identified,
6ca6313194f2cf6ab88c082a9cbe9c0dcc895d02af94f7979c324b5084f1abd9,2023-06,Surrey Police,Surrey Police,-0.266419,51.334289,On or near Shopping Area,E01034290,Epsom and Ewell 008F,Shoplifting,Investigation complete; no suspect identified,
dfd329c090d8e2466577ea5d3c20c29e783db1fc89495bcc76c67f0356d2c597,2023-06,Surrey Police,Surrey Police,-0.266067,51.333173,On or near Nightclub,E01034290,Epsom and Ewell 008F,Shoplifting,Investigation complete; no suspect identified,
50e1e45de9986528ab8b794090e413e9e3d8d3a2a35a8671ca0412d8d102eeb9,2023-06,Surrey Police,Surrey Police,-0.267707,51.334609,On or near Waterloo Road,E01034290,Epsom and Ewell 008F,Shoplifting,Investigation complete; no suspect identified,
9dc9c5f32991eeed4450226519aab1e269403da173a9a9de99c692e40a7f4d9e,2023-06,Surrey Police,Surrey Police,-0.265361,51.333750,On or near Theatre/Concert Hall,E01034290,Epsom and Ewell 008F,Shoplifting,Investigation complete; no suspect identified,
665a71ad1986f26a2d6b388c795fd8c50bf7d70be4ce443f16deffa9759902c3,2023-06,Surrey Police,Surrey Police,-0.266339,51.334337,On or near Parking Area,E01034290,Epsom and Ewell 008F,Vehicle crime,Investigation complete; no suspect identified,
10a92ce98e6ec239db57968d697f42110f977fedbfb2495ff02049e31512a24f,2023-06,Surrey Police,Surrey Police,-0.263729,51.333894,On or near B284,E01034290,Epsom and Ewell 008F,Violence and sexual offences,Unable to prosecute suspect,
f81f01dde43ca0aa08f2ff0390fee49e524fc3e7aac1640f5ddd77d07ecca586,2023-06,Surrey Police,Surrey Police,-0.266067,51.333173,On or near Nightclub,E01034290,Epsom and Ewell 008F,Violence and sexual offences,Investigation complete; no suspect identified,
6689c856246e4d04c16a20507f248d2d35fd6c9fb7da493abe9a127068487d0b,2023-06,Surrey Police,Surrey Police,-0.266067,51.333173,On or near Nightclub,E01034290,Epsom and Ewell 008F,Violence and sexual offences,Investigation complete; no suspect identified,
b0da4cb25d390adfcab15e071a72b04c005a65a3a80bd323826d067b031066d3,2023-06,Surrey Police,Surrey Police,-0.264727,51.334835,On or near Adelphi Road,E01034290,Epsom and Ewell 008F,Violence and sexual offences,Unable to prosecute suspect,
ebb47dd20f188e6714cf04067b243705b75ffed39f2e435dd2f52f6cc2635cf8,2023-06,Surrey Police,Surrey Police,-0.267707,51.334609,On or near Waterloo Road,E01034290,Epsom and Ewell 008F,Violence and sexual offences,Investigation complete; no suspect identified,
79ed8505943259a33a29a2bdeaf245a6cc7ef30c3e5753de979e2a85bde65ac4,2023-06,Surrey Police,Surrey Police,-0.266339,51.334337,On or near Parking Area,E01034290,Epsom and Ewell 008F,Other crime,Unable to prosecute suspect,
46642454982e812a793f8f684dcf616a1ddc6098d4fd936de32c3c24d03de575,2023-06,Surrey Police,Surrey Police,-0.254544,51.331563,On or near Bridle Road,E01030379,Epsom and Ewell 009A,Bicycle theft,Investigation complete; no suspect identified,
cf32b4824160bdf3bee02c3e6fb6425998522ce19303895aaa3b5957a07e8c80,2023-06,Surrey Police,Surrey Police,-0.254307,51.334401,On or near B288,E01030379,Epsom and Ewell 009A,Vehicle crime,Investigation complete; no suspect identified,
92df847e1a050ad5b73de4519b68cba8e11c0967e3118d5ed08009c45c2adf2e,2023-06,Surrey Police,Surrey Police,-0.251272,51.331523,On or near Alexandra Road,E01030379,Epsom and Ewell 009A,Vehicle crime,Investigation complete; no suspect identified,
97c6c682e8e2104f62a66903a4e6401e41bf7bda01fd0aefe5dd7a742df87e98,2023-06,Surrey Police,Surrey Police,-0.253604,51.329849,On or near Albert Villas,E01030379,Epsom and Ewell 009A,Vehicle crime,Investigation complete; no suspect identified,
2c668d6377e7745eaa388fc81ac02fa0a9a09b3e2d130db27f69a904af1afef1,2023-06,Surrey Police,Surrey Police,-0.254307,51.334401,On or near B288,E01030379,Epsom and Ewell 009A,Violence and sexual offences,Court result unavailable,
,2023-06,Surrey Police,Surrey Police,-0.250140,51.314510,On or near Parking Area,E01030380,Epsom and Ewell 009B,Anti-social behaviour,,
,2023-06,Surrey Police,Surrey Police,-0.258399,51.315056,On or near Derby Stables Road,E01030380,Epsom and Ewell 009B,Anti-social behaviour,,
be656719a002252de045953bea12d02299c8cf4a14fb3111937081f15a0bccf6,2023-06,Surrey Police,Surrey Police,-0.258399,51.315056,On or near Derby Stables Road,E01030380,Epsom and Ewell 009B,Criminal damage and arson,Investigation complete; no suspect identified,
3e2de44cb61f3f513e4fd3e999c29066432ab23b67a0017f2b68cfc171f9c34d,2023-06,Surrey Police,Surrey Police,-0.250140,51.314510,On or near Parking Area,E01030380,Epsom and Ewell 009B,Drugs,Local resolution,
564f271572a56c51416d865f7f37735c6daac539575e42ff426ba22a354e103f,2023-06,Surrey Police,Surrey Police,-0.258399,51.315056,On or near Derby Stables Road,E01030380,Epsom and Ewell 009B,Drugs,Status update unavailable,
4e342f6b03c89c1da657c0e0a60493dec36d9c5385e9169411b42486b0334e45,2023-06,Surrey Police,Surrey Police,-0.258399,51.315056,On or near Derby Stables Road,E01030380,Epsom and Ewell 009B,Drugs,Local resolution,
4def33687c338255c4ab4155467d70d8a09262cfddc3c18462e9baea8dbdd8b3,2023-06,Surrey Police,Surrey Police,-0.258399,51.315056,On or near Derby Stables Road,E01030380,Epsom and Ewell 009B,Drugs,Local resolution,
014e611eea06a27ec3de634468fee3c174ffb146d64250dbc0312b7c0b93d5d4,2023-06,Surrey Police,Surrey Police,-0.258399,51.315056,On or near Derby Stables Road,E01030380,Epsom and Ewell 009B,Other theft,Investigation complete; no suspect identified,
14ca0209e0ea22777bb1b59d9b086538b8d1946b6ccd4f07a87a3fe4ae8db0fe,2023-06,Surrey Police,Surrey Police,-0.258399,51.315056,On or near Derby Stables Road,E01030380,Epsom and Ewell 009B,Other theft,Investigation complete; no suspect identified,
14b4fa7d7ae7815e3435219f84ebb6437a95a13289afe70bdf6d9fe1d7113050,2023-06,Surrey Police,Surrey Police,-0.258399,51.315056,On or near Derby Stables Road,E01030380,Epsom and Ewell 009B,Possession of weapons,Further investigation is not in the public interest,
9d6e443f6f7ea864286d3eced11e261cf3232eaf2ecf043656bc47e77fdb028f,2023-06,Surrey Police,Surrey Police,-0.258399,51.315056,On or near Derby Stables Road,E01030380,Epsom and Ewell 009B,Public order,Investigation complete; no suspect identified,
f90f233509ef1c9b477cd3a3d92610ecbdb22c04330a011533a21ca68bdc6a7b,2023-06,Surrey Police,Surrey Police,-0.258399,51.315056,On or near Derby Stables Road,E01030380,Epsom and Ewell 009B,Public order,Court result unavailable,
c9654436c1b310467bb98318eeee9694e2604faf0211ecc5a857e5c635ba4699,2023-06,Surrey Police,Surrey Police,-0.258399,51.315056,On or near Derby Stables Road,E01030380,Epsom and Ewell 009B,Public order,Further investigation is not in the public interest,
8a46cd2bdb9285d6c1157e77d4782401b445356730f084afcfcfc3d8b939d1a4,2023-06,Surrey Police,Surrey Police,-0.258399,51.315056,On or near Derby Stables Road,E01030380,Epsom and Ewell 009B,Public order,Further investigation is not in the public interest,
4962dd42bc816404066c2d0250323d87ac6838d8171de7e70f18f1d04bee5500,2023-06,Surrey Police,Surrey Police,-0.244958,51.311933,On or near Parking Area,E01030380,Epsom and Ewell 009B,Vehicle crime,Investigation complete; no suspect identified,
1faacd48985835a768a9759d1dedf978478ee20dbddcf7b8b9a8485c38289fbf,2023-06,Surrey Police,Surrey Police,-0.258399,51.315056,On or near Derby Stables Road,E01030380,Epsom and Ewell 009B,Violence and sexual offences,Unable to prosecute suspect,
d45f92173121852c15a304265ff9e62bb9e3ccc2b1d28658fab54d8340981358,2023-06,Surrey Police,Surrey Police,-0.258399,51.315056,On or near Derby Stables Road,E01030380,Epsom and Ewell 009B,Violence and sexual offences,Unable to prosecute suspect,
ddca38b995955b567600626a9edc6200c5eb5792462ac4d08e6afd4ef5f84a53,2023-06,Surrey Police,Surrey Police,-0.258399,51.315056,On or near Derby Stables Road,E01030380,Epsom and Ewell 009B,Violence and sexual offences,Unable to prosecute suspect,
a2f88c6ea03ab35e1dccdbf20f89ebffb53c61503bbe9810ce16cf0b39653529,2023-06,Surrey Police,Surrey Police,-0.258399,51.315056,On or near Derby Stables Road,E01030380,Epsom and Ewell 009B,Violence and sexual offences,Local resolution,
f6c6dc80d30a41ffb4ead20b9ac6a20c2e27ad43dbcc4b0ad8ad211b0173a3e0,2023-06,Surrey Police,Surrey Police,-0.258399,51.315056,On or near Derby Stables Road,E01030380,Epsom and Ewell 009B,Violence and sexual offences,Offender given a caution,
b0c04dea3074933fc2c5b2ecaff301230a5dc910a870dfac58135a200b1c943c,2023-06,Surrey Police,Surrey Police,-0.258399,51.315056,On or near Derby Stables Road,E01030380,Epsom and Ewell 009B,Violence and sexual offences,Unable to prosecute suspect,
c211c005896c17f86796a3f7c8a6afc7b1ea9813421eddeb6885985ce735b3cb,2023-06,Surrey Police,Surrey Police,-0.289558,51.328015,On or near Spa Drive,E01030405,Epsom and Ewell 009C,Other theft,Investigation complete; no suspect identified,
a6e4a15b3a4a0ebfabe4f8f1cb805b610dbebee580b81379b84e2a515ec4f9f5,2023-06,Surrey Police,Surrey Police,-0.291871,51.326790,On or near The Crescent,E01030405,Epsom and Ewell 009C,Vehicle crime,Investigation complete; no suspect identified,
f1bdb4cc2331743bcd29c2020a308ead8a096837ded9499951581e7890c9b070,2023-06,Surrey Police,Surrey Police,-0.287063,51.326018,On or near Common Side,E01030405,Epsom and Ewell 009C,Violence and sexual offences,Unable to prosecute suspect,
,2023-06,Surrey Police,Surrey Police,-0.279054,51.315658,On or near Old Barn Road,E01030417,Epsom and Ewell 009D,Anti-social behaviour,,
db7b1e8afb9e10edef08504695bd797a5e640a948ec2d30597e9beef2db40ce0,2023-06,Surrey Police,Surrey Police,-0.274777,51.318751,On or near Baron'S Hurst,E01030417,Epsom and Ewell 009D,Vehicle crime,Investigation complete; no suspect identified,
,2023-06,Surrey Police,Surrey Police,-0.259543,51.304174,On or near Vale Close,E01030418,Epsom and Ewell 009E,Anti-social behaviour,,
747ea04a607a0b37a16ea71082030f70ee68f9bcaca69ffd51987eaf0ca4ad24,2023-06,Surrey Police,Surrey Police,-0.266888,51.305299,On or near Saddlers Way,E01030418,Epsom and Ewell 009E,Burglary,Status update unavailable,
b4dd4e0dd1c1d873f2d3acbea965534e2cebe0993e032dc3e596a5ecfb1b3395,2023-06,Surrey Police,Surrey Police,-0.264547,51.306128,On or near Harding Road,E01030418,Epsom and Ewell 009E,Violence and sexual offences,Unable to prosecute suspect,
,2023-06,Surrey Police,Surrey Police,-0.275214,51.323533,On or near Digdens Rise,E01030420,Epsom and Ewell 009F,Anti-social behaviour,,
f61ae9c0f4f85d73075621f801202878c8d8c52e2fd0ce9031376c77bad85d18,2023-06,Surrey Police,Surrey Police,-0.279174,51.325120,On or near Dorking Road,E01030420,Epsom and Ewell 009F,Other theft,Investigation complete; no suspect identified,
823d0941324ea950bf321b391b354ac6feeb22a87c519968465b0400c63dc58c,2023-06,Surrey Police,Surrey Police,-0.273788,51.323305,On or near Woodcote Green Road,E01030420,Epsom and Ewell 009F,Other theft,Investigation complete; no suspect identified,
dfcbd4ad3fbc577bf156e846146ba300b5ed25bf610151e99e64963089ecb91a,2023-06,Surrey Police,Surrey Police,-0.277452,51.325113,On or near Whitmores Close,E01030420,Epsom and Ewell 009F,Public order,Investigation complete; no suspect identified,
b8ebd00c194f56c58e19c2bff20f34f0fad180c0143b3b7099692c9770c2e60f,2023-06,Surrey Police,Surrey Police,-0.277452,51.325113,On or near Whitmores Close,E01030420,Epsom and Ewell 009F,Public order,Further investigation is not in the public interest,
24de800e7b75faa306c26c15b6e53076528b88944ac178c5ed85591bfb257b57,2023-06,Surrey Police,Surrey Police,-0.277452,51.325113,On or near Whitmores Close,E01030420,Epsom and Ewell 009F,Public order,Unable to prosecute suspect,
67e7917069e16313c575559d80df61eb121e354f6ae9636a77a0acac7f5ae479,2023-06,Surrey Police,Surrey Police,-0.277452,51.325113,On or near Whitmores Close,E01030420,Epsom and Ewell 009F,Public order,Unable to prosecute suspect,
338bfb51230f21972dbd36ce0afef1629913c7a9a18a6e3142df4445b6c31421,2023-06,Surrey Police,Surrey Police,-0.279534,51.322787,On or near Woodcote Side,E01030420,Epsom and Ewell 009F,Vehicle crime,Investigation complete; no suspect identified,
1ea85b6729215a5604b247cf4e1eb8e037feada6818e32ecbd2abb337b9ccd80,2023-06,Surrey Police,Surrey Police,-0.277452,51.325113,On or near Whitmores Close,E01030420,Epsom and Ewell 009F,Violence and sexual offences,Unable to prosecute suspect,
cde735cc259824ad24e62d03e4f280ea92836c3bc7c114406887cbeb26cec5fb,2023-06,Surrey Police,Surrey Police,-0.279676,51.325901,On or near Ebba'S Way,E01030420,Epsom and Ewell 009F,Violence and sexual offences,Offender given a caution,
07c46b5968ab363d53e779c00a3de7e7719c677f6bdade91f76330ff8160aea9,2023-06,Surrey Police,Surrey Police,-0.250667,51.336496,On or near Windmill Close,E01030382,Epsom and Ewell 010A,Vehicle crime,Unable to prosecute suspect,
447cec374cbb0d92a7f653ba059f4eb5a34a4c0d7dad28ddc2742dac07a5400e,2023-06,Surrey Police,Surrey Police,-0.246036,51.329925,On or near Link'S Road,E01030382,Epsom and Ewell 010A,Vehicle crime,Investigation complete; no suspect identified,
27b59ac18f3c4c0b6671853191bbff8a0b1b9736ec35f3388881dc3b969acf6c,2023-06,Surrey Police,Surrey Police,-0.249788,51.332049,On or near Ashdown Road,E01030382,Epsom and Ewell 010A,Vehicle crime,Investigation complete; no suspect identified,
b349ba272f90e02594b20353958a56d73dff23526ff02bc5a0ff8ca831fd2965,2023-06,Surrey Police,Surrey Police,-0.255057,51.335446,On or near Bridge Road,E01030382,Epsom and Ewell 010A,Violence and sexual offences,Investigation complete; no suspect identified,
,2023-06,Surrey Police,Surrey Police,-0.253996,51.352031,On or near Spring Mews,E01030390,Epsom and Ewell 010B,Anti-social behaviour,,
,2023-06,Surrey Police,Surrey Police,-0.256559,51.350720,On or near Ewell West,E01030390,Epsom and Ewell 010B,Anti-social behaviour,,
,2023-06,Surrey Police,Surrey Police,-0.254783,51.350595,On or near The Ridings,E01030390,Epsom and Ewell 010B,Anti-social behaviour,,
,2023-06,Surrey Police,Surrey Police,-0.250365,51.354234,On or near Mill View Close,E01030390,Epsom and Ewell 010B,Anti-social behaviour,,
,2023-06,Surrey Police,Surrey Police,-0.249419,51.352682,On or near St Mary'S Close,E01030390,Epsom and Ewell 010B,Anti-social behaviour,,
34431414f2a03ad76b70ae61a1d4086c275db4ddb09f2d145afe94c95b1d56b8,2023-06,Surrey Police,Surrey Police,-0.256559,51.350720,On or near Ewell West,E01030390,Epsom and Ewell 010B,Burglary,Status update unavailable,
5ef1d9bc3437acb28d02b6d535a85d0e82c8cdbb738b9260d8be6fa1f0070a67,2023-06,Surrey Police,Surrey Police,-0.249281,51.356286,On or near Shortcroft Road,E01030390,Epsom and Ewell 010B,Criminal damage and arson,Unable to prosecute suspect,
4b7e2ecf99ac3850756ea6332ba0010cc728e76c70904353fffd67bc3ddef4d9,2023-06,Surrey Police,Surrey Police,-0.249016,51.355707,On or near Primrose Walk,E01030390,Epsom and Ewell 010B,Criminal damage and arson,Investigation complete; no suspect identified,
e9c70e95b753a2385d73526b7ce5af709f797f9dc416b5e3bf28872c01c9b5f9,2023-06,Surrey Police,Surrey Police,-0.250365,51.354234,On or near Mill View Close,E01030390,Epsom and Ewell 010B,Other theft,Local resolution,
a4e551fa035bffe81201230032c0a1abdf5df87e6dfa5fb830721aa66392a3e7,2023-06,Surrey Police,Surrey Police,-0.249805,51.356474,On or near Shire Court,E01030390,Epsom and Ewell 010B,Possession of weapons,Further investigation is not in the public interest,
a9a374a79e5e6991ecbb2a68c31b5b86264ca02b243647be9a4361b8d00bce8a,2023-06,Surrey Police,Surrey Police,-0.250088,51.352458,On or near Mill Lane,E01030390,Epsom and Ewell 010B,Public order,Unable to prosecute suspect,
c08e78c98cc91bf8782a02c704979067817af4f6c4afcf07f497262c74d53f00,2023-06,Surrey Police,Surrey Police,-0.250088,51.352458,On or near Mill Lane,E01030390,Epsom and Ewell 010B,Public order,Investigation complete; no suspect identified,
b957d45fa253551df274a1fc6848619758ab1ebe58bacbe648291da1d1e90c72,2023-06,Surrey Police,Surrey Police,-0.252234,51.349280,On or near Lyncroft Gardens,E01030390,Epsom and Ewell 010B,Vehicle crime,Investigation complete; no suspect identified,
dd82843c773917bafd70efcf0466d6350cc2894e030b3e47da886d87f8b97859,2023-06,Surrey Police,Surrey Police,-0.248254,51.353087,On or near London Road,E01030390,Epsom and Ewell 010B,Vehicle crime,Investigation complete; no suspect identified,
7a50d730bd4f18e2f1603e4564af8792a9dfbac7a612245bdc64b8e428b32dbf,2023-06,Surrey Police,Surrey Police,-0.252234,51.349280,On or near Lyncroft Gardens,E01030390,Epsom and Ewell 010B,Vehicle crime,Investigation complete; no suspect identified,
98c24b6b9e8c9da1e2adff0feeee9999f6b125f57a5d61d95e20e3b578ceb2af,2023-06,Surrey Police,Surrey Police,-0.254783,51.350595,On or near The Ridings,E01030390,Epsom and Ewell 010B,Vehicle crime,Investigation complete; no suspect identified,
4677e8606a1d15d5b0a8dd4ed49b02421771240e8d027e0e6c3c31fad731d86f,2023-06,Surrey Police,Surrey Police,-0.254189,51.351476,On or near Chichester Court,E01030390,Epsom and Ewell 010B,Vehicle crime,Investigation complete; no suspect identified,
187e3819ae824401783f6ac179e6533ba3a1ee2ffc3911c1e79af7147efb95a4,2023-06,Surrey Police,Surrey Police,-0.251119,51.358553,On or near Colborne Close,E01030390,Epsom and Ewell 010B,Violence and sexual offences,Unable to prosecute suspect,
b4c59f0982b35b91cd4b25c40a65662724918ad964543931e9d3dc8fdb4dcb34,2023-06,Surrey Police,Surrey Police,-0.252234,51.349280,On or near Lyncroft Gardens,E01030390,Epsom and Ewell 010B,Violence and sexual offences,Further investigation is not in the public interest,
6ab472a92623fc45bc0a471395280f49168be023418712de49b99d8b263ff0c8,2023-06,Surrey Police,Surrey Police,-0.251409,51.349438,On or near Garbrand Walk,E01030390,Epsom and Ewell 010B,Violence and sexual offences,Investigation complete; no suspect identified,
,2023-06,Surrey Police,Surrey Police,-0.247517,51.349821,On or near Glyn Close,E01030392,Epsom and Ewell 010C,Anti-social behaviour,,
,2023-06,Surrey Police,Surrey Police,-0.250795,51.344825,On or near Old House Close,E01030392,Epsom and Ewell 010C,Anti-social behaviour,,
4074d215ac2075d6565bc4e00a1c0eae15652a7d7c1089ceca124cfa78c8425a,2023-06,Surrey Police,Surrey Police,-0.254157,51.344381,On or near Bevan Park,E01030392,Epsom and Ewell 010C,Criminal damage and arson,Investigation complete; no suspect identified,
4bb68577aef5b9c959fc5bcd5bd49ec8ddc37daf357b8d962981edcc805bd25e,2023-06,Surrey Police,Surrey Police,-0.248533,51.346149,On or near Hazel Mead,E01030392,Epsom and Ewell 010C,Criminal damage and arson,Investigation complete; no suspect identified,
8f07f477ea80bec9b298d7d3fe231d4352b052c1e0672c8b072f75d6cce7d9d7,2023-06,Surrey Police,Surrey Police,-0.249939,51.346188,On or near Curvan Close,E01030392,Epsom and Ewell 010C,Drugs,Status update unavailable,
3e6263f054ebfda8361a35837c0ccd2ad8b4d768bfb18cb34a23296d8cb27cb5,2023-06,Surrey Police,Surrey Police,-0.249056,51.345617,On or near Persfield Close,E01030392,Epsom and Ewell 010C,Other theft,Investigation complete; no suspect identified,
76eb313afdb95a7992c45cbe0abeaee6e242d7eb9e285a0fd3debdb06ec447b4,2023-06,Surrey Police,Surrey Police,-0.250223,51.347593,On or near Supermarket,E01030392,Epsom and Ewell 010C,Other theft,Investigation complete; no suspect identified,
273902ad616d42757e1bb4a89bcb96190441e150c0ff5660a13a9422947c54d9,2023-06,Surrey Police,Surrey Police,-0.250223,51.347593,On or near Supermarket,E01030392,Epsom and Ewell 010C,Possession of weapons,Status update unavailable,
72882dc2f51a73d1c868b4b7e817f6e14e57be71f0b8d54d5bf47bc2eadbf867,2023-06,Surrey Police,Surrey Police,-0.250223,51.347593,On or near Supermarket,E01030392,Epsom and Ewell 010C,Public order,Unable to prosecute suspect,
2f5f6f7f033c02ca09828babf19bbbdac1df6fa06b46f40f960ef8b833bfd774,2023-06,Surrey Police,Surrey Police,-0.249310,51.348751,On or near High Street,E01030392,Epsom and Ewell 010C,Shoplifting,Investigation complete; no suspect identified,
0eb747ba0847a84a02f8721fea095088b4d7d4e459b8b674bd0eac90ab11a3d9,2023-06,Surrey Police,Surrey Police,-0.248533,51.346149,On or near Hazel Mead,E01030392,Epsom and Ewell 010C,Shoplifting,Investigation complete; no suspect identified,
85730d0e72e3765228519b0cb140e57e2797d4c12ce7f343db4f577c0c2df240,2023-06,Surrey Police,Surrey Police,-0.254371,51.345562,On or near The Rise,E01030392,Epsom and Ewell 010C,Vehicle crime,Investigation complete; no suspect identified,
72d2b61da7e85bf4ab5032979e206082136eeda50a086c8755f8736af610ef1c,2023-06,Surrey Police,Surrey Police,-0.246297,51.349056,On or near Portway Crescent,E01030392,Epsom and Ewell 010C,Vehicle crime,Investigation complete; no suspect identified,
c0d95b035e31c1d2abd4ecdec9087c23053c0f1cc3f64087b3a69cdd12f6a79a,2023-06,Surrey Police,Surrey Police,-0.248106,51.349074,On or near Parking Area,E01030392,Epsom and Ewell 010C,Vehicle crime,Investigation complete; no suspect identified,
c6ba3d4b5d071c085e7c7c8d353437c77a509a6222e3ef5cf2d1cff6a64c128e,2023-06,Surrey Police,Surrey Police,-0.247517,51.349821,On or near Glyn Close,E01030392,Epsom and Ewell 010C,Vehicle crime,Investigation complete; no suspect identified,
c0e2ceb06b24d76de8483dde3c26b81abb4ec21acee72053eb58082e0e4dbed4,2023-06,Surrey Police,Surrey Police,-0.249310,51.348751,On or near High Street,E01030392,Epsom and Ewell 010C,Violence and sexual offences,Investigation complete; no suspect identified,
5fbf968ed954ba5f7fd8f02511d9e68baf03ae6f6ecdd95a34990802d4c118d9,2023-06,Surrey Police,Surrey Police,-0.247546,51.351314,On or near Church Street,E01030392,Epsom and Ewell 010C,Violence and sexual offences,Unable to prosecute suspect,
1da74e89fe28a1dd633b108e9e2427157b3bdd2bec6a00c1f3ba444633508cef,2023-06,Surrey Police,Surrey Police,-0.249310,51.348751,On or near High Street,E01030392,Epsom and Ewell 010C,Violence and sexual offences,Investigation complete; no suspect identified,
c02b935dbd2d508691168ba0361e1aa69c262427b44d100f4e0ee9170ec39a2c,2023-06,Surrey Police,Surrey Police,-0.250223,51.347593,On or near Supermarket,E01030392,Epsom and Ewell 010C,Violence and sexual offences,Unable to prosecute suspect,
68a21a3b6c06e85ebcd6d84382256975be06f51b3466140b5d753403f53ab5c2,2023-06,Surrey Police,Surrey Police,-0.251030,51.347311,On or near Ewell House Grove,E01030392,Epsom and Ewell 010C,Other crime,Investigation complete; no suspect identified,
0aca8503a7de52b16f9122e5bc1947a39b1cf380cfdb6b19dcfa58aa0f8675cb,2023-06,Surrey Police,Surrey Police,-0.244685,51.342565,On or near Further/Higher Educational Building,E01030396,Epsom and Ewell 010D,Bicycle theft,Investigation complete; no suspect identified,
3a798e079e8d86ccbecc202c8537bee06004aa182ebb7b202a66fbaa64efd5de,2023-06,Surrey Police,Surrey Police,-0.244803,51.345302,On or near Halliday Close,E01030396,Epsom and Ewell 010D,Burglary,Status update unavailable,
5932f8ea809ac2fae00fbefe9897493661925677ecfc7a7441f300c709bece58,2023-06,Surrey Police,Surrey Police,-0.244685,51.342565,On or near Further/Higher Educational Building,E01030396,Epsom and Ewell 010D,Other theft,Unable to prosecute suspect,
c780a56add4592cb7b9272e465e54e11789dd1e8a27ae29abd9280fd61de9d7b,2023-06,Surrey Police,Surrey Police,-0.241373,51.345628,On or near Station Approach,E01030396,Epsom and Ewell 010D,Public order,Unable to prosecute suspect,
e8d1cab21f99ff2e17f8593e7289ef04462dfc49c0b6ed52d3fb557578497d21,2023-06,Surrey Police,Surrey Police,-0.244803,51.345302,On or near Halliday Close,E01030396,Epsom and Ewell 010D,Vehicle crime,Unable to prosecute suspect,
b59ae021f92530423ad0f3f49152981fa7497580856a07b697d273eaeb798b57,2023-06,Surrey Police,Surrey Police,-0.244640,51.344688,On or near St Francis Place,E01030396,Epsom and Ewell 010D,Vehicle crime,Unable to prosecute suspect,
03c30eebb0a554459181db1e82f7bea177350d52776c662106f3d210852b1b68,2023-06,Surrey Police,Surrey Police,-0.244685,51.342565,On or near Further/Higher Educational Building,E01030396,Epsom and Ewell 010D,Violence and sexual offences,Further action is not in the public interest,
fe93f7de5e8b9215ec95c71e26e26cd37bc6df3439cbe4d654b632be5a61823e,2023-06,Surrey Police,Surrey Police,-0.244685,51.342565,On or near Further/Higher Educational Building,E01030396,Epsom and Ewell 010D,Violence and sexual offences,Unable to prosecute suspect,
5044b00adfebd81388dafb1ab4be811d041c58f8823bacf487fee9e6674683d2,2023-06,Surrey Police,Surrey Police,-0.244685,51.342565,On or near Further/Higher Educational Building,E01030396,Epsom and Ewell 010D,Violence and sexual offences,Further action is not in the public interest,
2b463c1c9387225dfa49db0472b367306eeadebea7fcdb0e2b28af6641759d27,2023-06,Surrey Police,Surrey Police,-0.246315,51.345199,On or near Clarence Place,E01030396,Epsom and Ewell 010D,Violence and sexual offences,Investigation complete; no suspect identified,
f3e61abc12e654b620b47ca4c05c9d5eea66b9600960efdb9a20b0342d6becb6,2023-06,Surrey Police,Surrey Police,-0.240147,51.347642,On or near Nonsuch Court Avenue,E01030396,Epsom and Ewell 010D,Violence and sexual offences,Unable to prosecute suspect,
d69a396242d5f87860852b846452be30c4b77ef32bd72d8ae470135fd0b87987,2023-06,Surrey Police,Surrey Police,-0.241373,51.345628,On or near Station Approach,E01030396,Epsom and Ewell 010D,Violence and sexual offences,Status update unavailable,
c13181ebd0f52d4de3b8a48ee9eabd8bb06d2ce1a3bead80b9cacefcaa7b2afd,2023-06,Surrey Police,Surrey Police,-0.238209,51.349897,On or near Fairfax Avenue,E01030398,Epsom and Ewell 010E,Burglary,Status update unavailable,
73046323b09ac04e250e181b52af40483be375c443cccaf4c9c62cc82cb52fce,2023-06,Surrey Police,Surrey Police,-0.241068,51.350606,On or near Castle Avenue,E01030398,Epsom and Ewell 010E,Criminal damage and arson,Investigation complete; no suspect identified,
eb98e7a44d054976992f869a8bcbc11cc54e125cf9a4d7389d04d4ca475b4fe3,2023-06,Surrey Police,Surrey Police,-0.234345,51.364101,On or near Parking Area,E01030398,Epsom and Ewell 010E,Violence and sexual offences,Local resolution,
efb6b55b070ac5fb6b38f67563bfef6c8953f1db7ce9992345740fb1b15c5d16,2023-06,Surrey Police,Surrey Police,-0.228386,51.348409,On or near Ewhurst Close,E01032624,Epsom and Ewell 010F,Violence and sexual offences,Unable to prosecute suspect,
,2023-06,Surrey Police,Surrey Police,-0.223343,51.346993,On or near Cheyham Gardens,E01032624,Epsom and Ewell 010F,Anti-social behaviour,,
,2023-06,Surrey Police,Surrey Police,-0.232742,51.346775,On or near Shere Avenue,E01032624,Epsom and Ewell 010F,Anti-social behaviour,,
5c40b168d696c5d605b455d38a37b681ec4dc392e76c9104dfc9040e7602254a,2023-06,Surrey Police,Surrey Police,-0.228386,51.348409,On or near Ewhurst Close,E01032624,Epsom and Ewell 010F,Violence and sexual offences,Unable to prosecute suspect,
ce8ca146a38a09e2444c5207b2633da6920a78b9d89cbac0cdb6d7397ef06b34,2023-06,Surrey Police,Surrey Police,-0.482830,51.253954,On or near The Street,E01030440,Guildford 001A,Criminal damage and arson,Status update unavailable,
165c8aeef5f2f3fb859daeff41ffca612067de87aaca6f3c642d3c6666a14589,2023-06,Surrey Police,Surrey Police,-0.487347,51.252969,On or near Parking Area,E01030440,Guildford 001A,Violence and sexual offences,Investigation complete; no suspect identified,
db195d22e606faec43197340478557b7adef9a0df22a994c61aac9e3f20a72a7,2023-06,Surrey Police,Surrey Police,-0.501270,51.260217,On or near Meadowlands,E01030440,Guildford 001A,Violence and sexual offences,Further action is not in the public interest,
,2023-06,Surrey Police,Surrey Police,-0.449904,51.326048,On or near Park/Open Space,E01030458,Guildford 001B,Anti-social behaviour,,
,2023-06,Surrey Police,Surrey Police,-0.449904,51.326048,On or near Park/Open Space,E01030458,Guildford 001B,Anti-social behaviour,,
145bf07274d07869d6adec2b8ddda7617c54ce75f1bdc89d0e4616e205000374,2023-06,Surrey Police,Surrey Police,-0.489886,51.293127,On or near Petrol Station,E01030458,Guildford 001B,Other theft,Investigation complete; no suspect identified,
c27899c70b0ee982f79c4765e3454fd51283354ff6d756f9e809f33a07391ea9,2023-06,Surrey Police,Surrey Police,-0.508869,51.301724,On or near Newark Close,E01030458,Guildford 001B,Public order,Investigation complete; no suspect identified,
f1892d68d926107901ec3c8ee87602c61337fbd20d2a05f5644df40fd6fc24a6,2023-06,Surrey Police,Surrey Police,-0.489886,51.293127,On or near Petrol Station,E01030458,Guildford 001B,Shoplifting,Investigation complete; no suspect identified,
48c146919b907e01d5bd0310d78c559ce9a9ba29a11dbefc4fe4d5e6e08acb84,2023-06,Surrey Police,Surrey Police,-0.489886,51.293127,On or near Petrol Station,E01030458,Guildford 001B,Shoplifting,Investigation complete; no suspect identified,
4928435eb5127df6f139707224009792bf44ff149b6fee60ea6089243c8079d7,2023-06,Surrey Police,Surrey Police,-0.489886,51.293127,On or near Petrol Station,E01030458,Guildford 001B,Shoplifting,Investigation complete; no suspect identified,
22c69510905baf204c4dac8a5ca0a9c5896947b7828f6eec0bee79f6358d5e3d,2023-06,Surrey Police,Surrey Police,-0.489886,51.293127,On or near Petrol Station,E01030458,Guildford 001B,Shoplifting,Investigation complete; no suspect identified,
,2023-06,Surrey Police,Surrey Police,-0.493597,51.285360,On or near Gambles Lane,E01030459,Guildford 001C,Anti-social behaviour,,
,2023-06,Surrey Police,Surrey Police,-0.496786,51.300553,On or near Newark Lane,E01030459,Guildford 001C,Anti-social behaviour,,
,2023-06,Surrey Police,Surrey Police,-0.491555,51.272834,On or near The Spinney,E01030459,Guildford 001C,Anti-social behaviour,,
,2023-06,Surrey Police,Surrey Police,-0.484983,51.296121,On or near Rose Lane,E01030459,Guildford 001C,Anti-social behaviour,,
e2519efda4f66adc6bc14b7eccb8046859349fafa4607b115d59f855609ef09a,2023-06,Surrey Police,Surrey Police,-0.488412,51.301336,On or near Ryde Close,E01030459,Guildford 001C,Public order,Status update unavailable,
0f25cbdc710b2f43a479f733782b398e488135d808ab021b4bdfee136975a340,2023-06,Surrey Police,Surrey Police,-0.490641,51.300735,On or near Walsham Mews,E01030459,Guildford 001C,Shoplifting,Investigation complete; no suspect identified,
2a2457840cacfb441ecda984acb81962063beb8a0691b0026a4b32a10bc2cb1f,2023-06,Surrey Police,Surrey Police,-0.491139,51.299959,On or near Parking Area,E01030459,Guildford 001C,Vehicle crime,Investigation complete; no suspect identified,
2520866a80a0978af93f6c7ef59927a8a89e7ecd5c8db4a967839ff8c6915030,2023-06,Surrey Police,Surrey Police,-0.490350,51.299535,On or near White Hart Close,E01030459,Guildford 001C,Vehicle crime,Further investigation is not in the public interest,
11a85530c1a6be9749e417fc6f751a96762951c76cdc168313392ae0f501fd3e,2023-06,Surrey Police,Surrey Police,-0.489888,51.300932,On or near White Horse Lane,E01030459,Guildford 001C,Violence and sexual offences,Local resolution,
be6716fc7bb3bf27e1543b24d7c72e0e4f9e21538d0f853f024891ac0b87b73a,2023-06,Surrey Police,Surrey Police,-0.491555,51.272834,On or near The Spinney,E01030459,Guildford 001C,Violence and sexual offences,Investigation complete; no suspect identified,
d20afdbe4566b087c698b7d5d537a02f01ca10a524f4144c43ec44f49861e636,2023-06,Surrey Police,Surrey Police,-0.527304,51.287776,On or near Bush Lane,E01030475,Guildford 001D,Criminal damage and arson,Investigation complete; no suspect identified,
15835003f759dcd9781aad50424b77635bdf06d2468db73beef8af0300a70fa8,2023-06,Surrey Police,Surrey Police,-0.511250,51.280469,On or near Woodlands,E01030475,Guildford 001D,Vehicle crime,Investigation complete; no suspect identified,
4e5856abb16bfe59108dce24fc35ad9da5d22a2326ff0bb2e49b9430f34998f8,2023-06,Surrey Police,Surrey Police,-0.511271,51.281144,On or near Field Way,E01030475,Guildford 001D,Violence and sexual offences,Investigation complete; no suspect identified,
e7feba1da6c246cfcafc56429542e00811203352a8e6eced6cc2b9886f55a674,2023-06,Surrey Police,Surrey Police,-0.510594,51.282565,On or near Burnt Common Close,E01030475,Guildford 001D,Violence and sexual offences,Investigation complete; no suspect identified,
7abf9c6a46be1fd936593194c92a0463a0e302ac9a826c487fb4b4f45f4a85f9,2023-06,Surrey Police,Surrey Police,-0.513202,51.291950,On or near Polesden Lane,E01030476,Guildford 001E,Other theft,Investigation complete; no suspect identified,
551317e282343a2fe6eb8db1d74ce31cc09e1b012ddc22f4f6ff8fce2f9dc77c,2023-06,Surrey Police,Surrey Police,-0.510963,51.290672,On or near Manor Road,E01030476,Guildford 001E,Violence and sexual offences,Unable to prosecute suspect,
51c516f40d86d781db0160f85335d73d69b3d8cf25be417694962103fa7e1bc2,2023-06,Surrey Police,Surrey Police,-0.528145,51.291537,On or near Tannery Lane,E01030477,Guildford 001F,Other theft,Court result unavailable,
188e14f8e6e265a1eb44165b97721e4748fda4ffd3549701aeef87236cb495a3,2023-06,Surrey Police,Surrey Police,-0.528145,51.291537,On or near Tannery Lane,E01030477,Guildford 001F,Vehicle crime,Court result unavailable,
d6f321cb3794b8ada96460b8d2cdb92a135fe27ffd0850899f17e26a368b9729,2023-06,Surrey Police,Surrey Police,-0.528145,51.291537,On or near Tannery Lane,E01030477,Guildford 001F,Other crime,Court result unavailable,
,2023-06,Surrey Police,Surrey Police,-0.528128,51.288920,On or near Lower Sandfields,E01030477,Guildford 001F,Anti-social behaviour,,
859665f1673a7f707b61ff549b42726469223ed0d69fdb0297d81c7af089f1e0,2023-06,Surrey Police,Surrey Police,-0.540338,51.287382,On or near Potters Lane,E01030477,Guildford 001F,Criminal damage and arson,Investigation complete; no suspect identified,
600a3fde442368365112150865f9f51f3ee24770638a7d41df2cf51465e72972,2023-06,Surrey Police,Surrey Police,-0.532239,51.289996,On or near Sandy Lane,E01030477,Guildford 001F,Violence and sexual offences,Unable to prosecute suspect,
8eb263743752922713e7ee3be7393ca238c5e5e4c63d3d0e3ed722ca8456f9b7,2023-06,Surrey Police,Surrey Police,-0.528145,51.291537,On or near Tannery Lane,E01030477,Guildford 001F,Violence and sexual offences,Investigation complete; no suspect identified,
,2023-06,Surrey Police,Surrey Police,-0.698580,51.251021,On or near Wyke Avenue,E01030465,Guildford 002A,Anti-social behaviour,,
,2023-06,Surrey Police,Surrey Police,-0.670741,51.253927,On or near Manor Farm Close,E01030465,Guildford 002A,Anti-social behaviour,,
7ac79809cb4ab2d57c968f59791e8402275da07a1e3002c058c378da3bcecab2,2023-06,Surrey Police,Surrey Police,-0.698722,51.253585,On or near Guildford Road,E01030465,Guildford 002A,Criminal damage and arson,Unable to prosecute suspect,
6aa88c63d0da6885a979b22b6cb8f400ce62b22842e8499e4127bc5597dd3ec0,2023-06,Surrey Police,Surrey Police,-0.698722,51.253585,On or near Guildford Road,E01030465,Guildford 002A,Criminal damage and arson,Unable to prosecute suspect,
008b621741265c00f9510c9dbf722029182dd374c6ab06537a2c710b88164628,2023-06,Surrey Police,Surrey Police,-0.671997,51.255093,On or near Milton Close,E01030465,Guildford 002A,Drugs,Status update unavailable,
3764cc8ab45696c60966e8750ef7c73f634793e23832700938c7318b16c1251e,2023-06,Surrey Police,Surrey Police,-0.698580,51.251021,On or near Wyke Avenue,E01030465,Guildford 002A,Vehicle crime,Investigation complete; no suspect identified,
c186c6e91793037802845ae000f0cd2244a522cf8a5e3b012207bf01494d150d,2023-06,Surrey Police,Surrey Police,-0.675334,51.239700,On or near Green Lane East,E01030465,Guildford 002A,Violence and sexual offences,Investigation complete; no suspect identified,
e99c3540c02ae324b9808fecea5ba830f98c0c58346986987ecfbf29e7476c56,2023-06,Surrey Police,Surrey Police,-0.670741,51.253927,On or near Manor Farm Close,E01030465,Guildford 002A,Violence and sexual offences,Unable to prosecute suspect,
8b7dbbf14aad8bed083efdfa268962a1b45704b16b310c993d44ef6e0e941fd8,2023-06,Surrey Police,Surrey Police,-0.680778,51.252207,On or near Walden Cottages,E01030465,Guildford 002A,Violence and sexual offences,Unable to prosecute suspect,
f262ea3079d8d6d8a4f168fb010602f6372967412cf4c83136e1cc375d9425b5,2023-06,Surrey Police,Surrey Police,-0.670741,51.253927,On or near Manor Farm Close,E01030465,Guildford 002A,Violence and sexual offences,Status update unavailable,
,2023-06,Surrey Police,Surrey Police,-0.648519,51.264050,On or near Whittles Drive,E01030466,Guildford 002B,Anti-social behaviour,,
1396adeda07d051ffece83b02402608ead4a3e86f13a5fbd9c26aeb46e99e70f,2023-06,Surrey Police,Surrey Police,-0.675461,51.263216,On or near Pirbright Road,E01030466,Guildford 002B,Burglary,Investigation complete; no suspect identified,
f2df83a3acc54b94fe15230e9d257da5e018376bba4df0e023cdfc70629c5503,2023-06,Surrey Police,Surrey Police,-0.697261,51.287479,On or near Park/Open Space,E01030466,Guildford 002B,Criminal damage and arson,Investigation complete; no suspect identified,
dd09600221ce28d0d8729d4d771b773e6554313829c2d995680d444ed8cbf8ac,2023-06,Surrey Police,Surrey Police,-0.668817,51.242144,On or near Willow Drive,E01030466,Guildford 002B,Criminal damage and arson,Unable to prosecute suspect,
86f3dbb75ae4d926dc71855d3bb5ec862bc11e273736b0616bc03af28eb8e562,2023-06,Surrey Police,Surrey Police,-0.677274,51.256880,On or near Park/Open Space,E01030466,Guildford 002B,Drugs,Local resolution,
344202fd760723624c47cc929b7e1f711c7e5e693ee543fdf6b35fed5d339fcc,2023-06,Surrey Police,Surrey Police,-0.654099,51.258018,On or near Homestead Drive,E01030466,Guildford 002B,Violence and sexual offences,Further investigation is not in the public interest,
95bd90c913080b1c18f3b6b052f7b387e339d6f443f8709ac19e1b045be2fff6,2023-06,Surrey Police,Surrey Police,-0.677274,51.256880,On or near Park/Open Space,E01030466,Guildford 002B,Violence and sexual offences,Unable to prosecute suspect,
9ae6e9b8bcfb7270b97bdcad6f42e8907d00fc7b16564756fc150b0b87f0f82d,2023-06,Surrey Police,Surrey Police,-0.654099,51.258018,On or near Homestead Drive,E01030466,Guildford 002B,Other crime,Unable to prosecute suspect,
,2023-06,Surrey Police,Surrey Police,-0.645774,51.298936,On or near Dawney Hill,E01030473,Guildford 002C,Anti-social behaviour,,
,2023-06,Surrey Police,Surrey Police,-0.661777,51.273941,On or near Park/Open Space,E01030473,Guildford 002C,Anti-social behaviour,,
,2023-06,Surrey Police,Surrey Police,-0.651476,51.275890,On or near Park/Open Space,E01030473,Guildford 002C,Anti-social behaviour,,
,2023-06,Surrey Police,Surrey Police,-0.661777,51.273941,On or near Park/Open Space,E01030473,Guildford 002C,Anti-social behaviour,,
2244a0836b469a39dbdac44e2e44acd575502ac71a43098ba901dc29cf357d48,2023-06,Surrey Police,Surrey Police,-0.644502,51.292914,On or near Cowbridge Meadow,E01030473,Guildford 002C,Burglary,Status update unavailable,
d20b1282059e00e90b55e446f178dc0ac335bd1b5d8f1836f71be8fc0bc93897,2023-06,Surrey Police,Surrey Police,-0.643181,51.297845,On or near The Gardens,E01030473,Guildford 002C,Other theft,Investigation complete; no suspect identified,
8cd75a5ac036aa464adb293bdac1127726f34446d6f1fce0189285e20a6403dd,2023-06,Surrey Police,Surrey Police,-0.647747,51.298176,On or near School Lane,E01030473,Guildford 002C,Vehicle crime,Investigation complete; no suspect identified,
e7c46e0aa576a4cf0ec6c07b323ea1e8f1adbf54d792389368ee902092dcb688,2023-06,Surrey Police,Surrey Police,-0.643181,51.297845,On or near The Gardens,E01030473,Guildford 002C,Violence and sexual offences,Local resolution,
4ce11812edc8d7a2258afa9f7503a47ee89f729546e39d41115072090d95c46b,2023-06,Surrey Police,Surrey Police,-0.627512,51.280721,On or near Hockford Close,E01030473,Guildford 002C,Violence and sexual offences,Unable to prosecute suspect,
436657698e3e7a8ddff1e7eaeb62c7a8e99316d70f955506f4c4399ac8f59248,2023-06,Surrey Police,Surrey Police,-0.662578,51.303121,On or near South Drive,E01030474,Guildford 002D,Public order,Investigation complete; no suspect identified,
65b2470fe9b454644432e75f9b821f5a1102ccfd694dc6cfe0d8df82d12368c5,2023-06,Surrey Police,Surrey Police,-0.658272,51.304187,On or near Mainstone Crescent,E01030474,Guildford 002D,Public order,Unable to prosecute suspect,
98ddd191e7ff5a5eb832a64bf99cfbd75244ff6012fe5d7cec1373e702534256,2023-06,Surrey Police,Surrey Police,-0.658272,51.304187,On or near Mainstone Crescent,E01030474,Guildford 002D,Public order,Unable to prosecute suspect,
4a5cc338e3aa7aa9ec8cde9f9dc0b2f10ada227ee94493143241714d724c4527,2023-06,Surrey Police,Surrey Police,-0.658272,51.304187,On or near Mainstone Crescent,E01030474,Guildford 002D,Violence and sexual offences,Unable to prosecute suspect,
73fe3c21d2ee29574e21084c148ac23068dbe6038823312d802193a96251be5d,2023-06,Surrey Police,Surrey Police,-0.652874,51.305294,On or near Manor Crescent,E01030474,Guildford 002D,Other crime,Further investigation is not in the public interest,
,2023-06,Surrey Police,Surrey Police,-0.455042,51.263824,On or near Mount Pleasant,E01030441,Guildford 003A,Anti-social behaviour,,
2280bb13f82dd179f739837f039b5e394b0972ef1ca4f183d0e09ecdec740830,2023-06,Surrey Police,Surrey Police,-0.450012,51.255287,On or near Shere Road,E01030441,Guildford 003A,Burglary,Status update unavailable,
9d62c939f558b0fb33d238ff30865287d7ca88bf2294d0d6031858b070793ba1,2023-06,Surrey Police,Surrey Police,-0.450012,51.255287,On or near Shere Road,E01030441,Guildford 003A,Burglary,Status update unavailable,
5a46ef77320c79ce71a3b6a3fe8abb3adc53aea3f7e5fd9de291e13f7f5c0fd6,2023-06,Surrey Police,Surrey Police,-0.457651,51.264686,On or near Ripley Lane,E01030441,Guildford 003A,Other theft,Investigation complete; no suspect identified,
08bb5d40301e60639669792ba0be87727f9ab6a5994f55e45b8ddeae33323524,2023-06,Surrey Police,Surrey Police,-0.453531,51.262734,On or near Cranmore Lane,E01030441,Guildford 003A,Violence and sexual offences,Investigation complete; no suspect identified,
76850b2f9274087569490b18d13ae82d257ebd5040a5e5bea9c5d7b1893dc76f,2023-06,Surrey Police,Surrey Police,-0.435455,51.278411,On or near Station Approach,E01030443,Guildford 003C,Other theft,Investigation complete; no suspect identified,
7ffe8bc49d55771d926bd0c65025710d07df8c396cc63c86c229ad8cdd2e0040,2023-06,Surrey Police,Surrey Police,-0.420347,51.293342,On or near Horsley Road,E01030443,Guildford 003C,Violence and sexual offences,Status update unavailable,
,2023-06,Surrey Police,Surrey Police,-0.440374,51.281759,On or near Weston Lea,E01030444,Guildford 003D,Anti-social behaviour,,
70a686ce5b565ecf25ca6cfd416920b834db3f179aca36692140280973d5b9f7,2023-06,Surrey Police,Surrey Police,-0.448901,51.282735,On or near Northcote Close,E01030444,Guildford 003D,Other theft,Unable to prosecute suspect,
91418c29d1255ba408456be01bde0d607eb23bd01fd517d99ec9ccd7d8a33cef,2023-06,Surrey Police,Surrey Police,-0.449125,51.282046,On or near Northcote Crescent,E01030444,Guildford 003D,Other crime,Status update unavailable,
235ddc5d3c4f85c6c54cb9ddcf9389096bb22addc65a58d70ddd275f4575edec,2023-06,Surrey Police,Surrey Police,-0.442035,51.280117,On or near Meadow Way,E01030444,Guildford 003D,Other crime,Investigation complete; no suspect identified,
49e5c778a9a004fb91683ca6601a5d8f3f95b294c8f6de44b5eefb04dcea62be,2023-06,Surrey Police,Surrey Police,-0.431217,51.261808,On or near Epsom Road,E01030445,Guildford 003E,Burglary,Investigation complete; no suspect identified,
30184db570ed98dd0199151c2f9ce9c100022d673aced2a58eaf7ced32e3b2e9,2023-06,Surrey Police,Surrey Police,-0.435043,51.274907,On or near Old Rectory Lane,E01030445,Guildford 003E,Drugs,Unable to prosecute suspect,
1457e82be838e9b8682aa6cd9b39e33cb8d5dd54f4cffdb1513e0049b5f80e6b,2023-06,Surrey Police,Surrey Police,-0.434270,51.277397,On or near Parking Area,E01030445,Guildford 003E,Public order,Unable to prosecute suspect,
c5c08a0a9f7c9510d78c21805555b02782f60780ae878f8666fcd3d589bdcc31,2023-06,Surrey Police,Surrey Police,-0.431217,51.261808,On or near Epsom Road,E01030445,Guildford 003E,Public order,Investigation complete; no suspect identified,
fb6aa312011f073abe93ea92cc64d448056e1ff3b67154453ad7c7c589f064ea,2023-06,Surrey Police,Surrey Police,-0.434061,51.269229,On or near Park Corner Drive,E01030445,Guildford 003E,Public order,Unable to prosecute suspect,
364278bf2f55f7049bc1bcd11084484379d93bf32eeaa5e7650ca6d45e257707,2023-06,Surrey Police,Surrey Police,-0.430916,51.262226,On or near Petrol Station,E01030445,Guildford 003E,Shoplifting,Local resolution,
1228d9ac0d075ffb3c6181264d9eccbea21e5681fc4e1432ad8474fe0c7bc5bb,2023-06,Surrey Police,Surrey Police,-0.432422,51.265583,On or near Bishopsmead Close,E01030445,Guildford 003E,Violence and sexual offences,Investigation complete; no suspect identified,
aca3773f04b541a096fc4908e54b2dbb68e908e204bfeada906df1c6f0d56f9b,2023-06,Surrey Police,Surrey Police,-0.436690,51.277078,On or near Kingston Avenue,E01030445,Guildford 003E,Violence and sexual offences,Unable to prosecute suspect,
086f0bb034d0283ae0d915f3dbea9693c6d897d51033b9d8f0345c53156be837,2023-06,Surrey Police,Surrey Police,-0.434061,51.269229,On or near Park Corner Drive,E01030445,Guildford 003E,Violence and sexual offences,Unable to prosecute suspect,
dafd9ccb5d25981804a5bc48e026e24397192440e501d0a0b5125ace8aa87bde,2023-06,Surrey Police,Surrey Police,-0.416642,51.286169,On or near Sports/Recreation Area,E01030446,Guildford 003F,Criminal damage and arson,Investigation complete; no suspect identified,
b4d51d2ce08c5a499b6fb34b06f7d39bb90f6ad3e431336449e9ce5469d26a3b,2023-06,Surrey Police,Surrey Police,-0.399916,51.270026,On or near Yew Tree Walk,E01030446,Guildford 003F,Other theft,Investigation complete; no suspect identified,
b62a96c1d4582f19b5b69a27528f13cf1827f3eea07828b8fe8666fbac62573b,2023-06,Surrey Police,Surrey Police,-0.424417,51.280439,On or near Heath View,E01030446,Guildford 003F,Other theft,Status update unavailable,
d6f6cb481cb7907f63ccaec589e5fc12f5e37805ed0b4c202e698215838e4ca7,2023-06,Surrey Police,Surrey Police,-0.398353,51.258881,On or near Beech Avenue,E01030446,Guildford 003F,Public order,Investigation complete; no suspect identified,
00fd966c6e50a6a15255588a3fad452273abc59cd7871728178bd2f7ad0253c0,2023-06,Surrey Police,Surrey Police,-0.398353,51.258881,On or near Beech Avenue,E01030446,Guildford 003F,Public order,Investigation complete; no suspect identified,
1187252000c6d5432dee5d13a026004e89affc2cd71897977af9ddb346dd7a6c,2023-06,Surrey Police,Surrey Police,-0.398353,51.258881,On or near Beech Avenue,E01030446,Guildford 003F,Public order,Investigation complete; no suspect identified,
8dca90c5143bbb40c8859a09351e3867566442c91133f4d85637984067f3b5e0,2023-06,Surrey Police,Surrey Police,-0.406830,51.271532,On or near Orestan Lane,E01030446,Guildford 003F,Theft from the person,Unable to prosecute suspect,
39505c9b536f04294c95a58baaf78edece11cff75fc6b4b6358f9ee8d7da4ad6,2023-06,Surrey Police,Surrey Police,-0.401393,51.271638,On or near Middle Farm Place,E01030446,Guildford 003F,Violence and sexual offences,Unable to prosecute suspect,
,2023-06,Surrey Police,Surrey Police,-0.397166,51.270348,On or near Barnes Wallis Close,E01030447,Guildford 003G,Anti-social behaviour,,
ac239ef348a225ff56184ec364a7dfff1b5e0284167238dae63f2bf1b536ff4a,2023-06,Surrey Police,Surrey Police,-0.397365,51.267509,On or near The Crossroads,E01030447,Guildford 003G,Other theft,Investigation complete; no suspect identified,
78ad56a684b2badc5296074bc036062f5dab8cae23c597a3bee8c7c2a7281644,2023-06,Surrey Police,Surrey Police,-0.391111,51.269698,On or near Guildford Road,E01030447,Guildford 003G,Public order,Investigation complete; no suspect identified,
f0bd61ce390b0d406f1b5b2ddfefb6465d527a30d83a2e66ee68e5adb8453ca9,2023-06,Surrey Police,Surrey Police,-0.397166,51.270348,On or near Barnes Wallis Close,E01030447,Guildford 003G,Public order,Investigation complete; no suspect identified,
93d7e14d613e798be9d652fada35acc8235da905b8f19b2d5ac31380400df922,2023-06,Surrey Police,Surrey Police,-0.396085,51.266826,On or near Beech Close,E01030447,Guildford 003G,Violence and sexual offences,Unable to prosecute suspect,
1ac5ee925eb967a6a2b1fbb49cdb81779ed141500d3524f71cd1861262fc3964,2023-06,Surrey Police,Surrey Police,-0.397380,51.272851,On or near Effingham Place,E01030447,Guildford 003G,Violence and sexual offences,Action to be taken by another organisation,
3121d63b9ea0d55bafc03df588d3580cab0317dbf01fcbb2ae0f5a016412364c,2023-06,Surrey Police,Surrey Police,-0.397380,51.272851,On or near Effingham Place,E01030447,Guildford 003G,Violence and sexual offences,Further action is not in the public interest,
ae54a744bda8332171d6d7510eb1e721fed04bc6606d3c8305f1e88780d21520,2023-06,Surrey Police,Surrey Police,-0.392988,51.267260,On or near Norwood Road,E01030447,Guildford 003G,Violence and sexual offences,Further investigation is not in the public interest,
0593081f1722f3a95d39f716def68b515b43c58c7b5673b6456950a238ab83b4,2023-06,Surrey Police,Surrey Police,-0.397166,51.270348,On or near Barnes Wallis Close,E01030447,Guildford 003G,Violence and sexual offences,Investigation complete; no suspect identified,
e6b657b4932e386d37ee77e6986489023a6fcafaa963ade1f54d05603f9da312,2023-06,Surrey Police,Surrey Police,-0.392988,51.267260,On or near Norwood Road,E01030447,Guildford 003G,Violence and sexual offences,Unable to prosecute suspect,
181bce3fa5eccd82deb0f877c841e92ae8109b26c6da1e5b833a4ba70ca39791,2023-06,Surrey Police,Surrey Police,-0.396085,51.266826,On or near Beech Close,E01030447,Guildford 003G,Violence and sexual offences,Unable to prosecute suspect,
9c52a06ff3438495c73b20491672d204792ed99be4f34f190be8ff5ed64ae906,2023-06,Surrey Police,Surrey Police,-0.397365,51.267509,On or near The Crossroads,E01030447,Guildford 003G,Violence and sexual offences,Unable to prosecute suspect,
3d903cdc78a57f9aa751c1084abafec003a4c62155c2b07fd8de85e282e15bab,2023-06,Surrey Police,Surrey Police,-0.397166,51.270348,On or near Barnes Wallis Close,E01030447,Guildford 003G,Violence and sexual offences,Investigation complete; no suspect identified,
aeab59c71d24d4ad71efba3fb52644e6b5e8ed702c6cd75c3ca9e02beeaba0c0,2023-06,Surrey Police,Surrey Police,-0.398835,51.270587,On or near Crossways,E01030447,Guildford 003G,Violence and sexual offences,Investigation complete; no suspect identified,
ed020fa2fbacf3e349576825cae551f4a5887606258d459a8f438a21f813e7f1,2023-06,Surrey Police,Surrey Police,-0.397166,51.270348,On or near Barnes Wallis Close,E01030447,Guildford 003G,Violence and sexual offences,Investigation complete; no suspect identified,
cf4c2a6f7dfca90d8389373ff02b095737de4b156fd99892affd49acdcd0154c,2023-06,Surrey Police,Surrey Police,-0.726676,51.259432,On or near Derwent Avenue,E01030426,Guildford 004A,Criminal damage and arson,Unable to prosecute suspect,
d3bd136e248152d496ee9b9b50f98081b69a38eb4ee8dd49d24c0169dfcb6edb,2023-06,Surrey Police,Surrey Police,-0.725959,51.259973,On or near North Road,E01030426,Guildford 004A,Burglary,Status update unavailable,
0570344835de33a75930e53ca2ad111622b1e6d3ebcdee1e206695ece5e82309,2023-06,Surrey Police,Surrey Police,-0.728756,51.259868,On or near Ashurst Road,E01030426,Guildford 004A,Violence and sexual offences,Unable to prosecute suspect,
f48a2ef4ee41b1dc74ce3acbec2f414521ad24240fab25ac72ffb3460ec93cae,2023-06,Surrey Police,Surrey Police,-0.725959,51.259973,On or near North Road,E01030426,Guildford 004A,Violence and sexual offences,Unable to prosecute suspect,
d92a81810d879deb7f4fb4edfda1f3673446c5f56a57e9c40d72ea7154368006,2023-06,Surrey Police,Surrey Police,-0.725408,51.259148,On or near South Road,E01030426,Guildford 004A,Violence and sexual offences,Unable to prosecute suspect,
f522d2fbe1a790c57e19b9c28404affffcce636fe5de88dc626ae7d33db53df9,2023-06,Surrey Police,Surrey Police,-0.725531,51.267162,On or near Robin Close,E01030427,Guildford 004B,Public order,Unable to prosecute suspect,
713f9e2e8109a10838041a623f9d83774fe33132febe211a2faf957928a19bd6,2023-06,Surrey Police,Surrey Police,-0.718836,51.269769,On or near Horseshoe Lane,E01030428,Guildford 004C,Criminal damage and arson,Investigation complete; no suspect identified,
9af9381b6ace35c47119adc6cf86333bfd1eeb0059553b9b56546453f347054f,2023-06,Surrey Police,Surrey Police,-0.718836,51.269769,On or near Horseshoe Lane,E01030428,Guildford 004C,Criminal damage and arson,Investigation complete; no suspect identified,
db90ec1d308ac31c41b0beb0643e7e57e2e4a970e65fdd10fbe554bac422d81d,2023-06,Surrey Police,Surrey Police,-0.721999,51.273040,On or near Furze Close,E01030428,Guildford 004C,Criminal damage and arson,Investigation complete; no suspect identified,
9ec2e3d7e54e7e9378525bf0fa671c2fa910cf6fbe40190ffb4a6b5377d1262b,2023-06,Surrey Police,Surrey Police,-0.722048,51.270235,On or near Kestrel Close,E01030428,Guildford 004C,Public order,Unable to prosecute suspect,
246516be94a629f9d139aed4e4acfcdf7ee929e7e5b51a5b6d05590ae947b4f7,2023-06,Surrey Police,Surrey Police,-0.722986,51.275182,On or near Denton Close,E01030428,Guildford 004C,Violence and sexual offences,Unable to prosecute suspect,
,2023-06,Surrey Police,Surrey Police,-0.724645,51.271190,On or near Sycamore Drive,E01030429,Guildford 004D,Anti-social behaviour,,
b14e93f0e78da275a77c517dd05c851376b83f3f357613f74bd0121963271cb8,2023-06,Surrey Police,Surrey Police,-0.724395,51.272473,On or near Alder Close,E01030429,Guildford 004D,Vehicle crime,Investigation complete; no suspect identified,
9e1130f955e8979766ecb0de1639e0f3c69dd612520e379dfe16553c3511fb3d,2023-06,Surrey Police,Surrey Police,-0.719680,51.257431,On or near Supermarket,E01030430,Guildford 004E,Burglary,Action to be taken by another organisation,
89f9a2be6ddc3478c10cd8b4e0347ddb45a25be788fe8b39def518bcc5cfcb89,2023-06,Surrey Police,Surrey Police,-0.718180,51.263476,On or near Dorset Road,E01030430,Guildford 004E,Criminal damage and arson,Investigation complete; no suspect identified,
e7d281c1925f818a5776b0b5649609291faf309be28374e3dfd8fd4ca419142c,2023-06,Surrey Police,Surrey Police,-0.719680,51.257431,On or near Supermarket,E01030430,Guildford 004E,Criminal damage and arson,Investigation complete; no suspect identified,
03e1e1bd64eb3b3f6ac37fa8776f51f852e979bd658b81340f41025ae16b5b3b,2023-06,Surrey Police,Surrey Police,-0.719680,51.257431,On or near Supermarket,E01030430,Guildford 004E,Public order,Investigation complete; no suspect identified,
6f29da3ef7dcae986b09e2cffa7d733c32e38eda7f3d80a45836c2c4a94602b2,2023-06,Surrey Police,Surrey Police,-0.718180,51.263476,On or near Dorset Road,E01030430,Guildford 004E,Public order,Unable to prosecute suspect,
c32553c4248b09f58adee1cb010b3b93a898ac33d7ee8e79b62cfe4916a7ccf9,2023-06,Surrey Police,Surrey Police,-0.719680,51.257431,On or near Supermarket,E01030430,Guildford 004E,Shoplifting,Investigation complete; no suspect identified,
0920be57e5d7bbc6eac579069725ec0f34de3c1145d908b67f44ca8ff757fb1e,2023-06,Surrey Police,Surrey Police,-0.722421,51.259368,On or near Napier Lane,E01030430,Guildford 004E,Violence and sexual offences,Unable to prosecute suspect,
3c6339b7cda29ffb19d6187e240511a53fbbfdf5ad3d435787b9dd1a4f423c6f,2023-06,Surrey Police,Surrey Police,-0.720598,51.256911,On or near Wharf Road,E01030430,Guildford 004E,Violence and sexual offences,Unable to prosecute suspect,
39a5ee303f96c3dc947d144b91332cd223f1773574b7235dab7b8e6a4b000a4d,2023-06,Surrey Police,Surrey Police,-0.719680,51.257431,On or near Supermarket,E01030430,Guildford 004E,Violence and sexual offences,Investigation complete; no suspect identified,
1b935710a6852f5b81e6448217a3a3ad02a61ce4a133905f0c72ddbcf31576bd,2023-06,Surrey Police,Surrey Police,-0.722421,51.259368,On or near Napier Lane,E01030430,Guildford 004E,Violence and sexual offences,Unable to prosecute suspect,
463a6fd865c01055b7585a7af1239ca058d3deb6334d0e49f9e4b549aec25661,2023-06,Surrey Police,Surrey Police,-0.720598,51.256911,On or near Wharf Road,E01030430,Guildford 004E,Violence and sexual offences,Further investigation is not in the public interest,
5cdfda3f363d54ac0aa461a76e8df21319d256bdeb884530ace91221fea5ce39,2023-06,Surrey Police,Surrey Police,-0.720200,51.267122,On or near Pine Close,E01030430,Guildford 004E,Violence and sexual offences,Court result unavailable,
77c8c5cdddd516a8f3a8cc30325934a1ecff65f27acca8928f938a9f59755f29,2023-06,Surrey Police,Surrey Police,-0.719680,51.257431,On or near Supermarket,E01030430,Guildford 004E,Violence and sexual offences,Investigation complete; no suspect identified,
2f4a1c59504d5001fb58bff3eb3b20fc9a9c5f3fc8762d2b297cc4562edfd85d,2023-06,Surrey Police,Surrey Police,-0.719958,51.260348,On or near Woodlands Close,E01030430,Guildford 004E,Violence and sexual offences,Unable to prosecute suspect,
f5ccdc43bc65637e9e63a0ab5eb44f9612584c01d2877b61ebf2766a4668f17e,2023-06,Surrey Police,Surrey Police,-0.614181,51.272488,On or near Coombe Lane,E01030499,Guildford 005A,Criminal damage and arson,Court result unavailable,
3bdf700bf7eb4b4193173d133424fc9c4d88f759780c3899abb925e048f30f67,2023-06,Surrey Police,Surrey Police,-0.614181,51.272488,On or near Coombe Lane,E01030499,Guildford 005A,Violence and sexual offences,Investigation complete; no suspect identified,
,2023-06,Surrey Police,Surrey Police,-0.605271,51.250000,On or near Ferndale,E01030500,Guildford 005B,Anti-social behaviour,,
,2023-06,Surrey Police,Surrey Police,-0.604997,51.248639,On or near Beavers Close,E01030500,Guildford 005B,Anti-social behaviour,,
,2023-06,Surrey Police,Surrey Police,-0.614964,51.251018,On or near Park/Open Space,E01030500,Guildford 005B,Anti-social behaviour,,
,2023-06,Surrey Police,Surrey Police,-0.614964,51.251018,On or near Park/Open Space,E01030500,Guildford 005B,Anti-social behaviour,,
72f16ebd791546e1c62abf5bad29ac3f2813650bebc216e7fb0e622fe0c99565,2023-06,Surrey Police,Surrey Police,-0.607200,51.250644,On or near Rye Close,E01030500,Guildford 005B,Burglary,Status update unavailable,
8555b8b37832e78ce6943dc8f1b35d2aa5f9a6adb1d990abc52aa61f7536f872,2023-06,Surrey Police,Surrey Police,-0.603485,51.249835,On or near Oakfields,E01030500,Guildford 005B,Other theft,Investigation complete; no suspect identified,
2c96e94760dcc5b38a93098141ad64af3c985cce356029402a04a404c2f72b2f,2023-06,Surrey Police,Surrey Police,-0.608531,51.253097,On or near Bramble Close,E01030500,Guildford 005B,Vehicle crime,Investigation complete; no suspect identified,
27dab06c0e4cc9220253e2a6c67230e735eff172336c8b1261385682ab71958a,2023-06,Surrey Police,Surrey Police,-0.601942,51.261507,On or near Morgan Close,E01030501,Guildford 005C,Violence and sexual offences,Court result unavailable,
ada7269387f4f3d22e5ec877b78faa711677c60725ec27472edf29f0426adf72,2023-06,Surrey Police,Surrey Police,-0.600276,51.262081,On or near Keens Lane,E01030501,Guildford 005C,Violence and sexual offences,Court result unavailable,
8df4e3564aab5e2bcba0669fb86a9d598df934b5973f90df47d27ce5801a559e,2023-06,Surrey Police,Surrey Police,-0.611697,51.276910,On or near Norton Close,E01030501,Guildford 005C,Burglary,Status update unavailable,
5cd5efefa5c4a8437933b4356a5b43f2026e38bc5d6d716263427373484a30d8,2023-06,Surrey Police,Surrey Police,-0.583301,51.267657,On or near Park/Open Space,E01030501,Guildford 005C,Criminal damage and arson,Investigation complete; no suspect identified,
280240262380fe7997bb7b47a638ff803fbda1bc77c1b8a65349cc6df2e6a289,2023-06,Surrey Police,Surrey Police,-0.611697,51.276910,On or near Norton Close,E01030501,Guildford 005C,Vehicle crime,Investigation complete; no suspect identified,
ed561b8befe7bf2aacf952e9ddd1081c5073076faa36ef53c3c430cdd48c7b75,2023-06,Surrey Police,Surrey Police,-0.611697,51.276910,On or near Norton Close,E01030501,Guildford 005C,Violence and sexual offences,Further investigation is not in the public interest,
bee7d2ed1c0f6c6d479aa8b128d3752cc90944fd725f2e588f77a064f735dc1f,2023-06,Surrey Police,Surrey Police,-0.599882,51.260907,On or near Chitty'S Walk,E01030501,Guildford 005C,Violence and sexual offences,Status update unavailable,
1593efd15015ce40e427147bd89804ff93ad42b70ac3a3807fb0ad0dc38ac31e,2023-06,Surrey Police,Surrey Police,-0.611697,51.276910,On or near Norton Close,E01030501,Guildford 005C,Violence and sexual offences,Unable to prosecute suspect,
986d447145a8a9849a808c051f14cdd318030124fc8092b9bfeeb68c9f1faa55,2023-06,Surrey Police,Surrey Police,-0.601021,51.260678,On or near Hilltop Close,E01030501,Guildford 005C,Violence and sexual offences,Status update unavailable,
168fa6f1ca17dae1af6b292511761467a18849c0d938162959dde6e9b687d426,2023-06,Surrey Police,Surrey Police,-0.605206,51.275367,On or near Church Lane,E01030501,Guildford 005C,Violence and sexual offences,Investigation complete; no suspect identified,
d700a37a92fe834a705275c6b90ed56889403ff6f67a39e7ba068edda0457d6b,2023-06,Surrey Police,Surrey Police,-0.635334,51.264976,On or near Aldershot Road,E01030502,Guildford 005D,Other crime,Unable to prosecute suspect,
,2023-06,Surrey Police,Surrey Police,-0.627631,51.250732,On or near Oak Hill,E01030502,Guildford 005D,Anti-social behaviour,,
,2023-06,Surrey Police,Surrey Police,-0.629589,51.249946,On or near Pound Hill,E01030502,Guildford 005D,Anti-social behaviour,,
8d37cb2f8b71501b55fd6b76c2e7c447c43f3fd5275e704a945b929fffab465a,2023-06,Surrey Police,Surrey Police,-0.643529,51.266088,On or near Cobbett'S Close,E01030502,Guildford 005D,Burglary,Status update unavailable,
8288b4b75c696e5d0bc4502a73fc0706bfb6a34b66bbc4fe250ef83468ce22c1,2023-06,Surrey Police,Surrey Police,-0.627631,51.250732,On or near Oak Hill,E01030502,Guildford 005D,Public order,Unable to prosecute suspect,
f8f83f5d4e1f7970acef9772cdcf7e5d1f2231da877c4d2ff5c65f3c0da3ef99,2023-06,Surrey Police,Surrey Police,-0.627631,51.250732,On or near Oak Hill,E01030502,Guildford 005D,Public order,Investigation complete; no suspect identified,
49a4c7daec7d11744a2507aa1093fb4d6511cbd60d74b1841c385c723f3e0e3b,2023-06,Surrey Police,Surrey Police,-0.627631,51.250732,On or near Oak Hill,E01030502,Guildford 005D,Public order,Investigation complete; no suspect identified,
,2023-06,Surrey Police,Surrey Police,-0.629106,51.247881,On or near Wildfield Close,E01030503,Guildford 005E,Anti-social behaviour,,
,2023-06,Surrey Police,Surrey Police,-0.629106,51.247881,On or near Wildfield Close,E01030503,Guildford 005E,Anti-social behaviour,,
,2023-06,Surrey Police,Surrey Police,-0.631217,51.250118,On or near Stream Banks,E01030503,Guildford 005E,Anti-social behaviour,,
79bcf076171e105ef412128b90f4bbe2cf1c0375d26f897b69ab37b67fde279d,2023-06,Surrey Police,Surrey Police,-0.629106,51.247881,On or near Wildfield Close,E01030503,Guildford 005E,Burglary,Status update unavailable,
b2738d9dc88a90afe6c176ab82a00c35e2e971f234a97d5545ec0bfc09cb6990,2023-06,Surrey Police,Surrey Police,-0.629106,51.247881,On or near Wildfield Close,E01030503,Guildford 005E,Burglary,Status update unavailable,
ce96fa2acd6362c46681e485d26378ff15ad9fe11e20e329a73f91ca4e0259c8,2023-06,Surrey Police,Surrey Police,-0.610892,51.249860,On or near School Meadow,E01030503,Guildford 005E,Criminal damage and arson,Investigation complete; no suspect identified,
81b554980dd34668dff7d6b941f7d5e5a9ab11fd51434120b201864d8761099e,2023-06,Surrey Police,Surrey Police,-0.609619,51.250268,On or near Barnwood Road,E01030503,Guildford 005E,Vehicle crime,Investigation complete; no suspect identified,
bb4e069b3c18f6b06f406f30f05c853f8be508a0adb8aa7316cc78483c83adf3,2023-06,Surrey Police,Surrey Police,-0.631217,51.250118,On or near Stream Banks,E01030503,Guildford 005E,Vehicle crime,Investigation complete; no suspect identified,
21c2ef2ab79c8ccaf5a31d54fab3a3a088f89474dfd63fffd4d417fd2070a532,2023-06,Surrey Police,Surrey Police,-0.631217,51.250118,On or near Stream Banks,E01030503,Guildford 005E,Violence and sexual offences,Unable to prosecute suspect,
1cbb1c20b0b6d072c0e5428651105fe5d77934b1b2ab269560d7c85b0ba9fb7e,2023-06,Surrey Police,Surrey Police,-0.612302,51.249661,On or near Cook Way,E01030503,Guildford 005E,Violence and sexual offences,Further investigation is not in the public interest,
1386585030f6ac67722a76dea8ae8f111224eb533d31083e77d46e89aa627c85,2023-06,Surrey Police,Surrey Police,-0.610892,51.249860,On or near School Meadow,E01030503,Guildford 005E,Violence and sexual offences,Status update unavailable,
1a375fe9b8e6a84de60c0b5f1d1853170d8d2c1268100fca45bb76989d2cef5b,2023-06,Surrey Police,Surrey Police,-0.566874,51.270624,On or near Sutherland Avenue,E01030504,Guildford 005F,Criminal damage and arson,Unable to prosecute suspect,
3483164e2b98a6ee9f8d4d2e2b04d2575819c359e15b721017800de2b8022a07,2023-06,Surrey Police,Surrey Police,-0.566874,51.270624,On or near Sutherland Avenue,E01030504,Guildford 005F,Criminal damage and arson,Investigation complete; no suspect identified,
2c79e49d0f5f6a3b7978ae6a58522cd576238c980ff75b3cbd1a79fa0fc99a08,2023-06,Surrey Police,Surrey Police,-0.566874,51.270624,On or near Sutherland Avenue,E01030504,Guildford 005F,Criminal damage and arson,Unable to prosecute suspect,
e7ebf631c8fcb6a13d679c4ed124a1faa9dc560c88da198ca8723f819216ff4f,2023-06,Surrey Police,Surrey Police,-0.566874,51.270624,On or near Sutherland Avenue,E01030504,Guildford 005F,Criminal damage and arson,Unable to prosecute suspect,
50c629ab69b6b9d6ef2ed00646fd9060d72f026ea461fffa6b136e9bbd020e22,2023-06,Surrey Police,Surrey Police,-0.569114,51.265867,On or near Jacobs Well Road,E01030504,Guildford 005F,Criminal damage and arson,Unable to prosecute suspect,
2bd250b4fd7945c9ca6581f4c842e5744c23c37cf6cb04897d866b7480233244,2023-06,Surrey Police,Surrey Police,-0.569114,51.265867,On or near Jacobs Well Road,E01030504,Guildford 005F,Public order,Investigation complete; no suspect identified,
a021440cff2ef0ac31ac64a1b9515f9447997d1cd96a8fdbe3ebc7bde55321ed,2023-06,Surrey Police,Surrey Police,-0.569114,51.265867,On or near Jacobs Well Road,E01030504,Guildford 005F,Vehicle crime,Unable to prosecute suspect,
,2023-06,Surrey Police,Surrey Police,-0.588154,51.255892,On or near North Road,E01030485,Guildford 006A,Anti-social behaviour,,
,2023-06,Surrey Police,Surrey Police,-0.588154,51.255892,On or near North Road,E01030485,Guildford 006A,Anti-social behaviour,,
9bf44a0aa2e686fad0d70c0896ec85c0b58551fabd54541ff1a759a456c418a1,2023-06,Surrey Police,Surrey Police,-0.592968,51.255923,On or near Lynchmere Place,E01030485,Guildford 006A,Criminal damage and arson,Further investigation is not in the public interest,
ad691ebf421c2af71f22737d7cb9c1fee8db06019a1e3ee891a71d12d2751dbe,2023-06,Surrey Police,Surrey Police,-0.586680,51.253500,On or near Regent Court,E01030485,Guildford 006A,Criminal damage and arson,Investigation complete; no suspect identified,
63e61fc678c5f0561ddc5ffc8ba6fad157a34e972645ee67b6e8c2678f738d97,2023-06,Surrey Police,Surrey Police,-0.593949,51.256654,On or near Petrol Station,E01030485,Guildford 006A,Other theft,Investigation complete; no suspect identified,
b6008a23307b5c27921cd50671b6ed7ab1f512ed004bba9c7dcf3e0a6c4baa86,2023-06,Surrey Police,Surrey Police,-0.593949,51.256654,On or near Petrol Station,E01030485,Guildford 006A,Other theft,Investigation complete; no suspect identified,
db2a66619a898bbf0879eafeeb67b3f3ce3d94d099252380214d46445b819e9b,2023-06,Surrey Police,Surrey Police,-0.588154,51.255892,On or near North Road,E01030485,Guildford 006A,Other theft,Unable to prosecute suspect,
c4a758e32b97cd9ab1c11c14aece8f0e788b0efa3eef020faedc8d47c9d32cf7,2023-06,Surrey Police,Surrey Police,-0.589386,51.254963,On or near Chatham Mews,E01030485,Guildford 006A,Other theft,Investigation complete; no suspect identified,
502a5f405245d16be4e67254effc872b79583b6c43d53600f39b54e57e5ada28,2023-06,Surrey Police,Surrey Police,-0.588154,51.255892,On or near North Road,E01030485,Guildford 006A,Public order,Investigation complete; no suspect identified,
92746fb6b784597b0711c3a57d56c7cd78456241dd3fa4b343c7f6282c837f84,2023-06,Surrey Police,Surrey Police,-0.593949,51.256654,On or near Petrol Station,E01030485,Guildford 006A,Shoplifting,Investigation complete; no suspect identified,
413f7b64bde08c6af823954ec8a4dbfd084fefcf91943648b714cf1a1f24ece8,2023-06,Surrey Police,Surrey Police,-0.588154,51.255892,On or near North Road,E01030485,Guildford 006A,Shoplifting,Investigation complete; no suspect identified,
fde81b15def29c328d91de817ac47d31c20726b8fc0a6bc9a7f236ee26ef8903,2023-06,Surrey Police,Surrey Police,-0.589626,51.253680,On or near New Cross Road,E01030485,Guildford 006A,Vehicle crime,Investigation complete; no suspect identified,
044c5c281198f9db5b428baf2211d581dde522a824a47335b504f01070978786,2023-06,Surrey Police,Surrey Police,-0.586319,51.251698,On or near Manor Road,E01030485,Guildford 006A,Violence and sexual offences,Action to be taken by another organisation,
8fe0163a30f5a3ff5707fa39522a66539142194569e0c64b7afff2206e824b87,2023-06,Surrey Police,Surrey Police,-0.586319,51.251698,On or near Manor Road,E01030485,Guildford 006A,Violence and sexual offences,Unable to prosecute suspect,
1334ab1c25be50f707edf7fd7ed527f48d8cf902afc8ed271d638dfcb2542b1f,2023-06,Surrey Police,Surrey Police,-0.586319,51.251698,On or near Manor Road,E01030485,Guildford 006A,Violence and sexual offences,Unable to prosecute suspect,
0d75a0a720cc718b64b9d994ed15570041c80b0a6ddeed5ac82375de08ff91e4,2023-06,Surrey Police,Surrey Police,-0.586319,51.251698,On or near Manor Road,E01030485,Guildford 006A,Violence and sexual offences,Unable to prosecute suspect,
,2023-06,Surrey Police,Surrey Police,-0.586415,51.249037,On or near Woodbridge Hill,E01030487,Guildford 006B,Anti-social behaviour,,
,2023-06,Surrey Police,Surrey Police,-0.586415,51.249037,On or near Woodbridge Hill,E01030487,Guildford 006B,Anti-social behaviour,,
,2023-06,Surrey Police,Surrey Police,-0.586415,51.249037,On or near Woodbridge Hill,E01030487,Guildford 006B,Anti-social behaviour,,
,2023-06,Surrey Police,Surrey Police,-0.586415,51.249037,On or near Woodbridge Hill,E01030487,Guildford 006B,Anti-social behaviour,,
7b17a084f4d8713980c22e273bfd6e2081bf9a14fd9377f4f1fe84c39f8d0360,2023-06,Surrey Police,Surrey Police,-0.586415,51.249037,On or near Woodbridge Hill,E01030487,Guildford 006B,Bicycle theft,Unable to prosecute suspect,
da098d1f164b29e20835e83d8018943aa2c3e784a718643f7edcf3b8d13775ee,2023-06,Surrey Police,Surrey Police,-0.586415,51.249037,On or near Woodbridge Hill,E01030487,Guildford 006B,Bicycle theft,Investigation complete; no suspect identified,
c4e314b55e053e1a2b58b610a3bf765a7495e06d469bfc18fbd5c3af86499572,2023-06,Surrey Police,Surrey Police,-0.591138,51.253914,On or near Martin Road,E01030487,Guildford 006B,Bicycle theft,Investigation complete; no suspect identified,
04c34dec58f1b3f17ad1f92623e5acac9ff4608bd6d267b7742f675ecd964fb1,2023-06,Surrey Police,Surrey Police,-0.586415,51.249037,On or near Woodbridge Hill,E01030487,Guildford 006B,Criminal damage and arson,Unable to prosecute suspect,
b4c2804461abd763044623358b337a47b13196c1cc9e6f471af465dd0d481983,2023-06,Surrey Police,Surrey Police,-0.586415,51.249037,On or near Woodbridge Hill,E01030487,Guildford 006B,Criminal damage and arson,Unable to prosecute suspect,
48e7ea7a7cc4e7f644c88dfd7a68f5d7e70f511f564ea6a4021b8be7a86d2d7e,2023-06,Surrey Police,Surrey Police,-0.588842,51.250757,On or near Ardmore Way,E01030487,Guildford 006B,Drugs,Court result unavailable,
f078c4fc40e6e628f6426b3369b0cd81b44ca3d5acc88af0755860636d2a6f9d,2023-06,Surrey Police,Surrey Police,-0.586415,51.249037,On or near Woodbridge Hill,E01030487,Guildford 006B,Other theft,Unable to prosecute suspect,
0d46a11b2068f31cdf4ed8a2e4cca0fb8c520717bfd91f17ce2eae7908d179d4,2023-06,Surrey Police,Surrey Police,-0.588842,51.253068,On or near South Road,E01030487,Guildford 006B,Other theft,Further investigation is not in the public interest,
bc65b98832712c151bc1e131544947618a4e2d10623bd0085ee77a8c08b72185,2023-06,Surrey Police,Surrey Police,-0.586415,51.249037,On or near Woodbridge Hill,E01030487,Guildford 006B,Public order,Unable to prosecute suspect,
3c8bc4b3498f8be77af9ae7101b0b1e5fc2c797de0f1455a8b6e5b55047734b0,2023-06,Surrey Police,Surrey Police,-0.591138,51.253914,On or near Martin Road,E01030487,Guildford 006B,Public order,Unable to prosecute suspect,
17799f4972358c57a0a29115de8da43824f3851ac95498653fa30c830e62d7f9,2023-06,Surrey Police,Surrey Police,-0.591138,51.253914,On or near Martin Road,E01030487,Guildford 006B,Public order,Unable to prosecute suspect,
59f0b9e5319ede97a4d792d4f0e7763595f6e1fe1b91de9f7f7731224a4953d9,2023-06,Surrey Police,Surrey Police,-0.585910,51.249624,On or near Heather Close,E01030487,Guildford 006B,Public order,Unable to prosecute suspect,
00acfb6f33f92f41cc3a27a1115f797d4e99bb92bd8b03248a6c57c4496fdf49,2023-06,Surrey Police,Surrey Police,-0.585910,51.249624,On or near Heather Close,E01030487,Guildford 006B,Shoplifting,Investigation complete; no suspect identified,
e7783fbf319829bdebbfdb52f27c16b5fa224f5ff26b989cac7019b0ea04de2b,2023-06,Surrey Police,Surrey Police,-0.585910,51.249624,On or near Heather Close,E01030487,Guildford 006B,Shoplifting,Unable to prosecute suspect,
bbc1f3ec3c11c0d529c364d76716f0ee9d23f4a76935c0321440e3b88f8275eb,2023-06,Surrey Police,Surrey Police,-0.587165,51.249343,On or near Supermarket,E01030487,Guildford 006B,Shoplifting,Investigation complete; no suspect identified,
8f29ff1d4ac71c41e383ea2b4252db2c4ce8feadcaeff0ef9fe3b4b01f4712e4,2023-06,Surrey Police,Surrey Police,-0.585910,51.249624,On or near Heather Close,E01030487,Guildford 006B,Shoplifting,Investigation complete; no suspect identified,
34ecdfbc01e2c3ea2067ce45e30cf06f1e1975dfc205800eaf4645041b9d9b02,2023-06,Surrey Police,Surrey Police,-0.586415,51.249037,On or near Woodbridge Hill,E01030487,Guildford 006B,Violence and sexual offences,Investigation complete; no suspect identified,
011180181b5dbf74a3c497b70fa192963d6ddd527031a1b045604ccace1ef4a9,2023-06,Surrey Police,Surrey Police,-0.586415,51.249037,On or near Woodbridge Hill,E01030487,Guildford 006B,Violence and sexual offences,Unable to prosecute suspect,
9bc71341841dd8178054183d07d6f262a87d89acea28eb6b5f722e865124c762,2023-06,Surrey Police,Surrey Police,-0.585910,51.249624,On or near Heather Close,E01030487,Guildford 006B,Violence and sexual offences,Unable to prosecute suspect,
8fb988d231c219c14daa57847596de1778428fcba54d3a1592e492dc5dd8be1b,2023-06,Surrey Police,Surrey Police,-0.585910,51.249624,On or near Heather Close,E01030487,Guildford 006B,Violence and sexual offences,Unable to prosecute suspect,
2be0c7e86a2526fa087c427a96bd37c74378c1ee32a0bab2b3c4dc7b5ae134c1,2023-06,Surrey Police,Surrey Police,-0.585910,51.249624,On or near Heather Close,E01030487,Guildford 006B,Violence and sexual offences,Unable to prosecute suspect,
3a2334ebc053696af99852f1c226eb037c8db6b4d849f34309ffc37d3969b335,2023-06,Surrey Police,Surrey Police,-0.585910,51.249624,On or near Heather Close,E01030487,Guildford 006B,Violence and sexual offences,Investigation complete; no suspect identified,
b86dced8794e91c30d723ddd42b566b830b4e7e9dd275444833cc7a5e51fddb2,2023-06,Surrey Police,Surrey Police,-0.585910,51.249624,On or near Heather Close,E01030487,Guildford 006B,Violence and sexual offences,Unable to prosecute suspect,
,2023-06,Surrey Police,Surrey Police,-0.588949,51.263644,On or near Wake Close,E01030488,Guildford 006C,Anti-social behaviour,,
17583f73c2b94af32e77b881b1d932da478c99ee1d6b77ba1634d3a204bf5d8d,2023-06,Surrey Police,Surrey Police,-0.592186,51.263692,On or near Caraway Place,E01030488,Guildford 006C,Public order,Investigation complete; no suspect identified,
f8e307a2eef87954db847e8a767e69081e14c7240d31cd9c419e127baebf13a6,2023-06,Surrey Police,Surrey Police,-0.588224,51.265317,On or near Escombe Drive,E01030488,Guildford 006C,Violence and sexual offences,Unable to prosecute suspect,
96e06bcd70ae48c4d13c087f25893f95776312e72390b812ffba5aa5efb85997,2023-06,Surrey Police,Surrey Police,-0.590989,51.266277,On or near Brittens Close,E01030488,Guildford 006C,Other crime,Status update unavailable,
,2023-06,Surrey Police,Surrey Police,-0.592384,51.260053,On or near Saffron Platt,E01030489,Guildford 006D,Anti-social behaviour,,
,2023-06,Surrey Police,Surrey Police,-0.592384,51.260053,On or near Saffron Platt,E01030489,Guildford 006D,Anti-social behaviour,,
,2023-06,Surrey Police,Surrey Police,-0.591328,51.258008,On or near Whitfield Close,E01030489,Guildford 006D,Anti-social behaviour,,
,2023-06,Surrey Police,Surrey Police,-0.587795,51.261526,On or near Railton Road,E01030489,Guildford 006D,Anti-social behaviour,,
,2023-06,Surrey Police,Surrey Police,-0.592384,51.260053,On or near Saffron Platt,E01030489,Guildford 006D,Anti-social behaviour,,
cbe3399c4e35d1dab7f62886586e563c9def8c8d61471565986f67781da8947c,2023-06,Surrey Police,Surrey Police,-0.586834,51.257342,On or near The Gables,E01030489,Guildford 006D,Bicycle theft,Unable to prosecute suspect,
3cf59f638287c11eabd44f5c68a89ecd6223168cafefca7b941075947f077f97,2023-06,Surrey Police,Surrey Police,-0.589683,51.256045,On or near Monro Drive,E01030489,Guildford 006D,Criminal damage and arson,Offender given a caution,
69752bf5e80079727a87376351a857bc204a689d1a10c71a57515431ac669a48,2023-06,Surrey Police,Surrey Police,-0.588622,51.259792,On or near Little Street,E01030489,Guildford 006D,Criminal damage and arson,Investigation complete; no suspect identified,
24af4c7a7c5bb1452c4b68a1599816b10e74cb8b3e06dfc38b740fa98cb688b3,2023-06,Surrey Police,Surrey Police,-0.587795,51.261526,On or near Railton Road,E01030489,Guildford 006D,Criminal damage and arson,Investigation complete; no suspect identified,
60a48d8469828b70b0aeae201b7bbaa5f37305804c6d67c0c1a06139f27c3288,2023-06,Surrey Police,Surrey Police,-0.592384,51.260053,On or near Saffron Platt,E01030489,Guildford 006D,Public order,Unable to prosecute suspect,
fdcd87cb2dd43d0a8419c1c1270523130b78854e80582ae30880685f94ddd9b1,2023-06,Surrey Police,Surrey Police,-0.586107,51.263286,On or near Hallowes Close,E01030489,Guildford 006D,Public order,Unable to prosecute suspect,
dc7fcbd28cb391229ade594714008cd74f1ad3393444a799773853e85dbe4a07,2023-06,Surrey Police,Surrey Police,-0.588622,51.259792,On or near Little Street,E01030489,Guildford 006D,Vehicle crime,Investigation complete; no suspect identified,
3d32ac965414417b5b28df09b56f84a09688bc59aaca44dec140c302986113f0,2023-06,Surrey Police,Surrey Police,-0.586936,51.259151,On or near Grange Close,E01030489,Guildford 006D,Violence and sexual offences,Unable to prosecute suspect,
3d1d6fc125b1043c2de87c833dd1e6f1ba9c805af3e28bd5765fa6119c884220,2023-06,Surrey Police,Surrey Police,-0.586107,51.263286,On or near Hallowes Close,E01030489,Guildford 006D,Violence and sexual offences,Unable to prosecute suspect,
e58005c86c1b4877fba0abb1dc782350d7159664bf8f5ece448519b8e198bafd,2023-06,Surrey Police,Surrey Police,-0.589683,51.256045,On or near Monro Drive,E01030489,Guildford 006D,Violence and sexual offences,Unable to prosecute suspect,
a67eca9af17a352c4d5cc5c38f7d64ac4d9f65ede8d060025d16d8b1ab9c9b59,2023-06,Surrey Police,Surrey Police,-0.586309,51.260438,On or near Grange Road,E01030489,Guildford 006D,Violence and sexual offences,Further investigation is not in the public interest,
352b027213add9be12c4ec7cbfc60664cfaeaac19535996ec611c75bca5c0bb1,2023-06,Surrey Police,Surrey Police,-0.589683,51.256045,On or near Monro Drive,E01030489,Guildford 006D,Violence and sexual offences,Unable to prosecute suspect,
4c9d8c6e4e4541f7cef114e7d29d04388643229d4c9e5cd9c7877956ee2171c3,2023-06,Surrey Police,Surrey Police,-0.586107,51.263286,On or near Hallowes Close,E01030489,Guildford 006D,Violence and sexual offences,Investigation complete; no suspect identified,
b543633289605cddbbce7fc3352f247eb22488359ce4c3d5f1934d39142c2f62,2023-06,Surrey Police,Surrey Police,-0.588622,51.259792,On or near Little Street,E01030489,Guildford 006D,Violence and sexual offences,Further investigation is not in the public interest,
,2023-06,Surrey Police,Surrey Police,-0.581982,51.262742,On or near Lilac Close,E01030481,Guildford 007A,Anti-social behaviour,,
,2023-06,Surrey Police,Surrey Police,-0.573414,51.261253,On or near Woking Road,E01030481,Guildford 007A,Anti-social behaviour,,
0b7e016ab454dde04bbede89153f50a94b987f766a851655edfcbcea203c9332,2023-06,Surrey Police,Surrey Police,-0.581469,51.257996,On or near Rowan Close,E01030481,Guildford 007A,Criminal damage and arson,Unable to prosecute suspect,
7ef3cf7f334d095b3cc0ef939dc55d6dd2f7f6ee6e664303d8d6d07e349d75f4,2023-06,Surrey Police,Surrey Police,-0.573897,51.260926,On or near Petrol Station,E01030481,Guildford 007A,Criminal damage and arson,Investigation complete; no suspect identified,
907cc86b92b652c1f47a44b508be5012a40654b965c4a343e600872b683f34f4,2023-06,Surrey Police,Surrey Police,-0.573414,51.261253,On or near Woking Road,E01030481,Guildford 007A,Other theft,Investigation complete; no suspect identified,
d5477bf6d678d47fc65fd3f63d31e7b518e5a07d59a58002727442482df5c4d8,2023-06,Surrey Police,Surrey Police,-0.580991,51.264186,On or near Juniper Close,E01030481,Guildford 007A,Public order,Investigation complete; no suspect identified,
f86b4d523e87de75ed271804a208b1b2429a2715a685ed7102f013b5be48f730,2023-06,Surrey Police,Surrey Police,-0.581392,51.261871,On or near Yew Tree Drive,E01030481,Guildford 007A,Vehicle crime,Investigation complete; no suspect identified,
a58eb72d583fa43a6be2157f9d3c946f46a334db85f88256e8f11026d0eb87c6,2023-06,Surrey Police,Surrey Police,-0.581469,51.257996,On or near Rowan Close,E01030481,Guildford 007A,Violence and sexual offences,Local resolution,
6087fbcae4455e34b0d40267e3d2922e31a6a1fa565de44d90352f9fb0786b0b,2023-06,Surrey Police,Surrey Police,-0.576829,51.262059,On or near Simmons Court,E01030481,Guildford 007A,Violence and sexual offences,Status update unavailable,
0d1afa43dc31c34629cad639b687fdfe645117922f029075b333f160e7055992,2023-06,Surrey Police,Surrey Police,-0.581982,51.262742,On or near Lilac Close,E01030481,Guildford 007A,Violence and sexual offences,Unable to prosecute suspect,
e61982cd0de9f97097f21ecd0fa4326810bc7021fd1c27004247adb03992ce41,2023-06,Surrey Police,Surrey Police,-0.568744,51.257941,On or near Lock Road,E01030482,Guildford 007B,Criminal damage and arson,Investigation complete; no suspect identified,
2b37f415ae6a7c5ff5b3c10a295974c19ab7311d72289d7da1bf08395d747ae7,2023-06,Surrey Police,Surrey Police,-0.567873,51.257372,On or near Marigold Court,E01030482,Guildford 007B,Criminal damage and arson,Investigation complete; no suspect identified,
1e75752ea7f5c0263c551b595bea4f3049d787ce641d2f4c2fd6604c488cb30d,2023-06,Surrey Police,Surrey Police,-0.574713,51.256790,On or near Fir Tree Road,E01030482,Guildford 007B,Violence and sexual offences,Action to be taken by another organisation,
,2023-06,Surrey Police,Surrey Police,-0.578892,51.252795,On or near Berberis Close,E01030483,Guildford 007C,Anti-social behaviour,,
,2023-06,Surrey Police,Surrey Police,-0.577569,51.254802,On or near Cypress Road,E01030483,Guildford 007C,Anti-social behaviour,,
,2023-06,Surrey Police,Surrey Police,-0.577569,51.254802,On or near Cypress Road,E01030483,Guildford 007C,Anti-social behaviour,,
8af26ee2c859e6d88c3888a86af131ff3926f40f0da7be628cd8a80a7a7411db,2023-06,Surrey Police,Surrey Police,-0.576736,51.256257,On or near Laburnum Close,E01030483,Guildford 007C,Criminal damage and arson,Unable to prosecute suspect,
6d22fc2cc2e28779c3976ca93cb63bec9706055a22cd05bed39d4042731189f7,2023-06,Surrey Police,Surrey Police,-0.578892,51.252795,On or near Berberis Close,E01030483,Guildford 007C,Criminal damage and arson,Investigation complete; no suspect identified,
88cbcbcdd4bfeee7be6b93cd826be5ca8799e3f6cc4fbff7c725b982b7f79e23,2023-06,Surrey Police,Surrey Police,-0.578892,51.252795,On or near Berberis Close,E01030483,Guildford 007C,Other theft,Investigation complete; no suspect identified,
b039698d0aa79e97cf9b206aab95fa9579c012eb41ca16a9e093f8aab8570d2d,2023-06,Surrey Police,Surrey Police,-0.578892,51.252795,On or near Berberis Close,E01030483,Guildford 007C,Public order,Unable to prosecute suspect,
b0069476d9c66022d2493f90aa675d8c84f6fb14390c03ddb21affcf8a4e7799,2023-06,Surrey Police,Surrey Police,-0.577569,51.254802,On or near Cypress Road,E01030483,Guildford 007C,Public order,Court result unavailable,
d3fa510cad82d5b4413c5ca823a4225fad0cdef54be3dc06586ad5465f5ad24a,2023-06,Surrey Police,Surrey Police,-0.578892,51.252795,On or near Berberis Close,E01030483,Guildford 007C,Violence and sexual offences,Investigation complete; no suspect identified,
20e8c07fd61afe5666d5571fd7cdd966f51632f95d769fac92dea2abcbc03610,2023-06,Surrey Police,Surrey Police,-0.578892,51.252795,On or near Berberis Close,E01030483,Guildford 007C,Violence and sexual offences,Investigation complete; no suspect identified,
d530c9a86250cc9ed1c8e3ee041efa51742eb53da6a9c16dd82079fac8135ed7,2023-06,Surrey Police,Surrey Police,-0.578762,51.255617,On or near Larch Avenue,E01030483,Guildford 007C,Violence and sexual offences,Action to be taken by another organisation,
1cbee12b90911f74c5b4622135fec3df422d6abc7f394bf40085599952c744fb,2023-06,Surrey Police,Surrey Police,-0.576736,51.256257,On or near Laburnum Close,E01030483,Guildford 007C,Other crime,Unable to prosecute suspect,
31b1d94e9744af582a3f72c638b366587fa78db8635e84250d5fd2c3a1d26d06,2023-06,Surrey Police,Surrey Police,-0.577569,51.254802,On or near Cypress Road,E01030483,Guildford 007C,Other crime,Court result unavailable,
5371e1a6d5bdf6d3610ec2d130339d5da63ae3f9cc5deb2879e3b6ac190afe22,2023-06,Surrey Police,Surrey Police,-0.564923,51.258703,On or near Lockside,E01030484,Guildford 007D,Violence and sexual offences,Unable to prosecute suspect,
,2023-06,Surrey Police,Surrey Police,-0.573517,51.250967,On or near Riverside,E01030484,Guildford 007D,Anti-social behaviour,,
,2023-06,Surrey Police,Surrey Police,-0.572758,51.251416,On or near Maple Grove,E01030484,Guildford 007D,Anti-social behaviour,,
,2023-06,Surrey Police,Surrey Police,-0.570696,51.252758,On or near Mangles Road,E01030484,Guildford 007D,Anti-social behaviour,,
,2023-06,Surrey Police,Surrey Police,-0.575996,51.251429,On or near Waterside Mews,E01030484,Guildford 007D,Anti-social behaviour,,
27a1ebc12e1a31a121ae5710a706a97e821551a9a677b0ef54d68268a7d84081,2023-06,Surrey Police,Surrey Police,-0.570696,51.252758,On or near Mangles Road,E01030484,Guildford 007D,Bicycle theft,Investigation complete; no suspect identified,
ab89caa41d3ff84cab43f19cd8cb09d3e596ed2694a7ede573eba1ee282bbf00,2023-06,Surrey Police,Surrey Police,-0.573517,51.250967,On or near Riverside,E01030484,Guildford 007D,Burglary,Investigation complete; no suspect identified,
e1eec1e5f5cca3e3b0685831a528512edb0a785227cc20765fb924ff9bdb6279,2023-06,Surrey Police,Surrey Police,-0.570696,51.252758,On or near Mangles Road,E01030484,Guildford 007D,Criminal damage and arson,Unable to prosecute suspect,
e2169e053e8d59a0be119d7d7c6350d277e92bbd4ed3aeeb29e0ecc9fe87441b,2023-06,Surrey Police,Surrey Police,-0.570661,51.257041,On or near Sports/Recreation Area,E01030484,Guildford 007D,Criminal damage and arson,Offender given a caution,
4ed82f68c9143b68e9d5d8235cac4238cef5e405ff456b4753bb4d361fb95595,2023-06,Surrey Police,Surrey Police,-0.564710,51.262306,On or near Westfield Road,E01030484,Guildford 007D,Criminal damage and arson,Investigation complete; no suspect identified,
b8a232f32922df32a23cf17b6133d5a5c45f96f6b297c045541d667badaa5a22,2023-06,Surrey Police,Surrey Police,-0.572297,51.253820,On or near School Close,E01030484,Guildford 007D,Other theft,Investigation complete; no suspect identified,
bd556897c003ebf132fb5f0aae284fd21c02bd49042d75aa5f61d3d311bf238d,2023-06,Surrey Police,Surrey Police,-0.571180,51.252872,On or near Bellfields Road,E01030484,Guildford 007D,Other theft,Investigation complete; no suspect identified,
358ef9c3717bfc4044fbcbb75bcf370e199ce8d34ef247cbf7b5328e8e55a61c,2023-06,Surrey Police,Surrey Police,-0.571180,51.252872,On or near Bellfields Road,E01030484,Guildford 007D,Other theft,Investigation complete; no suspect identified,
db71c4e9894554598a474a22a4cd4cd07f368376560f6fe396b67bb95fa677dd,2023-06,Surrey Police,Surrey Police,-0.581187,51.251779,On or near River Close,E01030484,Guildford 007D,Possession of weapons,Unable to prosecute suspect,
74807d2333398a46351c26cff43a478d330e177a2eacc78ad3f9c475fa31eb05,2023-06,Surrey Police,Surrey Police,-0.581489,51.251747,On or near Weyview Close,E01030484,Guildford 007D,Public order,Investigation complete; no suspect identified,
7d4db488fc934f78021cad06a120026739aceb570fe57694932711cebec2b510,2023-06,Surrey Police,Surrey Police,-0.564710,51.262306,On or near Westfield Road,E01030484,Guildford 007D,Shoplifting,Investigation complete; no suspect identified,
1ce914708f015cffc99f623efeff72faf24fc4dc7e5ade558e85edd7e29b8cb1,2023-06,Surrey Police,Surrey Police,-0.570811,51.257822,On or near Old Farm Road,E01030484,Guildford 007D,Vehicle crime,Investigation complete; no suspect identified,
5de2258b3dd3fb18c28d2c8436931389389ad748fc5fe595044a4d1752747bcb,2023-06,Surrey Police,Surrey Police,-0.571137,51.256558,On or near Farm Close,E01030484,Guildford 007D,Violence and sexual offences,Unable to prosecute suspect,
0841de15735a50ec19a3547e3e337f4b40d62f5d7e2f3890c90e817b1f335b4f,2023-06,Surrey Police,Surrey Police,-0.564710,51.262306,On or near Westfield Road,E01030484,Guildford 007D,Violence and sexual offences,Unable to prosecute suspect,
a885f3b3b98aefa28ef51fa6463ff501136bacb3b70ab333ee62b4d9a961b205,2023-06,Surrey Police,Surrey Police,-0.569929,51.256714,On or near Waterside Road,E01030484,Guildford 007D,Violence and sexual offences,Investigation complete; no suspect identified,
47eccd2313bcd41ad88718cdc9aa6cb27291464d40e8d6882202e845ccd5bb3e,2023-06,Surrey Police,Surrey Police,-0.573414,51.252449,On or near Parking Area,E01030484,Guildford 007D,Violence and sexual offences,Investigation complete; no suspect identified,
3f11c7c5e94d545a6ac94c9627e639b5e2c75e096986326100d75264f776024c,2023-06,Surrey Police,Surrey Police,-0.569929,51.256714,On or near Waterside Road,E01030484,Guildford 007D,Violence and sexual offences,Unable to prosecute suspect,
5bb0561f6b384b1af82233a38dde0878fb5cf328dd42396f7ec353facf61af81,2023-06,Surrey Police,Surrey Police,-0.575996,51.251429,On or near Waterside Mews,E01030484,Guildford 007D,Violence and sexual offences,Unable to prosecute suspect,
06e151c7db26d6f05531971c7f7d317a17dc920cc45f3d96ae9c874fd1b2ab32,2023-06,Surrey Police,Surrey Police,-0.566748,51.258546,On or near Slyfield Green,E01030484,Guildford 007D,Violence and sexual offences,Investigation complete; no suspect identified,
a0f9e8b856cff44106c5a7f04832aa46a7ddda3231970bda89e2af734cd75f91,2023-06,Surrey Police,Surrey Police,-0.581187,51.251779,On or near River Close,E01030484,Guildford 007D,Violence and sexual offences,Unable to prosecute suspect,
,2023-06,Surrey Police,Surrey Police,-0.553351,51.261894,On or near Parking Area,E01030434,Guildford 008A,Anti-social behaviour,,
,2023-06,Surrey Police,Surrey Police,-0.540525,51.261567,On or near Briar Way,E01030434,Guildford 008A,Anti-social behaviour,,
,2023-06,Surrey Police,Surrey Police,-0.553351,51.261894,On or near Parking Area,E01030434,Guildford 008A,Anti-social behaviour,,
,2023-06,Surrey Police,Surrey Police,-0.553351,51.261894,On or near Parking Area,E01030434,Guildford 008A,Anti-social behaviour,,
ee9943c402cafbd447cce66c8f51a6f55cde6f5d1700e637577bf12afb15163c,2023-06,Surrey Police,Surrey Police,-0.544137,51.261135,On or near Supermarket,E01030434,Guildford 008A,Bicycle theft,Investigation complete; no suspect identified,
ccd73b12dd353b5d364314e7462f4d972f0ebcfb6e2378f030809e437b7a433e,2023-06,Surrey Police,Surrey Police,-0.546970,51.263553,On or near Guernsey Close,E01030434,Guildford 008A,Criminal damage and arson,Investigation complete; no suspect identified,
62351f9d963e1c2e5ace06721bd58336ef07682ca79390be88b10003ea7936ae,2023-06,Surrey Police,Surrey Police,-0.546422,51.261838,On or near Petrol Station,E01030434,Guildford 008A,Criminal damage and arson,Investigation complete; no suspect identified,
695e43379492b849624a29d89d99b9524c5a0bd5ed4fe621d598602939d6cec2,2023-06,Surrey Police,Surrey Police,-0.552847,51.264444,On or near Bowers Lane,E01030434,Guildford 008A,Other theft,Investigation complete; no suspect identified,
18ae4a363e6031c62d1e21701bb29e748ebe024a3833d1457c858a5ae25f3cc0,2023-06,Surrey Police,Surrey Police,-0.546422,51.261838,On or near Petrol Station,E01030434,Guildford 008A,Other theft,Investigation complete; no suspect identified,
90d9d15a7316d17cda4c1d01579237ff4399f1d0ca909ee17b8ea3ec1e92a432,2023-06,Surrey Police,Surrey Police,-0.544137,51.261135,On or near Supermarket,E01030434,Guildford 008A,Shoplifting,Investigation complete; no suspect identified,
86f248272a5f1e5fd12c045ee7f40e185e1dc75f96d7074c2375d75d9bac4806,2023-06,Surrey Police,Surrey Police,-0.540525,51.261567,On or near Briar Way,E01030434,Guildford 008A,Vehicle crime,Status update unavailable,
52ea7b099febdea9eec01fa15bf131968cd232c58f5ef444682adac023d92cb5,2023-06,Surrey Police,Surrey Police,-0.546970,51.263553,On or near Guernsey Close,E01030434,Guildford 008A,Violence and sexual offences,Unable to prosecute suspect,
41d77345507a8941e60fc11234a6df66561e2ff06efee085691418d860030cfe,2023-06,Surrey Police,Surrey Police,-0.539399,51.259565,On or near Glendale Drive,E01030435,Guildford 008B,Burglary,Status update unavailable,
,2023-06,Surrey Police,Surrey Police,-0.531432,51.249637,On or near Merrow Place,E01030462,Guildford 008C,Anti-social behaviour,,
2f1087dc8e54ff995fa9b97ca9c24861ee3fd3293e22a53ffce2945fb675d266,2023-06,Surrey Police,Surrey Police,-0.530302,51.251358,On or near Kingfisher Court,E01030462,Guildford 008C,Criminal damage and arson,Unable to prosecute suspect,
b4dd4d2dc7ca7391fe68108c16c6dcb7008c02fe10190b81a33d72d175f3a3aa,2023-06,Surrey Police,Surrey Police,-0.530302,51.251358,On or near Kingfisher Court,E01030462,Guildford 008C,Drugs,Further action is not in the public interest,
be09ca30655836bf4d700b2c7eb05bf8b19b70500b7e1847b8718c7d1fb46218,2023-06,Surrey Police,Surrey Police,-0.528975,51.249381,On or near Rectory Close,E01030462,Guildford 008C,Vehicle crime,Investigation complete; no suspect identified,
f5817bc4e65817eac640398f47176d13aa3e02df235ec09b11f6d25a34f25ca0,2023-06,Surrey Police,Surrey Police,-0.533259,51.250316,On or near Clayhanger,E01030462,Guildford 008C,Vehicle crime,Investigation complete; no suspect identified,
,2023-06,Surrey Police,Surrey Police,-0.535672,51.255994,On or near Wells Road,E01030463,Guildford 008D,Anti-social behaviour,,
,2023-06,Surrey Police,Surrey Police,-0.535223,51.255700,On or near Jasons Drive,E01030463,Guildford 008D,Anti-social behaviour,,
4aa43267629e1aaf46824c11a5ad9b3766d67b8aa9b6723c226eabe9d6268849,2023-06,Surrey Police,Surrey Police,-0.539466,51.254288,On or near Speedwell Close,E01030463,Guildford 008D,Criminal damage and arson,Investigation complete; no suspect identified,
5be1cbbc5c2006b85465d90edf44e8737dbc4d5132bb872a52ccfff88b17e7e0,2023-06,Surrey Police,Surrey Police,-0.539572,51.253219,On or near Sturt Court,E01030463,Guildford 008D,Violence and sexual offences,Court result unavailable,
b1c0c69d5a315844a6a9d246f34d249798f2ec9c51c7df9b8a01a82d65a648d6,2023-06,Surrey Police,Surrey Police,-0.534551,51.249766,On or near Sheeplands Avenue,E01030464,Guildford 008E,Burglary,Status update unavailable,
b71115949323616a3ff00963ce45d226353b2ee97cf38c4e5fa488f949e4288f,2023-06,Surrey Police,Surrey Police,-0.539103,51.250380,On or near Hillfield Close,E01030464,Guildford 008E,Other theft,Investigation complete; no suspect identified,
b79fc25bfafe7159e88f9316020b313a570048e74c00e5bd192087b56ec78a87,2023-06,Surrey Police,Surrey Police,-0.542065,51.251874,On or near Long Dyke,E01030464,Guildford 008E,Possession of weapons,Unable to prosecute suspect,
fcce2ee849ef1c034f558e134e4b0d2051956e66c67aae0a9cc73226013cac2c,2023-06,Surrey Police,Surrey Police,-0.542073,51.251155,On or near Little Hide,E01030464,Guildford 008E,Vehicle crime,Investigation complete; no suspect identified,
2c3c271405155fc183c13c4464b923ff2330d5d4359de9196954bdc1c62b9012,2023-06,Surrey Police,Surrey Police,-0.540837,51.252183,On or near Ledger Close,E01030464,Guildford 008E,Violence and sexual offences,Unable to prosecute suspect,
b1403cf4e0060aa2f78a3f5e9037d0565283352ce118f1749658391bd3da322f,2023-06,Surrey Police,Surrey Police,-0.534367,51.248361,On or near Martins Close,E01030464,Guildford 008E,Violence and sexual offences,Unable to prosecute suspect,
64192a466c14600d3e6cf51defd5012e18f19919770b66d96590b2a56599d48f,2023-06,Surrey Police,Surrey Police,-0.534367,51.248361,On or near Martins Close,E01030464,Guildford 008E,Violence and sexual offences,Local resolution,
,2023-06,Surrey Police,Surrey Police,-0.594794,51.261273,On or near Sports/Recreation Area,E01030486,Guildford 009A,Anti-social behaviour,,
4077ad9a7da14d15d49ccfd511c6a5002efa5d2ffa3de8ec146c7e8ce9a3f60c,2023-06,Surrey Police,Surrey Police,-0.595138,51.261830,On or near Marjoram Close,E01030486,Guildford 009A,Public order,Unable to prosecute suspect,
a1dc75e4d6827e20afdc05bb96bd2e94aa19040b2e8cb9216095955fdfd65bf8,2023-06,Surrey Police,Surrey Police,-0.593453,51.260695,On or near Johnston Walk,E01030486,Guildford 009A,Public order,Unable to prosecute suspect,
8bf27a180c234a6cbf2fd08a69aee880b7d239df7a698f46278feeed959284b2,2023-06,Surrey Police,Surrey Police,-0.594811,51.258931,On or near Langley Place,E01030486,Guildford 009A,Violence and sexual offences,Investigation complete; no suspect identified,
42a78ce3c640daf0e297a0f0858f47099ddf7ae98ab73fb91b972b8a97bafcee,2023-06,Surrey Police,Surrey Police,-0.593453,51.260695,On or near Johnston Walk,E01030486,Guildford 009A,Violence and sexual offences,Unable to prosecute suspect,
,2023-06,Surrey Police,Surrey Police,-0.597296,51.246497,On or near Fairfield Close,E01030493,Guildford 009B,Anti-social behaviour,,
887da95f31dab66ae78dd852e175ac465beb15300c824b60cc8bdd6042d70da2,2023-06,Surrey Police,Surrey Police,-0.597642,51.250206,On or near Supermarket,E01030493,Guildford 009B,Criminal damage and arson,Investigation complete; no suspect identified,
d388ca2cfc8cfce4cd07f5e49f30057a1be80c5bb7b1b4a27644e88c217d8988,2023-06,Surrey Police,Surrey Police,-0.597642,51.250206,On or near Supermarket,E01030493,Guildford 009B,Shoplifting,Investigation complete; no suspect identified,
8be3dd5ca97e5af6c85c7faff538221fe1ef9209f874f2536639f8bba691569b,2023-06,Surrey Police,Surrey Police,-0.597642,51.250206,On or near Supermarket,E01030493,Guildford 009B,Shoplifting,Investigation complete; no suspect identified,
d1401b318f28052c53c1338fcbada31f8262d1e797dded76fee8b3dd38213aaa,2023-06,Surrey Police,Surrey Police,-0.597642,51.250206,On or near Supermarket,E01030493,Guildford 009B,Vehicle crime,Investigation complete; no suspect identified,
df521a53908d9a8407b91c3d52ffca4e23316a5fc1ff59d9905d18a35f7403f1,2023-06,Surrey Police,Surrey Police,-0.597875,51.247268,On or near Vernon Way,E01030493,Guildford 009B,Violence and sexual offences,Unable to prosecute suspect,
cb2b7b35e6255679cf220c26aba461d05ef88aec153b9ad8edec093790f7260f,2023-06,Surrey Police,Surrey Police,-0.597642,51.250206,On or near Supermarket,E01030493,Guildford 009B,Violence and sexual offences,Investigation complete; no suspect identified,
0a6630e11ad7342629fa4b33ef3ce83befd14b00879e85300fd9302e4d8299fa,2023-06,Surrey Police,Surrey Police,-0.595898,51.254304,On or near Galvins Close,E01030493,Guildford 009B,Violence and sexual offences,Unable to prosecute suspect,
b4172b4757b453ed833332479c0d136825e232388d7d4e884b5bb07227d4a25e,2023-06,Surrey Police,Surrey Police,-0.596468,51.252530,On or near Northway,E01030493,Guildford 009B,Violence and sexual offences,Unable to prosecute suspect,
d5fe9e2bd6954e425516bca2951ce4b42f2a0360cfe4abea14095d4eaeb30d0d,2023-06,Surrey Police,Surrey Police,-0.595898,51.254304,On or near Galvins Close,E01030493,Guildford 009B,Violence and sexual offences,Local resolution,
37df528aa85bf00de0dfd9e785a992f35088dc3a16aa7b33a85b3c04399f8efd,2023-06,Surrey Police,Surrey Police,-0.595898,51.254304,On or near Galvins Close,E01030493,Guildford 009B,Violence and sexual offences,Unable to prosecute suspect,
cd59ac33e6e5d03364c105e743ff5fa0aea472d937777ff4dc6fd5822e689ea5,2023-06,Surrey Police,Surrey Police,-0.588595,51.248964,On or near Deerbarn Road,E01030495,Guildford 009C,Other theft,Investigation complete; no suspect identified,
06a418f68be107f9e05a4f5af9a868a7e801ae79bcedadd65b6aa2189f5e12b0,2023-06,Surrey Police,Surrey Police,-0.588595,51.248964,On or near Deerbarn Road,E01030495,Guildford 009C,Vehicle crime,Investigation complete; no suspect identified,
d8d5fe8eca7d8c5157c174ba71a6ec1171f3dbf669a6fbe26559485f48009f3a,2023-06,Surrey Police,Surrey Police,-0.593899,51.250782,On or near Pickering Place,E01030495,Guildford 009C,Violence and sexual offences,Further investigation is not in the public interest,
2d160b4cb54b6c48bf78e004efadde37cdac008fc91b473e5dcd2166b5e94e08,2023-06,Surrey Police,Surrey Police,-0.593988,51.253040,On or near Fentum Road,E01030495,Guildford 009C,Violence and sexual offences,Unable to prosecute suspect,
c4d1809f3be6f4bf785041d4c7968537777e813abb93a18eaee294275f30e0bd,2023-06,Surrey Police,Surrey Police,-0.590028,51.250834,On or near Wendy Crescent,E01030495,Guildford 009C,Violence and sexual offences,Unable to prosecute suspect,
163de8caa1df79b139dfa53d488719936fd269cd9d8888596dc09933dff3f3fe,2023-06,Surrey Police,Surrey Police,-0.595063,51.248305,On or near Beckingham Road,E01030495,Guildford 009C,Violence and sexual offences,Investigation complete; no suspect identified,
b0767c424d3e580daa728648de07845150a77fce14f3563bb904ddbdb33c8d57,2023-06,Surrey Police,Surrey Police,-0.593988,51.253040,On or near Fentum Road,E01030495,Guildford 009C,Violence and sexual offences,Action to be taken by another organisation,
8c77a9a03aa595c6e75c7e4365de570491f0e63e33b46e02cb702bedfeeab262,2023-06,Surrey Police,Surrey Police,-0.593988,51.253040,On or near Fentum Road,E01030495,Guildford 009C,Violence and sexual offences,Unable to prosecute suspect,
,2023-06,Surrey Police,Surrey Police,-0.602203,51.254784,On or near Rydes Avenue,E01030498,Guildford 009D,Anti-social behaviour,,
890c8f24e264ae068b950267d04fc08cf2fc05f563466bbc914fb891cb3a29ee,2023-06,Surrey Police,Surrey Police,-0.602203,51.254784,On or near Rydes Avenue,E01030498,Guildford 009D,Burglary,Status update unavailable,
f1d14a86211a43296ba4f5824b8b65cf638926621bec49e7bae809527c77d9d5,2023-06,Surrey Police,Surrey Police,-0.730531,51.245904,On or near Attfield Close,E01030424,Guildford 010A,Violence and sexual offences,Unable to prosecute suspect,
,2023-06,Surrey Police,Surrey Police,-0.730531,51.245904,On or near Attfield Close,E01030424,Guildford 010A,Anti-social behaviour,,
d0f230ae20ff999eed3a8fb93f17e4aa9c82eb5ea898aa1f897129d0fbde8c3e,2023-06,Surrey Police,Surrey Police,-0.732663,51.244956,On or near May Crescent,E01030424,Guildford 010A,Criminal damage and arson,Investigation complete; no suspect identified,
73fc1a2731adbcb0c992f4a40545738318da2c58d2663599d8008bf23d5b7e1e,2023-06,Surrey Police,Surrey Police,-0.731579,51.245313,On or near Robertson Way,E01030424,Guildford 010A,Criminal damage and arson,Unable to prosecute suspect,
5d5fa200dce8d00e73c51bdc76e350779cc31abee2d3ea3378605a6a80598849,2023-06,Surrey Police,Surrey Police,-0.734676,51.243153,On or near Bartrams Close,E01030424,Guildford 010A,Other theft,Unable to prosecute suspect,
2ba9a720fceac3b935610c804a444577cb20f2320cb0b5f632eb8438b63d8a9a,2023-06,Surrey Police,Surrey Police,-0.732663,51.244956,On or near May Crescent,E01030424,Guildford 010A,Vehicle crime,Investigation complete; no suspect identified,
eeba8216da71d21526645f0ea87541b22fe641179d6ecedc7a367a4af6c69aee,2023-06,Surrey Police,Surrey Police,-0.729192,51.248228,On or near Wychwood Close,E01030424,Guildford 010A,Vehicle crime,Investigation complete; no suspect identified,
33fa0834f13534276ffaab56724eec762c5a262ff642636e23a3720bd838ef8a,2023-06,Surrey Police,Surrey Police,-0.728330,51.246753,On or near Windsor Gardens,E01030424,Guildford 010A,Violence and sexual offences,Local resolution,
f9ae00c331fe1e89e384668e97c02113857057c6a50b7c4e8ddb11018d3da693,2023-06,Surrey Police,Surrey Police,-0.730672,51.244413,On or near Greyhound Close,E01030424,Guildford 010A,Violence and sexual offences,Unable to prosecute suspect,
802b7b11d9cd3c3555c6d6c830a7cd430fa7ba37991cf0deaef8d0b67fee37a6,2023-06,Surrey Police,Surrey Police,-0.733925,51.245438,On or near Rosemary Hall Close,E01030424,Guildford 010A,Violence and sexual offences,Investigation complete; no suspect identified,
0a65b869bcbc02aefa5fbe8af3a5b65580b630174c17984e6289bf7eef76ba3a,2023-06,Surrey Police,Surrey Police,-0.732372,51.244603,On or near Underwood Avenue,E01030424,Guildford 010A,Violence and sexual offences,Investigation complete; no suspect identified,
480fee7faa7dcb62780876d2c3874a249deb64df39e55d0b002d59c23edde30a,2023-06,Surrey Police,Surrey Police,-0.730531,51.245904,On or near Attfield Close,E01030424,Guildford 010A,Violence and sexual offences,Unable to prosecute suspect,
,2023-06,Surrey Police,Surrey Police,-0.721048,51.255675,On or near Beeton'S Avenue,E01030431,Guildford 010B,Anti-social behaviour,,
,2023-06,Surrey Police,Surrey Police,-0.715557,51.254733,On or near Ash Hill Road,E01030431,Guildford 010B,Anti-social behaviour,,
,2023-06,Surrey Police,Surrey Police,-0.715557,51.254733,On or near Ash Hill Road,E01030431,Guildford 010B,Anti-social behaviour,,
7ce5da47e3432e91ebd7ad9afd5a8fcdfadccac77f859986b8604fd1c65073e2,2023-06,Surrey Police,Surrey Police,-0.707929,51.252824,On or near Ravenscroft Close,E01030431,Guildford 010B,Vehicle crime,Investigation complete; no suspect identified,
,2023-06,Surrey Police,Surrey Police,-0.711682,51.249808,On or near The Ashtrees,E01030432,Guildford 010C,Anti-social behaviour,,
5e180eba5a84fd74f7dd51bae0930e378f1859a231a5712d7511380e732875f5,2023-06,Surrey Police,Surrey Police,-0.719240,51.252121,On or near Murrell Road,E01030432,Guildford 010C,Other theft,Unable to prosecute suspect,
b255c520fe7505b1ff3b2d2e9b96d263b7f6542a3a3622109ed5d23d1ad6701e,2023-06,Surrey Police,Surrey Police,-0.712805,51.250135,On or near Chester Close,E01030432,Guildford 010C,Other theft,Investigation complete; no suspect identified,
aa945459f6c40aafa2dd1903730bb670acb9e0f78fe13558b9257bf934be93c2,2023-06,Surrey Police,Surrey Police,-0.711682,51.249808,On or near The Ashtrees,E01030432,Guildford 010C,Public order,Unable to prosecute suspect,
4fe725b74819bd9d9051178b141ac0504572e8edf3239e974c8be555a39ab042,2023-06,Surrey Police,Surrey Police,-0.709218,51.251310,On or near Dean Close,E01030432,Guildford 010C,Vehicle crime,Investigation complete; no suspect identified,
0b9fc07b00a8ff4702cf966470c45bb393c0259bf409d25eccf63ac2e0f35e44,2023-06,Surrey Police,Surrey Police,-0.712175,51.249589,On or near Parking Area,E01030432,Guildford 010C,Vehicle crime,Investigation complete; no suspect identified,
6559fa9d8303bbc6a083aa1616bfc3f660a840fb1770ce7358fdac4dcd987ca7,2023-06,Surrey Police,Surrey Police,-0.713446,51.251284,On or near Chester Road,E01030432,Guildford 010C,Violence and sexual offences,Unable to prosecute suspect,
446bd58b838d81f495bec99a0cb53244836c0660ad5ddc185aea4a84ee1f68dc,2023-06,Surrey Police,Surrey Police,-0.715780,51.251355,On or near Tolley Close,E01030432,Guildford 010C,Violence and sexual offences,Further investigation is not in the public interest,
d11be21f8eebb38c744b7287546444b2bed1a9615eecdef9a98737410b276092,2023-06,Surrey Police,Surrey Police,-0.712578,51.252084,On or near Wren Court,E01030432,Guildford 010C,Violence and sexual offences,Local resolution,
,2023-06,Surrey Police,Surrey Police,-0.732850,51.250138,On or near Park/Open Space,E01030433,Guildford 010D,Anti-social behaviour,,
,2023-06,Surrey Police,Surrey Police,-0.724532,51.249391,On or near Longacre,E01030433,Guildford 010D,Anti-social behaviour,,
7dc652327f43ae55c158ee39d64ade5d37502a7a8dc4b98da1e2268c569434e1,2023-06,Surrey Police,Surrey Police,-0.719368,51.247545,On or near Ash Church Mews,E01030433,Guildford 010D,Criminal damage and arson,Investigation complete; no suspect identified,
9883f6e1d765619e3d37f700908dc6caf51ab48b3691d9655b529b3995ad3e3e,2023-06,Surrey Police,Surrey Police,-0.720245,51.247933,On or near Longfield Road,E01030433,Guildford 010D,Other theft,Status update unavailable,
91ed183cf1f2c0607c62e4386f4f1c2db3347f9f51a5b0ca1aad7aedac3d31f9,2023-06,Surrey Police,Surrey Police,-0.720245,51.247933,On or near Longfield Road,E01030433,Guildford 010D,Other theft,Unable to prosecute suspect,
90c6aa738e78502979849a9d35bd24455da30c41eead5cbc918be96fe2f78772,2023-06,Surrey Police,Surrey Police,-0.720554,51.249186,On or near Church View,E01030433,Guildford 010D,Public order,Further investigation is not in the public interest,
120d2f45ef114fe6dad5aab8b85b33cb41a42666cbd217ff05b39e1f4c7cec6f,2023-06,Surrey Police,Surrey Police,-0.720554,51.249186,On or near Church View,E01030433,Guildford 010D,Public order,Investigation complete; no suspect identified,
dd63b3c69f5de422fb0790b7c3e497b01895cb6d97c686f78aa3ee7cbe996fdc,2023-06,Surrey Police,Surrey Police,-0.724303,51.246268,On or near Supermarket,E01030433,Guildford 010D,Shoplifting,Unable to prosecute suspect,
21fef5980b9885d587995e25c262b3088480ff5edef78dd7c8ed989bc580cccc,2023-06,Surrey Police,Surrey Police,-0.724670,51.247513,On or near Manfield Road,E01030433,Guildford 010D,Vehicle crime,Investigation complete; no suspect identified,
0af17e1f426684d4bd5108a02cd48c8608765e8deeacb3fd3920f707b1159077,2023-06,Surrey Police,Surrey Police,-0.724532,51.249391,On or near Longacre,E01030433,Guildford 010D,Vehicle crime,Investigation complete; no suspect identified,
d37726337ca82e1a50177cd210cfaff608ae540f4cc820bd319d3a6f47311683,2023-06,Surrey Police,Surrey Police,-0.724532,51.249391,On or near Longacre,E01030433,Guildford 010D,Violence and sexual offences,Unable to prosecute suspect,
95951037e2076a249dc4bdab21dd245067e5b504628f1d017f2a0457cf08e53d,2023-06,Surrey Police,Surrey Police,-0.722034,51.246981,On or near Tumber Close,E01030433,Guildford 010D,Violence and sexual offences,Investigation complete; no suspect identified,
b59cc9e4f8bde23a959f1c9789846db0a6db9ce13334da282f990272f00b27a1,2023-06,Surrey Police,Surrey Police,-0.722034,51.246981,On or near Tumber Close,E01030433,Guildford 010D,Violence and sexual offences,Investigation complete; no suspect identified,
,2023-06,Surrey Police,Surrey Police,-0.545643,51.258677,On or near Supermarket,E01030436,Guildford 011A,Anti-social behaviour,,
,2023-06,Surrey Police,Surrey Police,-0.548913,51.259639,On or near Meadow Road,E01030436,Guildford 011A,Anti-social behaviour,,
07f094c5fcb7034c019332e281123b5fd3bdfa8b24bdb63533726ce1cf80c6b7,2023-06,Surrey Police,Surrey Police,-0.545643,51.258677,On or near Supermarket,E01030436,Guildford 011A,Criminal damage and arson,Investigation complete; no suspect identified,
5d5074e9dc882c8bf74a3d85af20ffc61827b2613ff9d37dbcd0e30a3b120221,2023-06,Surrey Police,Surrey Police,-0.546562,51.254205,On or near Woodruff Avenue,E01030436,Guildford 011A,Public order,Unable to prosecute suspect,
41f3030553251aa2fff6a1334780b38498041e34d6141bea39169b2e00130407,2023-06,Surrey Police,Surrey Police,-0.549938,51.253941,On or near Highclere,E01030436,Guildford 011A,Public order,Investigation complete; no suspect identified,
fce42bb82e1c5fb1a5651c9fec6157de778ffb20a974820141dbeb0bfb0010a9,2023-06,Surrey Police,Surrey Police,-0.552361,51.256660,On or near Elder Close,E01030436,Guildford 011A,Violence and sexual offences,Unable to prosecute suspect,
ed757c0d0dbd5f6dabca6d7c6079bf60d2361c75944af10d6cedb2b4333212a4,2023-06,Surrey Police,Surrey Police,-0.549938,51.253941,On or near Highclere,E01030436,Guildford 011A,Violence and sexual offences,Status update unavailable,
d7a4201fcdecbb441ae225eb37a516e1bd04871fe78faed56693979814096f04,2023-06,Surrey Police,Surrey Police,-0.553564,51.256657,On or near Hodgson Gardens,E01030436,Guildford 011A,Violence and sexual offences,Unable to prosecute suspect,
7949bb65a315972b57bed19b46fdeb4031b31340d8d8a9a6c6ed4ea807cfd175,2023-06,Surrey Police,Surrey Police,-0.546562,51.254205,On or near Woodruff Avenue,E01030436,Guildford 011A,Violence and sexual offences,Action to be taken by another organisation,
835e9fdb93517f984916ff3b80e6db5cf5c3869ce1ca842ae4f9e17fa0b4e76b,2023-06,Surrey Police,Surrey Police,-0.551743,51.255780,On or near Colburn Crescent,E01030436,Guildford 011A,Violence and sexual offences,Status update unavailable,
f0aa0361a2d40fee28f00f324c34d27446c3ae2c259e67aff6e8e9aafdfe4962,2023-06,Surrey Police,Surrey Police,-0.546562,51.254205,On or near Woodruff Avenue,E01030436,Guildford 011A,Other crime,Unable to prosecute suspect,
,2023-06,Surrey Police,Surrey Police,-0.543250,51.240217,On or near Romans Close,E01030437,Guildford 011B,Anti-social behaviour,,
ed52dc080cd2ea9e64c0904b3a176d44ff2411a2ada8bb60f5eacdf797e33e17,2023-06,Surrey Police,Surrey Police,-0.543694,51.241121,On or near Urnfield Close,E01030437,Guildford 011B,Other theft,Investigation complete; no suspect identified,
a3a28569e4afd09ab57e4a4ed20c57a6f6b1f2b0fa99e6e5653e474eaae3f0e0,2023-06,Surrey Police,Surrey Police,-0.552442,51.238550,On or near St Omer Road,E01030437,Guildford 011B,Vehicle crime,Investigation complete; no suspect identified,
3677b209049c27700ac6b3b45ad92940cc78871a08aa7c8a5a3b3953055aea72,2023-06,Surrey Police,Surrey Police,-0.552442,51.238550,On or near St Omer Road,E01030437,Guildford 011B,Violence and sexual offences,Local resolution,
86bd7ea9a57b2222b51b6fc7ac7b335c1350d44906ea003ab21c7733058972db,2023-06,Surrey Police,Surrey Police,-0.544720,51.241755,On or near Epsom Road,E01030437,Guildford 011B,Violence and sexual offences,Further action is not in the public interest,
752aaf019e991b6e11bd9414deae62ed7874e320bef52e6a5008d354d8abe3a7,2023-06,Surrey Police,Surrey Police,-0.552442,51.238550,On or near St Omer Road,E01030437,Guildford 011B,Violence and sexual offences,Unable to prosecute suspect,
,2023-06,Surrey Police,Surrey Police,-0.554786,51.246951,On or near St Mildred'S Road,E01030439,Guildford 011C,Anti-social behaviour,,
,2023-06,Surrey Police,Surrey Police,-0.554786,51.246951,On or near St Mildred'S Road,E01030439,Guildford 011C,Anti-social behaviour,,
,2023-06,Surrey Police,Surrey Police,-0.544508,51.247094,On or near Merrow Copse,E01030439,Guildford 011C,Anti-social behaviour,,
,2023-06,Surrey Police,Surrey Police,-0.549230,51.245489,On or near Jordans Close,E01030439,Guildford 011C,Anti-social behaviour,,
c58375ea1ade13b95b7d3caf89a32fa180343dbfd8228f41414225308ae349d4,2023-06,Surrey Police,Surrey Police,-0.550931,51.250177,On or near Boxgrove Avenue,E01030439,Guildford 011C,Bicycle theft,Investigation complete; no suspect identified,
b29dd01517f577aab3f0cc4777e73639875a6a20d9e415fceb17e7773a2c4375,2023-06,Surrey Police,Surrey Police,-0.554786,51.246951,On or near St Mildred'S Road,E01030439,Guildford 011C,Criminal damage and arson,Investigation complete; no suspect identified,
a478a311e499a4fb8445c81c622b45cddde9f8b103c3dc9fdece205e4760ca10,2023-06,Surrey Police,Surrey Police,-0.554786,51.246951,On or near St Mildred'S Road,E01030439,Guildford 011C,Public order,Investigation complete; no suspect identified,
102c497ebd62eb6de56e26866863d61d7545a7d19a4d75818578b977360c6cde,2023-06,Surrey Police,Surrey Police,-0.543247,51.252087,On or near Great Goodwin Drive,E01030460,Guildford 011D,Criminal damage and arson,Investigation complete; no suspect identified,
11ddc3ed48445c57cdfe8a5da37da71fc4e018cdcba38a3d0aaa515cd7ecac28,2023-06,Surrey Police,Surrey Police,-0.543732,51.248999,On or near Brockway Close,E01030460,Guildford 011D,Vehicle crime,Investigation complete; no suspect identified,
304e879229a9c51c866184f1ea250f58c354ed04368274e266d8cbaa2f928203,2023-06,Surrey Police,Surrey Police,-0.540196,51.240736,On or near Elles Avenue,E01030460,Guildford 011D,Violence and sexual offences,Unable to prosecute suspect,
1b738bd00ee2e202cd23df99154e89298f8c3e21e216f2d9b5e26c82645d7ff0,2023-06,Surrey Police,Surrey Police,-0.535485,51.241127,On or near Downs Drive,E01030461,Guildford 011E,Criminal damage and arson,Investigation complete; no suspect identified,
e28ccb5924c0af7f78292c18f9beffa0627a12e876d7aeb21749e4a2ec4e5e44,2023-06,Surrey Police,Surrey Police,-0.536358,51.247487,On or near Hall Dene Close,E01030461,Guildford 011E,Other theft,Investigation complete; no suspect identified,
20a037378369e01c85e9a5e78207ccb0a2f153d286827bc4a56454e7074c9ab8,2023-06,Surrey Police,Surrey Police,-0.538465,51.245651,On or near Horseshoe Lane East,E01030461,Guildford 011E,Vehicle crime,Investigation complete; no suspect identified,
114bcd842f7fc42447b2e622bb1dcb08f97178e872ef8b778c42c2ddfb7e84ad,2023-06,Surrey Police,Surrey Police,-0.539032,51.242205,On or near Holford Road,E01030461,Guildford 011E,Violence and sexual offences,Local resolution,
da31ba1b684a3e7a28e5c36f654398551b79ba6f559a20300f089a276db1763f,2023-06,Surrey Police,Surrey Police,-0.533007,51.241563,On or near Merrow Chase,E01030461,Guildford 011E,Violence and sexual offences,Unable to prosecute suspect,
b519057447615f408d9d64b9d3940adf7fa2ab817610e853a9495ef9648edd94,2023-06,Surrey Police,Surrey Police,-0.525219,51.241834,On or near Downsway,E01030461,Guildford 011E,Violence and sexual offences,Unable to prosecute suspect,
8ff24a25f8be685edbe5ea5ea711874fa327135002ffd8152ab1852270589c52,2023-06,Surrey Police,Surrey Police,-0.608121,51.240547,On or near Hospital,E01030470,Guildford 012A,Public order,Court result unavailable,
16e7810955d52c2fff18397b8964462334b57a4e77221e321fb568c1ed6be336,2023-06,Surrey Police,Surrey Police,-0.592689,51.238771,On or near The Chase,E01030470,Guildford 012A,Violence and sexual offences,Unable to prosecute suspect,
,2023-06,Surrey Police,Surrey Police,-0.611079,51.241907,On or near Hospital,E01030470,Guildford 012A,Anti-social behaviour,,
,2023-06,Surrey Police,Surrey Police,-0.607463,51.241016,On or near Hospital,E01030470,Guildford 012A,Anti-social behaviour,,
,2023-06,Surrey Police,Surrey Police,-0.608548,51.239716,On or near Gill Avenue,E01030470,Guildford 012A,Anti-social behaviour,,
,2023-06,Surrey Police,Surrey Police,-0.607391,51.237370,On or near Sports/Recreation Area,E01030470,Guildford 012A,Anti-social behaviour,,
,2023-06,Surrey Police,Surrey Police,-0.612935,51.236747,On or near Ernst Chain Road,E01030470,Guildford 012A,Anti-social behaviour,,
0e0e1ef333bf72ed49ec4f9a8cbd3b8cb6007da596b84df90623f6cee7556d7d,2023-06,Surrey Police,Surrey Police,-0.610748,51.238960,On or near Rosalind Franklin Close,E01030470,Guildford 012A,Burglary,Investigation complete; no suspect identified,
5b38b429f207b7d75e535065fb8962185d9db8a460005379767d853d52458788,2023-06,Surrey Police,Surrey Police,-0.608060,51.238308,On or near Daphne Jackson Road,E01030470,Guildford 012A,Criminal damage and arson,Court result unavailable,
50e4f9c9b6749f5bc7ccf6c25acc62e1d8042469a9ac9019e40bc42ccad7363c,2023-06,Surrey Police,Surrey Police,-0.611060,51.241446,On or near Stirling Road,E01030470,Guildford 012A,Criminal damage and arson,Unable to prosecute suspect,
0f49306a43da081cc085e164cc3bc2b39fa7be23f4af7a027c8fd6ed7cfb1abe,2023-06,Surrey Police,Surrey Police,-0.608121,51.240547,On or near Hospital,E01030470,Guildford 012A,Drugs,Court result unavailable,
5e8f5aafe43eee44b68dd81a0865b45cd878ccf0779c558eee5828e94414a859,2023-06,Surrey Police,Surrey Police,-0.604734,51.242198,On or near Supermarket,E01030470,Guildford 012A,Other theft,Investigation complete; no suspect identified,
97ecc73e13030227af80d75f981185a57b2620573f0fb6c266e291ac7ac0e102,2023-06,Surrey Police,Surrey Police,-0.607463,51.241016,On or near Hospital,E01030470,Guildford 012A,Other theft,Investigation complete; no suspect identified,
4d6c4e54c32875fa2661dc6fc765ca3a23af4ba2c27ac1f64e3d18f758faba69,2023-06,Surrey Police,Surrey Police,-0.604734,51.242198,On or near Supermarket,E01030470,Guildford 012A,Public order,Unable to prosecute suspect,
b5c2cac307118ad0a323723a6076f9ebace094249e508b5d2306cca56061d98a,2023-06,Surrey Police,Surrey Police,-0.607463,51.241016,On or near Hospital,E01030470,Guildford 012A,Public order,Unable to prosecute suspect,
f2aee4095a799d336643ba5405577a9f903cecfebfabd2379623c547b3613010,2023-06,Surrey Police,Surrey Police,-0.608121,51.240547,On or near Hospital,E01030470,Guildford 012A,Public order,Unable to prosecute suspect,
3b349d9b70950c071b57fa8498d26960d4269ee3002ac10a66b8e8b689cc14e3,2023-06,Surrey Police,Surrey Police,-0.604734,51.242198,On or near Supermarket,E01030470,Guildford 012A,Public order,Investigation complete; no suspect identified,
8007f2220f70217a8a9c79e7568a49a60efeec79b9723d48b6e4635ff0f6bed6,2023-06,Surrey Police,Surrey Police,-0.604734,51.242198,On or near Supermarket,E01030470,Guildford 012A,Shoplifting,Investigation complete; no suspect identified,
aa548da54e8d5945ea6cef643cea0e46dfdfe02a3b3dcef790ae02b1c372c060,2023-06,Surrey Police,Surrey Police,-0.607391,51.237370,On or near Sports/Recreation Area,E01030470,Guildford 012A,Shoplifting,Investigation complete; no suspect identified,
c8ae5caa57290d15f2058ffee955b4634dab2d2c7eec106c98dbe448306e9c92,2023-06,Surrey Police,Surrey Police,-0.604734,51.242198,On or near Supermarket,E01030470,Guildford 012A,Shoplifting,Court result unavailable,
b39a31cc618cf976129eca014fccca726dc22f9ec4a5c25146e897ec92f590f6,2023-06,Surrey Police,Surrey Police,-0.604734,51.242198,On or near Supermarket,E01030470,Guildford 012A,Shoplifting,Court result unavailable,
3f6c4891ef1c567dcb4c097d58315cf2651ed8f1800912f00aa2dab20398b1a1,2023-06,Surrey Police,Surrey Police,-0.604734,51.242198,On or near Supermarket,E01030470,Guildford 012A,Shoplifting,Further investigation is not in the public interest,
9da4887c868d1fb7c22c0dacf3c18253a7fa7d002b3cc92d7ceca6309dbc3d7b,2023-06,Surrey Police,Surrey Police,-0.604734,51.242198,On or near Supermarket,E01030470,Guildford 012A,Shoplifting,Further investigation is not in the public interest,
dca5be9480214aaa74b71e74508488ef75392e9b132564ec9c73ffb9b4605495,2023-06,Surrey Police,Surrey Police,-0.604734,51.242198,On or near Supermarket,E01030470,Guildford 012A,Shoplifting,Further investigation is not in the public interest,
9498b74a6a17f2e53cb62d1cbd8929254c6d77de389dc4aeb6fa9df8577a00c0,2023-06,Surrey Police,Surrey Police,-0.604734,51.242198,On or near Supermarket,E01030470,Guildford 012A,Shoplifting,Court result unavailable,
6ccb025202902c83178b0901780bb89e6ed17b7729beabb67c2ea7bae9202fec,2023-06,Surrey Police,Surrey Police,-0.607391,51.237370,On or near Sports/Recreation Area,E01030470,Guildford 012A,Vehicle crime,Investigation complete; no suspect identified,
ef637ba502d53cf2a701f5f3ca17d9dbed166e6538121a2c5df2e726ff27bfe8,2023-06,Surrey Police,Surrey Police,-0.597520,51.240070,On or near Pentreath Avenue,E01030470,Guildford 012A,Violence and sexual offences,Unable to prosecute suspect,
6946d33e73c47b91744c40c752c58337fb08e00d4a7874a6dffa61243dd9bcab,2023-06,Surrey Police,Surrey Police,-0.608548,51.239716,On or near Gill Avenue,E01030470,Guildford 012A,Violence and sexual offences,Court result unavailable,
e332745aa6c3d63400a5dffe0024571b7169c1ff7f035035d713d585f6cc6e5c,2023-06,Surrey Police,Surrey Police,-0.607463,51.241016,On or near Hospital,E01030470,Guildford 012A,Violence and sexual offences,Unable to prosecute suspect,
c3f78d8b8c9033d57e712f2b96983081d56e8b18e7721a59879655fa6a936e6d,2023-06,Surrey Police,Surrey Police,-0.607463,51.241016,On or near Hospital,E01030470,Guildford 012A,Violence and sexual offences,Unable to prosecute suspect,
f6c4460c1a3fbe8772def41d438399e165f51f5d6f2c5deda6b260914b8b4c08,2023-06,Surrey Police,Surrey Police,-0.611079,51.241907,On or near Hospital,E01030470,Guildford 012A,Violence and sexual offences,Local resolution,
3330c8df67d5aed9740fe0e97021e2a51301cc6eb1c00b491230f4e9b243ee99,2023-06,Surrey Police,Surrey Police,-0.610748,51.238960,On or near Rosalind Franklin Close,E01030470,Guildford 012A,Violence and sexual offences,Unable to prosecute suspect,
44bd52957e8f32cbcc7acbdb5a86921c14c6a098ae630b3085da98c2a3e763bf,2023-06,Surrey Police,Surrey Police,-0.607463,51.241016,On or near Hospital,E01030470,Guildford 012A,Violence and sexual offences,Court result unavailable,
1f43a4c7112780ef01a533d4900534df8bd0bab8a4e9870b157527fa0d565ead,2023-06,Surrey Police,Surrey Police,-0.607463,51.241016,On or near Hospital,E01030470,Guildford 012A,Violence and sexual offences,Court result unavailable,
83c93e611b2567a5477f7fc1537d3d7c9fbb08cdef64c748ffc3f0fed2ad4622,2023-06,Surrey Police,Surrey Police,-0.613260,51.241157,On or near Hospital,E01030470,Guildford 012A,Violence and sexual offences,Unable to prosecute suspect,
1ffa7a6d0cd943f7cba3362d8bc467944cfbcc84ae1867fa0e0e17f7abf37ad1,2023-06,Surrey Police,Surrey Police,-0.607463,51.241016,On or near Hospital,E01030470,Guildford 012A,Violence and sexual offences,Court result unavailable,
62527c2066e1902d44da38bdc7a7b5f4e0f83258a69d5b313453314be8d69209,2023-06,Surrey Police,Surrey Police,-0.607463,51.241016,On or near Hospital,E01030470,Guildford 012A,Violence and sexual offences,Unable to prosecute suspect,
ebac256ab76aa7ae3f07ce16d8b2fb1a1d9d3a8b6e35f2349d57ef1b05a419af,2023-06,Surrey Police,Surrey Police,-0.592689,51.238771,On or near The Chase,E01030470,Guildford 012A,Violence and sexual offences,Status update unavailable,
57390a710cb9e896aaa1bd8f02fbde59e6cfdce517823937f91ce3fcf0db352a,2023-06,Surrey Police,Surrey Police,-0.607391,51.237370,On or near Sports/Recreation Area,E01030470,Guildford 012A,Violence and sexual offences,Investigation complete; no suspect identified,
9fb2736516c86467ae9378be6cad208bc7652aa290abe2b1b4ea5710b9a4100b,2023-06,Surrey Police,Surrey Police,-0.611079,51.241907,On or near Hospital,E01030470,Guildford 012A,Violence and sexual offences,Unable to prosecute suspect,
995772620df1351768516511e1a932b369d42d9bddfc15cc654ce3c12e27861e,2023-06,Surrey Police,Surrey Police,-0.607463,51.241016,On or near Hospital,E01030470,Guildford 012A,Violence and sexual offences,Court result unavailable,
b58b7fec0a9689aa7f58fd7755bfaa035504373460cc99f7b9605e016b67d426,2023-06,Surrey Police,Surrey Police,-0.607463,51.241016,On or near Hospital,E01030470,Guildford 012A,Violence and sexual offences,Unable to prosecute suspect,
45fe327978f9bbeea28ebb73a9c584d8889b3f48058815451fc208b47130a8fd,2023-06,Surrey Police,Surrey Police,-0.603427,51.235654,On or near Parking Area,E01030470,Guildford 012A,Violence and sexual offences,Investigation complete; no suspect identified,
b6c1b26342740d68d29b5519ad00de22edc25ea0c2fa9f1dccc6ca50a26c7e9b,2023-06,Surrey Police,Surrey Police,-0.607463,51.241016,On or near Hospital,E01030470,Guildford 012A,Violence and sexual offences,Court result unavailable,
d788a44ab17a1b3d1039827225ad2533a28362598eaf576406949ffb8c560c83,2023-06,Surrey Police,Surrey Police,-0.613652,51.247663,On or near Dunmore,E01030494,Guildford 012B,Violence and sexual offences,Local resolution,
,2023-06,Surrey Police,Surrey Police,-0.612965,51.245272,On or near Rickyard,E01030494,Guildford 012B,Anti-social behaviour,,
,2023-06,Surrey Police,Surrey Police,-0.613652,51.247663,On or near Dunmore,E01030494,Guildford 012B,Anti-social behaviour,,
,2023-06,Surrey Police,Surrey Police,-0.613652,51.247663,On or near Dunmore,E01030494,Guildford 012B,Anti-social behaviour,,
,2023-06,Surrey Police,Surrey Police,-0.615956,51.246800,On or near Applegarth Avenue,E01030494,Guildford 012B,Anti-social behaviour,,
,2023-06,Surrey Police,Surrey Police,-0.612325,51.247018,On or near Coppice Close,E01030494,Guildford 012B,Anti-social behaviour,,
30a9a047433458e86960c34b2b8cf5a8e3edd83759d380fbb0bfa23c2480682c,2023-06,Surrey Police,Surrey Police,-0.614450,51.246387,On or near Little Platt,E01030494,Guildford 012B,Bicycle theft,Investigation complete; no suspect identified,
ecbe570a39726d1dfa64c56e6d64e623b5982c95f6a18f419428fe23251de242,2023-06,Surrey Police,Surrey Police,-0.612325,51.247018,On or near Coppice Close,E01030494,Guildford 012B,Bicycle theft,Investigation complete; no suspect identified,
f2e42a234227c2e84ff38c2d1281452f1a8997ec4ecd0319fa37a5de886ebce6,2023-06,Surrey Police,Surrey Police,-0.613652,51.247663,On or near Dunmore,E01030494,Guildford 012B,Burglary,Status update unavailable,
1b07e2b034ead03955237de5172e076c7cfe6384ad8ac1f3a4376bcbb4f7c752,2023-06,Surrey Police,Surrey Police,-0.613948,51.244960,On or near Homestall,E01030494,Guildford 012B,Public order,Unable to prosecute suspect,
1ce520da0850a7378e1eb3a542f1f3b7ecbb9b744497674241dac69a9c69e213,2023-06,Surrey Police,Surrey Police,-0.612325,51.247018,On or near Coppice Close,E01030494,Guildford 012B,Public order,Unable to prosecute suspect,
3b8b969a6664bf3fd8dbe312a1bb3ee214af44a91e5af52c61d69f7c2f5fd250,2023-06,Surrey Police,Surrey Police,-0.612325,51.247018,On or near Coppice Close,E01030494,Guildford 012B,Violence and sexual offences,Unable to prosecute suspect,
1af76066a21a356f9e9dc7f181fa5094be4206bb6d46def185f5b3a440496ef1,2023-06,Surrey Police,Surrey Police,-0.615956,51.246800,On or near Applegarth Avenue,E01030494,Guildford 012B,Violence and sexual offences,Court result unavailable,
673fcc21be90083e52ca818eea08c19a967f31518f787be2d3eec3b895a1e6ec,2023-06,Surrey Police,Surrey Police,-0.615956,51.246800,On or near Applegarth Avenue,E01030494,Guildford 012B,Violence and sexual offences,Further investigation is not in the public interest,
fc83b316e4921bd2255c50859e06d2e7c32edcb0733fdcddf79101f8da225264,2023-06,Surrey Police,Surrey Police,-0.612965,51.245272,On or near Rickyard,E01030494,Guildford 012B,Violence and sexual offences,Investigation complete; no suspect identified,
572db4c5a63b148f8fdc9397b463772685470455352c65b183717347ee437bfa,2023-06,Surrey Police,Surrey Police,-0.603577,51.243955,On or near Humbolt Close,E01030496,Guildford 012C,Violence and sexual offences,Court result unavailable,
6439445fbae0e430f1452e4e52748b4c754881772ab47e89d517fa355673e5a8,2023-06,Surrey Police,Surrey Police,-0.603577,51.243955,On or near Humbolt Close,E01030496,Guildford 012C,Violence and sexual offences,Court result unavailable,
c1598eb1f2dfbb84ac3ab39d45f4a450800e5bbaa7bcb3ded63e0cbbf4d2f6f1,2023-06,Surrey Police,Surrey Police,-0.603577,51.243955,On or near Humbolt Close,E01030496,Guildford 012C,Other crime,Unable to prosecute suspect,
,2023-06,Surrey Police,Surrey Police,-0.610258,51.245698,On or near Pond Meadow,E01030496,Guildford 012C,Anti-social behaviour,,
,2023-06,Surrey Police,Surrey Police,-0.605144,51.244738,On or near Chapelhouse Close,E01030496,Guildford 012C,Anti-social behaviour,,
,2023-06,Surrey Police,Surrey Police,-0.605144,51.244738,On or near Chapelhouse Close,E01030496,Guildford 012C,Anti-social behaviour,,
,2023-06,Surrey Police,Surrey Police,-0.605644,51.248090,On or near Waggon Close,E01030496,Guildford 012C,Anti-social behaviour,,
,2023-06,Surrey Police,Surrey Police,-0.605665,51.244079,On or near Southway,E01030496,Guildford 012C,Anti-social behaviour,,
,2023-06,Surrey Police,Surrey Police,-0.605568,51.246812,On or near Cabell Road,E01030496,Guildford 012C,Anti-social behaviour,,
4e19554c092364ea0a98633528540fdaeeb43f8c9035704588c944464f6f1693,2023-06,Surrey Police,Surrey Police,-0.605144,51.244738,On or near Chapelhouse Close,E01030496,Guildford 012C,Drugs,Status update unavailable,
c7cbe23ee24911801ef2535c58383517ff563011bce509354b80ab7d08504c71,2023-06,Surrey Police,Surrey Police,-0.605644,51.248090,On or near Waggon Close,E01030496,Guildford 012C,Public order,Investigation complete; no suspect identified,
a85f326ed772597ef85b98ce9f2f496c8287b8171b6404538b5f6414ea105a31,2023-06,Surrey Police,Surrey Police,-0.610791,51.246559,On or near Stoney Brook,E01030496,Guildford 012C,Public order,Local resolution,
ce2878e1f0b0e0e378af8d94718e3ab7f3acf2b18d3cccebaab6cdc419efa2f3,2023-06,Surrey Police,Surrey Police,-0.610258,51.245698,On or near Pond Meadow,E01030496,Guildford 012C,Vehicle crime,Investigation complete; no suspect identified,
0f178cd5538fa4b10b3a7ce695abddbad5c9be0eb45f1fdd350179d4c614e247,2023-06,Surrey Police,Surrey Police,-0.605644,51.248090,On or near Waggon Close,E01030496,Guildford 012C,Vehicle crime,Investigation complete; no suspect identified,
aa1fbbca07e8ccdd9cda52b2d6fcef153293395aacca2295929f3bab51db9bd5,2023-06,Surrey Police,Surrey Police,-0.610791,51.246559,On or near Stoney Brook,E01030496,Guildford 012C,Violence and sexual offences,Unable to prosecute suspect,
24ce7f066cc31aa21d600b95a43650907a0c072f515a1f1f2a249c1f47605768,2023-06,Surrey Police,Surrey Police,-0.603577,51.243955,On or near Humbolt Close,E01030496,Guildford 012C,Violence and sexual offences,Unable to prosecute suspect,
a3610cf2be121d123915a162277cc8fd869e97c1ea6fbb4125c6c19bb54e44ad,2023-06,Surrey Police,Surrey Police,-0.605568,51.246812,On or near Cabell Road,E01030496,Guildford 012C,Violence and sexual offences,Unable to prosecute suspect,
634e8eabbc326b4f840f995fd1c931b66c65a02a30e6faa874afe9ccf507c130,2023-06,Surrey Police,Surrey Police,-0.604086,51.245616,On or near Cobbett Road,E01030496,Guildford 012C,Violence and sexual offences,Unable to prosecute suspect,
167bb7addbe50009a46b89375c881ef39d4c78f94c4d235b50e4f20dd848798c,2023-06,Surrey Police,Surrey Police,-0.603577,51.243955,On or near Humbolt Close,E01030496,Guildford 012C,Violence and sexual offences,Unable to prosecute suspect,
cdbac16e09a7dc8ee63f74ba1e54868acd36c63287ecc3216c15e99694c6e442,2023-06,Surrey Police,Surrey Police,-0.610791,51.246559,On or near Stoney Brook,E01030496,Guildford 012C,Violence and sexual offences,Unable to prosecute suspect,
31dac3031b460350c229d2e2f18a75070d66d915330e71d0621f0108a0f3a38f,2023-06,Surrey Police,Surrey Police,-0.610258,51.245698,On or near Pond Meadow,E01030496,Guildford 012C,Other crime,Status update unavailable,
8f76708e2d68beee891946c5d583f11a117402779e4cc9955b8ef690a22d95df,2023-06,Surrey Police,Surrey Police,-0.605665,51.244079,On or near Southway,E01030496,Guildford 012C,Other crime,Further investigation is not in the public interest,
ee8f84f1985a7daca83b3a61ff6e1f0116b408d33dbe546ffd57e6300495ffbc,2023-06,Surrey Police,Surrey Police,-0.598473,51.244542,On or near Eastway,E01030497,Guildford 012D,Violence and sexual offences,Unable to prosecute suspect,
846d50f30a4c22e81be6ff33ed687840b2f714921ac950ef712e0b1e9bd114df,2023-06,Surrey Police,Surrey Police,-0.599955,51.245297,On or near Roundhill Way,E01030497,Guildford 012D,Burglary,Status update unavailable,
b396bf9770c40aa4f7c9f8cab441aaf9a4638e5876986915d924f24c9e6d177e,2023-06,Surrey Police,Surrey Police,-0.600233,51.244167,On or near Coachlads Avenue,E01030497,Guildford 012D,Criminal damage and arson,Investigation complete; no suspect identified,
1b2972f5fb2a8d24db72f5580d680b6cdd6ccfdc671fe16f091258c38decf32f,2023-06,Surrey Police,Surrey Police,-0.598473,51.244542,On or near Eastway,E01030497,Guildford 012D,Shoplifting,Investigation complete; no suspect identified,
603a2c48ee8d4e3f70c2f25b8eeec657dbd11cbbf16b96c231cbac1356a5e98e,2023-06,Surrey Police,Surrey Police,-0.598473,51.244542,On or near Eastway,E01030497,Guildford 012D,Violence and sexual offences,Local resolution,
b9d39b2e08a70b19be5dc00936d87076a71554b49bbac424685b03d9d496c1c4,2023-06,Surrey Police,Surrey Police,-0.600802,51.246656,On or near Burrows Close,E01030497,Guildford 012D,Violence and sexual offences,Unable to prosecute suspect,
1c8c9aeb39f685e01c57fa95ea488937fac14f2e40d678393e7aeb739d69de9d,2023-06,Surrey Police,Surrey Police,-0.569862,51.246866,On or near Parking Area,E01030438,Guildford 013A,Violence and sexual offences,Unable to prosecute suspect,
,2023-06,Surrey Police,Surrey Police,-0.569862,51.246866,On or near Parking Area,E01030438,Guildford 013A,Anti-social behaviour,,
,2023-06,Surrey Police,Surrey Police,-0.555541,51.246178,On or near Lindfield Gardens,E01030438,Guildford 013A,Anti-social behaviour,,
,2023-06,Surrey Police,Surrey Police,-0.569482,51.246628,On or near Lido Road,E01030438,Guildford 013A,Anti-social behaviour,,
,2023-06,Surrey Police,Surrey Police,-0.569482,51.246628,On or near Lido Road,E01030438,Guildford 013A,Anti-social behaviour,,
,2023-06,Surrey Police,Surrey Police,-0.559918,51.244559,On or near A3100,E01030438,Guildford 013A,Anti-social behaviour,,
,2023-06,Surrey Police,Surrey Police,-0.559918,51.244559,On or near A3100,E01030438,Guildford 013A,Anti-social behaviour,,
,2023-06,Surrey Police,Surrey Police,-0.559918,51.244559,On or near A3100,E01030438,Guildford 013A,Anti-social behaviour,,
,2023-06,Surrey Police,Surrey Police,-0.559918,51.244559,On or near A3100,E01030438,Guildford 013A,Anti-social behaviour,,
,2023-06,Surrey Police,Surrey Police,-0.559918,51.244559,On or near A3100,E01030438,Guildford 013A,Anti-social behaviour,,
,2023-06,Surrey Police,Surrey Police,-0.559918,51.244559,On or near A3100,E01030438,Guildford 013A,Anti-social behaviour,,
,2023-06,Surrey Police,Surrey Police,-0.569482,51.246628,On or near Lido Road,E01030438,Guildford 013A,Anti-social behaviour,,
,2023-06,Surrey Police,Surrey Police,-0.556753,51.245914,On or near Avonmore Avenue,E01030438,Guildford 013A,Anti-social behaviour,,
a860eeb6160c84a61dcafc7f082666caff5f51d81fe3dbdff8652b9bb6972d30,2023-06,Surrey Police,Surrey Police,-0.556270,51.238921,On or near Easington Place,E01030438,Guildford 013A,Criminal damage and arson,Investigation complete; no suspect identified,
5eba6847912d5deac0fe9cde59b05ff02f71b72b7fc26220ef078b373e420fb8,2023-06,Surrey Police,Surrey Police,-0.567602,51.242576,On or near Nightingale Road,E01030438,Guildford 013A,Drugs,Local resolution,
8486c533eedd377802c686d48727277a7cf4831918d1aaffcbe5bd47540dbe83,2023-06,Surrey Police,Surrey Police,-0.569482,51.246628,On or near Lido Road,E01030438,Guildford 013A,Other theft,Investigation complete; no suspect identified,
f5582955d259a962a6dd90ee669888032087fee824bf9ec6cb302ee1dd0d3921,2023-06,Surrey Police,Surrey Police,-0.569862,51.246866,On or near Parking Area,E01030438,Guildford 013A,Public order,Investigation complete; no suspect identified,
3617d57a415f5c78e428670a3da7d9a5f703de6d3661d74b22ecbb76950d9d89,2023-06,Surrey Police,Surrey Police,-0.559918,51.244559,On or near A3100,E01030438,Guildford 013A,Public order,Investigation complete; no suspect identified,
dd1cd66c357c7e4a376351c51095236f65cbdcee14a9159e9e9e7daccfcfc9ce,2023-06,Surrey Police,Surrey Police,-0.567602,51.242576,On or near Nightingale Road,E01030438,Guildford 013A,Public order,Investigation complete; no suspect identified,
453ceb7c335ef0011693dbe2804710abc292db9c4db2a2e901785a1f8be4ab70,2023-06,Surrey Police,Surrey Police,-0.569482,51.246628,On or near Lido Road,E01030438,Guildford 013A,Public order,Unable to prosecute suspect,
1236b30c4dcc9e9e83761d43abb6f41b3e71e87c92014273a1c333087838246f,2023-06,Surrey Police,Surrey Police,-0.569482,51.246628,On or near Lido Road,E01030438,Guildford 013A,Shoplifting,Investigation complete; no suspect identified,
f5e185d53d1c13e97bc57a1cb0b118cf50be5daf23654bf8857397261eec5f24,2023-06,Surrey Police,Surrey Police,-0.569482,51.246628,On or near Lido Road,E01030438,Guildford 013A,Violence and sexual offences,Unable to prosecute suspect,
,2023-06,Surrey Police,Surrey Police,-0.576204,51.247933,On or near Petrol Station,E01030450,Guildford 013B,Anti-social behaviour,,
,2023-06,Surrey Police,Surrey Police,-0.573595,51.242892,On or near Nettles Terrace,E01030450,Guildford 013B,Anti-social behaviour,,
,2023-06,Surrey Police,Surrey Police,-0.571563,51.243290,On or near Stoke Road,E01030450,Guildford 013B,Anti-social behaviour,,
,2023-06,Surrey Police,Surrey Police,-0.576204,51.247933,On or near Petrol Station,E01030450,Guildford 013B,Anti-social behaviour,,
cc410b71736ddf4c74acac1b6e0fd002d2f2d9a6ec95739106474ac675165206,2023-06,Surrey Police,Surrey Police,-0.573203,51.244902,On or near Pound Field,E01030450,Guildford 013B,Burglary,Status update unavailable,
8a82e07aa3bc899bae9a4f3034f53fcdf776bdcf8db31579f731f831f53f5fac,2023-06,Surrey Police,Surrey Police,-0.575683,51.244411,On or near Linden Road,E01030450,Guildford 013B,Burglary,Unable to prosecute suspect,
1c63559d22f41480600a9f5b71d0dc560ceab9872061b3cb458842ed7c2d1453,2023-06,Surrey Police,Surrey Police,-0.575113,51.243379,On or near Gardner Road,E01030450,Guildford 013B,Criminal damage and arson,Investigation complete; no suspect identified,
726e52afabf05e78b886bcc6301c7916256a9cd167612f554bd19792bf310627,2023-06,Surrey Police,Surrey Police,-0.578832,51.246187,On or near Shopping Area,E01030450,Guildford 013B,Criminal damage and arson,Investigation complete; no suspect identified,
132eb6fc3e2ad012578164561ef410b51f72e0783b2781e8e7d2134d932c25b6,2023-06,Surrey Police,Surrey Police,-0.574325,51.246175,On or near Stocton Road,E01030450,Guildford 013B,Drugs,Local resolution,
4d7e5f21d7cfb6a55764baff14e4123de649143ef9271225d70fbfb4bd17426f,2023-06,Surrey Police,Surrey Police,-0.575730,51.248467,On or near Petrol Station,E01030450,Guildford 013B,Other theft,Investigation complete; no suspect identified,
5b74d4424d14a9f6c9217953aee3b189ab1c5583be97927d393fa4dfdaae2afb,2023-06,Surrey Police,Surrey Police,-0.573203,51.244902,On or near Pound Field,E01030450,Guildford 013B,Other theft,Investigation complete; no suspect identified,
42b5f68d1c96ef10a5a5a95fd4584a40eb89dc5f09ca127ee2df08a3ddbee1bf,2023-06,Surrey Police,Surrey Police,-0.578832,51.246187,On or near Shopping Area,E01030450,Guildford 013B,Other theft,Investigation complete; no suspect identified,
fc98e5fcf53ebc46cc5b9f23df91b7ef5cf9b2bee7caad3f837dc500d9f4fbe7,2023-06,Surrey Police,Surrey Police,-0.575730,51.248467,On or near Petrol Station,E01030450,Guildford 013B,Other theft,Investigation complete; no suspect identified,
113d76b1c5e8b9d1991f4eba7a52d44c07d025a82f05d79d5e94390d1fb203fe,2023-06,Surrey Police,Surrey Police,-0.575730,51.248467,On or near Petrol Station,E01030450,Guildford 013B,Other theft,Investigation complete; no suspect identified,
1083ef5d4c4a5a5752bfb32cf6aad346eaf76a29d070b92ef333ddb676c3ddfa,2023-06,Surrey Police,Surrey Police,-0.571743,51.249030,On or near A320,E01030450,Guildford 013B,Other theft,Court result unavailable,
0a9d0b2eb945f653e347e6e4b653d569afb1eb0bf00c8d17e800b60faba50205,2023-06,Surrey Police,Surrey Police,-0.577922,51.245193,On or near Power Close,E01030450,Guildford 013B,Other theft,Investigation complete; no suspect identified,
6f58ec390f85a28d8bcc8aeb4c04f950594424ac2151e691014ab465ce2476c2,2023-06,Surrey Police,Surrey Police,-0.578516,51.246396,On or near Petrol Station,E01030450,Guildford 013B,Other theft,Investigation complete; no suspect identified,
dac9de409a9001afae99b47766d3435034924736a49838f7acaeb0f87d93080d,2023-06,Surrey Police,Surrey Police,-0.575113,51.243379,On or near Gardner Road,E01030450,Guildford 013B,Public order,Unable to prosecute suspect,
61716fe6ff120c61ddd1c6543fd3f8e2b4e05194745652c6003268ffd45e5cac,2023-06,Surrey Police,Surrey Police,-0.575730,51.248467,On or near Petrol Station,E01030450,Guildford 013B,Public order,Investigation complete; no suspect identified,
4d19c55bb1142ca19b62fcb16d7e436529fac85807f3d4c379f5536f454fe7b2,2023-06,Surrey Police,Surrey Police,-0.578715,51.248381,On or near Shopping Area,E01030450,Guildford 013B,Public order,Local resolution,
2049c458726b80be10c05fd759f8ecf72d766df49ad73836dad9e1563d4a2a38,2023-06,Surrey Police,Surrey Police,-0.577129,51.246308,On or near Stocton Close,E01030450,Guildford 013B,Public order,Unable to prosecute suspect,
5b5accef5bc16f035bb9e2c9d5cfe8e37931eabe01fd778f525096f2d393dd4e,2023-06,Surrey Police,Surrey Police,-0.575505,51.246926,On or near Langley Close,E01030450,Guildford 013B,Public order,Status update unavailable,
1a57b73a1923544b72672b76c26ec4b137ef69b6030e047d2c11df4e9f0e683f,2023-06,Surrey Police,Surrey Police,-0.575505,51.246926,On or near Langley Close,E01030450,Guildford 013B,Public order,Unable to prosecute suspect,
46a7d53816e8c7eb10ba816365b63771f57cfc50060bf71c8f542fded20030a0,2023-06,Surrey Police,Surrey Police,-0.578716,51.248278,On or near Parking Area,E01030450,Guildford 013B,Public order,Unable to prosecute suspect,
19fbe222ee134aa24b455363229b0c3b73e0266186605eb472d9ca32b484b574,2023-06,Surrey Police,Surrey Police,-0.578716,51.248278,On or near Parking Area,E01030450,Guildford 013B,Shoplifting,Investigation complete; no suspect identified,
d348583e5facdefb98b3cc2c24ad70a7de78c21199552d6f7856fb4354c223f5,2023-06,Surrey Police,Surrey Police,-0.575861,51.242765,On or near Petrol Station,E01030450,Guildford 013B,Shoplifting,Unable to prosecute suspect,
6ea2aa518542fade89dd094088973fd92f367c60450bdce1992932be2dce1a94,2023-06,Surrey Police,Surrey Police,-0.578867,51.248496,On or near Europa Park Road,E01030450,Guildford 013B,Shoplifting,Investigation complete; no suspect identified,
0c7ed8d66727fdd1123dddacedff8fea665fd26aedf78fc1844be97244c097cf,2023-06,Surrey Police,Surrey Police,-0.571563,51.243290,On or near Stoke Road,E01030450,Guildford 013B,Vehicle crime,Investigation complete; no suspect identified,
7e7a7ec7d63100d203340af385ffe2934f4377abde4a7e4472b283fc72010e17,2023-06,Surrey Police,Surrey Police,-0.572427,51.242662,On or near Old School Close,E01030450,Guildford 013B,Vehicle crime,Investigation complete; no suspect identified,
9cb46fe8203d2fca704bcce4dd68a57bcf01d7b280f757dd962a8cff6e28c312,2023-06,Surrey Police,Surrey Police,-0.573203,51.244902,On or near Pound Field,E01030450,Guildford 013B,Vehicle crime,Investigation complete; no suspect identified,
e5c92f0647ac81447c7adafed88b0cd38828a3404658f1338c5ebd40477d9410,2023-06,Surrey Police,Surrey Police,-0.578832,51.246187,On or near Shopping Area,E01030450,Guildford 013B,Vehicle crime,Investigation complete; no suspect identified,
3cf99816f0a98ec1c22c9eec29407ea7df392b41fdb97d907c7075ed162315e9,2023-06,Surrey Police,Surrey Police,-0.572427,51.242662,On or near Old School Close,E01030450,Guildford 013B,Violence and sexual offences,Unable to prosecute suspect,
6f0f50b58e85b33d57215e7d68f28136ebc63d7f3a285ab4bb8b76c564bc3b4f,2023-06,Surrey Police,Surrey Police,-0.575861,51.242765,On or near Petrol Station,E01030450,Guildford 013B,Violence and sexual offences,Unable to prosecute suspect,
228d7c9b6107c1aafa38d032efeea735902d87bc2282b3137e9a408a02b2ac53,2023-06,Surrey Police,Surrey Police,-0.571563,51.243290,On or near Stoke Road,E01030450,Guildford 013B,Violence and sexual offences,Court result unavailable,
ffef38f3d2d246053b68c104a27702c1e05e0e207e55bad8023ef56fab0d176a,2023-06,Surrey Police,Surrey Police,-0.574089,51.241756,On or near Drummond Road,E01030450,Guildford 013B,Violence and sexual offences,Unable to prosecute suspect,
01d8fd5b6765df20d72f161a19c7c66c04e935162740f9e7a80a3e8301ab2b87,2023-06,Surrey Police,Surrey Police,-0.580187,51.244708,On or near Parking Area,E01030450,Guildford 013B,Violence and sexual offences,Unable to prosecute suspect,
8d1f85c76e883317f62d4fe34633cb4984547fc01fdd290123a0cd2220b40f54,2023-06,Surrey Police,Surrey Police,-0.575861,51.242765,On or near Petrol Station,E01030450,Guildford 013B,Violence and sexual offences,Investigation complete; no suspect identified,
edc3af229c8a2fc4140f612b203beca21c43c4ff82851b3d715d2c656ea8a488,2023-06,Surrey Police,Surrey Police,-0.575113,51.243379,On or near Gardner Road,E01030450,Guildford 013B,Violence and sexual offences,Unable to prosecute suspect,
c174e2048f1a3e30ceb402680424f24df834e95d147324397a5a368236b56bce,2023-06,Surrey Police,Surrey Police,-0.578716,51.248278,On or near Parking Area,E01030450,Guildford 013B,Violence and sexual offences,Further action is not in the public interest,
114f5af752f265b09daafc19443107ae36be5531ef28987cd10a444b8e379c7f,2023-06,Surrey Police,Surrey Police,-0.573595,51.242892,On or near Nettles Terrace,E01030450,Guildford 013B,Violence and sexual offences,Investigation complete; no suspect identified,
fda8380f7465f29c5ceee8341f0183f8aeaf6a007def158ffd58b3714d12cc62,2023-06,Surrey Police,Surrey Police,-0.574598,51.245498,On or near Sports/Recreation Area,E01030450,Guildford 013B,Violence and sexual offences,Unable to prosecute suspect,
e7222fca00a5da939bd0af5d255f73343bee6e5fd0cae070796c9d115abfa4f5,2023-06,Surrey Police,Surrey Police,-0.575505,51.246926,On or near Langley Close,E01030450,Guildford 013B,Other crime,Unable to prosecute suspect,
22ae716b00936e4f5a8db7aa425102b6a4b98bf15d9160df8a45b065f419d014,2023-06,Surrey Police,Surrey Police,-0.576622,51.239503,On or near Police Station,E01030451,Guildford 013C,Criminal damage and arson,Unable to prosecute suspect,
99a41f44fdec3fbe0e0af361b3cd04672d5dfd81d375775b6bdefd658d9efeb5,2023-06,Surrey Police,Surrey Police,-0.570634,51.237659,On or near Chertsey Street,E01030451,Guildford 013C,Public order,Unable to prosecute suspect,
cd1993e4513c49e55dfa403e00f19b6e9788f7f3df0065d83596a535217f65e2,2023-06,Surrey Police,Surrey Police,-0.576622,51.239503,On or near Police Station,E01030451,Guildford 013C,Public order,Unable to prosecute suspect,
8434dace5c7586cd6816da1f0542b5194fddea7f280e1ece6374b7c04603b3d4,2023-06,Surrey Police,Surrey Police,-0.576622,51.239503,On or near Police Station,E01030451,Guildford 013C,Violence and sexual offences,Unable to prosecute suspect,
,2023-06,Surrey Police,Surrey Police,-0.572324,51.237221,On or near Ward Street,E01030451,Guildford 013C,Anti-social behaviour,,
,2023-06,Surrey Police,Surrey Police,-0.576622,51.239503,On or near Police Station,E01030451,Guildford 013C,Anti-social behaviour,,
,2023-06,Surrey Police,Surrey Police,-0.572324,51.237221,On or near Ward Street,E01030451,Guildford 013C,Anti-social behaviour,,
,2023-06,Surrey Police,Surrey Police,-0.577824,51.238169,On or near Parking Area,E01030451,Guildford 013C,Anti-social behaviour,,
,2023-06,Surrey Police,Surrey Police,-0.577824,51.238169,On or near Parking Area,E01030451,Guildford 013C,Anti-social behaviour,,
,2023-06,Surrey Police,Surrey Police,-0.577824,51.238169,On or near Parking Area,E01030451,Guildford 013C,Anti-social behaviour,,
3de957a87f08942964c3a356150986faae0e592f7c5b706d790eb14d8059bf8a,2023-06,Surrey Police,Surrey Police,-0.572324,51.237221,On or near Ward Street,E01030451,Guildford 013C,Bicycle theft,Investigation complete; no suspect identified,
c64f8003c3cf1b7cd54b0399c151ab605271a599721cff921d1d33e1564e742a,2023-06,Surrey Police,Surrey Police,-0.573091,51.240665,On or near Artillery Terrace,E01030451,Guildford 013C,Burglary,Status update unavailable,
9ab5c0d93c25e4160e9f8b768048877318830fcaebf0d6a62d6f4e554a03619e,2023-06,Surrey Police,Surrey Police,-0.570634,51.237659,On or near Chertsey Street,E01030451,Guildford 013C,Burglary,Unable to prosecute suspect,
16637486d77c6a14534b15468b46837595e6d464e1c79984d607cc002eec0952,2023-06,Surrey Police,Surrey Police,-0.577824,51.238169,On or near Parking Area,E01030451,Guildford 013C,Criminal damage and arson,Local resolution,
9a3164553a0c8e081ad63bec61236727cb40ea27745f86d610bba05b2b596baa,2023-06,Surrey Police,Surrey Police,-0.578138,51.239117,On or near Parking Area,E01030451,Guildford 013C,Criminal damage and arson,Investigation complete; no suspect identified,
977c774d2f88db76c2d83de1cea03b00fb47506eb590d06288592f0d9baccf4d,2023-06,Surrey Police,Surrey Police,-0.577824,51.238169,On or near Parking Area,E01030451,Guildford 013C,Drugs,Local resolution,
e90eeeecefdb55c72abf2616f9069d1ec32598bd135e7dc3ceca7767bb37b19c,2023-06,Surrey Police,Surrey Police,-0.576622,51.239503,On or near Police Station,E01030451,Guildford 013C,Drugs,Status update unavailable,
cf90fab742608382e8cb766868e00420d1d897e7c6b5913fa5a907580eeb863f,2023-06,Surrey Police,Surrey Police,-0.572692,51.238295,On or near The Bars,E01030451,Guildford 013C,Other theft,Investigation complete; no suspect identified,
578d14e17d5b3027c248456ec24fdde07a4347b466842344dabf010a3bd46509,2023-06,Surrey Police,Surrey Police,-0.574658,51.238625,On or near College Road,E01030451,Guildford 013C,Other theft,Status update unavailable,
a7b4101ccb73f6e0714a21b7612683c614dc1fd5783e53e3cccf27eab70f363f,2023-06,Surrey Police,Surrey Police,-0.570634,51.237659,On or near Chertsey Street,E01030451,Guildford 013C,Possession of weapons,Unable to prosecute suspect,
d8b4757c01d03b53aafc42af76e84b3f0856e8234232dd94548e6baa243c379d,2023-06,Surrey Police,Surrey Police,-0.576622,51.239503,On or near Police Station,E01030451,Guildford 013C,Possession of weapons,Court result unavailable,
123613b6545f335f9bffead8384528d33d5ce5898d5bdb74578aad4b6dfb960a,2023-06,Surrey Police,Surrey Police,-0.570634,51.237659,On or near Chertsey Street,E01030451,Guildford 013C,Public order,Unable to prosecute suspect,
c4c9a207cfa04b3187b249a3917d09ef93a4c04e02db748d9491f9731f20a499,2023-06,Surrey Police,Surrey Police,-0.576622,51.239503,On or near Police Station,E01030451,Guildford 013C,Public order,Local resolution,
9ac7a3616475cb93ce58fbb7b95d46b146b06a1ae7249837a49511db02bec563,2023-06,Surrey Police,Surrey Police,-0.576622,51.239503,On or near Police Station,E01030451,Guildford 013C,Public order,Court result unavailable,
001e18ab6fc82bfe381b20a4a26a7534f3231c2b12f85dabaecfca059aca038d,2023-06,Surrey Police,Surrey Police,-0.570634,51.237659,On or near Chertsey Street,E01030451,Guildford 013C,Public order,Investigation complete; no suspect identified,
b067fa737cef5754bea006b43f7a2446a75f9f222aa0c5acf8e6aaa4766db520,2023-06,Surrey Police,Surrey Police,-0.578141,51.239486,On or near Mary Road,E01030451,Guildford 013C,Public order,Further investigation is not in the public interest,
2c082478d1b87d31990a0da0d5c58a110b06601faf7e7131b68d79f2a729dde8,2023-06,Surrey Police,Surrey Police,-0.570634,51.237659,On or near Chertsey Street,E01030451,Guildford 013C,Public order,Further investigation is not in the public interest,
88c26c83252dc79929288c4079988cfcda7fe52d2ada69e481ef7c451fc23524,2023-06,Surrey Police,Surrey Police,-0.576622,51.239503,On or near Police Station,E01030451,Guildford 013C,Public order,Local resolution,
f0060696ac8e8211ce1285a75a23092952b9db7a3aded958b215aea53b7d9765,2023-06,Surrey Police,Surrey Police,-0.573939,51.238309,On or near Supermarket,E01030451,Guildford 013C,Public order,Investigation complete; no suspect identified,
edcc8348deb66fdecf420ebefad25f858547a0c2c7b554eebdfaf4e1559f78ef,2023-06,Surrey Police,Surrey Police,-0.576622,51.239503,On or near Police Station,E01030451,Guildford 013C,Public order,Local resolution,
019721bff9278972f21bfe0a0fe59302c9b7f9347d5903477b3c8943460bd78b,2023-06,Surrey Police,Surrey Police,-0.573939,51.238309,On or near Supermarket,E01030451,Guildford 013C,Public order,Investigation complete; no suspect identified,
918cbc5ba0db158735d70ec0e11fc1ea82b0477486390e62a4414691dd364bcd,2023-06,Surrey Police,Surrey Police,-0.576622,51.239503,On or near Police Station,E01030451,Guildford 013C,Public order,Local resolution,
ad689bd5e4375356611ae88468fe548305cb4176555b1cd8f26e5d32444bd038,2023-06,Surrey Police,Surrey Police,-0.576622,51.239503,On or near Police Station,E01030451,Guildford 013C,Public order,Court result unavailable,
d3aa7e0daa760e7741bbbd68f35ff0d64c5d530c192ce3dc51f18f7a075d493a,2023-06,Surrey Police,Surrey Police,-0.578141,51.239486,On or near Mary Road,E01030451,Guildford 013C,Public order,Further investigation is not in the public interest,
898885c95529bef2a7a24ee8b845b46c14bdd3fff0103e2614c7dcbe4bac1ac0,2023-06,Surrey Police,Surrey Police,-0.573091,51.240665,On or near Artillery Terrace,E01030451,Guildford 013C,Public order,Unable to prosecute suspect,
58aa7a53838bb1df841ad1537aaa48f8d117f6f686f48f23366876ed8ab3be91,2023-06,Surrey Police,Surrey Police,-0.573939,51.238309,On or near Supermarket,E01030451,Guildford 013C,Shoplifting,Investigation complete; no suspect identified,
e38ed6bda12b97791161164d2e2f82cf56d663fd57f1fb6fb4202d5bde855ca5,2023-06,Surrey Police,Surrey Police,-0.573939,51.238309,On or near Supermarket,E01030451,Guildford 013C,Shoplifting,Investigation complete; no suspect identified,
a38837483614b628c1bde9fa5f86643b870b35e39dc1264ee28e5d412164afad,2023-06,Surrey Police,Surrey Police,-0.573939,51.238309,On or near Supermarket,E01030451,Guildford 013C,Shoplifting,Investigation complete; no suspect identified,
dc9fcd66d6868e8561afa9cd1c883eca4a80b7dc57b467cb6bc7c1747e3025d4,2023-06,Surrey Police,Surrey Police,-0.573939,51.238309,On or near Supermarket,E01030451,Guildford 013C,Shoplifting,Investigation complete; no suspect identified,
ff2f8029c43275d903ec7bb64f6e173486c1bc214078196e841bf60b0251ba49,2023-06,Surrey Police,Surrey Police,-0.573939,51.238309,On or near Supermarket,E01030451,Guildford 013C,Shoplifting,Unable to prosecute suspect,
ce9494ad4cc6265ec7b2eee36ca784875c9df1780e83b5c43948e39fd1151097,2023-06,Surrey Police,Surrey Police,-0.573939,51.238309,On or near Supermarket,E01030451,Guildford 013C,Shoplifting,Investigation complete; no suspect identified,
c975828c4273cf35117fe87093b3db5eacf78f475de45e443a56009529227fdf,2023-06,Surrey Police,Surrey Police,-0.573939,51.238309,On or near Supermarket,E01030451,Guildford 013C,Shoplifting,Investigation complete; no suspect identified,
2adf481bdc587d85a79dd7eefaeb604916686f0f2c36a4713bc08e8cf499462e,2023-06,Surrey Police,Surrey Police,-0.573939,51.238309,On or near Supermarket,E01030451,Guildford 013C,Shoplifting,Investigation complete; no suspect identified,
db8800ede036c619ae1e9ac282f20d2383352f4483822c7292cf3fd53afbc570,2023-06,Surrey Police,Surrey Police,-0.573939,51.238309,On or near Supermarket,E01030451,Guildford 013C,Shoplifting,Investigation complete; no suspect identified,
7de301833530ceec715c11e45f78bd9ae0e54bc8a76fa707ca49f0034b0d6756,2023-06,Surrey Police,Surrey Police,-0.573939,51.238309,On or near Supermarket,E01030451,Guildford 013C,Shoplifting,Investigation complete; no suspect identified,
a7eca2b09ebc5fde444487ae4f5e2166db55c46b0e1af004e9770da00f208966,2023-06,Surrey Police,Surrey Police,-0.573939,51.238309,On or near Supermarket,E01030451,Guildford 013C,Shoplifting,Investigation complete; no suspect identified,
57f31b4ca93e2df8160d61fb2a360227e05aec312b9e8847b357a364afc64199,2023-06,Surrey Police,Surrey Police,-0.572324,51.237221,On or near Ward Street,E01030451,Guildford 013C,Shoplifting,Investigation complete; no suspect identified,
50a3424819b5ba74ebf9247822f47f5c5b725197ea59884e9100c271548967d1,2023-06,Surrey Police,Surrey Police,-0.577824,51.238169,On or near Parking Area,E01030451,Guildford 013C,Violence and sexual offences,Investigation complete; no suspect identified,
6b2acf0a767d4b7aa43f4be8401f9c79008c2f54cab37dcb708dee5ed2fa9ebf,2023-06,Surrey Police,Surrey Police,-0.577824,51.238169,On or near Parking Area,E01030451,Guildford 013C,Violence and sexual offences,Investigation complete; no suspect identified,
f924906d746884f1797cc1a88b6b1d21a207a2c7bd3df324c8a920688aa726a0,2023-06,Surrey Police,Surrey Police,-0.577824,51.238169,On or near Parking Area,E01030451,Guildford 013C,Violence and sexual offences,Local resolution,
d1345c3befdf0bd3f66355569553d915c6faec1eab36e90fb5d96d6134fd6d9d,2023-06,Surrey Police,Surrey Police,-0.576622,51.239503,On or near Police Station,E01030451,Guildford 013C,Violence and sexual offences,Status update unavailable,
baea7b298ec6a224ff03a76d4d52aa8c1d32fa7fbde52d1dd40e4bf6c379a69c,2023-06,Surrey Police,Surrey Police,-0.577824,51.238169,On or near Parking Area,E01030451,Guildford 013C,Violence and sexual offences,Investigation complete; no suspect identified,
c2a59108e1810fbbca06db9286cc17685672d63f7b0685628c869f763a0548b9,2023-06,Surrey Police,Surrey Police,-0.572324,51.237221,On or near Ward Street,E01030451,Guildford 013C,Violence and sexual offences,Investigation complete; no suspect identified,
36f8e033dbac509a49028ec6d57835ec3f873b56526474813eaed1620301e545,2023-06,Surrey Police,Surrey Police,-0.572324,51.237221,On or near Ward Street,E01030451,Guildford 013C,Violence and sexual offences,Investigation complete; no suspect identified,
be460a2af5eb71862e5ca6d385d52a758c5c8804bc6dedf73e6ffe74f047a426,2023-06,Surrey Police,Surrey Police,-0.576622,51.239503,On or near Police Station,E01030451,Guildford 013C,Violence and sexual offences,Court result unavailable,
5bfc182239d07bf933300329ea97a801bf8a02fd1d1140e6eaf1316caad5ca70,2023-06,Surrey Police,Surrey Police,-0.572324,51.237221,On or near Ward Street,E01030451,Guildford 013C,Violence and sexual offences,Unable to prosecute suspect,
852528d93f74516c126405ef47f4efd191db5d13ee35fdebabb1b94355ca43ee,2023-06,Surrey Police,Surrey Police,-0.573939,51.238309,On or near Supermarket,E01030451,Guildford 013C,Violence and sexual offences,Investigation complete; no suspect identified,
6533ee5e4542e947f407566c8af6d2b844ec7ce7bb74b3cce78878701e19fb68,2023-06,Surrey Police,Surrey Police,-0.570634,51.237659,On or near Chertsey Street,E01030451,Guildford 013C,Violence and sexual offences,Unable to prosecute suspect,
031e3292599968ded40364a3a5789388659d6c60709e84aacb47eecaa974e218,2023-06,Surrey Police,Surrey Police,-0.570634,51.237659,On or near Chertsey Street,E01030451,Guildford 013C,Violence and sexual offences,Unable to prosecute suspect,
a8b1d92a68eae005a822c3e6cc1253fc29e6096b2d83b8898dd3a0006a7169c8,2023-06,Surrey Police,Surrey Police,-0.576622,51.239503,On or near Police Station,E01030451,Guildford 013C,Violence and sexual offences,Unable to prosecute suspect,
7a33f7213ce633042e82e57e9bc7dbefa1c226f9c57e6c7e72fc989e2082e87a,2023-06,Surrey Police,Surrey Police,-0.577824,51.238169,On or near Parking Area,E01030451,Guildford 013C,Violence and sexual offences,Unable to prosecute suspect,
5cbea5d2a8ddce7577b5c88882503dcaee4342d59ac4a55ec4859d2a74597332,2023-06,Surrey Police,Surrey Police,-0.577824,51.238169,On or near Parking Area,E01030451,Guildford 013C,Violence and sexual offences,Unable to prosecute suspect,
a881db59f5b0fd8bcad680fcf4bf34949fcf6241ff3b2f3cec56f5b28f22c926,2023-06,Surrey Police,Surrey Police,-0.572324,51.237221,On or near Ward Street,E01030451,Guildford 013C,Violence and sexual offences,Investigation complete; no suspect identified,
1c08011b3e9abcd4aa2d8df377a1472b4ee6b6ec5097244b30a969534a094c30,2023-06,Surrey Police,Surrey Police,-0.576622,51.239503,On or near Police Station,E01030451,Guildford 013C,Violence and sexual offences,Status update unavailable,
9f8b98333a2a71d7975fcc8c4831ebf2a6d26e71bf34af507e1a157d8bf65106,2023-06,Surrey Police,Surrey Police,-0.575538,51.239832,On or near Church Road,E01030451,Guildford 013C,Violence and sexual offences,Investigation complete; no suspect identified,
d7bd7c4aea912a9e9b668ba7df41d6e1582448f67c0a3e8b31ae865f4e26af86,2023-06,Surrey Police,Surrey Police,-0.559570,51.237379,On or near Sydney Place,E01030453,Guildford 013D,Burglary,Status update unavailable,
d8fc50839d6c0f2dca80728b9464e99b6d41443481953cf5010e7da09660f5fc,2023-06,Surrey Police,Surrey Police,-0.560847,51.235920,On or near Cooper Road,E01030453,Guildford 013D,Burglary,Status update unavailable,
c9e841106c22cd8154a29b5d2093fcdb3c2dfac04caef01a4923329339ada936,2023-06,Surrey Police,Surrey Police,-0.562517,51.238881,On or near West Road,E01030453,Guildford 013D,Criminal damage and arson,Further investigation is not in the public interest,
7ce3649c0143de22d379c83e6cf4dd13da4d83c3c7662124d52d4aea1f221576,2023-06,Surrey Police,Surrey Police,-0.558652,51.239229,On or near Danesrood,E01030453,Guildford 013D,Vehicle crime,Investigation complete; no suspect identified,
bc5a156460d161784d19e4c46992a6f097984d1f06afa9f093b43612b99816ac,2023-06,Surrey Police,Surrey Police,-0.558652,51.239229,On or near Danesrood,E01030453,Guildford 013D,Violence and sexual offences,Further investigation is not in the public interest,
e75dc9465e572185b003a77e907b9b33994cd707bf729abfbc1474ccb807bfe7,2023-06,Surrey Police,Surrey Police,-0.555172,51.236462,On or near Tyrells Place,E01030453,Guildford 013D,Violence and sexual offences,Unable to prosecute suspect,
943ad7f692ae9d4a667478508d330aff12e8a8880aa94da59f1a08985fc021c7,2023-06,Surrey Police,Surrey Police,-0.575006,51.233405,On or near Theatre/Concert Hall,E01030455,Guildford 013E,Drugs,Offender given a caution,
,2023-06,Surrey Police,Surrey Police,-0.577656,51.236171,On or near Theatre/Concert Hall,E01030455,Guildford 013E,Anti-social behaviour,,
,2023-06,Surrey Police,Surrey Police,-0.577656,51.236171,On or near Theatre/Concert Hall,E01030455,Guildford 013E,Anti-social behaviour,,
,2023-06,Surrey Police,Surrey Police,-0.577656,51.236171,On or near Theatre/Concert Hall,E01030455,Guildford 013E,Anti-social behaviour,,
,2023-06,Surrey Police,Surrey Police,-0.567811,51.237678,On or near Parking Area,E01030455,Guildford 013E,Anti-social behaviour,,
,2023-06,Surrey Police,Surrey Police,-0.573993,51.235110,On or near The Shambles,E01030455,Guildford 013E,Anti-social behaviour,,
,2023-06,Surrey Police,Surrey Police,-0.574926,51.234600,On or near Mill Lane,E01030455,Guildford 013E,Anti-social behaviour,,
,2023-06,Surrey Police,Surrey Police,-0.577656,51.236171,On or near Theatre/Concert Hall,E01030455,Guildford 013E,Anti-social behaviour,,
,2023-06,Surrey Police,Surrey Police,-0.566982,51.236247,On or near Brodie Road,E01030455,Guildford 013E,Anti-social behaviour,,
,2023-06,Surrey Police,Surrey Police,-0.573993,51.235110,On or near The Shambles,E01030455,Guildford 013E,Anti-social behaviour,,
,2023-06,Surrey Police,Surrey Police,-0.573993,51.235110,On or near The Shambles,E01030455,Guildford 013E,Anti-social behaviour,,
,2023-06,Surrey Police,Surrey Police,-0.571883,51.235273,On or near Tunsgate,E01030455,Guildford 013E,Anti-social behaviour,,
,2023-06,Surrey Police,Surrey Police,-0.562774,51.237050,On or near Hunter Road,E01030455,Guildford 013E,Anti-social behaviour,,
59ce6f4d06b443844b51562481778528e0b6ea5410e0f443ea9bfc9a93fbdc68,2023-06,Surrey Police,Surrey Police,-0.577656,51.236171,On or near Theatre/Concert Hall,E01030455,Guildford 013E,Bicycle theft,Investigation complete; no suspect identified,
862edf29a62f5f156a6a67111ac435e6bdea8ebddc957e57fc0816438eea2ae5,2023-06,Surrey Police,Surrey Police,-0.570895,51.235243,On or near Parking Area,E01030455,Guildford 013E,Burglary,Investigation complete; no suspect identified,
88c778a9e5b36adc7b23d6757526e5117d55a6e699894da640ef6179c513d4f5,2023-06,Surrey Police,Surrey Police,-0.577656,51.236171,On or near Theatre/Concert Hall,E01030455,Guildford 013E,Burglary,Local resolution,
37c1f7b6916238347b667560297fcd0fc3c0187759d0be69358bd9d5dd9ca62b,2023-06,Surrey Police,Surrey Police,-0.571883,51.235273,On or near Tunsgate,E01030455,Guildford 013E,Burglary,Investigation complete; no suspect identified,
2cbe4acec0e0d689291d2c8640b87bd835797cf5e7f7ea525932c32a860d5e84,2023-06,Surrey Police,Surrey Police,-0.574853,51.234185,On or near Millbrook,E01030455,Guildford 013E,Criminal damage and arson,Unable to prosecute suspect,
b59d24fa06046ce11c0bbedb62ff40e3803ee7397a29c41f49d4442176ba0ef2,2023-06,Surrey Police,Surrey Police,-0.573993,51.235110,On or near The Shambles,E01030455,Guildford 013E,Criminal damage and arson,Investigation complete; no suspect identified,
7b2bdc2a40574579a8c7630c654328ffffa07c35bb37a284328bd7269de9b6be,2023-06,Surrey Police,Surrey Police,-0.567811,51.237678,On or near Parking Area,E01030455,Guildford 013E,Drugs,Local resolution,
f877f5c23bc9315e17c340cab90df867746a20deca54827265722ed4789ee286,2023-06,Surrey Police,Surrey Police,-0.571883,51.235273,On or near Tunsgate,E01030455,Guildford 013E,Drugs,Local resolution,
45a11e706df11ab19f13ee38cedfa918c0a493f97d9b50102d5e925ef936902b,2023-06,Surrey Police,Surrey Police,-0.571883,51.235273,On or near Tunsgate,E01030455,Guildford 013E,Other theft,Investigation complete; no suspect identified,
308491147a779461ad58484e20453eb66d81edd098d6524c620c46f2efecad7d,2023-06,Surrey Police,Surrey Police,-0.573538,51.235014,On or near Chapel Street,E01030455,Guildford 013E,Other theft,Investigation complete; no suspect identified,
035c94ff4215a569f8e75038f4cc08a3f7d7f3c8d1a978de592d4098e61fb48e,2023-06,Surrey Police,Surrey Police,-0.577656,51.236171,On or near Theatre/Concert Hall,E01030455,Guildford 013E,Other theft,Investigation complete; no suspect identified,
4ed68948107e4b87cfa2a99e77406998c6d16f646168f3521c6cdf8298b72688,2023-06,Surrey Police,Surrey Police,-0.573993,51.235110,On or near The Shambles,E01030455,Guildford 013E,Possession of weapons,Court result unavailable,
42cd32b509e70a046656fadb8e599b8af76d144c8c4a687cf76c89b6a5f15259,2023-06,Surrey Police,Surrey Police,-0.569944,51.236814,On or near Pannells Court,E01030455,Guildford 013E,Public order,Investigation complete; no suspect identified,
2e187e441cfe5f8d46b4139da3abeb3f5295e49332a8c09c06e56942d19d0482,2023-06,Surrey Police,Surrey Police,-0.571478,51.235843,On or near Supermarket,E01030455,Guildford 013E,Public order,Unable to prosecute suspect,
867bb210045d0936c529cb9acee8fc31ec16b91503a8674bd0de3d795290b0ee,2023-06,Surrey Police,Surrey Police,-0.574926,51.234600,On or near Mill Lane,E01030455,Guildford 013E,Public order,Investigation complete; no suspect identified,
e240ee0756787c4b8d517f179ad0a5118a08c5845822d21609a33640ab50ddc8,2023-06,Surrey Police,Surrey Police,-0.571740,51.233392,On or near Castle Hill,E01030455,Guildford 013E,Public order,Investigation complete; no suspect identified,
795dc932eb6de2b3c4e169b6afc03e9eac3a0fd8cbb7ece998f5db94f0501740,2023-06,Surrey Police,Surrey Police,-0.570188,51.233571,On or near South Hill,E01030455,Guildford 013E,Public order,Further investigation is not in the public interest,
fca7ecaa9da3312a6a08dda2786426f396227237afc8569dc8be8c580485d5f9,2023-06,Surrey Police,Surrey Police,-0.577656,51.236171,On or near Theatre/Concert Hall,E01030455,Guildford 013E,Robbery,Unable to prosecute suspect,
71398e6ecc329f86ef634854daafe0656234c45d6f3c342b0f197da89d6955c8,2023-06,Surrey Police,Surrey Police,-0.571478,51.235843,On or near Supermarket,E01030455,Guildford 013E,Robbery,Investigation complete; no suspect identified,
b0dd9cfc1bddcf458532786a0122b65dec27bd02ae09d4613af81793f7029a32,2023-06,Surrey Police,Surrey Police,-0.573993,51.235110,On or near The Shambles,E01030455,Guildford 013E,Shoplifting,Investigation complete; no suspect identified,
81ad7d7f12d9e98334c08a0411dd534b0321fb1323a76d32d20bec6c7c3df42c,2023-06,Surrey Police,Surrey Police,-0.571478,51.235843,On or near Supermarket,E01030455,Guildford 013E,Shoplifting,Investigation complete; no suspect identified,
19ebe30e16eb1f057bf693e8cb9b27b60cda851e03aecd4f2f2cbf482422b488,2023-06,Surrey Police,Surrey Police,-0.573993,51.235110,On or near The Shambles,E01030455,Guildford 013E,Shoplifting,Unable to prosecute suspect,
8438f55388cbb869442e5a1fb7f8ba4c2486fe3c53395a9618b8033d3dc30069,2023-06,Surrey Police,Surrey Police,-0.571478,51.235843,On or near Supermarket,E01030455,Guildford 013E,Shoplifting,Investigation complete; no suspect identified,
06387da839824fb393e0915c6d9a326f6e12ebabec9c10cceb81326c252c2690,2023-06,Surrey Police,Surrey Police,-0.577656,51.236171,On or near Theatre/Concert Hall,E01030455,Guildford 013E,Shoplifting,Further action is not in the public interest,
4a332f83e2d42eb036300890fc3b4f01cef4d9f4a78f11ea15e6900bbd3f3948,2023-06,Surrey Police,Surrey Police,-0.573993,51.235110,On or near The Shambles,E01030455,Guildford 013E,Shoplifting,Unable to prosecute suspect,
3db3b02884757fa0ce297a82e53d047f4649835f250fb460ffcc20b8561f71da,2023-06,Surrey Police,Surrey Police,-0.573538,51.235014,On or near Chapel Street,E01030455,Guildford 013E,Shoplifting,Further investigation is not in the public interest,
e8fec3d29d351ec7be4fc9e6eed3906287fa7f35e74475cc81432a0bad99e30c,2023-06,Surrey Police,Surrey Police,-0.573993,51.235110,On or near The Shambles,E01030455,Guildford 013E,Shoplifting,Local resolution,
b1fb2c2f349c207f060944261bb7f4ddfc46e2d58c29f3cb24e292cfa9863325,2023-06,Surrey Police,Surrey Police,-0.571478,51.235843,On or near Supermarket,E01030455,Guildford 013E,Shoplifting,Unable to prosecute suspect,
11bfb869e2b067f7c35ca643535eacaf88031cfba6ee8aa85d5809c45d25e247,2023-06,Surrey Police,Surrey Police,-0.574926,51.234600,On or near Mill Lane,E01030455,Guildford 013E,Shoplifting,Court result unavailable,
7edfc672a264731a1a3a9c884cb768486634c737dc054c91fcc33337cc536e7d,2023-06,Surrey Police,Surrey Police,-0.573993,51.235110,On or near The Shambles,E01030455,Guildford 013E,Shoplifting,Unable to prosecute suspect,
87ac9fcb30a7f3fec2a9365dc3870d08c85dc7b0443d6182d54db31f0dd6f695,2023-06,Surrey Police,Surrey Police,-0.571478,51.235843,On or near Supermarket,E01030455,Guildford 013E,Shoplifting,Court result unavailable,
226149178dde30f0bb56a4a931fe15819326215e1de75befe725ff155d008335,2023-06,Surrey Police,Surrey Police,-0.573993,51.235110,On or near The Shambles,E01030455,Guildford 013E,Shoplifting,Court result unavailable,
d684285761c3f2af4512e2312c0caa8d3158755d700d49a2c34e40ba2eaba0b9,2023-06,Surrey Police,Surrey Police,-0.571478,51.235843,On or near Supermarket,E01030455,Guildford 013E,Shoplifting,Investigation complete; no suspect identified,
9db97b0a4dce17e1f0fd4139ccb01c9cf04c91fe5080a388217d5fb65b45afd6,2023-06,Surrey Police,Surrey Police,-0.571478,51.235843,On or near Supermarket,E01030455,Guildford 013E,Shoplifting,Investigation complete; no suspect identified,
e08497936e09676f49fad86232a41c3deb3bfa78bdb36a3445033597b95fd009,2023-06,Surrey Police,Surrey Police,-0.571478,51.235843,On or near Supermarket,E01030455,Guildford 013E,Shoplifting,Court result unavailable,
220ba18d5669ac829131479573298286e44f1ac43de03af051d44decc7016e89,2023-06,Surrey Police,Surrey Police,-0.571478,51.235843,On or near Supermarket,E01030455,Guildford 013E,Shoplifting,Investigation complete; no suspect identified,
4ee2eac4942c5caee9600a2cde70f44f3ce88168d3acf409306ba8a58237e85e,2023-06,Surrey Police,Surrey Police,-0.573993,51.235110,On or near The Shambles,E01030455,Guildford 013E,Violence and sexual offences,Unable to prosecute suspect,
38ed272d3e56d5ae38d4489a693f20d481b14dff3e52894e4950b7f867584595,2023-06,Surrey Police,Surrey Police,-0.577656,51.236171,On or near Theatre/Concert Hall,E01030455,Guildford 013E,Violence and sexual offences,Unable to prosecute suspect,
ae889d5c4746a40f14470a5a3f069feebe1683568150f3c76ca4afa058b3ad7f,2023-06,Surrey Police,Surrey Police,-0.577656,51.236171,On or near Theatre/Concert Hall,E01030455,Guildford 013E,Violence and sexual offences,Unable to prosecute suspect,
5ba03bcfa24089c3ccebf366e071bb8fca868f8eba34c94b0b8454c166794c29,2023-06,Surrey Police,Surrey Police,-0.562774,51.237050,On or near Hunter Road,E01030455,Guildford 013E,Violence and sexual offences,Unable to prosecute suspect,
869e747e92882b6f5770cdc0a4738943a4d36af58a5e70879da89bf4104b4f82,2023-06,Surrey Police,Surrey Police,-0.564217,51.235749,On or near Hospital,E01030455,Guildford 013E,Violence and sexual offences,Unable to prosecute suspect,
6c30094b7fb71278f64278d7fc43aa774e1cd451a936c18552888bff0c525755,2023-06,Surrey Police,Surrey Police,-0.574926,51.234600,On or near Mill Lane,E01030455,Guildford 013E,Violence and sexual offences,Unable to prosecute suspect,
69debfa70c65a68806c64f1e9265a76d4b8633b9cba1be72cfb2b5e863f92f14,2023-06,Surrey Police,Surrey Police,-0.574926,51.234600,On or near Mill Lane,E01030455,Guildford 013E,Violence and sexual offences,Status update unavailable,
0a28b1b39fbc6db2d4549c4ac7e5d95741d2108d820dc871105da3ef30182f5d,2023-06,Surrey Police,Surrey Police,-0.573993,51.235110,On or near The Shambles,E01030455,Guildford 013E,Violence and sexual offences,Local resolution,
78d87dba93979d69e9129d9c42f057f552b5a0e5126ebb89ea1d9b3666393e4d,2023-06,Surrey Police,Surrey Police,-0.573993,51.235110,On or near The Shambles,E01030455,Guildford 013E,Violence and sexual offences,Investigation complete; no suspect identified,
90a2eea343209be8a479260923ed3a70a81999aac294b0e7fbda68e6241715cc,2023-06,Surrey Police,Surrey Police,-0.571478,51.235843,On or near Supermarket,E01030455,Guildford 013E,Violence and sexual offences,Court result unavailable,
be304f09075454ed16159fb12669bbe6708ffae3afb173ff90decd95f168a13b,2023-06,Surrey Police,Surrey Police,-0.565261,51.236766,On or near Jenner Road,E01030455,Guildford 013E,Violence and sexual offences,Further action is not in the public interest,
34d115ce5cffdf2e68f4a9b222a88acc45ed0690ae4632526b512034bb3fdac6,2023-06,Surrey Police,Surrey Police,-0.574926,51.234600,On or near Mill Lane,E01030455,Guildford 013E,Violence and sexual offences,Unable to prosecute suspect,
12ad614a43ab7501c9973e1fc09b3169c3c179ca57cdf762386745349dd5bc07,2023-06,Surrey Police,Surrey Police,-0.577656,51.236171,On or near Theatre/Concert Hall,E01030455,Guildford 013E,Violence and sexual offences,Unable to prosecute suspect,
99c39975c5ff8240513a88607a1dbe0ba85064159355396630345bf3fdf67b6f,2023-06,Surrey Police,Surrey Police,-0.575141,51.234135,On or near Parking Area,E01030455,Guildford 013E,Violence and sexual offences,Local resolution,
7dc64632caa4d535d711ce7c57e978e41829ec38c086c692e38cf6c42a5ea71f,2023-06,Surrey Police,Surrey Police,-0.574926,51.234600,On or near Mill Lane,E01030455,Guildford 013E,Violence and sexual offences,Unable to prosecute suspect,
13cc15568b004848a27f50ade9645c9451ebbdd1dad26d034dfef1934a2889b3,2023-06,Surrey Police,Surrey Police,-0.575006,51.233405,On or near Theatre/Concert Hall,E01030455,Guildford 013E,Violence and sexual offences,Investigation complete; no suspect identified,
5a8ad1c6784a581fa86abbb2d7f328744aa28dd2bd24a1af46ff80df1a7ffce8,2023-06,Surrey Police,Surrey Police,-0.573538,51.235014,On or near Chapel Street,E01030455,Guildford 013E,Violence and sexual offences,Unable to prosecute suspect,
969b107f83c765692a0e0c4f7e66d2fced4ab27f3a27af0ebb2bdb5ed39c69aa,2023-06,Surrey Police,Surrey Police,-0.571478,51.235843,On or near Supermarket,E01030455,Guildford 013E,Violence and sexual offences,Investigation complete; no suspect identified,
bfadfe88e3c1a6de5bd9087388d3042e8b4c9f15896daf7af9a5f759e6e7ca07,2023-06,Surrey Police,Surrey Police,-0.567811,51.237678,On or near Parking Area,E01030455,Guildford 013E,Violence and sexual offences,Investigation complete; no suspect identified,
294de908a24395be7e6e5211440e84785d0f6c88a9d606deee2fa9f0daa476b7,2023-06,Surrey Police,Surrey Police,-0.577656,51.236171,On or near Theatre/Concert Hall,E01030455,Guildford 013E,Other crime,Unable to prosecute suspect,
5c1402d2d787eb9664aa59cfb04ed8bab8f398a0162a34e2d325dde783a0461f,2023-06,Surrey Police,Surrey Police,-0.573538,51.235014,On or near Chapel Street,E01030455,Guildford 013E,Other crime,Investigation complete; no suspect identified,
,2023-06,Surrey Police,Surrey Police,-0.569904,51.242712,On or near Kings'S Road,E01030457,Guildford 013F,Anti-social behaviour,,
,2023-06,Surrey Police,Surrey Police,-0.568083,51.239534,On or near Parking Area,E01030457,Guildford 013F,Anti-social behaviour,,
,2023-06,Surrey Police,Surrey Police,-0.569740,51.239239,On or near Parking Area,E01030457,Guildford 013F,Anti-social behaviour,,
,2023-06,Surrey Police,Surrey Police,-0.566360,51.238372,On or near Sports/Recreation Area,E01030457,Guildford 013F,Anti-social behaviour,,
,2023-06,Surrey Police,Surrey Police,-0.569740,51.239239,On or near Parking Area,E01030457,Guildford 013F,Anti-social behaviour,,
,2023-06,Surrey Police,Surrey Police,-0.567680,51.239619,On or near Denmark Road,E01030457,Guildford 013F,Anti-social behaviour,,
c929ccfc5cb3dd74be213e8beea05ed5721032673ef21ecce0cbe2b63682085d,2023-06,Surrey Police,Surrey Police,-0.567727,51.240411,On or near Foxenden Road,E01030457,Guildford 013F,Bicycle theft,Investigation complete; no suspect identified,
65a98254d0fb145084ccc45cb03352f3bdb8b632d307005e7cef1d169d08591a,2023-06,Surrey Police,Surrey Police,-0.567727,51.240411,On or near Foxenden Road,E01030457,Guildford 013F,Burglary,Investigation complete; no suspect identified,
540b6aa2576a471bee5b9dab3ccaef7f89e500dff20829d7b629a48d6825bade,2023-06,Surrey Police,Surrey Police,-0.569048,51.241677,On or near Trinity Mews,E01030457,Guildford 013F,Criminal damage and arson,Investigation complete; no suspect identified,
ebf3942b33ebe56f75db75b5741b3dbeb81e36075f29fdf563c2918cb53b1410,2023-06,Surrey Police,Surrey Police,-0.570425,51.240723,On or near Eagle Road,E01030457,Guildford 013F,Criminal damage and arson,Investigation complete; no suspect identified,
976f1579de0ab1e7a85010be2c067ed6fb4e03202d80304ce6adf8066b0a7a6b,2023-06,Surrey Police,Surrey Police,-0.569740,51.239239,On or near Parking Area,E01030457,Guildford 013F,Drugs,Further investigation is not in the public interest,
d02b9d1da81a5eb3e789d77757412651cbbffec043ba2da2cc24eb454c06112e,2023-06,Surrey Police,Surrey Police,-0.569048,51.241677,On or near Trinity Mews,E01030457,Guildford 013F,Other theft,Investigation complete; no suspect identified,
75c606e1941e8b9035fbf398dcc68590478d66a3d967cb6b500385068573cc4e,2023-06,Surrey Police,Surrey Police,-0.569740,51.239239,On or near Parking Area,E01030457,Guildford 013F,Public order,Unable to prosecute suspect,
135f1aa20388a2cb31f4d18e79f18e40e09f2b5a80bdf7e9f95d9c3f0d5bbe7d,2023-06,Surrey Police,Surrey Police,-0.570366,51.239832,On or near York Road,E01030457,Guildford 013F,Public order,Unable to prosecute suspect,
9945f29517053445034af37cc820cdd80e84529c9484e67bf7941fb7f49f28ab,2023-06,Surrey Police,Surrey Police,-0.566360,51.238372,On or near Sports/Recreation Area,E01030457,Guildford 013F,Public order,Unable to prosecute suspect,
a46741290d6c604e6cc513123d9938daad2eac6612a97d1580d4d67569989ff6,2023-06,Surrey Police,Surrey Police,-0.569904,51.242712,On or near Kings'S Road,E01030457,Guildford 013F,Public order,Investigation complete; no suspect identified,
09e55b4fa193c1c51daf9991a0333d70a340095564e55d783e9f7c3e161f150e,2023-06,Surrey Police,Surrey Police,-0.567322,51.238670,On or near Parking Area,E01030457,Guildford 013F,Theft from the person,Investigation complete; no suspect identified,
5be487593029e42a331ffa888d7c9cd317642b22aec509c5bad09f859b399854,2023-06,Surrey Police,Surrey Police,-0.571226,51.242603,On or near King'S Road,E01030457,Guildford 013F,Violence and sexual offences,Further investigation is not in the public interest,
c44cedcb722beffe01cbee388017894d0fc09ecac16850807452880953f8ca95,2023-06,Surrey Police,Surrey Police,-0.715781,51.246175,On or near Townsend Close,E01030421,Guildford 014A,Violence and sexual offences,Investigation complete; no suspect identified,
,2023-06,Surrey Police,Surrey Police,-0.716418,51.245400,On or near Parish Close,E01030421,Guildford 014A,Anti-social behaviour,,
,2023-06,Surrey Police,Surrey Police,-0.716418,51.245400,On or near Parish Close,E01030421,Guildford 014A,Anti-social behaviour,,
,2023-06,Surrey Police,Surrey Police,-0.716418,51.245400,On or near Parish Close,E01030421,Guildford 014A,Anti-social behaviour,,
,2023-06,Surrey Police,Surrey Police,-0.719086,51.239620,On or near Ash Green Lane West,E01030421,Guildford 014A,Anti-social behaviour,,
68367604807937503e2665e0c0676862aac730cbb86245220897f4d827576053,2023-06,Surrey Police,Surrey Police,-0.714709,51.244527,On or near Willow Fields,E01030421,Guildford 014A,Violence and sexual offences,Unable to prosecute suspect,
,2023-06,Surrey Police,Surrey Police,-0.734402,51.240065,On or near Oxenden Road,E01030422,Guildford 014B,Anti-social behaviour,,
841da0618602bede2ce66fa74d1a1033a6d44c8795b829d05ed49feafa3137be,2023-06,Surrey Police,Surrey Police,-0.732421,51.236555,On or near Oxenden Road,E01030422,Guildford 014B,Other theft,Status update unavailable,
b2c2b5c91c83b3045ca0da33d06521eb3d580837993867e879b8afe73753bf80,2023-06,Surrey Police,Surrey Police,-0.734402,51.240065,On or near Oxenden Road,E01030422,Guildford 014B,Vehicle crime,Investigation complete; no suspect identified,
96b09bde67c5a5459e7ff9ff4e6e84b4ca7071e46d54f38aa29d99926d67a6ea,2023-06,Surrey Police,Surrey Police,-0.727875,51.238304,On or near Parsons Way,E01030422,Guildford 014B,Violence and sexual offences,Further investigation is not in the public interest,
42eadf9cf8913aa5c684b51b8d95448e45d7c99624859466e3a65c36bb7bc3c2,2023-06,Surrey Police,Surrey Police,-0.733436,51.238724,On or near Oxenden Road,E01030422,Guildford 014B,Violence and sexual offences,Local resolution,
7d6726646d49d1d98162e1d82a420c7355c62a87f43e7281af5c614a2a162452,2023-06,Surrey Police,Surrey Police,-0.734914,51.240727,On or near Oxenden Court,E01030422,Guildford 014B,Violence and sexual offences,Unable to prosecute suspect,
f4ea9029e0264035d06cc48b5911409e286689ea93223211eeaffc2e4eaa3bac,2023-06,Surrey Police,Surrey Police,-0.732421,51.236555,On or near Oxenden Road,E01030422,Guildford 014B,Other crime,Status update unavailable,
,2023-06,Surrey Police,Surrey Police,-0.744145,51.227914,On or near Tongham Road,E01030423,Guildford 014C,Anti-social behaviour,,
f5081770970739a2e6c15574f16d98c51c0f8d59a48dd3622d05975ae09d9c1a,2023-06,Surrey Police,Surrey Police,-0.732430,51.229460,On or near The Street,E01030423,Guildford 014C,Criminal damage and arson,Investigation complete; no suspect identified,
304972631497c40738606bc3e34da18e9d28d0d950cbea4efa72dba0e66cd15e,2023-06,Surrey Police,Surrey Police,-0.729641,51.232982,On or near Church Close,E01030423,Guildford 014C,Criminal damage and arson,Investigation complete; no suspect identified,
95c04f577bb7ec4234c2c81136d1cbf0c70074b990a2178adc5bcb8db8f83dda,2023-06,Surrey Police,Surrey Police,-0.732430,51.229460,On or near The Street,E01030423,Guildford 014C,Other theft,Investigation complete; no suspect identified,
f43db1f75408f2506ffcdd59371e8db812eab369cbdad7cdf7530aeb97d4fb91,2023-06,Surrey Police,Surrey Police,-0.744145,51.227914,On or near Tongham Road,E01030423,Guildford 014C,Public order,Investigation complete; no suspect identified,
2bcdb824ebd3aa1b6b9efdc6cb34d53fef547ee8bab37ba26ce12177cb1fc486,2023-06,Surrey Police,Surrey Police,-0.725593,51.234323,On or near South Side,E01030423,Guildford 014C,Violence and sexual offences,Further investigation is not in the public interest,
e844f28b4b099315233069a768427509c516cfaf6fd86fd839282c23f802d3a9,2023-06,Surrey Police,Surrey Police,-0.730847,51.234937,On or near Pawley Close,E01030423,Guildford 014C,Violence and sexual offences,Investigation complete; no suspect identified,
ef1b9b89d57d0f31847ed65aad10b03db2251f0f0a6e9538f409d3d933d3a735,2023-06,Surrey Police,Surrey Police,-0.730847,51.234937,On or near Pawley Close,E01030423,Guildford 014C,Violence and sexual offences,Investigation complete; no suspect identified,
1d7054a34bca1b0c55f2d73942581a03a02dd5129f263786d07b7dc98c2c5c03,2023-06,Surrey Police,Surrey Police,-0.731636,51.231789,On or near New Road,E01030423,Guildford 014C,Violence and sexual offences,Unable to prosecute suspect,
2226390340398770b102739c407716149217ca8d2422c5fc7633e665af67ebd4,2023-06,Surrey Police,Surrey Police,-0.744145,51.227914,On or near Tongham Road,E01030423,Guildford 014C,Other crime,Court result unavailable,
aa0d2dedba7341b7af6d250f868b7fb1f9857955fdceb5f11f487cc40023a6d2,2023-06,Surrey Police,Surrey Police,-0.729946,51.243749,On or near Manor Farm Close,E01030425,Guildford 014D,Burglary,Status update unavailable,
efac2eb441c065c4860f2e1723598d88497ae0003fad19cb3b83dafe6082d699,2023-06,Surrey Police,Surrey Police,-0.728897,51.243845,On or near Merryworth Close,E01030425,Guildford 014D,Criminal damage and arson,Investigation complete; no suspect identified,
092bdbff484402155627e0b1c3d4085abd7f196aff9442cbebac4df253807a91,2023-06,Surrey Police,Surrey Police,-0.731727,51.241484,On or near Kings Avenue,E01030425,Guildford 014D,Other theft,Unable to prosecute suspect,
a0438a0f3f37482e52b2b6f9e55f1131197c352587fe8193bcfec326b20ff85d,2023-06,Surrey Police,Surrey Police,-0.729656,51.240742,On or near Manor Road,E01030425,Guildford 014D,Violence and sexual offences,Investigation complete; no suspect identified,
bc9d5ded5493bbd439206d1df6e697e379dd10ba49b60d6831f8215672604cc5,2023-06,Surrey Police,Surrey Police,-0.575665,51.237117,On or near Commercial Road,E01030452,Guildford 015A,Drugs,Local resolution,
03aabc771eb3316d5387f865a50a6b53e983c6c5867423de511795d03c04869c,2023-06,Surrey Police,Surrey Police,-0.584088,51.236186,On or near Genyn Road,E01030452,Guildford 015A,Drugs,Further investigation is not in the public interest,
402e4609e90fe9b0360c166392ff31207cad293d7ec87d9305aeb4b33b8ddeac,2023-06,Surrey Police,Surrey Police,-0.584088,51.236186,On or near Genyn Road,E01030452,Guildford 015A,Violence and sexual offences,Unable to prosecute suspect,
8fc3fc7c7ea2c84b97567217092a46e3ad72e41c40698cc3cf5faa1680023360,2023-06,Surrey Police,Surrey Police,-0.576662,51.236833,On or near Shopping Area,E01030452,Guildford 015A,Violence and sexual offences,Unable to prosecute suspect,
d1cd435a2d007777dbe6e7be9a4e72de819b3c543bc44398978a16418cba47b3,2023-06,Surrey Police,Surrey Police,-0.584088,51.236186,On or near Genyn Road,E01030452,Guildford 015A,Violence and sexual offences,Unable to prosecute suspect,
b18d6b0cc8bcf336c90ab029c8010a571393b3e0f8c5e492d22f80b8f0936479,2023-06,Surrey Police,Surrey Police,-0.584088,51.236186,On or near Genyn Road,E01030452,Guildford 015A,Violence and sexual offences,Unable to prosecute suspect,
,2023-06,Surrey Police,Surrey Police,-0.580130,51.236794,On or near Station Approach,E01030452,Guildford 015A,Anti-social behaviour,,
,2023-06,Surrey Police,Surrey Police,-0.577752,51.237242,On or near Fays Passage,E01030452,Guildford 015A,Anti-social behaviour,,
,2023-06,Surrey Police,Surrey Police,-0.578416,51.238482,On or near Bedford Road,E01030452,Guildford 015A,Anti-social behaviour,,
,2023-06,Surrey Police,Surrey Police,-0.578593,51.236461,On or near Bridge Street,E01030452,Guildford 015A,Anti-social behaviour,,
,2023-06,Surrey Police,Surrey Police,-0.577752,51.237242,On or near Fays Passage,E01030452,Guildford 015A,Anti-social behaviour,,
,2023-06,Surrey Police,Surrey Police,-0.580184,51.237352,On or near Parking Area,E01030452,Guildford 015A,Anti-social behaviour,,
,2023-06,Surrey Police,Surrey Police,-0.576935,51.241917,On or near Wharf Road,E01030452,Guildford 015A,Anti-social behaviour,,
,2023-06,Surrey Police,Surrey Police,-0.578593,51.236461,On or near Bridge Street,E01030452,Guildford 015A,Anti-social behaviour,,
,2023-06,Surrey Police,Surrey Police,-0.580130,51.236794,On or near Station Approach,E01030452,Guildford 015A,Anti-social behaviour,,
,2023-06,Surrey Police,Surrey Police,-0.580130,51.236794,On or near Station Approach,E01030452,Guildford 015A,Anti-social behaviour,,
,2023-06,Surrey Police,Surrey Police,-0.578416,51.238482,On or near Bedford Road,E01030452,Guildford 015A,Anti-social behaviour,,
,2023-06,Surrey Police,Surrey Police,-0.578593,51.236461,On or near Bridge Street,E01030452,Guildford 015A,Anti-social behaviour,,
,2023-06,Surrey Police,Surrey Police,-0.578568,51.237270,On or near Parking Area,E01030452,Guildford 015A,Anti-social behaviour,,
,2023-06,Surrey Police,Surrey Police,-0.578593,51.236461,On or near Bridge Street,E01030452,Guildford 015A,Anti-social behaviour,,
,2023-06,Surrey Police,Surrey Police,-0.581833,51.239629,On or near Station View,E01030452,Guildford 015A,Anti-social behaviour,,
,2023-06,Surrey Police,Surrey Police,-0.581833,51.239629,On or near Station View,E01030452,Guildford 015A,Anti-social behaviour,,
,2023-06,Surrey Police,Surrey Police,-0.577752,51.237242,On or near Fays Passage,E01030452,Guildford 015A,Anti-social behaviour,,
,2023-06,Surrey Police,Surrey Police,-0.584088,51.236186,On or near Genyn Road,E01030452,Guildford 015A,Anti-social behaviour,,
,2023-06,Surrey Police,Surrey Police,-0.581833,51.239629,On or near Station View,E01030452,Guildford 015A,Anti-social behaviour,,
,2023-06,Surrey Police,Surrey Police,-0.577670,51.237270,On or near Nightclub,E01030452,Guildford 015A,Anti-social behaviour,,
08c6f42694e0cefc07a92efb0412bf91d065eea5f09ecbc15378499fb6659d45,2023-06,Surrey Police,Surrey Police,-0.584088,51.236186,On or near Genyn Road,E01030452,Guildford 015A,Criminal damage and arson,Unable to prosecute suspect,
684aa42b787a95b48c4550151688a8a37fa6bf8bc8596c1e4e4e0c6cafe6c874,2023-06,Surrey Police,Surrey Police,-0.577670,51.237270,On or near Nightclub,E01030452,Guildford 015A,Criminal damage and arson,Unable to prosecute suspect,
d2464f0379c417408074e8c40b67a473dec92782a542a4347ad4b6f945fe3076,2023-06,Surrey Police,Surrey Police,-0.580818,51.235373,On or near Parking Area,E01030452,Guildford 015A,Criminal damage and arson,Unable to prosecute suspect,
58ded104ed16e9b2c0af083e7245562620730563a71f760497889fb684692ab3,2023-06,Surrey Police,Surrey Police,-0.577670,51.237270,On or near Nightclub,E01030452,Guildford 015A,Criminal damage and arson,Investigation complete; no suspect identified,
1e53175ff0c7d7dd214230709698e772ed3b010f44c7613521a9089e5dcffddb,2023-06,Surrey Police,Surrey Police,-0.584088,51.236186,On or near Genyn Road,E01030452,Guildford 015A,Criminal damage and arson,Unable to prosecute suspect,
2c12925b76534adfaca27f5d12922be26509d36eae08ccc60ba10b4a947239cf,2023-06,Surrey Police,Surrey Police,-0.580976,51.240932,On or near Hillside Mews,E01030452,Guildford 015A,Criminal damage and arson,Investigation complete; no suspect identified,
55b266a226788d05a602292b0d333bb867c7c28d305c4d296a9c11d298ac3f1c,2023-06,Surrey Police,Surrey Police,-0.578568,51.237270,On or near Parking Area,E01030452,Guildford 015A,Drugs,Further investigation is not in the public interest,
1a7cc6035976e62a00346a92c938c289c14c9884f2398c597e383e39ee42953c,2023-06,Surrey Police,Surrey Police,-0.578416,51.238482,On or near Bedford Road,E01030452,Guildford 015A,Drugs,Local resolution,
28bb10be33f23e063d90773dd066866abe3d690be7ed0ba6fac0939983aa9b8d,2023-06,Surrey Police,Surrey Police,-0.575893,51.237509,On or near Bus/Coach Station,E01030452,Guildford 015A,Drugs,Unable to prosecute suspect,
5de2854e42e281f1970c4f0814b875dbf646db9a9e6fe587f7f22501fff2cd9a,2023-06,Surrey Police,Surrey Police,-0.580130,51.236794,On or near Station Approach,E01030452,Guildford 015A,Drugs,Further investigation is not in the public interest,
fe253b43432c068a35e3489f31e9e2bfc6b5178e1d63aae74d1115afe94957a6,2023-06,Surrey Police,Surrey Police,-0.583540,51.236305,On or near Denzil Road,E01030452,Guildford 015A,Other theft,Investigation complete; no suspect identified,
882aaf0fc34952c61ea5b8d394fa68429db9db6c51d8344fcae34df24744f93e,2023-06,Surrey Police,Surrey Police,-0.576662,51.236833,On or near Shopping Area,E01030452,Guildford 015A,Other theft,Investigation complete; no suspect identified,
b3e858ed9ba43d6177d8232a0edaa6865ee9536a41054cad1dd131cc96594c14,2023-06,Surrey Police,Surrey Police,-0.581169,51.238866,On or near Parking Area,E01030452,Guildford 015A,Other theft,Further investigation is not in the public interest,
d215b737cce1d05505731a25c6cc1d0717231b7762a834dc322a4a3a46c564ca,2023-06,Surrey Police,Surrey Police,-0.580976,51.240932,On or near Hillside Mews,E01030452,Guildford 015A,Other theft,Unable to prosecute suspect,
8d52743829d7a78d5727d93b553583e58e4fe2e789d3ef3502cb303b6159a78f,2023-06,Surrey Police,Surrey Police,-0.586794,51.236227,On or near Bray Road,E01030452,Guildford 015A,Other theft,Investigation complete; no suspect identified,
657b68d6e0d189fc3880260b7ea79cc6595573384a9e8f51a8a944bfc0e346d2,2023-06,Surrey Police,Surrey Police,-0.584088,51.236186,On or near Genyn Road,E01030452,Guildford 015A,Other theft,Investigation complete; no suspect identified,
2df8c96753bb13e6650bef20fc3bfc0ae2eb2252ef79c2a54bfbcd5246dea714,2023-06,Surrey Police,Surrey Police,-0.584088,51.236186,On or near Genyn Road,E01030452,Guildford 015A,Public order,Unable to prosecute suspect,
9861d340ff5567892f84191fc3b39a9d241333fcce48154d008f416f0899769f,2023-06,Surrey Police,Surrey Police,-0.578593,51.236461,On or near Bridge Street,E01030452,Guildford 015A,Public order,Further investigation is not in the public interest,
0bd92c2493e3e28a153d875ec85d447d5950031530422b0b22328550d109d9dd,2023-06,Surrey Police,Surrey Police,-0.575893,51.237509,On or near Bus/Coach Station,E01030452,Guildford 015A,Public order,Unable to prosecute suspect,
4513ee94236ade7abc5bb62b5c5c40701058152bbb210edad94e32d97429de14,2023-06,Surrey Police,Surrey Police,-0.576935,51.241917,On or near Wharf Road,E01030452,Guildford 015A,Public order,Investigation complete; no suspect identified,
3b2fd36c110fbf57b5b397bdf6a8581c325ffe464d883aed39bb7ebef43925fc,2023-06,Surrey Police,Surrey Police,-0.581833,51.239629,On or near Station View,E01030452,Guildford 015A,Public order,Further investigation is not in the public interest,
ea88900f9eedad73d182c4493bb07c0daed96e0bf8cff933c0393024bca7c9eb,2023-06,Surrey Police,Surrey Police,-0.581833,51.239629,On or near Station View,E01030452,Guildford 015A,Public order,Unable to prosecute suspect,
bb190ea34e6d885f8051183daaae5c59729380bc570d3676186f463c3b6ea601,2023-06,Surrey Police,Surrey Police,-0.578416,51.238482,On or near Bedford Road,E01030452,Guildford 015A,Public order,Investigation complete; no suspect identified,
da05a5ae84dda661190fdec0e67e8ee72b453bd707730c8fefb36818315add42,2023-06,Surrey Police,Surrey Police,-0.584088,51.236186,On or near Genyn Road,E01030452,Guildford 015A,Public order,Unable to prosecute suspect,
81cadabb3e5376c0d0565ea6f8da5e810aaab1b670018074a42b618ca6019c5c,2023-06,Surrey Police,Surrey Police,-0.578416,51.238482,On or near Bedford Road,E01030452,Guildford 015A,Public order,Unable to prosecute suspect,
876ddc4b917139e70029151a8bdf46a3b37d3f57e933c2f08a12acf99f584b8b,2023-06,Surrey Police,Surrey Police,-0.578568,51.237270,On or near Parking Area,E01030452,Guildford 015A,Public order,Unable to prosecute suspect,
cb3d01abe5f93aecd61156749cc3c7b9f4b915c51214f73d7b277f6ba25be87e,2023-06,Surrey Police,Surrey Police,-0.584088,51.236186,On or near Genyn Road,E01030452,Guildford 015A,Public order,Investigation complete; no suspect identified,
be1dc5b653da7dbf29d8ba408b2c220ac77f5b59d113fc4b0df25d339f759f3e,2023-06,Surrey Police,Surrey Police,-0.582017,51.242959,On or near Kernal Court,E01030452,Guildford 015A,Public order,Unable to prosecute suspect,
d6b9a5c1949fa5bbe81cf40234222b448c235c5ae6b4ea1ffe1939b5892a6b12,2023-06,Surrey Police,Surrey Police,-0.575893,51.237509,On or near Bus/Coach Station,E01030452,Guildford 015A,Public order,Investigation complete; no suspect identified,
a27d9107b2e56f9584e5bee3caabd72c2a62a89ed6b9a9b9d5a887456fbd6402,2023-06,Surrey Police,Surrey Police,-0.584088,51.236186,On or near Genyn Road,E01030452,Guildford 015A,Public order,Local resolution,
2c7ebe4f65cbdd58798ca26d2a6059abbfc2a8eb12e0afd448d6c35ac02fe927,2023-06,Surrey Police,Surrey Police,-0.577752,51.237242,On or near Fays Passage,E01030452,Guildford 015A,Public order,Unable to prosecute suspect,
6defc10436dd403d03b719c7b728b018b277a958194e582c4abbbd546282b474,2023-06,Surrey Police,Surrey Police,-0.582968,51.237197,On or near Guildford Park Road,E01030452,Guildford 015A,Public order,Investigation complete; no suspect identified,
70ce66235e3808d2a4e7b770051c13abca02dda28d03b7c4877e055079fe6f42,2023-06,Surrey Police,Surrey Police,-0.576662,51.236833,On or near Shopping Area,E01030452,Guildford 015A,Public order,Unable to prosecute suspect,
2e1bc41ffc2a650014726972d39cd4f9e1d61db711240ff917da2d3c14f30338,2023-06,Surrey Police,Surrey Police,-0.578568,51.237270,On or near Parking Area,E01030452,Guildford 015A,Public order,Unable to prosecute suspect,
bab892233efa71625911f3a67c22b1f4eddadf029155d159ec4e59f6181403b6,2023-06,Surrey Police,Surrey Police,-0.582017,51.242959,On or near Kernal Court,E01030452,Guildford 015A,Public order,Unable to prosecute suspect,
0f329348393ac94aeb95c8c3e9362724bdec8708598de63476f80ee5d39e7ee8,2023-06,Surrey Police,Surrey Police,-0.585241,51.237333,On or near Ludlow Road,E01030452,Guildford 015A,Public order,Investigation complete; no suspect identified,
5a3f35095984320e06751332698583b767b0721cebe9925e4cc77c37ecd242bf,2023-06,Surrey Police,Surrey Police,-0.576662,51.236833,On or near Shopping Area,E01030452,Guildford 015A,Public order,Investigation complete; no suspect identified,
a3e1163bbde37cffe7e9f3d9ba356f401752fee22bba4fbda25ba4d5aef0f284,2023-06,Surrey Police,Surrey Police,-0.584088,51.236186,On or near Genyn Road,E01030452,Guildford 015A,Public order,Unable to prosecute suspect,
4ce0a1e6a4aca463b6cdd673372e8b98f5263953e999c446ff9d7ab7a8a37af9,2023-06,Surrey Police,Surrey Police,-0.576937,51.237646,On or near Onslow Street,E01030452,Guildford 015A,Robbery,Unable to prosecute suspect,
2629a360afe934416e875fd26953b60756990e79fc84513a7a65485041a35182,2023-06,Surrey Police,Surrey Police,-0.577752,51.237242,On or near Fays Passage,E01030452,Guildford 015A,Shoplifting,Investigation complete; no suspect identified,
77b5002301a6bb8ef295ec1d8a1be777d979c28c7c54d1f4cef21dfdfe4aaabc,2023-06,Surrey Police,Surrey Police,-0.576662,51.236833,On or near Shopping Area,E01030452,Guildford 015A,Shoplifting,Unable to prosecute suspect,
5d5dba2080201cddfc3ace6a383a882f85ab56e6fc7ebe8d5ee787f4f8d2643d,2023-06,Surrey Police,Surrey Police,-0.576662,51.236833,On or near Shopping Area,E01030452,Guildford 015A,Shoplifting,Investigation complete; no suspect identified,
7a562c5c0a1326dfbf732b6f496aa4f698926f2a74a82b34cc60254bd1b92dcf,2023-06,Surrey Police,Surrey Police,-0.576662,51.236833,On or near Shopping Area,E01030452,Guildford 015A,Shoplifting,Formal action is not in the public interest,
0fd7c8ac52ae92ff4f54f7cc00acf268007a46d009d0d5a34f24566ee9f0ce78,2023-06,Surrey Police,Surrey Police,-0.576662,51.236833,On or near Shopping Area,E01030452,Guildford 015A,Shoplifting,Status update unavailable,
1422efaa49495cfce5c1771dbd6e06fb29365eb85acfc3dbcb87b41da294fc36,2023-06,Surrey Police,Surrey Police,-0.576662,51.236833,On or near Shopping Area,E01030452,Guildford 015A,Shoplifting,Local resolution,
ea04ba930146d383e415e7752f215065cbe688424072057067318bbc492d7f90,2023-06,Surrey Police,Surrey Police,-0.576662,51.236833,On or near Shopping Area,E01030452,Guildford 015A,Shoplifting,Local resolution,
53720c18aa2c31988f3233f904e28d8cac221c5e3007b59051d25e9de0fd1838,2023-06,Surrey Police,Surrey Police,-0.576662,51.236833,On or near Shopping Area,E01030452,Guildford 015A,Shoplifting,Local resolution,
03a6fb90fd73118320803af592dc22a50a140a1afffa24544db803f312f8f084,2023-06,Surrey Police,Surrey Police,-0.576937,51.237646,On or near Onslow Street,E01030452,Guildford 015A,Shoplifting,Local resolution,
9f3ae0419257d67413fb33f075624cebb912eafb90938644248c9c731b2bb457,2023-06,Surrey Police,Surrey Police,-0.576662,51.236833,On or near Shopping Area,E01030452,Guildford 015A,Shoplifting,Investigation complete; no suspect identified,
680d68850df43e928b6f1dac054e9e12ccb280d8ea19d2998696c16533908122,2023-06,Surrey Police,Surrey Police,-0.576662,51.236833,On or near Shopping Area,E01030452,Guildford 015A,Shoplifting,Status update unavailable,
53861c9ed161a1ffc4017ec8353310148d1680d4576976b03dc94bdd48ee24be,2023-06,Surrey Police,Surrey Police,-0.576662,51.236833,On or near Shopping Area,E01030452,Guildford 015A,Shoplifting,Investigation complete; no suspect identified,
d39dcb81b4154ee7bece945c6f2b36069ea0d8313e12db2c23d37e4a69bc86d0,2023-06,Surrey Police,Surrey Police,-0.577752,51.237242,On or near Fays Passage,E01030452,Guildford 015A,Shoplifting,Investigation complete; no suspect identified,
bb671af0f4a5a69f2ddafa8efd5efa67c1b376c0f7ea155e0e1a9795dd872387,2023-06,Surrey Police,Surrey Police,-0.575928,51.237390,On or near Guildford Friary Bus Station,E01030452,Guildford 015A,Shoplifting,Investigation complete; no suspect identified,
af6c0a87011a702f89eb82e02a082f427c8f415306f4ddc7f51ad2c79ca2dc6e,2023-06,Surrey Police,Surrey Police,-0.577752,51.237242,On or near Fays Passage,E01030452,Guildford 015A,Shoplifting,Investigation complete; no suspect identified,
0255900cba53fe4f006d7fcf976e053714fdd0eace29cc25181a2b08823dc671,2023-06,Surrey Police,Surrey Police,-0.575665,51.237117,On or near Commercial Road,E01030452,Guildford 015A,Shoplifting,Investigation complete; no suspect identified,
f32a1e16f8efe49b72ebcecaba628df816ab12490fbbf36fda49f73e5f6c0410,2023-06,Surrey Police,Surrey Police,-0.576937,51.237646,On or near Onslow Street,E01030452,Guildford 015A,Shoplifting,Unable to prosecute suspect,
ff7e0600bf8e89923346a6580b078850d251a9cffdb374a40a5b1b4e40021ed3,2023-06,Surrey Police,Surrey Police,-0.576662,51.236833,On or near Shopping Area,E01030452,Guildford 015A,Shoplifting,Investigation complete; no suspect identified,
1d151965c4bc2b1cf46e5142dce87a788b02d38801f104acf0af2919db641148,2023-06,Surrey Police,Surrey Police,-0.575928,51.237390,On or near Guildford Friary Bus Station,E01030452,Guildford 015A,Shoplifting,Investigation complete; no suspect identified,
00411f5dd98bcc8ed52985b9bccf4a0cde8e32fba46480a1f87884d486d16550,2023-06,Surrey Police,Surrey Police,-0.575928,51.237390,On or near Guildford Friary Bus Station,E01030452,Guildford 015A,Shoplifting,Investigation complete; no suspect identified,
a9bdf597a71906837e20a26d064fd7bea4e8ce47b0450b40aad3ef0fac3daa03,2023-06,Surrey Police,Surrey Police,-0.576662,51.236833,On or near Shopping Area,E01030452,Guildford 015A,Shoplifting,Investigation complete; no suspect identified,
812c26f9b395aa1e73677c98d2893562e2128469d1d68b073bafe9bbe8115fe5,2023-06,Surrey Police,Surrey Police,-0.578568,51.237270,On or near Parking Area,E01030452,Guildford 015A,Violence and sexual offences,Unable to prosecute suspect,
e3107022a0beaf891f49be38080d07d327dec11fe1fdf8ae176bf3a556315b47,2023-06,Surrey Police,Surrey Police,-0.584088,51.236186,On or near Genyn Road,E01030452,Guildford 015A,Violence and sexual offences,Investigation complete; no suspect identified,
ac6a860e72c39240758f694635a46c3b9555e5cfbf7cd2b22274853c14e9702c,2023-06,Surrey Police,Surrey Police,-0.576662,51.236833,On or near Shopping Area,E01030452,Guildford 015A,Violence and sexual offences,Unable to prosecute suspect,
5f4b16f993921bf03956f102efefceb45903aaafcb2da308eda0e21d7c695ee9,2023-06,Surrey Police,Surrey Police,-0.578593,51.236461,On or near Bridge Street,E01030452,Guildford 015A,Violence and sexual offences,Investigation complete; no suspect identified,
774dac975ce96f68f7381be3f7997f98905091f896538db77f8ae20e1e17ac1b,2023-06,Surrey Police,Surrey Police,-0.584088,51.236186,On or near Genyn Road,E01030452,Guildford 015A,Violence and sexual offences,Unable to prosecute suspect,
aa9f650bc9bb7ef7294d0f58c3b1fb325dcf2a193b8c354a9bbb83ce6790f640,2023-06,Surrey Police,Surrey Police,-0.584088,51.236186,On or near Genyn Road,E01030452,Guildford 015A,Violence and sexual offences,Unable to prosecute suspect,
85d1bca670e8f4f9e4dae8c0dd103bd46935008e431970662d8d3769b13c98d7,2023-06,Surrey Police,Surrey Police,-0.578416,51.238482,On or near Bedford Road,E01030452,Guildford 015A,Violence and sexual offences,Further investigation is not in the public interest,
f996d341d8542f3f53ae98f4e170f2359e88a81d5c2b667b23673ec6257d555d,2023-06,Surrey Police,Surrey Police,-0.584088,51.236186,On or near Genyn Road,E01030452,Guildford 015A,Violence and sexual offences,Unable to prosecute suspect,
66a0e30955c57b4a6ca8a5ebe73e9e2083411ed350ac59c99855b0aa8483540b,2023-06,Surrey Police,Surrey Police,-0.576662,51.236833,On or near Shopping Area,E01030452,Guildford 015A,Violence and sexual offences,Investigation complete; no suspect identified,
34cc3c67eccea21abfabab4cb8a1bf2e89380895cd48296f099efa82d0b5bb7a,2023-06,Surrey Police,Surrey Police,-0.576662,51.236833,On or near Shopping Area,E01030452,Guildford 015A,Violence and sexual offences,Unable to prosecute suspect,
e8956541c8ed4f1deb3f662530c806f7e2b564cb307eefdf72bc948507471db6,2023-06,Surrey Police,Surrey Police,-0.577752,51.237242,On or near Fays Passage,E01030452,Guildford 015A,Violence and sexual offences,Investigation complete; no suspect identified,
896ed09a19553dceb08b17c5258a9aeef5d2942371d9b3b3c145152f73c51db6,2023-06,Surrey Police,Surrey Police,-0.576662,51.236833,On or near Shopping Area,E01030452,Guildford 015A,Violence and sexual offences,Local resolution,
259fa0a1bdb2b033af86ef14fcd7975d02dbf7a877eaeed43ccc47921e11bc2a,2023-06,Surrey Police,Surrey Police,-0.581833,51.239629,On or near Station View,E01030452,Guildford 015A,Violence and sexual offences,Further investigation is not in the public interest,
58ae39fcb54a03f06fb24d8fe42ada201c024b39ad00a978d9e39764ae5a1a67,2023-06,Surrey Police,Surrey Police,-0.584088,51.236186,On or near Genyn Road,E01030452,Guildford 015A,Violence and sexual offences,Unable to prosecute suspect,
b97d10ed10dd8bf47f0945f265c024a408bf081992be89b5b6fdc35c542ad992,2023-06,Surrey Police,Surrey Police,-0.581833,51.239629,On or near Station View,E01030452,Guildford 015A,Violence and sexual offences,Unable to prosecute suspect,
30f609741836570d6d88f5b0d49008b0b005404b9499c77fae4694db980d22e2,2023-06,Surrey Police,Surrey Police,-0.575665,51.237117,On or near Commercial Road,E01030452,Guildford 015A,Violence and sexual offences,Further investigation is not in the public interest,
6a6633fdfa2fcbeecd9ae514ac048f1db9daf0c705e45b6aaba7ac0edf8121a7,2023-06,Surrey Police,Surrey Police,-0.584088,51.236186,On or near Genyn Road,E01030452,Guildford 015A,Violence and sexual offences,Unable to prosecute suspect,
23b59bd6cf1b1470c7e7c8952efe115ab5a88d8adc499be3dfe0f212e1e43f1b,2023-06,Surrey Police,Surrey Police,-0.578568,51.237270,On or near Parking Area,E01030452,Guildford 015A,Violence and sexual offences,Unable to prosecute suspect,
9e24d910d8060f7e9aead93b39c467c4584b0dadaf3ee2736404021f7be00b5a,2023-06,Surrey Police,Surrey Police,-0.575893,51.237509,On or near Bus/Coach Station,E01030452,Guildford 015A,Violence and sexual offences,Investigation complete; no suspect identified,
7a913016b9891f2c2e0b6ba7ddfd577c50ea04757d3e241de0e6e32f538d4fa3,2023-06,Surrey Police,Surrey Police,-0.575893,51.237509,On or near Bus/Coach Station,E01030452,Guildford 015A,Violence and sexual offences,Investigation complete; no suspect identified,
6a05d4b46d1acefd5c308bcbb6e525ed4c867092f7db968160b2ca3344550d1f,2023-06,Surrey Police,Surrey Police,-0.584088,51.236186,On or near Genyn Road,E01030452,Guildford 015A,Violence and sexual offences,Unable to prosecute suspect,
1afa48c18e4edb2a387823b576dfb5ca5ec7b601431844daf4110d27d9e905f3,2023-06,Surrey Police,Surrey Police,-0.578593,51.236461,On or near Bridge Street,E01030452,Guildford 015A,Violence and sexual offences,Investigation complete; no suspect identified,
83c50015fd5b9c5083fc216a1af14cb873bb66130334078b33e84b08aab8adca,2023-06,Surrey Police,Surrey Police,-0.584088,51.236186,On or near Genyn Road,E01030452,Guildford 015A,Violence and sexual offences,Unable to prosecute suspect,
20a04be96048d57e19dba9c1e1c1b3068038e9fa220443cba8984439cccc0b67,2023-06,Surrey Police,Surrey Police,-0.578593,51.236461,On or near Bridge Street,E01030452,Guildford 015A,Violence and sexual offences,Local resolution,
dd26b1245e7e4286cb947cfd5f1529958c867406581a9be51c8ea813515d8c2a,2023-06,Surrey Police,Surrey Police,-0.581169,51.238866,On or near Parking Area,E01030452,Guildford 015A,Violence and sexual offences,Unable to prosecute suspect,
0587d4690acefa19efb91f48deb4b2e4f425b10f11dbda84c74f77b7980eb589,2023-06,Surrey Police,Surrey Police,-0.584088,51.236186,On or near Genyn Road,E01030452,Guildford 015A,Violence and sexual offences,Unable to prosecute suspect,
da6a25ddf044acbfaa38f7634be02942861f2cc733906b5d909ecb791ec49130,2023-06,Surrey Police,Surrey Police,-0.577670,51.237270,On or near Nightclub,E01030452,Guildford 015A,Violence and sexual offences,Further investigation is not in the public interest,
08bafccbdd7319903880d777dbfa842c359b5021a9e1add0416864612716b151,2023-06,Surrey Police,Surrey Police,-0.578568,51.237270,On or near Parking Area,E01030452,Guildford 015A,Violence and sexual offences,Investigation complete; no suspect identified,
94f7df3cc6b6cc5a25fb10d7bb49be0dad06b55833c8b3c8f7328a3352c7e4bd,2023-06,Surrey Police,Surrey Police,-0.582472,51.236094,On or near Upperton Road,E01030452,Guildford 015A,Violence and sexual offences,Unable to prosecute suspect,
e958bbabc5d3aa0e3999514cc0cbff8a3bf2eed316b94316c30d26be71c7a6ef,2023-06,Surrey Police,Surrey Police,-0.578593,51.236461,On or near Bridge Street,E01030452,Guildford 015A,Violence and sexual offences,Unable to prosecute suspect,
7319ee05f1af2f55ec57b3b44f9327d82b9c8f467f7e6cdb03f60d766deac31e,2023-06,Surrey Police,Surrey Police,-0.584088,51.236186,On or near Genyn Road,E01030452,Guildford 015A,Violence and sexual offences,Unable to prosecute suspect,
c81f944d8f0081c30b2915d10cee96248d250b0afeac4235c0e9e032b3c7f694,2023-06,Surrey Police,Surrey Police,-0.577670,51.237270,On or near Nightclub,E01030452,Guildford 015A,Violence and sexual offences,Unable to prosecute suspect,
56572cc25839338f7047db3675716b04d661cfc50b7f082fd7bd6b298b5c8120,2023-06,Surrey Police,Surrey Police,-0.577752,51.237242,On or near Fays Passage,E01030452,Guildford 015A,Violence and sexual offences,Investigation complete; no suspect identified,
3da02fc363e2445b07f1340fb7456fc59f6335205b71dd844ccf6bac8b701d38,2023-06,Surrey Police,Surrey Police,-0.584088,51.236186,On or near Genyn Road,E01030452,Guildford 015A,Violence and sexual offences,Unable to prosecute suspect,
da29fc907e43dcf289624656eef6416c0cbf8c6b61a5f2b6a082f92a24bca163,2023-06,Surrey Police,Surrey Police,-0.580632,51.240001,On or near Walnut Tree Close,E01030452,Guildford 015A,Violence and sexual offences,Investigation complete; no suspect identified,
3f97b43b6383a11357dc9011d3e3618bae8f7fe8f21c99994101e3aee5a757cf,2023-06,Surrey Police,Surrey Police,-0.584088,51.236186,On or near Genyn Road,E01030452,Guildford 015A,Violence and sexual offences,Unable to prosecute suspect,
695b73fb30f26f35e8d2ba36cec36d14dbcf47a26d49774f0b66f1e56ac13420,2023-06,Surrey Police,Surrey Police,-0.584088,51.236186,On or near Genyn Road,E01030452,Guildford 015A,Violence and sexual offences,Unable to prosecute suspect,
c672dc75d89877c4980f13ae11d0a6f482632d22580479a902f6c2a6ea766014,2023-06,Surrey Police,Surrey Police,-0.584088,51.236186,On or near Genyn Road,E01030452,Guildford 015A,Violence and sexual offences,Unable to prosecute suspect,
1684660cfc1275e5627effc58ce9648114a2b038ed2968b69444bb64f1cbc375,2023-06,Surrey Police,Surrey Police,-0.584088,51.236186,On or near Genyn Road,E01030452,Guildford 015A,Violence and sexual offences,Unable to prosecute suspect,
d0d7d54615281e007bc1e45bbeef9934fbc51aac82bcb5335791cf7e08e694c1,2023-06,Surrey Police,Surrey Police,-0.582472,51.236094,On or near Upperton Road,E01030452,Guildford 015A,Violence and sexual offences,Unable to prosecute suspect,
6c31e9569a4e4b1cd51dc86b75d0ceee38c9610d9ff419a310a6e9436658fd9f,2023-06,Surrey Police,Surrey Police,-0.578416,51.238482,On or near Bedford Road,E01030452,Guildford 015A,Violence and sexual offences,Investigation complete; no suspect identified,
513659b5bbfc41e9af939d6bf924d8dd3d0e50cf60afb8751ac61a2f68d01609,2023-06,Surrey Police,Surrey Police,-0.584088,51.236186,On or near Genyn Road,E01030452,Guildford 015A,Violence and sexual offences,Local resolution,
6b582f3a6c6fee37288886753efca5bcf8a022a01e261b2475750c6fcca796c5,2023-06,Surrey Police,Surrey Police,-0.577670,51.237270,On or near Nightclub,E01030452,Guildford 015A,Violence and sexual offences,Unable to prosecute suspect,
,2023-06,Surrey Police,Surrey Police,-0.597394,51.231993,On or near The Drive,E01030467,Guildford 015B,Anti-social behaviour,,
,2023-06,Surrey Police,Surrey Police,-0.600099,51.234400,On or near Wilderness Road,E01030467,Guildford 015B,Anti-social behaviour,,
6a1b6d9ffbc8d69a003bdd2a578ff1e96d42a5f9c391ed9d12d1797812b7cbc4,2023-06,Surrey Police,Surrey Police,-0.601394,51.232901,On or near Sports/Recreation Area,E01030467,Guildford 015B,Criminal damage and arson,Investigation complete; no suspect identified,
28d6596a5e48b392926ea4a7f98832cfa54ee9673af87f4100c2aeb5223b3299,2023-06,Surrey Police,Surrey Police,-0.601394,51.232901,On or near Sports/Recreation Area,E01030467,Guildford 015B,Criminal damage and arson,Investigation complete; no suspect identified,
7cb08fba5fbe6c56fde26f8fed5150104d2065269ece7eabc7e12ccf53dca55b,2023-06,Surrey Police,Surrey Police,-0.601394,51.232901,On or near Sports/Recreation Area,E01030467,Guildford 015B,Criminal damage and arson,Investigation complete; no suspect identified,
b085ded5c3e43235eec9a8d81aa5623b74ffcbbc4cbab947f369a6e25ed2958a,2023-06,Surrey Police,Surrey Police,-0.600099,51.234400,On or near Wilderness Road,E01030467,Guildford 015B,Other theft,Investigation complete; no suspect identified,
ea32c730357924471e05aa441f9ac9b41b1579f25701580233f3d18330261e5a,2023-06,Surrey Police,Surrey Police,-0.599156,51.236700,On or near West Meads,E01030467,Guildford 015B,Other theft,Investigation complete; no suspect identified,
ed18122289e8cb01162a96ba45f2509c8e3269e08d64883d4f804ca7878b04d9,2023-06,Surrey Police,Surrey Police,-0.600099,51.234400,On or near Wilderness Road,E01030467,Guildford 015B,Public order,Investigation complete; no suspect identified,
3a311591534c6fda560ac6b07d5a1eb6f92cc49313f1efa0e1a684186bcb6a4a,2023-06,Surrey Police,Surrey Police,-0.604938,51.231634,On or near Manor Way,E01030467,Guildford 015B,Public order,Investigation complete; no suspect identified,
a50d66bb82a0478b782f44cceda3d85caba41dbd818259a7b6c30965852c32ad,2023-06,Surrey Police,Surrey Police,-0.601394,51.232901,On or near Sports/Recreation Area,E01030467,Guildford 015B,Robbery,Status update unavailable,
6d2fe351bed0057a557921ea69aa070146cb7943847d95e4262aa65b9463c4fa,2023-06,Surrey Police,Surrey Police,-0.600099,51.234400,On or near Wilderness Road,E01030467,Guildford 015B,Theft from the person,Investigation complete; no suspect identified,
dc4802b233f46568feba0ca407460050e7d710640d77fc71207f5ab8cffc017f,2023-06,Surrey Police,Surrey Police,-0.600099,51.234400,On or near Wilderness Road,E01030467,Guildford 015B,Violence and sexual offences,Investigation complete; no suspect identified,
88a8c45f1533d87f7c671407bb60e240fa3ad3972833535c82b5a022b45b0237,2023-06,Surrey Police,Surrey Police,-0.600099,51.234400,On or near Wilderness Road,E01030467,Guildford 015B,Violence and sexual offences,Investigation complete; no suspect identified,
85c4f555c5b333eabae80e87a10233c3fbc0c48f744f877746c6b2fa249cfe72,2023-06,Surrey Police,Surrey Police,-0.600099,51.234400,On or near Wilderness Road,E01030467,Guildford 015B,Violence and sexual offences,Investigation complete; no suspect identified,
c54b970057b44802b3cc7bd3fec66f57bb26b0e2e8c835f7fa2edf4cf23fda46,2023-06,Surrey Police,Surrey Police,-0.601394,51.232901,On or near Sports/Recreation Area,E01030467,Guildford 015B,Violence and sexual offences,Investigation complete; no suspect identified,
7ee90c8188d29487409999071ad28e0415161fbc488a177084ada09b6ab83b6e,2023-06,Surrey Police,Surrey Police,-0.600099,51.234400,On or near Wilderness Road,E01030467,Guildford 015B,Violence and sexual offences,Investigation complete; no suspect identified,
d00fd3e8fa0620c1b2165549805d34a3f3758d51b25f4979d92c88d500321867,2023-06,Surrey Police,Surrey Police,-0.598630,51.232296,On or near The Crossways,E01030467,Guildford 015B,Violence and sexual offences,Unable to prosecute suspect,
484bd554f012b32565f17e0f824789d3396b870904f0d40537765f19ed08e310,2023-06,Surrey Police,Surrey Police,-0.598147,51.234538,On or near Bannister'S Road,E01030467,Guildford 015B,Violence and sexual offences,Action to be taken by another organisation,
7d70a5df9c79935b419442358811ed1a4d0f99f8f295bc746e238e3c4a6f4b3d,2023-06,Surrey Police,Surrey Police,-0.598630,51.232296,On or near The Crossways,E01030467,Guildford 015B,Violence and sexual offences,Further investigation is not in the public interest,
,2023-06,Surrey Police,Surrey Police,-0.596112,51.244918,On or near Midleton Road,E01030468,Guildford 015C,Anti-social behaviour,,
,2023-06,Surrey Police,Surrey Police,-0.586302,51.239647,On or near Scholars Walk,E01030468,Guildford 015C,Anti-social behaviour,,
,2023-06,Surrey Police,Surrey Police,-0.596112,51.244918,On or near Midleton Road,E01030468,Guildford 015C,Anti-social behaviour,,
,2023-06,Surrey Police,Surrey Police,-0.596112,51.244918,On or near Midleton Road,E01030468,Guildford 015C,Anti-social behaviour,,
ae78f2584be1fba34513643c6a87fea4ab0aef843b06e5baa8f6dc497b08ed69,2023-06,Surrey Police,Surrey Police,-0.587940,51.242570,On or near Further/Higher Educational Building,E01030468,Guildford 015C,Bicycle theft,Investigation complete; no suspect identified,
fec7081202b6c016d41bad0869a2ccb5a4fdb8c00ab37f0a2a34bb7369e6ceef,2023-06,Surrey Police,Surrey Police,-0.587940,51.242570,On or near Further/Higher Educational Building,E01030468,Guildford 015C,Burglary,Investigation complete; no suspect identified,
861e133275dd22fc81e1d2a3fe8fe7421016a52cc34a40ffc6937b5bbb7b958a,2023-06,Surrey Police,Surrey Police,-0.584660,51.238989,On or near Guildford Park Avenue,E01030468,Guildford 015C,Criminal damage and arson,Local resolution,
298bcecc2cd9bf4d3eb9c858563d63e9662090f4373bae1fceffd9f655df568f,2023-06,Surrey Police,Surrey Police,-0.589321,51.242121,On or near Further/Higher Educational Building,E01030468,Guildford 015C,Criminal damage and arson,Investigation complete; no suspect identified,
fbc0a795d792a64280b37e0b615c843c0d90e464dfdbe7c7b784f775c2348692,2023-06,Surrey Police,Surrey Police,-0.589321,51.242121,On or near Further/Higher Educational Building,E01030468,Guildford 015C,Criminal damage and arson,Investigation complete; no suspect identified,
727a6702a1b2094e7e57019e23c617a56af1d8bc07229b5d4738c92aa3f4d2bb,2023-06,Surrey Police,Surrey Police,-0.587940,51.242570,On or near Further/Higher Educational Building,E01030468,Guildford 015C,Drugs,Further investigation is not in the public interest,
85a1b6df21bca3bb3f315c02449cbbdbff49cfd6a5b4871dca9db040caaffaac,2023-06,Surrey Police,Surrey Police,-0.587940,51.242570,On or near Further/Higher Educational Building,E01030468,Guildford 015C,Other theft,Status update unavailable,
1a43ec1e08586f94c7d792f9085066b07ec9a8fc9a527d77b3dab977ee8494b7,2023-06,Surrey Police,Surrey Police,-0.586426,51.242131,On or near Further/Higher Educational Building,E01030468,Guildford 015C,Other theft,Investigation complete; no suspect identified,
dff5007e14e7ff0d0bea24df3de597d69840f4486a2670e962aaa517863caf7f,2023-06,Surrey Police,Surrey Police,-0.596112,51.244918,On or near Midleton Road,E01030468,Guildford 015C,Public order,Investigation complete; no suspect identified,
667987817682687a12f4bc12d6a04be1aa95575d2d3c172ff1136fcdaf21b0ff,2023-06,Surrey Police,Surrey Police,-0.586599,51.237906,On or near Supermarket,E01030468,Guildford 015C,Public order,Investigation complete; no suspect identified,
589e93b29617618404ec6ca360b2f26e61196ca59e6ba0a9d292870a6265139c,2023-06,Surrey Police,Surrey Police,-0.596112,51.244918,On or near Midleton Road,E01030468,Guildford 015C,Robbery,Investigation complete; no suspect identified,
285ef984f9a0f178fa6ab7d13981a62c63c3626cb29620e375de8ba5c663e1b2,2023-06,Surrey Police,Surrey Police,-0.586599,51.237906,On or near Supermarket,E01030468,Guildford 015C,Shoplifting,Investigation complete; no suspect identified,
9303a97d2ae23024dbce23574d0f76cf8294dd357f1db2dc504e06f51004ac15,2023-06,Surrey Police,Surrey Police,-0.591606,51.246087,On or near Deacon Field,E01030468,Guildford 015C,Shoplifting,Unable to prosecute suspect,
1e57982e0512258ff3313d838087e5d14acb1e736fa47353899bc4c639457620,2023-06,Surrey Police,Surrey Police,-0.589612,51.238591,On or near Sports/Recreation Area,E01030468,Guildford 015C,Violence and sexual offences,Status update unavailable,
d2d33de0819ce0e207c724bd8b5e857e03a084fbc52659fc09afb64bb00fc022,2023-06,Surrey Police,Surrey Police,-0.593027,51.237085,On or near The Quadrangle,E01030469,Guildford 015D,Public order,Local resolution,
d8d66aed6161b7affbfe46751032bd9fc3cc4322e00c22f6549553f65235863e,2023-06,Surrey Police,Surrey Police,-0.594002,51.238014,On or near Elmbank Avenue,E01030469,Guildford 015D,Public order,Investigation complete; no suspect identified,
e9e8dd6f8e8c2a07cd3c99cc9db10d60edca4c34caa9f3d3999ff5de739d0676,2023-06,Surrey Police,Surrey Police,-0.593027,51.237085,On or near The Quadrangle,E01030469,Guildford 015D,Public order,Unable to prosecute suspect,
,2023-06,Surrey Police,Surrey Police,-0.579428,51.233521,On or near Mount Pleasant,E01030448,Guildford 016A,Anti-social behaviour,,
ff0a0d946d0eabf5bc73494522dc7f7a53221d0f99942ae0412397a66ba4cbe4,2023-06,Surrey Police,Surrey Police,-0.586063,51.229213,On or near Guildown Avenue,E01030448,Guildford 016A,Other theft,Unable to prosecute suspect,
19d2ce7a4f8e5f72320c3f82bf0a5b01188bd466237a5271297de221e59acad4,2023-06,Surrey Police,Surrey Police,-0.583941,51.227902,On or near Guildown Road,E01030448,Guildford 016A,Other theft,Investigation complete; no suspect identified,
27477c4389188dfbb911e95327bdec1365d325e91eb79ea987d97674cf8b88b2,2023-06,Surrey Police,Surrey Police,-0.586426,51.233741,On or near Annandale Road,E01030448,Guildford 016A,Violence and sexual offences,Unable to prosecute suspect,
,2023-06,Surrey Police,Surrey Police,-0.576283,51.233789,On or near Millmead,E01030449,Guildford 016B,Anti-social behaviour,,
,2023-06,Surrey Police,Surrey Police,-0.578173,51.235206,On or near Park Street,E01030449,Guildford 016B,Anti-social behaviour,,
,2023-06,Surrey Police,Surrey Police,-0.578433,51.225362,On or near Ferry Lane,E01030449,Guildford 016B,Anti-social behaviour,,
4dab549ecce1b13158c4ad9edfe3c75c978bb2194ac752c69c72b861aff58653,2023-06,Surrey Police,Surrey Police,-0.578057,51.232929,On or near Millmead Terrace,E01030449,Guildford 016B,Burglary,Status update unavailable,
29b8ed22556f9ae17966c60d12fb9622be23bbc493bd3df5f44dd5640c6122e5,2023-06,Surrey Police,Surrey Police,-0.576283,51.233789,On or near Millmead,E01030449,Guildford 016B,Drugs,Status update unavailable,
b6cd1279a9c82da03743e8522f48497db40dafa7c9a5bd67df7e0017c6d194b0,2023-06,Surrey Police,Surrey Police,-0.579448,51.225896,On or near The Valley,E01030449,Guildford 016B,Other theft,Investigation complete; no suspect identified,
1ba84e0b228a4510cbec5d43fbd3f39764019228bf41ebbed9cc00b95491b9f5,2023-06,Surrey Police,Surrey Police,-0.576976,51.232691,On or near Bury Fields,E01030449,Guildford 016B,Public order,Investigation complete; no suspect identified,
75166af773cfbe3d0cbebe66f6d2ed9478c598b8104e9bb2920d6f6163873f1c,2023-06,Surrey Police,Surrey Police,-0.578833,51.229126,On or near Artington Walk,E01030449,Guildford 016B,Public order,Unable to prosecute suspect,
17fcac1e08205a33a2b26a54b8cd1996834b3ded920c427dbca01c79eeecdfe7,2023-06,Surrey Police,Surrey Police,-0.576235,51.232556,On or near Porridge Pot Alley,E01030449,Guildford 016B,Violence and sexual offences,Status update unavailable,
404caf7a744beb37ea045555d22dd53c38777f467f63d321ff3a93bd76579ab7,2023-06,Surrey Police,Surrey Police,-0.577949,51.235509,On or near Friary Bridge,E01030449,Guildford 016B,Violence and sexual offences,Investigation complete; no suspect identified,
ed0913559ab602651a6d076e0b2568b0e00a1ad65887d33a649bd1d894052dae,2023-06,Surrey Police,Surrey Police,-0.578173,51.235206,On or near Park Street,E01030449,Guildford 016B,Violence and sexual offences,Local resolution,
98516812ca98621b6c72775505be028e21375c684f21c1f16498fd4f309251cb,2023-06,Surrey Police,Surrey Police,-0.577949,51.235509,On or near Friary Bridge,E01030449,Guildford 016B,Violence and sexual offences,Unable to prosecute suspect,
9e06b10afa1ccf21621e496ed70adbb5a0d41f73eb338ee5ec6994b59e824b41,2023-06,Surrey Police,Surrey Police,-0.577949,51.235509,On or near Friary Bridge,E01030449,Guildford 016B,Violence and sexual offences,Unable to prosecute suspect,
,2023-06,Surrey Police,Surrey Police,-0.554570,51.234629,On or near Sells Close,E01030454,Guildford 016C,Anti-social behaviour,,
,2023-06,Surrey Police,Surrey Police,-0.560308,51.234385,On or near Addison Road,E01030454,Guildford 016C,Anti-social behaviour,,
af0c519b771e3fec0e08ebd0e724de2bc56f020feb0bfb45f6c978d971a99617,2023-06,Surrey Police,Surrey Police,-0.541324,51.236784,On or near Downside Road,E01030454,Guildford 016C,Public order,Investigation complete; no suspect identified,
23258e7fb55c1d3de98f07b255a7154c78071d4c098ff9170a83c3b198a673e1,2023-06,Surrey Police,Surrey Police,-0.541324,51.236784,On or near Downside Road,E01030454,Guildford 016C,Violence and sexual offences,Investigation complete; no suspect identified,
bfcc1326a397c9994440f71aa69dd18160f82357add6cd26054932bf12cd42db,2023-06,Surrey Police,Surrey Police,-0.558682,51.235075,On or near St Thomas'S Mews,E01030454,Guildford 016C,Violence and sexual offences,Further investigation is not in the public interest,
0eb001b386db99c5b253e0ff7eeb6ec56380e4014db07e24b3ded2947c645611,2023-06,Surrey Police,Surrey Police,-0.561126,51.234772,On or near Alexandra Place,E01030454,Guildford 016C,Violence and sexual offences,Unable to prosecute suspect,
,2023-06,Surrey Police,Surrey Police,-0.568158,51.225587,On or near Pilgrims' Way,E01030456,Guildford 016D,Anti-social behaviour,,
2ae9183878da88e36a04b41f97efc1f689b923f4e2b3e505ca8742414375d9f6,2023-06,Surrey Police,Surrey Police,-0.564937,51.231069,On or near Fort Road,E01030456,Guildford 016D,Vehicle crime,Investigation complete; no suspect identified,
5c51ad72eb3f6c240a511db427ab1846d12100bcef3ca0d3250228a83179bb0f,2023-06,Surrey Police,Surrey Police,-0.564937,51.231069,On or near Fort Road,E01030456,Guildford 016D,Vehicle crime,Investigation complete; no suspect identified,
,2023-06,Surrey Police,Surrey Police,-0.743622,51.213457,On or near Sands Road,E01030471,Guildford 017A,Anti-social behaviour,,
,2023-06,Surrey Police,Surrey Police,-0.733085,51.220727,On or near Binton Lane,E01030471,Guildford 017A,Anti-social behaviour,,
,2023-06,Surrey Police,Surrey Police,-0.739482,51.208287,On or near Smugglers' Way,E01030471,Guildford 017A,Anti-social behaviour,,
,2023-06,Surrey Police,Surrey Police,-0.733507,51.223087,On or near Thundery Hill,E01030471,Guildford 017A,Anti-social behaviour,,
6f2a53a29e966525f083d709afc25ca012e82e7d2cc6452c6959eacf05afd5fb,2023-06,Surrey Police,Surrey Police,-0.733909,51.208452,On or near Littleworth Road,E01030471,Guildford 017A,Burglary,Status update unavailable,
16072405b048009b017fcfb43bba0da9c8cc9a3e310b86d3ec3a3dc48fa5daa5,2023-06,Surrey Police,Surrey Police,-0.664074,51.227084,On or near Parking Area,E01030471,Guildford 017A,Violence and sexual offences,Action to be taken by another organisation,
,2023-06,Surrey Police,Surrey Police,-0.677941,51.221717,On or near Munday'S Boro,E01030472,Guildford 017B,Anti-social behaviour,,
,2023-06,Surrey Police,Surrey Police,-0.677941,51.221717,On or near Munday'S Boro,E01030472,Guildford 017B,Anti-social behaviour,,
8a5d007c2465c77ccd29899846f3f3653ae804a110e8d667b260868b06444dc6,2023-06,Surrey Police,Surrey Police,-0.677941,51.221717,On or near Munday'S Boro,E01030472,Guildford 017B,Public order,Investigation complete; no suspect identified,
892fd02df4fd045f331ed07b66a75e5e87ee9cd3e6b2ce143d1f00bd968e5588,2023-06,Surrey Police,Surrey Police,-0.639882,51.198261,On or near Quarry Road,E01030472,Guildford 017B,Violence and sexual offences,Unable to prosecute suspect,
c553e73e1a9607dee47ea34a3af043cda6aead550503498e45a8aaf3b8658d59,2023-06,Surrey Police,Surrey Police,-0.645973,51.197495,On or near Elstead Road,E01030472,Guildford 017B,Violence and sexual offences,Local resolution,
,2023-06,Surrey Police,Surrey Police,-0.585748,51.222672,On or near Police Station,E01030478,Guildford 017C,Anti-social behaviour,,
,2023-06,Surrey Police,Surrey Police,-0.585748,51.222672,On or near Police Station,E01030478,Guildford 017C,Anti-social behaviour,,
,2023-06,Surrey Police,Surrey Police,-0.585748,51.222672,On or near Police Station,E01030478,Guildford 017C,Anti-social behaviour,,
,2023-06,Surrey Police,Surrey Police,-0.585748,51.222672,On or near Police Station,E01030478,Guildford 017C,Anti-social behaviour,,
,2023-06,Surrey Police,Surrey Police,-0.585748,51.222672,On or near Police Station,E01030478,Guildford 017C,Anti-social behaviour,,
,2023-06,Surrey Police,Surrey Police,-0.585748,51.222672,On or near Police Station,E01030478,Guildford 017C,Anti-social behaviour,,
,2023-06,Surrey Police,Surrey Police,-0.585748,51.222672,On or near Police Station,E01030478,Guildford 017C,Anti-social behaviour,,
,2023-06,Surrey Police,Surrey Police,-0.585748,51.222672,On or near Police Station,E01030478,Guildford 017C,Anti-social behaviour,,
,2023-06,Surrey Police,Surrey Police,-0.585748,51.222672,On or near Police Station,E01030478,Guildford 017C,Anti-social behaviour,,
,2023-06,Surrey Police,Surrey Police,-0.585748,51.222672,On or near Police Station,E01030478,Guildford 017C,Anti-social behaviour,,
,2023-06,Surrey Police,Surrey Police,-0.585748,51.222672,On or near Police Station,E01030478,Guildford 017C,Anti-social behaviour,,
0aa4ecc0bbc225adee6d55bc4df1d00e4db450a654bb6412e9cd7cef05baca20,2023-06,Surrey Police,Surrey Police,-0.635808,51.215038,On or near Eastbury Lane,E01030478,Guildford 017C,Burglary,Status update unavailable,
5eb888fee1a66281d2d03879718914bbef62b94de6f41904091533d30606e823,2023-06,Surrey Police,Surrey Police,-0.630354,51.213554,On or near Fowlers Croft,E01030478,Guildford 017C,Criminal damage and arson,Investigation complete; no suspect identified,
a0790aa271a6cf7a68688ea0c896e300037c630cd2767efd9ff9a34ead1bbf8f,2023-06,Surrey Police,Surrey Police,-0.580723,51.218897,On or near Old Portsmouth Road,E01030478,Guildford 017C,Violence and sexual offences,Further investigation is not in the public interest,
614e1966d6dbec171a2f2162f8d91522e16f6335be9a1de70449585e1c79f6ae,2023-06,Surrey Police,Surrey Police,-0.630786,51.220249,On or near Down Lane,E01030478,Guildford 017C,Violence and sexual offences,Action to be taken by another organisation,
e2c02a67e20c03c549fb56a5adce71cb4f121cbf2622bf9269b41496072cb878,2023-06,Surrey Police,Surrey Police,-0.585748,51.222672,On or near Police Station,E01030478,Guildford 017C,Violence and sexual offences,Unable to prosecute suspect,
,2023-06,Surrey Police,Surrey Police,-0.566445,51.213876,On or near Weald Close,E01030479,Guildford 017D,Anti-social behaviour,,
,2023-06,Surrey Police,Surrey Police,-0.561290,51.213453,On or near Pound Place,E01030479,Guildford 017D,Anti-social behaviour,,
2c6bc9d595c67bb9131369acd7735feaf2d027fa211c02688a083c6e0d68e6fa,2023-06,Surrey Police,Surrey Police,-0.546780,51.214560,On or near Hornhatch Close,E01030479,Guildford 017D,Criminal damage and arson,Investigation complete; no suspect identified,
cadc26932a6bbc361b0a2ce0fb2b7354dbd499aa6bb4ea6f754b19dd2bfc171d,2023-06,Surrey Police,Surrey Police,-0.564828,51.212948,On or near Kings Road,E01030479,Guildford 017D,Drugs,Local resolution,
cd35277469bbe155ab555bc1dc6dee1de051842b12ddd9742ccbae71f818c15a,2023-06,Surrey Police,Surrey Police,-0.561290,51.213453,On or near Pound Place,E01030479,Guildford 017D,Public order,Investigation complete; no suspect identified,
4fb6b3cd39bee163a6fbbe18db6f1ca8d71fae5fc0e50d1f2453d26b39edf875,2023-06,Surrey Police,Surrey Police,-0.559511,51.213345,On or near Park/Open Space,E01030479,Guildford 017D,Public order,Unable to prosecute suspect,
b3e95f574110697e3b2a004b9cfd6ef80398aeaea5f5cd21ed44703d8bd48d9c,2023-06,Surrey Police,Surrey Police,-0.538153,51.213454,On or near Copse Close,E01030479,Guildford 017D,Vehicle crime,Investigation complete; no suspect identified,
74aaf7cbf202683a57cff94c4a5dea8ef75fabc3ed20b68c5eab2adfc7d3f1fa,2023-06,Surrey Police,Surrey Police,-0.546666,51.213623,On or near Hornhatch,E01030479,Guildford 017D,Other crime,Status update unavailable,
,2023-06,Surrey Police,Surrey Police,-0.567914,51.217284,On or near The Street,E01030480,Guildford 017E,Anti-social behaviour,,
,2023-06,Surrey Police,Surrey Police,-0.562476,51.213971,On or near Oakford Mews,E01030480,Guildford 017E,Anti-social behaviour,,
8384383553e2ae7cf97fea0380d0ccdebe57ebfe2139e484a8c8733293458918,2023-06,Surrey Police,Surrey Police,-0.568656,51.200747,On or near Foxburrow Hill Road,E01030480,Guildford 017E,Burglary,Status update unavailable,
26413deeda88583b0dc3573f1a2b2dc1fedae7f1508c258d5a667b3119cc86e6,2023-06,Surrey Police,Surrey Police,-0.548011,51.213190,On or near Hornhatch Lane,E01030480,Guildford 017E,Criminal damage and arson,Status update unavailable,
05fa741fb3dac17df3367262019340011d07142f76a1ea7f3e9d3dfc508419a2,2023-06,Surrey Police,Surrey Police,-0.567914,51.217284,On or near The Street,E01030480,Guildford 017E,Drugs,Court result unavailable,
0916358a7499e37236f8dcd3cad1308b61fd1459ece1e9b56132664d2c325a8e,2023-06,Surrey Police,Surrey Police,-0.570844,51.210063,On or near Stonebridge Fields,E01030480,Guildford 017E,Other theft,Status update unavailable,
1a440f2c4096204092ac6ab807defd97644d93f9e4490b86ca9e4a0407464e13,2023-06,Surrey Police,Surrey Police,-0.562971,51.207737,On or near Chinthurst Park,E01030480,Guildford 017E,Public order,Unable to prosecute suspect,
c38ea57681fe63407a2215dda87bdbdf8583328c6d2443dadc6e344a7cf73fb8,2023-06,Surrey Police,Surrey Police,-0.573311,51.211784,On or near Broadford Road,E01030480,Guildford 017E,Violence and sexual offences,Local resolution,
34b548056065c8cda4c2e3949804e4180b292e06b7c5293067b88a6cf761b7fe,2023-06,Surrey Police,Surrey Police,-0.573311,51.211784,On or near Broadford Road,E01030480,Guildford 017E,Violence and sexual offences,Status update unavailable,
d02bd0f17f1755548bbd916e100a02bd21c9b2e512a4776c7ba13e4d5d983f7b,2023-06,Surrey Police,Surrey Police,-0.566058,51.200222,On or near Park/Open Space,E01030480,Guildford 017E,Violence and sexual offences,Status update unavailable,
46c962ab4013bbaef19ec6234384bab2ddca38fa0b7bdac8c130914e8123e5e4,2023-06,Surrey Police,Surrey Police,-0.573311,51.211784,On or near Broadford Road,E01030480,Guildford 017E,Violence and sexual offences,Status update unavailable,
46628e624cb7b4dc227302444d95a46afd6bfd5adddc93c5e044eec5c52bb2e3,2023-06,Surrey Police,Surrey Police,-0.492860,51.219777,On or near Weston Yard,E01030490,Guildford 018A,Other theft,Investigation complete; no suspect identified,
3fae25dc2d83bd9cff85e2544d5a4cb719d7559c5f3f85168c9bcceb04b2652b,2023-06,Surrey Police,Surrey Police,-0.484848,51.200816,On or near Brook Hill,E01030490,Guildford 018A,Public order,Unable to prosecute suspect,
5fdfa3de9d9587ccbca5a33d433fbcf2df791b3c26c07aa64f5a86b42185cdba,2023-06,Surrey Police,Surrey Police,-0.495602,51.219552,On or near Weston Fields,E01030490,Guildford 018A,Public order,Unable to prosecute suspect,
ef3c9e3c4b0f205fe6fb3dc954fdebd0f3cc793998892602e775ce948d769b6c,2023-06,Surrey Police,Surrey Police,-0.495602,51.219552,On or near Weston Fields,E01030490,Guildford 018A,Public order,Court result unavailable,
7580f9c509119ee231542a21d665075f7611f217a8d4f1dd96f65fe06c889552,2023-06,Surrey Police,Surrey Police,-0.496085,51.218811,On or near Church Lane,E01030490,Guildford 018A,Public order,Status update unavailable,
27f8afa4ac22774fdaf55f45ce1db262789b0cc74cd5c6b8c981b46dd939f4ea,2023-06,Surrey Police,Surrey Police,-0.479353,51.210772,On or near Heath Lane,E01030490,Guildford 018A,Violence and sexual offences,Investigation complete; no suspect identified,
5cca32f98529799ef59750244a2eff5eb4e084f8fc53e771707c00aedfdd1f4b,2023-06,Surrey Police,Surrey Police,-0.484848,51.200816,On or near Brook Hill,E01030490,Guildford 018A,Violence and sexual offences,Unable to prosecute suspect,
,2023-06,Surrey Police,Surrey Police,-0.465500,51.218333,On or near Shere Lane,E01030491,Guildford 018B,Anti-social behaviour,,
,2023-06,Surrey Police,Surrey Police,-0.453477,51.217753,On or near Gravelpits Close,E01030491,Guildford 018B,Anti-social behaviour,,
,2023-06,Surrey Police,Surrey Police,-0.506576,51.220735,On or near Chilworth Road,E01030491,Guildford 018B,Anti-social behaviour,,
,2023-06,Surrey Police,Surrey Police,-0.456418,51.242413,On or near Fullers Farm Road,E01030491,Guildford 018B,Anti-social behaviour,,
42cea44af4c420a48769fdb42b78314e272dd876397365ccb2ab6fe99bb1104f,2023-06,Surrey Police,Surrey Police,-0.466089,51.219141,On or near Orchard Road,E01030491,Guildford 018B,Criminal damage and arson,Unable to prosecute suspect,
01696a85aa19c1409fb226f6f10e9d47b77e1ab2d1dd6ab41f585598d7cb94b9,2023-06,Surrey Police,Surrey Police,-0.467321,51.218717,On or near Willow Walk,E01030491,Guildford 018B,Other theft,Investigation complete; no suspect identified,
d59cf57a74a34ce3bc7bb3df4e561c05a1630390583ca61dc7b1a73d0ebea1b9,2023-06,Surrey Police,Surrey Police,-0.465500,51.218333,On or near Shere Lane,E01030491,Guildford 018B,Public order,Investigation complete; no suspect identified,
7ee6fd3cf6361d9ce3e4b75ad00bc4c92d154a5e26d0943eb0ba9d4bf6ec1861,2023-06,Surrey Police,Surrey Police,-0.451755,51.218719,On or near Queen Street,E01030491,Guildford 018B,Public order,Unable to prosecute suspect,
ae4a526a2c58955927d096202c7eb180eb9cbf59894e5d475526c4bb3c1897e3,2023-06,Surrey Police,Surrey Police,-0.461299,51.220230,On or near Gomshall Lane,E01030491,Guildford 018B,Public order,Unable to prosecute suspect,
18075fa119b1b1be797570fec5ef1a0647f87f2c0fb4289cdd9b374698ef53ad,2023-06,Surrey Police,Surrey Police,-0.464615,51.219985,On or near Middle Street,E01030491,Guildford 018B,Shoplifting,Unable to prosecute suspect,
19c42ea6819e92b303bdbce89d4e4340cd611bfb418b7ed586cdae986e83eed2,2023-06,Surrey Police,Surrey Police,-0.464615,51.219985,On or near Middle Street,E01030491,Guildford 018B,Shoplifting,Unable to prosecute suspect,
50bf40265e8ec803e966534a190f50f867875ca48260b809a700f83832887113,2023-06,Surrey Police,Surrey Police,-0.464615,51.219985,On or near Middle Street,E01030491,Guildford 018B,Violence and sexual offences,Unable to prosecute suspect,
b6c8da62ec44a74e0d16a03cfa6901000afffa6683756e982c2cd3b6c90c409e,2023-06,Surrey Police,Surrey Police,-0.453477,51.217753,On or near Gravelpits Close,E01030491,Guildford 018B,Other crime,Investigation complete; no suspect identified,
,2023-06,Surrey Police,Surrey Police,-0.412513,51.193526,On or near Horsham Road,E01030492,Guildford 018C,Anti-social behaviour,,
a34bdfb37b1726208019c9ba801991c1b301c882b25d4bb620a271f4f26c3953,2023-06,Surrey Police,Surrey Police,-0.446967,51.192514,On or near Parking Area,E01030492,Guildford 018C,Bicycle theft,Unable to prosecute suspect,
0769c456570d8073cefa41bb07b0ba0a6727d5ec7d4b3377bb03b7d6e009e5af,2023-06,Surrey Police,Surrey Police,-0.772783,51.329299,On or near Admiralty Way,E01022847,Hart 003B,Burglary,Investigation complete; no suspect identified,
72df1672dbea64236e678da1c5854560f38b77900d7325fa8b133bb95b5ab538,2023-06,Surrey Police,Surrey Police,-0.772783,51.329299,On or near Admiralty Way,E01022847,Hart 003B,Shoplifting,Investigation complete; no suspect identified,
2ef24859007c435efde3cf8bdb45b281568822c5c9ecfb93188d06ed9b4bbcee,2023-06,Surrey Police,Surrey Police,-0.772783,51.329299,On or near Admiralty Way,E01022847,Hart 003B,Shoplifting,Investigation complete; no suspect identified,
68adcdafa01f73541641cab4cbc8b1ca0d94fd0b163a604cd7e02a63ff54688c,2023-06,Surrey Police,Surrey Police,-0.772783,51.329299,On or near Admiralty Way,E01022847,Hart 003B,Vehicle crime,Investigation complete; no suspect identified,
fda240cc855b163fa2fb3e5f7606bd1dd9fa5937a06cbf0eef981c376faf69ab,2023-06,Surrey Police,Surrey Police,-0.291640,51.126851,On or near Capel Road,E01035330,Horsham 001E,Violence and sexual offences,Unable to prosecute suspect,
6c411dc9324daa09e1183bd4eba4dc0185e29bc1553de675fdfc056e53f4c6db,2023-06,Surrey Police,Surrey Police,-0.439001,51.435043,On or near The Clumps,E01002601,Hounslow 027B,Other theft,Investigation complete; no suspect identified,
9b5d4528d6822233fdaf7ff34bdc67a7e3327ef7b779026e029c9c11535af13f,2023-06,Surrey Police,Surrey Police,-0.439001,51.435043,On or near The Clumps,E01002601,Hounslow 027B,Vehicle crime,Court result unavailable,
,2023-06,Surrey Police,Surrey Police,-0.316304,51.388976,On or near Balaclava Road,E01002988,Kingston upon Thames 011C,Anti-social behaviour,,
5e685fd44ef9d43853cbb516e1e45a86bf82a49441486a3524ed0c82163e8939,2023-06,Surrey Police,Surrey Police,-0.316507,51.370517,On or near Clayton Park,E01002941,Kingston upon Thames 018B,Violence and sexual offences,Unable to prosecute suspect,
378e4175c47daab81c69a90f857a6067f0b6903e89d8764d5d3b10c5aa4f89c8,2023-06,Surrey Police,Surrey Police,-0.316507,51.370517,On or near Clayton Park,E01002941,Kingston upon Thames 018B,Violence and sexual offences,Unable to prosecute suspect,
a7a6658406923f51d7ce201cbd3bebd9ddbb94d833cb20d48185356111c810f8,2023-06,Surrey Police,Surrey Police,-0.131706,51.141392,On or near Shipleybridge Lane,E01031718,Mid Sussex 002A,Possession of weapons,Unable to prosecute suspect,
b1281d37336d7ba244bb878f4ab5c9d520995456e0459184539b975b7572c91d,2023-06,Surrey Police,Surrey Police,-0.131706,51.141392,On or near Shipleybridge Lane,E01031718,Mid Sussex 002A,Possession of weapons,Unable to prosecute suspect,
05f8d72057ed5f0c03c2ef9168e45bc53ec00353015258b42ac4d13b0d77a83c,2023-06,Surrey Police,Surrey Police,-0.131706,51.141392,On or near Shipleybridge Lane,E01031718,Mid Sussex 002A,Violence and sexual offences,Unable to prosecute suspect,
832763d76d8993fd85e86e7bdcae10d56f40c3ccfe0c8ba5f9046ee6c2be3852,2023-06,Surrey Police,Surrey Police,-0.087158,51.139719,On or near Green Lane,E01031723,Mid Sussex 005B,Violence and sexual offences,Unable to prosecute suspect,
776710f8925f279772990f331db40d55b3df5633fa59aa93d6f2acfc5616a43d,2023-06,Surrey Police,Surrey Police,-0.302061,51.320211,On or near Overdale,E01030506,Mole Valley 001A,Vehicle crime,Investigation complete; no suspect identified,
,2023-06,Surrey Police,Surrey Police,-0.297030,51.319662,On or near Craddocks Avenue,E01030506,Mole Valley 001A,Anti-social behaviour,,
,2023-06,Surrey Police,Surrey Police,-0.301734,51.306511,On or near Parker'S Hill,E01030509,Mole Valley 001C,Anti-social behaviour,,
,2023-06,Surrey Police,Surrey Police,-0.303451,51.307417,On or near Whitefriars Close,E01030509,Mole Valley 001C,Anti-social behaviour,,
2e86b931ef230c4e9897aa1eedbef3e806c575a804705de488803feb9ab1838c,2023-06,Surrey Police,Surrey Police,-0.295020,51.309615,On or near Howard Close,E01030509,Mole Valley 001C,Burglary,Status update unavailable,
dfda6c765a0ba28794cfc20b0b435913bf0aa589fd9bb122ed597dff41a53c32,2023-06,Surrey Police,Surrey Police,-0.296141,51.308012,On or near Dene Road,E01030509,Mole Valley 001C,Vehicle crime,Investigation complete; no suspect identified,
76d424924c2eea788b239f6a8cf6390a3017b9e3ae870f5a2211b3cff9c05ee1,2023-06,Surrey Police,Surrey Police,-0.298864,51.308870,On or near Parking Area,E01030509,Mole Valley 001C,Violence and sexual offences,Unable to prosecute suspect,
5cb939e5957e33647612e5b42f8582e593a0014a9ce6ff7cb75fde0849831200,2023-06,Surrey Police,Surrey Police,-0.295020,51.309615,On or near Howard Close,E01030509,Mole Valley 001C,Violence and sexual offences,Unable to prosecute suspect,
6971cfd7264afbec2a6a4c3a4db4cbb741843c7852d0a7f796ff37fe48b5363d,2023-06,Surrey Police,Surrey Police,-0.297064,51.318727,On or near Petters Road,E01030513,Mole Valley 001D,Vehicle crime,Investigation complete; no suspect identified,
eebfd3815a4c8930bf1fb90475758416df7a313014470f54420d7ef62f167249,2023-06,Surrey Police,Surrey Police,-0.291958,51.315964,On or near Epsom Road,E01030513,Mole Valley 001D,Violence and sexual offences,Unable to prosecute suspect,
5283692a2d844b4f625a1f2cafb8177ee45b154d6240ade2c708891f9030bc0d,2023-06,Surrey Police,Surrey Police,-0.291261,51.319272,On or near Craddock'S Close,E01030513,Mole Valley 001D,Burglary,Status update unavailable,
486f541c0937c6b0dfdc2434c65e70936d0bef739dda32623e26df3e1c7019d1,2023-06,Surrey Police,Surrey Police,-0.295177,51.317764,On or near Mead End,E01030513,Mole Valley 001D,Criminal damage and arson,Unable to prosecute suspect,
4654c994e9c0e300def74549ac1a486c009f8ec4c7c324dc032e0756b37d5220,2023-06,Surrey Police,Surrey Police,-0.294441,51.315155,On or near Stonny Croft,E01030513,Mole Valley 001D,Criminal damage and arson,Further investigation is not in the public interest,
93e3351992866bbcad921680043ad4d845ca54dd3b552b5198926dcec55a6e25,2023-06,Surrey Police,Surrey Police,-0.295177,51.317764,On or near Mead End,E01030513,Mole Valley 001D,Possession of weapons,Further action is not in the public interest,
7f78ee0807d88ff12794fd89a03295ee6b94da20ec09f303823941601ea0d682,2023-06,Surrey Police,Surrey Police,-0.294441,51.315155,On or near Stonny Croft,E01030513,Mole Valley 001D,Public order,Unable to prosecute suspect,
81b11078a9bad03fdb5253c57db07c7a95ff7ef16412b6e44877036bbd4cf0b0,2023-06,Surrey Police,Surrey Police,-0.296455,51.316965,On or near Bramley Way,E01030513,Mole Valley 001D,Vehicle crime,Investigation complete; no suspect identified,
518a8b7e09f3f0334562ea0707184b3cd6fc26564062ae46ef12985833602c0b,2023-06,Surrey Police,Surrey Police,-0.295177,51.317764,On or near Mead End,E01030513,Mole Valley 001D,Vehicle crime,Investigation complete; no suspect identified,
287c4859a6d2ae7076ab1091d8c645030aed18325e2469d898b6d8e18a482d31,2023-06,Surrey Police,Surrey Police,-0.291958,51.315964,On or near Epsom Road,E01030513,Mole Valley 001D,Violence and sexual offences,Further action is not in the public interest,
cde031ecc6c04898b54f604e6aa7464bb063548eb21d3ea1de5afcc37ed5ae1e,2023-06,Surrey Police,Surrey Police,-0.291958,51.315964,On or near Epsom Road,E01030513,Mole Valley 001D,Violence and sexual offences,Unable to prosecute suspect,
202d7963d9e4fa060974f9ed07cdec0d2c5efd6380f937d8d6a26148a575e9e9,2023-06,Surrey Police,Surrey Police,-0.302140,51.314574,On or near Walter'S Mead,E01030514,Mole Valley 001E,Violence and sexual offences,Unable to prosecute suspect,
,2023-06,Surrey Police,Surrey Police,-0.298053,51.310999,On or near Pound Court,E01030514,Mole Valley 001E,Anti-social behaviour,,
,2023-06,Surrey Police,Surrey Police,-0.303511,51.316680,On or near Rutland Close,E01030514,Mole Valley 001E,Anti-social behaviour,,
,2023-06,Surrey Police,Surrey Police,-0.302611,51.315804,On or near Meadow Road,E01030514,Mole Valley 001E,Anti-social behaviour,,
d9cab50ed54df9cc72596dc362147b1ebb2470323497644d334428f6cc824d85,2023-06,Surrey Police,Surrey Police,-0.301789,51.312797,On or near Crofton,E01030514,Mole Valley 001E,Burglary,Investigation complete; no suspect identified,
9d190847e8e5ecf550fd435428f9c58691a78686d2c54debff82e39f76291031,2023-06,Surrey Police,Surrey Police,-0.294918,51.313525,On or near Berry Meade Close,E01030514,Mole Valley 001E,Burglary,Status update unavailable,
95067a516ba48a734921ef32e9f40036a2455f2b6a0d25a1e0b3116278f19010,2023-06,Surrey Police,Surrey Police,-0.302140,51.314574,On or near Walter'S Mead,E01030514,Mole Valley 001E,Burglary,Status update unavailable,
19c712413f82b541d46a72e9241767d4f41603679657d291f04ad5b51ec44dd1,2023-06,Surrey Police,Surrey Police,-0.302140,51.314574,On or near Walter'S Mead,E01030514,Mole Valley 001E,Burglary,Status update unavailable,
5992c63d53015ce021690ef2947b586ee697679a731f298aa3595ddbc0cf8748,2023-06,Surrey Police,Surrey Police,-0.300708,51.317611,On or near Cray Avenue,E01030514,Mole Valley 001E,Burglary,Status update unavailable,
dfd9b0fc9f362efd0637f227c9201a81127dda6d0cd09d3043777705481652cf,2023-06,Surrey Police,Surrey Police,-0.298053,51.310999,On or near Pound Court,E01030514,Mole Valley 001E,Public order,Investigation complete; no suspect identified,
476bc5c52e936bd8a6003fb1f06bbb31ddda0d2800feecddc57d0e03d993a866,2023-06,Surrey Police,Surrey Police,-0.298451,51.310193,On or near Shopping Area,E01030514,Mole Valley 001E,Public order,Investigation complete; no suspect identified,
a8d62eac4c4e83bbd9e16b24a70a328276a52c39270939f970effb86fb7da482,2023-06,Surrey Police,Surrey Police,-0.298451,51.310193,On or near Shopping Area,E01030514,Mole Valley 001E,Shoplifting,Investigation complete; no suspect identified,
e528850e7627f84a7d5e4a48e7a72bf08c6d06f1aec0305c2ce9687e1d84288d,2023-06,Surrey Police,Surrey Police,-0.321301,51.308951,On or near Heathfield Close,E01030505,Mole Valley 002A,Drugs,Local resolution,
eae7f184f63bc8662dae6d920979f956fd985bbebf1ff5180886986c8fe673ef,2023-06,Surrey Police,Surrey Police,-0.309193,51.314766,On or near Balquhain Close,E01030507,Mole Valley 002B,Criminal damage and arson,Investigation complete; no suspect identified,
eb01389359bd98459723b9fa65d1e7a09a57681aef641164622d9144f39b3834,2023-06,Surrey Police,Surrey Police,-0.306079,51.321385,On or near Broadhurst,E01030507,Mole Valley 002B,Vehicle crime,Action to be taken by another organisation,
7a79c4b2aa7d78dadcc68935d4b4d4d91d4de1ac2905430e1284699d503082a4,2023-06,Surrey Police,Surrey Police,-0.312573,51.318466,On or near Woodlands Copse,E01030507,Mole Valley 002B,Vehicle crime,Investigation complete; no suspect identified,
94410b87333656a31eb836449938688a8bb519697ff64a109e404932b2a4a60d,2023-06,Surrey Police,Surrey Police,-0.315729,51.303215,On or near Kingfisher Close,E01030511,Mole Valley 002C,Other theft,Investigation complete; no suspect identified,
f50531b679f3219a1c3e311213d3b6ff42d070a30be9bc1b31e7b59759c2ca03,2023-06,Surrey Police,Surrey Police,-0.318630,51.308616,On or near West View,E01030511,Mole Valley 002C,Other theft,Unable to prosecute suspect,
933d11ebe1ee1661e523d3bae84e9a65f594a7676162debbdb68ebcd397d016c,2023-06,Surrey Police,Surrey Police,-0.315114,51.303539,On or near Duckworth Drive,E01030511,Mole Valley 002C,Violence and sexual offences,Investigation complete; no suspect identified,
,2023-06,Surrey Police,Surrey Police,-0.306462,51.314092,On or near Sports/Recreation Area,E01030512,Mole Valley 002D,Anti-social behaviour,,
caed1a244b8d377c6c9adeed0ed5a0d2f1d2aa764fc61553bfb0a1af772a5552,2023-06,Surrey Police,Surrey Police,-0.306740,51.312788,On or near Charlotte Close,E01030512,Mole Valley 002D,Vehicle crime,Investigation complete; no suspect identified,
608fceec205b2fa62be4a9689980cd940ae0fd8ad92956f81d6e5a1b1099cc45,2023-06,Surrey Police,Surrey Police,-0.336063,51.312156,On or near Supermarket,E01030548,Mole Valley 003A,Shoplifting,Court result unavailable,
,2023-06,Surrey Police,Surrey Police,-0.335708,51.304526,On or near Thornton Close,E01030548,Mole Valley 003A,Anti-social behaviour,,
,2023-06,Surrey Police,Surrey Police,-0.333690,51.313885,On or near Teazlewood Park,E01030548,Mole Valley 003A,Anti-social behaviour,,
,2023-06,Surrey Police,Surrey Police,-0.340186,51.305659,On or near Orchard Close,E01030548,Mole Valley 003A,Anti-social behaviour,,
,2023-06,Surrey Police,Surrey Police,-0.333617,51.306807,On or near Albany Park Road,E01030548,Mole Valley 003A,Anti-social behaviour,,
,2023-06,Surrey Police,Surrey Police,-0.335708,51.304526,On or near Thornton Close,E01030548,Mole Valley 003A,Anti-social behaviour,,
,2023-06,Surrey Police,Surrey Police,-0.333690,51.313885,On or near Teazlewood Park,E01030548,Mole Valley 003A,Anti-social behaviour,,
,2023-06,Surrey Police,Surrey Police,-0.338915,51.303897,On or near Park View Road,E01030548,Mole Valley 003A,Anti-social behaviour,,
9f36cb0b7ee26a1f83f5fb34b686da920c3f3d6be89105e329e9bbd0aa82dcb7,2023-06,Surrey Police,Surrey Police,-0.332842,51.307201,On or near Fairs Road,E01030548,Mole Valley 003A,Criminal damage and arson,Investigation complete; no suspect identified,
cd1e00bb2e5616e6b7ec3bfb5b18e4b9d304b55a78fda483e2c0b5caa8c9b6f2,2023-06,Surrey Police,Surrey Police,-0.336758,51.299289,On or near Randalls Road,E01030548,Mole Valley 003A,Other theft,Investigation complete; no suspect identified,
e80e30fc7639f81a76957527a3283d1e16af9acfec29ea46aba84e8283fe29eb,2023-06,Surrey Police,Surrey Police,-0.332842,51.307201,On or near Fairs Road,E01030548,Mole Valley 003A,Shoplifting,Investigation complete; no suspect identified,
9a96c6c03511b5846b9b3773ad3cd1938513515a71ff0478ede4e294a2518eba,2023-06,Surrey Police,Surrey Police,-0.336063,51.312156,On or near Supermarket,E01030548,Mole Valley 003A,Shoplifting,Investigation complete; no suspect identified,
7757f6ffeb89bcc1dcf450ce2af0f0af8a1273c1ceb74b176c4f3911f04e3fc6,2023-06,Surrey Police,Surrey Police,-0.336063,51.312156,On or near Supermarket,E01030548,Mole Valley 003A,Shoplifting,Further investigation is not in the public interest,
10d15792be80210a7de1c3b3c7b82c95c5cc31f593c7993429dc752e29d84cfc,2023-06,Surrey Police,Surrey Police,-0.342801,51.301964,On or near Randalls Road,E01030548,Mole Valley 003A,Vehicle crime,Investigation complete; no suspect identified,
4bf1f6a1d8bee58fe2d77d120c56b10ac28109df3737636d72bbaba1c2d48a77,2023-06,Surrey Police,Surrey Police,-0.342801,51.301964,On or near Randalls Road,E01030548,Mole Valley 003A,Violence and sexual offences,Unable to prosecute suspect,
563bca9aca7f766b02b304fa5653a8c0782cb5d1a94746523c8c211bcd36ed82,2023-06,Surrey Police,Surrey Police,-0.333617,51.306807,On or near Albany Park Road,E01030548,Mole Valley 003A,Violence and sexual offences,Unable to prosecute suspect,
9762331c0914cc5d82d58f8d37bd74dd56b1936445923d61e119128e340accae,2023-06,Surrey Police,Surrey Police,-0.332842,51.307201,On or near Fairs Road,E01030548,Mole Valley 003A,Violence and sexual offences,Status update unavailable,
cb2800c57739025e172f1f16ae82e2b73a42208bcb9d95b868acea2f6dfd6d08,2023-06,Surrey Police,Surrey Police,-0.333617,51.306807,On or near Albany Park Road,E01030548,Mole Valley 003A,Other crime,Action to be taken by another organisation,
5e12759b850c65add4bfbd0a60fc7ca29251105f00040eb655be39f34e0d0fb3,2023-06,Surrey Police,Surrey Police,-0.340308,51.304267,On or near Birch Avenue,E01030548,Mole Valley 003A,Other crime,Unable to prosecute suspect,
018ca734901e2a08fba4a8430889b90f63efe820988fa8df89c83df9844c5537,2023-06,Surrey Police,Surrey Police,-0.334312,51.303058,On or near Gaveston Road,E01030549,Mole Valley 003B,Violence and sexual offences,Unable to prosecute suspect,
,2023-06,Surrey Police,Surrey Police,-0.330829,51.306129,On or near Buffers Lane,E01030549,Mole Valley 003B,Anti-social behaviour,,
,2023-06,Surrey Police,Surrey Police,-0.337619,51.301253,On or near Tudor Walk,E01030549,Mole Valley 003B,Anti-social behaviour,,
98fe491b1e96bb377ed7bc523c47e19b9f28fcac1e0c42466632637058f815db,2023-06,Surrey Police,Surrey Police,-0.333365,51.303863,On or near Randalls Park Avenue,E01030549,Mole Valley 003B,Criminal damage and arson,Unable to prosecute suspect,
58e749f419f782956ca9626d7fa1f58a9fe75963a3b8678a6079b73febcb0bdd,2023-06,Surrey Police,Surrey Police,-0.330575,51.298104,On or near Petrol Station,E01030549,Mole Valley 003B,Criminal damage and arson,Investigation complete; no suspect identified,
37df1426debb583d5376a66a50e7eae5bcbd619e21032096cec3166d89cb8d15,2023-06,Surrey Police,Surrey Police,-0.335593,51.300954,On or near Randalls Way,E01030549,Mole Valley 003B,Criminal damage and arson,Investigation complete; no suspect identified,
ba6c6164858fe163e2c98be668fa23a14b7c516def6ab3ba2c851cda04413818,2023-06,Surrey Police,Surrey Police,-0.334274,51.296565,On or near Station Road,E01030549,Mole Valley 003B,Criminal damage and arson,Investigation complete; no suspect identified,
e22b35e0c420ead3618f675812533abe29469ce4d9b24e4874cf91bc55260ae1,2023-06,Surrey Police,Surrey Police,-0.331439,51.305922,On or near Kingston Road,E01030549,Mole Valley 003B,Drugs,Local resolution,
a0d08d8f0c10d6ad7589d68736097e681b96f38dc599f9f4beae7d778494c8e3,2023-06,Surrey Police,Surrey Police,-0.327734,51.305239,On or near Barnett Close,E01030549,Mole Valley 003B,Vehicle crime,Investigation complete; no suspect identified,
6fe18667659e816d274a69f8032a2f21b7f231c4991be8014b0ab68730002d64,2023-06,Surrey Police,Surrey Police,-0.327734,51.305239,On or near Barnett Close,E01030549,Mole Valley 003B,Violence and sexual offences,Status update unavailable,
79d1742d9c680c7a2c2fff149c2ca488c126c32ef7cdc52743d7ceaec2d5b0e5,2023-06,Surrey Police,Surrey Police,-0.337619,51.301253,On or near Tudor Walk,E01030549,Mole Valley 003B,Violence and sexual offences,Status update unavailable,
1f7a6e2aef5dfc4d28f35302e31e5ade0ec34f3139d988e92936edaf24445508,2023-06,Surrey Police,Surrey Police,-0.337619,51.301253,On or near Tudor Walk,E01030549,Mole Valley 003B,Violence and sexual offences,Further investigation is not in the public interest,
b43bf6e1a664a1db485cef17c1001c433cb9f5bf16ff3ab58ce7beedc3111e2e,2023-06,Surrey Police,Surrey Police,-0.330335,51.299584,On or near A245,E01030549,Mole Valley 003B,Violence and sexual offences,Unable to prosecute suspect,
f93c5acc056cf5a4d98be6c1620e023509eeeac548c5fa8408f37599fee611b1,2023-06,Surrey Police,Surrey Police,-0.337619,51.301253,On or near Tudor Walk,E01030549,Mole Valley 003B,Violence and sexual offences,Unable to prosecute suspect,
e0a895ee4cb7ac5879cf94bdf52003c0d57f3a455184cd82d79c9b8bf3f67b4d,2023-06,Surrey Police,Surrey Police,-0.332612,51.299311,On or near Parking Area,E01030549,Mole Valley 003B,Violence and sexual offences,Unable to prosecute suspect,
a63adaeadf5f3669ebf14376bebf6fa8371e96c7ebed694e0f4c0c4183ae1edb,2023-06,Surrey Police,Surrey Police,-0.334312,51.303058,On or near Gaveston Road,E01030549,Mole Valley 003B,Violence and sexual offences,Unable to prosecute suspect,
56ead21c1144005198f6b515074d26ac2eb663f849949083b14782cb775964d8,2023-06,Surrey Police,Surrey Police,-0.334274,51.296565,On or near Station Road,E01030549,Mole Valley 003B,Violence and sexual offences,Unable to prosecute suspect,
eb67d28d29cd366b4db60f6972f4843b2b45068248c0ef8a8e67e73db45d4aa6,2023-06,Surrey Police,Surrey Police,-0.331439,51.305922,On or near Kingston Road,E01030549,Mole Valley 003B,Violence and sexual offences,Unable to prosecute suspect,
878a674d0c679f26e37c437a78cd90bc44465872116ec11b19b427955401c438,2023-06,Surrey Police,Surrey Police,-0.329723,51.298667,On or near Park Rise Close,E01030549,Mole Valley 003B,Violence and sexual offences,Investigation complete; no suspect identified,
4edc44cb5732a5d3f437d6fb639c9fd7b5ad8a2d8a1ee09b3671081447ec7b4b,2023-06,Surrey Police,Surrey Police,-0.323454,51.302220,On or near Cressall Close,E01030550,Mole Valley 003C,Violence and sexual offences,Unable to prosecute suspect,
,2023-06,Surrey Police,Surrey Police,-0.330147,51.301992,On or near Petrol Station,E01030550,Mole Valley 003C,Anti-social behaviour,,
,2023-06,Surrey Police,Surrey Police,-0.328335,51.296993,On or near Fairfield Walk,E01030550,Mole Valley 003C,Anti-social behaviour,,
,2023-06,Surrey Police,Surrey Police,-0.323108,51.301082,On or near Levett Road,E01030550,Mole Valley 003C,Anti-social behaviour,,
,2023-06,Surrey Police,Surrey Police,-0.327924,51.296843,On or near Queen Anne'S Terrace,E01030550,Mole Valley 003C,Anti-social behaviour,,
,2023-06,Surrey Police,Surrey Police,-0.328422,51.295789,On or near Shopping Area,E01030550,Mole Valley 003C,Anti-social behaviour,,
,2023-06,Surrey Police,Surrey Police,-0.330474,51.295764,On or near North Street,E01030550,Mole Valley 003C,Anti-social behaviour,,
,2023-06,Surrey Police,Surrey Police,-0.323108,51.301082,On or near Levett Road,E01030550,Mole Valley 003C,Anti-social behaviour,,
,2023-06,Surrey Police,Surrey Police,-0.330474,51.295764,On or near North Street,E01030550,Mole Valley 003C,Anti-social behaviour,,
,2023-06,Surrey Police,Surrey Police,-0.330147,51.301992,On or near Petrol Station,E01030550,Mole Valley 003C,Anti-social behaviour,,
b333a0e0aed014d8898ce018f70ffb3c46b1e465ff05dbdfec2e0cba93819d4d,2023-06,Surrey Police,Surrey Police,-0.330463,51.296052,On or near Gravel Hill,E01030550,Mole Valley 003C,Burglary,Court result unavailable,
5262ac29769c7b5a39783ae3f3e627399a7bd763cfc257faa58f55f567d3b8f8,2023-06,Surrey Police,Surrey Police,-0.330147,51.301992,On or near Petrol Station,E01030550,Mole Valley 003C,Criminal damage and arson,Unable to prosecute suspect,
7e77db3b3c1b4c771f9f56270eb33647a7133bbe1437ee554240c0e91d8ef1e4,2023-06,Surrey Police,Surrey Police,-0.327863,51.295376,On or near High Street,E01030550,Mole Valley 003C,Criminal damage and arson,Unable to prosecute suspect,
4607ec2c4237949ea882bca2cf4d095867f32517f109cab06df894a45fcd881e,2023-06,Surrey Police,Surrey Police,-0.330474,51.295764,On or near North Street,E01030550,Mole Valley 003C,Criminal damage and arson,Unable to prosecute suspect,
0e28a48bbdda601c4fc4dc4ab6bec7b2a332f6fa62a931e899e4aea7dd324c34,2023-06,Surrey Police,Surrey Police,-0.330474,51.295764,On or near North Street,E01030550,Mole Valley 003C,Criminal damage and arson,Further action is not in the public interest,
79e624de42d3d410811a811b711d6aaa0f608d66ab7889bcf6c1bd912686943e,2023-06,Surrey Police,Surrey Police,-0.328335,51.296993,On or near Fairfield Walk,E01030550,Mole Valley 003C,Drugs,Unable to prosecute suspect,
db7948e2b79ebcb22e80e0d6671c676dede3874001a71df2b70151cb07bc92f1,2023-06,Surrey Police,Surrey Police,-0.321022,51.300080,On or near St John'S Close,E01030550,Mole Valley 003C,Drugs,Further investigation is not in the public interest,
a2d6d62ff4d44f9394aec10205ed0fdaedb415ae7569853804eebace2d3c8028,2023-06,Surrey Police,Surrey Police,-0.323108,51.301082,On or near Levett Road,E01030550,Mole Valley 003C,Other theft,Unable to prosecute suspect,
3dd4659951accb4be5e8d4f919050dbc1e105abda28884290044c152ab8ed8a9,2023-06,Surrey Police,Surrey Police,-0.329040,51.301283,On or near Woodvill Road,E01030550,Mole Valley 003C,Other theft,Unable to prosecute suspect,
e9e2283b20b57565c2642f2aaec9c4628f212f4c1f2ec9a1702ae497ffc5f4e1,2023-06,Surrey Police,Surrey Police,-0.327863,51.295376,On or near High Street,E01030550,Mole Valley 003C,Other theft,Investigation complete; no suspect identified,
444e001ef48ebab487aa87f631102dfa3e9c1131eb0fbac7f8bdf052d73cd0d9,2023-06,Surrey Police,Surrey Police,-0.328422,51.295789,On or near Shopping Area,E01030550,Mole Valley 003C,Other theft,Investigation complete; no suspect identified,
9042502e275e76b3c1881ff6dd453dbf06351362d532f77b2db84ce23c8f6c42,2023-06,Surrey Police,Surrey Police,-0.328175,51.297062,On or near Fairfield Road,E01030550,Mole Valley 003C,Public order,Court result unavailable,
e4a494705cd91b705b0d48471e4dbb94ac7fea580d4824bc68eec35c82719a3f,2023-06,Surrey Police,Surrey Police,-0.328175,51.297062,On or near Fairfield Road,E01030550,Mole Valley 003C,Public order,Court result unavailable,
5055b4bd6566454a53577d0514aa8f5408a9d649008d9531a1d01f63c3265f8d,2023-06,Surrey Police,Surrey Police,-0.328175,51.297062,On or near Fairfield Road,E01030550,Mole Valley 003C,Public order,Court result unavailable,
12c607ef87fd5893df4074e0eb5b49b9d8145011c3f93a0de60b3906d18191e0,2023-06,Surrey Police,Surrey Police,-0.328422,51.295789,On or near Shopping Area,E01030550,Mole Valley 003C,Public order,Court result unavailable,
de0b90394f65d1a9659619aba1117b588f452b0cb0a0d3404743b521ac263ab7,2023-06,Surrey Police,Surrey Police,-0.332946,51.296420,On or near Parking Area,E01030550,Mole Valley 003C,Public order,Investigation complete; no suspect identified,
a902bea8cb92d1ae1e29cc595448c9ffc671b4a4dc415364cd0905c2236162b2,2023-06,Surrey Police,Surrey Police,-0.328422,51.295789,On or near Shopping Area,E01030550,Mole Valley 003C,Public order,Investigation complete; no suspect identified,
067a835e7dd62421cfd439d6c749d0df92e20b81119175a89fb89a356aa7f819,2023-06,Surrey Police,Surrey Police,-0.328422,51.295789,On or near Shopping Area,E01030550,Mole Valley 003C,Public order,Investigation complete; no suspect identified,
34c95b2336a367cd306cda654cb1b3e071b8cc9c19d32a27a5a8650fd6cbab6e,2023-06,Surrey Police,Surrey Police,-0.328422,51.295789,On or near Shopping Area,E01030550,Mole Valley 003C,Public order,Investigation complete; no suspect identified,
db92c448676bef1c88b217a9324e4d8a44d3681a61bf8d537bd8974b6cfa08ed,2023-06,Surrey Police,Surrey Police,-0.328422,51.295789,On or near Shopping Area,E01030550,Mole Valley 003C,Shoplifting,Investigation complete; no suspect identified,
92eb5b86e3157b7d4b1edb35877f224e0f5564499fc089818df21ffddda7aa7b,2023-06,Surrey Police,Surrey Police,-0.328422,51.295789,On or near Shopping Area,E01030550,Mole Valley 003C,Shoplifting,Investigation complete; no suspect identified,
900254efba418ccf437e27b8fb5f56061dd58cb1b2e4183b99b7044a24974392,2023-06,Surrey Police,Surrey Police,-0.327863,51.295376,On or near High Street,E01030550,Mole Valley 003C,Shoplifting,Investigation complete; no suspect identified,
40be27856c37449e7f195191e7d7c73244a30eaeb906ffb1e4353747251121a0,2023-06,Surrey Police,Surrey Police,-0.328422,51.295789,On or near Shopping Area,E01030550,Mole Valley 003C,Shoplifting,Investigation complete; no suspect identified,
599176c8e1cd65b653ce6b93c69c4bf3056679aaf974483c423b93d86006fd0a,2023-06,Surrey Police,Surrey Police,-0.328422,51.295789,On or near Shopping Area,E01030550,Mole Valley 003C,Shoplifting,Investigation complete; no suspect identified,
3ad696046240f13d47965fc3ad9733c1eeee4418f66fe85da8dd898a18edca6c,2023-06,Surrey Police,Surrey Police,-0.328175,51.297062,On or near Fairfield Road,E01030550,Mole Valley 003C,Violence and sexual offences,Status update unavailable,
10c106a41dba2bffdc489115e05a1dcf35846e5c0c170f79deb86d1f6c6ae782,2023-06,Surrey Police,Surrey Police,-0.330147,51.301992,On or near Petrol Station,E01030550,Mole Valley 003C,Violence and sexual offences,Unable to prosecute suspect,
0dc14c71b4fede46f62f48e7a4de3ebd6807971b1d768c8098ea28e4447dab08,2023-06,Surrey Police,Surrey Police,-0.326127,51.302105,On or near Copthorne Road,E01030550,Mole Valley 003C,Violence and sexual offences,Unable to prosecute suspect,
e2a80c528495e23478f4bf2b8d6e7b078618ed57ebb91e875d8f8dd3ac7ecb9d,2023-06,Surrey Police,Surrey Police,-0.330147,51.301992,On or near Petrol Station,E01030550,Mole Valley 003C,Violence and sexual offences,Unable to prosecute suspect,
68589d77c8c9da0c50ab159340c8da38c9f2d87b160c04cdddf73cea9ebfbbac,2023-06,Surrey Police,Surrey Police,-0.323108,51.301082,On or near Levett Road,E01030550,Mole Valley 003C,Violence and sexual offences,Unable to prosecute suspect,
f2528980ec8b7d04dfb35dbb81b1045012eead67f31627796ba78927817a0ff6,2023-06,Surrey Police,Surrey Police,-0.328422,51.295789,On or near Shopping Area,E01030550,Mole Valley 003C,Violence and sexual offences,Unable to prosecute suspect,
6e4c1dffca29e2f4bdc66a5f531468bbfb4345f58e1751ec55f90f60b0b1a925,2023-06,Surrey Police,Surrey Police,-0.323108,51.301082,On or near Levett Road,E01030550,Mole Valley 003C,Violence and sexual offences,Unable to prosecute suspect,
f524a61fbceb9c4131c08ec393f4f05f3e734235af8b25920c0b0950e5b210aa,2023-06,Surrey Police,Surrey Police,-0.323108,51.301082,On or near Levett Road,E01030550,Mole Valley 003C,Violence and sexual offences,Unable to prosecute suspect,
72ad737b8a9891be3436fe79dacde8ebd916a7a7d0b220b094e1b4814a275232,2023-06,Surrey Police,Surrey Police,-0.328496,51.296914,On or near Queen Annes Court,E01030550,Mole Valley 003C,Violence and sexual offences,Unable to prosecute suspect,
6f23d647ddb21847bfd9fef0faadb40c863b115f9b45f6d0cf5846ec2c6315a0,2023-06,Surrey Police,Surrey Police,-0.328422,51.295789,On or near Shopping Area,E01030550,Mole Valley 003C,Violence and sexual offences,Unable to prosecute suspect,
560f02ad1a5ad1db48f287499353017f50c9d3eb97d3d836c43fc56ad974a404,2023-06,Surrey Police,Surrey Police,-0.331687,51.295530,On or near Supermarket,E01030550,Mole Valley 003C,Violence and sexual offences,Unable to prosecute suspect,
27f97c61b36233a93ad79f478b4bd971e152f3c6a1a81ffd8fe07d578e73bf31,2023-06,Surrey Police,Surrey Police,-0.331127,51.294757,On or near Bridge Street,E01030550,Mole Valley 003C,Violence and sexual offences,Investigation complete; no suspect identified,
4d272691b67e064cb26ca914c7bfe9ccd95a8a9f7bc2b43ef65aa0ba9d9d44d0,2023-06,Surrey Police,Surrey Police,-0.328422,51.295789,On or near Shopping Area,E01030550,Mole Valley 003C,Violence and sexual offences,Unable to prosecute suspect,
932a5652197d2840b5480c46b1c04e6ec71329b9bb8d404b54cf83b6d3ba15c2,2023-06,Surrey Police,Surrey Police,-0.328422,51.295789,On or near Shopping Area,E01030550,Mole Valley 003C,Violence and sexual offences,Unable to prosecute suspect,
f6f3a8f00197f311041da37b12a88b5493082c87722219dabb8fd19ccee2870d,2023-06,Surrey Police,Surrey Police,-0.332220,51.309719,On or near Ryelands Court,E01030551,Mole Valley 003D,Drugs,Court result unavailable,
,2023-06,Surrey Police,Surrey Police,-0.332641,51.312342,On or near Kingsbrook,E01030551,Mole Valley 003D,Anti-social behaviour,,
2b98df02e83cb415f61770a0e99a8c543d00ef0bb527da505fe361a59c4fe117,2023-06,Surrey Police,Surrey Police,-0.329914,51.311179,On or near Sandes Place,E01030551,Mole Valley 003D,Other theft,Investigation complete; no suspect identified,
0cbe61740820a0849d81c521a33c9016c3c11134ac84d3efa3b196f9fdcd8fd8,2023-06,Surrey Police,Surrey Police,-0.331393,51.311550,On or near Woodbridge Avenue,E01030551,Mole Valley 003D,Other theft,Investigation complete; no suspect identified,
ffdf1b495b70997cf5baa463117f542fb8e0eb6d0dc47ce5d8659d265e259b1c,2023-06,Surrey Police,Surrey Police,-0.333302,51.308358,On or near Lilliott'S Lane,E01030551,Mole Valley 003D,Possession of weapons,Further action is not in the public interest,
567a63587e5702ce0e1fe84d807af0013feadd2afa463bf6e081ca5fc5d97c42,2023-06,Surrey Police,Surrey Police,-0.329111,51.310385,On or near Clare Wood,E01030551,Mole Valley 003D,Public order,Investigation complete; no suspect identified,
94ee992ef8824e131b75250d89c5860eb7eea05d2a1f22d7ee6be187bd1ef41e,2023-06,Surrey Police,Surrey Police,-0.331017,51.312426,On or near Woodbridge Grove,E01030551,Mole Valley 003D,Violence and sexual offences,Further investigation is not in the public interest,
c054322f822b068906bd3c5fbde5d6805de48ce30793c46932719a1bc8d820c6,2023-06,Surrey Police,Surrey Police,-0.331017,51.312426,On or near Woodbridge Grove,E01030551,Mole Valley 003D,Violence and sexual offences,Further investigation is not in the public interest,
cb1e5f4dc003b9bbc4f2356044eca01247d482dff13f0c8daeb5ee86a77565b1,2023-06,Surrey Police,Surrey Police,-0.331169,51.309029,On or near Aperdele Road,E01030551,Mole Valley 003D,Violence and sexual offences,Unable to prosecute suspect,
e8c1426175bd49cb488d63a45f5b91932cfcdd39d6d8b36740c42e6885237327,2023-06,Surrey Police,Surrey Police,-0.307564,51.305993,On or near Elliston Way,E01030510,Mole Valley 004A,Other theft,Investigation complete; no suspect identified,
3783751e5d2f622b17011b34ca670e6c284a21021008890975bb8aa161ca4c5d,2023-06,Surrey Police,Surrey Police,-0.310272,51.305294,On or near Mole Valley Place,E01030510,Mole Valley 004A,Vehicle crime,Investigation complete; no suspect identified,
72ebe9dc90216ba61a9cd5a6fc22fec95c7d378640da617c80361afb65855854,2023-06,Surrey Police,Surrey Police,-0.308426,51.298946,On or near Aquila Close,E01030510,Mole Valley 004A,Violence and sexual offences,Unable to prosecute suspect,
72db2d29e9e2b3894470632055fcc5f5628f2ebd530550b8360ebe6d0bb40471,2023-06,Surrey Police,Surrey Police,-0.326906,51.295264,On or near Elm Road,E01030552,Mole Valley 004B,Violence and sexual offences,Unable to prosecute suspect,
,2023-06,Surrey Police,Surrey Police,-0.328514,51.294828,On or near Theatre/Concert Hall,E01030552,Mole Valley 004B,Anti-social behaviour,,
,2023-06,Surrey Police,Surrey Police,-0.329453,51.294257,On or near Parking Area,E01030552,Mole Valley 004B,Anti-social behaviour,,
,2023-06,Surrey Police,Surrey Police,-0.325980,51.293911,On or near Church Road,E01030552,Mole Valley 004B,Anti-social behaviour,,
,2023-06,Surrey Police,Surrey Police,-0.329453,51.294257,On or near Parking Area,E01030552,Mole Valley 004B,Anti-social behaviour,,
,2023-06,Surrey Police,Surrey Police,-0.321102,51.299452,On or near Linden Gardens,E01030552,Mole Valley 004B,Anti-social behaviour,,
,2023-06,Surrey Police,Surrey Police,-0.328514,51.294828,On or near Theatre/Concert Hall,E01030552,Mole Valley 004B,Anti-social behaviour,,
f05ecb9b3f4fd8481a8a0f35ed94f96c442d4c95f1c16a40b34d869494162cea,2023-06,Surrey Police,Surrey Police,-0.326906,51.295264,On or near Elm Road,E01030552,Mole Valley 004B,Criminal damage and arson,Investigation complete; no suspect identified,
348ca786ab095af309b2b377ef39d57b9f571e4238560571c470c8a21c67297f,2023-06,Surrey Police,Surrey Police,-0.322057,51.298450,On or near Tregarthen Place,E01030552,Mole Valley 004B,Criminal damage and arson,Investigation complete; no suspect identified,
8d779ad297d957fd003a8f026a7b43e2a076e552ae090b75bca9719a2969d8b9,2023-06,Surrey Police,Surrey Police,-0.326906,51.295264,On or near Elm Road,E01030552,Mole Valley 004B,Criminal damage and arson,Unable to prosecute suspect,
88bbdcd17b8fbddd7bc0405a2c83a754030a6190282d699fea8605ae5738f83d,2023-06,Surrey Police,Surrey Police,-0.328514,51.294828,On or near Theatre/Concert Hall,E01030552,Mole Valley 004B,Drugs,Local resolution,
2b33f44d7cda872176c1d149d2ce71b98146f937af7354902cf139c61444fcdc,2023-06,Surrey Police,Surrey Police,-0.328514,51.294828,On or near Theatre/Concert Hall,E01030552,Mole Valley 004B,Other theft,Investigation complete; no suspect identified,
5d7f8e14c385d7fe2578efe9397f978c5562430e255f04e57f3bc41252c0551e,2023-06,Surrey Police,Surrey Police,-0.326906,51.295264,On or near Elm Road,E01030552,Mole Valley 004B,Other theft,Investigation complete; no suspect identified,
169cbcfc6c2bb024e86279e55d05c06e448d4f5764c0deaa9775e3a3ec298f9a,2023-06,Surrey Police,Surrey Police,-0.318769,51.296568,On or near Homefield Close,E01030552,Mole Valley 004B,Public order,Local resolution,
d61e126f755d70efb605b446aa39e12dee053d6ed455e3b56db7da43f3feeb9a,2023-06,Surrey Police,Surrey Police,-0.326906,51.295264,On or near Elm Road,E01030552,Mole Valley 004B,Shoplifting,Investigation complete; no suspect identified,
ec13f1fbbc012d9e179b83c96de7452cf9a12f31373b015854b4ba66e0af8139,2023-06,Surrey Police,Surrey Police,-0.326906,51.295264,On or near Elm Road,E01030552,Mole Valley 004B,Shoplifting,Investigation complete; no suspect identified,
d9bc760d963ab8fd96acc6c73f95068738fc68944c645d86cb5b2216549c4ba6,2023-06,Surrey Police,Surrey Police,-0.326906,51.295264,On or near Elm Road,E01030552,Mole Valley 004B,Shoplifting,Court result unavailable,
4dfa1a41aadf59aaefe36f354f41a71b6859469ac2b705108b77189ecfc83299,2023-06,Surrey Police,Surrey Police,-0.326906,51.295264,On or near Elm Road,E01030552,Mole Valley 004B,Theft from the person,Investigation complete; no suspect identified,
9408b92cf5139f670c26d5299a7599d58ba27e6780ba0bdaea60c4b292a61903,2023-06,Surrey Police,Surrey Police,-0.319324,51.298653,On or near Homelands,E01030552,Mole Valley 004B,Vehicle crime,Investigation complete; no suspect identified,
e95cf30318123eabb81057dea7158437bb76a8d04d2887e7d7353a22ef9377bd,2023-06,Surrey Police,Surrey Police,-0.329335,51.294732,On or near Supermarket,E01030552,Mole Valley 004B,Violence and sexual offences,Investigation complete; no suspect identified,
6638a530cb234ed584f18e17e5939d8bcb5051f68173e89ccc9b5f1c5950a883,2023-06,Surrey Police,Surrey Police,-0.321706,51.296268,On or near St John'S Road,E01030552,Mole Valley 004B,Violence and sexual offences,Court result unavailable,
0293d56283c5e819bb3fe7448f804d2565daaa9832186f85a2a05525d756fea2,2023-06,Surrey Police,Surrey Police,-0.329335,51.294732,On or near Supermarket,E01030552,Mole Valley 004B,Violence and sexual offences,Unable to prosecute suspect,
08467b5e5a307990093d42c6f68b3c219a4e09309d02a2e69bf35819f5eb533d,2023-06,Surrey Police,Surrey Police,-0.328514,51.294828,On or near Theatre/Concert Hall,E01030552,Mole Valley 004B,Violence and sexual offences,Unable to prosecute suspect,
3d3b905250ba88e54548fd67a6feb6b49bed7157063295d0502c99c8e6bbbad7,2023-06,Surrey Police,Surrey Police,-0.328514,51.294828,On or near Theatre/Concert Hall,E01030552,Mole Valley 004B,Violence and sexual offences,Unable to prosecute suspect,
a01c1517023bd46bce88f77c623c6477fce9bf4b5a03fb80d54555dcb9a3ff65,2023-06,Surrey Police,Surrey Police,-0.328514,51.294828,On or near Theatre/Concert Hall,E01030552,Mole Valley 004B,Violence and sexual offences,Investigation complete; no suspect identified,
,2023-06,Surrey Police,Surrey Police,-0.327031,51.293413,On or near Parking Area,E01030553,Mole Valley 004C,Anti-social behaviour,,
,2023-06,Surrey Police,Surrey Police,-0.323462,51.291375,On or near St Nicholas Hill,E01030553,Mole Valley 004C,Anti-social behaviour,,
,2023-06,Surrey Police,Surrey Police,-0.323671,51.293122,On or near Highlands Close,E01030553,Mole Valley 004C,Anti-social behaviour,,
,2023-06,Surrey Police,Surrey Police,-0.318397,51.298892,On or near Melvinshaw,E01030553,Mole Valley 004C,Anti-social behaviour,,
e17cc27a3c22fea889e7d248e605aa6c5046810326df8a4c727e414726949cfc,2023-06,Surrey Police,Surrey Police,-0.327031,51.293413,On or near Parking Area,E01030553,Mole Valley 004C,Criminal damage and arson,Unable to prosecute suspect,
9ce05a0f84bcbb5b7d4926cea05893ccc92c1981e78703b3eac4ae25f5a40b53,2023-06,Surrey Police,Surrey Police,-0.322719,51.294053,On or near Poplar Avenue,E01030553,Mole Valley 004C,Vehicle crime,Investigation complete; no suspect identified,
39d749019044b8fbfadc957bfddd4af93cf2ff125a2314a53810907b78f41901,2023-06,Surrey Police,Surrey Police,-0.322799,51.294998,On or near Poplar Road,E01030553,Mole Valley 004C,Violence and sexual offences,Status update unavailable,
32dcb11275781fb4a2a67beaec17cc3d1d26ef7c681339be0d34f0a4fe855356,2023-06,Surrey Police,Surrey Police,-0.327031,51.293413,On or near Parking Area,E01030553,Mole Valley 004C,Violence and sexual offences,Unable to prosecute suspect,
9b08ed28ceded1c4d66294def1c70252081df958ee99e1ad9ec0e8be7f367c5f,2023-06,Surrey Police,Surrey Police,-0.327031,51.293413,On or near Parking Area,E01030553,Mole Valley 004C,Violence and sexual offences,Unable to prosecute suspect,
28f42c00ee69adda9c26672db8e0648b5acbd2715f9705d29c6a1eb1c609504f,2023-06,Surrey Police,Surrey Police,-0.318422,51.288011,On or near Yarm Court Road,E01030553,Mole Valley 004C,Violence and sexual offences,Unable to prosecute suspect,
194514e0555d179c82abd3b5170dbe0624b21809fb0340975945419563505108,2023-06,Surrey Police,Surrey Police,-0.321377,51.293098,On or near Highlands Avenue,E01030553,Mole Valley 004C,Violence and sexual offences,Further investigation is not in the public interest,
,2023-06,Surrey Police,Surrey Police,-0.315564,51.297511,On or near Parking Area,E01030554,Mole Valley 004D,Anti-social behaviour,,
,2023-06,Surrey Police,Surrey Police,-0.316606,51.288650,On or near Fir Tree Road,E01030554,Mole Valley 004D,Anti-social behaviour,,
1faad72b7faad652a30f1fd1cef0b8bb8cb45c3f38718ae65f05511fdf14f64a,2023-06,Surrey Police,Surrey Police,-0.318764,51.280606,On or near Crabtree Drive,E01030554,Mole Valley 004D,Burglary,Status update unavailable,
7a4c4652a40d0f182bda7c2b77eab7cdd80aac2c4432dd5156be930f34bc7e8c,2023-06,Surrey Police,Surrey Police,-0.314837,51.288787,On or near Reigate Road,E01030554,Mole Valley 004D,Criminal damage and arson,Investigation complete; no suspect identified,
1548eb8d34d663378536ad5de7045261b76ff7dc9b1d868f71c075de66d389d2,2023-06,Surrey Police,Surrey Police,-0.324257,51.286485,On or near Downs Lane,E01030554,Mole Valley 004D,Drugs,Local resolution,
054f55586560a6bc75e0405442c4edb4580805571e1d274b69b8483f0aca645f,2023-06,Surrey Police,Surrey Police,-0.321557,51.276761,On or near Mickleham Drive,E01030554,Mole Valley 004D,Drugs,Local resolution,
d23b7308d13da510bdcfcce2ec497db1b0b2e92175a95691ba157ad78510922a,2023-06,Surrey Police,Surrey Police,-0.317059,51.275851,On or near Cherkley Hill,E01030554,Mole Valley 004D,Other theft,Further investigation is not in the public interest,
6380d4daad16b169a7ebf950bec030ab08d583d4476d6cf3d44747bcf9919cf7,2023-06,Surrey Police,Surrey Police,-0.316976,51.290670,On or near B2033,E01030554,Mole Valley 004D,Public order,Local resolution,
,2023-06,Surrey Police,Surrey Police,-0.346719,51.294331,On or near Cannon Side,E01030539,Mole Valley 005A,Anti-social behaviour,,
,2023-06,Surrey Police,Surrey Police,-0.354469,51.297408,On or near Overlord Court,E01030539,Mole Valley 005A,Anti-social behaviour,,
db8967064416fc499fa5f28bc59e992a134308f6ddaa5dce90c7bb942831fb29,2023-06,Surrey Police,Surrey Police,-0.354469,51.297408,On or near Overlord Court,E01030539,Mole Valley 005A,Criminal damage and arson,Investigation complete; no suspect identified,
d75a373f82143705a8d4fb63771915f00cbddfcb9537580370535a11eae3d540,2023-06,Surrey Police,Surrey Police,-0.346719,51.294331,On or near Cannon Side,E01030539,Mole Valley 005A,Drugs,Unable to prosecute suspect,
73c31772df7b3d04b63e957209beb0cdd1f01f4fd4f38a44dd08a5e08edc9bb9,2023-06,Surrey Police,Surrey Police,-0.337152,51.290374,On or near Hawks Hill Court,E01030539,Mole Valley 005A,Other theft,Investigation complete; no suspect identified,
8d4c702339a729633071560b1c78b3e3d7ef3dc027e24a660afbf459dc7ce7e4,2023-06,Surrey Police,Surrey Police,-0.354469,51.297408,On or near Overlord Court,E01030539,Mole Valley 005A,Public order,Unable to prosecute suspect,
2d6174aabd221aa5c20a1dd67618d20177ce8ee01abd9c615c6a91eee9c98d42,2023-06,Surrey Police,Surrey Police,-0.337152,51.290374,On or near Hawks Hill Court,E01030539,Mole Valley 005A,Public order,Further investigation is not in the public interest,
0e59b5c987bb85a44860d5ff0c886c442ffba66d5d2407f5e8737ee2616a622d,2023-06,Surrey Police,Surrey Police,-0.336431,51.291659,On or near Elmer Mews,E01030539,Mole Valley 005A,Public order,Further investigation is not in the public interest,
415db225d6fe40f73a4a6a97d92617cfa0e8cc388f138c204ac40618d4ff2c01,2023-06,Surrey Police,Surrey Police,-0.354469,51.297408,On or near Overlord Court,E01030539,Mole Valley 005A,Public order,Unable to prosecute suspect,
bbe96438156d127832afb43ccc4dbc0bf7573257c64b6bfc955ea3021b3be762,2023-06,Surrey Police,Surrey Police,-0.354469,51.297408,On or near Overlord Court,E01030539,Mole Valley 005A,Public order,Unable to prosecute suspect,
5aa4bf8fae204901f77eb9e910077440a0b77399b67dfa77874fdb6f5a362715,2023-06,Surrey Police,Surrey Police,-0.346719,51.294331,On or near Cannon Side,E01030539,Mole Valley 005A,Public order,Unable to prosecute suspect,
1cb079ba6a0a4648396fdcb0ede85cdc14412596f9a83a168bd07eb4424cdde6,2023-06,Surrey Police,Surrey Police,-0.346719,51.294331,On or near Cannon Side,E01030539,Mole Valley 005A,Public order,Unable to prosecute suspect,
e509d1604e4caab6e6ef3630a67a5c2f9b9e5e6ac20fad5ddba2870881bc6b27,2023-06,Surrey Police,Surrey Police,-0.346719,51.294331,On or near Cannon Side,E01030539,Mole Valley 005A,Public order,Unable to prosecute suspect,
ade959c1395b68cc6ec3f5cb5f953bfdefe7ebcba3d8d57537d24bc506e58621,2023-06,Surrey Police,Surrey Police,-0.337152,51.290374,On or near Hawks Hill Court,E01030539,Mole Valley 005A,Shoplifting,Further investigation is not in the public interest,
5ae33097b0d1faf509b939ccbd49960c12b673b0981baf01b6ef0c329764ee83,2023-06,Surrey Police,Surrey Police,-0.355656,51.297101,On or near Shamrock Close,E01030539,Mole Valley 005A,Shoplifting,Investigation complete; no suspect identified,
54339dadf4f33ce01538b149e97272cd836209d680752131174d64b8b4a2b8f8,2023-06,Surrey Police,Surrey Police,-0.345901,51.296343,On or near Cannon Grove,E01030539,Mole Valley 005A,Vehicle crime,Investigation complete; no suspect identified,
7c7b9479ad1902c2c63d103a3634d8db94ccfa71721f9eb597d988c6909df4aa,2023-06,Surrey Police,Surrey Police,-0.346719,51.294331,On or near Cannon Side,E01030539,Mole Valley 005A,Violence and sexual offences,Investigation complete; no suspect identified,
30728918c0494cc36563cd7e7982f0a50c7588f0a9f9ddf631375ad5d4adfcee,2023-06,Surrey Police,Surrey Police,-0.346719,51.294331,On or near Cannon Side,E01030539,Mole Valley 005A,Violence and sexual offences,Unable to prosecute suspect,
6fda930e7c50df05b80d579e8a482559a1ee17fcedc764e228d98e25ff390515,2023-06,Surrey Police,Surrey Police,-0.354469,51.297408,On or near Overlord Court,E01030539,Mole Valley 005A,Violence and sexual offences,Unable to prosecute suspect,
2a85543352e943d414364a2fab926a39e13c4d214ae8e76105d736eb013b9430,2023-06,Surrey Police,Surrey Police,-0.354469,51.297408,On or near Overlord Court,E01030539,Mole Valley 005A,Violence and sexual offences,Unable to prosecute suspect,
eeb1fac63d1aa00ef76fae9803bd16780474286797ba02bb3a2d7d11405c0553,2023-06,Surrey Police,Surrey Police,-0.353195,51.296545,On or near Pound Crescent,E01030539,Mole Valley 005A,Violence and sexual offences,Investigation complete; no suspect identified,
505b411a297967f03b20b8094df7bc8628160e3c4579a11b310a9b8c5d41e578,2023-06,Surrey Police,Surrey Police,-0.354469,51.297408,On or near Overlord Court,E01030539,Mole Valley 005A,Other crime,Unable to prosecute suspect,
,2023-06,Surrey Police,Surrey Police,-0.345690,51.291430,On or near Norbury Place,E01030540,Mole Valley 005B,Anti-social behaviour,,
293dde53f752a6314a304e5edb9a11a1d248ac0e6f9576a4b0265932fa30bfc6,2023-06,Surrey Police,Surrey Police,-0.343021,51.287103,On or near Guildford Road,E01030540,Mole Valley 005B,Criminal damage and arson,Investigation complete; no suspect identified,
60ef6d898bdccee1192bd155b8671518d8999399eab13b08b1676b10b4274336,2023-06,Surrey Police,Surrey Police,-0.349658,51.291171,On or near Ferngrove Close,E01030540,Mole Valley 005B,Criminal damage and arson,Status update unavailable,
2338912f453d3871114da317cbc932f1a3ca253331b813a183d87c3dab8176b9,2023-06,Surrey Police,Surrey Police,-0.346592,51.291092,On or near The Croft,E01030540,Mole Valley 005B,Vehicle crime,Investigation complete; no suspect identified,
dafaf6c2e0eadf65ddaf760d1ea8907fa80915e4b68abbdf7d8596ce0eb51917,2023-06,Surrey Police,Surrey Police,-0.350720,51.292337,On or near The Ballands North,E01030540,Mole Valley 005B,Vehicle crime,Investigation complete; no suspect identified,
531d5abcb27cbea76ed416908b5e6c9ae3a4bbe31f657711167f9bbbb179271d,2023-06,Surrey Police,Surrey Police,-0.350943,51.282916,On or near Ridgeway Close,E01030540,Mole Valley 005B,Vehicle crime,Investigation complete; no suspect identified,
064b9e246ad006a6d250fcc8e86b4c7a4ce6ac6a43c7392d83db9d49db6ef9e4,2023-06,Surrey Police,Surrey Police,-0.350720,51.292337,On or near The Ballands North,E01030540,Mole Valley 005B,Vehicle crime,Investigation complete; no suspect identified,
b686eb5afa114f0bbc8df61438321c1ca468a37be7256189ed7e0ef312495cd5,2023-06,Surrey Police,Surrey Police,-0.339539,51.283843,On or near Young Street,E01030540,Mole Valley 005B,Violence and sexual offences,Unable to prosecute suspect,
d9c47d0c87cb1b82102c0764ee80b5365330982afe9e9c28fc95c5a609aeec23,2023-06,Surrey Police,Surrey Police,-0.348217,51.291762,On or near The Drive,E01030540,Mole Valley 005B,Violence and sexual offences,Unable to prosecute suspect,
,2023-06,Surrey Police,Surrey Police,-0.362712,51.286660,On or near Apple Tree Close,E01030541,Mole Valley 005C,Anti-social behaviour,,
92a6bd5955e9c5a703495b1e69637a3b0e6a7d8f8b27309e4cf033666b7951ea,2023-06,Surrey Police,Surrey Police,-0.360111,51.288000,On or near Parkwood Close,E01030541,Mole Valley 005C,Violence and sexual offences,Unable to prosecute suspect,
f72a497a7d6a2e8546d83976b7505489da68f840bc31158cef1d6328a7450979,2023-06,Surrey Police,Surrey Police,-0.355566,51.296020,On or near Cobham Road,E01030542,Mole Valley 005D,Shoplifting,Investigation complete; no suspect identified,
,2023-06,Surrey Police,Surrey Police,-0.363112,51.293150,On or near Bickney Way,E01030543,Mole Valley 005E,Anti-social behaviour,,
f6c647c46ffe0e154a6bab0e6b15d74a6ff48fac042b99e6388508023a3477f0,2023-06,Surrey Police,Surrey Police,-0.355887,51.298264,On or near Friars Orchard,E01030543,Mole Valley 005E,Criminal damage and arson,Investigation complete; no suspect identified,
1ece25524f3021d8bac28edc08e47ca769b8591c3a8d738661e51fda11acead0,2023-06,Surrey Police,Surrey Police,-0.363112,51.293150,On or near Bickney Way,E01030543,Mole Valley 005E,Other theft,Investigation complete; no suspect identified,
99e5698cc63effa731c020156eaf2feeb735cacfcd40d424aec9b234968b3abd,2023-06,Surrey Police,Surrey Police,-0.355906,51.299343,On or near River Lane,E01030543,Mole Valley 005E,Violence and sexual offences,Investigation complete; no suspect identified,
ea3d28562ba7fd7d11cf481eebe449f7d9fed0c7e88eb055a9ec496fe16044b4,2023-06,Surrey Police,Surrey Police,-0.359959,51.293492,On or near Warenne Road,E01030543,Mole Valley 005E,Violence and sexual offences,Unable to prosecute suspect,
d956c366a26d13ea7ce223a679924b5ae2de59869ef3dc2ac8f4496a9c8901ff,2023-06,Surrey Police,Surrey Police,-0.354843,51.298996,On or near Mole Road,E01030543,Mole Valley 005E,Violence and sexual offences,Further action is not in the public interest,
593b05eabfe6acdba61bcf658b37e595b766f7b11afe05806d6e28fbfbee091f,2023-06,Surrey Police,Surrey Police,-0.354843,51.298996,On or near Mole Road,E01030543,Mole Valley 005E,Violence and sexual offences,Unable to prosecute suspect,
afbd7f94e2c5691abb173ca0b7fd2f24332cbf0b085f8afd30f48a89d6b2ac98,2023-06,Surrey Police,Surrey Police,-0.354843,51.298996,On or near Mole Road,E01030543,Mole Valley 005E,Violence and sexual offences,Status update unavailable,
8cb35684f4d7242292386668bc5cbc502cc26d516ec2a2a2e3eb4fefd9aa9e71,2023-06,Surrey Police,Surrey Police,-0.373895,51.279406,On or near Lower Road,E01030516,Mole Valley 006A,Criminal damage and arson,Investigation complete; no suspect identified,
bd8dd81a68778a03720dba388f78c2fdfa5334e42aa81b8e1134e97028649075,2023-06,Surrey Police,Surrey Police,-0.378215,51.285410,On or near Lime Tree Close,E01030516,Mole Valley 006A,Public order,Investigation complete; no suspect identified,
360fe8f69e6eaaff213719fbb7b927e3cbcd577d05efbd4b7fd91abfc6f86f91,2023-06,Surrey Police,Surrey Police,-0.373895,51.279406,On or near Lower Road,E01030516,Mole Valley 006A,Shoplifting,Investigation complete; no suspect identified,
a7431624d641b6a52ac8dd9a4ea98b2b0e11a535fe65f7b6530a17f35d085f19,2023-06,Surrey Police,Surrey Police,-0.373895,51.279406,On or near Lower Road,E01030516,Mole Valley 006A,Shoplifting,Investigation complete; no suspect identified,
5f5986ee06fd44fe4d959f1cf1b234a2cb2292bed122912dedd23c34bbc29482,2023-06,Surrey Police,Surrey Police,-0.368069,51.281969,On or near St Nicholas Avenue,E01030516,Mole Valley 006A,Violence and sexual offences,Unable to prosecute suspect,
00f2076546c1865a802f24614c643b9db0af68ef1860dcbe7be8f675293478bb,2023-06,Surrey Police,Surrey Police,-0.376555,51.279605,On or near Post House Lane,E01030516,Mole Valley 006A,Violence and sexual offences,Unable to prosecute suspect,
aea981f7f01fbd94db921ac430e1bccc0c5bdbe0fbac7f437565b582096f42e4,2023-06,Surrey Police,Surrey Police,-0.373895,51.279406,On or near Lower Road,E01030516,Mole Valley 006A,Violence and sexual offences,Investigation complete; no suspect identified,
,2023-06,Surrey Police,Surrey Police,-0.390200,51.291076,On or near Park/Open Space,E01030517,Mole Valley 006B,Anti-social behaviour,,
,2023-06,Surrey Police,Surrey Police,-0.390200,51.291076,On or near Park/Open Space,E01030517,Mole Valley 006B,Anti-social behaviour,,
,2023-06,Surrey Police,Surrey Police,-0.380302,51.287220,On or near Merrylands Farm,E01030517,Mole Valley 006B,Anti-social behaviour,,
1f10578cb52db00eb007b16dbf107e85c34a4730fad0411a6dbe2746924be0ed,2023-06,Surrey Police,Surrey Police,-0.380302,51.287220,On or near Merrylands Farm,E01030517,Mole Valley 006B,Public order,Unable to prosecute suspect,
45d2dc360a415e6fdef2347853fc7c481562dac7ea42017795cdace479167dd6,2023-06,Surrey Police,Surrey Police,-0.380302,51.287220,On or near Merrylands Farm,E01030517,Mole Valley 006B,Violence and sexual offences,Unable to prosecute suspect,
b4155cea464028f5a0d3f49d98368691598078808ae2c80cf5dfde24ab558824,2023-06,Surrey Police,Surrey Police,-0.373730,51.289773,On or near Meadow Way,E01030517,Mole Valley 006B,Violence and sexual offences,Unable to prosecute suspect,
0e1d9aeecd083d0ec4cd90c0523fa0c0ab151b23b66bf5a921bf0b30a67ce375,2023-06,Surrey Police,Surrey Police,-0.380302,51.287220,On or near Merrylands Farm,E01030517,Mole Valley 006B,Violence and sexual offences,Unable to prosecute suspect,
,2023-06,Surrey Police,Surrey Police,-0.368139,51.288903,On or near Spring Grove,E01030518,Mole Valley 006C,Anti-social behaviour,,
,2023-06,Surrey Police,Surrey Police,-0.387321,51.278864,On or near Longmeadow,E01030519,Mole Valley 006D,Anti-social behaviour,,
dde1b5e835bec6511212185afcd55c40e088e1e87001be5f867cd4cb53b33ca5,2023-06,Surrey Police,Surrey Police,-0.384998,51.278859,On or near Ashley Close,E01030519,Mole Valley 006D,Criminal damage and arson,Unable to prosecute suspect,
bf1bec2c84294d6bbfb56e13d0203125f99e4d226f17e7419f0c9a0ff4007678,2023-06,Surrey Police,Surrey Police,-0.380466,51.279291,On or near Middlemead Close,E01030519,Mole Valley 006D,Public order,Unable to prosecute suspect,
74542024368e3319852c7c0ebacb14d0b4516f9ff8fa9a7472fbe212d5e9c8ba,2023-06,Surrey Police,Surrey Police,-0.381679,51.280270,On or near Middlemead Road,E01030519,Mole Valley 006D,Violence and sexual offences,Unable to prosecute suspect,
ac5c0652217fb738e6f6fe2277a5472ea475146b04ffdf2f7de43a4f35011901,2023-06,Surrey Police,Surrey Police,-0.384998,51.278859,On or near Ashley Close,E01030519,Mole Valley 006D,Violence and sexual offences,Further investigation is not in the public interest,
f627394166683d520fe40e776882eada7116fcdd32bd7276c12ebc37856c0495,2023-06,Surrey Police,Surrey Police,-0.380466,51.279291,On or near Middlemead Close,E01030519,Mole Valley 006D,Violence and sexual offences,Unable to prosecute suspect,
40a80fab29de7fc042166d738a5d060c632a213ae50ebe5d100ef337273263a3,2023-06,Surrey Police,Surrey Police,-0.372876,51.276604,On or near Bookham Grove,E01030520,Mole Valley 007A,Vehicle crime,Unable to prosecute suspect,
,2023-06,Surrey Police,Surrey Police,-0.371879,51.276024,On or near Chrystie Lane,E01030520,Mole Valley 007A,Anti-social behaviour,,
,2023-06,Surrey Police,Surrey Police,-0.371568,51.278313,On or near Fairfield Close,E01030520,Mole Valley 007A,Anti-social behaviour,,
d97af1578202d04582f54cf318c7d51b50abb9ac1815cda7ecffb38523fc05e7,2023-06,Surrey Police,Surrey Police,-0.369237,51.274908,On or near Dorking Road,E01030520,Mole Valley 007A,Public order,Unable to prosecute suspect,
a3c5d0d535e945a0b08f7c75c6e59daf37ddda79c4b022b8216a0de4ebeaa39f,2023-06,Surrey Police,Surrey Police,-0.370937,51.277099,On or near The Paddocks,E01030520,Mole Valley 007A,Public order,Status update unavailable,
6008719af1227443695df297524c084e05be0e0e70dabc9cd8acb8abe1f39fe5,2023-06,Surrey Police,Surrey Police,-0.371933,51.275287,On or near White Way,E01030520,Mole Valley 007A,Public order,Unable to prosecute suspect,
e4f1f42c3c1cf0bfe3fad5f29c9bf70c1784d58b8f2dea2749ca9ab9b1636450,2023-06,Surrey Police,Surrey Police,-0.372557,51.274676,On or near Gardener'S Walk,E01030520,Mole Valley 007A,Violence and sexual offences,Unable to prosecute suspect,
,2023-06,Surrey Police,Surrey Police,-0.376415,51.274244,On or near Manor Place,E01030521,Mole Valley 007B,Anti-social behaviour,,
,2023-06,Surrey Police,Surrey Police,-0.375214,51.259911,On or near Parking Area,E01030521,Mole Valley 007B,Anti-social behaviour,,
599a097a9baa7002c66bc3a1b04842c037d03492abe55a1a9070ff8dbb1a651c,2023-06,Surrey Police,Surrey Police,-0.373092,51.276985,On or near Parking Area,E01030521,Mole Valley 007B,Burglary,Status update unavailable,
202227d94b132fde1be8eaee99773d5a7753ab4af671fbdae1a84af7ce4252b7,2023-06,Surrey Police,Surrey Police,-0.378004,51.275534,On or near Hawkwood Rise,E01030521,Mole Valley 007B,Criminal damage and arson,Investigation complete; no suspect identified,
82fb3a29c9ed7c6d0ba722f2bdab99932bb1a7eeb4c4c9f1e5214f82997f06ba,2023-06,Surrey Police,Surrey Police,-0.374783,51.270921,On or near Dowlans Close,E01030521,Mole Valley 007B,Criminal damage and arson,Status update unavailable,
9618a9ae64c3afd1fdbdda7238e57ceba8c73696d4372c1debb9b84a773dbeba,2023-06,Surrey Police,Surrey Police,-0.378004,51.275534,On or near Hawkwood Rise,E01030521,Mole Valley 007B,Criminal damage and arson,Investigation complete; no suspect identified,
e87b263c26ccfaa8b5ba1da5d1cfc0c68286c025575f0956ca08cf41f0903b7a,2023-06,Surrey Police,Surrey Police,-0.387147,51.269095,On or near Petrol Station,E01030521,Mole Valley 007B,Shoplifting,Investigation complete; no suspect identified,
a867c5c24c36e97f5473ef04c63036ced073a76f55ad943e971edf894c39c970,2023-06,Surrey Police,Surrey Police,-0.373302,51.278337,On or near High Street,E01030521,Mole Valley 007B,Vehicle crime,Investigation complete; no suspect identified,
40249926ba3a5c1a0926c6f046127e563c18e3e06250321aa52bbc3e1ce84b78,2023-06,Surrey Police,Surrey Police,-0.373302,51.278337,On or near High Street,E01030521,Mole Valley 007B,Violence and sexual offences,Unable to prosecute suspect,
54fd670c592de06755f623d97771e3bef577b73d9265ccb1ed8ee054ad3501f5,2023-06,Surrey Police,Surrey Police,-0.373302,51.278337,On or near High Street,E01030521,Mole Valley 007B,Violence and sexual offences,Unable to prosecute suspect,
65527b5a63b8d10d945b4619ed7909a755ae5ad69489df52cf68e51e9e0f11aa,2023-06,Surrey Police,Surrey Police,-0.361801,51.284058,On or near Durleston Park Drive,E01030522,Mole Valley 007C,Violence and sexual offences,Unable to prosecute suspect,
b9a083978e4ca76bc7f6396f7d231c05686af10399c4b25a19f41a5725e02faa,2023-06,Surrey Police,Surrey Police,-0.360959,51.280296,On or near Smith Grove,E01030522,Mole Valley 007C,Violence and sexual offences,Unable to prosecute suspect,
,2023-06,Surrey Police,Surrey Police,-0.366099,51.277679,On or near Petrol Station,E01030523,Mole Valley 007D,Anti-social behaviour,,
,2023-06,Surrey Police,Surrey Police,-0.364725,51.275610,On or near Crabtree Lane,E01030523,Mole Valley 007D,Anti-social behaviour,,
,2023-06,Surrey Police,Surrey Police,-0.360823,51.275276,On or near Hale Pit Road,E01030523,Mole Valley 007D,Anti-social behaviour,,
cac31a5f10e41ac3d47db107d92963df86289bce7f52283676e01c426f88edf7,2023-06,Surrey Police,Surrey Police,-0.367005,51.274374,On or near Dawnay Road,E01030523,Mole Valley 007D,Criminal damage and arson,Investigation complete; no suspect identified,
012459806c7f8a7ed36cb69936fa0fe32663662c51f3db1b7cc101211630d331,2023-06,Surrey Police,Surrey Police,-0.366483,51.276974,On or near Flint Close,E01030523,Mole Valley 007D,Public order,Further investigation is not in the public interest,
76a41ad30b8fcc535efc96d81db5f99fcca4ef0e00ba637c95524d9601c913d3,2023-06,Surrey Police,Surrey Police,-0.366483,51.276974,On or near Flint Close,E01030523,Mole Valley 007D,Public order,Further investigation is not in the public interest,
,2023-06,Surrey Police,Surrey Police,-0.278063,51.291525,On or near Race Track,E01030524,Mole Valley 008A,Anti-social behaviour,,
,2023-06,Surrey Police,Surrey Police,-0.282918,51.287452,On or near Sports/Recreation Area,E01030524,Mole Valley 008A,Anti-social behaviour,,
,2023-06,Surrey Police,Surrey Police,-0.278198,51.252247,On or near Clump Avenue,E01030524,Mole Valley 008A,Anti-social behaviour,,
,2023-06,Surrey Police,Surrey Police,-0.273871,51.278244,On or near Church Lane,E01030524,Mole Valley 008A,Anti-social behaviour,,
,2023-06,Surrey Police,Surrey Police,-0.273871,51.278244,On or near Church Lane,E01030524,Mole Valley 008A,Anti-social behaviour,,
,2023-06,Surrey Police,Surrey Police,-0.308903,51.248468,On or near Parking Area,E01030524,Mole Valley 008A,Anti-social behaviour,,
,2023-06,Surrey Police,Surrey Police,-0.273871,51.278244,On or near Church Lane,E01030524,Mole Valley 008A,Anti-social behaviour,,
,2023-06,Surrey Police,Surrey Police,-0.273871,51.278244,On or near Church Lane,E01030524,Mole Valley 008A,Anti-social behaviour,,
6856c372cf6fa0153787371e767396b9daad2c2b3e4a4a039cb4ffc20eb2e142,2023-06,Surrey Police,Surrey Police,-0.278198,51.252247,On or near Clump Avenue,E01030524,Mole Valley 008A,Other theft,Investigation complete; no suspect identified,
68a04530285988e27f0bf3d5891396a6b59127fbe5ddae226a1e3be781355538,2023-06,Surrey Police,Surrey Police,-0.282918,51.287452,On or near Sports/Recreation Area,E01030524,Mole Valley 008A,Other theft,Investigation complete; no suspect identified,
5d9214cf3e4ff1029730b0fef3f2089763627cca5d9318905f71b2827f3339ed,2023-06,Surrey Police,Surrey Police,-0.278063,51.291525,On or near Race Track,E01030524,Mole Valley 008A,Other theft,Investigation complete; no suspect identified,
5c64b960a9ac70e0c68789dc3cdbb289279f79de04b3c91a89a51e043833dc8b,2023-06,Surrey Police,Surrey Police,-0.278063,51.291525,On or near Race Track,E01030524,Mole Valley 008A,Vehicle crime,Court result unavailable,
7a523d9e399926457012bfc6b7b363b5f22b36aef4be24ffc1e8edc3622925a2,2023-06,Surrey Police,Surrey Police,-0.282311,51.285706,On or near Cunliffe Close,E01030524,Mole Valley 008A,Vehicle crime,Investigation complete; no suspect identified,
e55a9735132d6202daef4dc92ae67e5f63a535af8c7abae81d900f7877a16b51,2023-06,Surrey Police,Surrey Police,-0.286308,51.251512,On or near Woodlands Park,E01030524,Mole Valley 008A,Violence and sexual offences,Investigation complete; no suspect identified,
371aed00e012ef522dbcf68a7ce4264b0ec286d9b12f1f9017a63f1631263753,2023-06,Surrey Police,Surrey Police,-0.278198,51.252247,On or near Clump Avenue,E01030524,Mole Valley 008A,Violence and sexual offences,Unable to prosecute suspect,
215a436d93bfc8f711d07caed834bf398d7a71bab2ee1aea2bc65a57931926a2,2023-06,Surrey Police,Surrey Police,-0.284895,51.254809,On or near Ashurst Drive,E01030524,Mole Valley 008A,Violence and sexual offences,Unable to prosecute suspect,
,2023-06,Surrey Police,Surrey Police,-0.291042,51.241329,On or near Reigate Road,E01030525,Mole Valley 008B,Anti-social behaviour,,
627beed2989a37b218b3d21efd3b609263b4adc510d55958eabdcbe129d634e6,2023-06,Surrey Police,Surrey Police,-0.288253,51.232323,On or near Tanner'S Hill,E01030525,Mole Valley 008B,Burglary,Status update unavailable,
d49792a9ec6836429e3c8c8453ab4267172ce6dd80acc2a03e3bfc26174dad84,2023-06,Surrey Police,Surrey Police,-0.282564,51.234685,On or near Mill Hill,E01030525,Mole Valley 008B,Criminal damage and arson,Investigation complete; no suspect identified,
201afd53a0851c129d31884e0006e30c78a3183a38d0600a64f0ed7032ce6b39,2023-06,Surrey Police,Surrey Police,-0.298480,51.239315,On or near Castle Gardens,E01030525,Mole Valley 008B,Criminal damage and arson,Unable to prosecute suspect,
e737a57836d84ae01211df41ab5cc5618cf775ffaaeeb9a74b262b50ff2a4cfc,2023-06,Surrey Police,Surrey Police,-0.291042,51.241329,On or near Reigate Road,E01030525,Mole Valley 008B,Other theft,Unable to prosecute suspect,
af6d4f7caebe3fae0fc7f3375db0f39fbc45b536c4ab3360a5ccdd2313949fc0,2023-06,Surrey Police,Surrey Police,-0.291042,51.241329,On or near Reigate Road,E01030525,Mole Valley 008B,Public order,Local resolution,
16f25676f4cb24fd23a163adaee21b1fd89e5e62086743bce1e1bd69ec451ada,2023-06,Surrey Police,Surrey Police,-0.291042,51.241329,On or near Reigate Road,E01030525,Mole Valley 008B,Violence and sexual offences,Local resolution,
2014ac88610fa229bbd05ad10593db010df2b4505e40d4f4e5dc6fdda25e2df7,2023-06,Surrey Police,Surrey Police,-0.291042,51.241329,On or near Reigate Road,E01030525,Mole Valley 008B,Violence and sexual offences,Further investigation is not in the public interest,
5413ccb0baa298f3790e54a91c3c3ec783a452e083ec26317e750e07840c50f7,2023-06,Surrey Police,Surrey Police,-0.279227,51.228521,On or near Oakdene Close,E01030525,Mole Valley 008B,Violence and sexual offences,Status update unavailable,
33a66c9f58bceb513f24eca190292a6ae5ae4ec253a5b8c9e4fe5428eeab10d9,2023-06,Surrey Police,Surrey Police,-0.292172,51.236714,On or near Hillside Close,E01030525,Mole Valley 008B,Violence and sexual offences,Action to be taken by another organisation,
,2023-06,Surrey Police,Surrey Police,-0.269774,51.240360,On or near Old Reigate Road,E01030527,Mole Valley 008D,Anti-social behaviour,,
,2023-06,Surrey Police,Surrey Police,-0.235694,51.242549,On or near Reigate Road,E01030527,Mole Valley 008D,Anti-social behaviour,,
,2023-06,Surrey Police,Surrey Police,-0.235694,51.242549,On or near Reigate Road,E01030527,Mole Valley 008D,Anti-social behaviour,,
05e328808aebf4122cc43c440a62049d4eb44360880468b50c360cd7137e74ac,2023-06,Surrey Police,Surrey Police,-0.268695,51.247745,On or near The Quarry,E01030527,Mole Valley 008D,Criminal damage and arson,Investigation complete; no suspect identified,
26db493aaab3c4dfbbf6163b4da97d81eb062528de194508a64bef9975712c4c,2023-06,Surrey Police,Surrey Police,-0.235694,51.242549,On or near Reigate Road,E01030527,Mole Valley 008D,Criminal damage and arson,Investigation complete; no suspect identified,
51707cd3a0df84eb13a298b91e75125d3b5795d64f0c873529448f3818c96eb9,2023-06,Surrey Police,Surrey Police,-0.268695,51.247745,On or near The Quarry,E01030527,Mole Valley 008D,Other theft,Investigation complete; no suspect identified,
154f0ab04436be8e9557df5462a007a286c86fa3256808c0538689760e3cba48,2023-06,Surrey Police,Surrey Police,-0.235694,51.242549,On or near Reigate Road,E01030527,Mole Valley 008D,Public order,Investigation complete; no suspect identified,
328c4d5fb89bf87e023c28f060d8b9d50fbadac8f1eb89483ff5c92ccf02120a,2023-06,Surrey Police,Surrey Police,-0.265864,51.240329,On or near Old Road,E01030527,Mole Valley 008D,Violence and sexual offences,Unable to prosecute suspect,
a2aaec8d252ca18d2094865ba2dfd6f99357d10fd40fe6d025cc48a36b4f886d,2023-06,Surrey Police,Surrey Police,-0.265864,51.240329,On or near Old Road,E01030527,Mole Valley 008D,Violence and sexual offences,Unable to prosecute suspect,
079f5304983c72d37ee6832e7bd3e137363775c82730d1e6d88f77c9c5db26af,2023-06,Surrey Police,Surrey Police,-0.260846,51.238915,On or near Sandy Lane,E01030527,Mole Valley 008D,Violence and sexual offences,Further investigation is not in the public interest,
ead7432e49e113b52e10a5bd4e579b2210c562dd80e0a068b06a8b11cfc90c8d,2023-06,Surrey Police,Surrey Police,-0.260846,51.238915,On or near Sandy Lane,E01030527,Mole Valley 008D,Violence and sexual offences,Unable to prosecute suspect,
29dde809dbef41c7200f8b82e8966e834dbaa4fc2d1425f1daea3fe20347b9ba,2023-06,Surrey Police,Surrey Police,-0.265864,51.240329,On or near Old Road,E01030527,Mole Valley 008D,Violence and sexual offences,Unable to prosecute suspect,
,2023-06,Surrey Police,Surrey Police,-0.335141,51.234123,On or near Portland Road,E01030532,Mole Valley 009A,Anti-social behaviour,,
f9a91f5bb1d18986f1cb4eccfe6332c32ea8739087e97cb29e927b9ac973711f,2023-06,Surrey Police,Surrey Police,-0.333928,51.234501,On or near Sports/Recreation Area,E01030532,Mole Valley 009A,Public order,Unable to prosecute suspect,
b595eba0201a581aa73a3e33f6a30558ce1439ef8c61366cbbd248d2c0f4e1a5,2023-06,Surrey Police,Surrey Police,-0.333928,51.234501,On or near Sports/Recreation Area,E01030532,Mole Valley 009A,Public order,Local resolution,
4d321650439145a25ce75180cdf11d1689989715f8730e2ba9611f16ca1e71e2,2023-06,Surrey Police,Surrey Police,-0.329294,51.233797,On or near Parking Area,E01030532,Mole Valley 009A,Violence and sexual offences,Unable to prosecute suspect,
288d68179008ee0f476485d5eb0accd439f9ba9d34cbc361362854841325a350,2023-06,Surrey Police,Surrey Police,-0.331393,51.239124,On or near Ashcombe Road,E01030532,Mole Valley 009A,Violence and sexual offences,Investigation complete; no suspect identified,
649d256a607abb7906f5c00f959357cfaa93b45f71cb2b9346e2448e5cb33659,2023-06,Surrey Police,Surrey Police,-0.323761,51.239824,On or near Lincoln Road,E01030533,Mole Valley 009B,Public order,Unable to prosecute suspect,
ce6e213816c03835a67a8931addb41768bc34bfdc4c3916b5f6b594579ff8321,2023-06,Surrey Police,Surrey Police,-0.326153,51.239031,On or near Mowbray Gardens,E01030533,Mole Valley 009B,Burglary,Status update unavailable,
a38345edc1c9c9636df0e133cc75087639cb4e00a23ee201f3e1686aaaa6f6ac,2023-06,Surrey Police,Surrey Police,-0.323761,51.239824,On or near Lincoln Road,E01030533,Mole Valley 009B,Public order,Status update unavailable,
e0ff0867d4d65dfd7839342168bb877a34b6c5ccfce9def81d56e2531cc1d42c,2023-06,Surrey Police,Surrey Police,-0.324619,51.237507,On or near Petrol Station,E01030533,Mole Valley 009B,Shoplifting,Investigation complete; no suspect identified,
c2ce625efaf4e145d9608e6bd3e7dbfa74b7225731a4889752dad37bc0fdd643,2023-06,Surrey Police,Surrey Police,-0.325316,51.235647,On or near Police Station,E01030533,Mole Valley 009B,Violence and sexual offences,Unable to prosecute suspect,
09d71438d23fc2154d3ad43287a7aa78fdb1e9c3f5e6b0fb2031089b20b5d78e,2023-06,Surrey Police,Surrey Police,-0.323761,51.239824,On or near Lincoln Road,E01030533,Mole Valley 009B,Violence and sexual offences,Further investigation is not in the public interest,
e17581b1405f24f42598b08eb6106916f9c0dfcbe2e5e80fad00262cddf21dc7,2023-06,Surrey Police,Surrey Police,-0.325316,51.235647,On or near Police Station,E01030533,Mole Valley 009B,Violence and sexual offences,Unable to prosecute suspect,
5e0dafc27047dfda85dc8c03fcd0b1beec45dec29e4946f54981986d3a8621f2,2023-06,Surrey Police,Surrey Police,-0.324619,51.237507,On or near Petrol Station,E01030533,Mole Valley 009B,Violence and sexual offences,Investigation complete; no suspect identified,
,2023-06,Surrey Police,Surrey Police,-0.331613,51.233452,On or near Shopping Area,E01030534,Mole Valley 009C,Anti-social behaviour,,
,2023-06,Surrey Police,Surrey Police,-0.340377,51.235897,On or near Old Char Wharf,E01030534,Mole Valley 009C,Anti-social behaviour,,
8011af3180c24532430195463faf163a3198ed4e4ac848174d31b566e17dd93c,2023-06,Surrey Police,Surrey Police,-0.336715,51.233768,On or near Station Road,E01030534,Mole Valley 009C,Criminal damage and arson,Unable to prosecute suspect,
f7ffaef1c079db75142351fb46d08151c5c047255a7cd4ca9745bf7c9250e4d4,2023-06,Surrey Police,Surrey Police,-0.342799,51.231480,On or near Hanover Court,E01030534,Mole Valley 009C,Other theft,Investigation complete; no suspect identified,
ce564b8fed4ddc59b2fb4e7e7e8871c94685fc28cafeb7a79ba4a78456aa0f59,2023-06,Surrey Police,Surrey Police,-0.333122,51.232898,On or near Mint Gardens,E01030534,Mole Valley 009C,Public order,Unable to prosecute suspect,
48b65ead45633b8e41cbe0e80dca2c9379969b35a53b91043881804f0d9959ac,2023-06,Surrey Police,Surrey Police,-0.331669,51.233094,On or near Shopping Area,E01030534,Mole Valley 009C,Shoplifting,Investigation complete; no suspect identified,
7677bb6ab2ae789ffe5fe3743f03547e10839b3f22b852e8a8e722440fb8e4c0,2023-06,Surrey Police,Surrey Police,-0.331613,51.233452,On or near Shopping Area,E01030534,Mole Valley 009C,Shoplifting,Investigation complete; no suspect identified,
9daa9a456ca886fd271093edb450c8d57638458dafa49e2889e340a6b93f0aca,2023-06,Surrey Police,Surrey Police,-0.330539,51.233437,On or near Ansell Road,E01030534,Mole Valley 009C,Violence and sexual offences,Further investigation is not in the public interest,
ea9acd3722420f37443553d7e7920da9ed958ea92be0795f7fe44d65a3aa4d20,2023-06,Surrey Police,Surrey Police,-0.338046,51.236575,On or near Ranmore Road,E01030534,Mole Valley 009C,Violence and sexual offences,Unable to prosecute suspect,
f66b659437e5c848ba194dbd6b1bd5f4108ec3d041778a19c79260c611b1961a,2023-06,Surrey Police,Surrey Police,-0.329422,51.233035,On or near High Street,E01030534,Mole Valley 009C,Violence and sexual offences,Unable to prosecute suspect,
,2023-06,Surrey Police,Surrey Police,-0.323105,51.255876,On or near Parking Area,E01030556,Mole Valley 009D,Anti-social behaviour,,
,2023-06,Surrey Police,Surrey Police,-0.318908,51.272344,On or near Byttom Hill,E01030556,Mole Valley 009D,Anti-social behaviour,,
,2023-06,Surrey Police,Surrey Police,-0.310888,51.238019,On or near Parking Area,E01030556,Mole Valley 009D,Anti-social behaviour,,
566fb56cea3e6b237699f9d9670517c5a36c94174df8101c42f26665d03c7951,2023-06,Surrey Police,Surrey Police,-0.310888,51.238019,On or near Parking Area,E01030556,Mole Valley 009D,Violence and sexual offences,Unable to prosecute suspect,
27cdf7a2ea90e51fc40fa15663cff3d1f51d05660926f2fe732406a136859b22,2023-06,Surrey Police,Surrey Police,-0.323105,51.255876,On or near Parking Area,E01030556,Mole Valley 009D,Violence and sexual offences,Action to be taken by another organisation,
26efc04dd264d0a19c9ad24fbcf36d255c0608bf1ea24de49a91d1a95599a28d,2023-06,Surrey Police,Surrey Police,-0.310888,51.238019,On or near Parking Area,E01030556,Mole Valley 009D,Violence and sexual offences,Investigation complete; no suspect identified,
,2023-06,Surrey Police,Surrey Police,-0.340635,51.226342,On or near West Bank,E01030535,Mole Valley 010A,Anti-social behaviour,,
88f3edd67e7cbc0808bc71533fea1d291a36f3ccb72ce29c75acf185055ff2d0,2023-06,Surrey Police,Surrey Police,-0.341482,51.225095,On or near Hampstead Lane,E01030535,Mole Valley 010A,Criminal damage and arson,Investigation complete; no suspect identified,
1ccb2dca9b95a229c1020e7f352d7c4ee7f2ac53ed33522ff4ec171784e355a8,2023-06,Surrey Police,Surrey Police,-0.343265,51.225686,On or near Nower Close West,E01030535,Mole Valley 010A,Criminal damage and arson,Investigation complete; no suspect identified,
fff397ea264a3999eaba000279ebcb9a807a5b1d4bf2c51f9399463cd3265a61,2023-06,Surrey Police,Surrey Police,-0.335640,51.225066,On or near Pledges Yard,E01030535,Mole Valley 010A,Theft from the person,Unable to prosecute suspect,
339a2a3ee3274de907ad2ebe1a9a55778431c55223f0d6cc3a0bef46eae98aa2,2023-06,Surrey Police,Surrey Police,-0.334589,51.225195,On or near Barrington Road,E01030535,Mole Valley 010A,Violence and sexual offences,Unable to prosecute suspect,
a0e4fc3300cf8a325d6ac936e4c15d9e7616aab64cbc3705b333d8fe80a7b031,2023-06,Surrey Police,Surrey Police,-0.334467,51.225013,On or near Barrington Court,E01030535,Mole Valley 010A,Violence and sexual offences,Unable to prosecute suspect,
23700d73843b0fbfb94ea983509753782f8c0e7a27c28010ed96628b23ff74e9,2023-06,Surrey Police,Surrey Police,-0.340635,51.226342,On or near West Bank,E01030535,Mole Valley 010A,Violence and sexual offences,Action to be taken by another organisation,
47a8f78e0e01302c9b41715a5880f66cd2d25874118e3b8952f779f7a7f4c630,2023-06,Surrey Police,Surrey Police,-0.334467,51.225013,On or near Barrington Court,E01030535,Mole Valley 010A,Violence and sexual offences,Unable to prosecute suspect,
cde32679d3475a3205ae5f6eb77fb6f9cc41588d5270f1fdd73566e4c74b9dbb,2023-06,Surrey Police,Surrey Police,-0.340635,51.226342,On or near West Bank,E01030535,Mole Valley 010A,Violence and sexual offences,Investigation complete; no suspect identified,
c1ca1fbddf217b3d69329946cd7fddf112d94c900444d0a8bc381701316bd469,2023-06,Surrey Police,Surrey Police,-0.330175,51.224107,On or near Orchard Way,E01030536,Mole Valley 010B,Criminal damage and arson,Investigation complete; no suspect identified,
ec36241fce2a4cf7aa8132ed01158cbd0cf12af0151eff9b74f59c7318a44039,2023-06,Surrey Police,Surrey Police,-0.330175,51.224107,On or near Orchard Way,E01030536,Mole Valley 010B,Other theft,Investigation complete; no suspect identified,
19f5facc64da807790f6fb18e9c4cfd3d0bf8fe349fd56733dfaf42523a204c9,2023-06,Surrey Police,Surrey Police,-0.321564,51.222248,On or near Glenwood,E01030536,Mole Valley 010B,Public order,Further investigation is not in the public interest,
66dd7fa57ea3c011593bb2cbf68802ccc7f3407440f8010c0c96ce3e9ac3bbe4,2023-06,Surrey Police,Surrey Police,-0.329461,51.224843,On or near South Terrace,E01030536,Mole Valley 010B,Violence and sexual offences,Further investigation is not in the public interest,
d2d7403af7cd6c811b036d211ebd23c8dbc409e6c8ed415a2c4a20d2e4a99bd6,2023-06,Surrey Police,Surrey Police,-0.321564,51.222248,On or near Glenwood,E01030536,Mole Valley 010B,Violence and sexual offences,Unable to prosecute suspect,
1d4516e1602d962601f26a69c62e8013bb796f3703e68ed1f74a347023ee1408,2023-06,Surrey Police,Surrey Police,-0.332244,51.223120,On or near Harrowgate Gardens,E01030536,Mole Valley 010B,Violence and sexual offences,Further action is not in the public interest,
b1e2f6124fa6d9eb3fc85a16a410785b13a1ffb89f717226452d9438f2787ace,2023-06,Surrey Police,Surrey Police,-0.334246,51.218041,On or near Marley Rise,E01030536,Mole Valley 010B,Violence and sexual offences,Status update unavailable,
932c651d615b9d0b6c83ad5a725d7de145a2cd66cd3dec310a854657d07014dc,2023-06,Surrey Police,Surrey Police,-0.329461,51.224843,On or near South Terrace,E01030536,Mole Valley 010B,Violence and sexual offences,Unable to prosecute suspect,
6912e51a317b07d813439cec2bfbfa6486ad62e51c50a27bf6a1b90c5d455d28,2023-06,Surrey Police,Surrey Police,-0.329461,51.224843,On or near South Terrace,E01030536,Mole Valley 010B,Violence and sexual offences,Unable to prosecute suspect,
cd38cbde571184822173b01fe43fccd2fa86442f72cb52cb176d0e29b8038ae0,2023-06,Surrey Police,Surrey Police,-0.321564,51.222248,On or near Glenwood,E01030536,Mole Valley 010B,Violence and sexual offences,Unable to prosecute suspect,
d33a4603df17115a668f65da74e047ef6c7eaa71450f5e465e3782c42732d7fa,2023-06,Surrey Police,Surrey Police,-0.321564,51.222248,On or near Glenwood,E01030536,Mole Valley 010B,Violence and sexual offences,Further action is not in the public interest,
d52b9ab0a32afa42f0296fca3196e05bf59d8ed27b9805f14e4cd49fa381973a,2023-06,Surrey Police,Surrey Police,-0.332244,51.223120,On or near Harrowgate Gardens,E01030536,Mole Valley 010B,Violence and sexual offences,Further action is not in the public interest,
,2023-06,Surrey Police,Surrey Police,-0.331697,51.231116,On or near Parking Area,E01030537,Mole Valley 010C,Anti-social behaviour,,
0662e7358ff4cfbbea4d65307b290fcce9db39e21a8cc62a356249ba547955f8,2023-06,Surrey Police,Surrey Police,-0.320794,51.235519,On or near Spital Heath,E01030537,Mole Valley 010C,Other theft,Investigation complete; no suspect identified,
000d454ac22dd0e126bdec1ca2adc85d8a0c4c7604d11ede5dd35922428c2106,2023-06,Surrey Police,Surrey Police,-0.326437,51.234368,On or near Petrol Station,E01030537,Mole Valley 010C,Violence and sexual offences,Unable to prosecute suspect,
1e0269f2b98b68d944798c7a4ae7e5434d5d8ebc542659eaf2a408f2267ef17c,2023-06,Surrey Police,Surrey Police,-0.334583,51.230140,On or near Vincents Walk,E01030538,Mole Valley 010D,Violence and sexual offences,Investigation complete; no suspect identified,
,2023-06,Surrey Police,Surrey Police,-0.327409,51.234022,On or near Paper Mews,E01030538,Mole Valley 010D,Anti-social behaviour,,
,2023-06,Surrey Police,Surrey Police,-0.332250,51.231366,On or near Supermarket,E01030538,Mole Valley 010D,Anti-social behaviour,,
a7ce49f887d9bfdedd1048c07a23c525030e66895875be3e626425a7adfcdad5,2023-06,Surrey Police,Surrey Police,-0.330648,51.232009,On or near Lyons Court,E01030538,Mole Valley 010D,Criminal damage and arson,Investigation complete; no suspect identified,
74eb0275bfe642a8c6e3298d2c87eb0bc062d474d6d91ec7d7909cdacd789a9f,2023-06,Surrey Police,Surrey Police,-0.330648,51.232009,On or near Lyons Court,E01030538,Mole Valley 010D,Other theft,Investigation complete; no suspect identified,
a19dc27462b71ef2deee15dea79ec54f8bb4d6e287418353ddb257bd33907828,2023-06,Surrey Police,Surrey Police,-0.338611,51.227653,On or near Nower Road,E01030538,Mole Valley 010D,Other theft,Investigation complete; no suspect identified,
a9f7146cd0bf0ece2e8f35bac9087376b73a0d5802673572f030d54beea415b0,2023-06,Surrey Police,Surrey Police,-0.334210,51.230558,On or near Victoria Terrace,E01030538,Mole Valley 010D,Public order,Investigation complete; no suspect identified,
dda5a61fbf93aedca3d3cf1bc44a1f85d675aee12c11325dcbf18a8fe608e060,2023-06,Surrey Police,Surrey Police,-0.333667,51.230910,On or near Butter Hill,E01030538,Mole Valley 010D,Public order,Investigation complete; no suspect identified,
080738378533e996c633f8bf6f02b0b63c41067617d003b29dcf04d449001826,2023-06,Surrey Police,Surrey Police,-0.332250,51.231366,On or near Supermarket,E01030538,Mole Valley 010D,Public order,Unable to prosecute suspect,
546468dea28f2b936151987739bdd6a76a747dcc77216c3bdac411559532b726,2023-06,Surrey Police,Surrey Police,-0.332250,51.231366,On or near Supermarket,E01030538,Mole Valley 010D,Public order,Investigation complete; no suspect identified,
7f063b359d283bb5f2a10d9031c6b27a431c6d9be522986f0f693f5177ac26bb,2023-06,Surrey Police,Surrey Police,-0.333667,51.230910,On or near Butter Hill,E01030538,Mole Valley 010D,Public order,Investigation complete; no suspect identified,
dc705b8e8cd4f9b73f84c7f8f8ad91113453dc259362f8a81ace56f3c4315001,2023-06,Surrey Police,Surrey Police,-0.332250,51.231366,On or near Supermarket,E01030538,Mole Valley 010D,Shoplifting,Investigation complete; no suspect identified,
8fd5ac3666695ee41f67beb1bdcc1b047807618fdd1510f9306a672ae9e96b6b,2023-06,Surrey Police,Surrey Police,-0.332250,51.231366,On or near Supermarket,E01030538,Mole Valley 010D,Shoplifting,Investigation complete; no suspect identified,
494d2f1355a7ddbfa7365147e80d77b194ead0c6293b9d71d1ce3e71ef6d224e,2023-06,Surrey Police,Surrey Police,-0.332250,51.231366,On or near Supermarket,E01030538,Mole Valley 010D,Shoplifting,Unable to prosecute suspect,
6f8117c3a5a87b913a5877560d19d755638a0c39422d189c0974cf6b9b4e1dcc,2023-06,Surrey Police,Surrey Police,-0.332250,51.231366,On or near Supermarket,E01030538,Mole Valley 010D,Vehicle crime,Investigation complete; no suspect identified,
7c07146d57a76a82d62ff6fd599a7ff82e2940dc0329acb9d8e06deadd96ebb5,2023-06,Surrey Police,Surrey Police,-0.333667,51.230910,On or near Butter Hill,E01030538,Mole Valley 010D,Violence and sexual offences,Investigation complete; no suspect identified,
da393f97eb9cf6e080732d0289277c94cecf2b10c435655bcf4b64cb4df9221d,2023-06,Surrey Police,Surrey Police,-0.334583,51.230140,On or near Vincents Walk,E01030538,Mole Valley 010D,Violence and sexual offences,Investigation complete; no suspect identified,
102a4f446097aeb4663d5e0b09f61b6133355d1625a388e7d189e0538e68fe0d,2023-06,Surrey Police,Surrey Police,-0.328950,51.231427,On or near Dene Street Gardens,E01030538,Mole Valley 010D,Violence and sexual offences,Status update unavailable,
6eaf677e1b274c61ba54c8981b893f2dcf1fe3aee4aa704c8d7ad817130938dd,2023-06,Surrey Police,Surrey Police,-0.333667,51.230910,On or near Butter Hill,E01030538,Mole Valley 010D,Violence and sexual offences,Further investigation is not in the public interest,
12b82683b83f1e4a822f394ce9af8e373f7b0a245f1c1ee4aa25b924dd142577,2023-06,Surrey Police,Surrey Police,-0.341082,51.230637,On or near Glebe Road,E01030538,Mole Valley 010D,Violence and sexual offences,Unable to prosecute suspect,
fe9b8512d2adf8e03b8913daf7c2030f1765876572760dee24672b2a80eaaac1,2023-06,Surrey Police,Surrey Police,-0.335450,51.231115,On or near Junction Road,E01030538,Mole Valley 010D,Other crime,Investigation complete; no suspect identified,
d0bffe903daaa14d91267e9f24c577bb8c8f0fbd959da23def4b21a54200be55,2023-06,Surrey Police,Surrey Police,-0.328751,51.232189,On or near Dene Street,E01030538,Mole Valley 010D,Other crime,Further investigation is not in the public interest,
bcd593bcbfdfc112dc398e13450c2151a3b800c7716972a9d50c528415bf4509,2023-06,Surrey Police,Surrey Police,-0.335450,51.231115,On or near Junction Road,E01030538,Mole Valley 010D,Other crime,Investigation complete; no suspect identified,
83a67a5e082a6d08963ab45d008952a1648006fed7f33ec44130f110028962ea,2023-06,Surrey Police,Surrey Police,-0.334262,51.189822,On or near Redlands,E01030544,Mole Valley 011A,Criminal damage and arson,Investigation complete; no suspect identified,
7e6bb2ec03b3883edd45be947fa63e1bdc7be705d9504fb93b32d0acb7de84c5,2023-06,Surrey Police,Surrey Police,-0.330043,51.200831,On or near Oaks Lane,E01030544,Mole Valley 011A,Drugs,Further investigation is not in the public interest,
7401a8310f45256a866cdd9a4c4c5612550a35b1043909d32145ee3d33007109,2023-06,Surrey Police,Surrey Police,-0.326046,51.210001,On or near Parking Area,E01030544,Mole Valley 011A,Violence and sexual offences,Unable to prosecute suspect,
,2023-06,Surrey Police,Surrey Police,-0.325657,51.212055,On or near Lodge Close,E01030545,Mole Valley 011B,Anti-social behaviour,,
,2023-06,Surrey Police,Surrey Police,-0.325871,51.213667,On or near Walford Road,E01030545,Mole Valley 011B,Anti-social behaviour,,
,2023-06,Surrey Police,Surrey Police,-0.325871,51.213667,On or near Walford Road,E01030545,Mole Valley 011B,Anti-social behaviour,,
7e6b442b03ec260d7498aed6b78fe8dce99913e118a0b531d8cd65384c514aa6,2023-06,Surrey Police,Surrey Police,-0.328773,51.214563,On or near Bentsbrook Close,E01030545,Mole Valley 011B,Violence and sexual offences,Unable to prosecute suspect,
5a4e7cee4ff205ee2c5d63f134585649acb8fb6eb064e291cea89c5e6592a221,2023-06,Surrey Police,Surrey Police,-0.325871,51.213667,On or near Walford Road,E01030545,Mole Valley 011B,Violence and sexual offences,Unable to prosecute suspect,
68838d17e305470a81647b15c72100f3dbdf6ab8fcd6e5828aa80b05d2abb44c,2023-06,Surrey Police,Surrey Police,-0.319194,51.214570,On or near Holmbury Drive,E01030545,Mole Valley 011B,Other crime,Unable to prosecute suspect,
7cffd17a82065e8ea6a645996af231dfff4d343bbca4324edec986ae2b00d42a,2023-06,Surrey Police,Surrey Police,-0.328051,51.219085,On or near Tollgate Road,E01030546,Mole Valley 011C,Burglary,Status update unavailable,
544b2d92467e52398b7e671473be72279539a8ceff107b239a834428c1a33fdb,2023-06,Surrey Police,Surrey Police,-0.317945,51.220964,On or near Chart Close,E01030546,Mole Valley 011C,Burglary,Status update unavailable,
c2c6ca9ef7df0554501981aa95ba5b8ceb8ad26333f87b431f8418dccc10777d,2023-06,Surrey Police,Surrey Police,-0.323557,51.218616,On or near Harecroft,E01030546,Mole Valley 011C,Criminal damage and arson,Investigation complete; no suspect identified,
92eaa764f333edc32b0828bac5f513ffb7899c305397ee6b8c56d39f05853c10,2023-06,Surrey Police,Surrey Police,-0.322737,51.219135,On or near Trasher Mead,E01030546,Mole Valley 011C,Other theft,Investigation complete; no suspect identified,
7800868a8df03011fc1a97ad617b438c1b51fa5aa3c0363fab7d33c18b4bf129,2023-06,Surrey Police,Surrey Police,-0.320236,51.217822,On or near Chart Gardens,E01030546,Mole Valley 011C,Vehicle crime,Investigation complete; no suspect identified,
8adb095adb32148426dfbbdf3b9303dabcc0b14ef359d8fca03fdab3ad9dca17,2023-06,Surrey Police,Surrey Police,-0.320236,51.217822,On or near Chart Gardens,E01030546,Mole Valley 011C,Vehicle crime,Status update unavailable,
497f4387896e0e5221ff153b8d27f0695cb9d14655501e09d72e344c5c2ac9c2,2023-06,Surrey Police,Surrey Police,-0.322737,51.219135,On or near Trasher Mead,E01030546,Mole Valley 011C,Violence and sexual offences,Unable to prosecute suspect,
07b081700329e6955ce537ddbfe4046eac484093d972aebd22754671b52d723b,2023-06,Surrey Police,Surrey Police,-0.322737,51.219135,On or near Trasher Mead,E01030546,Mole Valley 011C,Violence and sexual offences,Unable to prosecute suspect,
2fe78cd831ff65117c392413aa602dbae2e5e1a36cd1c3c5de7e3127df81e4fe,2023-06,Surrey Police,Surrey Police,-0.322737,51.219135,On or near Trasher Mead,E01030546,Mole Valley 011C,Violence and sexual offences,Investigation complete; no suspect identified,
,2023-06,Surrey Police,Surrey Police,-0.329876,51.215739,On or near Rough Rew,E01030547,Mole Valley 011D,Anti-social behaviour,,
8109c016ddeb2c83298a3b59d495426d97810b9f27d16eaf8b461286f9655633,2023-06,Surrey Police,Surrey Police,-0.329876,51.215739,On or near Rough Rew,E01030547,Mole Valley 011D,Criminal damage and arson,Investigation complete; no suspect identified,
46c5d695bd72911fa28785ff9e04baa8c0b64e4690c54045e9bd5c429d4967b8,2023-06,Surrey Police,Surrey Police,-0.325274,51.219837,On or near Stubs Close,E01030547,Mole Valley 011D,Criminal damage and arson,Investigation complete; no suspect identified,
2c8edb6944dc9368f51f26727c5cf154543975ffd66786c8dbac017917b0f754,2023-06,Surrey Police,Surrey Police,-0.326790,51.218717,On or near Oak Ridge,E01030547,Mole Valley 011D,Drugs,Court result unavailable,
5a8f680fba6711055051c101543c035d678e95e64aa3dc75d2c4830e21aa4da6,2023-06,Surrey Police,Surrey Police,-0.325440,51.216053,On or near Powells Close,E01030547,Mole Valley 011D,Public order,Further investigation is not in the public interest,
b4e199d20aab467b703bdf5ca4f072b49c7c625b20bfe07683b61b9006aaf8d3,2023-06,Surrey Police,Surrey Police,-0.329876,51.215739,On or near Rough Rew,E01030547,Mole Valley 011D,Violence and sexual offences,Unable to prosecute suspect,
5f558b4278254d46cb75bb159ae152c2ec49a03492c0812436087618573a4fde,2023-06,Surrey Police,Surrey Police,-0.329876,51.215739,On or near Rough Rew,E01030547,Mole Valley 011D,Violence and sexual offences,Unable to prosecute suspect,
e8d72a236e133300ea5b4984b4e54511511e88dc45eed48129046093c42c2e36,2023-06,Surrey Police,Surrey Police,-0.326400,51.216445,On or near Goodwyns Road,E01030547,Mole Valley 011D,Violence and sexual offences,Status update unavailable,
d3f2b1cbdb2e8a2dde142359d79ffcafae6c7843f382e52ee9288bd0ca156624,2023-06,Surrey Police,Surrey Police,-0.329876,51.215739,On or near Rough Rew,E01030547,Mole Valley 011D,Violence and sexual offences,Unable to prosecute suspect,
08a4f8242f217351ef97763a809bf1d05e84309dad2d4e436cfde3a2f5686deb,2023-06,Surrey Police,Surrey Police,-0.326790,51.218717,On or near Oak Ridge,E01030547,Mole Valley 011D,Violence and sexual offences,Court result unavailable,
391ec5a00bd70f04ce825943342852e00301643eb02cb11d4be3ac1a402fb968,2023-06,Surrey Police,Surrey Police,-0.329876,51.215739,On or near Rough Rew,E01030547,Mole Valley 011D,Violence and sexual offences,Unable to prosecute suspect,
1bf4766994c0cb9b6cc47eac39db06d1b6757d37b18c3c6f5afc3b2111895239,2023-06,Surrey Police,Surrey Police,-0.329876,51.215739,On or near Rough Rew,E01030547,Mole Valley 011D,Violence and sexual offences,Unable to prosecute suspect,
3a7c622714251b2acfc769b2d02477c5fed52f312ad9f94b5767cc459fe8062d,2023-06,Surrey Police,Surrey Police,-0.329876,51.215739,On or near Rough Rew,E01030547,Mole Valley 011D,Violence and sexual offences,Unable to prosecute suspect,
f5a5d75e8b409b951b69817d962f25eefc90a6b4b269c35b9b34685e2fd7843e,2023-06,Surrey Police,Surrey Police,-0.329876,51.215739,On or near Rough Rew,E01030547,Mole Valley 011D,Other crime,Unable to prosecute suspect,
917a866a94d34d0ca94649922c764769f28574f5ede01785bc2e4cc7c8f32d06,2023-06,Surrey Police,Surrey Police,-0.319424,51.155527,On or near Mortimer Road,E01030529,Mole Valley 012A,Violence and sexual offences,Unable to prosecute suspect,
,2023-06,Surrey Police,Surrey Police,-0.325870,51.146923,On or near Wolves Hill,E01030529,Mole Valley 012A,Anti-social behaviour,,
398cc8bd87978256eaf4640f35139319d0dbee07ad5407d6e80b91e91de5a139,2023-06,Surrey Police,Surrey Police,-0.308928,51.125025,On or near Muggeridge'S Hill,E01030529,Mole Valley 012A,Criminal damage and arson,Unable to prosecute suspect,
,2023-06,Surrey Police,Surrey Police,-0.360673,51.169844,On or near Broomehall Road,E01030555,Mole Valley 012B,Anti-social behaviour,,
81c86888593d51135a9e4ef973d9d7b1d26b35f9f387f27323891311d04eb8f8,2023-06,Surrey Police,Surrey Police,-0.387921,51.216625,On or near William Evelyn Court,E01030555,Mole Valley 012B,Burglary,Status update unavailable,
abc82876bc17b36010ab2bca2ecc825beea43820995fca0b7f9af9e627f849e5,2023-06,Surrey Police,Surrey Police,-0.387921,51.216625,On or near William Evelyn Court,E01030555,Mole Valley 012B,Violence and sexual offences,Unable to prosecute suspect,
014686245e12be8cb14226dec5b66b3a38515525a034f94cc9fdfbaedb482d5e,2023-06,Surrey Police,Surrey Police,-0.389413,51.184137,On or near Leith Hill Road,E01030555,Mole Valley 012B,Other crime,Further investigation is not in the public interest,
,2023-06,Surrey Police,Surrey Police,-0.363370,51.147552,On or near Sports/Recreation Area,E01030557,Mole Valley 012C,Anti-social behaviour,,
,2023-06,Surrey Police,Surrey Police,-0.384065,51.124252,On or near Honeywood Lane,E01030557,Mole Valley 012C,Anti-social behaviour,,
55d9984d2c118c20481c0794e7cf24282270220a67f4b7fdbfa73d784c16d588,2023-06,Surrey Police,Surrey Police,-0.412933,51.138371,On or near Lowerhouse Lane,E01030557,Mole Valley 012C,Burglary,Status update unavailable,
6361c0578f97c7b57a1bb3e3eb22402d4ab450512a030d6e4ef3fa9641471d0f,2023-06,Surrey Police,Surrey Police,-0.396540,51.159167,On or near Sports/Recreation Area,E01030557,Mole Valley 012C,Burglary,Status update unavailable,
be97bb50ab9ebd1b3da784e7915eafae6ca85b3dbc36751475ffcce013148dee,2023-06,Surrey Police,Surrey Police,-0.362017,51.125816,On or near Weare Street,E01030557,Mole Valley 012C,Criminal damage and arson,Further investigation is not in the public interest,
0d5700b5831a9d37391059e9444454fc69be2e1b1db120485bdc4ce4273e5ffc,2023-06,Surrey Police,Surrey Police,-0.381960,51.118252,On or near Ruckmans Lane,E01030557,Mole Valley 012C,Other theft,Investigation complete; no suspect identified,
6e85389d4e24c9a38eed05b4b080c50739d8f14c1937d99ad4f7cbe2705c953d,2023-06,Surrey Police,Surrey Police,-0.376195,51.150645,On or near Mole Street,E01030557,Mole Valley 012C,Vehicle crime,Investigation complete; no suspect identified,
80ab1a0d65aa169365f8ee8e41a8ae522ae6f0dbf8d85b4d5c35b7418dd7d8e3,2023-06,Surrey Police,Surrey Police,-0.361019,51.148779,On or near Stane Street,E01030557,Mole Valley 012C,Vehicle crime,Investigation complete; no suspect identified,
83d9c601663b34593e3f473f5fdffec11130de9643e21f1c7baf55504d6203f1,2023-06,Surrey Police,Surrey Police,-0.358039,51.152568,On or near Kings Arms Court,E01030557,Mole Valley 012C,Vehicle crime,Investigation complete; no suspect identified,
1fa1696d3088df547378612f985b1d5203918c6c4475e7220fdc99afd0b7b56e,2023-06,Surrey Police,Surrey Police,-0.393043,51.136498,On or near Trap Lane,E01030557,Mole Valley 012C,Violence and sexual offences,Unable to prosecute suspect,
4c389b5cfa262bedd959af81e9e3c685455e73378c22cc1aa3dae492aba37881,2023-06,Surrey Police,Surrey Police,-0.364722,51.145530,On or near Cricketers Close,E01030557,Mole Valley 012C,Violence and sexual offences,Unable to prosecute suspect,
,2023-06,Surrey Police,Surrey Police,-0.365119,51.226506,On or near Chapel Lane,E01030558,Mole Valley 012D,Anti-social behaviour,,
,2023-06,Surrey Police,Surrey Police,-0.368064,51.223832,On or near Heath Rise,E01030558,Mole Valley 012D,Anti-social behaviour,,
d5db04554051cacc6cbd8a2692a5ab63585beb60d8394d5b67bc73cb9a9f8461,2023-06,Surrey Police,Surrey Police,-0.372512,51.229280,On or near Hole Hill,E01030558,Mole Valley 012D,Burglary,Status update unavailable,
2f178f17ee92a2c4f2880aae477a01c23a77fc38f1eefd2353f1ea07aeba0b05,2023-06,Surrey Police,Surrey Police,-0.368064,51.223832,On or near Heath Rise,E01030558,Mole Valley 012D,Criminal damage and arson,Investigation complete; no suspect identified,
b6a20d9def36994734eb53a7943f6e0ae51f02503aa68ffb9893c561ed03ef12,2023-06,Surrey Police,Surrey Police,-0.368064,51.223832,On or near Heath Rise,E01030558,Mole Valley 012D,Public order,Unable to prosecute suspect,
a8b05a672aba3bed34bbd18c5cecf82b57655b9c69b44fdbb0f0d40bb8247102,2023-06,Surrey Police,Surrey Police,-0.378791,51.221778,On or near Rookery Drive,E01030558,Mole Valley 012D,Shoplifting,Investigation complete; no suspect identified,
a93c899fffdd69a78394065fcd22abe54f5c96df0abb5fdfd1378f5106d68fd2,2023-06,Surrey Police,Surrey Police,-0.378791,51.221778,On or near Rookery Drive,E01030558,Mole Valley 012D,Vehicle crime,Investigation complete; no suspect identified,
8b915611ba761bf8f2b3f6eab48bd2033470d60b6277fad60b39f3027aedcabe,2023-06,Surrey Police,Surrey Police,-0.365848,51.227758,On or near The Burrell,E01030558,Mole Valley 012D,Violence and sexual offences,Unable to prosecute suspect,
f7703a90753718b197a413d5e83f547c0773eb936d1269297aec2abee1d4e022,2023-06,Surrey Police,Surrey Police,-0.368064,51.223832,On or near Heath Rise,E01030558,Mole Valley 012D,Violence and sexual offences,Unable to prosecute suspect,
9e87b3837e7f55054d0572803e84700d01404cab50f285fedb192c727807c6d4,2023-06,Surrey Police,Surrey Police,-0.368340,51.226560,On or near Cradhurst Close,E01030558,Mole Valley 012D,Violence and sexual offences,Investigation complete; no suspect identified,
65f0f5ff697972e290e64211f66d1131d00244af6b3e095e65885c83d38710db,2023-06,Surrey Police,Surrey Police,-0.365848,51.227758,On or near The Burrell,E01030558,Mole Valley 012D,Violence and sexual offences,Unable to prosecute suspect,
,2023-06,Surrey Police,Surrey Police,-0.316986,51.177335,On or near Springwell Road,E01030515,Mole Valley 013A,Anti-social behaviour,,
6fa3122c173eb8eb644799055c488cf60e2caa6ff89e18468f5d05f5efff90a5,2023-06,Surrey Police,Surrey Police,-0.315384,51.173393,On or near Sports/Recreation Area,E01030515,Mole Valley 013A,Criminal damage and arson,Local resolution,
60f46fc868c8af049515c22f10172ae68c0c41d5dbbec52eeb0f66f70415392a,2023-06,Surrey Police,Surrey Police,-0.315336,51.178256,On or near Henfold Drive,E01030515,Mole Valley 013A,Other theft,Investigation complete; no suspect identified,
bed97b125b7bd6bdf93539324956d7a563aa8894990f2ac3e1f90a56cbf00cb8,2023-06,Surrey Police,Surrey Police,-0.315336,51.178256,On or near Henfold Drive,E01030515,Mole Valley 013A,Other theft,Status update unavailable,
f7475932376b35a28e2df55786fb18feae24534c66a2af5b7b7519326ced73cd,2023-06,Surrey Police,Surrey Police,-0.321209,51.180822,On or near Holmwood,E01030515,Mole Valley 013A,Possession of weapons,Court result unavailable,
6c83eee64764ceaa0b3b3648e02bcf60bd304800e59b1333d2731cd512ff206b,2023-06,Surrey Police,Surrey Police,-0.321209,51.180822,On or near Holmwood,E01030515,Mole Valley 013A,Theft from the person,Unable to prosecute suspect,
b3c3521b166df1ecf2aaf26d3d3ddfa1a4d1b3f6fa4844de05c59a7d635f906c,2023-06,Surrey Police,Surrey Police,-0.318536,51.181134,On or near Paddock Grove,E01030515,Mole Valley 013A,Violence and sexual offences,Unable to prosecute suspect,
d5c4b968d556d3439a1fbeb5529eb77df329e5aaaf35e43b053014cf9a0f673e,2023-06,Surrey Police,Surrey Police,-0.322492,51.178961,On or near Oak Corner,E01030515,Mole Valley 013A,Violence and sexual offences,Further investigation is not in the public interest,
889019f68ff8f4b91b9f2edde8287007392ebb41ff5435cf7855d74394f39319,2023-06,Surrey Police,Surrey Police,-0.315384,51.173393,On or near Sports/Recreation Area,E01030515,Mole Valley 013A,Violence and sexual offences,Status update unavailable,
22587c1eef697206c8cb6422e6420e7cfd055c444a776ca3e93aef49e759b663,2023-06,Surrey Police,Surrey Police,-0.315384,51.173393,On or near Sports/Recreation Area,E01030515,Mole Valley 013A,Violence and sexual offences,Unable to prosecute suspect,
dd8a7155e461f2a1527ead71f51e3aaab0b32613871230d3d76063db250de09c,2023-06,Surrey Police,Surrey Police,-0.287347,51.165259,On or near Church Road,E01030528,Mole Valley 013B,Public order,Unable to prosecute suspect,
dff1bef6651095534d22d2590984a4842487111c5d4cbfb97f0251f191159df1,2023-06,Surrey Police,Surrey Police,-0.283852,51.146890,On or near Rusper Road,E01030528,Mole Valley 013B,Burglary,Unable to prosecute suspect,
a5f2ec382df84da8ea652d70742448b3d61c10cb0b1c021dd3d3c7622f528132,2023-06,Surrey Police,Surrey Police,-0.255368,51.146972,On or near Charlwood Lane,E01030528,Mole Valley 013B,Criminal damage and arson,Investigation complete; no suspect identified,
ad23b8e5b0784e1a29ff3b38e503e05f9442ce20db6310d012b27faf520939c6,2023-06,Surrey Police,Surrey Police,-0.284719,51.174025,On or near Parkgate Road,E01030528,Mole Valley 013B,Criminal damage and arson,Local resolution,
7ca393925aabcd53165e9d7bbc251d97ccd1056a9a7e32fdae86c53f77e0c0ee,2023-06,Surrey Police,Surrey Police,-0.263948,51.161425,On or near Burnt Oak Lane,E01030528,Mole Valley 013B,Other theft,Investigation complete; no suspect identified,
ffe60803b2928ef2e88ca8e79799721141faa167824f61c041460c4f262fb60f,2023-06,Surrey Police,Surrey Police,-0.277719,51.170298,On or near Park/Open Space,E01030528,Mole Valley 013B,Other theft,Investigation complete; no suspect identified,
38b31c5b32bc1fe293bd3f0e3d0389af339a280f229cc96a600e698668eaa3c9,2023-06,Surrey Police,Surrey Police,-0.287347,51.165259,On or near Church Road,E01030528,Mole Valley 013B,Other theft,Investigation complete; no suspect identified,
b85a6d5d165370faa76c4186e2c621f3d99f4da042b9ff658d9cc97b0a3c53fa,2023-06,Surrey Police,Surrey Police,-0.255368,51.146972,On or near Charlwood Lane,E01030528,Mole Valley 013B,Vehicle crime,Investigation complete; no suspect identified,
5366efbf71f5fc3b3a8ba2763849763ec5eec0c435033f706f3166b48cd6ac89,2023-06,Surrey Police,Surrey Police,-0.255368,51.146972,On or near Charlwood Lane,E01030528,Mole Valley 013B,Vehicle crime,Unable to prosecute suspect,
6a1960844cfd20a2449e59d0132982e6a342e413f4996f568354dda9f6f3188e,2023-06,Surrey Police,Surrey Police,-0.255368,51.146972,On or near Charlwood Lane,E01030528,Mole Valley 013B,Violence and sexual offences,Unable to prosecute suspect,
962aa9a20f0cfb8e24c4b3145081cd1736a4b62fb3a7fa8b6a161d2bc1bdd656,2023-06,Surrey Police,Surrey Police,-0.286112,51.171554,On or near Parkgate Road,E01030528,Mole Valley 013B,Violence and sexual offences,Unable to prosecute suspect,
d4a4796a7f93a02c0d2aca553e092d72e07d2ff2a3a314aa38cdf9fbacc8e47c,2023-06,Surrey Police,Surrey Police,-0.263948,51.161425,On or near Burnt Oak Lane,E01030528,Mole Valley 013B,Violence and sexual offences,Unable to prosecute suspect,
bace3be2b3e4839599abe475437d6b41c8d3573c58dcad5bcdb5f86c5fbc6582,2023-06,Surrey Police,Surrey Police,-0.255368,51.146972,On or near Charlwood Lane,E01030528,Mole Valley 013B,Violence and sexual offences,Unable to prosecute suspect,
0368a14f4032e21f1f322ba002b67c96d946f060cf3777a86d6fe3ee807648e5,2023-06,Surrey Police,Surrey Police,-0.272879,51.202583,On or near Shellwood Road,E01030530,Mole Valley 013C,Public order,Unable to prosecute suspect,
511654c24e0cdd338489664e5f413050c3b53ee1f2b6092b6b2bb68a519a14f1,2023-06,Surrey Police,Surrey Police,-0.228138,51.156895,On or near Rectory Lane,E01030531,Mole Valley 013D,Burglary,Unable to prosecute suspect,
,2023-06,Surrey Police,Surrey Police,-0.219048,51.155633,On or near Sewill Close,E01030531,Mole Valley 013D,Anti-social behaviour,,
,2023-06,Surrey Police,Surrey Police,-0.242798,51.147791,On or near Russ Hill,E01030531,Mole Valley 013D,Anti-social behaviour,,
,2023-06,Surrey Police,Surrey Police,-0.219094,51.155184,On or near Perrylands,E01030531,Mole Valley 013D,Anti-social behaviour,,
,2023-06,Surrey Police,Surrey Police,-0.186974,51.168018,On or near Mistley Gardens,E01030531,Mole Valley 013D,Anti-social behaviour,,
9233e208ea03e59f4ddaf32161376933db091fbfcb552adad580c5166a81a339,2023-06,Surrey Police,Surrey Police,-0.242798,51.147791,On or near Russ Hill,E01030531,Mole Valley 013D,Bicycle theft,Investigation complete; no suspect identified,
f85349f4d1be0ca8510f51458802029cf1dd735d61ecd1417b762034bea14fa1,2023-06,Surrey Police,Surrey Police,-0.242798,51.147791,On or near Russ Hill,E01030531,Mole Valley 013D,Bicycle theft,Investigation complete; no suspect identified,
051856b171dc31ba5aa2028fa5db0f61abaf820408f88ff07391f4944aa10f9b,2023-06,Surrey Police,Surrey Police,-0.242798,51.147791,On or near Russ Hill,E01030531,Mole Valley 013D,Criminal damage and arson,Investigation complete; no suspect identified,
ddebba24035f25f6adf68bc44edf3a652286ba08370678b24a2528b7427f7fb8,2023-06,Surrey Police,Surrey Police,-0.231996,51.155470,On or near Glover'S Road,E01030531,Mole Valley 013D,Criminal damage and arson,Investigation complete; no suspect identified,
848c23b5ee83fb0b4bbf1cab0149b0edb449aa48fea8e06faf02f5de7207fd4d,2023-06,Surrey Police,Surrey Police,-0.242798,51.147791,On or near Russ Hill,E01030531,Mole Valley 013D,Drugs,Local resolution,
b8b04e85300623ac8e132bfa2eb5845c380387f3bc1baf5f7375abbb502b08b7,2023-06,Surrey Police,Surrey Police,-0.186974,51.168018,On or near Mistley Gardens,E01030531,Mole Valley 013D,Other theft,Investigation complete; no suspect identified,
6309fefea5b5f68967f22f030eb81cac2c661ffc39ffcea5228493fc023888b9,2023-06,Surrey Police,Surrey Police,-0.224907,51.176235,On or near Norwoodhill Road,E01030531,Mole Valley 013D,Other theft,Investigation complete; no suspect identified,
2608d3cf2ba2e59896007896654a224d971eeff8b79cd16d523aab3e97247f16,2023-06,Surrey Police,Surrey Police,-0.186974,51.168018,On or near Mistley Gardens,E01030531,Mole Valley 013D,Other theft,Investigation complete; no suspect identified,
031d08ee24b5e42ec2b2a579a9d368148e2e8ef17818007ce4ea064bdd5e8dde,2023-06,Surrey Police,Surrey Police,-0.186974,51.168018,On or near Mistley Gardens,E01030531,Mole Valley 013D,Other theft,Investigation complete; no suspect identified,
dc9fd78186f8ae38444de360cb6f412f202bde7b488dc73910634f6279cc8bc2,2023-06,Surrey Police,Surrey Police,-0.186974,51.168018,On or near Mistley Gardens,E01030531,Mole Valley 013D,Other theft,Investigation complete; no suspect identified,
757f72e25c14cf20638ac674c0683dbcf0cd0de7b28de53120d3e611d71dcbb4,2023-06,Surrey Police,Surrey Police,-0.186974,51.168018,On or near Mistley Gardens,E01030531,Mole Valley 013D,Other theft,Investigation complete; no suspect identified,
f048316a2dd4ccddaca33de4984a334803149240386574e2fbbb510efb24af35,2023-06,Surrey Police,Surrey Police,-0.186974,51.168018,On or near Mistley Gardens,E01030531,Mole Valley 013D,Other theft,Investigation complete; no suspect identified,
0a9e1e4106a773ed351a2ded46723075089c4a2f5c3c25aed7a9818d00a35742,2023-06,Surrey Police,Surrey Police,-0.228494,51.176721,On or near Norwood Hill,E01030531,Mole Valley 013D,Possession of weapons,Unable to prosecute suspect,
d27636baca6e15788523b4c4077caf405ebeafd3e46fb2b1563c8c3527e24f67,2023-06,Surrey Police,Surrey Police,-0.186974,51.168018,On or near Mistley Gardens,E01030531,Mole Valley 013D,Public order,Unable to prosecute suspect,
3c4baa22dadea7b84f2d540937dfe5e330b3022b31b07a670054e467303cb627,2023-06,Surrey Police,Surrey Police,-0.186974,51.168018,On or near Mistley Gardens,E01030531,Mole Valley 013D,Shoplifting,Investigation complete; no suspect identified,
e0361f9081c22599d2b95175e16ea1e7bdc83aaa084c60b1bc9ed9c8ffb33569,2023-06,Surrey Police,Surrey Police,-0.186974,51.168018,On or near Mistley Gardens,E01030531,Mole Valley 013D,Shoplifting,Investigation complete; no suspect identified,
989bde4a54fb288fdd6e3349eb660ca6b3c4bf291cf1c0e29646c5cf494283ca,2023-06,Surrey Police,Surrey Police,-0.186974,51.168018,On or near Mistley Gardens,E01030531,Mole Valley 013D,Shoplifting,Investigation complete; no suspect identified,
9ead8f4540970459c9208012085119c8a06b329b4f53ccce570ec2799964be73,2023-06,Surrey Police,Surrey Police,-0.186974,51.168018,On or near Mistley Gardens,E01030531,Mole Valley 013D,Shoplifting,Investigation complete; no suspect identified,
d6369ece12cf17788df6004ef031f3112426c2713771751bc108ee8a69234c06,2023-06,Surrey Police,Surrey Police,-0.186974,51.168018,On or near Mistley Gardens,E01030531,Mole Valley 013D,Shoplifting,Further investigation is not in the public interest,
00b57a644da1c54be22766756182b019e06a7292f7c063c427832d3c323482d6,2023-06,Surrey Police,Surrey Police,-0.186974,51.168018,On or near Mistley Gardens,E01030531,Mole Valley 013D,Shoplifting,Investigation complete; no suspect identified,
d3a0ef32a777b3c7495eabee1cbb23453567d92998b6b2364e00def4088a45a3,2023-06,Surrey Police,Surrey Police,-0.238378,51.162868,On or near Beggarshouse Lane,E01030531,Mole Valley 013D,Vehicle crime,Investigation complete; no suspect identified,
794acd35e8b1f12b202e2b488452ee4d8878a0d49334329c4d4572c3da29c8e2,2023-06,Surrey Police,Surrey Police,-0.186974,51.168018,On or near Mistley Gardens,E01030531,Mole Valley 013D,Vehicle crime,Investigation complete; no suspect identified,
e358b232cb1a66f7427f0f044c9d76322105a6d7b964dce29406c14b72d0f897,2023-06,Surrey Police,Surrey Police,-0.187135,51.167193,On or near Brickfield Lane,E01030531,Mole Valley 013D,Vehicle crime,Investigation complete; no suspect identified,
1845dea6c35a10ecdda78f5d8f028ef22aebd13358388eb880fe4abcd0627b53,2023-06,Surrey Police,Surrey Police,-0.219094,51.155184,On or near Perrylands,E01030531,Mole Valley 013D,Vehicle crime,Investigation complete; no suspect identified,
dd15b8b388b638ddbf3f35c6dbbee4e4f5a724f522e6486e74041444674906a7,2023-06,Surrey Police,Surrey Police,-0.242798,51.147791,On or near Russ Hill,E01030531,Mole Valley 013D,Violence and sexual offences,Unable to prosecute suspect,
9bf52efe075bc19d1bbd7e91be44ff1901c6c6f828ceaf12ee6293a061e20d13,2023-06,Surrey Police,Surrey Police,-0.218809,51.154056,On or near Lowfield Heath Road,E01030531,Mole Valley 013D,Violence and sexual offences,Investigation complete; no suspect identified,
362b96fcfcdcfde469c28368ac4fa1a39bfd19471f24ed07d44c6e93ff26a7f4,2023-06,Surrey Police,Surrey Police,-0.228138,51.156895,On or near Rectory Lane,E01030531,Mole Valley 013D,Violence and sexual offences,Unable to prosecute suspect,
65bee31e0024a757147513a1f671e0e5d355f4b7880ebc1c67cae0fd21779c88,2023-06,Surrey Police,Surrey Police,-0.224907,51.176235,On or near Norwoodhill Road,E01030531,Mole Valley 013D,Violence and sexual offences,Investigation complete; no suspect identified,
3dd384934d442f8c546cfe28683109ba1278c84b5f03a75fe4802aed5e8636c0,2023-06,Surrey Police,Surrey Police,-0.242798,51.147791,On or near Russ Hill,E01030531,Mole Valley 013D,Violence and sexual offences,Status update unavailable,
72b4b105298f819e25fd78dbc789a03418f5304fcca4b91e8dfddc1bd50910d5,2023-06,Surrey Police,Surrey Police,-0.242798,51.147791,On or near Russ Hill,E01030531,Mole Valley 013D,Violence and sexual offences,Local resolution,
91a59d8cc8afef796382f446f59dd74ea47229c3e1afa39a93fa534a3febb8c6,2023-06,Surrey Police,Surrey Police,-0.189548,51.169866,On or near Reigate Road,E01030531,Mole Valley 013D,Violence and sexual offences,Unable to prosecute suspect,
ed5804bfd8d96bc1c4151fc2a53ad03d42ca5c0f679031e861de5e270224ea71,2023-06,Surrey Police,Surrey Police,-0.186974,51.168018,On or near Mistley Gardens,E01030531,Mole Valley 013D,Violence and sexual offences,Unable to prosecute suspect,
628db6b52e8d112d80c1030a51442d0a93dff858ab82682e50a7f99d7fd78c38,2023-06,Surrey Police,Surrey Police,-0.186974,51.168018,On or near Mistley Gardens,E01030531,Mole Valley 013D,Violence and sexual offences,Further investigation is not in the public interest,
8bb35869952a94dc3d145dd27cbad46f9064c598d7acec55980b12cc198ab359,2023-06,Surrey Police,Surrey Police,-0.242798,51.147791,On or near Russ Hill,E01030531,Mole Valley 013D,Violence and sexual offences,Further investigation is not in the public interest,
b017c8aca6de963dffcbf3ffc9fd554b50472635fcf9a1fda4f83581f353265c,2023-06,Surrey Police,Surrey Police,-0.186024,51.166699,On or near Withey Brook,E01030531,Mole Valley 013D,Violence and sexual offences,Investigation complete; no suspect identified,
454ce30d4023bdefa195a286edbf1f1fe66021336e1c6856303d6ffad2af25c5,2023-06,Surrey Police,Surrey Police,-0.242798,51.147791,On or near Russ Hill,E01030531,Mole Valley 013D,Violence and sexual offences,Investigation complete; no suspect identified,
931841c54227a69a692c92b28c7c59b659ae89a50b65a7de2765053de6f8de0f,2023-06,Surrey Police,Surrey Police,-0.229998,51.325196,On or near Warren Mead,E01030603,Reigate and Banstead 001A,Vehicle crime,Investigation complete; no suspect identified,
0aa56e6f143f88bdd49b306661482e75e0f1d89a8bd4a7796eb9a9ab77cdccc0,2023-06,Surrey Police,Surrey Police,-0.221909,51.322817,On or near Lambourne Close,E01030604,Reigate and Banstead 001B,Other theft,Investigation complete; no suspect identified,
656ecbc201a21cf0e0267bd5352a57b8f55515af6808d8b721ac52e9c35ca399,2023-06,Surrey Police,Surrey Police,-0.218600,51.323774,On or near Acorn Close,E01030604,Reigate and Banstead 001B,Vehicle crime,Investigation complete; no suspect identified,
,2023-06,Surrey Police,Surrey Police,-0.228545,51.321200,On or near Park Wood View,E01030605,Reigate and Banstead 001C,Anti-social behaviour,,
,2023-06,Surrey Police,Surrey Police,-0.233429,51.326687,On or near Reigate Road,E01030605,Reigate and Banstead 001C,Anti-social behaviour,,
b8fa9f32c45aeccb0261d53e9924aaec40691c49903373d9583523485f2d8067,2023-06,Surrey Police,Surrey Police,-0.224940,51.322377,On or near Parsonsfield Road,E01030605,Reigate and Banstead 001C,Possession of weapons,Unable to prosecute suspect,
b05bb8d9b51e2cfe8d61e90f748120a3e53301987256ed56590e494115c36f8d,2023-06,Surrey Police,Surrey Police,-0.234215,51.324532,On or near Fir Tree Close,E01030605,Reigate and Banstead 001C,Public order,Unable to prosecute suspect,
3df73eb1c4217057ac3a8957e45ff20308546f6ad6ea453d9176457105ec6f2a,2023-06,Surrey Police,Surrey Police,-0.231944,51.326845,On or near Grey Alders,E01030605,Reigate and Banstead 001C,Vehicle crime,Investigation complete; no suspect identified,
1aadd6955f916a5378616ec4d971aa0cd0bf1620b781d595dc7e9a9919ab7750,2023-06,Surrey Police,Surrey Police,-0.221504,51.322541,On or near Nork Way,E01030607,Reigate and Banstead 001D,Burglary,Status update unavailable,
b97567ded73d4bc42acd279e6420dad86e0b5d8c31331322b7b90bc9adcba83b,2023-06,Surrey Police,Surrey Police,-0.221997,51.319050,On or near Beacon Way,E01030607,Reigate and Banstead 001D,Other theft,Investigation complete; no suspect identified,
913e25f000dd608c7e7ca2f5f57711a5c46485c83bb0a92984a0c7e440cb28c3,2023-06,Surrey Police,Surrey Police,-0.212156,51.319341,On or near Magnolia Drive,E01030607,Reigate and Banstead 001D,Violence and sexual offences,Status update unavailable,
,2023-06,Surrey Police,Surrey Police,-0.203113,51.317908,On or near Great Ellshams,E01030559,Reigate and Banstead 002A,Anti-social behaviour,,
cc5eb3302c1be059053f97ea26e448be1a33048db03a9a3d2fcbdad875af7b5c,2023-06,Surrey Police,Surrey Police,-0.207484,51.318802,On or near Garratts Lane,E01030559,Reigate and Banstead 002A,Other theft,Investigation complete; no suspect identified,
45c772cf7f49421da4211c4a3be01871525382068ac7e255acde1171d0849698,2023-06,Surrey Police,Surrey Police,-0.206656,51.321262,On or near The Orchard,E01030559,Reigate and Banstead 002A,Public order,Investigation complete; no suspect identified,
,2023-06,Surrey Police,Surrey Police,-0.200057,51.323031,On or near High Street,E01030560,Reigate and Banstead 002B,Anti-social behaviour,,
,2023-06,Surrey Police,Surrey Police,-0.198926,51.323320,On or near B2217,E01030560,Reigate and Banstead 002B,Anti-social behaviour,,
,2023-06,Surrey Police,Surrey Police,-0.200057,51.323031,On or near High Street,E01030560,Reigate and Banstead 002B,Anti-social behaviour,,
57248595f1e85d51c435ea7ee85e14f6a7ac34511c91a4945dfc1f7a36d3b5bd,2023-06,Surrey Police,Surrey Police,-0.204080,51.320710,On or near B2219,E01030560,Reigate and Banstead 002B,Criminal damage and arson,Unable to prosecute suspect,
0520ee42dde112889743e3127da53c38f7563fedf03e9e13da1bfa0f5525100f,2023-06,Surrey Police,Surrey Police,-0.204080,51.320710,On or near B2219,E01030560,Reigate and Banstead 002B,Criminal damage and arson,Unable to prosecute suspect,
f031284ae45b6fb537503b89de1d227d1b47a15efd706e4ed3802adc91a97a4d,2023-06,Surrey Police,Surrey Police,-0.210557,51.322077,On or near A217,E01030560,Reigate and Banstead 002B,Criminal damage and arson,Investigation complete; no suspect identified,
c9474a395a3c875c4444561fdfcf65b34d86420b5336f39ba69c1c05af565f3f,2023-06,Surrey Police,Surrey Police,-0.201937,51.321936,On or near Parking Area,E01030560,Reigate and Banstead 002B,Other theft,Investigation complete; no suspect identified,
5b7f376ab30cd6fe7a6843cdbee2f2084a47997af2d8b642e538a154d0a97545,2023-06,Surrey Police,Surrey Police,-0.207447,51.322704,On or near The Horseshoe,E01030560,Reigate and Banstead 002B,Other theft,Investigation complete; no suspect identified,
4453bee6e5b89987602352008a2c0d18187dbfae8601b9bf8ed48ee6a7e69c1f,2023-06,Surrey Police,Surrey Police,-0.195859,51.323929,On or near Chiltons Close,E01030560,Reigate and Banstead 002B,Public order,Investigation complete; no suspect identified,
b0eda713e0153c793d73085d880107ee5fc6990f869eec8b432feaa825fd363b,2023-06,Surrey Police,Surrey Police,-0.203157,51.320813,On or near Clifton Place,E01030560,Reigate and Banstead 002B,Public order,Unable to prosecute suspect,
1d20cd83577ac1a3fd4559eb3e4a74bc9df0cfb8f904a01549e73732ff2b0cac,2023-06,Surrey Police,Surrey Police,-0.198926,51.323320,On or near B2217,E01030560,Reigate and Banstead 002B,Public order,Unable to prosecute suspect,
8eb92725d388624d93332dbcfdd3aa9508e27f96f05d8bee0c24064df8b05309,2023-06,Surrey Police,Surrey Police,-0.198926,51.323320,On or near B2217,E01030560,Reigate and Banstead 002B,Public order,Unable to prosecute suspect,
7b0c9d19c04fe60bca8b76737fb5877e12f4c798ae134d6f071e96df4c63ee65,2023-06,Surrey Police,Surrey Police,-0.198926,51.323320,On or near B2217,E01030560,Reigate and Banstead 002B,Public order,Unable to prosecute suspect,
48607777cd8d0e18cbc8620c45e2e4010fa0bcb459dbdc864aa6fe889fe571ef,2023-06,Surrey Police,Surrey Police,-0.200057,51.323031,On or near High Street,E01030560,Reigate and Banstead 002B,Shoplifting,Investigation complete; no suspect identified,
74951f63ffb1b9a883518e44c320208a95ee1420d93b423c1b8a61ec78ef449c,2023-06,Surrey Police,Surrey Police,-0.198926,51.323320,On or near B2217,E01030560,Reigate and Banstead 002B,Shoplifting,Investigation complete; no suspect identified,
2d63bae0dfb1582802e85ab92191e4973c69a3e5b61262b1bb2b286b74c9ce3c,2023-06,Surrey Police,Surrey Police,-0.200057,51.323031,On or near High Street,E01030560,Reigate and Banstead 002B,Shoplifting,Investigation complete; no suspect identified,
dea49c19829528657952a4ffe12a02867f18c7cc8b48bdd4de1f37820244eec0,2023-06,Surrey Police,Surrey Police,-0.204080,51.320710,On or near B2219,E01030560,Reigate and Banstead 002B,Shoplifting,Investigation complete; no suspect identified,
40f1b7b486c73dcd2c805ccbef9b3ca8b8c46fed91963af53f90b35e62aef1b7,2023-06,Surrey Police,Surrey Police,-0.198926,51.323320,On or near B2217,E01030560,Reigate and Banstead 002B,Vehicle crime,Investigation complete; no suspect identified,
0d1fd34de171d1a9192f9fec74887b140a783fbd789f911bc6581aefaed21142,2023-06,Surrey Police,Surrey Police,-0.210557,51.322077,On or near A217,E01030560,Reigate and Banstead 002B,Vehicle crime,Investigation complete; no suspect identified,
3b26b38c7a2b21f28871babcac7d71aabe2348bc0f737925f2a357af5132da96,2023-06,Surrey Police,Surrey Police,-0.200057,51.323031,On or near High Street,E01030560,Reigate and Banstead 002B,Violence and sexual offences,Unable to prosecute suspect,
404c1eae8f092a84c4ee7fdc947c6058d518d0d703737233fb899b912872b29e,2023-06,Surrey Police,Surrey Police,-0.204080,51.320710,On or near B2219,E01030560,Reigate and Banstead 002B,Violence and sexual offences,Unable to prosecute suspect,
a0ea7e93ff2be60cc4e010cb28493853d441fabf3be1f2e2fb10cf947ae2c4e4,2023-06,Surrey Police,Surrey Police,-0.204080,51.320710,On or near B2219,E01030560,Reigate and Banstead 002B,Violence and sexual offences,Unable to prosecute suspect,
b8204ddd5dfb5e68145720bea0238f48533358388298edb5c09be92f90dc056f,2023-06,Surrey Police,Surrey Police,-0.204080,51.320710,On or near B2219,E01030560,Reigate and Banstead 002B,Violence and sexual offences,Further investigation is not in the public interest,
e12d7c2b3abaf3b0effba8bfbe32c82185f6562a31aa9cc6e07dcc737b56a96f,2023-06,Surrey Police,Surrey Police,-0.200057,51.323031,On or near High Street,E01030560,Reigate and Banstead 002B,Violence and sexual offences,Unable to prosecute suspect,
a8b0c80cfca0c90721d051ccfe30f756934229cfc0efb5be0c2853b93e4fdd73,2023-06,Surrey Police,Surrey Police,-0.198926,51.323320,On or near B2217,E01030560,Reigate and Banstead 002B,Violence and sexual offences,Investigation complete; no suspect identified,
99bfdf939110a6579c69633f6763b3aeb8159b3ecaafa6d463bb0149dc99adb6,2023-06,Surrey Police,Surrey Police,-0.200057,51.323031,On or near High Street,E01030560,Reigate and Banstead 002B,Violence and sexual offences,Action to be taken by another organisation,
68a474bd60f11853ad0893db0bb6832ac8fee406723e823348e7dd3949ccd92b,2023-06,Surrey Police,Surrey Police,-0.207447,51.322704,On or near The Horseshoe,E01030560,Reigate and Banstead 002B,Violence and sexual offences,Unable to prosecute suspect,
48dd25cc5493991ba615879574da562a94f40141fdc3f39c0c5e3739a1fb623f,2023-06,Surrey Police,Surrey Police,-0.198926,51.323320,On or near B2217,E01030560,Reigate and Banstead 002B,Violence and sexual offences,Unable to prosecute suspect,
,2023-06,Surrey Police,Surrey Police,-0.198261,51.322356,On or near Avenue Road,E01030561,Reigate and Banstead 002C,Anti-social behaviour,,
,2023-06,Surrey Police,Surrey Police,-0.191272,51.322698,On or near Robertson Place,E01030561,Reigate and Banstead 002C,Anti-social behaviour,,
a09ff93db94d9b3832f3a67b754ed92cd44a9cb3bbb78da9859e0613744542d7,2023-06,Surrey Police,Surrey Police,-0.194761,51.324137,On or near Cheyne Court,E01030561,Reigate and Banstead 002C,Burglary,Status update unavailable,
2a419bc9ad99ed9b68294d8ea9a04501df953746d452c6a352f10b0a95615c6d,2023-06,Surrey Police,Surrey Police,-0.193839,51.322738,On or near Park Road,E01030561,Reigate and Banstead 002C,Violence and sexual offences,Investigation complete; no suspect identified,
,2023-06,Surrey Police,Surrey Police,-0.209686,51.317532,On or near Diceland Road,E01030562,Reigate and Banstead 002D,Anti-social behaviour,,
735ce88b75d609383002fa915470469547a9f01cf21724967ec053543a6eb1ff,2023-06,Surrey Police,Surrey Police,-0.211105,51.317194,On or near Petrol Station,E01030562,Reigate and Banstead 002D,Shoplifting,Investigation complete; no suspect identified,
d58acf10e736d10061b51565009691ccffc837dc22abb3941016d08b68a522f8,2023-06,Surrey Police,Surrey Police,-0.211105,51.317194,On or near Petrol Station,E01030562,Reigate and Banstead 002D,Shoplifting,Investigation complete; no suspect identified,
68eeef14612c066d6e41132d14a841b4d5ca44000416094d3b5807b2a636a664,2023-06,Surrey Police,Surrey Police,-0.204314,51.315453,On or near Chalk Pit Road,E01030562,Reigate and Banstead 002D,Violence and sexual offences,Local resolution,
11c2edb9e3ef9fffc1511c9491fc797ee1c8595e5c8c56d62222ff59ac7893b6,2023-06,Surrey Police,Surrey Police,-0.188695,51.336732,On or near Prison,E01030563,Reigate and Banstead 002E,Violence and sexual offences,Unable to prosecute suspect,
17d2bfa83572accddf57b3bb524344ceb44dd2b987f48a7fdacf4dfe71225fe8,2023-06,Surrey Police,Surrey Police,-0.188695,51.336732,On or near Prison,E01030563,Reigate and Banstead 002E,Violence and sexual offences,Court result unavailable,
befc798f8f2389fb1328120e5227fe9f2e10d50d02620a54dba2f40b3d65f5f4,2023-06,Surrey Police,Surrey Police,-0.188695,51.336732,On or near Prison,E01030563,Reigate and Banstead 002E,Violence and sexual offences,Court result unavailable,
01e29a50e9cf65905a4cc04f89a4a8d31e0e052969647ce8562243d11ec6eb13,2023-06,Surrey Police,Surrey Police,-0.189730,51.338888,On or near Prison,E01030563,Reigate and Banstead 002E,Violence and sexual offences,Unable to prosecute suspect,
b6377f5da972343b06175a21bf11641a2298f23d29b30218e048c42331b9c5f9,2023-06,Surrey Police,Surrey Police,-0.189730,51.338888,On or near Prison,E01030563,Reigate and Banstead 002E,Violence and sexual offences,Unable to prosecute suspect,
c3f409ba6819b99bf3934cee99e22706bc5d8f95a54ce83d7b3134089b577e9b,2023-06,Surrey Police,Surrey Police,-0.189730,51.338888,On or near Prison,E01030563,Reigate and Banstead 002E,Violence and sexual offences,Unable to prosecute suspect,
24219bf270bfd6641175405149c5e4b4b521c328816c70682e98717a9d03711e,2023-06,Surrey Police,Surrey Police,-0.188695,51.336732,On or near Prison,E01030563,Reigate and Banstead 002E,Violence and sexual offences,Court result unavailable,
57a71bef35f84c8086c7f54cc0352187775cfcc40e14117577b54f4211ab008d,2023-06,Surrey Police,Surrey Police,-0.188695,51.336732,On or near Prison,E01030563,Reigate and Banstead 002E,Violence and sexual offences,Court result unavailable,
7929ad415aba870be5d6f2cb264469dae096491c2fab78f7792104f3cce1177b,2023-06,Surrey Police,Surrey Police,-0.188695,51.336732,On or near Prison,E01030563,Reigate and Banstead 002E,Violence and sexual offences,Court result unavailable,
aba38715105c161fe75719309f104c39dd1fe02c8d61e700aed48e9733af7c6e,2023-06,Surrey Police,Surrey Police,-0.188695,51.336732,On or near Prison,E01030563,Reigate and Banstead 002E,Violence and sexual offences,Court result unavailable,
98c5021e42c52634c917e85989e1b853db8cb85d85dc9e89d517455a76eed1d5,2023-06,Surrey Police,Surrey Police,-0.188695,51.336732,On or near Prison,E01030563,Reigate and Banstead 002E,Violence and sexual offences,Unable to prosecute suspect,
6cabed007a8336ef7856fe6d82c7f783f3c48ad903db5a24590d08c1e34f1683,2023-06,Surrey Police,Surrey Police,-0.188695,51.336732,On or near Prison,E01030563,Reigate and Banstead 002E,Other crime,Unable to prosecute suspect,
1bc852a1f7117a87405c41757d89c1e3bfecfe06c7762f75057cd48548305cc7,2023-06,Surrey Police,Surrey Police,-0.188695,51.336732,On or near Prison,E01030563,Reigate and Banstead 002E,Other crime,Court result unavailable,
07f316ca3c62b5c6e010426f44f8fefad39f94d2ce21a1381e00728076911e2b,2023-06,Surrey Police,Surrey Police,-0.198669,51.328792,On or near Palmersfield Road,E01030563,Reigate and Banstead 002E,Burglary,Status update unavailable,
12590bc4d06d6863f97ce79b730e5b23a2ef096fec558026f7638e51bd07096b,2023-06,Surrey Police,Surrey Police,-0.193902,51.331381,On or near Beechfield,E01030563,Reigate and Banstead 002E,Burglary,Status update unavailable,
e58610e3481ee923158b80e9e45fa69ad28f8000631532f9501e412bcbc7c648,2023-06,Surrey Police,Surrey Police,-0.189730,51.338888,On or near Prison,E01030563,Reigate and Banstead 002E,Criminal damage and arson,Action to be taken by another organisation,
5818a2fb4a35fc6a63f09330df6df670ca845aad76dd2cfeeb9e5596642379ca,2023-06,Surrey Police,Surrey Police,-0.188695,51.336732,On or near Prison,E01030563,Reigate and Banstead 002E,Criminal damage and arson,Further action is not in the public interest,
511c56c80f7cd58425594a9b77e1680dab1980c5f1bc8b7acff0d967dd6314c3,2023-06,Surrey Police,Surrey Police,-0.188695,51.336732,On or near Prison,E01030563,Reigate and Banstead 002E,Criminal damage and arson,Investigation complete; no suspect identified,
c35654bc84b2c95d2cba7da62c2d01b9b94810c0ca57886d9b455b1bc25fdaf7,2023-06,Surrey Police,Surrey Police,-0.190021,51.338074,On or near High Down Lane,E01030563,Reigate and Banstead 002E,Public order,Investigation complete; no suspect identified,
452baa58cea7dee57991f92da2bc34073aee098ba78d210e3f102246effafa51,2023-06,Surrey Police,Surrey Police,-0.188695,51.336732,On or near Prison,E01030563,Reigate and Banstead 002E,Public order,Investigation complete; no suspect identified,
ae712a7cc634cee6885ff4680f4c10ae7d5e64421d0e627aee32218ed52ba06c,2023-06,Surrey Police,Surrey Police,-0.188695,51.336732,On or near Prison,E01030563,Reigate and Banstead 002E,Violence and sexual offences,Status update unavailable,
4bde21aaa65306b4d378d09fae47c4d998efbcc643c19309c23d95a1454b6fc3,2023-06,Surrey Police,Surrey Police,-0.188695,51.336732,On or near Prison,E01030563,Reigate and Banstead 002E,Violence and sexual offences,Unable to prosecute suspect,
5102a63fd98dafb49da0e07bc2a01fe5f338b639b7fac51ff6cd09cdcc1c43fa,2023-06,Surrey Police,Surrey Police,-0.188695,51.336732,On or near Prison,E01030563,Reigate and Banstead 002E,Violence and sexual offences,Unable to prosecute suspect,
14ff8e0b9fac195a5d301e0f89c3dad7db7add941fc9c9b6b25b8dc0a882c516,2023-06,Surrey Police,Surrey Police,-0.188695,51.336732,On or near Prison,E01030563,Reigate and Banstead 002E,Violence and sexual offences,Unable to prosecute suspect,
1c4da36551a9851a267765c08007aff96070a5102817819a4202b3979840c0d9,2023-06,Surrey Police,Surrey Police,-0.189730,51.338888,On or near Prison,E01030563,Reigate and Banstead 002E,Violence and sexual offences,Unable to prosecute suspect,
f32660da3dc96af218faf3d7712431349de2261116d8d133d04a4063c71eab22,2023-06,Surrey Police,Surrey Police,-0.189730,51.338888,On or near Prison,E01030563,Reigate and Banstead 002E,Violence and sexual offences,Court result unavailable,
3deb2ef44e5706a2d7e0fbf9fe2de119b2ee53cdcc2161a5f8c0e89ac00032f1,2023-06,Surrey Police,Surrey Police,-0.189730,51.338888,On or near Prison,E01030563,Reigate and Banstead 002E,Violence and sexual offences,Unable to prosecute suspect,
80657ec38f1c06cf4bc63ead1e488329d36793ae39cafc53a92509a7db271c25,2023-06,Surrey Police,Surrey Police,-0.188695,51.336732,On or near Prison,E01030563,Reigate and Banstead 002E,Violence and sexual offences,Unable to prosecute suspect,
102cfc8b3d9da4f83708268fd7ce5b95f8e8cb7addefc2b7abb0c1d30563b46a,2023-06,Surrey Police,Surrey Police,-0.188695,51.336732,On or near Prison,E01030563,Reigate and Banstead 002E,Violence and sexual offences,Unable to prosecute suspect,
d287207296571408a6e9dc7144689b4853d6b8b7eee22b13212380032fb6b708,2023-06,Surrey Police,Surrey Police,-0.188695,51.336732,On or near Prison,E01030563,Reigate and Banstead 002E,Other crime,Unable to prosecute suspect,
44c0ab094d32d3a678fe52c9623e87df0856602eac586aab8867b23ecd30b89f,2023-06,Surrey Police,Surrey Police,-0.188695,51.336732,On or near Prison,E01030563,Reigate and Banstead 002E,Other crime,Unable to prosecute suspect,
fcc736c8e4e7c0b8e87d26c96bcaba12a331eb5870c44481336aafe172822298,2023-06,Surrey Police,Surrey Police,-0.188695,51.336732,On or near Prison,E01030563,Reigate and Banstead 002E,Other crime,Status update unavailable,
74298724b9c908302e8087deca2bc435af8982cbc57a355c59475f3e97bb1f61,2023-06,Surrey Police,Surrey Police,-0.198316,51.324596,On or near Harbourfield Road,E01030564,Reigate and Banstead 002F,Burglary,Status update unavailable,
744b5e275932ef69d0439d8926ca1ec7d91453b12bfbc449326b5a99290bdb11,2023-06,Surrey Police,Surrey Police,-0.198334,51.326710,On or near Neville Close,E01030564,Reigate and Banstead 002F,Burglary,Investigation complete; no suspect identified,
a316dc2ced7cdc0dee3fcf7cbb483664c379b8d38a930f8e84c627a7aa090385,2023-06,Surrey Police,Surrey Police,-0.201908,51.323393,On or near Garden Close,E01030564,Reigate and Banstead 002F,Vehicle crime,Investigation complete; no suspect identified,
b115a3fe0c495d3f53247f9ef649f462e1326fb3e63237bec3c9a3b10a6fc6e6,2023-06,Surrey Police,Surrey Police,-0.196957,51.325214,On or near Buff Avenue,E01030564,Reigate and Banstead 002F,Violence and sexual offences,Unable to prosecute suspect,
d697f349be3f6d39714560dd26b3a23a07006a3107ecbb4952ade01542b1b57b,2023-06,Surrey Police,Surrey Police,-0.198334,51.326710,On or near Neville Close,E01030564,Reigate and Banstead 002F,Violence and sexual offences,Status update unavailable,
fab307eefd21334c01ff5128edb4ec441c9fe45ffd28d5ce2cb7e9018b74a6d4,2023-06,Surrey Police,Surrey Police,-0.199604,51.326532,On or near Daniel Way,E01030564,Reigate and Banstead 002F,Violence and sexual offences,Action to be taken by another organisation,
3df05f49b29b8987a0b29679941d361e847e526eb4b7286b120bb2a01e2d0a15,2023-06,Surrey Police,Surrey Police,-0.199604,51.326532,On or near Daniel Way,E01030564,Reigate and Banstead 002F,Violence and sexual offences,Action to be taken by another organisation,
2d766dee042f044803d001eb04a18eccbed6859a9a4a7b44b135911f08743bf7,2023-06,Surrey Police,Surrey Police,-0.200199,51.326010,On or near Lambert Road,E01030564,Reigate and Banstead 002F,Violence and sexual offences,Investigation complete; no suspect identified,
,2023-06,Surrey Police,Surrey Police,-0.232798,51.318063,On or near Elmshorn,E01030606,Reigate and Banstead 003A,Anti-social behaviour,,
a6b5f17d39f6bd376b74b2560de06dd4460d770271fdfaf709a0083d0b650496,2023-06,Surrey Police,Surrey Police,-0.240244,51.316628,On or near Kenmore Close,E01030606,Reigate and Banstead 003A,Drugs,Local resolution,
d1e9d8fe62a09184024c53b82f3bccc2b358b140400085b1c1a2b6c044f4a205,2023-06,Surrey Police,Surrey Police,-0.236003,51.316088,On or near Downs Reach,E01030606,Reigate and Banstead 003A,Vehicle crime,Investigation complete; no suspect identified,
,2023-06,Surrey Police,Surrey Police,-0.239288,51.312369,On or near Walkfield Drive,E01030641,Reigate and Banstead 003B,Anti-social behaviour,,
2a01d4a515dc248eb5e5a813eba36ed0e0d125e65e3e84fc53a09bec4b18c017,2023-06,Surrey Police,Surrey Police,-0.239288,51.312369,On or near Walkfield Drive,E01030641,Reigate and Banstead 003B,Vehicle crime,Investigation complete; no suspect identified,
7a376b0529bba00ab03255238dce7d7f3e514c6edceb8419c06a9d924bdabb20,2023-06,Surrey Police,Surrey Police,-0.239288,51.312369,On or near Walkfield Drive,E01030641,Reigate and Banstead 003B,Violence and sexual offences,Unable to prosecute suspect,
,2023-06,Surrey Police,Surrey Police,-0.228436,51.312106,On or near Shawley Crescent,E01030642,Reigate and Banstead 003C,Anti-social behaviour,,
,2023-06,Surrey Police,Surrey Police,-0.225529,51.313079,On or near Home Farm Close,E01030642,Reigate and Banstead 003C,Anti-social behaviour,,
55ca947bf59c660cdef08ae76bce9ef717c98a3b96839cec482e5ea57780beac,2023-06,Surrey Police,Surrey Police,-0.228774,51.310403,On or near B2221,E01030642,Reigate and Banstead 003C,Burglary,Status update unavailable,
f67d82207fa5d77445ce0f756e80bfd2694eba3bd866d166e8a16e796b47511f,2023-06,Surrey Police,Surrey Police,-0.228774,51.310403,On or near B2221,E01030642,Reigate and Banstead 003C,Burglary,Status update unavailable,
4b2e28bf256ee4f617b194582490c3bb3b80299462577cbb6a4b9688f8e98149,2023-06,Surrey Police,Surrey Police,-0.228103,51.307704,On or near Chetwode Drive,E01030642,Reigate and Banstead 003C,Violence and sexual offences,Unable to prosecute suspect,
fec1c56796892274700769589fe049617c420d33d090a2a7188f654d660b9bc4,2023-06,Surrey Police,Surrey Police,-0.228103,51.307704,On or near Chetwode Drive,E01030642,Reigate and Banstead 003C,Violence and sexual offences,Unable to prosecute suspect,
6311249425ff32a6e6281ede985eb3f6142bd432c81ea7eb2ba85fb45786143b,2023-06,Surrey Police,Surrey Police,-0.214509,51.315276,On or near Picquets Way,E01030644,Reigate and Banstead 003D,Violence and sexual offences,Unable to prosecute suspect,
417e9816b044ea73be7d04e7a7d072de810a02c67755a399dd9662e25c4598d0,2023-06,Surrey Police,Surrey Police,-0.224073,51.311744,On or near Tattenham Way,E01030644,Reigate and Banstead 003D,Criminal damage and arson,Unable to prosecute suspect,
81ecea838a9c9b82e140e42ff20d5d3391bbaafb4de4f30c62ec79ab40d4f276,2023-06,Surrey Police,Surrey Police,-0.222553,51.308753,On or near Petrol Station,E01030644,Reigate and Banstead 003D,Other theft,Investigation complete; no suspect identified,
3a65038e3b46faf04d349695ef9435f9407ed14fc573fdb4b6fe92c897cfba0e,2023-06,Surrey Police,Surrey Police,-0.214509,51.315276,On or near Picquets Way,E01030644,Reigate and Banstead 003D,Other theft,Investigation complete; no suspect identified,
02c0e8826750ea7cd930e4f1e851382ee05256bac8c668be01c2f4d039bdfbfa,2023-06,Surrey Police,Surrey Police,-0.220317,51.313530,On or near Parking Area,E01030644,Reigate and Banstead 003D,Public order,Unable to prosecute suspect,
25d64bf587b9e10a4df2ef12012338040412977e3640efe5be833b250267ce17,2023-06,Surrey Police,Surrey Police,-0.222553,51.308753,On or near Petrol Station,E01030644,Reigate and Banstead 003D,Shoplifting,Investigation complete; no suspect identified,
ff51989d5ed36b5364bf488d9837b18d640eff28960cc1959c620501842751d8,2023-06,Surrey Police,Surrey Police,-0.222553,51.308753,On or near Petrol Station,E01030644,Reigate and Banstead 003D,Vehicle crime,Investigation complete; no suspect identified,
35cde19dca723bcedbc028867f3f2f6f77a6fc289785e38e29ef868287fce43a,2023-06,Surrey Police,Surrey Police,-0.222553,51.308753,On or near Petrol Station,E01030644,Reigate and Banstead 003D,Vehicle crime,Investigation complete; no suspect identified,
3e099d5c51ef428fbca78c6c56c235194dc53d5160e58fa259ea7d8460719b33,2023-06,Surrey Police,Surrey Police,-0.216977,51.312328,On or near Meadow Way,E01030644,Reigate and Banstead 003D,Violence and sexual offences,Action to be taken by another organisation,
e4715a15626febca8b58d15cfaeaab8eb3c1d55a4569144fdc28394626b82d68,2023-06,Surrey Police,Surrey Police,-0.222553,51.308753,On or near Petrol Station,E01030644,Reigate and Banstead 003D,Violence and sexual offences,Investigation complete; no suspect identified,
5f90deab8cbdee89a44fdcfb3dca1bc409aa09a213ce39d271c088f199e4c620,2023-06,Surrey Police,Surrey Police,-0.216168,51.316902,On or near The Drive,E01030644,Reigate and Banstead 003D,Violence and sexual offences,Unable to prosecute suspect,
423a5248cb674630a9a942b2f335be873e877b87b75e5d17e2a8ff8533348e7d,2023-06,Surrey Police,Surrey Police,-0.214509,51.315276,On or near Picquets Way,E01030644,Reigate and Banstead 003D,Violence and sexual offences,Investigation complete; no suspect identified,
b6512f9949c4c67ea398cfc0212d8a41ca46eaf6a692231f9b913ccaffab7f1d,2023-06,Surrey Police,Surrey Police,-0.214509,51.315276,On or near Picquets Way,E01030644,Reigate and Banstead 003D,Violence and sexual offences,Action to be taken by another organisation,
52f977ded5a388c0adcaedaa1c295ad921d02bec0fccd2e2367ee29967a823c2,2023-06,Surrey Police,Surrey Police,-0.180888,51.331593,On or near Fairlawn Grove,E01030565,Reigate and Banstead 004A,Criminal damage and arson,Unable to prosecute suspect,
6406cb5686cff316444bca023f8218e778b009738d60e2cc57a6c3b563fb03fd,2023-06,Surrey Police,Surrey Police,-0.180888,51.331593,On or near Fairlawn Grove,E01030565,Reigate and Banstead 004A,Public order,Unable to prosecute suspect,
8b7b41e1db9d4c510e5ed6f9cf9db3ec4a1606518525a130b1741ab684c53747,2023-06,Surrey Police,Surrey Police,-0.171617,51.316878,On or near Sports/Recreation Area,E01030565,Reigate and Banstead 004A,Public order,Investigation complete; no suspect identified,
f8c61368b26241a308e364593cbcbd920aa869ae35fa09664c0ef063b81e1688,2023-06,Surrey Police,Surrey Police,-0.178441,51.324163,On or near Stag Leys Close,E01030565,Reigate and Banstead 004A,Vehicle crime,Investigation complete; no suspect identified,
8d14035496f288f378b0a89626b3f51ff96513c6e3be19ef43689ea22434df81,2023-06,Surrey Police,Surrey Police,-0.180888,51.331593,On or near Fairlawn Grove,E01030565,Reigate and Banstead 004A,Violence and sexual offences,Further investigation is not in the public interest,
b4f40304efd0f372a973b6d1efdb95d80b576ec62a09945a1e4ba8ec2aee1c96,2023-06,Surrey Police,Surrey Police,-0.180888,51.331593,On or near Fairlawn Grove,E01030565,Reigate and Banstead 004A,Violence and sexual offences,Unable to prosecute suspect,
dc3ce2d1c7690ecae96af28337ddb0e2b2de5395c81dce8b009af43c2857ab9f,2023-06,Surrey Police,Surrey Police,-0.171617,51.316878,On or near Sports/Recreation Area,E01030565,Reigate and Banstead 004A,Violence and sexual offences,Unable to prosecute suspect,
d85cf4a86f59fc6f0a4c4d06aa14bff8c4516398e1ea76f5960f3c9b746c1325,2023-06,Surrey Police,Surrey Police,-0.173648,51.323054,On or near Court Haw,E01030566,Reigate and Banstead 004B,Burglary,Status update unavailable,
fc5bcbd3fb8b5377c92c6aba92af9e551460c9c8530e5b57075758bc5b33079a,2023-06,Surrey Police,Surrey Police,-0.165984,51.319814,On or near Rectory Lane,E01030566,Reigate and Banstead 004B,Criminal damage and arson,Unable to prosecute suspect,
0c96f1edeb45d7fd39d94356e37573ffa5c89ad3cf5b7ce21027e9cb6481a353,2023-06,Surrey Police,Surrey Police,-0.169452,51.317045,On or near Manor Way,E01030566,Reigate and Banstead 004B,Violence and sexual offences,Investigation complete; no suspect identified,
763094e50de5356d5e1b75aa62203afe0837e0edd852f0cfc036c2f41548bdef,2023-06,Surrey Police,Surrey Police,-0.168673,51.318948,On or near Prestbury Crescent,E01030566,Reigate and Banstead 004B,Violence and sexual offences,Unable to prosecute suspect,
96b479df561983c8cac3a244d4af75adacc64935d13beb0abe1778dfa0d66825,2023-06,Surrey Police,Surrey Police,-0.165984,51.319814,On or near Rectory Lane,E01030566,Reigate and Banstead 004B,Violence and sexual offences,Status update unavailable,
6ed80313cc02da5b94a0d2b98fcebcbb8762c1fc059f59716b74b827d8931e4d,2023-06,Surrey Police,Surrey Police,-0.168600,51.317913,On or near Hempshaw Avenue,E01030566,Reigate and Banstead 004B,Violence and sexual offences,Further investigation is not in the public interest,
85517a8f8a7edc58ca6c0e6ce236f8aad455694533b7dee5be94cdafb66268cf,2023-06,Surrey Police,Surrey Police,-0.165984,51.319814,On or near Rectory Lane,E01030566,Reigate and Banstead 004B,Other crime,Unable to prosecute suspect,
,2023-06,Surrey Police,Surrey Police,-0.196117,51.282602,On or near Parking Area,E01030567,Reigate and Banstead 004C,Anti-social behaviour,,
4fc305361931f78d183a991cd6af4fe57d665aa6c6a0a0e0ae9d6e32ce63d934,2023-06,Surrey Police,Surrey Police,-0.174517,51.297546,On or near Castle Road,E01030567,Reigate and Banstead 004C,Criminal damage and arson,Investigation complete; no suspect identified,
b58552b30217eb4b74b8ebe26359270442f9946bbcaffdd0c3830034141ada7e,2023-06,Surrey Police,Surrey Police,-0.174517,51.297546,On or near Castle Road,E01030567,Reigate and Banstead 004C,Other theft,Investigation complete; no suspect identified,
ecfb2df8f75d395609977825e611743f05058c5831598ac3c23bbbd4b1eefed1,2023-06,Surrey Police,Surrey Police,-0.170749,51.309331,On or near Chipstead Station Parade,E01030567,Reigate and Banstead 004C,Public order,Investigation complete; no suspect identified,
bab418ed3d1758a5fa4714e5f970095997e4018b48349d2d92bc671764ad38e3,2023-06,Surrey Police,Surrey Police,-0.174517,51.297546,On or near Castle Road,E01030567,Reigate and Banstead 004C,Violence and sexual offences,Unable to prosecute suspect,
c1827acc855ec85b34a41fa3d86ae8fff7c3a727164e423a811b8ade3f88e27e,2023-06,Surrey Police,Surrey Police,-0.169694,51.315286,On or near Upper Pines,E01030568,Reigate and Banstead 004D,Burglary,Status update unavailable,
af2159fc13c6555d4968b126b74bf1c4e2f15102fe35c0947fdbe1bb1bee8e08,2023-06,Surrey Police,Surrey Police,-0.166427,51.316611,On or near Rectory Lane,E01030568,Reigate and Banstead 004D,Criminal damage and arson,Unable to prosecute suspect,
9d5e4a609466805c93d49166bedf02758a3d1fe9c8a72f1280e219bde2d9fcf4,2023-06,Surrey Police,Surrey Police,-0.166427,51.316611,On or near Rectory Lane,E01030568,Reigate and Banstead 004D,Criminal damage and arson,Investigation complete; no suspect identified,
3fdc0580276f5337d1441eb7d4d8deec8b86a392c925b3f8cf8678f7055df584,2023-06,Surrey Police,Surrey Police,-0.170250,51.311419,On or near Dacre Close,E01030568,Reigate and Banstead 004D,Criminal damage and arson,Investigation complete; no suspect identified,
d119389cdc7d4d6bf35d268e19b56f63455143371ce1aebabd8a22673210692f,2023-06,Surrey Police,Surrey Police,-0.169694,51.315286,On or near Upper Pines,E01030568,Reigate and Banstead 004D,Other theft,Investigation complete; no suspect identified,
977d71e00e3fcb495c49730b0e12e82e59f1ff4aeb41a53ba7820e7316462bf3,2023-06,Surrey Police,Surrey Police,-0.170730,51.310545,On or near Outwood Lane,E01030568,Reigate and Banstead 004D,Public order,Unable to prosecute suspect,
1cdefc22dd143395683750646ba4fd5b723c2cad30394833a82bbfd622e201ce,2023-06,Surrey Police,Surrey Police,-0.166427,51.316611,On or near Rectory Lane,E01030568,Reigate and Banstead 004D,Violence and sexual offences,Further investigation is not in the public interest,
076c117baf2e9b84928a7c7978c1016e196caa94b54c016a95814d1ae8550428,2023-06,Surrey Police,Surrey Police,-0.166781,51.314215,On or near Water Mead,E01030568,Reigate and Banstead 004D,Violence and sexual offences,Unable to prosecute suspect,
9dae726f3738106a10ada8dee3d0fc46890d94f2f7a938bbecc8d02945368ccf,2023-06,Surrey Police,Surrey Police,-0.152850,51.287009,On or near Dean Lane,E01030569,Reigate and Banstead 004E,Burglary,Status update unavailable,
40701a1f8912ee4d7954de919572c1d9988a9ae5ca14c18fe84b0d7eb9df972d,2023-06,Surrey Police,Surrey Police,-0.157439,51.294536,On or near Bell Crescent,E01030569,Reigate and Banstead 004E,Criminal damage and arson,Investigation complete; no suspect identified,
b2c80699df8b33da5fdbda4d726996593e16bd16234ccd42a1a282b1429514a1,2023-06,Surrey Police,Surrey Police,-0.154369,51.290954,On or near Petrol Station,E01030569,Reigate and Banstead 004E,Other theft,Investigation complete; no suspect identified,
30315731eb7eb4515a204f21f78d7fcce974bc0943288422eb2116aa86460aa0,2023-06,Surrey Police,Surrey Police,-0.152590,51.295979,On or near Netherne Drive,E01030569,Reigate and Banstead 004E,Public order,Investigation complete; no suspect identified,
de841a128fc36905dc6a97b17973caccf8ae6a898ed6845e87a570747943af76,2023-06,Surrey Police,Surrey Police,-0.152850,51.287009,On or near Dean Lane,E01030569,Reigate and Banstead 004E,Violence and sexual offences,Investigation complete; no suspect identified,
153a9fbb320cff1f66f3f753b6e8b551be006841557deb14328ede36f8726f64,2023-06,Surrey Police,Surrey Police,-0.140681,51.292868,On or near Bowen Way,E01030569,Reigate and Banstead 004E,Violence and sexual offences,Unable to prosecute suspect,
b506920c59fd339bf1e22ac883f320692f10bf8a473b0332c151e6f9039bbd95,2023-06,Surrey Police,Surrey Police,-0.140681,51.292868,On or near Bowen Way,E01030569,Reigate and Banstead 004E,Violence and sexual offences,Unable to prosecute suspect,
2e8e02d58dc731ddf942e070ab2ed5768ae282fc9aeae6f5aa99945c96565671,2023-06,Surrey Police,Surrey Police,-0.155797,51.294690,On or near Rowan Grove,E01030569,Reigate and Banstead 004E,Violence and sexual offences,Further investigation is not in the public interest,
379cc696a9fc57406d6889e9ba5883ef14ccea9aa6584685721158ee05cb24a5,2023-06,Surrey Police,Surrey Police,-0.153625,51.293073,On or near Forge Bridge Lane,E01030569,Reigate and Banstead 004E,Violence and sexual offences,Investigation complete; no suspect identified,
0aa95a70e439d163a0351e381ff72d85108cc8f97b746d8001766821c26921c0,2023-06,Surrey Police,Surrey Police,-0.140833,51.294444,On or near Tugswood Close,E01030569,Reigate and Banstead 004E,Violence and sexual offences,Unable to prosecute suspect,
db689ec7b955200504b7375df263b5caea1141a15514a1bca087943713786381,2023-06,Surrey Police,Surrey Police,-0.237452,51.299994,On or near Waterfield Green,E01030608,Reigate and Banstead 005A,Criminal damage and arson,Unable to prosecute suspect,
63adc81245701824a1ae8e91a1b56ec74f93b5f0d2e4a78fbe820288fb7346ac,2023-06,Surrey Police,Surrey Police,-0.231466,51.301226,On or near Broadfield Close,E01030608,Reigate and Banstead 005A,Other theft,Status update unavailable,
78c209c96e6af80f302e0f7344b03255c4777d7687dc860b44b6c85d96c05003,2023-06,Surrey Police,Surrey Police,-0.238248,51.298667,On or near Watermead,E01030608,Reigate and Banstead 005A,Possession of weapons,Further investigation is not in the public interest,
386d402fbf795b7c5bada11c1ca9bfae9d85cb23bafd0f1698271974a114c658,2023-06,Surrey Police,Surrey Police,-0.237452,51.299994,On or near Waterfield Green,E01030608,Reigate and Banstead 005A,Violence and sexual offences,Unable to prosecute suspect,
e5f217d645462aeb8f8bbeec033af6b7d620d6ef7a7a7c8c8f4ad004bf438a5b,2023-06,Surrey Police,Surrey Police,-0.238248,51.298667,On or near Watermead,E01030608,Reigate and Banstead 005A,Violence and sexual offences,Court result unavailable,
17cab34a15de2fb6bc31f3f46dd201e181d455104ad57c6558fdd6edeffc4f1c,2023-06,Surrey Police,Surrey Police,-0.235494,51.300172,On or near Pit Wood Green,E01030608,Reigate and Banstead 005A,Violence and sexual offences,Unable to prosecute suspect,
c3018e3461b6db3566e64643e779f8b65af8a1018e49f1b87976880a09e55716,2023-06,Surrey Police,Surrey Police,-0.236500,51.299009,On or near Michelham Gardens,E01030608,Reigate and Banstead 005A,Violence and sexual offences,Unable to prosecute suspect,
0a4ad8323d5b57c79596087453ceac5a09c74c9b88c0fd9df7b1c4f605e77c49,2023-06,Surrey Police,Surrey Police,-0.237132,51.298605,On or near Cheam Close,E01030608,Reigate and Banstead 005A,Violence and sexual offences,Unable to prosecute suspect,
18fb67af4bd503a165225975be6c9395fb945cac76eb10f251826e9dd7ac1e71,2023-06,Surrey Police,Surrey Police,-0.237132,51.298605,On or near Cheam Close,E01030608,Reigate and Banstead 005A,Violence and sexual offences,Unable to prosecute suspect,
a4f396873de58f6b3f431704f7c393b4efe6316dfddb926a47b04ad5fba6112e,2023-06,Surrey Police,Surrey Police,-0.238248,51.298667,On or near Watermead,E01030608,Reigate and Banstead 005A,Other crime,Court result unavailable,
0a0cca15aa85ae9b78082b7aeae7390246a135709cf988462b636d96f1235a56,2023-06,Surrey Police,Surrey Police,-0.227431,51.303548,On or near Merefield Gardens,E01030609,Reigate and Banstead 005B,Possession of weapons,Unable to prosecute suspect,
858748930735d91ebb5c2ffbc0fbf64a8af69e4a3c5ad01110861171f9a771d1,2023-06,Surrey Police,Surrey Police,-0.226467,51.306591,On or near Devizes Road,E01030609,Reigate and Banstead 005B,Public order,Unable to prosecute suspect,
2a7ed1596a2c83b808c18f86e8413714df1622b3775a56f9ae8fceb33f58a3b2,2023-06,Surrey Police,Surrey Police,-0.233132,51.303430,On or near Sports/Recreation Area,E01030609,Reigate and Banstead 005B,Public order,Further investigation is not in the public interest,
e1117d90feacd6e8344190f34175d2f17f9eb49ec0d3e15e6542985a61e1adbb,2023-06,Surrey Police,Surrey Police,-0.226655,51.302466,On or near Hatch Gardens,E01030609,Reigate and Banstead 005B,Vehicle crime,Investigation complete; no suspect identified,
fdb5ea2cd1f4cbd8e0de9d550d239a13361777caae984c5a0de9a8f2ab2dcc4e,2023-06,Surrey Police,Surrey Police,-0.226273,51.303441,On or near De Burgh Gardens,E01030609,Reigate and Banstead 005B,Vehicle crime,Investigation complete; no suspect identified,
d556c1496f3e3208ef200fd26028d22b219da38ccd54d7927d53b2769ad42ca6,2023-06,Surrey Police,Surrey Police,-0.226655,51.302466,On or near Hatch Gardens,E01030609,Reigate and Banstead 005B,Violence and sexual offences,Unable to prosecute suspect,
63145507d1a60d5bc9109047489826fe08fba30385eb5fc802513562eb303151,2023-06,Surrey Police,Surrey Police,-0.229524,51.301727,On or near Longfield Crescent,E01030609,Reigate and Banstead 005B,Violence and sexual offences,Status update unavailable,
3557e61e5f78fa681467e0566a82d4bb4ed2de536f53e7e5411721a87cf24391,2023-06,Surrey Police,Surrey Police,-0.226655,51.302466,On or near Hatch Gardens,E01030609,Reigate and Banstead 005B,Violence and sexual offences,Court result unavailable,
faa353d62c5ab5e32020463636d2f9c299dad0f696898ea7cd80300067c69a96,2023-06,Surrey Police,Surrey Police,-0.227682,51.304487,On or near Dover Road,E01030609,Reigate and Banstead 005B,Violence and sexual offences,Status update unavailable,
86e096252cf70b0f4ae766944e20bca238d6e26555946b98cb56dfd6d058b2d5,2023-06,Surrey Police,Surrey Police,-0.234584,51.302208,On or near Merland Rise,E01030609,Reigate and Banstead 005B,Violence and sexual offences,Status update unavailable,
ab516ef5128e0acc623dbef34f216fc54b08c3e2aab42e232c20fce899693075,2023-06,Surrey Police,Surrey Police,-0.234192,51.301213,On or near Merland Close,E01030609,Reigate and Banstead 005B,Violence and sexual offences,Unable to prosecute suspect,
8a738244312b3e1621cbac16a1a366931046a42f6f1b5ad298314def22f7d10a,2023-06,Surrey Police,Surrey Police,-0.233132,51.303430,On or near Sports/Recreation Area,E01030609,Reigate and Banstead 005B,Violence and sexual offences,Unable to prosecute suspect,
100841ce8af9e669aaac426d9ae2b0858b19d6fece31d6eb88fbb1d8dfc81565,2023-06,Surrey Police,Surrey Police,-0.232098,51.301559,On or near Hayton Crescent,E01030609,Reigate and Banstead 005B,Violence and sexual offences,Investigation complete; no suspect identified,
7aca9c033b050de809b3eb08f00c20b8166d4f9fc39b6138ba03d08dfd961de1,2023-06,Surrey Police,Surrey Police,-0.234584,51.302208,On or near Merland Rise,E01030609,Reigate and Banstead 005B,Violence and sexual offences,Court result unavailable,
a3d215524a3ee434b96182d96340b1f254c0be6b70d271f9de0a7647360a9a30,2023-06,Surrey Police,Surrey Police,-0.227533,51.302012,On or near Hawes Road,E01030609,Reigate and Banstead 005B,Violence and sexual offences,Further investigation is not in the public interest,
36057bf2aab42f11896227912b38a0cf07b51843a0c0caa6d7f6889d0784e0c9,2023-06,Surrey Police,Surrey Police,-0.233132,51.303430,On or near Sports/Recreation Area,E01030609,Reigate and Banstead 005B,Violence and sexual offences,Unable to prosecute suspect,
c49abe43f73d637bc817aefebc898da55d7eedfd1a393367acc6778ce96ecfbe,2023-06,Surrey Police,Surrey Police,-0.227533,51.302012,On or near Hawes Road,E01030609,Reigate and Banstead 005B,Violence and sexual offences,Further investigation is not in the public interest,
a0537669b1d633ec28ba17dd7122a4aec327de2bc1d07261935d9e66843a3f8c,2023-06,Surrey Police,Surrey Police,-0.230372,51.305040,On or near Trinity Close,E01030609,Reigate and Banstead 005B,Other crime,Further action is not in the public interest,
c17bb486387bd455da2a80f9124e908f3ce06ad15d6ab3acbece6e0325749d9c,2023-06,Surrey Police,Surrey Police,-0.229385,51.306833,On or near Long Walk,E01030640,Reigate and Banstead 005C,Criminal damage and arson,Investigation complete; no suspect identified,
6bc499bd8fbf3a53c2fd86850ff2376c969a10d02f98e83930ea671219807315,2023-06,Surrey Police,Surrey Police,-0.229385,51.306833,On or near Long Walk,E01030640,Reigate and Banstead 005C,Criminal damage and arson,Investigation complete; no suspect identified,
8b5fe54b7158a92ca7639288ef55c53534ed67a007bf7e1b292c2f6c5a60e7aa,2023-06,Surrey Police,Surrey Police,-0.234833,51.306178,On or near Chapel Grove,E01030640,Reigate and Banstead 005C,Possession of weapons,Further action is not in the public interest,
061f092efbe3f1a3683afc238e68c56478c96b22d695e514533f01682a6a5e0b,2023-06,Surrey Police,Surrey Police,-0.229450,51.306268,On or near Broad Walk,E01030640,Reigate and Banstead 005C,Violence and sexual offences,Unable to prosecute suspect,
f39c9e09ce6c7adaed18b3a983bddbdd51fba6638e33a4d403f893d1fe5d0b3b,2023-06,Surrey Police,Surrey Police,-0.229450,51.306268,On or near Broad Walk,E01030640,Reigate and Banstead 005C,Violence and sexual offences,Unable to prosecute suspect,
167a3a5fa9c5a8948af7f2e6af1bf379d761d19a3bb39434b63a4212a2b73c5b,2023-06,Surrey Police,Surrey Police,-0.235347,51.305880,On or near Merland Rise,E01030640,Reigate and Banstead 005C,Violence and sexual offences,Investigation complete; no suspect identified,
b9dc6cf9b91703bb6d98e2e7dc0298ae185d1edbf41337552c93d4fbea103a8c,2023-06,Surrey Police,Surrey Police,-0.234833,51.306178,On or near Chapel Grove,E01030640,Reigate and Banstead 005C,Other crime,Further action is not in the public interest,
540b7da638809ef29a4c67838260f1c30ddabd67953ded9cc0d73ea85d521297,2023-06,Surrey Police,Surrey Police,-0.229428,51.305701,On or near Marbles Way,E01030640,Reigate and Banstead 005C,Other crime,Further action is not in the public interest,
,2023-06,Surrey Police,Surrey Police,-0.241052,51.300013,On or near Ashcombe Terrace,E01030643,Reigate and Banstead 005D,Anti-social behaviour,,
cb8d3c2dbe243e629650132f11556dc11b6983e05587ebbc7355495aa8f67a39,2023-06,Surrey Police,Surrey Police,-0.236792,51.302997,On or near Hewers Way,E01030643,Reigate and Banstead 005D,Public order,Unable to prosecute suspect,
2e781460f38882c320137205ae5d92d49b85d0fb88c87608ae2f29c5b5a1f297,2023-06,Surrey Police,Surrey Police,-0.236792,51.302997,On or near Hewers Way,E01030643,Reigate and Banstead 005D,Public order,Investigation complete; no suspect identified,
839b31d817be496a76091aa591193a60c740f08a805e834c7488d52acb76bf82,2023-06,Surrey Police,Surrey Police,-0.240215,51.298264,On or near Oatfield Road,E01030643,Reigate and Banstead 005D,Violence and sexual offences,Unable to prosecute suspect,
8054fe7f22c70279e208e85b7d36329bc2a56513935074a2878effe546423a81,2023-06,Surrey Police,Surrey Police,-0.239601,51.302680,On or near Campion Drive,E01030643,Reigate and Banstead 005D,Violence and sexual offences,Further investigation is not in the public interest,
dde6a680da569df6b8cbf5ae14efe6dcfd391c7049109c42c9063f22f02dae8f,2023-06,Surrey Police,Surrey Police,-0.240215,51.298264,On or near Oatfield Road,E01030643,Reigate and Banstead 005D,Violence and sexual offences,Unable to prosecute suspect,
6012ff576a3c2db61939749dedbf5e93b4d2086b007a1ebb750592124bca4fc1,2023-06,Surrey Police,Surrey Police,-0.245481,51.285052,On or near Sandlands Road,E01030635,Reigate and Banstead 006A,Violence and sexual offences,Unable to prosecute suspect,
,2023-06,Surrey Police,Surrey Police,-0.248486,51.281078,On or near The Thoroughfare,E01030635,Reigate and Banstead 006A,Anti-social behaviour,,
,2023-06,Surrey Police,Surrey Police,-0.245481,51.285052,On or near Sandlands Road,E01030635,Reigate and Banstead 006A,Anti-social behaviour,,
,2023-06,Surrey Police,Surrey Police,-0.245010,51.282734,On or near Supermarket,E01030635,Reigate and Banstead 006A,Anti-social behaviour,,
84052e06b9f23d92b8ea1126eab5dde0baa789b01da26aff94aee3d03c929fdd,2023-06,Surrey Police,Surrey Police,-0.244637,51.283475,On or near Pond Farm Close,E01030635,Reigate and Banstead 006A,Criminal damage and arson,Unable to prosecute suspect,
6c0f409a560de6601e551072db92f4d6ea948c3b3fcfe4cd6a9f1fa75ebd40ed,2023-06,Surrey Police,Surrey Police,-0.242291,51.282594,On or near Duffield Road,E01030635,Reigate and Banstead 006A,Drugs,Local resolution,
674a6892c59cea91b7ffa193b69e0a149aac9649e2db66df4160106d36ec9da3,2023-06,Surrey Police,Surrey Police,-0.245028,51.277366,On or near Greenways,E01030635,Reigate and Banstead 006A,Other theft,Investigation complete; no suspect identified,
cb73275f7ae8b45c4d697474cc5815893b11ae1f66b1707e76e123d2269ac0bf,2023-06,Surrey Police,Surrey Police,-0.245010,51.282734,On or near Supermarket,E01030635,Reigate and Banstead 006A,Shoplifting,Investigation complete; no suspect identified,
cbd7636421e7d2129086f1551bc28b329cd18b72754b74370e77637d9590ab21,2023-06,Surrey Police,Surrey Police,-0.248623,51.275207,On or near Wonford Close,E01030635,Reigate and Banstead 006A,Vehicle crime,Investigation complete; no suspect identified,
93ac79a778d698f106bd1fc9ad0a6f7cafe54a5d6501414c932272087c4c6b00,2023-06,Surrey Police,Surrey Police,-0.251589,51.279020,On or near Howard Close,E01030635,Reigate and Banstead 006A,Violence and sexual offences,Further action is not in the public interest,
c470e9fdc1edaf2a4ee61523814cfca0b143da60f24a3f5093438de776e06a49,2023-06,Surrey Police,Surrey Police,-0.242291,51.282594,On or near Duffield Road,E01030635,Reigate and Banstead 006A,Violence and sexual offences,Unable to prosecute suspect,
02c4e3dd3976833177a01b90f44c920104fd0a385cbe511461374cd86167e574,2023-06,Surrey Police,Surrey Police,-0.248486,51.281078,On or near The Thoroughfare,E01030635,Reigate and Banstead 006A,Violence and sexual offences,Unable to prosecute suspect,
94b9e5c02e97fcd6be145fb941d63a48becd220e4f656db5773c6c93ed3035f5,2023-06,Surrey Police,Surrey Police,-0.242291,51.282594,On or near Duffield Road,E01030635,Reigate and Banstead 006A,Violence and sexual offences,Investigation complete; no suspect identified,
085707a120be25a602340ad68cd4fa1ebc89fd708b98967b76c4dbf50c62c517,2023-06,Surrey Police,Surrey Police,-0.251589,51.279020,On or near Howard Close,E01030635,Reigate and Banstead 006A,Violence and sexual offences,Further action is not in the public interest,
750d7a59bd4bab1d12cdbab624ffdc4a83fe6621e094b2742f2c01dbbb47c925,2023-06,Surrey Police,Surrey Police,-0.225319,51.296925,On or near Hudsons,E01030636,Reigate and Banstead 006B,Burglary,Status update unavailable,
984acc6ee80e7966c1c2071b923fa0bbb00669967f30536de7af6a12b405f143,2023-06,Surrey Police,Surrey Police,-0.228950,51.298760,On or near Fleetwood Close,E01030636,Reigate and Banstead 006B,Other theft,Investigation complete; no suspect identified,
ec323b2a24cbb69f22155c84c1d8b549931065916b700484de6c773c7075dff4,2023-06,Surrey Police,Surrey Police,-0.226056,51.299400,On or near Copley Way,E01030636,Reigate and Banstead 006B,Violence and sexual offences,Further investigation is not in the public interest,
bf1b6657250f9fe9236c4193472d0f3a2794cba2d3902fc66b3f960ad5e233e8,2023-06,Surrey Police,Surrey Police,-0.233764,51.292916,On or near Cross Road,E01030637,Reigate and Banstead 006C,Burglary,Status update unavailable,
3c4eedf17d69d4f0db0a9fe95f3f8e117a1d1d12bf7d3a3fb91b1bdcc96c31b8,2023-06,Surrey Police,Surrey Police,-0.237625,51.297353,On or near Petrol Station,E01030637,Reigate and Banstead 006C,Vehicle crime,Investigation complete; no suspect identified,
50a2849940c3d180879bb962d16d9dd2a130cf1680c29c948a4b749a114c4c36,2023-06,Surrey Police,Surrey Police,-0.238371,51.291708,On or near The Avenue,E01030637,Reigate and Banstead 006C,Violence and sexual offences,Unable to prosecute suspect,
40d78312a6c04bee189a7d89d8883a06b2a223514686786af6a2f598bb9d942e,2023-06,Surrey Police,Surrey Police,-0.237681,51.296635,On or near Shelvers Hill,E01030637,Reigate and Banstead 006C,Violence and sexual offences,Unable to prosecute suspect,
4e8f4254d3980d32804c8c271dd36b1ef2499281bb815d97809f821ca23e18e3,2023-06,Surrey Police,Surrey Police,-0.236378,51.296939,On or near Hill View Close,E01030637,Reigate and Banstead 006C,Violence and sexual offences,Unable to prosecute suspect,
1e2849e0fec3d1204f0d08c7ee3980ff72a66d233d65e9aed6920e5c605b8d1b,2023-06,Surrey Police,Surrey Police,-0.226094,51.292836,On or near The Walled Garden,E01030638,Reigate and Banstead 006D,Vehicle crime,Investigation complete; no suspect identified,
5263f54826b9e84775745735dd4ced1a65d7d1ded1c1d092389d00bad58033fc,2023-06,Surrey Police,Surrey Police,-0.235742,51.294438,On or near Ashurst Road,E01030638,Reigate and Banstead 006D,Vehicle crime,Investigation complete; no suspect identified,
1e973b8ebf2ae80b9b7c3355dbf6b1c240dfa67f049cee8940e4efdaac8b57b0,2023-06,Surrey Police,Surrey Police,-0.231226,51.294019,On or near Tadorne Road,E01030638,Reigate and Banstead 006D,Violence and sexual offences,Court result unavailable,
,2023-06,Surrey Police,Surrey Police,-0.253892,51.271995,On or near Love Lane,E01030639,Reigate and Banstead 006E,Anti-social behaviour,,
075b8e4d3b6ac347e5af740f87182f5c97f390de283c127bd9483e095b261c92,2023-06,Surrey Police,Surrey Police,-0.235307,51.289719,On or near Station Approach Road,E01030639,Reigate and Banstead 006E,Bicycle theft,Investigation complete; no suspect identified,
4abf78698ed9c907df0c0911875ca5ca1c38effb4b6fd2271a6a1b8a96f44c35,2023-06,Surrey Police,Surrey Police,-0.252109,51.271375,On or near Sturt'S Lane,E01030639,Reigate and Banstead 006E,Violence and sexual offences,Unable to prosecute suspect,
,2023-06,Surrey Police,Surrey Police,-0.203380,51.296005,On or near Beechwood Avenue,E01030589,Reigate and Banstead 007A,Anti-social behaviour,,
,2023-06,Surrey Police,Surrey Police,-0.203767,51.296398,On or near Forest Drive,E01030589,Reigate and Banstead 007A,Anti-social behaviour,,
0b874dd87bcedb66dbc2572a55e06715c50906bc412c198a470aa41d45205850,2023-06,Surrey Police,Surrey Police,-0.198929,51.292088,On or near Lilley Drive,E01030589,Reigate and Banstead 007A,Drugs,Further investigation is not in the public interest,
8d8dfeb0adfb19a0067cd5f2483967f39c228ed87a974c8ec93f38cef69291c5,2023-06,Surrey Police,Surrey Police,-0.192104,51.294969,On or near Outwood Lane,E01030589,Reigate and Banstead 007A,Public order,Unable to prosecute suspect,
b4ca6116c55bf959fe3ba35a90109830f642c8ac7e120f9a5daf77c49e122969,2023-06,Surrey Police,Surrey Police,-0.192104,51.294969,On or near Outwood Lane,E01030589,Reigate and Banstead 007A,Vehicle crime,Investigation complete; no suspect identified,
9e24eed3915d95f1945aa818413bb65f820e119b11a5d9ff5d1ba58a7de3136b,2023-06,Surrey Police,Surrey Police,-0.206092,51.292306,On or near Pinehurst Close,E01030589,Reigate and Banstead 007A,Vehicle crime,Investigation complete; no suspect identified,
,2023-06,Surrey Police,Surrey Police,-0.207105,51.261135,On or near Mint Lane,E01030590,Reigate and Banstead 007B,Anti-social behaviour,,
,2023-06,Surrey Police,Surrey Police,-0.207105,51.261135,On or near Mint Lane,E01030590,Reigate and Banstead 007B,Anti-social behaviour,,
,2023-06,Surrey Police,Surrey Police,-0.200474,51.267238,On or near Babylon Lane,E01030590,Reigate and Banstead 007B,Anti-social behaviour,,
4b284c7ffe6a677be7a85872d8fe442eee9f1fdeeb70b4498e0a841f81968b95,2023-06,Surrey Police,Surrey Police,-0.212289,51.270485,On or near Petrol Station,E01030590,Reigate and Banstead 007B,Burglary,Investigation complete; no suspect identified,
4474a5cd8a3a7051ea9c609e38a5dd172b5c7cff0962621fc7078f1512f83b15,2023-06,Surrey Police,Surrey Police,-0.210768,51.269410,On or near Lyonsdene,E01030590,Reigate and Banstead 007B,Burglary,Status update unavailable,
baa9c18fec3550c3ea06a195b50e50f58c1719c62fe539ab3d26712b964ade13,2023-06,Surrey Police,Surrey Police,-0.211664,51.270755,On or near Petrol Station,E01030590,Reigate and Banstead 007B,Other theft,Investigation complete; no suspect identified,
139a801f14ba1857aa1cab709df327f6d6af526025b2237dae2db3f36d42c016,2023-06,Surrey Police,Surrey Police,-0.212289,51.270485,On or near Petrol Station,E01030590,Reigate and Banstead 007B,Other theft,Investigation complete; no suspect identified,
81d88072b89bdea6f916143380bdc088ddb86c94ca04b8ec5b396e718719f270,2023-06,Surrey Police,Surrey Police,-0.211664,51.270755,On or near Petrol Station,E01030590,Reigate and Banstead 007B,Other theft,Investigation complete; no suspect identified,
b02fe0e3889e300cd869ded348a66a0e2dcfac32f79d27df2c8010c2e82477d6,2023-06,Surrey Police,Surrey Police,-0.212289,51.270485,On or near Petrol Station,E01030590,Reigate and Banstead 007B,Public order,Investigation complete; no suspect identified,
9b53d5ae69db41612cc366fa9b94c33dee24295bef4c46208ac24c2348fce988,2023-06,Surrey Police,Surrey Police,-0.212354,51.268805,On or near Josephine Close,E01030590,Reigate and Banstead 007B,Vehicle crime,Investigation complete; no suspect identified,
ed6f38ac4316e1460121293f6ecb353fec21b4590436fe87df995ac95a99e050,2023-06,Surrey Police,Surrey Police,-0.207817,51.267881,On or near Petrol Station,E01030590,Reigate and Banstead 007B,Other crime,Unable to prosecute suspect,
,2023-06,Surrey Police,Surrey Police,-0.213626,51.268554,On or near Rookery Way,E01030591,Reigate and Banstead 007C,Anti-social behaviour,,
,2023-06,Surrey Police,Surrey Police,-0.214802,51.278878,On or near Beechen Lane,E01030591,Reigate and Banstead 007C,Anti-social behaviour,,
5b7c8a347ae660b215e49c7ae51f7cee2d9413cf1265987f71466a114555b6d6,2023-06,Surrey Police,Surrey Police,-0.212954,51.265541,On or near Buckland Road,E01030591,Reigate and Banstead 007C,Criminal damage and arson,Investigation complete; no suspect identified,
b3383bbbaf66a05bd46fd139cea228d8de9d12b9cdbff5420a504acfb0ef04f2,2023-06,Surrey Police,Surrey Police,-0.214802,51.278878,On or near Beechen Lane,E01030591,Reigate and Banstead 007C,Drugs,Local resolution,
2be1612b73d302df68476c13df6cd7a9a194587dcb1bce609808a98ca0b84b8d,2023-06,Surrey Police,Surrey Police,-0.215209,51.272086,On or near Orchard Way,E01030591,Reigate and Banstead 007C,Violence and sexual offences,Unable to prosecute suspect,
a5fc0b0163cac829d43f3f243a50a92108c3a5bd1aeac84aab822bf8b04c16c1,2023-06,Surrey Police,Surrey Police,-0.214154,51.311872,On or near Brighton Road,E01030592,Reigate and Banstead 007D,Drugs,Further investigation is not in the public interest,
,2023-06,Surrey Police,Surrey Police,-0.221229,51.306638,On or near Reigate Road,E01030592,Reigate and Banstead 007D,Anti-social behaviour,,
86d09392732a677500c3f08f1ce4b177dd0e0b8435603ce832ab448e78c99668,2023-06,Surrey Police,Surrey Police,-0.219926,51.306413,On or near Petrol Station,E01030592,Reigate and Banstead 007D,Criminal damage and arson,Unable to prosecute suspect,
1f9c5f8b43ff9cd366463c533b1965b8f3a5a4e0f2b5822311b4d803f718cba1,2023-06,Surrey Police,Surrey Police,-0.217137,51.306719,On or near Duncan Road,E01030592,Reigate and Banstead 007D,Other theft,Status update unavailable,
de487304fd52c03af7a9c04f7efdf6c91c8c23fa1e7c726c8dd0524a3baef319,2023-06,Surrey Police,Surrey Police,-0.219926,51.306413,On or near Petrol Station,E01030592,Reigate and Banstead 007D,Other theft,Investigation complete; no suspect identified,
d98ef559424508c70e05c215334ef64d4997323647a548789a9baa7d6a7cabc4,2023-06,Surrey Police,Surrey Police,-0.190770,51.308464,On or near Elizabeth Drive,E01030592,Reigate and Banstead 007D,Possession of weapons,Further investigation is not in the public interest,
b01e6017e9ddc2da38e213450e455b1c9a1f2fcd6b1c7fc9fbedba928712233e,2023-06,Surrey Police,Surrey Police,-0.219926,51.306413,On or near Petrol Station,E01030592,Reigate and Banstead 007D,Public order,Investigation complete; no suspect identified,
b2ed14b0a1c83884b1c4ce1f65e63ebd5dfe913cfc9f5f56f6e1e9fb176d0fc5,2023-06,Surrey Police,Surrey Police,-0.190770,51.308464,On or near Elizabeth Drive,E01030592,Reigate and Banstead 007D,Vehicle crime,Investigation complete; no suspect identified,
dbf8b159a9acf6a4da81cb5fa18498d58b9a084c91df8ab31389d24d674119d3,2023-06,Surrey Police,Surrey Police,-0.213959,51.293595,On or near Bonsor Drive,E01030592,Reigate and Banstead 007D,Vehicle crime,Investigation complete; no suspect identified,
cbce297355186432cba8033182cf37a92fb14c4ad8da8658d4eff6a64de8d642,2023-06,Surrey Police,Surrey Police,-0.218262,51.305441,On or near Maybury Close,E01030592,Reigate and Banstead 007D,Violence and sexual offences,Unable to prosecute suspect,
cef928e97d2e4df34953a3a8abcedc07fff2821146ff30cada07d6d83471de05,2023-06,Surrey Police,Surrey Police,-0.219926,51.306413,On or near Petrol Station,E01030592,Reigate and Banstead 007D,Violence and sexual offences,Unable to prosecute suspect,
e16579969f51cae974d127dcaf14b886a9dac780c6336e58af5a05ac10a2410b,2023-06,Surrey Police,Surrey Police,-0.143078,51.260829,On or near Nailsworth Crescent,E01030599,Reigate and Banstead 008A,Public order,Unable to prosecute suspect,
,2023-06,Surrey Police,Surrey Police,-0.145100,51.260447,On or near Portland Drive,E01030599,Reigate and Banstead 008A,Anti-social behaviour,,
,2023-06,Surrey Police,Surrey Police,-0.145100,51.260447,On or near Portland Drive,E01030599,Reigate and Banstead 008A,Anti-social behaviour,,
,2023-06,Surrey Police,Surrey Police,-0.145318,51.261080,On or near Fieldoaks Way,E01030599,Reigate and Banstead 008A,Anti-social behaviour,,
,2023-06,Surrey Police,Surrey Police,-0.145100,51.260447,On or near Portland Drive,E01030599,Reigate and Banstead 008A,Anti-social behaviour,,
,2023-06,Surrey Police,Surrey Police,-0.143078,51.260829,On or near Nailsworth Crescent,E01030599,Reigate and Banstead 008A,Anti-social behaviour,,
32387edda7dc4a72b4fe7d32d02a34de9616bc452eda38fe117958da770611d5,2023-06,Surrey Police,Surrey Police,-0.145001,51.262190,On or near Purbeck Close,E01030599,Reigate and Banstead 008A,Bicycle theft,Unable to prosecute suspect,
2a371430d0e11509d712702ac5bc84396a575a36ea1ec0b4eedc13328d6a3efc,2023-06,Surrey Police,Surrey Police,-0.142255,51.262039,On or near Hildenley Close,E01030599,Reigate and Banstead 008A,Criminal damage and arson,Investigation complete; no suspect identified,
dca5e482a2d340692e7d0dd1a50126116d4d0782fd7661f8b933d5e08d650dee,2023-06,Surrey Police,Surrey Police,-0.145100,51.260447,On or near Portland Drive,E01030599,Reigate and Banstead 008A,Criminal damage and arson,Investigation complete; no suspect identified,
44705745726e38ebda34e71cddf55e33af7a2d14e84fc9ca41986137d1810119,2023-06,Surrey Police,Surrey Police,-0.145777,51.260350,On or near Supermarket,E01030599,Reigate and Banstead 008A,Criminal damage and arson,Court result unavailable,
8df9c3d393fe6d8873531f957d6b427b17485293cf573192c9531a85d5911df3,2023-06,Surrey Police,Surrey Police,-0.145777,51.260350,On or near Supermarket,E01030599,Reigate and Banstead 008A,Public order,Unable to prosecute suspect,
7c08a48b001c6219280c68b85539a853ca231b1cff4d6c6bc95f7388adac556f,2023-06,Surrey Police,Surrey Police,-0.145001,51.262190,On or near Purbeck Close,E01030599,Reigate and Banstead 008A,Public order,Further investigation is not in the public interest,
065eff6ec22a3df648fc96b513a93696efa195c35b6bedae7f7758cf8b4da287,2023-06,Surrey Police,Surrey Police,-0.145318,51.261080,On or near Fieldoaks Way,E01030599,Reigate and Banstead 008A,Public order,Further investigation is not in the public interest,
6757e205dcb2d99130faf6230b6aabfed38967a15531b68e0aa431833744ba30,2023-06,Surrey Police,Surrey Police,-0.145777,51.260350,On or near Supermarket,E01030599,Reigate and Banstead 008A,Public order,Unable to prosecute suspect,
2f623b34a81a8ef8b210fb8f3b298cc18fb631d041cf8a1c4f534a0e678400c1,2023-06,Surrey Police,Surrey Police,-0.145318,51.261080,On or near Fieldoaks Way,E01030599,Reigate and Banstead 008A,Public order,Investigation complete; no suspect identified,
4776551d9939238416517bd952426c906ec70fcc54cddfa2e24921641e79654a,2023-06,Surrey Police,Surrey Police,-0.145001,51.262190,On or near Purbeck Close,E01030599,Reigate and Banstead 008A,Public order,Unable to prosecute suspect,
1ce246489e9eb3707c6e45ea812cd08562e2d7987044e03f457d1db01ffd2083,2023-06,Surrey Police,Surrey Police,-0.145777,51.260350,On or near Supermarket,E01030599,Reigate and Banstead 008A,Public order,Further investigation is not in the public interest,
5e643199a933f83fb24d03d1420a37a2eeca54460949b17566493389365923f5,2023-06,Surrey Police,Surrey Police,-0.145100,51.260447,On or near Portland Drive,E01030599,Reigate and Banstead 008A,Public order,Investigation complete; no suspect identified,
315bb2814c6c75b32322f4519cb21e86338c8254289246070a616fcf96e00605,2023-06,Surrey Police,Surrey Police,-0.145777,51.260350,On or near Supermarket,E01030599,Reigate and Banstead 008A,Public order,Unable to prosecute suspect,
6fc8355b5c72ad6a144d14bbf16e9d5f14014f7bd26dcc3a46b6e41a71f791b8,2023-06,Surrey Police,Surrey Police,-0.145777,51.260350,On or near Supermarket,E01030599,Reigate and Banstead 008A,Robbery,Investigation complete; no suspect identified,
c4f5940adffc6d8b7b21bb32d65c2a841ff0b386b9f10b734b40944b68d06aa9,2023-06,Surrey Police,Surrey Police,-0.145777,51.260350,On or near Supermarket,E01030599,Reigate and Banstead 008A,Shoplifting,Further investigation is not in the public interest,
49e5b591fb1caf2b017b7c3c8865ca7ee1fc4480f32272eb0714b1cd49254219,2023-06,Surrey Police,Surrey Police,-0.145777,51.260350,On or near Supermarket,E01030599,Reigate and Banstead 008A,Shoplifting,Investigation complete; no suspect identified,
d9d5f4d7988c1beb7fc4c5759fd7678264bad46d4fd98da397741fc226eaa1ac,2023-06,Surrey Police,Surrey Police,-0.145777,51.260350,On or near Supermarket,E01030599,Reigate and Banstead 008A,Shoplifting,Unable to prosecute suspect,
cd56616be9ad95481b6414bff90809e3f4c6c0d4d55d8c9513ea666686e2678e,2023-06,Surrey Police,Surrey Police,-0.145777,51.260350,On or near Supermarket,E01030599,Reigate and Banstead 008A,Shoplifting,Court result unavailable,
6f8f66dca20506658473fe3ddcceefcaefade42564654f0417994e09624eb36d,2023-06,Surrey Police,Surrey Police,-0.143078,51.260829,On or near Nailsworth Crescent,E01030599,Reigate and Banstead 008A,Violence and sexual offences,Unable to prosecute suspect,
cd5005e46c977d3946aa25470e65733344fb43718857dd73249788ad5fa70891,2023-06,Surrey Police,Surrey Police,-0.145100,51.260447,On or near Portland Drive,E01030599,Reigate and Banstead 008A,Violence and sexual offences,Action to be taken by another organisation,
6178b60147ed32b71772625dd7a396ed95f6c6e8cbef917c3c73b6e89346b971,2023-06,Surrey Police,Surrey Police,-0.145777,51.260350,On or near Supermarket,E01030599,Reigate and Banstead 008A,Violence and sexual offences,Court result unavailable,
91bf57650543a2b032b8944201f48fafea1744bb74175af88033a7b25a479d2e,2023-06,Surrey Police,Surrey Police,-0.143078,51.260829,On or near Nailsworth Crescent,E01030599,Reigate and Banstead 008A,Violence and sexual offences,Status update unavailable,
85cbd95940085d207744db679549d99434c833c5c2b9d5e61d9c221cdf57f18f,2023-06,Surrey Police,Surrey Police,-0.145777,51.260350,On or near Supermarket,E01030599,Reigate and Banstead 008A,Violence and sexual offences,Unable to prosecute suspect,
2c8d57ca1d1d8ce88d2d393c6f84f7047b9c198fdfa8bf24c0a78044321bd070,2023-06,Surrey Police,Surrey Police,-0.143974,51.262066,On or near Greensand Close,E01030599,Reigate and Banstead 008A,Violence and sexual offences,Unable to prosecute suspect,
781fff638b12707702433e76cabdd09deeeb143c6b91fe25aacd848f9203cd07,2023-06,Surrey Police,Surrey Police,-0.145777,51.260350,On or near Supermarket,E01030599,Reigate and Banstead 008A,Violence and sexual offences,Unable to prosecute suspect,
ee461611a6bc581cfaf9f03f332976d418e65d2561eab0e349a360766964f27d,2023-06,Surrey Police,Surrey Police,-0.145777,51.260350,On or near Supermarket,E01030599,Reigate and Banstead 008A,Violence and sexual offences,Unable to prosecute suspect,
,2023-06,Surrey Police,Surrey Police,-0.145278,51.258508,On or near Weldon Way,E01030600,Reigate and Banstead 008B,Anti-social behaviour,,
,2023-06,Surrey Police,Surrey Police,-0.146112,51.257406,On or near Sports/Recreation Area,E01030600,Reigate and Banstead 008B,Anti-social behaviour,,
,2023-06,Surrey Police,Surrey Police,-0.146112,51.257406,On or near Sports/Recreation Area,E01030600,Reigate and Banstead 008B,Anti-social behaviour,,
6e579e5b04380c42fc3154774360bb0f29d711e8664b355a989bb65b30ac87a5,2023-06,Surrey Police,Surrey Police,-0.142647,51.259077,On or near Worsted Green,E01030600,Reigate and Banstead 008B,Criminal damage and arson,Investigation complete; no suspect identified,
6e325e98d15fab72d69c7d78217159cc2376023d5fd425653865b9f8c43ab45e,2023-06,Surrey Police,Surrey Police,-0.148166,51.257267,On or near Albury Road,E01030600,Reigate and Banstead 008B,Criminal damage and arson,Investigation complete; no suspect identified,
989067e2150ce9b5c5e59d03af9e0a2bb79b01179732bdaae8dbd28ef7017964,2023-06,Surrey Police,Surrey Police,-0.149886,51.260118,On or near Regent Close,E01030600,Reigate and Banstead 008B,Other theft,Investigation complete; no suspect identified,
73836e88597fef0ca5a99b947d68f3c47692694cc6f149ccb347c440bf8aec2c,2023-06,Surrey Police,Surrey Police,-0.136348,51.261019,On or near Dundrey Crescent,E01030600,Reigate and Banstead 008B,Other theft,Unable to prosecute suspect,
d1316f31d68ecdf0ba6642598b975afa9739a0b0ad018a0e70d4dbc21c48c848,2023-06,Surrey Police,Surrey Police,-0.142647,51.259077,On or near Worsted Green,E01030600,Reigate and Banstead 008B,Other theft,Investigation complete; no suspect identified,
98a5f16ce250f6cb92f4b680187c86664a2ef5c794c3977e3dc3b6c92659d5bb,2023-06,Surrey Police,Surrey Police,-0.133565,51.260723,On or near Bolsover Grove,E01030600,Reigate and Banstead 008B,Public order,Unable to prosecute suspect,
587266ac1ccc37a9262d5be76d0b2afae8206ff67e61f19f3bcd38e3541198b5,2023-06,Surrey Police,Surrey Police,-0.142647,51.259077,On or near Worsted Green,E01030600,Reigate and Banstead 008B,Vehicle crime,Further investigation is not in the public interest,
3a4e53152c4e278ec2907a217a2e1aaca7757c739adc3da8d5d0fc090dceed7b,2023-06,Surrey Police,Surrey Police,-0.142647,51.259077,On or near Worsted Green,E01030600,Reigate and Banstead 008B,Violence and sexual offences,Unable to prosecute suspect,
f8492cbec09b26f0ebaa842073d38e8cefe1da56f176fc7e1f689ff0cc7a8dda,2023-06,Surrey Police,Surrey Police,-0.133565,51.260723,On or near Bolsover Grove,E01030600,Reigate and Banstead 008B,Violence and sexual offences,Unable to prosecute suspect,
edb02d8a3c51e898ccf0bce74b7f2065c28b18e6d610f3469303f054ca7a8c07,2023-06,Surrey Police,Surrey Police,-0.141528,51.258403,On or near Taynton Drive,E01030600,Reigate and Banstead 008B,Violence and sexual offences,Unable to prosecute suspect,
8671e940aa0b4f870b893e40fb8b97d29957807848fe53bcfca6f1b351d4dce7,2023-06,Surrey Police,Surrey Police,-0.136348,51.261019,On or near Dundrey Crescent,E01030600,Reigate and Banstead 008B,Violence and sexual offences,Investigation complete; no suspect identified,
0b826aa64e285f8395719652c56512627455633736c23c4b75e9a2a719040ab9,2023-06,Surrey Police,Surrey Police,-0.141528,51.258403,On or near Taynton Drive,E01030600,Reigate and Banstead 008B,Violence and sexual offences,Action to be taken by another organisation,
,2023-06,Surrey Police,Surrey Police,-0.136485,51.259771,On or near Chilmark Gardens,E01030601,Reigate and Banstead 008C,Anti-social behaviour,,
cd61f251448ff517cc74e706cd35f4a685e8908721f6e46adb0bd5331f6fd782,2023-06,Surrey Police,Surrey Police,-0.139408,51.262623,On or near Radstock Way,E01030601,Reigate and Banstead 008C,Other theft,Unable to prosecute suspect,
c5115b6d57b98f65ab91909f93bd6d3a24bfd9d326c59c13ae8b96490fec9dd5,2023-06,Surrey Police,Surrey Police,-0.141221,51.261393,On or near Mansfield Drive,E01030601,Reigate and Banstead 008C,Violence and sexual offences,Unable to prosecute suspect,
,2023-06,Surrey Police,Surrey Police,-0.147296,51.253962,On or near Wyecliffe Gardens,E01030602,Reigate and Banstead 008D,Anti-social behaviour,,
,2023-06,Surrey Police,Surrey Police,-0.149011,51.254421,On or near Bourne Road,E01030602,Reigate and Banstead 008D,Anti-social behaviour,,
0c38d7a101242779f0de2ed619119259f78d8e2e5e95bf2cac5dc6fdbbde757f,2023-06,Surrey Police,Surrey Police,-0.148574,51.253524,On or near Ash Close,E01030602,Reigate and Banstead 008D,Burglary,Court result unavailable,
6dc40f42b3069dde03cbe1bb70358d02f7dd58d27ff2119390d2a6a5e1b8866b,2023-06,Surrey Police,Surrey Police,-0.154708,51.255671,On or near Battlebridge Lane,E01030602,Reigate and Banstead 008D,Vehicle crime,Unable to prosecute suspect,
8a799d16f0be1d258abd2377e4dc4a82d86acbefdd03211acb168ceddf20fe8d,2023-06,Surrey Police,Surrey Police,-0.146847,51.253002,On or near Chilberton Drive,E01030602,Reigate and Banstead 008D,Violence and sexual offences,Unable to prosecute suspect,
d5189d7e6f31590e31d5b011910ab52ec75aba9fc03ae4551acc95558259c74f,2023-06,Surrey Police,Surrey Police,-0.151899,51.254602,On or near Orpin Road,E01030602,Reigate and Banstead 008D,Violence and sexual offences,Unable to prosecute suspect,
2f88bb9f623d3101fca27c50a47154d148e1c7b8cc939873295f956acb8ee019,2023-06,Surrey Police,Surrey Police,-0.146847,51.253002,On or near Chilberton Drive,E01030602,Reigate and Banstead 008D,Violence and sexual offences,Unable to prosecute suspect,
c8472928dd0430830aa7614cdf23f3d229b2bf4847adf867fd3701b886565621,2023-06,Surrey Police,Surrey Police,-0.151899,51.254602,On or near Orpin Road,E01030602,Reigate and Banstead 008D,Violence and sexual offences,Further investigation is not in the public interest,
,2023-06,Surrey Police,Surrey Police,-0.151166,51.258934,On or near Manor Road,E01030598,Reigate and Banstead 009A,Anti-social behaviour,,
,2023-06,Surrey Police,Surrey Police,-0.150515,51.263734,On or near Parking Area,E01030598,Reigate and Banstead 009A,Anti-social behaviour,,
,2023-06,Surrey Police,Surrey Police,-0.148905,51.267063,On or near Ashcombe Road,E01030598,Reigate and Banstead 009A,Anti-social behaviour,,
,2023-06,Surrey Police,Surrey Police,-0.150515,51.263734,On or near Parking Area,E01030598,Reigate and Banstead 009A,Anti-social behaviour,,
,2023-06,Surrey Police,Surrey Police,-0.150896,51.263525,On or near Hanover Close,E01030598,Reigate and Banstead 009A,Anti-social behaviour,,
,2023-06,Surrey Police,Surrey Police,-0.152910,51.268700,On or near Gatton Bottom,E01030598,Reigate and Banstead 009A,Anti-social behaviour,,
,2023-06,Surrey Police,Surrey Police,-0.151500,51.264901,On or near Station Road North,E01030598,Reigate and Banstead 009A,Anti-social behaviour,,
3bc38c10f3d52476b1223ae7bb4f6b9709be4b2a9aa81d92d528fb4b8a0474a1,2023-06,Surrey Police,Surrey Police,-0.156391,51.274861,On or near London Road North,E01030598,Reigate and Banstead 009A,Other theft,Investigation complete; no suspect identified,
d689f3f9d13623ba7ac2587e19a30f06b75211f0be341bdb28ae8e49c588be12,2023-06,Surrey Police,Surrey Police,-0.141183,51.268011,On or near Rockshaw Road,E01030598,Reigate and Banstead 009A,Public order,Investigation complete; no suspect identified,
63a2e0830a0f4815b5279479c2a39aa897444b402db580b77ce233c99f09342a,2023-06,Surrey Police,Surrey Police,-0.152910,51.268700,On or near Gatton Bottom,E01030598,Reigate and Banstead 009A,Public order,Unable to prosecute suspect,
7808688334643ebd815da4a91c7872f57a999f899e5bcd2909973663c93ceb0b,2023-06,Surrey Police,Surrey Police,-0.149065,51.262363,On or near Brook Road,E01030598,Reigate and Banstead 009A,Public order,Unable to prosecute suspect,
b0fef6b88bf343aaf1751afe9f1aa9a36017ae3e6f88df1b201a35ca4501f26d,2023-06,Surrey Police,Surrey Police,-0.149065,51.262363,On or near Brook Road,E01030598,Reigate and Banstead 009A,Public order,Unable to prosecute suspect,
74efbc52476898f0847b07e90f9d2ff1067e8fc777fd14be8189759dcfb50522,2023-06,Surrey Police,Surrey Police,-0.150896,51.263525,On or near Hanover Close,E01030598,Reigate and Banstead 009A,Violence and sexual offences,Unable to prosecute suspect,
4468d3995cb71d511f3bab59161b2160b7a13df9960aed2b5e26c679b44f704a,2023-06,Surrey Police,Surrey Police,-0.141183,51.268011,On or near Rockshaw Road,E01030598,Reigate and Banstead 009A,Violence and sexual offences,Investigation complete; no suspect identified,
e92d5a41e4345845b1e2edb6587bc1972f8185a4f6f14906c84b1ed8ca7b1565,2023-06,Surrey Police,Surrey Police,-0.156391,51.274861,On or near London Road North,E01030598,Reigate and Banstead 009A,Violence and sexual offences,Unable to prosecute suspect,
cec72edd71964c96eeee65de458eb92b13e38e637347e8b5b3baa4524f0cea45,2023-06,Surrey Police,Surrey Police,-0.156391,51.274861,On or near London Road North,E01030598,Reigate and Banstead 009A,Violence and sexual offences,Unable to prosecute suspect,
ec81429e676ee3a61cfe88d6e955b8086d93fad5289045e17e38a7e2646bc145,2023-06,Surrey Police,Surrey Police,-0.153420,51.265624,On or near Quality Street,E01030598,Reigate and Banstead 009A,Violence and sexual offences,Unable to prosecute suspect,
bad61b258cb2d792a5cd69c3250058d467e76bc76de117c034f5ec245ac8c7a8,2023-06,Surrey Police,Surrey Police,-0.156391,51.274861,On or near London Road North,E01030598,Reigate and Banstead 009A,Violence and sexual offences,Unable to prosecute suspect,
bdfafbdb06c04a9f40f981783575e856062b2a0b4f4f9cbf3fbf8b5a769fae2b,2023-06,Surrey Police,Surrey Police,-0.146666,51.273179,On or near Shepherd'S Hill,E01030598,Reigate and Banstead 009A,Violence and sexual offences,Unable to prosecute suspect,
1665b4d785eaf4beeb4c986cc63daacc161db8ef21e2dae60949e0d290246056,2023-06,Surrey Police,Surrey Police,-0.149065,51.262363,On or near Brook Road,E01030598,Reigate and Banstead 009A,Other crime,Status update unavailable,
3a6ca7f75b503f38b37eed3f7a1fed189536f5c21e38cc2d447250e02984cf2b,2023-06,Surrey Police,Surrey Police,-0.151166,51.258934,On or near Manor Road,E01030598,Reigate and Banstead 009A,Other crime,Investigation complete; no suspect identified,
cd422b29f2b90e064eab05c4a8b559f34402d24f96487cb6c0f7100b8e00885a,2023-06,Surrey Police,Surrey Police,-0.212306,51.240495,On or near Saxon Way,E01030623,Reigate and Banstead 009B,Theft from the person,Unable to prosecute suspect,
,2023-06,Surrey Police,Surrey Police,-0.209570,51.241964,On or near Bassett Drive,E01030623,Reigate and Banstead 009B,Anti-social behaviour,,
,2023-06,Surrey Police,Surrey Police,-0.215570,51.239439,On or near West Street,E01030623,Reigate and Banstead 009B,Anti-social behaviour,,
727147496e6668167ded04b2702aa8255c37092cd96bb51619a4c0aa0f0f3fc0,2023-06,Surrey Police,Surrey Police,-0.226554,51.241044,On or near Colley Manor Drive,E01030623,Reigate and Banstead 009B,Bicycle theft,Investigation complete; no suspect identified,
59e0f85ffb8496c7835f4e21d6736eebcb2936f76484345ab6acd8b660ba13cb,2023-06,Surrey Police,Surrey Police,-0.210255,51.240562,On or near Worcester Road,E01030623,Reigate and Banstead 009B,Criminal damage and arson,Status update unavailable,
5ae2eb94728517a9dc793f214a1097db3ac4e28562760f24fd91c938ae7412fd,2023-06,Surrey Police,Surrey Police,-0.213396,51.241950,On or near South Albert Road,E01030623,Reigate and Banstead 009B,Criminal damage and arson,Unable to prosecute suspect,
ef43acbe81b9580dd027ef4245a1bc8939b6778e8fb204b73c77f6d98474c6e7,2023-06,Surrey Police,Surrey Police,-0.239253,51.230013,On or near Trumpetshill Road,E01030623,Reigate and Banstead 009B,Other theft,Investigation complete; no suspect identified,
ef877a3ed08adfc2fc8e6ff4015d2e47a621ea0f2c44d56b937d11a9ceeba24a,2023-06,Surrey Police,Surrey Police,-0.213507,51.239830,On or near Norbury Road,E01030623,Reigate and Banstead 009B,Other theft,Investigation complete; no suspect identified,
a0f6ad7280bb826eec79b79e82951af9941c79cf51b388f1db59015464350632,2023-06,Surrey Police,Surrey Police,-0.213507,51.239830,On or near Norbury Road,E01030623,Reigate and Banstead 009B,Vehicle crime,Investigation complete; no suspect identified,
7c17adcb5ea64b174d9e92d2bd0d853137eb5c7836eaeff1c31ea748ebe57b1d,2023-06,Surrey Police,Surrey Police,-0.223325,51.239332,On or near Flanchford Road,E01030623,Reigate and Banstead 009B,Violence and sexual offences,Investigation complete; no suspect identified,
e2dd0dece0c555175b2d05d9b6812a3c00420b7297e95939c66dbc0faf578d93,2023-06,Surrey Police,Surrey Police,-0.214632,51.242212,On or near Churchfield Road,E01030623,Reigate and Banstead 009B,Violence and sexual offences,Investigation complete; no suspect identified,
91847a3b8b48e68c6d6a7e7c318d2214250b619860715a1988c95a07382616a1,2023-06,Surrey Police,Surrey Police,-0.184789,51.240035,On or near Madeira Walk,E01030624,Reigate and Banstead 009C,Drugs,Status update unavailable,
,2023-06,Surrey Police,Surrey Police,-0.200704,51.250713,On or near Fox Lane,E01030625,Reigate and Banstead 009D,Anti-social behaviour,,
,2023-06,Surrey Police,Surrey Police,-0.197529,51.256042,On or near Fort Lane,E01030625,Reigate and Banstead 009D,Anti-social behaviour,,
06d6c85be890149d7f0faf29d4e57739a42b64384d3746cbbe7c93125483311e,2023-06,Surrey Police,Surrey Police,-0.171055,51.263742,On or near Rocky Lane,E01030625,Reigate and Banstead 009D,Other theft,Investigation complete; no suspect identified,
84bf799578df36b294794e5993aee91ea2b02b18bc90fd702b2a0cccc709235d,2023-06,Surrey Police,Surrey Police,-0.171055,51.263742,On or near Rocky Lane,E01030625,Reigate and Banstead 009D,Public order,Investigation complete; no suspect identified,
5f9528d7a87d4a245b0326d8fb23530efc1ea2d576e4447b7a4982894f2dd186,2023-06,Surrey Police,Surrey Police,-0.173815,51.265701,On or near Gatton Bottom,E01030625,Reigate and Banstead 009D,Vehicle crime,Investigation complete; no suspect identified,
acf43e772d36a3b559f1455659c5ca606b4bd0c5107d1f86ebdf296b8e7704b5,2023-06,Surrey Police,Surrey Police,-0.200704,51.250713,On or near Fox Lane,E01030625,Reigate and Banstead 009D,Violence and sexual offences,Status update unavailable,
e93edf6c4d16618c4a15cb680f453756442fad0ef9395b6a456d02922ad7b476,2023-06,Surrey Police,Surrey Police,-0.171055,51.263742,On or near Rocky Lane,E01030625,Reigate and Banstead 009D,Violence and sexual offences,Further action is not in the public interest,
d531d4dd9578cfd790aa967d13c0a8949e5a22809ef8e4f1fcd40b71dc462ba5,2023-06,Surrey Police,Surrey Police,-0.198719,51.251276,On or near Reigate Hill,E01030625,Reigate and Banstead 009D,Other crime,Investigation complete; no suspect identified,
,2023-06,Surrey Police,Surrey Police,-0.203314,51.246247,On or near Oakfield Drive,E01030626,Reigate and Banstead 009E,Anti-social behaviour,,
0ae7efa13dce60a0ad0d311cad0bf4378b60fe0c2fbf8848c5c281b367d271e1,2023-06,Surrey Police,Surrey Police,-0.205588,51.250770,On or near Redwood Mount,E01030626,Reigate and Banstead 009E,Burglary,Status update unavailable,
29bc8dcc31eed84d91e777407316f4fda7fcad5c159f8d9fad3157ea11dcc253,2023-06,Surrey Police,Surrey Police,-0.203314,51.246247,On or near Oakfield Drive,E01030626,Reigate and Banstead 009E,Violence and sexual offences,Action to be taken by another organisation,
,2023-06,Surrey Police,Surrey Police,-0.198828,51.243723,On or near Kilmarnock Park,E01030627,Reigate and Banstead 009F,Anti-social behaviour,,
a5a3c35432df6d786110fbd00d06e024cbc6610b8c68b975211f7c6054709684,2023-06,Surrey Police,Surrey Police,-0.203742,51.242630,On or near Birkheads Road,E01030627,Reigate and Banstead 009F,Criminal damage and arson,Investigation complete; no suspect identified,
25d895ff378246949b411aad582008a0df5796791108a315049004634ede25c3,2023-06,Surrey Police,Surrey Police,-0.198828,51.243723,On or near Kilmarnock Park,E01030627,Reigate and Banstead 009F,Other theft,Investigation complete; no suspect identified,
88bba4dc8d7433f5f25cbed739bba6ee6f961f71e4f72c5118c10e0879b931ca,2023-06,Surrey Police,Surrey Police,-0.205741,51.243173,On or near Somers Close,E01030627,Reigate and Banstead 009F,Public order,Investigation complete; no suspect identified,
44f970587187f0734512d1749932dc67d52514aef2784538271b7e45f11408d9,2023-06,Surrey Police,Surrey Police,-0.205378,51.242334,On or near Supermarket,E01030627,Reigate and Banstead 009F,Shoplifting,Investigation complete; no suspect identified,
0f8a276fdcb00ed190d7d215c546170e8890735b184a20c0bb829d06ee61a94e,2023-06,Surrey Police,Surrey Police,-0.203742,51.242630,On or near Birkheads Road,E01030627,Reigate and Banstead 009F,Violence and sexual offences,Investigation complete; no suspect identified,
31ef104507cc5c2fe16f0b7db213d317ad956b263c53122f7f717961441c4cf3,2023-06,Surrey Police,Surrey Police,-0.170707,51.238557,On or near Sincots Road,E01030615,Reigate and Banstead 010A,Violence and sexual offences,Unable to prosecute suspect,
,2023-06,Surrey Police,Surrey Police,-0.172739,51.242222,On or near Rutland Close,E01030615,Reigate and Banstead 010A,Anti-social behaviour,,
,2023-06,Surrey Police,Surrey Police,-0.174149,51.242091,On or near Flint Close,E01030615,Reigate and Banstead 010A,Anti-social behaviour,,
,2023-06,Surrey Police,Surrey Police,-0.170220,51.239629,On or near Parking Area,E01030615,Reigate and Banstead 010A,Anti-social behaviour,,
4c8d1eda2f8ba076c1628d94dbfc68bc4cdd95635f21228151e7d7eae35b8eb7,2023-06,Surrey Police,Surrey Police,-0.172821,51.242691,On or near North Street,E01030615,Reigate and Banstead 010A,Criminal damage and arson,Investigation complete; no suspect identified,
dcea9c1d7b3015bb819ac8a3a3df086e448ab2e04c4c68035c0caeeeb1877a01,2023-06,Surrey Police,Surrey Police,-0.174149,51.242091,On or near Flint Close,E01030615,Reigate and Banstead 010A,Criminal damage and arson,Status update unavailable,
fb0b95b16ffa4f8df29189bea1d8307ccea41f5536ed9c15e248ca8ccbe8e578,2023-06,Surrey Police,Surrey Police,-0.170707,51.238557,On or near Sincots Road,E01030615,Reigate and Banstead 010A,Criminal damage and arson,Investigation complete; no suspect identified,
9e2c98bba7d3ca084779965a9ecde611ce59103e054ccceb2865336cd2c6c886,2023-06,Surrey Police,Surrey Police,-0.170123,51.238107,On or near Chapel Road,E01030615,Reigate and Banstead 010A,Criminal damage and arson,Status update unavailable,
a8822e22abc536bca30b6b44d97bf72a5018466884b14974caab62b11029fd4e,2023-06,Surrey Police,Surrey Police,-0.174149,51.242091,On or near Flint Close,E01030615,Reigate and Banstead 010A,Criminal damage and arson,Investigation complete; no suspect identified,
7acfc9087398e3bdf834f071c80ab790fefe32148286a71eea93b998767d0196,2023-06,Surrey Police,Surrey Police,-0.168830,51.240020,On or near Shopping Area,E01030615,Reigate and Banstead 010A,Criminal damage and arson,Unable to prosecute suspect,
caa12c4707c61910aa89ed6d7760a88f243c1d278a1ec925caa95bcefb693139,2023-06,Surrey Police,Surrey Police,-0.172698,51.239226,On or near Sports/Recreation Area,E01030615,Reigate and Banstead 010A,Drugs,Further investigation is not in the public interest,
2fa5accebb0cffacd426c3d80f4109fd05c68218a86aff2621a690c6a77c377a,2023-06,Surrey Police,Surrey Police,-0.170918,51.238291,On or near Lower Bridge Road,E01030615,Reigate and Banstead 010A,Drugs,Local resolution,
48145415995c4119e1d9136ca415a824894e5aaf0c9c42fa0d92789f771e3882,2023-06,Surrey Police,Surrey Police,-0.168830,51.240020,On or near Shopping Area,E01030615,Reigate and Banstead 010A,Drugs,Further investigation is not in the public interest,
83dd612768518e94c142d7ebd5d9a7e96a5ac3dca2d9707a83b49c726751f9c3,2023-06,Surrey Police,Surrey Police,-0.170220,51.239629,On or near Parking Area,E01030615,Reigate and Banstead 010A,Other theft,Investigation complete; no suspect identified,
53b4dd49f725220b499050fb43712c0b6b2d3a70c1e55e5715bbf565a95c004e,2023-06,Surrey Police,Surrey Police,-0.168830,51.240020,On or near Shopping Area,E01030615,Reigate and Banstead 010A,Other theft,Investigation complete; no suspect identified,
0fa2dc7d8c0d444bbc1cf2d944a60b39edba81470151e4853c081fdfe7a457b4,2023-06,Surrey Police,Surrey Police,-0.173572,51.240724,On or near Furze Close,E01030615,Reigate and Banstead 010A,Public order,Unable to prosecute suspect,
9420b8bc1459014545873e5647d882f95ccb616c1d1789e357f4b03a4cf96188,2023-06,Surrey Police,Surrey Police,-0.170707,51.238557,On or near Sincots Road,E01030615,Reigate and Banstead 010A,Public order,Unable to prosecute suspect,
df9445b0cd578e7f3756618b1039f2c7763ccce7261fc090e3c7bf36d4dfbf8e,2023-06,Surrey Police,Surrey Police,-0.173572,51.240724,On or near Furze Close,E01030615,Reigate and Banstead 010A,Public order,Court result unavailable,
ef083da7e203d29f38927c743ba58478d4b8d0576bdb032854eb61a075a920e4,2023-06,Surrey Police,Surrey Police,-0.168830,51.240020,On or near Shopping Area,E01030615,Reigate and Banstead 010A,Shoplifting,Investigation complete; no suspect identified,
f5345fc6f03c565896c9cd8bc6a9c69221c01cfdcc367b6060cc1273ab618c1f,2023-06,Surrey Police,Surrey Police,-0.170220,51.239629,On or near Parking Area,E01030615,Reigate and Banstead 010A,Shoplifting,Local resolution,
ab22946f008df92e1cb58eb622d8a7d8bbf3388be852b044e335b08200aa50fe,2023-06,Surrey Police,Surrey Police,-0.170220,51.239629,On or near Parking Area,E01030615,Reigate and Banstead 010A,Shoplifting,Investigation complete; no suspect identified,
0a5703be359cf773af273e4caf81ede62cdb77912a57b849df88cc748d8bfb71,2023-06,Surrey Police,Surrey Police,-0.169798,51.240530,On or near Supermarket,E01030615,Reigate and Banstead 010A,Shoplifting,Investigation complete; no suspect identified,
82c033a5411b4b45cf6139bbad01f326e0f962cd5784af9d48c32e6e73219a4c,2023-06,Surrey Police,Surrey Police,-0.168830,51.240020,On or near Shopping Area,E01030615,Reigate and Banstead 010A,Shoplifting,Investigation complete; no suspect identified,
adb4ce978869b35bfbc29406806282be5f82cf77f5bc140375e4afaa3e78b89c,2023-06,Surrey Police,Surrey Police,-0.170220,51.239629,On or near Parking Area,E01030615,Reigate and Banstead 010A,Shoplifting,Investigation complete; no suspect identified,
3417b7886fd3248abe25f4b86283aaa897aa92142fe8deaf1361d5dac41ee2e7,2023-06,Surrey Police,Surrey Police,-0.174149,51.242091,On or near Flint Close,E01030615,Reigate and Banstead 010A,Violence and sexual offences,Unable to prosecute suspect,
6cd0960aef0c6a2f0e840aa8089ea3070919e7313810cc7b71c840978cb3c085,2023-06,Surrey Police,Surrey Police,-0.172739,51.242222,On or near Rutland Close,E01030615,Reigate and Banstead 010A,Violence and sexual offences,Status update unavailable,
ff4f8491849e9502bb66b2b01aec8213247e01e993956fd51a665f14fef7fad2,2023-06,Surrey Police,Surrey Police,-0.168830,51.240020,On or near Shopping Area,E01030615,Reigate and Banstead 010A,Violence and sexual offences,Investigation complete; no suspect identified,
e5f86b95b3ec51dd5500793500cef1b8742a82579bd54e304d3d565109923cdd,2023-06,Surrey Police,Surrey Police,-0.170707,51.238557,On or near Sincots Road,E01030615,Reigate and Banstead 010A,Violence and sexual offences,Investigation complete; no suspect identified,
e87eb7380a978500ed2c636c15fdeca2348182f1ec0bf3ad65a4950dab35a10b,2023-06,Surrey Police,Surrey Police,-0.174149,51.242091,On or near Flint Close,E01030615,Reigate and Banstead 010A,Violence and sexual offences,Unable to prosecute suspect,
8839ab6435db9a0f1308accade65f234c32532803343c568546380a8e9f08a9f,2023-06,Surrey Police,Surrey Police,-0.168799,51.238617,On or near High Street,E01030615,Reigate and Banstead 010A,Violence and sexual offences,Further investigation is not in the public interest,
e7437ac3332ff60cf7d1779517f4beb8bfd3b6cfaecde4ce735e929b09e6bb44,2023-06,Surrey Police,Surrey Police,-0.172089,51.241276,On or near Dome Way,E01030615,Reigate and Banstead 010A,Violence and sexual offences,Unable to prosecute suspect,
3fa379fd8d90c5b094ba9c91deb07657e53a7210a7fb7acbd36666ebf1fbdee7,2023-06,Surrey Police,Surrey Police,-0.170707,51.238557,On or near Sincots Road,E01030615,Reigate and Banstead 010A,Violence and sexual offences,Court result unavailable,
9833e853eaef865da4ff0da149cc1d997fa530e377ede85af90b940fedf34b03,2023-06,Surrey Police,Surrey Police,-0.172089,51.241276,On or near Dome Way,E01030615,Reigate and Banstead 010A,Violence and sexual offences,Unable to prosecute suspect,
e60c5dd4dad636e2035a0898a93564407c49db682c2ce234eba107a996625250,2023-06,Surrey Police,Surrey Police,-0.170707,51.238557,On or near Sincots Road,E01030615,Reigate and Banstead 010A,Violence and sexual offences,Status update unavailable,
b7ad4417cd973e3fd72d8b3ea23ab88f9a0917f362da33a7e93af59d0abfc77f,2023-06,Surrey Police,Surrey Police,-0.172698,51.239226,On or near Sports/Recreation Area,E01030615,Reigate and Banstead 010A,Violence and sexual offences,Unable to prosecute suspect,
5862eacfe3ab8744323c2a4f807ae7efa2a8d53301e6f84e18a9357126b93285,2023-06,Surrey Police,Surrey Police,-0.173572,51.240724,On or near Furze Close,E01030615,Reigate and Banstead 010A,Violence and sexual offences,Unable to prosecute suspect,
e1d8cc74300d66ac635ef4276ae26fb50b55b98f770dddb7f6c7015a66328511,2023-06,Surrey Police,Surrey Police,-0.170123,51.238107,On or near Chapel Road,E01030615,Reigate and Banstead 010A,Violence and sexual offences,Investigation complete; no suspect identified,
f998264a9fbab08c2b641c82e32ff5a8e34b2c03647ab059148624a064be08a7,2023-06,Surrey Police,Surrey Police,-0.168830,51.240020,On or near Shopping Area,E01030615,Reigate and Banstead 010A,Violence and sexual offences,Investigation complete; no suspect identified,
82d7922bcb7cb4ca604cd535a2e2ff325cf2367fd5c8831898bed9f92b35e232,2023-06,Surrey Police,Surrey Police,-0.176217,51.241242,On or near Chestnut Mead,E01030616,Reigate and Banstead 010B,Criminal damage and arson,Investigation complete; no suspect identified,
235dc6aad442900240ef92fb0d0e89d3b247c8fecdfc8389bc6375ecc5e803ec,2023-06,Surrey Police,Surrey Police,-0.176217,51.241242,On or near Chestnut Mead,E01030616,Reigate and Banstead 010B,Criminal damage and arson,Investigation complete; no suspect identified,
2396bc2f5507238996230f5bbaea67f315a6f7e14ab996bfc53e2c642f73c4e1,2023-06,Surrey Police,Surrey Police,-0.176217,51.241242,On or near Chestnut Mead,E01030616,Reigate and Banstead 010B,Criminal damage and arson,Investigation complete; no suspect identified,
d4b970d8aa04e30d96cb6e47982693887c4a17390bb5d758f50116e37185b441,2023-06,Surrey Police,Surrey Police,-0.181136,51.247658,On or near Hitherwood Close,E01030616,Reigate and Banstead 010B,Other theft,Unable to prosecute suspect,
5dfac2c4942d79bf05ee16f772138a2d6e76887b3e44ee4ac348f2fc1615a4b4,2023-06,Surrey Police,Surrey Police,-0.175214,51.240867,On or near Oxford Road,E01030616,Reigate and Banstead 010B,Other theft,Investigation complete; no suspect identified,
1406e39b0fec3049374b006bb6be01ba97aaaf4c1468cd086126a061ee615326,2023-06,Surrey Police,Surrey Police,-0.177637,51.239744,On or near Linkfield Corner,E01030616,Reigate and Banstead 010B,Vehicle crime,Investigation complete; no suspect identified,
15c4d975d6a000ec6ba19babd944d2a44d2636801adcb53ee8e7b64b71da97ef,2023-06,Surrey Police,Surrey Police,-0.177637,51.239744,On or near Linkfield Corner,E01030616,Reigate and Banstead 010B,Vehicle crime,Status update unavailable,
ca391712d50b6458953e288521ca7cc162c8dc5ed5713f5a8345e7d690cf8b80,2023-06,Surrey Police,Surrey Police,-0.169331,51.241116,On or near Queensway,E01030617,Reigate and Banstead 010C,Other theft,Unable to prosecute suspect,
,2023-06,Surrey Police,Surrey Police,-0.169331,51.241116,On or near Queensway,E01030617,Reigate and Banstead 010C,Anti-social behaviour,,
,2023-06,Surrey Police,Surrey Police,-0.169331,51.241116,On or near Queensway,E01030617,Reigate and Banstead 010C,Anti-social behaviour,,
,2023-06,Surrey Police,Surrey Police,-0.168908,51.242018,On or near Clarendon Road,E01030617,Reigate and Banstead 010C,Anti-social behaviour,,
94dc4264e0d06136df247c949f9639ea5b310bc9a9539d32ca8163c2bd51fa70,2023-06,Surrey Police,Surrey Police,-0.174046,51.242863,On or near Spruce Close,E01030617,Reigate and Banstead 010C,Criminal damage and arson,Investigation complete; no suspect identified,
d6ddbad7ea6dad0bbe3c9db29cc9237e3a6fccccaf4ced3aa443d69b89d863f0,2023-06,Surrey Police,Surrey Police,-0.169331,51.241116,On or near Queensway,E01030617,Reigate and Banstead 010C,Drugs,Local resolution,
e7c265390a454af202a45cf5a406a3ee068bdd07c56a5654b2a1433e0456d0ab,2023-06,Surrey Police,Surrey Police,-0.169073,51.241841,On or near Parking Area,E01030617,Reigate and Banstead 010C,Public order,Court result unavailable,
1dc1eb426aa2b9da3fd7d2d0f0cbd0d7316e828f14f378ec055d509eb9ae45d6,2023-06,Surrey Police,Surrey Police,-0.167332,51.245258,On or near Nash Drive,E01030617,Reigate and Banstead 010C,Public order,Investigation complete; no suspect identified,
8636c09bccc2855d058713eebad81027c22a983dfc4f7717184f1504b8040526,2023-06,Surrey Police,Surrey Police,-0.169683,51.242714,On or near Gloucester Road,E01030617,Reigate and Banstead 010C,Public order,Investigation complete; no suspect identified,
4a2098ebfeec77b78bc8f83060a0b77e11e408bfb5b0059d1bc925d8dc905d16,2023-06,Surrey Police,Surrey Police,-0.168908,51.242018,On or near Clarendon Road,E01030617,Reigate and Banstead 010C,Shoplifting,Unable to prosecute suspect,
b5ea64417477f46ae7c19bf60f7f90667cabc8b8789f2b7e8280c5f7d9ba0218,2023-06,Surrey Police,Surrey Police,-0.168908,51.242018,On or near Clarendon Road,E01030617,Reigate and Banstead 010C,Violence and sexual offences,Unable to prosecute suspect,
fc1dc564e754a28edcf3690fcd0fa23cbf31990633f48fa5a80149869a9eab89,2023-06,Surrey Police,Surrey Police,-0.170746,51.241921,On or near Warwick Road,E01030617,Reigate and Banstead 010C,Violence and sexual offences,Unable to prosecute suspect,
729cbb7b09aec89834c5fc0da316d6c0d0e62516b9f883149841310fdaec28ac,2023-06,Surrey Police,Surrey Police,-0.167332,51.245258,On or near Nash Drive,E01030617,Reigate and Banstead 010C,Violence and sexual offences,Local resolution,
72626f2c1865b156d38c90872be9eab00c80fc155a1aa39d5fc8594609ae26b1,2023-06,Surrey Police,Surrey Police,-0.170768,51.252542,On or near Temple Wood Drive,E01030618,Reigate and Banstead 010D,Shoplifting,Court result unavailable,
,2023-06,Surrey Police,Surrey Police,-0.166825,51.249000,On or near Mead Close,E01030618,Reigate and Banstead 010D,Anti-social behaviour,,
58125ef2653c0fea8d41126a196c1a5925a786f00adc37613a378c0ef908ec7c,2023-06,Surrey Police,Surrey Police,-0.164833,51.253690,On or near Petrol Station,E01030618,Reigate and Banstead 010D,Burglary,Status update unavailable,
e6d5cb10ecbeb05f2842684344c71535bd49551f6b18c54b70b772e20d7f78d4,2023-06,Surrey Police,Surrey Police,-0.164833,51.253690,On or near Petrol Station,E01030618,Reigate and Banstead 010D,Burglary,Investigation complete; no suspect identified,
99c0bd684e09f4af845535d0f52c250e19de1c42d85aa4f5cb7129fc982ce738,2023-06,Surrey Police,Surrey Police,-0.164833,51.253690,On or near Petrol Station,E01030618,Reigate and Banstead 010D,Burglary,Status update unavailable,
19986818bd802678728bdaf12e20faa5502566d18dca0e0c463894aaf56c12a8,2023-06,Surrey Police,Surrey Police,-0.167478,51.252400,On or near Ringwood Avenue,E01030618,Reigate and Banstead 010D,Public order,Unable to prosecute suspect,
6f0eb4d8f3788e884946158486c993abe8925833ca5d7192b09e68e0493f9144,2023-06,Surrey Police,Surrey Police,-0.169974,51.250884,On or near Colesmead Road,E01030618,Reigate and Banstead 010D,Public order,Investigation complete; no suspect identified,
4f5b01f41e6555acdb1a6af64c16efafd2b292dcd046c3e37bd7deaa45d9fa8a,2023-06,Surrey Police,Surrey Police,-0.167478,51.252400,On or near Ringwood Avenue,E01030618,Reigate and Banstead 010D,Public order,Court result unavailable,
eb97533447e8973dd5033cc5c9aa4ca15c3823dacc122c11f60893a68f77c054,2023-06,Surrey Police,Surrey Police,-0.167103,51.251369,On or near Lyndale Road,E01030618,Reigate and Banstead 010D,Vehicle crime,Unable to prosecute suspect,
a23be1d776db0f04adcf2021ec51da7f807e0f1b38201cffaae6b9e0b049094a,2023-06,Surrey Police,Surrey Police,-0.168115,51.248274,On or near Lowermead,E01030618,Reigate and Banstead 010D,Violence and sexual offences,Status update unavailable,
f87a0d0b075e24f0cb9527738fd3d253e74d908117c1e19d06bb153a7b8ecd94,2023-06,Surrey Police,Surrey Police,-0.167103,51.251369,On or near Lyndale Road,E01030618,Reigate and Banstead 010D,Violence and sexual offences,Unable to prosecute suspect,
3f1b246ca7438929c5f954612897917fbd4f9d2fbd5607e4740f7068550feefd,2023-06,Surrey Police,Surrey Police,-0.166825,51.249000,On or near Mead Close,E01030618,Reigate and Banstead 010D,Violence and sexual offences,Unable to prosecute suspect,
df8d22681695f4c27cde266875d98933071c5d848b56ffa913194575ee8e562a,2023-06,Surrey Police,Surrey Police,-0.166825,51.249000,On or near Mead Close,E01030618,Reigate and Banstead 010D,Violence and sexual offences,Unable to prosecute suspect,
,2023-06,Surrey Police,Surrey Police,-0.176821,51.246980,On or near Timperley Gardens,E01030619,Reigate and Banstead 010E,Anti-social behaviour,,
2b2d17b5fa6d7390cd890355a67b226c0a35794939302974a9874bc9b3adca0b,2023-06,Surrey Police,Surrey Police,-0.175729,51.247421,On or near Fulbourne Close,E01030619,Reigate and Banstead 010E,Criminal damage and arson,Unable to prosecute suspect,
d3abac9c2e4a011d18d1baf0af8f48bdeec50e42c8eb1e70d1b60112c258ea92,2023-06,Surrey Police,Surrey Police,-0.176821,51.246980,On or near Timperley Gardens,E01030619,Reigate and Banstead 010E,Other theft,Unable to prosecute suspect,
f937195b05a21e5563353f7fc41f1ff9c9f71082078508d09150ad79ccbcbfab,2023-06,Surrey Police,Surrey Police,-0.178117,51.246442,On or near Green Way,E01030619,Reigate and Banstead 010E,Public order,Local resolution,
dfd087423548092c50c7853dcdaae6dc8bdc2655d29588a3ad0115f55c188882,2023-06,Surrey Police,Surrey Police,-0.172784,51.249408,On or near Lemon Grove,E01030619,Reigate and Banstead 010E,Violence and sexual offences,Action to be taken by another organisation,
6bf1bc1bd86fde2d394029e7762b07b364b9f489860eb37bef99a0f8635dfc19,2023-06,Surrey Police,Surrey Police,-0.175545,51.248444,On or near Colman Way,E01030619,Reigate and Banstead 010E,Violence and sexual offences,Court result unavailable,
eddea1ab2065293fadc7a2f6dd1fae59ed260b241a05cd8eb3d15aa253606c06,2023-06,Surrey Police,Surrey Police,-0.176821,51.246980,On or near Timperley Gardens,E01030619,Reigate and Banstead 010E,Violence and sexual offences,Local resolution,
bd984f660a3933659458a8d9386c3908bb149e746700b7d1ed329e160746fe66,2023-06,Surrey Police,Surrey Police,-0.176821,51.246980,On or near Timperley Gardens,E01030619,Reigate and Banstead 010E,Violence and sexual offences,Unable to prosecute suspect,
d679413190a824fb1b14037f5d8c02bbf0e3639375e93b3059525c470a2fa394,2023-06,Surrey Police,Surrey Police,-0.176821,51.246980,On or near Timperley Gardens,E01030619,Reigate and Banstead 010E,Violence and sexual offences,Further investigation is not in the public interest,
338ef1e579f94701f061de196c4048871daae3707d3dbaaf73237f9aa7b3e625,2023-06,Surrey Police,Surrey Police,-0.174890,51.249773,On or near Carlton Road,E01030619,Reigate and Banstead 010E,Violence and sexual offences,Unable to prosecute suspect,
28254feebfbff6a82b628ca16aaebaef773bd7ba5bb82297307ddb0eab0866ff,2023-06,Surrey Police,Surrey Police,-0.174890,51.249773,On or near Carlton Road,E01030619,Reigate and Banstead 010E,Other crime,Unable to prosecute suspect,
5b21694b9e8507ecc5a56afb3a30d69f42b0d74185b38056d10652e179131af7,2023-06,Surrey Police,Surrey Police,-0.177820,51.247805,On or near Copley Close,E01030619,Reigate and Banstead 010E,Other crime,Unable to prosecute suspect,
cc0f49cb2b982fe1fce0b74e8029e2613e974c5bca0f6620e770a766842c164f,2023-06,Surrey Police,Surrey Police,-0.177848,51.237670,On or near Waterslade,E01030622,Reigate and Banstead 010F,Vehicle crime,Unable to prosecute suspect,
e900d0e8f85cc8d22e0d9748a59e3664358df903188e5ca4408f115cb5137bf5,2023-06,Surrey Police,Surrey Police,-0.178821,51.239151,On or near Hatchlands Road,E01030622,Reigate and Banstead 010F,Violence and sexual offences,Unable to prosecute suspect,
3e0b54e224e4802baabb649b14c9b34ed711f5e2cf6ed28683bf5345625f95f1,2023-06,Surrey Police,Surrey Police,-0.174810,51.238414,On or near The Tannery,E01030622,Reigate and Banstead 010F,Bicycle theft,Investigation complete; no suspect identified,
8bc38a610c4ac6681a63a684f72b11e3fc9fe36046f68056ed074906235f6b44,2023-06,Surrey Police,Surrey Police,-0.176798,51.238850,On or near Charman Road,E01030622,Reigate and Banstead 010F,Criminal damage and arson,Investigation complete; no suspect identified,
2628de7842ea760f7f1b90c78fc39cbad542a033aeef8564533e9ce00b41ecba,2023-06,Surrey Police,Surrey Police,-0.174313,51.237948,On or near Oakdene Road,E01030622,Reigate and Banstead 010F,Drugs,Investigation complete; no suspect identified,
ea60d950e28d4eff94f82f7fa893ad2139774b07ac113905400f8a67e495f363,2023-06,Surrey Police,Surrey Police,-0.174313,51.237948,On or near Oakdene Road,E01030622,Reigate and Banstead 010F,Other theft,Investigation complete; no suspect identified,
9e1eca0156d541346a9fb7991d564a0dbbfdb18a0cdac1206a9d43ae0d488de8,2023-06,Surrey Police,Surrey Police,-0.178821,51.239151,On or near Hatchlands Road,E01030622,Reigate and Banstead 010F,Public order,Unable to prosecute suspect,
cc14b1fb00bf297df865bf3524214d04fb0e620ec4453ed77e0c3ced889805e5,2023-06,Surrey Police,Surrey Police,-0.179407,51.238459,On or near Ranelagh Road,E01030622,Reigate and Banstead 010F,Violence and sexual offences,Status update unavailable,
a396fb1cc1646f5860ab48628f6a4915bfe85241d72986583904d60d4d0a7560,2023-06,Surrey Police,Surrey Police,-0.151714,51.253142,On or near Reeds Meadow,E01030610,Reigate and Banstead 011A,Public order,Court result unavailable,
,2023-06,Surrey Police,Surrey Police,-0.151714,51.253142,On or near Reeds Meadow,E01030610,Reigate and Banstead 011A,Anti-social behaviour,,
,2023-06,Surrey Police,Surrey Police,-0.156274,51.253430,On or near Ormside Way,E01030610,Reigate and Banstead 011A,Anti-social behaviour,,
00bb93fe99797916c66a5c8c7c7437fb52b3316816c8479e7a79c4286c9fd7cf,2023-06,Surrey Police,Surrey Police,-0.163053,51.254489,On or near London Road South,E01030610,Reigate and Banstead 011A,Drugs,Local resolution,
8ea66505f7bd8b8f0cba6fab4044b112a19bf790737d8ab78e816fc4996e115d,2023-06,Surrey Police,Surrey Police,-0.159543,51.250145,On or near Frenches Road,E01030610,Reigate and Banstead 011A,Other theft,Investigation complete; no suspect identified,
e22bea44ee51fb081c7d4093692c18b7101e83c8bec3d0968bb84cb3def3d980,2023-06,Surrey Police,Surrey Police,-0.159701,51.253016,On or near Elmwood Road,E01030610,Reigate and Banstead 011A,Other theft,Investigation complete; no suspect identified,
1904988cc79121d13382b98618948d9072ac679d7bbec6983e926e4e65402905,2023-06,Surrey Police,Surrey Police,-0.157164,51.256249,On or near New Battlebridge Lane,E01030610,Reigate and Banstead 011A,Public order,Local resolution,
05970d157615cb61a5e1ec0f6a6f739a33aee23f9ff397c30b458ee33abea581,2023-06,Surrey Police,Surrey Police,-0.151714,51.253142,On or near Reeds Meadow,E01030610,Reigate and Banstead 011A,Public order,Unable to prosecute suspect,
a770ee0b1b06486e0c87fc300844d24d8087f05469194c63cf87f3a0b7fdcdc5,2023-06,Surrey Police,Surrey Police,-0.160019,51.254028,On or near Fairhaven Road,E01030610,Reigate and Banstead 011A,Vehicle crime,Investigation complete; no suspect identified,
543a8f14b6d8c6699b7fa3b6c9b64d403e17622fac30d6635e81359ddb5141fa,2023-06,Surrey Police,Surrey Police,-0.160019,51.254028,On or near Fairhaven Road,E01030610,Reigate and Banstead 011A,Vehicle crime,Investigation complete; no suspect identified,
52f27f3fbd9bca5419e672b31089dd42de3208a1263a8ab5621e7813b1e0fafd,2023-06,Surrey Police,Surrey Police,-0.159543,51.250145,On or near Frenches Road,E01030610,Reigate and Banstead 011A,Vehicle crime,Investigation complete; no suspect identified,
4461645fc71a58618f8a7604daeb585a7619eb4224d07a8d0f721011bed25fb2,2023-06,Surrey Police,Surrey Police,-0.160096,51.252096,On or near Westway Gardens,E01030610,Reigate and Banstead 011A,Vehicle crime,Investigation complete; no suspect identified,
b95e4bbf284536cb7e86e2beb50842da18d86f045796b23280c446ab436313fc,2023-06,Surrey Police,Surrey Police,-0.158737,51.252758,On or near Heather Close,E01030610,Reigate and Banstead 011A,Vehicle crime,Investigation complete; no suspect identified,
9af0c46423f748ca4acb797f22c15b2c175f1cf028ffb2775513c7d648ba5f46,2023-06,Surrey Police,Surrey Police,-0.160019,51.254028,On or near Fairhaven Road,E01030610,Reigate and Banstead 011A,Vehicle crime,Investigation complete; no suspect identified,
e20b284cd2244ba66908798b1898f48e822dde62b43ba824822417170b9bed18,2023-06,Surrey Police,Surrey Police,-0.160019,51.254028,On or near Fairhaven Road,E01030610,Reigate and Banstead 011A,Vehicle crime,Investigation complete; no suspect identified,
f4e7c218149b82f7c1390e10af733b3e495d3edb79af1aa8fd05ee29538137a8,2023-06,Surrey Police,Surrey Police,-0.151714,51.253142,On or near Reeds Meadow,E01030610,Reigate and Banstead 011A,Violence and sexual offences,Court result unavailable,
1e0b447c2b63bc070aa2f7a12a88732d73c6e3f686239eada036d9686015fc77,2023-06,Surrey Police,Surrey Police,-0.159926,51.249521,On or near Frenches Road,E01030610,Reigate and Banstead 011A,Violence and sexual offences,Unable to prosecute suspect,
50f9faaa7473930c8e42ab3e91df9f387d7d6fb2c4853029d297825e007cd70d,2023-06,Surrey Police,Surrey Police,-0.163053,51.254489,On or near London Road South,E01030610,Reigate and Banstead 011A,Violence and sexual offences,Investigation complete; no suspect identified,
a06f41dc4ff95f1f2384d479523e1748c494dfb61063e4df134fede6b3c99f08,2023-06,Surrey Police,Surrey Police,-0.160019,51.254028,On or near Fairhaven Road,E01030610,Reigate and Banstead 011A,Violence and sexual offences,Investigation complete; no suspect identified,
89b74a8fc809b1e34259b1fb274e00df3e2c64073aea8431dd70102da6161c4d,2023-06,Surrey Police,Surrey Police,-0.160019,51.254028,On or near Fairhaven Road,E01030610,Reigate and Banstead 011A,Violence and sexual offences,Investigation complete; no suspect identified,
2f59bf557576b0de2edbbcf73898c677d49e3827f5de19c460fb8f28d6f29bea,2023-06,Surrey Police,Surrey Police,-0.154980,51.254965,On or near Subrosa Drive,E01030610,Reigate and Banstead 011A,Violence and sexual offences,Unable to prosecute suspect,
6bedfd3d065dbc0eda2a4875bd7ae38cda48159e7bce6cdbafc6008a7513d9a7,2023-06,Surrey Police,Surrey Police,-0.151714,51.253142,On or near Reeds Meadow,E01030610,Reigate and Banstead 011A,Other crime,Court result unavailable,
df84adc271873fbf8512f2d58aee26d3beb1b4b47e04ded310a19f0f234f44d8,2023-06,Surrey Police,Surrey Police,-0.170584,51.234796,On or near Petrol Station,E01030613,Reigate and Banstead 011D,Other theft,Unable to prosecute suspect,
,2023-06,Surrey Police,Surrey Police,-0.170584,51.234796,On or near Petrol Station,E01030613,Reigate and Banstead 011D,Anti-social behaviour,,
,2023-06,Surrey Police,Surrey Police,-0.167782,51.239339,On or near Parking Area,E01030613,Reigate and Banstead 011D,Anti-social behaviour,,
,2023-06,Surrey Police,Surrey Police,-0.170584,51.234796,On or near Petrol Station,E01030613,Reigate and Banstead 011D,Anti-social behaviour,,
,2023-06,Surrey Police,Surrey Police,-0.172374,51.235166,On or near Garlands Road,E01030613,Reigate and Banstead 011D,Anti-social behaviour,,
,2023-06,Surrey Police,Surrey Police,-0.170584,51.234796,On or near Petrol Station,E01030613,Reigate and Banstead 011D,Anti-social behaviour,,
f17390535a358dc8976c5175718e3047e86ed6e909ab5ea407c6095fbc28784a,2023-06,Surrey Police,Surrey Police,-0.168759,51.236377,On or near Reading Arch Road,E01030613,Reigate and Banstead 011D,Criminal damage and arson,Investigation complete; no suspect identified,
b44f48f9fe458fb20175f3a36067e45b54d22272401ac692cc3ca3de70e2ef2a,2023-06,Surrey Police,Surrey Police,-0.170584,51.234796,On or near Petrol Station,E01030613,Reigate and Banstead 011D,Criminal damage and arson,Status update unavailable,
2ecfd7087074cbb333ec8d15eda0959d2f5bf09b95badcdd7357ab29ab76ba63,2023-06,Surrey Police,Surrey Police,-0.168759,51.236377,On or near Reading Arch Road,E01030613,Reigate and Banstead 011D,Criminal damage and arson,Investigation complete; no suspect identified,
db79cccb8cb8f050389e2d62b92a56802b75bb9c96168991b70c808a75a5932f,2023-06,Surrey Police,Surrey Police,-0.170584,51.234796,On or near Petrol Station,E01030613,Reigate and Banstead 011D,Criminal damage and arson,Investigation complete; no suspect identified,
2b007012df9e42cb6ef617ae537d20afab4377cf7522cfee4a32d61a8e73ebc0,2023-06,Surrey Police,Surrey Police,-0.168759,51.236377,On or near Reading Arch Road,E01030613,Reigate and Banstead 011D,Criminal damage and arson,Investigation complete; no suspect identified,
6135d849ab5b1053ec5b32b48b891fd1cd3c877feccae8e6b6df82e852a3f70c,2023-06,Surrey Police,Surrey Police,-0.170584,51.234796,On or near Petrol Station,E01030613,Reigate and Banstead 011D,Criminal damage and arson,Further investigation is not in the public interest,
a45ca788d4e86816e6d0eed1c60657c6d73d8bea93a809f4450487b7c9b05a64,2023-06,Surrey Police,Surrey Police,-0.171878,51.233234,On or near Brighton Road,E01030613,Reigate and Banstead 011D,Criminal damage and arson,Investigation complete; no suspect identified,
942495a6e7fc6d42a2651b28fd3d8ea5bf3081d3ed49e2e1d34b4f6b907124f6,2023-06,Surrey Police,Surrey Police,-0.170584,51.234796,On or near Petrol Station,E01030613,Reigate and Banstead 011D,Possession of weapons,Investigation complete; no suspect identified,
cfb14b54e74fcd2811c333b1b1f8248fc38fdef688d8c8c37a4c3f96352ba34d,2023-06,Surrey Police,Surrey Police,-0.168759,51.236377,On or near Reading Arch Road,E01030613,Reigate and Banstead 011D,Public order,Investigation complete; no suspect identified,
544fef43cdad75327c09ea88f81475ad690cdaa57d7ce53ed42b0cd6da2ae191,2023-06,Surrey Police,Surrey Police,-0.167782,51.239339,On or near Parking Area,E01030613,Reigate and Banstead 011D,Public order,Further investigation is not in the public interest,
d6f0637c7614ebff3a435a7137aa651ce988f6fb3dff3b7365f20f5e1995f091,2023-06,Surrey Police,Surrey Police,-0.167782,51.239339,On or near Parking Area,E01030613,Reigate and Banstead 011D,Public order,Unable to prosecute suspect,
2446122cd7ba3600e8337e7e0fe4874e93c763d1725d6ce57f4b25807847501e,2023-06,Surrey Police,Surrey Police,-0.170584,51.234796,On or near Petrol Station,E01030613,Reigate and Banstead 011D,Public order,Unable to prosecute suspect,
3bfc4f340f5bffc25ead46536fb2cda57a3b04c28e70b397a78fc698ecbb92e8,2023-06,Surrey Police,Surrey Police,-0.170584,51.234796,On or near Petrol Station,E01030613,Reigate and Banstead 011D,Public order,Unable to prosecute suspect,
c939e321dababa13b9e2d64528e76e71e883bee88ead494086604c434d3a3711,2023-06,Surrey Police,Surrey Police,-0.170584,51.234796,On or near Petrol Station,E01030613,Reigate and Banstead 011D,Public order,Investigation complete; no suspect identified,
e3edc29754e97136d1f435673bcf2ccf32adc4e82ca1dced4fd7412d6ca965ed,2023-06,Surrey Police,Surrey Police,-0.170584,51.234796,On or near Petrol Station,E01030613,Reigate and Banstead 011D,Public order,Investigation complete; no suspect identified,
4253132d47fd533ea83f09aabc92528c7b2f8d375b78f8d077057dc93e8b4d7f,2023-06,Surrey Police,Surrey Police,-0.168759,51.236377,On or near Reading Arch Road,E01030613,Reigate and Banstead 011D,Shoplifting,Investigation complete; no suspect identified,
77d85ae51bb99e630845304df0b1b6fa0fc45c6e1b99e6fa7ab4f85d1525df1f,2023-06,Surrey Police,Surrey Police,-0.170584,51.234796,On or near Petrol Station,E01030613,Reigate and Banstead 011D,Shoplifting,Investigation complete; no suspect identified,
367cd3b07f47282c5dca19bfac5af76aa0c3f40b706112d7a917aa526bcbe12f,2023-06,Surrey Police,Surrey Police,-0.167782,51.239339,On or near Parking Area,E01030613,Reigate and Banstead 011D,Shoplifting,Court result unavailable,
17a19173aba40c823495e160c8a3e5ec638fde92afc06ccff0f1d6b34349f0f8,2023-06,Surrey Police,Surrey Police,-0.167782,51.239339,On or near Parking Area,E01030613,Reigate and Banstead 011D,Shoplifting,Investigation complete; no suspect identified,
713377b91a044aac70d1afc4b896c9a89bb969cf2af6641c87b0dd9d4d609296,2023-06,Surrey Police,Surrey Police,-0.167782,51.239339,On or near Parking Area,E01030613,Reigate and Banstead 011D,Shoplifting,Investigation complete; no suspect identified,
35ca51006f4989dfbf832207145de09568c5d3e748a85368135b2951f0abd1f4,2023-06,Surrey Police,Surrey Police,-0.170584,51.234796,On or near Petrol Station,E01030613,Reigate and Banstead 011D,Shoplifting,Formal action is not in the public interest,
31688b37b44605a8bf6013fd89ed28087e1db823afb11e3bbd3ca53c9647f8d3,2023-06,Surrey Police,Surrey Police,-0.167782,51.239339,On or near Parking Area,E01030613,Reigate and Banstead 011D,Shoplifting,Further investigation is not in the public interest,
7eaf2bdcdccb2f6663573caf33f641d5dd31cff5c2223d9c7f8bbeb4c9fe9084,2023-06,Surrey Police,Surrey Police,-0.170584,51.234796,On or near Petrol Station,E01030613,Reigate and Banstead 011D,Shoplifting,Unable to prosecute suspect,
1cd7522a4ede6e52ec5616273d54a650035813eaf9b36341d7369911e33baccb,2023-06,Surrey Police,Surrey Police,-0.167645,51.234139,On or near Rydons Way,E01030613,Reigate and Banstead 011D,Vehicle crime,Investigation complete; no suspect identified,
ddf7635a0be0d2fa1ff1a80eabfda9e55187b1dd03ed90cc36c2e928b3b4042e,2023-06,Surrey Police,Surrey Police,-0.170584,51.234796,On or near Petrol Station,E01030613,Reigate and Banstead 011D,Violence and sexual offences,Local resolution,
5b8bbf8022da2bdaa8ef5c94dcbb61a6197c38d34749bcb6931d233bea2c645a,2023-06,Surrey Police,Surrey Police,-0.167782,51.239339,On or near Parking Area,E01030613,Reigate and Banstead 011D,Violence and sexual offences,Unable to prosecute suspect,
d33e7d30b6f4af48bde92d41da51514cba40b3cd5b353f911c4860a95a699961,2023-06,Surrey Police,Surrey Police,-0.167782,51.239339,On or near Parking Area,E01030613,Reigate and Banstead 011D,Violence and sexual offences,Further investigation is not in the public interest,
1fdb8465abec6f2bcf30bc663bf0d58b046904feeb2dce90b398f5700196dd0d,2023-06,Surrey Police,Surrey Police,-0.163570,51.233949,On or near Redstone Hollow,E01030614,Reigate and Banstead 011E,Burglary,Status update unavailable,
fdf53a485abb7b3f29e210372eb1da1bea149a8f79317febf0a8161271a609bd,2023-06,Surrey Police,Surrey Police,-0.163570,51.233949,On or near Redstone Hollow,E01030614,Reigate and Banstead 011E,Criminal damage and arson,Investigation complete; no suspect identified,
bd5cde44256a5c3a92ba7712f349811b388f900071e0395ebff2ad4b0f9dee93,2023-06,Surrey Police,Surrey Police,-0.163757,51.231775,On or near Rennie Terrace,E01030614,Reigate and Banstead 011E,Violence and sexual offences,Unable to prosecute suspect,
89dbd8c8f05ff22b5d68a943178d84832cb0de265158cec64118dee4a2c303ca,2023-06,Surrey Police,Surrey Police,-0.160711,51.237384,On or near Redstone Park,E01030614,Reigate and Banstead 011E,Violence and sexual offences,Further action is not in the public interest,
a25cd6e76392589b4685dee35cc53880571e77806038b73c81e694bfdc7f341e,2023-06,Surrey Police,Surrey Police,-0.163201,51.232414,On or near Old Redstone Drive,E01030614,Reigate and Banstead 011E,Violence and sexual offences,Further investigation is not in the public interest,
81a0d81d85b493ac7042f703e413c6eefa74fa92e7c5b32ef0b9a5fbd991df4e,2023-06,Surrey Police,Surrey Police,-0.164636,51.235593,On or near Redstone Manor,E01030614,Reigate and Banstead 011E,Violence and sexual offences,Unable to prosecute suspect,
,2023-06,Surrey Police,Surrey Police,-0.152570,51.250727,On or near The Moors,E01035355,Reigate and Banstead 011F,Anti-social behaviour,,
,2023-06,Surrey Police,Surrey Police,-0.148821,51.250947,On or near Mocatta Mews,E01035355,Reigate and Banstead 011F,Anti-social behaviour,,
,2023-06,Surrey Police,Surrey Police,-0.148821,51.250947,On or near Mocatta Mews,E01035355,Reigate and Banstead 011F,Anti-social behaviour,,
,2023-06,Surrey Police,Surrey Police,-0.148821,51.250947,On or near Mocatta Mews,E01035355,Reigate and Banstead 011F,Anti-social behaviour,,
,2023-06,Surrey Police,Surrey Police,-0.149816,51.251142,On or near Lilley Mead,E01035355,Reigate and Banstead 011F,Anti-social behaviour,,
,2023-06,Surrey Police,Surrey Police,-0.148821,51.250947,On or near Mocatta Mews,E01035355,Reigate and Banstead 011F,Anti-social behaviour,,
071c574a1f1fb98cd9dfc5b2be118107143ba99ac9ab8ea559c596321ffb96c2,2023-06,Surrey Police,Surrey Police,-0.152647,51.252014,On or near Thornton Side,E01035355,Reigate and Banstead 011F,Burglary,Investigation complete; no suspect identified,
80e7c4096ffaacfa407737dbe57576e3f3a0ddc47ad882da031aefae07b22245,2023-06,Surrey Police,Surrey Police,-0.152647,51.252014,On or near Thornton Side,E01035355,Reigate and Banstead 011F,Violence and sexual offences,Further investigation is not in the public interest,
8cc4cc62bb305afef825b939c89071b2c049e5a84a2463f738b9bd9fbcc6addd,2023-06,Surrey Police,Surrey Police,-0.148821,51.250947,On or near Mocatta Mews,E01035355,Reigate and Banstead 011F,Violence and sexual offences,Court result unavailable,
,2023-06,Surrey Police,Surrey Police,-0.163693,51.246325,On or near Abbots Rise,E01035356,Reigate and Banstead 011G,Anti-social behaviour,,
,2023-06,Surrey Police,Surrey Police,-0.163336,51.248100,On or near Lakeside,E01035356,Reigate and Banstead 011G,Anti-social behaviour,,
a9d621a202b41adebf98bd78f2e93f9fe30f5f58057f0dd6e3be4d7185be9138,2023-06,Surrey Police,Surrey Police,-0.160936,51.249006,On or near Gordon Road,E01035356,Reigate and Banstead 011G,Other theft,Investigation complete; no suspect identified,
2001f39f760fe7c0d1979c8c1c8dbb884f75318da7e51af44c41b086a01fd877,2023-06,Surrey Police,Surrey Police,-0.164600,51.246951,On or near The Frenches,E01035356,Reigate and Banstead 011G,Vehicle crime,Investigation complete; no suspect identified,
2e608fee6d1efa6ca107c434dbf67755de2a62bb40b626a3541062893af80a27,2023-06,Surrey Police,Surrey Police,-0.164600,51.246951,On or near The Frenches,E01035356,Reigate and Banstead 011G,Violence and sexual offences,Court result unavailable,
f1a1d28e41cd8b71f2d4aeaf2ceb731fa108d16ab8c5865ddbe71c749bf707e1,2023-06,Surrey Police,Surrey Police,-0.162235,51.246967,On or near Old School Close,E01035356,Reigate and Banstead 011G,Violence and sexual offences,Unable to prosecute suspect,
,2023-06,Surrey Police,Surrey Police,-0.154035,51.235606,On or near Nutfield Road,E01035357,Reigate and Banstead 011H,Anti-social behaviour,,
,2023-06,Surrey Police,Surrey Police,-0.160405,51.244358,On or near Keats Avenue,E01035357,Reigate and Banstead 011H,Anti-social behaviour,,
31c6f311ece4f290446575aae9049b3c6ec6028e42d6ffae54ed63278e3f768e,2023-06,Surrey Police,Surrey Police,-0.154035,51.235606,On or near Nutfield Road,E01035357,Reigate and Banstead 011H,Burglary,Status update unavailable,
efaad7a400d5bbe31653fb9e07b45966bccac955158755c169a3e9e87d22eee6,2023-06,Surrey Police,Surrey Police,-0.159653,51.246306,On or near Barrow Gardens,E01035357,Reigate and Banstead 011H,Criminal damage and arson,Unable to prosecute suspect,
43ebad79e18a8219045abe281e8fe3b147da79d4bf2fbdcd71ca8395952b42aa,2023-06,Surrey Police,Surrey Police,-0.159653,51.246306,On or near Barrow Gardens,E01035357,Reigate and Banstead 011H,Public order,Unable to prosecute suspect,
6ea373220a29f8e23a38797a7ae2d14f839152345c99a8b6b39afaae64eff345,2023-06,Surrey Police,Surrey Police,-0.154035,51.235606,On or near Nutfield Road,E01035357,Reigate and Banstead 011H,Public order,Investigation complete; no suspect identified,
b832200846b8d8c8d1e569c0d99ecba41666f9fd1132d3b4efea21accb82f56e,2023-06,Surrey Police,Surrey Police,-0.160405,51.244358,On or near Keats Avenue,E01035357,Reigate and Banstead 011H,Violence and sexual offences,Further investigation is not in the public interest,
0fd5f7d46f34a6f03febca0fcffdd9428b0cace8fb0f7e63a5ef2a740e66192d,2023-06,Surrey Police,Surrey Police,-0.160405,51.244358,On or near Keats Avenue,E01035357,Reigate and Banstead 011H,Violence and sexual offences,Further investigation is not in the public interest,
fdf5f9b8ab9145e9c230d499610e777a42740ce7c6e43beb190e2a4c49ef9f25,2023-06,Surrey Police,Surrey Police,-0.160405,51.244358,On or near Keats Avenue,E01035357,Reigate and Banstead 011H,Violence and sexual offences,Further investigation is not in the public interest,
d9b2dbf9488bcd62b09ba2a20d4b19dc79ec24ca51ee13841dfdbd37b599ea84,2023-06,Surrey Police,Surrey Police,-0.167776,51.240930,On or near Theatre/Concert Hall,E01035358,Reigate and Banstead 011I,Other theft,Court result unavailable,
,2023-06,Surrey Police,Surrey Police,-0.166670,51.240769,On or near Bus/Coach Station,E01035358,Reigate and Banstead 011I,Anti-social behaviour,,
,2023-06,Surrey Police,Surrey Police,-0.166670,51.240769,On or near Bus/Coach Station,E01035358,Reigate and Banstead 011I,Anti-social behaviour,,
,2023-06,Surrey Police,Surrey Police,-0.166670,51.240769,On or near Bus/Coach Station,E01035358,Reigate and Banstead 011I,Anti-social behaviour,,
,2023-06,Surrey Police,Surrey Police,-0.167110,51.242044,On or near Bus/Coach Station,E01035358,Reigate and Banstead 011I,Anti-social behaviour,,
,2023-06,Surrey Police,Surrey Police,-0.165215,51.240135,On or near Redhill,E01035358,Reigate and Banstead 011I,Anti-social behaviour,,
,2023-06,Surrey Police,Surrey Police,-0.167776,51.240930,On or near Theatre/Concert Hall,E01035358,Reigate and Banstead 011I,Anti-social behaviour,,
,2023-06,Surrey Police,Surrey Police,-0.166670,51.240769,On or near Bus/Coach Station,E01035358,Reigate and Banstead 011I,Anti-social behaviour,,
,2023-06,Surrey Police,Surrey Police,-0.166670,51.240769,On or near Bus/Coach Station,E01035358,Reigate and Banstead 011I,Anti-social behaviour,,
,2023-06,Surrey Police,Surrey Police,-0.166670,51.240769,On or near Bus/Coach Station,E01035358,Reigate and Banstead 011I,Anti-social behaviour,,
,2023-06,Surrey Police,Surrey Police,-0.166670,51.240769,On or near Bus/Coach Station,E01035358,Reigate and Banstead 011I,Anti-social behaviour,,
6699637d3b971eff7aa144e4ad7655ac9fe2a2e1db079e96e69c884844916e9c,2023-06,Surrey Police,Surrey Police,-0.166670,51.240769,On or near Bus/Coach Station,E01035358,Reigate and Banstead 011I,Criminal damage and arson,Investigation complete; no suspect identified,
e165439755b85119f831e54db0b497cc40268ee1196d6c71d5b32e722c8945b6,2023-06,Surrey Police,Surrey Police,-0.164472,51.242236,On or near Ladbroke Grove,E01035358,Reigate and Banstead 011I,Drugs,Formal action is not in the public interest,
ce2dc10231aed0789f04d15e2c83d4a0c5bb77e5e4fadb71d1b0cb72a44dc33e,2023-06,Surrey Police,Surrey Police,-0.166670,51.240769,On or near Bus/Coach Station,E01035358,Reigate and Banstead 011I,Drugs,Local resolution,
97cbccb16a10954b27147b182204bd73610395e97103225f0f52cd746a826070,2023-06,Surrey Police,Surrey Police,-0.167110,51.242044,On or near Bus/Coach Station,E01035358,Reigate and Banstead 011I,Other theft,Investigation complete; no suspect identified,
449210afcd5930bacf460aab9a3adabe9744d52e4acf57ada539138bb95fad25,2023-06,Surrey Police,Surrey Police,-0.167110,51.242044,On or near Bus/Coach Station,E01035358,Reigate and Banstead 011I,Other theft,Investigation complete; no suspect identified,
337fe3d3076000c2e0a9c1956154184f1481f6ed9cb81ae3b1795f902f212bb2,2023-06,Surrey Police,Surrey Police,-0.166670,51.240769,On or near Bus/Coach Station,E01035358,Reigate and Banstead 011I,Other theft,Investigation complete; no suspect identified,
34adfc8744b881598241c5e24613e116f040836bf7ba2f037f55b75f52123c30,2023-06,Surrey Police,Surrey Police,-0.167776,51.240930,On or near Theatre/Concert Hall,E01035358,Reigate and Banstead 011I,Other theft,Unable to prosecute suspect,
460c385d234371d82c2bbf1f42a62bd269414718311dbd9cea1b8367e09273c1,2023-06,Surrey Police,Surrey Police,-0.167776,51.240930,On or near Theatre/Concert Hall,E01035358,Reigate and Banstead 011I,Other theft,Investigation complete; no suspect identified,
a03bb66af184103951c8b5c725dd47815f995a5d58349e84fcaba68aadf969eb,2023-06,Surrey Police,Surrey Police,-0.167776,51.240930,On or near Theatre/Concert Hall,E01035358,Reigate and Banstead 011I,Other theft,Investigation complete; no suspect identified,
ec75938d98892b308f305d6f50d165add9a6820685594ab1f85330a5bf880d0a,2023-06,Surrey Police,Surrey Police,-0.166670,51.240769,On or near Bus/Coach Station,E01035358,Reigate and Banstead 011I,Possession of weapons,Further investigation is not in the public interest,
c5544d0fbaff68c3d9e9b1cbb829ba985fc93f40c3f35a0ffe63e52114aa4595,2023-06,Surrey Police,Surrey Police,-0.166670,51.240769,On or near Bus/Coach Station,E01035358,Reigate and Banstead 011I,Public order,Investigation complete; no suspect identified,
474ad2b630b62e99e9b018af0dafa7248c21d550ccba0e95567c2c83ebff5b94,2023-06,Surrey Police,Surrey Police,-0.167110,51.242044,On or near Bus/Coach Station,E01035358,Reigate and Banstead 011I,Public order,Further investigation is not in the public interest,
6f5ec063ad6268d06dec7947a31acc5ac3e1f230de91ec13e1033bfa32e0c208,2023-06,Surrey Police,Surrey Police,-0.167110,51.242044,On or near Bus/Coach Station,E01035358,Reigate and Banstead 011I,Public order,Investigation complete; no suspect identified,
43622df233c87c6f7d610d7a6ff1bf8cea9f424b22ea015e737009efb95e0b8b,2023-06,Surrey Police,Surrey Police,-0.164173,51.243985,On or near Ladbroke Road,E01035358,Reigate and Banstead 011I,Robbery,Unable to prosecute suspect,
2147d97b53ef98cda8789f725ace4b8f2f04521d2a17365029d23e65d7f19ff5,2023-06,Surrey Police,Surrey Police,-0.164173,51.243985,On or near Ladbroke Road,E01035358,Reigate and Banstead 011I,Robbery,Unable to prosecute suspect,
0e2fe49454f977f17619ff12e8de4b12cd266e13cb0877c6452f80b011a1b655,2023-06,Surrey Police,Surrey Police,-0.167110,51.242044,On or near Bus/Coach Station,E01035358,Reigate and Banstead 011I,Shoplifting,Investigation complete; no suspect identified,
ea8bb965e3cadf062a2a2c7483ca470014b74a46102791f0c245b7634b1d87ac,2023-06,Surrey Police,Surrey Police,-0.167110,51.242044,On or near Bus/Coach Station,E01035358,Reigate and Banstead 011I,Shoplifting,Investigation complete; no suspect identified,
2cd99ce45e5487d3f0fa7c72adff5f5a62065295df85c27c1ca9b577f9630fdc,2023-06,Surrey Police,Surrey Police,-0.167110,51.242044,On or near Bus/Coach Station,E01035358,Reigate and Banstead 011I,Shoplifting,Investigation complete; no suspect identified,
a16e3da009da4afd6bc5eddb748957388d522e9ae4b203547c9803f1a40850e6,2023-06,Surrey Police,Surrey Police,-0.167776,51.240930,On or near Theatre/Concert Hall,E01035358,Reigate and Banstead 011I,Shoplifting,Further investigation is not in the public interest,
b2d4fbf8832d92b18ae97878e9b61af6a77d53a8af424fa86596bdf8cf1e9f3f,2023-06,Surrey Police,Surrey Police,-0.167110,51.242044,On or near Bus/Coach Station,E01035358,Reigate and Banstead 011I,Shoplifting,Investigation complete; no suspect identified,
c121bc5d84b6c20cfa93e9cf7758644e33b92c8848be5b3e4f6fd0e71a8381be,2023-06,Surrey Police,Surrey Police,-0.167110,51.242044,On or near Bus/Coach Station,E01035358,Reigate and Banstead 011I,Shoplifting,Further investigation is not in the public interest,
8f8e186008bff4796b1c80b245df08f20beaf55792e07c4fb5803fc9342a8d8f,2023-06,Surrey Police,Surrey Police,-0.167110,51.242044,On or near Bus/Coach Station,E01035358,Reigate and Banstead 011I,Shoplifting,Investigation complete; no suspect identified,
8f212486f9ef8e3b0a1d43be802e304b2076a040eb883a14b6f6cd48fe31b2a2,2023-06,Surrey Police,Surrey Police,-0.167776,51.240930,On or near Theatre/Concert Hall,E01035358,Reigate and Banstead 011I,Theft from the person,Investigation complete; no suspect identified,
52a66460259206f69f2df77a7f162bceefd1fe2712665194cadb9fc000d4f29b,2023-06,Surrey Police,Surrey Police,-0.167110,51.242044,On or near Bus/Coach Station,E01035358,Reigate and Banstead 011I,Vehicle crime,Court result unavailable,
88c615acb4634a21871f34da6223bf6aaebceddcd63fef033b841be88db76dc9,2023-06,Surrey Police,Surrey Police,-0.163129,51.239257,On or near Cavendish Road,E01035358,Reigate and Banstead 011I,Vehicle crime,Investigation complete; no suspect identified,
0edcde1ebd0aad4742b059da2243e21fa3c17bdbab4a33a3c069984ddf980082,2023-06,Surrey Police,Surrey Police,-0.162667,51.241884,On or near St Annes Rise,E01035358,Reigate and Banstead 011I,Violence and sexual offences,Court result unavailable,
047acc880b9e6c9145361f3d30857278ce07f1749bf71f28eaacd432da7866c2,2023-06,Surrey Police,Surrey Police,-0.167776,51.240930,On or near Theatre/Concert Hall,E01035358,Reigate and Banstead 011I,Violence and sexual offences,Unable to prosecute suspect,
0c828735c99c12be065f742de96628b8111c3ea638e8c84b6bcec48991ddae0e,2023-06,Surrey Police,Surrey Police,-0.167110,51.242044,On or near Bus/Coach Station,E01035358,Reigate and Banstead 011I,Violence and sexual offences,Further investigation is not in the public interest,
10983ea9828fd5e22db03c2b0e8c77588b57cb266ebde2a40d3d5213ef013b70,2023-06,Surrey Police,Surrey Police,-0.166670,51.240769,On or near Bus/Coach Station,E01035358,Reigate and Banstead 011I,Violence and sexual offences,Investigation complete; no suspect identified,
e19855b82b9f4ae68b69b2582da9971750aca5f8680cdba5e217502d2d560234,2023-06,Surrey Police,Surrey Police,-0.167110,51.242044,On or near Bus/Coach Station,E01035358,Reigate and Banstead 011I,Violence and sexual offences,Investigation complete; no suspect identified,
bfb810ef8881322ce510e5b6f9ac7a07d07860336ce27036a9eddad002a2950f,2023-06,Surrey Police,Surrey Police,-0.166670,51.240769,On or near Bus/Coach Station,E01035358,Reigate and Banstead 011I,Violence and sexual offences,Investigation complete; no suspect identified,
5c8ac469004d48da114bff3a6fe8b6792f6ef39b732461fb42116cbb3a6eb19f,2023-06,Surrey Police,Surrey Police,-0.166670,51.240769,On or near Bus/Coach Station,E01035358,Reigate and Banstead 011I,Violence and sexual offences,Unable to prosecute suspect,
36958e050a75b943f6a2989a8f77004a9de865732def1340a1aa9d61063a837b,2023-06,Surrey Police,Surrey Police,-0.166670,51.240769,On or near Bus/Coach Station,E01035358,Reigate and Banstead 011I,Violence and sexual offences,Status update unavailable,
b4a8abaaf03c8b311d28d3d5d4f44ad8c43852d5c7ab14ef9357014d1eb81580,2023-06,Surrey Police,Surrey Police,-0.166670,51.240769,On or near Bus/Coach Station,E01035358,Reigate and Banstead 011I,Violence and sexual offences,Unable to prosecute suspect,
ab57ac88a3ff8a02b5d4407acdf262806dcba343391be33ee325d8a785b41abe,2023-06,Surrey Police,Surrey Police,-0.166670,51.240769,On or near Bus/Coach Station,E01035358,Reigate and Banstead 011I,Violence and sexual offences,Unable to prosecute suspect,
47536c13c3b02272bd50bc1c919417f2349f9481787e3ce8f700b5026100fbd6,2023-06,Surrey Police,Surrey Police,-0.167776,51.240930,On or near Theatre/Concert Hall,E01035358,Reigate and Banstead 011I,Violence and sexual offences,Unable to prosecute suspect,
c0146d39f3e5173bec802ab81028b3e72df53d8431715926b9891c27682a457a,2023-06,Surrey Police,Surrey Police,-0.167110,51.242044,On or near Bus/Coach Station,E01035358,Reigate and Banstead 011I,Violence and sexual offences,Investigation complete; no suspect identified,
b2e0d57ed059b8cc1b62a9f3bf6d569cfd0cfbefced8f7a8081e48369687b15b,2023-06,Surrey Police,Surrey Police,-0.166670,51.240769,On or near Bus/Coach Station,E01035358,Reigate and Banstead 011I,Violence and sexual offences,Court result unavailable,
08fc2789a73841013441544102b6ae99f93a0b25e3f8c968ff0a9c5ff77adfd9,2023-06,Surrey Police,Surrey Police,-0.162667,51.241884,On or near St Annes Rise,E01035358,Reigate and Banstead 011I,Violence and sexual offences,Action to be taken by another organisation,
f82c5ea839e5a90481f5215ea698b558871efc6d0443c95378a84df350ffd038,2023-06,Surrey Police,Surrey Police,-0.167776,51.240930,On or near Theatre/Concert Hall,E01035358,Reigate and Banstead 011I,Violence and sexual offences,Unable to prosecute suspect,
6609e3e6308c7866facfe4ab23be230f2a165db7b548fca78eb7843c0432a320,2023-06,Surrey Police,Surrey Police,-0.166670,51.240769,On or near Bus/Coach Station,E01035358,Reigate and Banstead 011I,Violence and sexual offences,Further investigation is not in the public interest,
da70aeffcf088a70cfd3d7f408179e26c5d818823b1bbf76c34d840e6a34fccb,2023-06,Surrey Police,Surrey Police,-0.162521,51.242655,On or near St Anne'S Drive,E01035358,Reigate and Banstead 011I,Violence and sexual offences,Unable to prosecute suspect,
87d6d899f0925b015a9a76cea75f733f91f0d849a3131b99b170fedc37589c4e,2023-06,Surrey Police,Surrey Police,-0.166670,51.240769,On or near Bus/Coach Station,E01035358,Reigate and Banstead 011I,Violence and sexual offences,Investigation complete; no suspect identified,
eb0a74a51fa68317aa7c2de82ba8e5cc7eccd779c27a47ce2441856172cdbcc3,2023-06,Surrey Police,Surrey Police,-0.166670,51.240769,On or near Bus/Coach Station,E01035358,Reigate and Banstead 011I,Violence and sexual offences,Unable to prosecute suspect,
ec91f4b0b7d289ac17d1131c4287bca51f08ff9ad1aaee0370c68a482fad8f1e,2023-06,Surrey Police,Surrey Police,-0.166670,51.240769,On or near Bus/Coach Station,E01035358,Reigate and Banstead 011I,Violence and sexual offences,Investigation complete; no suspect identified,
b9c789d0d90be6378e512d50c09fef0ecdf7d88a5475de54eadd1af53284051e,2023-06,Surrey Police,Surrey Police,-0.166670,51.240769,On or near Bus/Coach Station,E01035358,Reigate and Banstead 011I,Violence and sexual offences,Investigation complete; no suspect identified,
c725d9f09521403b622b0c4cf3cc4616a1825afe8bece96beab642425441874e,2023-06,Surrey Police,Surrey Police,-0.167110,51.242044,On or near Bus/Coach Station,E01035358,Reigate and Banstead 011I,Violence and sexual offences,Investigation complete; no suspect identified,
4c992ea5715b2b7fa1f369e8c7afc483159be761b40b4e4ceb0c63bec1f403b4,2023-06,Surrey Police,Surrey Police,-0.166670,51.240769,On or near Bus/Coach Station,E01035358,Reigate and Banstead 011I,Violence and sexual offences,Unable to prosecute suspect,
0926c0c80704ff3f7ea9147af0c2af0a08a248e968f79159d884d480548f4fb8,2023-06,Surrey Police,Surrey Police,-0.166670,51.240769,On or near Bus/Coach Station,E01035358,Reigate and Banstead 011I,Other crime,Investigation complete; no suspect identified,
f35edfcb796d9adbded3f6bfc46b2e23887c96ba4bd9fab5372f3395c431f582,2023-06,Surrey Police,Surrey Police,-0.167776,51.240930,On or near Theatre/Concert Hall,E01035358,Reigate and Banstead 011I,Other crime,Action to be taken by another organisation,
9651e5fc9f03632b6baac9461504d2c26c714b09c289c416b08b0e2ec3a47804,2023-06,Surrey Police,Surrey Police,-0.162667,51.241884,On or near St Annes Rise,E01035358,Reigate and Banstead 011I,Other crime,Investigation complete; no suspect identified,
,2023-06,Surrey Police,Surrey Police,-0.172414,51.232370,On or near A23,E01030593,Reigate and Banstead 012A,Anti-social behaviour,,
,2023-06,Surrey Police,Surrey Police,-0.177236,51.228866,On or near Fountain Road,E01030593,Reigate and Banstead 012A,Anti-social behaviour,,
,2023-06,Surrey Police,Surrey Police,-0.177689,51.226831,On or near Chaldon Close,E01030593,Reigate and Banstead 012A,Anti-social behaviour,,
aa4e01688598d2dfa4bf072a7bd0eba820d7e9d18d818be711b934384678cda9,2023-06,Surrey Police,Surrey Police,-0.185966,51.229406,On or near Dunottar Close,E01030593,Reigate and Banstead 012A,Burglary,Status update unavailable,
935c15f0bcd88fc71e1d6a5a0127fd483c1ebc92418e3e91bb5d53b231f72608,2023-06,Surrey Police,Surrey Police,-0.181142,51.227155,On or near Mountview Close,E01030593,Reigate and Banstead 012A,Burglary,Status update unavailable,
32e0c5313871b10508c979787c4d6868af4ba488db1f50e23499a1e0ddec6047,2023-06,Surrey Police,Surrey Police,-0.181142,51.227155,On or near Mountview Close,E01030593,Reigate and Banstead 012A,Burglary,Status update unavailable,
9c0eb417055db8e7ad0551d1cd3dd7320b33bd0feb71b867669cd4d544a95386,2023-06,Surrey Police,Surrey Police,-0.175789,51.229239,On or near Church Road,E01030593,Reigate and Banstead 012A,Criminal damage and arson,Investigation complete; no suspect identified,
5c884440d89be7acfe02f9980baa19ebcb1dbab1cc6976861c7050a984eaf4ba,2023-06,Surrey Police,Surrey Police,-0.185966,51.229406,On or near Dunottar Close,E01030593,Reigate and Banstead 012A,Public order,Investigation complete; no suspect identified,
47c0c70a0035149c8dd56512a047c31029cc9207f22034eddd099843fd5b2e79,2023-06,Surrey Police,Surrey Police,-0.175031,51.233562,On or near Mill Street,E01030593,Reigate and Banstead 012A,Violence and sexual offences,Unable to prosecute suspect,
257c691b560f44eb79d4607c7aeda7b91b318173547e95f67af7d0cdfa9ecc35,2023-06,Surrey Police,Surrey Police,-0.175031,51.233562,On or near Mill Street,E01030593,Reigate and Banstead 012A,Violence and sexual offences,Unable to prosecute suspect,
fb20bb140216800befb9ec997c727aa19772d6e73e297055ee69da7463cae5a0,2023-06,Surrey Police,Surrey Police,-0.172414,51.232370,On or near A23,E01030593,Reigate and Banstead 012A,Violence and sexual offences,Unable to prosecute suspect,
88172797da513e8823cdaef4f96471ce4855bfdabd9e74c3106ea4720438d892,2023-06,Surrey Police,Surrey Police,-0.175031,51.233562,On or near Mill Street,E01030593,Reigate and Banstead 012A,Violence and sexual offences,Unable to prosecute suspect,
bee03000ea2cd7bcfa65f73216036ae11c64b3e0a001b09fe4c7e459e8a88638,2023-06,Surrey Police,Surrey Police,-0.177401,51.237375,On or near Elm Road,E01030596,Reigate and Banstead 012B,Violence and sexual offences,Unable to prosecute suspect,
aeca12e7aee8013994194f195e01bb4fb1bbd5479b0f7865d808d40d705cee1e,2023-06,Surrey Police,Surrey Police,-0.178915,51.236770,On or near Ranelagh Road,E01030596,Reigate and Banstead 012B,Criminal damage and arson,Investigation complete; no suspect identified,
0481c460702ec1fa6ad711634c134d55859b165aa0a50b81d9b51ac14c5e23d5,2023-06,Surrey Police,Surrey Police,-0.190629,51.233957,On or near Blanford Road,E01030596,Reigate and Banstead 012B,Criminal damage and arson,Investigation complete; no suspect identified,
415200f27185255e12d90351f8e72971113fd36c0ee5002665971d35df5c1c51,2023-06,Surrey Police,Surrey Police,-0.185360,51.231708,On or near High Trees Road,E01030596,Reigate and Banstead 012B,Violence and sexual offences,Further action is not in the public interest,
,2023-06,Surrey Police,Surrey Police,-0.196500,51.233634,On or near Chart Lane,E01030597,Reigate and Banstead 012C,Anti-social behaviour,,
e59b3c9bcece28ae8e6aa4ec026409365fb0aba5d6394c4f7cf1e44565e8d8aa,2023-06,Surrey Police,Surrey Police,-0.199994,51.234038,On or near Lesbourne Road,E01030597,Reigate and Banstead 012C,Criminal damage and arson,Further investigation is not in the public interest,
056ef480ce853e638f1df3059ae57ac89650d8a4cb7c89dfc4e24ed228a33ffe,2023-06,Surrey Police,Surrey Police,-0.196500,51.233634,On or near Chart Lane,E01030597,Reigate and Banstead 012C,Violence and sexual offences,Unable to prosecute suspect,
60ff3928abc20728b86b661e908a8674f0610df5a7abd18ae168106df392cf73,2023-06,Surrey Police,Surrey Police,-0.201942,51.241379,On or near Parking Area,E01030620,Reigate and Banstead 012D,Burglary,Unable to prosecute suspect,
c68aef7eb8c3293614a3f57ff1338d5c6d96736ec4b203992b1be2dd9600c377,2023-06,Surrey Police,Surrey Police,-0.204282,51.234994,On or near Bell Street,E01030620,Reigate and Banstead 012D,Vehicle crime,Unable to prosecute suspect,
,2023-06,Surrey Police,Surrey Police,-0.210215,51.238997,On or near Parking Area,E01030620,Reigate and Banstead 012D,Anti-social behaviour,,
,2023-06,Surrey Police,Surrey Police,-0.210215,51.238997,On or near Parking Area,E01030620,Reigate and Banstead 012D,Anti-social behaviour,,
,2023-06,Surrey Police,Surrey Police,-0.210882,51.238800,On or near Upper West Street,E01030620,Reigate and Banstead 012D,Anti-social behaviour,,
,2023-06,Surrey Police,Surrey Police,-0.198974,51.234112,On or near West Road,E01030620,Reigate and Banstead 012D,Anti-social behaviour,,
,2023-06,Surrey Police,Surrey Police,-0.213973,51.234801,On or near Wesley Close,E01030620,Reigate and Banstead 012D,Anti-social behaviour,,
,2023-06,Surrey Police,Surrey Police,-0.195516,51.234626,On or near Penfold Close,E01030620,Reigate and Banstead 012D,Anti-social behaviour,,
,2023-06,Surrey Police,Surrey Police,-0.204476,51.237371,On or near Parking Area,E01030620,Reigate and Banstead 012D,Anti-social behaviour,,
,2023-06,Surrey Police,Surrey Police,-0.207975,51.237668,On or near High Street,E01030620,Reigate and Banstead 012D,Anti-social behaviour,,
,2023-06,Surrey Police,Surrey Police,-0.208104,51.236923,On or near Supermarket,E01030620,Reigate and Banstead 012D,Anti-social behaviour,,
,2023-06,Surrey Police,Surrey Police,-0.203950,51.241698,On or near Douglas Road,E01030620,Reigate and Banstead 012D,Anti-social behaviour,,
5c6c524813d604a41696f481ea0e6b2a61962a5c25bac7bb24e9723b67b599c4,2023-06,Surrey Police,Surrey Police,-0.204107,51.236197,On or near Roebuck Close,E01030620,Reigate and Banstead 012D,Burglary,Investigation complete; no suspect identified,
a632c73426b4e5dd166d5765a4262c019c3cea2a7d29064dd102a9e09344a03f,2023-06,Surrey Police,Surrey Police,-0.208104,51.236923,On or near Supermarket,E01030620,Reigate and Banstead 012D,Criminal damage and arson,Further investigation is not in the public interest,
d6e4726e806129c6a33cd8ca50de5596e6f20708ff3cc8bb6022b4bc5fce59fa,2023-06,Surrey Police,Surrey Police,-0.202695,51.241544,On or near Reigate,E01030620,Reigate and Banstead 012D,Drugs,Local resolution,
83cb40efd37fc46d0f0ed2317c2e2da56a29c104bfc91953887b06054023285b,2023-06,Surrey Police,Surrey Police,-0.202350,51.237159,On or near Bancroft Court,E01030620,Reigate and Banstead 012D,Other theft,Further investigation is not in the public interest,
5b3b5dd8a45f3af6a0bd84c2a860d9ededbe6759b94692d18da4e7dc9a5f97d0,2023-06,Surrey Police,Surrey Police,-0.204284,51.237530,On or near St Lawrences Way,E01030620,Reigate and Banstead 012D,Public order,Investigation complete; no suspect identified,
ba8173302d327a75351b715e2ca1934eda8c481b966f97095f29d6505d02657c,2023-06,Surrey Police,Surrey Police,-0.207975,51.237668,On or near High Street,E01030620,Reigate and Banstead 012D,Shoplifting,Investigation complete; no suspect identified,
0f18a6f436ea33b540117ecd793ad7e6ab57523fec4dd06588088821d17129e7,2023-06,Surrey Police,Surrey Police,-0.207975,51.237668,On or near High Street,E01030620,Reigate and Banstead 012D,Shoplifting,Investigation complete; no suspect identified,
21f3a46b437b9538e70b655e0949f66352312be185f9e1cf13b96d9561c7f6d2,2023-06,Surrey Police,Surrey Police,-0.208104,51.236923,On or near Supermarket,E01030620,Reigate and Banstead 012D,Shoplifting,Investigation complete; no suspect identified,
a64e09a5974da41a599a15328ab5156e87130aaa78d7c082542cb89dc5872174,2023-06,Surrey Police,Surrey Police,-0.208104,51.236923,On or near Supermarket,E01030620,Reigate and Banstead 012D,Shoplifting,Investigation complete; no suspect identified,
7e5ca6b16e2f079dd57327ce152d2f59ac1f1a7c33ad89006a2254187f46bb28,2023-06,Surrey Police,Surrey Police,-0.207975,51.237668,On or near High Street,E01030620,Reigate and Banstead 012D,Shoplifting,Further investigation is not in the public interest,
7c3458e7d6bc407caa7170a92afb6c5f00980bddb666089a6292cedff0d72aba,2023-06,Surrey Police,Surrey Police,-0.207975,51.237668,On or near High Street,E01030620,Reigate and Banstead 012D,Shoplifting,Unable to prosecute suspect,
4f3a1cd2f0e3e84a5589aba0799deb4559885782e1103db0b5d2853e8a2407ce,2023-06,Surrey Police,Surrey Police,-0.207975,51.237668,On or near High Street,E01030620,Reigate and Banstead 012D,Shoplifting,Investigation complete; no suspect identified,
1459711185ffd6b477b529e9b24c0c0c8741f348895121daeccf352b548c362b,2023-06,Surrey Police,Surrey Police,-0.208104,51.236923,On or near Supermarket,E01030620,Reigate and Banstead 012D,Theft from the person,Investigation complete; no suspect identified,
69ef0c8debeb1390c3e5f970845665ccf42fe0b02ce84fa3b640fc1c223e01d2,2023-06,Surrey Police,Surrey Police,-0.203900,51.234888,On or near Conference/Exhibition Centre,E01030620,Reigate and Banstead 012D,Vehicle crime,Investigation complete; no suspect identified,
06f882f3432f8aa2690554b42a6efe0e132314091fa915b16712c5054e1a5bea,2023-06,Surrey Police,Surrey Police,-0.210235,51.237388,On or near Pilgrim Mews,E01030620,Reigate and Banstead 012D,Violence and sexual offences,Unable to prosecute suspect,
f0509eba165fb6cffeae0a1b122c7216e26ebc423ffb7c7dce59ac92db2da9a2,2023-06,Surrey Police,Surrey Police,-0.208104,51.236923,On or near Supermarket,E01030620,Reigate and Banstead 012D,Violence and sexual offences,Unable to prosecute suspect,
526df4eac53bea21a0de4ac55bd7246726d50fe15d0a4c67c2ed3b5e4f3131b7,2023-06,Surrey Police,Surrey Police,-0.207975,51.237668,On or near High Street,E01030620,Reigate and Banstead 012D,Violence and sexual offences,Investigation complete; no suspect identified,
9d521aa166236482709409ced0c595f646897d30792961a308de1c0b18d9800e,2023-06,Surrey Police,Surrey Police,-0.208104,51.236923,On or near Supermarket,E01030620,Reigate and Banstead 012D,Violence and sexual offences,Unable to prosecute suspect,
2acdccf6c5562f9b1344a2fb9e321e52fe83fe0f514f7bfeb784ee7ab8971662,2023-06,Surrey Police,Surrey Police,-0.208104,51.236923,On or near Supermarket,E01030620,Reigate and Banstead 012D,Violence and sexual offences,Unable to prosecute suspect,
,2023-06,Surrey Police,Surrey Police,-0.186850,51.237522,On or near Beech Drive,E01030621,Reigate and Banstead 012E,Anti-social behaviour,,
a912440f1410240e014798f98e96c535251b88fd04e5bd4533c5cbac043dbc7b,2023-06,Surrey Police,Surrey Police,-0.186850,51.237522,On or near Beech Drive,E01030621,Reigate and Banstead 012E,Burglary,Status update unavailable,
c7a7c20d2e5706660dabb8a0a0ccff0864b87009f5fcec7c483af1b55a6886b4,2023-06,Surrey Police,Surrey Police,-0.186850,51.237522,On or near Beech Drive,E01030621,Reigate and Banstead 012E,Drugs,Local resolution,
0f3c050ed779d39abf8e4621ac9c9fe1f3b1879aa68e1b432fcc71925dd0f705,2023-06,Surrey Police,Surrey Police,-0.186850,51.237522,On or near Beech Drive,E01030621,Reigate and Banstead 012E,Public order,Further investigation is not in the public interest,
8dadfb0efe12afaa9d659a747e7625f6a7907b374ed584fb80ccbc1f8622b0c3,2023-06,Surrey Police,Surrey Police,-0.186850,51.237522,On or near Beech Drive,E01030621,Reigate and Banstead 012E,Public order,Further investigation is not in the public interest,
418cb2d7401837f36d02545eb8ae4e06d9f826c16a3db3643cf47d3e053dab43,2023-06,Surrey Police,Surrey Police,-0.186850,51.237522,On or near Beech Drive,E01030621,Reigate and Banstead 012E,Public order,Further investigation is not in the public interest,
ef0a2a663bcf0c65544cb6712e570ede97eabf544e1953cf285a823b11a6d21a,2023-06,Surrey Police,Surrey Police,-0.186850,51.237522,On or near Beech Drive,E01030621,Reigate and Banstead 012E,Public order,Unable to prosecute suspect,
bfc5937665c66e5c41285c0e4501d19950696f03629ce8b2b9d0bae8b3019a33,2023-06,Surrey Police,Surrey Police,-0.193709,51.239436,On or near St Clair Close,E01030621,Reigate and Banstead 012E,Public order,Unable to prosecute suspect,
4bf126a045e65a670e0f712e715fa651b726065068d412fa89016e4428318028,2023-06,Surrey Police,Surrey Police,-0.186850,51.237522,On or near Beech Drive,E01030621,Reigate and Banstead 012E,Public order,Formal action is not in the public interest,
a7510b1578e7f3832588552c01f8f9413b9528db1a907b566cd4f7ae147380d0,2023-06,Surrey Police,Surrey Police,-0.186850,51.237522,On or near Beech Drive,E01030621,Reigate and Banstead 012E,Public order,Unable to prosecute suspect,
1c665cb89769977af2d5175e88921d752443ebdcb92174d42829955e45d11b67,2023-06,Surrey Police,Surrey Police,-0.186850,51.237522,On or near Beech Drive,E01030621,Reigate and Banstead 012E,Public order,Formal action is not in the public interest,
4fdea7b28831f2605b9aa7ef3e6a41d90a1b93dcf07d639a8daad12206fde55a,2023-06,Surrey Police,Surrey Police,-0.186850,51.237522,On or near Beech Drive,E01030621,Reigate and Banstead 012E,Violence and sexual offences,Unable to prosecute suspect,
c3ab62bf4d665b45e31e8b63682d4ed7ca37815515c410657a2a467c20166a9d,2023-06,Surrey Police,Surrey Police,-0.186850,51.237522,On or near Beech Drive,E01030621,Reigate and Banstead 012E,Violence and sexual offences,Further investigation is not in the public interest,
2696b13cf4b5b8a66e7dfc1f514d8a22a7572d620e4671b24f5ba1dd858395d4,2023-06,Surrey Police,Surrey Police,-0.195623,51.239214,On or near Deerings Road,E01030621,Reigate and Banstead 012E,Violence and sexual offences,Investigation complete; no suspect identified,
3713e5886bec08fef02e78fe7a36dea6826768371c4fb1dd6151900abd29eb0e,2023-06,Surrey Police,Surrey Police,-0.186850,51.237522,On or near Beech Drive,E01030621,Reigate and Banstead 012E,Violence and sexual offences,Unable to prosecute suspect,
c018b9ce9ee733a881096ae7de32be7c959f2422478f4aea94024cd6ccc91685,2023-06,Surrey Police,Surrey Police,-0.204078,51.231043,On or near Sandhills Road,E01030594,Reigate and Banstead 013A,Bicycle theft,Investigation complete; no suspect identified,
8bb8f984842ea6e1ea88096a745a16356f3c2dafb89993fd2f19b3beb9bfe073,2023-06,Surrey Police,Surrey Police,-0.193809,51.225894,On or near Hornbeam Road,E01030594,Reigate and Banstead 013A,Burglary,Investigation complete; no suspect identified,
d105cf19c6da87ea06686721823b43cdbd02ad562b3a22f06a210a05718d0789,2023-06,Surrey Police,Surrey Police,-0.197078,51.224704,On or near Whitebeam Drive,E01030594,Reigate and Banstead 013A,Criminal damage and arson,Investigation complete; no suspect identified,
bdf1f97d9771653bc6b146a607128e122022a595df6e1e5767ea9d8ad73a2834,2023-06,Surrey Police,Surrey Police,-0.197222,51.226900,On or near Holly Road,E01030594,Reigate and Banstead 013A,Criminal damage and arson,Unable to prosecute suspect,
878cd661f0a1562935fe96bec8e34d90448b70f5c8c3dd80fc8ff7ff97673423,2023-06,Surrey Police,Surrey Police,-0.197222,51.226900,On or near Holly Road,E01030594,Reigate and Banstead 013A,Drugs,Further investigation is not in the public interest,
2e6d859b4f9ebdcce0226d5615f8f279a2dbb20812318994fc9dd0ba25db73d7,2023-06,Surrey Police,Surrey Police,-0.204078,51.231043,On or near Sandhills Road,E01030594,Reigate and Banstead 013A,Drugs,Local resolution,
ac5493282ee8e877528954b8dd3717f2f7e6147ff39b59f8083e7b33fc8bf142,2023-06,Surrey Police,Surrey Police,-0.197903,51.224483,On or near Trehaven Parade,E01030594,Reigate and Banstead 013A,Violence and sexual offences,Unable to prosecute suspect,
e36160a72ddaf22c806b647b782f2ef8f35e66f172a303cc6e685e51cdb89f9c,2023-06,Surrey Police,Surrey Police,-0.197078,51.224704,On or near Whitebeam Drive,E01030594,Reigate and Banstead 013A,Violence and sexual offences,Unable to prosecute suspect,
ab1bd32da74691758bfbec1361426ba89825441edfd8b4c6e05a604e8b5fe33d,2023-06,Surrey Police,Surrey Police,-0.197222,51.226900,On or near Holly Road,E01030594,Reigate and Banstead 013A,Violence and sexual offences,Unable to prosecute suspect,
8f2ee819039fb7edece565bf5480b7919a99e8f584d2e60689e0319e922aa9a3,2023-06,Surrey Police,Surrey Police,-0.193688,51.227520,On or near Blackthorn Road,E01030594,Reigate and Banstead 013A,Violence and sexual offences,Unable to prosecute suspect,
554c5584ca10adb6a958ff7ca7983bf2adcebf049c4dc7390b97a023fc94d7cc,2023-06,Surrey Police,Surrey Police,-0.193688,51.227520,On or near Blackthorn Road,E01030594,Reigate and Banstead 013A,Violence and sexual offences,Further investigation is not in the public interest,
7159b370d6d9ee5e5783145719cd4fe03a5956ea488354b8d19c8ad07ba1c4c7,2023-06,Surrey Police,Surrey Police,-0.193688,51.227520,On or near Blackthorn Road,E01030594,Reigate and Banstead 013A,Violence and sexual offences,Unable to prosecute suspect,
1cb0cafa2627a6b7bc6f8e18f438dd6662c8818f709715e695535b56ce7dd491,2023-06,Surrey Police,Surrey Police,-0.196098,51.225974,On or near Hornbeam Road,E01030594,Reigate and Banstead 013A,Violence and sexual offences,Court result unavailable,
7121c49f5c0a5a5d9b7d44e17202ea8fe0ff8167e7079a1bba4f67debd9e2f51,2023-06,Surrey Police,Surrey Police,-0.191994,51.225075,On or near Willow Road,E01030594,Reigate and Banstead 013A,Violence and sexual offences,Status update unavailable,
,2023-06,Surrey Police,Surrey Police,-0.190949,51.228341,On or near Arbutus Close,E01030595,Reigate and Banstead 013B,Anti-social behaviour,,
e155de7ceae2fd1f48bbad2575fab13cc0223be5311e2cd9a4988c75dccc2cf8,2023-06,Surrey Police,Surrey Police,-0.186236,51.226910,On or near Somerset Road,E01030595,Reigate and Banstead 013B,Public order,Investigation complete; no suspect identified,
11b4f7ddfce36215b3cb9884709b70b12f9e5a3425b3645a60fde92f10aa0a3c,2023-06,Surrey Police,Surrey Police,-0.188408,51.228122,On or near Lower Road,E01030595,Reigate and Banstead 013B,Public order,Investigation complete; no suspect identified,
69b0bf26996a0f97be94ec286078b67cc9d368d37522c4187f0d06ec612ba84c,2023-06,Surrey Police,Surrey Police,-0.188408,51.228122,On or near Lower Road,E01030595,Reigate and Banstead 013B,Public order,Investigation complete; no suspect identified,
92ca57eccea0e40557a76b345224029dfe4a4a554cc62e94be160aab315847d2,2023-06,Surrey Police,Surrey Police,-0.188650,51.224519,On or near Clarence Road,E01030595,Reigate and Banstead 013B,Violence and sexual offences,Investigation complete; no suspect identified,
,2023-06,Surrey Police,Surrey Police,-0.201042,51.223694,On or near Grosvenor Mews,E01030630,Reigate and Banstead 013C,Anti-social behaviour,,
,2023-06,Surrey Police,Surrey Police,-0.209307,51.227706,On or near Park Lane East,E01030630,Reigate and Banstead 013C,Anti-social behaviour,,
4de658dcc2b835de7f39f7aa48d18f6feec2ee0ea6c2a73c894e92a5424be684,2023-06,Surrey Police,Surrey Police,-0.205141,51.224351,On or near Alexander Road,E01030630,Reigate and Banstead 013C,Criminal damage and arson,Investigation complete; no suspect identified,
e01a3950b7bda1b661eec4cc3aeecba878c23d6a50f040cf65f8a86d1e69391e,2023-06,Surrey Police,Surrey Police,-0.205141,51.224351,On or near Alexander Road,E01030630,Reigate and Banstead 013C,Criminal damage and arson,Investigation complete; no suspect identified,
1235a2dd9d18e528cffb3ee415397e4f57840a4476bc9d4d5107872a87721618,2023-06,Surrey Police,Surrey Police,-0.205141,51.224351,On or near Alexander Road,E01030630,Reigate and Banstead 013C,Criminal damage and arson,Investigation complete; no suspect identified,
7166c41bc4e77a55a6e3b2876636a235abbb287ab4b38de25660051aa08b5a9b,2023-06,Surrey Police,Surrey Police,-0.203016,51.223005,On or near Prices Lane,E01030630,Reigate and Banstead 013C,Violence and sexual offences,Unable to prosecute suspect,
ebe1259f5eaefd77c79f9c744ce46fca017a9fa17cdb3f00f65478fdd67b6de6,2023-06,Surrey Police,Surrey Police,-0.209307,51.227706,On or near Park Lane East,E01030630,Reigate and Banstead 013C,Violence and sexual offences,Investigation complete; no suspect identified,
01fa6fe0441cd21e4c305700c07092a7f8f0d3cc54a4856f596d864ca5db75f5,2023-06,Surrey Police,Surrey Police,-0.201042,51.223694,On or near Grosvenor Mews,E01030630,Reigate and Banstead 013C,Violence and sexual offences,Unable to prosecute suspect,
cddd56b77e8a1c468e93956ecd687b62b317e9e2dbc650da76d80b79e55552e8,2023-06,Surrey Police,Surrey Police,-0.208710,51.224999,On or near Allingham Road,E01030631,Reigate and Banstead 013D,Criminal damage and arson,Investigation complete; no suspect identified,
2c5a8aceb5fe9e07e42df3b22ffe3f559139e58f542c8210c47f99385c46c8a1,2023-06,Surrey Police,Surrey Police,-0.217765,51.226028,On or near Clayhall Lane,E01030631,Reigate and Banstead 013D,Criminal damage and arson,Unable to prosecute suspect,
4a894c7f52229c0c2cbf836171d8ad30a2b087d25b005f109b04e1165763a8d3,2023-06,Surrey Police,Surrey Police,-0.217765,51.226028,On or near Clayhall Lane,E01030631,Reigate and Banstead 013D,Public order,Unable to prosecute suspect,
a957adb2f5dc0e5a77b7f9761b1268186e17eaa8ec181706e1d2a708fefe3eea,2023-06,Surrey Police,Surrey Police,-0.207282,51.223781,On or near Lyndhurst Road,E01030631,Reigate and Banstead 013D,Violence and sexual offences,Unable to prosecute suspect,
ea468f5606b69675b387d1e5edfe5adc55231d5399edd612fa64b1df77654973,2023-06,Surrey Police,Surrey Police,-0.211679,51.226007,On or near North Road,E01030631,Reigate and Banstead 013D,Violence and sexual offences,Status update unavailable,
5a5a561146a68c8f7ecf5ef7c80af8787b5ba00ce337a30a124f6948963647e5,2023-06,Surrey Police,Surrey Police,-0.209162,51.223684,On or near Stockton Road,E01030631,Reigate and Banstead 013D,Violence and sexual offences,Further action is not in the public interest,
b54ee8db8a785cef1abe511cc448cfcd14483c8e2819599d2c8f95723966a1b2,2023-06,Surrey Police,Surrey Police,-0.211380,51.225202,On or near Smith Road,E01030631,Reigate and Banstead 013D,Violence and sexual offences,Status update unavailable,
7eb269ba1b1c1360885be3a0adcac8f53edbcb3d6d7ebecb5d68acf88368ba10,2023-06,Surrey Police,Surrey Police,-0.211679,51.226007,On or near North Road,E01030631,Reigate and Banstead 013D,Violence and sexual offences,Unable to prosecute suspect,
acc34ef2b9f02d77ace11bef67bc7b89167824f3893d667e2284c591f946658f,2023-06,Surrey Police,Surrey Police,-0.208018,51.224395,On or near Apley Road,E01030631,Reigate and Banstead 013D,Violence and sexual offences,Investigation complete; no suspect identified,
c43fd7a7fe9464aa266e369731fc1676aa8691a8f84fe468d864324ec7e1df37,2023-06,Surrey Police,Surrey Police,-0.211679,51.226007,On or near North Road,E01030631,Reigate and Banstead 013D,Violence and sexual offences,Unable to prosecute suspect,
eb8f9e70c7436576030dc38ec58276e1b851d5cd88f0e54951fb0fef88da56ba,2023-06,Surrey Police,Surrey Police,-0.211679,51.226007,On or near North Road,E01030631,Reigate and Banstead 013D,Violence and sexual offences,Unable to prosecute suspect,
b182b88f1e2294e89f8f002d81443c2ea639ad0bdd79f2bfcd9d7c4fac3c1ebf,2023-06,Surrey Police,Surrey Police,-0.217765,51.226028,On or near Clayhall Lane,E01030631,Reigate and Banstead 013D,Violence and sexual offences,Unable to prosecute suspect,
,2023-06,Surrey Police,Surrey Police,-0.171915,51.213855,On or near Tollgate Avenue,E01030570,Reigate and Banstead 014A,Anti-social behaviour,,
,2023-06,Surrey Police,Surrey Police,-0.172606,51.216671,On or near Petridge Road,E01030570,Reigate and Banstead 014A,Anti-social behaviour,,
,2023-06,Surrey Police,Surrey Police,-0.172606,51.216671,On or near Petridge Road,E01030570,Reigate and Banstead 014A,Anti-social behaviour,,
,2023-06,Surrey Police,Surrey Police,-0.170019,51.215821,On or near Petrol Station,E01030570,Reigate and Banstead 014A,Anti-social behaviour,,
98a404680f0e408a1dda8e1cbabd07dc1f537cedc033018c5c5b61052765b240,2023-06,Surrey Police,Surrey Police,-0.175629,51.213364,On or near Dunlin Close,E01030570,Reigate and Banstead 014A,Burglary,Status update unavailable,
530a0c2c0a84e750629952ae3e7e0d749fb6a3041341ddae26f8e18697c218aa,2023-06,Surrey Police,Surrey Police,-0.174443,51.215827,On or near Linnell Close,E01030570,Reigate and Banstead 014A,Criminal damage and arson,Investigation complete; no suspect identified,
40d7eda01c1dd2a928b9fc12300c5f54a0e6101d4a6b422c156cbe0e15e2a068,2023-06,Surrey Police,Surrey Police,-0.173599,51.217982,On or near Maple Road,E01030570,Reigate and Banstead 014A,Possession of weapons,Unable to prosecute suspect,
a669de229316971795e150b8c2275c62286ed7bc0d92197a9cacfb0f929a6640,2023-06,Surrey Police,Surrey Police,-0.172968,51.214752,On or near Hanworth Road,E01030570,Reigate and Banstead 014A,Possession of weapons,Status update unavailable,
87ee9220e06ec861aa55564badc4bd0e2bab441c72ceae7e4148090e06e08663,2023-06,Surrey Police,Surrey Police,-0.174443,51.215827,On or near Linnell Close,E01030570,Reigate and Banstead 014A,Violence and sexual offences,Status update unavailable,
4039de3baea9e37dd851de3082eacdfee57e78ff0bb473b9a1525a7a9f595e1e,2023-06,Surrey Police,Surrey Police,-0.185679,51.220678,On or near Parking Area,E01030570,Reigate and Banstead 014A,Violence and sexual offences,Unable to prosecute suspect,
7629b41fdc747175900554a6d1b057ca36a7ce5066d633e94b2c45a038e3f217,2023-06,Surrey Police,Surrey Police,-0.171915,51.213855,On or near Tollgate Avenue,E01030570,Reigate and Banstead 014A,Violence and sexual offences,Local resolution,
6570feda5045675495eb0e18e3ac9e0a588cc6e4ab96492e1bb78304a89c9bd4,2023-06,Surrey Police,Surrey Police,-0.173387,51.216099,On or near Heston Road,E01030570,Reigate and Banstead 014A,Violence and sexual offences,Unable to prosecute suspect,
beacdf2d3d686764583fea04b18f6b64ad117dc32616e24fb70b5b84e2011b53,2023-06,Surrey Police,Surrey Police,-0.173387,51.216099,On or near Heston Road,E01030570,Reigate and Banstead 014A,Violence and sexual offences,Status update unavailable,
3bb18404d86ce59b2e0e8a4f7936376a37b910d390858ecfb22d775954f981e6,2023-06,Surrey Police,Surrey Police,-0.172606,51.216671,On or near Petridge Road,E01030570,Reigate and Banstead 014A,Other crime,Further investigation is not in the public interest,
dc07d31d5015150f76932c9126179bb4635817278ad9c2bcb5db059a86dbb23f,2023-06,Surrey Police,Surrey Police,-0.163645,51.212997,On or near Greenwood Drive,E01030571,Reigate and Banstead 014B,Criminal damage and arson,Status update unavailable,
b774a68d877f7e0d64973b7ffda93e6dc5e9566e9643d60521e3861c5c1a56e0,2023-06,Surrey Police,Surrey Police,-0.167600,51.214713,On or near Shirley Avenue,E01030571,Reigate and Banstead 014B,Other theft,Investigation complete; no suspect identified,
16d4aa4b58df468e48fe8baa5c63be50512d0f951dc1ad0323510697331e6ee7,2023-06,Surrey Police,Surrey Police,-0.162297,51.217733,On or near Canada Drive,E01030572,Reigate and Banstead 014C,Violence and sexual offences,Unable to prosecute suspect,
,2023-06,Surrey Police,Surrey Police,-0.167945,51.223352,On or near Talfourd Way,E01030572,Reigate and Banstead 014C,Anti-social behaviour,,
,2023-06,Surrey Police,Surrey Police,-0.167945,51.223352,On or near Talfourd Way,E01030572,Reigate and Banstead 014C,Anti-social behaviour,,
6fba478af256c57a01f762259633a16a27d2a47741c75ea1bc6b81489aa2a63c,2023-06,Surrey Police,Surrey Police,-0.162878,51.213551,On or near Jordans Close,E01030572,Reigate and Banstead 014C,Criminal damage and arson,Investigation complete; no suspect identified,
1c303641cf5576f60117164c6e2ba2b41722cfa74b1f6bac6a94961c990f7579,2023-06,Surrey Police,Surrey Police,-0.163007,51.218949,On or near Hospital,E01030572,Reigate and Banstead 014C,Drugs,Further investigation is not in the public interest,
31d91d7ee2ece7edb155f400a343c5936471fe9158f416912bf5927be26214e9,2023-06,Surrey Police,Surrey Police,-0.163007,51.218949,On or near Hospital,E01030572,Reigate and Banstead 014C,Drugs,Local resolution,
8c7490eb08663e411c7c2778f964dd01d1b34cafa7bea160973ce3e50133b63f,2023-06,Surrey Police,Surrey Police,-0.161133,51.215313,On or near Ambleside Close,E01030572,Reigate and Banstead 014C,Other theft,Investigation complete; no suspect identified,
0e43fa4ee67529b0c42ec346a364008e4ac0615d387074be547420fc0b89b11b,2023-06,Surrey Police,Surrey Police,-0.163007,51.218949,On or near Hospital,E01030572,Reigate and Banstead 014C,Public order,Further investigation is not in the public interest,
d2fa358ec4c2325636b94d1458703166ee20c70e4572ccde09d59184cf15fbf5,2023-06,Surrey Police,Surrey Police,-0.163007,51.218949,On or near Hospital,E01030572,Reigate and Banstead 014C,Public order,Unable to prosecute suspect,
dd946f18abd01ac2ee51c97e48b0912477195f488718e54ba7325174981a944f,2023-06,Surrey Police,Surrey Police,-0.163007,51.218949,On or near Hospital,E01030572,Reigate and Banstead 014C,Shoplifting,Investigation complete; no suspect identified,
3c96eda3c940d3882c43978358cc33a21daebe719c2b88550383cb8cfe47f7b7,2023-06,Surrey Police,Surrey Police,-0.163007,51.218949,On or near Hospital,E01030572,Reigate and Banstead 014C,Shoplifting,Investigation complete; no suspect identified,
8e2f4e7c23bcf29732e9dfa7bc23d84331fca098acb72fe3f1f2017138d72410,2023-06,Surrey Police,Surrey Police,-0.162297,51.217733,On or near Canada Drive,E01030572,Reigate and Banstead 014C,Theft from the person,Local resolution,
03fdfc84a1046fb005916179b32a1e3ea264a98630a7777518c4e0393b5010ec,2023-06,Surrey Police,Surrey Police,-0.166782,51.224134,On or near Cambridge Square,E01030572,Reigate and Banstead 014C,Vehicle crime,Unable to prosecute suspect,
b5b23fcf3c9c3b812890042740c1fde80f102ebddd0ea188d145b30ee778f4ae,2023-06,Surrey Police,Surrey Police,-0.163007,51.218949,On or near Hospital,E01030572,Reigate and Banstead 014C,Violence and sexual offences,Unable to prosecute suspect,
f54c1813d7c14a2282f55ecc9b79f5dd547d797dd52f42b040b8e4837b0cd74d,2023-06,Surrey Police,Surrey Police,-0.166782,51.224134,On or near Cambridge Square,E01030572,Reigate and Banstead 014C,Violence and sexual offences,Further investigation is not in the public interest,
e83564b762123c1f2bb06f0d2ade7671f5f2e861d3e1f75d4d9697b5423c07da,2023-06,Surrey Police,Surrey Police,-0.163007,51.218949,On or near Hospital,E01030572,Reigate and Banstead 014C,Violence and sexual offences,Court result unavailable,
c592128ae545e54621682a8371bbd29b3e0d2d4b5e31f9ddcf9e9901ee251aab,2023-06,Surrey Police,Surrey Police,-0.162297,51.217733,On or near Canada Drive,E01030572,Reigate and Banstead 014C,Violence and sexual offences,Local resolution,
2d2cdd2d579e5723b363d5b526ddb405c9013b238df7d2b1dfae992958f39d41,2023-06,Surrey Police,Surrey Police,-0.163960,51.215520,On or near Edgefield Close,E01030572,Reigate and Banstead 014C,Violence and sexual offences,Unable to prosecute suspect,
1fd3baa391cbe90f6dcdbc55e12c29eb3f1ed08f1f9814fbf7981934f2a08ac8,2023-06,Surrey Police,Surrey Police,-0.163007,51.218949,On or near Hospital,E01030572,Reigate and Banstead 014C,Violence and sexual offences,Unable to prosecute suspect,
2278a6642d3e439a2c79f06402fc1bb767b3b95b8d01b079d4b5afbe2237af09,2023-06,Surrey Police,Surrey Police,-0.163007,51.218949,On or near Hospital,E01030572,Reigate and Banstead 014C,Violence and sexual offences,Further investigation is not in the public interest,
4c2e5ae41927ea5e23c2b8b0a44d6544806f61f233143ddf3848995b45b78cca,2023-06,Surrey Police,Surrey Police,-0.163007,51.218949,On or near Hospital,E01030572,Reigate and Banstead 014C,Violence and sexual offences,Court result unavailable,
c9775fba826436af011d83836f0d1a99e7e93876c0f25f9562a663d03840dcf7,2023-06,Surrey Police,Surrey Police,-0.163960,51.215520,On or near Edgefield Close,E01030572,Reigate and Banstead 014C,Violence and sexual offences,Unable to prosecute suspect,
d3f93c8acffe6bdb9312e0cea37eeabab5581f4baa6fd665c4525166974aadd9,2023-06,Surrey Police,Surrey Police,-0.162297,51.217733,On or near Canada Drive,E01030572,Reigate and Banstead 014C,Violence and sexual offences,Unable to prosecute suspect,
,2023-06,Surrey Police,Surrey Police,-0.166437,51.231368,On or near Redstone Road,E01030573,Reigate and Banstead 014D,Anti-social behaviour,,
,2023-06,Surrey Police,Surrey Police,-0.166024,51.229363,On or near Sports/Recreation Area,E01030573,Reigate and Banstead 014D,Anti-social behaviour,,
2cdd3f0c7d06a881800035a07a2727b3529936614d9c193875d0897c63127573,2023-06,Surrey Police,Surrey Police,-0.161377,51.229301,On or near Bramble Close,E01030573,Reigate and Banstead 014D,Burglary,Status update unavailable,
555bd1aba9cde578a081de9709b0a02fbe21b7d6d5209bdba48afd2c666b1e8f,2023-06,Surrey Police,Surrey Police,-0.161053,51.228469,On or near Ash Drive,E01030573,Reigate and Banstead 014D,Burglary,Investigation complete; no suspect identified,
50ddc20201cd8ee5f71cebfe690554709ae554aa7cf2e76da88a15c559ad7482,2023-06,Surrey Police,Surrey Police,-0.161053,51.228469,On or near Ash Drive,E01030573,Reigate and Banstead 014D,Burglary,Investigation complete; no suspect identified,
838141dc9c0ecca540c5f9d4629a3b71c80154d7c9f738cd3c3ab4ff623b02f5,2023-06,Surrey Police,Surrey Police,-0.166437,51.231368,On or near Redstone Road,E01030573,Reigate and Banstead 014D,Criminal damage and arson,Investigation complete; no suspect identified,
e8d1314a6814e83ae7645e31f9fae7f26f320032248e4547f2c03399a1a78710,2023-06,Surrey Police,Surrey Police,-0.165538,51.230212,On or near Ifold Road,E01030573,Reigate and Banstead 014D,Criminal damage and arson,Investigation complete; no suspect identified,
f0994a229470e4b21c5629e3d9d2be7471b53f462ea8e58856e3f811a5c41140,2023-06,Surrey Police,Surrey Police,-0.167739,51.228888,On or near Shire Place,E01030573,Reigate and Banstead 014D,Other theft,Investigation complete; no suspect identified,
98df67bde5267e9fa7828aa18e92197949ab67f25120f95dd688e2088f672351,2023-06,Surrey Police,Surrey Police,-0.158583,51.228987,On or near Haigh Crescent,E01030573,Reigate and Banstead 014D,Public order,Unable to prosecute suspect,
adb556026d88a73ab2dfa2a092754817fd84b5f3cacd740c0e08f588b182c4c5,2023-06,Surrey Police,Surrey Police,-0.168403,51.229474,On or near St John'S Road,E01030573,Reigate and Banstead 014D,Public order,Investigation complete; no suspect identified,
e317732548bfedcdc3367cb96dfcd0795ab71f7109f3c26cd8ffc118b7475727,2023-06,Surrey Police,Surrey Police,-0.158583,51.228987,On or near Haigh Crescent,E01030573,Reigate and Banstead 014D,Public order,Unable to prosecute suspect,
390e67d956e31d61547bf776418cc3df6d95f840f5967632ae31f2049a23f011,2023-06,Surrey Police,Surrey Police,-0.158583,51.228987,On or near Haigh Crescent,E01030573,Reigate and Banstead 014D,Public order,Unable to prosecute suspect,
abe75d2e0be80c3bc6e9f025cbaac092c5db1f976f62e96146cfd27850e54ccf,2023-06,Surrey Police,Surrey Police,-0.165538,51.230212,On or near Ifold Road,E01030573,Reigate and Banstead 014D,Vehicle crime,Investigation complete; no suspect identified,
bd2752d14e6fccb2d723744a63dac3a7fcfa1f17e440ede0cfafe197fe7f3fab,2023-06,Surrey Police,Surrey Police,-0.158583,51.228987,On or near Haigh Crescent,E01030573,Reigate and Banstead 014D,Violence and sexual offences,Unable to prosecute suspect,
6300e28f915b79f6c03935988b81fc3bc5a45ec550e4b92b48f8f2a9ef7c2362,2023-06,Surrey Police,Surrey Police,-0.158583,51.228987,On or near Haigh Crescent,E01030573,Reigate and Banstead 014D,Violence and sexual offences,Unable to prosecute suspect,
bd81b6478db09fb70559adc8d176b4bc4af09e00820a5dc5f3c1b526c63c26c8,2023-06,Surrey Police,Surrey Police,-0.166437,51.231368,On or near Redstone Road,E01030573,Reigate and Banstead 014D,Violence and sexual offences,Unable to prosecute suspect,
71726baa4fad9f834bbefa47e8d47b69d10849b6e099ee7283e031a3fecbef8d,2023-06,Surrey Police,Surrey Police,-0.158583,51.228987,On or near Haigh Crescent,E01030573,Reigate and Banstead 014D,Violence and sexual offences,Unable to prosecute suspect,
b8ae5927d2c15743b65a6110d357a060bfaf4e56dd03feffd1bdfd04c2be1160,2023-06,Surrey Police,Surrey Police,-0.158583,51.228987,On or near Haigh Crescent,E01030573,Reigate and Banstead 014D,Violence and sexual offences,Unable to prosecute suspect,
ab3033a9a2948aea0663e78aad487765609ebad094e5787f1f69b3b6910918ce,2023-06,Surrey Police,Surrey Police,-0.158583,51.228987,On or near Haigh Crescent,E01030573,Reigate and Banstead 014D,Violence and sexual offences,Unable to prosecute suspect,
efb4928951f538eb81375732a68229ec0a370d8c464a84ddc9a0e0ebb111c06b,2023-06,Surrey Police,Surrey Police,-0.171150,51.227395,On or near Station Approach West,E01030574,Reigate and Banstead 014E,Other theft,Court result unavailable,
,2023-06,Surrey Police,Surrey Police,-0.171354,51.230914,On or near Woodlands Avenue,E01030574,Reigate and Banstead 014E,Anti-social behaviour,,
76ee4f1f8afe61a200ed23bd0d69f1f004ce37a2aad2a8b33297cdc32a84ef57,2023-06,Surrey Police,Surrey Police,-0.172217,51.226125,On or near Common Road,E01030574,Reigate and Banstead 014E,Criminal damage and arson,Unable to prosecute suspect,
589306dc662e5d47df7233e57bf565b5a391e744e31420654cf9e19cb22ee4a1,2023-06,Surrey Police,Surrey Police,-0.172622,51.228191,On or near Earlswood Road,E01030574,Reigate and Banstead 014E,Other theft,Investigation complete; no suspect identified,
f97f7ea860a459db11b3dda6bb282cee91d29c793d0ca236d3204c0e10e1b72d,2023-06,Surrey Police,Surrey Police,-0.167548,51.227932,On or near Trentham Road,E01030574,Reigate and Banstead 014E,Public order,Investigation complete; no suspect identified,
fe707f1c4835fedfd3d6a36d97500f204b52407caecbd6e1fb4390aa951216ad,2023-06,Surrey Police,Surrey Police,-0.172217,51.226125,On or near Common Road,E01030574,Reigate and Banstead 014E,Vehicle crime,Investigation complete; no suspect identified,
d394d1b957cec4bf74f007e37ece93d150df6a5dbff67434f94252af0c472268,2023-06,Surrey Police,Surrey Police,-0.172622,51.228191,On or near Earlswood Road,E01030574,Reigate and Banstead 014E,Violence and sexual offences,Status update unavailable,
4e0f8c8472584558297ff8b1d15f3209188ccc2d77c5b4220f4368b94d35f55f,2023-06,Surrey Police,Surrey Police,-0.168925,51.223898,On or near Asylum Arch Road,E01030574,Reigate and Banstead 014E,Violence and sexual offences,Unable to prosecute suspect,
7405e305afdd9a6723933fce3cbf1f5f5427c7557f105dfd8f659dd6e7d938ba,2023-06,Surrey Police,Surrey Police,-0.169215,51.225629,On or near Princes Road,E01030574,Reigate and Banstead 014E,Other crime,Investigation complete; no suspect identified,
fe5bd80c50efa4773a6d2be47a014e694f7b9717dc221fb99845c92a67dcf5a6,2023-06,Surrey Police,Surrey Police,-0.166753,51.197829,On or near Wood Close,E01030628,Reigate and Banstead 015A,Burglary,Status update unavailable,
f54d6942f39ef429f694e57ac586d6899e0b4c9921589205fcc0946bcfceeab8,2023-06,Surrey Police,Surrey Police,-0.168147,51.200936,On or near White Lodge Gardens,E01030628,Reigate and Banstead 015A,Burglary,Unable to prosecute suspect,
2a70ff08cdbfc043764554210e65b4d87ee760da04dfc5588cec62b7d4885833,2023-06,Surrey Police,Surrey Police,-0.171339,51.199124,On or near Montfort Rise,E01030628,Reigate and Banstead 015A,Criminal damage and arson,Status update unavailable,
8af8608cf9540d0208cf33bd8ca31ce24a74e080f66a275d171432c728cd0111,2023-06,Surrey Police,Surrey Police,-0.168147,51.200936,On or near White Lodge Gardens,E01030628,Reigate and Banstead 015A,Criminal damage and arson,Further investigation is not in the public interest,
600b00e1ded1a435f54ed1572654c9d2955ff542e4380bf309f43bc5d189076b,2023-06,Surrey Police,Surrey Police,-0.168147,51.200936,On or near White Lodge Gardens,E01030628,Reigate and Banstead 015A,Criminal damage and arson,Court result unavailable,
03d9b7f669f23228f20401bdee8ca7c6fc2dfc9044a97e1740f5f31bad4112cc,2023-06,Surrey Police,Surrey Police,-0.163013,51.202609,On or near Southern Avenue,E01030628,Reigate and Banstead 015A,Drugs,Local resolution,
e8d9320a1c124bd71f7525e88c171b4a80a8e08ec7a6d08c4e74bbf5f3ccdc20,2023-06,Surrey Police,Surrey Police,-0.168147,51.200936,On or near White Lodge Gardens,E01030628,Reigate and Banstead 015A,Drugs,Local resolution,
43fe3173d48ecf932bd9631b9dfd3370ebb8fe19e8bf0847f08a5cca3e866d6a,2023-06,Surrey Police,Surrey Police,-0.168147,51.200936,On or near White Lodge Gardens,E01030628,Reigate and Banstead 015A,Drugs,Status update unavailable,
ed1c264c5b98f429f6e48e4414f429f0240076b85f7aaba6e84392eb9719f271,2023-06,Surrey Police,Surrey Police,-0.203174,51.183628,On or near Crutchfield Lane,E01030628,Reigate and Banstead 015A,Other theft,Investigation complete; no suspect identified,
1fee3ae1b350b0a32cb4772b6b94e9fb9e30dec2bfaeca25ca736fd9075eadcc,2023-06,Surrey Police,Surrey Police,-0.203174,51.183628,On or near Crutchfield Lane,E01030628,Reigate and Banstead 015A,Other theft,Investigation complete; no suspect identified,
9439cbe6b69765f899c4924061411ee61a98d8d5c0adb48e3f5f00392c43b05d,2023-06,Surrey Police,Surrey Police,-0.210975,51.203523,On or near Ironsbottom,E01030628,Reigate and Banstead 015A,Other theft,Investigation complete; no suspect identified,
7edfb6c0b0c68c4cec4e7c1b6e5b0cd0240b34e4f760e4c8ddfbe8ce3c94fde2,2023-06,Surrey Police,Surrey Police,-0.231509,51.184100,On or near Sports/Recreation Area,E01030628,Reigate and Banstead 015A,Other theft,Investigation complete; no suspect identified,
8459b15bd60e7afadbb12d4049e3b2e17b0320d8d44244a0be925cf8b64d16b6,2023-06,Surrey Police,Surrey Police,-0.168147,51.200936,On or near White Lodge Gardens,E01030628,Reigate and Banstead 015A,Public order,Offender given a caution,
c4fad5772115116f8af911abe37859f2ee1a4955b0656bf54341f97a096ea291,2023-06,Surrey Police,Surrey Police,-0.168147,51.200936,On or near White Lodge Gardens,E01030628,Reigate and Banstead 015A,Public order,Unable to prosecute suspect,
35b165a0cc57f1fc5394048b01709d378036f5bc69ee38ae674a5b730c4f7a48,2023-06,Surrey Police,Surrey Police,-0.168147,51.200936,On or near White Lodge Gardens,E01030628,Reigate and Banstead 015A,Violence and sexual offences,Unable to prosecute suspect,
09e500521a847cf7938be4cb3bceec2e438ed46cfc7dc8e86e03b02cd14e26f9,2023-06,Surrey Police,Surrey Police,-0.168147,51.200936,On or near White Lodge Gardens,E01030628,Reigate and Banstead 015A,Violence and sexual offences,Court result unavailable,
f6236fa4bdad5c497fd00fae7078010cb691b31a1ddf1b6421ccb5359c366567,2023-06,Surrey Police,Surrey Police,-0.168147,51.200936,On or near White Lodge Gardens,E01030628,Reigate and Banstead 015A,Violence and sexual offences,Court result unavailable,
899a297231c1bcad11345ef91018109ddb363c9297027c5deec9281ccc393254,2023-06,Surrey Police,Surrey Police,-0.199273,51.208092,On or near Parking Area,E01030628,Reigate and Banstead 015A,Violence and sexual offences,Investigation complete; no suspect identified,
5921e36a34058706ae3eb75f6d368021f467e19f737d4453b65a0d49e4717aa4,2023-06,Surrey Police,Surrey Police,-0.168147,51.200936,On or near White Lodge Gardens,E01030628,Reigate and Banstead 015A,Violence and sexual offences,Unable to prosecute suspect,
da8da7ccbff5c33bdcb162090c89c3a77df3afac4c735d1a4d13d610f9c3b0f7,2023-06,Surrey Police,Surrey Police,-0.231509,51.184100,On or near Sports/Recreation Area,E01030628,Reigate and Banstead 015A,Other crime,Further investigation is not in the public interest,
521263d9de444e07b7f4ac9e1acf37def2f0b1523d42805038b4811df72c9ebb,2023-06,Surrey Police,Surrey Police,-0.168908,51.207360,On or near Brighton Road,E01030629,Reigate and Banstead 015B,Criminal damage and arson,Court result unavailable,
dee08d6ef6b3d8b2ee4753f7572536a8ffc86dc1d1369d7cf6dfffcaf44f669f,2023-06,Surrey Police,Surrey Police,-0.140396,51.200102,On or near St George'S Road,E01030629,Reigate and Banstead 015B,Other theft,Investigation complete; no suspect identified,
aadb687dde605afa7c681bc2a93324b72d3364510936b6e34f935a51f69b6284,2023-06,Surrey Police,Surrey Police,-0.170113,51.202261,On or near Park Avenue,E01030629,Reigate and Banstead 015B,Public order,Unable to prosecute suspect,
2a54c6d83e06c4913a4bab451fcbae2459ae2a6f1b788a8d78fc57b5768ba799,2023-06,Surrey Police,Surrey Police,-0.151303,51.203351,On or near Axes Lane,E01030629,Reigate and Banstead 015B,Violence and sexual offences,Unable to prosecute suspect,
51b095c7386afb829a395cdc2f54b073610ebc027dd2572047e64b443c8154c1,2023-06,Surrey Police,Surrey Police,-0.170113,51.202261,On or near Park Avenue,E01030629,Reigate and Banstead 015B,Violence and sexual offences,Unable to prosecute suspect,
71b78d74da804d3e38e524354567ad3d0b4e1a5301d06b5943c1cf0e28d203bb,2023-06,Surrey Police,Surrey Police,-0.167985,51.204306,On or near Springfield Close,E01030629,Reigate and Banstead 015B,Violence and sexual offences,Unable to prosecute suspect,
b49f9fb55082c9eff516ca8fef7e18e5cc12293c5f2c2b056971472256179985,2023-06,Surrey Police,Surrey Police,-0.201922,51.222413,On or near Orchard Way,E01030632,Reigate and Banstead 015C,Public order,Unable to prosecute suspect,
caaca577b7712b6782d956eeeb43c2628c4f9f039d078e639bb70700098d8cce,2023-06,Surrey Police,Surrey Police,-0.203165,51.221398,On or near Kingsley Grove,E01030632,Reigate and Banstead 015C,Other crime,Court result unavailable,
,2023-06,Surrey Police,Surrey Police,-0.199720,51.224160,On or near Supermarket,E01030633,Reigate and Banstead 015D,Anti-social behaviour,,
,2023-06,Surrey Police,Surrey Police,-0.199646,51.223608,On or near Petrol Station,E01030633,Reigate and Banstead 015D,Anti-social behaviour,,
,2023-06,Surrey Police,Surrey Police,-0.199646,51.223608,On or near Petrol Station,E01030633,Reigate and Banstead 015D,Anti-social behaviour,,
,2023-06,Surrey Police,Surrey Police,-0.197060,51.222968,On or near Vevers Road,E01030633,Reigate and Banstead 015D,Anti-social behaviour,,
,2023-06,Surrey Police,Surrey Police,-0.194565,51.220861,On or near Reeve Road,E01030633,Reigate and Banstead 015D,Anti-social behaviour,,
,2023-06,Surrey Police,Surrey Police,-0.203325,51.218028,On or near Castle Close,E01030633,Reigate and Banstead 015D,Anti-social behaviour,,
1620caaf84440cb5e471f0fc9fd9322a150eeeb42d7afc29376fbe1b973f13a1,2023-06,Surrey Police,Surrey Police,-0.197060,51.222968,On or near Vevers Road,E01030633,Reigate and Banstead 015D,Public order,Status update unavailable,
92ff755ddf77f25ade13bcd4462dfc108b21a28a1aa809cb78d53a67c4f70ce5,2023-06,Surrey Police,Surrey Police,-0.203992,51.216321,On or near Kinnersley Walk,E01030633,Reigate and Banstead 015D,Vehicle crime,Investigation complete; no suspect identified,
7aba06dac9076a74d38547e1e1e00802255c396845f265d77409574bfb81a8b6,2023-06,Surrey Police,Surrey Police,-0.203992,51.216321,On or near Kinnersley Walk,E01030633,Reigate and Banstead 015D,Vehicle crime,Investigation complete; no suspect identified,
f770711fd5b03a8bf88a07ed1aec18a9b0bad900a854b4660d73c33223720520,2023-06,Surrey Police,Surrey Police,-0.194565,51.220861,On or near Reeve Road,E01030633,Reigate and Banstead 015D,Violence and sexual offences,Further action is not in the public interest,
7d06e32d59d4f1a83cf4c2ff5a6d2b3715e67f2aa72b225264571387054ea1b6,2023-06,Surrey Police,Surrey Police,-0.203325,51.218028,On or near Castle Close,E01030633,Reigate and Banstead 015D,Violence and sexual offences,Unable to prosecute suspect,
d4ec08b46b0b5ef3139f1a729bf5bd3a1b5d6a516ff7afab4874f6dca927c51e,2023-06,Surrey Police,Surrey Police,-0.199720,51.224160,On or near Supermarket,E01030633,Reigate and Banstead 015D,Violence and sexual offences,Further investigation is not in the public interest,
66eca4443c6765f984e2cf10527ba826e0d8859bf88458384ee29614a0e61e3a,2023-06,Surrey Police,Surrey Police,-0.203325,51.218028,On or near Castle Close,E01030633,Reigate and Banstead 015D,Violence and sexual offences,Unable to prosecute suspect,
578ebfad95600e97356d92fae46770bc3f6bc417e9a5bfbfcdb5f3885a69e742,2023-06,Surrey Police,Surrey Police,-0.203325,51.218028,On or near Castle Close,E01030633,Reigate and Banstead 015D,Violence and sexual offences,Status update unavailable,
,2023-06,Surrey Police,Surrey Police,-0.199412,51.218103,On or near Ashdown Close,E01030634,Reigate and Banstead 015E,Anti-social behaviour,,
,2023-06,Surrey Police,Surrey Police,-0.196635,51.219544,On or near Lonesome Lane,E01030634,Reigate and Banstead 015E,Anti-social behaviour,,
c69805a6ce8c1050c6824e0ac023e9ecab4f7398b600bd457f8bb4f53a4f6481,2023-06,Surrey Police,Surrey Police,-0.199412,51.218103,On or near Ashdown Close,E01030634,Reigate and Banstead 015E,Burglary,Status update unavailable,
6198adb94f31456b0b2a06a386e49bd928be5365768754e1217fc864af21bb8b,2023-06,Surrey Police,Surrey Police,-0.195151,51.221994,On or near New Causeway,E01030634,Reigate and Banstead 015E,Criminal damage and arson,Investigation complete; no suspect identified,
ce2f95241789baaacbd8fc75f54ebe1b30ab70a75938c789e14c872d8324361d,2023-06,Surrey Police,Surrey Police,-0.199412,51.218103,On or near Ashdown Close,E01030634,Reigate and Banstead 015E,Drugs,Status update unavailable,
b8bc85f838fe2028aaf0e7f8b26a1a3a8fd291f7eb2f20107ad0e24c6fcc4df9,2023-06,Surrey Police,Surrey Police,-0.190254,51.220129,On or near Staplehurst Close,E01030634,Reigate and Banstead 015E,Other theft,Investigation complete; no suspect identified,
fa01b677c5cb914eb506af8c96c414cdfdf763f9a749532e3660346c015ec2db,2023-06,Surrey Police,Surrey Police,-0.199412,51.218103,On or near Ashdown Close,E01030634,Reigate and Banstead 015E,Other theft,Unable to prosecute suspect,
fb04e8612c64fb458b0e2e99cfa991e80ec60811de5f1e2f7666c322336b542e,2023-06,Surrey Police,Surrey Police,-0.190254,51.220129,On or near Staplehurst Close,E01030634,Reigate and Banstead 015E,Other theft,Unable to prosecute suspect,
e7545cc2589e9c1f2b7d70036eafc6b4e9aa22f3a02a94a473298716d6b1df16,2023-06,Surrey Police,Surrey Police,-0.199412,51.218103,On or near Ashdown Close,E01030634,Reigate and Banstead 015E,Violence and sexual offences,Unable to prosecute suspect,
dcf2aff02735e5a6a5defd5a1aba9719bbdf62399db669eead2b793f8f3f78f4,2023-06,Surrey Police,Surrey Police,-0.199412,51.218103,On or near Ashdown Close,E01030634,Reigate and Banstead 015E,Violence and sexual offences,Unable to prosecute suspect,
5845f8466eb1d2daef1fb0e8c9ab2bac9cf67d4ee554f3b782fd490887be71d7,2023-06,Surrey Police,Surrey Police,-0.193885,51.223225,On or near A2044,E01030634,Reigate and Banstead 015E,Violence and sexual offences,Unable to prosecute suspect,
a3f75e561c339067fb6c7ad106a1a1d5de21271759eb860548b9a7c6e043fe17,2023-06,Surrey Police,Surrey Police,-0.199412,51.218103,On or near Ashdown Close,E01030634,Reigate and Banstead 015E,Other crime,Local resolution,
,2023-06,Surrey Police,Surrey Police,-0.174101,51.180609,On or near Sports/Recreation Area,E01030585,Reigate and Banstead 016B,Anti-social behaviour,,
2eabe0c181a6308765131af1706bcc487c46983f12b46f15e39c7decbd0d51e5,2023-06,Surrey Police,Surrey Police,-0.174101,51.180609,On or near Sports/Recreation Area,E01030585,Reigate and Banstead 016B,Burglary,Investigation complete; no suspect identified,
89c3bd590701b1ccb8a0cc7aebce52c4a8f9c221e4ac28b1b542304c0847a40b,2023-06,Surrey Police,Surrey Police,-0.168781,51.184219,On or near Avondale Close,E01030585,Reigate and Banstead 016B,Violence and sexual offences,Unable to prosecute suspect,
,2023-06,Surrey Police,Surrey Police,-0.181188,51.176553,On or near Maple Close,E01030586,Reigate and Banstead 016C,Anti-social behaviour,,
,2023-06,Surrey Police,Surrey Police,-0.175811,51.177233,On or near Bremner Avenue,E01030586,Reigate and Banstead 016C,Anti-social behaviour,,
,2023-06,Surrey Police,Surrey Police,-0.182518,51.178021,On or near Mill Close,E01030586,Reigate and Banstead 016C,Anti-social behaviour,,
,2023-06,Surrey Police,Surrey Police,-0.174935,51.177678,On or near Wickham Close,E01030586,Reigate and Banstead 016C,Anti-social behaviour,,
,2023-06,Surrey Police,Surrey Police,-0.177753,51.178765,On or near Hurst Road,E01030586,Reigate and Banstead 016C,Anti-social behaviour,,
365bbd75f9379ef36d59d1aa1665e317b92be7f56429fc646d5f546dc24eb3be,2023-06,Surrey Police,Surrey Police,-0.182971,51.179242,On or near Bullfinch Close,E01030586,Reigate and Banstead 016C,Criminal damage and arson,Unable to prosecute suspect,
e275294947c63d6656c95300bc3f882cb8a297e021f2598537edcfc4a94f262c,2023-06,Surrey Police,Surrey Police,-0.174935,51.177678,On or near Wickham Close,E01030586,Reigate and Banstead 016C,Criminal damage and arson,Investigation complete; no suspect identified,
5aa38546958408f4cf3baeb25be8c51db79315bce4eaaf89a9da3852d8b817cb,2023-06,Surrey Police,Surrey Police,-0.182990,51.179854,On or near Goldcrest Close,E01030586,Reigate and Banstead 016C,Drugs,Investigation complete; no suspect identified,
60422bd4e4ba025a850c378195f9c3e627d278e06199253618774c2473d9369d,2023-06,Surrey Police,Surrey Police,-0.179557,51.177660,On or near Lee Street,E01030586,Reigate and Banstead 016C,Violence and sexual offences,Unable to prosecute suspect,
75cdcf52874074eb3bb739d2676343cef4b83827b6f4f151360ddeaa93af8a99,2023-06,Surrey Police,Surrey Police,-0.181188,51.176553,On or near Maple Close,E01030586,Reigate and Banstead 016C,Violence and sexual offences,Investigation complete; no suspect identified,
8b85a016df4b36f22d8f5098651cf01506bb831751446cd01a83257e4c38cad4,2023-06,Surrey Police,Surrey Police,-0.181047,51.180139,On or near Chaffinch Way,E01030586,Reigate and Banstead 016C,Violence and sexual offences,Action to be taken by another organisation,
4c34f56cc8165d9173e9100507ff05a206d544510395f97f06553d94703e3d54,2023-06,Surrey Police,Surrey Police,-0.179557,51.177660,On or near Lee Street,E01030586,Reigate and Banstead 016C,Violence and sexual offences,Unable to prosecute suspect,
6ca1d9629f1a2c01dff13dd6f8236d5ee60593534aa3d58a4eca3debd02fe365,2023-06,Surrey Police,Surrey Police,-0.181188,51.176553,On or near Maple Close,E01030586,Reigate and Banstead 016C,Violence and sexual offences,Further investigation is not in the public interest,
b11eab3ec3952081b307b3006f50e8f17a34210d1b1f56a4bb2a351d14bca434,2023-06,Surrey Police,Surrey Police,-0.184323,51.176871,On or near Whitmore Way,E01030586,Reigate and Banstead 016C,Violence and sexual offences,Further action is not in the public interest,
,2023-06,Surrey Police,Surrey Police,-0.172609,51.175708,On or near The Glebe,E01030587,Reigate and Banstead 016D,Anti-social behaviour,,
05e77a81ce91be1d6874f3b7f6f7b63889c162242e8578e2a1a586a3e8ed45b0,2023-06,Surrey Police,Surrey Police,-0.172673,51.174810,On or near Littlefield Close,E01030587,Reigate and Banstead 016D,Possession of weapons,Court result unavailable,
a98a63f4a96dc6e2a7c4878603466f56c9d0d5d849d0c42062882e250ffa85ee,2023-06,Surrey Police,Surrey Police,-0.169881,51.174874,On or near A23,E01030587,Reigate and Banstead 016D,Public order,Status update unavailable,
83201141e81f295a97c230e116b6aae7809dbc4ae78038e67470e08aa44b1df7,2023-06,Surrey Police,Surrey Police,-0.167466,51.179855,On or near Chequers Close,E01030587,Reigate and Banstead 016D,Theft from the person,Investigation complete; no suspect identified,
63ee4fbd64955d12439c0c91d6b470097607c3cd0d0feb5da5e6db700a033e74,2023-06,Surrey Police,Surrey Police,-0.165913,51.179327,On or near Chequers Drive,E01030587,Reigate and Banstead 016D,Vehicle crime,Investigation complete; no suspect identified,
69cffe4578d0bfbf6ca4af6871dd3746b1b69df867f6b139df77a365fc7a19c6,2023-06,Surrey Police,Surrey Police,-0.169881,51.174874,On or near A23,E01030587,Reigate and Banstead 016D,Vehicle crime,Investigation complete; no suspect identified,
e707929a37a9f2099f747181a3219f75905e5aa362714f6b312de9844ae862e3,2023-06,Surrey Police,Surrey Police,-0.172673,51.174810,On or near Littlefield Close,E01030587,Reigate and Banstead 016D,Violence and sexual offences,Investigation complete; no suspect identified,
b95d6fbc2bcc58d42bf0db64bf06fe33112db20366ae2a6be102c150d8b2615b,2023-06,Surrey Police,Surrey Police,-0.171981,51.179278,On or near Strawson Court,E01030587,Reigate and Banstead 016D,Violence and sexual offences,Unable to prosecute suspect,
87bf446118608642daf64ee1afed485a8087c0a4e14492866464e01fa6587a5c,2023-06,Surrey Police,Surrey Police,-0.169164,51.175987,On or near Parking Area,E01030587,Reigate and Banstead 016D,Violence and sexual offences,Investigation complete; no suspect identified,
27ced5dbb43b43e1eb7cef5ecb625c466d3307d21a8f1df8b2cbf0ca3d75fff2,2023-06,Surrey Police,Surrey Police,-0.169164,51.175987,On or near Parking Area,E01030587,Reigate and Banstead 016D,Violence and sexual offences,Unable to prosecute suspect,
5daa1fa49d1d3f9cf48c60ad4bee2533c04e66b754ee7fa544f8d8fdc0f1fdba,2023-06,Surrey Police,Surrey Police,-0.169881,51.174874,On or near A23,E01030587,Reigate and Banstead 016D,Violence and sexual offences,Unable to prosecute suspect,
d75dbedd64ad2f5f8c8211544714913b43d791e57f905a6539b315dbc03928e0,2023-06,Surrey Police,Surrey Police,-0.169164,51.175987,On or near Parking Area,E01030587,Reigate and Banstead 016D,Violence and sexual offences,Unable to prosecute suspect,
fd5730e64fce9afad18427ee810c47af967b9b340f0adad464bcb0640b6cccc6,2023-06,Surrey Police,Surrey Police,-0.171981,51.179278,On or near Strawson Court,E01030587,Reigate and Banstead 016D,Violence and sexual offences,Unable to prosecute suspect,
c1f36fbbc58ec1c4ff843097336ba0ed59b05d5904c1b3d283610ef68c64df64,2023-06,Surrey Police,Surrey Police,-0.172609,51.175708,On or near The Glebe,E01030587,Reigate and Banstead 016D,Violence and sexual offences,Unable to prosecute suspect,
1cfd1006ea1a380c1344b8e199c013bcdba1ca9c7e20b9fbcca71938254c3b3a,2023-06,Surrey Police,Surrey Police,-0.172609,51.175708,On or near The Glebe,E01030587,Reigate and Banstead 016D,Violence and sexual offences,Local resolution,
6f5bb92b00a6fa7cf5258141933981e321b1064ec19ea9ca57fcc28ba7c33452,2023-06,Surrey Police,Surrey Police,-0.179249,51.173851,On or near Thornton Close,E01030588,Reigate and Banstead 016E,Burglary,Unable to prosecute suspect,
1fade17426bcb0d2c47b4a346f43a96fa9c278b4cd0f50be42b5f4ccc7675ace,2023-06,Surrey Police,Surrey Police,-0.179249,51.173851,On or near Thornton Close,E01030588,Reigate and Banstead 016E,Violence and sexual offences,Unable to prosecute suspect,
,2023-06,Surrey Police,Surrey Police,-0.175555,51.173938,On or near Manor Close,E01030588,Reigate and Banstead 016E,Anti-social behaviour,,
,2023-06,Surrey Police,Surrey Police,-0.179249,51.173851,On or near Thornton Close,E01030588,Reigate and Banstead 016E,Anti-social behaviour,,
,2023-06,Surrey Police,Surrey Police,-0.171653,51.171305,On or near Church Road,E01030588,Reigate and Banstead 016E,Anti-social behaviour,,
,2023-06,Surrey Police,Surrey Police,-0.174450,51.175836,On or near Kelsey Close,E01030588,Reigate and Banstead 016E,Anti-social behaviour,,
2c0cf870100060643d3c8f4c3bb9c050255f40b8279343ebb6929564cecf83fe,2023-06,Surrey Police,Surrey Police,-0.175555,51.173938,On or near Manor Close,E01030588,Reigate and Banstead 016E,Criminal damage and arson,Investigation complete; no suspect identified,
4c777790bd76b7a2226965a89dd990420721351c3591a74149cbfbcbe1ce5892,2023-06,Surrey Police,Surrey Police,-0.171653,51.171305,On or near Church Road,E01030588,Reigate and Banstead 016E,Public order,Unable to prosecute suspect,
8c58953cab7a17e2dc17306d0fa73ef8bdf93743f77c930dc29bb11b7a11eaef,2023-06,Surrey Police,Surrey Police,-0.170848,51.173586,On or near Brighton Road,E01030588,Reigate and Banstead 016E,Vehicle crime,Investigation complete; no suspect identified,
40c8594e44958643b908dc674ad09bf4745f01d32ed7ec21b82a0d90ca6cc9e6,2023-06,Surrey Police,Surrey Police,-0.179249,51.173851,On or near Thornton Close,E01030588,Reigate and Banstead 016E,Violence and sexual offences,Unable to prosecute suspect,
ff3db8ae58f6fe2cf5ca5cae70c982f3f3d73c5da00d3caa9e5eccbe485991a9,2023-06,Surrey Police,Surrey Police,-0.176317,51.174552,On or near Tower Close,E01030588,Reigate and Banstead 016E,Violence and sexual offences,Action to be taken by another organisation,
eceaa22bd7666a72ef848fb06086ef2fdcde587aafe096adca0a41791b23f428,2023-06,Surrey Police,Surrey Police,-0.179249,51.173851,On or near Thornton Close,E01030588,Reigate and Banstead 016E,Violence and sexual offences,Unable to prosecute suspect,
14629c3b99588f9be1cd72c698edbd5b1ebf5e9a5a8ec26a02cbcba90d28f49e,2023-06,Surrey Police,Surrey Police,-0.175555,51.173938,On or near Manor Close,E01030588,Reigate and Banstead 016E,Violence and sexual offences,Unable to prosecute suspect,
ed89ee27541c19cde4f5fced59fd1ede783cc3dc00d24c475c700cde65a23046,2023-06,Surrey Police,Surrey Police,-0.171653,51.171305,On or near Church Road,E01030588,Reigate and Banstead 016E,Violence and sexual offences,Unable to prosecute suspect,
9f8e2c08c082ec114044bbb8c09d17a6d111291a8ba5f520874e0c059050a917,2023-06,Surrey Police,Surrey Police,-0.171653,51.171305,On or near Church Road,E01030588,Reigate and Banstead 016E,Violence and sexual offences,Unable to prosecute suspect,
91d755b8165e9c75ab543fad469fbe7cc24b610c0c49323e220ff5a8608caf1b,2023-06,Surrey Police,Surrey Police,-0.175555,51.173938,On or near Manor Close,E01030588,Reigate and Banstead 016E,Violence and sexual offences,Further investigation is not in the public interest,
080157d62cf1e7e933cacb806bfa8a3f205718ade44e9770f17ec5d93334d424,2023-06,Surrey Police,Surrey Police,-0.175555,51.173938,On or near Manor Close,E01030588,Reigate and Banstead 016E,Violence and sexual offences,Unable to prosecute suspect,
d19cc9606ca420e0b8aaca0672578560125c23d2c47883a16d5580a8e5ffb0b4,2023-06,Surrey Police,Surrey Police,-0.175555,51.173938,On or near Manor Close,E01030588,Reigate and Banstead 016E,Violence and sexual offences,Investigation complete; no suspect identified,
,2023-06,Surrey Police,Surrey Police,-0.186359,51.180041,On or near Gratton Road,E01035359,Reigate and Banstead 016F,Anti-social behaviour,,
,2023-06,Surrey Police,Surrey Police,-0.185291,51.186104,On or near Coniston Close,E01035359,Reigate and Banstead 016F,Anti-social behaviour,,
d61c3509057de1a809f55a6f3e49a79be0f4091497fc7e53477fb5a78b76abfd,2023-06,Surrey Police,Surrey Police,-0.188552,51.183951,On or near Putney Croft,E01035359,Reigate and Banstead 016F,Criminal damage and arson,Unable to prosecute suspect,
76450c742c42c9781057a5863a9e5c5b922d554ff19daaf486fdb1bca05f3b73,2023-06,Surrey Police,Surrey Police,-0.183731,51.188292,On or near Brotherton Avenue,E01035359,Reigate and Banstead 016F,Criminal damage and arson,Investigation complete; no suspect identified,
d7d661ae7c0a2a907768c63bfc031217526c2fa392630877a3f92629802788f0,2023-06,Surrey Police,Surrey Police,-0.183731,51.188292,On or near Brotherton Avenue,E01035359,Reigate and Banstead 016F,Criminal damage and arson,Investigation complete; no suspect identified,
13a451ba78d481e7bdf132b23b8c0fe83dbdccabf58b62018c8c88b95650c62a,2023-06,Surrey Police,Surrey Police,-0.185006,51.184616,On or near Webber Street,E01035359,Reigate and Banstead 016F,Public order,Unable to prosecute suspect,
a194de9d1e4a02d918c6797fee880f3a85c2028fdc07f439967462b3b92e3ee9,2023-06,Surrey Police,Surrey Police,-0.184030,51.181057,On or near Harmony Road,E01035359,Reigate and Banstead 016F,Violence and sexual offences,Status update unavailable,
,2023-06,Surrey Police,Surrey Police,-0.179937,51.178889,On or near Baden Drive,E01035360,Reigate and Banstead 016G,Anti-social behaviour,,
6c7e1205236c15ec076cf38d2cb8ca443d6b86a6fec987478693465e56251750,2023-06,Surrey Police,Surrey Police,-0.182206,51.181586,On or near Arne Grove,E01035360,Reigate and Banstead 016G,Vehicle crime,Investigation complete; no suspect identified,
ba8e18781bbf30a6a24932fd9aaaf5ab62c4d284aa99e2d232cf8468a0fa6c6f,2023-06,Surrey Police,Surrey Police,-0.183649,51.184918,On or near Seymour Mews,E01035360,Reigate and Banstead 016G,Violence and sexual offences,Unable to prosecute suspect,
23704ba2d75deda1d33562de1ffb3b1a578badd98c5a760880d92efb0577f0e6,2023-06,Surrey Police,Surrey Police,-0.184650,51.183486,On or near Harp Road,E01035360,Reigate and Banstead 016G,Violence and sexual offences,Further investigation is not in the public interest,
f8d3f9413c8e8442d36f4ed9121e886009f3bd4500b5b878c927600ce1e9cba9,2023-06,Surrey Police,Surrey Police,-0.176845,51.179668,On or near Grove Road,E01035360,Reigate and Banstead 016G,Violence and sexual offences,Unable to prosecute suspect,
,2023-06,Surrey Police,Surrey Police,-0.158725,51.177307,On or near Cloverfields,E01030580,Reigate and Banstead 017A,Anti-social behaviour,,
,2023-06,Surrey Police,Surrey Police,-0.157090,51.178145,On or near Whitecroft,E01030580,Reigate and Banstead 017A,Anti-social behaviour,,
0a65500670631aa9650468672e572f5faafb5ff75cd42e0e5f292a526455a52d,2023-06,Surrey Police,Surrey Police,-0.156094,51.176196,On or near Albury Keep,E01030580,Reigate and Banstead 017A,Vehicle crime,Investigation complete; no suspect identified,
dc6b6e2a737a073226220a4685b9f5bc892ac940e09b00004d736916932c1525,2023-06,Surrey Police,Surrey Police,-0.157090,51.178145,On or near Whitecroft,E01030580,Reigate and Banstead 017A,Violence and sexual offences,Unable to prosecute suspect,
199d175f7372f5012d9d59a3b96d05949c59d33c57ad7597b8a541b04b8dda0d,2023-06,Surrey Police,Surrey Police,-0.157090,51.178145,On or near Whitecroft,E01030580,Reigate and Banstead 017A,Violence and sexual offences,Investigation complete; no suspect identified,
a6eac185cec005793840484308c0c71242c2b006ef55ea351f6c61101a60fa7a,2023-06,Surrey Police,Surrey Police,-0.158070,51.175094,On or near Windmill Close,E01030580,Reigate and Banstead 017A,Other crime,Action to be taken by another organisation,
,2023-06,Surrey Police,Surrey Police,-0.153805,51.180134,On or near Heritage Lawn,E01030581,Reigate and Banstead 017B,Anti-social behaviour,,
,2023-06,Surrey Police,Surrey Police,-0.147730,51.183213,On or near Haine Close,E01030581,Reigate and Banstead 017B,Anti-social behaviour,,
61036e60b20b0c9a0c49a9adccf8b5ee761e666d1e4a0ab29358a2c6eb02b463,2023-06,Surrey Police,Surrey Police,-0.149087,51.182902,On or near Peppiatt Close,E01030581,Reigate and Banstead 017B,Criminal damage and arson,Investigation complete; no suspect identified,
bec1d14bc31f13478953891708d3bf80cc95f1d48eb6079c0be8c46b54775b93,2023-06,Surrey Police,Surrey Police,-0.156927,51.173961,On or near Smallmead,E01030581,Reigate and Banstead 017B,Vehicle crime,Investigation complete; no suspect identified,
3d49c5d723113094adea6a5b0aad5ae362ec2b3ec3f6a573c09adb30aa324a17,2023-06,Surrey Police,Surrey Police,-0.151341,51.180932,On or near Langshott,E01030581,Reigate and Banstead 017B,Violence and sexual offences,Investigation complete; no suspect identified,
58643332db10ef7b3e38c9294c33ebeda8aba76313a3bb56edfbff0abe4e300d,2023-06,Surrey Police,Surrey Police,-0.144963,51.174779,On or near Langwood Drive,E01030582,Reigate and Banstead 017C,Vehicle crime,Investigation complete; no suspect identified,
b13d25661b71c05d75964ab15040a315ec4ddc7d7bf310d263fee13a040f0154,2023-06,Surrey Police,Surrey Police,-0.151060,51.175073,On or near Bramley Walk,E01030582,Reigate and Banstead 017C,Violence and sexual offences,Investigation complete; no suspect identified,
c0a6f9be26ca4351e237a510fe9b31ee6418af294b16eca02fa1ee756921a97f,2023-06,Surrey Police,Surrey Police,-0.148172,51.176106,On or near Clarence Court,E01030582,Reigate and Banstead 017C,Violence and sexual offences,Unable to prosecute suspect,
81e7c84b70c19979ae49bb84250967cb452794b3147f575950745daea5aac330,2023-06,Surrey Police,Surrey Police,-0.150954,51.177742,On or near Broadmead,E01030582,Reigate and Banstead 017C,Violence and sexual offences,Unable to prosecute suspect,
cc57a70a7c4e0aaafad1cf86fa4bd9dedbafe0872d387b63430262167f436ecb,2023-06,Surrey Police,Surrey Police,-0.151060,51.175073,On or near Bramley Walk,E01030582,Reigate and Banstead 017C,Violence and sexual offences,Investigation complete; no suspect identified,
,2023-06,Surrey Police,Surrey Police,-0.130942,51.167370,On or near Peeks Brook Lane,E01030583,Reigate and Banstead 017D,Anti-social behaviour,,
a9f1141f6292faceaf4dab9e1442350486fc833f0658a61acbc68f6848e089b2,2023-06,Surrey Police,Surrey Police,-0.152630,51.168740,On or near Balcombe Gardens,E01030583,Reigate and Banstead 017D,Criminal damage and arson,Investigation complete; no suspect identified,
8fa94010e480b030e566f78a67257a91004e1be48dd47be572db14b2751ad75d,2023-06,Surrey Police,Surrey Police,-0.156459,51.170644,On or near Brookwood Park,E01030583,Reigate and Banstead 017D,Criminal damage and arson,Investigation complete; no suspect identified,
6261e9cfe2efb2f4f237cfa79bd79efd604c69d82b8d4adb58d0064dcf623597,2023-06,Surrey Police,Surrey Police,-0.153402,51.169453,On or near Avenue Gardens,E01030583,Reigate and Banstead 017D,Other theft,Investigation complete; no suspect identified,
b2fd2b0a709f7982a8e074c48004296a72a18cdda4f50aaff99de59581c59423,2023-06,Surrey Police,Surrey Police,-0.151850,51.167477,On or near Castle Drive,E01030583,Reigate and Banstead 017D,Vehicle crime,Investigation complete; no suspect identified,
6b59ab63c4ade8dd5a6c9814098c0a227cbce49e8e9434d55454482ae8498063,2023-06,Surrey Police,Surrey Police,-0.153402,51.169453,On or near Avenue Gardens,E01030583,Reigate and Banstead 017D,Violence and sexual offences,Unable to prosecute suspect,
08dc0124018a075c1bad052f3e27d021bc35dc4d60c49ec770e6ffc0be763223,2023-06,Surrey Police,Surrey Police,-0.130942,51.167370,On or near Peeks Brook Lane,E01030583,Reigate and Banstead 017D,Violence and sexual offences,Unable to prosecute suspect,
741b1e3c546d3a52d3d828449d12cdbfbb8930cf8e9565776a86910b3aec812b,2023-06,Surrey Police,Surrey Police,-0.153402,51.169453,On or near Avenue Gardens,E01030583,Reigate and Banstead 017D,Violence and sexual offences,Unable to prosecute suspect,
fc88e2741f990cafbc38ae3d5a2f8864199e497faa4c823673ff32db08d6c3fd,2023-06,Surrey Police,Surrey Police,-0.150716,51.163287,On or near The Close,E01030583,Reigate and Banstead 017D,Violence and sexual offences,Unable to prosecute suspect,
fabd7eef8fed48f86e8c017a6b3fa57908354cc29252e1cbb420b72a38dd8a0f,2023-06,Surrey Police,Surrey Police,-0.150716,51.163287,On or near The Close,E01030583,Reigate and Banstead 017D,Violence and sexual offences,Unable to prosecute suspect,
170cb61e80ea5aaaa459757fcbf3f4715d608de15d10799143f9198166afaf4d,2023-06,Surrey Police,Surrey Police,-0.150716,51.163287,On or near The Close,E01030583,Reigate and Banstead 017D,Violence and sexual offences,Unable to prosecute suspect,
7c78a5012866f0fa89210e35f8a0da78e5a4f19878f09d0da2c4d9fbb7eb15f2,2023-06,Surrey Police,Surrey Police,-0.151850,51.167477,On or near Castle Drive,E01030583,Reigate and Banstead 017D,Violence and sexual offences,Unable to prosecute suspect,
063b0829ed0d6a11ceb1c07660d569a5504e519814c514d648572c932a2636c1,2023-06,Surrey Police,Surrey Police,-0.150716,51.163287,On or near The Close,E01030583,Reigate and Banstead 017D,Violence and sexual offences,Unable to prosecute suspect,
f1d976ff310c1e0cc050e7ed02a18a80b09659db3b654db53466074282bd9650,2023-06,Surrey Police,Surrey Police,-0.162641,51.175615,On or near St Hilda'S Close,E01030576,Reigate and Banstead 018B,Other theft,Investigation complete; no suspect identified,
32d9db256ffc89fb321619471e629a00ed0a2b1f372a234eeea598653a3d36b0,2023-06,Surrey Police,Surrey Police,-0.162144,51.185608,On or near Skipton Way,E01030576,Reigate and Banstead 018B,Violence and sexual offences,Local resolution,
f54aaa906b8299a6221d3f9499dfd9064aa87448d5a1463dfa52826281ee06e7,2023-06,Surrey Police,Surrey Police,-0.163950,51.176044,On or near Sports/Recreation Area,E01030576,Reigate and Banstead 018B,Violence and sexual offences,Investigation complete; no suspect identified,
eae32e6ae8fde5f6362b65f26733b2d251577b046f4c985b376e155b7e7ab7f3,2023-06,Surrey Police,Surrey Police,-0.162920,51.181195,On or near Cranbourne Close,E01030576,Reigate and Banstead 018B,Violence and sexual offences,Unable to prosecute suspect,
,2023-06,Surrey Police,Surrey Police,-0.153118,51.162255,On or near Meadowcroft Close,E01030577,Reigate and Banstead 018C,Anti-social behaviour,,
,2023-06,Surrey Police,Surrey Police,-0.153118,51.162255,On or near Meadowcroft Close,E01030577,Reigate and Banstead 018C,Anti-social behaviour,,
518fa208ab67c7429a9ba9311c05138b2f3222659d76dc4cacfbaa10c8895e95,2023-06,Surrey Police,Surrey Police,-0.154264,51.163990,On or near Bayhorne Lane,E01030577,Reigate and Banstead 018C,Criminal damage and arson,Investigation complete; no suspect identified,
a9a3efb4723284b8bec86b138e017c5a96a3771c39800509d10aefdca73de5fb,2023-06,Surrey Police,Surrey Police,-0.159724,51.173078,On or near St Georges Close,E01030577,Reigate and Banstead 018C,Criminal damage and arson,Investigation complete; no suspect identified,
072bbeb3cc28dae1664a49bcfdbd50f17fda4fd8c8f706dae3af608009139669,2023-06,Surrey Police,Surrey Police,-0.160037,51.169504,On or near The Grove,E01030577,Reigate and Banstead 018C,Criminal damage and arson,Investigation complete; no suspect identified,
db22309bd50ce5d6c8d8f132cc60613b39461d1840bb9cafa01c9e092de02485,2023-06,Surrey Police,Surrey Police,-0.155130,51.165218,On or near Apperlie Drive,E01030577,Reigate and Banstead 018C,Other theft,Investigation complete; no suspect identified,
11dd5ba683267d91a09ed9f7c4fe366446dcdbe3692be1911a3d2a02edbafe8c,2023-06,Surrey Police,Surrey Police,-0.159724,51.173078,On or near St Georges Close,E01030577,Reigate and Banstead 018C,Public order,Investigation complete; no suspect identified,
861eb57f3dfd372f7d10180772b8f361e87b304672deff17b6309c84a8cb8f34,2023-06,Surrey Police,Surrey Police,-0.163671,51.162304,On or near The Crescent,E01030577,Reigate and Banstead 018C,Vehicle crime,Investigation complete; no suspect identified,
d62ef7f0a4addf983da68169d384d9cc7cde48327f058f316b770760806b018b,2023-06,Surrey Police,Surrey Police,-0.159846,51.172523,On or near Crewdson Road,E01030577,Reigate and Banstead 018C,Violence and sexual offences,Unable to prosecute suspect,
a61a858cb67f77a89333ba3df4393759234974bf98beeaf120014e36320b4d79,2023-06,Surrey Police,Surrey Police,-0.153639,51.164592,On or near The Coronet,E01030577,Reigate and Banstead 018C,Violence and sexual offences,Unable to prosecute suspect,
086d568649e3d905055ef994a8da7821427ed0743e62ae8ac03e9d36a017a178,2023-06,Surrey Police,Surrey Police,-0.155130,51.165218,On or near Apperlie Drive,E01030577,Reigate and Banstead 018C,Violence and sexual offences,Unable to prosecute suspect,
80c9cfc9ccab58607793e93ad6db72a6fe8d5eb82c08366e5a22ed9bcee234b6,2023-06,Surrey Police,Surrey Police,-0.154264,51.163990,On or near Bayhorne Lane,E01030577,Reigate and Banstead 018C,Violence and sexual offences,Status update unavailable,
,2023-06,Surrey Police,Surrey Police,-0.161525,51.166641,On or near Primrose Avenue,E01030578,Reigate and Banstead 018D,Anti-social behaviour,,
a08dd365dba804a170767269782180571be80641d93578ed2ff8bce63b70125b,2023-06,Surrey Police,Surrey Police,-0.163280,51.164942,On or near St Hilarys Close,E01030578,Reigate and Banstead 018D,Criminal damage and arson,Investigation complete; no suspect identified,
3dfd0960f195abf167cd52ae350b896a0c7e68dc12b49c92620983b047c706ba,2023-06,Surrey Police,Surrey Police,-0.163780,51.166397,On or near Fairfield Avenue,E01030578,Reigate and Banstead 018D,Violence and sexual offences,Unable to prosecute suspect,
4434bf7efd53b5f870336f9a3ab2d1dd98ba3ba5306e90ccc883922adde70690,2023-06,Surrey Police,Surrey Police,-0.167612,51.164263,On or near Riverside,E01030578,Reigate and Banstead 018D,Violence and sexual offences,Unable to prosecute suspect,
,2023-06,Surrey Police,Surrey Police,-0.171135,51.165227,On or near Woodroyd Gardens,E01030579,Reigate and Banstead 018E,Anti-social behaviour,,
3cba13cc4d9bff3bc2f3cd28c72c55bb28a63ec34c2a08bb9caab3a070533553,2023-06,Surrey Police,Surrey Police,-0.176250,51.168020,On or near Petrol Station,E01030579,Reigate and Banstead 018E,Other theft,Investigation complete; no suspect identified,
aacad82ab7d02de5a9aa9e8da46fc624bfe55213ae506d4490074eac0dbf367b,2023-06,Surrey Police,Surrey Police,-0.167243,51.167090,On or near Cheyne Walk,E01030579,Reigate and Banstead 018E,Other theft,Investigation complete; no suspect identified,
dbc90b4b55333c74a0e743bc0bb79b71b18304bc5c28a9da63d560e95e2b17df,2023-06,Surrey Police,Surrey Police,-0.176250,51.168020,On or near Petrol Station,E01030579,Reigate and Banstead 018E,Public order,Investigation complete; no suspect identified,
41c0362b9853148ceb32778ecd1f655b9d2d02d722f1abece3b237f1ded5f206,2023-06,Surrey Police,Surrey Police,-0.173206,51.167480,On or near Oldfield Road,E01030579,Reigate and Banstead 018E,Vehicle crime,Investigation complete; no suspect identified,
6cd61f4f58141fa9c80748b827fc506ca4c6be2d3d5be961ab0971fd065e7c68,2023-06,Surrey Police,Surrey Police,-0.171985,51.170510,On or near The Avenue,E01030579,Reigate and Banstead 018E,Violence and sexual offences,Unable to prosecute suspect,
c81debf531b52aa09e44a96073b08d13ecaa1a9c93bfad600f6a11a8c93c9794,2023-06,Surrey Police,Surrey Police,-0.168169,51.170063,On or near Massetts Road,E01030579,Reigate and Banstead 018E,Violence and sexual offences,Unable to prosecute suspect,
d56f394654a817b67358d5b2558394bdfd464872b9494d2d9de85ff122000e27,2023-06,Surrey Police,Surrey Police,-0.174552,51.167079,On or near Oldfield Close,E01030579,Reigate and Banstead 018E,Violence and sexual offences,Unable to prosecute suspect,
,2023-06,Surrey Police,Surrey Police,-0.165409,51.174714,On or near Albert Road,E01035361,Reigate and Banstead 018F,Anti-social behaviour,,
07981dd88e8db6cbfed9e212e369bd48d208cd8c532058b9955ad499fcec715a,2023-06,Surrey Police,Surrey Police,-0.166860,51.173118,On or near Elizabeth Court,E01035361,Reigate and Banstead 018F,Other theft,Unable to prosecute suspect,
c09700c0c714be28dd9391891475e58c95946992a03c6233ae6f6e954121135c,2023-06,Surrey Police,Surrey Police,-0.164292,51.172602,On or near Consort Way,E01035361,Reigate and Banstead 018F,Other theft,Investigation complete; no suspect identified,
a95053ad04a22a030b3f2f1cde5522a0d39803251178583026f01ec540a3b8ce,2023-06,Surrey Police,Surrey Police,-0.168716,51.175755,On or near Park View,E01035361,Reigate and Banstead 018F,Public order,Investigation complete; no suspect identified,
4dbd8ffb9126bb9dea8d425137a5685daf16bcf62549644a99001bfb2cd4a9c6,2023-06,Surrey Police,Surrey Police,-0.164292,51.172602,On or near Consort Way,E01035361,Reigate and Banstead 018F,Violence and sexual offences,Unable to prosecute suspect,
92cf408d22dd22799dd1300721be8cc9063ebd2b9f3a845dd9dfc52818fe2840,2023-06,Surrey Police,Surrey Police,-0.166860,51.173118,On or near Elizabeth Court,E01035361,Reigate and Banstead 018F,Violence and sexual offences,Investigation complete; no suspect identified,
0841c0a843e75b59df050f171e386180ec4be046e9002f28e6d15375da0cefbe,2023-06,Surrey Police,Surrey Police,-0.165409,51.174714,On or near Albert Road,E01035361,Reigate and Banstead 018F,Violence and sexual offences,Unable to prosecute suspect,
1a14fd1789c9d9c6a8145ffffb23168482cd4bd539b29e873b787b0d31908b42,2023-06,Surrey Police,Surrey Police,-0.165409,51.174714,On or near Albert Road,E01035361,Reigate and Banstead 018F,Violence and sexual offences,Unable to prosecute suspect,
d655831c9dfcc914ba5bb815baaaa573a456b1db884f64a3294a290dc88131b4,2023-06,Surrey Police,Surrey Police,-0.161491,51.169635,On or near Supermarket,E01035362,Reigate and Banstead 018G,Other theft,Court result unavailable,
977df1a33e054ec06c7720fb5a53063d9b47b28a6532874cdb59a3c45391d2b5,2023-06,Surrey Police,Surrey Police,-0.162425,51.172428,On or near High Street,E01035362,Reigate and Banstead 018G,Shoplifting,Court result unavailable,
5298b2ff91b2371a8fbee4dc534d372bc1f1c8d7cbdeaff5b68a641194bf885a,2023-06,Surrey Police,Surrey Police,-0.162425,51.172428,On or near High Street,E01035362,Reigate and Banstead 018G,Shoplifting,Court result unavailable,
,2023-06,Surrey Police,Surrey Police,-0.162425,51.172428,On or near High Street,E01035362,Reigate and Banstead 018G,Anti-social behaviour,,
,2023-06,Surrey Police,Surrey Police,-0.161250,51.172464,On or near Parking Area,E01035362,Reigate and Banstead 018G,Anti-social behaviour,,
,2023-06,Surrey Police,Surrey Police,-0.161250,51.172464,On or near Parking Area,E01035362,Reigate and Banstead 018G,Anti-social behaviour,,
,2023-06,Surrey Police,Surrey Police,-0.162425,51.172428,On or near High Street,E01035362,Reigate and Banstead 018G,Anti-social behaviour,,
,2023-06,Surrey Police,Surrey Police,-0.161250,51.172464,On or near Parking Area,E01035362,Reigate and Banstead 018G,Anti-social behaviour,,
086ba25e10e371257d606106d3cb8a2502226e2123b8e231aaf56a33aeffdf81,2023-06,Surrey Police,Surrey Police,-0.162425,51.172428,On or near High Street,E01035362,Reigate and Banstead 018G,Burglary,Investigation complete; no suspect identified,
ed07ef7ea5538947c8472babb36c31344e1d06b1971810e65eb614f23adc5e7f,2023-06,Surrey Police,Surrey Police,-0.161743,51.170871,On or near Parking Area,E01035362,Reigate and Banstead 018G,Other theft,Investigation complete; no suspect identified,
1ba556bc6bbf9127b2ed9eb7b7ec01f76e322a48dcdfbdd151f4847bd2ac3f38,2023-06,Surrey Police,Surrey Police,-0.169780,51.171285,On or near Pine Gardens,E01035362,Reigate and Banstead 018G,Other theft,Investigation complete; no suspect identified,
1ff5e223e4609613c49a9d2dd2c623a496ac2a15518b8ddd33cf81e08e6be1fe,2023-06,Surrey Police,Surrey Police,-0.163153,51.171370,On or near Victoria Road,E01035362,Reigate and Banstead 018G,Other theft,Investigation complete; no suspect identified,
709e3a7e1cd0b2962a6841013bb48b79664f0764e3ccdc82c5ba9e9f4b22228f,2023-06,Surrey Police,Surrey Police,-0.165212,51.172471,On or near Supermarket,E01035362,Reigate and Banstead 018G,Public order,Investigation complete; no suspect identified,
3a7f412c2516e1625e08f99a3bdcef83595d87bf5d3abae28998ec55298fb2a9,2023-06,Surrey Police,Surrey Police,-0.161250,51.172464,On or near Parking Area,E01035362,Reigate and Banstead 018G,Public order,Unable to prosecute suspect,
fc3dbee1da03485cc48d06831f4d7a984656ba744ea174bcd5a54222434fd4cd,2023-06,Surrey Police,Surrey Police,-0.161491,51.169635,On or near Supermarket,E01035362,Reigate and Banstead 018G,Public order,Unable to prosecute suspect,
ab5e690d8119adfeb535109be0efe9364a02430483cdd195744eb148b93cecb9,2023-06,Surrey Police,Surrey Police,-0.163153,51.171370,On or near Victoria Road,E01035362,Reigate and Banstead 018G,Public order,Unable to prosecute suspect,
0f6e79fde2b0a9de6cdec35dc37ee3d9f8d012eb7166da8997b6421b8e8d03ef,2023-06,Surrey Police,Surrey Police,-0.161491,51.169635,On or near Supermarket,E01035362,Reigate and Banstead 018G,Shoplifting,Investigation complete; no suspect identified,
4ed3a2d0fe35035641cb1d96f09314ccd36a3be46c04ade574fc7b8d56c981d6,2023-06,Surrey Police,Surrey Police,-0.163153,51.171370,On or near Victoria Road,E01035362,Reigate and Banstead 018G,Shoplifting,Investigation complete; no suspect identified,
7287109b80e8eb9f04a2971beb711a6b5d01d040bc867836718bf37ee1cb508b,2023-06,Surrey Police,Surrey Police,-0.163153,51.171370,On or near Victoria Road,E01035362,Reigate and Banstead 018G,Shoplifting,Investigation complete; no suspect identified,
0b5dbdb0b405a4fe6e1cfbeb7bd41840c670f0255ac18b78b0d3db1a455b579d,2023-06,Surrey Police,Surrey Police,-0.162425,51.172428,On or near High Street,E01035362,Reigate and Banstead 018G,Shoplifting,Unable to prosecute suspect,
a5c58947770bd94383b1a2c99d4d29f40d89b2111192184d49098ea5c1e4d824,2023-06,Surrey Police,Surrey Police,-0.161491,51.169635,On or near Supermarket,E01035362,Reigate and Banstead 018G,Shoplifting,Unable to prosecute suspect,
b2ac6c85fc39effd47549ea24b81629e9395d42811ee0df2f8c8f7c9cf2495bc,2023-06,Surrey Police,Surrey Police,-0.162425,51.172428,On or near High Street,E01035362,Reigate and Banstead 018G,Shoplifting,Investigation complete; no suspect identified,
3f37d952abff5c604fd5ca636af6ce5b0f7a1eb8856be300a7163ed48364fc51,2023-06,Surrey Police,Surrey Police,-0.161491,51.169635,On or near Supermarket,E01035362,Reigate and Banstead 018G,Shoplifting,Further investigation is not in the public interest,
5c1bfcdcee06b5f36057913c6fc1baa3d948b80928e0eaee5c2e422ad2305cb0,2023-06,Surrey Police,Surrey Police,-0.165212,51.172471,On or near Supermarket,E01035362,Reigate and Banstead 018G,Violence and sexual offences,Unable to prosecute suspect,
5771b1dda86b236fe516314e26ba81902504f371f7be63f30cfdd74416706103,2023-06,Surrey Police,Surrey Police,-0.165212,51.172471,On or near Supermarket,E01035362,Reigate and Banstead 018G,Violence and sexual offences,Unable to prosecute suspect,
ab7a8e754fc077a64f9c2c235ca95c11e2638461906f488f8937c05917cf99ba,2023-06,Surrey Police,Surrey Police,-0.161491,51.169635,On or near Supermarket,E01035362,Reigate and Banstead 018G,Violence and sexual offences,Unable to prosecute suspect,
7e5c9b1853e91b80f7a307664c1603e7676642a0d230ec271ed64ba68746596f,2023-06,Surrey Police,Surrey Police,-0.163153,51.171370,On or near Victoria Road,E01035362,Reigate and Banstead 018G,Violence and sexual offences,Unable to prosecute suspect,
4e41e4b8cb4414071b014ae34c5d8572d99726fd3dd22312fd08e2e51f350ce1,2023-06,Surrey Police,Surrey Police,-0.165212,51.172471,On or near Supermarket,E01035362,Reigate and Banstead 018G,Violence and sexual offences,Unable to prosecute suspect,
c8bde7ed31245777fb6a56600eba0700bf12ac9e6d38f77b317911c1433e40c9,2023-06,Surrey Police,Surrey Police,-0.162425,51.172428,On or near High Street,E01035362,Reigate and Banstead 018G,Violence and sexual offences,Investigation complete; no suspect identified,
fa0f968ba99406160f138ede003db4a5bf201fca8b8eb24f476105e4558c7ea8,2023-06,Surrey Police,Surrey Police,-0.165212,51.172471,On or near Supermarket,E01035362,Reigate and Banstead 018G,Violence and sexual offences,Unable to prosecute suspect,
79286b345274cc5e69a35deb27ad07c206b681d72daea7418625f6a7e9286e7e,2023-06,Surrey Police,Surrey Police,-0.162425,51.172428,On or near High Street,E01035362,Reigate and Banstead 018G,Violence and sexual offences,Local resolution,
d784bc843220a7ad63060ef05c17986d291cce2a44319f8cf75c535c3bf70c48,2023-06,Surrey Police,Surrey Police,-0.165212,51.172471,On or near Supermarket,E01035362,Reigate and Banstead 018G,Other crime,Investigation complete; no suspect identified,
49a9c0da822d162f3025d98ed7a11c3c37e0f83bf46d4510d670e62dbae0c186,2023-06,Surrey Police,Surrey Police,-0.381562,51.409967,On or near Lower Hampton Road,E01003826,Richmond upon Thames 023E,Other theft,Investigation complete; no suspect identified,
,2023-06,Surrey Police,Surrey Police,-0.547386,51.431131,On or near Parking Area,E01030667,Runnymede 001A,Anti-social behaviour,,
,2023-06,Surrey Police,Surrey Police,-0.544199,51.430929,On or near Grove Court,E01030667,Runnymede 001A,Anti-social behaviour,,
99097e5aca6cc3ef96576314df55fdf7f32ffda17208bd98af783e822e9509cb,2023-06,Surrey Police,Surrey Police,-0.545689,51.430201,On or near School Lane,E01030667,Runnymede 001A,Burglary,Status update unavailable,
9f4ec2fc7b937425e9d0402afb79493a2b8b04400c883bbd7f8f02ae6df8009c,2023-06,Surrey Police,Surrey Police,-0.546744,51.429153,On or near Parking Area,E01030667,Runnymede 001A,Robbery,Investigation complete; no suspect identified,
1c15dad4e5701ba066c000485cbc19077f1312537ae91d7202d4ecd54e595ac8,2023-06,Surrey Police,Surrey Police,-0.544133,51.428932,On or near Elwell Close,E01030667,Runnymede 001A,Vehicle crime,Investigation complete; no suspect identified,
db033a1db59b7a617b9045a0ed5337ed76c54fd2a33455ddf755c4484e9b70ce,2023-06,Surrey Police,Surrey Police,-0.542582,51.427924,On or near De Ros Place,E01030667,Runnymede 001A,Violence and sexual offences,Local resolution,
71ddbf0fba0bf83ef079aa69445fc3b826b9e004b82621afabaf0268edb9e226,2023-06,Surrey Police,Surrey Police,-0.542582,51.427924,On or near De Ros Place,E01030667,Runnymede 001A,Violence and sexual offences,Unable to prosecute suspect,
,2023-06,Surrey Police,Surrey Police,-0.546971,51.431953,On or near High Street,E01030668,Runnymede 001B,Anti-social behaviour,,
,2023-06,Surrey Police,Surrey Police,-0.551693,51.432758,On or near Fairhaven Court,E01030668,Runnymede 001B,Anti-social behaviour,,
,2023-06,Surrey Police,Surrey Police,-0.546971,51.431953,On or near High Street,E01030668,Runnymede 001B,Anti-social behaviour,,
4ef7e608a45f9e923ad18a186b15f677d50b1af9cf5e691790da3e97c2693a65,2023-06,Surrey Police,Surrey Police,-0.545712,51.431797,On or near Supermarket,E01030668,Runnymede 001B,Bicycle theft,Investigation complete; no suspect identified,
067f72f9eb32ca67fb646eb990f4bb7f0ba23c89a8ba7cf7ef4614df5bfddd48,2023-06,Surrey Police,Surrey Police,-0.543611,51.432226,On or near Manor Farm Lane,E01030668,Runnymede 001B,Drugs,Further investigation is not in the public interest,
9017a3493f4a1d85db250c430435e57b823e66a989e44ffed06f33374b0efe9f,2023-06,Surrey Police,Surrey Police,-0.546971,51.431953,On or near High Street,E01030668,Runnymede 001B,Other theft,Investigation complete; no suspect identified,
3c93158c27ad5d79bac8e8d48292e96d9e21666994b77385cf9a3cf316d66714,2023-06,Surrey Police,Surrey Police,-0.546971,51.431953,On or near High Street,E01030668,Runnymede 001B,Other theft,Investigation complete; no suspect identified,
37728c6313e8f72d6b906143be599c42632f08b94074cf85571cd00f71dac8af,2023-06,Surrey Police,Surrey Police,-0.544556,51.433254,On or near The Old Bakery,E01030668,Runnymede 001B,Public order,Investigation complete; no suspect identified,
3d0b2c559fbee8cb7fdecdb5796342370529972b6198c99316fbc15220da19a5,2023-06,Surrey Police,Surrey Police,-0.546971,51.431953,On or near High Street,E01030668,Runnymede 001B,Public order,Unable to prosecute suspect,
79f3cbedb20437183047d4d85f16fffdfde5e6b52f0c218d5ebb71634cf48f93,2023-06,Surrey Police,Surrey Police,-0.544556,51.433254,On or near The Old Bakery,E01030668,Runnymede 001B,Public order,Investigation complete; no suspect identified,
2b8c4f60edb1ce207f2c9f85ec455ce66f754815c28c09197eda7868fbe41d57,2023-06,Surrey Police,Surrey Police,-0.539061,51.435056,On or near Siebel Court,E01030668,Runnymede 001B,Public order,Investigation complete; no suspect identified,
a7aa3335609cca3f07c7ca48aa7901803aef1ef244db6e7b023d9c2ef4574ade,2023-06,Surrey Police,Surrey Police,-0.546971,51.431953,On or near High Street,E01030668,Runnymede 001B,Shoplifting,Investigation complete; no suspect identified,
22d94dd5a3e499f30159a91f3ddfc416dceb434196c95f2e0f4fc02ef434b904,2023-06,Surrey Police,Surrey Police,-0.546971,51.431953,On or near High Street,E01030668,Runnymede 001B,Shoplifting,Investigation complete; no suspect identified,
309cbfa488ac3774d3680819f4cdf98a808fbd40a7eaa6362a6de30aa19ecaa8,2023-06,Surrey Police,Surrey Police,-0.546971,51.431953,On or near High Street,E01030668,Runnymede 001B,Shoplifting,Investigation complete; no suspect identified,
92dfd10ddcd918cea780e9a90418d144737e7d3182c21923abce133ea37dfe35,2023-06,Surrey Police,Surrey Police,-0.546971,51.431953,On or near High Street,E01030668,Runnymede 001B,Shoplifting,Investigation complete; no suspect identified,
da529052d8d06323be1c4f6bfb66d07b7837ba5f807eb2bf902864be0edb4044,2023-06,Surrey Police,Surrey Police,-0.546971,51.431953,On or near High Street,E01030668,Runnymede 001B,Shoplifting,Investigation complete; no suspect identified,
d37352e17a737ff70adec453190fcccc1f2f191a6eff2240d658543c80dc288c,2023-06,Surrey Police,Surrey Police,-0.546971,51.431953,On or near High Street,E01030668,Runnymede 001B,Shoplifting,Investigation complete; no suspect identified,
a5f5346beb543036476ff8bd9f6ec16ebbdeeb83b471b1e6fc63c7a6ef24559a,2023-06,Surrey Police,Surrey Police,-0.546971,51.431953,On or near High Street,E01030668,Runnymede 001B,Shoplifting,Investigation complete; no suspect identified,
3ce028d3cbaae4b076346d7d482eac9ebae31c9b9d60f416eb771e3e733572bd,2023-06,Surrey Police,Surrey Police,-0.546971,51.431953,On or near High Street,E01030668,Runnymede 001B,Shoplifting,Investigation complete; no suspect identified,
fb2ed6c239f4e3e09082516d4328ba77b1e8ffb6b20f826615613dcaabcd53a9,2023-06,Surrey Police,Surrey Police,-0.544393,51.435230,On or near Strode Street,E01030668,Runnymede 001B,Vehicle crime,Investigation complete; no suspect identified,
a47faa10171f3edce526a2c1acabf2f24fbdab5c7624b18f8935b2de60c852bf,2023-06,Surrey Police,Surrey Police,-0.546971,51.431953,On or near High Street,E01030668,Runnymede 001B,Violence and sexual offences,Investigation complete; no suspect identified,
10bd48979b6d066a9258008dc2dd4d0b6151c5f1edc22e50a98fcf08f1782fe5,2023-06,Surrey Police,Surrey Police,-0.539061,51.435056,On or near Siebel Court,E01030668,Runnymede 001B,Violence and sexual offences,Unable to prosecute suspect,
bcdfdf5a5a497ca1c691f3a0f311cf495ddf75ca52da624ba9e0cbddbb743008,2023-06,Surrey Police,Surrey Police,-0.544556,51.433254,On or near The Old Bakery,E01030668,Runnymede 001B,Violence and sexual offences,Unable to prosecute suspect,
69d9e8d43d02d1716dc087d909d1f4bf4504bc1d0ae7097ea6085b32b5fb9c32,2023-06,Surrey Police,Surrey Police,-0.546971,51.431953,On or near High Street,E01030668,Runnymede 001B,Violence and sexual offences,Investigation complete; no suspect identified,
4484a1403e5ecd8c8c756bff6048b4d73701d1f2310d2c42b0a19861c43fcfca,2023-06,Surrey Police,Surrey Police,-0.546971,51.431953,On or near High Street,E01030668,Runnymede 001B,Violence and sexual offences,Investigation complete; no suspect identified,
7263fa1f7851c58e4c6cd061feb9d9581cbe86190b6aa31c1340bf6fb338dc52,2023-06,Surrey Police,Surrey Police,-0.546971,51.431953,On or near High Street,E01030668,Runnymede 001B,Violence and sexual offences,Unable to prosecute suspect,
,2023-06,Surrey Police,Surrey Police,-0.554117,51.428417,On or near The Crescent,E01030669,Runnymede 001C,Anti-social behaviour,,
,2023-06,Surrey Police,Surrey Police,-0.556134,51.426509,On or near Ripley Avenue,E01030669,Runnymede 001C,Anti-social behaviour,,
,2023-06,Surrey Police,Surrey Police,-0.554813,51.431168,On or near Petrol Station,E01030669,Runnymede 001C,Anti-social behaviour,,
,2023-06,Surrey Police,Surrey Police,-0.550183,51.430913,On or near Blue Ball Lane,E01030669,Runnymede 001C,Anti-social behaviour,,
,2023-06,Surrey Police,Surrey Police,-0.553817,51.431084,On or near Milton Road,E01030669,Runnymede 001C,Anti-social behaviour,,
,2023-06,Surrey Police,Surrey Police,-0.548500,51.431846,On or near Wetton Place,E01030669,Runnymede 001C,Anti-social behaviour,,
,2023-06,Surrey Police,Surrey Police,-0.553817,51.431084,On or near Milton Road,E01030669,Runnymede 001C,Anti-social behaviour,,
dc784739dd0136042bf003b10f1507f364c2ea151a5660795197446b66df3021,2023-06,Surrey Police,Surrey Police,-0.557379,51.428089,On or near Spring Rise,E01030669,Runnymede 001C,Criminal damage and arson,Investigation complete; no suspect identified,
200f014b8d2571833e266da309ffa5b4b93ebcc2e9fbda094d6874074a543307,2023-06,Surrey Police,Surrey Police,-0.556558,51.429931,On or near Malt Hill,E01030669,Runnymede 001C,Drugs,Further investigation is not in the public interest,
9a51ebef4f5f4fec1770e994b2bfe45a8a1fc21f7349840e8b3e98492f2fd55a,2023-06,Surrey Police,Surrey Police,-0.553027,51.432432,On or near Langham Place,E01030669,Runnymede 001C,Public order,Unable to prosecute suspect,
688f700e750ce4f56fb8b7dfc25783801d9132eed14a17add8f91ca742cd4f2c,2023-06,Surrey Police,Surrey Police,-0.548500,51.431846,On or near Wetton Place,E01030669,Runnymede 001C,Public order,Investigation complete; no suspect identified,
43638d48f06de04d2dff9fe0203e394ae31c9af437db7aed729b1d2d7dccd2fd,2023-06,Surrey Police,Surrey Police,-0.552772,51.431395,On or near Petrol Station,E01030669,Runnymede 001C,Shoplifting,Investigation complete; no suspect identified,
ada8924666e7508b5c2837e4bc66d6134ec72ea5f7e476020fa8723d17923277,2023-06,Surrey Police,Surrey Police,-0.556134,51.426509,On or near Ripley Avenue,E01030669,Runnymede 001C,Violence and sexual offences,Unable to prosecute suspect,
31d3286a51b65fcc933eaf37d4dd894776ed1ea4f72e2dceca142a700feb1ea8,2023-06,Surrey Police,Surrey Police,-0.548500,51.431846,On or near Wetton Place,E01030669,Runnymede 001C,Violence and sexual offences,Investigation complete; no suspect identified,
1aee9daf7c1d878c7b02e5b67a04b177d6b03ea2e7158a264af1437fbd970e3b,2023-06,Surrey Police,Surrey Police,-0.552557,51.430898,On or near Limes Road,E01030669,Runnymede 001C,Violence and sexual offences,Unable to prosecute suspect,
bde7116950c6bf1dc5156ce0b1e1e73fe89b95d1fd1d9a8d8b89a7cf09c92358,2023-06,Surrey Police,Surrey Police,-0.552557,51.430898,On or near Limes Road,E01030669,Runnymede 001C,Violence and sexual offences,Unable to prosecute suspect,
2d6324fba6d916a32e4812031d8d18fd38d0209899d2e3b6f0820fc980b56802,2023-06,Surrey Police,Surrey Police,-0.548500,51.431846,On or near Wetton Place,E01030669,Runnymede 001C,Violence and sexual offences,Investigation complete; no suspect identified,
007c0590b4683e87f77c43ba7e63ebfb4d41b7dc9ac3efb62084eac8d61c5224,2023-06,Surrey Police,Surrey Police,-0.554813,51.431168,On or near Petrol Station,E01030669,Runnymede 001C,Violence and sexual offences,Unable to prosecute suspect,
a14f2fc2e906be26229ae013c9aa7d4d8acc138d9b67cbe78f788df262546af4,2023-06,Surrey Police,Surrey Police,-0.548500,51.431846,On or near Wetton Place,E01030669,Runnymede 001C,Violence and sexual offences,Formal action is not in the public interest,
57fa1778a9e4df63ee54be313b0687fe60f3098eb0815b088161fdfbfdb07fc3,2023-06,Surrey Police,Surrey Police,-0.557379,51.428089,On or near Spring Rise,E01030669,Runnymede 001C,Other crime,Court result unavailable,
312ec4ccb0267e61501ae4d3d46cd354d275ee972e9e9918fb2a394dac3e0952,2023-06,Surrey Police,Surrey Police,-0.548653,51.426992,On or near Braywood Avenue,E01030670,Runnymede 001D,Burglary,Unable to prosecute suspect,
,2023-06,Surrey Police,Surrey Police,-0.553911,51.425843,On or near Nightingale Shott,E01030670,Runnymede 001D,Anti-social behaviour,,
92c6fbbd3c5340dcbbc93c4875fc2ef662596c71c720e81779b1bd87151bc3d6,2023-06,Surrey Police,Surrey Police,-0.552864,51.426666,On or near Windmill Shott,E01030670,Runnymede 001D,Criminal damage and arson,Investigation complete; no suspect identified,
baddb02ad8c8798a88278f79be3f9c5acd68c649401f905df4953194d40d525f,2023-06,Surrey Police,Surrey Police,-0.553911,51.425843,On or near Nightingale Shott,E01030670,Runnymede 001D,Public order,Unable to prosecute suspect,
5465f928e4991f20a0560b0903d6a240605a343e14e9d59f92899dca0afc2dc8,2023-06,Surrey Police,Surrey Police,-0.553911,51.425843,On or near Nightingale Shott,E01030670,Runnymede 001D,Public order,Status update unavailable,
2ff64f6aa493c5714a77078695c43fa91502e34c7e0adb130f3d12d81529d04b,2023-06,Surrey Police,Surrey Police,-0.552864,51.426666,On or near Windmill Shott,E01030670,Runnymede 001D,Violence and sexual offences,Status update unavailable,
00748bbe6996ece773e77a0670ec5027ce75b637c962084a3d873c6cc704165d,2023-06,Surrey Police,Surrey Police,-0.553911,51.425843,On or near Nightingale Shott,E01030670,Runnymede 001D,Violence and sexual offences,Status update unavailable,
58080e4fe32136f9ff0d9d2ed8e9e69d54a940bff6c5eb8bd5bec7bcf9fb3481,2023-06,Surrey Police,Surrey Police,-0.553703,51.427405,On or near Clarence Street,E01030670,Runnymede 001D,Violence and sexual offences,Investigation complete; no suspect identified,
76991074ce597e51f5e534a6d481d1e68e22ae7115c6bf040a52f3c7e8ae862f,2023-06,Surrey Police,Surrey Police,-0.553911,51.425843,On or near Nightingale Shott,E01030670,Runnymede 001D,Violence and sexual offences,Unable to prosecute suspect,
8ce49d448ad379013368fd5110f60e9ad52539302df89fc72cc9b4477932232b,2023-06,Surrey Police,Surrey Police,-0.552864,51.426666,On or near Windmill Shott,E01030670,Runnymede 001D,Violence and sexual offences,Unable to prosecute suspect,
7a4ffab9415c0633556f20664911ca17a76f4efc6377201b9d814355cc1fdec7,2023-06,Surrey Police,Surrey Police,-0.548653,51.426992,On or near Braywood Avenue,E01030670,Runnymede 001D,Violence and sexual offences,Unable to prosecute suspect,
250a026f2a743884765a4f96d09459c691e383714d9a25015dae4ab87d65761e,2023-06,Surrey Police,Surrey Police,-0.567218,51.425325,On or near Further/Higher Educational Building,E01030671,Runnymede 002A,Violence and sexual offences,Unable to prosecute suspect,
e92c4f27c1077aee2640c8c3c27743516e9c49b8171f8b626579a0883a004021,2023-06,Surrey Police,Surrey Police,-0.567218,51.425325,On or near Further/Higher Educational Building,E01030671,Runnymede 002A,Other crime,Court result unavailable,
,2023-06,Surrey Police,Surrey Police,-0.567218,51.425325,On or near Further/Higher Educational Building,E01030671,Runnymede 002A,Anti-social behaviour,,
,2023-06,Surrey Police,Surrey Police,-0.570582,51.422154,On or near Simons Walk,E01030671,Runnymede 002A,Anti-social behaviour,,
aa9cd6e87e1984fc1ba65b20ab1fc1a5dffd38c0aa9c97318715844be39b7569,2023-06,Surrey Police,Surrey Police,-0.567218,51.425325,On or near Further/Higher Educational Building,E01030671,Runnymede 002A,Bicycle theft,Investigation complete; no suspect identified,
2e44092d7fac1e92c43801a48bf32bb672bf62493bd1f1b0272ab8f7f8b2f2b4,2023-06,Surrey Police,Surrey Police,-0.567218,51.425325,On or near Further/Higher Educational Building,E01030671,Runnymede 002A,Bicycle theft,Investigation complete; no suspect identified,
12479f1f94bd6373eaa3977e6efd3043d4921cc6cb050eb229231cc4883b0210,2023-06,Surrey Police,Surrey Police,-0.568649,51.426006,On or near Highfield Road,E01030671,Runnymede 002A,Bicycle theft,Investigation complete; no suspect identified,
ff3b6c20e6d561724d8e293b8a31371f86e2f2e53b9c1fa090fb2f734c955c58,2023-06,Surrey Police,Surrey Police,-0.567218,51.425325,On or near Further/Higher Educational Building,E01030671,Runnymede 002A,Burglary,Investigation complete; no suspect identified,
31784321d256aa75db316bc510c1261f6e33f46a4431b760794912f3995e42eb,2023-06,Surrey Police,Surrey Police,-0.567218,51.425325,On or near Further/Higher Educational Building,E01030671,Runnymede 002A,Criminal damage and arson,Investigation complete; no suspect identified,
49dbc902b32c936ff0fd82a5a9167e4ec6b7c470a03f1c76b8df5c44214fd36f,2023-06,Surrey Police,Surrey Police,-0.567218,51.425325,On or near Further/Higher Educational Building,E01030671,Runnymede 002A,Drugs,Investigation complete; no suspect identified,
4f620e018a39eaab1e8dc4713d7856f12aaa7ab56b5c7d76775b0e403aaa9f10,2023-06,Surrey Police,Surrey Police,-0.567218,51.425325,On or near Further/Higher Educational Building,E01030671,Runnymede 002A,Drugs,Local resolution,
98f804909b741e983f96357a50d3c6b95d619c7bc295cffcc2d190fb1937625c,2023-06,Surrey Police,Surrey Police,-0.567218,51.425325,On or near Further/Higher Educational Building,E01030671,Runnymede 002A,Other theft,Investigation complete; no suspect identified,
5ca2678a6cb4479c6037e4a15a1a3d55f9a023a855ec5a6810bbcf4c3bb5e1d7,2023-06,Surrey Police,Surrey Police,-0.571706,51.426700,On or near Greenacre Court,E01030671,Runnymede 002A,Other theft,Unable to prosecute suspect,
11d66b713d3e4100fcd649fe23ce47a96f35f2b14d9dc267be0fab22e53fc13a,2023-06,Surrey Police,Surrey Police,-0.567218,51.425325,On or near Further/Higher Educational Building,E01030671,Runnymede 002A,Other theft,Investigation complete; no suspect identified,
597fde9afbc924e680727c5d2b56029dad315b889d78355bc764c18bfc8fe1b0,2023-06,Surrey Police,Surrey Police,-0.567218,51.425325,On or near Further/Higher Educational Building,E01030671,Runnymede 002A,Public order,Unable to prosecute suspect,
adf7e4db755f6917c4e708f7a71d4b1ae28d1bb94b5da987e180d6b199f0faad,2023-06,Surrey Police,Surrey Police,-0.568649,51.426006,On or near Highfield Road,E01030671,Runnymede 002A,Vehicle crime,Investigation complete; no suspect identified,
161714cb3e25451c3bf3f57b3824334655e8794e1c3083db8bff2deabb77e5d8,2023-06,Surrey Police,Surrey Police,-0.567218,51.425325,On or near Further/Higher Educational Building,E01030671,Runnymede 002A,Vehicle crime,Investigation complete; no suspect identified,
4e17f2e61209a231e2e92269af6abf6798cf66024830e0744c3338982bd99096,2023-06,Surrey Police,Surrey Police,-0.567218,51.425325,On or near Further/Higher Educational Building,E01030671,Runnymede 002A,Vehicle crime,Investigation complete; no suspect identified,
aba6e5019ecb30bc1ece112f613c73e48c4237a96817145408883873d3105c9e,2023-06,Surrey Police,Surrey Police,-0.567218,51.425325,On or near Further/Higher Educational Building,E01030671,Runnymede 002A,Violence and sexual offences,Unable to prosecute suspect,
a1d9b65a572fff3770bb06fe66fc7e5332fb51b404531f1959cdf447819830b1,2023-06,Surrey Police,Surrey Police,-0.568649,51.426006,On or near Highfield Road,E01030671,Runnymede 002A,Violence and sexual offences,Unable to prosecute suspect,
0b20f18a5f0eae8482f126c355fe71d7311d4df48b1ca338b287a0130280b440,2023-06,Surrey Police,Surrey Police,-0.567218,51.425325,On or near Further/Higher Educational Building,E01030671,Runnymede 002A,Violence and sexual offences,Unable to prosecute suspect,
,2023-06,Surrey Police,Surrey Police,-0.563005,51.428023,On or near Egham Hill,E01030672,Runnymede 002B,Anti-social behaviour,,
,2023-06,Surrey Police,Surrey Police,-0.555713,51.431207,On or near Falaise,E01030672,Runnymede 002B,Anti-social behaviour,,
,2023-06,Surrey Police,Surrey Police,-0.557987,51.431154,On or near Alder Close,E01030672,Runnymede 002B,Anti-social behaviour,,
,2023-06,Surrey Police,Surrey Police,-0.566872,51.429032,On or near St Cuthbert'S Close,E01030672,Runnymede 002B,Anti-social behaviour,,
,2023-06,Surrey Police,Surrey Police,-0.570048,51.429116,On or near Victoria Street,E01030672,Runnymede 002B,Anti-social behaviour,,
,2023-06,Surrey Police,Surrey Police,-0.571802,51.429156,On or near Parking Area,E01030672,Runnymede 002B,Anti-social behaviour,,
,2023-06,Surrey Police,Surrey Police,-0.555713,51.431207,On or near Falaise,E01030672,Runnymede 002B,Anti-social behaviour,,
a85a82898b7901c26ae6a279d3ccee3eb2bc30749ab93a908216bdaf4749398a,2023-06,Surrey Police,Surrey Police,-0.558992,51.428927,On or near Furzedown Close,E01030672,Runnymede 002B,Drugs,Local resolution,
cec28b40cf9d40f3dfd9d7e0c85cf650d7d9dc27f98582f5f0f2be73116e767a,2023-06,Surrey Police,Surrey Police,-0.555713,51.431207,On or near Falaise,E01030672,Runnymede 002B,Drugs,Investigation complete; no suspect identified,
eb54a7aa232f536c1ddcb5be32e462179c56075a0aec112e8b940f0fc4937691,2023-06,Surrey Police,Surrey Police,-0.564684,51.428169,On or near Chestnut Drive,E01030672,Runnymede 002B,Drugs,Investigation complete; no suspect identified,
a3d3c73c459a148eefe5f6de20297b7b0e47421f7b0e5e8430cbc3f3d0517129,2023-06,Surrey Police,Surrey Police,-0.561759,51.422343,On or near Prune Hill,E01030672,Runnymede 002B,Other theft,Investigation complete; no suspect identified,
14410859ec517c97a4304b9df2aaacab0244d31a5e41f63c44a052868e1bcbb7,2023-06,Surrey Police,Surrey Police,-0.564684,51.428169,On or near Chestnut Drive,E01030672,Runnymede 002B,Public order,Further action is not in the public interest,
26292927a4670fdf03d6f100a251ce2d8490fffdf66ae719226f657d84cac85a,2023-06,Surrey Police,Surrey Police,-0.564684,51.428169,On or near Chestnut Drive,E01030672,Runnymede 002B,Public order,Further investigation is not in the public interest,
519049ccf8234590bc901e6b552f7c3701b01dde7528c18545a8e40220050366,2023-06,Surrey Police,Surrey Police,-0.566872,51.429032,On or near St Cuthbert'S Close,E01030672,Runnymede 002B,Public order,Unable to prosecute suspect,
f3b18e82d5a07ea0646300f8e2d349a94b93b13af8191824cc4e8f698f3df488,2023-06,Surrey Police,Surrey Police,-0.564684,51.428169,On or near Chestnut Drive,E01030672,Runnymede 002B,Public order,Investigation complete; no suspect identified,
78fc49cd2ac293c787b8fdfc8ccf402cf647ae003e6ddb792f16c178b02572fe,2023-06,Surrey Police,Surrey Police,-0.558646,51.429885,On or near Kinburn Drive,E01030672,Runnymede 002B,Violence and sexual offences,Local resolution,
9aad8b70bd4328d335cc3f5b97f44126396e559fd3f38b974acedf0a58efef21,2023-06,Surrey Police,Surrey Police,-0.579437,51.421848,On or near Wick Road,E01030673,Runnymede 002C,Criminal damage and arson,Court result unavailable,
4a57347dcf5b185fcf0ea7f59f1d1800302c565508e27fa5b56b181592968cce,2023-06,Surrey Police,Surrey Police,-0.582461,51.428709,On or near Kings Lane,E01030673,Runnymede 002C,Violence and sexual offences,Awaiting court outcome,
,2023-06,Surrey Police,Surrey Police,-0.582461,51.428709,On or near Kings Lane,E01030673,Runnymede 002C,Anti-social behaviour,,
,2023-06,Surrey Police,Surrey Police,-0.583856,51.420804,On or near Parking Area,E01030673,Runnymede 002C,Anti-social behaviour,,
29c1d239a291587761fa62cdae0acc6dc887e83a4efb1b975f47bfaa7836053e,2023-06,Surrey Police,Surrey Police,-0.566276,51.448071,On or near Parking Area,E01030673,Runnymede 002C,Criminal damage and arson,Investigation complete; no suspect identified,
b00499b9caa433327eaa551a18379068f41f65f6f0388ff5d5e09381e823fc84,2023-06,Surrey Police,Surrey Police,-0.585751,51.440934,On or near Crimp Hill,E01030673,Runnymede 002C,Other theft,Investigation complete; no suspect identified,
1f5557d59ab03ce594613343f1f6bb3ae60e238731ec692751a1405858124cbc,2023-06,Surrey Police,Surrey Police,-0.568491,51.437523,On or near Hox Park Drive,E01030673,Runnymede 002C,Other theft,Investigation complete; no suspect identified,
4733fcd2235b061f62ed377992a26937d90f3a3ef4706f4b83f0eea109ec3997,2023-06,Surrey Police,Surrey Police,-0.582461,51.428709,On or near Kings Lane,E01030673,Runnymede 002C,Public order,Unable to prosecute suspect,
5b15ee664c2876be8b94a6cc9f84c9f39a651ba771ddbc53ea84c3eb88fd9678,2023-06,Surrey Police,Surrey Police,-0.582461,51.428709,On or near Kings Lane,E01030673,Runnymede 002C,Public order,Court result unavailable,
b89e59b445eb24a2a0644fcbcdc3c1282b0e200bb417988a240e1eaf05eee55e,2023-06,Surrey Police,Surrey Police,-0.582461,51.428709,On or near Kings Lane,E01030673,Runnymede 002C,Public order,Status update unavailable,
5b31d880eba5445ce2f831eaef40bbd11983d71b0e2c6aedb43d38ba39fa047e,2023-06,Surrey Police,Surrey Police,-0.582461,51.428709,On or near Kings Lane,E01030673,Runnymede 002C,Public order,Unable to prosecute suspect,
8a33c5b2b1ae66f10d0fd53a92021e3382050136881729eb32875abf4e5c3ffd,2023-06,Surrey Police,Surrey Police,-0.579437,51.421848,On or near Wick Road,E01030673,Runnymede 002C,Public order,Unable to prosecute suspect,
422c27b90d2d53f7a05ab8849f1d518ad3fb2c174eeac743a574ddb887bc67e8,2023-06,Surrey Police,Surrey Police,-0.595777,51.426028,On or near Parking Area,E01030673,Runnymede 002C,Public order,Unable to prosecute suspect,
fc46244b1ef375613550d15256bac4fd8ad010051b987e662391fe77ba7f1136,2023-06,Surrey Police,Surrey Police,-0.595777,51.426028,On or near Parking Area,E01030673,Runnymede 002C,Vehicle crime,Investigation complete; no suspect identified,
125337c3d246e1a9b72462c24e4d0fe97b84d5662e3c1896bf66506d94d4c2c9,2023-06,Surrey Police,Surrey Police,-0.579437,51.421848,On or near Wick Road,E01030673,Runnymede 002C,Vehicle crime,Unable to prosecute suspect,
a2401aa7742ec44051d3c27b8ac1d1fae5cc207d4293c28db10f321b13431b0a,2023-06,Surrey Police,Surrey Police,-0.582461,51.428709,On or near Kings Lane,E01030673,Runnymede 002C,Violence and sexual offences,Unable to prosecute suspect,
f9c471cf5016c5561254a7af24618cfbe4a772a0d5f97cf01dea97a1c1467330,2023-06,Surrey Police,Surrey Police,-0.582461,51.428709,On or near Kings Lane,E01030673,Runnymede 002C,Violence and sexual offences,Unable to prosecute suspect,
75eebc799a6732be936bc1bcda6788d89e9b7b5106f0817b33917205414fac74,2023-06,Surrey Police,Surrey Police,-0.582461,51.428709,On or near Kings Lane,E01030673,Runnymede 002C,Violence and sexual offences,Status update unavailable,
6f12aeffb3b91d92e2536776a291d474ade552ffc17c003b8c8294a3c13ffee8,2023-06,Surrey Police,Surrey Police,-0.583856,51.420804,On or near Parking Area,E01030673,Runnymede 002C,Violence and sexual offences,Formal action is not in the public interest,
a8ce480f6470acdc2e77bb96300697154aaa1efa40bd7294b2102712b8bf7805,2023-06,Surrey Police,Surrey Police,-0.595777,51.426028,On or near Parking Area,E01030673,Runnymede 002C,Violence and sexual offences,Unable to prosecute suspect,
b14df72fba1f30c72f90bb4220b40b86e4b1015a3842afb417d8a1c98e60542e,2023-06,Surrey Police,Surrey Police,-0.595777,51.426028,On or near Parking Area,E01030673,Runnymede 002C,Violence and sexual offences,Unable to prosecute suspect,
8f9c0be4839094dbe2b7033b9b3a2e6ac5458950949dbec4b1334dca600f1025,2023-06,Surrey Police,Surrey Police,-0.595777,51.426028,On or near Parking Area,E01030673,Runnymede 002C,Violence and sexual offences,Unable to prosecute suspect,
860983c21e557785f859cb1c5d4a3a10eec2e5494e6118ff8c0a499b3362c74b,2023-06,Surrey Police,Surrey Police,-0.579437,51.421848,On or near Wick Road,E01030673,Runnymede 002C,Violence and sexual offences,Unable to prosecute suspect,
9691a92d2b95985a9b78143cd587d1d83c659a79e940522512ea913821b3a600,2023-06,Surrey Police,Surrey Police,-0.579437,51.421848,On or near Wick Road,E01030673,Runnymede 002C,Violence and sexual offences,Unable to prosecute suspect,
,2023-06,Surrey Police,Surrey Police,-0.574869,51.429966,On or near Torin Court,E01030674,Runnymede 002D,Anti-social behaviour,,
46eec70c2ac079e6562473487fe506afcdabd86eeb65d2a95d91abf68f9734b2,2023-06,Surrey Police,Surrey Police,-0.577405,51.427524,On or near Hanover Close,E01030674,Runnymede 002D,Other theft,Investigation complete; no suspect identified,
6d154637c0cf32f3cfb6401c9fb3718063dff6f59c860bb13e74113a9a2d818f,2023-06,Surrey Police,Surrey Police,-0.578532,51.428293,On or near Sycamore Walk,E01030674,Runnymede 002D,Vehicle crime,Investigation complete; no suspect identified,
bcbd7e0d011d3b8a3b8bed683907c655902c54039348e679ea63ac1760296dbe,2023-06,Surrey Police,Surrey Police,-0.577382,51.428279,On or near Chestnut Close,E01030674,Runnymede 002D,Violence and sexual offences,Unable to prosecute suspect,
b60e7c9ded77d1dedc9727d6935451526156cbeda911f425ce8a2b48c3d4e72f,2023-06,Surrey Police,Surrey Police,-0.577405,51.427524,On or near Hanover Close,E01030674,Runnymede 002D,Violence and sexual offences,Investigation complete; no suspect identified,
b761c79885f6c8973ff58636b4b81703f7913feaf205a867f0b6a9a0d71e2aa3,2023-06,Surrey Police,Surrey Police,-0.577382,51.428279,On or near Chestnut Close,E01030674,Runnymede 002D,Violence and sexual offences,Unable to prosecute suspect,
5d9dbe23f511e1b838668359995ac6d3ed2c3e4a128f857f0cfcd6ae68c2b19f,2023-06,Surrey Police,Surrey Police,-0.581247,51.431653,On or near Northcroft Villas,E01030674,Runnymede 002D,Violence and sexual offences,Unable to prosecute suspect,
c3a89087e26de49c8373311da36075a652522e8fa48bd88fab669c4d33d87f8f,2023-06,Surrey Police,Surrey Police,-0.576720,51.425978,On or near Ravenfield,E01030674,Runnymede 002D,Violence and sexual offences,Unable to prosecute suspect,
c8b53d7cb2acc97a885aac856362d6f482f249da261cfa6fbfdeaa769e923417,2023-06,Surrey Police,Surrey Police,-0.581355,51.430980,On or near Schroder Court,E01030674,Runnymede 002D,Violence and sexual offences,Further investigation is not in the public interest,
6fd8e3be32d7f1fe98da4cfa2be1f10ad520e2f87073be834b909019a6c7b3cd,2023-06,Surrey Police,Surrey Police,-0.576436,51.422144,On or near Queenswood Crescent,E01030675,Runnymede 002E,Bicycle theft,Investigation complete; no suspect identified,
4ff7cbe8a90067b10927dada387613da2841e1685d06247bea60175b87e30262,2023-06,Surrey Police,Surrey Police,-0.576436,51.422144,On or near Queenswood Crescent,E01030675,Runnymede 002E,Burglary,Status update unavailable,
a568ea85cd0cf60bcbcbf82ae158183c4366e8ff7e1146320d25315f915551f6,2023-06,Surrey Police,Surrey Police,-0.579189,51.425648,On or near Hazel Close,E01030675,Runnymede 002E,Criminal damage and arson,Investigation complete; no suspect identified,
03f4f361e251275b2fb16edf2e16e1075e77a17cc2f7a3bf276fe9ec7e4ce2ad,2023-06,Surrey Police,Surrey Police,-0.576436,51.422144,On or near Queenswood Crescent,E01030675,Runnymede 002E,Other theft,Investigation complete; no suspect identified,
e1e4f0f2c87cb8b8ffd06901165cfdf15b3d753877642dc36bc51700dbcb7435,2023-06,Surrey Police,Surrey Police,-0.579189,51.425648,On or near Hazel Close,E01030675,Runnymede 002E,Violence and sexual offences,Local resolution,
4a24fd5a4a9769e1797213f7cd9f317a5dad212803e27561681ed8390a74af39,2023-06,Surrey Police,Surrey Police,-0.576436,51.422144,On or near Queenswood Crescent,E01030675,Runnymede 002E,Violence and sexual offences,Unable to prosecute suspect,
b01ea7fe03cc66ed73a442a4ad25677cd8188addd02ac3dcc3aac30383d28a5c,2023-06,Surrey Police,Surrey Police,-0.576436,51.422144,On or near Queenswood Crescent,E01030675,Runnymede 002E,Violence and sexual offences,Status update unavailable,
e53328b5075cf4eb097167cbb5a7ee48c2a3898256b3fc0133ed50eb3c73b9c7,2023-06,Surrey Police,Surrey Police,-0.576436,51.422144,On or near Queenswood Crescent,E01030675,Runnymede 002E,Violence and sexual offences,Status update unavailable,
0f7b9a55046e100e6438807f563b7c364fd066751e5035b13c5b1d449d31fd77,2023-06,Surrey Police,Surrey Police,-0.580026,51.424634,On or near Ilex Close,E01030675,Runnymede 002E,Violence and sexual offences,Unable to prosecute suspect,
,2023-06,Surrey Police,Surrey Police,-0.583085,51.426658,On or near Beechtree Avenue,E01030676,Runnymede 002F,Anti-social behaviour,,
,2023-06,Surrey Police,Surrey Police,-0.581509,51.428311,On or near Almond Close,E01030676,Runnymede 002F,Anti-social behaviour,,
,2023-06,Surrey Police,Surrey Police,-0.582865,51.424461,On or near Copper Beech Mews,E01030676,Runnymede 002F,Anti-social behaviour,,
,2023-06,Surrey Police,Surrey Police,-0.581509,51.428311,On or near Almond Close,E01030676,Runnymede 002F,Anti-social behaviour,,
,2023-06,Surrey Police,Surrey Police,-0.580151,51.424329,On or near Duel Court,E01030676,Runnymede 002F,Anti-social behaviour,,
aa1de677d3b5f4207bea1668fb2ff022c2413d9c6466bd32ee691e914e675207,2023-06,Surrey Police,Surrey Police,-0.579932,51.426296,On or near Elmbank Avenue,E01030676,Runnymede 002F,Criminal damage and arson,Investigation complete; no suspect identified,
dafed4f9a0eb48e2f1872d07173a9b8e9f6282c7c8a8e946c2e1b1c3265df892,2023-06,Surrey Police,Surrey Police,-0.579932,51.426296,On or near Elmbank Avenue,E01030676,Runnymede 002F,Criminal damage and arson,Unable to prosecute suspect,
ca8dbcbda87ef7b218cdb6c8021c1e5c939ea44f6f9b6b0524a2c03f94a1269e,2023-06,Surrey Police,Surrey Police,-0.582054,51.425099,On or near Linden Court,E01030676,Runnymede 002F,Drugs,Investigation complete; no suspect identified,
a220ca1d7beb158875e656d91741e7686a9283f2950be2ab392379cb2b80e0ec,2023-06,Surrey Police,Surrey Police,-0.581017,51.426075,On or near Maple Court,E01030676,Runnymede 002F,Violence and sexual offences,Local resolution,
4c94b79f7929a022dd2786d6fb04a1f4c2c7080e77bbcba138c649ab05c7ca9d,2023-06,Surrey Police,Surrey Police,-0.582054,51.425099,On or near Linden Court,E01030676,Runnymede 002F,Violence and sexual offences,Unable to prosecute suspect,
f07be8d6cd2fc0140069cb59a48c07d916261a4977c561782754a5b7b402e441,2023-06,Surrey Police,Surrey Police,-0.579932,51.426296,On or near Elmbank Avenue,E01030676,Runnymede 002F,Violence and sexual offences,Unable to prosecute suspect,
b2a1ea57f72203392a5855ebd02d4cef7df8bc42ebff6096efc71fe7a7b6510e,2023-06,Surrey Police,Surrey Police,-0.583085,51.426658,On or near Beechtree Avenue,E01030676,Runnymede 002F,Violence and sexual offences,Unable to prosecute suspect,
23ce00dcb38a272bccc3a8988ecbd607834714d42d4ec676c1d197198f3e88ac,2023-06,Surrey Police,Surrey Police,-0.581717,51.426246,On or near Pine Way,E01030676,Runnymede 002F,Violence and sexual offences,Further investigation is not in the public interest,
a269e5be33bcfd27e6790b7d5ec55eb35d4c2923708d9d2c61001bbe0fff718c,2023-06,Surrey Police,Surrey Police,-0.582865,51.424461,On or near Copper Beech Mews,E01030676,Runnymede 002F,Violence and sexual offences,Further investigation is not in the public interest,
28ea36996281410303690214713af1d6e695c030569a295a15897b9bde25b1ae,2023-06,Surrey Police,Surrey Police,-0.580927,51.427594,On or near Larchwood Drive,E01030676,Runnymede 002F,Violence and sexual offences,Action to be taken by another organisation,
7564ab969791cbe4618ca722e1d875d331ea8c685a7c9259f5be60a2dd34d861,2023-06,Surrey Police,Surrey Police,-0.582054,51.425099,On or near Linden Court,E01030676,Runnymede 002F,Violence and sexual offences,Unable to prosecute suspect,
cf02960066e8ccaa5542cb9c9fcf7bf1db53c7c9e6bffd2d480d31066de14655,2023-06,Surrey Police,Surrey Police,-0.581017,51.426075,On or near Maple Court,E01030676,Runnymede 002F,Violence and sexual offences,Investigation complete; no suspect identified,
56544c29ea5a07dd268b10154124b354c97594460f34480d6361e7491240f967,2023-06,Surrey Police,Surrey Police,-0.583085,51.426658,On or near Beechtree Avenue,E01030676,Runnymede 002F,Violence and sexual offences,Unable to prosecute suspect,
,2023-06,Surrey Police,Surrey Police,-0.515887,51.429612,On or near Farm Close,E01030663,Runnymede 003A,Anti-social behaviour,,
,2023-06,Surrey Police,Surrey Police,-0.523393,51.424505,On or near Sports/Recreation Area,E01030663,Runnymede 003A,Anti-social behaviour,,
,2023-06,Surrey Police,Surrey Police,-0.516658,51.428012,On or near Cornwall Way,E01030663,Runnymede 003A,Anti-social behaviour,,
5385c016ab9b642e74b49f45322ab897d17f8a02ec845103cd62c2c035dfe17d,2023-06,Surrey Police,Surrey Police,-0.515593,51.429375,On or near Monsell Gardens,E01030663,Runnymede 003A,Criminal damage and arson,Unable to prosecute suspect,
db6d62c38b42ea47e3c0c7068b3d3b79828c3bdba8442effe31b5bcadcdad14b,2023-06,Surrey Police,Surrey Police,-0.521333,51.426237,On or near Hythefield Avenue,E01030663,Runnymede 003A,Criminal damage and arson,Further investigation is not in the public interest,
e08afdeab01dbeec86b290f2cf9832d1ed9dde643bf5665fb7911b0165622ca7,2023-06,Surrey Police,Surrey Police,-0.516658,51.428012,On or near Cornwall Way,E01030663,Runnymede 003A,Criminal damage and arson,Investigation complete; no suspect identified,
26b89f0b29929e629659e282384056a1c3663f750deeb9eff97cc4baed875abd,2023-06,Surrey Police,Surrey Police,-0.515593,51.429375,On or near Monsell Gardens,E01030663,Runnymede 003A,Public order,Investigation complete; no suspect identified,
3a3b27bba8349edac79363e1b8b7b3392b3b2194176df3189a31d2a313bdde2d,2023-06,Surrey Police,Surrey Police,-0.515593,51.429375,On or near Monsell Gardens,E01030663,Runnymede 003A,Violence and sexual offences,Unable to prosecute suspect,
159535490abe6a5ee8cd72ac05b0377736c1479b4eb07c289b1e9b30c0718ea7,2023-06,Surrey Police,Surrey Police,-0.515887,51.429612,On or near Farm Close,E01030663,Runnymede 003A,Violence and sexual offences,Court result unavailable,
49ba436973b1c3c2fb40b7d744c9f68309c3c49a7e0f84749e0847051b1d68ad,2023-06,Surrey Police,Surrey Police,-0.519842,51.428322,On or near St Paul'S Road,E01030663,Runnymede 003A,Violence and sexual offences,Action to be taken by another organisation,
33861db92a6c9caf6b13d4f8799645604b80497f80fa36d63750f8df6623292f,2023-06,Surrey Police,Surrey Police,-0.532722,51.431739,On or near Mullens Road,E01030664,Runnymede 003B,Vehicle crime,Unable to prosecute suspect,
,2023-06,Surrey Police,Surrey Police,-0.537577,51.431054,On or near Tinsey Close,E01030664,Runnymede 003B,Anti-social behaviour,,
,2023-06,Surrey Police,Surrey Police,-0.532111,51.427469,On or near Wards Place,E01030664,Runnymede 003B,Anti-social behaviour,,
fa67cd9c2880caacca6c8d70cd019c2e57317e4c18ca1a239a7265b653a9ec27,2023-06,Surrey Police,Surrey Police,-0.532811,51.425365,On or near Medlake Road,E01030664,Runnymede 003B,Bicycle theft,Investigation complete; no suspect identified,
dacb90cb196fe2328468ad5233de06a1b8d2d71eefc19bdcda8ef1c3ddeeaab8,2023-06,Surrey Police,Surrey Police,-0.533531,51.430724,On or near Pooley Green Close,E01030664,Runnymede 003B,Burglary,Status update unavailable,
c6ce33ef8b8eb361d63c864429ed0bc36d94fa408d45901ea6470170aa9ec8d3,2023-06,Surrey Police,Surrey Police,-0.532366,51.428021,On or near Holbrook Meadow,E01030664,Runnymede 003B,Criminal damage and arson,Investigation complete; no suspect identified,
a3ba7c1255e8d23df1af8f4a643a5bd859b9423b4928748f627555d60fb721a9,2023-06,Surrey Police,Surrey Police,-0.533922,51.433805,On or near Lovett Road,E01030664,Runnymede 003B,Drugs,Local resolution,
bb97e37b25720f2a626434ec97553b19764f20ab9ea115df169f6b680527a817,2023-06,Surrey Police,Surrey Police,-0.533922,51.433805,On or near Lovett Road,E01030664,Runnymede 003B,Drugs,Further investigation is not in the public interest,
5f62b9818e98e3e4f4646b863ada13aade1de3dceab64699ad2d9a78487eb714,2023-06,Surrey Police,Surrey Police,-0.534427,51.431050,On or near Rhodes Close,E01030664,Runnymede 003B,Drugs,Further investigation is not in the public interest,
435a3b3fe89eb24139a1b193509f8478d956cf2d76c913d59d29fc02618a5145,2023-06,Surrey Police,Surrey Police,-0.533531,51.430724,On or near Pooley Green Close,E01030664,Runnymede 003B,Public order,Offender given a caution,
2d8aebd15f152d4e88ec52690192becea7ee3b07997054b701cd4956765fb422,2023-06,Surrey Police,Surrey Police,-0.533531,51.430724,On or near Pooley Green Close,E01030664,Runnymede 003B,Public order,Offender given a caution,
8186bbc14d1f0937993c5ad8e8e60d2d06e8abbfdcdfc79ad124c5d29554df89,2023-06,Surrey Police,Surrey Police,-0.531933,51.432116,On or near Jutland Place,E01030664,Runnymede 003B,Vehicle crime,Investigation complete; no suspect identified,
569036731a3396ff8e460afa4ca5339f99dd467637225d2b716bbeacbbf2b1df,2023-06,Surrey Police,Surrey Police,-0.531417,51.428009,On or near Argent Close,E01030664,Runnymede 003B,Violence and sexual offences,Court result unavailable,
e237d1e3ded5432d399ee6f9684840339607eaa351433636fcb6ab2f07a12e0d,2023-06,Surrey Police,Surrey Police,-0.533641,51.432218,On or near Alexander Road,E01030664,Runnymede 003B,Violence and sexual offences,Action to be taken by another organisation,
95b01420075c72e114a33cbf7f2ee148e7d6c23dd1f5529e6faaeb376a4e65b6,2023-06,Surrey Police,Surrey Police,-0.533531,51.430724,On or near Pooley Green Close,E01030664,Runnymede 003B,Violence and sexual offences,Unable to prosecute suspect,
bd30257182dab0792a445f2cb7551c08a95623f9f837d367617f14d81f8c27a3,2023-06,Surrey Police,Surrey Police,-0.531183,51.430821,On or near Field View,E01030664,Runnymede 003B,Other crime,Court result unavailable,
,2023-06,Surrey Police,Surrey Police,-0.528889,51.433265,On or near New Road,E01030665,Runnymede 003C,Anti-social behaviour,,
dd141241d40f7c319b419b0fbcb685ad281290a69c327124df6c4defe116373b,2023-06,Surrey Police,Surrey Police,-0.527689,51.429419,On or near Roundway,E01030665,Runnymede 003C,Criminal damage and arson,Investigation complete; no suspect identified,
5a3901bf580ec1b2224492049d441e1a9ae7828859054a74979db06e34fa7b10,2023-06,Surrey Police,Surrey Police,-0.534900,51.435588,On or near Woodhaw,E01030665,Runnymede 003C,Public order,Investigation complete; no suspect identified,
ac2b1cb35d0e57f46ca9bd5e9f7f93eea9941c8ddef7167494c0a774d85e02a7,2023-06,Surrey Police,Surrey Police,-0.528889,51.433265,On or near New Road,E01030665,Runnymede 003C,Vehicle crime,Investigation complete; no suspect identified,
f6853ca305bb3051d4ce07b9139b893e85a75d2e2c0a1a1700639d5a5fcb7a5c,2023-06,Surrey Police,Surrey Police,-0.534900,51.435588,On or near Woodhaw,E01030665,Runnymede 003C,Violence and sexual offences,Unable to prosecute suspect,
427ac337240ddc165c7402e590bda57fb8c006b57df8f716cb551de2da761a83,2023-06,Surrey Police,Surrey Police,-0.525368,51.426468,On or near Barons Way,E01030665,Runnymede 003C,Violence and sexual offences,Action to be taken by another organisation,
08d90b5aa08467c5473cf7f640f819f5b7fcca61e459c2a8e9fc383c78004a2f,2023-06,Surrey Police,Surrey Police,-0.530938,51.427239,On or near Pond Road,E01030665,Runnymede 003C,Violence and sexual offences,Unable to prosecute suspect,
d32cd9d221b452a43fec603c98a05dd16cce6b4c60a125360f14473e84e122ca,2023-06,Surrey Police,Surrey Police,-0.530938,51.427239,On or near Pond Road,E01030665,Runnymede 003C,Violence and sexual offences,Unable to prosecute suspect,
2bc952de940fea3a6845d88ac344f80cbc0284bf73bfd493edaa2a5319588f60,2023-06,Surrey Police,Surrey Police,-0.516144,51.431459,On or near Boleyn Close,E01030666,Runnymede 003D,Other crime,Court result unavailable,
,2023-06,Surrey Police,Surrey Police,-0.519670,51.433625,On or near Kingsbury Crescent,E01030666,Runnymede 003D,Anti-social behaviour,,
,2023-06,Surrey Police,Surrey Police,-0.519578,51.432491,On or near Supermarket,E01030666,Runnymede 003D,Anti-social behaviour,,
6a66a4537296db86da204259ec23c665d8695fb553dce77d678c6419bd632b23,2023-06,Surrey Police,Surrey Police,-0.521385,51.429538,On or near Conference/Exhibition Centre,E01030666,Runnymede 003D,Bicycle theft,Status update unavailable,
60e30c70f6fd51e4f3cf63c30bfc9e75547339fa7ec3a8b49bd3a58a808899e8,2023-06,Surrey Police,Surrey Police,-0.521385,51.429538,On or near Conference/Exhibition Centre,E01030666,Runnymede 003D,Bicycle theft,Status update unavailable,
10e5a240d98828a04a665d301c76eca860ce4b35ad25b37b3d0b382fa8284429,2023-06,Surrey Police,Surrey Police,-0.519785,51.430093,On or near Goring Road,E01030666,Runnymede 003D,Criminal damage and arson,Status update unavailable,
a392a4bed8d436bf9001b6a98fb949aaaf7df675ff5ce4c58c2840f4fdaec73c,2023-06,Surrey Police,Surrey Police,-0.519578,51.432491,On or near Supermarket,E01030666,Runnymede 003D,Other theft,Investigation complete; no suspect identified,
ff49ac46f612528a8df219a60b757e0d79d39d8602b556dcde74cb4aa210b897,2023-06,Surrey Police,Surrey Police,-0.519578,51.432491,On or near Supermarket,E01030666,Runnymede 003D,Other theft,Investigation complete; no suspect identified,
1930a6e3a5aed8fb8b6ae675bc8dcbda5f674ba28368111e9b74f3ea10761613,2023-06,Surrey Police,Surrey Police,-0.523032,51.433335,On or near Blenheim Court,E01030666,Runnymede 003D,Public order,Unable to prosecute suspect,
1eb713d1ad8fe490601ae3a7b29347fa5b4900a59a6f8e916042f3672c8dcd4f,2023-06,Surrey Police,Surrey Police,-0.519578,51.432491,On or near Supermarket,E01030666,Runnymede 003D,Public order,Unable to prosecute suspect,
77465cb9054631df1e2cc235326bfde8665ebd7d9424c7089fb58b96aa324198,2023-06,Surrey Police,Surrey Police,-0.523032,51.433335,On or near Blenheim Court,E01030666,Runnymede 003D,Shoplifting,Investigation complete; no suspect identified,
40a9156a9c8366d1cd1cfdaf4091bf4e81aa2846afb3279ea98d52ab10110939,2023-06,Surrey Police,Surrey Police,-0.519578,51.432491,On or near Supermarket,E01030666,Runnymede 003D,Violence and sexual offences,Unable to prosecute suspect,
143e5038fec3afa1633e1fcf020deeb22d9656dceb83a415627eab4cc59757ed,2023-06,Surrey Police,Surrey Police,-0.538147,51.429892,On or near Orchard Close,E01030687,Runnymede 003E,Violence and sexual offences,Unable to prosecute suspect,
,2023-06,Surrey Police,Surrey Police,-0.533706,51.425250,On or near Park/Open Space,E01030687,Runnymede 003E,Anti-social behaviour,,
,2023-06,Surrey Police,Surrey Police,-0.538147,51.429892,On or near Orchard Close,E01030687,Runnymede 003E,Anti-social behaviour,,
ae12c809e170839eb54f90f0ecdd766a1b90ecb79e861dd77cd6bb802b4923e2,2023-06,Surrey Police,Surrey Police,-0.535744,51.428558,On or near Mead Close,E01030687,Runnymede 003E,Bicycle theft,Investigation complete; no suspect identified,
2741ad8a02411e9a3ba0ef5a63540d9d9613d77f047baeac441431b4b9ab7340,2023-06,Surrey Police,Surrey Police,-0.538147,51.429892,On or near Orchard Close,E01030687,Runnymede 003E,Robbery,Investigation complete; no suspect identified,
3a4ddec31f1cc50e164711552679a559e503ac064fb318c585e38e664bb18dc8,2023-06,Surrey Police,Surrey Police,-0.538147,51.429892,On or near Orchard Close,E01030687,Runnymede 003E,Vehicle crime,Investigation complete; no suspect identified,
3ac7892c7e8a25c59c9b639adf1630de1ba860925313e24325d889006e10a6b4,2023-06,Surrey Police,Surrey Police,-0.538147,51.429892,On or near Orchard Close,E01030687,Runnymede 003E,Vehicle crime,Investigation complete; no suspect identified,
19d318754832018a70a1323ddd5a2a2f9c50c7cc84c5cbd8cf9b9dd62ba988b0,2023-06,Surrey Police,Surrey Police,-0.532260,51.420125,On or near Clandon Avenue,E01030688,Runnymede 003F,Burglary,Court result unavailable,
8267cc952846b4b8aed27832677699c7d2e06fdd91178c371aa9aff7fdf7dc64,2023-06,Surrey Police,Surrey Police,-0.532301,51.424226,On or near Petrol Station,E01030688,Runnymede 003F,Other theft,Investigation complete; no suspect identified,
0a7aed701aff78535f130ed855abdfbf9a19685a2a094b75579efea4ccec506f,2023-06,Surrey Police,Surrey Police,-0.528747,51.424712,On or near Devil'S Lane,E01030688,Runnymede 003F,Vehicle crime,Investigation complete; no suspect identified,
db867a394dd2e75d535e9e8e095291c07e2eba551c08883ca1b3ca6f3232d823,2023-06,Surrey Police,Surrey Police,-0.532260,51.420125,On or near Clandon Avenue,E01030688,Runnymede 003F,Violence and sexual offences,Unable to prosecute suspect,
fe422971a4da5a486954453c49a3dc3d45f17cc74c59dda415c9002001f46a7c,2023-06,Surrey Police,Surrey Police,-0.527204,51.423056,On or near Oak Avenue,E01030688,Runnymede 003F,Violence and sexual offences,Investigation complete; no suspect identified,
dbd4bf9f0fc950bf21fde63404159fcc338b569a1526b93fe975124d7c38f7aa,2023-06,Surrey Police,Surrey Police,-0.532260,51.420125,On or near Clandon Avenue,E01030688,Runnymede 003F,Violence and sexual offences,Unable to prosecute suspect,
501b7740eff985ef5459747c09792c5200fbe93e8c5d52777ec09a2b284496b4,2023-06,Surrey Police,Surrey Police,-0.532260,51.420125,On or near Clandon Avenue,E01030688,Runnymede 003F,Violence and sexual offences,Unable to prosecute suspect,
75eeff9f8c8c65739a7f0d193d56aab0ff348d9c592a937f79564e8af80164c3,2023-06,Surrey Police,Surrey Police,-0.532260,51.420125,On or near Clandon Avenue,E01030688,Runnymede 003F,Violence and sexual offences,Unable to prosecute suspect,
622f4f2a6d98e35e4801d21da2cbea61f498ec5a56ac17a24b168f0cf6e8e5a3,2023-06,Surrey Police,Surrey Police,-0.532260,51.420125,On or near Clandon Avenue,E01030688,Runnymede 003F,Other crime,Unable to prosecute suspect,
56222974c646fe1c37d68a39235cc15496f8669f3925afc3261a44faa2e0aed3,2023-06,Surrey Police,Surrey Police,-0.513625,51.392922,On or near Corderoy Place,E01030656,Runnymede 004A,Burglary,Status update unavailable,
b92771de157f1008a0cd4150ac9775d7e5e8564f2289e1bd823045bd82449cea,2023-06,Surrey Police,Surrey Police,-0.511070,51.394607,On or near Longbourne Way,E01030656,Runnymede 004A,Burglary,Unable to prosecute suspect,
2fff269ef2534199592c1d3abed65ff7567582a14cd18ff51611966abf5b16db,2023-06,Surrey Police,Surrey Police,-0.511070,51.394607,On or near Longbourne Way,E01030656,Runnymede 004A,Burglary,Status update unavailable,
307d5223ed670a1fa00efc5255f55e534ba289db236959cfd42612e333ffbd0f,2023-06,Surrey Police,Surrey Police,-0.512157,51.392103,On or near Gogmore Farm Close,E01030656,Runnymede 004A,Criminal damage and arson,Unable to prosecute suspect,
e5132290b8091961c7e354dbee44a38970d72363a6c009747684d5aec662bd29,2023-06,Surrey Police,Surrey Police,-0.510199,51.393347,On or near Sports/Recreation Area,E01030656,Runnymede 004A,Criminal damage and arson,Investigation complete; no suspect identified,
38ea8b5b1c070c4eeb4b485dddbe75f8d16dad2cf6ecc049701838e4ae9c6a79,2023-06,Surrey Police,Surrey Police,-0.530023,51.393003,On or near Almners Road,E01030656,Runnymede 004A,Other theft,Investigation complete; no suspect identified,
a28059ec44561e1302c9bbdde29b4b5452b3bf5f950e0c6df2fbca8fc5971cc0,2023-06,Surrey Police,Surrey Police,-0.508408,51.397325,On or near Staines Lane Close,E01030656,Runnymede 004A,Other theft,Investigation complete; no suspect identified,
3135d5d5ddacf1291e6a922528598a01e1b449a94f07e9de7246b5c681655b14,2023-06,Surrey Police,Surrey Police,-0.510199,51.393347,On or near Sports/Recreation Area,E01030656,Runnymede 004A,Other theft,Investigation complete; no suspect identified,
ad2877ff3cebfb2a0c4efae85c46b37437aa90746a084879cd371ad06542d667,2023-06,Surrey Police,Surrey Police,-0.512873,51.395295,On or near St Ann'S Road,E01030656,Runnymede 004A,Vehicle crime,Investigation complete; no suspect identified,
d25f29b233a4a30102e8e560b7fb00ec66dc959ea2e9d120bf56141af8703c94,2023-06,Surrey Police,Surrey Police,-0.512873,51.395295,On or near St Ann'S Road,E01030656,Runnymede 004A,Vehicle crime,Unable to prosecute suspect,
6f06e325b32b1513e4a7a22d1e1f1cadf27283dc20d4130f4eff2d304d815420,2023-06,Surrey Police,Surrey Police,-0.512873,51.395295,On or near St Ann'S Road,E01030656,Runnymede 004A,Vehicle crime,Investigation complete; no suspect identified,
41e120954195ca73f30c7416c0cab3a4d1ae3dadc3c9abc785d34f98fa2adf99,2023-06,Surrey Police,Surrey Police,-0.510199,51.393347,On or near Sports/Recreation Area,E01030656,Runnymede 004A,Violence and sexual offences,Unable to prosecute suspect,
c5a559ab98be79e3744d2f65bf18a6f7455d28ec7e38db5d3f58736eb4c3238c,2023-06,Surrey Police,Surrey Police,-0.515366,51.391991,On or near Brookside,E01030656,Runnymede 004A,Violence and sexual offences,Unable to prosecute suspect,
dba199ab4afb6a60563d506414abf02ec540b4bdf8bf81b2cf7176fdabd8429f,2023-06,Surrey Police,Surrey Police,-0.515366,51.391991,On or near Brookside,E01030656,Runnymede 004A,Violence and sexual offences,Unable to prosecute suspect,
bff5206f0d83cf065dd040be50cae6eb06d7600a31fb700a959553e992ff5cb3,2023-06,Surrey Police,Surrey Police,-0.515366,51.391991,On or near Brookside,E01030656,Runnymede 004A,Violence and sexual offences,Unable to prosecute suspect,
e2f41661fbf32570b122f3a17456a836d1b68dfc346df30a4493041d3647b0f9,2023-06,Surrey Police,Surrey Police,-0.515319,51.389886,On or near Vincent Road,E01030656,Runnymede 004A,Violence and sexual offences,Unable to prosecute suspect,
03a531289934fe6459b9cab969dfb3839791507809dfeb178ea7077592c37295,2023-06,Surrey Police,Surrey Police,-0.511923,51.394429,On or near South Grove,E01030656,Runnymede 004A,Violence and sexual offences,Unable to prosecute suspect,
,2023-06,Surrey Police,Surrey Police,-0.500697,51.405877,On or near Burway Crescent,E01030658,Runnymede 004B,Anti-social behaviour,,
,2023-06,Surrey Police,Surrey Police,-0.486969,51.387500,On or near Bridge Wharf,E01030658,Runnymede 004B,Anti-social behaviour,,
fef55fcd763de413fdb3f8430c8d6542a29eb361adff210f4689faff50599fe9,2023-06,Surrey Police,Surrey Police,-0.499909,51.407530,On or near Midway Avenue,E01030658,Runnymede 004B,Burglary,Status update unavailable,
12520c0b767ee2a7cb665fbb0d63d437fa991b3539185960d17fdf06123384c5,2023-06,Surrey Police,Surrey Police,-0.486969,51.387500,On or near Bridge Wharf,E01030658,Runnymede 004B,Other theft,Formal action is not in the public interest,
f41c0ae3bab6eb477e43c5d68956416b90752476524ea01a0a4c8a238b9a49ac,2023-06,Surrey Police,Surrey Police,-0.501862,51.408940,On or near The Lane,E01030658,Runnymede 004B,Possession of weapons,Unable to prosecute suspect,
9f897747c63920c67c1063fff31e97bf3c93d1f61ee4b813f8a5e448b44e7118,2023-06,Surrey Police,Surrey Police,-0.502567,51.408041,On or near Southside,E01030658,Runnymede 004B,Public order,Investigation complete; no suspect identified,
c0da9b5110914159bf42093851ad19b3bc45e8b29e10a6613416082f18964d2d,2023-06,Surrey Police,Surrey Police,-0.489119,51.388976,On or near Petrol Station,E01030658,Runnymede 004B,Vehicle crime,Unable to prosecute suspect,
f51d293984ddce42008aa56d1082bf0063cbb7637d20de9c21c3bb9b6220fe60,2023-06,Surrey Police,Surrey Police,-0.486969,51.387500,On or near Bridge Wharf,E01030658,Runnymede 004B,Violence and sexual offences,Unable to prosecute suspect,
9c9b41e7d10b69f5f51684a603e46456907b3bf7288bfb595644d43ad2a6fb5b,2023-06,Surrey Police,Surrey Police,-0.486969,51.387500,On or near Bridge Wharf,E01030658,Runnymede 004B,Violence and sexual offences,Unable to prosecute suspect,
8e03a2ed098a4b551ab07d3e513fb98b59a01b713c2c82b8ac5715d581f4d188,2023-06,Surrey Police,Surrey Police,-0.486969,51.387500,On or near Bridge Wharf,E01030658,Runnymede 004B,Violence and sexual offences,Further investigation is not in the public interest,
2fb54b77519f8ee4e1e05e95cded483c444a3735314db9bcabd9292a37ae8b82,2023-06,Surrey Police,Surrey Police,-0.512615,51.407665,On or near Park/Open Space,E01030685,Runnymede 004C,Possession of weapons,Offender given a caution,
861c0a719b83bf033cfec2d2f9e9c35bbc9f370278b8ed326e19f44e8390837a,2023-06,Surrey Police,Surrey Police,-0.529853,51.413089,On or near Park/Open Space,E01030685,Runnymede 004C,Vehicle crime,Unable to prosecute suspect,
,2023-06,Surrey Police,Surrey Police,-0.529413,51.416951,On or near Beta Way,E01030685,Runnymede 004C,Anti-social behaviour,,
,2023-06,Surrey Police,Surrey Police,-0.513346,51.404644,On or near Theme/Adventure Park,E01030685,Runnymede 004C,Anti-social behaviour,,
,2023-06,Surrey Police,Surrey Police,-0.513346,51.404644,On or near Theme/Adventure Park,E01030685,Runnymede 004C,Anti-social behaviour,,
,2023-06,Surrey Police,Surrey Police,-0.513346,51.404644,On or near Theme/Adventure Park,E01030685,Runnymede 004C,Anti-social behaviour,,
,2023-06,Surrey Police,Surrey Police,-0.548155,51.401861,On or near Parking Area,E01030685,Runnymede 004C,Anti-social behaviour,,
,2023-06,Surrey Police,Surrey Police,-0.513346,51.404644,On or near Theme/Adventure Park,E01030685,Runnymede 004C,Anti-social behaviour,,
,2023-06,Surrey Police,Surrey Police,-0.531935,51.414986,On or near Crabtree Road,E01030685,Runnymede 004C,Anti-social behaviour,,
,2023-06,Surrey Police,Surrey Police,-0.504068,51.408303,On or near Mixnams Lane,E01030685,Runnymede 004C,Anti-social behaviour,,
,2023-06,Surrey Police,Surrey Police,-0.513346,51.404644,On or near Theme/Adventure Park,E01030685,Runnymede 004C,Anti-social behaviour,,
76aab88d9d41e09521afc4dd761b36dade2b78aa9477533c1bfd96877821ccfc,2023-06,Surrey Police,Surrey Police,-0.532032,51.416462,On or near Delta Way,E01030685,Runnymede 004C,Burglary,Investigation complete; no suspect identified,
2fff51b4326ca0d235bcabcb945f03b483132cdcb7574b246b4b058951043049,2023-06,Surrey Police,Surrey Police,-0.532032,51.416462,On or near Delta Way,E01030685,Runnymede 004C,Burglary,Investigation complete; no suspect identified,
f8347478ab8194c90cff79e30d022bed059fc823c6f87774670e4a1c23196f71,2023-06,Surrey Police,Surrey Police,-0.532032,51.416462,On or near Delta Way,E01030685,Runnymede 004C,Burglary,Investigation complete; no suspect identified,
64e10d876722673bfb959c2b1d2dc44cd27e5a50dc5880e7618c976eef8481a3,2023-06,Surrey Police,Surrey Police,-0.521358,51.401392,On or near Parking Area,E01030685,Runnymede 004C,Burglary,Investigation complete; no suspect identified,
c3426501a9caf8d770b436610439ca551daa376c4b1fe5b1807bd77ca47b5651,2023-06,Surrey Police,Surrey Police,-0.532032,51.416462,On or near Delta Way,E01030685,Runnymede 004C,Criminal damage and arson,Investigation complete; no suspect identified,
63331a7fe1e99266723f685ba762829a61155c4c9400020100c0b0aa2d1fc37e,2023-06,Surrey Police,Surrey Police,-0.521358,51.401392,On or near Parking Area,E01030685,Runnymede 004C,Criminal damage and arson,Investigation complete; no suspect identified,
dabf57c361abbc8965dc6d2d3f7e970be38499d09b04be31ef35aa7c03f049ce,2023-06,Surrey Police,Surrey Police,-0.536269,51.408503,On or near The Bence,E01030685,Runnymede 004C,Criminal damage and arson,Unable to prosecute suspect,
13f18a8785062659207df4730d2ca3f90a2d290f8ff7630c3bda4abaf6bc2eea,2023-06,Surrey Police,Surrey Police,-0.521358,51.401392,On or near Parking Area,E01030685,Runnymede 004C,Criminal damage and arson,Investigation complete; no suspect identified,
c74e45f510d8868df8dc005c497dc67d5b82299cdab5fcf1ad0fde1e06a31d25,2023-06,Surrey Police,Surrey Police,-0.513346,51.404644,On or near Theme/Adventure Park,E01030685,Runnymede 004C,Drugs,Unable to prosecute suspect,
136bb30a5e2af0043574b43b9ca17163049dff90545b457fbaa729f3fd1595b7,2023-06,Surrey Police,Surrey Police,-0.512615,51.407665,On or near Park/Open Space,E01030685,Runnymede 004C,Drugs,Local resolution,
54db3901fbae0ce0166f28bb33e5aef84a80a7ebcc63664fec909902e7057398,2023-06,Surrey Police,Surrey Police,-0.513346,51.404644,On or near Theme/Adventure Park,E01030685,Runnymede 004C,Drugs,Status update unavailable,
da2f849120867f84d94244caa11a899119748c3c3d77ad176850ef9fd681afdc,2023-06,Surrey Police,Surrey Police,-0.531935,51.414986,On or near Crabtree Road,E01030685,Runnymede 004C,Drugs,Local resolution,
084548e62ad5391dd648dd14ca87442204001650dbd67f20a662083a1c7affc7,2023-06,Surrey Police,Surrey Police,-0.513346,51.404644,On or near Theme/Adventure Park,E01030685,Runnymede 004C,Other theft,Investigation complete; no suspect identified,
bb17a8e0b0df287411d41bd058832f1bbb4a7cbca44c61074ff532d0169d0760,2023-06,Surrey Police,Surrey Police,-0.513346,51.404644,On or near Theme/Adventure Park,E01030685,Runnymede 004C,Other theft,Investigation complete; no suspect identified,
ebdc9d28b485b9a6d742a927cc924d97e4819868363f0060539cba513237f1bb,2023-06,Surrey Police,Surrey Police,-0.513346,51.404644,On or near Theme/Adventure Park,E01030685,Runnymede 004C,Other theft,Investigation complete; no suspect identified,
2406b5e76202525df5c99cf6c7649782a44301b25692bb320f7ff294fe9f9f68,2023-06,Surrey Police,Surrey Police,-0.548155,51.401861,On or near Parking Area,E01030685,Runnymede 004C,Other theft,Investigation complete; no suspect identified,
da024624c5a1a5b80a4a7824525a591c041ce50c790db59fb37770dde753a7d3,2023-06,Surrey Police,Surrey Police,-0.513346,51.404644,On or near Theme/Adventure Park,E01030685,Runnymede 004C,Other theft,Investigation complete; no suspect identified,
20a06e3c52c715c0495d85741b45eb627506d0525ae0fbf842573385365d53f3,2023-06,Surrey Police,Surrey Police,-0.513346,51.404644,On or near Theme/Adventure Park,E01030685,Runnymede 004C,Other theft,Investigation complete; no suspect identified,
7c2a8148f931761ba813e04e7e9a463618be58293930b3e4246fbcb133f08fb7,2023-06,Surrey Police,Surrey Police,-0.513346,51.404644,On or near Theme/Adventure Park,E01030685,Runnymede 004C,Other theft,Investigation complete; no suspect identified,
8c4abc12870b8e55efac6ab5869fef9f6167d5470680047411e92ce28b39d159,2023-06,Surrey Police,Surrey Police,-0.513346,51.404644,On or near Theme/Adventure Park,E01030685,Runnymede 004C,Other theft,Investigation complete; no suspect identified,
fb0849994ad77598aca879d9d098cbed31905fd3748d92802737d2bdd1e79aef,2023-06,Surrey Police,Surrey Police,-0.513346,51.404644,On or near Theme/Adventure Park,E01030685,Runnymede 004C,Other theft,Investigation complete; no suspect identified,
b68929b83ba2c0356dc9dae003b06435af7ddb7fc3118f92b3907640284aa1de,2023-06,Surrey Police,Surrey Police,-0.513346,51.404644,On or near Theme/Adventure Park,E01030685,Runnymede 004C,Other theft,Unable to prosecute suspect,
cf1f7ef81f443a085a51ebb00cd40ccaaa96e52d9dbd24106e816e3d7c88f274,2023-06,Surrey Police,Surrey Police,-0.513346,51.404644,On or near Theme/Adventure Park,E01030685,Runnymede 004C,Other theft,Investigation complete; no suspect identified,
8024b357d0363b14a2b39de8f3b451db1951153960e72078a72558c25023c1c8,2023-06,Surrey Police,Surrey Police,-0.513346,51.404644,On or near Theme/Adventure Park,E01030685,Runnymede 004C,Other theft,Investigation complete; no suspect identified,
50a6a0a34e7c6450477a20de1d13bc540b520cf8df5354aa342c9abb06646a70,2023-06,Surrey Police,Surrey Police,-0.513346,51.404644,On or near Theme/Adventure Park,E01030685,Runnymede 004C,Other theft,Investigation complete; no suspect identified,
7fcb6f1572ac85ce84c1f48bc66e88b2203f4676e1a7fd686fe7fb8793ea32f4,2023-06,Surrey Police,Surrey Police,-0.513346,51.404644,On or near Theme/Adventure Park,E01030685,Runnymede 004C,Public order,Unable to prosecute suspect,
75cdb49fa664620040e6c5bba7ef0646fd01372d8d36c4f216239d8885423f1f,2023-06,Surrey Police,Surrey Police,-0.513346,51.404644,On or near Theme/Adventure Park,E01030685,Runnymede 004C,Public order,Unable to prosecute suspect,
b7057c00e07f5d8e25d0a078cbfb4c97cf2e7536c78e1ef175029aa27e26b4b8,2023-06,Surrey Police,Surrey Police,-0.529853,51.413089,On or near Park/Open Space,E01030685,Runnymede 004C,Public order,Investigation complete; no suspect identified,
9a75915e10a1f278e62d085bfec0f3315533b6498df3db4c829d5c3c26a40e27,2023-06,Surrey Police,Surrey Police,-0.513346,51.404644,On or near Theme/Adventure Park,E01030685,Runnymede 004C,Public order,Status update unavailable,
532befaf9a7390ac825fd786b9409aac317748f413ef9b1f6ce2e3606c3012a2,2023-06,Surrey Police,Surrey Police,-0.534153,51.419375,On or near Boscombe Close,E01030685,Runnymede 004C,Public order,Unable to prosecute suspect,
48393998ca027f09cc6b105ddb6c0cc6dbadf47aa47dae185c3f8e6a9cb14556,2023-06,Surrey Police,Surrey Police,-0.533815,51.407915,On or near Anners Close,E01030685,Runnymede 004C,Theft from the person,Court result unavailable,
7e22a0012f5bc8f03c05291b4e0b065d9d71bce577b53deb3529850740529b04,2023-06,Surrey Police,Surrey Police,-0.532032,51.416462,On or near Delta Way,E01030685,Runnymede 004C,Vehicle crime,Investigation complete; no suspect identified,
ff3ed2586f6680d108ecfc5aa1630664eb6c956bcd42a7ab586f59de958994fe,2023-06,Surrey Police,Surrey Police,-0.513346,51.404644,On or near Theme/Adventure Park,E01030685,Runnymede 004C,Violence and sexual offences,Unable to prosecute suspect,
52c41efed1c8ba7e7933be5108c029f32a34c5725d909e8464a581e2b4321d17,2023-06,Surrey Police,Surrey Police,-0.540637,51.404079,On or near Green Road,E01030685,Runnymede 004C,Violence and sexual offences,Unable to prosecute suspect,
a72fe82483399bc4879130e91e78a9875a1cd3bd3e1c8334a8cfe41a727d8445,2023-06,Surrey Police,Surrey Police,-0.535012,51.402858,On or near Mill House Lane,E01030685,Runnymede 004C,Violence and sexual offences,Investigation complete; no suspect identified,
f3378c4bbb4661704516796d1072ff51582b4ecac42189baf79fa0cb3f5658f9,2023-06,Surrey Police,Surrey Police,-0.513346,51.404644,On or near Theme/Adventure Park,E01030685,Runnymede 004C,Violence and sexual offences,Investigation complete; no suspect identified,
1725bd7e8ed6e436361d2bfb7496b92c87a1e88296f6c665a81ad4c983c3dc94,2023-06,Surrey Police,Surrey Police,-0.536269,51.408503,On or near The Bence,E01030685,Runnymede 004C,Violence and sexual offences,Unable to prosecute suspect,
4758f4e05812d75ee92a12b02334d3dccc1a1675d9d4a3603945aa7ed0993730,2023-06,Surrey Police,Surrey Police,-0.537712,51.404762,On or near Bourne Meadow,E01030685,Runnymede 004C,Violence and sexual offences,Court result unavailable,
58f28596ea4b112aabb59106b701c45239a431fd7f888c1a42635adb0db76ad7,2023-06,Surrey Police,Surrey Police,-0.534926,51.409592,On or near Western Avenue,E01030685,Runnymede 004C,Violence and sexual offences,Further investigation is not in the public interest,
aeb5eb2ad29f9ee791715f964464dd5e96c4e39b6c95629f3e84f109ba1ff945,2023-06,Surrey Police,Surrey Police,-0.548155,51.401861,On or near Parking Area,E01030685,Runnymede 004C,Violence and sexual offences,Unable to prosecute suspect,
e6e4ee74b1b8aab2351acfc924090d65559e7f7174bbcd400e264c39455ca303,2023-06,Surrey Police,Surrey Police,-0.504068,51.408303,On or near Mixnams Lane,E01030685,Runnymede 004C,Violence and sexual offences,Investigation complete; no suspect identified,
376db9a51b13cf5d74a3d610e33157e4aba744c7669f33805db62712d1e3bbbe,2023-06,Surrey Police,Surrey Police,-0.513346,51.404644,On or near Theme/Adventure Park,E01030685,Runnymede 004C,Violence and sexual offences,Investigation complete; no suspect identified,
70c47dd3e1e0b366ffa29da3803b5201057a102ed0b2ec10d254e1d06eb4a91e,2023-06,Surrey Police,Surrey Police,-0.513346,51.404644,On or near Theme/Adventure Park,E01030685,Runnymede 004C,Violence and sexual offences,Local resolution,
49bc493e0785eea78bd4f057d0120d9fafaf27157690810cd93ec7b940948a78,2023-06,Surrey Police,Surrey Police,-0.548155,51.401861,On or near Parking Area,E01030685,Runnymede 004C,Violence and sexual offences,Unable to prosecute suspect,
b2fb2507af7151be928872b31c7364a4ffbf13310ff83518a9c079aa24880797,2023-06,Surrey Police,Surrey Police,-0.513346,51.404644,On or near Theme/Adventure Park,E01030685,Runnymede 004C,Violence and sexual offences,Unable to prosecute suspect,
bf8ae81b0e5a4746a7138288c0821140f77c2c4058c6588cfd75fe4299041fdc,2023-06,Surrey Police,Surrey Police,-0.548155,51.401861,On or near Parking Area,E01030685,Runnymede 004C,Violence and sexual offences,Status update unavailable,
b208da1cce61bd4250334b39502b0bbd193fa8496ccf552267a0130c8de7c9ab,2023-06,Surrey Police,Surrey Police,-0.521358,51.401392,On or near Parking Area,E01030685,Runnymede 004C,Violence and sexual offences,Investigation complete; no suspect identified,
,2023-06,Surrey Police,Surrey Police,-0.514159,51.419483,On or near Petrol Station,E01030686,Runnymede 004D,Anti-social behaviour,,
,2023-06,Surrey Police,Surrey Police,-0.514159,51.419483,On or near Petrol Station,E01030686,Runnymede 004D,Anti-social behaviour,,
af7e918bdb0a0305a8aac8c258b6e5381031fd3c51c67ee263e38551fa8a2052,2023-06,Surrey Police,Surrey Police,-0.514159,51.419483,On or near Petrol Station,E01030686,Runnymede 004D,Other theft,Investigation complete; no suspect identified,
b2e071083d343a2873c53ece4442cad83c4074734f8084126ce4c74140fd3088,2023-06,Surrey Police,Surrey Police,-0.512019,51.424258,On or near Mayfield Gardens,E01030686,Runnymede 004D,Public order,Investigation complete; no suspect identified,
54d1330dd57157a5be25be19ad36f991e935ad971acdf711c4d136be74f59a31,2023-06,Surrey Police,Surrey Police,-0.517078,51.418153,On or near Green Lane,E01030686,Runnymede 004D,Vehicle crime,Investigation complete; no suspect identified,
3e85493267f8425d467710e157e00eaddf4f392f646dce96690d274798c33d49,2023-06,Surrey Police,Surrey Police,-0.512171,51.426238,On or near Bundy'S Way,E01030686,Runnymede 004D,Vehicle crime,Unable to prosecute suspect,
7a596025094fd9b1a300b2f4e8b3077685e55dab0c3fb0eef1b874a8743fbdcb,2023-06,Surrey Police,Surrey Police,-0.514413,51.416519,On or near Alton Court,E01030686,Runnymede 004D,Vehicle crime,Further investigation is not in the public interest,
6aa90d276d4209daf76d6b9ac7c65d025cbece75c61f6c522e8ecdfe547d88da,2023-06,Surrey Police,Surrey Police,-0.514413,51.416519,On or near Alton Court,E01030686,Runnymede 004D,Violence and sexual offences,Unable to prosecute suspect,
,2023-06,Surrey Police,Surrey Police,-0.563184,51.402137,On or near Parking Area,E01030689,Runnymede 005A,Anti-social behaviour,,
72b20e486173f20002f2f4af13eb2661805d80028a71057b4442ba73847fbd6b,2023-06,Surrey Police,Surrey Police,-0.565623,51.398615,On or near Bourne Road,E01030689,Runnymede 005A,Criminal damage and arson,Investigation complete; no suspect identified,
3ead7d60b2a861b1d15eadf70a72d1b6db117b8b580c6f6ea9a8026983680cfd,2023-06,Surrey Police,Surrey Police,-0.563184,51.402137,On or near Parking Area,E01030689,Runnymede 005A,Drugs,Investigation complete; no suspect identified,
b76d558c8903b5c0664afa926b61ecead66c0f12ffe2b37711e87c9331a008db,2023-06,Surrey Police,Surrey Police,-0.566636,51.403474,On or near Parking Area,E01030689,Runnymede 005A,Other theft,Investigation complete; no suspect identified,
fd640ddc8d95136f571fedbd6f720f2cd169a4f8fd2bdbbf136b3aa51f3d47d6,2023-06,Surrey Police,Surrey Police,-0.563184,51.402137,On or near Parking Area,E01030689,Runnymede 005A,Public order,Investigation complete; no suspect identified,
b54ee3707b10c7d90b913a60814525f55cf9dcde571bc8b42313878c4f0eb94b,2023-06,Surrey Police,Surrey Police,-0.559178,51.407474,On or near Lambly Hill,E01030689,Runnymede 005A,Violence and sexual offences,Unable to prosecute suspect,
,2023-06,Surrey Police,Surrey Police,-0.549712,51.409434,On or near Hurst Lane,E01030690,Runnymede 005B,Anti-social behaviour,,
,2023-06,Surrey Police,Surrey Police,-0.551116,51.413246,On or near Stroude Road,E01030690,Runnymede 005B,Anti-social behaviour,,
,2023-06,Surrey Police,Surrey Police,-0.559868,51.394668,On or near Lyne Road,E01030690,Runnymede 005B,Anti-social behaviour,,
,2023-06,Surrey Police,Surrey Police,-0.560295,51.400734,On or near Trumpsgreen Road,E01030690,Runnymede 005B,Anti-social behaviour,,
,2023-06,Surrey Police,Surrey Police,-0.549712,51.409434,On or near Hurst Lane,E01030690,Runnymede 005B,Anti-social behaviour,,
,2023-06,Surrey Police,Surrey Police,-0.560792,51.400947,On or near Irvine Place,E01030690,Runnymede 005B,Anti-social behaviour,,
9a7dd7b458e6f7d86203fad5dd3d04d2028376c11bb9741196b502f77d321f8a,2023-06,Surrey Police,Surrey Police,-0.553385,51.413787,On or near Luddington Avenue,E01030690,Runnymede 005B,Public order,Unable to prosecute suspect,
f2d7e69a35aa46071866822199a84873985cc82af54faad4da85bbcf23c9d6fe,2023-06,Surrey Police,Surrey Police,-0.553385,51.413787,On or near Luddington Avenue,E01030690,Runnymede 005B,Public order,Unable to prosecute suspect,
49c1375f50184c215faa82c066d60dc661d579bda03db48da450356ce997918e,2023-06,Surrey Police,Surrey Police,-0.560792,51.400947,On or near Irvine Place,E01030690,Runnymede 005B,Public order,Further investigation is not in the public interest,
97147f85cbfa62e8d0247f4dbe80d99e2fd3921ced272ca397db939c5894223d,2023-06,Surrey Police,Surrey Police,-0.560792,51.400947,On or near Irvine Place,E01030690,Runnymede 005B,Violence and sexual offences,Further action is not in the public interest,
ca7d4ecc57c31f11533fea7706ca6b9669f6a32f7e035e9524951879346de858,2023-06,Surrey Police,Surrey Police,-0.560295,51.400734,On or near Trumpsgreen Road,E01030690,Runnymede 005B,Violence and sexual offences,Unable to prosecute suspect,
8b9a8597f39e9b7a3b44bcbeabd7d1450fe06a2879838e41bf5f4ff5312ed381,2023-06,Surrey Police,Surrey Police,-0.560792,51.400947,On or near Irvine Place,E01030690,Runnymede 005B,Violence and sexual offences,Unable to prosecute suspect,
5f6ef7aa455661cb89012088e86c0a3b5a586445eed6d389adae8ddd49333181,2023-06,Surrey Police,Surrey Police,-0.559416,51.402630,On or near Limetree Walk,E01030690,Runnymede 005B,Violence and sexual offences,Status update unavailable,
,2023-06,Surrey Police,Surrey Police,-0.570654,51.394944,On or near Tithe Meadows,E01030691,Runnymede 005C,Anti-social behaviour,,
958bf0656d90da27c1c2f07d8edc95906160d7241ab3a0c575331216b48dd36e,2023-06,Surrey Police,Surrey Police,-0.569009,51.395149,On or near The Mount Close,E01030691,Runnymede 005C,Criminal damage and arson,Investigation complete; no suspect identified,
dfc490362617c73a15cc91e930da10869feece59187e6fbd26fe4f6f59cd9f84,2023-06,Surrey Police,Surrey Police,-0.567247,51.394489,On or near Umberstone,E01030691,Runnymede 005C,Other theft,Investigation complete; no suspect identified,
cb52e5eff987a2e6652078f4478e0cc0bda350062397d06a232358aa14b0c5e9,2023-06,Surrey Police,Surrey Police,-0.566763,51.395733,On or near Furnival Close,E01030691,Runnymede 005C,Other theft,Investigation complete; no suspect identified,
308b4ee8e3ef5829a74b080aac99bacb9f4223af8679544e96a3d2bf630afa11,2023-06,Surrey Police,Surrey Police,-0.568191,51.406604,On or near Gorse Hill Road,E01030692,Runnymede 005D,Drugs,Offender given a caution,
8d2b3f2a764f49c9d00a51b11a907cc923017ad1fda623201b088149372cde2b,2023-06,Surrey Police,Surrey Police,-0.583399,51.408129,On or near Woodside Way,E01030692,Runnymede 005D,Drugs,Local resolution,
6aa7bcb8d8ce55292be3ebe22cb18ead4810f1f3856bc0be2b4d2962791ddc66,2023-06,Surrey Police,Surrey Police,-0.590994,51.382296,On or near Cromwell Road,E01030692,Runnymede 005D,Drugs,Local resolution,
06aa17994dad02e09bf8804f5633fa5fc650a2162552d6ce7855d7a5ff8e597f,2023-06,Surrey Police,Surrey Police,-0.590994,51.382296,On or near Cromwell Road,E01030692,Runnymede 005D,Drugs,Local resolution,
bddff32b43394360ba27d4e6c43d19ce3b934166f7ba8bbdb99609499add99a7,2023-06,Surrey Police,Surrey Police,-0.570159,51.404839,On or near Morella Close,E01030692,Runnymede 005D,Other theft,Investigation complete; no suspect identified,
c68303fe1cd2337f388531649b5cc2dff82c00d80cdd4af9766ca5723a7b146c,2023-06,Surrey Police,Surrey Police,-0.591431,51.409251,On or near Petrol Station,E01030692,Runnymede 005D,Vehicle crime,Investigation complete; no suspect identified,
a428cd3da141e5154c0c2ad2761259a5398e10bc19234932d80703ca8bb76906,2023-06,Surrey Police,Surrey Police,-0.591431,51.409251,On or near Petrol Station,E01030692,Runnymede 005D,Vehicle crime,Investigation complete; no suspect identified,
4afb86c46803070f301a45522c2f445555fe87b82e86520c61c3d22c23b96162,2023-06,Surrey Police,Surrey Police,-0.571899,51.406191,On or near Woodlands Road East,E01030692,Runnymede 005D,Violence and sexual offences,Investigation complete; no suspect identified,
92d4d700485aac97fd36d24022693834fddea9cd81999aae8b18433d26091a76,2023-06,Surrey Police,Surrey Police,-0.576101,51.402384,On or near Brock Way,E01030692,Runnymede 005D,Other crime,Investigation complete; no suspect identified,
,2023-06,Surrey Police,Surrey Police,-0.503272,51.385551,On or near Queen Street,E01030652,Runnymede 006A,Anti-social behaviour,,
532eb4b0cecabd5a580cb9e6742b4fe4a5ff4bba60b824f6f114602d9abcc458,2023-06,Surrey Police,Surrey Police,-0.496024,51.387473,On or near Meadhurst Road,E01030652,Runnymede 006A,Criminal damage and arson,Investigation complete; no suspect identified,
2ec6f67d9d2f815ce939d2ece46ce5fb4ddb1a7e11f73fcf428bd5d3d46759ab,2023-06,Surrey Police,Surrey Police,-0.495077,51.385222,On or near Bramley Close,E01030652,Runnymede 006A,Criminal damage and arson,Investigation complete; no suspect identified,
a02566ee4273864dbf2d0b8e90a5ce70e4e4aa6f3a909014605bad257632651a,2023-06,Surrey Police,Surrey Police,-0.503272,51.385551,On or near Queen Street,E01030652,Runnymede 006A,Other theft,Investigation complete; no suspect identified,
596e3c3a0bbb924d653cbd2f2639e81e7079cbc9b3c1e94e9a64eabc71882e51,2023-06,Surrey Police,Surrey Police,-0.496156,51.386503,On or near Paddocks Way,E01030652,Runnymede 006A,Other theft,Investigation complete; no suspect identified,
c2d1df2d868275fbeb689229d64ef51681ca33eeae952f42b9e4e372522798a7,2023-06,Surrey Police,Surrey Police,-0.495077,51.385222,On or near Bramley Close,E01030652,Runnymede 006A,Public order,Unable to prosecute suspect,
2e5493900a6dc02607ee1baff0d84fc7efc4468d8d2a828de95bbb7df78328e3,2023-06,Surrey Police,Surrey Police,-0.501689,51.385639,On or near Eastworth Road,E01030652,Runnymede 006A,Shoplifting,Investigation complete; no suspect identified,
450db6aa32dbc420a29e1e0a13373ee4a3695d17d4498255078f3ea78a434bc5,2023-06,Surrey Police,Surrey Police,-0.503272,51.385551,On or near Queen Street,E01030652,Runnymede 006A,Violence and sexual offences,Unable to prosecute suspect,
9982bcfd9653a89330b9febec84f4ced9d5efcd0b7e28860bc436b4bbbc2ad48,2023-06,Surrey Police,Surrey Police,-0.497172,51.388387,On or near Stepgates,E01030652,Runnymede 006A,Violence and sexual offences,Local resolution,
4edf0cf3f9d6bfaac3f93fb0a9d25540199621a83628402b79e4b68d2f18429e,2023-06,Surrey Police,Surrey Police,-0.494335,51.383755,On or near Clay Corner,E01030652,Runnymede 006A,Violence and sexual offences,Unable to prosecute suspect,
,2023-06,Surrey Police,Surrey Police,-0.505404,51.385839,On or near Station Road,E01030653,Runnymede 006B,Anti-social behaviour,,
82ac15820bdeb38f1646a5fcb920e7dd896171795cb724e05a5b70d43f7140a4,2023-06,Surrey Police,Surrey Police,-0.503357,51.391317,On or near Petrol Station,E01030653,Runnymede 006B,Bicycle theft,Investigation complete; no suspect identified,
9b0a5bd510b5e9749d9a9521f502f9337f87f4a45c2c413a47e075f0ef3a2229,2023-06,Surrey Police,Surrey Police,-0.503554,51.383082,On or near Partridge Mews,E01030653,Runnymede 006B,Criminal damage and arson,Investigation complete; no suspect identified,
d45a336ea0e173e5edd38f68366ae0f74cc0e0d358c9624afff77a5d4b992086,2023-06,Surrey Police,Surrey Police,-0.503357,51.391317,On or near Petrol Station,E01030653,Runnymede 006B,Criminal damage and arson,Status update unavailable,
34a2d3aada01952818c3d6299b95fd9071e6ab6548f1fbe718a5d604671d046f,2023-06,Surrey Police,Surrey Police,-0.503357,51.391317,On or near Petrol Station,E01030653,Runnymede 006B,Other theft,Unable to prosecute suspect,
099103846eb677a29a206f490f98f880713f2770fee7e62d01fcae4de01a61f9,2023-06,Surrey Police,Surrey Police,-0.507181,51.384675,On or near Kennett Lane,E01030653,Runnymede 006B,Other theft,Investigation complete; no suspect identified,
7a267b689bd8c36933014171a374ceb4dc0e4824a98f4df6c5cff64cf51c67a5,2023-06,Surrey Police,Surrey Police,-0.503554,51.383082,On or near Partridge Mews,E01030653,Runnymede 006B,Public order,Investigation complete; no suspect identified,
d2b050144e5805467060daf836232c56b1cb773f67ee391f10ec1349b40e5c5a,2023-06,Surrey Police,Surrey Police,-0.503473,51.389969,On or near Parking Area,E01030653,Runnymede 006B,Public order,Unable to prosecute suspect,
79f1fa50f2afead53d25c0cf25633d60be43b14b4bf3340f951aa6cc66ed0790,2023-06,Surrey Police,Surrey Police,-0.503357,51.391317,On or near Petrol Station,E01030653,Runnymede 006B,Shoplifting,Investigation complete; no suspect identified,
6bd62f7586fc517edf03f930d2bcee756037bf4820d8f15d02dc7d53572d5341,2023-06,Surrey Police,Surrey Police,-0.503357,51.391317,On or near Petrol Station,E01030653,Runnymede 006B,Shoplifting,Investigation complete; no suspect identified,
645a74a302e3e47e734726c133c7face5e6c62065dcadb13c7b5d915ece672f6,2023-06,Surrey Police,Surrey Police,-0.503357,51.391317,On or near Petrol Station,E01030653,Runnymede 006B,Shoplifting,Investigation complete; no suspect identified,
8636e65584838e0213fe7b08e6c0ddd233a578e072ed0d549094227eb428e96f,2023-06,Surrey Police,Surrey Police,-0.503357,51.391317,On or near Petrol Station,E01030653,Runnymede 006B,Shoplifting,Investigation complete; no suspect identified,
f87572f61cd804c72cb10730769662a328533c59b1c687148b8c28561b6a0e82,2023-06,Surrey Police,Surrey Police,-0.503357,51.391317,On or near Petrol Station,E01030653,Runnymede 006B,Shoplifting,Investigation complete; no suspect identified,
ea24d2e34f7964d85f124ef9df59cd16c591b31e02172e56b439f093971b93d8,2023-06,Surrey Police,Surrey Police,-0.503473,51.389969,On or near Parking Area,E01030653,Runnymede 006B,Vehicle crime,Investigation complete; no suspect identified,
37ec8ef56fc8972504a7b86f3b096da6c3284d4bb4d14893e8ca6568200976b1,2023-06,Surrey Police,Surrey Police,-0.503357,51.391317,On or near Petrol Station,E01030653,Runnymede 006B,Violence and sexual offences,Investigation complete; no suspect identified,
4bb9942abc993897274ea0490e4ac8f42b8440424c3c1da1420283daf7e597ad,2023-06,Surrey Police,Surrey Police,-0.503357,51.391317,On or near Petrol Station,E01030653,Runnymede 006B,Violence and sexual offences,Unable to prosecute suspect,
62dad60da73193cbabb32de981c1eb9539b581636a6e468c3b0dfad19e465586,2023-06,Surrey Police,Surrey Police,-0.507181,51.384675,On or near Kennett Lane,E01030653,Runnymede 006B,Violence and sexual offences,Unable to prosecute suspect,
c44a9b969fb198167be47ee13777ffe3e4f81a4fb933c599ae25f5ff44e22e7b,2023-06,Surrey Police,Surrey Police,-0.504332,51.390511,On or near Beomonds Row,E01030653,Runnymede 006B,Violence and sexual offences,Local resolution,
9d123fb527adb6b18f38cbda46d212f015855e735e54d2885250051576f56e70,2023-06,Surrey Police,Surrey Police,-0.501199,51.389203,On or near Flemish Fields,E01030653,Runnymede 006B,Violence and sexual offences,Unable to prosecute suspect,
df2985ae75fba1701ff0f80a64228bbf7a289ad227322a449f24181c55ceaf55,2023-06,Surrey Police,Surrey Police,-0.501543,51.390088,On or near Galsworthy Road,E01030653,Runnymede 006B,Violence and sexual offences,Status update unavailable,
60952887b7458371f1456dbf7c5dbbf03e0eae426acac0d7d4edce521c4b174b,2023-06,Surrey Police,Surrey Police,-0.507181,51.384675,On or near Kennett Lane,E01030653,Runnymede 006B,Other crime,Investigation complete; no suspect identified,
9065688d34dbe76e9fd5c561c1fffa0e1aaabd3dce606e794a1ad61df44be410,2023-06,Surrey Police,Surrey Police,-0.501543,51.390088,On or near Galsworthy Road,E01030653,Runnymede 006B,Other crime,Unable to prosecute suspect,
7ec8c4a647b4c805138eca5f30e9f32c2b198c4da4e8d9d5ea24016cb56702fa,2023-06,Surrey Police,Surrey Police,-0.489827,51.385810,On or near Meadow View,E01030654,Runnymede 006C,Vehicle crime,Unable to prosecute suspect,
,2023-06,Surrey Police,Surrey Police,-0.494678,51.389056,On or near Abbey Road,E01030654,Runnymede 006C,Anti-social behaviour,,
a7f42553da58acba6b5abf47d4432dd9847db8a5ab0e0e028164d368ea4bf876,2023-06,Surrey Police,Surrey Police,-0.494593,51.389037,On or near Weir Road,E01030654,Runnymede 006C,Criminal damage and arson,Investigation complete; no suspect identified,
d323d73b5e194fc7c796907fb38422241d9d1a98310525cbcd632cb990e211fa,2023-06,Surrey Police,Surrey Police,-0.494872,51.387980,On or near Supermarket,E01030654,Runnymede 006C,Criminal damage and arson,Investigation complete; no suspect identified,
96fd2d49f55c7de4a12e323cf0750516cdb51b0b2ba46ab5f22c527d18b1e973,2023-06,Surrey Police,Surrey Police,-0.492327,51.388001,On or near Chantry Road,E01030654,Runnymede 006C,Other theft,Investigation complete; no suspect identified,
5a5fc05ccec56a0af1ac6a7b5ebe70adb5be7f42fa9a537f4fc6aebee49e7898,2023-06,Surrey Police,Surrey Police,-0.493582,51.387414,On or near Springfields Close,E01030654,Runnymede 006C,Vehicle crime,Investigation complete; no suspect identified,
4228c10c99f3dcdc5c04ddfde3def5d044c15804d4c89325c6cebbc56f0c876a,2023-06,Surrey Police,Surrey Police,-0.512473,51.388996,On or near Cerotus Place,E01030657,Runnymede 006D,Criminal damage and arson,Investigation complete; no suspect identified,
be71ae6f44b417f42336014090ad9821e630c45fc1cfcd80523d4c792b596908,2023-06,Surrey Police,Surrey Police,-0.507785,51.389539,On or near Curfew Bell Road,E01030657,Runnymede 006D,Vehicle crime,Investigation complete; no suspect identified,
ee94980038ee03e474488ffe3300358ce63130155c04c829a5aa50eb9626dfd5,2023-06,Surrey Police,Surrey Police,-0.507785,51.389539,On or near Curfew Bell Road,E01030657,Runnymede 006D,Vehicle crime,Investigation complete; no suspect identified,
2f78afe366149798f82116dcf3d373c2a3b3dbcba991303f2d9f97456069352a,2023-06,Surrey Police,Surrey Police,-0.507785,51.389539,On or near Curfew Bell Road,E01030657,Runnymede 006D,Vehicle crime,Investigation complete; no suspect identified,
b98e568b785c77d065be0a7bd910a2208d3500ade5b2fae600a20c9403a18e46,2023-06,Surrey Police,Surrey Police,-0.511539,51.390333,On or near Styventon Place,E01030657,Runnymede 006D,Violence and sexual offences,Unable to prosecute suspect,
f228999ebc54b92d3817896be6cbdeea90d747a8f9ff5a4b30dbf56414ba8b1e,2023-06,Surrey Police,Surrey Police,-0.508163,51.388941,On or near Abbots Way,E01030657,Runnymede 006D,Violence and sexual offences,Further investigation is not in the public interest,
56e6bd227f9db16df47483015902ca13f59f93b4aa324714e50a430e30588cc5,2023-06,Surrey Police,Surrey Police,-0.511539,51.390333,On or near Styventon Place,E01030657,Runnymede 006D,Violence and sexual offences,Unable to prosecute suspect,
9e3b01ceb85b0b956ebdc8e2892b2242cf42079478e580b96d808be2f8b71f98,2023-06,Surrey Police,Surrey Police,-0.507785,51.389539,On or near Curfew Bell Road,E01030657,Runnymede 006D,Violence and sexual offences,Investigation complete; no suspect identified,
,2023-06,Surrey Police,Surrey Police,-0.503917,51.393545,On or near Colonel'S Lane,E01030659,Runnymede 006E,Anti-social behaviour,,
,2023-06,Surrey Police,Surrey Police,-0.508587,51.396248,On or near St Ann'S Close,E01030659,Runnymede 006E,Anti-social behaviour,,
,2023-06,Surrey Police,Surrey Police,-0.506036,51.390638,On or near Supermarket,E01030659,Runnymede 006E,Anti-social behaviour,,
f22c0583ca3373fe44f7a6fbf89c6579261c2fe9228de2274903262e182afd91,2023-06,Surrey Police,Surrey Police,-0.505711,51.391427,On or near Gogmore Lane,E01030659,Runnymede 006E,Criminal damage and arson,Investigation complete; no suspect identified,
825b1e15123510c0b5bee94c9c8af9c38fd75a0de2923b8dd53aef34fe354681,2023-06,Surrey Police,Surrey Police,-0.505299,51.395694,On or near Herrings Lane,E01030659,Runnymede 006E,Other theft,Investigation complete; no suspect identified,
6f6e065338f5ff4d02200296b1ea67fb19031559d536ffedce651e803b03ddb8,2023-06,Surrey Police,Surrey Police,-0.506036,51.390638,On or near Supermarket,E01030659,Runnymede 006E,Other theft,Investigation complete; no suspect identified,
d8badb46d250465c5ae5d62ff943d44492e2ce6bee8436280d50d6559bb108e8,2023-06,Surrey Police,Surrey Police,-0.505299,51.395694,On or near Herrings Lane,E01030659,Runnymede 006E,Other theft,Status update unavailable,
3d1cc629af07d2314d7082ebc7145a66c8556610480c401f693124da86e2155a,2023-06,Surrey Police,Surrey Police,-0.503917,51.393545,On or near Colonel'S Lane,E01030659,Runnymede 006E,Public order,Court result unavailable,
b82f8c1db932593c87eb01b6690c8c17abb7102cde5e6638e9aa13337c8d2620,2023-06,Surrey Police,Surrey Police,-0.506036,51.390638,On or near Supermarket,E01030659,Runnymede 006E,Shoplifting,Investigation complete; no suspect identified,
15806a0fd75f153ab2f6e23a87c51fbc2678037e92ba3268087347b9677ed461,2023-06,Surrey Police,Surrey Police,-0.506036,51.390638,On or near Supermarket,E01030659,Runnymede 006E,Vehicle crime,Investigation complete; no suspect identified,
abace654b43ef3700fdbacfab2dd211b885dcdad918fb4b268f8ac47672a2e54,2023-06,Surrey Police,Surrey Police,-0.506036,51.390638,On or near Supermarket,E01030659,Runnymede 006E,Vehicle crime,Investigation complete; no suspect identified,
6013e9e474f8a52ff87e1ef507f428d8515dd61f88948c6057e61b6dafc226d5,2023-06,Surrey Police,Surrey Police,-0.504646,51.391899,On or near Foundry Court,E01030659,Runnymede 006E,Violence and sexual offences,Unable to prosecute suspect,
27de425411c85c0e8e9ef5f05a2b9e9c8c0b14a61582ed21639584eecd837a40,2023-06,Surrey Police,Surrey Police,-0.503917,51.393545,On or near Colonel'S Lane,E01030659,Runnymede 006E,Violence and sexual offences,Court result unavailable,
867d37062fbb3fe2c1c6afb8fbac092187395be3bfc0223423ee8e110922d7fa,2023-06,Surrey Police,Surrey Police,-0.509847,51.395077,On or near North Grove,E01030659,Runnymede 006E,Violence and sexual offences,Local resolution,
57f83dbcc0a69c58b1446f5a45751284163696ad0b6f2f629909a50a6688abbd,2023-06,Surrey Police,Surrey Police,-0.509847,51.395077,On or near North Grove,E01030659,Runnymede 006E,Violence and sexual offences,Unable to prosecute suspect,
678fae01e98ea637c429a202f5adc27c09cd9f9b8a7454dada54cd6ceb6cdba0,2023-06,Surrey Police,Surrey Police,-0.508587,51.396248,On or near St Ann'S Close,E01030659,Runnymede 006E,Violence and sexual offences,Unable to prosecute suspect,
83cca622bb6a7a30b2a60c9ed9a4a830e2a6c2198c752d88032d9efe09c80ecf,2023-06,Surrey Police,Surrey Police,-0.506036,51.390638,On or near Supermarket,E01030659,Runnymede 006E,Violence and sexual offences,Investigation complete; no suspect identified,
558e551fcdb7b727bb3ac6661425c942e3accc47f7725543b645b8684b5239e8,2023-06,Surrey Police,Surrey Police,-0.502201,51.393271,On or near Abbey Green,E01030659,Runnymede 006E,Other crime,Unable to prosecute suspect,
5c7fdf674ec246fc4dd887e20e6b14b97a1a307470ca3750f841ef27e7882d0e,2023-06,Surrey Police,Surrey Police,-0.473674,51.371960,On or near Addlestone Road,E01030647,Runnymede 007A,Burglary,Investigation complete; no suspect identified,
9633f44ce86d9ffed3b8ab6637fb7112e382742b3434e9f1c57070a34bc8ebc6,2023-06,Surrey Police,Surrey Police,-0.481251,51.370053,On or near Astor Close,E01030647,Runnymede 007A,Other theft,Investigation complete; no suspect identified,
64ea70a322fb614df84705d766c28b0b082da63aac59f7db473fa6b93ea02965,2023-06,Surrey Police,Surrey Police,-0.480028,51.368814,On or near Bourneside Road,E01030647,Runnymede 007A,Violence and sexual offences,Court result unavailable,
cac26c7a2f2a26ed3a3ab4b97ab95012fee774b0ab668c31821c433c436b02dd,2023-06,Surrey Police,Surrey Police,-0.480028,51.368814,On or near Bourneside Road,E01030647,Runnymede 007A,Violence and sexual offences,Unable to prosecute suspect,
eddc2cfc82b1f4c64e7ffebcdd578cb4b21af24384d31ecfa2d6c10dfeb105d2,2023-06,Surrey Police,Surrey Police,-0.481251,51.370053,On or near Astor Close,E01030647,Runnymede 007A,Other crime,Further investigation is not in the public interest,
,2023-06,Surrey Police,Surrey Police,-0.502592,51.369410,On or near St Paul'S Close,E01030648,Runnymede 007B,Anti-social behaviour,,
d71d6a573eacc58bcbe3d36cc5f6f8fb4a03ebd8b37d2829da0a97120a7d6639,2023-06,Surrey Police,Surrey Police,-0.496163,51.373590,On or near Chapel Park Road,E01030648,Runnymede 007B,Criminal damage and arson,Investigation complete; no suspect identified,
aba3e3fbaae7d344d5dd697323b8d93db913d158b3d5e330ecbb7fa946d50753,2023-06,Surrey Police,Surrey Police,-0.497069,51.374429,On or near Supermarket,E01030648,Runnymede 007B,Drugs,Court result unavailable,
e19f76f1ee037a5d6458aae94010c99eebd177c9ce9c1823a830157f717934ac,2023-06,Surrey Police,Surrey Police,-0.498875,51.369282,On or near Church Road,E01030648,Runnymede 007B,Public order,Investigation complete; no suspect identified,
9c4dbb34093bee6ee9518dfbcf2a0b15ac1771b0907462800c25ff701b0811eb,2023-06,Surrey Police,Surrey Police,-0.496867,51.370074,On or near Ladythorpe Close,E01030648,Runnymede 007B,Public order,Investigation complete; no suspect identified,
8996e2a903d518d023a4e784a3c0a090adbb0ab0321c268357da3478761af4f2,2023-06,Surrey Police,Surrey Police,-0.498766,51.369541,On or near Supermarket,E01030648,Runnymede 007B,Shoplifting,Investigation complete; no suspect identified,
8bff18db20c9648d88d9716d6a1e4f0292f89a1d498fc5b899db611cbc1ddbe3,2023-06,Surrey Police,Surrey Police,-0.504718,51.368107,On or near B3121,E01030648,Runnymede 007B,Vehicle crime,Investigation complete; no suspect identified,
41e058fa0bc0d5c885a12911cbef9acb26260c9aa2e233f4fab6c5158d76fb0b,2023-06,Surrey Police,Surrey Police,-0.498766,51.369541,On or near Supermarket,E01030648,Runnymede 007B,Violence and sexual offences,Investigation complete; no suspect identified,
d88b621f9115cdadc697da74d9554e4aa08877834d33550c42810dad07004750,2023-06,Surrey Police,Surrey Police,-0.498766,51.369541,On or near Supermarket,E01030648,Runnymede 007B,Violence and sexual offences,Investigation complete; no suspect identified,
b58de37436b84086ed962dc72e71a833059373a1191a93c95117c872ad5a6b7f,2023-06,Surrey Police,Surrey Police,-0.497069,51.374429,On or near Supermarket,E01030648,Runnymede 007B,Violence and sexual offences,Unable to prosecute suspect,
8464bdf8affac93d28048790d8bf14aef06739f704c94e33ca4b043f6e7736b4,2023-06,Surrey Police,Surrey Police,-0.498766,51.369541,On or near Supermarket,E01030648,Runnymede 007B,Violence and sexual offences,Unable to prosecute suspect,
0aaeaa8efe5c1fc6cd1b9130b305dcd40addfa80feb514bcc7bd05c90a181e8a,2023-06,Surrey Police,Surrey Police,-0.495816,51.371464,On or near Brentwood Court,E01030648,Runnymede 007B,Violence and sexual offences,Investigation complete; no suspect identified,
43c7376dd0e85ad3f59c0e74e136425c232b3c206b0ce864d2338adbb953bad3,2023-06,Surrey Police,Surrey Police,-0.498766,51.369541,On or near Supermarket,E01030648,Runnymede 007B,Violence and sexual offences,Unable to prosecute suspect,
8e8f3bfede45f15863ddf243d774b81e1717996f0ee37561aeb761abfcdaa870,2023-06,Surrey Police,Surrey Police,-0.501279,51.371354,On or near Firfield Road,E01030648,Runnymede 007B,Other crime,Action to be taken by another organisation,
,2023-06,Surrey Police,Surrey Police,-0.492142,51.370895,On or near B3121,E01030649,Runnymede 007C,Anti-social behaviour,,
,2023-06,Surrey Police,Surrey Police,-0.491537,51.372263,On or near Tyler Gardens,E01030649,Runnymede 007C,Anti-social behaviour,,
,2023-06,Surrey Police,Surrey Police,-0.494825,51.370570,On or near Pine Court,E01030649,Runnymede 007C,Anti-social behaviour,,
,2023-06,Surrey Police,Surrey Police,-0.495119,51.373433,On or near Chapel Avenue,E01030649,Runnymede 007C,Anti-social behaviour,,
e65b28636b90df9f987dcd8d88ab2ab3ae505fa05459e914a30dead5656894bb,2023-06,Surrey Police,Surrey Police,-0.493580,51.372172,On or near High Street,E01030649,Runnymede 007C,Criminal damage and arson,Investigation complete; no suspect identified,
ce989107570e315050be8373c0110b2cd4692dc0deaa5667b94679f2f9ed061d,2023-06,Surrey Police,Surrey Police,-0.494825,51.370570,On or near Pine Court,E01030649,Runnymede 007C,Criminal damage and arson,Investigation complete; no suspect identified,
112f841a0375b3f1a54ad856d8b37736a51d211fcfa77b6b0d5f7e2c34ff5407,2023-06,Surrey Police,Surrey Police,-0.489954,51.373654,On or near Wallace Walk,E01030649,Runnymede 007C,Criminal damage and arson,Further investigation is not in the public interest,
8a33483addaa529622f14f0219f08650a9700149d17085e2e3e5d3716ea888fd,2023-06,Surrey Police,Surrey Police,-0.485145,51.373529,On or near Addlestone,E01030649,Runnymede 007C,Drugs,Further investigation is not in the public interest,
0e3b8fd0ee2bd766f7a74ef53ef7aacd731e02594098d83675f87a6f92536d4f,2023-06,Surrey Police,Surrey Police,-0.496474,51.376364,On or near Prairie Close,E01030649,Runnymede 007C,Other theft,Unable to prosecute suspect,
f7f1bed6629963897312c08f728068d7e4ddb29a0154d6ca09a33c53f6801483,2023-06,Surrey Police,Surrey Police,-0.492589,51.376548,On or near Petrol Station,E01030649,Runnymede 007C,Other theft,Unable to prosecute suspect,
abee3b00ce58992b6c0d7a9854f27993685327018a71ce8f412ad635aa80d3cd,2023-06,Surrey Police,Surrey Police,-0.488960,51.371969,On or near Petrol Station,E01030649,Runnymede 007C,Shoplifting,Investigation complete; no suspect identified,
aa6e3aab1a514502439568d9165262bbc38237f113569863128f03a05362db1c,2023-06,Surrey Police,Surrey Police,-0.488960,51.371969,On or near Petrol Station,E01030649,Runnymede 007C,Shoplifting,Investigation complete; no suspect identified,
9cd92ce58f3cf1f4db1edf3f71f21719105ee4efeca4d7939ea2a34e66285ffc,2023-06,Surrey Police,Surrey Police,-0.492589,51.376548,On or near Petrol Station,E01030649,Runnymede 007C,Shoplifting,Investigation complete; no suspect identified,
84d13e447ea6cec85d5e9d32dd8d9059519a2de0ea53bd16d1d70474b5a3911a,2023-06,Surrey Police,Surrey Police,-0.489297,51.371785,On or near Church Mews,E01030649,Runnymede 007C,Vehicle crime,Further action is not in the public interest,
4844addb0d9c303c97c269df4091dd24ad703a35cb12587452375711130e9327,2023-06,Surrey Police,Surrey Police,-0.486821,51.373236,On or near Victory Park Road,E01030649,Runnymede 007C,Violence and sexual offences,Unable to prosecute suspect,
3b241f69b704fe24cf08bacdcdbe08240ef3b9e6c9146bd4fdaa37c408f851c5,2023-06,Surrey Police,Surrey Police,-0.485502,51.372284,On or near Station Road,E01030649,Runnymede 007C,Violence and sexual offences,Unable to prosecute suspect,
87fc6e91b6e04869b452415f99e6f2608981d37cf176667bd47a29ae489ba988,2023-06,Surrey Police,Surrey Police,-0.483779,51.373548,On or near Burn Close,E01030649,Runnymede 007C,Violence and sexual offences,Unable to prosecute suspect,
bac46a38a9247441a038a91db307bf4dd369e959668828df0432614bb04fc624,2023-06,Surrey Police,Surrey Police,-0.483913,51.375150,On or near Sopwith Way,E01030649,Runnymede 007C,Violence and sexual offences,Unable to prosecute suspect,
5da46a3330a4f17950440c8c33d56f94c66c667ce5c20dca856d18e094239007,2023-06,Surrey Police,Surrey Police,-0.494825,51.370570,On or near Pine Court,E01030649,Runnymede 007C,Violence and sexual offences,Further investigation is not in the public interest,
8170855523ff7527e0f8905473b177a0e24c64e2677cce125e505f1a174af276,2023-06,Surrey Police,Surrey Police,-0.494642,51.374380,On or near Rickman Crescent,E01030650,Runnymede 007D,Burglary,Status update unavailable,
7731e76c53eca89db6ca034d9fbd0679263b58a151748fdce3188700c20b607d,2023-06,Surrey Police,Surrey Police,-0.499712,51.374445,On or near Emley Road,E01030650,Runnymede 007D,Criminal damage and arson,Investigation complete; no suspect identified,
0c64583a8dbb2ad2cde43e0067f13e3fb01bf4bc91c5dbf5b9435a8f7dbbebac,2023-06,Surrey Police,Surrey Police,-0.499712,51.374445,On or near Emley Road,E01030650,Runnymede 007D,Criminal damage and arson,Court result unavailable,
bdf05ec7f91406ced0c1f64a9b8ea10aa8c90ca27f26c4b7c8857451bf6b5c25,2023-06,Surrey Police,Surrey Police,-0.499505,51.375522,On or near Oaklands Court,E01030650,Runnymede 007D,Vehicle crime,Investigation complete; no suspect identified,
ea298e39d740140c9bb084320b87d637dcf09cc595ec78e0f46ba698152c589e,2023-06,Surrey Police,Surrey Police,-0.494520,51.375476,On or near Douglas Road,E01030650,Runnymede 007D,Vehicle crime,Investigation complete; no suspect identified,
97879b1097ab8837dad48325ff4cc81267a3adaa707a0670381ffbf6d5b5b1e2,2023-06,Surrey Police,Surrey Police,-0.496128,51.374633,On or near Courland Road,E01030650,Runnymede 007D,Violence and sexual offences,Investigation complete; no suspect identified,
c8226e3a0a64a5fa83c026c207276ce22d53842d5411a86875c0999bf7664b94,2023-06,Surrey Police,Surrey Police,-0.499505,51.375522,On or near Oaklands Court,E01030650,Runnymede 007D,Violence and sexual offences,Unable to prosecute suspect,
016169df2e5d46f92d853543304abc2a9f250fa48d2e32b06971498dfa90893e,2023-06,Surrey Police,Surrey Police,-0.499712,51.374445,On or near Emley Road,E01030650,Runnymede 007D,Violence and sexual offences,Unable to prosecute suspect,
3c657c5af809bc89649f76aeded4cf3280b5b98c0541889d014d9a61509812fa,2023-06,Surrey Police,Surrey Police,-0.499505,51.375522,On or near Oaklands Court,E01030650,Runnymede 007D,Violence and sexual offences,Unable to prosecute suspect,
a9522e54b80b52df8631759df1e528b8112f24ffde2015bdcd69c9d364d6e21d,2023-06,Surrey Police,Surrey Police,-0.499505,51.375522,On or near Oaklands Court,E01030650,Runnymede 007D,Violence and sexual offences,Unable to prosecute suspect,
020f1b2fd6dac8f8eabbff6064f3d2f5a7c9bed88e732362c93563cafcc6a1a9,2023-06,Surrey Police,Surrey Police,-0.495591,51.376128,On or near Glenmore Close,E01030650,Runnymede 007D,Violence and sexual offences,Unable to prosecute suspect,
e1a74752fa1494073ccbd07dff6035fd4117a1dd03de0f13c46c714876afef41,2023-06,Surrey Police,Surrey Police,-0.499505,51.375522,On or near Oaklands Court,E01030650,Runnymede 007D,Violence and sexual offences,Action to be taken by another organisation,
6a9ca3163f0ff10c58e2f3b2e637db45f9059d3a32fcf6fbb4e3fe8915f6fde9,2023-06,Surrey Police,Surrey Police,-0.495591,51.376128,On or near Glenmore Close,E01030650,Runnymede 007D,Violence and sexual offences,Unable to prosecute suspect,
789d9a7fcc65705a4a27554b7adf42fb8fb229439c8f8d431251058cd787d8e9,2023-06,Surrey Police,Surrey Police,-0.495591,51.376128,On or near Glenmore Close,E01030650,Runnymede 007D,Violence and sexual offences,Unable to prosecute suspect,
20d9290f01a965d8b52a278518f330480f0210832c6d29e0985f3c7e00b5aced,2023-06,Surrey Police,Surrey Police,-0.495591,51.376128,On or near Glenmore Close,E01030650,Runnymede 007D,Violence and sexual offences,Unable to prosecute suspect,
5a63f9d9e82475d4ce1a7ba75900ae7e62a70e59f6b89778d2650fdb0354a77f,2023-06,Surrey Police,Surrey Police,-0.499505,51.375522,On or near Oaklands Court,E01030650,Runnymede 007D,Violence and sexual offences,Action to be taken by another organisation,
9bda165a3743d101cd8b301636c6e9a01cbf4971afb5aad970ad896e872c2fac,2023-06,Surrey Police,Surrey Police,-0.499712,51.374445,On or near Emley Road,E01030650,Runnymede 007D,Violence and sexual offences,Unable to prosecute suspect,
fa248b60208aa554c79f6ec99cdb2bd6482e58c720a3ea04e0a2b1c6e8ba0169,2023-06,Surrey Police,Surrey Police,-0.499505,51.375522,On or near Oaklands Court,E01030650,Runnymede 007D,Violence and sexual offences,Unable to prosecute suspect,
1eda85cc5abb7f69a7aadda1c61da6863bc27f5ad9d231c8ebca52a45bbbb972,2023-06,Surrey Police,Surrey Police,-0.495591,51.376128,On or near Glenmore Close,E01030650,Runnymede 007D,Violence and sexual offences,Unable to prosecute suspect,
506366428bd50f4b2fcb91be55bbf83a29bf9ae78245a5440a057e49fc565450,2023-06,Surrey Police,Surrey Police,-0.495458,51.375803,On or near Prairie Road,E01030650,Runnymede 007D,Violence and sexual offences,Unable to prosecute suspect,
df6a3a0d27191b158cc2d7f9abfc001883bb28d7526af1529e392decf9b70478,2023-06,Surrey Police,Surrey Police,-0.494520,51.375476,On or near Douglas Road,E01030650,Runnymede 007D,Violence and sexual offences,Local resolution,
d80b5ca9df33f8404cf4e1894f13938616d89b2bbacc85da59761f8161311720,2023-06,Surrey Police,Surrey Police,-0.499505,51.375522,On or near Oaklands Court,E01030650,Runnymede 007D,Violence and sexual offences,Action to be taken by another organisation,
68e0f759b51e0a96a13c42510035bf85b5e5102ef4c9bf4f8c204d720e79f9d9,2023-06,Surrey Police,Surrey Police,-0.483095,51.377298,On or near Woburn Hill,E01030651,Runnymede 007E,Drugs,Court result unavailable,
,2023-06,Surrey Police,Surrey Police,-0.496175,51.380677,On or near Canford Drive,E01030651,Runnymede 007E,Anti-social behaviour,,
,2023-06,Surrey Police,Surrey Police,-0.496632,51.382957,On or near Wheatash Road,E01030651,Runnymede 007E,Anti-social behaviour,,
,2023-06,Surrey Police,Surrey Police,-0.495445,51.381881,On or near Clifton Close,E01030651,Runnymede 007E,Anti-social behaviour,,
,2023-06,Surrey Police,Surrey Police,-0.489871,51.380542,On or near Woburn Hill,E01030651,Runnymede 007E,Anti-social behaviour,,
,2023-06,Surrey Police,Surrey Police,-0.498355,51.381676,On or near Harrow Close,E01030651,Runnymede 007E,Anti-social behaviour,,
,2023-06,Surrey Police,Surrey Police,-0.496175,51.380677,On or near Canford Drive,E01030651,Runnymede 007E,Anti-social behaviour,,
,2023-06,Surrey Police,Surrey Police,-0.498355,51.381676,On or near Harrow Close,E01030651,Runnymede 007E,Anti-social behaviour,,
,2023-06,Surrey Police,Surrey Police,-0.498355,51.381676,On or near Harrow Close,E01030651,Runnymede 007E,Anti-social behaviour,,
bfee624c4dde7070dbaa427b3010cab947e60975697e7ef9f7639cc678d8e563,2023-06,Surrey Police,Surrey Police,-0.484641,51.378343,On or near Woburn Hill,E01030651,Runnymede 007E,Violence and sexual offences,Investigation complete; no suspect identified,
0fdd3079202662090acdef3bdcb3efcc05f7f41ffebf5ad5c1c787bd7a61a0aa,2023-06,Surrey Police,Surrey Police,-0.490630,51.381487,On or near Addlestone Moor,E01030651,Runnymede 007E,Violence and sexual offences,Unable to prosecute suspect,
3e19144d89cde8ec5e6a8c954cbd6e64039ab36ddbbe28e3a2781fd8070e4a40,2023-06,Surrey Police,Surrey Police,-0.498355,51.381676,On or near Harrow Close,E01030651,Runnymede 007E,Violence and sexual offences,Status update unavailable,
f5e6bd5fe952b6848cd8caae6925a06237d737f8e1c5fda4efc189f000e0b00e,2023-06,Surrey Police,Surrey Police,-0.490630,51.381487,On or near Addlestone Moor,E01030651,Runnymede 007E,Violence and sexual offences,Further investigation is not in the public interest,
667e054c0d92a99e025f0ae952651f270cec0eb76c528e437f2aa9b0f06560a3,2023-06,Surrey Police,Surrey Police,-0.500799,51.381774,On or near Sports/Recreation Area,E01030651,Runnymede 007E,Violence and sexual offences,Unable to prosecute suspect,
,2023-06,Surrey Police,Surrey Police,-0.509073,51.375536,On or near St Peter'S Way,E01030655,Runnymede 007F,Anti-social behaviour,,
,2023-06,Surrey Police,Surrey Police,-0.509073,51.375536,On or near St Peter'S Way,E01030655,Runnymede 007F,Anti-social behaviour,,
6f956ef7f6451942186d9686dcbfb204528e3ff9447a75179f204596773aaf6c,2023-06,Surrey Police,Surrey Police,-0.519300,51.379191,On or near Lyndhurst Way,E01030655,Runnymede 007F,Criminal damage and arson,Local resolution,
50918d5b2cd0f4e4fc4e63643828614cd6a7729f72637f2691c7c77cecb9de8d,2023-06,Surrey Police,Surrey Police,-0.511819,51.385256,On or near Pannells Close,E01030655,Runnymede 007F,Criminal damage and arson,Investigation complete; no suspect identified,
b5e45a0b952cbdba9ef96540a75eb4f95ac6fae791c4240d1c5d84f593e173b9,2023-06,Surrey Police,Surrey Police,-0.509073,51.375536,On or near St Peter'S Way,E01030655,Runnymede 007F,Public order,Investigation complete; no suspect identified,
67bf0da8aa84673f0937e562355d3397ecdb006413a9d597eedd45124c81032a,2023-06,Surrey Police,Surrey Police,-0.517216,51.383660,On or near M25,E01030655,Runnymede 007F,Violence and sexual offences,Unable to prosecute suspect,
4ba426056ec37f5403d2b9e09089a40fa1af5f7934e62448c1961879c5a134de,2023-06,Surrey Police,Surrey Police,-0.509073,51.375536,On or near St Peter'S Way,E01030655,Runnymede 007F,Violence and sexual offences,Unable to prosecute suspect,
08fbd49988138e7bebdfdceb5930204cc15abbfdf4695c7b4da11b74c83da50f,2023-06,Surrey Police,Surrey Police,-0.509115,51.385743,On or near Pretoria Road,E01030655,Runnymede 007F,Other crime,Status update unavailable,
d8b4f28728552de7e3eff26a22fdc51803fec4f01a97be9b3933a81f5a543204,2023-06,Surrey Police,Surrey Police,-0.515881,51.374741,On or near Bittams Lane,E01030662,Runnymede 007G,Burglary,Status update unavailable,
53fba6bc66c76308c1110e4df2368b849800a675f4d356830b72c15017b66116,2023-06,Surrey Police,Surrey Police,-0.521111,51.374717,On or near Hillcrest Avenue,E01030662,Runnymede 007G,Vehicle crime,Investigation complete; no suspect identified,
65d0d3076029554bf4f3660543976c80ddae2afbd4728ede3a2385fc8989085c,2023-06,Surrey Police,Surrey Police,-0.519215,51.376051,On or near Ferndale Avenue,E01030662,Runnymede 007G,Vehicle crime,Investigation complete; no suspect identified,
d2aa057f9f2c1a963e0ba83ff65f3c16e2a017e5f9360bfba4835a1acf985a34,2023-06,Surrey Police,Surrey Police,-0.510517,51.365150,On or near Copperfield Rise,E01030662,Runnymede 007G,Violence and sexual offences,Unable to prosecute suspect,
8730da344e653b09084368886e2eb7e8a612913391d5a536467a47fb39e45124,2023-06,Surrey Police,Surrey Police,-0.526886,51.376993,On or near Hospital,E01030677,Runnymede 008A,Violence and sexual offences,Court result unavailable,
6d5b31c36c8a37957b49f8aa7141f1c88c69022bd4161928b420f748768a7335,2023-06,Surrey Police,Surrey Police,-0.526886,51.376993,On or near Hospital,E01030677,Runnymede 008A,Violence and sexual offences,Court result unavailable,
c23ceea6acd555e27c1ce34b400fd4bc714cc6a20d787be4e784544d056bce17,2023-06,Surrey Police,Surrey Police,-0.526886,51.376993,On or near Hospital,E01030677,Runnymede 008A,Violence and sexual offences,Unable to prosecute suspect,
,2023-06,Surrey Police,Surrey Police,-0.552530,51.393975,On or near Harrow Bottom Road,E01030677,Runnymede 008A,Anti-social behaviour,,
,2023-06,Surrey Police,Surrey Police,-0.526886,51.376993,On or near Hospital,E01030677,Runnymede 008A,Anti-social behaviour,,
,2023-06,Surrey Police,Surrey Police,-0.542726,51.379538,On or near Longcross Road,E01030677,Runnymede 008A,Anti-social behaviour,,
,2023-06,Surrey Police,Surrey Police,-0.542726,51.379538,On or near Longcross Road,E01030677,Runnymede 008A,Anti-social behaviour,,
,2023-06,Surrey Police,Surrey Police,-0.526201,51.385338,On or near Hardwick Lane,E01030677,Runnymede 008A,Anti-social behaviour,,
,2023-06,Surrey Police,Surrey Police,-0.522297,51.380281,On or near Hardwick Lane,E01030677,Runnymede 008A,Anti-social behaviour,,
d8deee68bbb54c27377e7550118489d97ae71e1aa24819ae09d70c593308c29d,2023-06,Surrey Police,Surrey Police,-0.526886,51.376993,On or near Hospital,E01030677,Runnymede 008A,Other theft,Investigation complete; no suspect identified,
464854dc5a52a54a5f3697781b7e866678f458af0f9264f015744910c2ae34b1,2023-06,Surrey Police,Surrey Police,-0.526886,51.376993,On or near Hospital,E01030677,Runnymede 008A,Public order,Court result unavailable,
d14f895f8ad700dfbd0acbce71467d88efda97f916659df2fc4b9dbed47c687c,2023-06,Surrey Police,Surrey Police,-0.526886,51.376993,On or near Hospital,E01030677,Runnymede 008A,Public order,Investigation complete; no suspect identified,
b9c8fa7dee834c234339db2c3d2e8f8d0aabd5dbdb03275490010108e8b771f6,2023-06,Surrey Police,Surrey Police,-0.526201,51.385338,On or near Hardwick Lane,E01030677,Runnymede 008A,Public order,Unable to prosecute suspect,
1a51dddd46c92fbaa9f217d311d52e5c0907414299723f5bc460c73231a477b2,2023-06,Surrey Police,Surrey Police,-0.526886,51.376993,On or near Hospital,E01030677,Runnymede 008A,Public order,Unable to prosecute suspect,
10de46a1c80970e9f6d6cd6293c1efba3a02676d113c137345a956b66679ec12,2023-06,Surrey Police,Surrey Police,-0.528713,51.379165,On or near B386,E01030677,Runnymede 008A,Shoplifting,Investigation complete; no suspect identified,
c0b2a8a47c66727a66c8ec0160e857d709ac703c0af386866a494b9711b8212c,2023-06,Surrey Police,Surrey Police,-0.526886,51.376993,On or near Hospital,E01030677,Runnymede 008A,Theft from the person,Investigation complete; no suspect identified,
23232acb62506cc453b5480c3ba5fbd1749536f7fea7760ea93fa20295c3e72f,2023-06,Surrey Police,Surrey Police,-0.528791,51.388842,On or near Hardwick Lane,E01030677,Runnymede 008A,Vehicle crime,Unable to prosecute suspect,
1566f80cecc48f758d25d038256eea48952c15e0b9a7e18340da82cdaf8ac9c2,2023-06,Surrey Police,Surrey Police,-0.526886,51.376993,On or near Hospital,E01030677,Runnymede 008A,Violence and sexual offences,Court result unavailable,
65479d60fd77b14c678e044f8fefef0268ae9b10a856d5f8cd32f6dd4d737e6d,2023-06,Surrey Police,Surrey Police,-0.584146,51.378337,On or near Tanglewood Close,E01030677,Runnymede 008A,Violence and sexual offences,Unable to prosecute suspect,
ebf566027aab92aa4416a62b26a2607bbca141292e88e8ee968535bc55819078,2023-06,Surrey Police,Surrey Police,-0.526886,51.376993,On or near Hospital,E01030677,Runnymede 008A,Violence and sexual offences,Unable to prosecute suspect,
ee06cab47bbc918b9c911cc179b386bba9c111083f294971463475168a8d9a8e,2023-06,Surrey Police,Surrey Police,-0.526886,51.376993,On or near Hospital,E01030677,Runnymede 008A,Violence and sexual offences,Unable to prosecute suspect,
90209f4f27b0f33f2383de8d5d1d6c6ea5940fda07c6aed993ee270ded7506b3,2023-06,Surrey Police,Surrey Police,-0.526886,51.376993,On or near Hospital,E01030677,Runnymede 008A,Violence and sexual offences,Unable to prosecute suspect,
7b12519335f2e8bcacbfb2b5b6c27bf361c8257b895689dd6cd03a27d622fbcb,2023-06,Surrey Police,Surrey Police,-0.570938,51.382925,On or near Park/Open Space,E01030677,Runnymede 008A,Violence and sexual offences,Investigation complete; no suspect identified,
6071b23edcffb1b28833808cdfd031e28f9df0fff388d4c721effd3439936d7f,2023-06,Surrey Police,Surrey Police,-0.528791,51.388842,On or near Hardwick Lane,E01030677,Runnymede 008A,Violence and sexual offences,Further action is not in the public interest,
96d41011f18dc773fcd78c78016b36c89c3486d9ad1207b776a7c5e5b652a893,2023-06,Surrey Police,Surrey Police,-0.526886,51.376993,On or near Hospital,E01030677,Runnymede 008A,Violence and sexual offences,Unable to prosecute suspect,
119393aaf3d558d49c33895588ffebb3c169748b7ac112266246c913a5ebd4d0,2023-06,Surrey Police,Surrey Police,-0.526886,51.376993,On or near Hospital,E01030677,Runnymede 008A,Violence and sexual offences,Unable to prosecute suspect,
5b8b7c9757c4b6d5c40288c1255b72d06f47434f3666a6f34d3861e43f060955,2023-06,Surrey Police,Surrey Police,-0.555224,51.394224,On or near Lyne Close,E01030677,Runnymede 008A,Violence and sexual offences,Further action is not in the public interest,
0ac3272c08850c472f94c836c8f6671b97085daef498b4f506c395da4ec3f1dd,2023-06,Surrey Police,Surrey Police,-0.550128,51.380826,On or near Trys Hill,E01030677,Runnymede 008A,Violence and sexual offences,Local resolution,
1c39c9ed08c6683e0b56641ef38c3b779e5d59b086637ba68ab419b61a78161d,2023-06,Surrey Police,Surrey Police,-0.526886,51.376993,On or near Hospital,E01030677,Runnymede 008A,Violence and sexual offences,Unable to prosecute suspect,
,2023-06,Surrey Police,Surrey Police,-0.529067,51.364989,On or near Escott Place,E01030678,Runnymede 008B,Anti-social behaviour,,
,2023-06,Surrey Police,Surrey Police,-0.531462,51.365567,On or near Parking Area,E01030678,Runnymede 008B,Anti-social behaviour,,
,2023-06,Surrey Police,Surrey Police,-0.529067,51.364989,On or near Escott Place,E01030678,Runnymede 008B,Anti-social behaviour,,
,2023-06,Surrey Police,Surrey Police,-0.529067,51.364989,On or near Escott Place,E01030678,Runnymede 008B,Anti-social behaviour,,
a2d58848904392d64182c0247c689a60236556ddfb829fd3178c85001d33aef8,2023-06,Surrey Police,Surrey Police,-0.533999,51.364844,On or near Malvern Close,E01030678,Runnymede 008B,Drugs,Local resolution,
,2023-06,Surrey Police,Surrey Police,-0.529845,51.373002,On or near Hillswood Drive,E01030679,Runnymede 008C,Anti-social behaviour,,
,2023-06,Surrey Police,Surrey Police,-0.532852,51.363876,On or near Petrol Station,E01030679,Runnymede 008C,Anti-social behaviour,,
,2023-06,Surrey Police,Surrey Police,-0.590514,51.377794,On or near Albury Close,E01030679,Runnymede 008C,Anti-social behaviour,,
2be21becb67639bb27e938f8a2e6d21b8cf4a1cd9457dc4b63262867540d40c4,2023-06,Surrey Police,Surrey Police,-0.529845,51.373002,On or near Hillswood Drive,E01030679,Runnymede 008C,Criminal damage and arson,Investigation complete; no suspect identified,
937db0e1ab5e27293b6878242071f4c330e1cbb65e156199735d02e4dcf18ec8,2023-06,Surrey Police,Surrey Police,-0.532852,51.363876,On or near Petrol Station,E01030679,Runnymede 008C,Shoplifting,Investigation complete; no suspect identified,
15ea6de819b10609d2620235379aecfd72c9da29b8860468e8bb5318c8fb5517,2023-06,Surrey Police,Surrey Police,-0.534516,51.364392,On or near Simons Close,E01030679,Runnymede 008C,Shoplifting,Investigation complete; no suspect identified,
9099c4ac9ba2cfdd558b6a249ecb6a5e073937cb8060ff225787295f04143848,2023-06,Surrey Police,Surrey Police,-0.534516,51.364392,On or near Simons Close,E01030679,Runnymede 008C,Shoplifting,Investigation complete; no suspect identified,
ea80ad37f478060fc25afb75f5f491ffcce4934821da8118e89041bff8507414,2023-06,Surrey Police,Surrey Police,-0.557513,51.365774,On or near Stonehill Road,E01030679,Runnymede 008C,Vehicle crime,Investigation complete; no suspect identified,
ec54abc36c3cd00ebe71230885ebf0e9a24e7bcb48aec6ad1bdd9688cf5f74ec,2023-06,Surrey Police,Surrey Police,-0.562499,51.372625,On or near Accommodation Road,E01030679,Runnymede 008C,Vehicle crime,Investigation complete; no suspect identified,
a32e4764c68b75052a369bff4a77d3743ed633e3865330f5be715895dabd3d8b,2023-06,Surrey Police,Surrey Police,-0.557513,51.365774,On or near Stonehill Road,E01030679,Runnymede 008C,Vehicle crime,Investigation complete; no suspect identified,
36be1413024bdba077f66d69569cced9af04e3edad3166302b20d75d72e0ac39,2023-06,Surrey Police,Surrey Police,-0.557513,51.365774,On or near Stonehill Road,E01030679,Runnymede 008C,Vehicle crime,Investigation complete; no suspect identified,
11b10ac724739c7be89e18e803c6564afcd74ed1ce9cb64c536e268f3bf17f22,2023-06,Surrey Police,Surrey Police,-0.557513,51.365774,On or near Stonehill Road,E01030679,Runnymede 008C,Vehicle crime,Investigation complete; no suspect identified,
d88af9b67e6055e05b4e33926b8cfaeda671c7c7fb280677e572c5dd8144b126,2023-06,Surrey Police,Surrey Police,-0.557513,51.365774,On or near Stonehill Road,E01030679,Runnymede 008C,Vehicle crime,Investigation complete; no suspect identified,
30b65e3c3c68b1249bc3d7d3b090c752a8cbf9afc6c84cac8cf5b89b73687d0c,2023-06,Surrey Police,Surrey Police,-0.549409,51.359011,On or near Home Farm Close,E01030679,Runnymede 008C,Violence and sexual offences,Investigation complete; no suspect identified,
,2023-06,Surrey Police,Surrey Police,-0.531949,51.357076,On or near Brox Lane,E01030680,Runnymede 008D,Anti-social behaviour,,
,2023-06,Surrey Police,Surrey Police,-0.531894,51.364611,On or near Shaw Close,E01030680,Runnymede 008D,Anti-social behaviour,,
836cd9d531017d5d89d46e3cb1dad20b887945dada5722c592906993cef7c055,2023-06,Surrey Police,Surrey Police,-0.531894,51.364611,On or near Shaw Close,E01030680,Runnymede 008D,Other theft,Investigation complete; no suspect identified,
1667a06644cce42813823d6749e6c9e7b7dab237f8e7eaa4fbd22b97c9c74e04,2023-06,Surrey Police,Surrey Police,-0.531894,51.364611,On or near Shaw Close,E01030680,Runnymede 008D,Public order,Unable to prosecute suspect,
7d9886f62f98453982b1b684c3eb7f3337375b2e098783de076f61b770760862,2023-06,Surrey Police,Surrey Police,-0.531894,51.364611,On or near Shaw Close,E01030680,Runnymede 008D,Vehicle crime,Investigation complete; no suspect identified,
73a1e2929344cc1abbc8c33fed18b152c337b507aa1107fb53a9cbae5c917fa9,2023-06,Surrey Police,Surrey Police,-0.531894,51.364611,On or near Shaw Close,E01030680,Runnymede 008D,Vehicle crime,Investigation complete; no suspect identified,
786b9cfcd04d105982d1a226b898445f621ec2e8d391f10e9064f8e18687dec4,2023-06,Surrey Police,Surrey Police,-0.529760,51.361724,On or near Chaworth Close,E01030680,Runnymede 008D,Violence and sexual offences,Investigation complete; no suspect identified,
70d5dab4a4ded2357d75de98c7266205a37e2f82d3745738a7d2821ea0479385,2023-06,Surrey Police,Surrey Police,-0.491121,51.370486,On or near Market Street,E01030645,Runnymede 009A,Public order,Court result unavailable,
,2023-06,Surrey Police,Surrey Police,-0.495901,51.368416,On or near Audley Close,E01030645,Runnymede 009A,Anti-social behaviour,,
,2023-06,Surrey Police,Surrey Police,-0.495135,51.368569,On or near Addlestone Park,E01030645,Runnymede 009A,Anti-social behaviour,,
e7a2989e67a071a30cabe1074a76fa66a24770286b72dd7ae7be065b282fa9b4,2023-06,Surrey Police,Surrey Police,-0.491121,51.370486,On or near Market Street,E01030645,Runnymede 009A,Drugs,Investigation complete; no suspect identified,
5277aca5acaf0478657e4b140fe6bfd3631e795e0c2cb728a0d7666df6de97c8,2023-06,Surrey Police,Surrey Police,-0.490251,51.368991,On or near Bush Close,E01030645,Runnymede 009A,Public order,Status update unavailable,
707cb1feb4f1d262d6282cd57eb9d70d3b21c0e8b836df811b5c3c33eeab2ae5,2023-06,Surrey Police,Surrey Police,-0.495135,51.368569,On or near Addlestone Park,E01030645,Runnymede 009A,Public order,Further investigation is not in the public interest,
ce20a6081737836e5d95500b2d8ddcd5d26766d77d2960a70078c0d9e5a31f60,2023-06,Surrey Police,Surrey Police,-0.488012,51.368935,On or near Hazeldene,E01030645,Runnymede 009A,Public order,Unable to prosecute suspect,
68db0dcfcb2d38dee3733437cf8e7bfae4c12403448991fed76060d0ad7db716,2023-06,Surrey Police,Surrey Police,-0.488388,51.367960,On or near Hollies Court,E01030645,Runnymede 009A,Theft from the person,Investigation complete; no suspect identified,
1fe85855cbde10044d39caa59ca9250c37455dc0eedd2da90e2194e4db11275c,2023-06,Surrey Police,Surrey Police,-0.490251,51.368991,On or near Bush Close,E01030645,Runnymede 009A,Vehicle crime,Investigation complete; no suspect identified,
150f9f8f45bfc01359d3ac5a5720e80700ed61eb89912e01e6da4617ab4c25a3,2023-06,Surrey Police,Surrey Police,-0.493013,51.369306,On or near Burleigh Road,E01030645,Runnymede 009A,Violence and sexual offences,Unable to prosecute suspect,
83f129e3585d8b098f2e8888a00550d508b81f739bd84cf1ec735598d8d31b40,2023-06,Surrey Police,Surrey Police,-0.493013,51.369306,On or near Burleigh Road,E01030645,Runnymede 009A,Violence and sexual offences,Unable to prosecute suspect,
497e254b1183ff17e1f88ddc61354195ea00b60f4ec40cbdccc9b978b6a20d26,2023-06,Surrey Police,Surrey Police,-0.490251,51.368991,On or near Bush Close,E01030645,Runnymede 009A,Violence and sexual offences,Local resolution,
ef62ed103d864a5d819443e75c8f22030505ec5bb446888330d457090b53e621,2023-06,Surrey Police,Surrey Police,-0.491121,51.370486,On or near Market Street,E01030645,Runnymede 009A,Violence and sexual offences,Unable to prosecute suspect,
59ea639b62327b8358728e05093505d474523371df6809cc7bf82ce61f68d51c,2023-06,Surrey Police,Surrey Police,-0.491121,51.370486,On or near Market Street,E01030645,Runnymede 009A,Violence and sexual offences,Unable to prosecute suspect,
72e86bb92770c1d81233452c9be6588a6e6ab7fa1e1ba1f3483ac018de1a04b9,2023-06,Surrey Police,Surrey Police,-0.487631,51.370450,On or near Essex Close,E01030645,Runnymede 009A,Violence and sexual offences,Unable to prosecute suspect,
b2443486b690bc008b47ec67bc0d63e49687249747abbafc5ef8e91026ce4068,2023-06,Surrey Police,Surrey Police,-0.490251,51.368991,On or near Bush Close,E01030645,Runnymede 009A,Violence and sexual offences,Action to be taken by another organisation,
fdea58544ded165ce7fdd93b880cc89173ed171078f4a4ba329468534cad28b1,2023-06,Surrey Police,Surrey Police,-0.491121,51.370486,On or near Market Street,E01030645,Runnymede 009A,Violence and sexual offences,Unable to prosecute suspect,
537af6a7f3a614be72e0b14a7315d191630f0c02cfe77447d8e11097f3b2a395,2023-06,Surrey Police,Surrey Police,-0.491121,51.370486,On or near Market Street,E01030645,Runnymede 009A,Violence and sexual offences,Status update unavailable,
38625b5be68f684eaf15f380514d5d1bf1d0047d9fd4d478d7069ffe9993d48d,2023-06,Surrey Police,Surrey Police,-0.490251,51.368991,On or near Bush Close,E01030645,Runnymede 009A,Violence and sexual offences,Unable to prosecute suspect,
51469fa2a34c987a4d03766a240cecb09bc7b98c79cf74e3d14f0d366ffbfe5e,2023-06,Surrey Police,Surrey Police,-0.490251,51.368991,On or near Bush Close,E01030645,Runnymede 009A,Violence and sexual offences,Further action is not in the public interest,
2dcf2538d671324f97e503e9a2df8c5b5cbf143024767224c6336fb4d4f4dcfa,2023-06,Surrey Police,Surrey Police,-0.486441,51.370372,On or near Crockford Close,E01030646,Runnymede 009B,Violence and sexual offences,Court result unavailable,
,2023-06,Surrey Police,Surrey Police,-0.486603,51.371579,On or near Gleeson Mews,E01030646,Runnymede 009B,Anti-social behaviour,,
,2023-06,Surrey Police,Surrey Police,-0.489308,51.370139,On or near Garfield Road,E01030646,Runnymede 009B,Anti-social behaviour,,
,2023-06,Surrey Police,Surrey Police,-0.477524,51.367649,On or near Millpond Court,E01030646,Runnymede 009B,Anti-social behaviour,,
,2023-06,Surrey Police,Surrey Police,-0.489308,51.370139,On or near Garfield Road,E01030646,Runnymede 009B,Anti-social behaviour,,
,2023-06,Surrey Police,Surrey Police,-0.484507,51.371525,On or near Corrie Road,E01030646,Runnymede 009B,Anti-social behaviour,,
,2023-06,Surrey Police,Surrey Police,-0.478568,51.371682,On or near Wordsworth Road,E01030646,Runnymede 009B,Anti-social behaviour,,
6a2e37e9c7411a9572fa06a973c6f32a63f0e0e2e6d28ce3d9600e21fe63d698,2023-06,Surrey Police,Surrey Police,-0.486603,51.371579,On or near Gleeson Mews,E01030646,Runnymede 009B,Bicycle theft,Investigation complete; no suspect identified,
aa0c7e84de9c41a10ee5220a42c05b61e59eda764d6d14bb36618b21932c7806,2023-06,Surrey Police,Surrey Police,-0.486603,51.371579,On or near Gleeson Mews,E01030646,Runnymede 009B,Bicycle theft,Investigation complete; no suspect identified,
fa127a7487fb3d35a0ecdaaaddef9d7799d05e6c88fa9734278bd4876787d380,2023-06,Surrey Police,Surrey Police,-0.484507,51.371525,On or near Corrie Road,E01030646,Runnymede 009B,Criminal damage and arson,Investigation complete; no suspect identified,
93f5e7539a7e2606719634ea604d4fa76452b1de274ca34f5516fb467c892cf9,2023-06,Surrey Police,Surrey Police,-0.483285,51.371536,On or near Joinville Place,E01030646,Runnymede 009B,Criminal damage and arson,Investigation complete; no suspect identified,
0e08e5f252a9ac40d65ceea721037bdf87302b88832e0efcf4c70eebce26da18,2023-06,Surrey Police,Surrey Police,-0.489308,51.370139,On or near Garfield Road,E01030646,Runnymede 009B,Drugs,Local resolution,
142dc065c1596b18c0e19c8cbe39a2011b088765bf9a2685eb162e05ef6e2c8d,2023-06,Surrey Police,Surrey Police,-0.486603,51.371579,On or near Gleeson Mews,E01030646,Runnymede 009B,Other theft,Investigation complete; no suspect identified,
27d93aa1507e7a189bbdd086162052be42764c2f4ed6a36acd972fcd61682b01,2023-06,Surrey Police,Surrey Police,-0.486603,51.371579,On or near Gleeson Mews,E01030646,Runnymede 009B,Other theft,Investigation complete; no suspect identified,
933ed2212cb7be54b9331aee90a7d5e9930c2a977dff51e595a4ddf20f840919,2023-06,Surrey Police,Surrey Police,-0.486603,51.371579,On or near Gleeson Mews,E01030646,Runnymede 009B,Other theft,Investigation complete; no suspect identified,
47a063e364b3345ce1ce6e57d1dac92fd701981c26e58e5de0619a587aa1d0ca,2023-06,Surrey Police,Surrey Police,-0.489308,51.370139,On or near Garfield Road,E01030646,Runnymede 009B,Other theft,Investigation complete; no suspect identified,
b8b21380c1f14eb25b8afdf1baa662e4616b106eeb7cbc2667deef79bb3b2fcf,2023-06,Surrey Police,Surrey Police,-0.480424,51.367686,On or near Heron Dale,E01030646,Runnymede 009B,Other theft,Investigation complete; no suspect identified,
7bf0c5b78e730d5d84567e00a5aba7c1cc400d25a90476776b060523c108bb48,2023-06,Surrey Police,Surrey Police,-0.486603,51.371579,On or near Gleeson Mews,E01030646,Runnymede 009B,Other theft,Investigation complete; no suspect identified,
862f4f34ccc62454f31b9e108bce409481d83f852fbb9c83fdc5dd8079caa54f,2023-06,Surrey Police,Surrey Police,-0.489728,51.370900,On or near Parking Area,E01030646,Runnymede 009B,Public order,Unable to prosecute suspect,
5b8beb128a3e77debab4c15dda7cdf0090d59234a1c33dd0809d1b9f4d2217ff,2023-06,Surrey Police,Surrey Police,-0.489728,51.370900,On or near Parking Area,E01030646,Runnymede 009B,Shoplifting,Investigation complete; no suspect identified,
d07e7c0a421660d4e01daaa001dfdc62371459627915cc8c154d691808bc964b,2023-06,Surrey Police,Surrey Police,-0.486603,51.371579,On or near Gleeson Mews,E01030646,Runnymede 009B,Shoplifting,Investigation complete; no suspect identified,
299ec949f45df3143be3b43d261814f98478e70d0d6457a06399e5ca59bde974,2023-06,Surrey Police,Surrey Police,-0.489728,51.370900,On or near Parking Area,E01030646,Runnymede 009B,Theft from the person,Status update unavailable,
3680fe2b3bac057b5a985804d943c0634089dd90f6130fe75d453c7f876cec1e,2023-06,Surrey Police,Surrey Police,-0.486603,51.371579,On or near Gleeson Mews,E01030646,Runnymede 009B,Vehicle crime,Investigation complete; no suspect identified,
b2354d0f1a179ebabb8428781ffe11abf413c2131180383ce5bb61f531d9a1d6,2023-06,Surrey Police,Surrey Police,-0.481688,51.374213,On or near Garden Close,E01030646,Runnymede 009B,Vehicle crime,Investigation complete; no suspect identified,
c93a5740e0f0d07078001cd53c8ed52ffb73123c495e9f18354c33f82c029183,2023-06,Surrey Police,Surrey Police,-0.482018,51.373372,On or near Victoria Road,E01030646,Runnymede 009B,Vehicle crime,Investigation complete; no suspect identified,
bb3974152b9ec57d810704b6451ee0f9f24aece766ddf58e984c0aef0e233def,2023-06,Surrey Police,Surrey Police,-0.489728,51.370900,On or near Parking Area,E01030646,Runnymede 009B,Violence and sexual offences,Investigation complete; no suspect identified,
95fd5e483ea24a164e546d458d9febbc741e1dd1ba38aabe779be7a2a5e351d0,2023-06,Surrey Police,Surrey Police,-0.489308,51.370139,On or near Garfield Road,E01030646,Runnymede 009B,Violence and sexual offences,Action to be taken by another organisation,
52d46ec3732ea29fdb6bf848dddde6dab3c246da9c43fbf22b6c110a74918397,2023-06,Surrey Police,Surrey Police,-0.489728,51.370900,On or near Parking Area,E01030646,Runnymede 009B,Violence and sexual offences,Investigation complete; no suspect identified,
6f300dcc3db68839787d73c364f8d15460e3e6278642767399b045922c342c48,2023-06,Surrey Police,Surrey Police,-0.489728,51.370900,On or near Parking Area,E01030646,Runnymede 009B,Violence and sexual offences,Local resolution,
71fd02573931071ba68baebe2b8e8178971ed4b279f1272ce4420e67678b69c6,2023-06,Surrey Police,Surrey Police,-0.486441,51.370372,On or near Crockford Close,E01030646,Runnymede 009B,Violence and sexual offences,Unable to prosecute suspect,
21b606e0c5fe9b5a164ced86ce75b0b877dd5942507f05e862be8abc75e2c893,2023-06,Surrey Police,Surrey Police,-0.489308,51.370139,On or near Garfield Road,E01030646,Runnymede 009B,Violence and sexual offences,Investigation complete; no suspect identified,
,2023-06,Surrey Police,Surrey Police,-0.506178,51.359852,On or near Attel Close,E01030660,Runnymede 009C,Anti-social behaviour,,
,2023-06,Surrey Police,Surrey Police,-0.502560,51.367297,On or near Liberty Hall Road,E01030660,Runnymede 009C,Anti-social behaviour,,
,2023-06,Surrey Police,Surrey Police,-0.500151,51.367176,On or near Lane Close,E01030660,Runnymede 009C,Anti-social behaviour,,
,2023-06,Surrey Police,Surrey Police,-0.500151,51.367176,On or near Lane Close,E01030660,Runnymede 009C,Anti-social behaviour,,
01313a4289ab8658fe2a2a16a875389ea853ee9df866c3389706a25f0aec2a9a,2023-06,Surrey Police,Surrey Police,-0.497879,51.365043,On or near Orchard Way,E01030660,Runnymede 009C,Criminal damage and arson,Unable to prosecute suspect,
981afb700c51b243a03c72556db285612aac4a20c69e346cd398d1f927d10fc6,2023-06,Surrey Police,Surrey Police,-0.502909,51.362337,On or near Redwoods,E01030660,Runnymede 009C,Criminal damage and arson,Unable to prosecute suspect,
15b9319c452b4025f54875247bebcae8beb76381140b7b52f25984fe0093758d,2023-06,Surrey Police,Surrey Police,-0.497879,51.365043,On or near Orchard Way,E01030660,Runnymede 009C,Drugs,Further investigation is not in the public interest,
a368e35014982cbace215664e0f46fde4061f8f7773a49f9738a3bab279f51a5,2023-06,Surrey Police,Surrey Police,-0.503930,51.364068,On or near Milton Road,E01030660,Runnymede 009C,Public order,Unable to prosecute suspect,
4d9117400aa9a171a0fd3fcc6d90ced49891f079e51cb2142422a3c4948218c2,2023-06,Surrey Police,Surrey Police,-0.497879,51.365043,On or near Orchard Way,E01030660,Runnymede 009C,Public order,Unable to prosecute suspect,
81e2711a3b074e4fc2eadd43553f59c38446c381f0686127dc252e3e60a54e63,2023-06,Surrey Police,Surrey Police,-0.502500,51.363420,On or near Barton Close,E01030660,Runnymede 009C,Vehicle crime,Investigation complete; no suspect identified,
8c03d217266d1783310cd4ae227f969ef1dab3d952c26b6699fef87d0ffa46dc,2023-06,Surrey Police,Surrey Police,-0.502817,51.366473,On or near Ongar Road,E01030660,Runnymede 009C,Violence and sexual offences,Unable to prosecute suspect,
1b77153a8b4fd43902faea589dd541dcd0a078057c032f10976a5b18436be27c,2023-06,Surrey Police,Surrey Police,-0.502817,51.366473,On or near Ongar Road,E01030660,Runnymede 009C,Violence and sexual offences,Unable to prosecute suspect,
70e5cf918f49daf7ed1bb3ef5491218a04fc4236d10a94cf982a588df5fddb53,2023-06,Surrey Police,Surrey Police,-0.506178,51.359852,On or near Attel Close,E01030660,Runnymede 009C,Violence and sexual offences,Local resolution,
4a49e5cedfc1fb74eb466aaf993a3b8c13b2c689dc6f2b61bd13f26f5e6a5e6c,2023-06,Surrey Police,Surrey Police,-0.506199,51.359205,On or near Strawberry Fields,E01030660,Runnymede 009C,Violence and sexual offences,Investigation complete; no suspect identified,
fe47fb6e24ad38fdee3030284fe5cfda33c5ed6f484985bc13346132d1bab6d2,2023-06,Surrey Police,Surrey Police,-0.506178,51.359852,On or near Attel Close,E01030660,Runnymede 009C,Violence and sexual offences,Investigation complete; no suspect identified,
1dcc36eb0223af679c34332a69ebb18bc33784481741e153e396be191d63efcc,2023-06,Surrey Police,Surrey Police,-0.504104,51.357380,On or near Wycliffe Avenue,E01030660,Runnymede 009C,Violence and sexual offences,Unable to prosecute suspect,
16da9f70b46e4f6007c75e3b2424db75dd657234514f5c321d72f3fbb114e067,2023-06,Surrey Police,Surrey Police,-0.507566,51.359142,On or near Howden Drive,E01030661,Runnymede 009D,Violence and sexual offences,Court result unavailable,
,2023-06,Surrey Police,Surrey Police,-0.513494,51.362823,On or near Row Hill,E01030661,Runnymede 009D,Anti-social behaviour,,
,2023-06,Surrey Police,Surrey Police,-0.507056,51.358047,On or near Longden Avenue,E01030661,Runnymede 009D,Anti-social behaviour,,
69eee8aba91df7829666401897ee55240724a6eaf7414604afbc2c525fcad554,2023-06,Surrey Police,Surrey Police,-0.507834,51.361060,On or near Franklands Drive,E01030661,Runnymede 009D,Criminal damage and arson,Investigation complete; no suspect identified,
08e3a3f08278622759a516408f9ba65c33c27fe3908dda72205b44ed71f9f149,2023-06,Surrey Police,Surrey Police,-0.508465,51.359765,On or near Kemble Avenue,E01030661,Runnymede 009D,Public order,Investigation complete; no suspect identified,
a12267cb716860e84c34a6791dce77e0c2b7050c06a3f8acf1816e150811410e,2023-06,Surrey Police,Surrey Police,-0.508465,51.359765,On or near Kemble Avenue,E01030661,Runnymede 009D,Public order,Investigation complete; no suspect identified,
e5991c2cd4ff0a42d7301218886713cccf2cb587df8bfc37af9cd1bdbea93180,2023-06,Surrey Police,Surrey Police,-0.508663,51.363400,On or near Coombe Drive,E01030661,Runnymede 009D,Vehicle crime,Investigation complete; no suspect identified,
b1fe34dc385e269135d83037bb888bb4d55ffc6519c626360e1af18be1e06e26,2023-06,Surrey Police,Surrey Police,-0.508465,51.359765,On or near Kemble Avenue,E01030661,Runnymede 009D,Violence and sexual offences,Unable to prosecute suspect,
,2023-06,Surrey Police,Surrey Police,-0.498165,51.365523,On or near Monks Crescent,E01030684,Runnymede 009E,Anti-social behaviour,,
,2023-06,Surrey Police,Surrey Police,-0.495353,51.364102,On or near Temple Field Close,E01030684,Runnymede 009E,Anti-social behaviour,,
,2023-06,Surrey Police,Surrey Police,-0.491146,51.366656,On or near Parklands,E01030684,Runnymede 009E,Anti-social behaviour,,
986ab26498f69b7bf178841f343ae8019ad63c8b4046e77fecb16e6a6f184311,2023-06,Surrey Police,Surrey Police,-0.495899,51.365404,On or near Weatherall Close,E01030684,Runnymede 009E,Criminal damage and arson,Investigation complete; no suspect identified,
ae66c4bd10e1c80f6b59b32913c29a01515d73184dc8ab292a202b396d15d66b,2023-06,Surrey Police,Surrey Police,-0.487280,51.363225,On or near Westerham Close,E01030684,Runnymede 009E,Robbery,Unable to prosecute suspect,
ebe4acbaba9e27c1ca2045c38eea0e2dd1474bebb7e5a340c45c44bc34575596,2023-06,Surrey Police,Surrey Police,-0.487280,51.363225,On or near Westerham Close,E01030684,Runnymede 009E,Shoplifting,Investigation complete; no suspect identified,
fc5ad05b3ee44fb23914c05c0394ea0b40b0f9de8cc84535682c7c8869c146fb,2023-06,Surrey Police,Surrey Police,-0.495353,51.364102,On or near Temple Field Close,E01030684,Runnymede 009E,Vehicle crime,Investigation complete; no suspect identified,
7f8355a608f9bdaef8267afb1fe712257cc9c11fdf87e3f13283d9e413982593,2023-06,Surrey Police,Surrey Police,-0.495385,51.364435,On or near Brookhurst Road,E01030684,Runnymede 009E,Violence and sexual offences,Court result unavailable,
ab413ea4df007d4ec978861b656da1a43cde10254bc39c0885100c3b33e21c08,2023-06,Surrey Police,Surrey Police,-0.492850,51.366849,On or near Sayes Court,E01030684,Runnymede 009E,Violence and sexual offences,Unable to prosecute suspect,
,2023-06,Surrey Police,Surrey Police,-0.490264,51.350665,On or near Pinewood Drive,E01030681,Runnymede 010A,Anti-social behaviour,,
,2023-06,Surrey Police,Surrey Police,-0.490264,51.350665,On or near Pinewood Drive,E01030681,Runnymede 010A,Anti-social behaviour,,
,2023-06,Surrey Police,Surrey Police,-0.490264,51.350665,On or near Pinewood Drive,E01030681,Runnymede 010A,Anti-social behaviour,,
,2023-06,Surrey Police,Surrey Police,-0.490264,51.350665,On or near Pinewood Drive,E01030681,Runnymede 010A,Anti-social behaviour,,
,2023-06,Surrey Police,Surrey Police,-0.490264,51.350665,On or near Pinewood Drive,E01030681,Runnymede 010A,Anti-social behaviour,,
,2023-06,Surrey Police,Surrey Police,-0.490264,51.350665,On or near Pinewood Drive,E01030681,Runnymede 010A,Anti-social behaviour,,
93b6cace52cee8743acb757d2b761ebdeef831861be24b39bb037a17f1b49b99,2023-06,Surrey Police,Surrey Police,-0.487403,51.352957,On or near Common Lane,E01030681,Runnymede 010A,Other theft,Investigation complete; no suspect identified,
115cbf99d9a33d4eacc3ce731cc3c79c63d0aa1d2d74629564cfc0ef2b6657de,2023-06,Surrey Police,Surrey Police,-0.482248,51.349887,On or near Oyster Lane,E01030681,Runnymede 010A,Public order,Investigation complete; no suspect identified,
6d594ed23ab94d03bac80f08b905c9d0e5d9c608e2dc17d38ada983464900fda,2023-06,Surrey Police,Surrey Police,-0.489979,51.351057,On or near Pinewood Avenue,E01030681,Runnymede 010A,Violence and sexual offences,Unable to prosecute suspect,
205375b9417d9fa128eea691bdfba8aa0a6d6e92c6b71973f15b5ff8fdfa0a25,2023-06,Surrey Police,Surrey Police,-0.482248,51.349887,On or near Oyster Lane,E01030681,Runnymede 010A,Violence and sexual offences,Court result unavailable,
417332dba280a1cbb3fdcbb80211029b7c411e4018b0150e6b2304a511624258,2023-06,Surrey Police,Surrey Police,-0.493521,51.348558,On or near Park Close,E01030681,Runnymede 010A,Violence and sexual offences,Unable to prosecute suspect,
c17d87867f97b64baa9f2b5e5f1d7aa4061854773591b5be0544320765259a21,2023-06,Surrey Police,Surrey Police,-0.490571,51.347899,On or near Heathervale Way,E01030681,Runnymede 010A,Violence and sexual offences,Further investigation is not in the public interest,
df1f0eae3e43981eea9d38f12e551ec8463bd8d6c4d7642aec44c50693e5822d,2023-06,Surrey Police,Surrey Police,-0.487403,51.352957,On or near Common Lane,E01030681,Runnymede 010A,Other crime,Further investigation is not in the public interest,
,2023-06,Surrey Police,Surrey Police,-0.500842,51.349524,On or near Holly Avenue,E01030682,Runnymede 010B,Anti-social behaviour,,
,2023-06,Surrey Police,Surrey Police,-0.487632,51.356899,On or near Weyview Court,E01030683,Runnymede 010C,Anti-social behaviour,,
928f7fe807210553a91286c348886170274c0deb5f26248a61bc4a16c7d80c4e,2023-06,Surrey Police,Surrey Police,-0.488125,51.358955,On or near Meadway Drive,E01030683,Runnymede 010C,Criminal damage and arson,Investigation complete; no suspect identified,
ddbb31f5fabae385784426650034a95b93e0d561e51444e776f9e0e2131f7a54,2023-06,Surrey Police,Surrey Police,-0.488125,51.358955,On or near Meadway Drive,E01030683,Runnymede 010C,Other theft,Investigation complete; no suspect identified,
19eba42bc383b11d43604d0ee48785e2de9d5ce139cacc36e4e5a11ecd435573,2023-06,Surrey Police,Surrey Police,-0.488125,51.358955,On or near Meadway Drive,E01030683,Runnymede 010C,Vehicle crime,Investigation complete; no suspect identified,
c38ee5330262eaf36c37aba2e501895ea9243830d73a0456f79e5a35d98b9636,2023-06,Surrey Police,Surrey Police,-0.488125,51.358955,On or near Meadway Drive,E01030683,Runnymede 010C,Vehicle crime,Investigation complete; no suspect identified,
1ca690936838af277cb87ace52fc5f084b216dc2e789c0a55ad6a42df285a23e,2023-06,Surrey Police,Surrey Police,-0.488125,51.358955,On or near Meadway Drive,E01030683,Runnymede 010C,Vehicle crime,Investigation complete; no suspect identified,
65df04806806ec190bd7cba3fb846b4b579e8fd1580884c7f38ea2d1dc89c64a,2023-06,Surrey Police,Surrey Police,-0.488125,51.358955,On or near Meadway Drive,E01030683,Runnymede 010C,Vehicle crime,Investigation complete; no suspect identified,
3eefa4cd73e89d097cf04baa2cdf34c49e8bafe46de89705abce859fed8ebd65,2023-06,Surrey Police,Surrey Police,-0.490702,51.354843,On or near Edwards Close,E01030683,Runnymede 010C,Violence and sexual offences,Court result unavailable,
808c6584220e88e75fadea94f55a52ec386e09c3b5cecc2abd746929a85c8928,2023-06,Surrey Police,Surrey Police,-0.490702,51.354843,On or near Edwards Close,E01030683,Runnymede 010C,Violence and sexual offences,Court result unavailable,
6b2229ff5463a5baf6017c15dc7151bbb455bc04ecdcec3f0dd2feb62cbed71d,2023-06,Surrey Police,Surrey Police,-0.490702,51.354843,On or near Edwards Close,E01030683,Runnymede 010C,Violence and sexual offences,Court result unavailable,
b5e1da15715af7d011b58a034b9e27f19a9ca3b2c6c6bd3771dcdddf01307879,2023-06,Surrey Police,Surrey Police,-0.488125,51.358955,On or near Meadway Drive,E01030683,Runnymede 010C,Violence and sexual offences,Unable to prosecute suspect,
,2023-06,Surrey Police,Surrey Police,-0.503912,51.345660,On or near Farleigh Road,E01030693,Runnymede 010D,Anti-social behaviour,,
9e3509aa1c188125866ceda7ac107b6d7bf80c8bb326bf216448358f771b8b43,2023-06,Surrey Police,Surrey Police,-0.500349,51.346586,On or near Lindsay Road,E01030693,Runnymede 010D,Burglary,Court result unavailable,
ff7b8aa4d37311661a912320ab90a1765407091ab67d0d8c296c56a9536cee89,2023-06,Surrey Police,Surrey Police,-0.500349,51.346586,On or near Lindsay Road,E01030693,Runnymede 010D,Violence and sexual offences,Unable to prosecute suspect,
f12008d54b70fa0bf232368d9c2ab3c053ab486bf4b282f53b16e055eaaa9108,2023-06,Surrey Police,Surrey Police,-0.500349,51.346586,On or near Lindsay Road,E01030693,Runnymede 010D,Violence and sexual offences,Court result unavailable,
0dfc3616f7033bcf7ddaa57092eb20974b3d69ba857c12fb9c5884ee281dd7fe,2023-06,Surrey Police,Surrey Police,-0.498450,51.348010,On or near Eden Close,E01030694,Runnymede 010E,Burglary,Status update unavailable,
3555106fc0aba09e60d70ffbb89ec7195de51dc10600d4b20d92ed9aaf6ed0cb,2023-06,Surrey Police,Surrey Police,-0.497379,51.348706,On or near Inglehurst,E01030694,Runnymede 010E,Criminal damage and arson,Investigation complete; no suspect identified,
3526bf3b91312e4aba10051f99c3e24a63fe8829281fc8b4bfed0dbdb57be19a,2023-06,Surrey Police,Surrey Police,-0.499303,51.343893,On or near Camphill Road,E01030694,Runnymede 010E,Other theft,Investigation complete; no suspect identified,
a05f124b98c1d8f4baa596f1f3f3e21e831eef9de96dca4e931678e188a29737,2023-06,Surrey Police,Surrey Police,-0.498733,51.346826,On or near Kings Road,E01030694,Runnymede 010E,Public order,Investigation complete; no suspect identified,
a31817980eca17a357e19d389b483dcd734346fdb331ba19ed389d860fe2dd1e,2023-06,Surrey Police,Surrey Police,-0.496992,51.346498,On or near Pinewood Park,E01030694,Runnymede 010E,Vehicle crime,Investigation complete; no suspect identified,
629b5c5e8c3c43d89295a11befd87310cd1a5d81d024ec48d05963ba235a805c,2023-06,Surrey Police,Surrey Police,-0.498733,51.346826,On or near Kings Road,E01030694,Runnymede 010E,Vehicle crime,Investigation complete; no suspect identified,
61d3fca7cb52bc7794157ab44e4ce4df7fedac3e3e50bc906648bb266c8ebcfb,2023-06,Surrey Police,Surrey Police,-0.496992,51.346498,On or near Pinewood Park,E01030694,Runnymede 010E,Vehicle crime,Status update unavailable,
,2023-06,Surrey Police,Surrey Police,-0.505189,51.347889,On or near Amis Avenue,E01030696,Runnymede 010G,Anti-social behaviour,,
,2023-06,Surrey Police,Surrey Police,-0.502996,51.350837,On or near King George'S Drive,E01030696,Runnymede 010G,Anti-social behaviour,,
,2023-06,Surrey Police,Surrey Police,-0.506587,51.348608,On or near Copthall Way,E01030696,Runnymede 010G,Anti-social behaviour,,
93eb288a21b52ce4706855b52b241715b3233ffe93bbb02d9f331800e525e867,2023-06,Surrey Police,Surrey Police,-0.506963,51.347210,On or near Peake Place,E01030696,Runnymede 010G,Other theft,Unable to prosecute suspect,
8e9a559774a3b1f712cbd633ec3643d23cb7f20677b9f27ee786cbafb150cbb3,2023-06,Surrey Police,Surrey Police,-0.503706,51.349318,On or near Kingston Rise,E01030696,Runnymede 010G,Other theft,Investigation complete; no suspect identified,
d4ab7fd7a1c14613b59dbeabc53a965da3c3a6391f29b65ecb993c805b447180,2023-06,Surrey Police,Surrey Police,-0.503706,51.349318,On or near Kingston Rise,E01030696,Runnymede 010G,Other theft,Investigation complete; no suspect identified,
afc356b891eebac388e0f89f6cfa811e527479984425a13a7b098cd87680eac6,2023-06,Surrey Police,Surrey Police,-0.503340,51.348675,On or near Supermarket,E01030696,Runnymede 010G,Violence and sexual offences,Unable to prosecute suspect,
4f3ac991c293d43326aa6f5df210b0e7f83effc662999d705824bc3c0b5efa7e,2023-06,Surrey Police,Surrey Police,-0.501885,51.346606,On or near Scotland Bridge Road,E01030696,Runnymede 010G,Violence and sexual offences,Status update unavailable,
d40ce7f3d8d9caab97748cc1fc24c583af88f3823d47e75c0eddf982877a2580,2023-06,Surrey Police,Surrey Police,-0.740920,51.295672,On or near Coleford Bridge Road,E01023096,Rushmoor 004A,Burglary,Investigation complete; no suspect identified,
fa664856d47c726883daa667fcc7788c48fbe016949ac3b9076d7df3bd73d684,2023-06,Surrey Police,Surrey Police,-0.740920,51.295672,On or near Coleford Bridge Road,E01023096,Rushmoor 004A,Other theft,Investigation complete; no suspect identified,
09d10b5424d14df56477922c92f349fdb331ca96b57beb687985a29ad18f6471,2023-06,Surrey Police,Surrey Police,-0.750885,51.242940,On or near Petrol Station,E01023124,Rushmoor 009B,Drugs,Status update unavailable,
0915b855399bba05488d804c95767178b01671e47508668267b2b49f886fbdef,2023-06,Surrey Police,Surrey Police,-0.782161,51.241777,On or near Matthew Road,E01023130,Rushmoor 010C,Vehicle crime,Investigation complete; no suspect identified,
23ead8d8a64f732fdff3105422ebced38f2e6879df78f221f6c91534071e5480,2023-06,Surrey Police,Surrey Police,-0.477737,51.458204,On or near Lintott Court,E01030743,Spelthorne 001A,Drugs,Unable to prosecute suspect,
3df0f1cdb5be7e8024c29a893a80a462baffce5674f5cb8e0b534d271b3d3373,2023-06,Surrey Police,Surrey Police,-0.477737,51.458204,On or near Lintott Court,E01030743,Spelthorne 001A,Violence and sexual offences,Court result unavailable,
,2023-06,Surrey Police,Surrey Police,-0.481846,51.461264,On or near Petrol Station,E01030743,Spelthorne 001A,Anti-social behaviour,,
5e1e6f80ec6025ff88206dfd3ca740bd19b4cd5749528a3ca23cffbe7fdcc474,2023-06,Surrey Police,Surrey Police,-0.487752,51.457452,On or near Park Road,E01030743,Spelthorne 001A,Burglary,Status update unavailable,
1ddae3bbd5a6ed3fbf3329c632e52302821993e8ebdb22da34680be2ac767338,2023-06,Surrey Police,Surrey Police,-0.485087,51.457076,On or near Selwood Gardens,E01030743,Spelthorne 001A,Criminal damage and arson,Investigation complete; no suspect identified,
5e5931db1d0841f29ebbc0feaab444adc8eea0defc046aeefdaf6bacc856c0df,2023-06,Surrey Police,Surrey Police,-0.478411,51.457412,On or near High Street,E01030743,Spelthorne 001A,Drugs,Formal action is not in the public interest,
08c2714c512f81298dd426450778c720f4934dc3d93816409647a52db20a0508,2023-06,Surrey Police,Surrey Police,-0.478411,51.457412,On or near High Street,E01030743,Spelthorne 001A,Drugs,Formal action is not in the public interest,
241333d6d483a1b588b0d00d10d60e3e64b1f250a36127c79dbb5ff34e968b83,2023-06,Surrey Police,Surrey Police,-0.483900,51.455955,On or near Heath Close,E01030743,Spelthorne 001A,Other theft,Unable to prosecute suspect,
530a2cb695c70ef7381e61866cb74fded4429e4d0403af0a96b1e5199381a44a,2023-06,Surrey Police,Surrey Police,-0.483305,51.455246,On or near Trinity Close,E01030743,Spelthorne 001A,Public order,Unable to prosecute suspect,
cb4d6ca15ea5cf3ba34e62fb371e429e8f9adcb6c741458e1335cedb82a29e8d,2023-06,Surrey Police,Surrey Police,-0.483305,51.455246,On or near Trinity Close,E01030743,Spelthorne 001A,Public order,Unable to prosecute suspect,
ddb0ff0bb3081db5083e7fc8fff4adb40c681980882923eb613713b5d61836a8,2023-06,Surrey Police,Surrey Police,-0.483305,51.455246,On or near Trinity Close,E01030743,Spelthorne 001A,Public order,Unable to prosecute suspect,
a143a56e8fae9e525f73ad49a94d748e48025bb1936e5c145040c967fea7ea0d,2023-06,Surrey Police,Surrey Police,-0.478411,51.457412,On or near High Street,E01030743,Spelthorne 001A,Public order,Investigation complete; no suspect identified,
9334d909c297735efc9ba0642a47968e09b54e73f0cbf171050560aa00bced09,2023-06,Surrey Police,Surrey Police,-0.478411,51.457412,On or near High Street,E01030743,Spelthorne 001A,Robbery,Investigation complete; no suspect identified,
44bbd37c15a10a5c95aa7c073d52675cc3aaf25f638086aab8ddef53fb0fe7bc,2023-06,Surrey Police,Surrey Police,-0.484059,51.456820,On or near Stanhope Way,E01030743,Spelthorne 001A,Vehicle crime,Investigation complete; no suspect identified,
7c4a29586dcadb5c251262e1ff7f129679520705e4725e73a8003662de1cef48,2023-06,Surrey Police,Surrey Police,-0.482052,51.457882,On or near Olympian Close,E01030743,Spelthorne 001A,Violence and sexual offences,Investigation complete; no suspect identified,
f19f1107a4b842fdeff0252e449597f8af88ffb576c18c6f79d9e0448fb7e985,2023-06,Surrey Police,Surrey Police,-0.483305,51.455246,On or near Trinity Close,E01030743,Spelthorne 001A,Violence and sexual offences,Further investigation is not in the public interest,
b95756197c7baadf0279d5511e298c5c962c4febea23d63b3cdef37f7bd6f73c,2023-06,Surrey Police,Surrey Police,-0.483305,51.455246,On or near Trinity Close,E01030743,Spelthorne 001A,Violence and sexual offences,Status update unavailable,
d8df62f20f2b0cd1306de6d21faa2810f9035002654336e2ef212fba1ed66eb5,2023-06,Surrey Police,Surrey Police,-0.483305,51.455246,On or near Trinity Close,E01030743,Spelthorne 001A,Violence and sexual offences,Unable to prosecute suspect,
86c9af9e542fad0af4b3bea0e0ae99a14e618ec8f57e427d91f5b0f459e1da51,2023-06,Surrey Police,Surrey Police,-0.482052,51.457882,On or near Olympian Close,E01030743,Spelthorne 001A,Violence and sexual offences,Unable to prosecute suspect,
7bd39cd8666b6a3b206d5aef8694f0be2bc9f7641fbf6b0882bec71423166f6b,2023-06,Surrey Police,Surrey Police,-0.482052,51.457882,On or near Olympian Close,E01030743,Spelthorne 001A,Violence and sexual offences,Unable to prosecute suspect,
,2023-06,Surrey Police,Surrey Police,-0.476539,51.457451,On or near Douglas Road,E01030744,Spelthorne 001B,Anti-social behaviour,,
,2023-06,Surrey Police,Surrey Police,-0.477815,51.457153,On or near Dutch Barn Close,E01030744,Spelthorne 001B,Anti-social behaviour,,
,2023-06,Surrey Police,Surrey Police,-0.480091,51.455366,On or near Hadfield Road,E01030744,Spelthorne 001B,Anti-social behaviour,,
,2023-06,Surrey Police,Surrey Police,-0.471333,51.457734,On or near Petrol Station,E01030744,Spelthorne 001B,Anti-social behaviour,,
,2023-06,Surrey Police,Surrey Police,-0.473744,51.456650,On or near Whitley Close,E01030744,Spelthorne 001B,Anti-social behaviour,,
,2023-06,Surrey Police,Surrey Police,-0.473744,51.456650,On or near Whitley Close,E01030744,Spelthorne 001B,Anti-social behaviour,,
,2023-06,Surrey Police,Surrey Police,-0.474100,51.456781,On or near Bristol Close,E01030744,Spelthorne 001B,Anti-social behaviour,,
,2023-06,Surrey Police,Surrey Police,-0.471333,51.457734,On or near Petrol Station,E01030744,Spelthorne 001B,Anti-social behaviour,,
,2023-06,Surrey Police,Surrey Police,-0.474100,51.456781,On or near Bristol Close,E01030744,Spelthorne 001B,Anti-social behaviour,,
,2023-06,Surrey Police,Surrey Police,-0.473932,51.457921,On or near Westland Close,E01030744,Spelthorne 001B,Anti-social behaviour,,
,2023-06,Surrey Police,Surrey Police,-0.475543,51.457959,On or near De Havilland Way,E01030744,Spelthorne 001B,Anti-social behaviour,,
,2023-06,Surrey Police,Surrey Police,-0.474100,51.456781,On or near Bristol Close,E01030744,Spelthorne 001B,Anti-social behaviour,,
,2023-06,Surrey Police,Surrey Police,-0.474100,51.456781,On or near Bristol Close,E01030744,Spelthorne 001B,Anti-social behaviour,,
3b29e20cffcd4470c2b39a900dba08654d1b79006e5696101a1fdf9095b33081,2023-06,Surrey Police,Surrey Police,-0.473932,51.457921,On or near Westland Close,E01030744,Spelthorne 001B,Burglary,Status update unavailable,
e0efaff66ac7f841a0f790d8c4bde0a436059a984bd50c38c1959cc3e56470a4,2023-06,Surrey Police,Surrey Police,-0.471333,51.457734,On or near Petrol Station,E01030744,Spelthorne 001B,Criminal damage and arson,Investigation complete; no suspect identified,
53ef9947c5af3e5be5abbcf204ff15a42710270732a6c3578805796fc0efd8fc,2023-06,Surrey Police,Surrey Police,-0.476539,51.457451,On or near Douglas Road,E01030744,Spelthorne 001B,Criminal damage and arson,Investigation complete; no suspect identified,
399c00cabea8da8be19e1afee76b0fad794ca27f745335ac4c7e5fe21b3aff29,2023-06,Surrey Police,Surrey Police,-0.473744,51.456650,On or near Whitley Close,E01030744,Spelthorne 001B,Criminal damage and arson,Investigation complete; no suspect identified,
870777aae827820be2389cfe9796ea95f6dda9ee51fa9ec75b03aac8bfddf4c6,2023-06,Surrey Police,Surrey Police,-0.477815,51.457153,On or near Dutch Barn Close,E01030744,Spelthorne 001B,Drugs,Local resolution,
d9d464cda189a58f75b8c3891e8ea94da8c72ae98149af6cb4d489407712fc42,2023-06,Surrey Police,Surrey Police,-0.478155,51.455593,On or near Parking Area,E01030744,Spelthorne 001B,Drugs,Local resolution,
da3d85318f7489f0dc8b2c61edec07a7106e38dc9b37661cc74024ed7b834d32,2023-06,Surrey Police,Surrey Police,-0.469364,51.457214,On or near Northumberland Close,E01030744,Spelthorne 001B,Other theft,Unable to prosecute suspect,
f69655a67599584f81db6a398c7282ea6d81c23f6955757d5a45a62228059dc8,2023-06,Surrey Police,Surrey Police,-0.473932,51.457921,On or near Westland Close,E01030744,Spelthorne 001B,Public order,Unable to prosecute suspect,
4877cc775b4491a60989c9596d0ed0253cb5e2bd9b659ac42a44aa2af50a7ee4,2023-06,Surrey Police,Surrey Police,-0.480091,51.455366,On or near Hadfield Road,E01030744,Spelthorne 001B,Public order,Investigation complete; no suspect identified,
cbf798f0cd468b9af5316a262b3c9e30cfc462e6371745a6c32a4e04d426d15c,2023-06,Surrey Police,Surrey Police,-0.473744,51.456650,On or near Whitley Close,E01030744,Spelthorne 001B,Public order,Unable to prosecute suspect,
0222769bf7f0f335a503d0067d15f1749747fd5d3a302a4c717f80aa84c3e7d0,2023-06,Surrey Police,Surrey Police,-0.473932,51.457921,On or near Westland Close,E01030744,Spelthorne 001B,Public order,Formal action is not in the public interest,
5aac304224c4713b3809f1e380f32efdf9ad5b13608b4b6f22f1c41a69fa15cb,2023-06,Surrey Police,Surrey Police,-0.473744,51.456650,On or near Whitley Close,E01030744,Spelthorne 001B,Public order,Unable to prosecute suspect,
41b3ef24d6d045faedf67dd135bca703e915d1a37f26f9a5b44b457452c0a3b2,2023-06,Surrey Police,Surrey Police,-0.480091,51.455366,On or near Hadfield Road,E01030744,Spelthorne 001B,Vehicle crime,Investigation complete; no suspect identified,
716c72967124bb5d64b0835da545aee8212ec77dd8fd651a752b3dfc4e5c7459,2023-06,Surrey Police,Surrey Police,-0.480091,51.455366,On or near Hadfield Road,E01030744,Spelthorne 001B,Vehicle crime,Investigation complete; no suspect identified,
4d809f277ba6c92d06b711f81b46e079225a7127d8fd8126e23f2fec3caff3c2,2023-06,Surrey Police,Surrey Police,-0.477815,51.457153,On or near Dutch Barn Close,E01030744,Spelthorne 001B,Vehicle crime,Investigation complete; no suspect identified,
58d890ddda46c44ebc29530773868a03b15227c526d5c4db1d59b89884acba3b,2023-06,Surrey Police,Surrey Police,-0.476539,51.457451,On or near Douglas Road,E01030744,Spelthorne 001B,Violence and sexual offences,Court result unavailable,
d22130237ff773d3a5730effd2a86bc8ee8285c85cd849b32bb80e34ba16975b,2023-06,Surrey Police,Surrey Police,-0.474905,51.455955,On or near Lancaster Close,E01030744,Spelthorne 001B,Violence and sexual offences,Investigation complete; no suspect identified,
f78438e544a021c10bff1907904cd1b4e04fdc2aa4095f7e4e4dd34b456c64ae,2023-06,Surrey Police,Surrey Police,-0.473744,51.456650,On or near Whitley Close,E01030744,Spelthorne 001B,Violence and sexual offences,Status update unavailable,
ff6654a17740f9eeaf820224458be2fb65efc1d044dd51fdb23a0ddba839b091,2023-06,Surrey Police,Surrey Police,-0.473932,51.457921,On or near Westland Close,E01030744,Spelthorne 001B,Violence and sexual offences,Investigation complete; no suspect identified,
6f1c3053e0c813b5c9eea10109aee74dd6872961bc4ff1cb05fc6f03ed8319a5,2023-06,Surrey Police,Surrey Police,-0.474100,51.456781,On or near Bristol Close,E01030744,Spelthorne 001B,Violence and sexual offences,Unable to prosecute suspect,
4c66da48434f30ca23ec54691264f42671cee260762fc54f1f12b5caca2aa4f5,2023-06,Surrey Police,Surrey Police,-0.469364,51.457214,On or near Northumberland Close,E01030744,Spelthorne 001B,Violence and sexual offences,Court result unavailable,
01f218c82d81ab742cb302c9d4996d60c2fa37f1a675898c0e9d2d11ae04e30b,2023-06,Surrey Police,Surrey Police,-0.477815,51.457153,On or near Dutch Barn Close,E01030744,Spelthorne 001B,Violence and sexual offences,Investigation complete; no suspect identified,
a7c618f0a3cfc42e381fddb324b059a3e586b442eddfde37f4714fe08db126b6,2023-06,Surrey Police,Surrey Police,-0.475543,51.457959,On or near De Havilland Way,E01030744,Spelthorne 001B,Violence and sexual offences,Further action is not in the public interest,
df5f84f7858f7e20ada9abfa00efcd50a22a0b9edbd18707fff20ba6026c0900,2023-06,Surrey Police,Surrey Police,-0.477815,51.457153,On or near Dutch Barn Close,E01030744,Spelthorne 001B,Violence and sexual offences,Unable to prosecute suspect,
825af929da162bfbe7873fae3699d28605ce0878402a280e1af27df36c92e969,2023-06,Surrey Police,Surrey Police,-0.477815,51.457153,On or near Dutch Barn Close,E01030744,Spelthorne 001B,Violence and sexual offences,Unable to prosecute suspect,
7fe0aa525a66ec57c039393b744694a7e1bcba91703a4f3ec706e99ed0f08e38,2023-06,Surrey Police,Surrey Police,-0.469364,51.457214,On or near Northumberland Close,E01030744,Spelthorne 001B,Violence and sexual offences,Court result unavailable,
,2023-06,Surrey Police,Surrey Police,-0.476844,51.451295,On or near Argosy Lane,E01030745,Spelthorne 001C,Anti-social behaviour,,
,2023-06,Surrey Police,Surrey Police,-0.480332,51.449425,On or near Buttercup Square,E01030745,Spelthorne 001C,Anti-social behaviour,,
,2023-06,Surrey Police,Surrey Police,-0.476844,51.451295,On or near Argosy Lane,E01030745,Spelthorne 001C,Anti-social behaviour,,
,2023-06,Surrey Police,Surrey Police,-0.480155,51.450421,On or near Diamedes Avenue,E01030745,Spelthorne 001C,Anti-social behaviour,,
931e24da850a2a6eabd56eb1a7f93b68839c5708eab5e4fca5024d5ad4598a90,2023-06,Surrey Police,Surrey Police,-0.481076,51.453886,On or near St Mary'S Avenue,E01030745,Spelthorne 001C,Criminal damage and arson,Unable to prosecute suspect,
213ce01611bfd251313ee62c665e2303e2c304e65e7697c1ce1f1b8ce08262b5,2023-06,Surrey Police,Surrey Police,-0.481090,51.451305,On or near Evergreen Way,E01030745,Spelthorne 001C,Criminal damage and arson,Court result unavailable,
bd9152107da87be4d4d843af36ec0f9a40f19b4ee82646e0728183cc5b8ed4a3,2023-06,Surrey Police,Surrey Police,-0.481076,51.453886,On or near St Mary'S Avenue,E01030745,Spelthorne 001C,Criminal damage and arson,Investigation complete; no suspect identified,
7a85e93aebfec5dfc75516e8437db6c0e10a6f5c585a631b2f321d20f99eaa86,2023-06,Surrey Police,Surrey Police,-0.482703,51.453448,On or near Maise Webster Close,E01030745,Spelthorne 001C,Criminal damage and arson,Local resolution,
2b2cd8bc93538aa4a43710b9f3e139b6c3a82bde43e58200ba25ac1acc1d084f,2023-06,Surrey Police,Surrey Police,-0.476266,51.452241,On or near Hadrian Way,E01030745,Spelthorne 001C,Criminal damage and arson,Court result unavailable,
4989fd9ae5caf925416dbcf15aaf4c6581457da5a9da1b252497ffdb1aeb8392,2023-06,Surrey Police,Surrey Police,-0.481200,51.450165,On or near Foxglove Close,E01030745,Spelthorne 001C,Criminal damage and arson,Unable to prosecute suspect,
aab06c838c2d5252d436b8132f6499170f6035baf44c9003810ac3715232bd95,2023-06,Surrey Police,Surrey Police,-0.481695,51.451286,On or near Town Lane,E01030745,Spelthorne 001C,Drugs,Court result unavailable,
4744781f4790dda67bf1f5394297ea9ab9d03082f291c741059cc49011f326f0,2023-06,Surrey Police,Surrey Police,-0.483808,51.453535,On or near Jubilee Close,E01030745,Spelthorne 001C,Public order,Status update unavailable,
690bb13b34ed4b837d4db7e32851db75fd9ba3baadc569f952f86c3e2fbc98ca,2023-06,Surrey Police,Surrey Police,-0.480332,51.449425,On or near Buttercup Square,E01030745,Spelthorne 001C,Violence and sexual offences,Unable to prosecute suspect,
ec3b9d339f04bf60502141af87a208e56cd327ba808c4d311e00caf0f41d5af9,2023-06,Surrey Police,Surrey Police,-0.477569,51.451592,On or near Elizabethan Way,E01030745,Spelthorne 001C,Violence and sexual offences,Investigation complete; no suspect identified,
e05bce7e1ae2b168e6f2fb936232edc62360e65c75a48c57a5f1f1e3a88a2845,2023-06,Surrey Police,Surrey Police,-0.476266,51.452241,On or near Hadrian Way,E01030745,Spelthorne 001C,Violence and sexual offences,Unable to prosecute suspect,
123c1e0a77e9bba462d6be2aed6bd2daa1540b4d28d06062a3a61334ebe48f88,2023-06,Surrey Police,Surrey Police,-0.481200,51.450165,On or near Foxglove Close,E01030745,Spelthorne 001C,Violence and sexual offences,Unable to prosecute suspect,
df955378f85c312969d0fbc0d6bd6b515bad4ebc62c0247a7a853ba691fb5b04,2023-06,Surrey Police,Surrey Police,-0.476844,51.451295,On or near Argosy Lane,E01030745,Spelthorne 001C,Violence and sexual offences,Investigation complete; no suspect identified,
e7a9449e493634f6b6177ad2d0a217f869b5e788ec95a80354a7eb13065809a9,2023-06,Surrey Police,Surrey Police,-0.480155,51.450421,On or near Diamedes Avenue,E01030745,Spelthorne 001C,Violence and sexual offences,Unable to prosecute suspect,
6b76cbf1ba1646066ea4a7bd97aa1b4ba3c9f00999cbb062710fc92816df71b7,2023-06,Surrey Police,Surrey Police,-0.480155,51.450421,On or near Diamedes Avenue,E01030745,Spelthorne 001C,Violence and sexual offences,Unable to prosecute suspect,
2e146038e9af19ea8a338e011fd225a00c4a8ce2199ef3c12f29e0da317c1013,2023-06,Surrey Police,Surrey Police,-0.481076,51.453886,On or near St Mary'S Avenue,E01030745,Spelthorne 001C,Violence and sexual offences,Unable to prosecute suspect,
f7e5dfb79af68c154a8f2b931c6a5f8b44b8833ded50a55048407a08ed4d50c3,2023-06,Surrey Police,Surrey Police,-0.476266,51.452241,On or near Hadrian Way,E01030745,Spelthorne 001C,Violence and sexual offences,Unable to prosecute suspect,
150d03e941a5a40a3a898f2d5b92d9d2f7a0112382f9a70496cef829345a178a,2023-06,Surrey Police,Surrey Police,-0.476844,51.451295,On or near Argosy Lane,E01030745,Spelthorne 001C,Violence and sexual offences,Unable to prosecute suspect,
103e82a9922494fbed6bb4c3678acd18d42c981db29680ea0460857e8477a957,2023-06,Surrey Police,Surrey Police,-0.480332,51.449425,On or near Buttercup Square,E01030745,Spelthorne 001C,Other crime,Unable to prosecute suspect,
,2023-06,Surrey Police,Surrey Police,-0.500985,51.463881,On or near Minerva Close,E01030747,Spelthorne 001D,Anti-social behaviour,,
,2023-06,Surrey Police,Surrey Police,-0.503180,51.460141,On or near Mountsfield Close,E01030747,Spelthorne 001D,Anti-social behaviour,,
,2023-06,Surrey Police,Surrey Police,-0.503180,51.460141,On or near Mountsfield Close,E01030747,Spelthorne 001D,Anti-social behaviour,,
,2023-06,Surrey Police,Surrey Police,-0.500933,51.463691,On or near Horton Road,E01030747,Spelthorne 001D,Anti-social behaviour,,
,2023-06,Surrey Police,Surrey Police,-0.503180,51.460141,On or near Mountsfield Close,E01030747,Spelthorne 001D,Anti-social behaviour,,
,2023-06,Surrey Police,Surrey Police,-0.506303,51.461035,On or near Park/Open Space,E01030747,Spelthorne 001D,Anti-social behaviour,,
,2023-06,Surrey Police,Surrey Police,-0.493792,51.459796,On or near Stanwell Moor Road,E01030747,Spelthorne 001D,Anti-social behaviour,,
,2023-06,Surrey Police,Surrey Police,-0.503180,51.460141,On or near Mountsfield Close,E01030747,Spelthorne 001D,Anti-social behaviour,,
,2023-06,Surrey Police,Surrey Police,-0.500933,51.463691,On or near Horton Road,E01030747,Spelthorne 001D,Anti-social behaviour,,
,2023-06,Surrey Police,Surrey Police,-0.501788,51.461328,On or near Thornbank Close,E01030747,Spelthorne 001D,Anti-social behaviour,,
,2023-06,Surrey Police,Surrey Police,-0.506226,51.458984,On or near Russet Close,E01030747,Spelthorne 001D,Anti-social behaviour,,
f024321d2b627dffd4c0edf7831dde8ee4ec5788b3d0ac1c8b3707be1362c470,2023-06,Surrey Police,Surrey Police,-0.502778,51.461889,On or near Shellfield Close,E01030747,Spelthorne 001D,Criminal damage and arson,Investigation complete; no suspect identified,
b567b4e1b336eb1635b306afb0d1fad103d339cd0192431e92c5f890b54faf05,2023-06,Surrey Police,Surrey Police,-0.505524,51.459766,On or near Farm Way,E01030747,Spelthorne 001D,Criminal damage and arson,Investigation complete; no suspect identified,
766380089ab243897fb0a44f0a4bb55c44c2733bc095a9025141d90fe53662f0,2023-06,Surrey Police,Surrey Police,-0.493792,51.459796,On or near Stanwell Moor Road,E01030747,Spelthorne 001D,Criminal damage and arson,Investigation complete; no suspect identified,
4477def14990dda73bd70d87174325a15fb5a1c13f9c1b95e77f04b242a30197,2023-06,Surrey Police,Surrey Police,-0.493792,51.459796,On or near Stanwell Moor Road,E01030747,Spelthorne 001D,Criminal damage and arson,Investigation complete; no suspect identified,
58de03b509b6a60e3fd7d66fef9540b9be6d0e49715c459c0711b6ff23d5b4e9,2023-06,Surrey Police,Surrey Police,-0.500938,51.465301,On or near Flintlock Close,E01030747,Spelthorne 001D,Other theft,Investigation complete; no suspect identified,
76453df81845722cd63e5d64e78b197ddaebb88f10599b6696f03e2bdf14af06,2023-06,Surrey Police,Surrey Police,-0.506226,51.458984,On or near Russet Close,E01030747,Spelthorne 001D,Public order,Investigation complete; no suspect identified,
402bc750ac7192f127e20b36732835a13a98a56ca1e1fb65279b693844877518,2023-06,Surrey Police,Surrey Police,-0.501788,51.461328,On or near Thornbank Close,E01030747,Spelthorne 001D,Public order,Unable to prosecute suspect,
482e134096dc62ca5d369b18e18c4c803013af4d9f725c6d3e967771a343b633,2023-06,Surrey Police,Surrey Police,-0.493792,51.459796,On or near Stanwell Moor Road,E01030747,Spelthorne 001D,Public order,Investigation complete; no suspect identified,
119fb0d0f534896f4a6e1a8c1263efc359e23bbb883ac0e3e87ece3f02d87c54,2023-06,Surrey Police,Surrey Police,-0.505524,51.459766,On or near Farm Way,E01030747,Spelthorne 001D,Public order,Investigation complete; no suspect identified,
182d644063c9c0293322dfacb44a4f43dd4539595dfae14822034e9a7cb74393,2023-06,Surrey Police,Surrey Police,-0.504111,51.461178,On or near Hithermoor Road,E01030747,Spelthorne 001D,Vehicle crime,Investigation complete; no suspect identified,
a6ab95853e3fac9f7063b0163992a29256d6e4e928124ec97db4e16f7d4c1c3d,2023-06,Surrey Police,Surrey Police,-0.504111,51.461178,On or near Hithermoor Road,E01030747,Spelthorne 001D,Vehicle crime,Investigation complete; no suspect identified,
cb8d0fdb6bc5955bcc14b51c646a43ec2aa19278709c463343f26cb578b42607,2023-06,Surrey Police,Surrey Police,-0.502778,51.461889,On or near Shellfield Close,E01030747,Spelthorne 001D,Vehicle crime,Investigation complete; no suspect identified,
3fc78b86adddafa006a919cb0e97a9f84dba5b861d28bb9feb04e0f92bcb3f07,2023-06,Surrey Police,Surrey Police,-0.503485,51.459192,On or near Whatmore Close,E01030747,Spelthorne 001D,Other crime,Unable to prosecute suspect,
,2023-06,Surrey Police,Surrey Police,-0.458268,51.446502,On or near London Road,E01030709,Spelthorne 002A,Anti-social behaviour,,
,2023-06,Surrey Police,Surrey Police,-0.469857,51.451942,On or near Parking Area,E01030709,Spelthorne 002A,Anti-social behaviour,,
422028e703afdbe49870ece8f076d6f9e995f4b4327fcd36b7118bb4981e2bb2,2023-06,Surrey Police,Surrey Police,-0.470463,51.448020,On or near Holywell Way,E01030709,Spelthorne 002A,Vehicle crime,Investigation complete; no suspect identified,
d49f479c5c4be9fd8b3079464c083d08a0eb66b31e64dd96132a0a4f7878f721,2023-06,Surrey Police,Surrey Police,-0.464401,51.449397,On or near Nuthatch Close,E01030709,Spelthorne 002A,Violence and sexual offences,Unable to prosecute suspect,
,2023-06,Surrey Police,Surrey Police,-0.474005,51.450548,On or near Hadrian Close,E01030710,Spelthorne 002B,Anti-social behaviour,,
,2023-06,Surrey Police,Surrey Police,-0.474005,51.450548,On or near Hadrian Close,E01030710,Spelthorne 002B,Anti-social behaviour,,
,2023-06,Surrey Police,Surrey Police,-0.468788,51.449491,On or near Ravensbourne Avenue,E01030710,Spelthorne 002B,Anti-social behaviour,,
,2023-06,Surrey Police,Surrey Police,-0.472228,51.451622,On or near Canopus Way,E01030710,Spelthorne 002B,Anti-social behaviour,,
,2023-06,Surrey Police,Surrey Police,-0.475501,51.450145,On or near Viscount Road,E01030710,Spelthorne 002B,Anti-social behaviour,,
,2023-06,Surrey Police,Surrey Police,-0.473089,51.451714,On or near Cranford Close,E01030710,Spelthorne 002B,Anti-social behaviour,,
,2023-06,Surrey Police,Surrey Police,-0.471042,51.450509,On or near Caledonia Road,E01030710,Spelthorne 002B,Anti-social behaviour,,
c55b3f15244708fdab38448071a2170f5435b78ca8347ca69043cba0227aac04,2023-06,Surrey Police,Surrey Police,-0.468788,51.449491,On or near Ravensbourne Avenue,E01030710,Spelthorne 002B,Burglary,Status update unavailable,
a629e3ba32bdacec324d2a95e95ca9d5dda9ed1ab561668a4f8226ca0c862da4,2023-06,Surrey Police,Surrey Police,-0.476697,51.449684,On or near Ensign Way,E01030710,Spelthorne 002B,Criminal damage and arson,Investigation complete; no suspect identified,
fff9dbaa018e3b2ce4c2a0d706cd16f47e9c109a164b71868cccc034a3de7773,2023-06,Surrey Police,Surrey Police,-0.472228,51.451622,On or near Canopus Way,E01030710,Spelthorne 002B,Criminal damage and arson,Investigation complete; no suspect identified,
820509462a60778f922c7d22deacf0ec3c3eded73607fe89d77c812b80b3741e,2023-06,Surrey Police,Surrey Police,-0.474005,51.450548,On or near Hadrian Close,E01030710,Spelthorne 002B,Criminal damage and arson,Unable to prosecute suspect,
1dcec18ed59c0765ceddb8b027116af73ef7a8525f9302aec8df169ff580ddf5,2023-06,Surrey Police,Surrey Police,-0.472228,51.451622,On or near Canopus Way,E01030710,Spelthorne 002B,Criminal damage and arson,Investigation complete; no suspect identified,
373ac32b85896c8ed2762595f23f5e347dd7bbb357d3ec30a9dde7fb7efb38ea,2023-06,Surrey Police,Surrey Police,-0.472228,51.451622,On or near Canopus Way,E01030710,Spelthorne 002B,Criminal damage and arson,Investigation complete; no suspect identified,
d6f9cb2d20aaef3f7e7653cb6f0d00297b5d44af6a28753b520935a36dc65996,2023-06,Surrey Police,Surrey Police,-0.471949,51.449622,On or near Explorer Avenue,E01030710,Spelthorne 002B,Drugs,Local resolution,
2d145689fddab0aed9d77a191d7aa087e4554c455225cc2ac67eb5e3451b3a04,2023-06,Surrey Police,Surrey Police,-0.475501,51.450145,On or near Viscount Road,E01030710,Spelthorne 002B,Other theft,Investigation complete; no suspect identified,
72df81206bf5d65afce8cd6f8a0ec3854ff3fd57ec9549d99685e5cea7b2f03b,2023-06,Surrey Police,Surrey Police,-0.473089,51.451714,On or near Cranford Close,E01030710,Spelthorne 002B,Other theft,Investigation complete; no suspect identified,
e1b8a14f855c1a8b6e17bedf6e2014756416a6039b7f50c1f13c5c0d7c66467b,2023-06,Surrey Police,Surrey Police,-0.475501,51.450145,On or near Viscount Road,E01030710,Spelthorne 002B,Other theft,Investigation complete; no suspect identified,
0fdffd80038623953995342d4796cd7626a139ce0bc3263d9e6028ad522094c1,2023-06,Surrey Police,Surrey Police,-0.473089,51.451714,On or near Cranford Close,E01030710,Spelthorne 002B,Public order,Unable to prosecute suspect,
c7e8330b7485559654fd738ea26804ade7feb41c36dd91a308b60decc5755c8b,2023-06,Surrey Police,Surrey Police,-0.469577,51.450409,On or near Hillingdon Avenue,E01030710,Spelthorne 002B,Public order,Unable to prosecute suspect,
77d90bc4647b366ca1244e89a7109bef138720673a13a838f316f7aaec0949e9,2023-06,Surrey Police,Surrey Police,-0.475501,51.450145,On or near Viscount Road,E01030710,Spelthorne 002B,Shoplifting,Unable to prosecute suspect,
9f0027fe8bbf7ab342f6e62c7103cc778a82703b6519a4711687d20c9079528b,2023-06,Surrey Police,Surrey Police,-0.472703,51.448166,On or near Springs Close,E01030710,Spelthorne 002B,Vehicle crime,Investigation complete; no suspect identified,
7e040c0fff3e97ba84c65988534518f00bdfa7e03ad8c576a7d5ea9446a7a02c,2023-06,Surrey Police,Surrey Police,-0.473089,51.451714,On or near Cranford Close,E01030710,Spelthorne 002B,Violence and sexual offences,Investigation complete; no suspect identified,
257fc867b172b6349d20f5b5a2169df9cc81dfd87df3af7e8cec0664e5a6834b,2023-06,Surrey Police,Surrey Police,-0.473089,51.451714,On or near Cranford Close,E01030710,Spelthorne 002B,Violence and sexual offences,Action to be taken by another organisation,
4884c382aa129f830b0bfc7632663b47a57ea78154a614db7c06921e564b30a8,2023-06,Surrey Police,Surrey Police,-0.468788,51.449491,On or near Ravensbourne Avenue,E01030710,Spelthorne 002B,Violence and sexual offences,Further investigation is not in the public interest,
7859adeb5e56be231844bd30bca381b8ff105202f7806c855cae09c51bc78964,2023-06,Surrey Police,Surrey Police,-0.468788,51.449491,On or near Ravensbourne Avenue,E01030710,Spelthorne 002B,Violence and sexual offences,Court result unavailable,
fd94b1f7f6a6320eb711b082b69b3a6b256e4e0aaeb8a2996a4890ccabc5f798,2023-06,Surrey Police,Surrey Police,-0.468788,51.449491,On or near Ravensbourne Avenue,E01030710,Spelthorne 002B,Violence and sexual offences,Further investigation is not in the public interest,
d8447faba5868a6bcd74040e3782807347fa02931d36e8eddc3df6c5deaca05b,2023-06,Surrey Police,Surrey Police,-0.467164,51.449416,On or near Ravensbourne Avenue,E01030710,Spelthorne 002B,Violence and sexual offences,Unable to prosecute suspect,
a2a173cc6416c96a150677b2495fdc201f186105cd3b77db246a01d4b0991deb,2023-06,Surrey Police,Surrey Police,-0.473089,51.451714,On or near Cranford Close,E01030710,Spelthorne 002B,Violence and sexual offences,Unable to prosecute suspect,
a373d8f92452006a7f242c1afe884bc71183702add6df5972a35caac935ec830,2023-06,Surrey Police,Surrey Police,-0.474005,51.450548,On or near Hadrian Close,E01030710,Spelthorne 002B,Violence and sexual offences,Status update unavailable,
64e842bfcfc9e688222e9bcae6a8e1d615814dd16cf29e1e7d023ea62b50db3e,2023-06,Surrey Police,Surrey Police,-0.474005,51.450548,On or near Hadrian Close,E01030710,Spelthorne 002B,Other crime,Offender given a caution,
,2023-06,Surrey Police,Surrey Police,-0.468892,51.447658,On or near Shaw Close,E01030711,Spelthorne 002C,Anti-social behaviour,,
,2023-06,Surrey Police,Surrey Police,-0.474472,51.446058,On or near Viola Avenue,E01030711,Spelthorne 002C,Anti-social behaviour,,
,2023-06,Surrey Police,Surrey Police,-0.470238,51.447019,On or near Yeoman Drive,E01030711,Spelthorne 002C,Anti-social behaviour,,
,2023-06,Surrey Police,Surrey Police,-0.475252,51.443784,On or near Town Lane,E01030711,Spelthorne 002C,Anti-social behaviour,,
640789158e354ea94b7587bcea828658decb924673a5cd7906018d2264775ad2,2023-06,Surrey Police,Surrey Police,-0.470238,51.447019,On or near Yeoman Drive,E01030711,Spelthorne 002C,Burglary,Status update unavailable,
f74fab06f32f4a2172c89478a472e85663f85b93071cbb52802fd290d578cb58,2023-06,Surrey Police,Surrey Police,-0.470238,51.447019,On or near Yeoman Drive,E01030711,Spelthorne 002C,Burglary,Status update unavailable,
97e6a82568a2a4d4362f0c8e240f463e3cc1338e98f05fec720c71cc128396e0,2023-06,Surrey Police,Surrey Police,-0.470484,51.444378,On or near Albain Crescent,E01030711,Spelthorne 002C,Criminal damage and arson,Investigation complete; no suspect identified,
7ceca16a7e6d4887831421d887762107f18a7eeb878d4a95c9bb179a2186a420,2023-06,Surrey Police,Surrey Police,-0.475252,51.443784,On or near Town Lane,E01030711,Spelthorne 002C,Other theft,Investigation complete; no suspect identified,
f43359e1217c59d6020cc462bcf4483d59e859c6a1e3fbc2acd5d3be0cc21435,2023-06,Surrey Police,Surrey Police,-0.472832,51.445596,On or near Supermarket,E01030711,Spelthorne 002C,Shoplifting,Investigation complete; no suspect identified,
14f3f02fb6d3237da56d7540bc9caaa5310daaa3f60aa203ed270885a235a004,2023-06,Surrey Police,Surrey Police,-0.472832,51.445596,On or near Supermarket,E01030711,Spelthorne 002C,Shoplifting,Further investigation is not in the public interest,
161a35363d8fce7a06a4c9a00c0add4c1bf4a4272edaf012974597d473e781aa,2023-06,Surrey Police,Surrey Police,-0.472832,51.445596,On or near Supermarket,E01030711,Spelthorne 002C,Shoplifting,Status update unavailable,
871e9f3afdfc4be72ffa27ff87225216b58323f6cb77f73bce66240402bb2b65,2023-06,Surrey Police,Surrey Police,-0.472832,51.445596,On or near Supermarket,E01030711,Spelthorne 002C,Shoplifting,Investigation complete; no suspect identified,
7e733d6e221aa6796446d6c6d08036a0043757fb2b5e35d6b9d0d53126a2ac3b,2023-06,Surrey Police,Surrey Police,-0.472832,51.445596,On or near Supermarket,E01030711,Spelthorne 002C,Shoplifting,Investigation complete; no suspect identified,
e2e4772cc5df74919109c62a85d2e7d8c9dbeba70b9230517e47e1a6d9254468,2023-06,Surrey Police,Surrey Police,-0.469347,51.444390,On or near Maple Gardens,E01030711,Spelthorne 002C,Vehicle crime,Investigation complete; no suspect identified,
3ede54c4e6b01df639d6d772158d9da2bdb1e41469e1b99982ad2e9640adc8e7,2023-06,Surrey Police,Surrey Police,-0.468545,51.445567,On or near Long Lane,E01030711,Spelthorne 002C,Violence and sexual offences,Unable to prosecute suspect,
b3a771bf826f6c512eb3f7b6577870d65cba597b6c20d7d32d1c391238562fa2,2023-06,Surrey Police,Surrey Police,-0.475252,51.443784,On or near Town Lane,E01030711,Spelthorne 002C,Violence and sexual offences,Status update unavailable,
fbb686342b827504fe280acb273336b742425a5733aac6b044177b890853cfcf,2023-06,Surrey Police,Surrey Police,-0.472832,51.445596,On or near Supermarket,E01030711,Spelthorne 002C,Other crime,Further action is not in the public interest,
01abd05fadebaa7eb16ab95a9096e0394847b70f6605451647512dae7cb0ac13,2023-06,Surrey Police,Surrey Police,-0.474728,51.453920,On or near Hannibal Road,E01030746,Spelthorne 002D,Violence and sexual offences,Court result unavailable,
,2023-06,Surrey Police,Surrey Police,-0.463366,51.456227,On or near Dudley Place,E01030746,Spelthorne 002D,Anti-social behaviour,,
,2023-06,Surrey Police,Surrey Police,-0.470761,51.453329,On or near Cordelia Gardens,E01030746,Spelthorne 002D,Anti-social behaviour,,
,2023-06,Surrey Police,Surrey Police,-0.474629,51.452984,On or near Frobisher Crescent,E01030746,Spelthorne 002D,Anti-social behaviour,,
8b0170544e1b7496f760ac6d00e4ea4b8ff12f8c763f34f04e6043a4b2b5932e,2023-06,Surrey Police,Surrey Police,-0.478695,51.454080,On or near St David'S Close,E01030746,Spelthorne 002D,Violence and sexual offences,Action to be taken by another organisation,
75144c6a336ba2f4ba24799d0aa6c0fe710ab3b0c97142c921629ef9a8c9a5ca,2023-06,Surrey Police,Surrey Police,-0.478695,51.454080,On or near St David'S Close,E01030746,Spelthorne 002D,Violence and sexual offences,Further investigation is not in the public interest,
df29b82c2a06162d3e3b341d4867d838e0ec1afcac81a8d4efb499e6ea4cf2b7,2023-06,Surrey Police,Surrey Police,-0.459789,51.455613,On or near Crane Road,E01030746,Spelthorne 002D,Other crime,Unable to prosecute suspect,
,2023-06,Surrey Police,Surrey Police,-0.472709,51.444102,On or near Hospital,E01030707,Spelthorne 003A,Anti-social behaviour,,
,2023-06,Surrey Police,Surrey Police,-0.472886,51.443106,On or near A30,E01030707,Spelthorne 003A,Anti-social behaviour,,
215a7ead7048976df7d16920235c19bfa71332537569bd35ca1787a8cc1399fd,2023-06,Surrey Police,Surrey Police,-0.472886,51.443106,On or near A30,E01030707,Spelthorne 003A,Other theft,Investigation complete; no suspect identified,
92731b8990eef09311b6de9c2c23888124ccc1d008ccab14e078b091230f21be,2023-06,Surrey Police,Surrey Police,-0.477851,51.440922,On or near Kenilworth Road,E01030707,Spelthorne 003A,Other theft,Investigation complete; no suspect identified,
9917b99e4b330996585c22e0ebde3ba3feb36922a1c90aa8136b1f540dc931c9,2023-06,Surrey Police,Surrey Police,-0.469692,51.439656,On or near Further/Higher Educational Building,E01030707,Spelthorne 003A,Public order,Investigation complete; no suspect identified,
abe67a11897c959e9b97e48e6c8f8ba463bf1dbf165143155c3c582bd9c1a47b,2023-06,Surrey Police,Surrey Police,-0.472886,51.443106,On or near A30,E01030707,Spelthorne 003A,Public order,Investigation complete; no suspect identified,
e3fe42485e5ce794280f4f3b7c0cb019a1ace8c756b769647d5e9b326186413f,2023-06,Surrey Police,Surrey Police,-0.472886,51.443106,On or near A30,E01030707,Spelthorne 003A,Public order,Investigation complete; no suspect identified,
3c6039bb433718009b20e937559d6cd37b8e7667772b859a9aab26d5610d5f4d,2023-06,Surrey Police,Surrey Police,-0.471582,51.442513,On or near Latchmere Place,E01030707,Spelthorne 003A,Vehicle crime,Further investigation is not in the public interest,
0d95226eb1514ff0ac281b244360013c30bf81a708ead660ce6fdd868130fb6c,2023-06,Surrey Police,Surrey Police,-0.469957,51.442924,On or near Lodge Way,E01030707,Spelthorne 003A,Vehicle crime,Investigation complete; no suspect identified,
4394b6e927c28146e260f58e618e54314a97fef2ccfcce0b89df911f345efb60,2023-06,Surrey Police,Surrey Police,-0.472709,51.444102,On or near Hospital,E01030707,Spelthorne 003A,Vehicle crime,Investigation complete; no suspect identified,
b781cee1039a38048b1843c78f4ca5b2341860bc1ecceebe194840b7459a9502,2023-06,Surrey Police,Surrey Police,-0.476392,51.441092,On or near Ashcombe Close,E01030707,Spelthorne 003A,Vehicle crime,Investigation complete; no suspect identified,
d32d5e5469a285727ca61bc04c9a7ab2364d15e708b9921973ed77aafb746e1d,2023-06,Surrey Police,Surrey Police,-0.469692,51.439656,On or near Further/Higher Educational Building,E01030707,Spelthorne 003A,Violence and sexual offences,Action to be taken by another organisation,
25416b2d715bd43f766ca686d576b6c7446a7229a7b950fb6f69fd920e11d8d3,2023-06,Surrey Police,Surrey Police,-0.477361,51.440089,On or near Avondale Road,E01030707,Spelthorne 003A,Violence and sexual offences,Unable to prosecute suspect,
622db79712327dd8b19fcbf24adac7b79b8cf223827ce02b609f4a60f9d1bf16,2023-06,Surrey Police,Surrey Police,-0.469692,51.439656,On or near Further/Higher Educational Building,E01030707,Spelthorne 003A,Violence and sexual offences,Status update unavailable,
b9df5992efe5f14b33535d02387631d7b9b1565339b1e28d3f1f93df481dfa74,2023-06,Surrey Police,Surrey Police,-0.469692,51.439656,On or near Further/Higher Educational Building,E01030707,Spelthorne 003A,Violence and sexual offences,Unable to prosecute suspect,
19ffcd9d09e448e2bd9891c9fd86d2425c1b1501ebd6a6dcff9f253bbfdfd681,2023-06,Surrey Police,Surrey Police,-0.472582,51.441879,On or near Seaton Drive,E01030707,Spelthorne 003A,Violence and sexual offences,Unable to prosecute suspect,
cb11f3d0de9da7a2b42c87b8a472fb208a5b3accf023e306cdd334343ec492cb,2023-06,Surrey Police,Surrey Police,-0.472582,51.441879,On or near Seaton Drive,E01030707,Spelthorne 003A,Violence and sexual offences,Unable to prosecute suspect,
b66b742c8a5f940432d9b8e2bf9ef26ecb75f00ef814be24c0b13ba4aa6eec61,2023-06,Surrey Police,Surrey Police,-0.477361,51.440089,On or near Avondale Road,E01030707,Spelthorne 003A,Violence and sexual offences,Unable to prosecute suspect,
13e7c62360d3885ad006b62e0383d7ae5fafedc2011d7c457e75ea31e46f7ed3,2023-06,Surrey Police,Surrey Police,-0.477361,51.440089,On or near Avondale Road,E01030707,Spelthorne 003A,Violence and sexual offences,Unable to prosecute suspect,
d0ee54163513dece006d5a9a12d8f3968279fe376edcc32df65f1031f27dbdd6,2023-06,Surrey Police,Surrey Police,-0.472582,51.441879,On or near Seaton Drive,E01030707,Spelthorne 003A,Other crime,Unable to prosecute suspect,
226f333b371caa0aa43358a132fde8087dbd9b7ac393834cb775d22984a3a73d,2023-06,Surrey Police,Surrey Police,-0.479877,51.438853,On or near Moretaine Road,E01030708,Spelthorne 003B,Violence and sexual offences,Unable to prosecute suspect,
dfec56512e0c0fc29515a3a1016988d4e085847c67953abc2eced8ba7cbac704,2023-06,Surrey Police,Surrey Police,-0.482068,51.438565,On or near Sports/Recreation Area,E01030708,Spelthorne 003B,Criminal damage and arson,Investigation complete; no suspect identified,
a9542060ad17e4f1418838405d86e041ed546b53424701467a2e8558795c1683,2023-06,Surrey Police,Surrey Police,-0.479809,51.439176,On or near Hengrove Crescent,E01030708,Spelthorne 003B,Other theft,Investigation complete; no suspect identified,
025b7f15bc115f9f6353bd18e9f071f7be32e2752b55bba4982be14be3d5505c,2023-06,Surrey Police,Surrey Police,-0.482372,51.440855,On or near London Road,E01030708,Spelthorne 003B,Other theft,Unable to prosecute suspect,
8690909dca0761852ae52823638f607ace1a8dcdadb615ce95357c8f49fae361,2023-06,Surrey Police,Surrey Police,-0.472960,51.437460,On or near Thetford Road,E01030708,Spelthorne 003B,Other theft,Investigation complete; no suspect identified,
c4dd9618c211e1c1646698ca1a6f795eebe9dcc085413ef73b75a65675ab8aa3,2023-06,Surrey Police,Surrey Police,-0.473862,51.439306,On or near Ashford Crescent,E01030708,Spelthorne 003B,Vehicle crime,Status update unavailable,
09894f556b8e5d9d78efad28dff14836d2350616d4034bd1eb860bd32a91ccc0,2023-06,Surrey Police,Surrey Police,-0.479877,51.438853,On or near Moretaine Road,E01030708,Spelthorne 003B,Vehicle crime,Unable to prosecute suspect,
b7611b13f4f714ee8bf46f09fe5d2401562d7e72597d4f6e740bebb2896b4d52,2023-06,Surrey Police,Surrey Police,-0.476347,51.438574,On or near Dorset Road,E01030708,Spelthorne 003B,Vehicle crime,Investigation complete; no suspect identified,
de33418dc583759675f92b3999950072521812b51ff48b9b611264365aa9aeff,2023-06,Surrey Police,Surrey Police,-0.472960,51.437460,On or near Thetford Road,E01030708,Spelthorne 003B,Violence and sexual offences,Unable to prosecute suspect,
d13f83106f5a424ad2a8bf055cef6811858c6cfdf8778c66099a5788767efadd,2023-06,Surrey Police,Surrey Police,-0.479877,51.438853,On or near Moretaine Road,E01030708,Spelthorne 003B,Violence and sexual offences,Unable to prosecute suspect,
ccb9f533390ecf8bea80a681cf4ae6636eef7bddd2017308de0de38dadf740fe,2023-06,Surrey Police,Surrey Police,-0.472960,51.437460,On or near Thetford Road,E01030708,Spelthorne 003B,Violence and sexual offences,Unable to prosecute suspect,
1699a68ccd0ea0b0c7693654df523d8d41d5fc96b95913841dcde082da521ee5,2023-06,Surrey Police,Surrey Police,-0.480749,51.438154,On or near Parking Area,E01030708,Spelthorne 003B,Violence and sexual offences,Further investigation is not in the public interest,
,2023-06,Surrey Police,Surrey Police,-0.461321,51.433162,On or near Brownrigg Road,E01030712,Spelthorne 003C,Anti-social behaviour,,
,2023-06,Surrey Police,Surrey Police,-0.465543,51.434674,On or near Church Road,E01030712,Spelthorne 003C,Anti-social behaviour,,
,2023-06,Surrey Police,Surrey Police,-0.463750,51.433230,On or near Parking Area,E01030712,Spelthorne 003C,Anti-social behaviour,,
796377b2d5ee59d1cf84a349486a457f3edbb39fc5ba0ec05785c33bddc47096,2023-06,Surrey Police,Surrey Police,-0.461321,51.433162,On or near Brownrigg Road,E01030712,Spelthorne 003C,Bicycle theft,Investigation complete; no suspect identified,
6935b52051c800d07a1078b634b1a6dbdc6ebb74bf41d8c26334cc89291ed2c5,2023-06,Surrey Police,Surrey Police,-0.465543,51.434674,On or near Church Road,E01030712,Spelthorne 003C,Burglary,Investigation complete; no suspect identified,
976c0a8f6a57c00e4b16d6826901ab67b71fdc33630d86f7395116908b1bddec,2023-06,Surrey Police,Surrey Police,-0.462876,51.433524,On or near College Way,E01030712,Spelthorne 003C,Burglary,Investigation complete; no suspect identified,
22f912044ca2919fbe401b0e014565a5d1c9e3c77a22cb1fe418bb76a59734ca,2023-06,Surrey Police,Surrey Police,-0.465543,51.434674,On or near Church Road,E01030712,Spelthorne 003C,Burglary,Status update unavailable,
dd34f1818683366bdf4bddeb93a25dff574ab7ca2022e6a4e22bf843cf0c84bd,2023-06,Surrey Police,Surrey Police,-0.462876,51.433524,On or near College Way,E01030712,Spelthorne 003C,Criminal damage and arson,Investigation complete; no suspect identified,
a4f7b90e0d7ea2c6add85896b623025b22c3f0ea98f6ae3753a98ebb7574b956,2023-06,Surrey Police,Surrey Police,-0.468041,51.436100,On or near Station Approach,E01030712,Spelthorne 003C,Drugs,Formal action is not in the public interest,
1b70f5d1671d5fd44b2c3859f24a402b580a100e73aa1e02a059cdc591fe9988,2023-06,Surrey Police,Surrey Police,-0.463013,51.432896,On or near Supermarket,E01030712,Spelthorne 003C,Other theft,Investigation complete; no suspect identified,
7997680492a1e941177d108813aa59b8f5c992758e901235346553af98f722b9,2023-06,Surrey Police,Surrey Police,-0.465543,51.434674,On or near Church Road,E01030712,Spelthorne 003C,Other theft,Investigation complete; no suspect identified,
45e0482bc61ed94bf1f6cfac8272a869d99b8a51e3982b5f2860409ae714cab1,2023-06,Surrey Police,Surrey Police,-0.461321,51.433162,On or near Brownrigg Road,E01030712,Spelthorne 003C,Public order,Unable to prosecute suspect,
64028629018840913dfd69fb39fdd68ed0e91cf44e47db1b08a54100c16e334a,2023-06,Surrey Police,Surrey Police,-0.465543,51.434674,On or near Church Road,E01030712,Spelthorne 003C,Shoplifting,Investigation complete; no suspect identified,
01adf3f82079a63e3cae5c070bf6c3b376100593c724eab45fd64c883f6f0bd1,2023-06,Surrey Police,Surrey Police,-0.466691,51.435193,On or near Queens Street,E01030712,Spelthorne 003C,Shoplifting,Local resolution,
414db46aceea8556c12e0619c18711bc5d4659c5aaffec4a0eb0935e8f26ac3e,2023-06,Surrey Police,Surrey Police,-0.466691,51.435193,On or near Queens Street,E01030712,Spelthorne 003C,Shoplifting,Investigation complete; no suspect identified,
439362d94d7249507d118b0e3319e60ab633a6e13a533a03b5f0de72c80353b4,2023-06,Surrey Police,Surrey Police,-0.465543,51.434674,On or near Church Road,E01030712,Spelthorne 003C,Vehicle crime,Investigation complete; no suspect identified,
ec4ccceaa02eeb53618591d3c60f093d2fe3767583e161787b3bd65547a31902,2023-06,Surrey Police,Surrey Police,-0.461729,51.434291,On or near Meadway,E01030712,Spelthorne 003C,Violence and sexual offences,Further investigation is not in the public interest,
c2e11d3d0c506424924455d4f41e1b9270672bc0d3044f431bc0d0969f23ae74,2023-06,Surrey Police,Surrey Police,-0.461729,51.434291,On or near Meadway,E01030712,Spelthorne 003C,Violence and sexual offences,Further investigation is not in the public interest,
dcd1cb1ceb588aba800bc2e72b25f9d435021385498a335a1405823adb3b8d08,2023-06,Surrey Police,Surrey Police,-0.461729,51.434291,On or near Meadway,E01030712,Spelthorne 003C,Violence and sexual offences,Further investigation is not in the public interest,
f0b4f5d9538f5a39ee8e1a96cf29a1ecb879e7f1e6dec55a8487846f0710fc27,2023-06,Surrey Police,Surrey Police,-0.465116,51.433670,On or near Parking Area,E01030712,Spelthorne 003C,Violence and sexual offences,Unable to prosecute suspect,
809d6c1aaae73ae5c66bb3b0cdae58440478474f62efdf9aeb7755fa5b683f0a,2023-06,Surrey Police,Surrey Police,-0.462876,51.433524,On or near College Way,E01030712,Spelthorne 003C,Violence and sexual offences,Further investigation is not in the public interest,
8f9b8ea4ee5875767d95b25f0e2bbd78b9ab7d7bce2bfdc823f0c767c4b35775,2023-06,Surrey Police,Surrey Police,-0.462876,51.433524,On or near College Way,E01030712,Spelthorne 003C,Violence and sexual offences,Unable to prosecute suspect,
,2023-06,Surrey Police,Surrey Police,-0.469385,51.431613,On or near Stanley Road,E01030713,Spelthorne 003D,Anti-social behaviour,,
e1171543623b6f6d9a04cf4214f32d7f770417f1833e211356ce8ba1b4e8d379,2023-06,Surrey Police,Surrey Police,-0.470782,51.432440,On or near Chesterfield Road,E01030713,Spelthorne 003D,Drugs,Unable to prosecute suspect,
19e9d0e4fb97ac5e5ff25dc657f40c0e7034c86e130a1e9621251fb98139ef5e,2023-06,Surrey Police,Surrey Police,-0.473847,51.433703,On or near The Wickets,E01030713,Spelthorne 003D,Vehicle crime,Investigation complete; no suspect identified,
645e355a90db6b5a128153554f21b4c7032481ddfdafb4a7ebb20be75197ba74,2023-06,Surrey Police,Surrey Police,-0.469385,51.431613,On or near Stanley Road,E01030713,Spelthorne 003D,Violence and sexual offences,Unable to prosecute suspect,
245e86cff34d6ee22ef3e689c4e61ebb15573b501bfeb311a4c0fe654888793f,2023-06,Surrey Police,Surrey Police,-0.470782,51.432440,On or near Chesterfield Road,E01030713,Spelthorne 003D,Violence and sexual offences,Unable to prosecute suspect,
94308df405753be55a7d40a529ce36d37c2c53a613d94dc281b9fead5e070b06,2023-06,Surrey Police,Surrey Police,-0.473847,51.433703,On or near The Wickets,E01030713,Spelthorne 003D,Other crime,Unable to prosecute suspect,
6ffc637543f0b4d9086d3e8e0854d8e74e73118ee31da523ad43a802d272df1d,2023-06,Surrey Police,Surrey Police,-0.471313,51.435505,On or near Stanwell Road,E01030714,Spelthorne 003E,Drugs,Court result unavailable,
,2023-06,Surrey Police,Surrey Police,-0.480356,51.432646,On or near Ruggles-Brise Road,E01030714,Spelthorne 003E,Anti-social behaviour,,
,2023-06,Surrey Police,Surrey Police,-0.480356,51.432646,On or near Ruggles-Brise Road,E01030714,Spelthorne 003E,Anti-social behaviour,,
,2023-06,Surrey Police,Surrey Police,-0.480356,51.432646,On or near Ruggles-Brise Road,E01030714,Spelthorne 003E,Anti-social behaviour,,
,2023-06,Surrey Police,Surrey Police,-0.471313,51.435505,On or near Stanwell Road,E01030714,Spelthorne 003E,Anti-social behaviour,,
266325b9e09744ba2ae3fa04d79cb926c5c22d13af54045af56ee2a4d219c3b2,2023-06,Surrey Police,Surrey Police,-0.480392,51.436333,On or near Windsor Drive,E01030714,Spelthorne 003E,Criminal damage and arson,Investigation complete; no suspect identified,
64744f25fe90a90780ddc55e6f31ed18dc854a9c86c3c281d9e28848b7f2cb97,2023-06,Surrey Police,Surrey Police,-0.481171,51.434985,On or near Rowan Close,E01030714,Spelthorne 003E,Criminal damage and arson,Action to be taken by another organisation,
a58115140aef722c02340f6e66a5405eb8225d9bf8c7ecbdb94f77f4a68c3b78,2023-06,Surrey Police,Surrey Police,-0.481171,51.434985,On or near Rowan Close,E01030714,Spelthorne 003E,Criminal damage and arson,Unable to prosecute suspect,
944faaa83934e8d8c9c9a8179222a995328f1f6d7badcfcf94d1b113dacafb52,2023-06,Surrey Police,Surrey Police,-0.471313,51.435505,On or near Stanwell Road,E01030714,Spelthorne 003E,Criminal damage and arson,Investigation complete; no suspect identified,
5529517d9db6e7034899cd898a24ad606cd979f109afab430e77bbadfec6ede2,2023-06,Surrey Police,Surrey Police,-0.481171,51.434985,On or near Rowan Close,E01030714,Spelthorne 003E,Public order,Status update unavailable,
7b2b368da3f29ed497f179cf88af06164afe26f5cf172366cb572d89d809434f,2023-06,Surrey Police,Surrey Police,-0.471313,51.435505,On or near Stanwell Road,E01030714,Spelthorne 003E,Public order,Investigation complete; no suspect identified,
f8a89bb86509b69a84e198ff43009aae0c4ee8c98fa16f0143d788557a12c925,2023-06,Surrey Police,Surrey Police,-0.471313,51.435505,On or near Stanwell Road,E01030714,Spelthorne 003E,Vehicle crime,Investigation complete; no suspect identified,
e595b2fcafc32f92fa86802fa2c6dfe23f06c8ca6db965d7501eaaa8bb6f975e,2023-06,Surrey Police,Surrey Police,-0.471313,51.435505,On or near Stanwell Road,E01030714,Spelthorne 003E,Violence and sexual offences,Investigation complete; no suspect identified,
e8b5f1384882fb44a1a0bc8e34ad4e80eea349085544ef35c11a4b3bf1adc897,2023-06,Surrey Police,Surrey Police,-0.481171,51.434985,On or near Rowan Close,E01030714,Spelthorne 003E,Violence and sexual offences,Court result unavailable,
052a2ef786a33bb712025c320cff815743e4e4db0292bd914dff099ee4e06e4c,2023-06,Surrey Police,Surrey Police,-0.481171,51.434985,On or near Rowan Close,E01030714,Spelthorne 003E,Violence and sexual offences,Unable to prosecute suspect,
78a124a8a0f72bdeed3a29900459d54a307f3199461a9d02d5c65e5c0e7b355d,2023-06,Surrey Police,Surrey Police,-0.481171,51.434985,On or near Rowan Close,E01030714,Spelthorne 003E,Violence and sexual offences,Status update unavailable,
43202664550aa3fc9423d5a28194e6fab480b36e2213fbc88b6707b9aca47f2c,2023-06,Surrey Police,Surrey Police,-0.479518,51.435351,On or near Queens Walk,E01030714,Spelthorne 003E,Violence and sexual offences,Unable to prosecute suspect,
,2023-06,Surrey Police,Surrey Police,-0.474131,51.431225,On or near Warwick Road,E01030715,Spelthorne 003F,Anti-social behaviour,,
,2023-06,Surrey Police,Surrey Police,-0.477307,51.431752,On or near Adelaide Road,E01030715,Spelthorne 003F,Anti-social behaviour,,
78a54845c32dd531b233f713eba63069556d4f4e88a7e0de0e09f55a8aa6c533,2023-06,Surrey Police,Surrey Police,-0.473057,51.428055,On or near Ashview Close,E01030715,Spelthorne 003F,Other theft,Unable to prosecute suspect,
3ecaadd4c5afec28fa381b9064e40413df29014beafd9edec5c8ae2c38b34514,2023-06,Surrey Police,Surrey Police,-0.478278,51.430236,On or near Fern Walk,E01030715,Spelthorne 003F,Public order,Investigation complete; no suspect identified,
e8f256b3b8a3dd0097420af936e52b3ebb2f51f4def1ea5dc7ead19d8b4f8881,2023-06,Surrey Police,Surrey Police,-0.471598,51.429538,On or near Links Road,E01030716,Spelthorne 003G,Public order,Investigation complete; no suspect identified,
,2023-06,Surrey Police,Surrey Police,-0.499179,51.434237,On or near Greenlands Road,E01030734,Spelthorne 004A,Anti-social behaviour,,
,2023-06,Surrey Police,Surrey Police,-0.499958,51.437233,On or near A308,E01030734,Spelthorne 004A,Anti-social behaviour,,
,2023-06,Surrey Police,Surrey Police,-0.499958,51.437233,On or near A308,E01030734,Spelthorne 004A,Anti-social behaviour,,
,2023-06,Surrey Police,Surrey Police,-0.500864,51.434618,On or near Rosefield Road,E01030734,Spelthorne 004A,Anti-social behaviour,,
,2023-06,Surrey Police,Surrey Police,-0.497441,51.437209,On or near London Road,E01030734,Spelthorne 004A,Anti-social behaviour,,
da96579654c92af3b9ddbab8bb28c67475d4277ed3bfe3ba70de1a3d136376d9,2023-06,Surrey Police,Surrey Police,-0.493120,51.433422,On or near Shortwood Common,E01030734,Spelthorne 004A,Criminal damage and arson,Unable to prosecute suspect,
a6c0529b434de6fcab3159b3fa1a6fc49aab9b834213c668d7cf129c1d7a05c3,2023-06,Surrey Police,Surrey Police,-0.500000,51.436388,On or near Staines By-Pass,E01030734,Spelthorne 004A,Criminal damage and arson,Local resolution,
e427005b13aee753486b06941437b25139b11512a0fe7ca1482f2f80902b13da,2023-06,Surrey Police,Surrey Police,-0.493120,51.433422,On or near Shortwood Common,E01030734,Spelthorne 004A,Criminal damage and arson,Status update unavailable,
e7b5e64cfcdbd432853e2b6bd28c8a359ef96f035cf01dfba1698c0a39537594,2023-06,Surrey Police,Surrey Police,-0.499179,51.434237,On or near Greenlands Road,E01030734,Spelthorne 004A,Drugs,Local resolution,
d85a4c82617fa3f7bedbd4c214abf559dc191d617f9c7c49d97e32fa62efaa67,2023-06,Surrey Police,Surrey Police,-0.499179,51.434237,On or near Greenlands Road,E01030734,Spelthorne 004A,Drugs,Status update unavailable,
6ff4834edae0852ebd0c17f244749b316d98581375dd3aa9597d39314d4baea1,2023-06,Surrey Police,Surrey Police,-0.499958,51.437233,On or near A308,E01030734,Spelthorne 004A,Public order,Action to be taken by another organisation,
0bd00018df0dc4da8f0c7db3e710c905bb6fa5508d8a870b97e4ccdf92dc2582,2023-06,Surrey Police,Surrey Police,-0.499679,51.437840,On or near Farnell Road,E01030734,Spelthorne 004A,Public order,Court result unavailable,
aa6327f494cc1e9ed128d79f8809d1cafaf4244b01dd8743dea73e4c927e424b,2023-06,Surrey Police,Surrey Police,-0.499958,51.437233,On or near A308,E01030734,Spelthorne 004A,Public order,Action to be taken by another organisation,
136e787ca56ffa6dbf4518f6f742680a38288b928d968c704dc87a2039824ac3,2023-06,Surrey Police,Surrey Police,-0.500000,51.436388,On or near Staines By-Pass,E01030734,Spelthorne 004A,Vehicle crime,Investigation complete; no suspect identified,
db672ffac2d73a892acc5f3f9b5780c31e4e6238ac58974b14f59a3acb4ebf73,2023-06,Surrey Police,Surrey Police,-0.500864,51.434618,On or near Rosefield Road,E01030734,Spelthorne 004A,Vehicle crime,Investigation complete; no suspect identified,
08610503f57766b3def80203a5ae1842fdf4c5aba1f7fdc1f4a1fff033845cdd,2023-06,Surrey Police,Surrey Police,-0.497441,51.437209,On or near London Road,E01030734,Spelthorne 004A,Vehicle crime,Investigation complete; no suspect identified,
c71368efa8200f971e4b0faf32ac626a65101393c0edb2e94eab8fbb3a10138d,2023-06,Surrey Police,Surrey Police,-0.499179,51.434237,On or near Greenlands Road,E01030734,Spelthorne 004A,Vehicle crime,Investigation complete; no suspect identified,
13a06d3bb5df5775c4a28a54b5a7184dea70cb357a12d6f15635842a12e8d413,2023-06,Surrey Police,Surrey Police,-0.499179,51.434237,On or near Greenlands Road,E01030734,Spelthorne 004A,Vehicle crime,Investigation complete; no suspect identified,
aa905c0cf82e39dffdfc125dee982832f2e34049ce6260646c5eba293df057ee,2023-06,Surrey Police,Surrey Police,-0.490784,51.437088,On or near Shortwood Avenue,E01030734,Spelthorne 004A,Violence and sexual offences,Further action is not in the public interest,
072fd0ff0dc2a7968cbf3ed19b91430d8d4107e78e721db0e500e996de7ce3ec,2023-06,Surrey Police,Surrey Police,-0.499958,51.437233,On or near A308,E01030734,Spelthorne 004A,Violence and sexual offences,Unable to prosecute suspect,
ab8976b42caf0b5d07ddeec0b8695af88f3cd81f8546aed4cba8f596c1017151,2023-06,Surrey Police,Surrey Police,-0.500864,51.434618,On or near Rosefield Road,E01030734,Spelthorne 004A,Other crime,Unable to prosecute suspect,
,2023-06,Surrey Police,Surrey Police,-0.527821,51.442765,On or near Park/Open Space,E01030735,Spelthorne 004B,Anti-social behaviour,,
,2023-06,Surrey Police,Surrey Police,-0.521767,51.442671,On or near Moor Lane,E01030735,Spelthorne 004B,Anti-social behaviour,,
,2023-06,Surrey Police,Surrey Police,-0.519978,51.440140,On or near Annie Brookes Close,E01030735,Spelthorne 004B,Anti-social behaviour,,
,2023-06,Surrey Police,Surrey Police,-0.516647,51.435916,On or near Church Street,E01030735,Spelthorne 004B,Anti-social behaviour,,
f9d5dc738e10bfdc884e6e14080a472cd10d223ec7b9e2b50c322d7910cfba43,2023-06,Surrey Police,Surrey Police,-0.526584,51.446338,On or near Park/Open Space,E01030735,Spelthorne 004B,Criminal damage and arson,Investigation complete; no suspect identified,
d37024145a07b88d84eaf105ce67181a2236b010f132202282f93c22e2ccb3b9,2023-06,Surrey Police,Surrey Police,-0.512511,51.436134,On or near Mustard Mill Road,E01030735,Spelthorne 004B,Criminal damage and arson,Local resolution,
23c6ec771a5c37275a1f5c3c5e35a5b5b9ef8850c06c646840e782b3b3a354e7,2023-06,Surrey Police,Surrey Police,-0.521767,51.442671,On or near Moor Lane,E01030735,Spelthorne 004B,Public order,Unable to prosecute suspect,
dccd7dff2870334f1c7e781f43083d387ae89bcb9a00d1c05dbd9751d4696aac,2023-06,Surrey Police,Surrey Police,-0.516100,51.435469,On or near The Maltings,E01030735,Spelthorne 004B,Robbery,Status update unavailable,
8bb4bcbea2a1bb66e8c5d8e139ea67eefe508b3097fd19b972d3d1aabe00186a,2023-06,Surrey Police,Surrey Police,-0.512511,51.436134,On or near Mustard Mill Road,E01030735,Spelthorne 004B,Shoplifting,Investigation complete; no suspect identified,
4942abc14bc4fdb32339960d14a80b3a62a9fbf1715a05127becf2c95fb9e8fa,2023-06,Surrey Police,Surrey Police,-0.510906,51.438604,On or near Plover Close,E01030735,Spelthorne 004B,Vehicle crime,Investigation complete; no suspect identified,
3346da60a41f1a4cb8b9858153eb688109d2b25b8f6f9401dc11f076a7b2ac7a,2023-06,Surrey Police,Surrey Police,-0.527821,51.442765,On or near Park/Open Space,E01030735,Spelthorne 004B,Vehicle crime,Investigation complete; no suspect identified,
5b36c4f0997d4fe0d423e70e7869ad404920547eb6767e520a349ca483d1190f,2023-06,Surrey Police,Surrey Police,-0.514518,51.435476,On or near Hale Street,E01030735,Spelthorne 004B,Vehicle crime,Investigation complete; no suspect identified,
416e9b6bab46596587cb01269ec63d4e29c12dfd36b9958d49a4602cdb2c0136,2023-06,Surrey Police,Surrey Police,-0.518300,51.435065,On or near Island Close,E01030735,Spelthorne 004B,Violence and sexual offences,Unable to prosecute suspect,
c51444c16802ac53265851bb8d9c75367293e7c0b495d8d893b2763cc2c8ef2c,2023-06,Surrey Police,Surrey Police,-0.510675,51.437738,On or near Robin Way,E01030735,Spelthorne 004B,Violence and sexual offences,Further investigation is not in the public interest,
ea7eb5559ae5d681ec75c7329aa88d20b5594863de3ac48c25d1b4ae91bdf4ef,2023-06,Surrey Police,Surrey Police,-0.510675,51.437738,On or near Robin Way,E01030735,Spelthorne 004B,Violence and sexual offences,Unable to prosecute suspect,
d9f6a141dd369f46c64d7748fcf2ee443b98e1b2c20f1cc5fbb2da56c4c295a3,2023-06,Surrey Police,Surrey Police,-0.521767,51.442671,On or near Moor Lane,E01030735,Spelthorne 004B,Violence and sexual offences,Unable to prosecute suspect,
830747901a36137a3ac21356ac949ffad3f5c788c34cda88ededf0c7af4c4696,2023-06,Surrey Police,Surrey Police,-0.527821,51.442765,On or near Park/Open Space,E01030735,Spelthorne 004B,Violence and sexual offences,Unable to prosecute suspect,
011290383bc6ab9b3e15e0878381050d5853805eef298f461cd072c2753a53fd,2023-06,Surrey Police,Surrey Police,-0.510675,51.437738,On or near Robin Way,E01030735,Spelthorne 004B,Violence and sexual offences,Unable to prosecute suspect,
b23ff3caf0417a3236e131c21e52ab1404c37785515d83c7bf525ea1c56f2a38,2023-06,Surrey Police,Surrey Police,-0.494772,51.429127,On or near Stainash Crescent,E01030737,Spelthorne 004D,Robbery,Unable to prosecute suspect,
,2023-06,Surrey Police,Surrey Police,-0.498508,51.433626,On or near Raleigh Court,E01030737,Spelthorne 004D,Anti-social behaviour,,
,2023-06,Surrey Police,Surrey Police,-0.497952,51.433043,On or near Leacroft,E01030737,Spelthorne 004D,Anti-social behaviour,,
8a14e40172fd267f84ca26fbabbd3a178ea1f873287784d2de972587b5c323e1,2023-06,Surrey Police,Surrey Police,-0.505344,51.431789,On or near Albert Drive,E01030737,Spelthorne 004D,Other theft,Investigation complete; no suspect identified,
f7a91017796c02d368c636bc37be34ac59f71339e32d2a6d32450f0b75ce3f34,2023-06,Surrey Police,Surrey Police,-0.501712,51.431545,On or near Cotswold Close,E01030737,Spelthorne 004D,Public order,Investigation complete; no suspect identified,
9047de6d2814eb1319234d19a3ada9717961d86868a1943a0ae33726ec0d3728,2023-06,Surrey Police,Surrey Police,-0.494772,51.429127,On or near Stainash Crescent,E01030737,Spelthorne 004D,Vehicle crime,Investigation complete; no suspect identified,
a61e83d74207fd9dc256686c4d3e6e6b885258b2c810b8b9e9491f66126b04e8,2023-06,Surrey Police,Surrey Police,-0.494772,51.429127,On or near Stainash Crescent,E01030737,Spelthorne 004D,Violence and sexual offences,Unable to prosecute suspect,
a4eff85d2b33365fa7161334ba3b5532a742b49091a3f695de5bf941ff6811e3,2023-06,Surrey Police,Surrey Police,-0.501712,51.431545,On or near Cotswold Close,E01030737,Spelthorne 004D,Violence and sexual offences,Investigation complete; no suspect identified,
445d019b14bd95b51a8015906c201877577221c17006b2cd973647045ce85fd3,2023-06,Surrey Police,Surrey Police,-0.505344,51.431789,On or near Albert Drive,E01030737,Spelthorne 004D,Violence and sexual offences,Unable to prosecute suspect,
,2023-06,Surrey Police,Surrey Police,-0.506654,51.429126,On or near Edgell Road,E01030738,Spelthorne 004E,Anti-social behaviour,,
6c36624407e16652561b534e6e080bfdbbbc1bdf6902eacabb2bbe6b8fccd77d,2023-06,Surrey Police,Surrey Police,-0.502933,51.430742,On or near Broadacre,E01030738,Spelthorne 004E,Bicycle theft,Investigation complete; no suspect identified,
40c06ac616c2916f50ced7be5854b5afc3b70e8390c36b3fa752fbe4bda5a048,2023-06,Surrey Police,Surrey Police,-0.502933,51.430742,On or near Broadacre,E01030738,Spelthorne 004E,Bicycle theft,Investigation complete; no suspect identified,
ab644fcc767a03619f77c2003a0cd590ffcdb76081b7de422e5c75cb361e32f0,2023-06,Surrey Police,Surrey Police,-0.499892,51.425623,On or near Parking Area,E01030738,Spelthorne 004E,Criminal damage and arson,Investigation complete; no suspect identified,
e08353d4e28e106fcd1c672cca60a8d4723cf7b43f399928249e73177f5731ad,2023-06,Surrey Police,Surrey Police,-0.507205,51.429421,On or near Beehive Road,E01030738,Spelthorne 004E,Drugs,Status update unavailable,
690d995b9bafc45f6ff8020206976a765833cd1aa1073cf5bd36ade4edcd1f44,2023-06,Surrey Police,Surrey Police,-0.505546,51.425605,On or near Guildford Street,E01030738,Spelthorne 004E,Public order,Investigation complete; no suspect identified,
6810c8186f6eb095bb72b2cebde9f2b74df05536dd10af2277b70c167a40569a,2023-06,Surrey Police,Surrey Police,-0.504496,51.430007,On or near Budebury Road,E01030738,Spelthorne 004E,Public order,Unable to prosecute suspect,
12aaa3f8891796665d41b49dcff4227feed416755468d6c3588abef8284dae75,2023-06,Surrey Police,Surrey Police,-0.502933,51.430742,On or near Broadacre,E01030738,Spelthorne 004E,Violence and sexual offences,Unable to prosecute suspect,
932cb6a3f2be6affbb4eba19169ede02d990d65ab2d8454b3044a298060957ee,2023-06,Surrey Police,Surrey Police,-0.502933,51.430742,On or near Broadacre,E01030738,Spelthorne 004E,Violence and sexual offences,Offender given a caution,
c2c17b2f53f97305bd8ce86bb7da5511f8b9bb263f7812cf0f442e8440a3862a,2023-06,Surrey Police,Surrey Police,-0.502933,51.430742,On or near Broadacre,E01030738,Spelthorne 004E,Violence and sexual offences,Offender given a caution,
db4cf637e3bd48fe31eb21d670abe3f2504461dfff7b576b24eec41d2e7364fa,2023-06,Surrey Police,Surrey Police,-0.502933,51.430742,On or near Broadacre,E01030738,Spelthorne 004E,Violence and sexual offences,Offender given a caution,
70ee8eb38909921c61a2115399b489399cfa7bb4a41271341fb377664e0ac793,2023-06,Surrey Police,Surrey Police,-0.511330,51.435714,On or near Shopping Area,E01034291,Spelthorne 004F,Shoplifting,Further investigation is not in the public interest,
,2023-06,Surrey Police,Surrey Police,-0.512547,51.435019,On or near Parking Area,E01034291,Spelthorne 004F,Anti-social behaviour,,
,2023-06,Surrey Police,Surrey Police,-0.509290,51.432541,On or near Staines Bus Station,E01034291,Spelthorne 004F,Anti-social behaviour,,
,2023-06,Surrey Police,Surrey Police,-0.510239,51.434333,On or near High Street,E01034291,Spelthorne 004F,Anti-social behaviour,,
,2023-06,Surrey Police,Surrey Police,-0.512591,51.432781,On or near Parking Area,E01034291,Spelthorne 004F,Anti-social behaviour,,
,2023-06,Surrey Police,Surrey Police,-0.512547,51.435019,On or near Parking Area,E01034291,Spelthorne 004F,Anti-social behaviour,,
,2023-06,Surrey Police,Surrey Police,-0.503799,51.435915,On or near New Street,E01034291,Spelthorne 004F,Anti-social behaviour,,
,2023-06,Surrey Police,Surrey Police,-0.503799,51.435915,On or near New Street,E01034291,Spelthorne 004F,Anti-social behaviour,,
,2023-06,Surrey Police,Surrey Police,-0.502905,51.438637,On or near A30,E01034291,Spelthorne 004F,Anti-social behaviour,,
,2023-06,Surrey Police,Surrey Police,-0.511947,51.434004,On or near Tilly'S Lane,E01034291,Spelthorne 004F,Anti-social behaviour,,
,2023-06,Surrey Police,Surrey Police,-0.509590,51.433489,On or near Shopping Area,E01034291,Spelthorne 004F,Anti-social behaviour,,
,2023-06,Surrey Police,Surrey Police,-0.512547,51.435019,On or near Parking Area,E01034291,Spelthorne 004F,Anti-social behaviour,,
,2023-06,Surrey Police,Surrey Police,-0.512547,51.435019,On or near Parking Area,E01034291,Spelthorne 004F,Anti-social behaviour,,
,2023-06,Surrey Police,Surrey Police,-0.510239,51.434333,On or near High Street,E01034291,Spelthorne 004F,Anti-social behaviour,,
,2023-06,Surrey Police,Surrey Police,-0.509590,51.433489,On or near Shopping Area,E01034291,Spelthorne 004F,Anti-social behaviour,,
,2023-06,Surrey Police,Surrey Police,-0.509189,51.435642,On or near Mill Mead,E01034291,Spelthorne 004F,Anti-social behaviour,,
,2023-06,Surrey Police,Surrey Police,-0.509189,51.435642,On or near Mill Mead,E01034291,Spelthorne 004F,Anti-social behaviour,,
,2023-06,Surrey Police,Surrey Police,-0.509380,51.430213,On or near Prospect Place,E01034291,Spelthorne 004F,Anti-social behaviour,,
,2023-06,Surrey Police,Surrey Police,-0.506095,51.435216,On or near A308,E01034291,Spelthorne 004F,Anti-social behaviour,,
,2023-06,Surrey Police,Surrey Police,-0.511947,51.434004,On or near Tilly'S Lane,E01034291,Spelthorne 004F,Anti-social behaviour,,
1188c4f33c6145d3d02c1b01ce1e45c1d21ea43860bd6780a336967ec5fe51a7,2023-06,Surrey Police,Surrey Police,-0.510239,51.434333,On or near High Street,E01034291,Spelthorne 004F,Bicycle theft,Investigation complete; no suspect identified,
fbb19d606299cd7b43b5a58a65fdad7c980cef2a2efb81363b9d99ccdfd82126,2023-06,Surrey Police,Surrey Police,-0.511330,51.435714,On or near Shopping Area,E01034291,Spelthorne 004F,Bicycle theft,Investigation complete; no suspect identified,
88d79641c6eb1fe7b4fad92758e3923a090ebc89a5c693c2107a0e8467560833,2023-06,Surrey Police,Surrey Police,-0.508971,51.433957,On or near Shopping Area,E01034291,Spelthorne 004F,Bicycle theft,Investigation complete; no suspect identified,
348675b2ebe2b6ee1c7663d316b419dd55b72cdcce5b61d10a07be62f567e323,2023-06,Surrey Police,Surrey Police,-0.508971,51.433957,On or near Shopping Area,E01034291,Spelthorne 004F,Bicycle theft,Investigation complete; no suspect identified,
551a515ae8323e94f64b14a5a1298c6656c0522844e80250a5bd82daf304f6af,2023-06,Surrey Police,Surrey Police,-0.506095,51.435216,On or near A308,E01034291,Spelthorne 004F,Bicycle theft,Investigation complete; no suspect identified,
a0d4c98ae3a8881abf407997f2bbb6ba053f4241dc924cf1192c5893f25b5763,2023-06,Surrey Police,Surrey Police,-0.511947,51.434004,On or near Tilly'S Lane,E01034291,Spelthorne 004F,Burglary,Investigation complete; no suspect identified,
e5fea4191eebc744ecc5ebe6aa8863d894e9287bfb94ca7ab3eec3f8948cf977,2023-06,Surrey Police,Surrey Police,-0.506095,51.435216,On or near A308,E01034291,Spelthorne 004F,Criminal damage and arson,Local resolution,
9892dfaae1e9ecb00f4899d71ee08ddc6f85ab4fb66fd3a5780e621ed636b671,2023-06,Surrey Police,Surrey Police,-0.510239,51.434333,On or near High Street,E01034291,Spelthorne 004F,Criminal damage and arson,Investigation complete; no suspect identified,
b5c4f55fbf626334765e143f0ace691b03c3abc3a76b1e25a7e696a010057c9c,2023-06,Surrey Police,Surrey Police,-0.512591,51.432781,On or near Parking Area,E01034291,Spelthorne 004F,Criminal damage and arson,Investigation complete; no suspect identified,
d12cc1d7feff13b2ee444f983e86f95c3c425fcc7f4cb7c996cf2835d12b476b,2023-06,Surrey Police,Surrey Police,-0.509189,51.435642,On or near Mill Mead,E01034291,Spelthorne 004F,Criminal damage and arson,Local resolution,
716006d962a1a2e590722c6ed5efea7d30cf746b7984e6b87a60bae9bf625b75,2023-06,Surrey Police,Surrey Police,-0.514658,51.432915,On or near Colnebridge Close,E01034291,Spelthorne 004F,Criminal damage and arson,Investigation complete; no suspect identified,
752435c8cba3bc1b45dd5453e758d16da101d8fef3612ff076fd92abfebc7e0e,2023-06,Surrey Police,Surrey Police,-0.506095,51.435216,On or near A308,E01034291,Spelthorne 004F,Drugs,Court result unavailable,
9aa43a01803fc46f336deb83d981def972fcf05a8b37f0396f450de98176e947,2023-06,Surrey Police,Surrey Police,-0.514905,51.433745,On or near Clarence Street,E01034291,Spelthorne 004F,Drugs,Unable to prosecute suspect,
5be26746f518696c4fdea333ba0b7aabdd688e218228b242d275a63ce50b8718,2023-06,Surrey Police,Surrey Police,-0.511947,51.434004,On or near Tilly'S Lane,E01034291,Spelthorne 004F,Other theft,Investigation complete; no suspect identified,
e20cd1af1980d7c90eea418bbfee5defac80028b06180bedc672b212dd6288bf,2023-06,Surrey Police,Surrey Police,-0.506095,51.435216,On or near A308,E01034291,Spelthorne 004F,Other theft,Investigation complete; no suspect identified,
78ed3658b466c220340d7ef3150d0a0447a90813ceb048944468ec61a43da4f4,2023-06,Surrey Police,Surrey Police,-0.512591,51.432781,On or near Parking Area,E01034291,Spelthorne 004F,Other theft,Investigation complete; no suspect identified,
a80253b12c16e743f57fcd4d43893b4b0c45b5f1f79f7235ed458bd69bcabdce,2023-06,Surrey Police,Surrey Police,-0.509590,51.433489,On or near Shopping Area,E01034291,Spelthorne 004F,Other theft,Investigation complete; no suspect identified,
5b3d6a9b1fdd9b6bcd3155d29f0f525f6752dc7ae1380d70073a6db8d0b12a65,2023-06,Surrey Police,Surrey Police,-0.514905,51.433745,On or near Clarence Street,E01034291,Spelthorne 004F,Possession of weapons,Court result unavailable,
e1f945603be86da410df444a9b7c09254126c92557a67b236d349224b839184a,2023-06,Surrey Police,Surrey Police,-0.509380,51.430213,On or near Prospect Place,E01034291,Spelthorne 004F,Possession of weapons,Status update unavailable,
5123cca8bbe5ab6e45ca06fe727f5d71b4802f06c0d8cbdb26382b7618decc40,2023-06,Surrey Police,Surrey Police,-0.511947,51.434004,On or near Tilly'S Lane,E01034291,Spelthorne 004F,Public order,Status update unavailable,
6ceddbf40ba75cc334f9e78883425d7fa24d1d1cb984423e31da7f3ddee5f5fa,2023-06,Surrey Police,Surrey Police,-0.514905,51.433745,On or near Clarence Street,E01034291,Spelthorne 004F,Public order,Investigation complete; no suspect identified,
afdf66ab1b02f1a28a55c5ef5d26aa10a925c8af1bba08237cfcb7cb94e1b07b,2023-06,Surrey Police,Surrey Police,-0.511330,51.435714,On or near Shopping Area,E01034291,Spelthorne 004F,Public order,Formal action is not in the public interest,
2e52964b899041d0b94e5a3f3c4f7800c5b667283ef682a11ca0a14610898c6c,2023-06,Surrey Police,Surrey Police,-0.506095,51.435216,On or near A308,E01034291,Spelthorne 004F,Public order,Further investigation is not in the public interest,
a6ab26e99d65ccacb36ad4f5c7fe27e4d995fd1a9ba626b190dae9d67cc6a9c0,2023-06,Surrey Police,Surrey Police,-0.506095,51.435216,On or near A308,E01034291,Spelthorne 004F,Public order,Unable to prosecute suspect,
75900e3fcd7a978ea1397be0ce33a26a80b91a54389661ab4207ed92badfe12e,2023-06,Surrey Police,Surrey Police,-0.509290,51.432541,On or near Staines Bus Station,E01034291,Spelthorne 004F,Public order,Investigation complete; no suspect identified,
fb3e95d82cb95a20f36153789c3b43bacbd3a8902502b06bbf803403c35c9828,2023-06,Surrey Police,Surrey Police,-0.506095,51.435216,On or near A308,E01034291,Spelthorne 004F,Public order,Investigation complete; no suspect identified,
dca583cf5594bef1e5d9a443a86e1d207c15d6d105ef7053671f47eb1722af93,2023-06,Surrey Police,Surrey Police,-0.514905,51.433745,On or near Clarence Street,E01034291,Spelthorne 004F,Public order,Investigation complete; no suspect identified,
0c2de588d5c0f3fc58c968a3d40f9b0e90f9fa2e8e8a10a252c01c95db99b33c,2023-06,Surrey Police,Surrey Police,-0.511947,51.434004,On or near Tilly'S Lane,E01034291,Spelthorne 004F,Public order,Unable to prosecute suspect,
f8127c9ec60fc40ed23d34022b898045e8926add521b62dac496262b0b482358,2023-06,Surrey Police,Surrey Police,-0.508629,51.433396,On or near Parking Area,E01034291,Spelthorne 004F,Public order,Investigation complete; no suspect identified,
82a167d3fa03cf4fb39f860512d171e085719185a1c05b34c3662408ce8f5aa6,2023-06,Surrey Police,Surrey Police,-0.508971,51.433957,On or near Shopping Area,E01034291,Spelthorne 004F,Robbery,Investigation complete; no suspect identified,
c4f24c4a2ed1a2fc24a6e0e741bb2da817519e3e5a22257254bb05c2fe8986b9,2023-06,Surrey Police,Surrey Police,-0.509399,51.432475,On or near Bus/Coach Station,E01034291,Spelthorne 004F,Shoplifting,Investigation complete; no suspect identified,
2064862d005e887d4f17c80add2c1e8c5ae77d121bb22f6db6af87b20768dfaf,2023-06,Surrey Police,Surrey Police,-0.511330,51.435714,On or near Shopping Area,E01034291,Spelthorne 004F,Shoplifting,Investigation complete; no suspect identified,
905131a32281e951367d0f0e6e7b30de50ea9d7ae33ebf0c06e4f59b1c571a4d,2023-06,Surrey Police,Surrey Police,-0.509590,51.433489,On or near Shopping Area,E01034291,Spelthorne 004F,Shoplifting,Investigation complete; no suspect identified,
872b9f937a7a46187c91cd2ecd05371540452ffd3b31eff2b81638f52636a028,2023-06,Surrey Police,Surrey Police,-0.511330,51.435714,On or near Shopping Area,E01034291,Spelthorne 004F,Shoplifting,Investigation complete; no suspect identified,
4af5773cfce456a0003b8b117a3afe3f52a93c26d9430a8359e96fbe8fc56377,2023-06,Surrey Police,Surrey Police,-0.511330,51.435714,On or near Shopping Area,E01034291,Spelthorne 004F,Shoplifting,Investigation complete; no suspect identified,
9fddfba4164a74aeceeebda9142aa800ba49cade0805f933f1574e27e6977b02,2023-06,Surrey Police,Surrey Police,-0.509590,51.433489,On or near Shopping Area,E01034291,Spelthorne 004F,Shoplifting,Investigation complete; no suspect identified,
4f00d6425ef18e9fd1a25854bb3b62ae8be3972ba7798288b6d731e92501c024,2023-06,Surrey Police,Surrey Police,-0.511330,51.435714,On or near Shopping Area,E01034291,Spelthorne 004F,Shoplifting,Investigation complete; no suspect identified,
f883109630cbabe3352e0dfeb0b3e1986c0048fe0203c85422e198248e5ab869,2023-06,Surrey Police,Surrey Police,-0.508971,51.433957,On or near Shopping Area,E01034291,Spelthorne 004F,Shoplifting,Investigation complete; no suspect identified,
0384886122c70843d7c618cb1ae1c778b71d722f2bca096c22584f775b326ae4,2023-06,Surrey Police,Surrey Police,-0.511330,51.435714,On or near Shopping Area,E01034291,Spelthorne 004F,Shoplifting,Court result unavailable,
614d294f9ddbe011dfaca642e8dfc10e6d73c407e7810c45a37218501eca380d,2023-06,Surrey Police,Surrey Police,-0.511437,51.433314,On or near Parking Area,E01034291,Spelthorne 004F,Shoplifting,Court result unavailable,
c3d4792de0bb42635f01228a95de92d889fcf7db14da06ccf5f481ab60a155bc,2023-06,Surrey Police,Surrey Police,-0.511330,51.435714,On or near Shopping Area,E01034291,Spelthorne 004F,Shoplifting,Investigation complete; no suspect identified,
be210c0e9c8caaf14f9ed4310ee4969bbfcf862a65e84f268251e5bdb74a19ec,2023-06,Surrey Police,Surrey Police,-0.514905,51.433745,On or near Clarence Street,E01034291,Spelthorne 004F,Shoplifting,Investigation complete; no suspect identified,
646c2a44567e0b3fbf76ce943b806f9b4ab732a4e93fea7141dc8122b2c6fef8,2023-06,Surrey Police,Surrey Police,-0.509590,51.433489,On or near Shopping Area,E01034291,Spelthorne 004F,Shoplifting,Investigation complete; no suspect identified,
9aef5550d688283e6a8b9a081eab2607e803063c28fed595e2128aa10a1891a1,2023-06,Surrey Police,Surrey Police,-0.506095,51.435216,On or near A308,E01034291,Spelthorne 004F,Shoplifting,Investigation complete; no suspect identified,
aab59cdc070fb1386bce01b850cbda603bf280038ef515e1b38ab7c0d8fb51de,2023-06,Surrey Police,Surrey Police,-0.510239,51.434333,On or near High Street,E01034291,Spelthorne 004F,Shoplifting,Unable to prosecute suspect,
6a9bd8e111589f8dc56b906892e0bac97e4f8c0d9fbd0c217774be1fc7391bdd,2023-06,Surrey Police,Surrey Police,-0.509590,51.433489,On or near Shopping Area,E01034291,Spelthorne 004F,Shoplifting,Investigation complete; no suspect identified,
62339116f1d9af6aa6b6ef88a8d88a7c37da58cea000256ef8353093022b832b,2023-06,Surrey Police,Surrey Police,-0.509590,51.433489,On or near Shopping Area,E01034291,Spelthorne 004F,Shoplifting,Investigation complete; no suspect identified,
994590fd2e2eb04407b22ba6a51f64158b94f539a8f9a6e616b9398a9eb9460b,2023-06,Surrey Police,Surrey Police,-0.506095,51.435216,On or near A308,E01034291,Spelthorne 004F,Shoplifting,Investigation complete; no suspect identified,
aa62bd2c4e185e1ff3080fcb723dffe23b4cee453badc06169cb4f21a899c8e8,2023-06,Surrey Police,Surrey Police,-0.510239,51.434333,On or near High Street,E01034291,Spelthorne 004F,Shoplifting,Investigation complete; no suspect identified,
2b21c701be5cb651da4254fafe839318bb6c35fddf3ca9f3691a3256a9de31e2,2023-06,Surrey Police,Surrey Police,-0.510239,51.434333,On or near High Street,E01034291,Spelthorne 004F,Shoplifting,Investigation complete; no suspect identified,
fe7904adc0b02f1166beb66462f7998baa74dd00aec4f5feed8812e142a685d5,2023-06,Surrey Police,Surrey Police,-0.506095,51.435216,On or near A308,E01034291,Spelthorne 004F,Shoplifting,Investigation complete; no suspect identified,
cef64893187f6644cf13d31c5a9ae2b857fa14c91d474d685cd6da2427399dd4,2023-06,Surrey Police,Surrey Police,-0.511330,51.435714,On or near Shopping Area,E01034291,Spelthorne 004F,Shoplifting,Formal action is not in the public interest,
2d9832710c7c712dd41833b17a235b853b38bda31699a37c315b408648ba00b8,2023-06,Surrey Police,Surrey Police,-0.510239,51.434333,On or near High Street,E01034291,Spelthorne 004F,Shoplifting,Investigation complete; no suspect identified,
b8eaa44b55fd194fa9f15d939cecf09a44cb8439f006e609dca5e745bb834c3f,2023-06,Surrey Police,Surrey Police,-0.508971,51.433957,On or near Shopping Area,E01034291,Spelthorne 004F,Shoplifting,Local resolution,
dd4c09c9c822383a0d93be950226ca326c040e44bb8fceadaca14689fe874176,2023-06,Surrey Police,Surrey Police,-0.509399,51.432475,On or near Bus/Coach Station,E01034291,Spelthorne 004F,Shoplifting,Local resolution,
07100796316ad7a4bdbe192551c1ec2ba3a0852a0635cadefce44984acc9ff57,2023-06,Surrey Police,Surrey Police,-0.511947,51.434004,On or near Tilly'S Lane,E01034291,Spelthorne 004F,Shoplifting,Investigation complete; no suspect identified,
8375e73cd3a288550b10c755045c518f9d0573a5c25eb8c778c4cccee519262d,2023-06,Surrey Police,Surrey Police,-0.508629,51.433396,On or near Parking Area,E01034291,Spelthorne 004F,Theft from the person,Status update unavailable,
a9c2c079f2a8aaac9a9f030a47c1f17ce6d6c3c2a38e05e23051d1ded3d0bff4,2023-06,Surrey Police,Surrey Police,-0.512547,51.435019,On or near Parking Area,E01034291,Spelthorne 004F,Theft from the person,Investigation complete; no suspect identified,
fa60d7fdd070387278025166423aedb3afbd973d7d434455f3620441f0278723,2023-06,Surrey Police,Surrey Police,-0.508971,51.433957,On or near Shopping Area,E01034291,Spelthorne 004F,Theft from the person,Investigation complete; no suspect identified,
bbe06af8d549dda8f24aefce1e4202a3f3cc76c539d2047c686e5005b080dca5,2023-06,Surrey Police,Surrey Police,-0.510233,51.436734,On or near Kingfisher Drive,E01034291,Spelthorne 004F,Vehicle crime,Investigation complete; no suspect identified,
60d161ad739596c33d03b6e4791750b0d6d4642a588fea768564ff52409686be,2023-06,Surrey Police,Surrey Police,-0.507767,51.437791,On or near Hawksway,E01034291,Spelthorne 004F,Vehicle crime,Investigation complete; no suspect identified,
cb41e5f55e980d75abd9b65a7048eccb702fa19ff18d9ef4b26e1ca28c9e4d7c,2023-06,Surrey Police,Surrey Police,-0.514905,51.433745,On or near Clarence Street,E01034291,Spelthorne 004F,Vehicle crime,Investigation complete; no suspect identified,
4d4afc0f74b38f027802ba175bfaedc4bb01e21458d46f537cff34865d6ae4c0,2023-06,Surrey Police,Surrey Police,-0.512591,51.432781,On or near Parking Area,E01034291,Spelthorne 004F,Vehicle crime,Investigation complete; no suspect identified,
334b4ed6897f18b76b7b15b5e1e1fed764aceee42b5e587e14e27a9937c8de16,2023-06,Surrey Police,Surrey Police,-0.508629,51.433396,On or near Parking Area,E01034291,Spelthorne 004F,Violence and sexual offences,Investigation complete; no suspect identified,
5a788eac12f1cdee9025a43e92cf02320521df266e4c1f9fcbc4838aad573bf7,2023-06,Surrey Police,Surrey Police,-0.511947,51.434004,On or near Tilly'S Lane,E01034291,Spelthorne 004F,Violence and sexual offences,Unable to prosecute suspect,
6c218421130bf434952ee3e6425f5e93a35828ddeb34959f430e42e4aec9bfe2,2023-06,Surrey Police,Surrey Police,-0.512547,51.435019,On or near Parking Area,E01034291,Spelthorne 004F,Violence and sexual offences,Unable to prosecute suspect,
6fda2f2969697ff8fa1c2a153fb7007741451298baf4d72f9b0e37962e131fde,2023-06,Surrey Police,Surrey Police,-0.509590,51.433489,On or near Shopping Area,E01034291,Spelthorne 004F,Violence and sexual offences,Investigation complete; no suspect identified,
5921fe9100f98a60f0ee0adb06c10463dd73210c25ba89f7f97770900d9a5ccb,2023-06,Surrey Police,Surrey Police,-0.506095,51.435216,On or near A308,E01034291,Spelthorne 004F,Violence and sexual offences,Unable to prosecute suspect,
e7e997f67649c06b64e1315a016a240ac70e395adb303347cc0cb9b21f905e4a,2023-06,Surrey Police,Surrey Police,-0.508971,51.433957,On or near Shopping Area,E01034291,Spelthorne 004F,Violence and sexual offences,Investigation complete; no suspect identified,
e203f7846537d12eeddaed90208427ce014d8859ee49036ae5a8164eb1a9df8c,2023-06,Surrey Police,Surrey Police,-0.508971,51.433957,On or near Shopping Area,E01034291,Spelthorne 004F,Violence and sexual offences,Unable to prosecute suspect,
2d2cc69291489e935744473048829522b50a8ce2ded673bcc5a94aed25c77087,2023-06,Surrey Police,Surrey Police,-0.509290,51.432541,On or near Staines Bus Station,E01034291,Spelthorne 004F,Violence and sexual offences,Investigation complete; no suspect identified,
f3fc212e33ae4b696be02f99a4e7db0b2aea2d43018cf80823773954aa1a7ea7,2023-06,Surrey Police,Surrey Police,-0.511947,51.434004,On or near Tilly'S Lane,E01034291,Spelthorne 004F,Violence and sexual offences,Unable to prosecute suspect,
c14fb2b008541d8415d9c5d83af976ffd89a714afde709f31112951858261d35,2023-06,Surrey Police,Surrey Police,-0.512591,51.432781,On or near Parking Area,E01034291,Spelthorne 004F,Violence and sexual offences,Unable to prosecute suspect,
6876fbc214cfa947d75f041b8451eff86f4604a2e424032cebc6ad4cdceccbd1,2023-06,Surrey Police,Surrey Police,-0.514905,51.433745,On or near Clarence Street,E01034291,Spelthorne 004F,Violence and sexual offences,Investigation complete; no suspect identified,
c75e8879f0b917eabfd143e5bb0950cd987590dab2fc000eea3fb7d4a18a6c1a,2023-06,Surrey Police,Surrey Police,-0.508971,51.433957,On or near Shopping Area,E01034291,Spelthorne 004F,Violence and sexual offences,Investigation complete; no suspect identified,
595e9c61160b777b7ffdc99de3665fcb895c9fb2f6fad6ff406bd140c95c97f3,2023-06,Surrey Police,Surrey Police,-0.506095,51.435216,On or near A308,E01034291,Spelthorne 004F,Violence and sexual offences,Unable to prosecute suspect,
eaa8f95d5b90579cb9e0c004272aad121d29c2559d55d9a3bc9d1324618aa7ec,2023-06,Surrey Police,Surrey Police,-0.509590,51.433489,On or near Shopping Area,E01034291,Spelthorne 004F,Violence and sexual offences,Investigation complete; no suspect identified,
3519892d9569903830aa01eea3e54c9cb76fba7c9b2af6ea002e5f6c17b95ba0,2023-06,Surrey Police,Surrey Police,-0.511947,51.434004,On or near Tilly'S Lane,E01034291,Spelthorne 004F,Violence and sexual offences,Unable to prosecute suspect,
62021926148603e2e3406ffd4c3de8bac2548748c8d3becfc9cacd6d994b749f,2023-06,Surrey Police,Surrey Police,-0.506095,51.435216,On or near A308,E01034291,Spelthorne 004F,Violence and sexual offences,Investigation complete; no suspect identified,
226c82ee27a4b661fed6ed149f0595a6aea9d59dbabb848d9e81017843be28e7,2023-06,Surrey Police,Surrey Police,-0.509189,51.435642,On or near Mill Mead,E01034291,Spelthorne 004F,Violence and sexual offences,Investigation complete; no suspect identified,
565ee7299a5d71a66330a6cf32108fffed98c44e6ebd2b356d2abcf34e01f588,2023-06,Surrey Police,Surrey Police,-0.509590,51.433489,On or near Shopping Area,E01034291,Spelthorne 004F,Violence and sexual offences,Status update unavailable,
ad7584d2b5da99b62e55038a5b5c2ef4e4b206a7960300d2f42171ad23725785,2023-06,Surrey Police,Surrey Police,-0.510239,51.434333,On or near High Street,E01034291,Spelthorne 004F,Other crime,Investigation complete; no suspect identified,
,2023-06,Surrey Police,Surrey Police,-0.503048,51.432938,On or near Station Approach,E01034292,Spelthorne 004G,Anti-social behaviour,,
,2023-06,Surrey Police,Surrey Police,-0.502644,51.436503,On or near Petrol Station,E01034292,Spelthorne 004G,Anti-social behaviour,,
,2023-06,Surrey Police,Surrey Police,-0.505587,51.436693,On or near Fairfield Avenue,E01034292,Spelthorne 004G,Anti-social behaviour,,
de4eb9a1cf755bef04da0bb589d37047047c5696f0a4612c20a59527fc848ea0,2023-06,Surrey Police,Surrey Police,-0.505257,51.434468,On or near Matthews Lane,E01034292,Spelthorne 004G,Criminal damage and arson,Investigation complete; no suspect identified,
489459b3530c83a7ec3b697c5fa0d3484f39a42d8983b4593bc62956406ee7cf,2023-06,Surrey Police,Surrey Police,-0.505257,51.434468,On or near Matthews Lane,E01034292,Spelthorne 004G,Drugs,Court result unavailable,
17c818f40b6d33a1cc927e51c3199b2160aea32edb06a6f020eb5420f7a7b9f4,2023-06,Surrey Police,Surrey Police,-0.502644,51.436503,On or near Petrol Station,E01034292,Spelthorne 004G,Drugs,Investigation complete; no suspect identified,
2e8ff6123247fa911e695c7ec251459742c3b66d24ffc8a7cc050d0966bdccd2,2023-06,Surrey Police,Surrey Police,-0.505257,51.434468,On or near Matthews Lane,E01034292,Spelthorne 004G,Drugs,Court result unavailable,
db5951e063e521f775764a76ad1c920b8141298e90e13cbfbb3044b0d0e14238,2023-06,Surrey Police,Surrey Police,-0.505257,51.434468,On or near Matthews Lane,E01034292,Spelthorne 004G,Drugs,Further action is not in the public interest,
5d860872d17b4e8e3889399b01e432222778a4915b821c564ccdb748403b5963,2023-06,Surrey Police,Surrey Police,-0.501651,51.432542,On or near Pullmans Place,E01034292,Spelthorne 004G,Drugs,Court result unavailable,
f66df391e66b371eb09be9f05af00e50b22c6d50611885d0424b1dbb26e73c93,2023-06,Surrey Police,Surrey Police,-0.505257,51.434468,On or near Matthews Lane,E01034292,Spelthorne 004G,Possession of weapons,Unable to prosecute suspect,
512a15d7b8c33791424f93a95c25ce3536e801a741ee30efa87cb08ee85e7552,2023-06,Surrey Police,Surrey Police,-0.505257,51.434468,On or near Matthews Lane,E01034292,Spelthorne 004G,Public order,Unable to prosecute suspect,
06ee6b0c27cd09aa73608d5485b8fadea0e1fb942bf7e3d83b7bc0980813bd5f,2023-06,Surrey Police,Surrey Police,-0.505257,51.434468,On or near Matthews Lane,E01034292,Spelthorne 004G,Public order,Offender given a caution,
f52b2b0f9fe57d52123d894e33afcf26a262dcacf2834ec9ecec67bb31d813fa,2023-06,Surrey Police,Surrey Police,-0.505257,51.434468,On or near Matthews Lane,E01034292,Spelthorne 004G,Public order,Unable to prosecute suspect,
110ba06d3f040db0a791e89f4ca16abbade9c025047ca7b43c4b9bad852e270e,2023-06,Surrey Police,Surrey Police,-0.505257,51.434468,On or near Matthews Lane,E01034292,Spelthorne 004G,Public order,Unable to prosecute suspect,
05d93d3b3097f0bf6bcdd98b8e3d9ef3dc4c03b7d0c8199754c0bf9ad3ddeea7,2023-06,Surrey Police,Surrey Police,-0.505257,51.434468,On or near Matthews Lane,E01034292,Spelthorne 004G,Public order,Court result unavailable,
b9427b8efde6dd05d1b37f023de1c927ad1e398722162693718abb0715844ad6,2023-06,Surrey Police,Surrey Police,-0.505257,51.434468,On or near Matthews Lane,E01034292,Spelthorne 004G,Violence and sexual offences,Court result unavailable,
daa5360b6fd9803d7b8ddb118283d52ab57169428d929c0bd1d46fe901d9ed23,2023-06,Surrey Police,Surrey Police,-0.505257,51.434468,On or near Matthews Lane,E01034292,Spelthorne 004G,Violence and sexual offences,Court result unavailable,
b530632fcc96fa4b0ba7bdfed640502ea70f5628a5e936fb6bfa2a14be96b6e8,2023-06,Surrey Police,Surrey Police,-0.502644,51.436503,On or near Petrol Station,E01034292,Spelthorne 004G,Violence and sexual offences,Investigation complete; no suspect identified,
380683b31379735e73384d536a118a7ccefe3578614c4e923b47430b1ea2ecf7,2023-06,Surrey Police,Surrey Police,-0.502644,51.436503,On or near Petrol Station,E01034292,Spelthorne 004G,Violence and sexual offences,Unable to prosecute suspect,
088e1062890d29772c2440424c3e804217569dd972f6a6257df1a65e822dbbd0,2023-06,Surrey Police,Surrey Police,-0.501651,51.432542,On or near Pullmans Place,E01034292,Spelthorne 004G,Violence and sexual offences,Unable to prosecute suspect,
bfb42e98671e4fe2e98c852b8a737d024192cd8115b1d615ee00b027f6e46dfc,2023-06,Surrey Police,Surrey Police,-0.505257,51.434468,On or near Matthews Lane,E01034292,Spelthorne 004G,Violence and sexual offences,Unable to prosecute suspect,
96c507cd2eb2bf4e30905c65f59094a2183caffe20c577863da1d83968fc952a,2023-06,Surrey Police,Surrey Police,-0.505257,51.434468,On or near Matthews Lane,E01034292,Spelthorne 004G,Other crime,Formal action is not in the public interest,
f5db039fc49f01751e2e44363cf7e62c2bd0f64349ce5c336df14788de16aeab,2023-06,Surrey Police,Surrey Police,-0.447875,51.429604,On or near Park Road,E01030701,Spelthorne 005A,Public order,Investigation complete; no suspect identified,
2efcf2376390b5dd6fed6a5d54f6244a134d87297c6f5d3ea0155b32429048f3,2023-06,Surrey Police,Surrey Police,-0.447875,51.429604,On or near Park Road,E01030701,Spelthorne 005A,Public order,Investigation complete; no suspect identified,
f566f524f86f7f8c66e48e95a8abae8b7cea403dbaeb573d14b075315d3b98c2,2023-06,Surrey Police,Surrey Police,-0.453979,51.430314,On or near Convent Road,E01030701,Spelthorne 005A,Public order,Further investigation is not in the public interest,
ac2347cd398c8f4adf95a892b139b467e6177f87526ccf9e89521457aa57c7a6,2023-06,Surrey Police,Surrey Police,-0.449059,51.428198,On or near Old Nursery Place,E01030701,Spelthorne 005A,Vehicle crime,Investigation complete; no suspect identified,
eac6ab8a4872e9f925d9d3e629cf971c1b14110b7db5a97e228dec582a8a45ac,2023-06,Surrey Police,Surrey Police,-0.449059,51.428198,On or near Old Nursery Place,E01030701,Spelthorne 005A,Vehicle crime,Investigation complete; no suspect identified,
c39937249ac75e945b3ab48af4d19dd18fe5543ef979e96a28cdea03a75357ce,2023-06,Surrey Police,Surrey Police,-0.453979,51.430314,On or near Convent Road,E01030701,Spelthorne 005A,Violence and sexual offences,Unable to prosecute suspect,
a3dd3a2050315efae14b0db611aec6e93aaf26dd1ac854e8dacf11c72ad5f2b2,2023-06,Surrey Police,Surrey Police,-0.451792,51.429035,On or near Dingle Road,E01030701,Spelthorne 005A,Violence and sexual offences,Unable to prosecute suspect,
62d4a48f11dc051b168970278b3ff9c2ffaeea136d774eaa1bda168eb754e330,2023-06,Surrey Police,Surrey Police,-0.453979,51.430314,On or near Convent Road,E01030701,Spelthorne 005A,Violence and sexual offences,Further investigation is not in the public interest,
1f837056a65e12aa184f4492924c68ffdded7bc13a3672dc74ff552e721bc3b0,2023-06,Surrey Police,Surrey Police,-0.447875,51.429604,On or near Park Road,E01030701,Spelthorne 005A,Violence and sexual offences,Investigation complete; no suspect identified,
,2023-06,Surrey Police,Surrey Police,-0.456048,51.431240,On or near B377,E01030702,Spelthorne 005B,Anti-social behaviour,,
,2023-06,Surrey Police,Surrey Police,-0.456048,51.431240,On or near B377,E01030702,Spelthorne 005B,Anti-social behaviour,,
,2023-06,Surrey Police,Surrey Police,-0.456114,51.431403,On or near Town Tree Road,E01030702,Spelthorne 005B,Anti-social behaviour,,
7e1d65606503936fde1b26cb7c05876e3157669d81435981f3e9756481ae9434,2023-06,Surrey Police,Surrey Police,-0.450982,51.425778,On or near School Road,E01030702,Spelthorne 005B,Burglary,Status update unavailable,
60d5795be891cd357ce38729914c866474fc9730fe24ee1a6213633cd57f9acf,2023-06,Surrey Police,Surrey Police,-0.455709,51.430211,On or near St Michaels Road,E01030702,Spelthorne 005B,Criminal damage and arson,Unable to prosecute suspect,
7e98bde7f635a62adc62097b86a62dd86cd4c677f4d2e7ee46a4e25638f5ba6f,2023-06,Surrey Police,Surrey Police,-0.455709,51.430211,On or near St Michaels Road,E01030702,Spelthorne 005B,Criminal damage and arson,Unable to prosecute suspect,
001e5760ca7f4b79c7951a6bfd995f267d7ba37a78103b3192f6ca7700228ab4,2023-06,Surrey Police,Surrey Police,-0.452132,51.427070,On or near School Road,E01030702,Spelthorne 005B,Drugs,Local resolution,
193ae826ff4a18ac96d9e94f6f48fba133845005e92cb70879b8d704e64b038a,2023-06,Surrey Police,Surrey Police,-0.455181,51.431355,On or near B377,E01030702,Spelthorne 005B,Other theft,Unable to prosecute suspect,
7a7e8a66fe7305999db74e074d54aa0ea90e4d14931b71672d4a527d676c2f9d,2023-06,Surrey Police,Surrey Police,-0.452671,51.425584,On or near Mayfield Close,E01030702,Spelthorne 005B,Public order,Unable to prosecute suspect,
f254ab7d0b4439630d6737f06e72e2c12be66e92da0dd0be605b75873e95d38c,2023-06,Surrey Police,Surrey Police,-0.455181,51.431355,On or near B377,E01030702,Spelthorne 005B,Vehicle crime,Investigation complete; no suspect identified,
f2852b64976d2eb0aac5a67b66faf37beca4e5bb8081eb2915e4b76355cdb365,2023-06,Surrey Police,Surrey Police,-0.460188,51.431322,On or near Percy Avenue,E01030702,Spelthorne 005B,Vehicle crime,Investigation complete; no suspect identified,
101093093942299db2d70da1194568d8be3250ef4ed45a05eee2870db93ae38e,2023-06,Surrey Police,Surrey Police,-0.456114,51.431403,On or near Town Tree Road,E01030702,Spelthorne 005B,Vehicle crime,Investigation complete; no suspect identified,
d7ad3c2f7b3100e319f993283fd89c528427be9ab8a119fdd353b21db390f59f,2023-06,Surrey Police,Surrey Police,-0.452671,51.425584,On or near Mayfield Close,E01030702,Spelthorne 005B,Violence and sexual offences,Court result unavailable,
aabc904819335e25768cced9adb3652a542f6b3c7019650696e324db7aabb976,2023-06,Surrey Police,Surrey Police,-0.453585,51.427062,On or near Sydney Crescent,E01030702,Spelthorne 005B,Violence and sexual offences,Unable to prosecute suspect,
727de2750aefa43b20c6db427f46864244d564ed3fa0689cbe335dcba77f8182,2023-06,Surrey Police,Surrey Police,-0.452132,51.427070,On or near School Road,E01030702,Spelthorne 005B,Violence and sexual offences,Unable to prosecute suspect,
,2023-06,Surrey Police,Surrey Police,-0.453694,51.435016,On or near Sports/Recreation Area,E01030703,Spelthorne 005C,Anti-social behaviour,,
,2023-06,Surrey Police,Surrey Police,-0.454096,51.435783,On or near Grays Lane,E01030703,Spelthorne 005C,Anti-social behaviour,,
,2023-06,Surrey Police,Surrey Police,-0.448487,51.432777,On or near Feltham Road,E01030703,Spelthorne 005C,Anti-social behaviour,,
7f89a51ab15018b6cf8ba5b8d72e92407d58d69eb402e4a29b49dcffca526ddf,2023-06,Surrey Police,Surrey Police,-0.453694,51.435016,On or near Sports/Recreation Area,E01030703,Spelthorne 005C,Bicycle theft,Investigation complete; no suspect identified,
57e72209523f35c393c527b068c60d4a47758098484858fe6a8ba499fdf2f0a6,2023-06,Surrey Police,Surrey Police,-0.448487,51.432777,On or near Feltham Road,E01030703,Spelthorne 005C,Drugs,Court result unavailable,
7c7863eeb3af88605b94a42c0e30962a53ffee48aa6e803296e727f161d948e1,2023-06,Surrey Police,Surrey Police,-0.451866,51.434107,On or near Parking Area,E01030703,Spelthorne 005C,Other theft,Unable to prosecute suspect,
6851481be807b8961c5c7fe53391dde2923f6946ead0f3e70b0a8aedb2508c39,2023-06,Surrey Police,Surrey Police,-0.448487,51.432777,On or near Feltham Road,E01030703,Spelthorne 005C,Public order,Court result unavailable,
542f72c800b263b3662fa5ff687178fa9e91624c2d8dcbff68cca66ab4dce534,2023-06,Surrey Police,Surrey Police,-0.448487,51.432777,On or near Feltham Road,E01030703,Spelthorne 005C,Public order,Court result unavailable,
5d1fef9c9eeed40affca3c248b808f005a694ca38b8d4938b8e1aa0b3d3ac81d,2023-06,Surrey Police,Surrey Police,-0.448487,51.432777,On or near Feltham Road,E01030703,Spelthorne 005C,Public order,Unable to prosecute suspect,
bb976092e870a7c843d6b93d8f36173eac1f41a5085888f66357e4aec5ec9311,2023-06,Surrey Police,Surrey Police,-0.452158,51.436962,On or near Reedsfield Close,E01030703,Spelthorne 005C,Violence and sexual offences,Unable to prosecute suspect,
,2023-06,Surrey Police,Surrey Police,-0.456730,51.433614,On or near Echelforde Drive,E01030704,Spelthorne 005D,Anti-social behaviour,,
,2023-06,Surrey Police,Surrey Police,-0.457818,51.432504,On or near Muncaster Close,E01030704,Spelthorne 005D,Anti-social behaviour,,
,2023-06,Surrey Police,Surrey Police,-0.461244,51.432001,On or near Elmcroft Drive,E01030704,Spelthorne 005D,Anti-social behaviour,,
,2023-06,Surrey Police,Surrey Police,-0.461244,51.432001,On or near Elmcroft Drive,E01030704,Spelthorne 005D,Anti-social behaviour,,
,2023-06,Surrey Police,Surrey Police,-0.461244,51.432001,On or near Elmcroft Drive,E01030704,Spelthorne 005D,Anti-social behaviour,,
,2023-06,Surrey Police,Surrey Police,-0.461244,51.432001,On or near Elmcroft Drive,E01030704,Spelthorne 005D,Anti-social behaviour,,
,2023-06,Surrey Police,Surrey Police,-0.461244,51.432001,On or near Elmcroft Drive,E01030704,Spelthorne 005D,Anti-social behaviour,,
,2023-06,Surrey Police,Surrey Police,-0.457818,51.432504,On or near Muncaster Close,E01030704,Spelthorne 005D,Anti-social behaviour,,
be6870f67dd617294e585148fb132e29a4685f006ad9dc2355e916ce2bfcf341,2023-06,Surrey Police,Surrey Police,-0.462198,51.431447,On or near Elmsway,E01030704,Spelthorne 005D,Bicycle theft,Investigation complete; no suspect identified,
636aafb4fd5228e5854b8602e0d9228ef6b45cf1ed41fbcca21ddad4a19c3a04,2023-06,Surrey Police,Surrey Police,-0.461244,51.432001,On or near Elmcroft Drive,E01030704,Spelthorne 005D,Violence and sexual offences,Investigation complete; no suspect identified,
7596a6439f773e01af4bf745f9a7280c03099791a13b990ebcbb75fb658094df,2023-06,Surrey Police,Surrey Police,-0.458677,51.434764,On or near Parkland Grove,E01030704,Spelthorne 005D,Violence and sexual offences,Unable to prosecute suspect,
2efd16dee4eb98c1bc267759c13fd1cc3b3a5186e3548891681a25a84bbc1805,2023-06,Surrey Police,Surrey Police,-0.461244,51.432001,On or near Elmcroft Drive,E01030704,Spelthorne 005D,Violence and sexual offences,Unable to prosecute suspect,
9988cf4836bf098ea38685c78ec0e5d4bd7c9f0917f839b5e44badb77c8f7d08,2023-06,Surrey Police,Surrey Police,-0.458677,51.434764,On or near Parkland Grove,E01030704,Spelthorne 005D,Violence and sexual offences,Unable to prosecute suspect,
c44ed50758b34e7c9f880a3326b11470960b33856227bbc6443734b0af1c92c1,2023-06,Surrey Police,Surrey Police,-0.458677,51.434764,On or near Parkland Grove,E01030704,Spelthorne 005D,Violence and sexual offences,Unable to prosecute suspect,
bc85b544a4668ffbc6445a7f20b2db8cdaa7c52bfeb9e1a1cf412e3b3f772f13,2023-06,Surrey Police,Surrey Police,-0.459587,51.429947,On or near Fontmell Close,E01030704,Spelthorne 005D,Violence and sexual offences,Investigation complete; no suspect identified,
b83adf7de929e15b54d95fba1fc017490db698de2e8acb2dfefeb1c3bc678c7e,2023-06,Surrey Police,Surrey Police,-0.455964,51.434162,On or near Rosa Avenue,E01030704,Spelthorne 005D,Violence and sexual offences,Status update unavailable,
f7147589bb6478b7a8f8563e679ca6a2466646463c9fab20c8fc7ef25af501cb,2023-06,Surrey Police,Surrey Police,-0.454483,51.427748,On or near Linkscroft Avenue,E01030705,Spelthorne 005E,Vehicle crime,Investigation complete; no suspect identified,
4dbf10e3b52f39a587b6414397b5e103f826ce0274cf9d5988561954e8514aeb,2023-06,Surrey Police,Surrey Police,-0.455858,51.428783,On or near Bancroft Close,E01030705,Spelthorne 005E,Violence and sexual offences,Unable to prosecute suspect,
2a76bf3ca7d25ba9147753f3a8ca0209e5c1b3d0b4b85734aa44bb11f2febf9f,2023-06,Surrey Police,Surrey Police,-0.455858,51.428783,On or near Bancroft Close,E01030705,Spelthorne 005E,Violence and sexual offences,Further action is not in the public interest,
708f5c4c0e039e15e55c1cb4203df04867111450244cc9ed97ac3e271d9d8a96,2023-06,Surrey Police,Surrey Police,-0.458390,51.429185,On or near Elm Place,E01030705,Spelthorne 005E,Violence and sexual offences,Unable to prosecute suspect,
e58123ffc4af3f64e8669ad80bbb6a6b6f7468e0602a20cf9f098d96163e2dbf,2023-06,Surrey Police,Surrey Police,-0.453235,51.426365,On or near Ashford Avenue,E01030705,Spelthorne 005E,Violence and sexual offences,Unable to prosecute suspect,
65df37bc0cd63eb81bebbb10a53c41786a8862d9dac63e986cefdaffbd927d9f,2023-06,Surrey Police,Surrey Police,-0.470651,51.426899,On or near Ford Close,E01030705,Spelthorne 005E,Violence and sexual offences,Investigation complete; no suspect identified,
aa2daab1c17a8a51376bd273392682a669e08f00c0d5688390835c4faa18eb00,2023-06,Surrey Police,Surrey Police,-0.456090,51.428282,On or near Gilmore Crescent,E01030705,Spelthorne 005E,Other crime,Status update unavailable,
7e83bfa76c04618db67338647a401aef01dd6f93d0fcacecfbdbf731cebd9d31,2023-06,Surrey Police,Surrey Police,-0.442753,51.432152,On or near Sandell'S Avenue,E01030706,Spelthorne 005F,Drugs,Investigation complete; no suspect identified,
c8c6d95a35e8532a296e5366787e7119781ab066665b9e6ea3a85092923464a6,2023-06,Surrey Police,Surrey Police,-0.442753,51.432152,On or near Sandell'S Avenue,E01030706,Spelthorne 005F,Drugs,Investigation complete; no suspect identified,
97ee2c3e154f2991838b796012e9ee93477454f576dd90da58cb6403a11c9009,2023-06,Surrey Police,Surrey Police,-0.441956,51.433608,On or near John'S Close,E01030706,Spelthorne 005F,Other theft,Investigation complete; no suspect identified,
b8f941dbe3f97ed81274bb630e09807f0be1aa99ee66b08a92397f49b2485d39,2023-06,Surrey Police,Surrey Police,-0.441956,51.433608,On or near John'S Close,E01030706,Spelthorne 005F,Other theft,Investigation complete; no suspect identified,
c09df207351d11766cd08f658c974ff40911aed0106f8c99f6cc78a55536cc1b,2023-06,Surrey Police,Surrey Police,-0.442363,51.434323,On or near Anderson Drive,E01030706,Spelthorne 005F,Public order,Investigation complete; no suspect identified,
52ff511bb5b4f3e14f2dcf636c0125516d8e8d5b6578cc2565e9cd982f9020bc,2023-06,Surrey Police,Surrey Police,-0.444276,51.428827,On or near Laurel Gardens,E01030697,Spelthorne 006A,Violence and sexual offences,Investigation complete; no suspect identified,
,2023-06,Surrey Police,Surrey Police,-0.441190,51.423139,On or near Maxwell Road,E01030698,Spelthorne 006B,Anti-social behaviour,,
,2023-06,Surrey Police,Surrey Police,-0.442236,51.426220,On or near Elgin Avenue,E01030698,Spelthorne 006B,Anti-social behaviour,,
83318d05a350965714a2ac3ae16dcd3a9927cb97f8db696e9ea5b858c9a93241,2023-06,Surrey Police,Surrey Police,-0.441190,51.423139,On or near Maxwell Road,E01030698,Spelthorne 006B,Burglary,Status update unavailable,
660bf548ce3430b2a199678d600d2ad2741b8d47ba514b42204d1f36f4523c16,2023-06,Surrey Police,Surrey Police,-0.440147,51.425454,On or near Dane Road,E01030698,Spelthorne 006B,Criminal damage and arson,Unable to prosecute suspect,
a7aaac89fa4f36c2beacb872a232cf6ba207699c8b571fa1c2c3b8b47184a649,2023-06,Surrey Police,Surrey Police,-0.439809,51.422734,On or near Maple Court,E01030698,Spelthorne 006B,Robbery,Unable to prosecute suspect,
2deeedebd50c07fb0db343e0252ca0628e30df4f4b344ed8dda8c8b21d349fab,2023-06,Surrey Police,Surrey Police,-0.441190,51.423139,On or near Maxwell Road,E01030698,Spelthorne 006B,Vehicle crime,Investigation complete; no suspect identified,
a3f7de82a8b769cbd43e12f076e6bf6af335639467fb16b930d498a9fe8c8c27,2023-06,Surrey Police,Surrey Police,-0.442371,51.422247,On or near Staines Road West,E01030698,Spelthorne 006B,Violence and sexual offences,Local resolution,
286702cfab8669529fabe9dcfbf97d98d8593beb69ff5a229d5e41281d6478b7,2023-06,Surrey Police,Surrey Police,-0.439809,51.422734,On or near Maple Court,E01030698,Spelthorne 006B,Violence and sexual offences,Unable to prosecute suspect,
04b3a5df4bf1e433c4c1076a57f1cfb206b0eb86541a76490ccc6af056c08906,2023-06,Surrey Police,Surrey Police,-0.442371,51.422247,On or near Staines Road West,E01030698,Spelthorne 006B,Violence and sexual offences,Local resolution,
bbb9a51e5bff597ee964c8a9b78d07ec25f1d6aec71f66ec782db46273dd9816,2023-06,Surrey Police,Surrey Police,-0.442371,51.422247,On or near Staines Road West,E01030698,Spelthorne 006B,Violence and sexual offences,Unable to prosecute suspect,
d110852ae8be8dc3c1112ad8641a07a2012e7ab7c73a7ccb018fc7a8e4510e43,2023-06,Surrey Police,Surrey Police,-0.431496,51.424808,On or near Hyde Close,E01030699,Spelthorne 006C,Drugs,Court result unavailable,
eca8381f31b84e20a9090c20cb0c9931ee116025141ddcab34459e7ed9057b60,2023-06,Surrey Police,Surrey Police,-0.431496,51.424808,On or near Hyde Close,E01030699,Spelthorne 006C,Possession of weapons,Court result unavailable,
,2023-06,Surrey Police,Surrey Police,-0.431496,51.424808,On or near Hyde Close,E01030699,Spelthorne 006C,Anti-social behaviour,,
9d38874220c337f95566a0d5a76ee8c03259e3b52af8f2528441e8c8d71c00b3,2023-06,Surrey Police,Surrey Police,-0.429991,51.422990,On or near Scotts Avenue,E01030699,Spelthorne 006C,Burglary,Status update unavailable,
155e29133ae58fe8e225ef85a2c4242597e88fdccbb9effd3c25b34be808329d,2023-06,Surrey Police,Surrey Police,-0.427922,51.428375,On or near Chertsey Road,E01030699,Spelthorne 006C,Criminal damage and arson,Investigation complete; no suspect identified,
cfa121bb64ac1f7423de21ed819d80157b441cc9779291be3d411c9c1392ce9f,2023-06,Surrey Police,Surrey Police,-0.431496,51.424808,On or near Hyde Close,E01030699,Spelthorne 006C,Drugs,Local resolution,
79abbb50efa7c32b2a9766ee60d56adb50ced5c19b8407a5b8a84f06b92d03c1,2023-06,Surrey Police,Surrey Police,-0.432537,51.425065,On or near Hyde Terrace,E01030699,Spelthorne 006C,Other theft,Investigation complete; no suspect identified,
b26f4625f9b1171fcb17bdf7f58c2e3ce01718c493572cd64c0c35283779ab6a,2023-06,Surrey Police,Surrey Police,-0.431496,51.424808,On or near Hyde Close,E01030699,Spelthorne 006C,Public order,Unable to prosecute suspect,
ebd3cee4834379c553601afb1aabbe33ef22ad2c6b5c44d5161ff5994498a1f6,2023-06,Surrey Police,Surrey Police,-0.427773,51.425577,On or near Rosslyn Close,E01030699,Spelthorne 006C,Vehicle crime,Investigation complete; no suspect identified,
e28daec7a86039a926f20ae1a0feec9a97aab8c5ec9b70c65270507fa8757574,2023-06,Surrey Police,Surrey Police,-0.431496,51.424808,On or near Hyde Close,E01030699,Spelthorne 006C,Violence and sexual offences,Unable to prosecute suspect,
f4a28ec02121576da15145b7f67002035053be0d55c63aa7517afb483597c68a,2023-06,Surrey Police,Surrey Police,-0.427773,51.425577,On or near Rosslyn Close,E01030699,Spelthorne 006C,Violence and sexual offences,Unable to prosecute suspect,
eed6bd3050162e2280bff115d3d63e344dfb3a928cb3089bc6477c9b3ba1bc44,2023-06,Surrey Police,Surrey Police,-0.429420,51.420761,On or near A244,E01030700,Spelthorne 006D,Burglary,Status update unavailable,
7c6d64f7575c58e69735fe61867a6b2f50f7a9383a75f5b9a1c1866c6f426d9c,2023-06,Surrey Police,Surrey Police,-0.434507,51.422142,On or near Alexandra Close,E01030700,Spelthorne 006D,Criminal damage and arson,Local resolution,
079be7c364bbdf01bb002a1dc580147e145db1a866e87fa926bbff442a9a844b,2023-06,Surrey Police,Surrey Police,-0.435289,51.422422,On or near Squires Walk,E01030700,Spelthorne 006D,Criminal damage and arson,Investigation complete; no suspect identified,
d5d4ae882268cb3664fe3ef55acea7ec7d249e82e5d420e4cb8ff3c61626041a,2023-06,Surrey Police,Surrey Police,-0.435289,51.422422,On or near Squires Walk,E01030700,Spelthorne 006D,Criminal damage and arson,Unable to prosecute suspect,
31bcf71e9c36fcbf0e385067869361cf515b60fa5eb384bc6516cb8dd5171526,2023-06,Surrey Police,Surrey Police,-0.434507,51.422142,On or near Alexandra Close,E01030700,Spelthorne 006D,Drugs,Local resolution,
85fedb254e7d10d4edfd8041adcbac8ff647f04792830395a8a46a92bc8350df,2023-06,Surrey Police,Surrey Police,-0.434267,51.425376,On or near Chertsey Road,E01030700,Spelthorne 006D,Drugs,Investigation complete; no suspect identified,
6f79212895b04521b98fdff129627e5b91067080c644d8c7ebae32ec456cc6fa,2023-06,Surrey Police,Surrey Police,-0.434507,51.422142,On or near Alexandra Close,E01030700,Spelthorne 006D,Other theft,Investigation complete; no suspect identified,
eec7cb35b877e22a0b3e1c529714ffb60de3a5b600aa97e87b6220905c4e8891,2023-06,Surrey Police,Surrey Police,-0.432588,51.421892,On or near Warren Road,E01030700,Spelthorne 006D,Other theft,Investigation complete; no suspect identified,
c71884009a650f532cff06c7e9ae4a14dcd1e3fa902b4199ca8d3cded81b5569,2023-06,Surrey Police,Surrey Police,-0.429420,51.420761,On or near A244,E01030700,Spelthorne 006D,Other theft,Investigation complete; no suspect identified,
decf0770618931b3d99d060549c979337c6532b8101aa780418e12b17b3298d9,2023-06,Surrey Police,Surrey Police,-0.435657,51.424262,On or near Templecroft,E01030700,Spelthorne 006D,Public order,Unable to prosecute suspect,
aa7deef2c8ccea390c6e9446a0219f2700eeb195dde0fe0da8db7f6623dd6ccf,2023-06,Surrey Police,Surrey Police,-0.434267,51.425376,On or near Chertsey Road,E01030700,Spelthorne 006D,Vehicle crime,Investigation complete; no suspect identified,
35fb12e6d75c8fed1e512c6037d05a830613e8c83eeb85ea257100d69dc3bbc6,2023-06,Surrey Police,Surrey Police,-0.435657,51.424262,On or near Templecroft,E01030700,Spelthorne 006D,Violence and sexual offences,Unable to prosecute suspect,
230910cce236f96c075a2812b154bcdc830f64307d3c8a236b5ddf05834712bf,2023-06,Surrey Police,Surrey Police,-0.435657,51.424262,On or near Templecroft,E01030700,Spelthorne 006D,Violence and sexual offences,Unable to prosecute suspect,
8f9178c9df4bfaa742cb70408c2f8df261fa1762b58db3557ba7f3d7025ef235,2023-06,Surrey Police,Surrey Police,-0.434293,51.425035,On or near Alexandra Court,E01030700,Spelthorne 006D,Violence and sexual offences,Unable to prosecute suspect,
f42cf873c07ac09728edee383d28fc96fa542778f3737a02d259ce6996842a7f,2023-06,Surrey Police,Surrey Police,-0.435657,51.424262,On or near Templecroft,E01030700,Spelthorne 006D,Violence and sexual offences,Unable to prosecute suspect,
7660dc8ef714d9f4222cc5c213082642ba6a7227cb419e33c0eb2e5a9f2e20e5,2023-06,Surrey Police,Surrey Police,-0.434293,51.425035,On or near Alexandra Court,E01030700,Spelthorne 006D,Violence and sexual offences,Investigation complete; no suspect identified,
063aa08a5887e2aea00071a7acd1a375cc2eee645cf06ce8f6b5b78866d2dac0,2023-06,Surrey Police,Surrey Police,-0.435289,51.422422,On or near Squires Walk,E01030700,Spelthorne 006D,Violence and sexual offences,Investigation complete; no suspect identified,
14c630c43e8149d3625a8d92db69ad3a5898c5448305d965b01ef4591d636ff6,2023-06,Surrey Police,Surrey Police,-0.435289,51.422422,On or near Squires Walk,E01030700,Spelthorne 006D,Violence and sexual offences,Unable to prosecute suspect,
2ef2abee016ddc1c8eabad6cccd7aae47bb39a28f5e24860beb73bd34315660f,2023-06,Surrey Police,Surrey Police,-0.433564,51.423235,On or near Alexandra Road,E01030700,Spelthorne 006D,Violence and sexual offences,Court result unavailable,
,2023-06,Surrey Police,Surrey Police,-0.431242,51.420057,On or near Cedar Way,E01030725,Spelthorne 006E,Anti-social behaviour,,
e4d83913d0b4ceef00ed4ba6ed22e7bbf0a1443af40612b8d5c6e237ad6a04e3,2023-06,Surrey Police,Surrey Police,-0.440888,51.421436,On or near Rowland Way,E01030725,Spelthorne 006E,Bicycle theft,Investigation complete; no suspect identified,
e53ceb078d1294eacaf3c0874a96b21d2f06b14b601088b414aaa189188cfaa5,2023-06,Surrey Police,Surrey Police,-0.430816,51.416940,On or near Windmill Road,E01030725,Spelthorne 006E,Bicycle theft,Unable to prosecute suspect,
f20011fbe588c184eb3c65e717e1045bcbae63a32d42167c8751cb990d2a1c5c,2023-06,Surrey Police,Surrey Police,-0.430816,51.416940,On or near Windmill Road,E01030725,Spelthorne 006E,Criminal damage and arson,Investigation complete; no suspect identified,
2644d851962abfd6c2f1fdbcd93b0778eb676421482e5ec3bb56d8b448a124a3,2023-06,Surrey Police,Surrey Police,-0.430988,51.418642,On or near Windmill Close,E01030725,Spelthorne 006E,Criminal damage and arson,Investigation complete; no suspect identified,
aff869f022267e96889860441a760cb19e87726c1ec88dfb3183096a77353214,2023-06,Surrey Police,Surrey Police,-0.440888,51.421436,On or near Rowland Way,E01030725,Spelthorne 006E,Vehicle crime,Investigation complete; no suspect identified,
6dcd50a27b259777ec45447df3cfe69ad69b8e7d059ab022e6662a48a1c90cc0,2023-06,Surrey Police,Surrey Police,-0.446560,51.421277,On or near Compass Close,E01030725,Spelthorne 006E,Vehicle crime,Investigation complete; no suspect identified,
a6ef8b74f1186e7ad6b8a086bf27ee99e4ed654871afe22aceaa3c145281e14c,2023-06,Surrey Police,Surrey Police,-0.446560,51.421277,On or near Compass Close,E01030725,Spelthorne 006E,Violence and sexual offences,Unable to prosecute suspect,
570c1941428c11b6799ec30f1eb72fdaf67c4e9cedad54d2003d03e7c2d08930,2023-06,Surrey Police,Surrey Police,-0.434035,51.417451,On or near Millfield,E01030725,Spelthorne 006E,Violence and sexual offences,Unable to prosecute suspect,
1e5665c02066fdd3aef13fc41bee099aaea12f9362017fa38595dbfa32abf35f,2023-06,Surrey Police,Surrey Police,-0.430816,51.416940,On or near Windmill Road,E01030725,Spelthorne 006E,Violence and sexual offences,Unable to prosecute suspect,
749278dae8ac593cb89a789d4010d7f45a9675516cd67b8eb3e704ec81b97690,2023-06,Surrey Police,Surrey Police,-0.444851,51.421210,On or near Ashdene Close,E01030725,Spelthorne 006E,Violence and sexual offences,Local resolution,
da46769607d0fd4e2a20233ab441d96c3d097a86a479a0edcce9aa4766b9aee6,2023-06,Surrey Police,Surrey Police,-0.430816,51.416940,On or near Windmill Road,E01030725,Spelthorne 006E,Violence and sexual offences,Unable to prosecute suspect,
c0a56d996bf7d82aef07ca2ae178f99b583bafa8e0b038512adec0a37f1350bd,2023-06,Surrey Police,Surrey Police,-0.440888,51.421436,On or near Rowland Way,E01030725,Spelthorne 006E,Violence and sexual offences,Unable to prosecute suspect,
cd0be76d3c803d003cf6f416ff57297b431cc1f95749b17cd1b7625501ef3679,2023-06,Surrey Police,Surrey Police,-0.430816,51.416940,On or near Windmill Road,E01030725,Spelthorne 006E,Violence and sexual offences,Further investigation is not in the public interest,
bbca76884807e508c0e43d2f99bc1999b029dc60f7bfe3032e16bc20e2db7dfb,2023-06,Surrey Police,Surrey Police,-0.434035,51.417451,On or near Millfield,E01030725,Spelthorne 006E,Violence and sexual offences,Unable to prosecute suspect,
65f714cc35a149d7f8aaf6d182da3e3c7ee80f0e0df3258a6ba9964973c2f9c2,2023-06,Surrey Police,Surrey Police,-0.430816,51.416940,On or near Windmill Road,E01030725,Spelthorne 006E,Violence and sexual offences,Unable to prosecute suspect,
,2023-06,Surrey Police,Surrey Police,-0.480981,51.419013,On or near Ashford Road,E01030729,Spelthorne 007A,Anti-social behaviour,,
307ab06b1ff4d205d15f887563299b0419dd791aa68abd49c47a39233e53ef94,2023-06,Surrey Police,Surrey Police,-0.479546,51.422375,On or near Tavistock Close,E01030729,Spelthorne 007A,Other theft,Unable to prosecute suspect,
0027b45bb5a7d484a940675f92a00f0818640b755c1d9d5116b0b6595d167d03,2023-06,Surrey Police,Surrey Police,-0.492764,51.415811,On or near Northfield Court,E01030729,Spelthorne 007A,Possession of weapons,Further action is not in the public interest,
8ab1dc6c1819142961683b3ea00a0958349d14105c67512bc3fcf4eda7d44757,2023-06,Surrey Police,Surrey Police,-0.493901,51.415789,On or near Willowmead,E01030729,Spelthorne 007A,Shoplifting,Investigation complete; no suspect identified,
44497b8e43ec862f1071f8f71747436e7d78c50e1e63287bdd0176c6ccd85e68,2023-06,Surrey Police,Surrey Police,-0.493901,51.415789,On or near Willowmead,E01030729,Spelthorne 007A,Vehicle crime,Investigation complete; no suspect identified,
8443e902572485fa13b2bfd4d40a91c89b94c38358d0af5706700263f41b133a,2023-06,Surrey Police,Surrey Police,-0.493174,51.415600,On or near Northfield Road,E01030729,Spelthorne 007A,Other crime,Court result unavailable,
,2023-06,Surrey Police,Surrey Police,-0.479984,51.424791,On or near Philip Road,E01030739,Spelthorne 007B,Anti-social behaviour,,
,2023-06,Surrey Police,Surrey Police,-0.481245,51.423638,On or near Margaret Close,E01030739,Spelthorne 007B,Anti-social behaviour,,
664db1e45b9bf6bb3b4a9a48bbbed96683178ceae00a002c6adf76a1e981d967,2023-06,Surrey Police,Surrey Police,-0.476854,51.423320,On or near B377,E01030739,Spelthorne 007B,Burglary,Status update unavailable,
9de3cf1d0eec8365bf743062e2c1ff329a0b033811aaf284d8d7ab963bbcb3e1,2023-06,Surrey Police,Surrey Police,-0.483559,51.423686,On or near Elizabeth Avenue,E01030739,Spelthorne 007B,Criminal damage and arson,Unable to prosecute suspect,
848e5421c8542e25ccb9a85ff79d28df3dfdbb73a9fcf1863ca240c38346e09b,2023-06,Surrey Police,Surrey Police,-0.479984,51.424791,On or near Philip Road,E01030739,Spelthorne 007B,Other theft,Investigation complete; no suspect identified,
6ae787a50207e583139b69f61fe3979932aeb8fe6f4718334b06957645c34bad,2023-06,Surrey Police,Surrey Police,-0.476523,51.425061,On or near York Close,E01030739,Spelthorne 007B,Public order,Investigation complete; no suspect identified,
edef65f20fafa77508b19a44a2ab7b054f15d95b1ee310a8d0ee4cab7a91d530,2023-06,Surrey Police,Surrey Police,-0.486186,51.422524,On or near Berryscroft Road,E01030739,Spelthorne 007B,Public order,Unable to prosecute suspect,
95db5afeb2d8e46c3e639bad90590f0789f6294d57f97527ec49ac15ceb49ff4,2023-06,Surrey Police,Surrey Police,-0.483559,51.423686,On or near Elizabeth Avenue,E01030739,Spelthorne 007B,Violence and sexual offences,Offender given a caution,
58a4f60d928c01f355b363a572f0f958c52c94f88059db7b906f2cae16384b44,2023-06,Surrey Police,Surrey Police,-0.476523,51.425061,On or near York Close,E01030739,Spelthorne 007B,Violence and sexual offences,Status update unavailable,
1241f3093d30c805c31911bee0aa8ffc08dc6a183ffe6553e225632bddcd2ed4,2023-06,Surrey Police,Surrey Police,-0.481682,51.424777,On or near Kent Close,E01030739,Spelthorne 007B,Violence and sexual offences,Unable to prosecute suspect,
e5c05f8fe0a49827abe65a5ea5e34622bae120e3b3bb9c55ba5c000fe411afeb,2023-06,Surrey Police,Surrey Police,-0.486186,51.422524,On or near Berryscroft Road,E01030739,Spelthorne 007B,Violence and sexual offences,Local resolution,
f025c9f4b754ae2228643550b0e0fc62612da6b5d08857eccd6e8550962a355d,2023-06,Surrey Police,Surrey Police,-0.476523,51.425061,On or near York Close,E01030739,Spelthorne 007B,Violence and sexual offences,Further investigation is not in the public interest,
d996109f761d09fc2087384971e8a51eba1ad2fd71d63671713990f9167d6222,2023-06,Surrey Police,Surrey Police,-0.486186,51.422524,On or near Berryscroft Road,E01030739,Spelthorne 007B,Violence and sexual offences,Court result unavailable,
4a8dcd2f8ff96194104a2e3f9bed231c6a2ab04d33bfd6086a41d6d4d4824cf8,2023-06,Surrey Police,Surrey Police,-0.476523,51.425061,On or near York Close,E01030739,Spelthorne 007B,Violence and sexual offences,Unable to prosecute suspect,
97510791491e1a98872a032026f8c9f11c57cf284c89ec771029a811e5c5d810,2023-06,Surrey Police,Surrey Police,-0.478342,51.424437,On or near Booth Drive,E01030739,Spelthorne 007B,Violence and sexual offences,Unable to prosecute suspect,
b267e5203487010b67420c03ff2e78d68e0511cef32639e9d579c69b49e681e5,2023-06,Surrey Police,Surrey Police,-0.483129,51.427979,On or near Kingston Crescent,E01030740,Spelthorne 007C,Other crime,Unable to prosecute suspect,
,2023-06,Surrey Police,Surrey Police,-0.482047,51.428954,On or near Hensworth Road,E01030740,Spelthorne 007C,Anti-social behaviour,,
,2023-06,Surrey Police,Surrey Police,-0.488710,51.429301,On or near Petersfield Road,E01030740,Spelthorne 007C,Anti-social behaviour,,
341954e6d57265f1f5220e477210f71c3dd44cd7d3173b27c897551e9953c23b,2023-06,Surrey Police,Surrey Police,-0.475143,51.425897,On or near Kingston Road,E01030740,Spelthorne 007C,Criminal damage and arson,Formal action is not in the public interest,
c970e5f30142cd88da71caae6cb4d80a2515418c3006857d14ea6516ffea086a,2023-06,Surrey Police,Surrey Police,-0.475143,51.425897,On or near Kingston Road,E01030740,Spelthorne 007C,Drugs,Unable to prosecute suspect,
b9ad1fcefb555bcb919d5dd5025c1ed2e2a22c38ca1c25fd9d0891a94950ad23,2023-06,Surrey Police,Surrey Police,-0.475143,51.425897,On or near Kingston Road,E01030740,Spelthorne 007C,Other theft,Further investigation is not in the public interest,
55112b2b64983402b87c3d0dc7256fb5a178c6879262a6a90a4fbcfa41fa5978,2023-06,Surrey Police,Surrey Police,-0.475143,51.425897,On or near Kingston Road,E01030740,Spelthorne 007C,Public order,Investigation complete; no suspect identified,
ac38e5840ee7d4a0279c96c1a8ccdc48ee58427ef497b95f8e3ea6fdb2909108,2023-06,Surrey Police,Surrey Police,-0.479718,51.429778,On or near Staines By-Pass,E01030740,Spelthorne 007C,Public order,Investigation complete; no suspect identified,
be6fb024c6076040653c2bfb292bc3bf334a0648e853cb52ac94f5fd6d512030,2023-06,Surrey Police,Surrey Police,-0.482047,51.428954,On or near Hensworth Road,E01030740,Spelthorne 007C,Vehicle crime,Court result unavailable,
83c22b0109ab52d8ec1a753577319ef00b4c43679acda73f6a92578b6f27d084,2023-06,Surrey Police,Surrey Police,-0.476682,51.428507,On or near A308,E01030740,Spelthorne 007C,Violence and sexual offences,Investigation complete; no suspect identified,
7b60e05bc8e07c9979fc5f72d53122f12acb8bcded5c2fefcb8084ef114a7a58,2023-06,Surrey Police,Surrey Police,-0.476682,51.428507,On or near A308,E01030740,Spelthorne 007C,Violence and sexual offences,Unable to prosecute suspect,
e87c4e7e8c1deb748f02b859eafff2b6a1fd4a571532006e66d9cdb306d561a2,2023-06,Surrey Police,Surrey Police,-0.475143,51.425897,On or near Kingston Road,E01030740,Spelthorne 007C,Violence and sexual offences,Unable to prosecute suspect,
f8d8d1fb94a97db7e187370f2c0851babae45b20979ad302351b545b7ab4edef,2023-06,Surrey Police,Surrey Police,-0.482047,51.428954,On or near Hensworth Road,E01030740,Spelthorne 007C,Violence and sexual offences,Court result unavailable,
53cfd870a1cf70a1066e1d307cd22d696e45a0b606468eeb84c2b10cdccc9592,2023-06,Surrey Police,Surrey Police,-0.475143,51.425897,On or near Kingston Road,E01030740,Spelthorne 007C,Violence and sexual offences,Unable to prosecute suspect,
,2023-06,Surrey Police,Surrey Police,-0.489469,51.427233,On or near Bramley Close,E01030741,Spelthorne 007D,Anti-social behaviour,,
b0cf9f0158bbb2d71654ebd40e8871cbce39d49b3be1637b1b461dcd5044927d,2023-06,Surrey Police,Surrey Police,-0.488701,51.427385,On or near Cromwell Close,E01030741,Spelthorne 007D,Criminal damage and arson,Investigation complete; no suspect identified,
30b95af08b7564424a93f3cba45c6424c0a8232700d11584d6c09fbc91cbb140,2023-06,Surrey Police,Surrey Police,-0.493165,51.425069,On or near Beechwood Avenue,E01030741,Spelthorne 007D,Criminal damage and arson,Investigation complete; no suspect identified,
f07b9302e68541d51864ca8dd9f8d06514cdf595616513bfe6d4b7d640a27660,2023-06,Surrey Police,Surrey Police,-0.487938,51.424804,On or near Matthew Arnold Close,E01030741,Spelthorne 007D,Other theft,Investigation complete; no suspect identified,
af2314fe6b600ca5eb402ab9a3a40cca6b2efb0f331f2ff4fa422d9570a8a00a,2023-06,Surrey Police,Surrey Police,-0.488701,51.427385,On or near Cromwell Close,E01030741,Spelthorne 007D,Public order,Status update unavailable,
37fdcd5980f764a413216f7c871fafa3bb7b68f716dd4b543252cff507e8afeb,2023-06,Surrey Police,Surrey Police,-0.488701,51.427385,On or near Cromwell Close,E01030741,Spelthorne 007D,Vehicle crime,Investigation complete; no suspect identified,
b6b949c2604e88f43b97f2d202db77d2c178cde0931907fe2201bae07dfd3046,2023-06,Surrey Police,Surrey Police,-0.488701,51.427385,On or near Cromwell Close,E01030741,Spelthorne 007D,Violence and sexual offences,Further investigation is not in the public interest,
30b29b3ed09015f42e138a199c5d4a6e416ac587810d51b3f2238f7bbb18c954,2023-06,Surrey Police,Surrey Police,-0.488701,51.427385,On or near Cromwell Close,E01030741,Spelthorne 007D,Violence and sexual offences,Action to be taken by another organisation,
6040f916ca74fcbbf1b42003810b64cba7cb870bebdc129bbe0ebcabece6ff11,2023-06,Surrey Police,Surrey Police,-0.488701,51.427385,On or near Cromwell Close,E01030741,Spelthorne 007D,Violence and sexual offences,Unable to prosecute suspect,
1d7530a34296fb116d02c6a1030a860544fc89cd3c74223416c777277abdc884,2023-06,Surrey Police,Surrey Police,-0.489469,51.427233,On or near Bramley Close,E01030741,Spelthorne 007D,Violence and sexual offences,Action to be taken by another organisation,
6ae4e9dc7abed73f5d700f07b64fc2008c9927c1a85fb409639ec3f88415f4eb,2023-06,Surrey Police,Surrey Police,-0.488701,51.427385,On or near Cromwell Close,E01030741,Spelthorne 007D,Violence and sexual offences,Action to be taken by another organisation,
3c13ea92855d523b689ef2571863e5892bfc7dde31790878f486547402d5677e,2023-06,Surrey Police,Surrey Police,-0.491174,51.425241,On or near Hurstdene Avenue,E01030741,Spelthorne 007D,Violence and sexual offences,Unable to prosecute suspect,
,2023-06,Surrey Police,Surrey Police,-0.422676,51.429078,On or near Cumbernauld Gardens,E01030748,Spelthorne 008A,Anti-social behaviour,,
,2023-06,Surrey Police,Surrey Police,-0.422489,51.427385,On or near King'S Avenue,E01030748,Spelthorne 008A,Anti-social behaviour,,
0cf1317fb9a832059e555266ff4ef2ddae657e459bd35639386a127786845c39,2023-06,Surrey Police,Surrey Police,-0.418361,51.424065,On or near Wychwood Close,E01030748,Spelthorne 008A,Burglary,Status update unavailable,
dd50de385fb50c9f4b7280202320463def1568eff0b432f4b25940bbb3b502a0,2023-06,Surrey Police,Surrey Police,-0.418857,51.424684,On or near Heatherlands,E01030748,Spelthorne 008A,Burglary,Status update unavailable,
c4476097dcd2f3c9de418acd9e941d5ee01797684d94a395359c4e2286404494,2023-06,Surrey Police,Surrey Police,-0.421570,51.429441,On or near Kinross Close,E01030748,Spelthorne 008A,Public order,Unable to prosecute suspect,
02001dc69c3c2b8daec4d42e7805a76128d5fba2d048054a88e1f1849e6d840c,2023-06,Surrey Police,Surrey Police,-0.417367,51.422856,On or near Windsor Road,E01030748,Spelthorne 008A,Public order,Action to be taken by another organisation,
9f305aed7dadba3fc76a3ac4751dfadb60f6aceed9acbfdbeecfcff3f582d4de,2023-06,Surrey Police,Surrey Police,-0.421570,51.429441,On or near Kinross Close,E01030748,Spelthorne 008A,Shoplifting,Unable to prosecute suspect,
2800b044b2d50862caafb7e0dbdfd018e2473b78534e1a9faa27f1a65ed9a953,2023-06,Surrey Police,Surrey Police,-0.418518,51.426172,On or near Bryony Way,E01030748,Spelthorne 008A,Theft from the person,Unable to prosecute suspect,
9f6959548b54213bfff6f227840ea7bc84572d44ac13fc8e69d9e1a41241fe04,2023-06,Surrey Police,Surrey Police,-0.418518,51.426172,On or near Bryony Way,E01030748,Spelthorne 008A,Vehicle crime,Investigation complete; no suspect identified,
b74c145608196a64a72cd245e255085b04bc450edcac9d842a5310e622572d1f,2023-06,Surrey Police,Surrey Police,-0.421143,51.427628,On or near The Rowans,E01030748,Spelthorne 008A,Vehicle crime,Investigation complete; no suspect identified,
6af691739959cbb84b40cc276af70bd4fee35f10a284cb509fd2520779223541,2023-06,Surrey Police,Surrey Police,-0.421143,51.427628,On or near The Rowans,E01030748,Spelthorne 008A,Vehicle crime,Investigation complete; no suspect identified,
b703e9dd1d382544ba1de7b8c3dad9a8e58f9dc62f98f8661f15643b54ee6058,2023-06,Surrey Police,Surrey Police,-0.422676,51.429078,On or near Cumbernauld Gardens,E01030748,Spelthorne 008A,Violence and sexual offences,Unable to prosecute suspect,
f0147556f1dbc5dae6af326ae16cab239bbd8899e0cefebacf6a67483634197b,2023-06,Surrey Police,Surrey Police,-0.418518,51.426172,On or near Bryony Way,E01030748,Spelthorne 008A,Violence and sexual offences,Unable to prosecute suspect,
246ae8df06d00a4a8461fe00e671166fe5a29aa7a6a9c9a3a668c277a12c87b3,2023-06,Surrey Police,Surrey Police,-0.418857,51.424684,On or near Heatherlands,E01030748,Spelthorne 008A,Other crime,Further investigation is not in the public interest,
8bbc5153a92c6bae98593ab246934272d115e639b79ce0996d1a90b73be999fb,2023-06,Surrey Police,Surrey Police,-0.413477,51.424710,On or near Ashridge Way,E01030749,Spelthorne 008B,Violence and sexual offences,Unable to prosecute suspect,
a108644fd83c304d4c7cbc8fc93c7ce35a32a940dc51598f98a9bbb11cf07db8,2023-06,Surrey Police,Surrey Police,-0.417241,51.428151,On or near Parking Area,E01030749,Spelthorne 008B,Violence and sexual offences,Court result unavailable,
,2023-06,Surrey Police,Surrey Police,-0.415465,51.427120,On or near Churchill Way,E01030749,Spelthorne 008B,Anti-social behaviour,,
3197d1e0f330c242c87baa737c08bb073b1e2a77bd70fb9adc863a3b966782aa,2023-06,Surrey Police,Surrey Police,-0.413598,51.425764,On or near The Vale,E01030749,Spelthorne 008B,Burglary,Status update unavailable,
810320325fc8bc5679dd6e935131b3a6643d6fd814bbc78922a7f4df57b623f0,2023-06,Surrey Police,Surrey Police,-0.415465,51.427120,On or near Churchill Way,E01030749,Spelthorne 008B,Other theft,Investigation complete; no suspect identified,
1711617f1ce5e726cffa5b9c6ff2aa1d14b477fae835e6e5384a1a9d5c65a09e,2023-06,Surrey Police,Surrey Police,-0.413598,51.425764,On or near The Vale,E01030749,Spelthorne 008B,Vehicle crime,Investigation complete; no suspect identified,
106568cce10ca7b75b6efac7b8bf70cc7cdbaebcd924a0101cbae86fa1349951,2023-06,Surrey Police,Surrey Police,-0.415814,51.426171,On or near Beechwood Avenue,E01030749,Spelthorne 008B,Vehicle crime,Investigation complete; no suspect identified,
03085189a9ccc6b5418a34ad48db439ccb6751934fc6e4c243a0947d953a3166,2023-06,Surrey Police,Surrey Police,-0.415465,51.427120,On or near Churchill Way,E01030749,Spelthorne 008B,Violence and sexual offences,Unable to prosecute suspect,
23403082f208114442c44171e370ced8dfc2cee9500928de45f759c23a9dea8a,2023-06,Surrey Police,Surrey Police,-0.413477,51.424710,On or near Ashridge Way,E01030749,Spelthorne 008B,Violence and sexual offences,Unable to prosecute suspect,
70c229b12d1fc463f4f8216444e825f2b016c0a9e25ee1d8d41a5f776ef82b50,2023-06,Surrey Police,Surrey Police,-0.417241,51.428151,On or near Parking Area,E01030749,Spelthorne 008B,Violence and sexual offences,Unable to prosecute suspect,
,2023-06,Surrey Police,Surrey Police,-0.421587,51.425611,On or near Broad Oak,E01030750,Spelthorne 008C,Anti-social behaviour,,
27c79a659e42856e10e272de52c90543d5f48b503bddfa7bcc2460e27253abf8,2023-06,Surrey Police,Surrey Police,-0.422119,51.426445,On or near Fisk Close,E01030750,Spelthorne 008C,Criminal damage and arson,Offender given a caution,
aed2825ad5110b08f8584602712f729e1e18134e114438ed49eda33a5269c87e,2023-06,Surrey Police,Surrey Police,-0.422818,51.422435,On or near Carlton Road,E01030750,Spelthorne 008C,Other theft,Investigation complete; no suspect identified,
645d72e0d8301d0955326d9b9e4543fa900ec8b23a3b2d4db963e805b7f17563,2023-06,Surrey Police,Surrey Police,-0.422818,51.422435,On or near Carlton Road,E01030750,Spelthorne 008C,Vehicle crime,Investigation complete; no suspect identified,
199340a700a0eec6a6a5b53961f7bcae605ba1fe4516c5dd14c84958adbf1b0e,2023-06,Surrey Police,Surrey Police,-0.422938,51.423552,On or near Green Leas Close,E01030750,Spelthorne 008C,Vehicle crime,Investigation complete; no suspect identified,
044f559c0b4f4addbe98cf2acbfc65eda039a90aa7ead576ddc4060f1053a4af,2023-06,Surrey Police,Surrey Police,-0.421587,51.425611,On or near Broad Oak,E01030750,Spelthorne 008C,Vehicle crime,Investigation complete; no suspect identified,
e004a0e5284c59b040e7d7d117c6b5910de707216900eb49cd44d63ddce02399,2023-06,Surrey Police,Surrey Police,-0.422119,51.426445,On or near Fisk Close,E01030750,Spelthorne 008C,Violence and sexual offences,Unable to prosecute suspect,
1186a429b0c0af5e055a35da7d20bad2ba7d88c9a09505c8ee21b58fe674d741,2023-06,Surrey Police,Surrey Police,-0.422119,51.426445,On or near Fisk Close,E01030750,Spelthorne 008C,Violence and sexual offences,Unable to prosecute suspect,
f4fd9c86a910df09ccacf997cf5a8983a0a4aa8af54aab185077ddf78e10f292,2023-06,Surrey Police,Surrey Police,-0.421587,51.425611,On or near Broad Oak,E01030750,Spelthorne 008C,Violence and sexual offences,Unable to prosecute suspect,
8dfbb0940cc95a9096b647b7d1b404764e5e8bea5ecf6b59db1320780c4122a9,2023-06,Surrey Police,Surrey Police,-0.424262,51.428974,On or near Oakhall Drive,E01030750,Spelthorne 008C,Violence and sexual offences,Unable to prosecute suspect,
,2023-06,Surrey Police,Surrey Police,-0.421390,51.419628,On or near The Parade,E01030751,Spelthorne 008D,Anti-social behaviour,,
,2023-06,Surrey Police,Surrey Police,-0.421390,51.419628,On or near The Parade,E01030751,Spelthorne 008D,Anti-social behaviour,,
fffafa822382bd8bbfe8b684e27d63c8b87fda6fa38eb46fbbf593e3f49853dd,2023-06,Surrey Police,Surrey Police,-0.421032,51.418931,On or near Shopping Area,E01030751,Spelthorne 008D,Bicycle theft,Investigation complete; no suspect identified,
2ffd6321a900dfc09f07714bee9c5acd6dde3423ea62e3a9baa60ffd0935dc2d,2023-06,Surrey Police,Surrey Police,-0.421567,51.420772,On or near Heathcroft Avenue,E01030751,Spelthorne 008D,Burglary,Unable to prosecute suspect,
66b31738347eff7638c70365660fe7dde633ced0d5dac86445df9cfd4e34c32b,2023-06,Surrey Police,Surrey Police,-0.425391,51.421220,On or near Dale Road,E01030751,Spelthorne 008D,Burglary,Status update unavailable,
5925ceafa93297e2a66c5987bd2c7662cc29a12a0b9fa62be289a8cffb4616f4,2023-06,Surrey Police,Surrey Police,-0.418587,51.420418,On or near The Haven,E01030751,Spelthorne 008D,Criminal damage and arson,Investigation complete; no suspect identified,
a71e4685c1e85411b63d8dee93fd4b97f1fa14c843dce26acbe9a79f2954a76a,2023-06,Surrey Police,Surrey Police,-0.421390,51.419628,On or near The Parade,E01030751,Spelthorne 008D,Criminal damage and arson,Investigation complete; no suspect identified,
545ea8100852ac7d49aa03e6d0c1369ae207fc8dedd5cb74a140f320caa59767,2023-06,Surrey Police,Surrey Police,-0.421390,51.419628,On or near The Parade,E01030751,Spelthorne 008D,Public order,Local resolution,
66892c63de29bde603b7154980dd922ab75b49acc7134bf9d1c7cf24557edab6,2023-06,Surrey Police,Surrey Police,-0.421032,51.418931,On or near Shopping Area,E01030751,Spelthorne 008D,Shoplifting,Unable to prosecute suspect,
049e7523507977f4dc06b3cfda63e55c354c8660f9a4546fd2547979d7bba437,2023-06,Surrey Police,Surrey Police,-0.425215,51.421739,On or near Avon Road,E01030751,Spelthorne 008D,Vehicle crime,Investigation complete; no suspect identified,
8e6f8d29543afc5d6ecac9b24a57b4e72b60114b4af93db6bc75dcd6a6908501,2023-06,Surrey Police,Surrey Police,-0.421567,51.420772,On or near Heathcroft Avenue,E01030751,Spelthorne 008D,Violence and sexual offences,Unable to prosecute suspect,
,2023-06,Surrey Police,Surrey Police,-0.424872,51.417085,On or near Supermarket,E01030752,Spelthorne 008E,Anti-social behaviour,,
,2023-06,Surrey Police,Surrey Police,-0.428086,51.422317,On or near Saddlebrook Park,E01030752,Spelthorne 008E,Anti-social behaviour,,
559029f24c9eda58c39518fbc2e2a6f434a084f4b28cb2ab35aac195948c74df,2023-06,Surrey Police,Surrey Police,-0.421916,51.418556,On or near Parking Area,E01030752,Spelthorne 008E,Bicycle theft,Unable to prosecute suspect,
2b698f7f4d897b8a58b026b008c2d366dc3ec97022d3c74647372c74c4ecabfd,2023-06,Surrey Police,Surrey Police,-0.424872,51.417085,On or near Supermarket,E01030752,Spelthorne 008E,Criminal damage and arson,Investigation complete; no suspect identified,
87095f37c295db863439737124b64c964c6132c05373d52ab44cc6bbaee31359,2023-06,Surrey Police,Surrey Police,-0.425674,51.419272,On or near Spelthorne Grove,E01030752,Spelthorne 008E,Criminal damage and arson,Offender given a caution,
002d42fa960af9fdc7df8d607466927ec0117caae0f9b2bfed3968d865b08064,2023-06,Surrey Police,Surrey Police,-0.422252,51.418830,On or near Crossways,E01030752,Spelthorne 008E,Criminal damage and arson,Investigation complete; no suspect identified,
0f4c8f96dec45feaa19d0ed7bc964c01471d9c1f2d9804a2eda9bbf37a4805d7,2023-06,Surrey Police,Surrey Police,-0.424872,51.417085,On or near Supermarket,E01030752,Spelthorne 008E,Other theft,Investigation complete; no suspect identified,
d6c52ecef88a80f365a27ce55226227d43e06e82b22f32b32426d91eac2953e8,2023-06,Surrey Police,Surrey Police,-0.424872,51.417085,On or near Supermarket,E01030752,Spelthorne 008E,Other theft,Investigation complete; no suspect identified,
ebbde7443c4fced19980efdd834d87f4aac2869efc0959b5544c6c5ed246fbe0,2023-06,Surrey Police,Surrey Police,-0.424872,51.417085,On or near Supermarket,E01030752,Spelthorne 008E,Other theft,Investigation complete; no suspect identified,
556558725a3f4119720680bf87661c19fd5f818cd7b7638ef891542730c04823,2023-06,Surrey Police,Surrey Police,-0.424872,51.417085,On or near Supermarket,E01030752,Spelthorne 008E,Other theft,Investigation complete; no suspect identified,
5a454f441f8e73c72ff15d0f2f87e74629074da324978bfb8cb275119526781e,2023-06,Surrey Police,Surrey Police,-0.425489,51.420052,On or near Staines Road West,E01030752,Spelthorne 008E,Public order,Investigation complete; no suspect identified,
c881f9263a52a1d869751b4058de75a61097fed3f20304c761f11803a810c554,2023-06,Surrey Police,Surrey Police,-0.422252,51.418830,On or near Crossways,E01030752,Spelthorne 008E,Public order,Investigation complete; no suspect identified,
f47576bc3dc37ca13668d8090e7f968905f0553c1a52674ece122ea714aadd3e,2023-06,Surrey Police,Surrey Police,-0.424872,51.417085,On or near Supermarket,E01030752,Spelthorne 008E,Vehicle crime,Investigation complete; no suspect identified,
9d7b11ee4bac0ad19552250ac97ed921f7937a373b74f2300f3795f530db776f,2023-06,Surrey Police,Surrey Police,-0.422252,51.418830,On or near Crossways,E01030752,Spelthorne 008E,Violence and sexual offences,Unable to prosecute suspect,
88e1a33f2a1769bfca04f1e6dd05885fdb5049269640c06a6b7692a96a9cbd54,2023-06,Surrey Police,Surrey Police,-0.425674,51.419272,On or near Spelthorne Grove,E01030752,Spelthorne 008E,Violence and sexual offences,Unable to prosecute suspect,
929d5b4dae6fe37d47d6fcef3c50eec4e40ae049daac647ee4186766e437c3f9,2023-06,Surrey Police,Surrey Police,-0.426934,51.419864,On or near Escot Road,E01030752,Spelthorne 008E,Violence and sexual offences,Court result unavailable,
b2c7ef56059a58826aa78ed75b714e1c5b3ae1c362111ec9bb2fa8bd733fa158,2023-06,Surrey Police,Surrey Police,-0.424872,51.417085,On or near Supermarket,E01030752,Spelthorne 008E,Violence and sexual offences,Unable to prosecute suspect,
9677e8d34959c0fb680a737bae5164eb6a555566a8e61ea9411f354075870569,2023-06,Surrey Police,Surrey Police,-0.424872,51.417085,On or near Supermarket,E01030752,Spelthorne 008E,Other crime,Unable to prosecute suspect,
cf4e7cf47b0b88c1a37297db59d9588b1c8d00878eefc863f418b3cf02e34ec2,2023-06,Surrey Police,Surrey Police,-0.497508,51.421132,On or near Lansdowne Road,E01030726,Spelthorne 009A,Public order,Unable to prosecute suspect,
d362803d195444c4526636b291153f1dded5627fa812cc803533237be8fe8f20,2023-06,Surrey Police,Surrey Police,-0.496481,51.421299,On or near Westbourne Road,E01030726,Spelthorne 009A,Public order,Unable to prosecute suspect,
a5aa2a580b10d4f4ed199ff9d8b8c7c652b7437cb70c6538045be480f55495eb,2023-06,Surrey Police,Surrey Police,-0.496481,51.421299,On or near Westbourne Road,E01030726,Spelthorne 009A,Violence and sexual offences,Unable to prosecute suspect,
e9dbd5cb9758c1b4b12e69b5292ad6ab80610d58a18eb4c5929e8f206fc542f1,2023-06,Surrey Police,Surrey Police,-0.508675,51.428010,On or near St Peter'S Close,E01030727,Spelthorne 009B,Drugs,Status update unavailable,
5df3e7a4464df72d0cd582246a647f3d2060d5e6d6f049073dd61d7efdd9b151,2023-06,Surrey Police,Surrey Police,-0.508675,51.428010,On or near St Peter'S Close,E01030727,Spelthorne 009B,Violence and sexual offences,Court result unavailable,
45bc5a4706a1cc49db412d01ee23bd19a576e960ec6d24af4eaaad4348c81d8d,2023-06,Surrey Police,Surrey Police,-0.507154,51.427460,On or near Riverfield Road,E01030727,Spelthorne 009B,Violence and sexual offences,Unable to prosecute suspect,
c8fdd34e2ac130685201ba4602fa86fc8f522a51dc097df8bd215bdaf8e684c4,2023-06,Surrey Police,Surrey Police,-0.507186,51.425149,On or near Jamnagar Close,E01030727,Spelthorne 009B,Violence and sexual offences,Unable to prosecute suspect,
,2023-06,Surrey Police,Surrey Police,-0.501248,51.415389,On or near Thames Side,E01030728,Spelthorne 009C,Anti-social behaviour,,
,2023-06,Surrey Police,Surrey Police,-0.495754,51.414968,On or near Cleveland Drive,E01030728,Spelthorne 009C,Anti-social behaviour,,
,2023-06,Surrey Police,Surrey Police,-0.501248,51.415389,On or near Thames Side,E01030728,Spelthorne 009C,Anti-social behaviour,,
fa15bb326c698b2e79ad3201d11d94728979419f4c2bf8d87cd4e3b0eb6d8868,2023-06,Surrey Police,Surrey Police,-0.511769,51.419111,On or near Riverside Drive,E01030728,Spelthorne 009C,Criminal damage and arson,Local resolution,
1b085f83bc5fed5add4b989b697d52c714bdc012fc8a62496a2406b596ac7ced,2023-06,Surrey Police,Surrey Police,-0.495754,51.414968,On or near Cleveland Drive,E01030728,Spelthorne 009C,Criminal damage and arson,Further investigation is not in the public interest,
4be2b8c659842965728ca31e391a99014d33cfdabdebf5ace24140d6598e704b,2023-06,Surrey Police,Surrey Police,-0.501248,51.415389,On or near Thames Side,E01030728,Spelthorne 009C,Criminal damage and arson,Investigation complete; no suspect identified,
395c69d1356a49560c283c134e7e6bea516b8882a9c555b8ce725ae283c257f9,2023-06,Surrey Police,Surrey Police,-0.501248,51.415389,On or near Thames Side,E01030728,Spelthorne 009C,Other theft,Investigation complete; no suspect identified,
faf40ac54b910f7bbdf92738823452f8717b09378078d66c3e309b1ed273bc94,2023-06,Surrey Police,Surrey Police,-0.494306,51.414841,On or near Staines Road,E01030728,Spelthorne 009C,Possession of weapons,Unable to prosecute suspect,
e002617b645c93419bfb3bcc6a7759a42d32906bcb804558e59deaf2429b9776,2023-06,Surrey Police,Surrey Police,-0.502084,51.419690,On or near Sports/Recreation Area,E01030728,Spelthorne 009C,Violence and sexual offences,Further investigation is not in the public interest,
,2023-06,Surrey Police,Surrey Police,-0.495878,51.426965,On or near Witheygate Avenue,E01030742,Spelthorne 009D,Anti-social behaviour,,
,2023-06,Surrey Police,Surrey Police,-0.494485,51.425149,On or near Worple Road,E01030742,Spelthorne 009D,Anti-social behaviour,,
,2023-06,Surrey Police,Surrey Police,-0.494691,51.423254,On or near Worple Road,E01030742,Spelthorne 009D,Anti-social behaviour,,
60b50e05f7cac7075dcf239bed9d122e0aeebacf5d0ec01e295ee2e78b03f63f,2023-06,Surrey Police,Surrey Police,-0.501630,51.424386,On or near Octavia Way,E01030742,Spelthorne 009D,Public order,Status update unavailable,
2faf41ace36172a72597cec65ad395ab77a84a87374290b3c8cd54b396e8e4f4,2023-06,Surrey Police,Surrey Police,-0.495878,51.426965,On or near Witheygate Avenue,E01030742,Spelthorne 009D,Vehicle crime,Investigation complete; no suspect identified,
,2023-06,Surrey Police,Surrey Police,-0.405442,51.408837,On or near Saxonbury Avenue,E01030753,Spelthorne 010A,Anti-social behaviour,,
,2023-06,Surrey Police,Surrey Police,-0.403170,51.407197,On or near Parking Area,E01030753,Spelthorne 010A,Anti-social behaviour,,
d738110b683d055f2dea4f97991bce1a2aa83a4b7703520d73f2735d9609e2a1,2023-06,Surrey Police,Surrey Police,-0.406108,51.406625,On or near Avenue Parade,E01030753,Spelthorne 010A,Bicycle theft,Investigation complete; no suspect identified,
506e6ec322303973ecebfdef1d39a8e3a94da06c42c73207d35caba53a2752f8,2023-06,Surrey Police,Surrey Police,-0.416875,51.410863,On or near Green Street,E01030753,Spelthorne 010A,Criminal damage and arson,Investigation complete; no suspect identified,
31aa043d83b910d50b86fa19f4cd8cedbb4d0f50bb53a1eb892cee6139180a32,2023-06,Surrey Police,Surrey Police,-0.413426,51.406248,On or near Parking Area,E01030753,Spelthorne 010A,Drugs,Further investigation is not in the public interest,
496c45d5ebad9cc55862aa5c907d5893fbd8b2656a449d98adcd380ff231284e,2023-06,Surrey Police,Surrey Police,-0.406108,51.406625,On or near Avenue Parade,E01030753,Spelthorne 010A,Other theft,Investigation complete; no suspect identified,
9f9b7a6c1d73b0805a23961455a7518635a32030f1a636d43f0b6a86108ebc13,2023-06,Surrey Police,Surrey Police,-0.406108,51.406625,On or near Avenue Parade,E01030753,Spelthorne 010A,Public order,Unable to prosecute suspect,
5a912eec55d9c79d8c701553ba071c78dc1f287c81e71c292e70aff4b50ad5c5,2023-06,Surrey Police,Surrey Police,-0.403170,51.407197,On or near Parking Area,E01030753,Spelthorne 010A,Vehicle crime,Investigation complete; no suspect identified,
c2d5b59958d2568e9130d4b629bba377a774c4e5d40ab9bb47e4e6b3d3bfd0ec,2023-06,Surrey Police,Surrey Police,-0.407601,51.405881,On or near Thames Street,E01030753,Spelthorne 010A,Vehicle crime,Investigation complete; no suspect identified,
676f708ba93fb42af533e3ab48ddb069e45448f4e46fabeedd6f910c3e22b4b4,2023-06,Surrey Police,Surrey Police,-0.416875,51.410863,On or near Green Street,E01030753,Spelthorne 010A,Vehicle crime,Investigation complete; no suspect identified,
906118fafc33f25cb3b5c0c822e2d2023128927caabe0bf20c987b47293703ef,2023-06,Surrey Police,Surrey Police,-0.407671,51.407186,On or near Parking Area,E01030753,Spelthorne 010A,Vehicle crime,Investigation complete; no suspect identified,
c88b0e87801cf59ccd139241cc65e74aa16a6980488ccad3e29f5d6c8c5c0997,2023-06,Surrey Police,Surrey Police,-0.407671,51.407186,On or near Parking Area,E01030753,Spelthorne 010A,Violence and sexual offences,Investigation complete; no suspect identified,
dd7bec54a6ad272cbe7895e761d981f2d82ddcb737f1f261e98fb1cef3943eb4,2023-06,Surrey Police,Surrey Police,-0.407601,51.405881,On or near Thames Street,E01030753,Spelthorne 010A,Violence and sexual offences,Investigation complete; no suspect identified,
88e31c0664569603d3a5bc8b5432c24a5de8295607ecd915ee6a00085a557b27,2023-06,Surrey Police,Surrey Police,-0.418889,51.413336,On or near Heathlands Close,E01030753,Spelthorne 010A,Violence and sexual offences,Unable to prosecute suspect,
,2023-06,Surrey Police,Surrey Police,-0.418258,51.415791,On or near Heritage Close,E01030754,Spelthorne 010B,Anti-social behaviour,,
3865ca2fec8f413ddd9b12c224640b79ca5e1db40a80e36a3a7d9f77c057df80,2023-06,Surrey Police,Surrey Police,-0.412636,51.408701,On or near Hawkewood Road,E01030754,Spelthorne 010B,Criminal damage and arson,Further investigation is not in the public interest,
79e2203f95ad35200c042000e0e2ad33003c69648ce3d60e4057ce8d8b88758f,2023-06,Surrey Police,Surrey Police,-0.413345,51.414816,On or near Cagney Close,E01030754,Spelthorne 010B,Criminal damage and arson,Investigation complete; no suspect identified,
fb0de3bd9abd82bd0ccc24f5208c1eff6047e54848ab20e63e5676fefcb856bf,2023-06,Surrey Police,Surrey Police,-0.413345,51.414816,On or near Cagney Close,E01030754,Spelthorne 010B,Vehicle crime,Investigation complete; no suspect identified,
037297436b8dd28497f40d1f486b59c6fc0eda46deb9ff7d7c8f91a79d173aa8,2023-06,Surrey Police,Surrey Police,-0.413345,51.414816,On or near Cagney Close,E01030754,Spelthorne 010B,Vehicle crime,Investigation complete; no suspect identified,
1600fc4f806ca5b19afeb87c5a242dedff711543105b4ecc46c4e1a31fb86cd0,2023-06,Surrey Police,Surrey Police,-0.413345,51.414816,On or near Cagney Close,E01030754,Spelthorne 010B,Vehicle crime,Investigation complete; no suspect identified,
377c8c15f4bf42ef27436064539a52a292a10d2c281fe82e57c9b9e1c31d7f8d,2023-06,Surrey Police,Surrey Police,-0.413345,51.414816,On or near Cagney Close,E01030754,Spelthorne 010B,Vehicle crime,Investigation complete; no suspect identified,
6ce73611b3479889e24130f8993895d3c409fbef39b157873a19108fbe247f12,2023-06,Surrey Police,Surrey Police,-0.413345,51.414816,On or near Cagney Close,E01030754,Spelthorne 010B,Vehicle crime,Investigation complete; no suspect identified,
,2023-06,Surrey Police,Surrey Police,-0.412186,51.421698,On or near A316,E01030755,Spelthorne 010C,Anti-social behaviour,,
,2023-06,Surrey Police,Surrey Police,-0.411961,51.419051,On or near Oak Grove,E01030755,Spelthorne 010C,Anti-social behaviour,,
f5a2c4af34142aba45652e4c6268229aa5bfb430ed2f4f4a30015d82a85a5e81,2023-06,Surrey Police,Surrey Police,-0.415725,51.420019,On or near Parking Area,E01030755,Spelthorne 010C,Criminal damage and arson,Investigation complete; no suspect identified,
3fb6fd32a44d83f962f903441744d2a7a2f5e16afa04b6b68e90edffc6c9f071,2023-06,Surrey Police,Surrey Police,-0.415725,51.420019,On or near Parking Area,E01030755,Spelthorne 010C,Criminal damage and arson,Investigation complete; no suspect identified,
79c7e442968af5942ca24dd9a5f5cde518cd3b303f2ac0b9c1052a4bca5cba2f,2023-06,Surrey Police,Surrey Police,-0.406093,51.413675,On or near Allen Road,E01030755,Spelthorne 010C,Criminal damage and arson,Investigation complete; no suspect identified,
280d52a76e2a4840f89b453fefd055f1598e1e723baab7268a92c9f63b76d0d5,2023-06,Surrey Police,Surrey Police,-0.413966,51.418898,On or near Priory Close,E01030755,Spelthorne 010C,Drugs,Further investigation is not in the public interest,
e38dee42be6c42fce00d788c732ba565803a36fdd7e4d7d7478867042a8cdf6f,2023-06,Surrey Police,Surrey Police,-0.408766,51.417875,On or near A308,E01030755,Spelthorne 010C,Public order,Unable to prosecute suspect,
9bba95cbf2dcf966ef23eeb73206d05b2d7079df156b40b3c05345e695c86637,2023-06,Surrey Police,Surrey Police,-0.406093,51.413675,On or near Allen Road,E01030755,Spelthorne 010C,Public order,Further action is not in the public interest,
b947207b8d0e104bd908966fe5925cdb391626739a6d7dd87c5fa7650ef7ca12,2023-06,Surrey Police,Surrey Police,-0.415725,51.420019,On or near Parking Area,E01030755,Spelthorne 010C,Vehicle crime,Investigation complete; no suspect identified,
067c08215dd1db3dc83c11e6bf87e7a8de9e455d001c41a3bf3f2d4caceee81d,2023-06,Surrey Police,Surrey Police,-0.414662,51.420814,On or near Hanworth Road,E01030755,Spelthorne 010C,Vehicle crime,Investigation complete; no suspect identified,
c98cd4e4807064c7af6a5ce436d75f66385c7a3f8fa1622235420b658255f153,2023-06,Surrey Police,Surrey Police,-0.412186,51.421698,On or near A316,E01030755,Spelthorne 010C,Vehicle crime,Investigation complete; no suspect identified,
e7f98bc3e5e7aad4bde624d7af17eaa515fc7b25aae56bd05ad074dc7d599c21,2023-06,Surrey Police,Surrey Police,-0.411961,51.419051,On or near Oak Grove,E01030755,Spelthorne 010C,Violence and sexual offences,Action to be taken by another organisation,
85adc5ba72cbfbfa2206108224caf52b3714866ac027e03c7e0f523535f91a18,2023-06,Surrey Police,Surrey Police,-0.411961,51.419051,On or near Oak Grove,E01030755,Spelthorne 010C,Violence and sexual offences,Unable to prosecute suspect,
a5d6c0613d2668a16ba51c67a60e1d13db22633b604a08a6328f91f15f4a4b11,2023-06,Surrey Police,Surrey Police,-0.411401,51.419034,On or near Hamilton Place,E01030755,Spelthorne 010C,Violence and sexual offences,Unable to prosecute suspect,
c5da90e4c82f6382d0a8395985df910216d56c3f3875d0e2d0977ae45e7426eb,2023-06,Surrey Police,Surrey Police,-0.404026,51.413575,On or near Bowater Gardens,E01030756,Spelthorne 010D,Violence and sexual offences,Unable to prosecute suspect,
05d543414965638b7c79313566c9ef96f7ffa9ab1475a30dbbf7d5403b06732a,2023-06,Surrey Police,Surrey Police,-0.404026,51.413575,On or near Bowater Gardens,E01030756,Spelthorne 010D,Possession of weapons,Status update unavailable,
ec9756c35c65ef7e9a01f9fb5dd396bfacb2c9476a630bca091883fc7abc1538,2023-06,Surrey Police,Surrey Police,-0.401196,51.408968,On or near The Pennards,E01030756,Spelthorne 010D,Public order,Investigation complete; no suspect identified,
bac3f1d2db65bfb59de78f99cf95dc5ebc4bab3b41af7e61a663938ee2ab2be0,2023-06,Surrey Police,Surrey Police,-0.399562,51.412938,On or near Oakington Close,E01030756,Spelthorne 010D,Violence and sexual offences,Unable to prosecute suspect,
2b6e143fb328503119f7c83d237c07ccc70ae21ab5af50483bed86e55b4f276e,2023-06,Surrey Police,Surrey Police,-0.404026,51.413575,On or near Bowater Gardens,E01030756,Spelthorne 010D,Other crime,Unable to prosecute suspect,
,2023-06,Surrey Police,Surrey Police,-0.426364,51.411755,On or near Peregrine Road,E01030717,Spelthorne 011A,Anti-social behaviour,,
,2023-06,Surrey Police,Surrey Police,-0.431548,51.408164,On or near Parking Area,E01030717,Spelthorne 011A,Anti-social behaviour,,
022c505541e9d2ae488be9f3bde713b948728f7bc01bb138b4c98152a6e97cb8,2023-06,Surrey Police,Surrey Police,-0.425029,51.411269,On or near Layton'S Lane,E01030717,Spelthorne 011A,Bicycle theft,Investigation complete; no suspect identified,
8ff869886a1f77899efdae4ec51fe48097efb3ac67a8bd65a2a2be77701b5e34,2023-06,Surrey Police,Surrey Police,-0.432006,51.406534,On or near Upper Halliford Road,E01030717,Spelthorne 011A,Other theft,Investigation complete; no suspect identified,
757f579d25907893785404c712ccfe0a6bc652a993dc459c3ccb7b3cbff2c075,2023-06,Surrey Police,Surrey Police,-0.428096,51.406113,On or near Coxs Avenue,E01030717,Spelthorne 011A,Other theft,Investigation complete; no suspect identified,
03238a61841cd461f991038c4ef0459349f689f8c065fddb9cc9becde02f2ab0,2023-06,Surrey Police,Surrey Police,-0.431548,51.408164,On or near Parking Area,E01030717,Spelthorne 011A,Violence and sexual offences,Investigation complete; no suspect identified,
8c6cd6cb84fa6c9c8d9314b56825d0dd3501b5e813e6e9a9a050a16cce1066ed,2023-06,Surrey Police,Surrey Police,-0.431907,51.411550,On or near Haslett Road,E01030717,Spelthorne 011A,Violence and sexual offences,Local resolution,
8b02eae55fd42105c5eb736ef5c1550c437374ce205f5304ebb485547581bed4,2023-06,Surrey Police,Surrey Police,-0.420645,51.414555,On or near Ravenscourt,E01030718,Spelthorne 011B,Violence and sexual offences,Unable to prosecute suspect,
,2023-06,Surrey Police,Surrey Police,-0.420645,51.414555,On or near Ravenscourt,E01030718,Spelthorne 011B,Anti-social behaviour,,
,2023-06,Surrey Police,Surrey Police,-0.419652,51.416241,On or near Homewaters Avenue,E01030718,Spelthorne 011B,Anti-social behaviour,,
3ee166ed348deb037c39a68b2a51a96b70a471239a7d582bf8fda2a7b57c5a27,2023-06,Surrey Police,Surrey Police,-0.419652,51.416241,On or near Homewaters Avenue,E01030718,Spelthorne 011B,Burglary,Status update unavailable,
27b286de20066652128705de2cb5acb00bd986d96186eb9eab0d5a6bf858a10b,2023-06,Surrey Police,Surrey Police,-0.420331,51.412402,On or near Sutherland Avenue,E01030718,Spelthorne 011B,Criminal damage and arson,Investigation complete; no suspect identified,
9db6193332d5745fd4e2c5b64a9c5629971df7668834723a6c1668d40378585f,2023-06,Surrey Police,Surrey Police,-0.420645,51.414555,On or near Ravenscourt,E01030718,Spelthorne 011B,Drugs,Further investigation is not in the public interest,
c41b613726e6a0889f4a749356b99d13559d63f20b5bd649c63791f2c001bafe,2023-06,Surrey Police,Surrey Police,-0.420645,51.414555,On or near Ravenscourt,E01030718,Spelthorne 011B,Public order,Unable to prosecute suspect,
326e073a094cacaaf082133c8f92589cf9e3438b52f3cc25e58ff4e6e51b5378,2023-06,Surrey Police,Surrey Police,-0.423109,51.412727,On or near Ravendale Road,E01030718,Spelthorne 011B,Vehicle crime,Investigation complete; no suspect identified,
236f90f87b4089cc7a7580c11e3f48d7d8a477441172f2f26bebee84ad54fba2,2023-06,Surrey Police,Surrey Police,-0.419652,51.416241,On or near Homewaters Avenue,E01030718,Spelthorne 011B,Vehicle crime,Investigation complete; no suspect identified,
13a352ca154029572e0bd0d72132e50e9f539bebd07c505ae282b57e604c4478,2023-06,Surrey Police,Surrey Police,-0.420645,51.414555,On or near Ravenscourt,E01030718,Spelthorne 011B,Violence and sexual offences,Unable to prosecute suspect,
b871aacd0254919148a54e29778e7acbeb345fe37c4aee0ab14be143ef775aaf,2023-06,Surrey Police,Surrey Police,-0.420331,51.412402,On or near Sutherland Avenue,E01030718,Spelthorne 011B,Violence and sexual offences,Unable to prosecute suspect,
5081c46b797b649e7126e881b9e51d7a3d5d2d6d5c82af342fc0ebc60da58fdb,2023-06,Surrey Police,Surrey Police,-0.420331,51.412402,On or near Sutherland Avenue,E01030718,Spelthorne 011B,Violence and sexual offences,Investigation complete; no suspect identified,
824180f36543df85014803803d6670a32e8871703213ce8b2ccfd95b5fe7f3ee,2023-06,Surrey Police,Surrey Police,-0.434493,51.405281,On or near Bramble Close,E01030719,Spelthorne 011C,Public order,Local resolution,
dd29bf377095dd68ec6806070a9566dd25c1c37af9599c8f934938dd8ae3835d,2023-06,Surrey Police,Surrey Police,-0.429315,51.400743,On or near Chestnut Walk,E01030719,Spelthorne 011C,Public order,Investigation complete; no suspect identified,
f5df756df5116996c79d002d09264c869262ed0e15bd1f654a65efbe89eb3cd2,2023-06,Surrey Police,Surrey Police,-0.436158,51.402839,On or near Wallace Close,E01030719,Spelthorne 011C,Vehicle crime,Investigation complete; no suspect identified,
cee5c0042fc0109e656b4bde3864c49a6d5b8b56398c057aeb2785118ec66da8,2023-06,Surrey Police,Surrey Police,-0.430581,51.402387,On or near Freeman Close,E01030719,Spelthorne 011C,Violence and sexual offences,Status update unavailable,
14f2206e08965cedc4c744eb79b8d4d3f5a0386d4077a6e76c90e1aef2e922c8,2023-06,Surrey Police,Surrey Police,-0.429257,51.400319,On or near Minsterley Avenue,E01030719,Spelthorne 011C,Violence and sexual offences,Local resolution,
9dd93bf113ac1fc187af201d7b44519bc925a2fc69b84aa1602fad584c4f7daf,2023-06,Surrey Police,Surrey Police,-0.433040,51.402798,On or near Annett Close,E01030719,Spelthorne 011C,Violence and sexual offences,Investigation complete; no suspect identified,
18f15cb1aa4cb1e32a4092a2aab0fcc54d3b56746d0e9ad9c9bd17a07368ed33,2023-06,Surrey Police,Surrey Police,-0.432920,51.400000,On or near Dorly Close,E01030719,Spelthorne 011C,Violence and sexual offences,Action to be taken by another organisation,
d75632e3bb561fda5c9ee147edb1731f3b08fd391cb0657009eca3c4e28f4dd0,2023-06,Surrey Police,Surrey Police,-0.423851,51.399923,On or near Highfield Road,E01030719,Spelthorne 011C,Violence and sexual offences,Unable to prosecute suspect,
,2023-06,Surrey Police,Surrey Police,-0.419133,51.408357,On or near Fairlawns,E01030720,Spelthorne 011D,Anti-social behaviour,,
18f63e179e25c2c01ea1f65ad27833b6abbe42cc90d1d210772c0d1f33d84626,2023-06,Surrey Police,Surrey Police,-0.413721,51.404786,On or near Stile Path,E01030720,Spelthorne 011D,Bicycle theft,Investigation complete; no suspect identified,
704e1e9a607af5fb2661594eb1dce1886a2bac16bedf34936af5c36c1a05e1df,2023-06,Surrey Police,Surrey Police,-0.416283,51.407617,On or near Lyndhurst Avenue,E01030720,Spelthorne 011D,Burglary,Status update unavailable,
c31452dc8cdbfb376ecbd4b413b6d506cfe8d6d28be859ec4924f05b58f871a8,2023-06,Surrey Police,Surrey Police,-0.416529,51.402162,On or near Loudwater Close,E01030720,Spelthorne 011D,Criminal damage and arson,Investigation complete; no suspect identified,
38919b7029d016606ec10e44ff375ab39540918d827e71a207da8f2a45b690e9,2023-06,Surrey Police,Surrey Police,-0.416529,51.402162,On or near Loudwater Close,E01030720,Spelthorne 011D,Criminal damage and arson,Investigation complete; no suspect identified,
2181611e50bbde25838f1aa1d4283379a119d9f78f3e0d08db567794f2927b14,2023-06,Surrey Police,Surrey Police,-0.414358,51.405478,On or near Bridle Close,E01030720,Spelthorne 011D,Drugs,Unable to prosecute suspect,
cc80a72b302664823f97afbe79223d45b406eb3796eaf86536e09d9c5649be3c,2023-06,Surrey Police,Surrey Police,-0.424891,51.396034,On or near Fordbridge Road,E01030720,Spelthorne 011D,Other theft,Investigation complete; no suspect identified,
a329c42ff217e765f2618a1101954ccf68392841ec33f10e5af6e55631122bf6,2023-06,Surrey Police,Surrey Police,-0.416283,51.407617,On or near Lyndhurst Avenue,E01030720,Spelthorne 011D,Public order,Unable to prosecute suspect,
15fc83356421467177f3e3eb884378732d442247e741c984c60aadef2e667a73,2023-06,Surrey Police,Surrey Police,-0.416283,51.407617,On or near Lyndhurst Avenue,E01030720,Spelthorne 011D,Shoplifting,Investigation complete; no suspect identified,
d3f478cdda1aadc397a59874f96a0b2d9860182830b90c9fc9267fb51d58aac8,2023-06,Surrey Police,Surrey Police,-0.470516,51.408526,On or near Lion Close,E01030721,Spelthorne 012A,Violence and sexual offences,Court result unavailable,
,2023-06,Surrey Police,Surrey Police,-0.490751,51.402278,On or near Thames Side,E01030721,Spelthorne 012A,Anti-social behaviour,,
,2023-06,Surrey Police,Surrey Police,-0.490751,51.402278,On or near Thames Side,E01030721,Spelthorne 012A,Anti-social behaviour,,
18ad343769f57f9847f858784ce94e088a2bf30f34e233007d5e145d10966467,2023-06,Surrey Police,Surrey Police,-0.443620,51.415951,On or near Perendale Drive,E01030721,Spelthorne 012A,Bicycle theft,Unable to prosecute suspect,
9141524620bc15ebad51bde0e45f0abf9838299ba976e7b365fce0a21799db46,2023-06,Surrey Police,Surrey Police,-0.445890,51.419425,On or near Ashford Road,E01030721,Spelthorne 012A,Criminal damage and arson,Investigation complete; no suspect identified,
646c41ae66c4fb4534e0138111d552d755fe5fa77bb8bea899f20b297a907939,2023-06,Surrey Police,Surrey Police,-0.487118,51.409983,On or near Parking Area,E01030721,Spelthorne 012A,Criminal damage and arson,Investigation complete; no suspect identified,
8cf06e99e84a710f7c856ca2bc35e3c0bc802a5729b86e0ed247e3b0982c7533,2023-06,Surrey Police,Surrey Police,-0.463122,51.404347,On or near Squire'S Bridge Road,E01030721,Spelthorne 012A,Criminal damage and arson,Investigation complete; no suspect identified,
77bb52a3c0ea8aada0d30fe0f70248a81e0522a181cb4a0eb6a3cd89adfa5727,2023-06,Surrey Police,Surrey Police,-0.490751,51.402278,On or near Thames Side,E01030721,Spelthorne 012A,Criminal damage and arson,Unable to prosecute suspect,
2dd21fe5f41f3135ba10fadb87884bfe087ef258c43e50912af4fd31cfeff025,2023-06,Surrey Police,Surrey Police,-0.490751,51.402278,On or near Thames Side,E01030721,Spelthorne 012A,Criminal damage and arson,Investigation complete; no suspect identified,
6a930ba591a86ede02a9a139c5469d7e59ab8b72fbc4a4483123a863f3ea6e75,2023-06,Surrey Police,Surrey Police,-0.488582,51.407457,On or near Shepperton Road,E01030721,Spelthorne 012A,Other theft,Status update unavailable,
53be6aa5bc76b120d1482852ac694849f17565c2fb84a66ae97f8f62cbe83991,2023-06,Surrey Police,Surrey Police,-0.490751,51.402278,On or near Thames Side,E01030721,Spelthorne 012A,Other theft,Unable to prosecute suspect,
b3b5ad668d42a807e29aebce7b182996a07828d3531e137968c2d385b18fce1e,2023-06,Surrey Police,Surrey Police,-0.488656,51.409553,On or near Church Close,E01030721,Spelthorne 012A,Other theft,Unable to prosecute suspect,
f3a6a8160f5d381dde61031e00e1af3d9d4d184a55e47ec0c83299bfd16999a1,2023-06,Surrey Police,Surrey Police,-0.490751,51.402278,On or near Thames Side,E01030721,Spelthorne 012A,Public order,Local resolution,
27d5efd5188c30cd70744d1f922e218f1e2ee3cda30bdc3ea529c94cf6169f13,2023-06,Surrey Police,Surrey Police,-0.490751,51.402278,On or near Thames Side,E01030721,Spelthorne 012A,Public order,Unable to prosecute suspect,
736435a22e1e35e3ec6ad2077ff6259f6ae0a223d90f3f155dcaf013f3f33bd7,2023-06,Surrey Police,Surrey Police,-0.488656,51.409553,On or near Church Close,E01030721,Spelthorne 012A,Public order,Unable to prosecute suspect,
e84eac4a43c5079172dedc6f8501e1cd93497bb6566f0d61f358e98a8cd5c968,2023-06,Surrey Police,Surrey Police,-0.488656,51.409553,On or near Church Close,E01030721,Spelthorne 012A,Public order,Unable to prosecute suspect,
52e7e21284abb8bf3862b3df29d7a51e13830f3270469cbb3cd0775475c59146,2023-06,Surrey Police,Surrey Police,-0.466303,51.402932,On or near Parking Area,E01030721,Spelthorne 012A,Public order,Investigation complete; no suspect identified,
e00e95606be94e9837b318a8ba5ff1078044962067322adfd920f3a89b5b4e8b,2023-06,Surrey Police,Surrey Police,-0.485255,51.411110,On or near Grange Place,E01030721,Spelthorne 012A,Robbery,Status update unavailable,
573a3df2f54b699480a671017be3af41132622a91a455557a099d4c48b68e417,2023-06,Surrey Police,Surrey Police,-0.492520,51.412310,On or near Beech Tree Lane,E01030721,Spelthorne 012A,Vehicle crime,Investigation complete; no suspect identified,
caab2750716ec3f6dfa364d1d88fda8f75873198f7ac2010a75be8966068ac29,2023-06,Surrey Police,Surrey Police,-0.491279,51.408508,On or near Vicarage Lane,E01030721,Spelthorne 012A,Violence and sexual offences,Local resolution,
b01db48de6c4c99cab5e69212d6555edc5e2f11792dbc6ed29aa824b11d6136d,2023-06,Surrey Police,Surrey Police,-0.487118,51.409983,On or near Parking Area,E01030721,Spelthorne 012A,Violence and sexual offences,Unable to prosecute suspect,
6ab515adc9f6d25e79af084c6f4c30e1d041055b137003d692c9654be9fc51b6,2023-06,Surrey Police,Surrey Police,-0.487118,51.409983,On or near Parking Area,E01030721,Spelthorne 012A,Violence and sexual offences,Unable to prosecute suspect,
c57779d3045b5f67f316a061116ae397d1d977c2584028bd4bd47674d9abb568,2023-06,Surrey Police,Surrey Police,-0.468929,51.407382,On or near Hitchcock Close,E01030721,Spelthorne 012A,Violence and sexual offences,Unable to prosecute suspect,
e5410c97371cff3fca1f52d89607b05337f9a896d877f30619c239c1491ce641,2023-06,Surrey Police,Surrey Police,-0.470516,51.408526,On or near Lion Close,E01030721,Spelthorne 012A,Violence and sexual offences,Status update unavailable,
ae166e60e022f53bc3eaa80b35433cbc53ee1cb654a8d835847ecd92931ec021,2023-06,Surrey Police,Surrey Police,-0.490751,51.402278,On or near Thames Side,E01030721,Spelthorne 012A,Violence and sexual offences,Unable to prosecute suspect,
,2023-06,Surrey Police,Surrey Police,-0.431088,51.414030,On or near Windmill Road West,E01030722,Spelthorne 012B,Anti-social behaviour,,
,2023-06,Surrey Police,Surrey Police,-0.444937,51.410204,On or near Almond Close,E01030722,Spelthorne 012B,Anti-social behaviour,,
4d8f2fbfe04e78a581ede66d6fd558dd1496067374e100296471f94d36b42158,2023-06,Surrey Police,Surrey Police,-0.444937,51.410204,On or near Almond Close,E01030722,Spelthorne 012B,Burglary,Investigation complete; no suspect identified,
ebcdba92ef369a7bbeeb1538647572da58d978571f6e30ff8841068432f7c03b,2023-06,Surrey Police,Surrey Police,-0.444937,51.410204,On or near Almond Close,E01030722,Spelthorne 012B,Criminal damage and arson,Investigation complete; no suspect identified,
d1dcca5fb34e11751f29291a22f0ab169489f4c8902ae0bc57150cf9e24d4fd1,2023-06,Surrey Police,Surrey Police,-0.444937,51.410204,On or near Almond Close,E01030722,Spelthorne 012B,Other theft,Investigation complete; no suspect identified,
8e00197ea6b5eadfc308ed7f0434269e50c4c55b818280f98cc1e10ffd59fd79,2023-06,Surrey Police,Surrey Police,-0.444937,51.410204,On or near Almond Close,E01030722,Spelthorne 012B,Public order,Unable to prosecute suspect,
9d851ac0a1ae0ecff2a16d38567b763b7cddd8c79f5eac516d8e2778ce77675e,2023-06,Surrey Police,Surrey Police,-0.443834,51.413040,On or near Andrews Gate,E01030722,Spelthorne 012B,Shoplifting,Further investigation is not in the public interest,
b92dbda3f75598612925ae569f80b39e08e9cb03aa58f032e872ccdc415ef293,2023-06,Surrey Police,Surrey Police,-0.457255,51.407354,On or near New Road,E01030722,Spelthorne 012B,Violence and sexual offences,Local resolution,
466865089167e8eae8f0ff25370a2f5c2569b7775a06f889bd8f7111699deb31,2023-06,Surrey Police,Surrey Police,-0.457255,51.407354,On or near New Road,E01030722,Spelthorne 012B,Violence and sexual offences,Local resolution,
7f62cecbc7222222b1d3042cb7264136280059659da3fa0e3548652f46cefb54,2023-06,Surrey Police,Surrey Police,-0.457255,51.407354,On or near New Road,E01030722,Spelthorne 012B,Violence and sexual offences,Status update unavailable,
ea1fef0c9c8a14b29267b9e450474ec79c607490fe7c572a8e5099a04cf6762b,2023-06,Surrey Police,Surrey Police,-0.459640,51.404832,On or near Stewart Avenue,E01030722,Spelthorne 012B,Violence and sexual offences,Status update unavailable,
1091ee2dc4650d878c8ac8e29e5b16b44f921c7e20c7f71f00a5829f535e521e,2023-06,Surrey Police,Surrey Police,-0.459572,51.400884,On or near Ford Close,E01030723,Spelthorne 012C,Criminal damage and arson,Unable to prosecute suspect,
d6950faf6e952bf6b8f03da58b6ad752163ad8c51864372860893c29049f4153,2023-06,Surrey Police,Surrey Police,-0.464683,51.401517,On or near Yew Trees,E01030723,Spelthorne 012C,Public order,Unable to prosecute suspect,
cdc8d1aed188ba309261d7c32d9d1935ea45f083e30d4e6545282ebceddc2575,2023-06,Surrey Police,Surrey Police,-0.464641,51.402344,On or near Winchstone Close,E01030723,Spelthorne 012C,Robbery,Investigation complete; no suspect identified,
d57cc4205e4ab3b4cce88083c0677192664f2fd683f963620fd0c346b20e2519,2023-06,Surrey Police,Surrey Police,-0.464950,51.400415,On or near Fairview Drive,E01030723,Spelthorne 012C,Violence and sexual offences,Unable to prosecute suspect,
ce2bba2bb68456e72a6abc21987261bc86c4a2f8de73474569b0e17199838ae1,2023-06,Surrey Police,Surrey Police,-0.464950,51.400415,On or near Fairview Drive,E01030723,Spelthorne 012C,Violence and sexual offences,Unable to prosecute suspect,
408fa6d12018dd178c5c13803a7b655a6ef4f2e8ee68b15c0950019b2ba210ef,2023-06,Surrey Police,Surrey Police,-0.462488,51.400958,On or near Laleham Road,E01030723,Spelthorne 012C,Other crime,Unable to prosecute suspect,
,2023-06,Surrey Police,Surrey Police,-0.459979,51.400304,On or near Laleham Road,E01030724,Spelthorne 012D,Anti-social behaviour,,
e9b2a4591096c0279f8d6ea434d4a99999db81c440fc2e79b857fa7b84cba853,2023-06,Surrey Police,Surrey Police,-0.459979,51.400304,On or near Laleham Road,E01030724,Spelthorne 012D,Bicycle theft,Investigation complete; no suspect identified,
b7d378a7a543bcc95e8a007d156a3bf9858b38775fbc188836545657f682ed01,2023-06,Surrey Police,Surrey Police,-0.460103,51.400036,On or near Wright Gardens,E01030724,Spelthorne 012D,Burglary,Status update unavailable,
c13e1c7c8869df56568c81d34b8371b33750c0b300bd29fc4f6f21497a1a1c3c,2023-06,Surrey Police,Surrey Police,-0.459979,51.400304,On or near Laleham Road,E01030724,Spelthorne 012D,Criminal damage and arson,Investigation complete; no suspect identified,
4bdd2d66e155e933a3b7c0469d0bbb6b88c1f9e017c756e360c95158c2c7da7b,2023-06,Surrey Police,Surrey Police,-0.458435,51.397074,On or near Jessiman Terrace,E01030724,Spelthorne 012D,Other theft,Investigation complete; no suspect identified,
308a8ff6e03e74c9b61d9523c37d28ba368bcfcfb93404c18d15577b54ce8744,2023-06,Surrey Police,Surrey Police,-0.460996,51.398726,On or near Mandeville Road,E01030724,Spelthorne 012D,Vehicle crime,Investigation complete; no suspect identified,
83c231f0cc50c9b4be7f0560c33058e034fd655a8bbb0cfdca095e7c29b14510,2023-06,Surrey Police,Surrey Police,-0.460237,51.397781,On or near Pool End Close,E01030724,Spelthorne 012D,Violence and sexual offences,Unable to prosecute suspect,
93024b0220bf629f4328dfbd2845c55461e8af85adab637ea325af1f87268dbd,2023-06,Surrey Police,Surrey Police,-0.454917,51.397819,On or near Harrison Way,E01030724,Spelthorne 012D,Violence and sexual offences,Unable to prosecute suspect,
,2023-06,Surrey Police,Surrey Police,-0.466295,51.383823,On or near Reed Place,E01030730,Spelthorne 013A,Anti-social behaviour,,
,2023-06,Surrey Police,Surrey Police,-0.479381,51.391826,On or near Park/Open Space,E01030730,Spelthorne 013A,Anti-social behaviour,,
,2023-06,Surrey Police,Surrey Police,-0.457438,51.387808,On or near Chertsey Road,E01030730,Spelthorne 013A,Anti-social behaviour,,
,2023-06,Surrey Police,Surrey Police,-0.447907,51.398499,On or near Old Charlton Road,E01030730,Spelthorne 013A,Anti-social behaviour,,
71228315eda0d82d27fd9cad32f35fd61707fc398e855758d606039bfdea2869,2023-06,Surrey Police,Surrey Police,-0.449114,51.398515,On or near Barbara Close,E01030730,Spelthorne 013A,Burglary,Status update unavailable,
2daae89a9d4df7abc8eeb83297a4190cccca3a98421a7f1c54e774094e0b191b,2023-06,Surrey Police,Surrey Police,-0.461086,51.382757,On or near Parking Area,E01030730,Spelthorne 013A,Drugs,Local resolution,
522ec0ac78f372f56648a9c6c5d8ff22207b6e0eba3b8558a657b237902ca7a2,2023-06,Surrey Police,Surrey Police,-0.461086,51.382757,On or near Parking Area,E01030730,Spelthorne 013A,Drugs,Status update unavailable,
85a80a61daff4d89a72d92baf2d2c7b0b0794bf823cc4d5322705f0edbae75eb,2023-06,Surrey Police,Surrey Police,-0.457165,51.382687,On or near Ferry Terminal,E01030730,Spelthorne 013A,Other theft,Investigation complete; no suspect identified,
6c42e0ed835a507bf24e760b11043c817d6e4b4769e3412c6754f66db18cfcb3,2023-06,Surrey Police,Surrey Police,-0.482268,51.389705,On or near Chertsey Bridge Road,E01030730,Spelthorne 013A,Other theft,Investigation complete; no suspect identified,
293e570661e76e08fde9acf9ac8e9d78cfc37f3ade421e83edd76e9ac337e5b8,2023-06,Surrey Police,Surrey Police,-0.451418,51.395435,On or near Barton Close,E01030730,Spelthorne 013A,Other theft,Investigation complete; no suspect identified,
15cef4dd053a1737c571f5ed841e489297223bfd14685dc9ad045c0c3ac3208c,2023-06,Surrey Police,Surrey Police,-0.483438,51.389100,On or near Parking Area,E01030730,Spelthorne 013A,Vehicle crime,Investigation complete; no suspect identified,
7cac3527c6b1bb2ffb5ace9f5430618b43d8f00f20888860c52dc5c100eecf06,2023-06,Surrey Police,Surrey Police,-0.451069,51.396806,On or near Laleham Road,E01030730,Spelthorne 013A,Violence and sexual offences,Unable to prosecute suspect,
29918f1d05d459bb3549e00a1251e6b10e88c41388e26d84cea6d6b542cb787a,2023-06,Surrey Police,Surrey Police,-0.483438,51.389100,On or near Parking Area,E01030730,Spelthorne 013A,Violence and sexual offences,Status update unavailable,
ea48428fd40fddbce6586a925135b518cac6d6487b35352e5e725f8890006984,2023-06,Surrey Police,Surrey Police,-0.474707,51.390596,On or near B375,E01030730,Spelthorne 013A,Violence and sexual offences,Investigation complete; no suspect identified,
63c2e0902ea53bcac5fb3974511e9bc7edbbe5021c4b186fbad68e470bdf471d,2023-06,Surrey Police,Surrey Police,-0.444345,51.397130,On or near Govett Avenue,E01030731,Spelthorne 013B,Public order,Unable to prosecute suspect,
d95604304e87d1392adfe059ef563d385e0b4f8a59471350668a24254716d458,2023-06,Surrey Police,Surrey Police,-0.446958,51.396823,On or near Shepperton,E01030731,Spelthorne 013B,Robbery,Court result unavailable,
,2023-06,Surrey Police,Surrey Police,-0.433241,51.398160,On or near Parking Area,E01030732,Spelthorne 013C,Anti-social behaviour,,
,2023-06,Surrey Police,Surrey Police,-0.431871,51.388628,On or near Swan Walk,E01030732,Spelthorne 013C,Anti-social behaviour,,
,2023-06,Surrey Police,Surrey Police,-0.431871,51.388628,On or near Swan Walk,E01030732,Spelthorne 013C,Anti-social behaviour,,
,2023-06,Surrey Police,Surrey Police,-0.431101,51.385929,On or near Parking Area,E01030732,Spelthorne 013C,Anti-social behaviour,,
8f8d210eff003b8c970822c1450b263540bf542649abbe0be1e5e56a4d9063a9,2023-06,Surrey Police,Surrey Police,-0.431871,51.388628,On or near Swan Walk,E01030732,Spelthorne 013C,Burglary,Investigation complete; no suspect identified,
53129a571bf4f2b416c28407c0c9b661e279228efdd125c99616cf747e002b20,2023-06,Surrey Police,Surrey Police,-0.436758,51.386517,On or near Thames Meadow,E01030732,Spelthorne 013C,Drugs,Local resolution,
7177a5db5f9e9c8ce94c554661995050ba937850c9b251b6eab8b99c3e166160,2023-06,Surrey Police,Surrey Police,-0.436758,51.386517,On or near Thames Meadow,E01030732,Spelthorne 013C,Public order,Unable to prosecute suspect,
138bbe29b7cdcd1a2dd9df9fd1dd4747f2eb3f94572a87a983276ea8c399c09a,2023-06,Surrey Police,Surrey Police,-0.429770,51.388717,On or near Riverside,E01030732,Spelthorne 013C,Violence and sexual offences,Investigation complete; no suspect identified,
132162b36d11370c097710207d17954935392fcde44ce8d760580c8dbb737576,2023-06,Surrey Police,Surrey Police,-0.436758,51.386517,On or near Thames Meadow,E01030732,Spelthorne 013C,Violence and sexual offences,Court result unavailable,
778f8807087bf45d13ab43ca74e2ab34510dc6afafbfb57d5faa3ca3d3b426c7,2023-06,Surrey Police,Surrey Police,-0.429770,51.388717,On or near Riverside,E01030732,Spelthorne 013C,Violence and sexual offences,Investigation complete; no suspect identified,
a625e5e5ef871a874440fe1e12ec9632d69af52cf872f0cbe405d1e1fd0c07d5,2023-06,Surrey Police,Surrey Police,-0.448633,51.393608,On or near High Street,E01030733,Spelthorne 013D,Violence and sexual offences,Court result unavailable,
,2023-06,Surrey Police,Surrey Police,-0.448152,51.395077,On or near Supermarket,E01030733,Spelthorne 013D,Anti-social behaviour,,
,2023-06,Surrey Police,Surrey Police,-0.448633,51.393608,On or near High Street,E01030733,Spelthorne 013D,Anti-social behaviour,,
6a7629121cfe521fde45c8a1c4b89fb6549c03ffb166ed39109b6b4c1fa9bc34,2023-06,Surrey Police,Surrey Police,-0.448152,51.395077,On or near Supermarket,E01030733,Spelthorne 013D,Bicycle theft,Investigation complete; no suspect identified,
9810ac4f43c3af28e80fa6fbc2640d33d52eb5c8378e35866e5fce8dd19eca9b,2023-06,Surrey Police,Surrey Police,-0.442618,51.393403,On or near Manygate Lane,E01030733,Spelthorne 013D,Burglary,Investigation complete; no suspect identified,
3f2736415a71d2988a3295ae6dedd51a36482fe1a772be259cddd207325e8f4d,2023-06,Surrey Police,Surrey Police,-0.444113,51.393395,On or near Grove Road,E01030733,Spelthorne 013D,Burglary,Status update unavailable,
246f0a37c7fab03c71b4b46cd3b6c4507c1ecb561d164090dd03e2a030642be0,2023-06,Surrey Police,Surrey Police,-0.448152,51.395077,On or near Supermarket,E01030733,Spelthorne 013D,Criminal damage and arson,Investigation complete; no suspect identified,
df9c9ad916bf0a2b9cfd9e4af95c41bde8814f559db8b73f903a8f7965719c22,2023-06,Surrey Police,Surrey Police,-0.445352,51.390750,On or near Wadham Close,E01030733,Spelthorne 013D,Other theft,Investigation complete; no suspect identified,
d5699ff2c3e5b68da357958e6492131e848e48de3464cb897304533f82ad673b,2023-06,Surrey Police,Surrey Police,-0.449537,51.395374,On or near Claremont Drive,E01030733,Spelthorne 013D,Public order,Investigation complete; no suspect identified,
c0d51d9e84726541795dab07160acd193d2bbff58096a82f79897eafd537b7f7,2023-06,Surrey Police,Surrey Police,-0.448152,51.395077,On or near Supermarket,E01030733,Spelthorne 013D,Shoplifting,Unable to prosecute suspect,
88a06c152604a66389749629096f66cc7bf44a73c9c796df2520117f512f46d5,2023-06,Surrey Police,Surrey Police,-0.448633,51.393608,On or near High Street,E01030733,Spelthorne 013D,Shoplifting,Unable to prosecute suspect,
e022f7fb6fbb16cd85f4a9c423ea2f12c13e015ef4f0282fc0a58e6da529d9be,2023-06,Surrey Police,Surrey Police,-0.442452,51.390235,On or near Russell Road,E01030733,Spelthorne 013D,Vehicle crime,Investigation complete; no suspect identified,
3f18f2e2268f4c449bc218d4a75fddbaaf452f526e3a05ab90eccf9dd5db6aa1,2023-06,Surrey Police,Surrey Police,-0.445352,51.390750,On or near Wadham Close,E01030733,Spelthorne 013D,Vehicle crime,Investigation complete; no suspect identified,
176f2de0ca1842757ae1a8ba23dd0c9d133222c2a8a573d8ae55ee4fce9dda50,2023-06,Surrey Police,Surrey Police,-0.442618,51.393403,On or near Manygate Lane,E01030733,Spelthorne 013D,Violence and sexual offences,Local resolution,
2002339672fa2a04b27eada7153b09e9af1e8702aae5c3f9e27c07a478c043fd,2023-06,Surrey Police,Surrey Police,-0.450125,51.394545,On or near Grant Close,E01030733,Spelthorne 013D,Violence and sexual offences,Unable to prosecute suspect,
61faad098f3901b6595964fb823377063e696d20d83b9e2f35e3e1346d5d3df7,2023-06,Surrey Police,Surrey Police,-0.442618,51.393403,On or near Manygate Lane,E01030733,Spelthorne 013D,Violence and sexual offences,Unable to prosecute suspect,
f37ee4d11f6b77a58ed88ced6095903eab0acb1c58ee6fd192a292046a27ab11,2023-06,Surrey Police,Surrey Police,-0.447633,51.392165,On or near Glebeland Gardens,E01030733,Spelthorne 013D,Violence and sexual offences,Unable to prosecute suspect,
e8c63d7ac7a19213e80c29bef33843ca34bd92e5726d1b5b2566e64dd0f7a29d,2023-06,Surrey Police,Surrey Police,-0.442618,51.393403,On or near Manygate Lane,E01030733,Spelthorne 013D,Violence and sexual offences,Unable to prosecute suspect,
4550e0d2b54d3ccd91701ee556faf4b2f43f17d2d12f44f5a74b2cd463e78900,2023-06,Surrey Police,Surrey Police,-0.442618,51.393403,On or near Manygate Lane,E01030733,Spelthorne 013D,Other crime,Unable to prosecute suspect,
33e185c2c8fe97144b5b1347d9ce0a9cb3f1fb6686e8a00975c159923901a086,2023-06,Surrey Police,Surrey Police,-0.442618,51.393403,On or near Manygate Lane,E01030733,Spelthorne 013D,Other crime,Further investigation is not in the public interest,
e55d4016947edc97edb6d495a31959a2512bbf275b28d153e16d57dacddeb182,2023-06,Surrey Police,Surrey Police,-0.633232,51.367653,On or near Highams Lane,E01030763,Surrey Heath 001A,Drugs,Unable to prosecute suspect,
,2023-06,Surrey Police,Surrey Police,-0.614729,51.375780,On or near Parking Area,E01030763,Surrey Heath 001A,Anti-social behaviour,,
,2023-06,Surrey Police,Surrey Police,-0.614729,51.375780,On or near Parking Area,E01030763,Surrey Heath 001A,Anti-social behaviour,,
,2023-06,Surrey Police,Surrey Police,-0.614729,51.375780,On or near Parking Area,E01030763,Surrey Heath 001A,Anti-social behaviour,,
,2023-06,Surrey Police,Surrey Police,-0.577309,51.349524,On or near Chertsey Road,E01030763,Surrey Heath 001A,Anti-social behaviour,,
,2023-06,Surrey Police,Surrey Police,-0.631098,51.364518,On or near Park/Open Space,E01030763,Surrey Heath 001A,Anti-social behaviour,,
,2023-06,Surrey Police,Surrey Police,-0.607743,51.359745,On or near Heather Way,E01030763,Surrey Heath 001A,Anti-social behaviour,,
491ab7ec868d15504867968dd320109544f002f0c5ff22241fc705b3a1854474,2023-06,Surrey Police,Surrey Police,-0.577309,51.349524,On or near Chertsey Road,E01030763,Surrey Heath 001A,Drugs,Status update unavailable,
5494314f4f978cc8a69e1a87e9093217a1db64c8bc159cde0ba71a4d8e94eee8,2023-06,Surrey Police,Surrey Police,-0.614729,51.375780,On or near Parking Area,E01030763,Surrey Heath 001A,Public order,Investigation complete; no suspect identified,
ffdd8579796053c7f8c3e21ab9544656dbca49ae85caa7d37b2ca077768ac758,2023-06,Surrey Police,Surrey Police,-0.584620,51.363893,On or near Gracious Pond Road,E01030763,Surrey Heath 001A,Vehicle crime,Unable to prosecute suspect,
fda32f3a1a5d66010435c1e359698a10f879251b27abe39779380d2a15f0b67e,2023-06,Surrey Police,Surrey Police,-0.607743,51.359745,On or near Heather Way,E01030763,Surrey Heath 001A,Vehicle crime,Status update unavailable,
cdab26bac4faf078c366d2baac769cbce8aa8227db75b369b173d1956681bf01,2023-06,Surrey Police,Surrey Police,-0.631098,51.364518,On or near Park/Open Space,E01030763,Surrey Heath 001A,Violence and sexual offences,Investigation complete; no suspect identified,
0fe870e1df4bdededd1af6bc45c563b81694dced299dd532d4895e24cf669662,2023-06,Surrey Police,Surrey Police,-0.624340,51.360472,On or near Woodcock Lane,E01030763,Surrey Heath 001A,Violence and sexual offences,Unable to prosecute suspect,
,2023-06,Surrey Police,Surrey Police,-0.603012,51.345310,On or near Petrol Station,E01030764,Surrey Heath 001B,Anti-social behaviour,,
,2023-06,Surrey Police,Surrey Police,-0.603012,51.345310,On or near Petrol Station,E01030764,Surrey Heath 001B,Anti-social behaviour,,
,2023-06,Surrey Police,Surrey Police,-0.604217,51.350531,On or near The Grange,E01030764,Surrey Heath 001B,Anti-social behaviour,,
,2023-06,Surrey Police,Surrey Police,-0.603417,51.347563,On or near High Street,E01030764,Surrey Heath 001B,Anti-social behaviour,,
,2023-06,Surrey Police,Surrey Police,-0.603012,51.345310,On or near Petrol Station,E01030764,Surrey Heath 001B,Anti-social behaviour,,
af257f44dd0236576857504b93e27987700aee3622dccb61d73cac78057f73ba,2023-06,Surrey Police,Surrey Police,-0.605292,51.347784,On or near Bagshot Road,E01030764,Surrey Heath 001B,Public order,Investigation complete; no suspect identified,
04d706d5df2fcc1585a2c55327d1e6fdb4378413bd19805615e8c411cc96c0d7,2023-06,Surrey Police,Surrey Police,-0.605292,51.347784,On or near Bagshot Road,E01030764,Surrey Heath 001B,Shoplifting,Investigation complete; no suspect identified,
76961819d2ae101b2fda08a2e6e69d09b68e99e46577920ad034d7f8b8f27cee,2023-06,Surrey Police,Surrey Police,-0.605292,51.347784,On or near Bagshot Road,E01030764,Surrey Heath 001B,Shoplifting,Unable to prosecute suspect,
3253244f2f9840383fe85222d4fd84c18f14bc6d27775435c24d504ebfc0b2ae,2023-06,Surrey Police,Surrey Police,-0.606107,51.351669,On or near Leslie Road,E01030764,Surrey Heath 001B,Violence and sexual offences,Investigation complete; no suspect identified,
,2023-06,Surrey Police,Surrey Police,-0.596273,51.351569,On or near Brookleys,E01030765,Surrey Heath 001C,Anti-social behaviour,,
,2023-06,Surrey Police,Surrey Police,-0.604709,51.354665,On or near Bowling Green Road,E01030765,Surrey Heath 001C,Anti-social behaviour,,
,2023-06,Surrey Police,Surrey Police,-0.598716,51.349638,On or near Barnmead,E01030765,Surrey Heath 001C,Anti-social behaviour,,
6065200b2f8dc437eb280829a3c6a15f65e812539ecd87161ff4ec0b0165e154,2023-06,Surrey Police,Surrey Police,-0.604105,51.355647,On or near Little Heath Road,E01030765,Surrey Heath 001C,Criminal damage and arson,Unable to prosecute suspect,
16a15ee02d50e4f568495b7508287557772d874917ca121416a69c15e00be6bf,2023-06,Surrey Police,Surrey Police,-0.604105,51.355647,On or near Little Heath Road,E01030765,Surrey Heath 001C,Criminal damage and arson,Investigation complete; no suspect identified,
bf73011e4f6d7680ffa2b2e05ecd13307ff39672ebf257b72112d522a021f8f1,2023-06,Surrey Police,Surrey Police,-0.604105,51.355647,On or near Little Heath Road,E01030765,Surrey Heath 001C,Criminal damage and arson,Unable to prosecute suspect,
192f45bc01d3b029d8eac2e2b4eeb55e0bcf089e6d643fc09ff85093cae3fce1,2023-06,Surrey Police,Surrey Police,-0.599226,51.354087,On or near Garden Drive,E01030765,Surrey Heath 001C,Other theft,Unable to prosecute suspect,
e2781e93bd016c4b6ace879d5154d1c3df167897dee6903d65e23e50fe093d48,2023-06,Surrey Police,Surrey Police,-0.597646,51.351748,On or near Waterperry Lane,E01030765,Surrey Heath 001C,Public order,Unable to prosecute suspect,
0e845436550d9fe738585fc259e73d04f36d410509cfe5eb8eec3b03f899b548,2023-06,Surrey Police,Surrey Police,-0.596273,51.351569,On or near Brookleys,E01030765,Surrey Heath 001C,Violence and sexual offences,Unable to prosecute suspect,
d6eecb7a358384f06cac38859417067802da0fcf920850935d170983a6b62585,2023-06,Surrey Police,Surrey Police,-0.604709,51.354665,On or near Bowling Green Road,E01030765,Surrey Heath 001C,Violence and sexual offences,Status update unavailable,
d7530fb84d9a770e5e9a7ec6f5fc59edfe9f8ba19aed2d58bfb30cf6fb54d7a8,2023-06,Surrey Police,Surrey Police,-0.604105,51.355647,On or near Little Heath Road,E01030765,Surrey Heath 001C,Violence and sexual offences,Unable to prosecute suspect,
1a343bfa03f64d9c7c8d7113cb401d6d02bd549e71e42e54dfc093178165c230,2023-06,Surrey Police,Surrey Police,-0.599331,51.352074,On or near Delta Close,E01030765,Surrey Heath 001C,Other crime,Unable to prosecute suspect,
b9e02ed24389d8bc5af7dbdeed6118f824d7a31012c4c3ef7c13f02c1faf36f6,2023-06,Surrey Police,Surrey Police,-0.663880,51.363007,On or near Rectory Lane,E01030809,Surrey Heath 001D,Criminal damage and arson,Investigation complete; no suspect identified,
7cdd8cf2aacac3c73137c8f35e03e27a007b658783a63bd0a4b258e9f54ee93b,2023-06,Surrey Police,Surrey Police,-0.656605,51.360280,On or near Broadway Road,E01030809,Surrey Heath 001D,Drugs,Further action is not in the public interest,
89af0493fceef4295572c5427aeebad0b8bbd091fcc8c323276f5be1f4f77c8a,2023-06,Surrey Police,Surrey Police,-0.656605,51.360280,On or near Broadway Road,E01030809,Surrey Heath 001D,Drugs,Offender given a caution,
80bb3122e79fd65b741fa9ec07b54b9d9461ed984dc9d5a5bdad098c0c5f0584,2023-06,Surrey Police,Surrey Police,-0.655446,51.362110,On or near Hutton Close,E01030809,Surrey Heath 001D,Public order,Unable to prosecute suspect,
b68e2d30d590a3a8d4b1e719ba4ea6839740214d2b92e56d73d50fa6a6d4fbed,2023-06,Surrey Police,Surrey Police,-0.659552,51.364144,On or near Graham Road,E01030809,Surrey Heath 001D,Public order,Unable to prosecute suspect,
f95a75679f6b6577b133d669cf9419eeea2993fa7869ded8ae7dd7f43a718a2e,2023-06,Surrey Police,Surrey Police,-0.656806,51.362728,On or near Deans Court,E01030809,Surrey Heath 001D,Violence and sexual offences,Unable to prosecute suspect,
,2023-06,Surrey Police,Surrey Police,-0.670637,51.377192,On or near Petrol Station,E01030810,Surrey Heath 001E,Anti-social behaviour,,
ddadcdad9abbe8a9d3475d47fa73ccae15d5b0f9c1268b47cae20296a7a8f592,2023-06,Surrey Police,Surrey Police,-0.669526,51.371389,On or near Moor Place,E01030810,Surrey Heath 001E,Violence and sexual offences,Unable to prosecute suspect,
cba2f30e0e42d2ecac34dd1f88a07caf30760f7a4fe52c8ffceda7b8de6ca16a,2023-06,Surrey Police,Surrey Police,-0.642480,51.356601,On or near Rye Grove,E01030811,Surrey Heath 001F,Criminal damage and arson,Investigation complete; no suspect identified,
c1639f9aaf878777a6c03409c5287fef28c5053567563fd3be73e3288ef20339,2023-06,Surrey Police,Surrey Police,-0.692603,51.354608,On or near Shepherds Chase,E01030757,Surrey Heath 002A,Violence and sexual offences,Unable to prosecute suspect,
,2023-06,Surrey Police,Surrey Police,-0.694337,51.353719,On or near Hodges Close,E01030757,Surrey Heath 002A,Anti-social behaviour,,
,2023-06,Surrey Police,Surrey Police,-0.683570,51.356081,On or near Weston Grove,E01030757,Surrey Heath 002A,Anti-social behaviour,,
,2023-06,Surrey Police,Surrey Police,-0.681671,51.359719,On or near Swift Lane,E01030757,Surrey Heath 002A,Anti-social behaviour,,
c7ca201bd95b206723bb539bcd32630fadf3b80d34d80c1a1e1019c68d7562e5,2023-06,Surrey Police,Surrey Police,-0.689829,51.356700,On or near Waggoners Hollow,E01030757,Surrey Heath 002A,Criminal damage and arson,Unable to prosecute suspect,
285be183c82bde60392f3fcad7c6a9fb780c8c18da3fca2eee729ad66d80ccb3,2023-06,Surrey Police,Surrey Police,-0.684243,51.358678,On or near Manor Wood Grove,E01030757,Surrey Heath 002A,Other theft,Status update unavailable,
cb3125cfd7ccd5973eab67f2340e2dd6ef8c02500f266d3a0e572e7ea677d060,2023-06,Surrey Police,Surrey Police,-0.683570,51.356081,On or near Weston Grove,E01030757,Surrey Heath 002A,Public order,Investigation complete; no suspect identified,
5e2f53b1c63e6d8a0c2955518fb554665c573b0a82e99de9c90791671c852642,2023-06,Surrey Police,Surrey Police,-0.683570,51.356081,On or near Weston Grove,E01030757,Surrey Heath 002A,Public order,Investigation complete; no suspect identified,
,2023-06,Surrey Police,Surrey Police,-0.685329,51.361379,On or near Bell Place,E01030758,Surrey Heath 002B,Anti-social behaviour,,
,2023-06,Surrey Police,Surrey Police,-0.688603,51.364905,On or near Parking Area,E01030758,Surrey Heath 002B,Anti-social behaviour,,
186c068616b39015171f63a7ca3bce4e79886a41c6ddd6de05fb9213705895ed,2023-06,Surrey Police,Surrey Police,-0.688568,51.365633,On or near Lory Ridge,E01030758,Surrey Heath 002B,Criminal damage and arson,Investigation complete; no suspect identified,
1153dc3c385623b687c88acd9e2857eb82b47649d751ab914a4ec65fb04c90fc,2023-06,Surrey Police,Surrey Police,-0.689262,51.372016,On or near Dukes Hill,E01030758,Surrey Heath 002B,Public order,Unable to prosecute suspect,
fb3577e292feb87a2de1e2cd29ec474826fb08863468fbd277db8634978fda12,2023-06,Surrey Police,Surrey Police,-0.689262,51.372016,On or near Dukes Hill,E01030758,Surrey Heath 002B,Shoplifting,Investigation complete; no suspect identified,
bce4e616c2770a9ad70ca85f3ca63a7d8b52874178fab156eacdf235fcb469d2,2023-06,Surrey Police,Surrey Police,-0.683723,51.368276,On or near Grove End,E01030758,Surrey Heath 002B,Violence and sexual offences,Unable to prosecute suspect,
,2023-06,Surrey Police,Surrey Police,-0.687224,51.358882,On or near Manor Way,E01030759,Surrey Heath 002C,Anti-social behaviour,,
,2023-06,Surrey Police,Surrey Police,-0.687377,51.360080,On or near Heath Road,E01030759,Surrey Heath 002C,Anti-social behaviour,,
,2023-06,Surrey Police,Surrey Police,-0.691356,51.359567,On or near St Mary'S Gardens,E01030759,Surrey Heath 002C,Anti-social behaviour,,
7e37547d570cb9f784ebfe622eeb128d6ba9ee3afcf52c58afc5a2cc2149bee0,2023-06,Surrey Police,Surrey Police,-0.694615,51.361114,On or near London Road,E01030759,Surrey Heath 002C,Other theft,Investigation complete; no suspect identified,
a3fd6b5e9abf548a5d5c6745e73a609f2e458de3edf5b1d8438bd4d5d8830aa4,2023-06,Surrey Police,Surrey Police,-0.691097,51.362586,On or near Bridge Road,E01030759,Surrey Heath 002C,Other theft,Investigation complete; no suspect identified,
c0b74e5891898a8bf79d3bd731c4fbad87c4b9d1876382ad32e51f92391c58d4,2023-06,Surrey Police,Surrey Police,-0.689494,51.359366,On or near Bagshot Green,E01030759,Surrey Heath 002C,Public order,Investigation complete; no suspect identified,
4bbe4b3f47fa991102267ee28ecfdd6049c4d4de543577e7ff54943b328fa152,2023-06,Surrey Police,Surrey Police,-0.689494,51.359366,On or near Bagshot Green,E01030759,Surrey Heath 002C,Public order,Unable to prosecute suspect,
1deaf9e99638108f5f2726de9f1e6dcc4aaaaeff1ae4976d35e515606775a236,2023-06,Surrey Police,Surrey Police,-0.690864,51.360695,On or near Waverley Road,E01030759,Surrey Heath 002C,Shoplifting,Investigation complete; no suspect identified,
5bfe1cbc35bfdd3235aec00b3e8027c3b8cec8da162380b55bfdc5669057b6b3,2023-06,Surrey Police,Surrey Police,-0.690864,51.360695,On or near Waverley Road,E01030759,Surrey Heath 002C,Shoplifting,Investigation complete; no suspect identified,
9ec777de9212cdb22f6722eff64ea482298e0fd3e6d7f5e8d2e1674bb7d45435,2023-06,Surrey Police,Surrey Police,-0.693206,51.361656,On or near Park Street,E01030759,Surrey Heath 002C,Theft from the person,Investigation complete; no suspect identified,
d739630cce53d100070ee5daf74fdd5166429177a87a20117526fce1f7b9c5ce,2023-06,Surrey Police,Surrey Police,-0.689494,51.359366,On or near Bagshot Green,E01030759,Surrey Heath 002C,Violence and sexual offences,Unable to prosecute suspect,
f8d9135d887faca613f34a9d64854e8ce9cefcf8a5e3c1c2cc684395b9d9faaa,2023-06,Surrey Police,Surrey Police,-0.687224,51.358882,On or near Manor Way,E01030759,Surrey Heath 002C,Violence and sexual offences,Unable to prosecute suspect,
14725c3ab922d31207741e7acfa5a534394a58f0b627db3c5cbb34b7e29fcb55,2023-06,Surrey Police,Surrey Police,-0.694615,51.361114,On or near London Road,E01030759,Surrey Heath 002C,Violence and sexual offences,Further action is not in the public interest,
8c6b1e6a084c94c2b5ea641d9e9a47082fe4918b3116fa21e66f8d9166f18b28,2023-06,Surrey Police,Surrey Police,-0.691841,51.362198,On or near Half Moon Street,E01030759,Surrey Heath 002C,Violence and sexual offences,Unable to prosecute suspect,
,2023-06,Surrey Police,Surrey Police,-0.699700,51.355264,On or near Shopping Area,E01030760,Surrey Heath 002D,Anti-social behaviour,,
,2023-06,Surrey Police,Surrey Police,-0.697420,51.358448,On or near Lower Mill Field,E01030760,Surrey Heath 002D,Anti-social behaviour,,
af1c8d9fda9b326cf1a09c8f15e4741bf0ee3b8e68275bbe25df876777906e10,2023-06,Surrey Police,Surrey Police,-0.705574,51.359069,On or near Pinewood Gardens,E01030760,Surrey Heath 002D,Criminal damage and arson,Further investigation is not in the public interest,
fb124710c903dea6834caaed0490292f1b2717351fbe7e16a7aa491a43b90e27,2023-06,Surrey Police,Surrey Police,-0.699700,51.355264,On or near Shopping Area,E01030760,Surrey Heath 002D,Public order,Investigation complete; no suspect identified,
a515d51fe941791fed6f924f954d2d31c99f14e12074da29e379c51f90e57e28,2023-06,Surrey Police,Surrey Police,-0.694217,51.358457,On or near School Lane,E01030760,Surrey Heath 002D,Public order,Unable to prosecute suspect,
3a25da7ecb3981f350fecbf12df6dbc7d65cf307b5a9cb299c679722ef97793c,2023-06,Surrey Police,Surrey Police,-0.697454,51.356209,On or near Allbrook Close,E01030760,Surrey Heath 002D,Public order,Investigation complete; no suspect identified,
8bf243ef422a66d56dea5d832e8cff57002c0073e090b3508078aee06d0dd39f,2023-06,Surrey Police,Surrey Police,-0.699700,51.355264,On or near Shopping Area,E01030760,Surrey Heath 002D,Violence and sexual offences,Court result unavailable,
7fc756c3cd3acdb33e458c1d68a9a48ffd51d733edc57b273b279d1ceb0a90f9,2023-06,Surrey Police,Surrey Police,-0.679029,51.350679,On or near Badger Drive,E01030778,Surrey Heath 003A,Burglary,Investigation complete; no suspect identified,
1b46048ca505b59e6dcf04155ce017bc4068c96890068e59c224213cacec3364,2023-06,Surrey Police,Surrey Police,-0.679029,51.350679,On or near Badger Drive,E01030778,Surrey Heath 003A,Public order,Further investigation is not in the public interest,
c5a94313db1233ebb327b72a7fc555c0f475e9b5bf762bf9f69d69b73753c667,2023-06,Surrey Police,Surrey Police,-0.670844,51.345218,On or near Burdock Close,E01030778,Surrey Heath 003A,Violence and sexual offences,Investigation complete; no suspect identified,
0bbc02090ce21e03aa42deafb708fb2337de98f682c65fc02fe6d0b75c4c2f2c,2023-06,Surrey Police,Surrey Police,-0.679029,51.350679,On or near Badger Drive,E01030778,Surrey Heath 003A,Other crime,Further investigation is not in the public interest,
,2023-06,Surrey Police,Surrey Police,-0.667653,51.348294,On or near Keswick Drive,E01030779,Surrey Heath 003B,Anti-social behaviour,,
e2b98794cfd23cd41a0a0412810f3ce9c256baa91c61839904a46c1464faed2b,2023-06,Surrey Police,Surrey Police,-0.665433,51.351568,On or near Coyne Close,E01030779,Surrey Heath 003B,Drugs,Local resolution,
8339ffe7f2f7a926439a7845e1aff835d1ca3d25000be9d5a61d67cbb3f67923,2023-06,Surrey Police,Surrey Police,-0.656673,51.348636,On or near Marshwood Road,E01030779,Surrey Heath 003B,Drugs,Court result unavailable,
07f0a7aa6b40308692f882280de9daf71193c46662cf727d01480619d5aba0ca,2023-06,Surrey Police,Surrey Police,-0.669037,51.346628,On or near Lightwater Meadow,E01030779,Surrey Heath 003B,Other theft,Investigation complete; no suspect identified,
a7c04bb8258cfad288d909711ffcc9d3eea9b054844d4198ef1f11cf3133303c,2023-06,Surrey Police,Surrey Police,-0.663988,51.350904,On or near Petrol Station,E01030779,Surrey Heath 003B,Other theft,Investigation complete; no suspect identified,
d7a79f8d398de8375378bca5074ae07c151733bf123e22a3d80d9778b3663859,2023-06,Surrey Police,Surrey Police,-0.664899,51.350690,On or near Supermarket,E01030779,Surrey Heath 003B,Shoplifting,Investigation complete; no suspect identified,
ac24f8c03cc44af2b7d44971fba254e0e799b6a2eecd08d43854af70618c3389,2023-06,Surrey Police,Surrey Police,-0.661438,51.349688,On or near Meadowbank Road,E01030779,Surrey Heath 003B,Vehicle crime,Investigation complete; no suspect identified,
401c64bf2783e45841f34bdc9ffaa52cf987f21e63d6af6ecb293d7b47d79805,2023-06,Surrey Police,Surrey Police,-0.664838,51.350303,On or near Denly Way,E01030779,Surrey Heath 003B,Violence and sexual offences,Action to be taken by another organisation,
00db78ea97dc32431ac3c1cc5cf5909b8395ed87ef8771b0947a1a78cc4e505c,2023-06,Surrey Police,Surrey Police,-0.664838,51.350303,On or near Denly Way,E01030779,Surrey Heath 003B,Violence and sexual offences,Further investigation is not in the public interest,
7259b998dcdda791e9a9c5e190c34610dccfac5f3344456dbafd2bfe2ecdadeb,2023-06,Surrey Police,Surrey Police,-0.664878,51.351391,On or near Guildford Road,E01030779,Surrey Heath 003B,Violence and sexual offences,Unable to prosecute suspect,
1797b6726fb2d28b3349f6901ba966ad6aa231981799f61d09a5aa51b73d08d7,2023-06,Surrey Police,Surrey Police,-0.661305,51.351014,On or near Sports/Recreation Area,E01030779,Surrey Heath 003B,Violence and sexual offences,Further investigation is not in the public interest,
dcdec4317708d1412bb1c77ba3548e4f7430fb20446057e5e77c51f53634e992,2023-06,Surrey Police,Surrey Police,-0.678741,51.344211,On or near Ivy Drive,E01030780,Surrey Heath 003C,Public order,Unable to prosecute suspect,
c9b32a4fe0317d83be8d291f09323441c43c0289e003134bea12112f8d3ae604,2023-06,Surrey Police,Surrey Police,-0.677084,51.354893,On or near South Farm Lane,E01030781,Surrey Heath 003D,Public order,Investigation complete; no suspect identified,
203a1321f6d6851146468780fbcb51b7168831369b17054e623a639eb3532c1b,2023-06,Surrey Police,Surrey Police,-0.670319,51.351957,On or near Coniston Court,E01030781,Surrey Heath 003D,Violence and sexual offences,Further action is not in the public interest,
8631ac7714fe7f27dafcd5610069dabf13ef03a667f41ad3c598a651d47d69a4,2023-06,Surrey Police,Surrey Police,-0.716881,51.348151,On or near Little Paddock,E01030786,Surrey Heath 004A,Violence and sexual offences,Unable to prosecute suspect,
a2ad20487d710a5d4e91cce32f477ef8de9cbe27406c796afe926dd706d39145,2023-06,Surrey Police,Surrey Police,-0.725398,51.347066,On or near Deanside,E01030787,Surrey Heath 004B,Shoplifting,Court result unavailable,
dfd148d2c4ff9d8c0b70bff8a625ed240b6a4cbbca98c7515d4416546bcabb4b,2023-06,Surrey Police,Surrey Police,-0.725398,51.347066,On or near Deanside,E01030787,Surrey Heath 004B,Shoplifting,Court result unavailable,
9d1eb0a594df9ccccf03a243f2506e91add34543ac9694a1bb52167d6a8bfdca,2023-06,Surrey Police,Surrey Police,-0.725398,51.347066,On or near Deanside,E01030787,Surrey Heath 004B,Shoplifting,Court result unavailable,
,2023-06,Surrey Police,Surrey Police,-0.732818,51.348234,On or near Wishmoor Close,E01030787,Surrey Heath 004B,Anti-social behaviour,,
,2023-06,Surrey Police,Surrey Police,-0.725398,51.347066,On or near Deanside,E01030787,Surrey Heath 004B,Anti-social behaviour,,
,2023-06,Surrey Police,Surrey Police,-0.731192,51.347317,On or near Upper College Ride,E01030787,Surrey Heath 004B,Anti-social behaviour,,
6c307854f7690080da279679b54b4d25c9d1d47f190e11eb64e271ca6961940a,2023-06,Surrey Police,Surrey Police,-0.725398,51.347066,On or near Deanside,E01030787,Surrey Heath 004B,Shoplifting,Investigation complete; no suspect identified,
296d09ff6fd7a45aa8f61848689000c8283020587d82257d579e977755a3fc7e,2023-06,Surrey Police,Surrey Police,-0.725398,51.347066,On or near Deanside,E01030787,Surrey Heath 004B,Shoplifting,Court result unavailable,
ea6017672dcbf2efef27c77b733589a4344da5400b9df60adc8112d45c649f08,2023-06,Surrey Police,Surrey Police,-0.725398,51.347066,On or near Deanside,E01030787,Surrey Heath 004B,Shoplifting,Court result unavailable,
e5829736ed1a54d9c706cc9742fa200f7d9eddb2c970f8ed68bc3eb2a2b344b2,2023-06,Surrey Police,Surrey Police,-0.725398,51.347066,On or near Deanside,E01030787,Surrey Heath 004B,Shoplifting,Further investigation is not in the public interest,
0319b9b6a31fd0f27f23eb68bb442c2b1f52bbc3e06925e561b1e95a4f889a7e,2023-06,Surrey Police,Surrey Police,-0.725398,51.347066,On or near Deanside,E01030787,Surrey Heath 004B,Shoplifting,Further investigation is not in the public interest,
e5d0618380b1e127066456f026b7920a1e5f0194b58d4bc22ae42411d15d716f,2023-06,Surrey Police,Surrey Police,-0.725398,51.347066,On or near Deanside,E01030787,Surrey Heath 004B,Shoplifting,Court result unavailable,
ee4d9fe230571b78af8ad7e043a97d99e43cfd82b86aebb500fd6ca2b8df4764,2023-06,Surrey Police,Surrey Police,-0.725398,51.347066,On or near Deanside,E01030787,Surrey Heath 004B,Shoplifting,Court result unavailable,
1f9b67664de0582c8b061e408f5617327a0c97f042327e54d81c960b1d8c0112,2023-06,Surrey Police,Surrey Police,-0.725398,51.347066,On or near Deanside,E01030787,Surrey Heath 004B,Shoplifting,Court result unavailable,
541cb316c8f42b2d417e473bcf4b6325762446a27a4b3d469b18914f337ce59a,2023-06,Surrey Police,Surrey Police,-0.725398,51.347066,On or near Deanside,E01030787,Surrey Heath 004B,Shoplifting,Court result unavailable,
5e7877c7929aa3276daabf31ea472e1d9ec3f6ef6e57c38c65f5ec1d89f296e9,2023-06,Surrey Police,Surrey Police,-0.725398,51.347066,On or near Deanside,E01030787,Surrey Heath 004B,Shoplifting,Court result unavailable,
0fef785005a20144bed493185fa6a3e44ed5126c13f61be2a37b419a0197ccf6,2023-06,Surrey Police,Surrey Police,-0.725398,51.347066,On or near Deanside,E01030787,Surrey Heath 004B,Shoplifting,Court result unavailable,
ca5a8aa2d68adb13e31fda082f67f7285d0c2de5064e5fdc5c85b3a3ef616441,2023-06,Surrey Police,Surrey Police,-0.725398,51.347066,On or near Deanside,E01030787,Surrey Heath 004B,Shoplifting,Court result unavailable,
b8a0759a93fa7580a625f2faf1746843777e6ee2e3d89c85d6c7ec71ef04b7ad,2023-06,Surrey Police,Surrey Police,-0.729918,51.349749,On or near Rowan Close,E01030787,Surrey Heath 004B,Violence and sexual offences,Unable to prosecute suspect,
86a5929d2b49dfa464ee9580a82f047af1972d9872a203981a7a2579f38c5e46,2023-06,Surrey Police,Surrey Police,-0.733168,51.349596,On or near Birch Close,E01030787,Surrey Heath 004B,Violence and sexual offences,Status update unavailable,
76ce1ec32ba818d9a6ff7b474f456e874c5d193dd6100d85970ff482e5c1faeb,2023-06,Surrey Police,Surrey Police,-0.723691,51.352667,On or near Parking Area,E01030788,Surrey Heath 004C,Violence and sexual offences,Unable to prosecute suspect,
,2023-06,Surrey Police,Surrey Police,-0.715923,51.351602,On or near Mitcham Court,E01030788,Surrey Heath 004C,Anti-social behaviour,,
,2023-06,Surrey Police,Surrey Police,-0.719221,51.350226,On or near Carshalton Road,E01030788,Surrey Heath 004C,Anti-social behaviour,,
,2023-06,Surrey Police,Surrey Police,-0.723691,51.352667,On or near Parking Area,E01030788,Surrey Heath 004C,Anti-social behaviour,,
79a7d89450e0a046c1576f8045a9c7104d015d02ba140b7b34be923eb1947eb5,2023-06,Surrey Police,Surrey Police,-0.717165,51.350851,On or near Mitcham Road,E01030788,Surrey Heath 004C,Burglary,Investigation complete; no suspect identified,
3bbf58b28e682ab4432ef2289ff642b1c292ffbf4e98091c5607c92f4ff456ba,2023-06,Surrey Police,Surrey Police,-0.722490,51.351971,On or near Bracknell Road,E01030788,Surrey Heath 004C,Criminal damage and arson,Local resolution,
4fcce9de084b4c7ff25b13cdf099a7399e83461cb2f80262d9c16ca140b91101,2023-06,Surrey Police,Surrey Police,-0.723691,51.352667,On or near Parking Area,E01030788,Surrey Heath 004C,Violence and sexual offences,Unable to prosecute suspect,
21dab08c9061d18bc816a04807e0ac75287da3c2559528d6dd423ea3dd36b35a,2023-06,Surrey Police,Surrey Police,-0.723691,51.352667,On or near Parking Area,E01030788,Surrey Heath 004C,Violence and sexual offences,Unable to prosecute suspect,
57513abf3aca883425d0ca58bd1476fa9acab39dcc5a03fdcc77e84403919aea,2023-06,Surrey Police,Surrey Police,-0.721163,51.350643,On or near Kingston Road,E01030788,Surrey Heath 004C,Violence and sexual offences,Unable to prosecute suspect,
805b706964dfc5d17f7eb89ee26c66b029fb88c70a562c8088b7d72707ab345b,2023-06,Surrey Police,Surrey Police,-0.725010,51.351918,On or near Sports/Recreation Area,E01030788,Surrey Heath 004C,Violence and sexual offences,Local resolution,
a5b0e8d200dd899e25b33f7c0e45d935ed991c0e411c2146115181868ffab069,2023-06,Surrey Police,Surrey Police,-0.721163,51.350643,On or near Kingston Road,E01030788,Surrey Heath 004C,Violence and sexual offences,Offender given a caution,
137cb5c4f83cb212bee62a92bbbac1f5cb2d8e5c4b54ca9323b64f9d270c4339,2023-06,Surrey Police,Surrey Police,-0.722490,51.351971,On or near Bracknell Road,E01030788,Surrey Heath 004C,Violence and sexual offences,Local resolution,
9dacff3cf0f400fd1d82e4b780ffeaefbeacbdbf8421c70285a0732d8f470099,2023-06,Surrey Police,Surrey Police,-0.715923,51.351602,On or near Mitcham Court,E01030788,Surrey Heath 004C,Violence and sexual offences,Status update unavailable,
4876d2182b4c0b776c8fcdca96f0ed9d800171f50d042edc94ea404f432c7fe9,2023-06,Surrey Police,Surrey Police,-0.720477,51.352057,On or near Surbiton Road,E01030788,Surrey Heath 004C,Violence and sexual offences,Unable to prosecute suspect,
b0dd423d5fba53ba95ce4a5c6275a6d5c38b239ce558da916cf32fddf22318dd,2023-06,Surrey Police,Surrey Police,-0.719221,51.350226,On or near Carshalton Road,E01030788,Surrey Heath 004C,Violence and sexual offences,Unable to prosecute suspect,
571c6f11372f6dcd417d85f895256eacc04e85e5a6654c5ccb531e7994b9e4e3,2023-06,Surrey Police,Surrey Police,-0.721163,51.350643,On or near Kingston Road,E01030788,Surrey Heath 004C,Violence and sexual offences,Action to be taken by another organisation,
044902e6257ad2eb27a68c5141bf998832eb7190043f0debe8ba592e6addf623,2023-06,Surrey Police,Surrey Police,-0.723691,51.352667,On or near Parking Area,E01030788,Surrey Heath 004C,Violence and sexual offences,Unable to prosecute suspect,
,2023-06,Surrey Police,Surrey Police,-0.742088,51.343730,On or near Old Dean Road,E01030801,Surrey Heath 004D,Anti-social behaviour,,
,2023-06,Surrey Police,Surrey Police,-0.742088,51.343730,On or near Old Dean Road,E01030801,Surrey Heath 004D,Anti-social behaviour,,
fa23e71808c095ce6d714fa64ee865278626948bca553bf9694e1fff7f6c2289,2023-06,Surrey Police,Surrey Police,-0.744827,51.345423,On or near Mountbatten Mews,E01030801,Surrey Heath 004D,Criminal damage and arson,Local resolution,
8fdd94c37d67f62ccb4c14e817d4c906eddbf1efb8ce27dfb43d4951d8f91180,2023-06,Surrey Police,Surrey Police,-0.742587,51.343349,On or near Barossa Road,E01030801,Surrey Heath 004D,Criminal damage and arson,Investigation complete; no suspect identified,
53f717cbd4f95d66c5b5c96ccd21b7ef7706009e85c558382ab5b9cbd39e52cd,2023-06,Surrey Police,Surrey Police,-0.741774,51.342081,On or near Ellen Gardens,E01030801,Surrey Heath 004D,Drugs,Further action is not in the public interest,
e997185c11540f2970ed6fa5cd8aa891b3a5c370610dbed9097a68b2b507f29b,2023-06,Surrey Police,Surrey Police,-0.742813,51.350284,On or near Everest Road,E01030801,Surrey Heath 004D,Other theft,Investigation complete; no suspect identified,
04b0e587b7dbe480a58484ac97570b5803a9a5c5c3b24933777b56a4c6d4adc9,2023-06,Surrey Police,Surrey Police,-0.740207,51.344258,On or near Upland Road,E01030801,Surrey Heath 004D,Violence and sexual offences,Unable to prosecute suspect,
1eaf1e029ad3bff6783fb6b51396bbbbbf89ed87e65bf1e09483cf68ebdb6080,2023-06,Surrey Police,Surrey Police,-0.744424,51.347577,On or near King'S Ride,E01030801,Surrey Heath 004D,Violence and sexual offences,Further investigation is not in the public interest,
a6a9059f4696d3cf1b0d5d1a2dc01324bd8fd99f1f47ef3ce2ab43e96fc7d0dc,2023-06,Surrey Police,Surrey Police,-0.743447,51.342333,On or near Cromwell Road,E01030801,Surrey Heath 004D,Violence and sexual offences,Unable to prosecute suspect,
3c6c748199aa5ece7185a81ac26fa8647814c0de14a29de9695b1d0292ba92b6,2023-06,Surrey Police,Surrey Police,-0.742405,51.341584,On or near York Road,E01030801,Surrey Heath 004D,Violence and sexual offences,Court result unavailable,
f43e677caeef21d1bf9e081aa9838a3dfe5a3df30cfd1f5a1b7d7f2b270c0b88,2023-06,Surrey Police,Surrey Police,-0.740465,51.340098,On or near Lancaster Drive,E01030801,Surrey Heath 004D,Violence and sexual offences,Unable to prosecute suspect,
,2023-06,Surrey Police,Surrey Police,-0.741956,51.339646,On or near Townside Place,E01030802,Surrey Heath 004E,Anti-social behaviour,,
,2023-06,Surrey Police,Surrey Police,-0.742212,51.338165,On or near Theatre/Concert Hall,E01030802,Surrey Heath 004E,Anti-social behaviour,,
,2023-06,Surrey Police,Surrey Police,-0.742212,51.338165,On or near Theatre/Concert Hall,E01030802,Surrey Heath 004E,Anti-social behaviour,,
10af0a7e6d3372ffd47616f677c5ced25a7738418a3879983484d6b9f73eb798,2023-06,Surrey Police,Surrey Police,-0.739939,51.340946,On or near Markham Court,E01030802,Surrey Heath 004E,Public order,Unable to prosecute suspect,
32f4a17a6e7739f2892c4dbcb094e3229ffb279eb7aff916e5ebdb31338b3b6e,2023-06,Surrey Police,Surrey Police,-0.737992,51.341249,On or near Portesbery Hill Drive,E01030802,Surrey Heath 004E,Vehicle crime,Investigation complete; no suspect identified,
cfba69e562d32d5002d49f0368e0b93cc803eea6e08ad5f80584e86c8f26d05e,2023-06,Surrey Police,Surrey Police,-0.741182,51.338028,On or near Parking Area,E01030802,Surrey Heath 004E,Violence and sexual offences,Local resolution,
befb764689c5ea701ec278dc14d323c18286c790c58a00944a710605adc32fa7,2023-06,Surrey Police,Surrey Police,-0.737588,51.343933,On or near Diamond Ridge,E01030802,Surrey Heath 004E,Violence and sexual offences,Unable to prosecute suspect,
590c2ccf0cefb702e15e6402b948f57c9d57249f1bc033cadd1fc0315114b3c4,2023-06,Surrey Police,Surrey Police,-0.741284,51.338470,On or near Parking Area,E01030802,Surrey Heath 004E,Violence and sexual offences,Local resolution,
f53c9cbeb7c4766523276a40f5c0b369b3420998431d5b3c39c5e9b77f896e1f,2023-06,Surrey Police,Surrey Police,-0.739129,51.339049,On or near Hillside,E01030802,Surrey Heath 004E,Violence and sexual offences,Local resolution,
8db5f87a6f6ce7cb8109106564a770bc79181d6a707891e3294cf14288a2d3b8,2023-06,Surrey Police,Surrey Police,-0.737588,51.343933,On or near Diamond Ridge,E01030802,Surrey Heath 004E,Violence and sexual offences,Unable to prosecute suspect,
869b11df92b834eab19ccd470a50d03fe9ff3c04b1971c2d37909fecd71ac306,2023-06,Surrey Police,Surrey Police,-0.741498,51.344839,On or near College Ride,E01030802,Surrey Heath 004E,Violence and sexual offences,Unable to prosecute suspect,
fd9d7205791d03b7c44652046b82fdd916857e7b2bf97ede3e14752b074abfae,2023-06,Surrey Police,Surrey Police,-0.721257,51.337453,On or near Lime Avenue,E01030796,Surrey Heath 005A,Other theft,Investigation complete; no suspect identified,
cb2178a17d843ebe29f90ad0e85a7767e5a33eb551cc2f9df4941b6a258d4ad8,2023-06,Surrey Police,Surrey Police,-0.713662,51.345157,On or near Eliot Close,E01030796,Surrey Heath 005A,Other theft,Investigation complete; no suspect identified,
8a3864b6e779f457cd18016088818691523188617a207b268da389043fad2050,2023-06,Surrey Police,Surrey Police,-0.720873,51.344022,On or near Silverwood Drive,E01030797,Surrey Heath 005B,Other theft,Investigation complete; no suspect identified,
24ee7c136cf129958635f8d0c9d2b7e5d4199d2af127cbb1e9273ed58b1ed288,2023-06,Surrey Police,Surrey Police,-0.725540,51.344522,On or near Cornwall Close,E01030797,Surrey Heath 005B,Violence and sexual offences,Further action is not in the public interest,
272fdb2be61b0cffd40a2a2fa0a863b5e2b83965df18f80488222c83221e1d5c,2023-06,Surrey Police,Surrey Police,-0.720873,51.344022,On or near Silverwood Drive,E01030797,Surrey Heath 005B,Other crime,Further investigation is not in the public interest,
680c77c2a3465631499dabd4a8dbfdd330cc7353757999aa7f067d5942d243b6,2023-06,Surrey Police,Surrey Police,-0.718089,51.340386,On or near Loddon Close,E01030798,Surrey Heath 005C,Burglary,Status update unavailable,
951609b7016291d01c4ccfca867f8442881c83f55db827f12160f116b0eeb6f4,2023-06,Surrey Police,Surrey Police,-0.724600,51.335466,On or near Stockwood Rise,E01030798,Surrey Heath 005C,Burglary,Unable to prosecute suspect,
d97c8f3bbd183e0d417bb304c537fe5cdc7cac7b1444d488bdfd1b0e9129d51c,2023-06,Surrey Police,Surrey Police,-0.728941,51.339928,On or near Ashwell Avenue,E01030798,Surrey Heath 005C,Other theft,Investigation complete; no suspect identified,
649c25439b7fdca4cee4ffe06d83c8ac3684c7e95348d82f7d2ee10a3806f14a,2023-06,Surrey Police,Surrey Police,-0.726620,51.334571,On or near Alison Drive,E01030799,Surrey Heath 005D,Violence and sexual offences,Local resolution,
,2023-06,Surrey Police,Surrey Police,-0.743887,51.336232,On or near Camberley,E01030800,Surrey Heath 005E,Anti-social behaviour,,
,2023-06,Surrey Police,Surrey Police,-0.745102,51.335346,On or near Middle Gordon Road,E01030800,Surrey Heath 005E,Anti-social behaviour,,
,2023-06,Surrey Police,Surrey Police,-0.739267,51.332981,On or near Heath Rise,E01030800,Surrey Heath 005E,Anti-social behaviour,,
,2023-06,Surrey Police,Surrey Police,-0.744652,51.338164,On or near Nightclub,E01030800,Surrey Heath 005E,Anti-social behaviour,,
b4f65770db9f764bd2090da932add9d7080f1231d2ce0ba6d8ddab803dfd19ba,2023-06,Surrey Police,Surrey Police,-0.742700,51.335527,On or near Heathcote Road,E01030800,Surrey Heath 005E,Bicycle theft,Court result unavailable,
254afa880aa1b2da163a454e1643ed140a86462aec657895b19cd0a03424c47e,2023-06,Surrey Police,Surrey Police,-0.744264,51.339230,On or near St George'S Road,E01030800,Surrey Heath 005E,Bicycle theft,Investigation complete; no suspect identified,
cbffd38dedbac3f4693d5e46c6337c22a4435b24afa1f39c17bad42982a2f608,2023-06,Surrey Police,Surrey Police,-0.745102,51.335346,On or near Middle Gordon Road,E01030800,Surrey Heath 005E,Bicycle theft,Investigation complete; no suspect identified,
2bb2c77094bd8d3fe621943399c7f92be4b2e426b635d6e876b73c797ba20910,2023-06,Surrey Police,Surrey Police,-0.743407,51.338034,On or near Balfour Court,E01030800,Surrey Heath 005E,Criminal damage and arson,Investigation complete; no suspect identified,
dbca9e5f516e3b6d1942ca592afbe7f0a901d7dc9d2df82265a0303918295059,2023-06,Surrey Police,Surrey Police,-0.744264,51.339230,On or near St George'S Road,E01030800,Surrey Heath 005E,Criminal damage and arson,Investigation complete; no suspect identified,
2f6056ac58b97faa0289bd134423eb9833ac7eda94ee59b640c97576140bb25d,2023-06,Surrey Police,Surrey Police,-0.745638,51.338876,On or near Obelisk Way,E01030800,Surrey Heath 005E,Criminal damage and arson,Unable to prosecute suspect,
138d9ba957c7347d85005d81ee064ec0f901cab5e31fd3974497edfde6f4ad98,2023-06,Surrey Police,Surrey Police,-0.745638,51.338876,On or near Obelisk Way,E01030800,Surrey Heath 005E,Criminal damage and arson,Unable to prosecute suspect,
413e961fc6b293edad52ed67357ddc8f76bddc17f500904b5d92794a7d066148,2023-06,Surrey Police,Surrey Police,-0.744652,51.338164,On or near Nightclub,E01030800,Surrey Heath 005E,Criminal damage and arson,Investigation complete; no suspect identified,
6888cd0663b4e30f0367217dd50d5a8ce00f72604b18e733a04f82ead2dd9c6f,2023-06,Surrey Police,Surrey Police,-0.745638,51.338876,On or near Obelisk Way,E01030800,Surrey Heath 005E,Other theft,Investigation complete; no suspect identified,
d3a74378fc4292d02b9608b2dd914194da8499274f305ba305a0012384eca2bf,2023-06,Surrey Police,Surrey Police,-0.739787,51.336008,On or near West Road,E01030800,Surrey Heath 005E,Public order,Status update unavailable,
920caa8ebf97b434eff9d7edbf8f6712f03a24484f0eaa8d4554fcaf6d68a5e9,2023-06,Surrey Police,Surrey Police,-0.743887,51.336232,On or near Camberley,E01030800,Surrey Heath 005E,Public order,Investigation complete; no suspect identified,
4f84e8f4350fef925ebb22d77d68bcab2f63373452919cc64bcc96f7d560e54e,2023-06,Surrey Police,Surrey Police,-0.746451,51.339065,On or near Parking Area,E01030800,Surrey Heath 005E,Public order,Investigation complete; no suspect identified,
e3a315d50abd3a5e5f09db7831f55dd9ff9c16df4e43447a450b8fcb8ad5a110,2023-06,Surrey Police,Surrey Police,-0.744093,51.337628,On or near High Street,E01030800,Surrey Heath 005E,Public order,Unable to prosecute suspect,
152ffb2bb2e37a4a87e2a15b9552d9169e493e7005ce3e2d2f67173e05206826,2023-06,Surrey Police,Surrey Police,-0.746451,51.339065,On or near Parking Area,E01030800,Surrey Heath 005E,Shoplifting,Status update unavailable,
bd680320ff60ec58c7242106f8bff11defc95b4713f82251ff74cd754fe583b8,2023-06,Surrey Police,Surrey Police,-0.746451,51.339065,On or near Parking Area,E01030800,Surrey Heath 005E,Shoplifting,Unable to prosecute suspect,
e74795408e8fa817d15238278de2a59fc3abb974372c7a8de1805074473ce94f,2023-06,Surrey Police,Surrey Police,-0.746451,51.339065,On or near Parking Area,E01030800,Surrey Heath 005E,Shoplifting,Investigation complete; no suspect identified,
9cd190c5b9e78ee821e3821d129790a5be97fcf9b6e68940c077b067c4196fc9,2023-06,Surrey Police,Surrey Police,-0.746451,51.339065,On or near Parking Area,E01030800,Surrey Heath 005E,Shoplifting,Investigation complete; no suspect identified,
e55654e787b8570008579e431f478f10802940815b732141c611575f3a6592d6,2023-06,Surrey Police,Surrey Police,-0.746451,51.339065,On or near Parking Area,E01030800,Surrey Heath 005E,Shoplifting,Court result unavailable,
bc1af0e21c3b72c9a8a13d44446ba663059322e59f6961dc1c60ef332873913b,2023-06,Surrey Police,Surrey Police,-0.746451,51.339065,On or near Parking Area,E01030800,Surrey Heath 005E,Shoplifting,Investigation complete; no suspect identified,
93efcb8e0c1a7302f6cda47fe0dddb798d8251dd64cf9c441be70e4c91f29af2,2023-06,Surrey Police,Surrey Police,-0.746451,51.339065,On or near Parking Area,E01030800,Surrey Heath 005E,Shoplifting,Investigation complete; no suspect identified,
1565e959cacc431ff54ab07fbe7e5769a2b0f4c7e801e7cd778a5936c846feb7,2023-06,Surrey Police,Surrey Police,-0.746890,51.336633,On or near Albert Road,E01030800,Surrey Heath 005E,Shoplifting,Court result unavailable,
934f2553ad4543bc32e927fe96d9d3375f962b320ece471bbb2665908800c149,2023-06,Surrey Police,Surrey Police,-0.746451,51.339065,On or near Parking Area,E01030800,Surrey Heath 005E,Shoplifting,Investigation complete; no suspect identified,
dbef682b057804f7372bf4b22aeb7bb7c8fbb6f3ef4e70149f088c40e29f48a1,2023-06,Surrey Police,Surrey Police,-0.746451,51.339065,On or near Parking Area,E01030800,Surrey Heath 005E,Shoplifting,Court result unavailable,
4f17fd2acfd666ff259545b46868da2c63c056e6d632e1f59dbf9708eb90629d,2023-06,Surrey Police,Surrey Police,-0.739787,51.336008,On or near West Road,E01030800,Surrey Heath 005E,Violence and sexual offences,Unable to prosecute suspect,
d3d3d904e0813f6f3ac23209b151f38f40b96ce1f545e5c8db543433168971d6,2023-06,Surrey Police,Surrey Police,-0.745638,51.338876,On or near Obelisk Way,E01030800,Surrey Heath 005E,Violence and sexual offences,Unable to prosecute suspect,
7fa4c61ffd8f8d97debf35e1089b4c83f76b56bf4d491c91478aa892a9a32477,2023-06,Surrey Police,Surrey Police,-0.744652,51.338164,On or near Nightclub,E01030800,Surrey Heath 005E,Violence and sexual offences,Unable to prosecute suspect,
0aca48437978643f84c2b8c5a9a5f5b07e8a5630954384dde3f7d1f3ebecdfd1,2023-06,Surrey Police,Surrey Police,-0.744652,51.338164,On or near Nightclub,E01030800,Surrey Heath 005E,Violence and sexual offences,Local resolution,
f1402eac6b643a1b501490f81a1d0a63f36d38925fc9f7e4ea98ed231ac14b24,2023-06,Surrey Police,Surrey Police,-0.744093,51.337628,On or near High Street,E01030800,Surrey Heath 005E,Violence and sexual offences,Unable to prosecute suspect,
d28a1910eaf63b0b9e37c56e9fff25f4755ea31d13b08d708351cb6f29811f14,2023-06,Surrey Police,Surrey Police,-0.746890,51.336633,On or near Albert Road,E01030800,Surrey Heath 005E,Violence and sexual offences,Unable to prosecute suspect,
50da6fc2376bf73c31d46eebdb966e9410bec6c8e1793939d5e1093de9e794c2,2023-06,Surrey Police,Surrey Police,-0.745102,51.335346,On or near Middle Gordon Road,E01030800,Surrey Heath 005E,Violence and sexual offences,Unable to prosecute suspect,
108c76265d6442dbbcbc3960a8c16510a8c2a8cccc629a33cb06e335095d2b73,2023-06,Surrey Police,Surrey Police,-0.744093,51.337628,On or near High Street,E01030800,Surrey Heath 005E,Violence and sexual offences,Unable to prosecute suspect,
119277245d58bb305c3ce2860d00dd4a269b6690a447f8326330de8f7069ba1c,2023-06,Surrey Police,Surrey Police,-0.744624,51.337085,On or near Parking Area,E01030800,Surrey Heath 005E,Violence and sexual offences,Action to be taken by another organisation,
8f2f8e2ba428a1bbe8a784b4bd57c63fca59c8e4ade9981ef7a24b960895ca41,2023-06,Surrey Police,Surrey Police,-0.743887,51.336232,On or near Camberley,E01030800,Surrey Heath 005E,Violence and sexual offences,Unable to prosecute suspect,
e33a89791ed6c4201fb3a5527a761e3c4bbe7ddcbd6d144d6113347f1cf5f13b,2023-06,Surrey Police,Surrey Police,-0.744652,51.338164,On or near Nightclub,E01030800,Surrey Heath 005E,Violence and sexual offences,Unable to prosecute suspect,
2a4c824d3ce2d1392120802ac27165ce23f71df62bc7fb4f9bc41f831fc11e2e,2023-06,Surrey Police,Surrey Police,-0.742700,51.335527,On or near Heathcote Road,E01030800,Surrey Heath 005E,Violence and sexual offences,Unable to prosecute suspect,
8c9ff30e83ef3ba43403da8523e6cfc752b1b1ad33f0bb0a55ea812405efd4e5,2023-06,Surrey Police,Surrey Police,-0.743887,51.336232,On or near Camberley,E01030800,Surrey Heath 005E,Violence and sexual offences,Unable to prosecute suspect,
eb40f148d744602eb423383e00a5e886111ff67c7d91266fc18dd39ad5230f86,2023-06,Surrey Police,Surrey Police,-0.744652,51.338164,On or near Nightclub,E01030800,Surrey Heath 005E,Violence and sexual offences,Investigation complete; no suspect identified,
6ca1c7ef371463ad6222027ab189a05e33ff7d29c22f96354e37afd5e6751954,2023-06,Surrey Police,Surrey Police,-0.743887,51.336232,On or near Camberley,E01030800,Surrey Heath 005E,Violence and sexual offences,Unable to prosecute suspect,
9f0226691619cc126d4de4a59a65212f6b46b11b187cdf460b77d81de698e264,2023-06,Surrey Police,Surrey Police,-0.642779,51.323630,On or near Mainstone Road,E01030761,Surrey Heath 006A,Drugs,Unable to prosecute suspect,
7964225dfd237f948b5e525b2a3ad307fce665798483815757ff1d34a73aaefa,2023-06,Surrey Police,Surrey Police,-0.642779,51.323630,On or near Mainstone Road,E01030761,Surrey Heath 006A,Violence and sexual offences,Unable to prosecute suspect,
aad79a5e1694fedb99f0abdf0d5be214c25e2080c7e9187e3161ca16e5fe14bf,2023-06,Surrey Police,Surrey Police,-0.641906,51.323566,On or near South Road,E01030761,Surrey Heath 006A,Violence and sexual offences,Unable to prosecute suspect,
d651c73cb3cb1d89535d71a82b698f4a2c002dd1bf3c77597d01ecc979a151b2,2023-06,Surrey Police,Surrey Police,-0.632779,51.324979,On or near Pilgrims Way,E01030761,Surrey Heath 006A,Burglary,Status update unavailable,
d92b900fc9a373ace1e9d45ad4916c9f178513d53433172cf2dd479446775cc5,2023-06,Surrey Police,Surrey Police,-0.633485,51.321499,On or near Wyatt Close,E01030761,Surrey Heath 006A,Burglary,Status update unavailable,
b8633ac121c2fd3f8691b9811aff4b4ae3e662bf56633d5e9b31faad0cdf23b8,2023-06,Surrey Police,Surrey Police,-0.635625,51.323871,On or near Guildford Road,E01030761,Surrey Heath 006A,Criminal damage and arson,Unable to prosecute suspect,
28848f186ceb981001e42d4392768f639a7a0edcd245b04a57ec511397cd4b62,2023-06,Surrey Police,Surrey Police,-0.634668,51.319831,On or near Chatton Row,E01030761,Surrey Heath 006A,Criminal damage and arson,Unable to prosecute suspect,
103b8be96a987c9c02af059bb1b6d7a67d71b9d759dcb6f341cb08bb367b5d9c,2023-06,Surrey Police,Surrey Police,-0.642779,51.323630,On or near Mainstone Road,E01030761,Surrey Heath 006A,Public order,Unable to prosecute suspect,
c5112eb5fb9ad8da12fa55ef51967d9913113d7104f42f402b365f35c7c8e0a3,2023-06,Surrey Police,Surrey Police,-0.632777,51.323109,On or near Oakwood Court,E01030761,Surrey Heath 006A,Violence and sexual offences,Unable to prosecute suspect,
9516f001ebcb0d765ec5ac2fa3643109e47b34bacac6b77c91921b30e38257c0,2023-06,Surrey Police,Surrey Police,-0.642779,51.323630,On or near Mainstone Road,E01030761,Surrey Heath 006A,Violence and sexual offences,Unable to prosecute suspect,
9d5cd33ba22a9e16fb3f68c06712a5107add37a709594711ca67d0ddce417426,2023-06,Surrey Police,Surrey Police,-0.633403,51.319429,On or near Pixley Mews,E01030761,Surrey Heath 006A,Violence and sexual offences,Status update unavailable,
0f8226a1f3ea113f9d287b2804363101dcde405dc075fe512a37eef69c747d41,2023-06,Surrey Police,Surrey Police,-0.642779,51.323630,On or near Mainstone Road,E01030761,Surrey Heath 006A,Violence and sexual offences,Unable to prosecute suspect,
7888700794e95fb80997a6df4780efab20034c969e0d9e52d8838011df9f8713,2023-06,Surrey Police,Surrey Police,-0.633874,51.324821,On or near Elm Grove,E01030761,Surrey Heath 006A,Violence and sexual offences,Unable to prosecute suspect,
1f70fe9518a402e30a19e29a65e598ee5c0065a452c157baaa2d05978ca9786e,2023-06,Surrey Police,Surrey Police,-0.634668,51.319831,On or near Chatton Row,E01030761,Surrey Heath 006A,Violence and sexual offences,Unable to prosecute suspect,
45d7fc11f58fe9908c0ba92e1424586b1e13ab37c50cac164eb6907b702c823e,2023-06,Surrey Police,Surrey Police,-0.639229,51.327213,On or near A322,E01030762,Surrey Heath 006B,Shoplifting,Unable to prosecute suspect,
2dfaaa5c8303ca042d612d1bbba7321515c9b7e7ff9038c22d80f0e753b2e882,2023-06,Surrey Police,Surrey Police,-0.631576,51.325856,On or near Zinnia Drive,E01030762,Surrey Heath 006B,Violence and sexual offences,Unable to prosecute suspect,
,2023-06,Surrey Police,Surrey Police,-0.632968,51.325863,On or near Freesia Drive,E01030762,Surrey Heath 006B,Anti-social behaviour,,
fa857c81d4900e7688d1ee4189858c8244c16e6aa975dbe499393f0f7d99dcb7,2023-06,Surrey Police,Surrey Police,-0.634480,51.328120,On or near Iris Road,E01030762,Surrey Heath 006B,Criminal damage and arson,Investigation complete; no suspect identified,
629ab72a35112645000e39309764268676be350641e93e109d5f1115742da5f4,2023-06,Surrey Police,Surrey Police,-0.633870,51.327879,On or near Juniper Drive,E01030762,Surrey Heath 006B,Criminal damage and arson,Investigation complete; no suspect identified,
9dbc616650874d506a73be448736d5efbf8f4651c32d2d5409d3c278fc61fa51,2023-06,Surrey Police,Surrey Police,-0.632968,51.325863,On or near Freesia Drive,E01030762,Surrey Heath 006B,Criminal damage and arson,Further investigation is not in the public interest,
836db433d7e4a4e0ecc56b41c13145e55d364f97d82223ae19064fff72d09144,2023-06,Surrey Police,Surrey Police,-0.640889,51.324948,On or near Cottesloe Close,E01030762,Surrey Heath 006B,Other theft,Investigation complete; no suspect identified,
45e59fe6e79bbe9dcb173ec722e6cd30be8c12ce7be00781b69bce1ea667c94e,2023-06,Surrey Police,Surrey Police,-0.639229,51.327213,On or near A322,E01030762,Surrey Heath 006B,Violence and sexual offences,Unable to prosecute suspect,
,2023-06,Surrey Police,Surrey Police,-0.650495,51.343844,On or near Red Road,E01030806,Surrey Heath 006C,Anti-social behaviour,,
,2023-06,Surrey Police,Surrey Police,-0.650495,51.343844,On or near Red Road,E01030806,Surrey Heath 006C,Anti-social behaviour,,
92652f2794ea061c9c567ef9c23295f1da61277fb8b2a3eac1e789ad243531ce,2023-06,Surrey Police,Surrey Police,-0.653634,51.340112,On or near Birch Lane,E01030806,Surrey Heath 006C,Burglary,Status update unavailable,
,2023-06,Surrey Police,Surrey Police,-0.643083,51.343012,On or near Church Road,E01030807,Surrey Heath 006D,Anti-social behaviour,,
,2023-06,Surrey Police,Surrey Police,-0.634855,51.337710,On or near Beldam Bridge Road,E01030807,Surrey Heath 006D,Anti-social behaviour,,
,2023-06,Surrey Police,Surrey Police,-0.642941,51.339539,On or near Hollybank,E01030807,Surrey Heath 006D,Anti-social behaviour,,
,2023-06,Surrey Police,Surrey Police,-0.634855,51.337710,On or near Beldam Bridge Road,E01030807,Surrey Heath 006D,Anti-social behaviour,,
43405b9f04fcaca662659f798dc9736f80aef1000b936c98e23c8f6255d5be4e,2023-06,Surrey Police,Surrey Police,-0.636648,51.334385,On or near Kings Place,E01030807,Surrey Heath 006D,Burglary,Status update unavailable,
02761455b1bbc2a068788c754d3b8c7ec4152e4c4b007fd74d98e391774a9c42,2023-06,Surrey Police,Surrey Police,-0.636850,51.335296,On or near Kings Road,E01030807,Surrey Heath 006D,Burglary,Status update unavailable,
c84a34ef4c427f052b2007bcd6bb81346365af273984719d889efa02856fa73f,2023-06,Surrey Police,Surrey Police,-0.642941,51.339539,On or near Hollybank,E01030807,Surrey Heath 006D,Other theft,Investigation complete; no suspect identified,
56fe59dddba84e53bc1cbd1f653b096cd4317035f59b6790aa0510dbc726d536,2023-06,Surrey Police,Surrey Police,-0.640887,51.338104,On or near Petrol Station,E01030807,Surrey Heath 006D,Other theft,Investigation complete; no suspect identified,
10329783b78bcad4d99041ae2bc87fc8b000f6c1f64f0dc23897ec3718209d03,2023-06,Surrey Police,Surrey Police,-0.640887,51.338104,On or near Petrol Station,E01030807,Surrey Heath 006D,Other theft,Investigation complete; no suspect identified,
3a29b3fd67ea142f7f1ceff696175790122ae1945cc1de1840fda911c7312a0e,2023-06,Surrey Police,Surrey Police,-0.634237,51.341596,On or near Sarsen Court,E01030807,Surrey Heath 006D,Other theft,Investigation complete; no suspect identified,
524a87958be82deae68f0f8c91c427ad789a89b02c8af0ff440e80c8ede4201d,2023-06,Surrey Police,Surrey Police,-0.644426,51.344205,On or near Windlesham Road,E01030807,Surrey Heath 006D,Vehicle crime,Investigation complete; no suspect identified,
0f43efcfbec534fb0f89441aa9f4dafc3d8bcb738079203c19375175fa38e230,2023-06,Surrey Police,Surrey Police,-0.640472,51.346794,On or near Hookstone Lane,E01030807,Surrey Heath 006D,Violence and sexual offences,Unable to prosecute suspect,
c4e3d75cb9f8964d833a8d210eadeda46ceb7c86acb31beb4180bdc5b6d34590,2023-06,Surrey Police,Surrey Police,-0.631872,51.348214,On or near Halebourne Lane,E01030807,Surrey Heath 006D,Violence and sexual offences,Unable to prosecute suspect,
3023905c90b2daedc3a46013be2d1e025f61d534ef40aab28197ec2fc7537226,2023-06,Surrey Police,Surrey Police,-0.640887,51.338104,On or near Petrol Station,E01030807,Surrey Heath 006D,Other crime,Status update unavailable,
756af5f7656cb0fed0c6d00045d19f6f8813e01cffc843b6da6bef334754e6a6,2023-06,Surrey Police,Surrey Police,-0.636199,51.339848,On or near Barnsford Crescent,E01030808,Surrey Heath 006E,Violence and sexual offences,Unable to prosecute suspect,
c6f2f99c1ec6f22742cc39e548d4ccc27c8183fda366b31b8a15c69a61569598,2023-06,Surrey Police,Surrey Police,-0.639715,51.338441,On or near Gosden Road,E01030808,Surrey Heath 006E,Violence and sexual offences,Action to be taken by another organisation,
49526af476f580d850f7cc0969cffa6f1f395ab341ac23449ed4b2a8d62462af,2023-06,Surrey Police,Surrey Police,-0.700105,51.323938,On or near Wingfield Gardens,E01030774,Surrey Heath 007A,Violence and sexual offences,Action to be taken by another organisation,
8e7260473ae307047bc2fadc2dd6d8b18f612741f240f97e203e57cb91522484,2023-06,Surrey Police,Surrey Police,-0.700105,51.323938,On or near Wingfield Gardens,E01030774,Surrey Heath 007A,Violence and sexual offences,Unable to prosecute suspect,
5429e501cee898fab833ab8e17330efa21e09efe7dc872aab4a4a2639bbd128c,2023-06,Surrey Police,Surrey Police,-0.713162,51.328156,On or near Lincoln Close,E01030775,Surrey Heath 007B,Violence and sexual offences,Unable to prosecute suspect,
eed33644f1f7e0728ada5078d2b45d3412ec944e4028376a101a8a49791d0ccd,2023-06,Surrey Police,Surrey Police,-0.704618,51.324222,On or near Vardon Place,E01030775,Surrey Heath 007B,Violence and sexual offences,Unable to prosecute suspect,
c88e05c791e74a12ecdb2aef910182bafafba84d1a46aa37bfcba3c95564783d,2023-06,Surrey Police,Surrey Police,-0.702276,51.335014,On or near Englesfield,E01030776,Surrey Heath 007C,Violence and sexual offences,Action to be taken by another organisation,
4d7688fc19e8c6fe49087506d1fdefe279add25448caa119ab877036639024d5,2023-06,Surrey Police,Surrey Police,-0.702276,51.335014,On or near Englesfield,E01030776,Surrey Heath 007C,Violence and sexual offences,Action to be taken by another organisation,
,2023-06,Surrey Police,Surrey Police,-0.702510,51.327202,On or near Coniston Close,E01030777,Surrey Heath 007D,Anti-social behaviour,,
,2023-06,Surrey Police,Surrey Police,-0.706430,51.330744,On or near Tremayne Walk,E01030777,Surrey Heath 007D,Anti-social behaviour,,
a0c1b7f724c8b40a6a858f40d195c8e0da61ae1be56e9a5cdfa6e603363fa1d8,2023-06,Surrey Police,Surrey Police,-0.702510,51.327202,On or near Coniston Close,E01030777,Surrey Heath 007D,Criminal damage and arson,Unable to prosecute suspect,
fb3ee10d917397630e538840c0cc992d64fabb8446df01c6f1dff3d0f59edbf6,2023-06,Surrey Police,Surrey Police,-0.702048,51.329355,On or near Parking Area,E01030777,Surrey Heath 007D,Shoplifting,Court result unavailable,
6c630e0a70c6076616bb620fcc113dd04777d4db1659e45121c5526ffe6aa949,2023-06,Surrey Police,Surrey Police,-0.705506,51.331938,On or near Norton Road,E01030777,Surrey Heath 007D,Violence and sexual offences,Unable to prosecute suspect,
6967c03a7719dff9ef50f23993d4973a8d455c7d86d9aa58da8004cab181a31c,2023-06,Surrey Police,Surrey Police,-0.702048,51.329355,On or near Parking Area,E01030777,Surrey Heath 007D,Violence and sexual offences,Unable to prosecute suspect,
ff09e6506e5fca50a2694d97d1c201cddb088298c15ab315bbad652c84022678,2023-06,Surrey Police,Surrey Police,-0.702472,51.328569,On or near Martindale Avenue,E01030777,Surrey Heath 007D,Violence and sexual offences,Unable to prosecute suspect,
,2023-06,Surrey Police,Surrey Police,-0.759769,51.331267,On or near Avenue Sucy,E01030793,Surrey Heath 008A,Anti-social behaviour,,
,2023-06,Surrey Police,Surrey Police,-0.758330,51.335622,On or near Chapel Road,E01030793,Surrey Heath 008A,Anti-social behaviour,,
,2023-06,Surrey Police,Surrey Police,-0.766892,51.334885,On or near The Terrace,E01030793,Surrey Heath 008A,Anti-social behaviour,,
6e4f31dede01db474d7ab3a0773ea6032e6cdc18c7bbe2ba55b246c629ad8dca,2023-06,Surrey Police,Surrey Police,-0.765302,51.331001,On or near Doman Road,E01030793,Surrey Heath 008A,Bicycle theft,Investigation complete; no suspect identified,
6e31d41396b09f548076fb5ed9a5400816fe51e94e086167344c2ef9cfb087a2,2023-06,Surrey Police,Surrey Police,-0.760237,51.335705,On or near York Terrace Lane,E01030793,Surrey Heath 008A,Burglary,Investigation complete; no suspect identified,
95a0dfa094fa1ee5a362799a45f94e56e9a53a878a06ca7f198a2372d975d069,2023-06,Surrey Police,Surrey Police,-0.765302,51.331001,On or near Doman Road,E01030793,Surrey Heath 008A,Burglary,Investigation complete; no suspect identified,
8fad2926191a5761a34df38d4881834876a41d2f39507b6150ab54b6f74d3151,2023-06,Surrey Police,Surrey Police,-0.760498,51.334565,On or near Sullivan Road,E01030793,Surrey Heath 008A,Burglary,Status update unavailable,
838b7bbbc302789cd30fb2cf6d988372bd931094fea1d41e3731ab1e42f27b8c,2023-06,Surrey Police,Surrey Police,-0.758330,51.335622,On or near Chapel Road,E01030793,Surrey Heath 008A,Criminal damage and arson,Investigation complete; no suspect identified,
8220a933eb35199b0efd48b708be1008169c16fb16e23abb51fa13516eed0ead,2023-06,Surrey Police,Surrey Police,-0.765302,51.331001,On or near Doman Road,E01030793,Surrey Heath 008A,Criminal damage and arson,Unable to prosecute suspect,
b181c8c3c7a619e22b2973a12217b8d3c4747fc9b725dea2ca99bb2959039905,2023-06,Surrey Police,Surrey Police,-0.762145,51.333621,On or near Victoria Avenue,E01030793,Surrey Heath 008A,Criminal damage and arson,Status update unavailable,
e235be6c93ca532e071ab1e112e2250b1c17a8024b4a2b54f2d68cd00d7a4c99,2023-06,Surrey Police,Surrey Police,-0.766892,51.334885,On or near The Terrace,E01030793,Surrey Heath 008A,Criminal damage and arson,Investigation complete; no suspect identified,
79f166c8aa15fcfc28c4b8da231419a0afd76e14e126a3224bb97f62fc545e7d,2023-06,Surrey Police,Surrey Police,-0.762145,51.333621,On or near Victoria Avenue,E01030793,Surrey Heath 008A,Criminal damage and arson,Investigation complete; no suspect identified,
6b5bb7f560ce417496f3009482381c336880e00cd09bb1f84460d5e1a5e9b3f0,2023-06,Surrey Police,Surrey Police,-0.762145,51.333621,On or near Victoria Avenue,E01030793,Surrey Heath 008A,Criminal damage and arson,Local resolution,
b3afb104994e11d0e84b457df8fd3f675bcbd2cd6884b6745bd105522558efd0,2023-06,Surrey Police,Surrey Police,-0.758330,51.335622,On or near Chapel Road,E01030793,Surrey Heath 008A,Drugs,Status update unavailable,
b0935450dd841a25e047b7bdd558ee9656085c3a743443fd66868fb73d20864b,2023-06,Surrey Police,Surrey Police,-0.759769,51.331267,On or near Avenue Sucy,E01030793,Surrey Heath 008A,Other theft,Investigation complete; no suspect identified,
d1477f3e7f797580dbd13a95068ecb5d4cc909f25257662c520b187b0491f9d3,2023-06,Surrey Police,Surrey Police,-0.766892,51.334885,On or near The Terrace,E01030793,Surrey Heath 008A,Other theft,Investigation complete; no suspect identified,
92aff6b05d75cd2d0c253f3223d7524152696c03da60657c1ca9f3403fea3bf3,2023-06,Surrey Police,Surrey Police,-0.765302,51.331001,On or near Doman Road,E01030793,Surrey Heath 008A,Public order,Investigation complete; no suspect identified,
606b3e5c34366d65c7ada703867ee0396a8bb7fc6dfed43e9e4bb3f56ada4fe7,2023-06,Surrey Police,Surrey Police,-0.762145,51.333621,On or near Victoria Avenue,E01030793,Surrey Heath 008A,Public order,Investigation complete; no suspect identified,
a5377397b1f7c5293dbfd6da5f8e5ed2ee25cfae7c8c3a721431141d455306be,2023-06,Surrey Police,Surrey Police,-0.759711,51.334980,On or near Harcourt Road,E01030793,Surrey Heath 008A,Public order,Unable to prosecute suspect,
a3825f3e23886615decfbcfc24f189d9f222f7a3cf804e8bc68dd6e2e9081500,2023-06,Surrey Police,Surrey Police,-0.762145,51.333621,On or near Victoria Avenue,E01030793,Surrey Heath 008A,Public order,Unable to prosecute suspect,
5a8de702ec64f9b45cf7f4a9a50e73538f6090c821aeda1fe5c0b9265100a798,2023-06,Surrey Police,Surrey Police,-0.758330,51.335622,On or near Chapel Road,E01030793,Surrey Heath 008A,Public order,Local resolution,
73551d3785511b077e572df426dbaa730f64c14254bb6157b348650d0915b036,2023-06,Surrey Police,Surrey Police,-0.759884,51.328570,On or near Watchmoor Road,E01030793,Surrey Heath 008A,Public order,Court result unavailable,
f52068b554eac59e87f76c1a33f9590e790d283a158eedb156cdd6ab6d759c74,2023-06,Surrey Police,Surrey Police,-0.758330,51.335622,On or near Chapel Road,E01030793,Surrey Heath 008A,Public order,Local resolution,
1ec96fe0f7690ab7e0f24933aac8c15ad8bf71cf7bda4fab81e563ebaa826775,2023-06,Surrey Police,Surrey Police,-0.766892,51.334885,On or near The Terrace,E01030793,Surrey Heath 008A,Shoplifting,Investigation complete; no suspect identified,
a68f77f617d2dc0bfba19d01e210686afc58c7f67493262e53f0539b6550c6aa,2023-06,Surrey Police,Surrey Police,-0.766892,51.334885,On or near The Terrace,E01030793,Surrey Heath 008A,Shoplifting,Court result unavailable,
b9866c50cbc5def0448890cd47bba1a112d3be0a73e3f7e4286622645c6621e4,2023-06,Surrey Police,Surrey Police,-0.766892,51.334885,On or near The Terrace,E01030793,Surrey Heath 008A,Shoplifting,Investigation complete; no suspect identified,
369c862d57baeffdf45f6abd76f0df4b870d61cf64c42fa09f03d90fffbb3f18,2023-06,Surrey Police,Surrey Police,-0.766892,51.334885,On or near The Terrace,E01030793,Surrey Heath 008A,Vehicle crime,Investigation complete; no suspect identified,
db8ee43099cfba838411d370c0c326b76d02c4df45c1bb7aa37f4c698b82c406,2023-06,Surrey Police,Surrey Police,-0.757102,51.335932,On or near Kingfisher Drive,E01030793,Surrey Heath 008A,Vehicle crime,Investigation complete; no suspect identified,
b58903c50ce680bc08772e5cbe33dc79ec58d22f9fef64152d825c23391c1282,2023-06,Surrey Police,Surrey Police,-0.766892,51.334885,On or near The Terrace,E01030793,Surrey Heath 008A,Vehicle crime,Investigation complete; no suspect identified,
638902d84344cd01fb05ce59e90d95febe8ed6b9d891fefa6a01225db5d8a4e1,2023-06,Surrey Police,Surrey Police,-0.762070,51.334276,On or near Lister Place,E01030793,Surrey Heath 008A,Violence and sexual offences,Court result unavailable,
ad617d2919f0628d2ba9ea6ad0c14d487451ac8c51d7f51d4dd1c461b3c9c114,2023-06,Surrey Police,Surrey Police,-0.760119,51.332116,On or near Vale Road,E01030793,Surrey Heath 008A,Violence and sexual offences,Status update unavailable,
e6f5ad7e871abc99a0a864e787771cac13a2caaaeb85ab21f3b19d3491278a60,2023-06,Surrey Police,Surrey Police,-0.759769,51.331267,On or near Avenue Sucy,E01030793,Surrey Heath 008A,Violence and sexual offences,Unable to prosecute suspect,
ccaf9384395aa413b05c84f8cb2149344a0b244d345008c5d19db635e92d847d,2023-06,Surrey Police,Surrey Police,-0.758330,51.335622,On or near Chapel Road,E01030793,Surrey Heath 008A,Violence and sexual offences,Unable to prosecute suspect,
2809eeadf6746ae376da428bc8099ccd8d6e1010da9d38b7c9946d23cffee1f4,2023-06,Surrey Police,Surrey Police,-0.763274,51.335962,On or near Roberts Road,E01030793,Surrey Heath 008A,Violence and sexual offences,Court result unavailable,
0d6fd3e406c245d059ba392d158e67415fcac8de64b1f6de49a509a54ff9a090,2023-06,Surrey Police,Surrey Police,-0.760119,51.332116,On or near Vale Road,E01030793,Surrey Heath 008A,Violence and sexual offences,Unable to prosecute suspect,
b632468bc3f9cc4b5a3bde77c601a47917a9f5148b62e4a69de781a783a35c70,2023-06,Surrey Police,Surrey Police,-0.762070,51.334276,On or near Lister Place,E01030793,Surrey Heath 008A,Violence and sexual offences,Unable to prosecute suspect,
ecedc5d09a1dfa0510964a9e27dbf37ccd2ddf73be5b927d539c5a780fc79665,2023-06,Surrey Police,Surrey Police,-0.759711,51.334980,On or near Harcourt Road,E01030793,Surrey Heath 008A,Violence and sexual offences,Unable to prosecute suspect,
850a3d830cc24be7aadfaa2e73cd250f5c088f5d39c93c7784b21b17f6a53bfc,2023-06,Surrey Police,Surrey Police,-0.762734,51.332557,On or near Queen Mary Avenue,E01030793,Surrey Heath 008A,Violence and sexual offences,Unable to prosecute suspect,
883d057ffea916a32c8672f34d2e8d63f2196a857f764b2337467773018d9f2b,2023-06,Surrey Police,Surrey Police,-0.760107,51.335227,On or near Plantation Row,E01030793,Surrey Heath 008A,Violence and sexual offences,Unable to prosecute suspect,
14b2d13d13631d73cbf4d4f5366e871d61982a590943b2ec97eec6b24dc9cf25,2023-06,Surrey Police,Surrey Police,-0.760119,51.332116,On or near Vale Road,E01030793,Surrey Heath 008A,Violence and sexual offences,Unable to prosecute suspect,
ca5d0a6579f5c8f5c139a61814af7bbbe3e1870816eb107338eb82fb677d0898,2023-06,Surrey Police,Surrey Police,-0.762734,51.332557,On or near Queen Mary Avenue,E01030793,Surrey Heath 008A,Violence and sexual offences,Unable to prosecute suspect,
c1ad93cabdfc580a06f1f758cd8c5ad29392accf10b83c558acaaa181567fbf7,2023-06,Surrey Police,Surrey Police,-0.765302,51.331001,On or near Doman Road,E01030793,Surrey Heath 008A,Violence and sexual offences,Investigation complete; no suspect identified,
6b674fb4f4254f4a22107f53892feb201c02ec3b3b58e4aabdd0b2471ea62d3f,2023-06,Surrey Police,Surrey Police,-0.766892,51.334885,On or near The Terrace,E01030793,Surrey Heath 008A,Other crime,Investigation complete; no suspect identified,
a3bdea7055478b97c3dd3cb563c5cb1f7aaa8b47bba36ceac18fead3205fec45,2023-06,Surrey Police,Surrey Police,-0.758539,51.331622,On or near Eaton Road,E01030794,Surrey Heath 008B,Public order,Unable to prosecute suspect,
cc8d229059074002f3a155afb97932bd1c3cc38a620c7332876b7f3497d0acbd,2023-06,Surrey Police,Surrey Police,-0.758539,51.331622,On or near Eaton Road,E01030794,Surrey Heath 008B,Violence and sexual offences,Unable to prosecute suspect,
368680627ed67b38e832122d5d548451aa3e48fb73c6a281449eb6447e6a6721,2023-06,Surrey Police,Surrey Police,-0.754269,51.329239,On or near Rideway Close,E01030794,Surrey Heath 008B,Violence and sexual offences,Local resolution,
,2023-06,Surrey Police,Surrey Police,-0.750192,51.338206,On or near Lower Charles Street,E01030795,Surrey Heath 008C,Anti-social behaviour,,
5566996f42c5007ea2a3296a8b2bbe77a73397f0dff71b441cc96ba2bb7812bc,2023-06,Surrey Police,Surrey Police,-0.748718,51.332795,On or near Gordon Road,E01030795,Surrey Heath 008C,Drugs,Local resolution,
916c257eb3263c95aed7bc6f298daaeb6c728c90c7fe4918fe725f437e153078,2023-06,Surrey Police,Surrey Police,-0.748826,51.338290,On or near North Court,E01030795,Surrey Heath 008C,Other theft,Investigation complete; no suspect identified,
1e3e6ba3c0a7b3763eaf8d2b89321ccbf29b8c1f65d41c56ee7459604ea1e0fb,2023-06,Surrey Police,Surrey Police,-0.749268,51.337872,On or near Parking Area,E01030795,Surrey Heath 008C,Public order,Unable to prosecute suspect,
27331306c6bedb63a211065c9565b35915415600a8e6542d9ae98659d26755f8,2023-06,Surrey Police,Surrey Police,-0.748826,51.338290,On or near North Court,E01030795,Surrey Heath 008C,Public order,Unable to prosecute suspect,
26adb8efdce04ce2ee6d694d5cc243cfb9850b4607be84569e53ac7fe32b0168,2023-06,Surrey Police,Surrey Police,-0.750778,51.337259,On or near Grand Avenue,E01030795,Surrey Heath 008C,Public order,Local resolution,
dfb283634d8ddb352628836eddabcaa5751789c85fedad29e5b20d7e2102b0a0,2023-06,Surrey Police,Surrey Police,-0.748178,51.337321,On or near St Mary'S Road,E01030795,Surrey Heath 008C,Shoplifting,Investigation complete; no suspect identified,
93914cb198374d7fb17887283385e65660aefb9d87fdc3dbb128d78f187fb1d2,2023-06,Surrey Police,Surrey Police,-0.748826,51.338290,On or near North Court,E01030795,Surrey Heath 008C,Shoplifting,Status update unavailable,
075b913fb820456d4c539f495a642469e95b74fda6d70132e57db3e4c90a5478,2023-06,Surrey Police,Surrey Police,-0.748178,51.337321,On or near St Mary'S Road,E01030795,Surrey Heath 008C,Shoplifting,Local resolution,
16898cfb8239f3479548df5f802449aa29a925cbd75e6439ff420c40022ba3bd,2023-06,Surrey Police,Surrey Police,-0.748178,51.337321,On or near St Mary'S Road,E01030795,Surrey Heath 008C,Shoplifting,Investigation complete; no suspect identified,
9e8bd495bd8fa30ac2472fd2d155794a40fb7974db097c302e6300e90c6f6c0a,2023-06,Surrey Police,Surrey Police,-0.748178,51.337321,On or near St Mary'S Road,E01030795,Surrey Heath 008C,Shoplifting,Offender given a caution,
0e3fa10acb85053c03b796243542f6e9d871a52312c8a864a074919a29e850bc,2023-06,Surrey Police,Surrey Police,-0.756365,51.336095,On or near Wey Close,E01030795,Surrey Heath 008C,Violence and sexual offences,Unable to prosecute suspect,
a8ae6e6cf7c77e79b7eae6f76261ca991c87a94d875ca2b4fdeb7ab824d70df8,2023-06,Surrey Police,Surrey Police,-0.749268,51.337872,On or near Parking Area,E01030795,Surrey Heath 008C,Violence and sexual offences,Unable to prosecute suspect,
026bfb9ad2b22a8cb0b78ec3440261a78937c9f7003729fac2bbfefb4f623ab5,2023-06,Surrey Police,Surrey Police,-0.748178,51.337321,On or near St Mary'S Road,E01030795,Surrey Heath 008C,Violence and sexual offences,Investigation complete; no suspect identified,
e4255bae4ede4cc234667caad87806f691263c7fe303dcc378b1bf740af4cad9,2023-06,Surrey Police,Surrey Police,-0.748964,51.337292,On or near Shopping Area,E01030795,Surrey Heath 008C,Violence and sexual offences,Investigation complete; no suspect identified,
,2023-06,Surrey Police,Surrey Police,-0.755699,51.325720,On or near Wilton Road,E01030803,Surrey Heath 008D,Anti-social behaviour,,
,2023-06,Surrey Police,Surrey Police,-0.761863,51.323313,On or near Supermarket,E01030803,Surrey Heath 008D,Anti-social behaviour,,
,2023-06,Surrey Police,Surrey Police,-0.755699,51.325720,On or near Wilton Road,E01030803,Surrey Heath 008D,Anti-social behaviour,,
,2023-06,Surrey Police,Surrey Police,-0.756507,51.320774,On or near Lea Road,E01030803,Surrey Heath 008D,Anti-social behaviour,,
,2023-06,Surrey Police,Surrey Police,-0.758035,51.322112,On or near Orchard Way,E01030803,Surrey Heath 008D,Anti-social behaviour,,
497c29ada912daf9ee671f411f742b84ae8c51e20c2ace59eeff64a671b4902c,2023-06,Surrey Police,Surrey Police,-0.761863,51.323313,On or near Supermarket,E01030803,Surrey Heath 008D,Burglary,Unable to prosecute suspect,
fc0126e29d9811e1d946a0ddf16e3260422f656616c1db8215a1aaa43df5cdde,2023-06,Surrey Police,Surrey Police,-0.755699,51.325720,On or near Wilton Road,E01030803,Surrey Heath 008D,Drugs,Local resolution,
550f9af2843905d20cbc147c00f0000ac9772302295f97370727f006fadd1bd6,2023-06,Surrey Police,Surrey Police,-0.761863,51.323313,On or near Supermarket,E01030803,Surrey Heath 008D,Other theft,Investigation complete; no suspect identified,
b7b1e95bc2f9e9a18de1a66c657524ef33c7773d8ae6295c5a1cab320f5cac89,2023-06,Surrey Police,Surrey Police,-0.753769,51.327552,On or near Parking Area,E01030803,Surrey Heath 008D,Other theft,Investigation complete; no suspect identified,
dd624a4519c032cdfb255c05dd5ab5997a23ad11718810339426b68b7ba41f2e,2023-06,Surrey Police,Surrey Police,-0.761863,51.323313,On or near Supermarket,E01030803,Surrey Heath 008D,Other theft,Court result unavailable,
5ad5c5f08d4f92ee81716e972600e60980b05d8d512a0e7c56cba814a560af4d,2023-06,Surrey Police,Surrey Police,-0.753769,51.327552,On or near Parking Area,E01030803,Surrey Heath 008D,Public order,Investigation complete; no suspect identified,
943a7c37bce0ec4bb0da18c050e0786412529214e7d2c6bb6c852e06779b97f6,2023-06,Surrey Police,Surrey Police,-0.753769,51.327552,On or near Parking Area,E01030803,Surrey Heath 008D,Public order,Investigation complete; no suspect identified,
e5d8785a48efe09d851bf2d671f69d8100b870abaf9e2a0e3c5a1f0a6d2c0e66,2023-06,Surrey Police,Surrey Police,-0.754988,51.327043,On or near B3411,E01030803,Surrey Heath 008D,Public order,Investigation complete; no suspect identified,
26deab73c9577b7b91bf8ffb665877b836f9861b380fa432a065d152ae7f145b,2023-06,Surrey Police,Surrey Police,-0.755693,51.326979,On or near Krooner Road,E01030803,Surrey Heath 008D,Public order,Investigation complete; no suspect identified,
3b34d432f0d0441965f1ee4980022b5d76b3adc554ec7abdbb406cf6d644f2f3,2023-06,Surrey Police,Surrey Police,-0.754907,51.325262,On or near Petrol Station,E01030803,Surrey Heath 008D,Public order,Unable to prosecute suspect,
c654512152c1b654e2d95acd5c69579bc5efb94f26871a4d34e77088fe3cf335,2023-06,Surrey Police,Surrey Police,-0.755693,51.326979,On or near Krooner Road,E01030803,Surrey Heath 008D,Public order,Investigation complete; no suspect identified,
7573d9070d2afa93cb480131a103c2b93b15a3e1642d3a4001aab08f98d02de3,2023-06,Surrey Police,Surrey Police,-0.761863,51.323313,On or near Supermarket,E01030803,Surrey Heath 008D,Shoplifting,Investigation complete; no suspect identified,
b1ad13f2e358f96a2348b844eafe33fba37ecd2960a12022cd8cb88dcd91da8c,2023-06,Surrey Police,Surrey Police,-0.761863,51.323313,On or near Supermarket,E01030803,Surrey Heath 008D,Shoplifting,Investigation complete; no suspect identified,
664fe084f17800b0f55c781cd00e136d2053d1b19e24a54222010416ab346a50,2023-06,Surrey Police,Surrey Police,-0.756507,51.320774,On or near Lea Road,E01030803,Surrey Heath 008D,Vehicle crime,Investigation complete; no suspect identified,
9bc6331e6fa80ce79f7f1b97f2c82fae92a5131d635de1994e47466de23e5b1b,2023-06,Surrey Police,Surrey Police,-0.754925,51.326719,On or near Hunts Lane,E01030803,Surrey Heath 008D,Violence and sexual offences,Investigation complete; no suspect identified,
e08fa9004165b4b41d9a9de688956d2ea198b2efafb5763af49f09bce9f01450,2023-06,Surrey Police,Surrey Police,-0.762071,51.320914,On or near Petrol Station,E01030803,Surrey Heath 008D,Violence and sexual offences,Investigation complete; no suspect identified,
e3d8f9afe2109dc71bc759fde81192a965f5265b348cbcc7af459b0437bcdc12,2023-06,Surrey Police,Surrey Police,-0.753726,51.328091,On or near Watchetts Road,E01030803,Surrey Heath 008D,Violence and sexual offences,Investigation complete; no suspect identified,
93b6b5965ba0ab0aebd73cac692ea71012e038a18b1d37906f5b867d73610650,2023-06,Surrey Police,Surrey Police,-0.761863,51.323313,On or near Supermarket,E01030803,Surrey Heath 008D,Violence and sexual offences,Investigation complete; no suspect identified,
fc98ff905feff8eec44822489e56b6459bf1ce77d78899b4390d4899980d6e9b,2023-06,Surrey Police,Surrey Police,-0.752349,51.326979,On or near Blenheim Place,E01030803,Surrey Heath 008D,Other crime,Action to be taken by another organisation,
8c7a21285c5391c488520793960edb6391b905425cb23d7f2fbd046910178d04,2023-06,Surrey Police,Surrey Police,-0.762071,51.320914,On or near Petrol Station,E01030803,Surrey Heath 008D,Other crime,Unable to prosecute suspect,
c10225c05cb0518b007c0bf869ac0965ce526096a5602acb98158f4121d739a0,2023-06,Surrey Police,Surrey Police,-0.747693,51.333503,On or near Shelley Court,E01030804,Surrey Heath 008E,Bicycle theft,Investigation complete; no suspect identified,
758753bbd35010e74c1d07f4b34829f540e33b544efc809d04cd17bba0194924,2023-06,Surrey Police,Surrey Police,-0.744478,51.331382,On or near Kingsclear Park,E01030804,Surrey Heath 008E,Burglary,Status update unavailable,
fdca5da7d6c0a8f438f786633c5cd4c578736a787e1eab1aac9d3b4573cf675e,2023-06,Surrey Police,Surrey Police,-0.744478,51.331382,On or near Kingsclear Park,E01030804,Surrey Heath 008E,Other theft,Investigation complete; no suspect identified,
,2023-06,Surrey Police,Surrey Police,-0.757766,51.320913,On or near Rivermead Road,E01030805,Surrey Heath 008F,Anti-social behaviour,,
,2023-06,Surrey Police,Surrey Police,-0.752429,51.324049,On or near Farrell Close,E01030805,Surrey Heath 008F,Anti-social behaviour,,
adf72a64b9f81f67aeb366690b6f72b78a0b4f5a71a4a12552b438aa8dffbbff,2023-06,Surrey Police,Surrey Police,-0.752606,51.318583,On or near Old Pond Close,E01030805,Surrey Heath 008F,Criminal damage and arson,Unable to prosecute suspect,
605624186a3cbca768dfd2e6ce103dc9ff067414f53a0fc1d12820056cfde05b,2023-06,Surrey Police,Surrey Police,-0.756012,51.318386,On or near Mayfield Road,E01030805,Surrey Heath 008F,Criminal damage and arson,Investigation complete; no suspect identified,
117e001ee0c773483bf7d3867b616f459787879863eae759ba8274e3b25ebc88,2023-06,Surrey Police,Surrey Police,-0.748623,51.323082,On or near Watchetts Drive,E01030805,Surrey Heath 008F,Criminal damage and arson,Further action is not in the public interest,
c02699ba4bf50bdeea20b494e6ac205dc545581b482e0f00337ea072bee00e8a,2023-06,Surrey Police,Surrey Police,-0.757766,51.320913,On or near Rivermead Road,E01030805,Surrey Heath 008F,Drugs,Local resolution,
f4fe2e6b44e40f32bc78422d7575d45dcd591eac4d9f96f8f57d91d2d26ec4e3,2023-06,Surrey Police,Surrey Police,-0.751955,51.324574,On or near Weller Drive,E01030805,Surrey Heath 008F,Other theft,Investigation complete; no suspect identified,
ea44da677e7c1e965cfe6f08b6b4932f1d8acd33bfcff4262e01f1d5cf5dcf02,2023-06,Surrey Police,Surrey Police,-0.756420,51.318696,On or near Greenlands Road,E01030805,Surrey Heath 008F,Public order,Investigation complete; no suspect identified,
2ef1b366fa34a47997f70f19935bcea18398bf9d63a482bec01c259ca895eda0,2023-06,Surrey Police,Surrey Police,-0.755512,51.319343,On or near Bain Avenue,E01030805,Surrey Heath 008F,Public order,Investigation complete; no suspect identified,
292e164d7eead5092cfdc9e80dfa312ca8c941c40777dae13bde9efb9708491d,2023-06,Surrey Police,Surrey Police,-0.751955,51.324574,On or near Weller Drive,E01030805,Surrey Heath 008F,Public order,Local resolution,
d2ec9fef22dd84cf1d60142c4b24bbdab79896b7cbb54e68c4b3489c029d864b,2023-06,Surrey Police,Surrey Police,-0.756420,51.318696,On or near Greenlands Road,E01030805,Surrey Heath 008F,Violence and sexual offences,Status update unavailable,
1c1878daacf848e04dd50045bdbe1bb655e3834cdd1f82e49fd74f072d03ad18,2023-06,Surrey Police,Surrey Police,-0.752606,51.318583,On or near Old Pond Close,E01030805,Surrey Heath 008F,Violence and sexual offences,Unable to prosecute suspect,
0666208164d856e9c30e51330663cfc1202aae908e074f601f07fc3bed0fbd3f,2023-06,Surrey Police,Surrey Police,-0.748623,51.323082,On or near Watchetts Drive,E01030805,Surrey Heath 008F,Violence and sexual offences,Further action is not in the public interest,
6aa84aaaef8715cefad4a662a2e00dbd1fdd7f542fdb4f564f3b921895e492b1,2023-06,Surrey Police,Surrey Police,-0.755512,51.319343,On or near Bain Avenue,E01030805,Surrey Heath 008F,Violence and sexual offences,Further action is not in the public interest,
4a7d35159015b077b18e7e86395b677d1a0dbc522f2f56ec5ed24aef85e716d8,2023-06,Surrey Police,Surrey Police,-0.756420,51.318696,On or near Greenlands Road,E01030805,Surrey Heath 008F,Violence and sexual offences,Status update unavailable,
27f070a5ee8d9e7905c7cffca679d3fb0805768d23b1990f819a24ca5aa909b1,2023-06,Surrey Police,Surrey Police,-0.756420,51.318696,On or near Greenlands Road,E01030805,Surrey Heath 008F,Violence and sexual offences,Status update unavailable,
cdac395cc536298084d69296e9c8d954f852d20f8a218af14984860862fbe99d,2023-06,Surrey Police,Surrey Police,-0.755512,51.319343,On or near Bain Avenue,E01030805,Surrey Heath 008F,Violence and sexual offences,Unable to prosecute suspect,
8e88ce284afe26ede058d0581f77fa096a6a089300fd274de2ac4e66264da641,2023-06,Surrey Police,Surrey Police,-0.753993,51.318230,On or near Newlands Road,E01030805,Surrey Heath 008F,Other crime,Unable to prosecute suspect,
,2023-06,Surrey Police,Surrey Police,-0.718285,51.335424,On or near Youlden Close,E01030789,Surrey Heath 009A,Anti-social behaviour,,
,2023-06,Surrey Police,Surrey Police,-0.718285,51.335424,On or near Youlden Close,E01030789,Surrey Heath 009A,Anti-social behaviour,,
35ef7828d43312bc1d9abeb156490714a826dad09bb55ebcd36a8b4b84d788b7,2023-06,Surrey Police,Surrey Police,-0.718525,51.326785,On or near Heath Lane,E01030789,Surrey Heath 009A,Criminal damage and arson,Investigation complete; no suspect identified,
f2019850901a8e51946793f85b88a22d5c776e651ca24e297510d4a9b87bf66a,2023-06,Surrey Police,Surrey Police,-0.718847,51.332238,On or near Ardrossan Avenue,E01030789,Surrey Heath 009A,Public order,Investigation complete; no suspect identified,
9a881770f36b361fe1e778ecaf40c08b13d682f058c2326b0c33a1375c70669f,2023-06,Surrey Police,Surrey Police,-0.717198,51.328065,On or near Falmouth Close,E01030789,Surrey Heath 009A,Vehicle crime,Status update unavailable,
5b8e34a7a827e6dfc64d878985f4ba98fbee2584b598089ef898eb763438915d,2023-06,Surrey Police,Surrey Police,-0.718525,51.326785,On or near Heath Lane,E01030789,Surrey Heath 009A,Vehicle crime,Investigation complete; no suspect identified,
5d21c8577f88ba37b1be61605fae1c8b1995375ed62dc6732d193cbd33d42a5a,2023-06,Surrey Police,Surrey Police,-0.719194,51.326999,On or near Robin Hill Drive,E01030789,Surrey Heath 009A,Violence and sexual offences,Investigation complete; no suspect identified,
,2023-06,Surrey Police,Surrey Police,-0.732837,51.326176,On or near Scarlet Oaks,E01030790,Surrey Heath 009B,Anti-social behaviour,,
,2023-06,Surrey Police,Surrey Police,-0.724853,51.322205,On or near Heather Mead,E01030790,Surrey Heath 009B,Anti-social behaviour,,
0bcd6b6e6d30f87acdd82c80fda7f43675abf3a7c6f23412f50d9fbbe7812128,2023-06,Surrey Police,Surrey Police,-0.723231,51.322709,On or near Evergreen Road,E01030790,Surrey Heath 009B,Vehicle crime,Investigation complete; no suspect identified,
0920a6f156e2ca62d508cfe031c14ba56912068d5be9725fa9bafe5d7d4217c3,2023-06,Surrey Police,Surrey Police,-0.721648,51.322350,On or near Chobham Road,E01030790,Surrey Heath 009B,Violence and sexual offences,Further action is not in the public interest,
524b3f15d0dbf6824e6fbd281c66b431674c38da0c6de42efc7b8e82ddea2f8c,2023-06,Surrey Police,Surrey Police,-0.724853,51.322205,On or near Heather Mead,E01030790,Surrey Heath 009B,Violence and sexual offences,Unable to prosecute suspect,
cb9b8aa8fe9a10e17091555d8b1bf96eb2c31910d9f7480a980ab166616a52d8,2023-06,Surrey Police,Surrey Police,-0.732837,51.326176,On or near Scarlet Oaks,E01030790,Surrey Heath 009B,Violence and sexual offences,Local resolution,
61966632b96325f0af948a9aca32dcf9ddc2576c0226cbbf87b68f8e5c68f2fd,2023-06,Surrey Police,Surrey Police,-0.731271,51.325215,On or near Fairfield Drive,E01030790,Surrey Heath 009B,Other crime,Further investigation is not in the public interest,
e672b6a2274eb7cd4aaeeaded64b87cf710aef56a94caadf2905a1a66fa6b0da,2023-06,Surrey Police,Surrey Police,-0.739526,51.321438,On or near Badgerwood Drive,E01030791,Surrey Heath 009C,Violence and sexual offences,Unable to prosecute suspect,
cc5dc3738031b8b1a57ca0bbda5e4ddd833c68053cc1909b96e77619f24f3cfb,2023-06,Surrey Police,Surrey Police,-0.705416,51.342764,On or near Heathside Park,E01030792,Surrey Heath 009D,Violence and sexual offences,Action to be taken by another organisation,
,2023-06,Surrey Police,Surrey Police,-0.742557,51.315032,On or near Chancellor Drive,E01030766,Surrey Heath 010A,Anti-social behaviour,,
,2023-06,Surrey Police,Surrey Police,-0.741137,51.312382,On or near Sheridan Road,E01030766,Surrey Heath 010A,Anti-social behaviour,,
,2023-06,Surrey Police,Surrey Police,-0.745964,51.311651,On or near Bridgemead,E01030766,Surrey Heath 010A,Anti-social behaviour,,
,2023-06,Surrey Police,Surrey Police,-0.746744,51.315936,On or near Hospital,E01030766,Surrey Heath 010A,Anti-social behaviour,,
03bd28934168fe94abbc82aacb319c3f569f09123c2ec3cb9ff42f57e5653d4c,2023-06,Surrey Police,Surrey Police,-0.741130,51.315817,On or near The Cloisters,E01030766,Surrey Heath 010A,Burglary,Unable to prosecute suspect,
c65c1eada5b714e6c59bf05a33b447d75fbb608801cd363f4e410ef5222e40ec,2023-06,Surrey Police,Surrey Police,-0.744880,51.313510,On or near Frimley High Street,E01030766,Surrey Heath 010A,Criminal damage and arson,Investigation complete; no suspect identified,
5e5d9ce99fd16c8df3ed70faf77414c77ee9c2a051f42d8c4cc70d748573c155,2023-06,Surrey Police,Surrey Police,-0.740843,51.313710,On or near Kenmore Close,E01030766,Surrey Heath 010A,Other theft,Investigation complete; no suspect identified,
ba97a5f12bad6e212608b2fddf4b0b47ad5fd8748ef52a0f5b6b5f690ae7024f,2023-06,Surrey Police,Surrey Police,-0.746744,51.315936,On or near Hospital,E01030766,Surrey Heath 010A,Other theft,Investigation complete; no suspect identified,
27d3d794f6494f578275fa7702a2b6ae9c1d67cdb3d006fb93068a264f46eeb8,2023-06,Surrey Police,Surrey Police,-0.747581,51.313917,On or near Station Road,E01030766,Surrey Heath 010A,Public order,Investigation complete; no suspect identified,
901485adb85bf1b42ea6934a36ea3ef5f2997d390f60f50a03c0189a25345b7e,2023-06,Surrey Police,Surrey Police,-0.744880,51.313510,On or near Frimley High Street,E01030766,Surrey Heath 010A,Shoplifting,Investigation complete; no suspect identified,
8dbd024e9b6bad5182ffb1041400db095b046bb36f982886c4a42705bf670a8f,2023-06,Surrey Police,Surrey Police,-0.745964,51.311651,On or near Bridgemead,E01030766,Surrey Heath 010A,Violence and sexual offences,Further action is not in the public interest,
d06b3259949e7eeaadf04ca99bcaffd4c72f7366722f7390aade7027ebbfcad7,2023-06,Surrey Police,Surrey Police,-0.741659,51.314807,On or near Church Road,E01030766,Surrey Heath 010A,Violence and sexual offences,Further investigation is not in the public interest,
c7b9e00cfc86c10c946776c9b3d87009a5f559db422078849cf884066d7b6097,2023-06,Surrey Police,Surrey Police,-0.745121,51.312029,On or near Bailey Close,E01030766,Surrey Heath 010A,Violence and sexual offences,Investigation complete; no suspect identified,
b6884654e7fd486d1458c6075e4c7ee7dd2519b6408803fdc2e1501ca1b1761e,2023-06,Surrey Police,Surrey Police,-0.739560,51.312878,On or near Coombe Close,E01030766,Surrey Heath 010A,Violence and sexual offences,Unable to prosecute suspect,
,2023-06,Surrey Police,Surrey Police,-0.737946,51.314686,On or near Parsonage Way,E01030767,Surrey Heath 010B,Anti-social behaviour,,
,2023-06,Surrey Police,Surrey Police,-0.737706,51.314045,On or near Bryant Close,E01030767,Surrey Heath 010B,Anti-social behaviour,,
8504970354b431537be130eb9d06b47d8b3f0dab6320a79721aaa996545ed7bc,2023-06,Surrey Police,Surrey Police,-0.733785,51.311574,On or near Addison Road,E01030767,Surrey Heath 010B,Criminal damage and arson,Local resolution,
f888a11414e838cbb746e4659d1d0dc4b85a7d8a99b56a3b5f536448b2d7fe74,2023-06,Surrey Police,Surrey Police,-0.735488,51.314344,On or near Ansell Road,E01030767,Surrey Heath 010B,Criminal damage and arson,Unable to prosecute suspect,
4bfd72c90f4fa7f94281db1ece72d33958fb04e119ae5effd87bd877f3387d71,2023-06,Surrey Police,Surrey Police,-0.733785,51.311574,On or near Addison Road,E01030767,Surrey Heath 010B,Criminal damage and arson,Investigation complete; no suspect identified,
8121d11c802ee99cea499369943e9ae9f5cde7b5b0c70a73152b7c6cd7f3b514,2023-06,Surrey Police,Surrey Police,-0.735488,51.314344,On or near Ansell Road,E01030767,Surrey Heath 010B,Criminal damage and arson,Local resolution,
093ba4250a9052a9fac713aadcbe49ac1081c8b6b1560c8bd08427767f5edbe3,2023-06,Surrey Police,Surrey Police,-0.735488,51.314344,On or near Ansell Road,E01030767,Surrey Heath 010B,Criminal damage and arson,Local resolution,
e4dafc347eac1e05beb8d17c20b2b39edb21b6f9b70268e9acb35afbb980d605,2023-06,Surrey Police,Surrey Police,-0.735488,51.314344,On or near Ansell Road,E01030767,Surrey Heath 010B,Criminal damage and arson,Unable to prosecute suspect,
929ec6f8bdb49595723a8601eaf8ec7ca9596cef8e6d19942c8bd90970f79f2b,2023-06,Surrey Police,Surrey Police,-0.734165,51.313395,On or near Barnes Road,E01030767,Surrey Heath 010B,Drugs,Status update unavailable,
ce87ad56b4b3d5e6d9503fcb506257e69aeb46b9820439c7121d3f02bc878a33,2023-06,Surrey Police,Surrey Police,-0.737706,51.314045,On or near Bryant Close,E01030767,Surrey Heath 010B,Violence and sexual offences,Unable to prosecute suspect,
24a4695e21c8606d322df0b24d07e7718a4e9452a94ab1a236c9d871e7d55768,2023-06,Surrey Police,Surrey Police,-0.735488,51.314344,On or near Ansell Road,E01030767,Surrey Heath 010B,Violence and sexual offences,Unable to prosecute suspect,
1fb9d9a0afec0c0fd20db3a46388c847374d7dd459efccd6e0cabcc816a9caca,2023-06,Surrey Police,Surrey Police,-0.737706,51.314045,On or near Bryant Close,E01030767,Surrey Heath 010B,Violence and sexual offences,Local resolution,
4e0f86f75364683114648da80809c2b162c95d467e4eee09ce7a85968bedc5a5,2023-06,Surrey Police,Surrey Police,-0.735488,51.314344,On or near Ansell Road,E01030767,Surrey Heath 010B,Violence and sexual offences,Unable to prosecute suspect,
f6707dd815a31e28f190b3430885c2d3dae520bedaad8b26f9af83acca15d38a,2023-06,Surrey Police,Surrey Police,-0.735073,51.312730,On or near Middlemoor Road,E01030767,Surrey Heath 010B,Violence and sexual offences,Investigation complete; no suspect identified,
7abe526e552d79683b3896864b14222867eea1409acf3f9514aeeb3eb3cb148a,2023-06,Surrey Police,Surrey Police,-0.735488,51.314344,On or near Ansell Road,E01030767,Surrey Heath 010B,Violence and sexual offences,Unable to prosecute suspect,
fe23f077f35e286eb7d1d426fcd0af879841418fe628e1f1b0c4fed6d1fbcb32,2023-06,Surrey Police,Surrey Police,-0.735488,51.314344,On or near Ansell Road,E01030767,Surrey Heath 010B,Violence and sexual offences,Unable to prosecute suspect,
e1f65607db827fa8d2919a4b312f4faeaef601e419e613fdd3e0be24149ed46b,2023-06,Surrey Police,Surrey Police,-0.726115,51.314459,On or near Keaver Drive,E01030767,Surrey Heath 010B,Violence and sexual offences,Unable to prosecute suspect,
b6ed79906f9115af9d4d73545f5d27f9793d4b4ba50d9ba4fee77934c01fb771,2023-06,Surrey Police,Surrey Police,-0.741174,51.318911,On or near Hospital,E01030768,Surrey Heath 010C,Drugs,Further investigation is not in the public interest,
ff3d8878e09588e58c5db30639652dc685a7f8976a0eff68a44843d113872856,2023-06,Surrey Police,Surrey Police,-0.741174,51.318911,On or near Hospital,E01030768,Surrey Heath 010C,Drugs,Unable to prosecute suspect,
24c35e527043d931a69084166e032175ae4b194672a3591ee3502eda4983b889,2023-06,Surrey Police,Surrey Police,-0.746362,51.319164,On or near Gilbert Road,E01030768,Surrey Heath 010C,Violence and sexual offences,Local resolution,
213153540013f7556dc8b50df0e5bdab63c38e82882b28190b61366c35d846d3,2023-06,Surrey Police,Surrey Police,-0.731247,51.316699,On or near Yew Tree Walk,E01030768,Surrey Heath 010C,Violence and sexual offences,Further investigation is not in the public interest,
924b064dfd3bb2fdeea1429e026513775c309e7ce79cbda49f313e88a9a1c5fd,2023-06,Surrey Police,Surrey Police,-0.741174,51.318911,On or near Hospital,E01030768,Surrey Heath 010C,Violence and sexual offences,Unable to prosecute suspect,
eb443d9e2f6354ccbcc0a8102585c3a9eae5da22d347bfb13200b79734a82c0b,2023-06,Surrey Police,Surrey Police,-0.741174,51.318911,On or near Hospital,E01030768,Surrey Heath 010C,Violence and sexual offences,Unable to prosecute suspect,
aa9172bda61fc00fa9eb6179680c827ce43dd3b6c3d76cf14688c2dd3bfeff0d,2023-06,Surrey Police,Surrey Police,-0.746362,51.319164,On or near Gilbert Road,E01030768,Surrey Heath 010C,Violence and sexual offences,Unable to prosecute suspect,
8b2accd1565946332a456cd0d5a2b829f1d847192e06738a81f76bfe4d7a4a13,2023-06,Surrey Police,Surrey Police,-0.746362,51.319164,On or near Gilbert Road,E01030768,Surrey Heath 010C,Violence and sexual offences,Further investigation is not in the public interest,
15c923bd30fa5bb928a0694a56ea5f2f79c89bd58ccdfced8f00d7a47978a870,2023-06,Surrey Police,Surrey Police,-0.746362,51.319164,On or near Gilbert Road,E01030768,Surrey Heath 010C,Violence and sexual offences,Unable to prosecute suspect,
,2023-06,Surrey Police,Surrey Police,-0.728640,51.320700,On or near The Mallards,E01030769,Surrey Heath 010D,Anti-social behaviour,,
,2023-06,Surrey Police,Surrey Police,-0.728640,51.320700,On or near The Mallards,E01030769,Surrey Heath 010D,Anti-social behaviour,,
,2023-06,Surrey Police,Surrey Police,-0.728640,51.320700,On or near The Mallards,E01030769,Surrey Heath 010D,Anti-social behaviour,,
af49b8c0536ca423f216cab9bedb46b74e53ae1cb81b3e67b8fd6ff91ade8e7b,2023-06,Surrey Police,Surrey Police,-0.724348,51.318657,On or near Kenton Close,E01030769,Surrey Heath 010D,Violence and sexual offences,Status update unavailable,
6277fe67916f096bea02993f297bdb09cc647e6026853cd6af4915caa367790e,2023-06,Surrey Police,Surrey Police,-0.724348,51.318657,On or near Kenton Close,E01030769,Surrey Heath 010D,Violence and sexual offences,Further action is not in the public interest,
707ca3c2f827bd721cd71aec552371a354c276ec160895e0257b39e39c9a7332,2023-06,Surrey Police,Surrey Police,-0.727766,51.318055,On or near Hermitage Close,E01030769,Surrey Heath 010D,Violence and sexual offences,Unable to prosecute suspect,
c994ea42d109f1609c7bb0d75c3d49aaf01429426021106bac0146aba6e463db,2023-06,Surrey Police,Surrey Police,-0.724348,51.318657,On or near Kenton Close,E01030769,Surrey Heath 010D,Violence and sexual offences,Court result unavailable,
3b2b214e6a115d2a7e8d657f27fbd9da4dc0fd72362d1618d781bbaa045670e4,2023-06,Surrey Police,Surrey Police,-0.730268,51.314738,On or near Tintagel Drive,E01030769,Surrey Heath 010D,Violence and sexual offences,Unable to prosecute suspect,
b9d3fb370f4619cc18f11e28e3a2767f76b00b85b5b718a7525a4bbbc66519f8,2023-06,Surrey Police,Surrey Police,-0.730268,51.314738,On or near Tintagel Drive,E01030769,Surrey Heath 010D,Violence and sexual offences,Action to be taken by another organisation,
a90a4dedd17abb6306e728c682a574ce38714064e0da2cddf823a7757dd47e1a,2023-06,Surrey Police,Surrey Police,-0.730268,51.314738,On or near Tintagel Drive,E01030769,Surrey Heath 010D,Violence and sexual offences,Unable to prosecute suspect,
f85065d13dae5a2dc6d21e68e9b334abb0f9ebf5f838131af0145f7618c7b778,2023-06,Surrey Police,Surrey Police,-0.724348,51.318657,On or near Kenton Close,E01030769,Surrey Heath 010D,Violence and sexual offences,Action to be taken by another organisation,
,2023-06,Surrey Police,Surrey Police,-0.727970,51.304461,On or near Beresford Close,E01030770,Surrey Heath 011A,Anti-social behaviour,,
3a45306b74ae932486e9c77f6774b79dc332ebbfa43e4169e7abd4e61d31b539,2023-06,Surrey Police,Surrey Police,-0.723513,51.303235,On or near Wharf Way,E01030770,Surrey Heath 011A,Burglary,Investigation complete; no suspect identified,
34825b1d9789d4b41199c70c95970b5d9890879e0f263cfa5b083b6ad43e6fe1,2023-06,Surrey Police,Surrey Police,-0.720727,51.304401,On or near Lake Road,E01030770,Surrey Heath 011A,Criminal damage and arson,Unable to prosecute suspect,
ec09abfdb8669d589ff74b00477d3fdd35ad714153ab54753c2373ff39e0895f,2023-06,Surrey Police,Surrey Police,-0.726528,51.302629,On or near Parking Area,E01030770,Surrey Heath 011A,Robbery,Unable to prosecute suspect,
245e69628510b05c4e96b8aaeb790da40a92f47fe98119d6b6ef8f6a1e261ad3,2023-06,Surrey Police,Surrey Police,-0.722081,51.307284,On or near Membury Close,E01030770,Surrey Heath 011A,Violence and sexual offences,Investigation complete; no suspect identified,
bba96c10ececf1117335dd845c4af16e244cc7cb39ecbcf60e42399f38c8ccf9,2023-06,Surrey Police,Surrey Police,-0.723427,51.307388,On or near Walmer Close,E01030770,Surrey Heath 011A,Violence and sexual offences,Unable to prosecute suspect,
29e7bfef00eef4c5fdb11ff9f6d21175b949ffbb8bb56cb2e3fad02495e236ab,2023-06,Surrey Police,Surrey Police,-0.728395,51.302056,On or near The Green,E01030770,Surrey Heath 011A,Violence and sexual offences,Action to be taken by another organisation,
6fca62f2df0dbefc9442d259dcf80de1c08b277a6ec2dcc8b36d30e261a6430f,2023-06,Surrey Police,Surrey Police,-0.726126,51.312516,On or near Beaumaris Parade,E01030771,Surrey Heath 011B,Public order,Unable to prosecute suspect,
104ad177d3dcc8097f7f4152454e9686fb2927e8aadfb4f7607b6c3c796facaf,2023-06,Surrey Police,Surrey Police,-0.730661,51.305705,On or near Elmcroft Close,E01030772,Surrey Heath 011C,Vehicle crime,Investigation complete; no suspect identified,
86035432267b936fa380c98a22de36556f35e4ecc71c00ea15feb3d0e8f85917,2023-06,Surrey Police,Surrey Police,-0.730661,51.305705,On or near Elmcroft Close,E01030772,Surrey Heath 011C,Violence and sexual offences,Action to be taken by another organisation,
23ef3d22fbade59a91ce308653bfa8fca89fdc7896f7226875ea739b9e7e2f3c,2023-06,Surrey Police,Surrey Police,-0.728928,51.305605,On or near Nursery Close,E01030772,Surrey Heath 011C,Violence and sexual offences,Unable to prosecute suspect,
ea671705fb91b6121d1006427668a7da51716c575c5c129162144479e4d7b5e5,2023-06,Surrey Police,Surrey Police,-0.730661,51.305705,On or near Elmcroft Close,E01030772,Surrey Heath 011C,Violence and sexual offences,Action to be taken by another organisation,
3c49301b37d5d75591a479c4d0139e8d438ea5c184570561d41dfc57781adab8,2023-06,Surrey Police,Surrey Police,-0.727537,51.302731,On or near Petrol Station,E01030773,Surrey Heath 011D,Other theft,Investigation complete; no suspect identified,
68bc4038678552e927de0ac016d9ea4a215183e6ceca79e351acf41b4ffba44b,2023-06,Surrey Police,Surrey Police,-0.726702,51.303620,On or near Buckhurst Road,E01030773,Surrey Heath 011D,Vehicle crime,Investigation complete; no suspect identified,
c56e38158a27338b456abe119f65aa595abeacc9a01fb28b488c5db0226023c8,2023-06,Surrey Police,Surrey Police,-0.728304,51.303773,On or near Clifton Gardens,E01030773,Surrey Heath 011D,Violence and sexual offences,Investigation complete; no suspect identified,
98fd3784f0312221bf1066f3d56d83583fb65bf4dcac83e752a573b30bcd1d47,2023-06,Surrey Police,Surrey Police,-0.731719,51.302200,On or near Bedford Crescent,E01030773,Surrey Heath 011D,Violence and sexual offences,Unable to prosecute suspect,
fb4da0bca319db16d4f36d851c453f09476729c2b292733755997a2ac09e4a6f,2023-06,Surrey Police,Surrey Police,-0.728304,51.303773,On or near Clifton Gardens,E01030773,Surrey Heath 011D,Violence and sexual offences,Investigation complete; no suspect identified,
,2023-06,Surrey Police,Surrey Police,-0.725422,51.294407,On or near Wittmead Road,E01030782,Surrey Heath 012A,Anti-social behaviour,,
711067fbd3347eeee4a2dd49c2198ed2c4850100f6644e0809220edcf34ff091,2023-06,Surrey Police,Surrey Police,-0.727314,51.291865,On or near Potteries Lane,E01030782,Surrey Heath 012A,Burglary,Investigation complete; no suspect identified,
fbe6d8bb1e51c8e465d1dfc4e6db451a85f42674a0f4b75a87cf2a8a3b5de3b6,2023-06,Surrey Police,Surrey Police,-0.723448,51.293693,On or near Thornyhurst Road,E01030782,Surrey Heath 012A,Violence and sexual offences,Unable to prosecute suspect,
97a3d1ff7c7d1e3d922816efe106ae36e4343120a78db95ffe28b0e1be4d2747,2023-06,Surrey Police,Surrey Police,-0.727314,51.291865,On or near Potteries Lane,E01030782,Surrey Heath 012A,Violence and sexual offences,Unable to prosecute suspect,
08e1eb408bbc506d8857f492caa60691118682a18f9d9ff311f7859029be2013,2023-06,Surrey Police,Surrey Police,-0.726416,51.290093,On or near Burgess Close,E01030783,Surrey Heath 012B,Public order,Unable to prosecute suspect,
9182e1eac53f22640e4c7f18f6c17f32b3b741471a60fc678d24d6986d8cb282,2023-06,Surrey Police,Surrey Police,-0.723238,51.295049,On or near Parking Area,E01030783,Surrey Heath 012B,Public order,Investigation complete; no suspect identified,
,2023-06,Surrey Police,Surrey Police,-0.705965,51.309499,On or near Blackdown Road,E01030784,Surrey Heath 012C,Anti-social behaviour,,
,2023-06,Surrey Police,Surrey Police,-0.693730,51.311917,On or near Alma Gardens,E01030784,Surrey Heath 012C,Anti-social behaviour,,
,2023-06,Surrey Police,Surrey Police,-0.700712,51.313649,On or near Frith Hill Road,E01030784,Surrey Heath 012C,Anti-social behaviour,,
1e9dffc44b37c0f0f9948be090c61c4058c4be4e45923459e2843141caa63aa0,2023-06,Surrey Police,Surrey Police,-0.696951,51.311170,On or near Crimea Road,E01030784,Surrey Heath 012C,Bicycle theft,Status update unavailable,
00b9a75e4a231d728e06319844bb8f371b315555e7ad99eba51e441926c67e83,2023-06,Surrey Police,Surrey Police,-0.695189,51.311070,On or near Normandy Close,E01030784,Surrey Heath 012C,Burglary,Investigation complete; no suspect identified,
5be05347c3adaba274b3e31e71acceba31f6c0eb45d460823a51935d770018e5,2023-06,Surrey Police,Surrey Police,-0.696951,51.311170,On or near Crimea Road,E01030784,Surrey Heath 012C,Other theft,Investigation complete; no suspect identified,
7e4209f3f247b002e7ec6c35d55ca76dc325a9cdaf41d23b5c816aebc337ebbb,2023-06,Surrey Police,Surrey Police,-0.693480,51.316698,On or near Aisne Road,E01030784,Surrey Heath 012C,Public order,Local resolution,
99e0af1679536411726c48700238fdd88a9db53bfb2774a67f160bd31960de5d,2023-06,Surrey Police,Surrey Police,-0.693480,51.316698,On or near Aisne Road,E01030784,Surrey Heath 012C,Vehicle crime,Action to be taken by another organisation,
b35f68b980eaa42b56d44c77bbf7700662c34a8c0a046913907ca9b3d44d3020,2023-06,Surrey Police,Surrey Police,-0.704246,51.308913,On or near Wilson Court,E01030784,Surrey Heath 012C,Vehicle crime,Investigation complete; no suspect identified,
3e2693903a0e09b4823ec252c7622fd0bf570b53fdbc7923051fa3580f836947,2023-06,Surrey Police,Surrey Police,-0.706944,51.303755,On or near Thornycroft Avenue,E01030784,Surrey Heath 012C,Violence and sexual offences,Unable to prosecute suspect,
2032808d6afcfaa4ccce4120f0a3dbda04f87d957a0ac38987bcfe05d674bfbf,2023-06,Surrey Police,Surrey Police,-0.700703,51.311931,On or near Brock Close,E01030784,Surrey Heath 012C,Violence and sexual offences,Investigation complete; no suspect identified,
9151b3bc1bd0bcf4d706e6c34e379b21329de23f18f4ed5f4b42abfe5e75c273,2023-06,Surrey Police,Surrey Police,-0.703480,51.303995,On or near Brunswick Road,E01030784,Surrey Heath 012C,Violence and sexual offences,Further action is not in the public interest,
,2023-06,Surrey Police,Surrey Police,-0.729935,51.286768,On or near Park/Open Space,E01030785,Surrey Heath 012D,Anti-social behaviour,,
174a8cc6112449018899fe6b692af060bf9b283d672f5261584e67b40027249f,2023-06,Surrey Police,Surrey Police,-0.729297,51.289639,On or near Linsford Lane,E01030785,Surrey Heath 012D,Criminal damage and arson,Investigation complete; no suspect identified,
73e1a174772f0a44b61685e4c1ed544a16b48a07185f645690d3d41219c88f09,2023-06,Surrey Police,Surrey Police,-0.727289,51.283412,On or near Lake Avenue,E01030785,Surrey Heath 012D,Public order,Unable to prosecute suspect,
ad0bea0319f18ed2a32304b1a896337afc40d9360b322de4bc6adbfce9a0b9f3,2023-06,Surrey Police,Surrey Police,-0.729297,51.289639,On or near Linsford Lane,E01030785,Surrey Heath 012D,Violence and sexual offences,Further action is not in the public interest,
20700efe0791be65277f2a0d4676598ffee00a0d08e30518ab5e2eadbc4629e3,2023-06,Surrey Police,Surrey Police,-0.727289,51.283412,On or near Lake Avenue,E01030785,Surrey Heath 012D,Violence and sexual offences,Unable to prosecute suspect,
d18cd80a486898a31eff8422d76ee8e78e3c800540686f142bf529e3a6c262dd,2023-06,Surrey Police,Surrey Police,-0.239093,51.366897,On or near Sparrow Farm Road,E01004117,Sutton 006A,Violence and sexual offences,Further investigation is not in the public interest,
50efebad460f63f482888c92d90336f97314404d1249cf9cef9d293c4bdcd27f,2023-06,Surrey Police,Surrey Police,-0.222233,51.356005,On or near Roberts Close,E01004112,Sutton 016C,Other theft,Investigation complete; no suspect identified,
657319210e59409947265d0bde9b15012044550d9e2ae9085faa06d8a55debb3,2023-06,Surrey Police,Surrey Police,-0.222233,51.356005,On or near Roberts Close,E01004112,Sutton 016C,Other theft,Investigation complete; no suspect identified,
4221e609987e8e7f9c94b3275bafacc4ac0c318617b11211ae9abb85f7765eaf,2023-06,Surrey Police,Surrey Police,-0.222233,51.356005,On or near Roberts Close,E01004112,Sutton 016C,Vehicle crime,Investigation complete; no suspect identified,
,2023-06,Surrey Police,Surrey Police,-0.207730,51.338626,On or near The Drive,E01004114,Sutton 025D,Anti-social behaviour,,
,2023-06,Surrey Police,Surrey Police,-0.214241,51.330317,On or near Cuddington Park Close,E01004114,Sutton 025D,Anti-social behaviour,,
2a30cb9f344d15649e0f5974b1c0b6a48e084f8955b549edc2d34c5d97dddbb4,2023-06,Surrey Police,Surrey Police,-0.214241,51.330317,On or near Cuddington Park Close,E01004114,Sutton 025D,Violence and sexual offences,Unable to prosecute suspect,
,2023-06,Surrey Police,Surrey Police,-0.065442,51.301991,On or near Landscape Road,E01030855,Tandridge 002A,Anti-social behaviour,,
d6a3f41eb9a9f652235f81b3970841aa1af35efff5c4fe6795b381e2434d946e,2023-06,Surrey Police,Surrey Police,-0.062242,51.302343,On or near Broadlands Drive,E01030855,Tandridge 002A,Vehicle crime,Investigation complete; no suspect identified,
6dcc73e1a21b9f8026f5aca57bfd230a8882c6f377d6fb30bfacafcb5cb81593,2023-06,Surrey Police,Surrey Police,-0.072787,51.308488,On or near Oakley Road,E01030855,Tandridge 002A,Vehicle crime,Investigation complete; no suspect identified,
4102706a08b94ef57debd57154fb2568f45b9206ce84ddecf81f9936d0ca0815,2023-06,Surrey Police,Surrey Police,-0.072787,51.308488,On or near Oakley Road,E01030855,Tandridge 002A,Violence and sexual offences,Unable to prosecute suspect,
e4fb5c1f356c691b1c0f524041ace8d35cacec01f99d3314d3338fa7b28f2c56,2023-06,Surrey Police,Surrey Police,-0.072787,51.308488,On or near Oakley Road,E01030855,Tandridge 002A,Violence and sexual offences,Unable to prosecute suspect,
c706e8b26c6a4015c67fb4025b8412140238d386aa8c134f586c82e09aec7cf3,2023-06,Surrey Police,Surrey Police,-0.064054,51.307355,On or near Hillbury Close,E01030856,Tandridge 002B,Bicycle theft,Investigation complete; no suspect identified,
85531bf62fd16bfd47a5054916ab5c25c3dbe4358c9ab23b33a290cc4151b9db,2023-06,Surrey Police,Surrey Police,-0.053295,51.302230,On or near Bug Hill,E01030856,Tandridge 002B,Vehicle crime,Investigation complete; no suspect identified,
13347563ef53dc7b23d649d4f4fa6c0998289153e28d5a8ad031d20d976c6e8b,2023-06,Surrey Police,Surrey Police,-0.057901,51.310023,On or near Shelton Avenue,E01030856,Tandridge 002B,Violence and sexual offences,Unable to prosecute suspect,
d7414217d09004642156fd931b0c40bf5ca12b12768ce5bf4dfcafbd659749dd,2023-06,Surrey Police,Surrey Police,-0.057901,51.310023,On or near Shelton Avenue,E01030856,Tandridge 002B,Violence and sexual offences,Status update unavailable,
6eae2a3d5c26cbc3e7850f7b17d9645ae35fca4375c34da72e35f84bb1c17d49,2023-06,Surrey Police,Surrey Police,-0.067177,51.318728,On or near Tithepit Shaw Lane,E01030856,Tandridge 002B,Violence and sexual offences,Unable to prosecute suspect,
b2cfcbb659776965e87e229aa485d7e8f20d644859d9924b0e17145eff1ee285,2023-06,Surrey Police,Surrey Police,-0.067177,51.318728,On or near Tithepit Shaw Lane,E01030856,Tandridge 002B,Violence and sexual offences,Unable to prosecute suspect,
,2023-06,Surrey Police,Surrey Police,-0.078971,51.307475,On or near Bournefield Road,E01030859,Tandridge 002C,Anti-social behaviour,,
f1ba76f67edef70900645ef16401bdbac983ec11702efaeac3df151aeb0b5197,2023-06,Surrey Police,Surrey Police,-0.074843,51.303252,On or near Well Farm Heights,E01030859,Tandridge 002C,Burglary,Unable to prosecute suspect,
222b93491cc9b9f414e54de71a151d4cd001202d98e3c95c431c69f9ec404fef,2023-06,Surrey Police,Surrey Police,-0.071829,51.299857,On or near Court Bushes Road,E01030859,Tandridge 002C,Drugs,Further investigation is not in the public interest,
0b55303124435bb9d2ede328a94f14335dd23763e2271ebb77b545580bc76a39,2023-06,Surrey Police,Surrey Police,-0.078971,51.307475,On or near Bournefield Road,E01030859,Tandridge 002C,Other theft,Investigation complete; no suspect identified,
2f0ca78c85dd9dbe816a6d4a7f2662cec607759fdd17d0021f41cae12f1beafc,2023-06,Surrey Police,Surrey Police,-0.084565,51.308187,On or near Whytebeam View,E01030859,Tandridge 002C,Other theft,Investigation complete; no suspect identified,
222026145320ae21e332d651fac7299a4df5bf6d6b5eeafd963c420785dd7e07,2023-06,Surrey Police,Surrey Police,-0.085476,51.305603,On or near Badgers Walk,E01030859,Tandridge 002C,Possession of weapons,Formal action is not in the public interest,
3f52575d46e44f8e98179213a9f3c1748ceb73212f71bc5f58c56b5cff722148,2023-06,Surrey Police,Surrey Police,-0.078482,51.301657,On or near Portley Wood Road,E01030859,Tandridge 002C,Public order,Unable to prosecute suspect,
224749872f78cf2d3dabffa0438ffca4bbfd418ad484f427c2e11d9ca12832c4,2023-06,Surrey Police,Surrey Police,-0.078704,51.306652,On or near Godstone Road,E01030859,Tandridge 002C,Robbery,Court result unavailable,
b85abe65dfed100a0a432ff19abcbfe82eb76d8730882ff268c092a84bd6808e,2023-06,Surrey Police,Surrey Police,-0.070035,51.298856,On or near Succomb'S Hill,E01030859,Tandridge 002C,Vehicle crime,Investigation complete; no suspect identified,
0fa14b13794ca9a50f1b713a7e71cc440a73234d1b6426d20adeecf3e2d0cbae,2023-06,Surrey Police,Surrey Police,-0.078704,51.306652,On or near Godstone Road,E01030859,Tandridge 002C,Vehicle crime,Investigation complete; no suspect identified,
f959d64157fe338815d6a936f7971bda256474de67a06f4084538042ed4943c2,2023-06,Surrey Police,Surrey Police,-0.071829,51.299857,On or near Court Bushes Road,E01030859,Tandridge 002C,Violence and sexual offences,Unable to prosecute suspect,
8f0c30d3b4f9ffb21ae45f8f5b406fcbbd50f68544036dccce65d3da5b79f13f,2023-06,Surrey Police,Surrey Police,-0.080287,51.308584,On or near Flint Place,E01030859,Tandridge 002C,Violence and sexual offences,Unable to prosecute suspect,
c17f41737bc8b6bcf60c6b86e97a5e7d86b95ce22452752d5885fa152c95bec1,2023-06,Surrey Police,Surrey Police,-0.072693,51.297380,On or near Parking Area,E01030859,Tandridge 002C,Violence and sexual offences,Unable to prosecute suspect,
,2023-06,Surrey Police,Surrey Police,-0.080378,51.312938,On or near Maple Road,E01035363,Tandridge 002E,Anti-social behaviour,,
,2023-06,Surrey Police,Surrey Police,-0.079527,51.311665,On or near Hillview,E01035363,Tandridge 002E,Anti-social behaviour,,
b8414d1eedb4f9234bcc2027541ad2fcaf1e61501227f44b432c098cdac87c16,2023-06,Surrey Police,Surrey Police,-0.081576,51.313471,On or near Petrol Station,E01035363,Tandridge 002E,Shoplifting,Investigation complete; no suspect identified,
51f9c446075cf8865e796134a9828a7436acdf2d8e3fc3572d7634b94e9743e3,2023-06,Surrey Police,Surrey Police,-0.079856,51.312390,On or near Maple Close,E01035363,Tandridge 002E,Shoplifting,Investigation complete; no suspect identified,
2acd06f0b87b0a895656c18fe9c8ddd1086145cc23698df8a8577c35f10e1887,2023-06,Surrey Police,Surrey Police,-0.080180,51.310804,On or near Katherine Mews,E01035363,Tandridge 002E,Violence and sexual offences,Investigation complete; no suspect identified,
,2023-06,Surrey Police,Surrey Police,-0.079151,51.308997,On or near West View Avenue,E01035364,Tandridge 002F,Anti-social behaviour,,
,2023-06,Surrey Police,Surrey Police,-0.077209,51.306034,On or near Hillside Road,E01035364,Tandridge 002F,Anti-social behaviour,,
99e887b01e7523708a8426ef6dbe153e84607fc7f0ce86e08a29f89a31739a21,2023-06,Surrey Police,Surrey Police,-0.079043,51.308492,On or near Station Road,E01035364,Tandridge 002F,Other theft,Unable to prosecute suspect,
78c12868f58aa4c3b748bf49681c698c7f6983593ff573de86e3d3d03a98ff62,2023-06,Surrey Police,Surrey Police,-0.077209,51.306034,On or near Hillside Road,E01035364,Tandridge 002F,Violence and sexual offences,Investigation complete; no suspect identified,
3760d414ce1fcc91901c1a7bfcaaaa57528036a83b3ba27d3a782b5b7c6aaffe,2023-06,Surrey Police,Surrey Police,-0.094229,51.300035,On or near Egan Close,E01030844,Tandridge 003A,Other theft,Investigation complete; no suspect identified,
6f4725bb3eee8ea1f7e1f7cabd1fd1d217f83ede4daa393479f0b02d9d4eecb4,2023-06,Surrey Police,Surrey Police,-0.093837,51.293905,On or near Foxon Lane,E01030844,Tandridge 003A,Public order,Unable to prosecute suspect,
484fc3a6bc5d29383c8415d078520b0a170b1250e87ce8eb79946d3c228f6694,2023-06,Surrey Police,Surrey Police,-0.094575,51.294807,On or near Fulford Road,E01030844,Tandridge 003A,Public order,Investigation complete; no suspect identified,
12af4e4823fbdeffb19b0db7f99b3af0bcc507a593f4e85c8cf6a2fca64bfa0a,2023-06,Surrey Police,Surrey Police,-0.092860,51.298457,On or near Hillhurst Gardens,E01030844,Tandridge 003A,Vehicle crime,Unable to prosecute suspect,
214f20c94221f0da1ea2321f1c13d52626472df795533302b175980366330b3b,2023-06,Surrey Police,Surrey Police,-0.097341,51.294843,On or near Gordon Road,E01030844,Tandridge 003A,Vehicle crime,Investigation complete; no suspect identified,
c00dccfd47a7247c34673ebbf11a7e9d5e066437c9f7376f770c7657d489a0ac,2023-06,Surrey Police,Surrey Police,-0.092860,51.298457,On or near Hillhurst Gardens,E01030844,Tandridge 003A,Violence and sexual offences,Unable to prosecute suspect,
7c47db3b3386c9c2ca7d03c3e38c7d43a1e4368fdd9195a8b7032e14d8bc24a2,2023-06,Surrey Police,Surrey Police,-0.095771,51.300564,On or near Moberly Way,E01030844,Tandridge 003A,Violence and sexual offences,Unable to prosecute suspect,
4b4b2fe675634ed303ce4a8869011d9106ae2ec47fa17abed0b2c9baf7777f79,2023-06,Surrey Police,Surrey Police,-0.093184,51.299973,On or near Collard Close,E01030844,Tandridge 003A,Violence and sexual offences,Unable to prosecute suspect,
698360c5e5c2d0ea36be803e956656588c716c8fc42c65eaad97f88984b7abdc,2023-06,Surrey Police,Surrey Police,-0.092860,51.298457,On or near Hillhurst Gardens,E01030844,Tandridge 003A,Violence and sexual offences,Unable to prosecute suspect,
,2023-06,Surrey Police,Surrey Police,-0.097703,51.291647,On or near Addison Close,E01030845,Tandridge 003B,Anti-social behaviour,,
5953f248fe228be498e1bb7e69373acd592ed86e93e5bc95804b479135b906d6,2023-06,Surrey Police,Surrey Police,-0.100772,51.294422,On or near Milton Road,E01030845,Tandridge 003B,Drugs,Court result unavailable,
df14b5f41b82514a166e3a072e73576e63c9e7903f83f6a004ba1eb6b1f0069b,2023-06,Surrey Police,Surrey Police,-0.100772,51.294422,On or near Milton Road,E01030845,Tandridge 003B,Possession of weapons,Court result unavailable,
bb4776486795a9dc2cd8425a14f641bdfc6eb19dd0e54a27905269bf7b0586ba,2023-06,Surrey Police,Surrey Police,-0.096105,51.296639,On or near Ninehams Road,E01030845,Tandridge 003B,Violence and sexual offences,Unable to prosecute suspect,
b76aa85764aee6a58a1dc09b1b339bd2019d2e1a1d167389045dd3d774405cff,2023-06,Surrey Police,Surrey Police,-0.096105,51.296639,On or near Ninehams Road,E01030845,Tandridge 003B,Violence and sexual offences,Unable to prosecute suspect,
dea1084c2c4f6b85101cd19a8d9c855a9db5522c6a606578af5372b8ac79130c,2023-06,Surrey Police,Surrey Police,-0.098405,51.294105,On or near Eldon Road,E01030845,Tandridge 003B,Violence and sexual offences,Unable to prosecute suspect,
,2023-06,Surrey Police,Surrey Police,-0.089144,51.295708,On or near Cedar Park,E01030846,Tandridge 003C,Anti-social behaviour,,
105ae331f7526e6ee457912c6c0383846f8e593aa0a9928ad3693aa9882c122c,2023-06,Surrey Police,Surrey Police,-0.092231,51.292170,On or near Macaulay Road,E01030846,Tandridge 003C,Vehicle crime,Investigation complete; no suspect identified,
1cd3b95258bb6fde808632d70b2fe6f3e3fa6d57fd8bef500ef7ddde0d29e3f8,2023-06,Surrey Police,Surrey Police,-0.091459,51.294882,On or near Buxton Lane,E01030846,Tandridge 003C,Violence and sexual offences,Unable to prosecute suspect,
d17935f6128761eaed73ab9166311b5e3557e5937120a6053965618619df318c,2023-06,Surrey Police,Surrey Police,-0.091459,51.294882,On or near Buxton Lane,E01030846,Tandridge 003C,Violence and sexual offences,Unable to prosecute suspect,
4e73a045a1cba833bc11577eca3ce3409a6fe11971a1a0f9326eabe2b142f699,2023-06,Surrey Police,Surrey Police,-0.102320,51.292028,On or near Stanley Street,E01030857,Tandridge 003D,Violence and sexual offences,Unable to prosecute suspect,
,2023-06,Surrey Police,Surrey Police,-0.102320,51.292028,On or near Stanley Street,E01030857,Tandridge 003D,Anti-social behaviour,,
,2023-06,Surrey Police,Surrey Police,-0.102982,51.294062,On or near Windmill Close,E01030857,Tandridge 003D,Anti-social behaviour,,
3c81ddea854f53105e1db3e2ff56af60afff4788a83b0a25837223a273cb003c,2023-06,Surrey Police,Surrey Police,-0.104923,51.289075,On or near Cornwallis Close,E01030857,Tandridge 003D,Criminal damage and arson,Investigation complete; no suspect identified,
aaa99a252efffc4048636c2fbeba1038d0f32eaa241782ea7f0659c70494e57b,2023-06,Surrey Police,Surrey Police,-0.104553,51.292478,On or near Alexander Crescent,E01030857,Tandridge 003D,Criminal damage and arson,Investigation complete; no suspect identified,
e1c28bb95c7fff13698a466ae7b1e2096056c4948223b6b6b9dd871f5ea8d0ee,2023-06,Surrey Police,Surrey Police,-0.102641,51.295711,On or near Cromwell Grove,E01030857,Tandridge 003D,Criminal damage and arson,Unable to prosecute suspect,
958ce792e9ef4e2586db2f5b48f713a8bde45424b5f2f66f9e38884c2ef74c5b,2023-06,Surrey Police,Surrey Police,-0.106149,51.293439,On or near Anzio Gardens,E01030857,Tandridge 003D,Criminal damage and arson,Unable to prosecute suspect,
6ead451996818b30822f4abe95b737f868f49a65bc7aeb16a40b242ef064dd17,2023-06,Surrey Police,Surrey Police,-0.104923,51.289075,On or near Cornwallis Close,E01030857,Tandridge 003D,Other theft,Investigation complete; no suspect identified,
54eaec1f3f71f3cdcda5b354495b2355b9a3d58e6ac2585da2f00b4f61ef50c7,2023-06,Surrey Police,Surrey Police,-0.104923,51.289075,On or near Cornwallis Close,E01030857,Tandridge 003D,Other theft,Investigation complete; no suspect identified,
d88e474abba7fc47eb7d1dee9c2a2439f265318471038122fd9a1b782a7028a4,2023-06,Surrey Police,Surrey Police,-0.103748,51.288697,On or near Montague Drive,E01030857,Tandridge 003D,Public order,Unable to prosecute suspect,
0d2e83f6442fa1dc74505206df7c66ab1f435beb95f74409196b8fc5f879ccd2,2023-06,Surrey Police,Surrey Police,-0.104553,51.292478,On or near Alexander Crescent,E01030857,Tandridge 003D,Public order,Unable to prosecute suspect,
9a68321f8ad9f22ca7b18d7eecdb62c897c61cd0de8856d4527cf8801d35d8a9,2023-06,Surrey Police,Surrey Police,-0.102641,51.295711,On or near Cromwell Grove,E01030857,Tandridge 003D,Public order,Unable to prosecute suspect,
08b5060b522fb3964a7919f29c7875161543314c1129f5f5544fdb04e5f93b43,2023-06,Surrey Police,Surrey Police,-0.104923,51.289075,On or near Cornwallis Close,E01030857,Tandridge 003D,Public order,Investigation complete; no suspect identified,
6d0318220d24ee1bb17151d882f6c3e1a49b340b9aa4862c269371df2f4c9b39,2023-06,Surrey Police,Surrey Police,-0.102943,51.290132,On or near Nicholls Close,E01030857,Tandridge 003D,Public order,Further investigation is not in the public interest,
abb0c3699543c2c46dc8a46a24ffd727912a2802704f931a74749565b7b0297a,2023-06,Surrey Police,Surrey Police,-0.101233,51.290522,On or near Supermarket,E01030857,Tandridge 003D,Public order,Unable to prosecute suspect,
4ca5125db18f13ded6a88ba13d2b5205cc9eb0d3a21b17902018b9de70d79a42,2023-06,Surrey Police,Surrey Police,-0.102982,51.294062,On or near Windmill Close,E01030857,Tandridge 003D,Public order,Unable to prosecute suspect,
c0fdf09d482966bfab86b7f18bd6cc6c81699ad4c7a749b064244d6ef596fab6,2023-06,Surrey Police,Surrey Police,-0.102943,51.290132,On or near Nicholls Close,E01030857,Tandridge 003D,Public order,Unable to prosecute suspect,
8aec74aedd74afb948a13cae19943ecf0458ed128cc93867cb29ed3c3c7e79cc,2023-06,Surrey Police,Surrey Police,-0.102641,51.295711,On or near Cromwell Grove,E01030857,Tandridge 003D,Public order,Unable to prosecute suspect,
d0ee8eeff80beee39d09c6a07d102b0c8e530ef787c0deb6f6cbdb11ff0497b0,2023-06,Surrey Police,Surrey Police,-0.101233,51.290522,On or near Supermarket,E01030857,Tandridge 003D,Theft from the person,Investigation complete; no suspect identified,
7c2df1255bb2fbc4de79c01326cf378edb7e70a03a7e7e9cb661d8f86550d94b,2023-06,Surrey Police,Surrey Police,-0.104923,51.289075,On or near Cornwallis Close,E01030857,Tandridge 003D,Violence and sexual offences,Investigation complete; no suspect identified,
470974b78dac725e44a87224fc20c66d96a34eea985db3d72ac7796cb87969cb,2023-06,Surrey Police,Surrey Police,-0.102320,51.292028,On or near Stanley Street,E01030857,Tandridge 003D,Violence and sexual offences,Unable to prosecute suspect,
5ac0882d568792751fb8e6634bba221b365df961a6953bc05b20598934934039,2023-06,Surrey Police,Surrey Police,-0.106149,51.293439,On or near Anzio Gardens,E01030857,Tandridge 003D,Violence and sexual offences,Further investigation is not in the public interest,
97047fd2849024513712aaa9d789e9bfdb6846044638af3b3dc996fac323c353,2023-06,Surrey Police,Surrey Police,-0.101233,51.290522,On or near Supermarket,E01030857,Tandridge 003D,Violence and sexual offences,Unable to prosecute suspect,
e19f25425f568686f88179c604a61f7fd464b0a4957ad844f413a83a96108551,2023-06,Surrey Police,Surrey Police,-0.103666,51.291386,On or near Sports/Recreation Area,E01030857,Tandridge 003D,Violence and sexual offences,Unable to prosecute suspect,
fb5d0d9eb5c49b36952e609905b66d34b646a67797516b77ebfb911b189aff5d,2023-06,Surrey Police,Surrey Police,-0.106697,51.292324,On or near Weston Drive,E01030857,Tandridge 003D,Violence and sexual offences,Unable to prosecute suspect,
ef2cec2fb9b9cca0a409c326e77ea4eaf38956cd5eb171fa5dd1c7ae940871d4,2023-06,Surrey Police,Surrey Police,-0.102320,51.292028,On or near Stanley Street,E01030857,Tandridge 003D,Violence and sexual offences,Investigation complete; no suspect identified,
0cf141bd227709d90ea238df650c6e918bbd9543cd08a66835cfc86b8bd622f9,2023-06,Surrey Police,Surrey Police,-0.101233,51.290522,On or near Supermarket,E01030857,Tandridge 003D,Violence and sexual offences,Unable to prosecute suspect,
8c40e0e6e7b732bb4154324cc818a6d77c1c4a782711f9d0d51147941b2c9506,2023-06,Surrey Police,Surrey Police,-0.098385,51.287297,On or near Soper Drive,E01030858,Tandridge 003E,Criminal damage and arson,Unable to prosecute suspect,
,2023-06,Surrey Police,Surrey Police,-0.097603,51.285045,On or near Blackthorn Road,E01030858,Tandridge 003E,Anti-social behaviour,,
1a461f3a5acabcd8322880f5ab79eca32239d3cef8fc4e5200799f7b223cb969,2023-06,Surrey Police,Surrey Police,-0.098385,51.287297,On or near Soper Drive,E01030858,Tandridge 003E,Criminal damage and arson,Offender given a caution,
d6b226c90851ffea12c5b222d1333037302d880eefeee866f1d8e3200882712e,2023-06,Surrey Police,Surrey Police,-0.099771,51.284972,On or near Ash Mews,E01030858,Tandridge 003E,Criminal damage and arson,Investigation complete; no suspect identified,
9d4c7dfae6f83d40df68d9132b090f512b42ffa7e47b093c764b234555ab3948,2023-06,Surrey Police,Surrey Police,-0.099964,51.288635,On or near Howe Drive,E01030858,Tandridge 003E,Criminal damage and arson,Investigation complete; no suspect identified,
c23d8163ddae1d29bfde1a016b097cccaa4c1438537bb66702dfe9fd0aaaa3b5,2023-06,Surrey Police,Surrey Police,-0.096710,51.286883,On or near Clifton Close,E01030858,Tandridge 003E,Criminal damage and arson,Investigation complete; no suspect identified,
c84b1544cba8cd01ef3ef01605499b32cb83e3518767834ba2b0ea1fd6618007,2023-06,Surrey Police,Surrey Police,-0.103487,51.288063,On or near Fairbourne Lane,E01030858,Tandridge 003E,Criminal damage and arson,Local resolution,
5e07cedd091db71395689b0e3764e255582fb1c07e0c883dcd4f24d1007f5ca2,2023-06,Surrey Police,Surrey Police,-0.097712,51.288302,On or near Francis Road,E01030858,Tandridge 003E,Public order,Unable to prosecute suspect,
cda5c6a9f841495aa63111b046374c1bb1beb35c22903d8ba9e8d21fd2b85109,2023-06,Surrey Police,Surrey Police,-0.103487,51.288063,On or near Fairbourne Lane,E01030858,Tandridge 003E,Vehicle crime,Unable to prosecute suspect,
1c4ea55463355412ce755f9f9189b89fc9556e1a9ec05217d9f21d952966339f,2023-06,Surrey Police,Surrey Police,-0.096328,51.285708,On or near Homesdale Road,E01030858,Tandridge 003E,Vehicle crime,Investigation complete; no suspect identified,
f4ae44e9103bad1474ad9fac0c0a65bc9a37d8fe9f018d10fba16bf2f06fc001,2023-06,Surrey Police,Surrey Police,-0.101812,51.286606,On or near Straw Close,E01030858,Tandridge 003E,Violence and sexual offences,Unable to prosecute suspect,
9f109bb639a5dbee1ad324561e1dba264c4f23ae242bccced6568c66ce2037f3,2023-06,Surrey Police,Surrey Police,-0.097712,51.288302,On or near Francis Road,E01030858,Tandridge 003E,Violence and sexual offences,Unable to prosecute suspect,
1fbc60c06861f84e820b3c067dbb2263ca593cd886ee6352a9537f29f101dd66,2023-06,Surrey Police,Surrey Police,-0.098385,51.287297,On or near Soper Drive,E01030858,Tandridge 003E,Violence and sexual offences,Unable to prosecute suspect,
7c8774f8c21c0f2042c14cd7cb4cb663b98bdbef4338d91c6143a9aec021b261,2023-06,Surrey Police,Surrey Police,-0.103487,51.288063,On or near Fairbourne Lane,E01030858,Tandridge 003E,Violence and sexual offences,Status update unavailable,
998a6475d41fb798cca9d8cc1ff800deb755cdacb0939e3edb3e4c01c3a28483,2023-06,Surrey Police,Surrey Police,-0.097712,51.288302,On or near Francis Road,E01030858,Tandridge 003E,Violence and sexual offences,Unable to prosecute suspect,
2611f8846c6a27862878fa500ce717036c4fbd50509c76e379a144fba44d40f1,2023-06,Surrey Police,Surrey Police,-0.097712,51.288302,On or near Francis Road,E01030858,Tandridge 003E,Violence and sexual offences,Unable to prosecute suspect,
dc141032f977b66f9a29652a15c389c4f705715c9031414bdf16c70347dbd7d6,2023-06,Surrey Police,Surrey Police,-0.099845,51.290837,On or near Georges Terrace,E01030858,Tandridge 003E,Violence and sexual offences,Unable to prosecute suspect,
a71ac974ff5202c002c84ec912db547a0516456613860988ca62c7d4d053c869,2023-06,Surrey Police,Surrey Police,-0.098535,51.284709,On or near Sylvester Place,E01030858,Tandridge 003E,Violence and sexual offences,Status update unavailable,
,2023-06,Surrey Police,Surrey Police,-0.086191,51.272898,On or near School Lane,E01030828,Tandridge 004A,Anti-social behaviour,,
,2023-06,Surrey Police,Surrey Police,-0.093650,51.269693,On or near Aldercombe Lane,E01030828,Tandridge 004A,Anti-social behaviour,,
,2023-06,Surrey Police,Surrey Police,-0.084685,51.273593,On or near The Crescent,E01030828,Tandridge 004A,Anti-social behaviour,,
3bf7f24ea03c5389b9eaddacd7338142c2ed7bcc44de9c2e3441438056e7724b,2023-06,Surrey Police,Surrey Police,-0.093650,51.269693,On or near Aldercombe Lane,E01030828,Tandridge 004A,Burglary,Investigation complete; no suspect identified,
e6b16b53284765a4470700aa43b2ed0730cd9080deb404e9d171380ecbb77a35,2023-06,Surrey Police,Surrey Police,-0.076542,51.268100,On or near Upper Harestone,E01030828,Tandridge 004A,Burglary,Status update unavailable,
6cf48227b8a8b8f7e173640cd24b683b7539d0dff65a25cf8717d0b923e129a8,2023-06,Surrey Police,Surrey Police,-0.093650,51.269693,On or near Aldercombe Lane,E01030828,Tandridge 004A,Burglary,Investigation complete; no suspect identified,
3384485bbee54e00abf5a6d0551daa68228ef8c17d68fd4321a37495e50b9913,2023-06,Surrey Police,Surrey Police,-0.096673,51.264877,On or near War Coppice Road,E01030828,Tandridge 004A,Criminal damage and arson,Unable to prosecute suspect,
1158633f1d36f80f1e6f9e585c0223d6a11383004d2b0b10f530bc6294969981,2023-06,Surrey Police,Surrey Police,-0.096673,51.264877,On or near War Coppice Road,E01030828,Tandridge 004A,Criminal damage and arson,Unable to prosecute suspect,
114ab902395ad9232d15b87d35f183ab1ec50eecb89c3ec6497e4839cf05f6cf,2023-06,Surrey Police,Surrey Police,-0.096673,51.264877,On or near War Coppice Road,E01030828,Tandridge 004A,Public order,Investigation complete; no suspect identified,
bd8a9aadeb79f0fe750d87a9c4741cbc90fe3939e6855e06d5f87a86f5dc0120,2023-06,Surrey Police,Surrey Police,-0.093650,51.269693,On or near Aldercombe Lane,E01030828,Tandridge 004A,Public order,Investigation complete; no suspect identified,
d5f73f09ce1ac3648bb2410e95083b50c6d7d058c52a8726f0a6a51bbe48db98,2023-06,Surrey Police,Surrey Police,-0.077097,51.281931,On or near Church Walk,E01030829,Tandridge 004B,Violence and sexual offences,Unable to prosecute suspect,
,2023-06,Surrey Police,Surrey Police,-0.076861,51.280362,On or near Clareville Road,E01030829,Tandridge 004B,Anti-social behaviour,,
,2023-06,Surrey Police,Surrey Police,-0.077097,51.281931,On or near Church Walk,E01030829,Tandridge 004B,Anti-social behaviour,,
,2023-06,Surrey Police,Surrey Police,-0.077792,51.278327,On or near Tupwood Court,E01030829,Tandridge 004B,Anti-social behaviour,,
9fb8a1b741d2fd8a13360ed1ded9951054de8177f433939b8df4a2fc5284082e,2023-06,Surrey Police,Surrey Police,-0.077097,51.281931,On or near Church Walk,E01030829,Tandridge 004B,Burglary,Investigation complete; no suspect identified,
1ad2316e12c0fd87496f0b9a426739ce2f943befa3cda18fdbaa590bcb27be9f,2023-06,Surrey Police,Surrey Police,-0.076861,51.280362,On or near Clareville Road,E01030829,Tandridge 004B,Criminal damage and arson,Unable to prosecute suspect,
2729c9a08c91885da11ee3e280a58f5873aa11b2e99b91c63f3aea9f7ddffa6e,2023-06,Surrey Police,Surrey Police,-0.076861,51.280362,On or near Clareville Road,E01030829,Tandridge 004B,Criminal damage and arson,Investigation complete; no suspect identified,
90e9f7355ce6847b80b396806b9086c1406abd68f5e57507685ca0cdda9c53ad,2023-06,Surrey Police,Surrey Police,-0.077097,51.281931,On or near Church Walk,E01030829,Tandridge 004B,Other theft,Investigation complete; no suspect identified,
af943e1ec9c55ee5ae8764758e5cf44803dcd153ac4a0a72ca07773ce0498f1a,2023-06,Surrey Police,Surrey Police,-0.077097,51.281931,On or near Church Walk,E01030829,Tandridge 004B,Possession of weapons,Investigation complete; no suspect identified,
eca9b4f7113fdf4317596e264c0e8482bf2cc881d4f15f8b41280f7ece9159be,2023-06,Surrey Police,Surrey Police,-0.079749,51.278162,On or near Fern Towers,E01030829,Tandridge 004B,Public order,Unable to prosecute suspect,
cdcc3c0bc0f90293881484bd21610b015eb8b5f87829b6ed25171256d239563d,2023-06,Surrey Police,Surrey Police,-0.079749,51.278162,On or near Fern Towers,E01030829,Tandridge 004B,Public order,Unable to prosecute suspect,
858e86070106e1c2407269464c7394621548fb82d523f3fbd8e5ae439aca1955,2023-06,Surrey Police,Surrey Police,-0.077365,51.281342,On or near Shopping Area,E01030829,Tandridge 004B,Shoplifting,Investigation complete; no suspect identified,
a218e51d14ed752a948551cc9661d48630a3b0759df95b975c89b9d2249ae931,2023-06,Surrey Police,Surrey Police,-0.077365,51.281342,On or near Shopping Area,E01030829,Tandridge 004B,Theft from the person,Investigation complete; no suspect identified,
d1d3843f57b56a02f3ddc26dfcc2d95b7e3c11bdc7a5238a12aefc3e8deebc60,2023-06,Surrey Police,Surrey Police,-0.079749,51.278162,On or near Fern Towers,E01030829,Tandridge 004B,Violence and sexual offences,Unable to prosecute suspect,
095cd6cd6438a931e51c7d8e4d7473dac0d242a142d5ca1d0f3fd176ba4c2918,2023-06,Surrey Police,Surrey Police,-0.077365,51.281342,On or near Shopping Area,E01030829,Tandridge 004B,Violence and sexual offences,Unable to prosecute suspect,
19f0c94f1f305110a3f814069830e91f646570aa33c0a1ed192a89587a1cbd47,2023-06,Surrey Police,Surrey Police,-0.083817,51.278606,On or near Harestone Drive,E01030829,Tandridge 004B,Violence and sexual offences,Unable to prosecute suspect,
6cb8b8c28b6c3b496f9302d24b89d202887ee8fb5a99c9db6d16d77746c9fee8,2023-06,Surrey Police,Surrey Police,-0.072467,51.274022,On or near Markfield Road,E01030830,Tandridge 004C,Public order,Further investigation is not in the public interest,
36f89ee80bfd795b3cc627d38138e8d7e1949e91f09ae79ef8198f920f405e03,2023-06,Surrey Police,Surrey Police,-0.070688,51.272320,On or near Newstead Rise,E01030830,Tandridge 004C,Public order,Investigation complete; no suspect identified,
ea0d2bdfaa75cac0b39843fffe60325c67e99ef3c75ab7ff9f6bd257027c1cba,2023-06,Surrey Police,Surrey Police,-0.070688,51.272320,On or near Newstead Rise,E01030830,Tandridge 004C,Violence and sexual offences,Unable to prosecute suspect,
698deafdf6632f8ddfa217f4f2d80198f699a0db26320cb5237c3a012cfb11fd,2023-06,Surrey Police,Surrey Police,-0.075176,51.277448,On or near Greenwood Gardens,E01030830,Tandridge 004C,Violence and sexual offences,Court result unavailable,
4c493e6d1523589e8b3c5f1d5428a4be08a03eecbefa139c402554ccfb17be45,2023-06,Surrey Police,Surrey Police,-0.074859,51.278531,On or near Godstone Road,E01030830,Tandridge 004C,Violence and sexual offences,Unable to prosecute suspect,
,2023-06,Surrey Police,Surrey Police,-0.071875,51.288500,On or near Tillingdown Hill,E01030850,Tandridge 004D,Anti-social behaviour,,
,2023-06,Surrey Police,Surrey Police,-0.080722,51.287494,On or near High Trees Close,E01030850,Tandridge 004D,Anti-social behaviour,,
,2023-06,Surrey Police,Surrey Police,-0.077057,51.287353,On or near Crane Close,E01030850,Tandridge 004D,Anti-social behaviour,,
,2023-06,Surrey Police,Surrey Police,-0.080722,51.287494,On or near High Trees Close,E01030850,Tandridge 004D,Anti-social behaviour,,
,2023-06,Surrey Police,Surrey Police,-0.078362,51.282536,On or near Supermarket,E01030850,Tandridge 004D,Anti-social behaviour,,
05f4f73e4c1503523e6d4ea092d4c5ebbf3b2debadbe22faded225fddfe2e508,2023-06,Surrey Police,Surrey Police,-0.075330,51.290229,On or near Valley Court,E01030850,Tandridge 004D,Burglary,Investigation complete; no suspect identified,
00ff42400ba72191c120ddd6e987f4986cdb9caf3f30fcc71a02da0194f1c731,2023-06,Surrey Police,Surrey Police,-0.077810,51.287518,On or near Old School Gardens,E01030850,Tandridge 004D,Criminal damage and arson,Investigation complete; no suspect identified,
6faffd1d3a18c3c9647132d738021ffd3edbc4a29437a2c6cc30b6bfde884f30,2023-06,Surrey Police,Surrey Police,-0.078362,51.282536,On or near Supermarket,E01030850,Tandridge 004D,Criminal damage and arson,Investigation complete; no suspect identified,
8a9c40aa5039054332940be8f01e0e747c30d7db5262166cd71e6b560dee1091,2023-06,Surrey Police,Surrey Police,-0.078319,51.283783,On or near Supermarket,E01030850,Tandridge 004D,Drugs,Further investigation is not in the public interest,
f1870e15648631c924cb04f5f953090ba7bbd5af6519f3a84d9637e885474cea,2023-06,Surrey Police,Surrey Police,-0.078319,51.283783,On or near Supermarket,E01030850,Tandridge 004D,Drugs,Unable to prosecute suspect,
93e7cf598df0355d871b1f7d02bb36e69cad3c62aa73faed0965cc5e15971b63,2023-06,Surrey Police,Surrey Police,-0.075806,51.289842,On or near Croydon Road,E01030850,Tandridge 004D,Other theft,Investigation complete; no suspect identified,
dd15348dc6465a1b8888354568cf8acd0eb2c2acb79f89ac0276ebe65ec41c88,2023-06,Surrey Police,Surrey Police,-0.077343,51.285307,On or near Commonwealth Road,E01030850,Tandridge 004D,Other theft,Investigation complete; no suspect identified,
e3990909e7d1d43f86c2665060ab91530eb48df758ea337b2b2edc755d914f1a,2023-06,Surrey Police,Surrey Police,-0.078591,51.284276,On or near Colin Road,E01030850,Tandridge 004D,Other theft,Investigation complete; no suspect identified,
675390f8cd1c34e0956c50191194ea39779014836d823106bb142ae0456db522,2023-06,Surrey Police,Surrey Police,-0.077343,51.285307,On or near Commonwealth Road,E01030850,Tandridge 004D,Public order,Investigation complete; no suspect identified,
e0b02c2e1f74e23e8a836a1515272c90a20f5d6c3db4154bc81368668c442e72,2023-06,Surrey Police,Surrey Police,-0.077810,51.287518,On or near Old School Gardens,E01030850,Tandridge 004D,Public order,Unable to prosecute suspect,
141af7812186ba48bcc582649f94435bc311799e1bcf94a597a3fd8ca5a6ca08,2023-06,Surrey Police,Surrey Police,-0.077343,51.285307,On or near Commonwealth Road,E01030850,Tandridge 004D,Violence and sexual offences,Unable to prosecute suspect,
affd4deb2e90bd0fb1b16d7c43dd545f36c4cad4bf418bb6168105f095692039,2023-06,Surrey Police,Surrey Police,-0.076154,51.290081,On or near B2208,E01030850,Tandridge 004D,Violence and sexual offences,Unable to prosecute suspect,
b23c4e32c89e75086bb836a365194ab3ac5e9296d331c4343fc3bbdb95759841,2023-06,Surrey Police,Surrey Police,-0.077810,51.287518,On or near Old School Gardens,E01030850,Tandridge 004D,Violence and sexual offences,Unable to prosecute suspect,
187876445d55dbb8ecc914927038dcc43131d25e194b7dd69af53fe7b1446ecc,2023-06,Surrey Police,Surrey Police,-0.077810,51.287518,On or near Old School Gardens,E01030850,Tandridge 004D,Violence and sexual offences,Unable to prosecute suspect,
08062259ec594210b085a0059c3f5ece5ccca2ffb619d0607bb1d682db602632,2023-06,Surrey Police,Surrey Police,-0.078424,51.284147,On or near Parking Area,E01030850,Tandridge 004D,Violence and sexual offences,Status update unavailable,
1fa029d231d83aeec36a68de79b487eaed6637b861fc0d4d547de98b5d8aebca,2023-06,Surrey Police,Surrey Police,-0.077706,51.287598,On or near Sutton Close,E01030850,Tandridge 004D,Violence and sexual offences,Unable to prosecute suspect,
299f662a4b767c979de19115d5d8496fcf34c654ec3ac1d366939d47e4c2440c,2023-06,Surrey Police,Surrey Police,-0.077810,51.287518,On or near Old School Gardens,E01030850,Tandridge 004D,Violence and sexual offences,Unable to prosecute suspect,
6627bb3f948365aeb90d21328204737b6bfd644fb78e4863d2cc930e4a9d2047,2023-06,Surrey Police,Surrey Police,-0.076154,51.290081,On or near B2208,E01030850,Tandridge 004D,Violence and sexual offences,Status update unavailable,
d46e9fe8bbbfdfa8032b192b51a45eb36913882ced84b84c25aa32dacac50d13,2023-06,Surrey Police,Surrey Police,-0.077057,51.287353,On or near Crane Close,E01030850,Tandridge 004D,Violence and sexual offences,Unable to prosecute suspect,
7d57b92d897f9736ba4220ab5670797989c7731d3d3f77e51f302f60b6ee9424,2023-06,Surrey Police,Surrey Police,-0.078155,51.282002,On or near Station Avenue,E01030850,Tandridge 004D,Other crime,Local resolution,
ce232645a21a72bc6c6531fd2362bbdaecdc342250428a501a10aa4ed2289ef6,2023-06,Surrey Police,Surrey Police,-0.077343,51.285307,On or near Commonwealth Road,E01030850,Tandridge 004D,Other crime,Further investigation is not in the public interest,
656f8ea8865ff64784f409b891a9be1c2043b35629672636fba86a7bcd782943,2023-06,Surrey Police,Surrey Police,-0.078155,51.282002,On or near Station Avenue,E01030850,Tandridge 004D,Other crime,Local resolution,
,2023-06,Surrey Police,Surrey Police,-0.073553,51.296037,On or near Burntwood Close,E01030851,Tandridge 004E,Anti-social behaviour,,
,2023-06,Surrey Police,Surrey Police,-0.078835,51.290440,On or near Stafford Road,E01030851,Tandridge 004E,Anti-social behaviour,,
,2023-06,Surrey Police,Surrey Police,-0.078835,51.290440,On or near Stafford Road,E01030851,Tandridge 004E,Anti-social behaviour,,
,2023-06,Surrey Police,Surrey Police,-0.077203,51.291061,On or near Stafford Rise,E01030851,Tandridge 004E,Anti-social behaviour,,
,2023-06,Surrey Police,Surrey Police,-0.074167,51.292935,On or near Sports/Recreation Area,E01030851,Tandridge 004E,Anti-social behaviour,,
9ffaafe5120f977cbd7545a9d312c21262a07ca5ffe0f72104f3b15e9ec48e1f,2023-06,Surrey Police,Surrey Police,-0.077203,51.291061,On or near Stafford Rise,E01030851,Tandridge 004E,Drugs,Investigation complete; no suspect identified,
e3477561885b2071f3ed8f5a27cda56db2d7eac955a7b8967c37b67f666fe8e8,2023-06,Surrey Police,Surrey Police,-0.078835,51.290440,On or near Stafford Road,E01030851,Tandridge 004E,Other theft,Investigation complete; no suspect identified,
b12427a5f3fe89fa3cdc9d2ede185297e211c3aa9e6027859b139a70f6515086,2023-06,Surrey Police,Surrey Police,-0.078835,51.290440,On or near Stafford Road,E01030851,Tandridge 004E,Violence and sexual offences,Investigation complete; no suspect identified,
b427dd0ed8aa23b2f34d43d53bc861aff39c3091eccd0736115541fd998d76ce,2023-06,Surrey Police,Surrey Police,-0.077203,51.291061,On or near Stafford Rise,E01030851,Tandridge 004E,Violence and sexual offences,Unable to prosecute suspect,
0fdc65a806fe133cb257a044ef7fa311d2677c92e02f376cd858bf3d17100da8,2023-06,Surrey Police,Surrey Police,-0.072115,51.289943,On or near Gaist Avenue,E01030851,Tandridge 004E,Violence and sexual offences,Unable to prosecute suspect,
61c222dc47b2638f339d184d02ec90d3b68af95708fb4e213e76abd965405874,2023-06,Surrey Police,Surrey Police,-0.072338,51.290792,On or near Waltham Road,E01030851,Tandridge 004E,Violence and sexual offences,Unable to prosecute suspect,
b9c2a4b411f99599cfa2e1c29784e0629a134793036883a8dcfab866a16a5d35,2023-06,Surrey Police,Surrey Police,-0.072115,51.289943,On or near Gaist Avenue,E01030851,Tandridge 004E,Other crime,Investigation complete; no suspect identified,
,2023-06,Surrey Police,Surrey Police,-0.026352,51.273173,On or near The Ridge,E01030861,Tandridge 004F,Anti-social behaviour,,
,2023-06,Surrey Police,Surrey Police,-0.032456,51.285659,On or near Ulstan Close,E01030861,Tandridge 004F,Anti-social behaviour,,
0c74b6a451f83463191681d8df0115f16d5bfa3e01a922a21120e254280e67fa,2023-06,Surrey Police,Surrey Police,-0.026352,51.273173,On or near The Ridge,E01030861,Tandridge 004F,Drugs,Local resolution,
79b3bb91973ba8596174258c3818e806b83a1d3092fce66fcd59e12ea145bbcb,2023-06,Surrey Police,Surrey Police,-0.026352,51.273173,On or near The Ridge,E01030861,Tandridge 004F,Public order,Investigation complete; no suspect identified,
5a9587e0b878fc816c0fab1d7966a267e75a7d038581fe4f5e16b2bca753c93c,2023-06,Surrey Police,Surrey Police,-0.033336,51.285880,On or near Clare Court,E01030861,Tandridge 004F,Violence and sexual offences,Unable to prosecute suspect,
8f9ca737d93f6b0d9367bb799d8bde5386ed899c7b7b49def5534ff83c7a759b,2023-06,Surrey Police,Surrey Police,-0.036344,51.284942,On or near The Crescent,E01030861,Tandridge 004F,Violence and sexual offences,Unable to prosecute suspect,
,2023-06,Surrey Police,Surrey Police,-0.098683,51.281807,On or near Sunny Rise,E01030820,Tandridge 005A,Anti-social behaviour,,
,2023-06,Surrey Police,Surrey Police,-0.121529,51.281726,On or near Church Lane,E01030820,Tandridge 005A,Anti-social behaviour,,
,2023-06,Surrey Police,Surrey Police,-0.100524,51.282358,On or near Roffe'S Lane,E01030820,Tandridge 005A,Anti-social behaviour,,
a4a94db03ff0699383f09688f355a80375a01920cc9b1dd26d3402e4a2eceef3,2023-06,Surrey Police,Surrey Police,-0.121529,51.281726,On or near Church Lane,E01030820,Tandridge 005A,Burglary,Investigation complete; no suspect identified,
0864d7d11315cc0d57cd44fa9b35b72eba6ad23ae7299ea6528dce2627d5eda1,2023-06,Surrey Police,Surrey Police,-0.100524,51.282358,On or near Roffe'S Lane,E01030820,Tandridge 005A,Vehicle crime,Investigation complete; no suspect identified,
957e3982d6303d6d2e5ad99dc6a55bf36b0eb094d06f6678bb13021fe3409fcc,2023-06,Surrey Police,Surrey Police,-0.089079,51.288989,On or near Rochester Gardens,E01030847,Tandridge 005B,Public order,Court result unavailable,
42d164ff79cd098faae9fe8f307275078202f536c6cbf3a069de0b7983c1a182,2023-06,Surrey Police,Surrey Police,-0.087665,51.286070,On or near Essendene Close,E01030847,Tandridge 005B,Other theft,Investigation complete; no suspect identified,
0b9d91bd89ba8ae2bbe7a94fe33fd09cd42e4356074fdbb73dce39f72d47e66a,2023-06,Surrey Police,Surrey Police,-0.089449,51.288015,On or near Supermarket,E01030847,Tandridge 005B,Robbery,Investigation complete; no suspect identified,
5d45d5fa3366895aed5a7451a8566e6bd40c4287b1ab976f813083067f5e66a9,2023-06,Surrey Police,Surrey Police,-0.091302,51.278593,On or near White Hill Close,E01030847,Tandridge 005B,Violence and sexual offences,Unable to prosecute suspect,
349c3ca664223ca2b735fda2d2f29a33a261f6a1c983f6a44c120cee031f4e2f,2023-06,Surrey Police,Surrey Police,-0.089079,51.288989,On or near Rochester Gardens,E01030847,Tandridge 005B,Violence and sexual offences,Further investigation is not in the public interest,
5dd1cef7708a3e2d86d6900bea9275f64eefb02efb2fb1e468678adc8025b299,2023-06,Surrey Police,Surrey Police,-0.091302,51.278593,On or near White Hill Close,E01030847,Tandridge 005B,Violence and sexual offences,Unable to prosecute suspect,
eaf8ad78eda5fc4f5939bb145214f1ade26f8a1b5e11717c5ebf7c0fdd52c601,2023-06,Surrey Police,Surrey Police,-0.091302,51.278593,On or near White Hill Close,E01030847,Tandridge 005B,Violence and sexual offences,Status update unavailable,
541884f632713d904a32923c4a33b5ed0af17fa906bb5622a58ad34e21c6187a,2023-06,Surrey Police,Surrey Police,-0.091302,51.278593,On or near White Hill Close,E01030847,Tandridge 005B,Violence and sexual offences,Unable to prosecute suspect,
cf71fe7234b0819469fe18e2f408a4e3af3828cff521a44552ee405745faebb5,2023-06,Surrey Police,Surrey Police,-0.085117,51.286667,On or near Furrows Place,E01030847,Tandridge 005B,Violence and sexual offences,Further investigation is not in the public interest,
8180473ebeae1ee652145eb83d4aa3c53544cb25b2ae5b6319a399e5779ba760,2023-06,Surrey Police,Surrey Police,-0.091302,51.278593,On or near White Hill Close,E01030847,Tandridge 005B,Violence and sexual offences,Unable to prosecute suspect,
1cd6f99cf0962c6a63bb744668a22ec0e3627ad2915a2ff7da58094ffb42fcf7,2023-06,Surrey Police,Surrey Police,-0.091302,51.278593,On or near White Hill Close,E01030847,Tandridge 005B,Violence and sexual offences,Unable to prosecute suspect,
d8f5f540e7cd4d037471bd84da668d27fc4c5294a1e97760367e08c0eb9cd5ae,2023-06,Surrey Police,Surrey Police,-0.095014,51.289032,On or near Money Road,E01030848,Tandridge 005C,Theft from the person,Status update unavailable,
74b79e158620997d7a11c8634bf1a9703c991f1b748e58a2a745d8849b22248d,2023-06,Surrey Police,Surrey Police,-0.094709,51.282552,On or near Wood Lane,E01030848,Tandridge 005C,Violence and sexual offences,Further investigation is not in the public interest,
b3d9dfb9d478c9a32b899cf8a650a84e21ab6b4ac36ca939928d8c85faa3b368,2023-06,Surrey Police,Surrey Police,-0.088290,51.285882,On or near High Street,E01030848,Tandridge 005C,Violence and sexual offences,Investigation complete; no suspect identified,
86723c7f3dc18719d8fb6d8675f86899443447d9eef497d130713fab84189e87,2023-06,Surrey Police,Surrey Police,-0.088290,51.285882,On or near High Street,E01030848,Tandridge 005C,Violence and sexual offences,Unable to prosecute suspect,
bb07bf1c986cab05e29553dd9bfdf52f6b94074b349928406128aae8c12d91d8,2023-06,Surrey Police,Surrey Police,-0.094899,51.287654,On or near Westway,E01030848,Tandridge 005C,Violence and sexual offences,Investigation complete; no suspect identified,
,2023-06,Surrey Police,Surrey Police,0.000147,51.258406,On or near Gresham Road,E01030831,Tandridge 006A,Anti-social behaviour,,
542772bb9dbaa7d49803ffb15eaa66bb6381083286234cd62f15c730bc477afa,2023-06,Surrey Police,Surrey Police,0.036700,51.249439,On or near Ridlands Rise,E01030831,Tandridge 006A,Burglary,Status update unavailable,
328209adea9d4bb0f1069e47426e86d0c8ed9e9bad80fb987d87b69f6b7201ad,2023-06,Surrey Police,Surrey Police,0.009531,51.258308,On or near Detillens Lane,E01030831,Tandridge 006A,Criminal damage and arson,Investigation complete; no suspect identified,
18d6f909253b36fae7dd1e9ab2786b92d7f4523e07cc0f191dc3df331bb444ff,2023-06,Surrey Police,Surrey Police,0.025276,51.247731,On or near Pastens Road,E01030831,Tandridge 006A,Criminal damage and arson,Unable to prosecute suspect,
ca2eb137bbbd9031bb9465fdea90fc2a470fd15cd09f8f10111b503904606081,2023-06,Surrey Police,Surrey Police,0.009531,51.258308,On or near Detillens Lane,E01030831,Tandridge 006A,Criminal damage and arson,Investigation complete; no suspect identified,
6b93a99459906f3856c6048be1a82fd9bc38613de936dc91deb48c6d8a0a0eeb,2023-06,Surrey Police,Surrey Police,0.009531,51.258308,On or near Detillens Lane,E01030831,Tandridge 006A,Criminal damage and arson,Investigation complete; no suspect identified,
5a97202f51c489f8328f4cb3d369d886054dcb566cca28010a7840a6077ab90a,2023-06,Surrey Police,Surrey Police,-0.000760,51.256668,On or near Shopping Area,E01030831,Tandridge 006A,Other theft,Investigation complete; no suspect identified,
01ccb94f86591a16a7db87d4ec0cb35b1fb482b49bae7dd34f41e26c444d6926,2023-06,Surrey Police,Surrey Police,0.003479,51.260858,On or near Bluehouse Lane,E01030831,Tandridge 006A,Other theft,Investigation complete; no suspect identified,
966e18caedf9be670a479f3b177952b9179a00bb1d1d10999494a5903bc492c1,2023-06,Surrey Police,Surrey Police,-0.000278,51.260167,On or near New Lodge Drive,E01030831,Tandridge 006A,Public order,Unable to prosecute suspect,
1fc6c45b7aaba85a66513fa79504d57d76fea9e4f9990183d54dfd58d26b0c14,2023-06,Surrey Police,Surrey Police,0.005046,51.254725,On or near Brassey Road,E01030831,Tandridge 006A,Violence and sexual offences,Investigation complete; no suspect identified,
3ced466352c5603d5f0e02717aade3742b3bbbb0e8799c7d0dfccf00aaf7b84c,2023-06,Surrey Police,Surrey Police,-0.000278,51.260167,On or near New Lodge Drive,E01030831,Tandridge 006A,Violence and sexual offences,Unable to prosecute suspect,
b78f9c13776f54364952f65650de66ad8e0e03f37416e2a31d84052ba0fc6365,2023-06,Surrey Police,Surrey Police,-0.000760,51.256668,On or near Shopping Area,E01030831,Tandridge 006A,Violence and sexual offences,Unable to prosecute suspect,
1896eff5adc55342a5ee122d5aa35b46636d26cdac6024c3c7c26674d2a21976,2023-06,Surrey Police,Surrey Police,0.005046,51.254725,On or near Brassey Road,E01030831,Tandridge 006A,Violence and sexual offences,Unable to prosecute suspect,
,2023-06,Surrey Police,Surrey Police,0.012516,51.262996,On or near Titsey Road,E01030832,Tandridge 006B,Anti-social behaviour,,
5f3c4c6a6d1ee02f129020118c9cf563513d436e29d2edad5784625af98daabd,2023-06,Surrey Police,Surrey Police,0.048065,51.260437,On or near Moorhouse Road,E01030832,Tandridge 006B,Public order,Investigation complete; no suspect identified,
f70496c5c164eff7580c24160e3d9ff9daab00b7c24142af58b57a176b468d53,2023-06,Surrey Police,Surrey Police,0.048065,51.260437,On or near Moorhouse Road,E01030832,Tandridge 006B,Vehicle crime,Investigation complete; no suspect identified,
8c7170f93c803564d725da6be00cb5794249da7d0ebc95e9e7744a4fc095ef3a,2023-06,Surrey Police,Surrey Police,0.015058,51.259176,On or near Hookwood Corner,E01030832,Tandridge 006B,Vehicle crime,Investigation complete; no suspect identified,
7c77e6bd50aa1c55df92896b5aa1ed2c9a7ffa9c517744dc06062b3a0aeadbcc,2023-06,Surrey Police,Surrey Police,0.016627,51.242619,On or near Short Lane,E01030832,Tandridge 006B,Violence and sexual offences,Local resolution,
c596b88f808365a60149181c7c88f18bbd7c6aabe5071c54ab36f000f3524d93,2023-06,Surrey Police,Surrey Police,0.016627,51.242619,On or near Short Lane,E01030832,Tandridge 006B,Violence and sexual offences,Status update unavailable,
5dac4eedd72b9540fd3daac4a9adad60305884324e498b270420e4816f379624,2023-06,Surrey Police,Surrey Police,-0.004394,51.256811,On or near Parking Area,E01030836,Tandridge 006C,Violence and sexual offences,Unable to prosecute suspect,
,2023-06,Surrey Police,Surrey Police,-0.004341,51.256046,On or near Supermarket,E01030836,Tandridge 006C,Anti-social behaviour,,
,2023-06,Surrey Police,Surrey Police,-0.004576,51.257902,On or near Oxted,E01030836,Tandridge 006C,Anti-social behaviour,,
,2023-06,Surrey Police,Surrey Police,-0.004576,51.257902,On or near Oxted,E01030836,Tandridge 006C,Anti-social behaviour,,
,2023-06,Surrey Police,Surrey Police,-0.002861,51.258439,On or near Amy Road,E01030836,Tandridge 006C,Anti-social behaviour,,
5d60f29cef14db6eeb2452bed1522ce057810026952dfc9617bc285a7e58b83d,2023-06,Surrey Police,Surrey Police,-0.011543,51.265503,On or near Chalkpit Wood,E01030836,Tandridge 006C,Burglary,Investigation complete; no suspect identified,
9c78e053c38033dd7328c2a116c67e890bf2df45e585698a3247a4e2cfe8d6ed,2023-06,Surrey Police,Surrey Police,-0.004576,51.257902,On or near Oxted,E01030836,Tandridge 006C,Criminal damage and arson,Status update unavailable,
5865d8144174899971ba4f153acf2df91a06dcce374635e3d57ab9f226a795c8,2023-06,Surrey Police,Surrey Police,-0.002861,51.258439,On or near Amy Road,E01030836,Tandridge 006C,Other theft,Investigation complete; no suspect identified,
cd85e2a1c89fcf497da5275463b98408ed94f1a911d1e45f5e36021d2943baa6,2023-06,Surrey Police,Surrey Police,-0.004394,51.256811,On or near Parking Area,E01030836,Tandridge 006C,Public order,Investigation complete; no suspect identified,
bb5cd694b475df4da5bd0ae64d667753866c8b15819f7f93e3a94f82a929039d,2023-06,Surrey Police,Surrey Police,-0.004394,51.256811,On or near Parking Area,E01030836,Tandridge 006C,Public order,Investigation complete; no suspect identified,
25828b9157c8937f3a11049cc27c79ef1de5336256e5f34ec14a395c7ce7546a,2023-06,Surrey Police,Surrey Police,-0.004394,51.256811,On or near Parking Area,E01030836,Tandridge 006C,Public order,Investigation complete; no suspect identified,
8310f85c5147f5fee9f7936b04ba00ef682e3edc57691c178fb8779e75478217,2023-06,Surrey Police,Surrey Police,-0.012221,51.265739,On or near Oakshaw,E01030836,Tandridge 006C,Public order,Unable to prosecute suspect,
7fa19de3c30a0add8df41f7e5a9e7d9d045207564e6d4f67af36e2fa3584b2e4,2023-06,Surrey Police,Surrey Police,-0.004576,51.257902,On or near Oxted,E01030836,Tandridge 006C,Public order,Unable to prosecute suspect,
19a78fdf7dd96004915d7cb67eebf148a86098b7d0c67912347fbd1d5f6cee80,2023-06,Surrey Police,Surrey Police,-0.004394,51.256811,On or near Parking Area,E01030836,Tandridge 006C,Public order,Investigation complete; no suspect identified,
fdd6fdd055638614be6d57fb24362ed2512783974e22c2c47043772e3cee8e19,2023-06,Surrey Police,Surrey Police,-0.002222,51.256990,On or near Parking Area,E01030836,Tandridge 006C,Shoplifting,Investigation complete; no suspect identified,
8be89c0fadae0755a9412257af8245dffef95ef3ce16330c5d322ca85ceb48c1,2023-06,Surrey Police,Surrey Police,-0.002222,51.256990,On or near Parking Area,E01030836,Tandridge 006C,Theft from the person,Status update unavailable,
5ea4f2da5d30a10ddd0e05af0ecd818bb95808ffec42de79f89f812e00d8fcef,2023-06,Surrey Police,Surrey Police,-0.004576,51.257902,On or near Oxted,E01030836,Tandridge 006C,Vehicle crime,Investigation complete; no suspect identified,
9addaa431fe4ef7d203627c95e66a0ff87fbee51fe53279d044ed4fd460960a9,2023-06,Surrey Police,Surrey Police,-0.005626,51.258469,On or near Station Approach,E01030836,Tandridge 006C,Violence and sexual offences,Unable to prosecute suspect,
c5d28531c3188e7b8dc5b1fcd1a2ee6cf9a37e93c3134b982e7840c37a323b59,2023-06,Surrey Police,Surrey Police,-0.005494,51.260858,On or near Chichele Road,E01030836,Tandridge 006C,Violence and sexual offences,Investigation complete; no suspect identified,
1a86d2f47a53c8cb29e8b75bc575b24d6769cd9069548ead6a2a0d48eaaf5ac0,2023-06,Surrey Police,Surrey Police,-0.006519,51.258043,On or near Master Close,E01030836,Tandridge 006C,Violence and sexual offences,Investigation complete; no suspect identified,
be3fc41ffe19b3870ca02edc00942574692bea4b64f37288693dfe3c68fb208a,2023-06,Surrey Police,Surrey Police,-0.004394,51.256811,On or near Parking Area,E01030836,Tandridge 006C,Violence and sexual offences,Unable to prosecute suspect,
696a37531a0646e667790d8864fa9dc8208f0d6ece4bd7d42a2cdad3a7674e5b,2023-06,Surrey Police,Surrey Police,-0.004394,51.256811,On or near Parking Area,E01030836,Tandridge 006C,Violence and sexual offences,Investigation complete; no suspect identified,
82557bb3be4a9de707b114d259ef28fe0412bff21cb168c176925899b2d6830f,2023-06,Surrey Police,Surrey Police,-0.006066,51.257253,On or near Station Road West,E01030836,Tandridge 006C,Violence and sexual offences,Investigation complete; no suspect identified,
27b89b97883fa9e4579f8412062a04f0780a0c12740507820f78cc6f8efa9d26,2023-06,Surrey Police,Surrey Police,-0.006519,51.258043,On or near Master Close,E01030836,Tandridge 006C,Violence and sexual offences,Investigation complete; no suspect identified,
9f831f9dd5cbf84436435a8e31dc0a588281474610613d8c82e9007730f6d52b,2023-06,Surrey Police,Surrey Police,-0.006519,51.258043,On or near Master Close,E01030836,Tandridge 006C,Violence and sexual offences,Investigation complete; no suspect identified,
fd87339c5b3f0c4f7dd1f25eaa38911992ebc3f14df7556abb2e3165a6b04eed,2023-06,Surrey Police,Surrey Police,-0.005626,51.258469,On or near Station Approach,E01030836,Tandridge 006C,Violence and sexual offences,Status update unavailable,
0cc48daa3092dcd0c40f795b9ca8db4db6560c40f2768a9578518693c6de063c,2023-06,Surrey Police,Surrey Police,-0.004394,51.256811,On or near Parking Area,E01030836,Tandridge 006C,Violence and sexual offences,Investigation complete; no suspect identified,
92b08c98fed59bf89e93a301a20f5eff5ad6a524d0e741ab99918e3b81f74a18,2023-06,Surrey Police,Surrey Police,-0.001291,51.257972,On or near Parking Area,E01030836,Tandridge 006C,Other crime,Investigation complete; no suspect identified,
7f230f5f78aef968be4b20155eec218c479d4f5ce9cd9900b0f2c2c787772f74,2023-06,Surrey Police,Surrey Police,-0.013185,51.264982,On or near Central Way,E01030837,Tandridge 006D,Burglary,Status update unavailable,
91695ddb7413368619a45f637e5d5bc173a9493c6e71f7720ae663c95fe0af32,2023-06,Surrey Police,Surrey Police,-0.022430,51.258331,On or near Barrow Green Road,E01030837,Tandridge 006D,Other theft,Investigation complete; no suspect identified,
e28d82b236b3f727fcb1affee34a4e190d4f506ff6b141e1a6a2a1ae18b8a1bd,2023-06,Surrey Police,Surrey Police,-0.009824,51.264817,On or near Barnetts Way,E01030837,Tandridge 006D,Violence and sexual offences,Unable to prosecute suspect,
85a4f9f5524f70304afa21aa84536c03e89118d95a2b0868ccd14d92015e2885,2023-06,Surrey Police,Surrey Police,-0.009824,51.264817,On or near Barnetts Way,E01030837,Tandridge 006D,Violence and sexual offences,Unable to prosecute suspect,
db8fd9882ce76f1dbee7f7c70c30274ab7746246e879953fcd74011682967f81,2023-06,Surrey Police,Surrey Police,-0.013013,51.263316,On or near Gordons Way,E01030837,Tandridge 006D,Violence and sexual offences,Further action is not in the public interest,
3cc8987c135df50ccb2d8007b9610e5aa1de472889b119a426df5fe8c0eefd10,2023-06,Surrey Police,Surrey Police,-0.016087,51.264510,On or near Chalkpit Lane,E01030837,Tandridge 006D,Violence and sexual offences,Investigation complete; no suspect identified,
2685d61f2d8fc88388a8d1d7fa077209b2dc352383c1c8e9e47c97efeb3e5c4b,2023-06,Surrey Police,Surrey Police,-0.013185,51.264982,On or near Central Way,E01030837,Tandridge 006D,Violence and sexual offences,Unable to prosecute suspect,
120bd6bdfad6a4aa1fefabe7183779febf78fb4f88cd2f435107f9e5eb7bcfb6,2023-06,Surrey Police,Surrey Police,-0.007951,51.263697,On or near Field Court,E01030837,Tandridge 006D,Violence and sexual offences,Unable to prosecute suspect,
504ba7006cdb39af8b39f21b48285302faf1362ecfcbe50122b7710a79d903b9,2023-06,Surrey Police,Surrey Police,-0.023119,51.250941,On or near Godstone Road,E01030837,Tandridge 006D,Violence and sexual offences,Further investigation is not in the public interest,
0f6f6e8676781a74b8510da8e53a2e62c6749c7426076b7d1c86dcc10946d564,2023-06,Surrey Police,Surrey Police,-0.013013,51.263316,On or near Gordons Way,E01030837,Tandridge 006D,Violence and sexual offences,Unable to prosecute suspect,
18c51affa30e40d3e592d7dfb9780bdda4fcf001c28093d965e53d61211a7aac,2023-06,Surrey Police,Surrey Police,-0.016968,51.250361,On or near St Clair Close,E01030838,Tandridge 006E,Violence and sexual offences,Unable to prosecute suspect,
61437683261cd2130884cf1213f1ca81460649ca868accbb174bc1bb55ceb241,2023-06,Surrey Police,Surrey Police,-0.033498,51.238751,On or near The Walk,E01030838,Tandridge 006E,Violence and sexual offences,Unable to prosecute suspect,
ef05788786062fd9a333ca41d000e4fc9ef9a0fb5f2627379e88b56a388bff81,2023-06,Surrey Police,Surrey Police,-0.016968,51.250361,On or near St Clair Close,E01030838,Tandridge 006E,Violence and sexual offences,Unable to prosecute suspect,
,2023-06,Surrey Police,Surrey Police,-0.009472,51.255710,On or near Church Lane,E01030839,Tandridge 006F,Anti-social behaviour,,
,2023-06,Surrey Police,Surrey Police,-0.009472,51.255710,On or near Church Lane,E01030839,Tandridge 006F,Anti-social behaviour,,
08c0ad6b09a85fef9b05a6c602e793dbdfa3fc0f8a0e530fd43467fd642ff645,2023-06,Surrey Police,Surrey Police,-0.017524,51.252753,On or near Brook Hill,E01030839,Tandridge 006F,Drugs,Court result unavailable,
189433b6b3ce7b894f1de09cf51e17d87c9973b8993f9565bb863d7e5e131cfe,2023-06,Surrey Police,Surrey Police,-0.007390,51.258786,On or near St Mary'S Close,E01030839,Tandridge 006F,Violence and sexual offences,Investigation complete; no suspect identified,
5ca9350e58543be9775bdec7b53a28564d4fef97420f123fce1f3dcf2ac68f8d,2023-06,Surrey Police,Surrey Police,-0.009472,51.255710,On or near Church Lane,E01030839,Tandridge 006F,Violence and sexual offences,Local resolution,
79f29baeef653f61009cc7f61100e04af9c69745ea2c54ef8782104fa93f8b1c,2023-06,Surrey Police,Surrey Police,-0.007390,51.258786,On or near St Mary'S Close,E01030839,Tandridge 006F,Violence and sexual offences,Investigation complete; no suspect identified,
,2023-06,Surrey Police,Surrey Police,0.006531,51.241750,On or near Nunappleton Way,E01030840,Tandridge 007A,Anti-social behaviour,,
,2023-06,Surrey Police,Surrey Police,0.013760,51.244242,On or near Hazelwood Road,E01030840,Tandridge 007A,Anti-social behaviour,,
,2023-06,Surrey Police,Surrey Police,0.007302,51.240702,On or near The Hawthorns,E01030840,Tandridge 007A,Anti-social behaviour,,
f14f1dafc7d6e53eae88a015d689377a734716a416287759cbf53fbb86f1c8d1,2023-06,Surrey Police,Surrey Police,0.009868,51.241405,On or near Pollards Oak Crescent,E01030840,Tandridge 007A,Criminal damage and arson,Status update unavailable,
6af4de1094dc2bb74934e19df4df0a00cd90dc3583b3d691f9f03dd8c7caa898,2023-06,Surrey Police,Surrey Police,0.006531,51.241750,On or near Nunappleton Way,E01030840,Tandridge 007A,Criminal damage and arson,Unable to prosecute suspect,
f3dbf698ec5922ede5c1308f7094da2d7835d7289cd718fad34e1ebef753e67a,2023-06,Surrey Police,Surrey Police,0.009868,51.241405,On or near Pollards Oak Crescent,E01030840,Tandridge 007A,Violence and sexual offences,Further investigation is not in the public interest,
c32c37862160ab164c2479eb3c6d61f50d1857a0c53167551c7a667e2d1069eb,2023-06,Surrey Police,Surrey Police,0.005829,51.243740,On or near Oak Close,E01030840,Tandridge 007A,Violence and sexual offences,Unable to prosecute suspect,
,2023-06,Surrey Police,Surrey Police,0.003798,51.243163,On or near Meldrum Close,E01030841,Tandridge 007B,Anti-social behaviour,,
170962b0cf91d6f378a4e5d499efc486e1fa8726b5525d80e841f22733a7f8ad,2023-06,Surrey Police,Surrey Police,0.004607,51.244624,On or near Greenhurst Lane,E01030841,Tandridge 007B,Criminal damage and arson,Investigation complete; no suspect identified,
bd8d3763c2e4acd5d0d5e8a7c67bf4d42652741e20bbaabdc88e260c57cf7875,2023-06,Surrey Police,Surrey Police,0.003564,51.245029,On or near Hurst Green,E01030841,Tandridge 007B,Criminal damage and arson,Unable to prosecute suspect,
6abb13bc7466ef3b3c0d2afab865e39d1723759d4163a8bd8a5287fddf10c53e,2023-06,Surrey Police,Surrey Police,0.004607,51.244624,On or near Greenhurst Lane,E01030841,Tandridge 007B,Other theft,Investigation complete; no suspect identified,
2862c995eebdf45001807e1228bb27d40295e069ab942442244d97618660b923,2023-06,Surrey Police,Surrey Police,0.003798,51.243163,On or near Meldrum Close,E01030841,Tandridge 007B,Violence and sexual offences,Investigation complete; no suspect identified,
,2023-06,Surrey Police,Surrey Police,0.012015,51.237734,On or near Four Oaks,E01030842,Tandridge 007C,Anti-social behaviour,,
,2023-06,Surrey Police,Surrey Police,0.013395,51.239824,On or near The Greenway,E01030842,Tandridge 007C,Anti-social behaviour,,
,2023-06,Surrey Police,Surrey Police,0.010450,51.244227,On or near Wolfs Wood,E01030842,Tandridge 007C,Anti-social behaviour,,
,2023-06,Surrey Police,Surrey Police,0.012015,51.237734,On or near Four Oaks,E01030842,Tandridge 007C,Anti-social behaviour,,
,2023-06,Surrey Police,Surrey Police,0.010631,51.236886,On or near Tippett Lane,E01030842,Tandridge 007C,Anti-social behaviour,,
274be0c53e7eef36c77f6d83fb55c9d6173a063b56aacc75afaa87d4689df43a,2023-06,Surrey Police,Surrey Police,0.013328,51.236651,On or near The Hollies,E01030842,Tandridge 007C,Criminal damage and arson,Further investigation is not in the public interest,
4731756b84cc40fef9babf2f6748a926d4131f9e9ef311de53d6e2890af19ad1,2023-06,Surrey Police,Surrey Police,0.013395,51.239824,On or near The Greenway,E01030842,Tandridge 007C,Violence and sexual offences,Status update unavailable,
6e498dcf86aa96f09b6d42c447dd8ed49b3a91c7db225d6e89700fe6fd246531,2023-06,Surrey Police,Surrey Police,0.009718,51.237621,On or near Carrolls Way,E01030842,Tandridge 007C,Violence and sexual offences,Unable to prosecute suspect,
,2023-06,Surrey Police,Surrey Police,0.008984,51.238533,On or near Barnfield Way,E01030843,Tandridge 007D,Anti-social behaviour,,
,2023-06,Surrey Police,Surrey Police,0.001971,51.241342,On or near Mill Shaw,E01030843,Tandridge 007D,Anti-social behaviour,,
,2023-06,Surrey Police,Surrey Police,-0.007476,51.244192,On or near Tanhouse Road,E01030843,Tandridge 007D,Anti-social behaviour,,
,2023-06,Surrey Police,Surrey Police,0.011117,51.239486,On or near Holland Lane,E01030843,Tandridge 007D,Anti-social behaviour,,
,2023-06,Surrey Police,Surrey Police,0.001971,51.241342,On or near Mill Shaw,E01030843,Tandridge 007D,Anti-social behaviour,,
,2023-06,Surrey Police,Surrey Police,0.008984,51.238533,On or near Barnfield Way,E01030843,Tandridge 007D,Anti-social behaviour,,
,2023-06,Surrey Police,Surrey Police,0.006397,51.237022,On or near Coldshott,E01030843,Tandridge 007D,Anti-social behaviour,,
,2023-06,Surrey Police,Surrey Police,0.001971,51.241342,On or near Mill Shaw,E01030843,Tandridge 007D,Anti-social behaviour,,
05508f77525da7bded05352268183acc0631e18ae65a03983c0d73cfea2bba98,2023-06,Surrey Police,Surrey Police,0.008313,51.240235,On or near Rosemary Close,E01030843,Tandridge 007D,Criminal damage and arson,Local resolution,
2b0cdead6b4fd09dfff030edd67dc0dd5759f878c2ffeaa3dd87cf8c1123b4a9,2023-06,Surrey Police,Surrey Police,0.011117,51.239486,On or near Holland Lane,E01030843,Tandridge 007D,Criminal damage and arson,Investigation complete; no suspect identified,
c8e8388ef4fc0346ce461b15f22ce99305960e5a4cf84403abba5ab13fa3dea4,2023-06,Surrey Police,Surrey Police,0.001971,51.241342,On or near Mill Shaw,E01030843,Tandridge 007D,Public order,Investigation complete; no suspect identified,
526bf607dfe1c6f1be4c03a45c15e62d311554fcb6f5b083e8c77120e5f691e6,2023-06,Surrey Police,Surrey Police,0.003450,51.238781,On or near Mill Lane,E01030843,Tandridge 007D,Public order,Investigation complete; no suspect identified,
08c883564976b0b31d6da95a35e629fc77c0eac52d29d2512f5647de70024d8f,2023-06,Surrey Police,Surrey Police,0.008984,51.238533,On or near Barnfield Way,E01030843,Tandridge 007D,Vehicle crime,Investigation complete; no suspect identified,
7e7b5d94966299ceeb8f03e5878fc60caa42be93bf5f85c36f41604907e929d6,2023-06,Surrey Police,Surrey Police,0.003450,51.238781,On or near Mill Lane,E01030843,Tandridge 007D,Violence and sexual offences,Status update unavailable,
fee4403603a91e88925cf7e3daaba714eee7761396bf607f92447a3f3e657df8,2023-06,Surrey Police,Surrey Police,0.001971,51.241342,On or near Mill Shaw,E01030843,Tandridge 007D,Violence and sexual offences,Unable to prosecute suspect,
,2023-06,Surrey Police,Surrey Police,-0.099670,51.242254,On or near Clerks Croft,E01030812,Tandridge 008A,Anti-social behaviour,,
dee6e29b1749a2a30cc1a058098461c44a72014962976c452dfc7c8b3f450502,2023-06,Surrey Police,Surrey Police,-0.099600,51.239079,On or near Town Mead,E01030812,Tandridge 008A,Burglary,Status update unavailable,
9e2f131ed0dbe392796f68f90629b109f3f3a6a369e12fc63197781d775afe1a,2023-06,Surrey Police,Surrey Police,-0.091891,51.236687,On or near Brakey Hill,E01030812,Tandridge 008A,Burglary,Status update unavailable,
433b3ae6e6ae9fca15ae38d1c468d2fd1703c83ebc74215b205a8c0510384c43,2023-06,Surrey Police,Surrey Police,-0.077951,51.228815,On or near South Park Lane,E01030812,Tandridge 008A,Other theft,Investigation complete; no suspect identified,
b735cc679cf8f0b3613a065f22217cfc8f55118cb1f00412ccbc7f754668344c,2023-06,Surrey Police,Surrey Police,-0.088002,51.238233,On or near Gayler Close,E01030812,Tandridge 008A,Violence and sexual offences,Unable to prosecute suspect,
5d714501ebeec03875228a596259e1a0878983b263c2c889d2f4311f687b955c,2023-06,Surrey Police,Surrey Police,-0.091361,51.237722,On or near Kenrick Square,E01030812,Tandridge 008A,Violence and sexual offences,Unable to prosecute suspect,
3103c3998f4956e0e91574a2f15e44a45bc63a8e412722c44321d1b2672999f4,2023-06,Surrey Police,Surrey Police,-0.095510,51.237519,On or near Cleves Way,E01030812,Tandridge 008A,Violence and sexual offences,Status update unavailable,
20d796af32d2408b98dfe27d94d47445580fcfaf57e63f1cb23f3e3c323716de,2023-06,Surrey Police,Surrey Police,-0.095510,51.237519,On or near Cleves Way,E01030812,Tandridge 008A,Violence and sexual offences,Local resolution,
634a76fcee1a7b8664c4824ae27eeb67039a22fcd5553f8a7621ff7eb6066c09,2023-06,Surrey Police,Surrey Police,-0.102393,51.240842,On or near Anns Walk,E01030812,Tandridge 008A,Violence and sexual offences,Unable to prosecute suspect,
f7cf4d56a1226808976b538302cd8ccc687f768a111318541fb70259dc9902cb,2023-06,Surrey Police,Surrey Police,-0.089024,51.238133,On or near Hart Close,E01030812,Tandridge 008A,Violence and sexual offences,Status update unavailable,
,2023-06,Surrey Police,Surrey Police,-0.134693,51.248088,On or near Nutfield Marsh Road,E01030813,Tandridge 008B,Anti-social behaviour,,
,2023-06,Surrey Police,Surrey Police,-0.138330,51.250636,On or near Parking Area,E01030813,Tandridge 008B,Anti-social behaviour,,
,2023-06,Surrey Police,Surrey Police,-0.138330,51.250636,On or near Parking Area,E01030813,Tandridge 008B,Anti-social behaviour,,
,2023-06,Surrey Police,Surrey Police,-0.138330,51.250636,On or near Parking Area,E01030813,Tandridge 008B,Anti-social behaviour,,
,2023-06,Surrey Police,Surrey Police,-0.134693,51.248088,On or near Nutfield Marsh Road,E01030813,Tandridge 008B,Anti-social behaviour,,
,2023-06,Surrey Police,Surrey Police,-0.138330,51.250636,On or near Parking Area,E01030813,Tandridge 008B,Anti-social behaviour,,
,2023-06,Surrey Police,Surrey Police,-0.138330,51.250636,On or near Parking Area,E01030813,Tandridge 008B,Anti-social behaviour,,
,2023-06,Surrey Police,Surrey Police,-0.138330,51.250636,On or near Parking Area,E01030813,Tandridge 008B,Anti-social behaviour,,
,2023-06,Surrey Police,Surrey Police,-0.138330,51.250636,On or near Parking Area,E01030813,Tandridge 008B,Anti-social behaviour,,
,2023-06,Surrey Police,Surrey Police,-0.138330,51.250636,On or near Parking Area,E01030813,Tandridge 008B,Anti-social behaviour,,
,2023-06,Surrey Police,Surrey Police,-0.138330,51.250636,On or near Parking Area,E01030813,Tandridge 008B,Anti-social behaviour,,
,2023-06,Surrey Police,Surrey Police,-0.138330,51.250636,On or near Parking Area,E01030813,Tandridge 008B,Anti-social behaviour,,
5ecb3a8880e15eb23b28b1cea25743d0137185ea017cea8569efe90ee080c7a3,2023-06,Surrey Police,Surrey Police,-0.138330,51.250636,On or near Parking Area,E01030813,Tandridge 008B,Criminal damage and arson,Investigation complete; no suspect identified,
da50c439431ce05db4a3093d4ab0e5c8b5249c03bbc92397ac0895e8727c11fa,2023-06,Surrey Police,Surrey Police,-0.140506,51.227236,On or near Bower Hill Lane,E01030813,Tandridge 008B,Criminal damage and arson,Investigation complete; no suspect identified,
5bf8ea72080329b4a70ca8116c59164959bd4eb6d2bc5f58d9bf5b4f52f6e573,2023-06,Surrey Police,Surrey Police,-0.138330,51.250636,On or near Parking Area,E01030813,Tandridge 008B,Drugs,Local resolution,
c850c8db2ee0267cfe600a39129363d1ca9926b6fb48fde5638bf19ef1ae6dc4,2023-06,Surrey Police,Surrey Police,-0.132178,51.228452,On or near Trindles Road,E01030813,Tandridge 008B,Other theft,Investigation complete; no suspect identified,
17be4ecc443b4f04d573d03b26ff790bf247376197d00687802e344eeea191b4,2023-06,Surrey Police,Surrey Police,-0.147130,51.228483,On or near Clay Lane,E01030813,Tandridge 008B,Other theft,Investigation complete; no suspect identified,
d771b90479d079ec1db72528e95c2bbc7cf8b47b283b7a14979e1a602b807b3d,2023-06,Surrey Police,Surrey Police,-0.138330,51.250636,On or near Parking Area,E01030813,Tandridge 008B,Public order,Unable to prosecute suspect,
bf43a6d74979beef599d1179e58cd7f94f8c2a531b9e3ce9f44d85e06db65569,2023-06,Surrey Police,Surrey Police,-0.138330,51.250636,On or near Parking Area,E01030813,Tandridge 008B,Public order,Status update unavailable,
2b8d3b2f2a44ec8a7386c29840261d601d8d154c31ee74840730c63411ad93b6,2023-06,Surrey Police,Surrey Police,-0.141398,51.246342,On or near Chilmead Lane,E01030813,Tandridge 008B,Violence and sexual offences,Court result unavailable,
337309fb5fa09ede12b1c026310ddef879e1178710a4fc9354451c82bdee3df2,2023-06,Surrey Police,Surrey Police,-0.138330,51.250636,On or near Parking Area,E01030813,Tandridge 008B,Violence and sexual offences,Unable to prosecute suspect,
f492041d562fe45bd59b320918922faae043fab8f3a0c9e8d902572f4e371adb,2023-06,Surrey Police,Surrey Police,-0.128399,51.247115,On or near Park/Open Space,E01030813,Tandridge 008B,Violence and sexual offences,Status update unavailable,
68f9267d12ef06430a156217bbbfa24b87d463034839724029d0d8d467f06b4d,2023-06,Surrey Police,Surrey Police,-0.138330,51.250636,On or near Parking Area,E01030813,Tandridge 008B,Violence and sexual offences,Unable to prosecute suspect,
87833d2056fb449548000ecee248a3ba28904b0d5834c9baf810a71f07bae6ae,2023-06,Surrey Police,Surrey Police,-0.138330,51.250636,On or near Parking Area,E01030813,Tandridge 008B,Other crime,Unable to prosecute suspect,
,2023-06,Surrey Police,Surrey Police,-0.126656,51.209604,On or near Moats Lane,E01030814,Tandridge 008C,Anti-social behaviour,,
,2023-06,Surrey Police,Surrey Police,-0.126656,51.209604,On or near Moats Lane,E01030814,Tandridge 008C,Anti-social behaviour,,
,2023-06,Surrey Police,Surrey Police,-0.126656,51.209604,On or near Moats Lane,E01030814,Tandridge 008C,Anti-social behaviour,,
d20b7eb7abb96dfabe45bba79ce50de5efedcf677c50a18ba958b12c89df162f,2023-06,Surrey Police,Surrey Police,-0.136859,51.226386,On or near Kings Mead,E01030814,Tandridge 008C,Drugs,Further investigation is not in the public interest,
d80eaeda63b403fbffa6bbd82d47fc33f62fc40c0b04b9a5ccaa1c1d9e432061,2023-06,Surrey Police,Surrey Police,-0.130944,51.175853,On or near Park/Open Space,E01030814,Tandridge 008C,Vehicle crime,Investigation complete; no suspect identified,
,2023-06,Surrey Police,Surrey Police,-0.122099,51.262491,On or near Warwick Wold Road,E01030815,Tandridge 008D,Anti-social behaviour,,
,2023-06,Surrey Police,Surrey Police,-0.092410,51.259816,On or near Roughets Lane,E01030815,Tandridge 008D,Anti-social behaviour,,
,2023-06,Surrey Police,Surrey Police,-0.100939,51.260126,On or near Whitehill Lane,E01030815,Tandridge 008D,Anti-social behaviour,,
,2023-06,Surrey Police,Surrey Police,-0.122099,51.262491,On or near Warwick Wold Road,E01030815,Tandridge 008D,Anti-social behaviour,,
,2023-06,Surrey Police,Surrey Police,-0.100939,51.260126,On or near Whitehill Lane,E01030815,Tandridge 008D,Anti-social behaviour,,
,2023-06,Surrey Police,Surrey Police,-0.092410,51.259816,On or near Roughets Lane,E01030815,Tandridge 008D,Anti-social behaviour,,
,2023-06,Surrey Police,Surrey Police,-0.092410,51.259816,On or near Roughets Lane,E01030815,Tandridge 008D,Anti-social behaviour,,
,2023-06,Surrey Police,Surrey Police,-0.092341,51.255247,On or near Green Lane,E01030815,Tandridge 008D,Anti-social behaviour,,
,2023-06,Surrey Police,Surrey Police,-0.122099,51.262491,On or near Warwick Wold Road,E01030815,Tandridge 008D,Anti-social behaviour,,
fcf95ecdaec09d98dffb49b7235939ccbeb7d7795e3d7163513ebf68eb18fd40,2023-06,Surrey Police,Surrey Police,-0.115192,51.248773,On or near Pendell Road,E01030815,Tandridge 008D,Other theft,Investigation complete; no suspect identified,
7b2bfd2dc7c433f0984e360b06af9e07bd36f6d39bf4064e07487d224b9fd830,2023-06,Surrey Police,Surrey Police,-0.110031,51.242197,On or near Barfields,E01030815,Tandridge 008D,Public order,Unable to prosecute suspect,
997096aae7b7b426d3105d8c1743936be31921eb4f6157f33a3fe795b1811ab9,2023-06,Surrey Police,Surrey Police,-0.105301,51.240493,On or near Stychens Close,E01030815,Tandridge 008D,Public order,Unable to prosecute suspect,
76e0bfef8bfa061a526e96cbd557b7d077cd8e105d9e7d13abd7bbe8554578f3,2023-06,Surrey Police,Surrey Police,-0.108080,51.241905,On or near Tilgate Common,E01030815,Tandridge 008D,Vehicle crime,Investigation complete; no suspect identified,
9eb108a50da2b1d10efeb695dc41b5789e16aa4ad7d4ddeaeecae9385351b74b,2023-06,Surrey Police,Surrey Police,-0.112316,51.241326,On or near Botery'S Cross,E01030815,Tandridge 008D,Violence and sexual offences,Unable to prosecute suspect,
9fa0b8f3a8cf0c9661a2d06d992820978488726cb7a3f679c2882b9b334e470c,2023-06,Surrey Police,Surrey Police,-0.105301,51.240493,On or near Stychens Close,E01030815,Tandridge 008D,Violence and sexual offences,Unable to prosecute suspect,
1bf38eae29f8e0bc9eb272c86de95b6b4e3020cb09dfd174532f498f8f24ca08,2023-06,Surrey Police,Surrey Police,-0.110031,51.242197,On or near Barfields,E01030815,Tandridge 008D,Violence and sexual offences,Unable to prosecute suspect,
,2023-06,Surrey Police,Surrey Police,-0.068528,51.254434,On or near Tylers Close,E01030824,Tandridge 009A,Anti-social behaviour,,
,2023-06,Surrey Police,Surrey Police,-0.064731,51.252698,On or near Evelyn Gardens,E01030824,Tandridge 009A,Anti-social behaviour,,
,2023-06,Surrey Police,Surrey Police,-0.062465,51.255134,On or near Ockleys Mead,E01030824,Tandridge 009A,Anti-social behaviour,,
7d0686d4e816e303234c9f21a3b97d294f09078ceb6ad449e687c91fcbdaa394,2023-06,Surrey Police,Surrey Police,-0.065493,51.250948,On or near Salisbury Road,E01030824,Tandridge 009A,Criminal damage and arson,Investigation complete; no suspect identified,
0a6067173d5ffe81f19115cb059881e2f5d2a1a9a7f389d6526e183f9e18d66b,2023-06,Surrey Police,Surrey Police,-0.065577,51.254061,On or near Lindley Road,E01030824,Tandridge 009A,Vehicle crime,Investigation complete; no suspect identified,
bba755dfacfb79f34f08864b92bfb8c3391ea45d2a3a19817bdf054697d55380,2023-06,Surrey Police,Surrey Police,-0.063909,51.251812,On or near Oxted Road,E01030824,Tandridge 009A,Vehicle crime,Investigation complete; no suspect identified,
785c5a46eb7636b4bf9eba7b85e7894acf0a9d87208bc4478287bebeb91aeea0,2023-06,Surrey Police,Surrey Police,-0.063686,51.254731,On or near Selbourne Square,E01030824,Tandridge 009A,Violence and sexual offences,Local resolution,
d387e355dc0539d4f0e54e57e17296a1dcf0f6578f0fae86c3c1e36db12c569c,2023-06,Surrey Police,Surrey Police,-0.066898,51.256394,On or near Fosterdown,E01030824,Tandridge 009A,Violence and sexual offences,Unable to prosecute suspect,
a1277b073d64e1383007d3a8a2223b5f4617197b50f9bbc8593907ce71245437,2023-06,Surrey Police,Surrey Police,-0.068528,51.254434,On or near Tylers Close,E01030824,Tandridge 009A,Violence and sexual offences,Investigation complete; no suspect identified,
,2023-06,Surrey Police,Surrey Police,-0.050546,51.249270,On or near Oxted Road,E01030825,Tandridge 009B,Anti-social behaviour,,
,2023-06,Surrey Police,Surrey Police,-0.064881,51.260390,On or near Godstone Hill,E01030825,Tandridge 009B,Anti-social behaviour,,
44208fa779e2f96295bc13174540f98decd9ed98d392ba46d6de42ec70cab345,2023-06,Surrey Police,Surrey Police,-0.064881,51.260390,On or near Godstone Hill,E01030825,Tandridge 009B,Criminal damage and arson,Investigation complete; no suspect identified,
095ced1a4eb5e3a40575dce52139f697d03174cf54d4890499e959a2704d2b36,2023-06,Surrey Police,Surrey Police,-0.052615,51.242686,On or near Leigh Place Lane,E01030825,Tandridge 009B,Criminal damage and arson,Investigation complete; no suspect identified,
8fe3f28ac3d06dc8cf8a1c08f209ce667d0d49104d92afd0f456d452abaf1bfc,2023-06,Surrey Police,Surrey Police,-0.064611,51.244647,On or near Eastbourne Road,E01030825,Tandridge 009B,Criminal damage and arson,Investigation complete; no suspect identified,
fd6d4e81c66b0e3669af4fc3d4adbbda336f8d446ce6e5b73c9b9215d04fe93a,2023-06,Surrey Police,Surrey Police,-0.048063,51.231319,On or near Parking Area,E01030825,Tandridge 009B,Other theft,Status update unavailable,
90ef5a335c18fd87ea82b799795f15cdfb4305758a7f179b888de708495ee37f,2023-06,Surrey Police,Surrey Police,-0.064881,51.260390,On or near Godstone Hill,E01030825,Tandridge 009B,Public order,Investigation complete; no suspect identified,
c2f85ccd573ba1d0991d874669ac7f62466eceb770b2ea4abaa21839fadbad56,2023-06,Surrey Police,Surrey Police,-0.050546,51.249270,On or near Oxted Road,E01030825,Tandridge 009B,Shoplifting,Investigation complete; no suspect identified,
822915e0497c9ba8ec0928def4649f6a57b3cef142b896a2684bca4be4d2f169,2023-06,Surrey Police,Surrey Police,-0.058350,51.241225,On or near B2236,E01030825,Tandridge 009B,Vehicle crime,Investigation complete; no suspect identified,
8210fa673699f437775483f7b5a688006e2cccf50013d10b1332bdcb8c4350ee,2023-06,Surrey Police,Surrey Police,-0.057339,51.245498,On or near Church Lane,E01030825,Tandridge 009B,Vehicle crime,Investigation complete; no suspect identified,
b95022343d3de74d84cbb7bd3b6aab21724980722f4d6eea334c1b4a9d60c61a,2023-06,Surrey Police,Surrey Police,-0.056662,51.247627,On or near Church Lane,E01030825,Tandridge 009B,Violence and sexual offences,Court result unavailable,
32b7aaa5684e37c542630420326f17dc8b79628a973a0a16ca2fe70d24e900fc,2023-06,Surrey Police,Surrey Police,-0.066892,51.249020,On or near High Street,E01030825,Tandridge 009B,Violence and sexual offences,Unable to prosecute suspect,
18efce7334a4cf136d3121336ad726e354ee7e3a3d3b882a0994204191830312,2023-06,Surrey Police,Surrey Police,-0.056662,51.247627,On or near Church Lane,E01030825,Tandridge 009B,Violence and sexual offences,Court result unavailable,
3f537498eff6635b9b427eb74b547f857617b5ad3ef128a4b4bb059d86aaa248,2023-06,Surrey Police,Surrey Police,-0.056662,51.247627,On or near Church Lane,E01030825,Tandridge 009B,Violence and sexual offences,Unable to prosecute suspect,
08907ffd65afe84dd5ef2e0113b769eeb579f9a2df9cc18870b535f6d4b1adbf,2023-06,Surrey Police,Surrey Police,-0.064881,51.260390,On or near Godstone Hill,E01030825,Tandridge 009B,Violence and sexual offences,Investigation complete; no suspect identified,
5d1b85d3f521d382c7d8b4658f6dd70464540892eef4a6149f9ef961e923d573,2023-06,Surrey Police,Surrey Police,-0.056662,51.247627,On or near Church Lane,E01030825,Tandridge 009B,Violence and sexual offences,Unable to prosecute suspect,
bd2f25d1dc15e0ba17efe1f8927b23e256cedf7d44cb0bca68b69bdd4e91274c,2023-06,Surrey Police,Surrey Police,-0.068167,51.252107,On or near Catlin Gardens,E01030825,Tandridge 009B,Violence and sexual offences,Unable to prosecute suspect,
316e815cda49fb41b4c73f1b8cbcaf39fadf3a0ec50fbf9107818d72e6f5c174,2023-06,Surrey Police,Surrey Police,-0.047584,51.220066,On or near Harcourt Way,E01030826,Tandridge 009C,Violence and sexual offences,Status update unavailable,
32aaf940e9ab2e1653457805a3b2864f86e7bd2bbda5eec26f79b35ff59bc8bc,2023-06,Surrey Police,Surrey Police,-0.064304,51.203149,On or near Carlton Road,E01030827,Tandridge 009D,Other theft,Investigation complete; no suspect identified,
27414acd368f9bb48ce9d009f3c6accf9cf08deb50e0c3d7196fa5fd740232cb,2023-06,Surrey Police,Surrey Police,-0.050360,51.215040,On or near Park/Open Space,E01030827,Tandridge 009D,Possession of weapons,Status update unavailable,
852422c27f36d1fb2e27bd3a9c5b75284cd942e9f89054075dcb51134a17a20d,2023-06,Surrey Police,Surrey Police,-0.050360,51.215040,On or near Park/Open Space,E01030827,Tandridge 009D,Possession of weapons,Status update unavailable,
cf7c3be1511138076e97ceacfe0edeac94266a152caeda59ebb035d14b59817a,2023-06,Surrey Police,Surrey Police,-0.050360,51.215040,On or near Park/Open Space,E01030827,Tandridge 009D,Public order,Investigation complete; no suspect identified,
a1441a0eadc3a6b524cb7e8ad5fe21902b52f6da74ceadaf06ae92630624ea38,2023-06,Surrey Police,Surrey Police,-0.048954,51.190375,On or near Parking Area,E01030827,Tandridge 009D,Vehicle crime,Investigation complete; no suspect identified,
8e085762eeb13d02833a15572bfba1c9827e264a397bc870a7eb182daf757722,2023-06,Surrey Police,Surrey Police,-0.050261,51.193985,On or near Cottenhams,E01030827,Tandridge 009D,Violence and sexual offences,Unable to prosecute suspect,
96a5b867febfa06e467936a86457fbe8bf6e5ac86b0cdb2caa69a9781007f0ad,2023-06,Surrey Police,Surrey Police,-0.050360,51.215040,On or near Park/Open Space,E01030827,Tandridge 009D,Violence and sexual offences,Unable to prosecute suspect,
3bb46cd4e0f38c28c9bce8f68902eda25997a4d533c2a686c868265e23207c44,2023-06,Surrey Police,Surrey Police,-0.050470,51.193099,On or near Anchor Way,E01030827,Tandridge 009D,Violence and sexual offences,Court result unavailable,
a8ee9073b2af94657e49a399fc16176052c3073985d288a8facd3bf83e93681a,2023-06,Surrey Police,Surrey Police,-0.064304,51.203149,On or near Carlton Road,E01030827,Tandridge 009D,Other crime,Investigation complete; no suspect identified,
69e4e3eba1dbb5e7a8751712dd115ba50dd483d4d693332baa4f6012603fd085,2023-06,Surrey Police,Surrey Police,0.000554,51.170015,On or near Racecourse Road,E01030821,Tandridge 010A,Violence and sexual offences,Unable to prosecute suspect,
7ff3b74623aeadc1c175979543d64b2e332ae8b092c1973678e386303ba8f0ae,2023-06,Surrey Police,Surrey Police,0.012117,51.169133,On or near Moor Lane,E01030821,Tandridge 010A,Burglary,Status update unavailable,
ee687540074f9b31f8ae98b6c97919aa50b88aa50a293541e3e0cb06f7d9d95d,2023-06,Surrey Police,Surrey Police,0.001108,51.171247,On or near St Pier'S Lane,E01030821,Tandridge 010A,Burglary,Status update unavailable,
64b34d845b38b955f040cf2825abc7a5e4850fb7bc4264f570664e9ad4742230,2023-06,Surrey Police,Surrey Police,0.001108,51.171247,On or near St Pier'S Lane,E01030821,Tandridge 010A,Burglary,Status update unavailable,
22f6d1f1e96c5d96dd1d1115ee89cfd5454ef2766292a9e4e1112eddbadbd5c9,2023-06,Surrey Police,Surrey Police,0.001108,51.171247,On or near St Pier'S Lane,E01030821,Tandridge 010A,Burglary,Unable to prosecute suspect,
0115824a74dd623b88f9e6183ddad2da5495d236a431824eddd7ba7a1853c280,2023-06,Surrey Police,Surrey Police,0.001108,51.171247,On or near St Pier'S Lane,E01030821,Tandridge 010A,Burglary,Unable to prosecute suspect,
c610278b9dae9cd76c2f6fa1d67f5a4014ec06ec844e3b0d94245dbfd5d6da13,2023-06,Surrey Police,Surrey Police,0.001108,51.171247,On or near St Pier'S Lane,E01030821,Tandridge 010A,Burglary,Investigation complete; no suspect identified,
3f3d19f5de6095bf900acf719b6bead265b3e946d2e45d22a828a4ef785bf3f2,2023-06,Surrey Police,Surrey Police,0.012671,51.177910,On or near St Pier'S Lane,E01030821,Tandridge 010A,Burglary,Status update unavailable,
ceeb9dc0bb4a507d9f9fcee054be453e6b936612cdc7c9246535c5d1fff5161d,2023-06,Surrey Police,Surrey Police,0.001108,51.171247,On or near St Pier'S Lane,E01030821,Tandridge 010A,Criminal damage and arson,Investigation complete; no suspect identified,
4d8e325ce423b6e8674a08f2a67e5f47177230ebc3703166610167b60c1829c2,2023-06,Surrey Police,Surrey Police,0.001108,51.171247,On or near St Pier'S Lane,E01030821,Tandridge 010A,Violence and sexual offences,Action to be taken by another organisation,
169cd4b905af0853382a2a988bc697452ee0341267b98a06c506292ee7f97c68,2023-06,Surrey Police,Surrey Police,0.005134,51.161060,On or near Sports/Recreation Area,E01030821,Tandridge 010A,Violence and sexual offences,Unable to prosecute suspect,
463f8cb559fd2740de5f45cf45047c299bf2b0ade702366fbd5e7c6ccc1c70d1,2023-06,Surrey Police,Surrey Police,-0.006371,51.171968,On or near Tannery Gardens,E01030822,Tandridge 010B,Burglary,Investigation complete; no suspect identified,
bd544d053e0e39dd03be556e100213ba5f20125e3fd1b10859f31892b194b676,2023-06,Surrey Police,Surrey Police,-0.006371,51.171968,On or near Tannery Gardens,E01030822,Tandridge 010B,Burglary,Investigation complete; no suspect identified,
211070cb25e741be27047532edc7a507de7534d52a3c2e043bffad50e60aad74,2023-06,Surrey Police,Surrey Police,-0.006371,51.171968,On or near Tannery Gardens,E01030822,Tandridge 010B,Burglary,Unable to prosecute suspect,
a592fd62f89ec219a9c75a6c3eb1ed318f03d0a799be18490dc5215de1734594,2023-06,Surrey Police,Surrey Police,-0.006371,51.171968,On or near Tannery Gardens,E01030822,Tandridge 010B,Criminal damage and arson,Investigation complete; no suspect identified,
4d2c3d1a028da81d76e4f39df7f521859ea14626562362ad3702ea984ad8dea4,2023-06,Surrey Police,Surrey Police,-0.006371,51.171968,On or near Tannery Gardens,E01030822,Tandridge 010B,Drugs,Investigation complete; no suspect identified,
89d089a934bf577d76f53ea3be96e60ad3a7fb229e7eb2860c9bc2ea8d4f2666,2023-06,Surrey Police,Surrey Police,-0.006371,51.171968,On or near Tannery Gardens,E01030822,Tandridge 010B,Drugs,Local resolution,
25cd69d355b815963b6d20a0a5b62558e0c6badd65add1242be8fa081bd5da5f,2023-06,Surrey Police,Surrey Police,0.029946,51.171856,On or near Moor Lane,E01030822,Tandridge 010B,Other theft,Further investigation is not in the public interest,
6ba1cdaf1ac442b409ac32e4e18ab295d14849e0f13eabe2cf9c834a446eba5f,2023-06,Surrey Police,Surrey Police,-0.011092,51.152335,On or near Swissland Hill,E01030822,Tandridge 010B,Other theft,Unable to prosecute suspect,
,2023-06,Surrey Police,Surrey Police,-0.013782,51.175943,On or near Church Road,E01030833,Tandridge 010C,Anti-social behaviour,,
,2023-06,Surrey Police,Surrey Police,-0.019511,51.174799,On or near Plaistow Street,E01030833,Tandridge 010C,Anti-social behaviour,,
9dcb1d7412bd74872bd24e7711232c086b1c7db8b3f61b8c408899e09c388e6f,2023-06,Surrey Police,Surrey Police,-0.019127,51.173740,On or near Parking Area,E01030833,Tandridge 010C,Burglary,Investigation complete; no suspect identified,
e05a8c51e0c876c8762a7e62b20b6dd9ec17c1290aef25cbde79d3c06da53d89,2023-06,Surrey Police,Surrey Police,-0.034967,51.169619,On or near Newchapel Road,E01030833,Tandridge 010C,Public order,Investigation complete; no suspect identified,
1e11f9741367e908c9b9b95a56e38c5115eca71cd3df28b9bfc078b5cc265c92,2023-06,Surrey Police,Surrey Police,-0.019511,51.174799,On or near Plaistow Street,E01030833,Tandridge 010C,Violence and sexual offences,Formal action is not in the public interest,
,2023-06,Surrey Police,Surrey Police,-0.006400,51.200800,On or near Willow Drive,E01030834,Tandridge 010D,Anti-social behaviour,,
,2023-06,Surrey Police,Surrey Police,-0.006400,51.200800,On or near Willow Drive,E01030834,Tandridge 010D,Anti-social behaviour,,
2892ff70f9104bcc8aea0638fcb768cff20d1c89b29c6a99eee80de816181505,2023-06,Surrey Police,Surrey Police,0.000524,51.201698,On or near Chellows Lane,E01030834,Tandridge 010D,Criminal damage and arson,Investigation complete; no suspect identified,
03b6aa7e2c81e134a3aa8d6f730b69dcd91292f4354db9b33b9b1abee4a2e6ef,2023-06,Surrey Police,Surrey Police,-0.009973,51.180006,On or near Grove Road,E01030834,Tandridge 010D,Vehicle crime,Investigation complete; no suspect identified,
f4de3f5d0d0379572fca39e62e5a0839d674592dc2d40d7c041ca0fc3fa66ef1,2023-06,Surrey Police,Surrey Police,-0.017358,51.190627,On or near Crowhurst Road,E01030834,Tandridge 010D,Violence and sexual offences,Local resolution,
e7866b668e213332ca356b640f2d264a3d4012047827982a3c610694a80bdcb4,2023-06,Surrey Police,Surrey Police,-0.017358,51.190627,On or near Crowhurst Road,E01030834,Tandridge 010D,Violence and sexual offences,Investigation complete; no suspect identified,
a64da09e7cfb89ee3953dae39eebcdcb0a716b7ab675f4222c110ac937052de3,2023-06,Surrey Police,Surrey Police,-0.008974,51.179279,On or near Pauls Mead,E01030834,Tandridge 010D,Violence and sexual offences,Unable to prosecute suspect,
faced4c3a700ec8098e5f5849784338be09ac9e91cf4e17d32be3245a264e81a,2023-06,Surrey Police,Surrey Police,-0.013583,51.180247,On or near Saxby'S Lane,E01030834,Tandridge 010D,Other crime,Unable to prosecute suspect,
6a3e06833230261c2751df868036c83be88130adc5b488c1c25b25e301828252,2023-06,Surrey Police,Surrey Police,-0.014939,51.173993,On or near Forge Close,E01030835,Tandridge 010E,Vehicle crime,Investigation complete; no suspect identified,
a923ed56c6cf08f2f6486b651f21532fa4702d363d6eb34c9f27439534863c82,2023-06,Surrey Police,Surrey Police,-0.010849,51.178933,On or near Baker'S Close,E01030835,Tandridge 010E,Vehicle crime,Investigation complete; no suspect identified,
fbac4bb141b567aa633e97ab71a8985c802461648c0e0898ba3af52e1a50019b,2023-06,Surrey Police,Surrey Police,-0.011819,51.179678,On or near Little Lullenden,E01030835,Tandridge 010E,Violence and sexual offences,Unable to prosecute suspect,
484ddab1fc0d2c5abfac7f8853504df8ad6ab97cc4483836d6d1dd80c8ea2066,2023-06,Surrey Police,Surrey Police,-0.011819,51.179678,On or near Little Lullenden,E01030835,Tandridge 010E,Violence and sexual offences,Unable to prosecute suspect,
,2023-06,Surrey Police,Surrey Police,-0.109206,51.171787,On or near Plough Road,E01030816,Tandridge 011A,Anti-social behaviour,,
e45dcb00c0f4d7ca2b8857e1e40f5db2db0f8a95c1e7427b52749b81c256891e,2023-06,Surrey Police,Surrey Police,-0.053360,51.163586,On or near West Park Road,E01030816,Tandridge 011A,Public order,Investigation complete; no suspect identified,
d9e712d618e35bab3e3765f58e18a023524fe342e5a9d8c3e458a5bb9f0070a0,2023-06,Surrey Police,Surrey Police,-0.109206,51.171787,On or near Plough Road,E01030816,Tandridge 011A,Vehicle crime,Investigation complete; no suspect identified,
0ff6973e4884cc56656f9fe5df3f8480e15ed1133a935af8aaee5a9f51eedf2e,2023-06,Surrey Police,Surrey Police,-0.071016,51.167197,On or near Bones Lane,E01030816,Tandridge 011A,Violence and sexual offences,Unable to prosecute suspect,
e659f63d8e1b170b794d43f98b659058610aa31287a9956360f1bf844c61b2c1,2023-06,Surrey Police,Surrey Police,-0.088115,51.181588,On or near Church Road,E01030816,Tandridge 011A,Violence and sexual offences,Unable to prosecute suspect,
b13684e4f45af2496c6a8c75edfd120431c7088ad2acd09e00a601e7b0b34abd,2023-06,Surrey Police,Surrey Police,-0.074940,51.154384,On or near West Park Road,E01030816,Tandridge 011A,Violence and sexual offences,Unable to prosecute suspect,
,2023-06,Surrey Police,Surrey Police,-0.122217,51.176880,On or near Hayes Walk,E01030817,Tandridge 011B,Anti-social behaviour,,
9f34f83f4dd93e1d5fa570fec9e12964cd56240a0cfad9868a078f72c0851e76,2023-06,Surrey Police,Surrey Police,-0.122217,51.176880,On or near Hayes Walk,E01030817,Tandridge 011B,Violence and sexual offences,Unable to prosecute suspect,
50089c7f6d18b8cb401d0b9c29bc4183c3aceac9a781e7cb41d6356e6cc56343,2023-06,Surrey Police,Surrey Police,-0.122217,51.176880,On or near Hayes Walk,E01030817,Tandridge 011B,Violence and sexual offences,Further investigation is not in the public interest,
d457bacb69fee3f4c2ed499267a0161724f1e8d43710095cdb371b49a0dbe4bd,2023-06,Surrey Police,Surrey Police,-0.124628,51.175992,On or near Charlotte Grove,E01030817,Tandridge 011B,Violence and sexual offences,Unable to prosecute suspect,
db2beaab19bb0b40aa4771b961e498cdf212bcb5a27d765422f033198c9f7cea,2023-06,Surrey Police,Surrey Police,-0.109664,51.183314,On or near Norman'S Road,E01030817,Tandridge 011B,Violence and sexual offences,Investigation complete; no suspect identified,
1a17ab1d5499cffc8b47adc7884c812352228f515547b4a6ad442173ab689a67,2023-06,Surrey Police,Surrey Police,-0.121226,51.173815,On or near Grangeway,E01030818,Tandridge 011C,Other theft,Investigation complete; no suspect identified,
,2023-06,Surrey Police,Surrey Police,-0.097790,51.139461,On or near Effingham Lane,E01030819,Tandridge 011D,Anti-social behaviour,,
,2023-06,Surrey Police,Surrey Police,-0.118022,51.173089,On or near Dyer'S Field,E01030819,Tandridge 011D,Anti-social behaviour,,
2a6bb44381946999398c75ae0290e8e7123744a499a7fc34bb30cd966f70901c,2023-06,Surrey Police,Surrey Police,-0.118553,51.158997,On or near Church Road,E01030819,Tandridge 011D,Burglary,Investigation complete; no suspect identified,
a37a0017d9b262d12baf98d25c1589c10d256e18e013a12d81378aa3af80f9f1,2023-06,Surrey Police,Surrey Police,-0.118553,51.158997,On or near Church Road,E01030819,Tandridge 011D,Criminal damage and arson,Investigation complete; no suspect identified,
053fecb7addadbd31dc87f9a00e9498f9cffaa1ddb474ca176338995777ebe4f,2023-06,Surrey Police,Surrey Police,-0.118022,51.173089,On or near Dyer'S Field,E01030819,Tandridge 011D,Criminal damage and arson,Investigation complete; no suspect identified,
e417217158bb4b343d100ccf492e88a7cbf007983f39282ff6c1e5d972df0ff0,2023-06,Surrey Police,Surrey Police,-0.101669,51.151538,On or near Parking Area,E01030819,Tandridge 011D,Public order,Unable to prosecute suspect,
0cc992dfd89a493817b7f54ac84bd1b1fb3fe1c2dbc7f4aacb998105f36112e3,2023-06,Surrey Police,Surrey Police,-0.132218,51.151734,On or near Green Lane,E01030819,Tandridge 011D,Violence and sexual offences,Unable to prosecute suspect,
a5d8eae70b578701609a268428875d4095a309b7e862a7ead79f513b272bf957,2023-06,Surrey Police,Surrey Police,-0.111558,51.161483,On or near Cross Lane,E01030819,Tandridge 011D,Violence and sexual offences,Unable to prosecute suspect,
4a0e9e0ece7d035e5b5d2510fd588ad75de3310d12398fb9c32c8809d92aca5b,2023-06,Surrey Police,Surrey Police,-0.111558,51.161483,On or near Cross Lane,E01030819,Tandridge 011D,Violence and sexual offences,Unable to prosecute suspect,
320d0a1cdff51203840f67e75432e71da50a581c0da3c3b5a18aaada1b2e0f84,2023-06,Surrey Police,Surrey Police,-0.132218,51.151734,On or near Green Lane,E01030819,Tandridge 011D,Violence and sexual offences,Further investigation is not in the public interest,
abfdc95362d752e99d1b4aded17ddc92561bb891ae080e87105fd8522558f857,2023-06,Surrey Police,Surrey Police,-0.132218,51.151734,On or near Green Lane,E01030819,Tandridge 011D,Violence and sexual offences,Investigation complete; no suspect identified,
34168cbb631cade37a725069e9664abdc50a3505af1b09c05e1b03eea9fe3e8d,2023-06,Surrey Police,Surrey Police,-0.101669,51.151538,On or near Parking Area,E01030819,Tandridge 011D,Violence and sexual offences,Unable to prosecute suspect,
f4443bba9db989752d9a171553145924c8f9513beccc19090b2eaebb42f76eac,2023-06,Surrey Police,Surrey Police,-0.111558,51.161483,On or near Cross Lane,E01030819,Tandridge 011D,Violence and sexual offences,Unable to prosecute suspect,
01b497aba2ab158cb88a78ab96cc463e8ecb5820c7bc88a5ee111d3e89d853e8,2023-06,Surrey Police,Surrey Police,-0.132218,51.151734,On or near Green Lane,E01030819,Tandridge 011D,Violence and sexual offences,Unable to prosecute suspect,
c7a4ac58a274f4215fdc4b3f4a9967e2b3a3bf12e371ed4fa463996cc55eafd5,2023-06,Surrey Police,Surrey Police,-0.132218,51.151734,On or near Green Lane,E01030819,Tandridge 011D,Violence and sexual offences,Unable to prosecute suspect,
,2023-06,Surrey Police,Surrey Police,-0.055421,51.144492,On or near Mill Lane,E01030823,Tandridge 011E,Anti-social behaviour,,
ddf1b6a9371e66829615173d9b3c693863fe33fa1a3f38b51136c5479cd8409b,2023-06,Surrey Police,Surrey Police,-0.046097,51.152341,On or near Heatherway,E01030823,Tandridge 011E,Burglary,Unable to prosecute suspect,
2cd101915008fa173c357450901a7465ad8690d2065079377dccceabf7eca359,2023-06,Surrey Police,Surrey Police,-0.089469,51.146762,On or near West Park Road,E01030823,Tandridge 011E,Violence and sexual offences,Status update unavailable,
f61094bebc67f7bb976827d56abba3f1c1bd49022bc17b6484992da90b63090c,2023-06,Surrey Police,Surrey Police,-0.014523,51.303441,On or near Broom Bank,E01030852,Tandridge 012A,Robbery,Investigation complete; no suspect identified,
8b8eccc80b9c6e075276cff6a0d239a863a4f18b93a7c69cd5461d10b38e21da,2023-06,Surrey Police,Surrey Police,-0.014523,51.303441,On or near Broom Bank,E01030852,Tandridge 012A,Violence and sexual offences,Investigation complete; no suspect identified,
,2023-06,Surrey Police,Surrey Police,-0.043874,51.326759,On or near Old Farleigh Road,E01030852,Tandridge 012A,Anti-social behaviour,,
5435d91b71d9d626f9e506957881f087439f14367e3a078632f06fb0361ae26f,2023-06,Surrey Police,Surrey Police,-0.038751,51.317986,On or near Daniels Lane,E01030852,Tandridge 012A,Criminal damage and arson,Investigation complete; no suspect identified,
12975574e62a4b475e5ceb4a18bd4a1c67d98937d1177c5cd3d65d816ea0656f,2023-06,Surrey Police,Surrey Police,-0.041021,51.318267,On or near Harrow Gardens,E01030852,Tandridge 012A,Drugs,Further investigation is not in the public interest,
b68b0d254dafc3d64857f7d47223d59184184f17bb872cf9c1397a462d0939fc,2023-06,Surrey Police,Surrey Police,-0.042479,51.319739,On or near Old Farleigh Road,E01030852,Tandridge 012A,Public order,Investigation complete; no suspect identified,
8c95a21045fd2fbcfeb2b63c2feabdcfe25dbf3739e0d0c71f74392f71e877e8,2023-06,Surrey Police,Surrey Police,-0.031852,51.313511,On or near Park/Open Space,E01030852,Tandridge 012A,Violence and sexual offences,Unable to prosecute suspect,
,2023-06,Surrey Police,Surrey Police,-0.058812,51.314282,On or near Crewe'S Lane,E01030853,Tandridge 012B,Anti-social behaviour,,
733877a2ea9eb038f04aa61b212b1aa67d56237d0c72914ea4a3a20ef7ab6a3a,2023-06,Surrey Police,Surrey Police,-0.055846,51.310447,On or near Spears Close,E01030853,Tandridge 012B,Burglary,Investigation complete; no suspect identified,
f7c96eab78ce144ceccafbd5633ca6ef0ace0e1491dc50ee00ee78d5428357e2,2023-06,Surrey Police,Surrey Police,-0.055658,51.309464,On or near The Green,E01030853,Tandridge 012B,Public order,Status update unavailable,
def1b10a9ff749c4ae16b48c625406ec0abdbbf399907e1627f6b28cb51bc1e3,2023-06,Surrey Police,Surrey Police,-0.054915,51.310063,On or near Glebe Road,E01030853,Tandridge 012B,Theft from the person,Status update unavailable,
8d2cd0b270dbe3e4993f5d3b945ae885d435543d976d429cc52e7fe39ddb95f5,2023-06,Surrey Police,Surrey Police,-0.061003,51.315749,On or near Verdayne Gardens,E01030853,Tandridge 012B,Violence and sexual offences,Investigation complete; no suspect identified,
,2023-06,Surrey Police,Surrey Police,-0.055436,51.312671,On or near Church Lane,E01030854,Tandridge 012C,Anti-social behaviour,,
,2023-06,Surrey Police,Surrey Police,-0.043432,51.309818,On or near Sunny Bank,E01030854,Tandridge 012C,Anti-social behaviour,,
fe67c3401c68f1e581309a950f9966fb8d4205474fe5a070d69778b0eb638641,2023-06,Surrey Police,Surrey Police,-0.042837,51.307614,On or near Supermarket,E01030854,Tandridge 012C,Public order,Investigation complete; no suspect identified,
9273a18d638e1af370f4534506338dff58510528701091dc0c8f5e0fe778ad3c,2023-06,Surrey Police,Surrey Police,-0.045715,51.310459,On or near Cranmer Close,E01030854,Tandridge 012C,Public order,Investigation complete; no suspect identified,
35f2f211e9ab44f09f771265f2aa6e543f9fbe918a4cd5d8a3224b18d975a2bb,2023-06,Surrey Police,Surrey Police,-0.046540,51.310967,On or near Cranmer Gardens,E01030854,Tandridge 012C,Robbery,Status update unavailable,
d58cb53501e0721d3bb2a9f4220b6df345fabeeb690007036d7d83e1c561f6a3,2023-06,Surrey Police,Surrey Police,-0.042837,51.307614,On or near Supermarket,E01030854,Tandridge 012C,Shoplifting,Investigation complete; no suspect identified,
f8b134a3cf1a4cc6647c25645b584cc02db340434e110c66105441fb70352ea0,2023-06,Surrey Police,Surrey Police,-0.042837,51.307614,On or near Supermarket,E01030854,Tandridge 012C,Shoplifting,Unable to prosecute suspect,
cee7dbc5f3e7a0b3097e638aa2e467b8ac36a68044cde17250c095f8dcc0c087,2023-06,Surrey Police,Surrey Police,-0.042837,51.307614,On or near Supermarket,E01030854,Tandridge 012C,Shoplifting,Investigation complete; no suspect identified,
4d7c9b8b5fbd292278e28a685dd6be2a357f33143281958610c3dea1b30f4e5c,2023-06,Surrey Police,Surrey Police,-0.049727,51.310588,On or near Park Lane,E01030854,Tandridge 012C,Vehicle crime,Investigation complete; no suspect identified,
dc4bea9693b11c61263f1a6f1cf49dfb45545696506b342e385a1ec93eb410b3,2023-06,Surrey Police,Surrey Police,-0.040433,51.306791,On or near Rogers Lane,E01030854,Tandridge 012C,Violence and sexual offences,Unable to prosecute suspect,
f91407ba0d7b7c154054b1a03a828a90a0b9a296996e4f25f25101f1d2ebefc8,2023-06,Surrey Police,Surrey Police,-0.043432,51.309818,On or near Sunny Bank,E01030854,Tandridge 012C,Violence and sexual offences,Local resolution,
bfb47919572111f585ff8a7ba8cc58191685135a2a20c924e1012c2c93a6e7ec,2023-06,Surrey Police,Surrey Police,0.025893,51.292739,On or near Vern Place,E01032571,Tandridge 012D,Public order,Unable to prosecute suspect,
c17be125f5d8dd6e6795d771f9d8998cbe3ee82feea7c53d08f04f428cb47446,2023-06,Surrey Police,Surrey Police,0.033667,51.306688,On or near Valley Mushroom Farm,E01032571,Tandridge 012D,Violence and sexual offences,Unable to prosecute suspect,
,2023-06,Surrey Police,Surrey Police,0.037031,51.271844,On or near Petrol Station,E01032571,Tandridge 012D,Anti-social behaviour,,
,2023-06,Surrey Police,Surrey Police,0.037031,51.271844,On or near Petrol Station,E01032571,Tandridge 012D,Anti-social behaviour,,
,2023-06,Surrey Police,Surrey Police,0.037031,51.271844,On or near Petrol Station,E01032571,Tandridge 012D,Anti-social behaviour,,
,2023-06,Surrey Police,Surrey Police,0.037031,51.271844,On or near Petrol Station,E01032571,Tandridge 012D,Anti-social behaviour,,
f001dd62ff9fa2f1306c5491c5f116a039ff4faa88f941e61fa9d7a0143f8f51,2023-06,Surrey Police,Surrey Police,0.037031,51.271844,On or near Petrol Station,E01032571,Tandridge 012D,Burglary,Investigation complete; no suspect identified,
5068d74a6dd9d02f7be7a26c25b5734140d026a38e6015c15c6ee1e1737797e8,2023-06,Surrey Police,Surrey Police,0.037031,51.271844,On or near Petrol Station,E01032571,Tandridge 012D,Other theft,Investigation complete; no suspect identified,
34ac998e2aabe26343aed05370f86e39babb29ab676b2222366f90b699d4edb0,2023-06,Surrey Police,Surrey Police,0.037031,51.271844,On or near Petrol Station,E01032571,Tandridge 012D,Other theft,Investigation complete; no suspect identified,
604ea3de16181fe9e404fae16b529dd9d2584a9869983207161addea2948e02e,2023-06,Surrey Police,Surrey Police,0.037031,51.271844,On or near Petrol Station,E01032571,Tandridge 012D,Other theft,Investigation complete; no suspect identified,
89c2709c2f83506d1886d6ed2872c7d8b90a3ad2f8ecf3b916674f8f9f611278,2023-06,Surrey Police,Surrey Police,0.037031,51.271844,On or near Petrol Station,E01032571,Tandridge 012D,Other theft,Investigation complete; no suspect identified,
afa38c02480dc5198962a98ce39cff77b109d98cab71483453f368513e85c25f,2023-06,Surrey Police,Surrey Police,0.024979,51.294140,On or near Wedgwoods,E01032571,Tandridge 012D,Public order,Local resolution,
12b57298f126f9c7e6c683f894f8b21f0f00fe657beb6c5ec7ce984c25b63ae3,2023-06,Surrey Police,Surrey Police,0.037031,51.271844,On or near Petrol Station,E01032571,Tandridge 012D,Public order,Investigation complete; no suspect identified,
83bc676df1c45bdce0c4eac5fff9312497b39ff2d18362cb9d831666004a386f,2023-06,Surrey Police,Surrey Police,0.037031,51.271844,On or near Petrol Station,E01032571,Tandridge 012D,Violence and sexual offences,Unable to prosecute suspect,
8db2aa4b2d0c5a433caf49c9066c343ee8dce6669fe816acd7551988e37fa208,2023-06,Surrey Police,Surrey Police,0.022563,51.294649,On or near Lusted Hall Lane,E01032571,Tandridge 012D,Violence and sexual offences,Unable to prosecute suspect,
851a1bf1cb553e3eb4f0022c36bfd8bc71a5e83fc909cc73f1826569aa1253ca,2023-06,Surrey Police,Surrey Police,0.033213,51.294465,On or near Barnfield Road,E01032571,Tandridge 012D,Violence and sexual offences,Status update unavailable,
01f4d1381a0a73872e5b5311c247d5be6ef4d81fcec125818dc1b8be09c61d40,2023-06,Surrey Police,Surrey Police,0.024979,51.294140,On or near Wedgwoods,E01032571,Tandridge 012D,Violence and sexual offences,Unable to prosecute suspect,
5a87c24781fae5967933e3d02ef9b58fe2a25b27b83b772c9294e023cd7c793f,2023-06,Surrey Police,Surrey Police,0.025855,51.295141,On or near Grove Road,E01032571,Tandridge 012D,Violence and sexual offences,Local resolution,
4795fdac4ab4b3e5fc8ad33e32830d81f447572d200c1f7ac5b0447feb29141f,2023-06,Surrey Police,Surrey Police,0.025855,51.295141,On or near Grove Road,E01032571,Tandridge 012D,Violence and sexual offences,Unable to prosecute suspect,
,2023-06,Surrey Police,Surrey Police,-0.790294,51.238120,On or near Alma Lane,E01030890,Waverley 001A,Anti-social behaviour,,
,2023-06,Surrey Police,Surrey Police,-0.790294,51.238120,On or near Alma Lane,E01030890,Waverley 001A,Anti-social behaviour,,
ee74ba1a968534c99c3e730061c087fde4f711aa29b2ca58ba6b3182317b64d6,2023-06,Surrey Police,Surrey Police,-0.790337,51.239227,On or near The Crescent,E01030890,Waverley 001A,Burglary,Status update unavailable,
b9e8f007f0cb9df3d1827af038c1904b177eba4c0c800c86099146c87cb99dc4,2023-06,Surrey Police,Surrey Police,-0.786373,51.239060,On or near Petrol Station,E01030890,Waverley 001A,Vehicle crime,Investigation complete; no suspect identified,
,2023-06,Surrey Police,Surrey Police,-0.776638,51.233968,On or near Weybourne Road,E01030902,Waverley 001B,Anti-social behaviour,,
,2023-06,Surrey Police,Surrey Police,-0.780726,51.230486,On or near Bullers Road,E01030902,Waverley 001B,Anti-social behaviour,,
670b1ac2bfbf8e1fec050f61d5f04264f4bbca35962ed6b87c6176dc144233a2,2023-06,Surrey Police,Surrey Police,-0.775656,51.232123,On or near Wentworth Close,E01030902,Waverley 001B,Criminal damage and arson,Investigation complete; no suspect identified,
0b31c7fa9cb99822b57e975b468c6d635796edcf868e9ab345a0600313572470,2023-06,Surrey Police,Surrey Police,-0.777402,51.230746,On or near Sports/Recreation Area,E01030902,Waverley 001B,Criminal damage and arson,Status update unavailable,
48bbd381186cc72adad86335d5f48922a525f6e1e4e53d9c55dae4f829dc6a3b,2023-06,Surrey Police,Surrey Police,-0.777402,51.230746,On or near Sports/Recreation Area,E01030902,Waverley 001B,Criminal damage and arson,Unable to prosecute suspect,
f2f74dcfe95906af1e891f454328bc75bff339fe50c4f958d417c2f82051cd60,2023-06,Surrey Police,Surrey Police,-0.777402,51.230746,On or near Sports/Recreation Area,E01030902,Waverley 001B,Criminal damage and arson,Unable to prosecute suspect,
514b8af8c448179642f718e35911375a50523ea0ee0e42c8547e4e0a3d242d7a,2023-06,Surrey Police,Surrey Police,-0.777402,51.230746,On or near Sports/Recreation Area,E01030902,Waverley 001B,Criminal damage and arson,Unable to prosecute suspect,
b6b2fb5d08b722a83b494b3ca5835db01c691b5464b47260a63d7369a58623a0,2023-06,Surrey Police,Surrey Police,-0.776073,51.234744,On or near B3007,E01030902,Waverley 001B,Violence and sexual offences,Action to be taken by another organisation,
e66ff0546686ba0f42c7fbd8db6a8e1b1dfcd9b797ef8b5d1fc1ad3286b2b48a,2023-06,Surrey Police,Surrey Police,-0.780726,51.230486,On or near Bullers Road,E01030902,Waverley 001B,Violence and sexual offences,Unable to prosecute suspect,
c849712e420046e1808e05bdaacfbb0a1e41db13d0bd8b54d781df5346e78f2c,2023-06,Surrey Police,Surrey Police,-0.771679,51.222793,On or near Hurlands Close,E01030903,Waverley 001C,Burglary,Investigation complete; no suspect identified,
bff7ae2f4d280e6fcba057dbc2b4f460f05092730ef48b792cefef03ba86ced6,2023-06,Surrey Police,Surrey Police,-0.769379,51.227426,On or near Crown Drive,E01030903,Waverley 001C,Burglary,Status update unavailable,
b744bdb499708022e2f807086c03ffe75a06d9408a84d4e7218e99b327d1d729,2023-06,Surrey Police,Surrey Police,-0.759917,51.229898,On or near St Georges Road,E01030903,Waverley 001C,Criminal damage and arson,Investigation complete; no suspect identified,
effe80a86c8dcf0b62f801449ee077045d5a240b6d4829543956c9ce1e4ece98,2023-06,Surrey Police,Surrey Police,-0.765233,51.225521,On or near Badshot Farm Lane,E01030903,Waverley 001C,Criminal damage and arson,Unable to prosecute suspect,
e420f79d46c8c1682b51291464d913dc6d6c40ee294685772bff4185033d3b82,2023-06,Surrey Police,Surrey Police,-0.766350,51.231945,On or near Glorney Mead,E01030903,Waverley 001C,Public order,Unable to prosecute suspect,
6b9ed40f2b76af737decc817911e9172a7177be85aae8ce9c3be1dae3c8832a0,2023-06,Surrey Police,Surrey Police,-0.759835,51.228702,On or near Skylark Place,E01030903,Waverley 001C,Vehicle crime,Investigation complete; no suspect identified,
328fa691536f7f851fa7bce4333cd70be0b7085dba98f915673d42ac46aff4fb,2023-06,Surrey Police,Surrey Police,-0.764213,51.232057,On or near Lower Weybourne Lane,E01030903,Waverley 001C,Vehicle crime,Investigation complete; no suspect identified,
caa9b0b64f6ba01189d6e18bafceb45c12d2822e2220368cdd00555b2a0504aa,2023-06,Surrey Police,Surrey Police,-0.766350,51.228195,On or near Pine View Close,E01030903,Waverley 001C,Violence and sexual offences,Unable to prosecute suspect,
cce2441e2f8253b7752ae7623658e821ff4ec9d04b6023f59ad3dd286a193dea,2023-06,Surrey Police,Surrey Police,-0.764213,51.232057,On or near Lower Weybourne Lane,E01030903,Waverley 001C,Violence and sexual offences,Further investigation is not in the public interest,
eea0a16827c83b46f352bf0eff10079c468eda81b570093c42f4122759f276cd,2023-06,Surrey Police,Surrey Police,-0.766350,51.231945,On or near Glorney Mead,E01030903,Waverley 001C,Violence and sexual offences,Investigation complete; no suspect identified,
c03a0c19be4b9e4e7e3d9cfa69a2011fd2adef9bed7933644e4e74738d453b7e,2023-06,Surrey Police,Surrey Police,-0.761748,51.229450,On or near Green Croft,E01030903,Waverley 001C,Violence and sexual offences,Unable to prosecute suspect,
f260bec6ddd6c8da0900ca6c4c8d92b20571a1d1df7c9c14d832770508774017,2023-06,Surrey Police,Surrey Police,-0.761748,51.229450,On or near Green Croft,E01030903,Waverley 001C,Violence and sexual offences,Unable to prosecute suspect,
178a417c70842ed97cbf77088ab1927e40c91d8350b22e7dc73b1fb148faa3ab,2023-06,Surrey Police,Surrey Police,-0.761185,51.230703,On or near Fern Lea,E01030903,Waverley 001C,Other crime,Further investigation is not in the public interest,
,2023-06,Surrey Police,Surrey Police,-0.780523,51.233829,On or near Newcome Road,E01030904,Waverley 001D,Anti-social behaviour,,
,2023-06,Surrey Police,Surrey Police,-0.778218,51.232726,On or near Mill Stream,E01030904,Waverley 001D,Anti-social behaviour,,
bed9e33274c49be4dedabe54c619dc51adddac299db3d4d7f2daf2448e2dccef,2023-06,Surrey Police,Surrey Police,-0.777421,51.232537,On or near Weybourne Road,E01030904,Waverley 001D,Burglary,Investigation complete; no suspect identified,
84adb807328729784c9a41ce7637f4eb262d8118e348cd7a1e06bb69725136d6,2023-06,Surrey Police,Surrey Police,-0.780523,51.233829,On or near Newcome Road,E01030904,Waverley 001D,Criminal damage and arson,Investigation complete; no suspect identified,
b8f39c3d1b70c05b3cb14e23fe6cd4d773a3745e3c0afb477ecc77210863d202,2023-06,Surrey Police,Surrey Police,-0.782088,51.235886,On or near Upper Weybourne Lane,E01030904,Waverley 001D,Vehicle crime,Investigation complete; no suspect identified,
cb51f725066758e5ebff0cbbc4a7be3f73d0e6159ab8f9d44d3550f58fc0c3a4,2023-06,Surrey Police,Surrey Police,-0.780523,51.233829,On or near Newcome Road,E01030904,Waverley 001D,Violence and sexual offences,Unable to prosecute suspect,
77db0a6a8a5b6c7b7a30ee014c688e28f4b4e4900c62183cfc22688219175d9c,2023-06,Surrey Police,Surrey Police,-0.780705,51.234550,On or near Courtenay Road,E01030904,Waverley 001D,Violence and sexual offences,Unable to prosecute suspect,
77be0863f8a336004043e0ffada4f6edad5c29a1a253cf3e8b2660e6095e7304,2023-06,Surrey Police,Surrey Police,-0.780523,51.233829,On or near Newcome Road,E01030904,Waverley 001D,Violence and sexual offences,Unable to prosecute suspect,
f09e017ba08d6c2d6669084b62e6477c71e83634445f9478182a3ffabb886999,2023-06,Surrey Police,Surrey Police,-0.782088,51.235886,On or near Upper Weybourne Lane,E01030904,Waverley 001D,Violence and sexual offences,Investigation complete; no suspect identified,
6dc801017ed86f12afbcaacf932bf784f9e8f4391a23e8daf68d8e4dc476bade,2023-06,Surrey Police,Surrey Police,-0.793424,51.237308,On or near Beam Hollow,E01030891,Waverley 002A,Burglary,Status update unavailable,
927e9d408f72e30dcffbc13fea4ff9c50fa78d09abbddeb0d67476650f4397a8,2023-06,Surrey Police,Surrey Police,-0.785414,51.234671,On or near Supermarket,E01030891,Waverley 002A,Public order,Court result unavailable,
43be1075d0570cde5ee15711942b04689600195655c145022998bf1990d305ee,2023-06,Surrey Police,Surrey Police,-0.785414,51.234671,On or near Supermarket,E01030891,Waverley 002A,Shoplifting,Court result unavailable,
e9a8391fa0e424ea52553e2247bf4c97941805b25d5251a77c7fd47072e0a50d,2023-06,Surrey Police,Surrey Police,-0.793363,51.234151,On or near Wood Road,E01030891,Waverley 002A,Violence and sexual offences,Unable to prosecute suspect,
7cf481eb1d919988689f7dc46880ac33f0a7ae81c5918a8351b2ef451e68c19f,2023-06,Surrey Police,Surrey Police,-0.785429,51.229752,On or near Fairview Gardens,E01030892,Waverley 002B,Criminal damage and arson,Investigation complete; no suspect identified,
1048101d812a521e0fb7982ea96456f8071d7bc7bd19803e8f6047b3da0e2e09,2023-06,Surrey Police,Surrey Police,-0.784598,51.229762,On or near Farnborough Road,E01030892,Waverley 002B,Violence and sexual offences,Investigation complete; no suspect identified,
5a07a0dabeaef7ba54f6f3f567fa9a0280f7a490707f62a3f607e35f9d0c6e32,2023-06,Surrey Police,Surrey Police,-0.786271,51.230408,On or near White Cottage Close,E01030892,Waverley 002B,Violence and sexual offences,Investigation complete; no suspect identified,
266dffc8ad1d9c43b22ce8aa8092b714a66ebfcdb809a2018cc2f7ae1a6ef481,2023-06,Surrey Police,Surrey Police,-0.784598,51.229762,On or near Farnborough Road,E01030892,Waverley 002B,Violence and sexual offences,Investigation complete; no suspect identified,
d1ae5a5a2c4183d6f34cb5a2fc595246ab77445415213236125471ef4f90cbd3,2023-06,Surrey Police,Surrey Police,-0.784598,51.229762,On or near Farnborough Road,E01030892,Waverley 002B,Violence and sexual offences,Unable to prosecute suspect,
,2023-06,Surrey Police,Surrey Police,-0.799564,51.232560,On or near Oaktrees,E01030899,Waverley 002C,Anti-social behaviour,,
fb52484678ee11d6bc4edca31030b0dcdb25295e0e9608adbeb493f038e3fbd1,2023-06,Surrey Police,Surrey Police,-0.798669,51.235014,On or near Queens Court,E01030899,Waverley 002C,Other theft,Investigation complete; no suspect identified,
bd766628290753e7327bec42de1b31fe130de18cce29daae8e31f9fc6dc3bfba,2023-06,Surrey Police,Surrey Police,-0.800869,51.234138,On or near Hereford Lane,E01030899,Waverley 002C,Shoplifting,Unable to prosecute suspect,
9281bab364c61266e6e1d3b6ed3052ae35782b28d942434d894d571ec8954170,2023-06,Surrey Police,Surrey Police,-0.808142,51.234293,On or near Newmans Court,E01030899,Waverley 002C,Violence and sexual offences,Unable to prosecute suspect,
,2023-06,Surrey Police,Surrey Police,-0.810795,51.233610,On or near High Copse,E01030900,Waverley 002D,Anti-social behaviour,,
,2023-06,Surrey Police,Surrey Police,-0.802354,51.237633,On or near Sandy Hill Road,E01030900,Waverley 002D,Anti-social behaviour,,
,2023-06,Surrey Police,Surrey Police,-0.802354,51.237633,On or near Sandy Hill Road,E01030900,Waverley 002D,Anti-social behaviour,,
,2023-06,Surrey Police,Surrey Police,-0.810546,51.234929,On or near Lawday Link,E01030900,Waverley 002D,Anti-social behaviour,,
,2023-06,Surrey Police,Surrey Police,-0.802354,51.237633,On or near Sandy Hill Road,E01030900,Waverley 002D,Anti-social behaviour,,
,2023-06,Surrey Police,Surrey Police,-0.802354,51.237633,On or near Sandy Hill Road,E01030900,Waverley 002D,Anti-social behaviour,,
0c3154709983757e44deccd8c8d82d590ba902b7814978d4d92656ecd1288b90,2023-06,Surrey Police,Surrey Police,-0.808464,51.229000,On or near Armsworth Way,E01030900,Waverley 002D,Other theft,Investigation complete; no suspect identified,
326afa66942caba79efca955f222494a4c4ee9acb1650946fb75b982feee3105,2023-06,Surrey Police,Surrey Police,-0.816580,51.235350,On or near Odiham Road,E01030900,Waverley 002D,Vehicle crime,Investigation complete; no suspect identified,
6f263d6fba8cda9164c73b0aa0b1ff11ef92441143bd5b049bfdbb0922c2e4db,2023-06,Surrey Police,Surrey Police,-0.808464,51.229000,On or near Armsworth Way,E01030900,Waverley 002D,Vehicle crime,Investigation complete; no suspect identified,
38a2818e12d5d461470990a16ae5c2650df33196637b0ff6b0abace66f5db9c4,2023-06,Surrey Police,Surrey Police,-0.810795,51.233610,On or near High Copse,E01030900,Waverley 002D,Violence and sexual offences,Unable to prosecute suspect,
,2023-06,Surrey Police,Surrey Police,-0.798530,51.238169,On or near Sturt Road,E01030901,Waverley 002E,Anti-social behaviour,,
,2023-06,Surrey Police,Surrey Police,-0.798530,51.238169,On or near Sturt Road,E01030901,Waverley 002E,Anti-social behaviour,,
,2023-06,Surrey Police,Surrey Police,-0.798530,51.238169,On or near Sturt Road,E01030901,Waverley 002E,Anti-social behaviour,,
8a99620686543fa214efd76d5b1dcde43348d472eeead8ef3c61c709cf15c8e1,2023-06,Surrey Police,Surrey Police,-0.803734,51.236883,On or near Eton Place,E01030901,Waverley 002E,Criminal damage and arson,Investigation complete; no suspect identified,
b01455bf91d6be6fe08fa6c73926514ddbc439c12ec00507265a758a67cf00c5,2023-06,Surrey Police,Surrey Police,-0.798163,51.236844,On or near Alwin Place,E01030901,Waverley 002E,Criminal damage and arson,Investigation complete; no suspect identified,
1d274603532452dc4c8a0bb269f52941053fcf024c35ee2d9c606aad1cb585f0,2023-06,Surrey Police,Surrey Police,-0.797423,51.236126,On or near Alma Lane,E01030901,Waverley 002E,Other theft,Investigation complete; no suspect identified,
45d9c913425e3221338d4c24127a79e6398d5df3156c05c33b558f03882ec9c3,2023-06,Surrey Police,Surrey Police,-0.799529,51.236651,On or near Perry Way,E01030901,Waverley 002E,Violence and sexual offences,Unable to prosecute suspect,
98f0ce56a42ad1b99bb124e41b96d8f637c91bb286b73e1b7e46d2eda91bde0d,2023-06,Surrey Police,Surrey Police,-0.800509,51.237533,On or near Macdonald Road,E01030901,Waverley 002E,Violence and sexual offences,Unable to prosecute suspect,
,2023-06,Surrey Police,Surrey Police,-0.812700,51.211337,On or near The Chantrys,E01030884,Waverley 003A,Anti-social behaviour,,
,2023-06,Surrey Police,Surrey Police,-0.805230,51.213401,On or near College Gardens,E01030884,Waverley 003A,Anti-social behaviour,,
,2023-06,Surrey Police,Surrey Police,-0.808105,51.211326,On or near West Street,E01030884,Waverley 003A,Anti-social behaviour,,
,2023-06,Surrey Police,Surrey Police,-0.811009,51.210852,On or near Montague Mews,E01030884,Waverley 003A,Anti-social behaviour,,
dc8f036994992a3086b19a202b0b2fcabc7a0681c7f895bf371668b770f6dac9,2023-06,Surrey Police,Surrey Police,-0.797057,51.211690,On or near Bridge Square,E01030884,Waverley 003A,Criminal damage and arson,Investigation complete; no suspect identified,
f043ba6c80b72d47d39ee675b22e165816197f9e81c73632afaeb7daa9de9eef,2023-06,Surrey Police,Surrey Police,-0.812700,51.211337,On or near The Chantrys,E01030884,Waverley 003A,Criminal damage and arson,Investigation complete; no suspect identified,
9a487bd895984135f8659c55aecee194644b41f5f4085cf73ce55acf7faebf16,2023-06,Surrey Police,Surrey Police,-0.812700,51.211337,On or near The Chantrys,E01030884,Waverley 003A,Criminal damage and arson,Court result unavailable,
417abc2e9fa7d8bb644acb0b797f02b5af1f113643933f0f300a72d412c709d4,2023-06,Surrey Police,Surrey Police,-0.812700,51.211337,On or near The Chantrys,E01030884,Waverley 003A,Possession of weapons,Status update unavailable,
aca560455e5559ada251f24f94bf73eab3ad0b1e338cd90e27abbc8dcd2e05ee,2023-06,Surrey Police,Surrey Police,-0.811009,51.210852,On or near Montague Mews,E01030884,Waverley 003A,Public order,Unable to prosecute suspect,
63540c5e3d2e2ff103ddb566ddac2d6a42e7a534ca891fed66adcef5df2b6a6a,2023-06,Surrey Police,Surrey Police,-0.799346,51.212846,On or near Parking Area,E01030884,Waverley 003A,Public order,Investigation complete; no suspect identified,
b0acc9d7e028ba1dc3b85caf9aa38728f450754b5694a2adca3322397b960776,2023-06,Surrey Police,Surrey Police,-0.804767,51.211409,On or near Pengilly Road,E01030884,Waverley 003A,Public order,Unable to prosecute suspect,
44e8a1580c818b29146ce92a9e858d976a3bd964960e8d265f38cbf92550395a,2023-06,Surrey Police,Surrey Police,-0.813165,51.210496,On or near Coxbridge Meadows,E01030884,Waverley 003A,Public order,Status update unavailable,
3a805a6dce88b365c94beae943054068307addea2bafccff51536bd9114a2b3a,2023-06,Surrey Police,Surrey Police,-0.797057,51.211690,On or near Bridge Square,E01030884,Waverley 003A,Vehicle crime,Investigation complete; no suspect identified,
c88efdf224867ba9db847609d9bc0b93b9c1f49be68893c9bceea807a7df9dc7,2023-06,Surrey Police,Surrey Police,-0.811009,51.210852,On or near Montague Mews,E01030884,Waverley 003A,Violence and sexual offences,Unable to prosecute suspect,
383fd136569fa48bf4398de8cba114ba056bcb962d7377c97dfee4699370039f,2023-06,Surrey Police,Surrey Police,-0.808105,51.211326,On or near West Street,E01030884,Waverley 003A,Violence and sexual offences,Unable to prosecute suspect,
142eb0f4c3e5fd2e6bb42aeff41770563439ce12fbe0521174bb4567acd28ca2,2023-06,Surrey Police,Surrey Police,-0.811009,51.210852,On or near Montague Mews,E01030884,Waverley 003A,Violence and sexual offences,Unable to prosecute suspect,
a378672796bbbdbbb6bd02ba688d3abf61114ae360eb26a602025dff72286984,2023-06,Surrey Police,Surrey Police,-0.804767,51.211409,On or near Pengilly Road,E01030884,Waverley 003A,Violence and sexual offences,Unable to prosecute suspect,
141b567f691965e3e1694610c08e81ad65c2571055d6cdc9be6c75cf016250e7,2023-06,Surrey Police,Surrey Police,-0.812700,51.211337,On or near The Chantrys,E01030884,Waverley 003A,Violence and sexual offences,Unable to prosecute suspect,
f45256751f3047b2bb1489c60e2422805035b32ec825b30ac8fe61f77fbe7979,2023-06,Surrey Police,Surrey Police,-0.811009,51.210852,On or near Montague Mews,E01030884,Waverley 003A,Violence and sexual offences,Unable to prosecute suspect,
cc06cf6f44ff1a5ce2da2a9d2404759f7e6fd1a20c9c3fd3553e6670186820a8,2023-06,Surrey Police,Surrey Police,-0.813165,51.210496,On or near Coxbridge Meadows,E01030884,Waverley 003A,Violence and sexual offences,Unable to prosecute suspect,
d660f963580173a1ce8bf4b211f286610675a9a664c6ffd4cad8e62d759a1637,2023-06,Surrey Police,Surrey Police,-0.812700,51.211337,On or near The Chantrys,E01030884,Waverley 003A,Violence and sexual offences,Unable to prosecute suspect,
222807d38980abf29e112ccb3df8eacc17a7663c659a6ff4fccc98344ae4281f,2023-06,Surrey Police,Surrey Police,-0.813165,51.210496,On or near Coxbridge Meadows,E01030884,Waverley 003A,Other crime,Unable to prosecute suspect,
,2023-06,Surrey Police,Surrey Police,-0.796478,51.215209,On or near Supermarket,E01030885,Waverley 003B,Anti-social behaviour,,
,2023-06,Surrey Police,Surrey Police,-0.795571,51.212142,On or near Abbey Street,E01030885,Waverley 003B,Anti-social behaviour,,
,2023-06,Surrey Police,Surrey Police,-0.796478,51.215209,On or near Supermarket,E01030885,Waverley 003B,Anti-social behaviour,,
,2023-06,Surrey Police,Surrey Police,-0.798204,51.213824,On or near Parking Area,E01030885,Waverley 003B,Anti-social behaviour,,
0334baf8a1f3154c46949db93ca30ac91c9418713a026816d1a229008cc06130,2023-06,Surrey Police,Surrey Police,-0.797761,51.215447,On or near A325,E01030885,Waverley 003B,Bicycle theft,Investigation complete; no suspect identified,
ca1bfe3ca25944ff73890ee0abf3fe59fdc0a4edf7268a91d7ab9ea1591b0cfa,2023-06,Surrey Police,Surrey Police,-0.797375,51.213770,On or near Victoria Road,E01030885,Waverley 003B,Burglary,Status update unavailable,
babcbd5f72de767b9ae66607a432646574245d22b704d8bfdb4ad20ec153acd0,2023-06,Surrey Police,Surrey Police,-0.805577,51.214951,On or near Falkner Road,E01030885,Waverley 003B,Criminal damage and arson,Unable to prosecute suspect,
ae8ea8410194ef62874ae1e04b7ae27fab58f128f69442297c954a1a994dcb90,2023-06,Surrey Police,Surrey Police,-0.805577,51.214951,On or near Falkner Road,E01030885,Waverley 003B,Criminal damage and arson,Unable to prosecute suspect,
65df04d31160d7651772f1662b02cc447fd3fc74d8537786f3d6ed9562a847fe,2023-06,Surrey Police,Surrey Police,-0.805577,51.214951,On or near Falkner Road,E01030885,Waverley 003B,Criminal damage and arson,Unable to prosecute suspect,
30eee2fc252de49e2c3d5ae9e59fceedb6bba24515a5bb8905d66cdc0b4ee68d,2023-06,Surrey Police,Surrey Police,-0.808494,51.215656,On or near Ribston Road,E01030885,Waverley 003B,Criminal damage and arson,Investigation complete; no suspect identified,
c21058e0dbdd1a84f30755c21a9090e98f9a0da399bc9e7400c5278a44054373,2023-06,Surrey Police,Surrey Police,-0.805577,51.214951,On or near Falkner Road,E01030885,Waverley 003B,Criminal damage and arson,Unable to prosecute suspect,
e7ee2547cda60b4bf3898a08e0d987fca012cb6fc506c7d571653cb6f8a045b5,2023-06,Surrey Police,Surrey Police,-0.797761,51.215447,On or near A325,E01030885,Waverley 003B,Other theft,Investigation complete; no suspect identified,
2795e168df9ee2371e80a18bb04c4f91cd4fbe1d0fb20a07402856a6ca451177,2023-06,Surrey Police,Surrey Police,-0.799702,51.216771,On or near Park Row,E01030885,Waverley 003B,Other theft,Investigation complete; no suspect identified,
04da1058d33a432ad88c66ac5c18d5ae0519e01a27e2e7de25b37ba9e08e197d,2023-06,Surrey Police,Surrey Police,-0.796478,51.215209,On or near Supermarket,E01030885,Waverley 003B,Public order,Court result unavailable,
8d442bf53638a92f7bfbd6847b902f66a45cdc8922d0a40a682d6dffbfffb237,2023-06,Surrey Police,Surrey Police,-0.796478,51.215209,On or near Supermarket,E01030885,Waverley 003B,Public order,Further investigation is not in the public interest,
3e2d3b264c047dc76c0808c6a031afa5ea7097089b10ecc2a1b179bf4fd80183,2023-06,Surrey Police,Surrey Police,-0.797375,51.213770,On or near Victoria Road,E01030885,Waverley 003B,Public order,Investigation complete; no suspect identified,
31f2a632bfaf42183e497115a572fe95cb05abfe2c3016c854251926e56e59c8,2023-06,Surrey Police,Surrey Police,-0.797761,51.215447,On or near A325,E01030885,Waverley 003B,Public order,Unable to prosecute suspect,
78224294b0ea2c0ac35c498b7ccdf6b5f408af65185e45bdbb0ba2d5bd786bc3,2023-06,Surrey Police,Surrey Police,-0.798730,51.215070,On or near The Borough,E01030885,Waverley 003B,Public order,Court result unavailable,
58eea4121c434ded12be7b1b83b28f72be2900ac042ea44ff647d9818f409719,2023-06,Surrey Police,Surrey Police,-0.800522,51.214414,On or near A325,E01030885,Waverley 003B,Shoplifting,Investigation complete; no suspect identified,
16f670ef1c5abc9e5eade732603132e4450147a68f93cf91d4050dcc2f839a55,2023-06,Surrey Police,Surrey Police,-0.798730,51.215070,On or near The Borough,E01030885,Waverley 003B,Shoplifting,Court result unavailable,
091bc7ad443d0dad3ebdf47f404c3b4c451efbc11abdfd881f8bc508fc3f0e05,2023-06,Surrey Police,Surrey Police,-0.799850,51.216044,On or near Castle Street,E01030885,Waverley 003B,Theft from the person,Investigation complete; no suspect identified,
b9fc9f0ccc611d0595d87475564f71c012dc64bb802891a8492768c16b0a24d2,2023-06,Surrey Police,Surrey Police,-0.799327,51.214150,On or near Ivy Lane,E01030885,Waverley 003B,Theft from the person,Investigation complete; no suspect identified,
784878f9ff003f4d15e4c343d6bf83438c97dffe775c5a25f972b17d35e14d8c,2023-06,Surrey Police,Surrey Police,-0.802076,51.218566,On or near Conference/Exhibition Centre,E01030885,Waverley 003B,Vehicle crime,Investigation complete; no suspect identified,
fb5276edb413ab23bc79d5d057e9767f31de1d7a702eacab98a879074af5a999,2023-06,Surrey Police,Surrey Police,-0.796478,51.215209,On or near Supermarket,E01030885,Waverley 003B,Violence and sexual offences,Unable to prosecute suspect,
58564524107e4492ea20c03e8d6297eea780f15cd6641ffb7761f9ce4bbb2d5f,2023-06,Surrey Police,Surrey Police,-0.805577,51.214951,On or near Falkner Road,E01030885,Waverley 003B,Violence and sexual offences,Unable to prosecute suspect,
087f6263b8bd6dad77d80fe1eb8d7be8d9419a18de7ad7e2d1ac51a52db4246e,2023-06,Surrey Police,Surrey Police,-0.796767,51.213476,On or near Union Road,E01030885,Waverley 003B,Violence and sexual offences,Investigation complete; no suspect identified,
aabeaecf5b0b80efe2d82bef49b358c1781a12cc613539a96134bbfef36d4a78,2023-06,Surrey Police,Surrey Police,-0.795571,51.212142,On or near Abbey Street,E01030885,Waverley 003B,Violence and sexual offences,Further investigation is not in the public interest,
7ce5e43fdbfa067456c32f4d76598d2f6237dc460350ebc90c35f8223af89dd4,2023-06,Surrey Police,Surrey Police,-0.800813,51.215901,On or near Long Garden Walk East,E01030885,Waverley 003B,Violence and sexual offences,Court result unavailable,
e12015ff037224b2d0afbee0e506a16a30b791844bb634e4037bef7e2eb69827,2023-06,Surrey Police,Surrey Police,-0.800813,51.215901,On or near Long Garden Walk East,E01030885,Waverley 003B,Violence and sexual offences,Court result unavailable,
542a0a2aeb7dba9d51aa89825c993a80b4ee350ca517284f912febaec767dac5,2023-06,Surrey Police,Surrey Police,-0.800563,51.215611,On or near Long Garden Walk,E01030885,Waverley 003B,Violence and sexual offences,Status update unavailable,
63d892ab57f51f84699f20fa8e2a8dfd9d7880877e3f5b7c99358263939b5013,2023-06,Surrey Police,Surrey Police,-0.797375,51.213770,On or near Victoria Road,E01030885,Waverley 003B,Violence and sexual offences,Unable to prosecute suspect,
adfd782a3f722a5c27db857bf5ba1c87dc36765ccff74b6137eef507f2cab0e5,2023-06,Surrey Police,Surrey Police,-0.797168,51.212365,On or near Long Bridge,E01030885,Waverley 003B,Violence and sexual offences,Unable to prosecute suspect,
d3578689e999748c5e058adccc8ef3c3db7cb4a0bc70257b822e804d7d7aaebd,2023-06,Surrey Police,Surrey Police,-0.796478,51.215209,On or near Supermarket,E01030885,Waverley 003B,Violence and sexual offences,Investigation complete; no suspect identified,
6f6dbf562491a7a27ee9fb11d73d99ee52befaaff51c37c513353f379c5e29e4,2023-06,Surrey Police,Surrey Police,-0.798730,51.215070,On or near The Borough,E01030885,Waverley 003B,Violence and sexual offences,Court result unavailable,
345a89ea0611b9afd14c7e7825b334cedefc8a716e31de30e19eea82da623bd5,2023-06,Surrey Police,Surrey Police,-0.796767,51.213476,On or near Union Road,E01030885,Waverley 003B,Violence and sexual offences,Further action is not in the public interest,
cf83e0349ef559053d951538dda7aeff02862b8d7e4cda760e5ba9a0ab984cdb,2023-06,Surrey Police,Surrey Police,-0.837944,51.203219,On or near Chamber Lane,E01030886,Waverley 003C,Drugs,Investigation complete; no suspect identified,
,2023-06,Surrey Police,Surrey Police,-0.782462,51.220621,On or near Willbury Road,E01030893,Waverley 003D,Anti-social behaviour,,
,2023-06,Surrey Police,Surrey Police,-0.785123,51.221242,On or near Osborn Road,E01030893,Waverley 003D,Anti-social behaviour,,
,2023-06,Surrey Police,Surrey Police,-0.783967,51.223820,On or near Hale Road,E01030893,Waverley 003D,Anti-social behaviour,,
ce8cb819b32c33801235d8bce33a5610c344d79e535a0b8829ab089da29c5b85,2023-06,Surrey Police,Surrey Police,-0.782222,51.222129,On or near Roman Way,E01030893,Waverley 003D,Drugs,Local resolution,
c19a631687da949b47809569576bd1824ed7a9ab638bb309a8493f3a6dd7c5d9,2023-06,Surrey Police,Surrey Police,-0.785597,51.220636,On or near B3007,E01030893,Waverley 003D,Other theft,Investigation complete; no suspect identified,
c23b10526bc15b96d10b57f3e6e42375d94701d947d8295f6b80812ad9fdae0d,2023-06,Surrey Police,Surrey Police,-0.782222,51.222129,On or near Roman Way,E01030893,Waverley 003D,Other theft,Investigation complete; no suspect identified,
97984ad4875dbb8015fe5c4e0bc3c592be2ee6064a425b4eaeca2518c63d45ae,2023-06,Surrey Police,Surrey Police,-0.785597,51.220636,On or near B3007,E01030893,Waverley 003D,Other theft,Investigation complete; no suspect identified,
8058e15224d3fe1148c441b4344bb6986695325b0c0796e45858ab1e5c993ae9,2023-06,Surrey Police,Surrey Police,-0.785597,51.220636,On or near B3007,E01030893,Waverley 003D,Other theft,Investigation complete; no suspect identified,
b4ebfd1c01774184b354b7a7dfc0a7a06feb6e9582cf4c9272b3e2e0cb247c2f,2023-06,Surrey Police,Surrey Police,-0.783606,51.223377,On or near Petrol Station,E01030893,Waverley 003D,Other theft,Investigation complete; no suspect identified,
add2cb9f24c100e401201b8612aec3cb65d276fb2da3c6804a6d729347b01e3d,2023-06,Surrey Police,Surrey Police,-0.783606,51.223377,On or near Petrol Station,E01030893,Waverley 003D,Other theft,Court result unavailable,
a1c1f1bd90d6673c9ba003b67494df830dfdff16bc6a9e2ad3118ac8d627207b,2023-06,Surrey Police,Surrey Police,-0.785586,51.219449,On or near Forge Close,E01030893,Waverley 003D,Vehicle crime,Investigation complete; no suspect identified,
7422570831c6dae5cf54af853798af21cc3386cb0a04407902b65573b95ec767,2023-06,Surrey Police,Surrey Police,-0.778669,51.220546,On or near Moor Park Lane,E01030893,Waverley 003D,Violence and sexual offences,Unable to prosecute suspect,
83e79652b6ae2bcdb3bb0775bdac15125884c281750f3415caec60cf958787e4,2023-06,Surrey Police,Surrey Police,-0.785597,51.220636,On or near B3007,E01030893,Waverley 003D,Violence and sexual offences,Unable to prosecute suspect,
,2023-06,Surrey Police,Surrey Police,-0.792120,51.217610,On or near Parking Area,E01030895,Waverley 003E,Anti-social behaviour,,
,2023-06,Surrey Police,Surrey Police,-0.794233,51.215671,On or near Parking Area,E01030895,Waverley 003E,Anti-social behaviour,,
,2023-06,Surrey Police,Surrey Police,-0.787360,51.218415,On or near Kimbers Lane,E01030895,Waverley 003E,Anti-social behaviour,,
17020c4784bd81b567696f3937db9f17b0fbc0edafdd93d227be49ee5085002d,2023-06,Surrey Police,Surrey Police,-0.794233,51.215671,On or near Parking Area,E01030895,Waverley 003E,Other theft,Investigation complete; no suspect identified,
dca50afc60b0693868b4e6587c45ed76abecb0f67a2cda1eac3c419b6bc3886a,2023-06,Surrey Police,Surrey Police,-0.792120,51.217610,On or near Parking Area,E01030895,Waverley 003E,Vehicle crime,Investigation complete; no suspect identified,
5ecee93d556de08fdf56a3d0494f8f55af022a6bf41ff760184050192e900d9e,2023-06,Surrey Police,Surrey Police,-0.794417,51.216860,On or near Supermarket,E01030895,Waverley 003E,Violence and sexual offences,Status update unavailable,
18c44ff267a2855252a1c057ed7916cc3b51dc8adc7952baa17750001450da2e,2023-06,Surrey Police,Surrey Police,-0.792491,51.216031,On or near Weybank Close,E01030895,Waverley 003E,Violence and sexual offences,Further investigation is not in the public interest,
26d5bb389cb4e5e70919353b3e605fa692e51110cc3f5e77d25647ffb61f152f,2023-06,Surrey Police,Surrey Police,-0.795900,51.218728,On or near Wykeham Road,E01030895,Waverley 003E,Violence and sexual offences,Further investigation is not in the public interest,
faf07313f32829a9b888921a3673410e249120065cfacd1f7e7f5fbca66b788c,2023-06,Surrey Police,Surrey Police,-0.795900,51.218728,On or near Wykeham Road,E01030895,Waverley 003E,Other crime,Further investigation is not in the public interest,
0fb1c2b59f421c57f0e296a8707fdbedd65d47035fcb75d589330e318b370710,2023-06,Surrey Police,Surrey Police,-0.795900,51.218728,On or near Wykeham Road,E01030895,Waverley 003E,Other crime,Further investigation is not in the public interest,
,2023-06,Surrey Police,Surrey Police,-0.784829,51.195962,On or near Dene Walk,E01030881,Waverley 004A,Anti-social behaviour,,
,2023-06,Surrey Police,Surrey Police,-0.805596,51.189863,On or near Gardener'S Hill Road,E01030881,Waverley 004A,Anti-social behaviour,,
4061c66dca39c06bbbd03edff7d2f671a46bae1b97a21b670079fcbfe3a591a2,2023-06,Surrey Police,Surrey Police,-0.805596,51.189863,On or near Gardener'S Hill Road,E01030881,Waverley 004A,Criminal damage and arson,Investigation complete; no suspect identified,
bce6966b95ba74db5f95680460b885d3aa8ea3f444c1f385bacd8afd3d46fd71,2023-06,Surrey Police,Surrey Police,-0.788785,51.190275,On or near Combe Rise,E01030881,Waverley 004A,Violence and sexual offences,Investigation complete; no suspect identified,
f87195604903517b7e03e98ef45cafbe7538f4990af98331c859c987d71236d6,2023-06,Surrey Police,Surrey Police,-0.796557,51.182531,On or near Hillside Road,E01030881,Waverley 004A,Violence and sexual offences,Further action is not in the public interest,
640f9b5d82021059343b0cf0372a703053f362acc5fae5c91979cf03ee5efba6,2023-06,Surrey Police,Surrey Police,-0.792397,51.198270,On or near Fox Road,E01030883,Waverley 004B,Criminal damage and arson,Status update unavailable,
0dfba5f23d909cb8d43f6d58d62b1f37a96b0851d350a76abecaca8745949432,2023-06,Surrey Police,Surrey Police,-0.792397,51.198270,On or near Fox Road,E01030883,Waverley 004B,Public order,Unable to prosecute suspect,
4a20c49693a85bdf6cbe39dd3f7e0c18869ada9845e20094778b9b72e3c208d4,2023-06,Surrey Police,Surrey Police,-0.780234,51.200869,On or near Bourne Grove Close,E01030883,Waverley 004B,Violence and sexual offences,Local resolution,
e115e3d19a039cf8a267160459a649642b3331921e780b8d75d5c56128d0fe82,2023-06,Surrey Police,Surrey Police,-0.795545,51.208176,On or near Firgrove Hill,E01030888,Waverley 004C,Burglary,Status update unavailable,
c5ec713a0974664ab155d29f2580ef5fdbf205a0489bc011f6c73d0ba29a0b19,2023-06,Surrey Police,Surrey Police,-0.792482,51.212551,On or near Petrol Station,E01030888,Waverley 004C,Other theft,Investigation complete; no suspect identified,
4787d7e04bb3a43a15f12320204c40cea700a1f06d9f574cae46f1afbe969ed8,2023-06,Surrey Police,Surrey Police,-0.792482,51.212551,On or near Petrol Station,E01030888,Waverley 004C,Other theft,Investigation complete; no suspect identified,
c28c5f0735efbbfe40baa879f077e1ed2847ec5f1ba0f0ebd0f7d5e26c5cb8cc,2023-06,Surrey Police,Surrey Police,-0.795545,51.208176,On or near Firgrove Hill,E01030888,Waverley 004C,Robbery,Investigation complete; no suspect identified,
c39528b422e01b7f3ccee7e948b100bf2262980d4f95dc9cdd2055b5124b4861,2023-06,Surrey Police,Surrey Police,-0.793473,51.210223,On or near Wessex Place,E01030888,Waverley 004C,Vehicle crime,Investigation complete; no suspect identified,
5b1ff3929978904e4d0ab74e154ec8f0ab19d98fd1f3f5007649088789f02fb0,2023-06,Surrey Police,Surrey Police,-0.792960,51.212331,On or near Station Hill,E01030888,Waverley 004C,Violence and sexual offences,Investigation complete; no suspect identified,
6225f0b7a551431eebce1a7d216e4e7ba82f64903e8a45dcbbf28ef9f41ecde8,2023-06,Surrey Police,Surrey Police,-0.795545,51.208176,On or near Firgrove Hill,E01030888,Waverley 004C,Violence and sexual offences,Unable to prosecute suspect,
d58e2294d35493a896febc7a6b0ab12cbf65aac669ccf174c6d116793b223817,2023-06,Surrey Police,Surrey Police,-0.792482,51.212551,On or near Petrol Station,E01030888,Waverley 004C,Violence and sexual offences,Investigation complete; no suspect identified,
a3d7523f219adc3dc5836bde67579bd19326971ebf82b96fe57a0ac301e3660f,2023-06,Surrey Police,Surrey Police,-0.795545,51.208176,On or near Firgrove Hill,E01030888,Waverley 004C,Violence and sexual offences,Unable to prosecute suspect,
,2023-06,Surrey Police,Surrey Police,-0.754794,51.218073,On or near Brookley Close,E01030894,Waverley 004D,Anti-social behaviour,,
c52281486fbb572ede3414569e7ec8d60b4c02ea4db796850400f7ab8297d374,2023-06,Surrey Police,Surrey Police,-0.758199,51.210726,On or near Compton Way,E01030894,Waverley 004D,Burglary,Status update unavailable,
67d051c50090db714971b72e1b84d0fdefd55e989eb0d46ea580ccb42571a946,2023-06,Surrey Police,Surrey Police,-0.767394,51.220760,On or near Guildford Road,E01030894,Waverley 004D,Criminal damage and arson,Status update unavailable,
8ff05573831fc6e4819f23ff67272807a36619a35dae0071bea86e028b659f9e,2023-06,Surrey Police,Surrey Police,-0.768173,51.214105,On or near Moor Park Lane,E01030894,Waverley 004D,Other theft,Investigation complete; no suspect identified,
181bcfa5e14007593a865701e7f0f850664c1377a3f73383c5b260f624eed001,2023-06,Surrey Police,Surrey Police,-0.753306,51.220674,On or near Guildford Road,E01030894,Waverley 004D,Public order,Further investigation is not in the public interest,
f7475119836399dd876bbeaf375fdf38f0885986d903581d715218e80e9617c4,2023-06,Surrey Police,Surrey Police,-0.753306,51.220674,On or near Guildford Road,E01030894,Waverley 004D,Public order,Further investigation is not in the public interest,
d99f118062f580a5a632eee1a04de301c5ef9d570195abd5a26ded23289f3d6f,2023-06,Surrey Police,Surrey Police,-0.753306,51.220674,On or near Guildford Road,E01030894,Waverley 004D,Violence and sexual offences,Further investigation is not in the public interest,
,2023-06,Surrey Police,Surrey Police,-0.611849,51.197599,On or near Farncombe Hill,E01030911,Waverley 005A,Anti-social behaviour,,
,2023-06,Surrey Police,Surrey Police,-0.606798,51.200416,On or near Combe Road,E01030911,Waverley 005A,Anti-social behaviour,,
2c24cc04e629b5343f77f880e6d9e82655fc2c4acb31ff95b1f9c82ee7c6d8ad,2023-06,Surrey Police,Surrey Police,-0.611599,51.198288,On or near Hall Close,E01030911,Waverley 005A,Criminal damage and arson,Investigation complete; no suspect identified,
00093f9880c9e79af93cf229383b86bc4c9a230a0c184aad2738e4713e5d13de,2023-06,Surrey Police,Surrey Police,-0.605237,51.202322,On or near Elm Road,E01030911,Waverley 005A,Public order,Investigation complete; no suspect identified,
dc3212354931218abdf41ddd07af31f97e5892396e169d94f52ab96c856a5cd5,2023-06,Surrey Police,Surrey Police,-0.611849,51.197599,On or near Farncombe Hill,E01030911,Waverley 005A,Public order,Investigation complete; no suspect identified,
0059369cedc879c35ca549e75936e12481b55b6e64bb65034b7381e529c33366,2023-06,Surrey Police,Surrey Police,-0.612341,51.199331,On or near Meadow Close,E01030911,Waverley 005A,Vehicle crime,Investigation complete; no suspect identified,
5f9836bb58cb4194b38dfa25431453657e910138819a3d3766b385d18aa1b6b5,2023-06,Surrey Police,Surrey Police,-0.611599,51.198288,On or near Hall Close,E01030911,Waverley 005A,Vehicle crime,Investigation complete; no suspect identified,
e190936db1bbe3378fa79fdfe5e1f15c6245c3f7e89b08a84711360f176f2d96,2023-06,Surrey Police,Surrey Police,-0.612341,51.199331,On or near Meadow Close,E01030911,Waverley 005A,Vehicle crime,Investigation complete; no suspect identified,
fe0d1dab61d3a587f2ae3fb24ef9c328353cafd0e86347449814fa69d2210828,2023-06,Surrey Police,Surrey Police,-0.610890,51.201409,On or near Oak Close,E01030911,Waverley 005A,Vehicle crime,Investigation complete; no suspect identified,
,2023-06,Surrey Police,Surrey Police,-0.611597,51.203117,On or near Oak Mead,E01030912,Waverley 005B,Anti-social behaviour,,
8824602da0a75285afa5e358590459482a3e1aee905fa30d1ae22b8284ba4ed1,2023-06,Surrey Police,Surrey Police,-0.612844,51.206900,On or near Green Lane,E01030912,Waverley 005B,Other theft,Investigation complete; no suspect identified,
ddd5fd7afc191cb9ee8239091fb4364215d3646cc25a1769940ba8ccd598b524,2023-06,Surrey Police,Surrey Police,-0.611783,51.204072,On or near Badgers Close,E01030912,Waverley 005B,Other theft,Investigation complete; no suspect identified,
f6460475013dc81eb597828cc1182448ebf283184fb1443c483463d496b6e653,2023-06,Surrey Police,Surrey Police,-0.613694,51.204311,On or near Cherry Tree Lane,E01030912,Waverley 005B,Public order,Unable to prosecute suspect,
0c6c8a033fbb9ab87dc36dccb633fc149bbeb61080c56434935eaef5205688f0,2023-06,Surrey Police,Surrey Police,-0.613694,51.204311,On or near Cherry Tree Lane,E01030912,Waverley 005B,Public order,Local resolution,
41d206d7620d3f81b38d4090785a8cc27cb3f37cb1ec9ca7883b13449ed6b843,2023-06,Surrey Police,Surrey Police,-0.607122,51.204377,On or near Long Gore,E01030912,Waverley 005B,Vehicle crime,Investigation complete; no suspect identified,
5b0766558560d5fbf3983723a0640c2c2a0cba1a14186cd8784383e3201f9a7d,2023-06,Surrey Police,Surrey Police,-0.610268,51.203047,On or near Barnes Road,E01030912,Waverley 005B,Violence and sexual offences,Investigation complete; no suspect identified,
3de6822eca5c0cd191164ad75b97ca7f6675c19df7e2d17be043e54b1a536213,2023-06,Surrey Police,Surrey Police,-0.610268,51.203047,On or near Barnes Road,E01030912,Waverley 005B,Violence and sexual offences,Unable to prosecute suspect,
834fcacada88c3eb3bced47bc86f01df23a3a6711aaf6026efe769e71741c0d7,2023-06,Surrey Police,Surrey Police,-0.609120,51.204086,On or near Green Lane,E01030912,Waverley 005B,Violence and sexual offences,Court result unavailable,
9db0a4ae252f5d490451d2dfdeb6a73bee015ca3e85e74b289ff8dabfc1ad546,2023-06,Surrey Police,Surrey Police,-0.609120,51.204086,On or near Green Lane,E01030912,Waverley 005B,Violence and sexual offences,Unable to prosecute suspect,
,2023-06,Surrey Police,Surrey Police,-0.602806,51.203669,On or near Northbourne,E01030913,Waverley 005C,Anti-social behaviour,,
,2023-06,Surrey Police,Surrey Police,-0.597953,51.201785,On or near Cornfields,E01030913,Waverley 005C,Anti-social behaviour,,
54856865f9718e9b519af35520fc684f8484658973d66fe16508b814cb254b0d,2023-06,Surrey Police,Surrey Police,-0.603099,51.203457,On or near Northbourne,E01030913,Waverley 005C,Violence and sexual offences,Unable to prosecute suspect,
bc8bc1c1817cd9137efe7fad49536ad08b0c813c0c0c01027da50259a90adc05,2023-06,Surrey Police,Surrey Police,-0.602742,51.201987,On or near Furze Lane,E01030913,Waverley 005C,Violence and sexual offences,Unable to prosecute suspect,
614ba81592ffdf50eae19131bfda133168a7180b6fead019e57315031e39fcc3,2023-06,Surrey Police,Surrey Police,-0.598632,51.203484,On or near Greensand Place,E01030913,Waverley 005C,Violence and sexual offences,Status update unavailable,
adedcf7acf2f2c5c163af0af9f44605ec176acf6f2416a1519ddeaf3f0f0ac29,2023-06,Surrey Police,Surrey Police,-0.599712,51.200889,On or near Silo Drive,E01030913,Waverley 005C,Violence and sexual offences,Unable to prosecute suspect,
bb3727a0a3e7fad1090a3b1572e19990db3c7332de5a184060b51e8ddd7ddbb5,2023-06,Surrey Police,Surrey Police,-0.602742,51.201987,On or near Furze Lane,E01030913,Waverley 005C,Other crime,Court result unavailable,
705ade68348fab74ec10f56658083badbad911c7f06ecbc3d1ce40478faf554f,2023-06,Surrey Police,Surrey Police,-0.604377,51.195729,On or near Supermarket,E01030920,Waverley 005D,Burglary,Investigation complete; no suspect identified,
cd562036caa54c2b7a274531a4d081ff8b23a88c2292a5a90bbf2481b2736055,2023-06,Surrey Police,Surrey Police,-0.607579,51.196325,On or near Farncombe Street,E01030920,Waverley 005D,Other theft,Unable to prosecute suspect,
9a4c39996dcb43536dabe3ad4874ee9540301a2da757dec12bc83687afe394b9,2023-06,Surrey Police,Surrey Police,-0.609164,51.196919,On or near Cleveland Place,E01030920,Waverley 005D,Vehicle crime,Unable to prosecute suspect,
2ae7cb1fb864cd2745dc4335266ae4b66296d51e4044de6f03b5e7c10e23de8a,2023-06,Surrey Police,Surrey Police,-0.605146,51.196818,On or near Parking Area,E01030920,Waverley 005D,Violence and sexual offences,Investigation complete; no suspect identified,
88ba86322e684435d4e968d6b4b841c11131cb6cacae59081e02c735c05558e7,2023-06,Surrey Police,Surrey Police,-0.596783,51.201187,On or near Brookfield,E01030920,Waverley 005D,Violence and sexual offences,Unable to prosecute suspect,
85d381ee726d2e90e2a068769ca63cd65fb06994c13558b3cb3722bbebb6b3aa,2023-06,Surrey Police,Surrey Police,-0.596783,51.201187,On or near Brookfield,E01030920,Waverley 005D,Violence and sexual offences,Unable to prosecute suspect,
ec80d95e297ba5d0d0f09702bfddc33e8558c325ac208a740b3314ebbe036b17,2023-06,Surrey Police,Surrey Police,-0.596783,51.201187,On or near Brookfield,E01030920,Waverley 005D,Violence and sexual offences,Further investigation is not in the public interest,
f332dfcf834bd10d5871705ce3d9c8be30bb981a809e033a8e071e4392634d0e,2023-06,Surrey Police,Surrey Police,-0.604583,51.195543,On or near Owen Road,E01030920,Waverley 005D,Violence and sexual offences,Unable to prosecute suspect,
bf61d24cfc50bd0e6ae8f347f8cbaa5083f9eeb68acd8378d4fe46d331663dea,2023-06,Surrey Police,Surrey Police,-0.608962,51.197465,On or near Harrow Lane,E01030920,Waverley 005D,Violence and sexual offences,Unable to prosecute suspect,
,2023-06,Surrey Police,Surrey Police,-0.601967,51.196375,On or near The Oval,E01030921,Waverley 005E,Anti-social behaviour,,
,2023-06,Surrey Police,Surrey Police,-0.600958,51.197091,On or near Nursery Road,E01030921,Waverley 005E,Anti-social behaviour,,
b1752b89afe13d62b70c646424ab3c385a8f0c5c378c63c8606a296232256302,2023-06,Surrey Police,Surrey Police,-0.600621,51.194506,On or near Bramswell Road,E01030921,Waverley 005E,Criminal damage and arson,Investigation complete; no suspect identified,
af0ad53f944a034cabf1a72025627b4281a8b9c696299add169574b5de972ee8,2023-06,Surrey Police,Surrey Police,-0.600621,51.194506,On or near Bramswell Road,E01030921,Waverley 005E,Public order,Unable to prosecute suspect,
d343b2366eb4c4f295bd24b51e8ee62634f9671ad03ae96f33317610bedf2de4,2023-06,Surrey Police,Surrey Police,-0.604138,51.195106,On or near St John'S Street,E01030921,Waverley 005E,Public order,Status update unavailable,
3a24f86ecf1e627bb4c0765a2ab37ad874133b445537ce5d689c739f36bc696e,2023-06,Surrey Police,Surrey Police,-0.604138,51.195106,On or near St John'S Street,E01030921,Waverley 005E,Public order,Status update unavailable,
b97d176ac3d4dc5c3cf8c327384c648ad9712797b14c1c59d0d7f103b329989c,2023-06,Surrey Police,Surrey Police,-0.596509,51.194214,On or near Wyatts Close,E01030921,Waverley 005E,Public order,Unable to prosecute suspect,
cfa14c9c113b3a68062aa4232e0411e9560bc9598694d151fb73c1adf8b2f065,2023-06,Surrey Police,Surrey Police,-0.601967,51.196375,On or near The Oval,E01030921,Waverley 005E,Vehicle crime,Investigation complete; no suspect identified,
d42a4702fa0a3eb9db1e4fe543757b210f41670829155b62e4c37e39f56570a4,2023-06,Surrey Police,Surrey Police,-0.600621,51.194506,On or near Bramswell Road,E01030921,Waverley 005E,Vehicle crime,Investigation complete; no suspect identified,
4a53ef68ebd87698dfb17b62d64e381cb03c697e2fa2d7fcc0bb4a8e11b416c8,2023-06,Surrey Police,Surrey Police,-0.599219,51.196873,On or near Parking Area,E01030921,Waverley 005E,Violence and sexual offences,Investigation complete; no suspect identified,
,2023-06,Surrey Police,Surrey Police,-0.796436,51.196513,On or near Broomwood Way,E01030882,Waverley 006A,Anti-social behaviour,,
,2023-06,Surrey Police,Surrey Police,-0.796436,51.196513,On or near Broomwood Way,E01030882,Waverley 006A,Anti-social behaviour,,
,2023-06,Surrey Police,Surrey Police,-0.795069,51.195708,On or near Craven Close,E01030882,Waverley 006A,Anti-social behaviour,,
deacf69b567768055852e460640834f8565a1fc18b70a68c397de71634e1dfcd,2023-06,Surrey Police,Surrey Police,-0.796436,51.196513,On or near Broomwood Way,E01030882,Waverley 006A,Public order,Unable to prosecute suspect,
,2023-06,Surrey Police,Surrey Police,-0.791802,51.206240,On or near Lancaster Avenue,E01030887,Waverley 006B,Anti-social behaviour,,
fa4e793fc28cbc69b37bddd26816018058f3c2776423ea954a6d756d2009a619,2023-06,Surrey Police,Surrey Police,-0.795523,51.209561,On or near Barncroft,E01030889,Waverley 006C,Other crime,Court result unavailable,
,2023-06,Surrey Police,Surrey Police,-0.804873,51.206734,On or near Hopfields Close,E01030889,Waverley 006C,Anti-social behaviour,,
,2023-06,Surrey Police,Surrey Police,-0.798219,51.207736,On or near Merlins Close,E01030889,Waverley 006C,Anti-social behaviour,,
57f436889b02e5ed2c7569e9ca5af899672fcfdf82ed39d302f7ed0958466b8d,2023-06,Surrey Police,Surrey Police,-0.800816,51.206962,On or near Weydon Hill Close,E01030889,Waverley 006C,Criminal damage and arson,Unable to prosecute suspect,
ff0351d334ed6ddda56f748c5c1051107b633329c171c4df4566b085c75fbf7b,2023-06,Surrey Police,Surrey Police,-0.799991,51.207871,On or near Arthur Close,E01030889,Waverley 006C,Drugs,Further investigation is not in the public interest,
dfedf262e58123dd0a8226f1e0614180bc85680ce4166ed90f7e2e73aab24113,2023-06,Surrey Police,Surrey Police,-0.802566,51.206828,On or near Weydon Farm Lane,E01030889,Waverley 006C,Public order,Further investigation is not in the public interest,
aa0084aa4751bf7805694d4eeb3a13657a384cdfbbdbcc5bd791bdf5e273a2c7,2023-06,Surrey Police,Surrey Police,-0.803580,51.205264,On or near Talbot Road,E01030889,Waverley 006C,Vehicle crime,Investigation complete; no suspect identified,
159276412d60600ec1f48a315abaaf1a7c7cc7be299ae03486946daaff38eb7b,2023-06,Surrey Police,Surrey Police,-0.795523,51.209561,On or near Barncroft,E01030889,Waverley 006C,Vehicle crime,Investigation complete; no suspect identified,
cb1a28bd40438cf6b0de1f9d5876766b6eaf818bb54ebaca682a5631e8fed153,2023-06,Surrey Police,Surrey Police,-0.804873,51.206734,On or near Hopfields Close,E01030889,Waverley 006C,Violence and sexual offences,Unable to prosecute suspect,
bfcc075a4679e0842a635b6ced755ac0203780dcb3abf5500b0323df7375b7f8,2023-06,Surrey Police,Surrey Police,-0.795499,51.205568,On or near Sheephouse,E01030889,Waverley 006C,Violence and sexual offences,Unable to prosecute suspect,
9abdf3dee5c5bd43290c04873b6c0e93171ef0cfb03efd5fc337326455dd2c2c,2023-06,Surrey Police,Surrey Police,-0.795499,51.205568,On or near Sheephouse,E01030889,Waverley 006C,Violence and sexual offences,Unable to prosecute suspect,
03126a574503543fa281a9db3348bfcd904851b352826ccd6082a2fa1310f9ff,2023-06,Surrey Police,Surrey Police,-0.800816,51.206962,On or near Weydon Hill Close,E01030889,Waverley 006C,Violence and sexual offences,Unable to prosecute suspect,
7e8824833cfe5050fa6c39d14b994fa7c2ffa778c84adbe6a2139ea3acd5392e,2023-06,Surrey Police,Surrey Police,-0.800816,51.206962,On or near Weydon Hill Close,E01030889,Waverley 006C,Violence and sexual offences,Unable to prosecute suspect,
c9e398fc8e73dbd55372233877b60b8c945431e56e6443b784149636d810b047,2023-06,Surrey Police,Surrey Police,-0.802276,51.205314,On or near Ryle Road,E01030889,Waverley 006C,Violence and sexual offences,Unable to prosecute suspect,
2def693b54ad5119d2e46524e706c280fd4dde5ee28c9a8e10d3c168c6534063,2023-06,Surrey Police,Surrey Police,-0.800816,51.206962,On or near Weydon Hill Close,E01030889,Waverley 006C,Violence and sexual offences,Unable to prosecute suspect,
1b28145b3c16fd759283074b56b6d0b653e8a6001335aea04cee8d6508ef781e,2023-06,Surrey Police,Surrey Police,-0.800816,51.206962,On or near Weydon Hill Close,E01030889,Waverley 006C,Violence and sexual offences,Unable to prosecute suspect,
1b8fadfffb4a5db9a67b9cfce7985dac9cc3c8103fcb6d2a39e5d817eb6a2e97,2023-06,Surrey Police,Surrey Police,-0.797239,51.209093,On or near Hookstile Lane,E01030889,Waverley 006C,Violence and sexual offences,Unable to prosecute suspect,
0569fc88093819e7f6205e370116a796b5a35ca7513ddbd051d7a22b3e99e9e5,2023-06,Surrey Police,Surrey Police,-0.800816,51.206962,On or near Weydon Hill Close,E01030889,Waverley 006C,Violence and sexual offences,Unable to prosecute suspect,
,2023-06,Surrey Police,Surrey Police,-0.809752,51.200714,On or near Greenfield Road,E01030896,Waverley 006D,Anti-social behaviour,,
,2023-06,Surrey Police,Surrey Police,-0.809752,51.200714,On or near Greenfield Road,E01030896,Waverley 006D,Anti-social behaviour,,
,2023-06,Surrey Police,Surrey Police,-0.808933,51.201956,On or near Middlefield,E01030896,Waverley 006D,Anti-social behaviour,,
,2023-06,Surrey Police,Surrey Police,-0.806746,51.204604,On or near Pilgrims Close,E01030896,Waverley 006D,Anti-social behaviour,,
,2023-06,Surrey Police,Surrey Police,-0.808228,51.204862,On or near Weydon Lane,E01030896,Waverley 006D,Anti-social behaviour,,
a9e59f64cc54f017c3270ea4edc27a43cd41b4a6cd548e824fdc36115c4620c4,2023-06,Surrey Police,Surrey Police,-0.808933,51.201956,On or near Middlefield,E01030896,Waverley 006D,Criminal damage and arson,Investigation complete; no suspect identified,
c9863f96719e2ee482bc2db6ceceb8869d205e9aed7e14ebfe5191cbe1cb8874,2023-06,Surrey Police,Surrey Police,-0.806793,51.203364,On or near Baldreys,E01030896,Waverley 006D,Criminal damage and arson,Investigation complete; no suspect identified,
b130ad2bf1278380b75e6c54de3ad73a665296a3bad3661dbd64a44ecb4776fe,2023-06,Surrey Police,Surrey Police,-0.813082,51.202600,On or near The Old Orchard,E01030896,Waverley 006D,Criminal damage and arson,Unable to prosecute suspect,
0a8a31250b7a707bb21ad17afb09b40836ec100a82ad4c21df12931a2016e69d,2023-06,Surrey Police,Surrey Police,-0.808933,51.201956,On or near Middlefield,E01030896,Waverley 006D,Other theft,Investigation complete; no suspect identified,
b6e0fa6a77fb143780a17f55b518d40dca35d97e938a4a794eb6e60961175536,2023-06,Surrey Police,Surrey Police,-0.808933,51.201956,On or near Middlefield,E01030896,Waverley 006D,Violence and sexual offences,Unable to prosecute suspect,
c9f0a1904ea6a0bd07e94118367cd2a2a030c2a4dbaa87287e5e12242b688ad1,2023-06,Surrey Police,Surrey Police,-0.809752,51.200714,On or near Greenfield Road,E01030896,Waverley 006D,Violence and sexual offences,Unable to prosecute suspect,
2e27fe9c3becc3705103f1f6cba50d3742d8679acab4110f09c2f59598c9624d,2023-06,Surrey Police,Surrey Police,-0.811956,51.202400,On or near Bardsley Drive,E01030896,Waverley 006D,Violence and sexual offences,Unable to prosecute suspect,
99ef34cfae37f27b9e4c5561041d847161e3bf5d823fe7f06e950cfe11572a97,2023-06,Surrey Police,Surrey Police,-0.811956,51.202400,On or near Bardsley Drive,E01030896,Waverley 006D,Violence and sexual offences,Unable to prosecute suspect,
32f66da1e2ca3ac9df2ba00c5eef2c1df57ddc40853bc7d5a7b5aec8763146c2,2023-06,Surrey Police,Surrey Police,-0.806746,51.204604,On or near Pilgrims Close,E01030896,Waverley 006D,Violence and sexual offences,Unable to prosecute suspect,
acb2a271fd46a7a7aacdf7ae321e02caa9e6e22374bcb179ee5a2d2533abbfeb,2023-06,Surrey Police,Surrey Police,-0.808933,51.201956,On or near Middlefield,E01030896,Waverley 006D,Violence and sexual offences,Unable to prosecute suspect,
,2023-06,Surrey Police,Surrey Police,-0.806364,51.196696,On or near Gorse Close,E01030897,Waverley 006E,Anti-social behaviour,,
a7339ead5ccc3a427417b75abbe7231ac29c157d856adf2b56ef340dc37af89b,2023-06,Surrey Police,Surrey Police,-0.807728,51.199300,On or near Firfield Road,E01030897,Waverley 006E,Violence and sexual offences,Unable to prosecute suspect,
,2023-06,Surrey Police,Surrey Police,-0.609359,51.186652,On or near Bridge Street,E01030916,Waverley 007A,Anti-social behaviour,,
,2023-06,Surrey Police,Surrey Police,-0.608746,51.187059,On or near Bridge Mews,E01030916,Waverley 007A,Anti-social behaviour,,
9ec905f5557f78eab2c866f73b6fe46176e216700a3cfc930ba686cef40f37ae,2023-06,Surrey Police,Surrey Police,-0.608325,51.182009,On or near Underhill Close,E01030916,Waverley 007A,Criminal damage and arson,Investigation complete; no suspect identified,
a80e1fe6d2a009a12ed8d15e1a356cfc67163ad1c5a4ecd7aea41f9d65f35641,2023-06,Surrey Police,Surrey Police,-0.608746,51.187059,On or near Bridge Mews,E01030916,Waverley 007A,Drugs,Further investigation is not in the public interest,
6f8fb6601e1ee2388811d8f92e68a1dd5dc1d3b619f2f765a1307ea33fcb6e14,2023-06,Surrey Police,Surrey Police,-0.612418,51.185313,On or near Pound Lane,E01030916,Waverley 007A,Other theft,Investigation complete; no suspect identified,
a1ed7e3d76f855e2e1230f58cb66f39b06c0ebd01661b2bfaf888238cd41afd3,2023-06,Surrey Police,Surrey Police,-0.608746,51.187059,On or near Bridge Mews,E01030916,Waverley 007A,Public order,Investigation complete; no suspect identified,
cc7b3f2c6850b402f75ccb4573ab1afe7ef30f507e2dafc4aacdb22c22628124,2023-06,Surrey Police,Surrey Police,-0.603515,51.186358,On or near Supermarket,E01030916,Waverley 007A,Public order,Unable to prosecute suspect,
a229e1de0f1788ea8a65d1896c94b06617181d7a4c71a9abd412d77e256ea06a,2023-06,Surrey Police,Surrey Police,-0.603515,51.186358,On or near Supermarket,E01030916,Waverley 007A,Public order,Court result unavailable,
8320b31b42aa8b92834a1a1173366c3e68651ef1d8bc56b7b914ecf8ffccff17,2023-06,Surrey Police,Surrey Police,-0.608746,51.187059,On or near Bridge Mews,E01030916,Waverley 007A,Shoplifting,Investigation complete; no suspect identified,
88e7d564526f4a98ad3b79d59010e43135669a33ba4aa0381424ef674456ac1e,2023-06,Surrey Police,Surrey Police,-0.603515,51.186358,On or near Supermarket,E01030916,Waverley 007A,Shoplifting,Unable to prosecute suspect,
22e09fa83b69bfec5f8dc0aa10a4161478435d734d98bd5347916a5fcd4958ad,2023-06,Surrey Police,Surrey Police,-0.605749,51.186303,On or near Woolsack Way,E01030916,Waverley 007A,Shoplifting,Investigation complete; no suspect identified,
3341a6ab7afe44c4a92529000e2dafcaa4828c93a8f0016addb8e2981427be34,2023-06,Surrey Police,Surrey Police,-0.614159,51.185486,On or near High Street,E01030916,Waverley 007A,Shoplifting,Investigation complete; no suspect identified,
e4871e57a67ce70df7cc9fd820757d3b9644d6c09611044c4390e6de8f6bee26,2023-06,Surrey Police,Surrey Police,-0.614159,51.185486,On or near High Street,E01030916,Waverley 007A,Shoplifting,Investigation complete; no suspect identified,
8e053d46e36f966ae02ed8992bf7d7a59fa7c4f404ca6c9548809250922c690e,2023-06,Surrey Police,Surrey Police,-0.610611,51.184518,On or near Parking Area,E01030916,Waverley 007A,Vehicle crime,Investigation complete; no suspect identified,
6e48860c28713d9387811f00c1f85c3fd490b6ebdd2ab5e6c6667f895a0b729e,2023-06,Surrey Police,Surrey Police,-0.610611,51.184518,On or near Parking Area,E01030916,Waverley 007A,Vehicle crime,Investigation complete; no suspect identified,
7711523804e4f217fac1ba86cec6cddc861501a24b6798ea3eff4ae839c3006f,2023-06,Surrey Police,Surrey Police,-0.608746,51.187059,On or near Bridge Mews,E01030916,Waverley 007A,Violence and sexual offences,Unable to prosecute suspect,
b362af78750d6aab313687091cda1213f64461d0f0b7531593c9da6d5a218dfd,2023-06,Surrey Police,Surrey Police,-0.609917,51.185706,On or near Theatre/Concert Hall,E01030916,Waverley 007A,Violence and sexual offences,Status update unavailable,
d4c400fdc4ec8a7b2b9cbb3a54b750f4e374591a551667e599ad520298638221,2023-06,Surrey Police,Surrey Police,-0.610395,51.186458,On or near Wiggins Yard,E01030916,Waverley 007A,Violence and sexual offences,Unable to prosecute suspect,
592a30b9a22d5ba7d12f0ce114a3a2da42e3681111ae5e4f39a95cc3dd3c8637,2023-06,Surrey Police,Surrey Police,-0.612373,51.184925,On or near Pound Close,E01030916,Waverley 007A,Violence and sexual offences,Unable to prosecute suspect,
f82d1514cf543ad4cb337c230c54695519ef3fd7242c32b8dc5b10333a5ebce4,2023-06,Surrey Police,Surrey Police,-0.610395,51.186458,On or near Wiggins Yard,E01030916,Waverley 007A,Violence and sexual offences,Unable to prosecute suspect,
84a25f05af8ee56e9a82ebd531223f29a1c2c160d5b97b6f8111a9a8e3a70c3f,2023-06,Surrey Police,Surrey Police,-0.608746,51.187059,On or near Bridge Mews,E01030916,Waverley 007A,Violence and sexual offences,Unable to prosecute suspect,
a516338c8b016f7b60e4ce14b0247614e2a9eb72b2d77508069ae5a28731eef4,2023-06,Surrey Police,Surrey Police,-0.612418,51.185313,On or near Pound Lane,E01030916,Waverley 007A,Violence and sexual offences,Investigation complete; no suspect identified,
fcaa85d76f40b3cce42d17cd6c5442924f3e136767c32b0fb6cd5ca64cccc3ab,2023-06,Surrey Police,Surrey Police,-0.616650,51.194059,On or near Summerhill,E01030917,Waverley 007B,Violence and sexual offences,Unable to prosecute suspect,
32e3977549c53ed1add1edef58b8ef5e45c51367da1c735c719081093d9aa6ce,2023-06,Surrey Police,Surrey Police,-0.618643,51.197283,On or near Sellar'S Hill,E01030917,Waverley 007B,Violence and sexual offences,Unable to prosecute suspect,
,2023-06,Surrey Police,Surrey Police,-0.607870,51.191436,On or near Old Station Way,E01030918,Waverley 007C,Anti-social behaviour,,
2e99ca4ae9e3b087c341ea833d6c41b02a8043bf4e4229521673ae1daa80af95,2023-06,Surrey Police,Surrey Police,-0.607202,51.195556,On or near Tottenham Road,E01030918,Waverley 007C,Vehicle crime,Investigation complete; no suspect identified,
3d2f741a989dbb1571fd75a1da6835405870bf75aa9189d70c0fab5ee28d9957,2023-06,Surrey Police,Surrey Police,-0.607870,51.191436,On or near Old Station Way,E01030918,Waverley 007C,Violence and sexual offences,Unable to prosecute suspect,
a0660dcaae51e74304f8144cfb6b4324e50ed305d9ef775cce1573563eb43a14,2023-06,Surrey Police,Surrey Police,-0.607870,51.191436,On or near Old Station Way,E01030918,Waverley 007C,Violence and sexual offences,Offender given a caution,
fab7cd984fb3bd1eabb2945574846cd2e107cfb05edea74cc3fa80af0e5e6dd7,2023-06,Surrey Police,Surrey Police,-0.609614,51.195783,On or near Upper Manor Road,E01030919,Waverley 007D,Vehicle crime,Investigation complete; no suspect identified,
,2023-06,Surrey Police,Surrey Police,-0.595851,51.189000,On or near Grange Close,E01030922,Waverley 007E,Anti-social behaviour,,
,2023-06,Surrey Police,Surrey Police,-0.608075,51.188426,On or near Bridge Road,E01030922,Waverley 007E,Anti-social behaviour,,
9aa9a47dfc4e3b02d9f08be4b34c6475b4edb249e5c66b740a9d52acde91f243,2023-06,Surrey Police,Surrey Police,-0.605724,51.191411,On or near Hallam Road,E01030922,Waverley 007E,Burglary,Status update unavailable,
3ac0882b39420a94ae4a4b26bea4b931721b672fee671294b849f43e9da3474a,2023-06,Surrey Police,Surrey Police,-0.605724,51.191411,On or near Hallam Road,E01030922,Waverley 007E,Burglary,Status update unavailable,
61d2a7849aefb6ddcc321b3171e8057adf829b22310fa7b167dfe11bb5d1ef94,2023-06,Surrey Police,Surrey Police,-0.595851,51.189000,On or near Grange Close,E01030922,Waverley 007E,Criminal damage and arson,Investigation complete; no suspect identified,
8805ea60cc7da0a3269bd23ae760c42bf10c0d2eb94879eb50653089d6bde6d8,2023-06,Surrey Police,Surrey Police,-0.597966,51.189592,On or near Blackburn Way,E01030922,Waverley 007E,Other theft,Investigation complete; no suspect identified,
cffb88b5f951d02742e7514aa31f1c4df8ad2f901f05033b28a69a21da577ca7,2023-06,Surrey Police,Surrey Police,-0.605724,51.191411,On or near Hallam Road,E01030922,Waverley 007E,Vehicle crime,Investigation complete; no suspect identified,
e3c18f8cbc5cbe966fcff1c7c49a2ad860cb53ccd066058f197bf75180a4d917,2023-06,Surrey Police,Surrey Police,-0.597367,51.187615,On or near Gillan Close,E01030922,Waverley 007E,Other crime,Unable to prosecute suspect,
b563122149c87bf7620adf0606f811cad29918f34b71e1ab91e921b5db9b6793,2023-06,Surrey Police,Surrey Police,-0.523888,51.205991,On or near Blackheath Lane,E01030863,Waverley 008A,Criminal damage and arson,Further investigation is not in the public interest,
54fbcd718f895bdf9cab3e18c44600dd59d5a640c78712dfdb87f4c8cac56185,2023-06,Surrey Police,Surrey Police,-0.556168,51.194560,On or near Brambles Park,E01030865,Waverley 008B,Violence and sexual offences,Unable to prosecute suspect,
,2023-06,Surrey Police,Surrey Police,-0.550162,51.185277,On or near Chestnut Way,E01030865,Waverley 008B,Anti-social behaviour,,
37e3c37bcd1d8312ef7609082784c62b1a04ae19aa5e2295b3d6b8ba7234e0ea,2023-06,Surrey Police,Surrey Police,-0.555922,51.196023,On or near Station Road,E01030865,Waverley 008B,Drugs,Status update unavailable,
1e614fdd1e531fe9688765c6ad770242a1f3ff5990f4e362edf1498971f3564c,2023-06,Surrey Police,Surrey Police,-0.555922,51.196023,On or near Station Road,E01030865,Waverley 008B,Drugs,Local resolution,
89cb796f3281d56d3695103a0438b908f57a902827d5cdfbfd0df20be6847de1,2023-06,Surrey Police,Surrey Police,-0.556057,51.196726,On or near Edencroft,E01030865,Waverley 008B,Drugs,Local resolution,
5f3e68c6f9bc242c65d8a8c08572d9c3003641acf6d20712dd6fb011f75f524f,2023-06,Surrey Police,Surrey Police,-0.550162,51.185277,On or near Chestnut Way,E01030865,Waverley 008B,Other theft,Investigation complete; no suspect identified,
b741f12d80bca8165b5f20cbc932ce796be68acc7082768b1654ea4940c9551f,2023-06,Surrey Police,Surrey Police,-0.556057,51.196726,On or near Edencroft,E01030865,Waverley 008B,Vehicle crime,Investigation complete; no suspect identified,
ea5263f0fd1c654a35c5da63cc2dd04d7358b997dbfdca50433e4fe6b1ad2141,2023-06,Surrey Police,Surrey Police,-0.556289,51.191144,On or near Woodrough Lane,E01030865,Waverley 008B,Vehicle crime,Investigation complete; no suspect identified,
0a158db9edf96b28b4ade923c4f0a4b6333f6391446e002c7cbc1f99978ca973,2023-06,Surrey Police,Surrey Police,-0.556674,51.193928,On or near Windrush Close,E01030865,Waverley 008B,Violence and sexual offences,Unable to prosecute suspect,
ad229165b60b5d411c54841bdf7800a8bddd6d835dc24ede9b87ea7f3af3218d,2023-06,Surrey Police,Surrey Police,-0.556260,51.192520,On or near Old Rectory Close,E01030865,Waverley 008B,Violence and sexual offences,Unable to prosecute suspect,
d338063b0645cbcf807250638e566438bbf0453f957159cdf83f9cd21b9e91a7,2023-06,Surrey Police,Surrey Police,-0.551116,51.185424,On or near The Range,E01030865,Waverley 008B,Violence and sexual offences,Unable to prosecute suspect,
b5fdb58cefc3a3850b968a8caa3fcfb69cdb2216fe787e4bc19027e350644b07,2023-06,Surrey Police,Surrey Police,-0.571735,51.170138,On or near Thorncombe Street,E01030865,Waverley 008B,Violence and sexual offences,Unable to prosecute suspect,
f9f10e2aad0f2dd58f0e6855bd8123180b4578dc47f910868b6b2e8c45f61a82,2023-06,Surrey Police,Surrey Police,-0.571735,51.170138,On or near Thorncombe Street,E01030865,Waverley 008B,Violence and sexual offences,Unable to prosecute suspect,
94a4668fd664002c258c2acdaa7e4f971c4c67ca9f359af125ef11821e561e97,2023-06,Surrey Police,Surrey Police,-0.556672,51.198595,On or near Eastwood Road,E01030866,Waverley 008C,Vehicle crime,Investigation complete; no suspect identified,
6d28ffbc01fe8c663a3684d6637eacdd2111d8006d1e264d1a72efc653858128,2023-06,Surrey Police,Surrey Police,-0.562708,51.200557,On or near Gosden Close,E01030866,Waverley 008C,Violence and sexual offences,Status update unavailable,
230441a46a12ae35fab15a9520db11ebf2befcac04fead4e3939456cb9f124f6,2023-06,Surrey Police,Surrey Police,-0.559880,51.195307,On or near The Beeches,E01030866,Waverley 008C,Violence and sexual offences,Unable to prosecute suspect,
4a61d5a3632d6fbc54e6851d15800e414e8a7b7e1c706b0b1c0636d8ebfe7b36,2023-06,Surrey Police,Surrey Police,-0.552484,51.194757,On or near Fisher Rowe Close,E01030866,Waverley 008C,Other crime,Court result unavailable,
,2023-06,Surrey Police,Surrey Police,-0.535765,51.183102,On or near Lords Hill Common,E01030940,Waverley 008D,Anti-social behaviour,,
,2023-06,Surrey Police,Surrey Police,-0.529450,51.186862,On or near Nursery Close,E01030940,Waverley 008D,Anti-social behaviour,,
12f75f3dbde3a8877538483de3d0f23886596ecf8078d50e406ea6020b46dea1,2023-06,Surrey Police,Surrey Police,-0.464412,51.171827,On or near Parking Area,E01030940,Waverley 008D,Burglary,Status update unavailable,
f564d9e39886f6efb52f03d4e2effa83f246b299fcb6fac3b02bc21ed5ea87b8,2023-06,Surrey Police,Surrey Police,-0.468294,51.171689,On or near Parking Area,E01030940,Waverley 008D,Burglary,Status update unavailable,
7575faf3733eab93681afb974c3c0ad1ef072aae66f7651573044900c866941e,2023-06,Surrey Police,Surrey Police,-0.529450,51.186862,On or near Nursery Close,E01030940,Waverley 008D,Violence and sexual offences,Court result unavailable,
28a8331da3ac795f2e00a4650d0970c3c4415f3899a715ae1338255a1a8e90ee,2023-06,Surrey Police,Surrey Police,-0.529653,51.185876,On or near Nursery Hill,E01030940,Waverley 008D,Violence and sexual offences,Unable to prosecute suspect,
,2023-06,Surrey Police,Surrey Police,-0.805215,51.191882,On or near Boundstone Close,E01030898,Waverley 009A,Anti-social behaviour,,
,2023-06,Surrey Police,Surrey Police,-0.805215,51.191882,On or near Boundstone Close,E01030898,Waverley 009A,Anti-social behaviour,,
d410b954ce684c571ae1e841abd7baadf79da4c8ceda6b845cca8cb802f5ac2f,2023-06,Surrey Police,Surrey Police,-0.813915,51.188545,On or near Thorn Close,E01030898,Waverley 009A,Other theft,Investigation complete; no suspect identified,
99e174b5ae7c4751f5000ec758d8fa846b53c330a9d758add8280552c56e2c42,2023-06,Surrey Police,Surrey Police,-0.810056,51.192246,On or near Bower Road,E01030898,Waverley 009A,Public order,Investigation complete; no suspect identified,
d4aa5262e87f2c8a8c32ae3b51aff280e1221338de85dfadcf5dcf83b4d5cf7c,2023-06,Surrey Police,Surrey Police,-0.813156,51.193051,On or near Laurel Grove,E01030898,Waverley 009A,Vehicle crime,Unable to prosecute suspect,
bc8dcb769dd8a1a194fd567306f7d50f50376a4e0c5b562810a766707f285fb9,2023-06,Surrey Police,Surrey Police,-0.813915,51.188545,On or near Thorn Close,E01030898,Waverley 009A,Violence and sexual offences,Investigation complete; no suspect identified,
06d517c551233391a10b49c424edfe44caf6c78263a664bcee39784ba9db7ed2,2023-06,Surrey Police,Surrey Police,-0.813247,51.193951,On or near Birdhaven,E01030898,Waverley 009A,Other crime,Status update unavailable,
,2023-06,Surrey Police,Surrey Police,-0.821503,51.199071,On or near Riverdale,E01030905,Waverley 009B,Anti-social behaviour,,
,2023-06,Surrey Police,Surrey Police,-0.821503,51.199071,On or near Riverdale,E01030905,Waverley 009B,Anti-social behaviour,,
d6317e6a20b5246ff4f8d774ebeeb59e63b272d1782ced7937e49ed77da80c1a,2023-06,Surrey Police,Surrey Police,-0.821438,51.196552,On or near Westfield Lane,E01030905,Waverley 009B,Burglary,Status update unavailable,
ad9f23677ab4bdc2020517030b8ddcc61d82feef6da76956769a580ae2689567,2023-06,Surrey Police,Surrey Police,-0.821438,51.196552,On or near Westfield Lane,E01030905,Waverley 009B,Criminal damage and arson,Investigation complete; no suspect identified,
80f4529207c3cb615b48fa9986726d43a261e6c9a67a8f9f8cb464a6a6e67e9d,2023-06,Surrey Police,Surrey Police,-0.817090,51.203135,On or near Wrecclesham Road,E01030905,Waverley 009B,Public order,Investigation complete; no suspect identified,
650dfd2f4c19d4730380309233554a4fb6cb8f260388bfad4082e4435c1f94cd,2023-06,Surrey Police,Surrey Police,-0.827707,51.201624,On or near Alton Road,E01030905,Waverley 009B,Violence and sexual offences,Unable to prosecute suspect,
e26c31b396b95edf23bc65ce92361e5cc7b7621a965855bd132b445a1a426681,2023-06,Surrey Police,Surrey Police,-0.817429,51.200531,On or near Ellerton Way,E01030905,Waverley 009B,Violence and sexual offences,Investigation complete; no suspect identified,
d180aac6bad283734b3417db66f0928fdcb1641923ca0f595c5e1e41cb373653,2023-06,Surrey Police,Surrey Police,-0.815665,51.200091,On or near Beldham Road,E01030905,Waverley 009B,Violence and sexual offences,Unable to prosecute suspect,
,2023-06,Surrey Police,Surrey Police,-0.819322,51.194229,On or near Pottery Lane,E01030906,Waverley 009C,Anti-social behaviour,,
990ff680e1a698d182b2282df37eb2b107aad48de569fc7f7d01ce1a9fceb134,2023-06,Surrey Police,Surrey Police,-0.818540,51.196829,On or near St Peter'S Gardens,E01030906,Waverley 009C,Burglary,Status update unavailable,
87da074438a978b9e594350ba0aeeeb5227aec3c2d808425ca88ad767fe7262a,2023-06,Surrey Police,Surrey Police,-0.820856,51.194685,On or near Terra Cotta Court,E01030906,Waverley 009C,Violence and sexual offences,Further investigation is not in the public interest,
d86f3c0eefd2343589e378b629efeb9576c82c97d7903fcb0e86c25814abad0d,2023-06,Surrey Police,Surrey Police,-0.818540,51.196829,On or near St Peter'S Gardens,E01030906,Waverley 009C,Violence and sexual offences,Local resolution,
,2023-06,Surrey Police,Surrey Police,-0.800123,51.180176,On or near Gardener'S Hill Road,E01030907,Waverley 009D,Anti-social behaviour,,
b269d45c9783ebfbc666fb4ed07e381ade8e01282ac9a9f683d035d45250ee4e,2023-06,Surrey Police,Surrey Police,-0.823556,51.183058,On or near Supermarket,E01030907,Waverley 009D,Shoplifting,Investigation complete; no suspect identified,
661720ccce5c4915ee8bc3c767065d0b7aa6e0608e6e760d39b2cb3ba2d4191f,2023-06,Surrey Police,Surrey Police,-0.628780,51.184615,On or near Field View Cottages,E01030914,Waverley 010A,Violence and sexual offences,Unable to prosecute suspect,
4b0733f36048da94fb98e5a53384f419326f02ac7fd6239b7c2159bb46c37169,2023-06,Surrey Police,Surrey Police,-0.625527,51.182374,On or near The Horseshoe,E01030914,Waverley 010A,Violence and sexual offences,Unable to prosecute suspect,
,2023-06,Surrey Police,Surrey Police,-0.617063,51.185035,On or near Parking Area,E01030914,Waverley 010A,Anti-social behaviour,,
01b486f6b5b7c4ae2d950b13af6a431b4613986bdcfbf9044aa63c6a906d51c3,2023-06,Surrey Police,Surrey Police,-0.625527,51.182374,On or near The Horseshoe,E01030914,Waverley 010A,Criminal damage and arson,Unable to prosecute suspect,
25659029ac31d3cdcccebfc2777f66e0d13406cbd47cafe784b1fbbaabf6c210,2023-06,Surrey Police,Surrey Police,-0.618616,51.186672,On or near Godalming,E01030914,Waverley 010A,Public order,Court result unavailable,
334ae0bb9ac13ad2a96159cc798a215ed760d875a42dddb3cddab0a4d8cc66ee,2023-06,Surrey Police,Surrey Police,-0.617330,51.186639,On or near Station Approach,E01030914,Waverley 010A,Violence and sexual offences,Investigation complete; no suspect identified,
d9b1171b4b1f46977acc516e8de019bc03851661734228e87681988c2833f7ad,2023-06,Surrey Police,Surrey Police,-0.627160,51.181350,On or near Ockford Drive,E01030914,Waverley 010A,Other crime,Unable to prosecute suspect,
3b869ce89c495f0ee61d0ca003de2d78f7fb8cc60a56dd461bfd364451f45fb0,2023-06,Surrey Police,Surrey Police,-0.631682,51.176961,On or near Miltons Crescent,E01030915,Waverley 010B,Vehicle crime,Investigation complete; no suspect identified,
e87e3ec30096ab275cf58f1a9e9e5aff21b49bfa130ff7150891f680ed99072a,2023-06,Surrey Police,Surrey Police,-0.631260,51.182019,On or near Seymour Road,E01030915,Waverley 010B,Violence and sexual offences,Action to be taken by another organisation,
94d3d4d3141c2d67f3df3efc70aab1b73837072d102d83955d46aa4c260ac39a,2023-06,Surrey Police,Surrey Police,-0.604857,51.175565,On or near Blewfield,E01030923,Waverley 010C,Burglary,Status update unavailable,
,2023-06,Surrey Police,Surrey Police,-0.619727,51.179194,On or near Shackstead Lane,E01030924,Waverley 010D,Anti-social behaviour,,
bf1fe98426e1ad072f320fb2275f6c15c2949d2ffa67a925b5c11b553507f33b,2023-06,Surrey Police,Surrey Police,-0.614349,51.182494,On or near Summerhouse Road,E01030924,Waverley 010D,Burglary,Status update unavailable,
463fe4e182ee89206a913dbc05ba740ddbfa62ae68e37beef943b20ed8a06f23,2023-06,Surrey Police,Surrey Police,-0.614736,51.177220,On or near Tuesley Lane,E01030925,Waverley 010E,Public order,Action to be taken by another organisation,
b0eaa44ded415f274c19a22da00c3631666a965f916473f45194149f0293bb00,2023-06,Surrey Police,Surrey Police,-0.612424,51.177022,On or near Park Road,E01030925,Waverley 010E,Vehicle crime,Investigation complete; no suspect identified,
2ab198a0e3379888b424fc230a5940b3612360a1d085d8ebf1a334a59f8c56ec,2023-06,Surrey Police,Surrey Police,-0.614736,51.177220,On or near Tuesley Lane,E01030925,Waverley 010E,Violence and sexual offences,Unable to prosecute suspect,
62deb7acb1b5b3896496f882ab1feb5b2e25f7b1432d1077e3299a549de338c0,2023-06,Surrey Police,Surrey Police,-0.618084,51.175281,On or near Grayling Close,E01030925,Waverley 010E,Violence and sexual offences,Action to be taken by another organisation,
6a6309375b44f8f219bf9e09b444203f167d93dcb393297a5449af4273742aa2,2023-06,Surrey Police,Surrey Police,-0.614736,51.177220,On or near Tuesley Lane,E01030925,Waverley 010E,Violence and sexual offences,Unable to prosecute suspect,
e4be57c0205dd26604cb71443211c21374912acd1da4d25a4d67eb527f4f900c,2023-06,Surrey Police,Surrey Police,-0.618084,51.175281,On or near Grayling Close,E01030925,Waverley 010E,Other crime,Further investigation is not in the public interest,
f4adc56c6e9cd458dd492919ef7e8161858f9a583f26783d10d5d9365f8eb900,2023-06,Surrey Police,Surrey Police,-0.702113,51.183491,On or near Hill Crest,E01030877,Waverley 011A,Public order,Unable to prosecute suspect,
c9690d97b7222365d8d712596022edef54b36fe38af352cfd135cf31fdc84287,2023-06,Surrey Police,Surrey Police,-0.704314,51.185647,On or near Farnham Road,E01030877,Waverley 011A,Other theft,Investigation complete; no suspect identified,
c2d24a584b8c596847092498fe17dc101b19884ca65b8b9c304e4305494b0d6c,2023-06,Surrey Police,Surrey Police,-0.704314,51.185647,On or near Farnham Road,E01030877,Waverley 011A,Other theft,Investigation complete; no suspect identified,
c6e0f769d4217d8539a6be897023f9488023457b67a0fb78b65fa5406e471c6e,2023-06,Surrey Police,Surrey Police,-0.697867,51.183372,On or near Springfield Way,E01030877,Waverley 011A,Public order,Unable to prosecute suspect,
a2d70626f20d02409d8f7de3d7f802625d9b0dd3236712517c48f00e82f663dd,2023-06,Surrey Police,Surrey Police,-0.704314,51.185647,On or near Farnham Road,E01030877,Waverley 011A,Vehicle crime,Investigation complete; no suspect identified,
366be04a26f70de49440037d1f915741f789ae20cff5d39ddd01e6b3747efca3,2023-06,Surrey Police,Surrey Police,-0.702113,51.183491,On or near Hill Crest,E01030877,Waverley 011A,Vehicle crime,Investigation complete; no suspect identified,
d23b8fa57bcfb52c32065f0326e21795fb39f322cf31004c34896c4ba7ea9cb8,2023-06,Surrey Police,Surrey Police,-0.697337,51.182881,On or near Springhill,E01030877,Waverley 011A,Violence and sexual offences,Unable to prosecute suspect,
d6096e39198232045b44dcc621b3c7385bd2a4b822e00e03b29f14d25e575cd9,2023-06,Surrey Police,Surrey Police,-0.705148,51.184991,On or near Hope Street,E01030877,Waverley 011A,Violence and sexual offences,Status update unavailable,
4edf4e4e5be159e5cb57e06903286be18d6920a221434cbacbe6345dae9073ce,2023-06,Surrey Police,Surrey Police,-0.695552,51.184812,On or near Hazlewood,E01030877,Waverley 011A,Violence and sexual offences,Status update unavailable,
77438dd828d3204e14d2d966f76757f38af3cd6de197aba879a3fc058feb1772,2023-06,Surrey Police,Surrey Police,-0.705148,51.184991,On or near Hope Street,E01030877,Waverley 011A,Violence and sexual offences,Unable to prosecute suspect,
ae29057f3129dc156c46ca3f86ab2b055cdee930abaf0d0fb508b9518abea618,2023-06,Surrey Police,Surrey Police,-0.708348,51.176978,On or near Beacon View Road,E01030878,Waverley 011B,Burglary,Unable to prosecute suspect,
,2023-06,Surrey Police,Surrey Police,-0.666548,51.188298,On or near Park Avenue,E01030878,Waverley 011B,Anti-social behaviour,,
,2023-06,Surrey Police,Surrey Police,-0.710308,51.180030,On or near Moors Lane,E01030878,Waverley 011B,Anti-social behaviour,,
,2023-06,Surrey Police,Surrey Police,-0.696417,51.182538,On or near The Croft,E01030878,Waverley 011B,Anti-social behaviour,,
cab0bc7416a3a66814cd56b56141c401e98347d66fbf6ae0b6d5444779cd6f4f,2023-06,Surrey Police,Surrey Police,-0.696095,51.183820,On or near Milford Road,E01030878,Waverley 011B,Criminal damage and arson,Investigation complete; no suspect identified,
90c46f1a8d66ae504c9e7ae404bd97b401b7a2a0de4b755373090c9e9bcd4a65,2023-06,Surrey Police,Surrey Police,-0.684118,51.185359,On or near Weyburn Lane,E01030878,Waverley 011B,Other theft,Investigation complete; no suspect identified,
808ede7502b326adf6c40d091af95a80fd85b16c287ac244bdf74ad372b5f3da,2023-06,Surrey Police,Surrey Police,-0.684118,51.185359,On or near Weyburn Lane,E01030878,Waverley 011B,Other theft,Investigation complete; no suspect identified,
83f641757803097ba6cbf1627fb9bfda2c6e0abc6fa1b36579fa475c1ad23c27,2023-06,Surrey Police,Surrey Police,-0.684118,51.185359,On or near Weyburn Lane,E01030878,Waverley 011B,Other theft,Investigation complete; no suspect identified,
6f7327473903de1c29600c08a9dd7fd61cec61ad63de1db9281c361baf2f927b,2023-06,Surrey Police,Surrey Police,-0.693216,51.181900,On or near Silver Birches Way,E01030878,Waverley 011B,Violence and sexual offences,Unable to prosecute suspect,
58aeaed7e3c773673295cc047e01032f9953d32cd920a7dcc0fd4bed2190258b,2023-06,Surrey Police,Surrey Police,-0.696417,51.182538,On or near The Croft,E01030878,Waverley 011B,Violence and sexual offences,Unable to prosecute suspect,
caed8a0c4ffc9f0c9401c8762dd3d740fa1db19e14519582868062afe09860e4,2023-06,Surrey Police,Surrey Police,-0.684002,51.186409,On or near Water Meadow Close,E01030878,Waverley 011B,Violence and sexual offences,Unable to prosecute suspect,
592a8791022d622c656b4b3a3adf785a8ab8a133154c46ee1726572eea628707,2023-06,Surrey Police,Surrey Police,-0.693216,51.181900,On or near Silver Birches Way,E01030878,Waverley 011B,Violence and sexual offences,Unable to prosecute suspect,
b5406b13ed62c7b48e710f0df5f22ee4061f987f84d4056197e2d1e1aceb61d1,2023-06,Surrey Police,Surrey Police,-0.696417,51.182538,On or near The Croft,E01030878,Waverley 011B,Other crime,Unable to prosecute suspect,
f17bbcb48bc7e5f9195b9bec1bf976f396ff65a1536ac5fb14febf7cd74a8138,2023-06,Surrey Police,Surrey Police,-0.648338,51.169969,On or near Church Close,E01030937,Waverley 011C,Criminal damage and arson,Investigation complete; no suspect identified,
,2023-06,Surrey Police,Surrey Police,-0.652209,51.170661,On or near Leehurst,E01030937,Waverley 011C,Anti-social behaviour,,
,2023-06,Surrey Police,Surrey Police,-0.655749,51.176331,On or near Milford By Pass Road,E01030937,Waverley 011C,Anti-social behaviour,,
,2023-06,Surrey Police,Surrey Police,-0.649800,51.173313,On or near Badgers Cross,E01030937,Waverley 011C,Anti-social behaviour,,
b5f64f21527b6bafceaa5a9e896e1fdfd52c1d874a25d043d438df0fdc348dd8,2023-06,Surrey Police,Surrey Police,-0.644895,51.172276,On or near Portsmouth Road,E01030937,Waverley 011C,Burglary,Investigation complete; no suspect identified,
6768a340c7b406b1df0010c65820d3bb3b83b1f7011182747ba62ba3c7465e69,2023-06,Surrey Police,Surrey Police,-0.648338,51.169969,On or near Church Close,E01030937,Waverley 011C,Criminal damage and arson,Investigation complete; no suspect identified,
b9acfdb7e00d7e58cf0e660441d490571be80c3c9a7e30b9335798f606d31fff,2023-06,Surrey Police,Surrey Police,-0.649800,51.173313,On or near Badgers Cross,E01030937,Waverley 011C,Criminal damage and arson,Investigation complete; no suspect identified,
ae6ea2f7fe9fb477bd641fcf4d439e83440679a8e02e66dd54d2bcf3765482b6,2023-06,Surrey Police,Surrey Police,-0.651704,51.168839,On or near New Road,E01030937,Waverley 011C,Vehicle crime,Investigation complete; no suspect identified,
,2023-06,Surrey Police,Surrey Police,-0.648858,51.167862,On or near Pheasant Close,E01030938,Waverley 011D,Anti-social behaviour,,
be8775d57c4f172cdde78ac9b121b0904c894b221c7a7c27e24f2118b7ed0af2,2023-06,Surrey Police,Surrey Police,-0.642000,51.170993,On or near Springwood,E01030938,Waverley 011D,Criminal damage and arson,Investigation complete; no suspect identified,
cee8673fd4cbe94545df568bca65220960b9199864cb565aadf67b81e8d4f06d,2023-06,Surrey Police,Surrey Police,-0.642000,51.170993,On or near Springwood,E01030938,Waverley 011D,Criminal damage and arson,Investigation complete; no suspect identified,
baf46070cb257fab007ed79297d0ac6b9bc0fcb1046b1b2a2a8ce4cbf14c91c8,2023-06,Surrey Police,Surrey Police,-0.649971,51.168423,On or near Ladycross,E01030938,Waverley 011D,Criminal damage and arson,Local resolution,
3a1abd722c4387d0230b56e87a4641d4ffee0b4c57927a5998109de7889f3f7b,2023-06,Surrey Police,Surrey Police,-0.645188,51.169609,On or near Church Road,E01030938,Waverley 011D,Criminal damage and arson,Investigation complete; no suspect identified,
34844106d924639357857bddc29dea3185ecc8ab123494b77614e6ac1c47e49b,2023-06,Surrey Police,Surrey Police,-0.642000,51.170993,On or near Springwood,E01030938,Waverley 011D,Criminal damage and arson,Investigation complete; no suspect identified,
025aaf275d16ebb3819c6b5b7273e54233cfe34ccff3aee6246420f750710328,2023-06,Surrey Police,Surrey Police,-0.642000,51.170993,On or near Springwood,E01030938,Waverley 011D,Criminal damage and arson,Investigation complete; no suspect identified,
c4735436b9d03ce8b9e6293de25fffaccf426cf0aef65272726d06b6847ab162,2023-06,Surrey Police,Surrey Police,-0.645188,51.169609,On or near Church Road,E01030938,Waverley 011D,Criminal damage and arson,Investigation complete; no suspect identified,
077c6b63ff354841ca1ef41c882f47624dc64e2400302837079f4651d60e3ea8,2023-06,Surrey Police,Surrey Police,-0.637097,51.163112,On or near Station Lane,E01030938,Waverley 011D,Criminal damage and arson,Investigation complete; no suspect identified,
f547e81a068bba6b098c952000574bde8d3285c4e4cab108d1074dc3a8395833,2023-06,Surrey Police,Surrey Police,-0.642000,51.170993,On or near Springwood,E01030938,Waverley 011D,Possession of weapons,Unable to prosecute suspect,
40685ce63e6cd0f2754ea05ff762715c9bddb00f1e56215a7d06456de9a80c9d,2023-06,Surrey Police,Surrey Police,-0.643087,51.170520,On or near Ockfields,E01030938,Waverley 011D,Vehicle crime,Investigation complete; no suspect identified,
e1c021033c4a39f53214d1bb9b1d0b26dc89e7e8fde827cd9d85188780f775d0,2023-06,Surrey Police,Surrey Police,-0.646408,51.166053,On or near Busdens Close,E01030938,Waverley 011D,Vehicle crime,Investigation complete; no suspect identified,
a57e5872a1d8b0305c02e85633d905d62dfa5228a4c24bb59c8a85f33fcfe3dd,2023-06,Surrey Police,Surrey Police,-0.644773,51.166187,On or near Busdens Lane,E01030938,Waverley 011D,Violence and sexual offences,Local resolution,
42956452d5c1577f570bb742aa5f1e2483c0d6900df3e6160c6ebc4bb263726f,2023-06,Surrey Police,Surrey Police,-0.645188,51.169609,On or near Church Road,E01030938,Waverley 011D,Violence and sexual offences,Investigation complete; no suspect identified,
a0fc1dfc97c4236b69f9eb8e5d0af66296810807c114e265a5d98f782da5cdd2,2023-06,Surrey Police,Surrey Police,-0.656940,51.167344,On or near Sandy Lane,E01030939,Waverley 011E,Burglary,Investigation complete; no suspect identified,
dbb980946b9f7da30eb790382b979ecfee2a2192649d9f0ab993cec5731d29b4,2023-06,Surrey Police,Surrey Police,-0.650972,51.166960,On or near Haslemere Road,E01030939,Waverley 011E,Criminal damage and arson,Investigation complete; no suspect identified,
ecf8779e36ec75130be3cd2c1850bdd8299716bd053906ac762b66b8cfe9becf,2023-06,Surrey Police,Surrey Police,-0.650277,51.163337,On or near Petworth Road,E01030939,Waverley 011E,Criminal damage and arson,Unable to prosecute suspect,
0a3c8d15c62c7576207bd8c318f7d015e23a0bce24e68875d81de43c31589b71,2023-06,Surrey Police,Surrey Police,-0.650972,51.166960,On or near Haslemere Road,E01030939,Waverley 011E,Criminal damage and arson,Unable to prosecute suspect,
bef16fd74314994d42517f131d09e517a68bd1b394d6e70f09e438490841d148,2023-06,Surrey Police,Surrey Police,-0.656940,51.167344,On or near Sandy Lane,E01030939,Waverley 011E,Vehicle crime,Investigation complete; no suspect identified,
1900e93dba3f95caf9b20e1274bde36b4d27fa51431ce87466c87839f203ad7d,2023-06,Surrey Police,Surrey Police,-0.657000,51.158855,On or near Cramhurst Lane,E01030939,Waverley 011E,Violence and sexual offences,Unable to prosecute suspect,
18794310c62a561ecc2862850381acfa168f9b8ebd8b8b24f2e6ce2d00d21055,2023-06,Surrey Police,Surrey Police,-0.657000,51.158855,On or near Cramhurst Lane,E01030939,Waverley 011E,Violence and sexual offences,Unable to prosecute suspect,
faa213d84dcde494fcb46fdc55185fc665862b66d8e15607711c168ce43bc0f8,2023-06,Surrey Police,Surrey Police,-0.657000,51.158855,On or near Cramhurst Lane,E01030939,Waverley 011E,Violence and sexual offences,Unable to prosecute suspect,
,2023-06,Surrey Police,Surrey Police,-0.625305,51.168676,On or near Chervil Close,E01030864,Waverley 012A,Anti-social behaviour,,
541526e5b83ca43485690bfd93a399be908715e6c4d3421536afaaa9899127d1,2023-06,Surrey Police,Surrey Police,-0.625892,51.166731,On or near Tarragon Way,E01030864,Waverley 012A,Criminal damage and arson,Investigation complete; no suspect identified,
437604d99c20732a111b4e318e2efd0a6d2ea79c94577b29aec1faa4822d6b27,2023-06,Surrey Police,Surrey Police,-0.529182,51.149845,On or near Pepperbox Lane,E01030864,Waverley 012A,Criminal damage and arson,Unable to prosecute suspect,
8026b1993812bf78b49ae82666d071c8afe752468b90629a08d06e13c99d4525,2023-06,Surrey Police,Surrey Police,-0.551946,51.131982,On or near Park/Open Space,E01030864,Waverley 012A,Other theft,Investigation complete; no suspect identified,
dd5181d4aa397fb00bdfaee4c78914e3fdeba25d70a2959a6fd5c28ecdc01685,2023-06,Surrey Police,Surrey Police,-0.539825,51.165545,On or near The Drive,E01030864,Waverley 012A,Public order,Formal action is not in the public interest,
b7e55700aba2cb620d4cd965d1b282f758dd85cf17d0db090ca7edfc06996bc4,2023-06,Surrey Police,Surrey Police,-0.539825,51.165545,On or near The Drive,E01030864,Waverley 012A,Violence and sexual offences,Formal action is not in the public interest,
312f044cfcb772505d8b66eb7891f5f60d61bf2615dc41ce33532206f388185e,2023-06,Surrey Police,Surrey Police,-0.546220,51.179599,On or near Birtley Road,E01030864,Waverley 012A,Violence and sexual offences,Unable to prosecute suspect,
ad3844f7aa3728b389562f6c43a19c94b847c552ca8597d77d05764030f09bd1,2023-06,Surrey Police,Surrey Police,-0.568759,51.145210,On or near Nore Lane,E01030864,Waverley 012A,Violence and sexual offences,Unable to prosecute suspect,
ae7f2504a923bdd1b7605d1316d9690979138516059eac187facc1b53880ebf2,2023-06,Surrey Police,Surrey Police,-0.625892,51.166731,On or near Tarragon Way,E01030864,Waverley 012A,Violence and sexual offences,Unable to prosecute suspect,
,2023-06,Surrey Police,Surrey Police,-0.645939,51.139052,On or near Gurdon'S Lane,E01030941,Waverley 012C,Anti-social behaviour,,
f79754fa97127bd65c20c7e6f2cc30eec58ca50bc08459c37b55601369d1fd24,2023-06,Surrey Police,Surrey Police,-0.642480,51.136620,On or near Petworth Road,E01030941,Waverley 012C,Violence and sexual offences,Unable to prosecute suspect,
adc62355081d250f9228b23f91acf3c8d2c967f8882195a70cb2cd13c82616c0,2023-06,Surrey Police,Surrey Police,-0.659903,51.157378,On or near Gasden Lane,E01030941,Waverley 012C,Violence and sexual offences,Unable to prosecute suspect,
7f638d70b1b13f551f0f59cffccb8e5784789db10ca686c3477a5cfdbce9b86a,2023-06,Surrey Police,Surrey Police,-0.642480,51.136620,On or near Petworth Road,E01030941,Waverley 012C,Other crime,Action to be taken by another organisation,
08571737cf80493c2d39f0498db7e6675f8eb7626067c965c89aa6fb9b24c453,2023-06,Surrey Police,Surrey Police,-0.645630,51.141333,On or near Culmer Hill,E01030941,Waverley 012C,Other crime,Status update unavailable,
6e79980acea5ccf6cee99452d487b7ed147744cda8bcf04ae6bfe9613b30c567,2023-06,Surrey Police,Surrey Police,-0.642480,51.136620,On or near Petworth Road,E01030941,Waverley 012C,Other crime,Action to be taken by another organisation,
8dfbc897397df7d5f17cc88a1dd11b220d5a7b6e79899612a22acc8e9831c2cb,2023-06,Surrey Police,Surrey Police,-0.641895,51.157053,On or near Park/Open Space,E01030942,Waverley 012D,Burglary,Investigation complete; no suspect identified,
c64ee8b0128f70f18451f985e6775e51ab563aed4d7d043017404073f669cebb,2023-06,Surrey Police,Surrey Police,-0.624816,51.136513,On or near Maltlhouse Lane,E01030942,Waverley 012D,Violence and sexual offences,Unable to prosecute suspect,
1a090f18d6e39183e9fe166bb85d35e37be5243e67ed7cbf7a745d7fcfd03795,2023-06,Surrey Police,Surrey Police,-0.597657,51.134670,On or near Upper Vann Lane,E01030942,Waverley 012D,Violence and sexual offences,Unable to prosecute suspect,
,2023-06,Surrey Police,Surrey Police,-0.652689,51.155640,On or near Sunny Hill,E01030943,Waverley 012E,Anti-social behaviour,,
,2023-06,Surrey Police,Surrey Police,-0.649477,51.154003,On or near Malthouse Mead,E01030943,Waverley 012E,Anti-social behaviour,,
9762dd9a65f4a03b54863772c6b98aadd2a7660729755b4accab3ed623963955,2023-06,Surrey Police,Surrey Police,-0.652521,51.153067,On or near Chichester Close,E01030943,Waverley 012E,Other theft,Investigation complete; no suspect identified,
,2023-06,Surrey Police,Surrey Police,-0.473146,51.144739,On or near Park Drive,E01030871,Waverley 013B,Anti-social behaviour,,
11d23c99d7152d3ed8be06cdb3ea2131045ec4c7554001158f9b194ab7b2e283,2023-06,Surrey Police,Surrey Police,-0.473146,51.144739,On or near Park Drive,E01030871,Waverley 013B,Burglary,Status update unavailable,
5dc88abb4d3fb8e3737f533c1d65282a4ecc5c2a9bc213ec32e59833fdbe47da,2023-06,Surrey Police,Surrey Police,-0.472236,51.143279,On or near Epsom Place,E01030871,Waverley 013B,Criminal damage and arson,Investigation complete; no suspect identified,
11f480e85fb4510da4b8c8f69e8869885769679c4685a2fa176cf8a5f1e7f81a,2023-06,Surrey Police,Surrey Police,-0.461715,51.143249,On or near Bracken Lane,E01030871,Waverley 013B,Other crime,Investigation complete; no suspect identified,
,2023-06,Surrey Police,Surrey Police,-0.484125,51.140835,On or near Parking Area,E01030872,Waverley 013C,Anti-social behaviour,,
6fe81635f46ea6dfdf4b3d1827db4391edf11d93d9f9f3fe6556b892e34a0243,2023-06,Surrey Police,Surrey Police,-0.486271,51.143839,On or near Parsonage Road,E01030872,Waverley 013C,Burglary,Investigation complete; no suspect identified,
5601676487750aa8020acede4df23c1922467afa4da11bc1c30f23e95c00ad28,2023-06,Surrey Police,Surrey Police,-0.484125,51.140835,On or near Parking Area,E01030872,Waverley 013C,Public order,Local resolution,
1953cadf78ffb8a49a2f893de31e361ddbb90166023a846e9e008a9190a056a4,2023-06,Surrey Police,Surrey Police,-0.478756,51.145846,On or near Killicks,E01030872,Waverley 013C,Public order,Further action is not in the public interest,
da09b1dcd24b4bd452247dc5e96f7bb0f3a3dd3ae3c362530d58841b81c253ac,2023-06,Surrey Police,Surrey Police,-0.483914,51.149015,On or near Hilliards View,E01030872,Waverley 013C,Public order,Unable to prosecute suspect,
7a1c1d770a738338c15d860ce035b691f3038cff0fbf47ba9e413fec729c58c7,2023-06,Surrey Police,Surrey Police,-0.479456,51.143697,On or near Ewhurst Road,E01030872,Waverley 013C,Vehicle crime,Investigation complete; no suspect identified,
0207f52001de5b7cc8a98709fd44e7d28924c6def882941155264cc761a1d871,2023-06,Surrey Police,Surrey Police,-0.484602,51.147649,On or near Wyphurst Road,E01030872,Waverley 013C,Violence and sexual offences,Investigation complete; no suspect identified,
d50f355f28324a397e649617f847ce61d58eb99e41bf164e9bbece56e50b1514,2023-06,Surrey Police,Surrey Police,-0.485116,51.146810,On or near Thistley Lane,E01030872,Waverley 013C,Violence and sexual offences,Unable to prosecute suspect,
b66b085505103ac31e75b28a6f4940546261480ee032e75e86a98b1c2ea88846,2023-06,Surrey Police,Surrey Police,-0.473924,51.141961,On or near Grange Park,E01030873,Waverley 013D,Vehicle crime,Investigation complete; no suspect identified,
dbd8bae9d8b7ea9ba20cb3f18bb07dde1b5364bf33b33e3a62ca3d4c49c0e115,2023-06,Surrey Police,Surrey Police,-0.492876,51.149104,On or near Horseshoe Lane,E01030874,Waverley 013E,Criminal damage and arson,Unable to prosecute suspect,
f5e569e2bae15fbc8f6576beadaf698807e400f762b849aa2f720ba7217eb4d9,2023-06,Surrey Police,Surrey Police,-0.499724,51.144565,On or near Park/Open Space,E01030874,Waverley 013E,Vehicle crime,Investigation complete; no suspect identified,
6bf86d96ebe49fbf8a0f15ca75335a62e798b79ee867ec4174dcbb8f30bba02e,2023-06,Surrey Police,Surrey Police,-0.504194,51.147073,On or near Woodcote,E01030874,Waverley 013E,Violence and sexual offences,Status update unavailable,
e4ff3c94b9721d59e4fcf56c0baef4965095f11d30f91d33d1657ea353ff2578,2023-06,Surrey Police,Surrey Police,-0.505584,51.141201,On or near Tuckers Drive,E01030875,Waverley 013F,Other theft,Offender given a caution,
3164ddd7ae1b720da18ee4f80698547b0f1e2ec4748308a1880c15f53cdd49ba,2023-06,Surrey Police,Surrey Police,-0.489584,51.141751,On or near Shopping Area,E01030875,Waverley 013F,Other crime,Unable to prosecute suspect,
,2023-06,Surrey Police,Surrey Police,-0.503760,51.142356,On or near Maple Road,E01030875,Waverley 013F,Anti-social behaviour,,
,2023-06,Surrey Police,Surrey Police,-0.504120,51.138745,On or near Betony Close,E01030875,Waverley 013F,Anti-social behaviour,,
,2023-06,Surrey Police,Surrey Police,-0.503760,51.142356,On or near Maple Road,E01030875,Waverley 013F,Anti-social behaviour,,
,2023-06,Surrey Police,Surrey Police,-0.502569,51.144625,On or near Park/Open Space,E01030875,Waverley 013F,Anti-social behaviour,,
,2023-06,Surrey Police,Surrey Police,-0.503760,51.142356,On or near Maple Road,E01030875,Waverley 013F,Anti-social behaviour,,
,2023-06,Surrey Police,Surrey Police,-0.505584,51.141201,On or near Tuckers Drive,E01030875,Waverley 013F,Anti-social behaviour,,
1d1fc28485b6056fff72c23e97a51f778947138018069080ec6374841222c5b0,2023-06,Surrey Police,Surrey Police,-0.509618,51.141576,On or near Elm Park,E01030875,Waverley 013F,Criminal damage and arson,Investigation complete; no suspect identified,
c1f33063de81a376cf908ddec4b87e2229931891c002202bcc0a5a971ee43ade,2023-06,Surrey Police,Surrey Police,-0.491818,51.141618,On or near Supermarket,E01030875,Waverley 013F,Other theft,Investigation complete; no suspect identified,
9e14f885614c89a26de3667b0ee74c499ef64c1d5a5d1b34349dbfe84da2212c,2023-06,Surrey Police,Surrey Police,-0.506760,51.143302,On or near Lashmere,E01030875,Waverley 013F,Public order,Investigation complete; no suspect identified,
8ca13b8962504c713579ffb1c0ee88e22b26f89ac8d7f82cf606d284cecba6ec,2023-06,Surrey Police,Surrey Police,-0.488860,51.141148,On or near Bloggs Way,E01030875,Waverley 013F,Public order,Further investigation is not in the public interest,
6d820529fe14eb5686e86c5e695ed1e09f02654615a5d304b2e4dff83f44b0a2,2023-06,Surrey Police,Surrey Police,-0.503760,51.142356,On or near Maple Road,E01030875,Waverley 013F,Public order,Investigation complete; no suspect identified,
0bf6a35832d673683775e04803beeb73c83428b3005b56ca2b0ac9324c3372ec,2023-06,Surrey Police,Surrey Police,-0.487904,51.139805,On or near Parking Area,E01030875,Waverley 013F,Public order,Investigation complete; no suspect identified,
284262e04413e10953a9e4c4ee52a421949df0e89c9f03ebefa08886800a33da,2023-06,Surrey Police,Surrey Police,-0.491818,51.141618,On or near Supermarket,E01030875,Waverley 013F,Violence and sexual offences,Unable to prosecute suspect,
d7697f6c7679c354422ab05e88ff443979b0d9c8cd643d8c17f94ecbaf1178f7,2023-06,Surrey Police,Surrey Police,-0.504120,51.138745,On or near Betony Close,E01030875,Waverley 013F,Violence and sexual offences,Unable to prosecute suspect,
149f5204cc91947a82be61a20fc4accef3acdab47aaa44080c18035aa3ec8bae,2023-06,Surrey Police,Surrey Police,-0.489584,51.141751,On or near Shopping Area,E01030875,Waverley 013F,Other crime,Unable to prosecute suspect,
1e4f322b888716bedca9cad93e78539bcb8f0a47bb07ffbd14abea08e2529b5d,2023-06,Surrey Police,Surrey Police,-0.479207,51.131688,On or near Farrier Lane,E01030876,Waverley 013G,Burglary,Status update unavailable,
91c96a4246a9c6772d53fbf079e3b1261905939ea81128ea7fcfb46aecabbfb4,2023-06,Surrey Police,Surrey Police,-0.483520,51.137895,On or near Hitherwood,E01030876,Waverley 013G,Violence and sexual offences,Further investigation is not in the public interest,
72114df830836c37922d0968898effe5a0238ac44b8172109bfb296ed2bb564e,2023-06,Surrey Police,Surrey Police,-0.483168,51.132082,On or near Pelham Drive,E01030876,Waverley 013G,Violence and sexual offences,Unable to prosecute suspect,
ec5148b6e63d3b5ae79852f96074c42c9bfc7a3dcc3e0da122a51bf521b5922e,2023-06,Surrey Police,Surrey Police,-0.486351,51.140495,On or near Hospital,E01030876,Waverley 013G,Violence and sexual offences,Unable to prosecute suspect,
47b91fe7d67dea6369a7426fcea938a03c9a44ef7e64adc03a4ca91615288ccc,2023-06,Surrey Police,Surrey Police,-0.479207,51.131688,On or near Farrier Lane,E01030876,Waverley 013G,Violence and sexual offences,Unable to prosecute suspect,
6dcaa305235e3a1db52e036f6ead8583dc24278ebe79446a0acb3f69893dbf53,2023-06,Surrey Police,Surrey Police,-0.483520,51.137895,On or near Hitherwood,E01030876,Waverley 013G,Violence and sexual offences,Further investigation is not in the public interest,
707ccc33ca752e0aa2335f140261b9015001219359937670b6722163a3d41e80,2023-06,Surrey Police,Surrey Police,-0.479207,51.131688,On or near Farrier Lane,E01030876,Waverley 013G,Violence and sexual offences,Unable to prosecute suspect,
fe2c3053b7db78f67d1187b2f133273017e46777b0fb403440408d96322d1c47,2023-06,Surrey Police,Surrey Police,-0.483907,51.137019,On or near Wellwynds Road,E01030876,Waverley 013G,Violence and sexual offences,Local resolution,
28f67e9b8b1e1b3fa061ff8aceb3aeb66df18c4ee13dd5e56f0e779c537ed6fd,2023-06,Surrey Police,Surrey Police,-0.528036,51.095506,On or near Rosemary Lane,E01030862,Waverley 015A,Burglary,Status update unavailable,
59ebd40e588576207d7e84e15fbe3933070143812f75edcf5dd648839cd56507,2023-06,Surrey Police,Surrey Police,-0.478071,51.108877,On or near Park/Open Space,E01030862,Waverley 015A,Burglary,Status update unavailable,
34a729aeef293ec5453d89f33bffa2c84a3f16edf1f5f3113c46fe295e01dfd8,2023-06,Surrey Police,Surrey Police,-0.423317,51.107963,On or near Furzen Lane,E01030862,Waverley 015A,Burglary,Status update unavailable,
bd451922299026e516d3bbb9b252bb4e70b4512316c69cb26309123058be7fb9,2023-06,Surrey Police,Surrey Police,-0.510135,51.104893,On or near Petrol Station,E01030862,Waverley 015A,Burglary,Status update unavailable,
4d0e255b9d159546d35a3b06f229d21ebb9acd00d5f15205f8769fb6e5438d5c,2023-06,Surrey Police,Surrey Police,-0.514140,51.109782,On or near Alfold By-Pass,E01030862,Waverley 015A,Criminal damage and arson,Unable to prosecute suspect,
4adb0617b654d31f27a644b6bb5a00958a44cc31794dd225e4b64ea1eedad82f,2023-06,Surrey Police,Surrey Police,-0.510135,51.104893,On or near Petrol Station,E01030862,Waverley 015A,Other theft,Investigation complete; no suspect identified,
2d2fe5a15c020ad26f1581469bc6819ce68aaf93a6f6b98060f13b226db97f5e,2023-06,Surrey Police,Surrey Police,-0.510135,51.104893,On or near Petrol Station,E01030862,Waverley 015A,Shoplifting,Investigation complete; no suspect identified,
b84d846951accfe910dd56b7e58ec3da58c9d705001001f1082a626f9d8c1543,2023-06,Surrey Police,Surrey Police,-0.510135,51.104893,On or near Petrol Station,E01030862,Waverley 015A,Shoplifting,Investigation complete; no suspect identified,
e7e4c586ac8202e175d59d32e002f4d73c96255a24e5994d74d6c8b1baaafa08,2023-06,Surrey Police,Surrey Police,-0.510135,51.104893,On or near Petrol Station,E01030862,Waverley 015A,Shoplifting,Investigation complete; no suspect identified,
9553abe850770d8890de450cb62b4c758551e203a0306ffb935b34dada4bc7b7,2023-06,Surrey Police,Surrey Police,-0.510135,51.104893,On or near Petrol Station,E01030862,Waverley 015A,Shoplifting,Unable to prosecute suspect,
f3b66343f28daaa254678b4b1d40116f3b869432f589b26ac68149b97061a440,2023-06,Surrey Police,Surrey Police,-0.510135,51.104893,On or near Petrol Station,E01030862,Waverley 015A,Shoplifting,Investigation complete; no suspect identified,
db0baea52b29c38853b143325804699fa96259d4de069572daf6a84be1633c8c,2023-06,Surrey Police,Surrey Police,-0.510135,51.104893,On or near Petrol Station,E01030862,Waverley 015A,Shoplifting,Investigation complete; no suspect identified,
7d66753eddf2c80c2b3d4996fc5a6cab1eb048fd65740d9fc2f59e10e1a2a4f7,2023-06,Surrey Police,Surrey Police,-0.527740,51.138559,On or near Horsham Road,E01030862,Waverley 015A,Vehicle crime,Investigation complete; no suspect identified,
9ea46cbcc3a23dc246b768e0f281f386d2e6e74f3ae0626e68a5278319b2e5ab,2023-06,Surrey Police,Surrey Police,-0.434027,51.102603,On or near Hermongers Lane,E01030862,Waverley 015A,Vehicle crime,Unable to prosecute suspect,
a4727700348ee9eaed0fd490947f7d928097c55760764dbf1ab01d2180d2e57d,2023-06,Surrey Police,Surrey Police,-0.530422,51.106741,On or near Sachel Court Road,E01030862,Waverley 015A,Violence and sexual offences,Unable to prosecute suspect,
885b929be7c22849109be71481351efe14cd26e22d268437add7a06f2d68319c,2023-06,Surrey Police,Surrey Police,-0.514140,51.109782,On or near Alfold By-Pass,E01030862,Waverley 015A,Violence and sexual offences,Unable to prosecute suspect,
dcb67dd8c124a7361077a72ed304c11379ff0001cf65c4175d20a66988646d8f,2023-06,Surrey Police,Surrey Police,-0.514140,51.109782,On or near Alfold By-Pass,E01030862,Waverley 015A,Violence and sexual offences,Unable to prosecute suspect,
,2023-06,Surrey Police,Surrey Police,-0.562054,51.119895,On or near Nugent Close,E01030867,Waverley 015B,Anti-social behaviour,,
,2023-06,Surrey Police,Surrey Police,-0.584844,51.113824,On or near Deerlands Lane,E01030867,Waverley 015B,Anti-social behaviour,,
41ba480823e595d42a6708c7e3349c53ac32a019456f70fc8c2ceadb9c9719dc,2023-06,Surrey Police,Surrey Police,-0.562003,51.120632,On or near Gratton Chase,E01030867,Waverley 015B,Burglary,Investigation complete; no suspect identified,
9afc6c5f4e28bbafc42a7964b89092e0a818afa80f1d047c8be5b461af816922,2023-06,Surrey Police,Surrey Police,-0.562003,51.120632,On or near Gratton Chase,E01030867,Waverley 015B,Burglary,Status update unavailable,
a58bdb3a32703df9c2a2d261a72a10523534ac3d8fe1a98468ac1548795162bf,2023-06,Surrey Police,Surrey Police,-0.563730,51.109637,On or near Chapel Hill,E01030867,Waverley 015B,Burglary,Investigation complete; no suspect identified,
0f08be8514054a62945dd8f8c0dbdf20b5d227dfcd1a8ec727594328d2585823,2023-06,Surrey Police,Surrey Police,-0.616462,51.117593,On or near Skinners Lane,E01030867,Waverley 015B,Criminal damage and arson,Investigation complete; no suspect identified,
dfcb30f09a38a8df7147dcc161894741c6560909687636a851a501c88fb2a13f,2023-06,Surrey Police,Surrey Police,-0.561904,51.124263,On or near Windways,E01030867,Waverley 015B,Violence and sexual offences,Unable to prosecute suspect,
,2023-06,Surrey Police,Surrey Police,-0.627675,51.110459,On or near The Green,E01030869,Waverley 015D,Anti-social behaviour,,
b17523ee62d09e77029131500eb171b803900e42ed0366b1be7fdb8a0a4b68a5,2023-06,Surrey Police,Surrey Police,-0.673897,51.085228,On or near Killinghurst Lane,E01030869,Waverley 015D,Burglary,Status update unavailable,
8b32730b40bd7d1a7c5ac68d6a3fa6ac62c8b80212bef314b3ed23853b4e242b,2023-06,Surrey Police,Surrey Police,-0.629839,51.109270,On or near St Marys Mill,E01030869,Waverley 015D,Vehicle crime,Investigation complete; no suspect identified,
75889ff0ad91a0b2f04d3778bbfe94a8613b1efe6b54484fd52bb123d7cbee2d,2023-06,Surrey Police,Surrey Police,-0.627675,51.110459,On or near The Green,E01030869,Waverley 015D,Vehicle crime,Investigation complete; no suspect identified,
2a176c6ffdf97521bf789251113c9cda79e475aa3e2a192e687500f61e7e93c9,2023-06,Surrey Police,Surrey Police,-0.629839,51.109270,On or near St Marys Mill,E01030869,Waverley 015D,Vehicle crime,Investigation complete; no suspect identified,
704cc86455d5588a7ba072aba9b99d60d1af72bea2110f8c9bba4089c66a0457,2023-06,Surrey Police,Surrey Police,-0.628644,51.107161,On or near Turners Mead,E01030869,Waverley 015D,Vehicle crime,Investigation complete; no suspect identified,
9a004e1de868cff696b91fcec21268d8cba6c293917c5163f2ebd88acada5499,2023-06,Surrey Police,Surrey Police,-0.673897,51.085228,On or near Killinghurst Lane,E01030869,Waverley 015D,Violence and sexual offences,Unable to prosecute suspect,
,2023-06,Surrey Police,Surrey Police,-0.439849,51.154497,On or near Oak Close,E01030880,Waverley 015E,Anti-social behaviour,,
0988db644e9b0eff8811f7c497b3c1040d8dde4db475e965c1e209291422604b,2023-06,Surrey Police,Surrey Police,-0.451318,51.168148,On or near Moon Hall Road,E01030880,Waverley 015E,Burglary,Investigation complete; no suspect identified,
38545bfc577cd274e5d125e314e97de6980a71e9bb4225b0a84c51ca52fc5b33,2023-06,Surrey Police,Surrey Police,-0.443845,51.157716,On or near Shere Road,E01030880,Waverley 015E,Burglary,Status update unavailable,
1745d6a6118900e8e63ea86134c8f511e7d974278f880cd6b75f3f2277856b77,2023-06,Surrey Police,Surrey Police,-0.443845,51.157716,On or near Shere Road,E01030880,Waverley 015E,Burglary,Status update unavailable,
88c4ead6ee387b3a994c128ed3bbb39571363b477fcff635992435dab1e00799,2023-06,Surrey Police,Surrey Police,-0.443845,51.157716,On or near Shere Road,E01030880,Waverley 015E,Burglary,Status update unavailable,
0ea9358ba8539d80c3a2488d4a6fcdad039ac5c85198cae7f82dab77d15ceb00,2023-06,Surrey Police,Surrey Police,-0.426433,51.151665,On or near North Breache Lane,E01030880,Waverley 015E,Criminal damage and arson,Investigation complete; no suspect identified,
cba2f488440de19f07172dedbd6aa22b75b74d8add4de2a116e17c5254cb95a9,2023-06,Surrey Police,Surrey Police,-0.455668,51.169815,On or near Pitch Hill,E01030880,Waverley 015E,Criminal damage and arson,Investigation complete; no suspect identified,
3d0ccd2594b167953179095a58b8cd6fdb4892403280d2b61eabe41115433310,2023-06,Surrey Police,Surrey Police,-0.436313,51.155484,On or near Farthingham Lane,E01030880,Waverley 015E,Other theft,Investigation complete; no suspect identified,
63f4b605bfdf27156248f52921790fb93de82e913fadcb681272479f950a42f6,2023-06,Surrey Police,Surrey Police,-0.451318,51.168148,On or near Moon Hall Road,E01030880,Waverley 015E,Other theft,Investigation complete; no suspect identified,
47e75329655f50ff12a18345a1b422849b0b4c362a0131d07ada81d5befb39d0,2023-06,Surrey Police,Surrey Police,-0.424818,51.135258,On or near Horsham Lane,E01030880,Waverley 015E,Other theft,Investigation complete; no suspect identified,
38cb07071bf0a2d12a4739d0657b1fc31e33fe67071c64e828390ab83c93492c,2023-06,Surrey Police,Surrey Police,-0.437468,51.152190,On or near Mapledrakes Road,E01030880,Waverley 015E,Other theft,Investigation complete; no suspect identified,
c11267beaa56735539c86558a01c328ad920edb4aa6bbcc8a7e735081fdc3dea,2023-06,Surrey Police,Surrey Police,-0.440071,51.151317,On or near Mount Close,E01030880,Waverley 015E,Vehicle crime,Investigation complete; no suspect identified,
1c77d0139322c36aa98883e6c4ad90d3d2054a9eb98000d861797560a3841b5e,2023-06,Surrey Police,Surrey Police,-0.448985,51.162217,On or near Coneyhurst Lane,E01030880,Waverley 015E,Vehicle crime,Investigation complete; no suspect identified,
0e6d23df5210b6d17bb376a740d8c49abf7672fef3524196a4a3e386e16746df,2023-06,Surrey Police,Surrey Police,-0.439752,51.153561,On or near The Glebe,E01030880,Waverley 015E,Violence and sexual offences,Unable to prosecute suspect,
290ad6b020d4f2bf8294fdaddc6a480beb48df3edb7df075d73af591daf0e5f9,2023-06,Surrey Police,Surrey Police,-0.436365,51.145062,On or near The Green,E01030880,Waverley 015E,Violence and sexual offences,Further investigation is not in the public interest,
2d58d6343134d8b11279922272b742e66afec8765dd0c5dca529488af61fa072,2023-06,Surrey Police,Surrey Police,-0.439752,51.153561,On or near The Glebe,E01030880,Waverley 015E,Violence and sexual offences,Unable to prosecute suspect,
94f13127a707fb51d4f4ff9c2963bcb1aaf6490fd3b0dcfa75f25cb61a7108aa,2023-06,Surrey Police,Surrey Police,-0.437468,51.152190,On or near Mapledrakes Road,E01030880,Waverley 015E,Violence and sexual offences,Unable to prosecute suspect,
bb0f15fd8a3845769ef3b3f9a73ba71e3489eca856dd70040d2208032547e0a8,2023-06,Surrey Police,Surrey Police,-0.445798,51.160871,On or near Shere Road,E01030880,Waverley 015E,Other crime,Unable to prosecute suspect,
,2023-06,Surrey Police,Surrey Police,-0.710470,51.085466,On or near Hill Road,E01030930,Waverley 016A,Anti-social behaviour,,
5af7a82e60ee7e3b1009f28f70a5ac2e64c63680d3d15929a87c2bb945e69620,2023-06,Surrey Police,Surrey Police,-0.709979,51.083582,On or near Old Haslemere Road,E01030930,Waverley 016A,Burglary,Status update unavailable,
3146476f485bb17d3c4099752c849d6bc0cf5e3a36ad6300f2db5bb470e2024a,2023-06,Surrey Police,Surrey Police,-0.711794,51.086120,On or near Half Moon Hill,E01030930,Waverley 016A,Criminal damage and arson,Investigation complete; no suspect identified,
ec4855381f1656a521c351560a4cd9a765db4678014ff019dbf4f5cdecc7dd7f,2023-06,Surrey Police,Surrey Police,-0.710435,51.087750,On or near B2131,E01030930,Waverley 016A,Public order,Unable to prosecute suspect,
bfb981fab8045a675a1104b176f3801deb13bbf3e2231790494d5a0aa2af971c,2023-06,Surrey Police,Surrey Police,-0.710435,51.087750,On or near B2131,E01030930,Waverley 016A,Public order,Unable to prosecute suspect,
65fc5c76b03f976fe932a9f34e3094f4da4e331b340803ec6f4cd32b4669a228,2023-06,Surrey Police,Surrey Police,-0.712623,51.087621,On or near Shepherd'S Hill,E01030930,Waverley 016A,Vehicle crime,Investigation complete; no suspect identified,
,2023-06,Surrey Police,Surrey Police,-0.722446,51.088673,On or near Parking Area,E01030931,Waverley 016B,Anti-social behaviour,,
,2023-06,Surrey Police,Surrey Police,-0.722446,51.088673,On or near Parking Area,E01030931,Waverley 016B,Anti-social behaviour,,
,2023-06,Surrey Police,Surrey Police,-0.722446,51.088673,On or near Parking Area,E01030931,Waverley 016B,Anti-social behaviour,,
b20f64cd4a51bf27bd7f8c0f65e1070883da2a8a5a6d62fb6417e67709a84c30,2023-06,Surrey Police,Surrey Police,-0.718289,51.084617,On or near St Andrews Close,E01030931,Waverley 016B,Criminal damage and arson,Investigation complete; no suspect identified,
73059b51ee5e381460396b98aeae1901d4d138602f3286d0da8e0a02b5b94f66,2023-06,Surrey Police,Surrey Police,-0.722446,51.088673,On or near Parking Area,E01030931,Waverley 016B,Vehicle crime,Investigation complete; no suspect identified,
cdcfcfa20bcfe78c6f8f1bb995fa304cfe2db7ddddb888850adee63b08827914,2023-06,Surrey Police,Surrey Police,-0.713836,51.091744,On or near Church Road,E01030931,Waverley 016B,Vehicle crime,Investigation complete; no suspect identified,
9a11524819e6fd177183da2d294ab3299e9d054a27aeaaf953edfdcae11bca20,2023-06,Surrey Police,Surrey Police,-0.721653,51.086893,On or near Longdene Road,E01030931,Waverley 016B,Vehicle crime,Investigation complete; no suspect identified,
,2023-06,Surrey Police,Surrey Police,-0.712245,51.100388,On or near Park/Open Space,E01030932,Waverley 016C,Anti-social behaviour,,
,2023-06,Surrey Police,Surrey Police,-0.712245,51.100388,On or near Park/Open Space,E01030932,Waverley 016C,Anti-social behaviour,,
,2023-06,Surrey Police,Surrey Police,-0.691564,51.104258,On or near Grayswood Road,E01030932,Waverley 016C,Anti-social behaviour,,
90accc11415394824356fddf3500ab4ab028f0cde1524130ea2dee47149beebf,2023-06,Surrey Police,Surrey Police,-0.692199,51.104544,On or near Church Close,E01030932,Waverley 016C,Burglary,Status update unavailable,
3a05a088f36378e7c352009318f76b66b9858a84509ee69e89267a5a28a51c3e,2023-06,Surrey Police,Surrey Police,-0.707742,51.096749,On or near Puckshott Way,E01030932,Waverley 016C,Burglary,Status update unavailable,
aa7aa4802c45fc4740fede6e014e144d6fd72d88dd85f5bcd418cc3efb4c1d1b,2023-06,Surrey Police,Surrey Police,-0.700734,51.096114,On or near Grays Close,E01030932,Waverley 016C,Violence and sexual offences,Investigation complete; no suspect identified,
36ecba9c8284d3a3a05f389121819e6521a21f07910cb2b2a22b3f0f192cd3da,2023-06,Surrey Police,Surrey Police,-0.707742,51.096749,On or near Puckshott Way,E01030932,Waverley 016C,Violence and sexual offences,Further investigation is not in the public interest,
4ac27c94e7553eb5d93fc6486b50cf7985363ecbb3ea9711a45223dbb245a052,2023-06,Surrey Police,Surrey Police,-0.711489,51.103148,On or near Park/Open Space,E01030932,Waverley 016C,Violence and sexual offences,Court result unavailable,
da10c0990db523412d367bcf5b3524cfee7fa7d3ed04e0d54e30d27b172a4dcb,2023-06,Surrey Police,Surrey Police,-0.700734,51.096114,On or near Grays Close,E01030932,Waverley 016C,Violence and sexual offences,Investigation complete; no suspect identified,
,2023-06,Surrey Police,Surrey Police,-0.708424,51.089185,On or near High Street,E01030933,Waverley 016D,Anti-social behaviour,,
,2023-06,Surrey Police,Surrey Police,-0.710394,51.088694,On or near Shopping Area,E01030933,Waverley 016D,Anti-social behaviour,,
,2023-06,Surrey Police,Surrey Police,-0.710105,51.089833,On or near George Denyer Close,E01030933,Waverley 016D,Anti-social behaviour,,
,2023-06,Surrey Police,Surrey Police,-0.711532,51.094516,On or near Kiln Avenue,E01030933,Waverley 016D,Anti-social behaviour,,
,2023-06,Surrey Police,Surrey Police,-0.711138,51.088657,On or near Parking Area,E01030933,Waverley 016D,Anti-social behaviour,,
8290bba11b015a1272e9eea08e46be75f714483341645bfc991112c3baf5d407,2023-06,Surrey Police,Surrey Police,-0.711532,51.094516,On or near Kiln Avenue,E01030933,Waverley 016D,Criminal damage and arson,Court result unavailable,
366159f10b6cfbe1df700c137359918b622151084c64f86e522f79d59d9a0d11,2023-06,Surrey Police,Surrey Police,-0.711532,51.094516,On or near Kiln Avenue,E01030933,Waverley 016D,Other theft,Investigation complete; no suspect identified,
7fbb6898dfea47bb7d3cbb0d1cfeecdaba0a0c20ca46b665897814949c94ead9,2023-06,Surrey Police,Surrey Police,-0.710825,51.089112,On or near West Street,E01030933,Waverley 016D,Public order,Investigation complete; no suspect identified,
82276012ecc5a9097095d420b9bca8e4b4aedafafbe5f0bed49e1326cff9a301,2023-06,Surrey Police,Surrey Police,-0.710790,51.088842,On or near Supermarket,E01030933,Waverley 016D,Shoplifting,Unable to prosecute suspect,
3e0cd88aae77384e818741937c24cfb3d1ba18b211bca5c871cee45f82f3b11f,2023-06,Surrey Police,Surrey Police,-0.710394,51.088694,On or near Shopping Area,E01030933,Waverley 016D,Shoplifting,Investigation complete; no suspect identified,
03c31bc804f5ab1b272a14c000373df15f0a9862afd6fea048a4fb59580a690f,2023-06,Surrey Police,Surrey Police,-0.710790,51.088842,On or near Supermarket,E01030933,Waverley 016D,Shoplifting,Unable to prosecute suspect,
7bd921f4798b6d61cef9ade68d55187fd0e5663c8d55e1fb0022b597f4f6265a,2023-06,Surrey Police,Surrey Police,-0.711532,51.094516,On or near Kiln Avenue,E01030933,Waverley 016D,Violence and sexual offences,Unable to prosecute suspect,
a9d66d8f7b1e57c4cf8feb82cf978072b5c7e33077a3ed98475f8c27c4ad87fb,2023-06,Surrey Police,Surrey Police,-0.711532,51.094516,On or near Kiln Avenue,E01030933,Waverley 016D,Violence and sexual offences,Unable to prosecute suspect,
16d157cdae87e33e910bcfb944b9e7b994e70e6fe75dc4d364d885035a024952,2023-06,Surrey Police,Surrey Police,-0.711428,51.091061,On or near Fieldway,E01030933,Waverley 016D,Other crime,Further investigation is not in the public interest,
3b0e62e4efb437c004be4e926cc9e788a066ef47e127e3abf653177ee51e6ce1,2023-06,Surrey Police,Surrey Police,-0.711428,51.091061,On or near Fieldway,E01030933,Waverley 016D,Other crime,Unable to prosecute suspect,
,2023-06,Surrey Police,Surrey Police,-0.732900,51.091206,On or near Lion Lane,E01030926,Waverley 017A,Anti-social behaviour,,
5ef17c2709bbdd3f0539cc76e5aa533aceca76393565ed1e1c9d92e6f9255025,2023-06,Surrey Police,Surrey Police,-0.741192,51.087168,On or near Manor Lea,E01030926,Waverley 017A,Criminal damage and arson,Investigation complete; no suspect identified,
9a9d649d1956dccacb936b43e0f98a96d9aa50667008fbdc893282d69f692518,2023-06,Surrey Police,Surrey Police,-0.739125,51.089664,On or near Buffbeards Lane,E01030926,Waverley 017A,Violence and sexual offences,Unable to prosecute suspect,
f7c20ccf3f8473960a6a7e862905101cd3a4993198a184870fe732af8598dcc3,2023-06,Surrey Police,Surrey Police,-0.750838,51.088971,On or near Lower Hanger,E01030927,Waverley 017B,Criminal damage and arson,Investigation complete; no suspect identified,
f6427619f44df02070b66e1c3d34de759f8eb5b8cd54c1bbdaaa1bc5c0ab554e,2023-06,Surrey Police,Surrey Police,-0.750838,51.088971,On or near Lower Hanger,E01030927,Waverley 017B,Criminal damage and arson,Investigation complete; no suspect identified,
0960de22db947b52996d4ac945dc05c7b834337019447b02570ef0437a5c79f9,2023-06,Surrey Police,Surrey Police,-0.747660,51.086626,On or near Oak Tree Lane,E01030927,Waverley 017B,Possession of weapons,Court result unavailable,
afe5c18a8fc2fbd84245c9ed665e14ce588e557fa4f63e88d1e054de8cbc4295,2023-06,Surrey Police,Surrey Police,-0.745618,51.086119,On or near Border Road,E01030927,Waverley 017B,Vehicle crime,Unable to prosecute suspect,
ed0c9cb14496860904115eec0ff5a789266d1936f351993023241c1bc699cee4,2023-06,Surrey Police,Surrey Police,-0.745618,51.086119,On or near Border Road,E01030927,Waverley 017B,Other crime,Investigation complete; no suspect identified,
050efa4f3d9ab148944e94545a4f6c0157d4caf38c488b57a96bb4707eaadb6a,2023-06,Surrey Police,Surrey Police,-0.730333,51.086604,On or near Supermarket,E01030928,Waverley 017C,Shoplifting,Court result unavailable,
df7434a87ffcfc7e4f3a401e43b22a97b11902325851ce673632ff89f491483d,2023-06,Surrey Police,Surrey Police,-0.727201,51.086594,On or near King'S Road,E01030928,Waverley 017C,Burglary,Status update unavailable,
6e1d6a5ab037a9d7981596006548dfa56199a5b2b377c81bf354301dcc65f991,2023-06,Surrey Police,Surrey Police,-0.730333,51.086604,On or near Supermarket,E01030928,Waverley 017C,Other theft,Investigation complete; no suspect identified,
2e31eafdb23d544e364d28b6f946e70d512963098493d677bd35951fab39ef00,2023-06,Surrey Police,Surrey Police,-0.730333,51.086604,On or near Supermarket,E01030928,Waverley 017C,Shoplifting,Investigation complete; no suspect identified,
3aebfa99bd14fc03ae307f58694185966efc9fd888d81a439c345e44edd4308d,2023-06,Surrey Police,Surrey Police,-0.732283,51.086622,On or near The Meads,E01030928,Waverley 017C,Vehicle crime,Investigation complete; no suspect identified,
6b85692c431431ce1de3340ad363ffc6b498adc3138967d85399f228edb9e130,2023-06,Surrey Police,Surrey Police,-0.731881,51.084604,On or near Dale View,E01030928,Waverley 017C,Violence and sexual offences,Unable to prosecute suspect,
ce74dd951ca379b79be0b8dc9690576ed8c4e68d8a1cb5d11b4cde52892c0ca0,2023-06,Surrey Police,Surrey Police,-0.732937,51.087232,On or near Lion Mead,E01030928,Waverley 017C,Violence and sexual offences,Unable to prosecute suspect,
12d2a075bf616607c0d5aa4bd18a071fd963c6b22c6102c13dec59ee1d588f8b,2023-06,Surrey Police,Surrey Police,-0.727806,51.087949,On or near Wey Hill,E01030928,Waverley 017C,Violence and sexual offences,Court result unavailable,
,2023-06,Surrey Police,Surrey Police,-0.755196,51.098972,On or near High Pitfold,E01030929,Waverley 017D,Anti-social behaviour,,
,2023-06,Surrey Police,Surrey Police,-0.731764,51.092561,On or near The Avenue,E01030929,Waverley 017D,Anti-social behaviour,,
7fc460f4589cfbead691acd4d4f211ebcf35d3af2926c0e2b139d29fcabd4dbe,2023-06,Surrey Police,Surrey Police,-0.749625,51.091620,On or near Woolmer Hill Road,E01030929,Waverley 017D,Public order,Action to be taken by another organisation,
a47b34ff723da1de008803159411cc6ad90e1df5d63b8d54ca8fdcdaaa6ef174,2023-06,Surrey Police,Surrey Police,-0.755196,51.098972,On or near High Pitfold,E01030929,Waverley 017D,Vehicle crime,Investigation complete; no suspect identified,
,2023-06,Surrey Police,Surrey Police,-0.789887,51.152357,On or near Park/Open Space,E01030908,Waverley 018A,Anti-social behaviour,,
a98777bbe94f9a99377a98227b1f61500cde2840a49e6ced7b026192053f3ecb,2023-06,Surrey Police,Surrey Police,-0.739473,51.145655,On or near Parking Area,E01030908,Waverley 018A,Burglary,Unable to prosecute suspect,
8cd073d66cef62be3efa5e0ab28bf8b44174a311d5da9482ae3928e7dfed4e05,2023-06,Surrey Police,Surrey Police,-0.789887,51.152357,On or near Park/Open Space,E01030908,Waverley 018A,Criminal damage and arson,Investigation complete; no suspect identified,
d4f32d0f2c169aac8fdfc1048cb26ae8f563b69cb49dd0010f1b2c4ab5cb0d48,2023-06,Surrey Police,Surrey Police,-0.793417,51.152078,On or near Pond Lane,E01030908,Waverley 018A,Other theft,Investigation complete; no suspect identified,
ecddf4e6200a4f887f5d31b728b3d7702df5adcaab2af33c291fd6d65ac5f503,2023-06,Surrey Police,Surrey Police,-0.774745,51.181190,On or near The Reeds Road,E01030908,Waverley 018A,Shoplifting,Investigation complete; no suspect identified,
c466d3b60c1c76c8261734021066f4cee42a485aaa2e92b8ddc7ae4250997edd,2023-06,Surrey Police,Surrey Police,-0.758322,51.180937,On or near Park/Open Space,E01030908,Waverley 018A,Violence and sexual offences,Unable to prosecute suspect,
837226058c4e834d29dc34aae6217ef5533c049a8ceeb91a7f9b8f999e069979,2023-06,Surrey Police,Surrey Police,-0.750866,51.161577,On or near Tilford Road,E01030908,Waverley 018A,Violence and sexual offences,Investigation complete; no suspect identified,
e51536bb8e68881e31c07c804059c37a9b3a0356e22c73264217c93b60a733f6,2023-06,Surrey Police,Surrey Police,-0.753972,51.165729,On or near Grange Road,E01030908,Waverley 018A,Violence and sexual offences,Unable to prosecute suspect,
954adaef4081dd1eb987394cfb89bf805ddd645e3d159ebf3bf4e3b0ffa0b57b,2023-06,Surrey Police,Surrey Police,-0.789205,51.173158,On or near Wire Cut,E01030909,Waverley 018B,Criminal damage and arson,Local resolution,
7bfe22263f2cc51b7e3bbfab4ad11e01efef403242a5c18bbfb995ddf5d179de,2023-06,Surrey Police,Surrey Police,-0.795833,51.165268,On or near Lovers Lane,E01030909,Waverley 018B,Violence and sexual offences,Investigation complete; no suspect identified,
c034530bc6d8020ccfada03a5f877ce4f09c51a1d7c8403e20c6928b89c65ab8,2023-06,Surrey Police,Surrey Police,-0.795833,51.165268,On or near Lovers Lane,E01030909,Waverley 018B,Violence and sexual offences,Investigation complete; no suspect identified,
,2023-06,Surrey Police,Surrey Police,-0.776067,51.138274,On or near Hale House Lane,E01030910,Waverley 018C,Anti-social behaviour,,
,2023-06,Surrey Police,Surrey Police,-0.776067,51.138274,On or near Hale House Lane,E01030910,Waverley 018C,Anti-social behaviour,,
,2023-06,Surrey Police,Surrey Police,-0.776067,51.138274,On or near Hale House Lane,E01030910,Waverley 018C,Anti-social behaviour,,
6c361dd3b84a06cc9d0250aa47800d09c85e12f3d44cbfbdd844ff99e32be21e,2023-06,Surrey Police,Surrey Police,-0.749668,51.121781,On or near Beacon Hill Court,E01030934,Waverley 018D,Criminal damage and arson,Investigation complete; no suspect identified,
8f6064f7711d1772c8b6eb5eeaf0eb915c9542fe72febeaaf2c65f7eaba93a3d,2023-06,Surrey Police,Surrey Police,-0.749668,51.121781,On or near Beacon Hill Court,E01030934,Waverley 018D,Other theft,Unable to prosecute suspect,
eedae20dd9d8f55815c52023006a30494062aee731af869b12a05b874a4c7301,2023-06,Surrey Police,Surrey Police,-0.761411,51.122392,On or near Steepways,E01030935,Waverley 018E,Burglary,Status update unavailable,
9b562a020207a6a82dab4e563c690218081895b24dc88d124d753bede780decb,2023-06,Surrey Police,Surrey Police,-0.749642,51.123813,On or near Parking Area,E01030935,Waverley 018E,Vehicle crime,Investigation complete; no suspect identified,
d3ef9264b867f770194e1323138a8b36e7c278409abc90c6b038746e508eb2d4,2023-06,Surrey Police,Surrey Police,-0.749642,51.123813,On or near Parking Area,E01030935,Waverley 018E,Vehicle crime,Investigation complete; no suspect identified,
9e318f239189df59fa2428d1b2401525947250364da1217e7c999294d9818f49,2023-06,Surrey Police,Surrey Police,-0.751015,51.124269,On or near Glen Road,E01030935,Waverley 018E,Vehicle crime,Investigation complete; no suspect identified,
d7fccc1ea95e9b108723ae413afd3510e7ee36e799e6f9b174d3084da762f6a8,2023-06,Surrey Police,Surrey Police,-0.740777,51.114537,On or near Pine Bank,E01032626,Waverley 018F,Other theft,Court result unavailable,
,2023-06,Surrey Police,Surrey Police,-0.734897,51.113781,On or near Royal Huts Avenue,E01032626,Waverley 018F,Anti-social behaviour,,
,2023-06,Surrey Police,Surrey Police,-0.736085,51.112130,On or near Portsmouth Road,E01032626,Waverley 018F,Anti-social behaviour,,
8334c7438753e695802af1c84730ee79155963a7bad9881f013fa288729891f1,2023-06,Surrey Police,Surrey Police,-0.736085,51.112130,On or near Portsmouth Road,E01032626,Waverley 018F,Burglary,Status update unavailable,
86072a7572afb855b011095d4a17437ec618dd877ccb873961dd1440a8812a12,2023-06,Surrey Police,Surrey Police,-0.731606,51.113988,On or near Coopers Court,E01032626,Waverley 018F,Drugs,Local resolution,
f801be56c724314b98ad61fad2ee88a8f291f549385e8d3c31606bf9d16d46fc,2023-06,Surrey Police,Surrey Police,-0.731606,51.113988,On or near Coopers Court,E01032626,Waverley 018F,Drugs,Local resolution,
da8db3b420ca4d60ed75679208ef1c9a0a71353a73c6da37171810aa0ff02947,2023-06,Surrey Police,Surrey Police,-0.736085,51.112130,On or near Portsmouth Road,E01032626,Waverley 018F,Other theft,Action to be taken by another organisation,
46539f28301667b43c3ec3fd3a5c77c93f707962f99ebad2eb962947358782d5,2023-06,Surrey Police,Surrey Police,-0.535186,51.438802,On or near Bus/Coach Station,E01016576,Windsor and Maidenhead 016B,Other theft,Investigation complete; no suspect identified,
4c1345780af813cb2d6e71c5aa901257eb239985881d611719388c48633bdce6,2023-06,Surrey Police,Surrey Police,-0.535186,51.438802,On or near Bus/Coach Station,E01016576,Windsor and Maidenhead 016B,Vehicle crime,Investigation complete; no suspect identified,
25e232f42f69f8e7e90c05bb74f021a45abada46f7155e2c49885bdb32b500b7,2023-06,Surrey Police,Surrey Police,-0.546788,51.444072,On or near Park/Open Space,E01016576,Windsor and Maidenhead 016B,Violence and sexual offences,Status update unavailable,
,2023-06,Surrey Police,Surrey Police,-0.594282,51.440533,On or near Rhododendron Ride,E01016588,Windsor and Maidenhead 016D,Anti-social behaviour,,
0ee2aefae6a2b786879e8242036ebfa579afd19fd0136e0922e3c79c4be93381,2023-06,Surrey Police,Surrey Police,-0.650698,51.388286,On or near Devenish Lane,E01016604,Windsor and Maidenhead 018B,Shoplifting,Investigation complete; no suspect identified,
ddfe4a69428273f7bc80ecf4061be4756150826a568fb17efdfb74a9b42eabd4,2023-06,Surrey Police,Surrey Police,-0.650698,51.388286,On or near Devenish Lane,E01016604,Windsor and Maidenhead 018B,Violence and sexual offences,Unable to prosecute suspect,
,2023-06,Surrey Police,Surrey Police,-0.478918,51.335978,On or near Rectory Lane,E01030946,Woking 001A,Anti-social behaviour,,
,2023-06,Surrey Police,Surrey Police,-0.480258,51.339295,On or near Derisley Close,E01030946,Woking 001A,Anti-social behaviour,,
,2023-06,Surrey Police,Surrey Police,-0.481719,51.335492,On or near Park Close,E01030946,Woking 001A,Anti-social behaviour,,
,2023-06,Surrey Police,Surrey Police,-0.479310,51.336279,On or near Rectory Close,E01030946,Woking 001A,Anti-social behaviour,,
,2023-06,Surrey Police,Surrey Police,-0.481961,51.336887,On or near Sports/Recreation Area,E01030946,Woking 001A,Anti-social behaviour,,
39da7e60427dbf5cc3b3523e108f433e017e94b373ebc249c64fa1608f7fa1cd,2023-06,Surrey Police,Surrey Police,-0.477356,51.339770,On or near Royston Road,E01030946,Woking 001A,Criminal damage and arson,Court result unavailable,
6f33870725ae442acd56c95119ff7434c97c1140d285d4348ed1aca7f9601bd6,2023-06,Surrey Police,Surrey Police,-0.476231,51.334747,On or near Hart Road,E01030946,Woking 001A,Criminal damage and arson,Unable to prosecute suspect,
aa1163939177328cb35e9a36f2694083f159d2bcf16146b7c32710ff3e3e309f,2023-06,Surrey Police,Surrey Police,-0.475835,51.336297,On or near Eden Grove Road,E01030946,Woking 001A,Public order,Unable to prosecute suspect,
605c886c305f47b6c2fcda145225abdf9a3a2423481113e7531dd342efb30c7a,2023-06,Surrey Police,Surrey Police,-0.476231,51.334747,On or near Hart Road,E01030946,Woking 001A,Public order,Investigation complete; no suspect identified,
579d794684a8d3b0adc0f6d10b2f20a24f8f4a325ea094b00ffba4b9394fa94d,2023-06,Surrey Police,Surrey Police,-0.475835,51.336297,On or near Eden Grove Road,E01030946,Woking 001A,Public order,Investigation complete; no suspect identified,
38acbc70b805c32712ccd7d2c72b231dc98bae393f2c41eec7b471f80b537d37,2023-06,Surrey Police,Surrey Police,-0.476707,51.340342,On or near Shopping Area,E01030946,Woking 001A,Shoplifting,Investigation complete; no suspect identified,
6795882dd0075ae07c3fd67781b011b30c75d88e8cf9a19f3ff7554dfe624c4a,2023-06,Surrey Police,Surrey Police,-0.475835,51.336297,On or near Eden Grove Road,E01030946,Woking 001A,Violence and sexual offences,Unable to prosecute suspect,
714c73e04a58b67cfc7bdbf777edd955ee75798324f64452f929a37f01d4692f,2023-06,Surrey Police,Surrey Police,-0.479310,51.336279,On or near Rectory Close,E01030946,Woking 001A,Violence and sexual offences,Unable to prosecute suspect,
2f8a11d675a83cae98316f04783b9e158621076621451fc1181b730bcf649e12,2023-06,Surrey Police,Surrey Police,-0.480258,51.339295,On or near Derisley Close,E01030946,Woking 001A,Violence and sexual offences,Unable to prosecute suspect,
ca61bacedd2dd040dbda1a1d48840f6fcaab258eea48437da0a50e398f160ffd,2023-06,Surrey Police,Surrey Police,-0.477356,51.339770,On or near Royston Road,E01030946,Woking 001A,Violence and sexual offences,Court result unavailable,
8c54899eee8a01f7fcd5cf6c888c82b6a8b8204cfcc9a0a3987ef88f64fddd36,2023-06,Surrey Police,Surrey Police,-0.475835,51.336297,On or near Eden Grove Road,E01030946,Woking 001A,Violence and sexual offences,Unable to prosecute suspect,
0d3b8696dc88aa6c9866bad0fed1c79e4be39c3b0a2f427cfbb4e27746fefe21,2023-06,Surrey Police,Surrey Police,-0.475835,51.336297,On or near Eden Grove Road,E01030946,Woking 001A,Violence and sexual offences,Unable to prosecute suspect,
1324e80b01550367d43b26176605eaa82c0c081f1e3f97b8729a63aa95dbaea5,2023-06,Surrey Police,Surrey Police,-0.479255,51.338365,On or near Parking Area,E01030946,Woking 001A,Violence and sexual offences,Further investigation is not in the public interest,
893a2337005eb2fdd001c768e01ea61ab2604eb1318668e22f4b5b317627f8a1,2023-06,Surrey Police,Surrey Police,-0.479310,51.336279,On or near Rectory Close,E01030946,Woking 001A,Violence and sexual offences,Court result unavailable,
b1c1e69f910d22e46795d1f8d6187851a5682fc8a93db6146d59eac928077c31,2023-06,Surrey Police,Surrey Police,-0.479186,51.338715,On or near Stream Close,E01030946,Woking 001A,Violence and sexual offences,Unable to prosecute suspect,
19cfcf2632ae9976ac3ab972c6a8d0893d9dacf953af27a2db572c60ab848764,2023-06,Surrey Police,Surrey Police,-0.476707,51.340342,On or near Shopping Area,E01030946,Woking 001A,Violence and sexual offences,Unable to prosecute suspect,
,2023-06,Surrey Police,Surrey Police,-0.470706,51.331231,On or near Fullerton Close,E01030947,Woking 001B,Anti-social behaviour,,
,2023-06,Surrey Police,Surrey Police,-0.471003,51.332242,On or near Rutson Road,E01030947,Woking 001B,Anti-social behaviour,,
,2023-06,Surrey Police,Surrey Police,-0.469476,51.334551,On or near Manor Crescent,E01030947,Woking 001B,Anti-social behaviour,,
,2023-06,Surrey Police,Surrey Police,-0.470706,51.331231,On or near Fullerton Close,E01030947,Woking 001B,Anti-social behaviour,,
30ce2d96e11566651eef2145f8ef6acc9b87fac952c7c958f034246b35846e28,2023-06,Surrey Police,Surrey Police,-0.476064,51.331112,On or near Sanway Road,E01030947,Woking 001B,Violence and sexual offences,Investigation complete; no suspect identified,
631c5e47ca49fbf2fb7711ec7d67f0732c273ad7d13bd265edbab8ac311060b7,2023-06,Surrey Police,Surrey Police,-0.476064,51.331112,On or near Sanway Road,E01030947,Woking 001B,Violence and sexual offences,Investigation complete; no suspect identified,
5e74381be618e36c9d367138f4977221f0b6cc44faf6b5b2a2af25fec2c331a6,2023-06,Surrey Police,Surrey Police,-0.471882,51.332981,On or near Cornwall Avenue,E01030947,Woking 001B,Violence and sexual offences,Further investigation is not in the public interest,
,2023-06,Surrey Police,Surrey Police,-0.471214,51.334942,On or near Gaveston Close,E01030948,Woking 001C,Anti-social behaviour,,
,2023-06,Surrey Police,Surrey Police,-0.471214,51.334942,On or near Gaveston Close,E01030948,Woking 001C,Anti-social behaviour,,
,2023-06,Surrey Police,Surrey Police,-0.470292,51.335901,On or near Aragon Walk,E01030948,Woking 001C,Anti-social behaviour,,
eb2ce195893a410fd24f66086bb888606e1bd015ead80e8c4c16d7a3d6f5a1b6,2023-06,Surrey Police,Surrey Police,-0.475349,51.338836,On or near Beech Close,E01030948,Woking 001C,Public order,Unable to prosecute suspect,
6e1be976ebf9e8edf78418a83c9d091da7f273c67d470cb4a1a022fb551dc3aa,2023-06,Surrey Police,Surrey Police,-0.473655,51.333193,On or near Loxley Close,E01030948,Woking 001C,Violence and sexual offences,Status update unavailable,
7d6f97b780e11cc51dee2e7bd44d30b8451da78905f447f191ebd7a9128ab571,2023-06,Surrey Police,Surrey Police,-0.470454,51.338376,On or near Digby Way,E01030948,Woking 001C,Violence and sexual offences,Status update unavailable,
b0ca523adb7e7336bbb5c9615712028d5ac620bd024c4e41bbc9d46712827219,2023-06,Surrey Police,Surrey Police,-0.472154,51.338192,On or near Chuters Close,E01030948,Woking 001C,Violence and sexual offences,Unable to prosecute suspect,
3ba297209d9700da22121a84348041d9770475feeffeac1d4338e3af9adbcf9d,2023-06,Surrey Police,Surrey Police,-0.474199,51.338011,On or near The Willows,E01030948,Woking 001C,Violence and sexual offences,Investigation complete; no suspect identified,
9013d94010740f64abbb1a565fcaa437e938659ec03b1825d8bfddc5d8c3e1ca,2023-06,Surrey Police,Surrey Police,-0.472154,51.338192,On or near Chuters Close,E01030948,Woking 001C,Violence and sexual offences,Status update unavailable,
164cbc77ce5c18ecb8145002260cb1a7d01275adfb8f6a8f09252ac47552c82e,2023-06,Surrey Police,Surrey Police,-0.472154,51.338192,On or near Chuters Close,E01030948,Woking 001C,Violence and sexual offences,Unable to prosecute suspect,
9ea70049791abc2b18a652f1bd3c6394f0f53d1ee39208b583ab8970d268e2b6,2023-06,Surrey Police,Surrey Police,-0.482898,51.346316,On or near Canada Road,E01030949,Woking 001D,Other theft,Unable to prosecute suspect,
,2023-06,Surrey Police,Surrey Police,-0.481646,51.342478,On or near Ferney Road,E01030949,Woking 001D,Anti-social behaviour,,
,2023-06,Surrey Police,Surrey Police,-0.481646,51.342478,On or near Ferney Road,E01030949,Woking 001D,Anti-social behaviour,,
ab409d9f9c189fedd1cc8e0c694537bb6a076b033dcd14d46b18eb3db37a8d8a,2023-06,Surrey Police,Surrey Police,-0.482688,51.347438,On or near Dorset Way,E01030949,Woking 001D,Other theft,Investigation complete; no suspect identified,
2c41119e62ef303fc3a627bd42b11a3be84202afef7c476db4f1397480a20202,2023-06,Surrey Police,Surrey Police,-0.481646,51.342478,On or near Ferney Road,E01030949,Woking 001D,Public order,Unable to prosecute suspect,
e362e33f718ad46d7e3e9de856a5ad32529e976041b909f187c450b02ffdbd2d,2023-06,Surrey Police,Surrey Police,-0.482688,51.347438,On or near Dorset Way,E01030949,Woking 001D,Public order,Investigation complete; no suspect identified,
5cf771103c50293c88beae94513ed0722d0d795e0a7fec41823c71342bd12c60,2023-06,Surrey Police,Surrey Police,-0.478954,51.341391,On or near York Close,E01030949,Woking 001D,Vehicle crime,Investigation complete; no suspect identified,
f28a20211c4f047a5509b83cc3a35fc6f97d8f0fe66864a4e702fe2701391f2f,2023-06,Surrey Police,Surrey Police,-0.481646,51.342478,On or near Ferney Road,E01030949,Woking 001D,Violence and sexual offences,Unable to prosecute suspect,
55b429e5ade900928d46aa2ab5389565ce50290b4d74653f5a7f6de59f70854e,2023-06,Surrey Police,Surrey Police,-0.480630,51.346269,On or near Petrol Station,E01030949,Woking 001D,Violence and sexual offences,Unable to prosecute suspect,
,2023-06,Surrey Police,Surrey Police,-0.473945,51.341326,On or near Barnato Close,E01030950,Woking 001E,Anti-social behaviour,,
,2023-06,Surrey Police,Surrey Police,-0.473945,51.341326,On or near Barnato Close,E01030950,Woking 001E,Anti-social behaviour,,
595aca3d7729f01bc9d3abb5ff56083b014f8dc10674c3b5bbe7c988b278fe55,2023-06,Surrey Police,Surrey Police,-0.473741,51.339255,On or near Supermarket,E01030950,Woking 001E,Criminal damage and arson,Local resolution,
f2fa8c4b7b70334f6c7acb5f3f73858ad392e3c1e2e322c09f17548d9b81703f,2023-06,Surrey Police,Surrey Police,-0.473682,51.340612,On or near Parvis Road,E01030950,Woking 001E,Public order,Investigation complete; no suspect identified,
5fe6846ea8d22542c4d66e3b2af2f6fbfb0b1578a3f5e50406a903fb8165c34e,2023-06,Surrey Police,Surrey Police,-0.466334,51.337954,On or near Rivermead,E01030950,Woking 001E,Vehicle crime,Investigation complete; no suspect identified,
39f2f6e5f67d3373d40b1f36b663afc2145badd14b62abfdee3685df4a55d80b,2023-06,Surrey Police,Surrey Police,-0.475019,51.339686,On or near Royston Avenue,E01030950,Woking 001E,Violence and sexual offences,Unable to prosecute suspect,
1d05f507cb70c9eb1c06c4a345f8ad7b134a91575ba58bf2beea0f0b5c47fe96,2023-06,Surrey Police,Surrey Police,-0.475019,51.339686,On or near Royston Avenue,E01030950,Woking 001E,Violence and sexual offences,Investigation complete; no suspect identified,
579cb3218b688188afca8879d7b52ae8ba8e207b810fce5e87cb35a62d8caa89,2023-06,Surrey Police,Surrey Police,-0.468094,51.341547,On or near Green Lane Close,E01030950,Woking 001E,Violence and sexual offences,Unable to prosecute suspect,
,2023-06,Surrey Police,Surrey Police,-0.529672,51.324108,On or near Blackdown Close,E01030996,Woking 002A,Anti-social behaviour,,
725d88ebd9684f8e5b82d164274d6c02ea07b4bcbf8758b5bf09c23ecf9f9a29,2023-06,Surrey Police,Surrey Police,-0.515393,51.320943,On or near Manor Close,E01030996,Woking 002A,Criminal damage and arson,Investigation complete; no suspect identified,
75b31c00747d62856dd58016b7ee0d3949815fc0398af68496cf58dfcbd92495,2023-06,Surrey Police,Surrey Police,-0.529220,51.320739,On or near Pyrian Close,E01030996,Woking 002A,Violence and sexual offences,Unable to prosecute suspect,
a63cc89dd9a6f33b1fcba61e4774fb3af70cc462288b1a5c8c96076eb781cfc8,2023-06,Surrey Police,Surrey Police,-0.529220,51.320739,On or near Pyrian Close,E01030996,Woking 002A,Other crime,Unable to prosecute suspect,
,2023-06,Surrey Police,Surrey Police,-0.511544,51.326811,On or near Supermarket,E01030998,Woking 002B,Anti-social behaviour,,
5cff7a7d241d4086d49e4ea508c7284287c9c0e204fda04b5d4a4f8279ec1323,2023-06,Surrey Police,Surrey Police,-0.511544,51.326811,On or near Supermarket,E01030998,Woking 002B,Bicycle theft,Investigation complete; no suspect identified,
353b17a78370c113eb32de682ed8677aa87e898f3962ca3ead449d340377fab5,2023-06,Surrey Police,Surrey Police,-0.511544,51.326811,On or near Supermarket,E01030998,Woking 002B,Criminal damage and arson,Investigation complete; no suspect identified,
42dad60289ec2827204b7483b600ab503d1dd8ba7464c66b7370e4577af6a1d9,2023-06,Surrey Police,Surrey Police,-0.511544,51.326811,On or near Supermarket,E01030998,Woking 002B,Public order,Unable to prosecute suspect,
b46af46671a189d5f6c4c915024d4023d7c17832090bded7b155a9fc1a010e18,2023-06,Surrey Police,Surrey Police,-0.511544,51.326811,On or near Supermarket,E01030998,Woking 002B,Shoplifting,Investigation complete; no suspect identified,
e19a868227a734227078dd0a0ee6228e990350788e621865158a8cd1b4197c31,2023-06,Surrey Police,Surrey Police,-0.516504,51.323439,On or near Weston Gardens,E01030998,Woking 002B,Vehicle crime,Investigation complete; no suspect identified,
3489e548c97f5ea7eeeb3ce917e87bd994d4fa0c2f3f3dcd166c7bcfd6cf1017,2023-06,Surrey Police,Surrey Police,-0.515829,51.330129,On or near Longridge Grove,E01030998,Woking 002B,Violence and sexual offences,Unable to prosecute suspect,
8de8255c2d1e27cc3377ce5ea989e998b4bbb68f714e3e650ebd85cb30dbba5a,2023-06,Surrey Police,Surrey Police,-0.507499,51.337766,On or near Madeira Road,E01031002,Woking 002C,Burglary,Investigation complete; no suspect identified,
1713a3e4063048cbc7572b9f1ef8d35df65d88fb3a35bda230659edd0e04a9bd,2023-06,Surrey Police,Surrey Police,-0.510119,51.337107,On or near Grafton Close,E01031002,Woking 002C,Violence and sexual offences,Status update unavailable,
e102b46d7df5814ee0716dd58aaaa15f3d2969337b33f8f80babc27d60012d2a,2023-06,Surrey Police,Surrey Police,-0.506709,51.333817,On or near Elmstead Road,E01031002,Woking 002C,Violence and sexual offences,Unable to prosecute suspect,
326da8271129cabb53211c93fc099adb59c9b01c2ac688b67d7b62ff206672b5,2023-06,Surrey Police,Surrey Police,-0.506392,51.335970,On or near Petrol Station,E01031003,Woking 002D,Other theft,Court result unavailable,
,2023-06,Surrey Police,Surrey Police,-0.487123,51.344006,On or near Willow Way,E01031003,Woking 002D,Anti-social behaviour,,
ff7c5f90417bd9428bdd019c7bc6f1513131132b1235603aab847e2a9c4f0fcf,2023-06,Surrey Police,Surrey Police,-0.506392,51.335970,On or near Petrol Station,E01031003,Woking 002D,Other theft,Investigation complete; no suspect identified,
b2d41511658b665fd3b832d6fe0707085068541b7193355960f1d7f30c630703,2023-06,Surrey Police,Surrey Police,-0.506392,51.335970,On or near Petrol Station,E01031003,Woking 002D,Other theft,Investigation complete; no suspect identified,
d8bb2def7c061a48637004af28e0256e8e0df2c4ce0725ec5eff7feccf48814b,2023-06,Surrey Police,Surrey Police,-0.490906,51.345107,On or near Maxwell Drive,E01031003,Woking 002D,Public order,Status update unavailable,
0934d8d82920c72f187f2d31d4271efc1adbd1e6b6fd65f3d18a482b27f16f97,2023-06,Surrey Police,Surrey Police,-0.506392,51.335970,On or near Petrol Station,E01031003,Woking 002D,Violence and sexual offences,Unable to prosecute suspect,
6a0a144d1383b7a7c40784a964915d98a4c8f1759a944be66b9d7dff0add641c,2023-06,Surrey Police,Surrey Police,-0.490302,51.340774,On or near Blackwood Close,E01031003,Woking 002D,Violence and sexual offences,Investigation complete; no suspect identified,
,2023-06,Surrey Police,Surrey Police,-0.506526,51.336791,On or near The Close,E01031004,Woking 002E,Anti-social behaviour,,
798f06c6dff41d19a3eb294fb3960c19e3aabd24ebfd1840b418cce9f8108907,2023-06,Surrey Police,Surrey Police,-0.505423,51.339808,On or near West Byfleet,E01031004,Woking 002E,Bicycle theft,Investigation complete; no suspect identified,
9eb62c1ac79d2039de3181c328c3a3495d57f42ddbe5022c2cc619c9c37d1227,2023-06,Surrey Police,Surrey Police,-0.504121,51.341868,On or near Birchwood Drive,E01031004,Woking 002E,Criminal damage and arson,Local resolution,
696a2ea5deafc85702311d63515f74df82ae0b3d69905170c910845aacb1ca8a,2023-06,Surrey Police,Surrey Police,-0.505248,51.338142,On or near Station Approach,E01031004,Woking 002E,Public order,Unable to prosecute suspect,
21174dca3c1cac121f03b20c78817924c39d28a3596d560f26a7998266d6b8ea,2023-06,Surrey Police,Surrey Police,-0.505433,51.335959,On or near Rosemount Avenue,E01031004,Woking 002E,Violence and sexual offences,Court result unavailable,
d92ff360bba03188ee831b0fec783265ff84a3293ac30844494b54d9ca0c6dee,2023-06,Surrey Police,Surrey Police,-0.505433,51.335959,On or near Rosemount Avenue,E01031004,Woking 002E,Violence and sexual offences,Unable to prosecute suspect,
368fe9b65ab6ed399a1b772df95de9ad60cf425b023e5afacf65c82a8680ca0a,2023-06,Surrey Police,Surrey Police,-0.505433,51.335959,On or near Rosemount Avenue,E01031004,Woking 002E,Violence and sexual offences,Unable to prosecute suspect,
e7532d2f805eb98b302fac02ad0b6718ddb9c43a9cce20d1e0233888b1dfbc14,2023-06,Surrey Police,Surrey Police,-0.505433,51.335959,On or near Rosemount Avenue,E01031004,Woking 002E,Violence and sexual offences,Unable to prosecute suspect,
afd12dcf4b3d0062de61a74fe439bedbff91490700d0b61170394a7d51ccebab,2023-06,Surrey Police,Surrey Police,-0.559744,51.328978,On or near Brynford Close,E01030963,Woking 003A,Burglary,Status update unavailable,
,2023-06,Surrey Police,Surrey Police,-0.561854,51.324858,On or near Thurlton Court,E01030964,Woking 003B,Anti-social behaviour,,
,2023-06,Surrey Police,Surrey Police,-0.560743,51.331454,On or near Mylor Close,E01030964,Woking 003B,Anti-social behaviour,,
b6c53babc88a611d13167a4530cc1c5bf35cb91b24d2277ec1e1961d54eeeb9b,2023-06,Surrey Police,Surrey Police,-0.557299,51.323202,On or near The Grove,E01030964,Woking 003B,Burglary,Investigation complete; no suspect identified,
2ef901d8a12dfe5e84251f9ac2314afcac86b44f1993258f741bb69b67f435af,2023-06,Surrey Police,Surrey Police,-0.553289,51.328422,On or near Popes Lane,E01030964,Woking 003B,Other theft,Investigation complete; no suspect identified,
da3950c45b1f920765900f3c300c77e19f78ff7c86b39a9d88c3c59ec6029c2a,2023-06,Surrey Police,Surrey Police,-0.538053,51.339914,On or near Martyrs Lane,E01030965,Woking 003C,Burglary,Unable to prosecute suspect,
ed4776aa012da509702f44e0c5af4b2d00d0b736e0a95326657876c0f8eb6bf9,2023-06,Surrey Police,Surrey Police,-0.541775,51.343839,On or near Parking Area,E01030965,Woking 003C,Other theft,Unable to prosecute suspect,
3480b558857e77857782920b0b4d27b312378ff11c50d53a3cfab3a3d454815f,2023-06,Surrey Police,Surrey Police,-0.538053,51.339914,On or near Martyrs Lane,E01030965,Woking 003C,Other theft,Unable to prosecute suspect,
ae41125ee6f202611256eb71f71ea2113cd0313664ea594f53b5bfcedc1f074c,2023-06,Surrey Police,Surrey Police,-0.538053,51.339914,On or near Martyrs Lane,E01030965,Woking 003C,Burglary,Investigation complete; no suspect identified,
003bcff4e9107abb09a391721bc4230656347b864e433e7be3b582228fb7a2bf,2023-06,Surrey Police,Surrey Police,-0.538053,51.339914,On or near Martyrs Lane,E01030965,Woking 003C,Burglary,Investigation complete; no suspect identified,
800bddb45cc88c8bc9f8ab39134d056232135d35d2725adeb87d9030f50fee33,2023-06,Surrey Police,Surrey Police,-0.538053,51.339914,On or near Martyrs Lane,E01030965,Woking 003C,Criminal damage and arson,Unable to prosecute suspect,
7ad41edb5825a5b0750df776e0cc532d75930d72c0bc6f04861e5a0282b4aada,2023-06,Surrey Police,Surrey Police,-0.538607,51.333770,On or near Woodham Waye,E01030965,Woking 003C,Drugs,Unable to prosecute suspect,
3cf3a727276981dad91c7e895396cb87f394386402445ee3e3f1193f1b85c9cd,2023-06,Surrey Police,Surrey Police,-0.541775,51.343839,On or near Parking Area,E01030965,Woking 003C,Drugs,Court result unavailable,
3137d4a231daf183e636dd9b0c41184180741ce69ad27f4337bdca504ca4cb24,2023-06,Surrey Police,Surrey Police,-0.538053,51.339914,On or near Martyrs Lane,E01030965,Woking 003C,Other theft,Investigation complete; no suspect identified,
cd2aeee455d8da33356576874a66f0f7bb29b0284bd5a6c8f6fa361952522c83,2023-06,Surrey Police,Surrey Police,-0.538053,51.339914,On or near Martyrs Lane,E01030965,Woking 003C,Other theft,Investigation complete; no suspect identified,
fff9a78f95bfe3b877e8769cbfb36730ecd77cd7aa4f68c3899b01a2533b5bf6,2023-06,Surrey Police,Surrey Police,-0.538053,51.339914,On or near Martyrs Lane,E01030965,Woking 003C,Other theft,Further investigation is not in the public interest,
16799f99d26c1b99bc732e3cedad9509ce0c4627325818e332fb94356a038122,2023-06,Surrey Police,Surrey Police,-0.541798,51.333198,On or near The Riding,E01030965,Woking 003C,Vehicle crime,Investigation complete; no suspect identified,
81f95a1444c800682c972932933764e5fe0044ec19515d5054b4432352083a7f,2023-06,Surrey Police,Surrey Police,-0.541775,51.343839,On or near Parking Area,E01030965,Woking 003C,Violence and sexual offences,Court result unavailable,
dfec9da4b131434a5fe20d206953078e4d1314fc5d49dd6c6628cfb900c859a8,2023-06,Surrey Police,Surrey Police,-0.565197,51.326734,On or near Beech Gardens,E01030966,Woking 003D,Vehicle crime,Investigation complete; no suspect identified,
389a0b2086c4ded62e5ecfe699edd6e9b707144f73b984327dac2c8288f018df,2023-06,Surrey Police,Surrey Police,-0.572351,51.328377,On or near Morton Road,E01030966,Woking 003D,Violence and sexual offences,Action to be taken by another organisation,
fcd9ab9cd02a98c5b310c2d48a46f3c8057c7d52722a662a5b7e935af3bb418b,2023-06,Surrey Police,Surrey Police,-0.572351,51.328377,On or near Morton Road,E01030966,Woking 003D,Other crime,Investigation complete; no suspect identified,
c6a29a25bdb52d1a61899150d4aa8a5bae982b780f2dbacc508e679f4fc3ce10,2023-06,Surrey Police,Surrey Police,-0.609921,51.337165,On or near Guildford Road,E01030967,Woking 003E,Criminal damage and arson,Investigation complete; no suspect identified,
,2023-06,Surrey Police,Surrey Police,-0.569901,51.323626,On or near Wilson Way,E01030968,Woking 003F,Anti-social behaviour,,
b81195f3dc3faac76be525b7052e863398db73c7c6db8fcbdbcbed277a0015fc,2023-06,Surrey Police,Surrey Police,-0.570384,51.324252,On or near Pares Close,E01030968,Woking 003F,Criminal damage and arson,Investigation complete; no suspect identified,
113dd7333b17ee02ee2c2821adf29d6c7f6b378632410da39174555e7645b369,2023-06,Surrey Police,Surrey Police,-0.570384,51.324252,On or near Pares Close,E01030968,Woking 003F,Criminal damage and arson,Investigation complete; no suspect identified,
32e9353facb1fc05a13ec521dbcc7567a407ab75926e79cfca2072dc72afff25,2023-06,Surrey Police,Surrey Police,-0.561318,51.321345,On or near Parking Area,E01030968,Woking 003F,Criminal damage and arson,Investigation complete; no suspect identified,
937464c68ef5bc5d13df52d2b323302b6d4eee7f7128efe208396ce8e4adab57,2023-06,Surrey Police,Surrey Police,-0.560855,51.322832,On or near Broomhall Road,E01030968,Woking 003F,Other theft,Investigation complete; no suspect identified,
5393e354aea6ff75d6bff50929c9016babe896bfe56bdbfb283c800858fa336c,2023-06,Surrey Police,Surrey Police,-0.560855,51.322832,On or near Broomhall Road,E01030968,Woking 003F,Other theft,Investigation complete; no suspect identified,
9ed6ef678e0640b717dda49fabc4f19f149a048bf1d3f77c762c429ad8a56db9,2023-06,Surrey Police,Surrey Police,-0.560842,51.324172,On or near Broomhall End,E01030968,Woking 003F,Public order,Status update unavailable,
253eec16f74c1bac4e885cc43e855a4245f822cfc458b0119a899e271d274c7b,2023-06,Surrey Police,Surrey Police,-0.560855,51.322832,On or near Broomhall Road,E01030968,Woking 003F,Violence and sexual offences,Unable to prosecute suspect,
914b82f559d8e9890294a81418f63ca34c161a7895af43d835f2f77d2d3d7151,2023-06,Surrey Police,Surrey Police,-0.564327,51.322875,On or near Graylands Close,E01030968,Woking 003F,Violence and sexual offences,Court result unavailable,
c11a009ac4e1248baedd7d2f61aa69b32969afa792ec897b167203b97b2c2a43,2023-06,Surrey Police,Surrey Police,-0.569901,51.323626,On or near Wilson Way,E01030968,Woking 003F,Violence and sexual offences,Court result unavailable,
b3dfdce244da41505e809ca277a8c411e509b1eca2233e7db06afb47fb932367,2023-06,Surrey Police,Surrey Police,-0.565264,51.322301,On or near Horsell Park,E01030968,Woking 003F,Violence and sexual offences,Court result unavailable,
1a634ac75b01c608ec50bf1356dd7b0a7298af5b618a144cfc28adbdc775093b,2023-06,Surrey Police,Surrey Police,-0.564202,51.323655,On or near Hopfield,E01030968,Woking 003F,Violence and sexual offences,Unable to prosecute suspect,
1ac2ce8beb8b652a676f3db448a5908596c35640da5c9e7da1bb6f902d074f7a,2023-06,Surrey Police,Surrey Police,-0.569901,51.323626,On or near Wilson Way,E01030968,Woking 003F,Violence and sexual offences,Investigation complete; no suspect identified,
,2023-06,Surrey Police,Surrey Police,-0.542469,51.325149,On or near Monument Mews,E01030980,Woking 004A,Anti-social behaviour,,
,2023-06,Surrey Police,Surrey Police,-0.542469,51.325149,On or near Monument Mews,E01030980,Woking 004A,Anti-social behaviour,,
,2023-06,Surrey Police,Surrey Police,-0.545385,51.324187,On or near Kingsmead,E01030980,Woking 004A,Anti-social behaviour,,
1aa668f1f5d1fbf36fc8d1d1d9950e53da754c4000a6b55675d023a8c0f9600b,2023-06,Surrey Police,Surrey Police,-0.544709,51.324665,On or near Kilrush Terrace,E01030980,Woking 004A,Burglary,Status update unavailable,
c84ec1cb4f937593d3ba0d441d58901de160bba1dff2a81396b9c97f6b2d926b,2023-06,Surrey Police,Surrey Police,-0.542920,51.326774,On or near Monument Road,E01030980,Woking 004A,Other theft,Unable to prosecute suspect,
ddc7db4dcc73ea67350dbefcc355c9600e4de424a085cd5bf0ffbe9d90d004e9,2023-06,Surrey Police,Surrey Police,-0.549323,51.322645,On or near Hall Place,E01030980,Woking 004A,Public order,Investigation complete; no suspect identified,
020217e3d8df3414363239424d501dea1d3c989380a3d869de8a135785997cff,2023-06,Surrey Police,Surrey Police,-0.544718,51.326194,On or near Boundary Way,E01030980,Woking 004A,Public order,Unable to prosecute suspect,
7d65c0b62dbb1794976e991b23e01dde55c8c315e1d37ba65fb66e01a7afef63,2023-06,Surrey Police,Surrey Police,-0.548472,51.323695,On or near Walton Road,E01030980,Woking 004A,Violence and sexual offences,Unable to prosecute suspect,
7d5fac6734461c9b41fb07baae91098aa55cfa90a5f03c5a985c17349868d091,2023-06,Surrey Police,Surrey Police,-0.542469,51.325149,On or near Monument Mews,E01030980,Woking 004A,Violence and sexual offences,Further investigation is not in the public interest,
5da0fc538242ef3fb15cc786f86783b4884b6fcf0fe7d25a76941e83683f7990,2023-06,Surrey Police,Surrey Police,-0.548472,51.323695,On or near Walton Road,E01030980,Woking 004A,Violence and sexual offences,Unable to prosecute suspect,
bbf1e6714b0ef31689de0fa26421dc2e8d0f107aebf96cbd2d82c32eba719e4e,2023-06,Surrey Police,Surrey Police,-0.542920,51.326774,On or near Monument Road,E01030980,Woking 004A,Violence and sexual offences,Status update unavailable,
bd8cf7282bf5ccd22342d468982601d7b139d53150eb0740eaf64dce46001894,2023-06,Surrey Police,Surrey Police,-0.545454,51.324260,On or near Kings Road,E01030980,Woking 004A,Violence and sexual offences,Unable to prosecute suspect,
19510b0fe35a408048306075c178ea395912a076d6ef03873a17a36ef6aa9d91,2023-06,Surrey Police,Surrey Police,-0.549323,51.322645,On or near Hall Place,E01030980,Woking 004A,Violence and sexual offences,Investigation complete; no suspect identified,
94192cb935fd01c1ce2c631e96202ee6c0a68165fc123e3e2f7cb40222a089fd,2023-06,Surrey Police,Surrey Police,-0.544269,51.325415,On or near Kerry Terrace,E01030980,Woking 004A,Violence and sexual offences,Unable to prosecute suspect,
399850f50c9176b7c635d8e09059129a9e6ecc106d5ef9569ff5aa9aaa2b4128,2023-06,Surrey Police,Surrey Police,-0.549323,51.322645,On or near Hall Place,E01030980,Woking 004A,Violence and sexual offences,Investigation complete; no suspect identified,
,2023-06,Surrey Police,Surrey Police,-0.531999,51.320900,On or near Linkway,E01030981,Woking 004B,Anti-social behaviour,,
44f16b34a9cd52b322851797062c666537d4590a19cc382c6094a6a8c46a3a16,2023-06,Surrey Police,Surrey Police,-0.536086,51.325052,On or near Princess Road,E01030981,Woking 004B,Burglary,Status update unavailable,
62bdbe513a00c8aee35bf8ca1daa682d150eaefa92568e3ab8c346b135247940,2023-06,Surrey Police,Surrey Police,-0.536086,51.325052,On or near Princess Road,E01030981,Woking 004B,Other theft,Investigation complete; no suspect identified,
6ade9c4d59901c994850f6e19f801b32f6360663cc20c60de7e32f6f32567a98,2023-06,Surrey Police,Surrey Police,-0.531645,51.322541,On or near Windsor Way,E01030981,Woking 004B,Public order,Unable to prosecute suspect,
c429602323759c622928c999a23fc8b99b92c08f5669d5554d72c0f2ba5b8231,2023-06,Surrey Police,Surrey Police,-0.536086,51.325052,On or near Princess Road,E01030981,Woking 004B,Public order,Unable to prosecute suspect,
45480588c52f7ad4482888806d7d6cd36e3e01b73a7b9964eb448e8a3b5431de,2023-06,Surrey Police,Surrey Police,-0.530393,51.322202,On or near Balmoral Drive,E01030981,Woking 004B,Vehicle crime,Investigation complete; no suspect identified,
2f3f09a7f7c8b2228d6586bf7e301f07d3cc244d82e08880e5d2a1b997658014,2023-06,Surrey Police,Surrey Police,-0.536086,51.325052,On or near Princess Road,E01030981,Woking 004B,Violence and sexual offences,Unable to prosecute suspect,
1359e0bf92a90e12bc201cbd88007a946e28048dfe10b99c52b3090c473c036e,2023-06,Surrey Police,Surrey Police,-0.534274,51.323815,On or near Beaufort Close,E01030981,Woking 004B,Violence and sexual offences,Unable to prosecute suspect,
e0becd0f68e35cd884fc302a5b4c2f90617f9cf56659dbb0788e649a4a324fb2,2023-06,Surrey Police,Surrey Police,-0.536086,51.325052,On or near Princess Road,E01030981,Woking 004B,Violence and sexual offences,Unable to prosecute suspect,
acb0c39372874e7be28bc602ebf9101f05cd98fbe1bb11bb1f46225d15f8beb6,2023-06,Surrey Police,Surrey Police,-0.552635,51.324097,On or near Chertsey Road,E01030983,Woking 004D,Criminal damage and arson,Investigation complete; no suspect identified,
48c83c833197922cd9a7cddb0837e80d66822f57276a0791d1cb2ecb834e3e65,2023-06,Surrey Police,Surrey Police,-0.553043,51.321171,On or near Burleigh Gardens,E01030983,Woking 004D,Violence and sexual offences,Unable to prosecute suspect,
,2023-06,Surrey Police,Surrey Police,-0.549397,51.324840,On or near Molloy Court,E01030983,Woking 004D,Anti-social behaviour,,
,2023-06,Surrey Police,Surrey Police,-0.552635,51.324097,On or near Chertsey Road,E01030983,Woking 004D,Anti-social behaviour,,
,2023-06,Surrey Police,Surrey Police,-0.552208,51.322168,On or near Portugal Road,E01030983,Woking 004D,Anti-social behaviour,,
,2023-06,Surrey Police,Surrey Police,-0.550230,51.322539,On or near Lancaster Close,E01030983,Woking 004D,Anti-social behaviour,,
,2023-06,Surrey Police,Surrey Police,-0.549184,51.323389,On or near North Road,E01030983,Woking 004D,Anti-social behaviour,,
,2023-06,Surrey Police,Surrey Police,-0.549397,51.324840,On or near Molloy Court,E01030983,Woking 004D,Anti-social behaviour,,
,2023-06,Surrey Police,Surrey Police,-0.549184,51.323389,On or near North Road,E01030983,Woking 004D,Anti-social behaviour,,
be915b247b9211dc737351ecf30a0a448b42c752e1ecf23885aab4137f60a9b5,2023-06,Surrey Police,Surrey Police,-0.552208,51.322168,On or near Portugal Road,E01030983,Woking 004D,Bicycle theft,Unable to prosecute suspect,
6e608fa3abeeea1aef82178ee326129f609c6f19170badfd3bd0a955e58bdae7,2023-06,Surrey Police,Surrey Police,-0.549397,51.324840,On or near Molloy Court,E01030983,Woking 004D,Criminal damage and arson,Unable to prosecute suspect,
11db470e207124e56ff98b03af7dfcb035499c148d6c7a247cf231f6907022b6,2023-06,Surrey Police,Surrey Police,-0.549397,51.324840,On or near Molloy Court,E01030983,Woking 004D,Criminal damage and arson,Unable to prosecute suspect,
fcc1c56bf75c760eb9d55ca7fbd1ea6f63c396a3387b4c2bc58088224bbf19b7,2023-06,Surrey Police,Surrey Police,-0.552208,51.322168,On or near Portugal Road,E01030983,Woking 004D,Criminal damage and arson,Status update unavailable,
f60cc1a1c58c2f30d4ee127dab620c0e6d0362eaea803c741f4d6371e201b687,2023-06,Surrey Police,Surrey Police,-0.549397,51.324840,On or near Molloy Court,E01030983,Woking 004D,Other theft,Unable to prosecute suspect,
613b74bc530a16db2643de05f0f9b024e8dd3f6153157705c17c7e725c01d30b,2023-06,Surrey Police,Surrey Police,-0.547344,51.325327,On or near Omega Road,E01030983,Woking 004D,Other theft,Investigation complete; no suspect identified,
68661f2712c9f56a0716e95d38281b0d0619cc53e5d9cfe75d8a1b99936f6d1a,2023-06,Surrey Police,Surrey Police,-0.549397,51.324840,On or near Molloy Court,E01030983,Woking 004D,Public order,Unable to prosecute suspect,
8b526440d57b9a2a8aac2ce095ef8ea83cb33591d8f0d088b54b5f8edbc83827,2023-06,Surrey Police,Surrey Police,-0.549397,51.324840,On or near Molloy Court,E01030983,Woking 004D,Public order,Investigation complete; no suspect identified,
ea5753ed634c8e4f26aafcd03aefb856b9d14e499876b6d44f01e91868e0f613,2023-06,Surrey Police,Surrey Police,-0.549184,51.323389,On or near North Road,E01030983,Woking 004D,Public order,Investigation complete; no suspect identified,
9a763210c6cee317c8532b5de8619065ce9f47d96c3c68be72203eccd47a8063,2023-06,Surrey Police,Surrey Police,-0.553043,51.321171,On or near Burleigh Gardens,E01030983,Woking 004D,Robbery,Unable to prosecute suspect,
2011115fd7c26e8ab173aa55dacf50be33ed29e6b02d743019a9d36233385e39,2023-06,Surrey Police,Surrey Police,-0.552694,51.321311,On or near Grove Road,E01030983,Woking 004D,Violence and sexual offences,Unable to prosecute suspect,
b7bdd9036a989dc2942e0a04c82561ea5809600c993a01bf372b8f6f4a5b5109,2023-06,Surrey Police,Surrey Police,-0.551013,51.322279,On or near Marlborough Road,E01030983,Woking 004D,Violence and sexual offences,Status update unavailable,
ae42a6c661600e2ed688701c82f3fc7bf5d7736bb20b132bcb0380e59da7fa16,2023-06,Surrey Police,Surrey Police,-0.551394,51.323417,On or near Bedser Close,E01030983,Woking 004D,Violence and sexual offences,Unable to prosecute suspect,
d39fd307f818a08f96a00e4ada9277f4a9c29c42f92dc60d0801c89abe5a345e,2023-06,Surrey Police,Surrey Police,-0.552208,51.322168,On or near Portugal Road,E01030983,Woking 004D,Violence and sexual offences,Status update unavailable,
4957df044da76b9e9a99a36365839b01871941a29257def2441b281a94650f67,2023-06,Surrey Police,Surrey Police,-0.549184,51.323389,On or near North Road,E01030983,Woking 004D,Violence and sexual offences,Status update unavailable,
c06abb8e9a60714884d906f23b71786ac769f484b36fda4d03df50922700b510,2023-06,Surrey Police,Surrey Police,-0.551394,51.323417,On or near Bedser Close,E01030983,Woking 004D,Violence and sexual offences,Further investigation is not in the public interest,
9df3f90cd19aa61d87edf0e2d7f9384bbed954b724e5ee6d058c8d8adda8244e,2023-06,Surrey Police,Surrey Police,-0.552208,51.322168,On or near Portugal Road,E01030983,Woking 004D,Violence and sexual offences,Action to be taken by another organisation,
f95a571966df39128872a1104f9b8d3c4fdd53ab8b3e2783dc93f5c0fba86c57,2023-06,Surrey Police,Surrey Police,-0.550230,51.322539,On or near Lancaster Close,E01030983,Woking 004D,Violence and sexual offences,Status update unavailable,
bb481389bd26018efb3416cee18dc114626e1f9eb851e6457dbab4e34d407185,2023-06,Surrey Police,Surrey Police,-0.552694,51.321311,On or near Grove Road,E01030983,Woking 004D,Violence and sexual offences,Investigation complete; no suspect identified,
,2023-06,Surrey Police,Surrey Police,-0.522804,51.336386,On or near Lambourne Crescent,E01030984,Woking 004E,Anti-social behaviour,,
,2023-06,Surrey Police,Surrey Police,-0.516962,51.338156,On or near Sheerwater Road,E01030984,Woking 004E,Anti-social behaviour,,
,2023-06,Surrey Police,Surrey Police,-0.521758,51.336787,On or near Sandalwood Close,E01030984,Woking 004E,Anti-social behaviour,,
,2023-06,Surrey Police,Surrey Police,-0.532085,51.329894,On or near Forsyth Road,E01030984,Woking 004E,Anti-social behaviour,,
063de2b5de770de5caa97eec1700157bf00a9a8b17cac89b6775376176fa6a7b,2023-06,Surrey Police,Surrey Police,-0.527484,51.331922,On or near Henslow Way,E01030984,Woking 004E,Drugs,Local resolution,
9d40946fcfe16d52e3b911f860e5bcc685b18b23c173962f444c71b54a96cb75,2023-06,Surrey Police,Surrey Police,-0.532085,51.329894,On or near Forsyth Road,E01030984,Woking 004E,Other theft,Investigation complete; no suspect identified,
861f1ff2644d90ee28f9a98ac9169365d5d764e38bc05e193b859aebe247c32a,2023-06,Surrey Police,Surrey Police,-0.521821,51.337066,On or near Lockwood Path,E01030984,Woking 004E,Other theft,Investigation complete; no suspect identified,
a73aae44a7d44c8b1198ca8d0c65a373f8a721ce313d877879e4fe13240ded51,2023-06,Surrey Police,Surrey Police,-0.527384,51.334160,On or near Devonshire Avenue,E01030984,Woking 004E,Other theft,Status update unavailable,
2a7fd0644b9e92604fe9959fbe2ad723b3aba1ae2b2871d81582757901ac95c3,2023-06,Surrey Police,Surrey Police,-0.530481,51.332023,On or near Albert Drive,E01030984,Woking 004E,Other theft,Investigation complete; no suspect identified,
6bfeda2d72d12cd644cf8a899dda2c4ef845c665454085597e6ef683b4a0ff77,2023-06,Surrey Police,Surrey Police,-0.530511,51.330620,On or near Petrol Station,E01030984,Woking 004E,Public order,Unable to prosecute suspect,
cff8ee31ac9f8d94ab9e52a4a1f7f8520472345e6fcefb380271754da3a9c2e9,2023-06,Surrey Police,Surrey Police,-0.522804,51.336386,On or near Lambourne Crescent,E01030984,Woking 004E,Public order,Further investigation is not in the public interest,
e9b6d2a0c678a13e5bfaa9af8c50283b661a9e2e971ba81559f142dd6c0ec879,2023-06,Surrey Police,Surrey Police,-0.527484,51.331922,On or near Henslow Way,E01030984,Woking 004E,Public order,Unable to prosecute suspect,
3113d5eb9454958129f8cd950f5aa3e02b1976601c24aa4b060a761516f9c3da,2023-06,Surrey Police,Surrey Police,-0.530481,51.332023,On or near Albert Drive,E01030984,Woking 004E,Vehicle crime,Investigation complete; no suspect identified,
acd8091d37b08209f0d813006e5c936f716a8e2e5802ea92b0d3e655cecfa14a,2023-06,Surrey Police,Surrey Police,-0.527484,51.331922,On or near Henslow Way,E01030984,Woking 004E,Violence and sexual offences,Unable to prosecute suspect,
2b82b8e5b0bc296e5aab231677d29017453cf48c1d66b240fc80a8fc55441a6d,2023-06,Surrey Police,Surrey Police,-0.521758,51.336787,On or near Sandalwood Close,E01030984,Woking 004E,Violence and sexual offences,Status update unavailable,
7f3e7cd28658435987bb1486000cc35db6653ba7e0dcaa7ba70207c3b946f0f4,2023-06,Surrey Police,Surrey Police,-0.522804,51.336386,On or near Lambourne Crescent,E01030984,Woking 004E,Violence and sexual offences,Action to be taken by another organisation,
dc579d0810ba4edf221edddcff84c2cf73fadf89b107d306d01941267e094c55,2023-06,Surrey Police,Surrey Police,-0.527484,51.331922,On or near Henslow Way,E01030984,Woking 004E,Violence and sexual offences,Unable to prosecute suspect,
44689318f97934709f82af89adbc5282db7dc100354adad67fd8b4970300f104,2023-06,Surrey Police,Surrey Police,-0.526624,51.332343,On or near Albert Drive,E01030984,Woking 004E,Violence and sexual offences,Unable to prosecute suspect,
995b87e69e1b1406a9244ad9739b521c20aa102500be14afa82b13997071ace7,2023-06,Surrey Police,Surrey Police,-0.527384,51.334160,On or near Devonshire Avenue,E01030984,Woking 004E,Violence and sexual offences,Further investigation is not in the public interest,
2a6f24ff9ee8d8d232fd25abd9c87b412e0b0830de87a227728a4d22b702079a,2023-06,Surrey Police,Surrey Police,-0.539664,51.326265,On or near Arnold Road,E01034293,Woking 004G,Violence and sexual offences,Unable to prosecute suspect,
,2023-06,Surrey Police,Surrey Police,-0.539960,51.324624,On or near Beta Road,E01034293,Woking 004G,Anti-social behaviour,,
,2023-06,Surrey Police,Surrey Police,-0.541089,51.325690,On or near Arnold Road,E01034293,Woking 004G,Anti-social behaviour,,
,2023-06,Surrey Police,Surrey Police,-0.530736,51.334373,On or near Hennessy Court,E01034293,Woking 004G,Anti-social behaviour,,
,2023-06,Surrey Police,Surrey Police,-0.534784,51.330314,On or near River Court,E01034293,Woking 004G,Anti-social behaviour,,
81edc263ca193be8826268cd34ef3a1fe2eba1f0396f62b15edcf2ad10f9709b,2023-06,Surrey Police,Surrey Police,-0.530736,51.334373,On or near Hennessy Court,E01034293,Woking 004G,Criminal damage and arson,Investigation complete; no suspect identified,
36d6222a2044150a6a7c4c85876fcf579b44acb19f3d0c00b34fa0522744596e,2023-06,Surrey Police,Surrey Police,-0.528539,51.335272,On or near Loder Close,E01034293,Woking 004G,Criminal damage and arson,Investigation complete; no suspect identified,
32e65a60659b1bd4cde9a4b9228730e985c6211e33d3ba7ab527609e4028e15d,2023-06,Surrey Police,Surrey Police,-0.541035,51.327398,On or near Monument Way East,E01034293,Woking 004G,Drugs,Further investigation is not in the public interest,
5099b75e05f7582f16eb0f68eacb8846b32fdad2374c1ff06d4c47149f396370,2023-06,Surrey Police,Surrey Police,-0.540434,51.322795,On or near Petrol Station,E01034293,Woking 004G,Other theft,Investigation complete; no suspect identified,
fe8faf9fc59806cf4615e176cb5313feac48e2c64126c62cfc115619a0a113c2,2023-06,Surrey Police,Surrey Police,-0.535511,51.330935,On or near Bateson Way,E01034293,Woking 004G,Other theft,Unable to prosecute suspect,
6d2ce8bb13035fe43e5dea597b99f005f9fb6883741df2629bf4d8747db3ec64,2023-06,Surrey Police,Surrey Police,-0.530736,51.334373,On or near Hennessy Court,E01034293,Woking 004G,Possession of weapons,Further investigation is not in the public interest,
bbd3c21550bb2ef3c44a2f2191cc419a93213f511c0b305f750ad0edf49c0a89,2023-06,Surrey Police,Surrey Police,-0.538136,51.329646,On or near Perrin Court,E01034293,Woking 004G,Public order,Investigation complete; no suspect identified,
5443969d341f382650df5ba7195060a9a300da1d73c1b47c435ba167d595b596,2023-06,Surrey Police,Surrey Police,-0.530987,51.332811,On or near St Lukes Court,E01034293,Woking 004G,Violence and sexual offences,Unable to prosecute suspect,
01264d5e857736cfe74ed859b88ba4a73978c6502f014511938b11882a95aaa3,2023-06,Surrey Police,Surrey Police,-0.536160,51.329945,On or near Bentham Avenue,E01034293,Woking 004G,Violence and sexual offences,Investigation complete; no suspect identified,
1316bdb06b8efa989826dc30cf6bae363ba2053ca5951c156f3b75d0fde3bf4a,2023-06,Surrey Police,Surrey Police,-0.537598,51.322634,On or near Oak Lane,E01034293,Woking 004G,Violence and sexual offences,Unable to prosecute suspect,
588ef560af89b68175a99b8faa97ffda67c81c40572dc5234244dcdbeae59ffc,2023-06,Surrey Police,Surrey Police,-0.540421,51.323667,On or near Pollard Road,E01034293,Woking 004G,Violence and sexual offences,Further investigation is not in the public interest,
a472cbdd2a967897363652a8d4e2dcbba222db01ee753959116c9fcdcff3af93,2023-06,Surrey Police,Surrey Police,-0.534389,51.331892,On or near Bunyard Drive,E01034293,Woking 004G,Violence and sexual offences,Investigation complete; no suspect identified,
8cd6708e1532042a459a4a77d85393cc5bd05ed6da4aa5b2aaad0a51f9d232d1,2023-06,Surrey Police,Surrey Police,-0.539664,51.326265,On or near Arnold Road,E01034293,Woking 004G,Violence and sexual offences,Unable to prosecute suspect,
98e1ea8846853cd5054d7e57df93f8fa86a4cffbc8fca07cd26b6aa7b7e254e3,2023-06,Surrey Police,Surrey Police,-0.540309,51.322686,On or near Orchard Close,E01034293,Woking 004G,Violence and sexual offences,Local resolution,
ae92e85f2ce7b2cbc4e1ff99cc5a7f3e4f2bc412db6d0203e1f622f454fbb300,2023-06,Surrey Police,Surrey Police,-0.536160,51.329945,On or near Bentham Avenue,E01034293,Woking 004G,Violence and sexual offences,Unable to prosecute suspect,
4cb63b26a99fde94ad4804033df063a315b312ac7f64e08637fdbfe3731269ae,2023-06,Surrey Police,Surrey Police,-0.540421,51.323667,On or near Pollard Road,E01034293,Woking 004G,Violence and sexual offences,Unable to prosecute suspect,
aa680a17fe8341ed7bd4992839f17b839ad65bda9f02f144fe330a1ba818dbad,2023-06,Surrey Police,Surrey Police,-0.541035,51.327398,On or near Monument Way East,E01034293,Woking 004G,Violence and sexual offences,Unable to prosecute suspect,
f73fd2729887117e84139cb2239d8345ef42a747835a922a2c8b6fb1b7d6a6b4,2023-06,Surrey Police,Surrey Police,-0.537445,51.325635,On or near Alpha Road,E01034293,Woking 004G,Violence and sexual offences,Unable to prosecute suspect,
0e0e64b359390c2de851ab048850b7aa49134a518a3ed82eaa25101e2d5b0129,2023-06,Surrey Police,Surrey Police,-0.536160,51.329945,On or near Bentham Avenue,E01034293,Woking 004G,Violence and sexual offences,Unable to prosecute suspect,
,2023-06,Surrey Police,Surrey Police,-0.588045,51.322578,On or near Willowmead Close,E01030951,Woking 005A,Anti-social behaviour,,
,2023-06,Surrey Police,Surrey Police,-0.588866,51.320601,On or near Veryan,E01030951,Woking 005A,Anti-social behaviour,,
4ebecd5882788ab07a387533ea6933593ad7cc33d476dd68dd1cd1cdaff7ebc4,2023-06,Surrey Police,Surrey Police,-0.581222,51.319070,On or near Hallington Close,E01030951,Woking 005A,Criminal damage and arson,Further action is not in the public interest,
ab08a6f049ca935f0b66100be2e771faf5081296131380f9177e9ca4e2ebc0ca,2023-06,Surrey Police,Surrey Police,-0.581222,51.319070,On or near Hallington Close,E01030951,Woking 005A,Other theft,Investigation complete; no suspect identified,
a53be0999735d46676e990ec7c495adfccd9f0eca0e0d81c92fab7009026383a,2023-06,Surrey Police,Surrey Police,-0.588866,51.320601,On or near Veryan,E01030951,Woking 005A,Violence and sexual offences,Investigation complete; no suspect identified,
c8d3947f57c5c21859ce6e8d3e3be962e3b891a0f7d7927a7a60016eae196a0d,2023-06,Surrey Police,Surrey Police,-0.588866,51.320601,On or near Veryan,E01030951,Woking 005A,Violence and sexual offences,Unable to prosecute suspect,
939bbf3ce8f368de02c1eac6a1d6a2f44093db7fe83849ae819325a3969e84cf,2023-06,Surrey Police,Surrey Police,-0.583433,51.319951,On or near Sythwood,E01030951,Woking 005A,Violence and sexual offences,Unable to prosecute suspect,
2ca1a6aee82a4d5b31bf38099f23e8b4bfd54a89b8876be8b908fe75b94f9dd0,2023-06,Surrey Police,Surrey Police,-0.581732,51.322538,On or near Tracious Close,E01030952,Woking 005B,Violence and sexual offences,Court result unavailable,
,2023-06,Surrey Police,Surrey Police,-0.582329,51.321331,On or near Cobbetts Close,E01030952,Woking 005B,Anti-social behaviour,,
,2023-06,Surrey Police,Surrey Police,-0.582329,51.321331,On or near Cobbetts Close,E01030952,Woking 005B,Anti-social behaviour,,
2f80160da1b5d9fe02ed3b0fb808a1f0093ac3ae8a18c45d61a19220bd6c5283,2023-06,Surrey Police,Surrey Police,-0.581732,51.322538,On or near Tracious Close,E01030952,Woking 005B,Criminal damage and arson,Unable to prosecute suspect,
950fe9707783e38ee7ce0bd2f3642224c99908303e710d10d1c93e815866fb84,2023-06,Surrey Police,Surrey Police,-0.580958,51.321566,On or near Leegate Close,E01030952,Woking 005B,Drugs,Local resolution,
4f1ffaa4ea703a5460f19fd67c3cdf0c3fe4856747dde22011895403b7d2a322,2023-06,Surrey Police,Surrey Police,-0.580958,51.321566,On or near Leegate Close,E01030952,Woking 005B,Public order,Further investigation is not in the public interest,
49e74feeda14bb0fbc51c2187ba354bbfca66ca80a428fe7beee18125b3adb14,2023-06,Surrey Police,Surrey Police,-0.581657,51.319830,On or near Colliers Close,E01030952,Woking 005B,Vehicle crime,Investigation complete; no suspect identified,
2c2d204c35a507487ceaff3fc37b5455b3e0cebe25f4902703b5b5991511a770,2023-06,Surrey Police,Surrey Police,-0.583362,51.322711,On or near Brookfield,E01030952,Woking 005B,Violence and sexual offences,Unable to prosecute suspect,
846d6fac2a9ba99e0509cbcd74dc9cf5e9ce5a886be949f161ce327bff93f17b,2023-06,Surrey Police,Surrey Police,-0.583362,51.322711,On or near Brookfield,E01030952,Woking 005B,Violence and sexual offences,Unable to prosecute suspect,
f1465027b577db1aa668634810da0e23f52b50fad399c247aa2dd21eb5099716,2023-06,Surrey Police,Surrey Police,-0.581657,51.319830,On or near Colliers Close,E01030952,Woking 005B,Violence and sexual offences,Investigation complete; no suspect identified,
9b4ff2b424f57569f6d29e36059dd9844695554ae5c6866b51e1bc028f9ca138,2023-06,Surrey Police,Surrey Police,-0.583940,51.323059,On or near Cygnet Close,E01030952,Woking 005B,Violence and sexual offences,Further action is not in the public interest,
3a4f673f1641d367ca16c8abd2a63eed72e7b64007e1c51b5fb85a1d8e3f89f0,2023-06,Surrey Police,Surrey Police,-0.582329,51.321331,On or near Cobbetts Close,E01030952,Woking 005B,Violence and sexual offences,Unable to prosecute suspect,
65e1e94d068d0d2de1df2739bbbd213cdfbb164f063544f570bdbcd39874ed9e,2023-06,Surrey Police,Surrey Police,-0.589248,51.318933,On or near Perleybrooke Lane,E01030953,Woking 005C,Public order,Further action is not in the public interest,
593bb2cff6639a5246cd0ab5015cf1222e1ef13b3b3e0278b72f0df317e78a86,2023-06,Surrey Police,Surrey Police,-0.590378,51.316707,On or near Halley'S Court,E01030953,Woking 005C,Other crime,Unable to prosecute suspect,
,2023-06,Surrey Police,Surrey Police,-0.586006,51.319334,On or near Bardon Walk,E01030953,Woking 005C,Anti-social behaviour,,
ca9ae123abc140e781d0928ef654f70b3427e74878b2aaa14c6b7a93e628ffb6,2023-06,Surrey Police,Surrey Police,-0.588166,51.320044,On or near Tolvaddon Close,E01030953,Woking 005C,Other theft,Investigation complete; no suspect identified,
f71fb59cf99eb21715e796f19fbaaea3f43be324e5c763ea96c5d33233c8a3c7,2023-06,Surrey Police,Surrey Police,-0.589121,51.319309,On or near Hurlford,E01030953,Woking 005C,Vehicle crime,Unable to prosecute suspect,
d000acc29e18174842a97d60ab0f9b0f62ed1a403507ec4e1d5c3c6656ddd508,2023-06,Surrey Police,Surrey Police,-0.590099,51.319258,On or near Sun Hill,E01030953,Woking 005C,Vehicle crime,Investigation complete; no suspect identified,
3e0a837cd52fc16afe6347d4e0f85c39d6d545c471ab2bf876e380c25bbfb1fe,2023-06,Surrey Police,Surrey Police,-0.595628,51.323335,On or near Blencarn Close,E01030956,Woking 005D,Violence and sexual offences,Further action is not in the public interest,
f4c806363046d7e6e5278a1cefcec310fb274a51be7a488cf9ed63839386abd2,2023-06,Surrey Police,Surrey Police,-0.600932,51.323075,On or near Jasmine Close,E01030956,Woking 005D,Criminal damage and arson,Investigation complete; no suspect identified,
9f7ef2c243c77311113d2d552673ffa36ee0027268d4e05deb9b4e4dd8c8e1b0,2023-06,Surrey Police,Surrey Police,-0.599009,51.324014,On or near The Goldings,E01030956,Woking 005D,Criminal damage and arson,Investigation complete; no suspect identified,
6b9d0a11792d0bd8b085e05c14845cdf3a3dfd145d0ab4fe92e7d5a64627eb62,2023-06,Surrey Police,Surrey Police,-0.597422,51.323356,On or near Little Mead,E01030956,Woking 005D,Other theft,Investigation complete; no suspect identified,
0fb16801078a9d17bd2aa83deaac362a07e1a14089c30bc513002ba07f71012c,2023-06,Surrey Police,Surrey Police,-0.600558,51.324527,On or near Roundthorn Way,E01030956,Woking 005D,Violence and sexual offences,Action to be taken by another organisation,
3d3ff8ec6dd75bafa1038b845b974d34684608aff5b38e72334111c5a0786fcc,2023-06,Surrey Police,Surrey Police,-0.595628,51.323335,On or near Blencarn Close,E01030956,Woking 005D,Violence and sexual offences,Unable to prosecute suspect,
ba1a1d529662231ff085d62b68380c125e0d7da2ebfb7cb817cdb6047adb5241,2023-06,Surrey Police,Surrey Police,-0.600558,51.324527,On or near Roundthorn Way,E01030956,Woking 005D,Violence and sexual offences,Unable to prosecute suspect,
1fcffde7cb8e3efe763e0771e5703b186069871cb675f9f7a00987729728d493,2023-06,Surrey Police,Surrey Police,-0.597422,51.323356,On or near Little Mead,E01030956,Woking 005D,Violence and sexual offences,Status update unavailable,
eb6f50d7d0a6d25b8ca34bff09bbfc49ed24b742f5a8059f140fbae001a7b45b,2023-06,Surrey Police,Surrey Police,-0.602162,51.323215,On or near Kirkland Avenue,E01030957,Woking 005E,Violence and sexual offences,Further action is not in the public interest,
f559355150d745349da86a2b92665df9f835e7b11f8f344215522b6ff7a7f96c,2023-06,Surrey Police,Surrey Police,-0.601932,51.324633,On or near Paddocks Mead,E01030957,Woking 005E,Public order,Unable to prosecute suspect,
bc11f09b01f2a3bff2a5e7a8fafac79d0c802ca3bd46656d44c5af0a5b8ef0cf,2023-06,Surrey Police,Surrey Police,-0.601131,51.319849,On or near Huntingdon Road,E01030957,Woking 005E,Vehicle crime,Investigation complete; no suspect identified,
9b2c5bf682f9f9bd8461879b36ee71609b8ff441aa624bd81230602861e453c5,2023-06,Surrey Police,Surrey Police,-0.604410,51.322927,On or near Sappho Court,E01030957,Woking 005E,Vehicle crime,Unable to prosecute suspect,
9334934a81ee4746effe2426f31a23c5948317fa9311d5dec8e13cb205b252d8,2023-06,Surrey Police,Surrey Police,-0.601932,51.324633,On or near Paddocks Mead,E01030957,Woking 005E,Violence and sexual offences,Unable to prosecute suspect,
fd4302b24c6126d9c5644431023f8b46f9151473a39aef2417fb3154adf0ed38,2023-06,Surrey Police,Surrey Police,-0.593141,51.320194,On or near Armadale Road,E01030958,Woking 005F,Public order,Further action is not in the public interest,
,2023-06,Surrey Police,Surrey Police,-0.595197,51.321486,On or near Bitterne Drive,E01030958,Woking 005F,Anti-social behaviour,,
f444d5c31b24c8a704767536966c1124e86b89d24afd094d4b4bd5d6836ce941,2023-06,Surrey Police,Surrey Police,-0.599157,51.318674,On or near Heythorp Close,E01030958,Woking 005F,Violence and sexual offences,Unable to prosecute suspect,
3d09af54d91de1a761c1b8a98c5ec076ad949bc9040d41accb1bd42d983f88f9,2023-06,Surrey Police,Surrey Police,-0.593141,51.320194,On or near Armadale Road,E01030958,Woking 005F,Violence and sexual offences,Unable to prosecute suspect,
88c3577f03336869d281d1a84a25353578080a27e7693dbf87bea0e6d7cbdbea,2023-06,Surrey Police,Surrey Police,-0.593141,51.320194,On or near Armadale Road,E01030958,Woking 005F,Other crime,Unable to prosecute suspect,
039a0e9a85c883151102b9004e4281d16fdd6bd2b5357eebea229c3849a487f8,2023-06,Surrey Police,Surrey Police,-0.594225,51.315711,On or near Helford Walk,E01030959,Woking 005G,Other theft,Investigation complete; no suspect identified,
92cf9148666297c841897b2d73a25e05421635e3c23b05f9327b1254bc5902c2,2023-06,Surrey Police,Surrey Police,-0.594498,51.318052,On or near Denton Way,E01030959,Woking 005G,Other theft,Action to be taken by another organisation,
65e079d4ff8ef71b232008f27ba3cc3487b2cf0822cdb2dc31aa2c6e4e18d5b2,2023-06,Surrey Police,Surrey Police,-0.592144,51.314777,On or near Atkins Close,E01030959,Woking 005G,Public order,Unable to prosecute suspect,
,2023-06,Surrey Police,Surrey Police,-0.555910,51.318527,On or near Parking Area,E01030988,Woking 006A,Anti-social behaviour,,
,2023-06,Surrey Police,Surrey Police,-0.555910,51.318527,On or near Parking Area,E01030988,Woking 006A,Anti-social behaviour,,
afafd489ea2774d95c2313cf3a7343dc8231bc0868a9060a521b392375261171,2023-06,Surrey Police,Surrey Police,-0.555910,51.318527,On or near Parking Area,E01030988,Woking 006A,Criminal damage and arson,Unable to prosecute suspect,
36fbf2d6ccf7f317927613d2bf17fb0aef6a5d1a547ca929834b2b2781eb6f01,2023-06,Surrey Police,Surrey Police,-0.555910,51.318527,On or near Parking Area,E01030988,Woking 006A,Drugs,Local resolution,
ffa693848b956cd116e67300de952e1a962853c6ab9385724e98ebf801c7ebc5,2023-06,Surrey Police,Surrey Police,-0.555225,51.316576,On or near Greenheys Place,E01030988,Woking 006A,Drugs,Investigation complete; no suspect identified,
113b118155a1cff59274e52c21d2daea61fcd62017d84e95d70d922c2c15a6b7,2023-06,Surrey Police,Surrey Police,-0.555499,51.318836,On or near Woking,E01030988,Woking 006A,Other theft,Investigation complete; no suspect identified,
7027ddbd76bd7aa97d5b638cfedaaf8b6bd18ceb0ede0b81eeedaf69f4c17d5a,2023-06,Surrey Police,Surrey Police,-0.544651,51.321984,On or near Templecombe Mews,E01030988,Woking 006A,Public order,Investigation complete; no suspect identified,
c136b942ba2480ccfcf43a42ce6ffe2e874c60cc4c0c94c146e4233e188d5376,2023-06,Surrey Police,Surrey Police,-0.555910,51.318527,On or near Parking Area,E01030988,Woking 006A,Public order,Unable to prosecute suspect,
ff12928489dd06826bdd0df39ef811715d253ae6339d081d47ad4bd3a425d55d,2023-06,Surrey Police,Surrey Police,-0.555910,51.318527,On or near Parking Area,E01030988,Woking 006A,Public order,Unable to prosecute suspect,
edaa20e963e3a64b636bbeff0b9f74320bb3255dc29e02b4e6cd807ae6286480,2023-06,Surrey Police,Surrey Police,-0.555910,51.318527,On or near Parking Area,E01030988,Woking 006A,Public order,Unable to prosecute suspect,
d878698e3ada7343ed8aef798f7459dafd80539c14066bce189cf16876eeadc0,2023-06,Surrey Police,Surrey Police,-0.542009,51.321097,On or near Lytton Road,E01030989,Woking 006B,Criminal damage and arson,Status update unavailable,
191b3b734214b31276506a14519d424aada9c8e45638a775e95fdeb55239b571,2023-06,Surrey Police,Surrey Police,-0.533835,51.320923,On or near East Hill,E01030989,Woking 006B,Violence and sexual offences,Status update unavailable,
c0e9b144e6d1ac57536ba44b8ac65d5d487c69d0a41125248faafed428a54eca,2023-06,Surrey Police,Surrey Police,-0.539057,51.320988,On or near Candlerush Close,E01030989,Woking 006B,Violence and sexual offences,Unable to prosecute suspect,
f1bb98ce08cd80bbc71b853a404cf9b7bb299e7fe99732f887dcf45120f8bbba,2023-06,Surrey Police,Surrey Police,-0.533835,51.320923,On or near East Hill,E01030989,Woking 006B,Violence and sexual offences,Unable to prosecute suspect,
,2023-06,Surrey Police,Surrey Police,-0.548500,51.314613,On or near Heathfield Road,E01030990,Woking 006C,Anti-social behaviour,,
0038af9473a486a33a615b0d9d2b445b5ac6736f0a91ecb500adb10f73e01e11,2023-06,Surrey Police,Surrey Police,-0.543029,51.312459,On or near Cleardown,E01030990,Woking 006C,Criminal damage and arson,Investigation complete; no suspect identified,
a2bce356b0a0fb89a344fff7b0826dd869c57d053699516b51667d5a45c3a6c2,2023-06,Surrey Police,Surrey Police,-0.504919,51.321763,On or near St Nicholas Crescent,E01030997,Woking 006D,Violence and sexual offences,Court result unavailable,
,2023-06,Surrey Police,Surrey Police,-0.506495,51.322736,On or near Sandringham Close,E01030997,Woking 006D,Anti-social behaviour,,
edfe092d2d1acb0942ecfff7ea6807bc1572235b4af2c25b1c1454f747f2f00c,2023-06,Surrey Police,Surrey Police,-0.494563,51.322017,On or near Lock Lane,E01030997,Woking 006D,Vehicle crime,Investigation complete; no suspect identified,
02832f5b8b46dcfe696e7eb4e925dc9724ff49f71de1617dd91dd02ee285dc22,2023-06,Surrey Police,Surrey Police,-0.494563,51.322017,On or near Lock Lane,E01030997,Woking 006D,Vehicle crime,Investigation complete; no suspect identified,
6058f06c8e03a9c32fcf61175ece231bc66abc7abb6586dd853a28ab9b84034f,2023-06,Surrey Police,Surrey Police,-0.503517,51.323390,On or near Longs Close,E01030997,Woking 006D,Violence and sexual offences,Investigation complete; no suspect identified,
3861c850b1394607ca46ff4d02b980c71afd43e80677639cfde8851609b197de,2023-06,Surrey Police,Surrey Police,-0.506495,51.322736,On or near Sandringham Close,E01030997,Woking 006D,Violence and sexual offences,Unable to prosecute suspect,
cf825eb4857c8a31b199b9e7bd5ba95b965fa4bf0915249a1497160c81ca8f54,2023-06,Surrey Police,Surrey Police,-0.506495,51.322736,On or near Sandringham Close,E01030997,Woking 006D,Violence and sexual offences,Local resolution,
d09db1b3d2c1feba62d4d17459d095c5a86fef62b448ce2fa304e54623d8142b,2023-06,Surrey Police,Surrey Police,-0.607625,51.316187,On or near Supermarket,E01030974,Woking 007A,Burglary,Unable to prosecute suspect,
,2023-06,Surrey Police,Surrey Police,-0.610054,51.319451,On or near Puckshill,E01030974,Woking 007A,Anti-social behaviour,,
,2023-06,Surrey Police,Surrey Police,-0.609264,51.319487,On or near Beechwood Close,E01030974,Woking 007A,Anti-social behaviour,,
51ee4b9ab8027073bb11fd071bad6e26855b0743cd0dd247eceb11194d09b6be,2023-06,Surrey Police,Surrey Police,-0.607188,51.318374,On or near Robin Hood Crescent,E01030974,Woking 007A,Public order,Investigation complete; no suspect identified,
c0a0042da955d72b13c84515a04d8b7abd4798b7f0b18bd9c4aa0bdb83b98853,2023-06,Surrey Police,Surrey Police,-0.609264,51.319487,On or near Beechwood Close,E01030974,Woking 007A,Public order,Investigation complete; no suspect identified,
,2023-06,Surrey Police,Surrey Police,-0.614183,51.320543,On or near Waterers Rise,E01030975,Woking 007B,Anti-social behaviour,,
,2023-06,Surrey Police,Surrey Police,-0.605341,51.319674,On or near Mint Walk,E01030975,Woking 007B,Anti-social behaviour,,
5f927c78fdcd8764fa703ff72340fd73cefa06b79fe3c2fdd0f10755af60e0ae,2023-06,Surrey Police,Surrey Police,-0.607760,51.323183,On or near Farthings,E01030975,Woking 007B,Burglary,Status update unavailable,
beb19a2fea41e7ae0308201db6f86a2ced9874fab224ad74953972589ae6fa82,2023-06,Surrey Police,Surrey Police,-0.605854,51.321191,On or near Creston Avenue,E01030975,Woking 007B,Criminal damage and arson,Investigation complete; no suspect identified,
59b8b62fd7377ab93391c003b4e37d1fec9949a31c0c1ea37ac0e78bb957d957,2023-06,Surrey Police,Surrey Police,-0.606358,51.320199,On or near Randolph Close,E01030975,Woking 007B,Criminal damage and arson,Investigation complete; no suspect identified,
0662cf78e0af1546ff99c9a612a44a4b1a091725c1117be332141eb879b28d2b,2023-06,Surrey Police,Surrey Police,-0.614183,51.320543,On or near Waterers Rise,E01030975,Woking 007B,Drugs,Local resolution,
57e11c164ddbde716dd0ff8cfd837d40466b1dc79eb2de3df9aa2da911ede997,2023-06,Surrey Police,Surrey Police,-0.607135,51.320586,On or near Choir Green,E01030975,Woking 007B,Vehicle crime,Investigation complete; no suspect identified,
0adc4c37a72164f376b04c40606d05cb7e47b9484b3f066c49252621b93b1b49,2023-06,Surrey Police,Surrey Police,-0.604649,51.320250,On or near Staveley Way,E01030975,Woking 007B,Violence and sexual offences,Unable to prosecute suspect,
03b0abdd4802e495857c5fca93c7c3ac948bc140139abb595e2c2981fec02e36,2023-06,Surrey Police,Surrey Police,-0.605854,51.321191,On or near Creston Avenue,E01030975,Woking 007B,Other crime,Unable to prosecute suspect,
,2023-06,Surrey Police,Surrey Police,-0.616375,51.317791,On or near Englefield Road,E01030976,Woking 007C,Anti-social behaviour,,
,2023-06,Surrey Police,Surrey Police,-0.613453,51.315229,On or near Lower Guildford Road,E01030976,Woking 007C,Anti-social behaviour,,
,2023-06,Surrey Police,Surrey Police,-0.612879,51.317138,On or near Wood Lane,E01030976,Woking 007C,Anti-social behaviour,,
c8bd0b1012c32ca9f1b91e6d0691aaaf6c93a8d510f7ef920e2adeffd035f58b,2023-06,Surrey Police,Surrey Police,-0.615312,51.316897,On or near Powderham Court,E01030976,Woking 007C,Criminal damage and arson,Investigation complete; no suspect identified,
6f7a75d27ddd6914c67b61da34dedbd1fa322d2932c84aae097e6a09ca18f3f9,2023-06,Surrey Police,Surrey Police,-0.612879,51.317138,On or near Wood Lane,E01030976,Woking 007C,Criminal damage and arson,Investigation complete; no suspect identified,
7389136719a7bef6aeac28d49b79dcd94de8271b84c39f0115b9de4ceb309486,2023-06,Surrey Police,Surrey Police,-0.612879,51.317138,On or near Wood Lane,E01030976,Woking 007C,Criminal damage and arson,Investigation complete; no suspect identified,
489f2d8ab06bc7c2c62d77b2d8d9e3b30d227203abfbacd9b331a6df5649d60c,2023-06,Surrey Police,Surrey Police,-0.618328,51.316321,On or near Parking Area,E01030976,Woking 007C,Drugs,Local resolution,
50a39120830aa6dc7733f1d63b39bbc9ce2a792eb802478091cf6122c2360190,2023-06,Surrey Police,Surrey Police,-0.616207,51.317186,On or near Queen'S Road,E01030976,Woking 007C,Possession of weapons,Unable to prosecute suspect,
d6440c98245a825a79e01b5d7aa08bf6c6841d553d4d3098d0856e2977fa83a6,2023-06,Surrey Police,Surrey Police,-0.613587,51.319358,On or near Hillside Close,E01030976,Woking 007C,Possession of weapons,Unable to prosecute suspect,
dc012bd0e39c826cf6a91fb6108e6e6243be3f975623c04c0efb2d1ba9e598ae,2023-06,Surrey Police,Surrey Police,-0.616589,51.316894,On or near St Deny'S Close,E01030976,Woking 007C,Public order,Status update unavailable,
0f5bb3bb11ded5cba94fe3cd436c072931074b4fc2b8d9532edaf725421cc2ac,2023-06,Surrey Police,Surrey Police,-0.616589,51.316894,On or near St Deny'S Close,E01030976,Woking 007C,Public order,Court result unavailable,
5d0a566eee85d9fdcc88e837d5a766f6ac1f57678376a780574790c01f5d7571,2023-06,Surrey Police,Surrey Police,-0.618328,51.316321,On or near Parking Area,E01030976,Woking 007C,Violence and sexual offences,Unable to prosecute suspect,
e86357278c7a77c59a5903b703ec1d0549ca450f9a712c78d102cb218d80ea03,2023-06,Surrey Police,Surrey Police,-0.609527,51.316945,On or near Victoria Road,E01030976,Woking 007C,Violence and sexual offences,Unable to prosecute suspect,
bb81477e2b0a2d55f96974013853e390f97f38bf532b216abd26bdc66e1bfc60,2023-06,Surrey Police,Surrey Police,-0.618328,51.316321,On or near Parking Area,E01030976,Woking 007C,Violence and sexual offences,Unable to prosecute suspect,
45eebfcd0ac60ec1ed20e223b084381a8fef56c3e341b9ee018701de26baae78,2023-06,Surrey Police,Surrey Police,-0.613453,51.315229,On or near Lower Guildford Road,E01030976,Woking 007C,Violence and sexual offences,Unable to prosecute suspect,
4c099c25fc5f4ce07a56fd283ec563057301a5e801230e57b3c79c93cc9f2754,2023-06,Surrey Police,Surrey Police,-0.618328,51.316321,On or near Parking Area,E01030976,Woking 007C,Other crime,Investigation complete; no suspect identified,
,2023-06,Surrey Police,Surrey Police,-0.619165,51.318075,On or near Highclere Court,E01030977,Woking 007D,Anti-social behaviour,,
,2023-06,Surrey Police,Surrey Police,-0.617308,51.318287,On or near Petrol Station,E01030977,Woking 007D,Anti-social behaviour,,
,2023-06,Surrey Police,Surrey Police,-0.617308,51.318287,On or near Petrol Station,E01030977,Woking 007D,Anti-social behaviour,,
,2023-06,Surrey Police,Surrey Police,-0.617308,51.318287,On or near Petrol Station,E01030977,Woking 007D,Anti-social behaviour,,
89f0900dbfeb0944c6fa27b8728d92941f589935b244c905d513ffa5bd10b7d8,2023-06,Surrey Police,Surrey Police,-0.617308,51.318287,On or near Petrol Station,E01030977,Woking 007D,Criminal damage and arson,Investigation complete; no suspect identified,
7af64b6e343f01f524906f119393503c727af4e261b96a7ceed5f1f111c576db,2023-06,Surrey Police,Surrey Police,-0.619165,51.318075,On or near Highclere Court,E01030977,Woking 007D,Criminal damage and arson,Investigation complete; no suspect identified,
f5e6d338604165468e99e55d8131e0f8540d472af3d1eb7073272daa65afb2ee,2023-06,Surrey Police,Surrey Police,-0.616884,51.318058,On or near Supermarket,E01030977,Woking 007D,Other theft,Unable to prosecute suspect,
d2bff543458b988ca1dc47bf5f9f14acb85a4095b91768c2aca89b4393a8b7d1,2023-06,Surrey Police,Surrey Police,-0.616884,51.318058,On or near Supermarket,E01030977,Woking 007D,Other theft,Investigation complete; no suspect identified,
3e5d9fe6e94a26af271dadf4574b475ecf6f2c84f915632a04a2a898ec6cf8de,2023-06,Surrey Police,Surrey Police,-0.620202,51.321307,On or near Swallow Rise,E01030977,Woking 007D,Other theft,Investigation complete; no suspect identified,
29f4f2371e018893692e5e55c777ddda18caad656df6c0e72aea2d7f9490697d,2023-06,Surrey Police,Surrey Police,-0.619301,51.316423,On or near Parking Area,E01030977,Woking 007D,Violence and sexual offences,Unable to prosecute suspect,
8096dddbae2e03f3128a3d71e2ab876203afc08d5bea3818579a221b3a069e1f,2023-06,Surrey Police,Surrey Police,-0.620087,51.315560,On or near Barton Close,E01030977,Woking 007D,Violence and sexual offences,Unable to prosecute suspect,
aa449070616f6450484edfc8afe034ee98a4d8e4afea530afb4ada984d274bec,2023-06,Surrey Police,Surrey Police,-0.618055,51.318260,On or near Fosters Lane,E01030977,Woking 007D,Violence and sexual offences,Investigation complete; no suspect identified,
,2023-06,Surrey Police,Surrey Police,-0.622364,51.315254,On or near Alanbrooke Close,E01030979,Woking 007E,Anti-social behaviour,,
,2023-06,Surrey Police,Surrey Police,-0.622110,51.315089,On or near Broadway,E01030979,Woking 007E,Anti-social behaviour,,
,2023-06,Surrey Police,Surrey Police,-0.622110,51.315089,On or near Broadway,E01030979,Woking 007E,Anti-social behaviour,,
,2023-06,Surrey Police,Surrey Police,-0.625589,51.311991,On or near Supermarket,E01030979,Woking 007E,Anti-social behaviour,,
20a4463ec6311c0867e3825b90a244e3ffa38a96a88d09ac86178c2b40cc8519,2023-06,Surrey Police,Surrey Police,-0.615590,51.315291,On or near Alexandra Gardens,E01030979,Woking 007E,Other theft,Investigation complete; no suspect identified,
1cfdb67d1b9215600c56b9aaeb81ddc7c014973d5883949bf9ac32a0340dffe7,2023-06,Surrey Police,Surrey Police,-0.625589,51.311991,On or near Supermarket,E01030979,Woking 007E,Public order,Status update unavailable,
e9e774926086f6de797372250192c4ff2a427ab37edb1ecc0b2920bd857dc4ab,2023-06,Surrey Police,Surrey Police,-0.622364,51.315254,On or near Alanbrooke Close,E01030979,Woking 007E,Public order,Unable to prosecute suspect,
943beadd40a23c67c5b094b718716394eea01ef934e69b8c084e65d031c9b284,2023-06,Surrey Police,Surrey Police,-0.622839,51.312786,On or near Tudor Way,E01030979,Woking 007E,Public order,Investigation complete; no suspect identified,
4216457ccf9bcd43336a8c77e5d3dff062b946f84dec10caf1f4f19e0401b5a7,2023-06,Surrey Police,Surrey Police,-0.625589,51.311991,On or near Supermarket,E01030979,Woking 007E,Shoplifting,Investigation complete; no suspect identified,
9c59c42111de10f0cb8dc883bbd0965efd7c4a65d818810e62ed1fab9dc36a84,2023-06,Surrey Police,Surrey Police,-0.625589,51.311991,On or near Supermarket,E01030979,Woking 007E,Shoplifting,Local resolution,
0b29b4b2878915dc941dd251e9b5002269dd80968279672397314eb344e6c0de,2023-06,Surrey Police,Surrey Police,-0.625589,51.311991,On or near Supermarket,E01030979,Woking 007E,Shoplifting,Investigation complete; no suspect identified,
a51f0b489c4b8769b4970eaa14ca9d6e81ba3c52bc7a1a999effa3d19ed5583b,2023-06,Surrey Police,Surrey Police,-0.615590,51.315291,On or near Alexandra Gardens,E01030979,Woking 007E,Violence and sexual offences,Unable to prosecute suspect,
0b35cfa61be0daba74013174544b4ab27a28f6c668c20a57e483bfa4e24bbd11,2023-06,Surrey Police,Surrey Police,-0.615590,51.315291,On or near Alexandra Gardens,E01030979,Woking 007E,Violence and sexual offences,Unable to prosecute suspect,
f542a1c66fac09c6c0b6fa783a31ebd84f72a38b1d75c43dd5fd1783d0ffe4c3,2023-06,Surrey Police,Surrey Police,-0.615590,51.315291,On or near Alexandra Gardens,E01030979,Woking 007E,Violence and sexual offences,Unable to prosecute suspect,
74ddc53d99455952bec0f4b1baba3108ddc8370c30aba8e1030438324b726d60,2023-06,Surrey Police,Surrey Police,-0.622110,51.315089,On or near Broadway,E01030979,Woking 007E,Violence and sexual offences,Investigation complete; no suspect identified,
b57cacf1c1d476e9d2d3272ba0a24a3c99eac907766141a97ef36dab59063ab9,2023-06,Surrey Police,Surrey Police,-0.615590,51.315291,On or near Alexandra Gardens,E01030979,Woking 007E,Violence and sexual offences,Status update unavailable,
6fbfe2f0d4d155b3675e642163e7390cb408624249719ce448281246b7e020be,2023-06,Surrey Police,Surrey Police,-0.622839,51.312786,On or near Tudor Way,E01030979,Woking 007E,Violence and sexual offences,Unable to prosecute suspect,
37276f753839419da0a024b5a095177fccc7caf784a605af76aaa07637456be8,2023-06,Surrey Police,Surrey Police,-0.615590,51.315291,On or near Alexandra Gardens,E01030979,Woking 007E,Violence and sexual offences,Unable to prosecute suspect,
b724fbe5d153f92026ca5ea4ecb9c5a5c941c5ad60bc94ba83d87239f3b9bd1d,2023-06,Surrey Police,Surrey Police,-0.615590,51.315291,On or near Alexandra Gardens,E01030979,Woking 007E,Violence and sexual offences,Unable to prosecute suspect,
bf15ed5cc4a3e4d59a9ef748009c039f320684be02fd99b5260e91dc37553335,2023-06,Surrey Police,Surrey Police,-0.615590,51.315291,On or near Alexandra Gardens,E01030979,Woking 007E,Violence and sexual offences,Unable to prosecute suspect,
a9238bec5147906c527e806bd810c8c9a46a6d8728f7c0e72d68203e0b54a8e8,2023-06,Surrey Police,Surrey Police,-0.615590,51.315291,On or near Alexandra Gardens,E01030979,Woking 007E,Violence and sexual offences,Further investigation is not in the public interest,
c36dc95b1994d1f98107009a40a53d5b2d8cf9efabe1a1812d9f92cdf69a37b3,2023-06,Surrey Police,Surrey Police,-0.615590,51.315291,On or near Alexandra Gardens,E01030979,Woking 007E,Violence and sexual offences,Unable to prosecute suspect,
c74208b168745faff89c6fd4cea63feb1aeadc715cf4dffb94dcd97974821253,2023-06,Surrey Police,Surrey Police,-0.615590,51.315291,On or near Alexandra Gardens,E01030979,Woking 007E,Violence and sexual offences,Unable to prosecute suspect,
3fafa8925ce78f2191f30db23a537d6f87eef0cae8ce913b25f75c1cd45411cf,2023-06,Surrey Police,Surrey Police,-0.614499,51.313857,On or near Cubitt Way,E01030979,Woking 007E,Violence and sexual offences,Further investigation is not in the public interest,
59137976b141098579c7aed9cb5e5948c5cf30a2539ad87a3363f8755c51d971,2023-06,Surrey Police,Surrey Police,-0.614499,51.313857,On or near Cubitt Way,E01030979,Woking 007E,Violence and sexual offences,Unable to prosecute suspect,
a4a13fb8589be14c2950d160a30a826a35a080f86b0f1f8cdf87ee4baca5470e,2023-06,Surrey Police,Surrey Police,-0.615590,51.315291,On or near Alexandra Gardens,E01030979,Woking 007E,Violence and sexual offences,Unable to prosecute suspect,
94342942e7fb622d3482fc6c9469a233b2192a6f6239d68873a018307f55d00e,2023-06,Surrey Police,Surrey Police,-0.615590,51.315291,On or near Alexandra Gardens,E01030979,Woking 007E,Violence and sexual offences,Action to be taken by another organisation,
de46ebdc6f59ff6a9a3185b63756a0948a49e4bfe268ea3c6d9572c7a62fdfd0,2023-06,Surrey Police,Surrey Police,-0.615590,51.315291,On or near Alexandra Gardens,E01030979,Woking 007E,Violence and sexual offences,Unable to prosecute suspect,
634a5d89e6cf6843745108468de98d2e590ce7e2f3239d164742345d370ffbeb,2023-06,Surrey Police,Surrey Police,-0.615590,51.315291,On or near Alexandra Gardens,E01030979,Woking 007E,Violence and sexual offences,Unable to prosecute suspect,
db2372405757c5739d015f7aac2aa30104110cf52260b609315b7be052c61acd,2023-06,Surrey Police,Surrey Police,-0.615590,51.315291,On or near Alexandra Gardens,E01030979,Woking 007E,Violence and sexual offences,Unable to prosecute suspect,
62519e13c44afda8125d59d14882aeb76b34883403e17e79045260d4f4c691da,2023-06,Surrey Police,Surrey Police,-0.615590,51.315291,On or near Alexandra Gardens,E01030979,Woking 007E,Violence and sexual offences,Unable to prosecute suspect,
3d2419d4d43ce6ff88c4772d8a840f6e9b0613eddc7bea7bf21ae1847f0ea487,2023-06,Surrey Police,Surrey Police,-0.615590,51.315291,On or near Alexandra Gardens,E01030979,Woking 007E,Violence and sexual offences,Court result unavailable,
85444ad66be03c11e79436a6d67e09cf776b50f3e289c3ca6c691fc9035024c6,2023-06,Surrey Police,Surrey Police,-0.615590,51.315291,On or near Alexandra Gardens,E01030979,Woking 007E,Violence and sexual offences,Investigation complete; no suspect identified,
6d5bd004a66afd5e73d77edd9379bcf48f3306e0a56872f55471ecf61bdf60af,2023-06,Surrey Police,Surrey Police,-0.622364,51.315254,On or near Alanbrooke Close,E01030979,Woking 007E,Violence and sexual offences,Further investigation is not in the public interest,
304585dd11cfd2dac653f5696e1fe17d9a8d72df8ef76cffacb6ff42bfdfc01a,2023-06,Surrey Police,Surrey Police,-0.615590,51.315291,On or near Alexandra Gardens,E01030979,Woking 007E,Violence and sexual offences,Unable to prosecute suspect,
dc52d2a40b73cffa1534ccad1aee527defbd461bc678729e63f2ede29af125ac,2023-06,Surrey Police,Surrey Police,-0.615590,51.315291,On or near Alexandra Gardens,E01030979,Woking 007E,Violence and sexual offences,Unable to prosecute suspect,
f18b2d15131818732a63f56ede0c2d08517b325cad5ef2a698668eaf854dcdc9,2023-06,Surrey Police,Surrey Police,-0.622839,51.312786,On or near Tudor Way,E01030979,Woking 007E,Other crime,Local resolution,
0a7c1df5a92887ea16204a552cc4f32d2adee7512a0463643604e636b80ee317,2023-06,Surrey Police,Surrey Police,-0.571737,51.313505,On or near Elm Road,E01030954,Woking 008A,Violence and sexual offences,Unable to prosecute suspect,
,2023-06,Surrey Police,Surrey Police,-0.555581,51.319862,On or near Addison Road,E01030954,Woking 008A,Anti-social behaviour,,
,2023-06,Surrey Police,Surrey Police,-0.565463,51.316819,On or near Poole Road,E01030954,Woking 008A,Anti-social behaviour,,
,2023-06,Surrey Police,Surrey Police,-0.562570,51.318024,On or near Church Street West,E01030954,Woking 008A,Anti-social behaviour,,
,2023-06,Surrey Police,Surrey Police,-0.556120,51.319159,On or near The Broadway,E01030954,Woking 008A,Anti-social behaviour,,
,2023-06,Surrey Police,Surrey Police,-0.559273,51.317921,On or near High Street,E01030954,Woking 008A,Anti-social behaviour,,
,2023-06,Surrey Police,Surrey Police,-0.555397,51.320714,On or near Duke Street,E01030954,Woking 008A,Anti-social behaviour,,
,2023-06,Surrey Police,Surrey Police,-0.555581,51.319862,On or near Addison Road,E01030954,Woking 008A,Anti-social behaviour,,
,2023-06,Surrey Police,Surrey Police,-0.553933,51.321173,On or near Stanley Road,E01030954,Woking 008A,Anti-social behaviour,,
,2023-06,Surrey Police,Surrey Police,-0.556663,51.321530,On or near Parking Area,E01030954,Woking 008A,Anti-social behaviour,,
,2023-06,Surrey Police,Surrey Police,-0.562570,51.318024,On or near Church Street West,E01030954,Woking 008A,Anti-social behaviour,,
,2023-06,Surrey Police,Surrey Police,-0.556663,51.321530,On or near Parking Area,E01030954,Woking 008A,Anti-social behaviour,,
,2023-06,Surrey Police,Surrey Police,-0.555581,51.319862,On or near Addison Road,E01030954,Woking 008A,Anti-social behaviour,,
,2023-06,Surrey Police,Surrey Police,-0.558376,51.318593,On or near Chapel Street,E01030954,Woking 008A,Anti-social behaviour,,
,2023-06,Surrey Police,Surrey Police,-0.562570,51.318024,On or near Church Street West,E01030954,Woking 008A,Anti-social behaviour,,
,2023-06,Surrey Police,Surrey Police,-0.562811,51.318594,On or near Forge End,E01030954,Woking 008A,Anti-social behaviour,,
,2023-06,Surrey Police,Surrey Police,-0.560409,51.320138,On or near Shopping Area,E01030954,Woking 008A,Anti-social behaviour,,
,2023-06,Surrey Police,Surrey Police,-0.555581,51.319862,On or near Addison Road,E01030954,Woking 008A,Anti-social behaviour,,
,2023-06,Surrey Police,Surrey Police,-0.561387,51.319161,On or near Parking Area,E01030954,Woking 008A,Anti-social behaviour,,
,2023-06,Surrey Police,Surrey Police,-0.561387,51.319161,On or near Parking Area,E01030954,Woking 008A,Anti-social behaviour,,
,2023-06,Surrey Police,Surrey Police,-0.556663,51.321530,On or near Parking Area,E01030954,Woking 008A,Anti-social behaviour,,
5554a3c8621b84ee12abadd25a9b3898fd237a2d9999c795738c1d7163017915,2023-06,Surrey Police,Surrey Police,-0.565463,51.316819,On or near Poole Road,E01030954,Woking 008A,Bicycle theft,Investigation complete; no suspect identified,
94bcb96371d593421ad3a47e66ea4f2dab30f673a94bf058c5fa9238e3031939,2023-06,Surrey Police,Surrey Police,-0.556120,51.319159,On or near The Broadway,E01030954,Woking 008A,Bicycle theft,Investigation complete; no suspect identified,
64e1ccb153a52d8c162cd852914fab0123e4f8107c06cd009a52cd0492605195,2023-06,Surrey Police,Surrey Police,-0.557471,51.319330,On or near Nightclub,E01030954,Woking 008A,Bicycle theft,Status update unavailable,
58fd6c97782684ff001941c53086c04e7886cc3ca7513b15d204383b25573e75,2023-06,Surrey Police,Surrey Police,-0.557471,51.319330,On or near Nightclub,E01030954,Woking 008A,Burglary,Investigation complete; no suspect identified,
2b1548509f13d9439c1f12d521f256c6d1b54cb781fb5b6a9a171a95ba706b18,2023-06,Surrey Police,Surrey Police,-0.556663,51.321530,On or near Parking Area,E01030954,Woking 008A,Burglary,Status update unavailable,
45c6782f53e8b5a2c50ca07fb09b3253934854a0043f8dba4158af7934b890d5,2023-06,Surrey Police,Surrey Police,-0.558376,51.318593,On or near Chapel Street,E01030954,Woking 008A,Burglary,Investigation complete; no suspect identified,
43a152a5d16d0f64e22fd8e4cb88feb2ea1d985e5a81b93611c2f45e6a922260,2023-06,Surrey Police,Surrey Police,-0.558376,51.318593,On or near Chapel Street,E01030954,Woking 008A,Burglary,Status update unavailable,
2ae43758307d026d6ac097047536b2ca52d3bf04e860507f79796814675d156f,2023-06,Surrey Police,Surrey Police,-0.558376,51.318593,On or near Chapel Street,E01030954,Woking 008A,Burglary,Investigation complete; no suspect identified,
96e02bfd283bb83ff31ca79e4d45c4d7fb37e6fa3c5ae0085255f55ce41b99a7,2023-06,Surrey Police,Surrey Police,-0.575417,51.312345,On or near Birch Close,E01030954,Woking 008A,Criminal damage and arson,Investigation complete; no suspect identified,
1caf182228f4467a8cfd82fc234a93d5523ce895abaac84b281033cdc0120d00,2023-06,Surrey Police,Surrey Police,-0.560409,51.320138,On or near Shopping Area,E01030954,Woking 008A,Criminal damage and arson,Status update unavailable,
ba36ec73b36adcbcc9f5007773488ea367f2ff3f0433ef82a12c5250de41432e,2023-06,Surrey Police,Surrey Police,-0.568875,51.317382,On or near Step Bridge Path,E01030954,Woking 008A,Criminal damage and arson,Local resolution,
ed14d919d63ea3bc88edfc2f851c070137f303933d7f292489aa2cf876022d7b,2023-06,Surrey Police,Surrey Police,-0.553933,51.321173,On or near Stanley Road,E01030954,Woking 008A,Criminal damage and arson,Investigation complete; no suspect identified,
ddc364ec3cc565df7b6c6b57679be2fecdbae841c8a37f04976226aca370b01f,2023-06,Surrey Police,Surrey Police,-0.556767,51.320030,On or near Commercial Way,E01030954,Woking 008A,Criminal damage and arson,Unable to prosecute suspect,
09468f2f2b978c86849a6802719390a8b5eb0e1fffebc5d9f1b2f5e1f3a1d3ac,2023-06,Surrey Police,Surrey Police,-0.553933,51.321173,On or near Stanley Road,E01030954,Woking 008A,Criminal damage and arson,Investigation complete; no suspect identified,
fef28f3d6baf7162f1cf2e42950051c756218c6526eb50958e03b6356da2302b,2023-06,Surrey Police,Surrey Police,-0.558376,51.318593,On or near Chapel Street,E01030954,Woking 008A,Criminal damage and arson,Unable to prosecute suspect,
9a191424c23003ebf6ae0719887765e1dd79de01913550f4036e5105e78f9255,2023-06,Surrey Police,Surrey Police,-0.562570,51.318024,On or near Church Street West,E01030954,Woking 008A,Drugs,Court result unavailable,
5d0f942645e9ea196472c0918822ab58b6f017080872c70bc0af480be8749710,2023-06,Surrey Police,Surrey Police,-0.568037,51.316643,On or near Kingsway Avenue,E01030954,Woking 008A,Other theft,Investigation complete; no suspect identified,
c7092b4dfbcc35455770b06ff8d8f1f703f2f53bd9a49951283ced7ace3e82b1,2023-06,Surrey Police,Surrey Police,-0.556120,51.319159,On or near The Broadway,E01030954,Woking 008A,Other theft,Investigation complete; no suspect identified,
3307e8c1aeffd93c6e2fe249510e25c2ad29ef2e69f06fab02ac06025ccee1bf,2023-06,Surrey Police,Surrey Police,-0.568037,51.316643,On or near Kingsway Avenue,E01030954,Woking 008A,Other theft,Investigation complete; no suspect identified,
ac57c713c00f116318212480a24e17f484ebd734ee16c0cac845dff2109dcdfb,2023-06,Surrey Police,Surrey Police,-0.568037,51.316643,On or near Kingsway Avenue,E01030954,Woking 008A,Other theft,Investigation complete; no suspect identified,
4d2ca68189fce61b477478883d64358ddcd1a9606920d47363dc73faf6e12e94,2023-06,Surrey Police,Surrey Police,-0.568037,51.316643,On or near Kingsway Avenue,E01030954,Woking 008A,Other theft,Investigation complete; no suspect identified,
23f625e465a09663b2f59f1987cf46d956144690b7df059014c893eb2482f19d,2023-06,Surrey Police,Surrey Police,-0.557959,51.320000,On or near Conference/Exhibition Centre,E01030954,Woking 008A,Other theft,Investigation complete; no suspect identified,
b34d8bccde584e669d18730618212325fbb0f1ce6e12ec8201f5241dfd355169,2023-06,Surrey Police,Surrey Police,-0.556767,51.320030,On or near Commercial Way,E01030954,Woking 008A,Other theft,Investigation complete; no suspect identified,
a29764ce590a98245b597dc8f5d8d12f506db6b696567b5f1ddff2d360855d89,2023-06,Surrey Police,Surrey Police,-0.568037,51.316643,On or near Kingsway Avenue,E01030954,Woking 008A,Other theft,Investigation complete; no suspect identified,
6f57a252974f84538fab58a9fdc844f532d326a55f8d77bf15305bdcce4b74a9,2023-06,Surrey Police,Surrey Police,-0.568037,51.316643,On or near Kingsway Avenue,E01030954,Woking 008A,Other theft,Investigation complete; no suspect identified,
36daaba4549ded660233533bac8e349bcf63361ee3717a321b2157aa9568bf67,2023-06,Surrey Police,Surrey Police,-0.568037,51.316643,On or near Kingsway Avenue,E01030954,Woking 008A,Other theft,Investigation complete; no suspect identified,
27c782892423ed113a07a885d1b9d2b4e4ee5cadeec6df20c2796cde64c226b7,2023-06,Surrey Police,Surrey Police,-0.568875,51.317382,On or near Step Bridge Path,E01030954,Woking 008A,Other theft,Investigation complete; no suspect identified,
ce23b54319487a4468b242a55a670da76c9b0879c2ae91478e022fc0ae7213dc,2023-06,Surrey Police,Surrey Police,-0.568037,51.316643,On or near Kingsway Avenue,E01030954,Woking 008A,Other theft,Investigation complete; no suspect identified,
f24d44002a53e6070f5c03dd590f2fc73b720a48764466a6dc8ba5f45543f4d6,2023-06,Surrey Police,Surrey Police,-0.555205,51.319957,On or near Locke Way,E01030954,Woking 008A,Other theft,Investigation complete; no suspect identified,
f8c574e2789aad0b1534e951d572d6ee585b0271a6d3e033c83700a069c3c08e,2023-06,Surrey Police,Surrey Police,-0.559739,51.319068,On or near Supermarket,E01030954,Woking 008A,Other theft,Local resolution,
b961d1fa3e55e8808812fa2821cefff65712e11a9541669c7b70ffea61db375d,2023-06,Surrey Police,Surrey Police,-0.555397,51.320714,On or near Duke Street,E01030954,Woking 008A,Other theft,Investigation complete; no suspect identified,
cab730e4b29bcf171992f05bea2f1c96504f828d5b0cf5ff78071802be8e2f31,2023-06,Surrey Police,Surrey Police,-0.557471,51.319330,On or near Nightclub,E01030954,Woking 008A,Other theft,Investigation complete; no suspect identified,
20293fddac592a391ba69026343c45c891a10f602731a1b98c0eb8aadf1190d6,2023-06,Surrey Police,Surrey Police,-0.568037,51.316643,On or near Kingsway Avenue,E01030954,Woking 008A,Other theft,Investigation complete; no suspect identified,
a9435d78c355c2b239f2ebd58362fd1e01c057f35834e8d6bcc8b73ae5410f9c,2023-06,Surrey Police,Surrey Police,-0.555205,51.319957,On or near Locke Way,E01030954,Woking 008A,Other theft,Unable to prosecute suspect,
d3e14286974e4b4642cde5e240ab62b0d36d8ea5a6855797268acae63d854a17,2023-06,Surrey Police,Surrey Police,-0.558376,51.318593,On or near Chapel Street,E01030954,Woking 008A,Other theft,Investigation complete; no suspect identified,
ab15a6a3d0aea51ea3c0945468363f81738aaa80af6a050fbb60172a8fb3ec23,2023-06,Surrey Police,Surrey Police,-0.568037,51.316643,On or near Kingsway Avenue,E01030954,Woking 008A,Other theft,Investigation complete; no suspect identified,
4c2be687017d57bbe08deddf06b6c84850a471e268d8a219920d228bbf463657,2023-06,Surrey Police,Surrey Police,-0.560409,51.320138,On or near Shopping Area,E01030954,Woking 008A,Other theft,Unable to prosecute suspect,
6b5ad3525c65b88612d3ddc8ce9347d4d93e087893ca6268502d7bdc706632d1,2023-06,Surrey Police,Surrey Police,-0.568037,51.316643,On or near Kingsway Avenue,E01030954,Woking 008A,Other theft,Investigation complete; no suspect identified,
038a98d35f0fa63558ed5ae1bda8511b755d69972b191d0b6178d6938e375fe9,2023-06,Surrey Police,Surrey Police,-0.562570,51.318024,On or near Church Street West,E01030954,Woking 008A,Other theft,Unable to prosecute suspect,
879691075ab6f690ab5214ccb6a63d2eb719443a10ea56c423e28ace396dc5cb,2023-06,Surrey Police,Surrey Police,-0.559507,51.319137,On or near Parking Area,E01030954,Woking 008A,Other theft,Investigation complete; no suspect identified,
424515af63c087e4048149aee23eeacc01a08123f03f1822d7597a301f4d217a,2023-06,Surrey Police,Surrey Police,-0.561387,51.319161,On or near Parking Area,E01030954,Woking 008A,Public order,Investigation complete; no suspect identified,
d6145ae9ca42d1715c99a1a9b2ba0259cf43fada5b1d142f8a771a2dfe401a92,2023-06,Surrey Police,Surrey Police,-0.561387,51.319161,On or near Parking Area,E01030954,Woking 008A,Public order,Investigation complete; no suspect identified,
6dee61e8c91ac40aa818fe4dedc0f3ffd21ee90fa89ad3284ff4c5c533620357,2023-06,Surrey Police,Surrey Police,-0.556767,51.320030,On or near Commercial Way,E01030954,Woking 008A,Public order,Court result unavailable,
727074688e96e2217f5cff377dfc269077f9d56942851d69b76070dc51ef970d,2023-06,Surrey Police,Surrey Police,-0.556767,51.320030,On or near Commercial Way,E01030954,Woking 008A,Public order,Court result unavailable,
3a5b0666a9ce2018b8e1e103d0f629969160d94cf9a05e315424be01f21a697a,2023-06,Surrey Police,Surrey Police,-0.559507,51.319137,On or near Parking Area,E01030954,Woking 008A,Public order,Investigation complete; no suspect identified,
670137fae3192c526dcd4a4c4f16d0f411259f6c550816e40b260da736f6112c,2023-06,Surrey Police,Surrey Police,-0.557471,51.319330,On or near Nightclub,E01030954,Woking 008A,Public order,Further investigation is not in the public interest,
2cf4c7f51e24020576a9d5f05636b297b17897e506da70035d8b6b79bd22f1de,2023-06,Surrey Police,Surrey Police,-0.568037,51.316643,On or near Kingsway Avenue,E01030954,Woking 008A,Public order,Investigation complete; no suspect identified,
b6fcc08836c96c8e462f67bda0b791a20c33e6ba7ce9e1772c3e5eb3467d1165,2023-06,Surrey Police,Surrey Police,-0.562570,51.318024,On or near Church Street West,E01030954,Woking 008A,Public order,Investigation complete; no suspect identified,
e469efd25fefcf5395d81d36879a07e31a5e75aa2d09d26814f2451e7944ca41,2023-06,Surrey Police,Surrey Police,-0.561387,51.319161,On or near Parking Area,E01030954,Woking 008A,Public order,Investigation complete; no suspect identified,
89b94021d6620f10389cbee802f2d919237f2dde2cf516dd02f99904466189e7,2023-06,Surrey Police,Surrey Police,-0.561387,51.319161,On or near Parking Area,E01030954,Woking 008A,Public order,Investigation complete; no suspect identified,
bfeb0a070e5e87ec4bc2154ed7190dd52c4e588b5b75bf32ff402b91ff8924ea,2023-06,Surrey Police,Surrey Police,-0.562570,51.318024,On or near Church Street West,E01030954,Woking 008A,Public order,Status update unavailable,
7dca924f6175fe7f6a99accacbca8110db8b7a9093daa04e931ed68508a05b08,2023-06,Surrey Police,Surrey Police,-0.561387,51.319161,On or near Parking Area,E01030954,Woking 008A,Shoplifting,Investigation complete; no suspect identified,
7b615eb26815d505dbc3f12b15a4e6dc7ce359b878bdfe8308a891c39f464d3f,2023-06,Surrey Police,Surrey Police,-0.568037,51.316643,On or near Kingsway Avenue,E01030954,Woking 008A,Shoplifting,Formal action is not in the public interest,
a68b7d54dcfd9697759a1303e4dd3d1fd51fa5b130208139794fafa0f5d4c1e3,2023-06,Surrey Police,Surrey Police,-0.558376,51.318593,On or near Chapel Street,E01030954,Woking 008A,Shoplifting,Unable to prosecute suspect,
a31ebfcb028085829b5880b8388981838dc9f210dfc46955361bb777777c7e6e,2023-06,Surrey Police,Surrey Police,-0.570279,51.314252,On or near De Lara Way,E01030954,Woking 008A,Shoplifting,Investigation complete; no suspect identified,
375fa1c6598cf53de0196666fc73717ffa368309656cad164f0bb74a5135a68d,2023-06,Surrey Police,Surrey Police,-0.560409,51.320138,On or near Shopping Area,E01030954,Woking 008A,Shoplifting,Investigation complete; no suspect identified,
0df9dc01d74f986b722b1408e99ce2bd219ef28ccbbf7c3d53d99ace4cf9a787,2023-06,Surrey Police,Surrey Police,-0.561387,51.319161,On or near Parking Area,E01030954,Woking 008A,Theft from the person,Investigation complete; no suspect identified,
3132cb98332dfba90f88394c520f6d2a20edab063d5d70208394cc52a3795ba1,2023-06,Surrey Police,Surrey Police,-0.561387,51.319161,On or near Parking Area,E01030954,Woking 008A,Theft from the person,Unable to prosecute suspect,
ebf89f7257b15ddb8d6b17fa6e22307a3567659e875f8a2351734be862ed2384,2023-06,Surrey Police,Surrey Police,-0.571325,51.315200,On or near Kingsway,E01030954,Woking 008A,Vehicle crime,Investigation complete; no suspect identified,
63f2a8d8c66b5b758094dd778492330701cc198d4f033e9a73207f5c568ffa83,2023-06,Surrey Police,Surrey Police,-0.562570,51.318024,On or near Church Street West,E01030954,Woking 008A,Violence and sexual offences,Court result unavailable,
7a61868704fc98eb02e70dbb431e428acd771ac69ce4dd67815db277284622ec,2023-06,Surrey Police,Surrey Police,-0.562570,51.318024,On or near Church Street West,E01030954,Woking 008A,Violence and sexual offences,Court result unavailable,
7d13e46eefaceda9e4430c0d395a5d67cdbf5cfb1f8b41d6675a3d5931c05df3,2023-06,Surrey Police,Surrey Police,-0.555205,51.319957,On or near Locke Way,E01030954,Woking 008A,Violence and sexual offences,Unable to prosecute suspect,
045b229a3d7c2a1562c496fb00eee8b6f478452d3437a505defd44a97fad9847,2023-06,Surrey Police,Surrey Police,-0.557959,51.320000,On or near Conference/Exhibition Centre,E01030954,Woking 008A,Violence and sexual offences,Status update unavailable,
bae6ce5a8b193b1aa0872d82e849e61aff7ae8b83b46c2d4e1323aa452e184bc,2023-06,Surrey Police,Surrey Police,-0.561387,51.319161,On or near Parking Area,E01030954,Woking 008A,Violence and sexual offences,Status update unavailable,
b08f04b0d7f151cce8a8deaedab0fb7ee03f40afc3dfef4391383abcb96ed47e,2023-06,Surrey Police,Surrey Police,-0.561387,51.319161,On or near Parking Area,E01030954,Woking 008A,Violence and sexual offences,Unable to prosecute suspect,
adae2568a0e786381506c03825756feea1ac8ac77d55f69d5c47d0779e9ac2eb,2023-06,Surrey Police,Surrey Police,-0.559622,51.320506,On or near Theatre/Concert Hall,E01030954,Woking 008A,Violence and sexual offences,Investigation complete; no suspect identified,
65e13e6eeb4e26f18d55819fafa0897a6ea072fbda487990e4b39e8aa6c14cc6,2023-06,Surrey Police,Surrey Police,-0.556767,51.320030,On or near Commercial Way,E01030954,Woking 008A,Violence and sexual offences,Unable to prosecute suspect,
d4db3fda3a569e2112115da24d393b4dcb2c437876dda46d1c90f12de7f112fe,2023-06,Surrey Police,Surrey Police,-0.559168,51.321264,On or near Victoria Way,E01030954,Woking 008A,Violence and sexual offences,Unable to prosecute suspect,
c8eafdad2eed7a5927467c70b813dad56fba78ee56f74dae9186727753feeb25,2023-06,Surrey Police,Surrey Police,-0.555205,51.319957,On or near Locke Way,E01030954,Woking 008A,Violence and sexual offences,Status update unavailable,
91632dfe43a64fb12c787eb854b8f903ff19a93d253d982b387d0058c366a73b,2023-06,Surrey Police,Surrey Police,-0.556767,51.320030,On or near Commercial Way,E01030954,Woking 008A,Violence and sexual offences,Unable to prosecute suspect,
eb2125e2c96febaac86add79494e8e83cfa4153e3cd1dbca17c5cddd7100f5c8,2023-06,Surrey Police,Surrey Police,-0.561387,51.319161,On or near Parking Area,E01030954,Woking 008A,Violence and sexual offences,Investigation complete; no suspect identified,
232e219d01af0b8d76bc2d9d1bb7f9a6ad0d9835d6d16cec096b3e38ceee957f,2023-06,Surrey Police,Surrey Police,-0.555205,51.319957,On or near Locke Way,E01030954,Woking 008A,Violence and sexual offences,Investigation complete; no suspect identified,
25cac57ffa0fc24f79479da53b10f185a5a80e2b1021261c01b239fbc9806fdf,2023-06,Surrey Police,Surrey Police,-0.556767,51.320030,On or near Commercial Way,E01030954,Woking 008A,Violence and sexual offences,Unable to prosecute suspect,
3dc7ce4bb6a8ad2f5446bc88bb2238d245cbc46d4fc90016c7d3cbae78ed69f0,2023-06,Surrey Police,Surrey Police,-0.556767,51.320030,On or near Commercial Way,E01030954,Woking 008A,Violence and sexual offences,Investigation complete; no suspect identified,
9d91b25d6da958b68032f0de4552ebe102b86067535f10727ae8261b5db2a949,2023-06,Surrey Police,Surrey Police,-0.558376,51.318593,On or near Chapel Street,E01030954,Woking 008A,Violence and sexual offences,Investigation complete; no suspect identified,
e98ef9b059a8b12e50d80069b0ea5a95234043907cd42d430cbf773a4395469c,2023-06,Surrey Police,Surrey Police,-0.557959,51.320000,On or near Conference/Exhibition Centre,E01030954,Woking 008A,Violence and sexual offences,Investigation complete; no suspect identified,
c296b0d93417358a007861605677b6c6077ed4c98bf159b7e75e79392e1e76d8,2023-06,Surrey Police,Surrey Police,-0.556120,51.319159,On or near The Broadway,E01030954,Woking 008A,Violence and sexual offences,Unable to prosecute suspect,
825e6f9c2d1f990ac8a719321f62e00f33ac9c7a56791489462a7cb08357146f,2023-06,Surrey Police,Surrey Police,-0.556120,51.319159,On or near The Broadway,E01030954,Woking 008A,Violence and sexual offences,Court result unavailable,
5b4ac24a0bf599467a9b2c3b2e6e6013f8a12621aa6a478a10e460ea900e8250,2023-06,Surrey Police,Surrey Police,-0.562570,51.318024,On or near Church Street West,E01030954,Woking 008A,Violence and sexual offences,Court result unavailable,
a8b5118583f07dfff73a57d3c37add9057c140a98d87c1aa0133aecb6a909cb9,2023-06,Surrey Police,Surrey Police,-0.562570,51.318024,On or near Church Street West,E01030954,Woking 008A,Violence and sexual offences,Court result unavailable,
7569dd437c390bcf1e5d9fbf8fe9d6a2da17a723dc5e87269615280bd779bc83,2023-06,Surrey Police,Surrey Police,-0.556663,51.321530,On or near Parking Area,E01030954,Woking 008A,Violence and sexual offences,Unable to prosecute suspect,
06ab89d1c285b05c2ee0a2a5e9672e947559aa4fe27cada0191133eeddcc319b,2023-06,Surrey Police,Surrey Police,-0.563799,51.316798,On or near Butts Road,E01030954,Woking 008A,Violence and sexual offences,Unable to prosecute suspect,
805d5a6c13b5277bb460af6c86488073804571d7e84c8ce9a463c74481c46ebe,2023-06,Surrey Police,Surrey Police,-0.556767,51.320030,On or near Commercial Way,E01030954,Woking 008A,Violence and sexual offences,Court result unavailable,
475050ef4ba5f49abbc6bace38239c244046cbc19fa4e8bfee45868e5d68a94d,2023-06,Surrey Police,Surrey Police,-0.557471,51.319330,On or near Nightclub,E01030954,Woking 008A,Violence and sexual offences,Unable to prosecute suspect,
f79b23526f715fb343cd688ae098beda8c3ba791547a59ba36b478543a641690,2023-06,Surrey Police,Surrey Police,-0.565463,51.316819,On or near Poole Road,E01030954,Woking 008A,Violence and sexual offences,Unable to prosecute suspect,
02e7ea2623a3be538b163548f966df44d37b6bc6b57fe91f968ad9130c3f3c58,2023-06,Surrey Police,Surrey Police,-0.558376,51.318593,On or near Chapel Street,E01030954,Woking 008A,Violence and sexual offences,Unable to prosecute suspect,
4031d209ca9b503c49d3ef5898a0603fa2d915a3f2de06d875c5d0b833379734,2023-06,Surrey Police,Surrey Police,-0.562570,51.318024,On or near Church Street West,E01030954,Woking 008A,Violence and sexual offences,Court result unavailable,
0443bdeb88ce697fa4269e5e683cb6f0b24d129f9b14619a99382841eb30241c,2023-06,Surrey Police,Surrey Police,-0.557643,51.320014,On or near Church Path,E01030954,Woking 008A,Violence and sexual offences,Investigation complete; no suspect identified,
26656d690f51bb634625501c20bc9465f9a4be273f3f528c67ff3eae9ef103c2,2023-06,Surrey Police,Surrey Police,-0.562570,51.318024,On or near Church Street West,E01030954,Woking 008A,Violence and sexual offences,Court result unavailable,
2d345887d892eef5ded85362b05f217bbe86976f90a35bc5f8e74d7c1a798be0,2023-06,Surrey Police,Surrey Police,-0.565463,51.316819,On or near Poole Road,E01030954,Woking 008A,Violence and sexual offences,Unable to prosecute suspect,
0f4b10150905b4d0ba8226621800ca8eaff04a3de1925bc817c37205930e5511,2023-06,Surrey Police,Surrey Police,-0.564673,51.317771,On or near Oaks Road,E01030954,Woking 008A,Violence and sexual offences,Investigation complete; no suspect identified,
23849221f411bd61aaf81012d876bcda07bb9a42372d52a9ef7c66c47d35745b,2023-06,Surrey Police,Surrey Police,-0.562570,51.318024,On or near Church Street West,E01030954,Woking 008A,Other crime,Court result unavailable,
2c42f0c2057c068bfa0389997988e028d1a402b3b2debc5ffad699f67cb6986e,2023-06,Surrey Police,Surrey Police,-0.568037,51.316643,On or near Kingsway Avenue,E01030954,Woking 008A,Other crime,Unable to prosecute suspect,
a02a8615d84e4bbb9fd83123fed8f8218331a6125957b954a3fd838f2fb33a97,2023-06,Surrey Police,Surrey Police,-0.566950,51.319777,On or near Horsell Moor,E01030969,Woking 008B,Violence and sexual offences,Court result unavailable,
,2023-06,Surrey Police,Surrey Police,-0.573433,51.320801,On or near Kirby Road,E01030969,Woking 008B,Anti-social behaviour,,
03496ef7fa1832902e1a9588e582b2fdfee8e56542fdd1c3bf11d7000d97ae07,2023-06,Surrey Police,Surrey Police,-0.573310,51.323389,On or near Bury Close,E01030969,Woking 008B,Public order,Unable to prosecute suspect,
ddec5700321fbff55ce2dcfb3746fd78afea8684f303f3337a6fcde7a31bcaca,2023-06,Surrey Police,Surrey Police,-0.574692,51.323711,On or near Supermarket,E01030969,Woking 008B,Shoplifting,Status update unavailable,
125d0521f880368fbdeee80ed0dfe3624471c28aeb71d67812f1ce8212e28369,2023-06,Surrey Police,Surrey Police,-0.574692,51.323711,On or near Supermarket,E01030969,Woking 008B,Shoplifting,Court result unavailable,
cff0916c8e04d2e3b360b070562a3cb58250d58f29d97ffba5f6919de0c171d9,2023-06,Surrey Police,Surrey Police,-0.574692,51.323711,On or near Supermarket,E01030969,Woking 008B,Shoplifting,Investigation complete; no suspect identified,
c886592bb95125976dddf8a9f3d47165123b60af22964b94f816d1cd72b6d9a1,2023-06,Surrey Police,Surrey Police,-0.573501,51.321854,On or near Waldens Park Road,E01030969,Woking 008B,Violence and sexual offences,Action to be taken by another organisation,
557ffde2ecaeb70cc16c272e4f14186aed564723daef96ef75b371b837a9d098,2023-06,Surrey Police,Surrey Police,-0.573477,51.322609,On or near Langdale Close,E01030969,Woking 008B,Violence and sexual offences,Unable to prosecute suspect,
9d9846a4a453d36876efbcafc6f8a1ca5fcf714526afc6a7892dc6ffce3e057a,2023-06,Surrey Police,Surrey Police,-0.573433,51.320801,On or near Kirby Road,E01030969,Woking 008B,Violence and sexual offences,Unable to prosecute suspect,
0319731d4d4b16d26260a814119a07f98b34a11c5c9da3a3cea610d5070d533b,2023-06,Surrey Police,Surrey Police,-0.577528,51.318315,On or near Hedgerley Court,E01030970,Woking 008C,Burglary,Status update unavailable,
c2cfd2c80e975bacbafccb1274de12512d2829c7cc0da2bbd92861b8c370da7b,2023-06,Surrey Police,Surrey Police,-0.577365,51.320821,On or near Well Close,E01030970,Woking 008C,Violence and sexual offences,Unable to prosecute suspect,
b29f20d228af06cd4137ba4e9d56edb45eca5dc9eba407f963a999e1225df58d,2023-06,Surrey Police,Surrey Police,-0.577365,51.320821,On or near Well Close,E01030970,Woking 008C,Violence and sexual offences,Investigation complete; no suspect identified,
720847f6381253e431701037281d96cf049b89446ce62aea436ce361c28c229c,2023-06,Surrey Police,Surrey Police,-0.577365,51.320821,On or near Well Close,E01030970,Woking 008C,Violence and sexual offences,Status update unavailable,
,2023-06,Surrey Police,Surrey Police,-0.561435,51.312120,On or near Thorsden Close,E01030991,Woking 008D,Anti-social behaviour,,
,2023-06,Surrey Police,Surrey Police,-0.561590,51.309901,On or near Claredale,E01030991,Woking 008D,Anti-social behaviour,,
,2023-06,Surrey Police,Surrey Police,-0.561590,51.309901,On or near Claredale,E01030991,Woking 008D,Anti-social behaviour,,
,2023-06,Surrey Police,Surrey Police,-0.555812,51.312959,On or near Ockenden Gardens,E01030991,Woking 008D,Anti-social behaviour,,
,2023-06,Surrey Police,Surrey Police,-0.559434,51.311394,On or near Green View,E01030991,Woking 008D,Anti-social behaviour,,
c0459368754b00d4998abd25239447ecad1c2679b75617c3d4c8ef8d927f3f01,2023-06,Surrey Police,Surrey Police,-0.559434,51.311394,On or near Green View,E01030991,Woking 008D,Bicycle theft,Investigation complete; no suspect identified,
3996fe90b4733bb6e4aeff8a4cb9c1f5dbedbcdf5dd010da2c61c5a8441c9388,2023-06,Surrey Police,Surrey Police,-0.555812,51.312959,On or near Ockenden Gardens,E01030991,Woking 008D,Criminal damage and arson,Investigation complete; no suspect identified,
443a845ab605a6e0dbd59cca065e66a7c70126ad55313a969bb17f1d6df4d296,2023-06,Surrey Police,Surrey Police,-0.561590,51.309901,On or near Claredale,E01030991,Woking 008D,Criminal damage and arson,Unable to prosecute suspect,
9c2173be84ee06867a6f18f814f6d0aaeea5054b2b8bb5c8a433eaf8f0fa2a73,2023-06,Surrey Police,Surrey Police,-0.566825,51.309947,On or near West Hill Road,E01030991,Woking 008D,Other theft,Investigation complete; no suspect identified,
acbb589b78f37c30edf624d742a0c074a892a5fb52db41fad93d6d0896e7ff9e,2023-06,Surrey Police,Surrey Police,-0.559475,51.312384,On or near Woodlands,E01030991,Woking 008D,Other theft,Investigation complete; no suspect identified,
3cda1443163c3e02a8088bdfc90dd557215dd84283060a30851a0846c266ad4b,2023-06,Surrey Police,Surrey Police,-0.561091,51.309328,On or near Claremont Avenue,E01030991,Woking 008D,Public order,Court result unavailable,
f57e5ae398d055fc0965796dbaa612893298096dc0dea3e2f34208f66503b7be,2023-06,Surrey Police,Surrey Police,-0.564729,51.311837,On or near Brooklyn Close,E01030991,Woking 008D,Public order,Unable to prosecute suspect,
0459d0d21662366d246240f1ecc8892c923b99fe5c7e02c1c86b8170a539d68b,2023-06,Surrey Police,Surrey Police,-0.564729,51.311837,On or near Brooklyn Close,E01030991,Woking 008D,Public order,Unable to prosecute suspect,
9e58446ae76601161638db25f154273f74e32b6b34645a623a9728571edf41e2,2023-06,Surrey Police,Surrey Police,-0.559434,51.311394,On or near Green View,E01030991,Woking 008D,Violence and sexual offences,Investigation complete; no suspect identified,
1195ecf43e8cdf30db04b69077457ba81534eaf6ae47814b88df3bca8a294015,2023-06,Surrey Police,Surrey Police,-0.561590,51.309901,On or near Claredale,E01030991,Woking 008D,Violence and sexual offences,Unable to prosecute suspect,
ff1492e9cd2fde183b221d6b88722e150977270cedf8189c1379bd5a554af7c0,2023-06,Surrey Police,Surrey Police,-0.564729,51.311837,On or near Brooklyn Close,E01030991,Woking 008D,Violence and sexual offences,Investigation complete; no suspect identified,
,2023-06,Surrey Police,Surrey Police,-0.559309,51.316752,On or near Victoria Road,E01034294,Woking 008F,Anti-social behaviour,,
,2023-06,Surrey Police,Surrey Police,-0.559309,51.316752,On or near Victoria Road,E01034294,Woking 008F,Anti-social behaviour,,
,2023-06,Surrey Police,Surrey Police,-0.555818,51.316898,On or near Heathside Crescent,E01034294,Woking 008F,Anti-social behaviour,,
,2023-06,Surrey Police,Surrey Police,-0.559309,51.316752,On or near Victoria Road,E01034294,Woking 008F,Anti-social behaviour,,
,2023-06,Surrey Police,Surrey Police,-0.559309,51.316752,On or near Victoria Road,E01034294,Woking 008F,Anti-social behaviour,,
,2023-06,Surrey Police,Surrey Police,-0.555818,51.316898,On or near Heathside Crescent,E01034294,Woking 008F,Anti-social behaviour,,
,2023-06,Surrey Police,Surrey Police,-0.555818,51.316898,On or near Heathside Crescent,E01034294,Woking 008F,Anti-social behaviour,,
,2023-06,Surrey Police,Surrey Police,-0.555818,51.316898,On or near Heathside Crescent,E01034294,Woking 008F,Anti-social behaviour,,
,2023-06,Surrey Police,Surrey Police,-0.558810,51.316035,On or near Police Station,E01034294,Woking 008F,Anti-social behaviour,,
60d02879b518f19170f0810a70565eb64e79192bec2fdecefe4939f9ea83e1b3,2023-06,Surrey Police,Surrey Police,-0.558135,51.317124,On or near Station Approach,E01034294,Woking 008F,Other theft,Unable to prosecute suspect,
2461ef7c732ea21e5aa6fe06e56f3827035d6743ffff9d5480fb357f870d5fbc,2023-06,Surrey Police,Surrey Police,-0.558135,51.317124,On or near Station Approach,E01034294,Woking 008F,Other theft,Unable to prosecute suspect,
5dc8057d001a1cd09b903be74fc103de32f706d5df1e75af41657807bd91c2ce,2023-06,Surrey Police,Surrey Police,-0.555818,51.316898,On or near Heathside Crescent,E01034294,Woking 008F,Public order,Investigation complete; no suspect identified,
f0be2cb2cdb567ca9660e0eded887b481f3d2954abd1ae9f510bda58cc809399,2023-06,Surrey Police,Surrey Police,-0.558810,51.316035,On or near Police Station,E01034294,Woking 008F,Public order,Unable to prosecute suspect,
72df2fc70ea8932cabffa7a67f886379a63d00dc8c661b3b334707954b40f646,2023-06,Surrey Police,Surrey Police,-0.558135,51.317124,On or near Station Approach,E01034294,Woking 008F,Public order,Investigation complete; no suspect identified,
7eabdf5baf29cb420be5c530b446b6935a1b9bfbe36e684c9543f3b5cf84bc76,2023-06,Surrey Police,Surrey Police,-0.558135,51.317124,On or near Station Approach,E01034294,Woking 008F,Vehicle crime,Investigation complete; no suspect identified,
b663b4162dfa181554339bccca1f786f13c06080d301c8ecd270b859966e1008,2023-06,Surrey Police,Surrey Police,-0.559309,51.316752,On or near Victoria Road,E01034294,Woking 008F,Violence and sexual offences,Investigation complete; no suspect identified,
efaf4aca5fde041751f6beda25b9460add327a3c6f7271faf788bc2b1a2f86d3,2023-06,Surrey Police,Surrey Police,-0.558135,51.317124,On or near Station Approach,E01034294,Woking 008F,Violence and sexual offences,Court result unavailable,
67907c95a3ed5bdeb52feda539bc2d5f6bd0db888fd3ac75d5e48719018160dc,2023-06,Surrey Police,Surrey Police,-0.559309,51.316752,On or near Victoria Road,E01034294,Woking 008F,Violence and sexual offences,Unable to prosecute suspect,
d5fcf3197d725bdd393af2a56d09002f050f6ed80601cba50dacffc9a68db696,2023-06,Surrey Police,Surrey Police,-0.562250,51.315412,On or near Bradfield Close,E01034294,Woking 008F,Other crime,Investigation complete; no suspect identified,
,2023-06,Surrey Police,Surrey Police,-0.561558,51.314136,On or near Montgomery Road,E01034295,Woking 008G,Anti-social behaviour,,
b930488c7d067df1215a9efbb01cc7682f564f12af6af4f32d6a6c9808d56248,2023-06,Surrey Police,Surrey Police,-0.558531,51.315502,On or near St Andrews Gate,E01034295,Woking 008G,Bicycle theft,Investigation complete; no suspect identified,
1ab823888e41444f04184597d2d75fea590d72f4a091499d3009f7a1b4cad3e6,2023-06,Surrey Police,Surrey Police,-0.559183,51.313468,On or near Fairview Avenue,E01034295,Woking 008G,Other theft,Investigation complete; no suspect identified,
6ddbe9bbb3a26d2acabbc4d44c90e3ef1411614901dfdd04d18895f021add1b2,2023-06,Surrey Police,Surrey Police,-0.557633,51.313917,On or near Hill View Road,E01034295,Woking 008G,Violence and sexual offences,Unable to prosecute suspect,
,2023-06,Surrey Police,Surrey Police,-0.602714,51.314023,On or near Inkerman Way,E01030960,Woking 009A,Anti-social behaviour,,
,2023-06,Surrey Police,Surrey Police,-0.606307,51.312393,On or near Hermitage Road,E01030960,Woking 009A,Anti-social behaviour,,
38d1ccd979fe08a9f37fc5f08b9c1651892b3b87fefaf3235816c6923a8f752a,2023-06,Surrey Police,Surrey Police,-0.604992,51.316963,On or near Bloomfield Close,E01030960,Woking 009A,Criminal damage and arson,Further investigation is not in the public interest,
e973a06e445ce0bcb497e55727a97a5b3196c417107ec1bdbd77b7026478f88d,2023-06,Surrey Police,Surrey Police,-0.605022,51.315498,On or near Raglan Road,E01030960,Woking 009A,Criminal damage and arson,Investigation complete; no suspect identified,
593b87e17f3000f7ca95a16b50cf7934c6e1a634e385d5201b8204b2abc9fb90,2023-06,Surrey Police,Surrey Police,-0.610194,51.314336,On or near Southwood Avenue,E01030960,Woking 009A,Public order,Unable to prosecute suspect,
fea5fc11318ae1083da71edc18028fbe625ef83c2dd7cdfe7346b1380789b470,2023-06,Surrey Police,Surrey Police,-0.602714,51.314023,On or near Inkerman Way,E01030960,Woking 009A,Public order,Unable to prosecute suspect,
31df5cb644575966575ec109a8819c81827692e51feac72073bb477bb2f6c9df,2023-06,Surrey Police,Surrey Police,-0.602714,51.314023,On or near Inkerman Way,E01030960,Woking 009A,Public order,Unable to prosecute suspect,
7cec2f6e6e513ba1546da39a397e41fe3c9f6f5757ecdfcbe4c1f360040a05e0,2023-06,Surrey Police,Surrey Police,-0.605022,51.315498,On or near Raglan Road,E01030960,Woking 009A,Public order,Local resolution,
024b4418b0bea78bc8d0222544e29505ddfc37a44c5bd483bf570e7deaf5db1f,2023-06,Surrey Police,Surrey Police,-0.600220,51.311583,On or near Lansdown Close,E01030960,Woking 009A,Violence and sexual offences,Unable to prosecute suspect,
6631b59edd5ec99636c2361aa8e88eea8f1ca0c01add6ee6986e7a4b3259dbe1,2023-06,Surrey Police,Surrey Police,-0.602714,51.314023,On or near Inkerman Way,E01030960,Woking 009A,Violence and sexual offences,Further investigation is not in the public interest,
16da6bafeb50d362526331a95a1c68dcab471d71126f15bdf4dd1f41aceacb4d,2023-06,Surrey Police,Surrey Police,-0.610194,51.314336,On or near Southwood Avenue,E01030960,Woking 009A,Violence and sexual offences,Further investigation is not in the public interest,
,2023-06,Surrey Police,Surrey Police,-0.606371,51.312187,On or near Amis Road,E01030961,Woking 009B,Anti-social behaviour,,
,2023-06,Surrey Police,Surrey Police,-0.606513,51.310336,On or near Sutton Avenue,E01030961,Woking 009B,Anti-social behaviour,,
1fd0b873c6a52cd3e7e9702bae37d914dc1ae2d8a100c7f87272a2057425dda8,2023-06,Surrey Police,Surrey Police,-0.612848,51.311499,On or near Queenswood Road,E01030961,Woking 009B,Other theft,Unable to prosecute suspect,
5a2383d363c4ec7df2bb553c55a775566c621a4752808c354c3b93df883ecee0,2023-06,Surrey Police,Surrey Police,-0.609504,51.312008,On or near Five Oaks Close,E01030961,Woking 009B,Public order,Unable to prosecute suspect,
33fa0052674dca142909b9bfe708f8930ad153f6ec4b44802fb3568b3167a5ab,2023-06,Surrey Police,Surrey Police,-0.606074,51.308254,On or near Birdswood Drive,E01030961,Woking 009B,Public order,Unable to prosecute suspect,
728c241a0a7120c69aaac681eec2a31c980f8887d2d6fd18d4d7b73096180688,2023-06,Surrey Police,Surrey Police,-0.606513,51.310336,On or near Sutton Avenue,E01030961,Woking 009B,Violence and sexual offences,Further action is not in the public interest,
2a3fe94b26af398a05a4df25393bb3c22efa9610420a01d17fe32b8140967170,2023-06,Surrey Police,Surrey Police,-0.606074,51.308254,On or near Birdswood Drive,E01030961,Woking 009B,Violence and sexual offences,Unable to prosecute suspect,
c76d4272f6e3a7a7ca86fd09f360b7e5f8213c3cf7357f98f3a79f50c3b1783a,2023-06,Surrey Police,Surrey Police,-0.606513,51.310336,On or near Sutton Avenue,E01030961,Woking 009B,Violence and sexual offences,Status update unavailable,
174e28b77bb3075bc44dde96ed0e60d580155c81f61775bdb481a040223b8f67,2023-06,Surrey Police,Surrey Police,-0.606513,51.310336,On or near Sutton Avenue,E01030961,Woking 009B,Violence and sexual offences,Unable to prosecute suspect,
19227d846d89b0e68feb9bd18d7c3e496181b990265eba7aa43385d0b55165b2,2023-06,Surrey Police,Surrey Police,-0.611822,51.308906,On or near Larchwood Road,E01030961,Woking 009B,Other crime,Court result unavailable,
,2023-06,Surrey Police,Surrey Police,-0.600315,51.315514,On or near Cambridge Close,E01030962,Woking 009C,Anti-social behaviour,,
,2023-06,Surrey Police,Surrey Police,-0.600315,51.315514,On or near Cambridge Close,E01030962,Woking 009C,Anti-social behaviour,,
,2023-06,Surrey Police,Surrey Police,-0.597325,51.313823,On or near Robin Hood Close,E01030962,Woking 009C,Anti-social behaviour,,
,2023-06,Surrey Police,Surrey Police,-0.602138,51.314546,On or near Cardigan Close,E01030962,Woking 009C,Anti-social behaviour,,
,2023-06,Surrey Police,Surrey Police,-0.602138,51.314546,On or near Cardigan Close,E01030962,Woking 009C,Anti-social behaviour,,
,2023-06,Surrey Police,Surrey Police,-0.600315,51.315514,On or near Cambridge Close,E01030962,Woking 009C,Anti-social behaviour,,
,2023-06,Surrey Police,Surrey Police,-0.600315,51.315514,On or near Cambridge Close,E01030962,Woking 009C,Anti-social behaviour,,
1c9cf46034f8ec9ea46746ef7fb5fbadf121301b0a70be0703983a029a84d2b9,2023-06,Surrey Police,Surrey Police,-0.600585,51.314186,On or near Iveagh Road,E01030962,Woking 009C,Criminal damage and arson,Unable to prosecute suspect,
f1b496470a19ccd25a892d15fa7c3e8774a2daee40e85e653e51814059bb9473,2023-06,Surrey Police,Surrey Police,-0.596439,51.313237,On or near Capstans Wharf,E01030962,Woking 009C,Other theft,Investigation complete; no suspect identified,
9ad8997497dc3baa96a3be34f69f9bdb39cdc09a86fe30f03223db047f29212d,2023-06,Surrey Police,Surrey Police,-0.600315,51.315514,On or near Cambridge Close,E01030962,Woking 009C,Other theft,Investigation complete; no suspect identified,
73acc1ffe995c9313db29686706c303d9d1d88ebbb759b949f047016bfac24ce,2023-06,Surrey Police,Surrey Police,-0.600315,51.315514,On or near Cambridge Close,E01030962,Woking 009C,Public order,Unable to prosecute suspect,
4eb02d31256c6c20054ea92a0b9b94b88b9516240383016bdc8bfc350499a5e8,2023-06,Surrey Police,Surrey Police,-0.596439,51.313237,On or near Capstans Wharf,E01030962,Woking 009C,Public order,Investigation complete; no suspect identified,
803e9b5d9785e21befb7dd7bed0dfb3547d866afd8ae8054500717751a209f47,2023-06,Surrey Police,Surrey Police,-0.598770,51.316799,On or near Friary Court,E01030962,Woking 009C,Vehicle crime,Investigation complete; no suspect identified,
e303b1ae8eaf23220743043e4caef6ecb1d5096747f23addebb6460ba0d10931,2023-06,Surrey Police,Surrey Police,-0.598226,51.313447,On or near Ashley Court,E01030962,Woking 009C,Violence and sexual offences,Further action is not in the public interest,
3490995f357ed757b84a64721265025ec55c8d643a7dd3b8cfa10b563f0aa6bf,2023-06,Surrey Police,Surrey Police,-0.598163,51.314571,On or near Nottingham Close,E01030962,Woking 009C,Violence and sexual offences,Unable to prosecute suspect,
df17d6a5a2ad990e329c4988ec71f2472a324882422d5b0e7eea8c485b3d86bf,2023-06,Surrey Police,Surrey Police,-0.601485,51.318567,On or near Robin Hood Road,E01030962,Woking 009C,Violence and sexual offences,Unable to prosecute suspect,
9e79f6685706ae57966c0b7d9485c904d311b3e7cb8e62d9f79214580ab8e5f3,2023-06,Surrey Police,Surrey Police,-0.600315,51.315514,On or near Cambridge Close,E01030962,Woking 009C,Violence and sexual offences,Unable to prosecute suspect,
2272ac85c1f9204ec059f87e2159f55a0ebb54dce43d27251a9dc5cb851cb103,2023-06,Surrey Police,Surrey Police,-0.598226,51.313447,On or near Ashley Court,E01030962,Woking 009C,Violence and sexual offences,Unable to prosecute suspect,
114559c7aba05a530c384b6ff5685dca84e1c9e1e05fe26d53376a1311d1fe8a,2023-06,Surrey Police,Surrey Police,-0.599084,51.317324,On or near Locksley Drive,E01030962,Woking 009C,Violence and sexual offences,Unable to prosecute suspect,
,2023-06,Surrey Police,Surrey Police,-0.592929,51.311181,On or near Church Road,E01031000,Woking 009D,Anti-social behaviour,,
1dfb0b6337f45a5b095462830985ca087f6658eba09c0fe481231344ec627f23,2023-06,Surrey Police,Surrey Police,-0.594628,51.312397,On or near St Johns Mews,E01031000,Woking 009D,Criminal damage and arson,Investigation complete; no suspect identified,
380e6fc345661e0bbff7666da789eb5126ca06a5368d27380b46d367e3a7e515,2023-06,Surrey Police,Surrey Police,-0.592929,51.311181,On or near Church Road,E01031000,Woking 009D,Public order,Unable to prosecute suspect,
b1ed2718f546031bc0ba593f4f6b45d35a6b2a0df82b78b5f1f013ec1bd38845,2023-06,Surrey Police,Surrey Police,-0.595360,51.312388,On or near Old Post Office Mews,E01031000,Woking 009D,Violence and sexual offences,Unable to prosecute suspect,
b8ad8268704e144dee1fc4d6561822f28aac37ef7244580c4b9d91840b3dda21,2023-06,Surrey Police,Surrey Police,-0.596362,51.311537,On or near Parking Area,E01031000,Woking 009D,Violence and sexual offences,Further investigation is not in the public interest,
12cabbea11fd41d2af10f2423566a8acdbd53e48d1a79e6519fabe500f9ac46a,2023-06,Surrey Police,Surrey Police,-0.581208,51.313935,On or near Milcombe Close,E01030955,Woking 010A,Other theft,Investigation complete; no suspect identified,
2e5d075377d11cf59b9c7ebf493c4e37ad86e7e6a637b0156d29f9641d97d649,2023-06,Surrey Police,Surrey Police,-0.565854,51.307049,On or near Slapleys,E01030992,Woking 010B,Criminal damage and arson,Unable to prosecute suspect,
ae68f4a26b2c7b84800abac42828a06646060d820a3a02738ac31a04b2a26239,2023-06,Surrey Police,Surrey Police,-0.565854,51.307049,On or near Slapleys,E01030992,Woking 010B,Criminal damage and arson,Unable to prosecute suspect,
692a488ea5a45f74d8be88d99c3ef7733fdfe2a997e2d4bfa0da9671b1144570,2023-06,Surrey Police,Surrey Police,-0.565854,51.307049,On or near Slapleys,E01030992,Woking 010B,Violence and sexual offences,Unable to prosecute suspect,
dd94f5ae0cf0958cf5ec962ef05d131d2cefa79aca4c524a645436a84452fb92,2023-06,Surrey Police,Surrey Police,-0.565854,51.307049,On or near Slapleys,E01030992,Woking 010B,Violence and sexual offences,Unable to prosecute suspect,
,2023-06,Surrey Police,Surrey Police,-0.580025,51.307617,On or near Pine Road,E01030999,Woking 010C,Anti-social behaviour,,
939223031da3eea0fd4fa288bbb895ee41743f4c040594a813d46a5ff7d37ec8,2023-06,Surrey Police,Surrey Police,-0.582063,51.301563,On or near Mount Road,E01030999,Woking 010C,Criminal damage and arson,Investigation complete; no suspect identified,
016891b09a6aac61299b0ef18c2eb9fc0b4ae7b5042771fcdcecf596545af889,2023-06,Surrey Police,Surrey Police,-0.574870,51.309164,On or near Wych Hill,E01031001,Woking 010D,Other theft,Investigation complete; no suspect identified,
294d92e30261c09dd3e174053896a1cd6819c520ec9b2b3fce9b2cd25f051725,2023-06,Surrey Police,Surrey Police,-0.576494,51.309067,On or near Supermarket,E01031001,Woking 010D,Public order,Unable to prosecute suspect,
bcff3df95102ae22baed4d079d29819ff7c8de1b20062f187d858f32cd744585,2023-06,Surrey Police,Surrey Police,-0.576494,51.309067,On or near Supermarket,E01031001,Woking 010D,Shoplifting,Court result unavailable,
3bf443ccb36db2ec36e889150035fd817e982dc0e5aa0bf01c724ade06bfa8f9,2023-06,Surrey Police,Surrey Police,-0.588924,51.311717,On or near St John'S Hill Road,E01031001,Woking 010D,Violence and sexual offences,Unable to prosecute suspect,
,2023-06,Surrey Police,Surrey Police,-0.567884,51.302667,On or near Yew Tree Close,E01030971,Woking 011A,Anti-social behaviour,,
,2023-06,Surrey Police,Surrey Police,-0.559101,51.303252,On or near Granville Road,E01030971,Woking 011A,Anti-social behaviour,,
00a899c9236a049e4a48b176333115bf072f784e7908fd81da9e32ad839854b5,2023-06,Surrey Police,Surrey Police,-0.567884,51.302667,On or near Yew Tree Close,E01030971,Woking 011A,Burglary,Status update unavailable,
bc95162c6d78107d65719a11f4f1ea614c3b2d958caa0c206d3a7608c29be3d2,2023-06,Surrey Police,Surrey Police,-0.566792,51.300891,On or near Hoebrook Close,E01030971,Woking 011A,Criminal damage and arson,Investigation complete; no suspect identified,
83c5eb0d59758dca0901f4df62a9fba9f3a0eb0fd091390a07666c4392d33938,2023-06,Surrey Police,Surrey Police,-0.560512,51.306309,On or near Acer Grove,E01030971,Woking 011A,Other theft,Investigation complete; no suspect identified,
61c78d70820a1a77508b44ecd8f7c0d19f37a56af55d68b56c31ce9952230e0a,2023-06,Surrey Police,Surrey Police,-0.559101,51.303252,On or near Granville Road,E01030971,Woking 011A,Other theft,Investigation complete; no suspect identified,
b2e947e8772e70289d0ae21c1d303eb7ba47af8ec262216ffb8a6bd69a242664,2023-06,Surrey Police,Surrey Police,-0.566792,51.300891,On or near Hoebrook Close,E01030971,Woking 011A,Public order,Investigation complete; no suspect identified,
57b8d79a4cea1528e8157c83ed3fad87f5f87e82934b42e418a58625e39a07c2,2023-06,Surrey Police,Surrey Police,-0.564741,51.304553,On or near Willow Way,E01030971,Woking 011A,Public order,Unable to prosecute suspect,
fdffda341bd65f05b18b65e8a29848ad986019cdc9bf0ab25014400728ee14eb,2023-06,Surrey Police,Surrey Police,-0.567884,51.302667,On or near Yew Tree Close,E01030971,Woking 011A,Violence and sexual offences,Unable to prosecute suspect,
07fc2728ab9dca35d94f6f29273fcb6e73ae6e73e046d3650395c4608b458202,2023-06,Surrey Police,Surrey Police,-0.567884,51.302667,On or near Yew Tree Close,E01030971,Woking 011A,Violence and sexual offences,Unable to prosecute suspect,
5c2d56a6687fb3b705f015825b2c3c38bc5bf023461a0b84f0a0bd173bf44936,2023-06,Surrey Police,Surrey Police,-0.564741,51.304553,On or near Willow Way,E01030971,Woking 011A,Violence and sexual offences,Investigation complete; no suspect identified,
5211bb5a0a9d2bdc1495ac23f1e0ac16df821272401e663d6f88e0d568778777,2023-06,Surrey Police,Surrey Police,-0.566052,51.305289,On or near Ash Road,E01030971,Woking 011A,Violence and sexual offences,Unable to prosecute suspect,
585dc0b7229f677eb0b939bfae3970e1751e40913d6b25324a864a2f667d2ee1,2023-06,Surrey Police,Surrey Police,-0.567601,51.305766,On or near Hawthorn Road,E01030971,Woking 011A,Violence and sexual offences,Unable to prosecute suspect,
,2023-06,Surrey Police,Surrey Police,-0.554620,51.305238,On or near Whitegates,E01030972,Woking 011B,Anti-social behaviour,,
,2023-06,Surrey Police,Surrey Police,-0.556299,51.308883,On or near Sports/Recreation Area,E01030972,Woking 011B,Anti-social behaviour,,
,2023-06,Surrey Police,Surrey Police,-0.554944,51.307715,On or near Elmbridge Court,E01030972,Woking 011B,Anti-social behaviour,,
,2023-06,Surrey Police,Surrey Police,-0.548685,51.306468,On or near Further/Higher Educational Building,E01030972,Woking 011B,Anti-social behaviour,,
,2023-06,Surrey Police,Surrey Police,-0.552881,51.308067,On or near Elmbridge Lane,E01030972,Woking 011B,Anti-social behaviour,,
,2023-06,Surrey Police,Surrey Police,-0.548685,51.306468,On or near Further/Higher Educational Building,E01030972,Woking 011B,Anti-social behaviour,,
,2023-06,Surrey Police,Surrey Police,-0.552547,51.303657,On or near Rosebery Crescent,E01030972,Woking 011B,Anti-social behaviour,,
,2023-06,Surrey Police,Surrey Police,-0.556299,51.308883,On or near Sports/Recreation Area,E01030972,Woking 011B,Anti-social behaviour,,
,2023-06,Surrey Police,Surrey Police,-0.552480,51.305778,On or near Stockers Lane,E01030972,Woking 011B,Anti-social behaviour,,
,2023-06,Surrey Police,Surrey Police,-0.552480,51.305778,On or near Stockers Lane,E01030972,Woking 011B,Anti-social behaviour,,
,2023-06,Surrey Police,Surrey Police,-0.552480,51.305778,On or near Stockers Lane,E01030972,Woking 011B,Anti-social behaviour,,
,2023-06,Surrey Police,Surrey Police,-0.552480,51.305778,On or near Stockers Lane,E01030972,Woking 011B,Anti-social behaviour,,
e1100b87e23aec0d9c754d1ea23ddef1f145afacc6b9d3c91768acb6e0e6feb3,2023-06,Surrey Police,Surrey Police,-0.552881,51.308067,On or near Elmbridge Lane,E01030972,Woking 011B,Burglary,Status update unavailable,
383bbeeb3837049fd840f270775165fc8383daa5343d3af6311021dd45a016fa,2023-06,Surrey Police,Surrey Police,-0.552881,51.308067,On or near Elmbridge Lane,E01030972,Woking 011B,Criminal damage and arson,Investigation complete; no suspect identified,
2d4498a6b2e536c481d177f0a1e1b8f689ed405aedefb1826f27d8a1aea9f58b,2023-06,Surrey Police,Surrey Police,-0.550498,51.309485,On or near Queen Elizabeth Way,E01030972,Woking 011B,Criminal damage and arson,Status update unavailable,
85f9ae86e0c949699b2d8e6c494c4ca3ca2241a5e501577e08ea2aa6a3351da6,2023-06,Surrey Police,Surrey Police,-0.550498,51.309485,On or near Queen Elizabeth Way,E01030972,Woking 011B,Criminal damage and arson,Investigation complete; no suspect identified,
bdb4bc02dd0fbed8018b04330eb8031113ca9c5e3973b25535b97004878415ee,2023-06,Surrey Police,Surrey Police,-0.554944,51.307715,On or near Elmbridge Court,E01030972,Woking 011B,Criminal damage and arson,Investigation complete; no suspect identified,
d60c390156ecf9557c1900b6c4f338d4d90443498788e418bcb6351d4e272798,2023-06,Surrey Police,Surrey Police,-0.548685,51.306468,On or near Further/Higher Educational Building,E01030972,Woking 011B,Criminal damage and arson,Investigation complete; no suspect identified,
84468fa9f98a0193ee10fa331ab852f60aa1826918471f94f35ee9aae22023b5,2023-06,Surrey Police,Surrey Police,-0.554944,51.307715,On or near Elmbridge Court,E01030972,Woking 011B,Criminal damage and arson,Investigation complete; no suspect identified,
ebb0bd36a9d846d4b2a028d82f24dfea55c9c1f3e839e678038f5a4f824e73ed,2023-06,Surrey Police,Surrey Police,-0.552881,51.308067,On or near Elmbridge Lane,E01030972,Woking 011B,Criminal damage and arson,Investigation complete; no suspect identified,
e0b0b7abcfd6d4252a39bc643c1b64f21c6c2562a892722474a07115fd883725,2023-06,Surrey Police,Surrey Police,-0.556299,51.308883,On or near Sports/Recreation Area,E01030972,Woking 011B,Other theft,Investigation complete; no suspect identified,
9d86332d4d004d1a65b0ee25bb5b6d82b21095158d057f7c6553eb67c2638d39,2023-06,Surrey Police,Surrey Police,-0.552881,51.308067,On or near Elmbridge Lane,E01030972,Woking 011B,Other theft,Investigation complete; no suspect identified,
97d3144350a9d517af008759adbb25534578ea1063b9e6e9856f8e8955728c84,2023-06,Surrey Police,Surrey Police,-0.552547,51.303657,On or near Rosebery Crescent,E01030972,Woking 011B,Public order,Investigation complete; no suspect identified,
398fdeff4df94a7be7000575bfbca81e2f036823db4cf4a71d2e4f8377df03ae,2023-06,Surrey Police,Surrey Police,-0.552881,51.308067,On or near Elmbridge Lane,E01030972,Woking 011B,Public order,Status update unavailable,
2f83ea982499da56c6bcf4cedf9f708e936cc88ecd24b3bea49597525c48908b,2023-06,Surrey Police,Surrey Police,-0.552547,51.303657,On or near Rosebery Crescent,E01030972,Woking 011B,Shoplifting,Investigation complete; no suspect identified,
fc19db9adef525ecc8c9058b4dc4b93f6d9ff840f8cc086801d909c02a4ca59c,2023-06,Surrey Police,Surrey Police,-0.552547,51.303657,On or near Rosebery Crescent,E01030972,Woking 011B,Shoplifting,Unable to prosecute suspect,
95959a57a3c0364580b7e75bd43e325cad14ebbdf684eddf3d0c38ffd8a48056,2023-06,Surrey Police,Surrey Police,-0.550482,51.307273,On or near Sundridge Road,E01030972,Woking 011B,Violence and sexual offences,Further action is not in the public interest,
2e8e22fcfe262cb64e913e17494955bd2d3152cbdde3b55094116b2a42538355,2023-06,Surrey Police,Surrey Police,-0.548685,51.306468,On or near Further/Higher Educational Building,E01030972,Woking 011B,Violence and sexual offences,Status update unavailable,
d82e5d1d12d034b9dcbfe242f54cd24591adf402b2ff2d2451bef9e47f4db7e3,2023-06,Surrey Police,Surrey Police,-0.552547,51.303657,On or near Rosebery Crescent,E01030972,Woking 011B,Violence and sexual offences,Local resolution,
b038d63b9f9e80abe70818711e5905aa2beaa4fd261b886c336c0441e961f1d5,2023-06,Surrey Police,Surrey Police,-0.550482,51.307273,On or near Sundridge Road,E01030972,Woking 011B,Violence and sexual offences,Further investigation is not in the public interest,
dd3c1c3ef7ba8fa57d2468bd892e213381b1cef7f9faea938bdf4ae2b24a3f0b,2023-06,Surrey Police,Surrey Police,-0.552480,51.305778,On or near Stockers Lane,E01030972,Woking 011B,Violence and sexual offences,Status update unavailable,
9c812ebe2138f5c1269030436889ad6935b740fee97bdb27e2573c5f6b7d275a,2023-06,Surrey Police,Surrey Police,-0.548685,51.306468,On or near Further/Higher Educational Building,E01030972,Woking 011B,Violence and sexual offences,Action to be taken by another organisation,
f86488d49bd5e958fce59a189b3bfff5c8dbb834f5783954dbcb19239f7a8598,2023-06,Surrey Police,Surrey Police,-0.552881,51.308067,On or near Elmbridge Lane,E01030972,Woking 011B,Other crime,Unable to prosecute suspect,
,2023-06,Surrey Police,Surrey Police,-0.538379,51.305738,On or near Palace Way,E01030994,Woking 011D,Anti-social behaviour,,
,2023-06,Surrey Police,Surrey Police,-0.537773,51.306306,On or near Lydger Close,E01030994,Woking 011D,Anti-social behaviour,,
,2023-06,Surrey Police,Surrey Police,-0.541793,51.306212,On or near Selwood Road,E01030994,Woking 011D,Anti-social behaviour,,
,2023-06,Surrey Police,Surrey Police,-0.538941,51.303380,On or near St Peter'S Road,E01030994,Woking 011D,Anti-social behaviour,,
,2023-06,Surrey Police,Surrey Police,-0.540464,51.306474,On or near Winston Way,E01030994,Woking 011D,Anti-social behaviour,,
63815f92b621fdad831ad3716e24c3fa5b93ad67a66f5cbcd79cfe9af615cd2b,2023-06,Surrey Police,Surrey Police,-0.538379,51.305738,On or near Palace Way,E01030994,Woking 011D,Criminal damage and arson,Unable to prosecute suspect,
bac50ac87d91c726375ea5c75820c28d443ba5dd5194600cca54197ca80d102a,2023-06,Surrey Police,Surrey Police,-0.537773,51.306306,On or near Lydger Close,E01030994,Woking 011D,Drugs,Local resolution,
7ca2db5be79022333b124fde5fb6409826bdcdf59808e1183fb67525e369042e,2023-06,Surrey Police,Surrey Police,-0.537946,51.305355,On or near Browne Close,E01030994,Woking 011D,Other theft,Unable to prosecute suspect,
baf1af3a8650a8ef9078c0cd53fadf8acac1126740531516980f368a368fe3c5,2023-06,Surrey Police,Surrey Police,-0.536594,51.303656,On or near Poundfield Gardens,E01030994,Woking 011D,Public order,Status update unavailable,
a5a5375ffe755a4daa17ea238e13173acffbe5be077d6cebb4ceb8db9893ca7a,2023-06,Surrey Police,Surrey Police,-0.537773,51.306306,On or near Lydger Close,E01030994,Woking 011D,Public order,Investigation complete; no suspect identified,
07730d30bf516e8c56ae66e3282bd74b0097152d6b6d4060ae698c9bccca31a7,2023-06,Surrey Police,Surrey Police,-0.540464,51.306474,On or near Winston Way,E01030994,Woking 011D,Public order,Unable to prosecute suspect,
db548f56cc6de72d6c8656fe196715c873281d8f6c35bdbe6695a92fd3c5ba8c,2023-06,Surrey Police,Surrey Police,-0.537773,51.306306,On or near Lydger Close,E01030994,Woking 011D,Violence and sexual offences,Unable to prosecute suspect,
0a6fba2230f22c2dd4924387983b348385038a7bc3a851036631462a0d9bf5d5,2023-06,Surrey Police,Surrey Police,-0.541793,51.306212,On or near Selwood Road,E01030994,Woking 011D,Violence and sexual offences,Investigation complete; no suspect identified,
5143eef7025626400ac9f72e104d2e74a62b133e36326fb1e8de3b04e40146f5,2023-06,Surrey Police,Surrey Police,-0.538664,51.306254,On or near Baynton Road,E01030994,Woking 011D,Violence and sexual offences,Unable to prosecute suspect,
6dc2521b1507681aa2530d34be43baf197ea0cbfcff4c9ec523e80867b16ef0a,2023-06,Surrey Police,Surrey Police,-0.537773,51.306306,On or near Lydger Close,E01030994,Woking 011D,Violence and sexual offences,Status update unavailable,
,2023-06,Surrey Police,Surrey Police,-0.547616,51.304891,On or near Priestley Gardens,E01030995,Woking 011E,Anti-social behaviour,,
,2023-06,Surrey Police,Surrey Police,-0.546181,51.305340,On or near Rydens Way,E01030995,Woking 011E,Anti-social behaviour,,
,2023-06,Surrey Police,Surrey Police,-0.547616,51.304891,On or near Priestley Gardens,E01030995,Woking 011E,Anti-social behaviour,,
,2023-06,Surrey Police,Surrey Police,-0.546181,51.305340,On or near Rydens Way,E01030995,Woking 011E,Anti-social behaviour,,
,2023-06,Surrey Police,Surrey Police,-0.547616,51.304891,On or near Priestley Gardens,E01030995,Woking 011E,Anti-social behaviour,,
,2023-06,Surrey Police,Surrey Police,-0.546398,51.303931,On or near Priors Croft,E01030995,Woking 011E,Anti-social behaviour,,
,2023-06,Surrey Police,Surrey Police,-0.547616,51.304891,On or near Priestley Gardens,E01030995,Woking 011E,Anti-social behaviour,,
,2023-06,Surrey Police,Surrey Police,-0.549370,51.304301,On or near Shackleford Road,E01030995,Woking 011E,Anti-social behaviour,,
eafa29c609018000d2daa29be9aea442f495f53e424dde8ad50638d1bab6ab6a,2023-06,Surrey Police,Surrey Police,-0.545655,51.304731,On or near Henley Court,E01030995,Woking 011E,Criminal damage and arson,Further investigation is not in the public interest,
2420252690ad84839c61165e1376a30d88600080ecba69038a4fbe015bc1dea6,2023-06,Surrey Police,Surrey Police,-0.547906,51.303878,On or near Gloster Road,E01030995,Woking 011E,Public order,Unable to prosecute suspect,
cfcb5e788625468f713db85c0630309b5c11b0fc362acfc3ba8b5d3b1059056d,2023-06,Surrey Police,Surrey Police,-0.546041,51.302533,On or near Petrol Station,E01030995,Woking 011E,Public order,Unable to prosecute suspect,
f54b5d60cb4cdb8f8241750b640f0f99e0347e7b5cb3ab42ac01a482f4614be7,2023-06,Surrey Police,Surrey Police,-0.544029,51.303092,On or near Hipley Street,E01030995,Woking 011E,Vehicle crime,Investigation complete; no suspect identified,
b304268e315073126df278dd923a775d9f90200d08cab23824e57f1f7a5c7c17,2023-06,Surrey Police,Surrey Police,-0.546398,51.303931,On or near Priors Croft,E01030995,Woking 011E,Vehicle crime,Investigation complete; no suspect identified,
6ce2bcb30c527cf21cf229176b1d435af8acf3ec9b8a41f9a9ad2c57c40fad65,2023-06,Surrey Police,Surrey Police,-0.546398,51.303931,On or near Priors Croft,E01030995,Woking 011E,Vehicle crime,Investigation complete; no suspect identified,
83e139bb7c969f722e2ecb0f3ea6c5c4c52236dc3b67ad12f6b49be48844c023,2023-06,Surrey Police,Surrey Police,-0.549370,51.304301,On or near Shackleford Road,E01030995,Woking 011E,Violence and sexual offences,Unable to prosecute suspect,
3d30af64e248d2c189eea3374668b4026863ee67a6a88daa90dde7d684c95cee,2023-06,Surrey Police,Surrey Police,-0.547616,51.304891,On or near Priestley Gardens,E01030995,Woking 011E,Violence and sexual offences,Unable to prosecute suspect,
637c1fc030ec6c581306fd851a18a3944d1664e356ece3dbf5115f6d57ffde11,2023-06,Surrey Police,Surrey Police,-0.549370,51.304301,On or near Shackleford Road,E01030995,Woking 011E,Violence and sexual offences,Unable to prosecute suspect,
bde5e6f14e64bb73083aa747c9f1e391ec89ea4de6f772db65036c7e9364d0c2,2023-06,Surrey Police,Surrey Police,-0.546398,51.303931,On or near Priors Croft,E01030995,Woking 011E,Violence and sexual offences,Unable to prosecute suspect,
2de1888c6155b45e0ee637bfe1c1eae9650bed2f96225bc0e8421e35223ced62,2023-06,Surrey Police,Surrey Police,-0.546041,51.302533,On or near Petrol Station,E01030995,Woking 011E,Violence and sexual offences,Unable to prosecute suspect,
b094207f6a29c0379a1d2c2c2fc73ff0de22d5035f419a40a643539487ed53af,2023-06,Surrey Police,Surrey Police,-0.547906,51.303878,On or near Gloster Road,E01030995,Woking 011E,Violence and sexual offences,Court result unavailable,
,2023-06,Surrey Police,Surrey Police,-0.558389,51.298513,On or near Balfour Avenue,E01034296,Woking 011F,Anti-social behaviour,,
,2023-06,Surrey Police,Surrey Police,-0.558389,51.298513,On or near Balfour Avenue,E01034296,Woking 011F,Anti-social behaviour,,
,2023-06,Surrey Police,Surrey Police,-0.560954,51.297196,On or near Westfield Common,E01034296,Woking 011F,Anti-social behaviour,,
3039eab9bdc2b1021865b04a540be941212aa6238212f274bd0b7f6759ae241a,2023-06,Surrey Police,Surrey Police,-0.559244,51.297777,On or near Oaklands Close,E01034296,Woking 011F,Criminal damage and arson,Unable to prosecute suspect,
935d3395f4ab804e6870d843ccf0304c34d4921ab1a8735fe2a9723cc1659baa,2023-06,Surrey Police,Surrey Police,-0.556868,51.302181,On or near Westfield Close,E01034296,Woking 011F,Criminal damage and arson,Investigation complete; no suspect identified,
0764a24833e857038d697f3e33193874bfcba270609c2aa8030544a120192285,2023-06,Surrey Police,Surrey Police,-0.557881,51.300989,On or near Apers Avenue,E01034296,Woking 011F,Other theft,Investigation complete; no suspect identified,
2e2ad9d70ce50a56920a2dc8a2b1191a3664bc4ebbb626c567ea95591f5e0677,2023-06,Surrey Police,Surrey Police,-0.559244,51.297777,On or near Oaklands Close,E01034296,Woking 011F,Other theft,Investigation complete; no suspect identified,
93379a2ac4e54e4b73272c19ec3a669f69217d6a2d06593b61e952721c58fd9f,2023-06,Surrey Police,Surrey Police,-0.558389,51.298513,On or near Balfour Avenue,E01034296,Woking 011F,Other theft,Investigation complete; no suspect identified,
44da336b4d7cffda9569a754b226c7d889f341ade8d05cc7145eb5aaee440d56,2023-06,Surrey Police,Surrey Police,-0.559298,51.301546,On or near Holmes Close,E01034296,Woking 011F,Other theft,Investigation complete; no suspect identified,
2ecb6e685b2505d9665ad6d1cda0279cf94f135beccc1f015f42978480704037,2023-06,Surrey Police,Surrey Police,-0.559871,51.298801,On or near Willow Bank,E01034296,Woking 011F,Possession of weapons,Investigation complete; no suspect identified,
01cb87306bd488abbdb92c75a46231e052f5d07290d92090ed6429b62e9a2280,2023-06,Surrey Police,Surrey Police,-0.559298,51.301546,On or near Holmes Close,E01034296,Woking 011F,Shoplifting,Further investigation is not in the public interest,
9e7fbc1f1217ced41a9a099a92f52641f7a906868ae832a523d159d2190e9a69,2023-06,Surrey Police,Surrey Police,-0.560040,51.300305,On or near Cricketer Close,E01034296,Woking 011F,Shoplifting,Court result unavailable,
e17db1d094c956bce99767793afe100ff147fd0a1e8744c3e5b735bf556c4026,2023-06,Surrey Police,Surrey Police,-0.556475,51.301448,On or near Downsview Avenue,E01034296,Woking 011F,Violence and sexual offences,Unable to prosecute suspect,
8d185f2bb0e12ec163e169fe9654e280782fec52bf1327b012e844c43fdaf851,2023-06,Surrey Police,Surrey Police,-0.558389,51.298513,On or near Balfour Avenue,E01034296,Woking 011F,Violence and sexual offences,Status update unavailable,
68aa00a4ea7769ce01fea8a5397b255538ae0e386ba756ab90c1d0d70cc8c0e7,2023-06,Surrey Police,Surrey Police,-0.560040,51.300305,On or near Cricketer Close,E01034296,Woking 011F,Violence and sexual offences,Court result unavailable,
b7f487678430aa69afabbc7dd7b181023db2bd8bf42c7f9d17ac83464cf0bd9b,2023-06,Surrey Police,Surrey Police,-0.556868,51.302181,On or near Westfield Close,E01034296,Woking 011F,Violence and sexual offences,Investigation complete; no suspect identified,
,2023-06,Surrey Police,Surrey Police,-0.555782,51.296548,On or near Reed Street,E01034297,Woking 011G,Anti-social behaviour,,
,2023-06,Surrey Police,Surrey Police,-0.545129,51.300058,On or near Gresham Park Road,E01034297,Woking 011G,Anti-social behaviour,,
,2023-06,Surrey Police,Surrey Police,-0.555782,51.296548,On or near Reed Street,E01034297,Woking 011G,Anti-social behaviour,,
,2023-06,Surrey Police,Surrey Police,-0.557436,51.297314,On or near Liquorice Lane,E01034297,Woking 011G,Anti-social behaviour,,
,2023-06,Surrey Police,Surrey Police,-0.555321,51.298439,On or near Meadow View,E01034297,Woking 011G,Anti-social behaviour,,
,2023-06,Surrey Police,Surrey Police,-0.555782,51.296548,On or near Reed Street,E01034297,Woking 011G,Anti-social behaviour,,
,2023-06,Surrey Police,Surrey Police,-0.555867,51.299336,On or near Meadow View,E01034297,Woking 011G,Anti-social behaviour,,
cac06dc8198f80f136cdbe26817751205db6e3274992d55fc84e9ff37923fa9b,2023-06,Surrey Police,Surrey Police,-0.555782,51.296548,On or near Reed Street,E01034297,Woking 011G,Criminal damage and arson,Investigation complete; no suspect identified,
37407683fede90ad367a9b350c383d1df5fa6211ccf5404ad576f638f38e20ea,2023-06,Surrey Police,Surrey Police,-0.555867,51.299336,On or near Meadow View,E01034297,Woking 011G,Drugs,Investigation complete; no suspect identified,
e37ad2e9cbad8bca05e0e796359faa521523e69973ad4510dbba2d642ab40a99,2023-06,Surrey Police,Surrey Police,-0.557129,51.299334,On or near Campbell Avenue,E01034297,Woking 011G,Other theft,Investigation complete; no suspect identified,
fcde3fe325a9d7284d774f0ca9dc7ce53a1b334ec2697fbf806b2d78caf07543,2023-06,Surrey Police,Surrey Police,-0.555867,51.299336,On or near Meadow View,E01034297,Woking 011G,Public order,Unable to prosecute suspect,
6433f2b332c421213c13093a436dbcc5c77a9048a503a75aa90f3d5dc7bf6a9a,2023-06,Surrey Police,Surrey Police,-0.557436,51.297314,On or near Liquorice Lane,E01034297,Woking 011G,Public order,Unable to prosecute suspect,
e18bbd2e829b9d762a6b2213a4e47bcc3026800f561cafe4ed5eea290e21724e,2023-06,Surrey Police,Surrey Police,-0.555940,51.298825,On or near Newlands Avenue,E01034297,Woking 011G,Violence and sexual offences,Investigation complete; no suspect identified,
f745caa59fd67aeb1ba410136f046ffee0af87a505b3858d3cb7aeed45f30fb1,2023-06,Surrey Police,Surrey Police,-0.557183,51.298085,On or near Quartermaine Avenue,E01034297,Woking 011G,Violence and sexual offences,Further investigation is not in the public interest,
1d379cf015159335a624a50ac4b30e7219fde7d199ed0c9fee88b0555943879b,2023-06,Surrey Police,Surrey Police,-0.557183,51.298085,On or near Quartermaine Avenue,E01034297,Woking 011G,Violence and sexual offences,Unable to prosecute suspect,
62ea5966de8a29936cf4e96bbdecda1354ebbafe810b76f234a07a09cdb49357,2023-06,Surrey Police,Surrey Police,-0.557436,51.297314,On or near Liquorice Lane,E01034297,Woking 011G,Violence and sexual offences,Investigation complete; no suspect identified,
a394f5bd980cae17ceb48b6fa728220044a69c484563510b166b53d6b549f438,2023-06,Surrey Police,Surrey Police,-0.555867,51.299336,On or near Meadow View,E01034297,Woking 011G,Violence and sexual offences,Investigation complete; no suspect identified,
,2023-06,Surrey Police,Surrey Police,-0.626144,51.305406,On or near Bagshot Road,E01030944,Woking 012A,Anti-social behaviour,,
a67899d98b65d26e21d31a9e87b31e2e78ce4105db9dd6d6347ad8f737e83a19,2023-06,Surrey Police,Surrey Police,-0.626144,51.305406,On or near Bagshot Road,E01030944,Woking 012A,Burglary,Status update unavailable,
0bfecddf39798bbde54ea4ba31303c54e5eb2354ed1aa51dcc7dfbd1528f98f5,2023-06,Surrey Police,Surrey Police,-0.626144,51.305406,On or near Bagshot Road,E01030944,Woking 012A,Shoplifting,Investigation complete; no suspect identified,
30aa3c8fd226f2ef2f83ea9271d4d1065239c2bc3470b916bb3c8c01e6c94d0c,2023-06,Surrey Police,Surrey Police,-0.613498,51.298055,On or near Clodhouse Hill,E01030944,Woking 012A,Violence and sexual offences,Unable to prosecute suspect,
7ff28cb77a9943345547fbee8045725abc217e9dda199681b40531de7aaa6c05,2023-06,Surrey Police,Surrey Police,-0.630380,51.305303,On or near Lockswood,E01030944,Woking 012A,Violence and sexual offences,Unable to prosecute suspect,
6f26d84aa3c2ee1751ce091d80bdacbccd25b77c1571d663f509778e623fed35,2023-06,Surrey Police,Surrey Police,-0.623437,51.310563,On or near Percheron Drive,E01030944,Woking 012A,Violence and sexual offences,Investigation complete; no suspect identified,
7774f5e18bfd1d4b21eda001c5d6fa2cbeaa46c2a01923c49212a5543fd4c205,2023-06,Surrey Police,Surrey Police,-0.630380,51.305303,On or near Lockswood,E01030944,Woking 012A,Violence and sexual offences,Unable to prosecute suspect,
7dda88f74afbd421138add25b62e391872d69cf8c062cc9c18ab89c8c5f3784d,2023-06,Surrey Police,Surrey Police,-0.636573,51.304953,On or near Sheet'S Heath Lane,E01030945,Woking 012B,Criminal damage and arson,Investigation complete; no suspect identified,
,2023-06,Surrey Police,Surrey Police,-0.626725,51.312391,On or near A322,E01030978,Woking 012C,Anti-social behaviour,,
,2023-06,Surrey Police,Surrey Police,-0.630973,51.314275,On or near Oakwood Gardens,E01030978,Woking 012C,Anti-social behaviour,,
3f5176f118285166ddfd6f77131bcbac212253008bd69e8b046104b02c3e8a97,2023-06,Surrey Police,Surrey Police,-0.626725,51.312391,On or near A322,E01030978,Woking 012C,Burglary,Status update unavailable,
b3f79eef9874f6deebaeff14b038cffd9267e940d01376e78c9cd4b9aa6540bb,2023-06,Surrey Police,Surrey Police,-0.626869,51.318139,On or near Limecroft Road,E01030978,Woking 012C,Criminal damage and arson,Unable to prosecute suspect,
92c5103790a59e427bf95adc664903d6752403028e669fa9660ecc963b11a457,2023-06,Surrey Police,Surrey Police,-0.626869,51.318139,On or near Limecroft Road,E01030978,Woking 012C,Criminal damage and arson,Unable to prosecute suspect,
33926e2562fecfe262221ae83fa2e8e84156f400accc1252dbd7a395ae5b1fe8,2023-06,Surrey Police,Surrey Police,-0.626869,51.318139,On or near Limecroft Road,E01030978,Woking 012C,Criminal damage and arson,Unable to prosecute suspect,
235a6bed01eeec2f7e4c398fc19626cb58bef8b4ec38ff81f708747885639a6c,2023-06,Surrey Police,Surrey Police,-0.626869,51.318139,On or near Limecroft Road,E01030978,Woking 012C,Criminal damage and arson,Further investigation is not in the public interest,
47086fe74020986402285620d272081b3942168734aab40be9e33394ddc3d492,2023-06,Surrey Police,Surrey Police,-0.626869,51.318139,On or near Limecroft Road,E01030978,Woking 012C,Criminal damage and arson,Court result unavailable,
97221b37f1e95ba998ba4a8b7bdcc0334a263e3c518e88a610bfee3b8cd74c90,2023-06,Surrey Police,Surrey Police,-0.626725,51.312391,On or near A322,E01030978,Woking 012C,Public order,Unable to prosecute suspect,
4c76cd18121d6daf9e6359b10a2f0ae5d39c221e5fa42bba95d376d5626e9325,2023-06,Surrey Police,Surrey Police,-0.626869,51.318139,On or near Limecroft Road,E01030978,Woking 012C,Robbery,Unable to prosecute suspect,
687c55ea261e2807253ce82df5bd50c6ac45ed4e97e08820540b361e7760852a,2023-06,Surrey Police,Surrey Police,-0.626869,51.318139,On or near Limecroft Road,E01030978,Woking 012C,Theft from the person,Investigation complete; no suspect identified,
a714d622ce5bdfe00ad782b286b3e9f14bc48e80f61e24182347c9fa3d504777,2023-06,Surrey Police,Surrey Police,-0.629918,51.310190,On or near Aberdeen Way,E01030978,Woking 012C,Vehicle crime,Investigation complete; no suspect identified,
ad642f8d8ab835d32e0d94874b2ca75a7ec74e7d2231fba0a445f76bb95d664c,2023-06,Surrey Police,Surrey Police,-0.629918,51.310190,On or near Aberdeen Way,E01030978,Woking 012C,Vehicle crime,Investigation complete; no suspect identified,
ecc7685099f778767dc31efd6e2e5dbc48560d957c00b62bc2cccf782551318d,2023-06,Surrey Police,Surrey Police,-0.631515,51.312465,On or near Gloucester Close,E01030978,Woking 012C,Vehicle crime,Investigation complete; no suspect identified,
955b71ab97629842f6d695fbe550b3917000aeb5938960d14a216a7fa1f2740d,2023-06,Surrey Police,Surrey Police,-0.626869,51.318139,On or near Limecroft Road,E01030978,Woking 012C,Violence and sexual offences,Court result unavailable,
5c76e29c90cd318f245aa857c9a5a7223ccd379cf3995d0274a6c41f810c0304,2023-06,Surrey Police,Surrey Police,-0.626869,51.318139,On or near Limecroft Road,E01030978,Woking 012C,Violence and sexual offences,Unable to prosecute suspect,
c573964d4c0b480d2a710115b459743952f45b686c76e4ed348f98a1d4fd1199,2023-06,Surrey Police,Surrey Police,-0.626869,51.318139,On or near Limecroft Road,E01030978,Woking 012C,Violence and sexual offences,Unable to prosecute suspect,
819def00f21b8f50bb19a7f75462af00520a8619fefc4525cf835536000df611,2023-06,Surrey Police,Surrey Police,-0.626725,51.312391,On or near A322,E01030978,Woking 012C,Violence and sexual offences,Local resolution,
261c31f3e2f391763f9a3e909f46bf4cc12e8a3a91649ee61a5d42331215e50b,2023-06,Surrey Police,Surrey Police,-0.630973,51.314275,On or near Oakwood Gardens,E01030978,Woking 012C,Violence and sexual offences,Unable to prosecute suspect,
82e90a2c3113b0cff8d7fa5945540092664ffb2dc839cf775fdcd0277314258b,2023-06,Surrey Police,Surrey Police,-0.628946,51.315385,On or near Grindstone Crescent,E01030978,Woking 012C,Violence and sexual offences,Unable to prosecute suspect,
0f7af31df07c4b33c3048884284ea7c04373fc4a45e75ac7339f64f887fa2981,2023-06,Surrey Police,Surrey Police,-0.626869,51.318139,On or near Limecroft Road,E01030978,Woking 012C,Violence and sexual offences,Unable to prosecute suspect,
b7960c7b1cae077ef655390af11a4dec97b358c2b49ae8dfc14dcce77368a70d,2023-06,Surrey Police,Surrey Police,-0.626869,51.318139,On or near Limecroft Road,E01030978,Woking 012C,Violence and sexual offences,Unable to prosecute suspect,
b0b42777976221afff9058fde1c0f0fb804ad8da5d15cf850dd389f031de3ddb,2023-06,Surrey Police,Surrey Police,-0.626869,51.318139,On or near Limecroft Road,E01030978,Woking 012C,Violence and sexual offences,Unable to prosecute suspect,
3b20b09e5ddab261d747635860cb753cf877c54d21be8bc13192ded8feb7b63e,2023-06,Surrey Police,Surrey Police,-0.626869,51.318139,On or near Limecroft Road,E01030978,Woking 012C,Violence and sexual offences,Unable to prosecute suspect,
99eba40afe6e1a7fc41fc3102b30d87301bc2d01ad97b9e25f6040033f1ba678,2023-06,Surrey Police,Surrey Police,-0.626869,51.318139,On or near Limecroft Road,E01030978,Woking 012C,Violence and sexual offences,Offender given a caution,
40d910d56d47b9666d4ac9fc44571bfd230130abc8df8d1d6c20089fb41c30a7,2023-06,Surrey Police,Surrey Police,-0.631515,51.312465,On or near Gloucester Close,E01030978,Woking 012C,Violence and sexual offences,Further investigation is not in the public interest,
0c24718816d6718d171a8db927d9e0e2b7478361b7cc2e0ec24249e90e3b3ce6,2023-06,Surrey Police,Surrey Police,-0.626725,51.312391,On or near A322,E01030978,Woking 012C,Violence and sexual offences,Unable to prosecute suspect,
b7e7658164ffd07848849d655aa257f0f5a2d41c123fda17413ac193dad9e180,2023-06,Surrey Police,Surrey Police,-0.626869,51.318139,On or near Limecroft Road,E01030978,Woking 012C,Violence and sexual offences,Offender given a caution,
449ac6772ec8152b70cce31e848da90833ca0384d0a786d2c4a373386f875eb3,2023-06,Surrey Police,Surrey Police,-0.626869,51.318139,On or near Limecroft Road,E01030978,Woking 012C,Violence and sexual offences,Offender given a caution,
cc6209fe0dce954b9c77472c563fee6d6b6d595d11f7647064e5a803662f4473,2023-06,Surrey Police,Surrey Police,-0.626725,51.312391,On or near A322,E01030978,Woking 012C,Violence and sexual offences,Unable to prosecute suspect,
c0fbc5b48a363cd1a7da273f57d48f9217c005cabf8ed181bffb69dc1a80796f,2023-06,Surrey Police,Surrey Police,-0.626869,51.318139,On or near Limecroft Road,E01030978,Woking 012C,Violence and sexual offences,Unable to prosecute suspect,
25af6c93a595d842d959430a4b92b16562a3933ac410f219a60030a52f9fd468,2023-06,Surrey Police,Surrey Police,-0.626869,51.318139,On or near Limecroft Road,E01030978,Woking 012C,Violence and sexual offences,Unable to prosecute suspect,
91ee7d07a26067ff98f6b768174b599adf3f76c809e327fcb3d58ecd32968009,2023-06,Surrey Police,Surrey Police,-0.626725,51.312391,On or near A322,E01030978,Woking 012C,Violence and sexual offences,Unable to prosecute suspect,
74e59fa1f9be560fd960adb04dd2f017b212bdfa7e6cdfb0d66ad0da2fc0d5c0,2023-06,Surrey Police,Surrey Police,-0.628946,51.315385,On or near Grindstone Crescent,E01030978,Woking 012C,Violence and sexual offences,Unable to prosecute suspect,
0c4cfb18e9b8567256134a60edea1b8e2bd6aeedc52001f009115bab4cac2614,2023-06,Surrey Police,Surrey Police,-0.626869,51.318139,On or near Limecroft Road,E01030978,Woking 012C,Violence and sexual offences,Unable to prosecute suspect,
,2023-06,Surrey Police,Surrey Police,-0.561945,51.293944,On or near New Lane,E01030986,Woking 012D,Anti-social behaviour,,
9bec09655b520dc50e42ec6efb9c4ffd288e6475088d0a199623b2e07834f54a,2023-06,Surrey Police,Surrey Police,-0.571394,51.297270,On or near Drakes Way,E01030986,Woking 012D,Bicycle theft,Status update unavailable,
42309e8d6d84a6f1193fe868826dfd30b7b897334b01b98844657beab578074a,2023-06,Surrey Police,Surrey Police,-0.565188,51.297581,On or near Greenmeads,E01030986,Woking 012D,Burglary,Status update unavailable,
20d5316cd7089fbcb2548c6877c960620cedeed759c7fac10c690817b53ef150,2023-06,Surrey Police,Surrey Police,-0.565188,51.297581,On or near Greenmeads,E01030986,Woking 012D,Criminal damage and arson,Investigation complete; no suspect identified,
ffe6561139df96d31b8b61d9090f91b2273948804a297db6565bd4a77fed1f98,2023-06,Surrey Police,Surrey Police,-0.561945,51.293944,On or near New Lane,E01030986,Woking 012D,Violence and sexual offences,Investigation complete; no suspect identified,
03ca43142fec0598627686fb606f72f1b5e86b282fb4a6993606cbe1e988fddf,2023-06,Surrey Police,Surrey Police,-0.561945,51.293944,On or near New Lane,E01030986,Woking 012D,Violence and sexual offences,Unable to prosecute suspect,
cbc2738875b1488065a210d423e3c0f3aa593bcc66770fb6478a70c51f2faef8,2023-06,Surrey Police,Surrey Police,-0.561945,51.293944,On or near New Lane,E01030986,Woking 012D,Violence and sexual offences,Investigation complete; no suspect identified,
0059b904e094319e6db9d53620d5130e9393fa4aff7de2eb24a2026ee540367d,2023-06,Surrey Police,Surrey Police,-0.585830,51.296123,On or near Goose Lane,E01030987,Woking 012E,Violence and sexual offences,Court result unavailable,
,2023-06,Surrey Police,Surrey Police,-0.576697,51.283495,On or near Parking Area,E01030987,Woking 012E,Anti-social behaviour,,
37d37f65d3093ef768085c8335c6874ba186a0827d4d9407fc275c96e8dda12b,2023-06,Surrey Police,Surrey Police,-0.558118,51.287935,On or near Robin Hood Lane,E01030987,Woking 012E,Criminal damage and arson,Status update unavailable,
0fd1f297b83a4160b0b9846cc7234a5d6db65e741d12615269f3afe55c73bb17,2023-06,Surrey Police,Surrey Police,-0.555888,51.276253,On or near Bull Lane,E01030987,Woking 012E,Other theft,Investigation complete; no suspect identified,
f1e4c1daf121aa264e0c3e41ec12faf9f2a3b90145b1b5b94cd999cb7732710d,2023-06,Surrey Police,Surrey Police,-0.558118,51.287935,On or near Robin Hood Lane,E01030987,Woking 012E,Violence and sexual offences,Unable to prosecute suspect,
2f7fcbe46733748e26ba08b2e49425154bfab4d0af767ae2d9801bac7ed40127,2023-06,Surrey Police,Surrey Police,-0.583974,51.296775,On or near Saunders Copse,E01030987,Woking 012E,Violence and sexual offences,Further investigation is not in the public interest,
b9e363e2b3380e6c966c2b867230d8e231f7212631c6c5ff6f25def1ee98cbff,2023-06,Surrey Police,Surrey Police,-0.569641,51.278895,On or near Whitmoor Lane,E01030987,Woking 012E,Violence and sexual offences,Unable to prosecute suspect,
a3c849ba6e1c69c49285516739dc4926d359af2896c6ac8dd3dcd52bc07f1ca6,2023-06,Surrey Police,Surrey Police,,,No Location,,,Bicycle theft,Court result unavailable,
b663ea798e262ae869b72d6ecad9cb77ebb60282595d6e7b8e76e476d745595d,2023-06,Surrey Police,Surrey Police,,,No Location,,,Bicycle theft,Investigation complete; no suspect identified,
bce0ca988d0d7250b03aa24cf3296e5dfb1af187100e07e9cd987185f881d30d,2023-06,Surrey Police,Surrey Police,,,No Location,,,Bicycle theft,Investigation complete; no suspect identified,
3dbed2b473c1e8425594ac85b003287fba73d513131ee900ab26765960530c1f,2023-06,Surrey Police,Surrey Police,,,No Location,,,Burglary,Status update unavailable,
2ce749021e1361479aae397575f95ce20e785137bd37615f3494b206ebdbf715,2023-06,Surrey Police,Surrey Police,,,No Location,,,Burglary,Court result unavailable,
c92ad884f35f10820fe07baf3e0f9945f705ddb17222725bcec89a3c7f5fafb7,2023-06,Surrey Police,Surrey Police,,,No Location,,,Burglary,Status update unavailable,
8a378cec32708b61a77a88ac6ed61354219bb0adbba146648349793bda1321e0,2023-06,Surrey Police,Surrey Police,,,No Location,,,Burglary,Status update unavailable,
ebec5e7b25cb88dee6d6cc577447aa25509cd016b272408cc3769eea669527cd,2023-06,Surrey Police,Surrey Police,,,No Location,,,Criminal damage and arson,Investigation complete; no suspect identified,
6fcfc35fa6ac0bc5178c01449060d60447fe749d94a07d983653001f26790dce,2023-06,Surrey Police,Surrey Police,,,No Location,,,Criminal damage and arson,Further investigation is not in the public interest,
6807f1a7ee6b98418754dd4e548b738f58000534e159b3c9562be792795a76bf,2023-06,Surrey Police,Surrey Police,,,No Location,,,Criminal damage and arson,Status update unavailable,
7bed3562eeb71bdcb0358ba79fb738102e8bfa32d09b917a9d5422ed36b756eb,2023-06,Surrey Police,Surrey Police,,,No Location,,,Criminal damage and arson,Status update unavailable,
a81d66441a25d1211c735be211a111bf9ebf517bc6e01910b600c72dd8152c9b,2023-06,Surrey Police,Surrey Police,,,No Location,,,Criminal damage and arson,Investigation complete; no suspect identified,
51682e84842850f1ac80c3a11dcba40f4f1a33b9112783afb88152a1ca450c74,2023-06,Surrey Police,Surrey Police,,,No Location,,,Criminal damage and arson,Further action is not in the public interest,
423a94289f02d1e9343a9646c9c7930a809cd681bf3859de0ada9c0ec95b5d21,2023-06,Surrey Police,Surrey Police,,,No Location,,,Criminal damage and arson,Court result unavailable,
bdbbd6a832f514f7aa41fd10032b8e368ebc13e02a07950e13644415ff4603b2,2023-06,Surrey Police,Surrey Police,,,No Location,,,Criminal damage and arson,Investigation complete; no suspect identified,
0f40d9650e54ae3428517054a5c69109e97fcd869bf482af8f85fdcdcb8aea62,2023-06,Surrey Police,Surrey Police,,,No Location,,,Criminal damage and arson,Investigation complete; no suspect identified,
17898d5591483b8f962e1ba20c4a908b8eb29491fcdf067a7a1abb439b5eca24,2023-06,Surrey Police,Surrey Police,,,No Location,,,Drugs,Status update unavailable,
ed9cca8295e83f989d86561351b46a47b9eb1ecbd8c655ed31195a388cafac10,2023-06,Surrey Police,Surrey Police,,,No Location,,,Drugs,Status update unavailable,
2c26cb998b6df15af23956c5eb3b4150b09e1b29263a494a70647c86d31e7fe6,2023-06,Surrey Police,Surrey Police,,,No Location,,,Drugs,Offender given a caution,
5b58523b5eb5c31d6be9ddcb089b99deca89e00e26df902ccd92852ca170e23b,2023-06,Surrey Police,Surrey Police,,,No Location,,,Drugs,Local resolution,
1eb50e5fd95d794e50b2f2b1a1545e68997f48cb66e57412fdda19d4f8fc2ede,2023-06,Surrey Police,Surrey Police,,,No Location,,,Drugs,Status update unavailable,
fe1d7b87831e541097de0446eb65a69a54055c44a3ab989bae33f9df292bc8a6,2023-06,Surrey Police,Surrey Police,,,No Location,,,Drugs,Court result unavailable,
83aa10d2288cc44f6a2a39c98f2d0f9f01d199182192443a8dca1a548406d7d4,2023-06,Surrey Police,Surrey Police,,,No Location,,,Other theft,Status update unavailable,
07da57ed49d674f9aa28b63477a3a3713924802ec15e3fcd2edd9a933ec910ff,2023-06,Surrey Police,Surrey Police,,,No Location,,,Other theft,Unable to prosecute suspect,
59527e4b21d3fbc232d389260f2ea025421613e33fccd51db95001163837098d,2023-06,Surrey Police,Surrey Police,,,No Location,,,Other theft,Investigation complete; no suspect identified,
187461119bdfd51d22bf04d927997dd3d9a3dec5c327870f4b058f7549385511,2023-06,Surrey Police,Surrey Police,,,No Location,,,Possession of weapons,Unable to prosecute suspect,
37aca0881671da75437d0f8b9ca9c4203fcf5907bf9def7ece9cc7de83e9f266,2023-06,Surrey Police,Surrey Police,,,No Location,,,Public order,Unable to prosecute suspect,
11c4bc20b164aa33b87f72f21687d3b5ecfbea1df21f96b4c9927f99b2f21832,2023-06,Surrey Police,Surrey Police,,,No Location,,,Public order,Further investigation is not in the public interest,
496b66dbf063ec58959a9ef45decb3b0c0ba6e225412c7d7c553e956a2d8a474,2023-06,Surrey Police,Surrey Police,,,No Location,,,Public order,Unable to prosecute suspect,
63d95c32c79015f5f779d647dde3347d23755e1af1eb636e7c18f57239d5a511,2023-06,Surrey Police,Surrey Police,,,No Location,,,Public order,Investigation complete; no suspect identified,
6c342bb3ef655a886469f529803980bffef8a79bf1b615c780d3a9c4bc87dc69,2023-06,Surrey Police,Surrey Police,,,No Location,,,Public order,Unable to prosecute suspect,
f66d8ca32973f962774ad54fc6426f4219e5910518ec885b211c1e43ce4a2a89,2023-06,Surrey Police,Surrey Police,,,No Location,,,Public order,Unable to prosecute suspect,
6c6064265860bd458fddc5c62180687450ea8687db636b68f0ad975b063f7d5b,2023-06,Surrey Police,Surrey Police,,,No Location,,,Public order,Investigation complete; no suspect identified,
44a5a6f5f374ffed6c4eabf41967d51d2dba87efb0da6597b14b7842e9679e40,2023-06,Surrey Police,Surrey Police,,,No Location,,,Public order,Unable to prosecute suspect,
95e0e0ebd96152c434690d27466f6d8b3035faa184328c72788caea328a82473,2023-06,Surrey Police,Surrey Police,,,No Location,,,Public order,Investigation complete; no suspect identified,
53722b53815162b1dcaae182c46f41b2155146e656d59d05fde0a153c2657ebe,2023-06,Surrey Police,Surrey Police,,,No Location,,,Public order,Investigation complete; no suspect identified,
7c0307e775af06da918069882205da2c1f990d73139ebb3e9f62a0c1657518e1,2023-06,Surrey Police,Surrey Police,,,No Location,,,Public order,Unable to prosecute suspect,
5f088c3cde16db879da53ebcebfc4bfc134f394abc8e4e5a587c12c39a07689c,2023-06,Surrey Police,Surrey Police,,,No Location,,,Public order,Unable to prosecute suspect,
a2ba37e6c9efc781cc0086980a5221f4b2eeceb3dfbe897724829229b7281e62,2023-06,Surrey Police,Surrey Police,,,No Location,,,Public order,Unable to prosecute suspect,
e70d94c0de6400659490f223cd51a503bc33bb6f1134893ce4ea1ae0725702d2,2023-06,Surrey Police,Surrey Police,,,No Location,,,Public order,Unable to prosecute suspect,
198534b66fb7831e786023f833464f3f61ed34a50148a3f88814af22cc2f16a5,2023-06,Surrey Police,Surrey Police,,,No Location,,,Public order,Court result unavailable,
9c81d89b97002b914c0d153135719d7e86d4c4364562cce839a11ca2e8562aa2,2023-06,Surrey Police,Surrey Police,,,No Location,,,Public order,Status update unavailable,
3122b452ff2c57c519d7382b81e082063a659997f457598029c4b7fdf2c1ea30,2023-06,Surrey Police,Surrey Police,,,No Location,,,Public order,Unable to prosecute suspect,
8cd6430c00152998cbec63ef11e313ee0203c56c9fba3bdd0a3021bc8d7b9312,2023-06,Surrey Police,Surrey Police,,,No Location,,,Public order,Unable to prosecute suspect,
683e531e0b1c5aa22cf19c2cbba395a5fbcfc956b15d3b9cacf6211252bda5a6,2023-06,Surrey Police,Surrey Police,,,No Location,,,Public order,Unable to prosecute suspect,
bf3cbf8f65c771f4473ce275382111d5baf1fa66a9ae6f3d05171ca62176c854,2023-06,Surrey Police,Surrey Police,,,No Location,,,Public order,Investigation complete; no suspect identified,
3c3fa8255aed423f6bc0a6e385851cb71c4ff4f6a8454600c6c86a1b95011062,2023-06,Surrey Police,Surrey Police,,,No Location,,,Public order,Unable to prosecute suspect,
41b5fb2bc55e9a50e6e8dc877e6ddbc7391a206197fa9b01abfc38ee05c6add1,2023-06,Surrey Police,Surrey Police,,,No Location,,,Robbery,Status update unavailable,
395198d57d616ceed65bbd4cc20f422c7a9101125f5d9118d0b051d54499f760,2023-06,Surrey Police,Surrey Police,,,No Location,,,Shoplifting,Investigation complete; no suspect identified,
c714cdabbfbafeccea04358754536c321deead50bf3945a57971e452168231d5,2023-06,Surrey Police,Surrey Police,,,No Location,,,Shoplifting,Offender given a caution,
9a0a121cfbebd665f01a0b437d1f71479cc058f084a14f8937364bb04e9ff830,2023-06,Surrey Police,Surrey Police,,,No Location,,,Theft from the person,Unable to prosecute suspect,
b3ad5b72523ab76c2e5ef4a1305a939ed46a5d97c0d1bc7c621bfdfe987f390c,2023-06,Surrey Police,Surrey Police,,,No Location,,,Theft from the person,Unable to prosecute suspect,
67b92edd596acc3d22fdc046f0f563917b4692950ad9182a4e052dfa50f14b41,2023-06,Surrey Police,Surrey Police,,,No Location,,,Vehicle crime,Status update unavailable,
f18ca930057a694a78e8a7fab1047e877eb418ee13681bf2adfec5b674bc313d,2023-06,Surrey Police,Surrey Police,,,No Location,,,Vehicle crime,Investigation complete; no suspect identified,
ac212f96f2ded4bd4ccdaa26e2bac1d0073f3dd58257546e3c2dac9e112c5833,2023-06,Surrey Police,Surrey Police,,,No Location,,,Vehicle crime,Investigation complete; no suspect identified,
7d6bda80b11f83a78a352c51b5bd76f72e04c351cc3837bd1c92891ae8bbae8d,2023-06,Surrey Police,Surrey Police,,,No Location,,,Vehicle crime,Unable to prosecute suspect,
968b7e9ae2d69b7f32458ad0b8ed88d213b595d1fbbd6768759c11d80d6079ed,2023-06,Surrey Police,Surrey Police,,,No Location,,,Vehicle crime,Investigation complete; no suspect identified,
a1a77fef6bee1f7da01e74210447c2de0a275ba29314b8b3ad52d267ddac7f5f,2023-06,Surrey Police,Surrey Police,,,No Location,,,Vehicle crime,Investigation complete; no suspect identified,
3de1e279bf67e84d469aefa06813ed48fb92aac8310d6c5dd9eb9881ec746c62,2023-06,Surrey Police,Surrey Police,,,No Location,,,Violence and sexual offences,Formal action is not in the public interest,
1baddcef59ac68c744f40de4ab450ce74a3db349b3e86cff3c8abd0293044eba,2023-06,Surrey Police,Surrey Police,,,No Location,,,Violence and sexual offences,Unable to prosecute suspect,
84429658c18b797a67bd43e9e9faddf49bf003f2cff7300f968c06fb71356c24,2023-06,Surrey Police,Surrey Police,,,No Location,,,Violence and sexual offences,Unable to prosecute suspect,
61614432148b6d1ba479a4981f72e3f95859081e6afe1427eb3fa10aadae5791,2023-06,Surrey Police,Surrey Police,,,No Location,,,Violence and sexual offences,Unable to prosecute suspect,
7b0dd13107521ff7a61d076c4f28e95ddae9036556f1002c7b1dca0bcd4e4f7a,2023-06,Surrey Police,Surrey Police,,,No Location,,,Violence and sexual offences,Action to be taken by another organisation,
5974ffdb9acb7cebe9ed7b14326e6947943c9c352ea65cd82bb32312ea3bfcd3,2023-06,Surrey Police,Surrey Police,,,No Location,,,Violence and sexual offences,Investigation complete; no suspect identified,
bff6982fa89513fb4d9726a3e9337247473d713c8db6a4ba9946d0cc7f22a556,2023-06,Surrey Police,Surrey Police,,,No Location,,,Violence and sexual offences,Unable to prosecute suspect,
6733933c7557407f46dec13f8827f379de163bc2c818f0ff200bc723884b1de8,2023-06,Surrey Police,Surrey Police,,,No Location,,,Violence and sexual offences,Unable to prosecute suspect,
45966fd8c2b065286d982c518f23d4ab9eccb0c5e7ef7bd52e320bbb6518695f,2023-06,Surrey Police,Surrey Police,,,No Location,,,Violence and sexual offences,Action to be taken by another organisation,
95e44608fdf02aa6c282fd4debcc8e8234daef1a65f7d58605153008708a4bfe,2023-06,Surrey Police,Surrey Police,,,No Location,,,Violence and sexual offences,Action to be taken by another organisation,
8f642db32efb8b27085ea4f98cb4ef7d21792b06611cfdd0577a24b6597a6a2f,2023-06,Surrey Police,Surrey Police,,,No Location,,,Violence and sexual offences,Unable to prosecute suspect,
3247aca15b1f6a359d3fb5441a41fcf3998aa336e68f3e335d4189b49b493913,2023-06,Surrey Police,Surrey Police,,,No Location,,,Violence and sexual offences,Unable to prosecute suspect,
65af25079dd3708506bb73751f5de61d2ecee65098c5619b9a5a38d7f81022c1,2023-06,Surrey Police,Surrey Police,,,No Location,,,Violence and sexual offences,Status update unavailable,
5ae83597da448fe2c6a9ec223068528ac5c2b6af950573fd14446f45eb124400,2023-06,Surrey Police,Surrey Police,,,No Location,,,Violence and sexual offences,Unable to prosecute suspect,
b6a12dc020c61e0b7603d8bffd94efe7ef4beab26404a72911d531bc5ad8fc81,2023-06,Surrey Police,Surrey Police,,,No Location,,,Violence and sexual offences,Unable to prosecute suspect,
e4cadb3750aab39268004158ac30a1e184b569b900bde1312ff0e10aa8261d41,2023-06,Surrey Police,Surrey Police,,,No Location,,,Violence and sexual offences,Unable to prosecute suspect,
eb1871323361d9e00ce49d1ec1c029d2e706c0d37ebdb2499f6ec80d9412f8f6,2023-06,Surrey Police,Surrey Police,,,No Location,,,Violence and sexual offences,Unable to prosecute suspect,
64662022606bd8de455e7b7feb0ccc9e7cd9e6ca4615b1a84a1c78ab2c75cb10,2023-06,Surrey Police,Surrey Police,,,No Location,,,Violence and sexual offences,Unable to prosecute suspect,
3435a3d24737258e2040a1b455e4c6cca237303fb7e4307a52adb2ce153809e1,2023-06,Surrey Police,Surrey Police,,,No Location,,,Violence and sexual offences,Status update unavailable,
5b1ce6d82afab90abb541c69f9503c4d0209f33ad35b159e094a7050a87e9392,2023-06,Surrey Police,Surrey Police,,,No Location,,,Violence and sexual offences,Unable to prosecute suspect,
772fda595658073ec241cdded4cce4b1d4f10f6ff1f43decb41123838be57024,2023-06,Surrey Police,Surrey Police,,,No Location,,,Violence and sexual offences,Action to be taken by another organisation,
091b6afc894564383a8727ae863a2035604b8a938f03b18f47cb68c992a2550a,2023-06,Surrey Police,Surrey Police,,,No Location,,,Violence and sexual offences,Unable to prosecute suspect,
5e4bb82e6e750d9fc434dc0db18b37ceacf523d099852680a2c55a43768df491,2023-06,Surrey Police,Surrey Police,,,No Location,,,Violence and sexual offences,Action to be taken by another organisation,
b804be13c30bcc2c8128e2f6a43a947ad5144f9fea1db5f4790daa1b2df4d5ec,2023-06,Surrey Police,Surrey Police,,,No Location,,,Violence and sexual offences,Unable to prosecute suspect,
1feb249555a1e9f696e34c2863f166b6a9eccd27c5dd72e9710ed4b5abc40867,2023-06,Surrey Police,Surrey Police,,,No Location,,,Violence and sexual offences,Unable to prosecute suspect,
564b0bfc2b4a8419bb269e12ee51000807ea22aee3d640b6e3cd37246b765451,2023-06,Surrey Police,Surrey Police,,,No Location,,,Violence and sexual offences,Unable to prosecute suspect,
1a22fe72c0786bea4a380597cbae906248f8181cfaf94a83f5f4d7e7c3933f70,2023-06,Surrey Police,Surrey Police,,,No Location,,,Violence and sexual offences,Action to be taken by another organisation,
e87658d94e0d905c74319b7928e8768def67543ef6e7e29659c492bc4f32404a,2023-06,Surrey Police,Surrey Police,,,No Location,,,Violence and sexual offences,Unable to prosecute suspect,
71a828cb9f1427d65077d7cc53ccd9e26b30facbf1d5c61518ca66d28387108d,2023-06,Surrey Police,Surrey Police,,,No Location,,,Violence and sexual offences,Court result unavailable,
c35a085d045fbc1a753d13885b113807cdb0b51f0fed39d108f1414a1bb19d40,2023-06,Surrey Police,Surrey Police,,,No Location,,,Violence and sexual offences,Unable to prosecute suspect,
afc60e42b444ee7c520ce452c5676dc817b61c4049de59a3f4de6b7f8c0beef3,2023-06,Surrey Police,Surrey Police,,,No Location,,,Violence and sexual offences,Unable to prosecute suspect,
3dbbaecff245cd12ea2a648ac7a83ce437e5db2b4bfc5c0502370231348798b1,2023-06,Surrey Police,Surrey Police,,,No Location,,,Violence and sexual offences,Unable to prosecute suspect,
ac7de9a10df7550c0dac38d221babf530690f57d7e1f58c83671480517f0bc00,2023-06,Surrey Police,Surrey Police,,,No Location,,,Violence and sexual offences,Status update unavailable,
8dfab7ab4e6c89d54745289df01b9719e6b1e60d3a6190fe1d9bd9d82152a579,2023-06,Surrey Police,Surrey Police,,,No Location,,,Violence and sexual offences,Unable to prosecute suspect,
ba10820a64a6195c9912b80d67b200b87fa57a21da46cdeca7c6c94578e65977,2023-06,Surrey Police,Surrey Police,,,No Location,,,Violence and sexual offences,Action to be taken by another organisation,
b93a9b98f2c9f5aef9139fd95e1e623a9c2e28586d16501013eb2c587f337237,2023-06,Surrey Police,Surrey Police,,,No Location,,,Violence and sexual offences,Unable to prosecute suspect,
2a8c904bb9c802e7d81777b71659bc9eec1772a8fb3edff02ad3dbf583e618c1,2023-06,Surrey Police,Surrey Police,,,No Location,,,Violence and sexual offences,Unable to prosecute suspect,
96684831783eb00b82ec51286a8884944b2802ff6c0e13a169e60e97631e15f4,2023-06,Surrey Police,Surrey Police,,,No Location,,,Violence and sexual offences,Unable to prosecute suspect,
28250afe62380dfdd21deac12392181d6591d65739437ad75bdbf4869f4b4298,2023-06,Surrey Police,Surrey Police,,,No Location,,,Violence and sexual offences,Investigation complete; no suspect identified,
755c2be0f67457cd8778dacc619d04537e79ee5ab54d75344d471ab400c7f1c1,2023-06,Surrey Police,Surrey Police,,,No Location,,,Violence and sexual offences,Action to be taken by another organisation,
91f1962870f555d33fa7f66948a01ddcb53d80136808d6da60cef8f9b781c505,2023-06,Surrey Police,Surrey Police,,,No Location,,,Violence and sexual offences,Unable to prosecute suspect,
25a1157784d351a0f6b12521fcaf2d8b63c00edb4740588604739f9acfdcab6c,2023-06,Surrey Police,Surrey Police,,,No Location,,,Violence and sexual offences,Local resolution,
1680fcaf6f75bc5a53a6e5e95582e3065df0a8b3070cc7e29f3e595f44767fac,2023-06,Surrey Police,Surrey Police,,,No Location,,,Violence and sexual offences,Investigation complete; no suspect identified,
e6790e19ce30b57efeb8d70d911beb0b817b5d19c70ed2fd73ca1c7a5ae1c215,2023-06,Surrey Police,Surrey Police,,,No Location,,,Violence and sexual offences,Action to be taken by another organisation,
1792eca97e36cd2caa67ff80a36741ab7851ad8c09c1d8f38baf32d4c0f6a8a3,2023-06,Surrey Police,Surrey Police,,,No Location,,,Violence and sexual offences,Action to be taken by another organisation,
b32bf3e13b41e9a6ad5af773ff5194e3a5cfb2381b81cc26787149c4a646eaac,2023-06,Surrey Police,Surrey Police,,,No Location,,,Violence and sexual offences,Further investigation is not in the public interest,
20e2e69bc12f1c24e5a51ad55a50cab2ba4338b4da0f2148aeecb4f6c7dc4b25,2023-06,Surrey Police,Surrey Police,,,No Location,,,Violence and sexual offences,Action to be taken by another organisation,
e48332094d3bcca586308d0f9c48547683b68b0348ff133b242528e69181d4f4,2023-06,Surrey Police,Surrey Police,,,No Location,,,Violence and sexual offences,Investigation complete; no suspect identified,
4a8820809d9a4b90782da65ea5a6f2b9a41a6fa6b616f4e09ccf28082724fd9a,2023-06,Surrey Police,Surrey Police,,,No Location,,,Violence and sexual offences,Unable to prosecute suspect,
c68a688399a1ad68d832031550e8a3fe90e85daeff811725a8e56f791579d35f,2023-06,Surrey Police,Surrey Police,,,No Location,,,Violence and sexual offences,Investigation complete; no suspect identified,
b45932c3654916891a817d9003a6506b0baedcebb054b58769c6fffb47c5f447,2023-06,Surrey Police,Surrey Police,,,No Location,,,Violence and sexual offences,Status update unavailable,
dbe397298886b51d3bc8432f83584002d68c980d630e19b807b4891eaf942130,2023-06,Surrey Police,Surrey Police,,,No Location,,,Violence and sexual offences,Status update unavailable,
54b0409ae6febe1194221714da403deb4204f8774539fbcf26166162ab9754aa,2023-06,Surrey Police,Surrey Police,,,No Location,,,Violence and sexual offences,Status update unavailable,
dd02fe610faad4a256095ac1e830e99f9e1d5bb0a6df9e048f639d7e26937ca7,2023-06,Surrey Police,Surrey Police,,,No Location,,,Violence and sexual offences,Status update unavailable,
908ce370fea144f35c0a7be7f58e24ebeb620b2b9a1837057185e408c9cb91d4,2023-06,Surrey Police,Surrey Police,,,No Location,,,Violence and sexual offences,Investigation complete; no suspect identified,
c8028445d64f3d5ec4767504d60ac4106793a68439fc1124890abf5531de315a,2023-06,Surrey Police,Surrey Police,,,No Location,,,Violence and sexual offences,Status update unavailable,
50d0f39c67676c074499fb74a1be5022e4e63b43a135f06b4e7827c7f2a2c7d8,2023-06,Surrey Police,Surrey Police,,,No Location,,,Violence and sexual offences,Unable to prosecute suspect,
80021876430ba1358710f996364da07b5a8f12fc9415415bc17516c23e124d14,2023-06,Surrey Police,Surrey Police,,,No Location,,,Violence and sexual offences,Unable to prosecute suspect,
fdace06e60b1febd779894ef8afdd0324a76168d92b7af54215a743efb8b349f,2023-06,Surrey Police,Surrey Police,,,No Location,,,Violence and sexual offences,Unable to prosecute suspect,
fd80513c163d5837188cd2f9d8bb0a1e426282fafb3c5be0fcd4d9990dacca1e,2023-06,Surrey Police,Surrey Police,,,No Location,,,Violence and sexual offences,Unable to prosecute suspect,
4f4acb18f7cc75ae46762524c455692effd638200db051d16e22a2511798b9cb,2023-06,Surrey Police,Surrey Police,,,No Location,,,Violence and sexual offences,Unable to prosecute suspect,
2e92fcbda8653abbd3d8e6255e1811c5165cb49098b5e1e492ac28e0c3862667,2023-06,Surrey Police,Surrey Police,,,No Location,,,Violence and sexual offences,Investigation complete; no suspect identified,
56a26085dbdab076c4828a69b797252b2b52211dfd628d202b1935aea56a09c5,2023-06,Surrey Police,Surrey Police,,,No Location,,,Violence and sexual offences,Investigation complete; no suspect identified,
75d949006d48d3258b84cc4ccf80bab874846564e9b9287eee31b0cea0d5272e,2023-06,Surrey Police,Surrey Police,,,No Location,,,Violence and sexual offences,Status update unavailable,
a78bcad04af057e92cf2c93410af3dcc5f07dc49d1ccde77e8458497a2b426a8,2023-06,Surrey Police,Surrey Police,,,No Location,,,Violence and sexual offences,Unable to prosecute suspect,
1980a99cb14910e7fa8f07528456c55068aad2ab00e73a4df14b72862df271f6,2023-06,Surrey Police,Surrey Police,,,No Location,,,Violence and sexual offences,Unable to prosecute suspect,
6ee3721910d7b1040a069934731cbb1c3f7db8b783e894d30ef2e110d0af2bb8,2023-06,Surrey Police,Surrey Police,,,No Location,,,Violence and sexual offences,Local resolution,
4bda6427d05dc75bab4ee55d508b37586ff0a6b6532b1c4bd54dd110dc9a55b9,2023-06,Surrey Police,Surrey Police,,,No Location,,,Violence and sexual offences,Court result unavailable,
8eb663053498d0b8a243aeab1c5f525f724056e884170278f8b97766edfc89ac,2023-06,Surrey Police,Surrey Police,,,No Location,,,Violence and sexual offences,Unable to prosecute suspect,
f1c7026110d997907c6b26faec43f07f62ce73d9d07d68c0363b818c10c19428,2023-06,Surrey Police,Surrey Police,,,No Location,,,Other crime,Status update unavailable,
9af88da6b8d8198198a8305e6ac764dbaaabb92bfa88ccb1b4032f8ec67ff53e,2023-06,Surrey Police,Surrey Police,,,No Location,,,Other crime,Court result unavailable,
35c8bfe5a4ef0c3c090c30c4db2d79bac445e4b8df66e932ce02fccce87e2542,2023-06,Surrey Police,Surrey Police,,,No Location,,,Other crime,Action to be taken by another organisation,
f6cb0e21d5b272d00f36c0a46a7e36bb534a63021a490a9fbd694b36c996775b,2023-06,Surrey Police,Surrey Police,,,No Location,,,Other crime,Further investigation is not in the public interest,
724c49ab3a6ee39a49db8ca0ac6cd30097b0b7c644fead1361c733c083a7d5af,2023-06,Surrey Police,Surrey Police,,,No Location,,,Other crime,Unable to prosecute suspect,
