Crime ID,Month,Reported by,Falls within,Longitude,Latitude,Location,LSOA code,LSOA name,Crime type,Last outcome category,Context
98fc2579255fd29f1a1932db8faba7fb406bd856173bbb787b160fe72cfeb7ce,2024-11,Essex Police,Essex Police,0.668497,52.087130,On or near Lower Road,E01029885,Babergh 002C,Public order,Unable to prosecute suspect,
ae3910981b0c6b84e990f22db71b61c403435f8efc19799fe4e065cceae97ef1,2024-11,Essex Police,Essex Police,0.440900,51.639968,On or near Martingale Road,E01021237,Basildon 001A,Vehicle crime,Unable to prosecute suspect,
e0ec04c24cd578fca166dfb765eb60369dc7061aac95159fc2599621bca40675,2024-11,Essex Police,Essex Police,0.432091,51.640106,On or near Oakwood Drive,E01021237,Basildon 001A,Violence and sexual offences,Awaiting court outcome,
004603f9637a3efab768ceed200acf13c7f3d3ada03d92f776b95bc064087004,2024-11,Essex Police,Essex Police,0.439614,51.639167,On or near Smythe Road,E01021237,Basildon 001A,Violence and sexual offences,Investigation complete; no suspect identified,
013b496bfbcab0c4ff7bb6f9d8d09befbacc7b7e0b5ff5d469aad45934ca174e,2024-11,Essex Police,Essex Police,0.435036,51.647069,On or near The Vale,E01021238,Basildon 001B,Drugs,Local resolution,
5f2b92872d98f0b26fe4d20bb2cb964784a06a3d44002c61c2815d3e2df33e1a,2024-11,Essex Police,Essex Police,0.433923,51.644628,On or near Brookside Close,E01021238,Basildon 001B,Violence and sexual offences,Formal action is not in the public interest,
024c380f0b1a2c409f302ca7d44722063134216e93c488bc60829903897fbf4e,2024-11,Essex Police,Essex Police,0.440655,51.625458,On or near Harrods Court,E01021242,Basildon 001C,Other theft,Unable to prosecute suspect,
,2024-11,Essex Police,Essex Police,0.425316,51.636928,On or near Fern Close,E01021250,Basildon 001D,Anti-social behaviour,,
8bb0020b1772aedd5a71fc6554885f867654def596ee86eb2fbf63f05b1cf51c,2024-11,Essex Police,Essex Police,0.423976,51.637279,On or near Newlands Road,E01021250,Basildon 001D,Burglary,Investigation complete; no suspect identified,
1df5da137255b8e3fdd4c21d5eb1f7f79532697bbb5a8a325bff6dd1fab747e4,2024-11,Essex Police,Essex Police,0.421325,51.637981,On or near Perry Street,E01021250,Basildon 001D,Criminal damage and arson,Unable to prosecute suspect,
c72b9c5ffd7f05599c119488a952d99f953b209bb246d2d6e97aef7812ce9394,2024-11,Essex Police,Essex Police,0.422555,51.639359,On or near Mill Hill Drive,E01021250,Basildon 001D,Violence and sexual offences,Investigation complete; no suspect identified,
d5b658940974c4f65df7df60ee9836948af083a14f101533bc3201497fef3bcd,2024-11,Essex Police,Essex Police,0.425677,51.644780,On or near Lampern Close,E01021251,Basildon 001E,Violence and sexual offences,Unable to prosecute suspect,
d39da82c651f735ca1a58aa9b4f6b33aa6d0c428458331968c04152f0ee0a8df,2024-11,Essex Police,Essex Police,0.430198,51.644992,On or near Arundel Way,E01021251,Basildon 001E,Violence and sexual offences,Unable to prosecute suspect,
,2024-11,Essex Police,Essex Police,0.408446,51.640674,On or near Beresford Court,E01021245,Basildon 002A,Anti-social behaviour,,
2cb9df755d05bd59a6edf95afacbd3c5df294490930d83bea859a3d7ea8c20b5,2024-11,Essex Police,Essex Police,0.408530,51.641446,On or near Colville Mews,E01021245,Basildon 002A,Other theft,Unable to prosecute suspect,
ac5dc081704f4fee7145cab0bf36ef3902b79e84b6ac14bdb5fde85f7aec4207,2024-11,Essex Police,Essex Police,0.409303,51.640477,On or near Milner Place,E01021245,Basildon 002A,Public order,Unable to prosecute suspect,
9a9e35fad1cf49902f52e6180fb3edf2334a7a65b0b7847b95cb749bf527fd1a,2024-11,Essex Police,Essex Police,0.407147,51.640162,On or near Lorrimore Close,E01021245,Basildon 002A,Public order,Unable to prosecute suspect,
d3ab722c0f8ead0645ce8da44ecde3b5beee637bc25417033dbbc05a36f6d77d,2024-11,Essex Police,Essex Police,0.408495,51.641591,On or near Betony Crescent,E01021245,Basildon 002A,Violence and sexual offences,Unable to prosecute suspect,
d40c019a6b47650ccab8647558ce78042006d50cc94b1f6353a10472cb2272d8,2024-11,Essex Police,Essex Police,0.407554,51.640747,On or near Granville Close,E01021245,Basildon 002A,Violence and sexual offences,Unable to prosecute suspect,
2c9a8ed645f75091a164e955e514b99c0ef651c4e9f2df59cee7886016ba51b3,2024-11,Essex Police,Essex Police,0.413179,51.635910,On or near Peartree Walk,E01021246,Basildon 002B,Vehicle crime,Investigation complete; no suspect identified,
6209caf89947c0d13b23bff23b303feede746249da3a6d2503de8947da37b461,2024-11,Essex Police,Essex Police,0.404460,51.631997,On or near Warrington Square,E01021246,Basildon 002B,Violence and sexual offences,Unable to prosecute suspect,
f779123e111f93ba46fbf31da0d190ae69029509e3a6fdf41663d591abca791c,2024-11,Essex Police,Essex Police,0.413179,51.635910,On or near Peartree Walk,E01021246,Basildon 002B,Violence and sexual offences,Status update unavailable,
479de7880f8c8ff92961ba3160813b66929d744b3afbc3efa6a40afa78f7ab42,2024-11,Essex Police,Essex Police,0.404460,51.631997,On or near Warrington Square,E01021246,Basildon 002B,Other crime,Unable to prosecute suspect,
,2024-11,Essex Police,Essex Police,0.413549,51.637701,On or near Parking Area,E01021248,Basildon 002C,Anti-social behaviour,,
e2a3473a9f905cebcd5369ce901522e8819e1117dcc39e93b82e9714df7562c6,2024-11,Essex Police,Essex Police,0.410568,51.637897,On or near Harebell Close,E01021248,Basildon 002C,Drugs,Offender given a caution,
f6361a8b283178c7e2aedee8e974e6c8ff109a9654e5a7316848d48738497f03,2024-11,Essex Police,Essex Police,0.413549,51.637701,On or near Parking Area,E01021248,Basildon 002C,Shoplifting,Investigation complete; no suspect identified,
7567fb3317294ac6a63cce9db865c5eea301f83d7181797349a62a9f06a3e0d0,2024-11,Essex Police,Essex Police,0.411559,51.637517,On or near Celandine Close,E01021248,Basildon 002C,Violence and sexual offences,Unable to prosecute suspect,
f780de5fe7d9ef6c953802ead42a563a25ce62a6d82d871ba7def4d277bb909e,2024-11,Essex Police,Essex Police,0.411559,51.637517,On or near Celandine Close,E01021248,Basildon 002C,Violence and sexual offences,Action to be taken by another organisation,
93dd033f05d814776174f8c4f1b264519e82fd32f2bfa702013e847db1fc0061,2024-11,Essex Police,Essex Police,0.410568,51.637897,On or near Harebell Close,E01021248,Basildon 002C,Violence and sexual offences,Court result unavailable,
0b54b86120ffe1e902d6ed3a8cbe1c1835af9a9f406e7fd62676b54ee27c13fd,2024-11,Essex Police,Essex Police,0.413549,51.637701,On or near Parking Area,E01021248,Basildon 002C,Violence and sexual offences,Court result unavailable,
79cf7469cf3d317f3cfe1316214a43b23d52a501c3f247e103a5950a3aad527a,2024-11,Essex Police,Essex Police,0.403195,51.631564,On or near Whitesmith Drive,E01021249,Basildon 002D,Criminal damage and arson,Unable to prosecute suspect,
6f42641056fd1ac30b9e1065e54875ef5679d6ea351363cc978096e4af23274b,2024-11,Essex Police,Essex Police,0.398408,51.635601,On or near Bluebell Wood,E01021249,Basildon 002D,Vehicle crime,Investigation complete; no suspect identified,
22acda3bb502424c344c075926a5bfe10cdcf59c4e7a47637903af0f5a63a3b3,2024-11,Essex Police,Essex Police,0.406881,51.635410,On or near St Helens Walk,E01021249,Basildon 002D,Violence and sexual offences,Unable to prosecute suspect,
b5c0a7e9b53b0c65540b2755a55757d259d0e4d72586a66952bc68a17a86fc71,2024-11,Essex Police,Essex Police,0.414426,51.637620,On or near Supermarket,E01021252,Basildon 002E,Shoplifting,Investigation complete; no suspect identified,
2eea34d0ff9a616cdcf12eabc2310d3f0844c288ca904b8aef21e314d47c1fa7,2024-11,Essex Police,Essex Police,0.414426,51.637620,On or near Supermarket,E01021252,Basildon 002E,Vehicle crime,Investigation complete; no suspect identified,
2e77ed775a39b77ca157ded463bf8e512837272a3a4365e787147413c1d7bdde,2024-11,Essex Police,Essex Police,0.417383,51.625274,On or near High Street,E01021240,Basildon 003B,Burglary,Investigation complete; no suspect identified,
4d47578ba01eb2d1d721517b3e3c97b3433cb01ba2095f515b738ddac00203e2,2024-11,Essex Police,Essex Police,0.428262,51.626884,On or near Kelvedon Close,E01021240,Basildon 003B,Burglary,Investigation complete; no suspect identified,
a57c16e50c14e3d885ceef2ce891029f446f1f8bc2144fdfd50b2fcaf2ad39c9,2024-11,Essex Police,Essex Police,0.417391,51.625976,On or near Darcy Mews,E01021240,Basildon 003B,Criminal damage and arson,Investigation complete; no suspect identified,
aefecca45d386512f5ad87105b99fe7eebb007bf6acb8979797a89cbbbbd672a,2024-11,Essex Police,Essex Police,0.417383,51.625274,On or near High Street,E01021240,Basildon 003B,Public order,Unable to prosecute suspect,
c3f13ceca8005cd9b06c55f6cd18eefba6f3eeb2d41c4058f551cd082e203272,2024-11,Essex Police,Essex Police,0.417383,51.625274,On or near High Street,E01021240,Basildon 003B,Public order,Investigation complete; no suspect identified,
4b4d4076d3b74020f85a802a25308783ee66771e481a1e353427180540c14b09,2024-11,Essex Police,Essex Police,0.417383,51.625274,On or near High Street,E01021240,Basildon 003B,Theft from the person,Investigation complete; no suspect identified,
e1b90b7c43bc456f2a86c599183f076055bc2ebe2dec65e04e43d45ab62bbdd8,2024-11,Essex Police,Essex Police,0.417383,51.625274,On or near High Street,E01021240,Basildon 003B,Vehicle crime,Investigation complete; no suspect identified,
96fd8639ac2d079cf1fa5f439ce21ca1da5cafe8b74683a135efcd1a0c8f6a98,2024-11,Essex Police,Essex Police,0.425815,51.625154,On or near Valley Road,E01021240,Basildon 003B,Vehicle crime,Investigation complete; no suspect identified,
4b1e27dabe42a60658fa3792364a56b346734259a66313b48c11bf0a1d49112d,2024-11,Essex Police,Essex Police,0.419468,51.624809,On or near Chapel Court,E01021240,Basildon 003B,Violence and sexual offences,Unable to prosecute suspect,
229cb4fe97097aac1e83541b9c763adeb72978b5864f5b14c72e86744895b241,2024-11,Essex Police,Essex Police,0.424081,51.625964,On or near Mayflower Road,E01021240,Basildon 003B,Violence and sexual offences,Unable to prosecute suspect,
6bda819dcec6803ca9e8c538e23171e37e3a2642dfa1be0047b03585aceabfc9,2024-11,Essex Police,Essex Police,0.423608,51.625227,On or near Pilgrims Close,E01021240,Basildon 003B,Violence and sexual offences,Unable to prosecute suspect,
48f8cc1084a3dc30263d5dfea780fabf4cd564c801f9206aa23f8c5b3f9ae9b9,2024-11,Essex Police,Essex Police,0.423608,51.625227,On or near Pilgrims Close,E01021240,Basildon 003B,Violence and sexual offences,Unable to prosecute suspect,
d5845610263ddd71b454fdec5651811ab8818c0d609709fb435acf305349177e,2024-11,Essex Police,Essex Police,0.420464,51.626704,On or near West Cloister,E01021240,Basildon 003B,Violence and sexual offences,Unable to prosecute suspect,
9afe68dcdbe50b3c1bd4da1c41960de2d57c3479c3a78e12694f16813223640b,2024-11,Essex Police,Essex Police,0.419468,51.624809,On or near Chapel Court,E01021240,Basildon 003B,Violence and sexual offences,Unable to prosecute suspect,
a7ea5407a747a4f6e5c07eb295336851cc17bc4436b6a503ab8c312d0cbc5483,2024-11,Essex Police,Essex Police,0.421799,51.630058,On or near Dawson Mews,E01021240,Basildon 003B,Violence and sexual offences,Unable to prosecute suspect,
d2b76817c2e4170a823ddb1ba169342d3de519053db76e25ec9f6e718c8fe4ea,2024-11,Essex Police,Essex Police,0.423608,51.625227,On or near Pilgrims Close,E01021240,Basildon 003B,Violence and sexual offences,Unable to prosecute suspect,
d7976526f65401e610459ce2a900080319e5964f6ff58acd18e1ec5eef6327ee,2024-11,Essex Police,Essex Police,0.437991,51.626692,On or near Hillway,E01021241,Basildon 003C,Criminal damage and arson,Unable to prosecute suspect,
2ed2656d8fbdf6505702df959cb8d37f7bc95eca6e7840e9cd630ddd000bef16,2024-11,Essex Police,Essex Police,0.436109,51.625013,On or near Betoyne Close,E01021241,Basildon 003C,Criminal damage and arson,Investigation complete; no suspect identified,
b65b003e554710ba06e540d3abe5c1bcd2ad4487f34ee2eb4b4836cb1ae273fc,2024-11,Essex Police,Essex Police,0.437820,51.625391,On or near Salesbury Drive,E01021241,Basildon 003C,Violence and sexual offences,Unable to prosecute suspect,
329f40bbd94a95d38f4347b0990222ed4c20f1e7a5033cddec400a75042aebae,2024-11,Essex Police,Essex Police,0.436109,51.625013,On or near Betoyne Close,E01021241,Basildon 003C,Violence and sexual offences,Unable to prosecute suspect,
c58d67d61a65fc51303e1900fe766526bf3f56e4e38582c3e1b6e23e8ee86bad,2024-11,Essex Police,Essex Police,0.437854,51.624141,On or near Greenway,E01021241,Basildon 003C,Violence and sexual offences,Unable to prosecute suspect,
5024fc4e47e8cf35c3dc59181a89d5d1cabeacc2b7bb6fe7c1a4bc6399503892,2024-11,Essex Police,Essex Police,0.436927,51.625455,On or near Gascoigne Way,E01021241,Basildon 003C,Violence and sexual offences,Unable to prosecute suspect,
2844ba9eec050d1fef8c34c662ae18540113fc9feb94ac349fd57c99aa3d2b4c,2024-11,Essex Police,Essex Police,0.437820,51.625391,On or near Salesbury Drive,E01021241,Basildon 003C,Violence and sexual offences,Unable to prosecute suspect,
e4e37622c984546a1806f970c6a929cdc2cab31159c65b76842240a90c0b429e,2024-11,Essex Police,Essex Police,0.436109,51.625013,On or near Betoyne Close,E01021241,Basildon 003C,Violence and sexual offences,Investigation complete; no suspect identified,
fe3ff714d0e369412eca540614f9a43e9f0a04a49ed35949e641e140971a2fc6,2024-11,Essex Police,Essex Police,0.439016,51.621571,On or near Outwood Common Road,E01021241,Basildon 003C,Violence and sexual offences,Action to be taken by another organisation,
8cff4e98e0ea5eac47447bbc50535c20bd0e0f724d193fc32af97009295d2f8f,2024-11,Essex Police,Essex Police,0.437991,51.626692,On or near Hillway,E01021241,Basildon 003C,Violence and sexual offences,Investigation complete; no suspect identified,
45375202f8250dfa972e0a91fee59768564e39c9568b2db1d214f301a91cf506,2024-11,Essex Police,Essex Police,0.427561,51.625109,On or near Abbots Ride,E01021243,Basildon 003D,Burglary,Investigation complete; no suspect identified,
f43cfdc0ba23879ad15f12c8296812ee54bcf2c0d1af1744d3e808d00979271c,2024-11,Essex Police,Essex Police,0.431359,51.623736,On or near Cavell Road,E01021243,Basildon 003D,Criminal damage and arson,Investigation complete; no suspect identified,
6aebb5a099a99dd6bbf250c567644f3afcd7a05c49faf1d01901975dfc255b2b,2024-11,Essex Police,Essex Police,0.429919,51.627327,On or near Copford Close,E01021243,Basildon 003D,Public order,Investigation complete; no suspect identified,
bc1ba8e2876a8b0fbc58885eb5b84f101e10fbb779e6d54505ff5a2873a93b58,2024-11,Essex Police,Essex Police,0.433407,51.622848,On or near The Rising,E01021243,Basildon 003D,Violence and sexual offences,Investigation complete; no suspect identified,
78c0dcfc4dc12495a43979e3a8cd644ec22a5c6981066dabacb8bb2b7fb3226f,2024-11,Essex Police,Essex Police,0.417268,51.635610,On or near Moat Edge Gardens,E01021247,Basildon 003E,Other theft,Status update unavailable,
be63e40ca3b6f810d85620236d74e4d5a60cce96cf26b9f544701fd77799a7cc,2024-11,Essex Police,Essex Police,0.418257,51.629213,On or near Petrol Station,E01021247,Basildon 003E,Shoplifting,Investigation complete; no suspect identified,
ff6204f6189fafc0d2f301d1b28684d01908e013247f9212afcab5cccc6ae575,2024-11,Essex Police,Essex Police,0.415121,51.631931,On or near Bebington Close,E01021247,Basildon 003E,Vehicle crime,Investigation complete; no suspect identified,
,2024-11,Essex Police,Essex Police,0.417129,51.626206,On or near Parking Area,E01021244,Basildon 004A,Anti-social behaviour,,
5bcc52be9b64a6f2c5db5756a695516c63ce633d9dbbdb67594314519be627a5,2024-11,Essex Police,Essex Police,0.418385,51.624292,On or near Chapel Street,E01021244,Basildon 004A,Criminal damage and arson,Unable to prosecute suspect,
61b55d1635d588bdd1f379f7cda755662023404bdb7bcf6a36278fbb80b459ea,2024-11,Essex Police,Essex Police,0.416509,51.623512,On or near Supermarket,E01021244,Basildon 004A,Drugs,Local resolution,
122ba4688cac7f805947cad3b0466795568538fb871a47d8c162e4f3826edff8,2024-11,Essex Police,Essex Police,0.417129,51.626206,On or near Parking Area,E01021244,Basildon 004A,Other theft,Investigation complete; no suspect identified,
fa776793f1da13e979f0fab29283789190d6db5e8aee3a818cb5be758774810a,2024-11,Essex Police,Essex Police,0.417129,51.626206,On or near Parking Area,E01021244,Basildon 004A,Other theft,Investigation complete; no suspect identified,
5047c69e09440c62e618c919f7db1f667b8be58d69493b39e40e0e8e7d33eb48,2024-11,Essex Police,Essex Police,0.418385,51.624292,On or near Chapel Street,E01021244,Basildon 004A,Public order,Unable to prosecute suspect,
54c43cabe3f344c3e5f3577ddefe9d368822c2fc6e2b30f355afac3afbff88f9,2024-11,Essex Police,Essex Police,0.416509,51.623512,On or near Supermarket,E01021244,Basildon 004A,Shoplifting,Investigation complete; no suspect identified,
5a4296cadb1b085c4110604aa2a56d29a76b59c94428b92eb755df488fe8d0c8,2024-11,Essex Police,Essex Police,0.415795,51.626935,On or near St James Mews,E01021244,Basildon 004A,Violence and sexual offences,Unable to prosecute suspect,
2814a788575d899c8834fe34bf460757f4aaefc9d2153d734e9fa535b99eb2d1,2024-11,Essex Police,Essex Police,0.415497,51.622408,On or near Police Station,E01021244,Basildon 004A,Violence and sexual offences,Unable to prosecute suspect,
b4230f4b63f24cc796ebcf17f74beb1e7fe000f882b9eac904e278b067e8bb48,2024-11,Essex Police,Essex Police,0.415795,51.626935,On or near St James Mews,E01021244,Basildon 004A,Violence and sexual offences,Unable to prosecute suspect,
f01461f2217b7cb6997ee05ff6f5a918862c4f0fedcd15af4df5e4fbae850a9e,2024-11,Essex Police,Essex Police,0.415497,51.622408,On or near Police Station,E01021244,Basildon 004A,Other crime,Status update unavailable,
da055ef68366762491030970da2fe58d6122b9e42ba407def91625224dc417c2,2024-11,Essex Police,Essex Police,0.417763,51.628072,On or near Tanfield Drive,E01021253,Basildon 004B,Criminal damage and arson,Investigation complete; no suspect identified,
ee78bc2b98a447d774a333ede927f70fd02df172984f3cc82b79daaa78f5c7c8,2024-11,Essex Police,Essex Police,0.407956,51.629794,On or near The Mullions,E01021253,Basildon 004B,Drugs,Local resolution,
5fe85b833b8ed9ee0e190f27f2e5d0dbba5da98a8bcd843a9573397c54600a5d,2024-11,Essex Police,Essex Police,0.414738,51.627712,On or near Summerdale,E01021253,Basildon 004B,Public order,Local resolution,
1c8c35713048c5e2221f7ae8fd26ed462aa2c3370c39e47991197e322313aa41,2024-11,Essex Police,Essex Police,0.417763,51.628072,On or near Tanfield Drive,E01021253,Basildon 004B,Violence and sexual offences,Unable to prosecute suspect,
0dd54fd2916e364b2ad2e92d5a0da304f7b36bd4caf8eca58e8a92878104f728,2024-11,Essex Police,Essex Police,0.417763,51.628072,On or near Tanfield Drive,E01021253,Basildon 004B,Violence and sexual offences,Investigation complete; no suspect identified,
6cb9248a1da07b67f0f76efe7a0326293e6286e07e5f18176dd3a81c3a148dc1,2024-11,Essex Police,Essex Police,0.408155,51.627542,On or near Robert Close,E01021253,Basildon 004B,Violence and sexual offences,Investigation complete; no suspect identified,
10c31d92f1ac57a48210ff486d8368343ed9549ebea68d0ec135bbd5e28879e0,2024-11,Essex Police,Essex Police,0.414918,51.618850,On or near Quilters Drive,E01021255,Basildon 004C,Criminal damage and arson,Investigation complete; no suspect identified,
9e0604528cc336f0a0b8514f3240e47145ffa92c51a35ea89034dd09e014a375,2024-11,Essex Police,Essex Police,0.418421,51.620891,On or near Weir Wynd,E01021255,Basildon 004C,Violence and sexual offences,Unable to prosecute suspect,
d22c5db03d8e1070411d1d95ca26de32fb7e669c90ddb4796df619c08241aead,2024-11,Essex Police,Essex Police,0.417865,51.619671,On or near School Road,E01021255,Basildon 004C,Violence and sexual offences,Investigation complete; no suspect identified,
31cc57c855f1c23edd9d08d842190cfa2c3e37c87ace7c568bcbae2be008317e,2024-11,Essex Police,Essex Police,0.429604,51.613061,On or near Ganels Road,E01021258,Basildon 004E,Criminal damage and arson,Investigation complete; no suspect identified,
b701ebfde740c7d4623bd996bdef926ea2ed77ca25b1833373a37ef14f0a0f0c,2024-11,Essex Police,Essex Police,0.424024,51.614598,On or near Hunters Avenue,E01021258,Basildon 004E,Violence and sexual offences,Court result unavailable,
acae6f3fa5c6bf8cd4dcc38fc274a1f4ac53c5d51e79be23bc11798f54783d95,2024-11,Essex Police,Essex Police,0.428875,51.612932,On or near Ganels Close,E01021258,Basildon 004E,Violence and sexual offences,Unable to prosecute suspect,
4dac828e7efa95253fbbc4bf157df68e2ff45f207335fa8aa0a6e03cf89a3e3d,2024-11,Essex Police,Essex Police,0.428875,51.612932,On or near Ganels Close,E01021258,Basildon 004E,Violence and sexual offences,Unable to prosecute suspect,
489061056a106029af34dea8771ec131230d93953787852ae4e1674052c489d9,2024-11,Essex Police,Essex Police,0.424024,51.614598,On or near Hunters Avenue,E01021258,Basildon 004E,Violence and sexual offences,Unable to prosecute suspect,
,2024-11,Essex Police,Essex Police,0.522518,51.614419,On or near The Broadway,E01021334,Basildon 005A,Anti-social behaviour,,
,2024-11,Essex Police,Essex Police,0.522518,51.614419,On or near The Broadway,E01021334,Basildon 005A,Anti-social behaviour,,
19d58d6ebd79b156676bb49696e63c7eb3d68fc26cfb7a3d851e94ebdf0bb876,2024-11,Essex Police,Essex Police,0.521547,51.613856,On or near High Street,E01021334,Basildon 005A,Burglary,Investigation complete; no suspect identified,
eeb9802416e3535231a2f51b4b05a41399c49e8e7e60aeb1ffadb3869c50fba5,2024-11,Essex Police,Essex Police,0.521966,51.615151,On or near Elm Road,E01021334,Basildon 005A,Burglary,Investigation complete; no suspect identified,
1f3fbdcbed405025a5707413941276950c29d1a4461fe8765bec9b8bb8c63062,2024-11,Essex Police,Essex Police,0.526976,51.619782,On or near Rettendon Gardens,E01021334,Basildon 005A,Criminal damage and arson,Unable to prosecute suspect,
cf4cc7c5b102643c03ae5c364efb02c9b4fb5d19c0641963fc19741099102d7d,2024-11,Essex Police,Essex Police,0.521966,51.615151,On or near Elm Road,E01021334,Basildon 005A,Criminal damage and arson,Investigation complete; no suspect identified,
11bab662d4d90f6f625226f2958ac6fbf9f13f8159a764612e9cce68c30dd056,2024-11,Essex Police,Essex Police,0.520953,51.619813,On or near Swan Lane,E01021334,Basildon 005A,Drugs,Offender given a caution,
7ee57f45ef70d4329f9497bd484000f4221eaa1a9da23e54ea1f69a4038b4548,2024-11,Essex Police,Essex Police,0.524072,51.617183,On or near Edward Gardens,E01021334,Basildon 005A,Public order,Investigation complete; no suspect identified,
5b5918801e7f70448349eb89f579d8bf91dc33e3720d5b09e3e4dacdbd812545,2024-11,Essex Police,Essex Police,0.524072,51.617183,On or near Edward Gardens,E01021334,Basildon 005A,Vehicle crime,Investigation complete; no suspect identified,
695725497c41357eab966d3afd3a1c717109cd53d7f6d461cbed951224b509e8,2024-11,Essex Police,Essex Police,0.521158,51.616481,On or near Jersey Gardens,E01021334,Basildon 005A,Vehicle crime,Investigation complete; no suspect identified,
779943a6e4f7e1a86b762733bf9ebb39e20dc26f9e9efa9551e62bdf46fc025c,2024-11,Essex Police,Essex Police,0.520953,51.619813,On or near Swan Lane,E01021334,Basildon 005A,Vehicle crime,Investigation complete; no suspect identified,
e89dd1347b3e79974e3f88f502fcde8040de4b4d04db20de3ba36672474f968a,2024-11,Essex Police,Essex Police,0.525423,51.617828,On or near Hengist Gardens,E01021334,Basildon 005A,Violence and sexual offences,Unable to prosecute suspect,
e5628f13366f85b0ab339996954daf6f3baae2a5305b875c089c48332dfbeb6b,2024-11,Essex Police,Essex Police,0.528222,51.619072,On or near Ilgars Road,E01021334,Basildon 005A,Violence and sexual offences,Unable to prosecute suspect,
,2024-11,Essex Police,Essex Police,0.522689,51.613867,On or near Supermarket,E01021336,Basildon 005B,Anti-social behaviour,,
,2024-11,Essex Police,Essex Police,0.525010,51.613772,On or near Southend Road,E01021336,Basildon 005B,Anti-social behaviour,,
cabd521100bac6fe4b2bfd7d16f32f67ebba6114be13797f7a4d48eba882732c,2024-11,Essex Police,Essex Police,0.522689,51.613867,On or near Supermarket,E01021336,Basildon 005B,Burglary,Investigation complete; no suspect identified,
64c819d30be2873be84b8ab45d0b17ab8d3c4272cda122ade8eea38a0a46e934,2024-11,Essex Police,Essex Police,0.524231,51.615102,On or near Petrol Station,E01021336,Basildon 005B,Burglary,Investigation complete; no suspect identified,
f5a3a375ab095cd578b93581e75c324134cce19ed535ebb3f2c9e1ac207eaedf,2024-11,Essex Police,Essex Police,0.531684,51.614303,On or near Mount Way,E01021336,Basildon 005B,Criminal damage and arson,Investigation complete; no suspect identified,
d77e8197f3ade78e9aff63e0c6916e733aa67b4e3619019faef5c56e2dda7171,2024-11,Essex Police,Essex Police,0.532665,51.611952,On or near St Charles Drive,E01021336,Basildon 005B,Criminal damage and arson,Investigation complete; no suspect identified,
44bc551e504d1513855423f1e562edc9f4d54f098af67b20027def6c498f479f,2024-11,Essex Police,Essex Police,0.524231,51.615102,On or near Petrol Station,E01021336,Basildon 005B,Criminal damage and arson,Investigation complete; no suspect identified,
2a127c351acf6517085c991c3b0fa81e4569d773cb89ad3961c8c3833c2b77f2,2024-11,Essex Police,Essex Police,0.524864,51.614009,On or near Golden Jubilee Way,E01021336,Basildon 005B,Criminal damage and arson,Investigation complete; no suspect identified,
5d2467dc61afede8d07fb73938c1f3d30f6406791df209c321bfdccc4b3ca7e9,2024-11,Essex Police,Essex Police,0.524231,51.615102,On or near Petrol Station,E01021336,Basildon 005B,Other theft,Investigation complete; no suspect identified,
702f180695f91e4d476067d49e960ef578552fe805b327276c09c89ef4fc6821,2024-11,Essex Police,Essex Police,0.524231,51.615102,On or near Petrol Station,E01021336,Basildon 005B,Shoplifting,Investigation complete; no suspect identified,
38e2db1804586db51b2e428e6d58a7c1d364830a7f6abecee8e2f779a946dbc6,2024-11,Essex Police,Essex Police,0.524864,51.614009,On or near Golden Jubilee Way,E01021336,Basildon 005B,Vehicle crime,Unable to prosecute suspect,
701372e54947f58a4047acf24e8bc08d16431176871607aa81d9b4834d2884a0,2024-11,Essex Police,Essex Police,0.529041,51.610421,On or near The Dell,E01021336,Basildon 005B,Vehicle crime,Investigation complete; no suspect identified,
42f1330f21bba1842d3c0397a2a983405dc77bb11fe14445609ee6287678efd1,2024-11,Essex Police,Essex Police,0.527185,51.614193,On or near Franklins Way,E01021336,Basildon 005B,Violence and sexual offences,Offender given a caution,
e711f33370e3c32f9c56a053e4b04d56ec277e16bf617900299a655ff72c6c0b,2024-11,Essex Police,Essex Police,0.527185,51.614193,On or near Franklins Way,E01021336,Basildon 005B,Violence and sexual offences,Unable to prosecute suspect,
726f65bd708c237db6f6d8a0f0a356d7c90d873146ca8706c7289704c8f44885,2024-11,Essex Police,Essex Police,0.522689,51.613867,On or near Supermarket,E01021336,Basildon 005B,Violence and sexual offences,Investigation complete; no suspect identified,
b95d873d52514df04df7a24dba2808879ab0bacd38dad877efb94c64b42d4855,2024-11,Essex Police,Essex Police,0.527185,51.614193,On or near Franklins Way,E01021336,Basildon 005B,Violence and sexual offences,Unable to prosecute suspect,
edb5ef6f8694da76683ab4568e619c0dc9aa181ccc34a18906b91e58ba5c00c7,2024-11,Essex Police,Essex Police,0.523445,51.613689,On or near Stilemans,E01021336,Basildon 005B,Violence and sexual offences,Investigation complete; no suspect identified,
,2024-11,Essex Police,Essex Police,0.519124,51.622271,On or near Arundel Road,E01021338,Basildon 005C,Anti-social behaviour,,
d6c13d49ebfb79993bbaade4ee07ef644e27cbb8c4c383f523e9cf865bb5c00a,2024-11,Essex Police,Essex Police,0.515130,51.624237,On or near Swallow Road,E01021338,Basildon 005C,Burglary,Investigation complete; no suspect identified,
9a4709d33d45de5661f57ce03f41f4242039b73fab3faeebb4a7b5c2acce275c,2024-11,Essex Police,Essex Police,0.517677,51.622491,On or near Alderney Gardens,E01021338,Basildon 005C,Burglary,Investigation complete; no suspect identified,
ea373cf0298a8a4c87ada124536083266a3f8135a7366f7fd68193a3efe1b222,2024-11,Essex Police,Essex Police,0.517023,51.622415,On or near Haslemere Road,E01021338,Basildon 005C,Criminal damage and arson,Investigation complete; no suspect identified,
00772014a118fe2bd445650d2dc573625676479c04afc48268e41e91619930f2,2024-11,Essex Police,Essex Police,0.519124,51.622271,On or near Arundel Road,E01021338,Basildon 005C,Other theft,Unable to prosecute suspect,
572b2945b7146b9fd49de32d523058b6f81d64c60b48e3a80b23ac30e9c4c7b1,2024-11,Essex Police,Essex Police,0.517677,51.622491,On or near Alderney Gardens,E01021338,Basildon 005C,Other theft,Unable to prosecute suspect,
ae7b81dbc0f78d5a9d62cfef4ecf84cfaa7669689b573b9c4b9d17648f832fd4,2024-11,Essex Police,Essex Police,0.519124,51.622271,On or near Arundel Road,E01021338,Basildon 005C,Other theft,Investigation complete; no suspect identified,
e4b2d742515d94825d376644f42dbdfd23256230b4e0cd5b7fe2fc4bd8287ea6,2024-11,Essex Police,Essex Police,0.519124,51.622271,On or near Arundel Road,E01021338,Basildon 005C,Other theft,Unable to prosecute suspect,
5c3afbfc69be4572d5067e6d50a7895be083da5e3aa1356e26e631e4b8413318,2024-11,Essex Police,Essex Police,0.518956,51.623669,On or near Lapwing Road,E01021338,Basildon 005C,Vehicle crime,Unable to prosecute suspect,
9072d7eed451e4f4e0a2d9fe76935aaf054472deee35c8f14191833eb387fc89,2024-11,Essex Police,Essex Police,0.519081,51.616265,On or near Station Avenue,E01021338,Basildon 005C,Violence and sexual offences,Unable to prosecute suspect,
9185919ed1a6cf15bedd91a1fc2b891f5999b49305e2dfa1fb0621af3601ffd8,2024-11,Essex Police,Essex Police,0.519124,51.622271,On or near Arundel Road,E01021338,Basildon 005C,Violence and sexual offences,Court result unavailable,
e25b7505d4d6c84982fa614a5768250a7cff4667737ee70fdece5d0a4753df8e,2024-11,Essex Police,Essex Police,0.519124,51.622271,On or near Arundel Road,E01021338,Basildon 005C,Violence and sexual offences,Offender given a caution,
b56e4964a567d895a1bbcf14ba672a6bd46f1b221dfdbb8dadd9341ec98affe0,2024-11,Essex Police,Essex Police,0.518303,51.615796,On or near Wickford,E01021338,Basildon 005C,Violence and sexual offences,Unable to prosecute suspect,
85f3b2bb20af79da4af0f823cc023386aafe9a28fff3bd5a3261d42da4750189,2024-11,Essex Police,Essex Police,0.519124,51.622271,On or near Arundel Road,E01021338,Basildon 005C,Violence and sexual offences,Unable to prosecute suspect,
1e08d302b1fee4faa263c07b8935008cfdefed86399355a5001ae26304a10460,2024-11,Essex Police,Essex Police,0.536428,51.615190,On or near Westfield Close,E01021339,Basildon 005D,Criminal damage and arson,Formal action is not in the public interest,
91acb25070f4925d0f1bb635a6343d8136b1a58bc31ce41e80af1c5fff2176b7,2024-11,Essex Police,Essex Police,0.535211,51.614353,On or near Apple Tree Way,E01021339,Basildon 005D,Vehicle crime,Investigation complete; no suspect identified,
,2024-11,Essex Police,Essex Police,0.493129,51.606396,On or near Ramsden View Road,E01021264,Basildon 006A,Anti-social behaviour,,
5ca6369ccabae9aac718dfdc452c1a08da9e5285e2c94d4e0b270287591f83ca,2024-11,Essex Police,Essex Police,0.495194,51.613502,On or near Branksome Avenue,E01021264,Basildon 006A,Other theft,Investigation complete; no suspect identified,
5dcfee5b0530e7b1439c9a54d16fcdf5449996de581855295834cde25893e54e,2024-11,Essex Police,Essex Police,0.476620,51.622834,On or near Ramsden Park Road,E01021264,Basildon 006A,Other theft,Investigation complete; no suspect identified,
e89bb4680b4ae553f8041fd4f3f829d7381551cbcc06e13b8ab5881df6acb52a,2024-11,Essex Police,Essex Police,0.492793,51.616610,On or near Durley Avenue,E01021264,Basildon 006A,Other theft,Investigation complete; no suspect identified,
9ce47cdf50c8ab06be8879d6c61002e05169060e0d1b53a465e4273d2c9ca720,2024-11,Essex Police,Essex Police,0.500468,51.610107,On or near Oak Chase,E01021264,Basildon 006A,Vehicle crime,Investigation complete; no suspect identified,
a138e2d120f0e38202bc7a3369db76f5e3127c65c74c4a527e72ddc4f2daba6a,2024-11,Essex Police,Essex Police,0.498684,51.610235,On or near London Road,E01021264,Basildon 006A,Violence and sexual offences,Unable to prosecute suspect,
,2024-11,Essex Police,Essex Police,0.516657,51.609275,On or near Keats Way,E01021329,Basildon 006B,Anti-social behaviour,,
,2024-11,Essex Police,Essex Police,0.517391,51.610301,On or near Sports/Recreation Area,E01021329,Basildon 006B,Anti-social behaviour,,
bb089b23339f669c73c4b2341f3462c7230df57872945f5f8d922ed252ace6bf,2024-11,Essex Police,Essex Police,0.513245,51.613404,On or near Charlotte Avenue,E01021329,Basildon 006B,Criminal damage and arson,Investigation complete; no suspect identified,
e2265d0579b2f818e0e7c16b6b1144b03d36f8bb9b8c63e126606d3e00c17f33,2024-11,Essex Police,Essex Police,0.517391,51.610301,On or near Sports/Recreation Area,E01021329,Basildon 006B,Criminal damage and arson,Investigation complete; no suspect identified,
29924e244a24f1b586e82c66c9fb841dd79f51efb79da0f4a55bc72e9fe52202,2024-11,Essex Police,Essex Police,0.506153,51.611307,On or near London Road,E01021329,Basildon 006B,Criminal damage and arson,Investigation complete; no suspect identified,
146abd37c63dda64ca2044250a613917bddc5e46eabee7cb1e2e3342e6fec27e,2024-11,Essex Police,Essex Police,0.513588,51.611238,On or near Supermarket,E01021329,Basildon 006B,Shoplifting,Investigation complete; no suspect identified,
6b22179b71cbed6e9898308a3613d8541270aab445303fe2a1cfe321ca8c3ad8,2024-11,Essex Police,Essex Police,0.518763,51.613142,On or near Market Road,E01021329,Basildon 006B,Shoplifting,Investigation complete; no suspect identified,
6c11d40b948321299a8baaacff68af74fecea87d83e07b19737dde03a9617088,2024-11,Essex Police,Essex Police,0.514266,51.608355,On or near Laburnum Avenue,E01021329,Basildon 006B,Violence and sexual offences,Investigation complete; no suspect identified,
,2024-11,Essex Police,Essex Police,0.516400,51.600197,On or near Browning Drive,E01021330,Basildon 006C,Anti-social behaviour,,
f362dd7e42aeb202daf93974d58b9932b16383ef4cfd06347f9d7896ed4c1849,2024-11,Essex Police,Essex Police,0.516075,51.600582,On or near Nesbit Close,E01021330,Basildon 006C,Violence and sexual offences,Unable to prosecute suspect,
1c4086021b70cb0cb0377fee780562d399494d2adbe89a15f99a6eb0fdc5b961,2024-11,Essex Police,Essex Police,0.512160,51.604740,On or near Oakhurst Close,E01021330,Basildon 006C,Violence and sexual offences,Unable to prosecute suspect,
796ced347436031af9b64b034e51a819d79e6757516bb8876c9ec76e2a168a6f,2024-11,Essex Police,Essex Police,0.510619,51.601940,On or near Bromfords Close,E01021330,Basildon 006C,Other crime,Formal action is not in the public interest,
3882f2eea79b35cfdf2c532e74dfc36870fe391456b2d23a29e07a1335d9f0e0,2024-11,Essex Police,Essex Police,0.508510,51.609009,On or near Friern Gardens,E01021332,Basildon 006D,Vehicle crime,Investigation complete; no suspect identified,
caba37f6058578dfcdd79aa2c552a3c215b9d3876542beef0312989bfb8927d1,2024-11,Essex Police,Essex Police,0.512196,51.606969,On or near Elder Avenue,E01021332,Basildon 006D,Violence and sexual offences,Unable to prosecute suspect,
9d29954697f213d2cf2f750176e2401b2406750fc85df60ff71a0309a1c0626f,2024-11,Essex Police,Essex Police,0.511687,51.613168,On or near Victoria Crescent,E01021333,Basildon 006E,Criminal damage and arson,Unable to prosecute suspect,
79673c90fa434cf2f56b096c5423cbf057a29a3f0b58ec12c29b727449ed6cbc,2024-11,Essex Police,Essex Police,0.502521,51.618804,On or near Castledon Road,E01021333,Basildon 006E,Other theft,Investigation complete; no suspect identified,
b1cba87a060fc963f7f1db3554cbf07c7d6dc4507d066a7451889c7d601a7beb,2024-11,Essex Police,Essex Police,0.511962,51.613180,On or near Victoria Avenue,E01021333,Basildon 006E,Vehicle crime,Status update unavailable,
45f010d81cfe9ceb8519b4e43204c8ce539d2344d6aec0fa82aa9a7ea361044b,2024-11,Essex Police,Essex Police,0.506266,51.613365,On or near Kingley Close,E01021333,Basildon 006E,Violence and sexual offences,Unable to prosecute suspect,
8d882ad97acbd3e5b98796ad8491ac77a024fc2a7fa618796d3c80b2b2a5f7ac,2024-11,Essex Police,Essex Police,0.509117,51.614248,On or near Elizabeth Drive,E01021333,Basildon 006E,Violence and sexual offences,Unable to prosecute suspect,
1211ed44023c26595784b5c6c7af128c7fe47bef8bab3497461fc761f54ce090,2024-11,Essex Police,Essex Police,0.511687,51.613168,On or near Victoria Crescent,E01021333,Basildon 006E,Violence and sexual offences,Unable to prosecute suspect,
59a82c43c6062741329cf253622bc597cafee1f0f87642aada4509bd702eb386,2024-11,Essex Police,Essex Police,0.549378,51.604998,On or near Honington Close,E01021335,Basildon 007A,Criminal damage and arson,Investigation complete; no suspect identified,
ab8eafbe0c85186be5b94d6e9945cb87b76fc625ca5fb5b4739c9ff8fefca525,2024-11,Essex Police,Essex Police,0.545900,51.604273,On or near Rivenhall,E01021335,Basildon 007A,Criminal damage and arson,Investigation complete; no suspect identified,
a1e9eff0fec00744d99b444202f43409d3f65c25a95f18a29e3209e916afccd4,2024-11,Essex Police,Essex Police,0.546467,51.600457,On or near Parking Area,E01021335,Basildon 007A,Drugs,Investigation complete; no suspect identified,
2c8f4e966440f20478da9732a5a2fb0e6f1fe404b4134691daa472c2c1c09aae,2024-11,Essex Police,Essex Police,0.546467,51.600457,On or near Parking Area,E01021335,Basildon 007A,Other theft,Investigation complete; no suspect identified,
e0858221901094a8ee115cb2af84b6b064d83072bb5d73432c989cf90f826480,2024-11,Essex Police,Essex Police,0.548747,51.609455,On or near Crouchview Close,E01021335,Basildon 007A,Robbery,Investigation complete; no suspect identified,
5e765e836e6f129d93de674226ae89847a5f29c367b544aae94c58cf298680ea,2024-11,Essex Police,Essex Police,0.546467,51.600457,On or near Parking Area,E01021335,Basildon 007A,Vehicle crime,Investigation complete; no suspect identified,
f06194554fb5f497ce9fa74f954aee0d41fa9e6e85ddf1a76a19a00a6c735de7,2024-11,Essex Police,Essex Police,0.546467,51.600457,On or near Parking Area,E01021335,Basildon 007A,Violence and sexual offences,Investigation complete; no suspect identified,
e16151b6d85af8f732ff3f8309187a5284783e7aee9c6ec543585657149dc79d,2024-11,Essex Police,Essex Police,0.548451,51.605459,On or near Coltishall Close,E01021335,Basildon 007A,Violence and sexual offences,Unable to prosecute suspect,
3bf2bc6ac0df6f388dd6764eaba12e520e1bc868ac666f720e69261f89dedcd4,2024-11,Essex Police,Essex Police,0.546467,51.600457,On or near Parking Area,E01021335,Basildon 007A,Violence and sexual offences,Investigation complete; no suspect identified,
d43c4707462d990e206c315c72248f8277dbc6e592b67db671de78e98233167f,2024-11,Essex Police,Essex Police,0.538377,51.616982,On or near Rubicon Avenue,E01021337,Basildon 007B,Criminal damage and arson,Investigation complete; no suspect identified,
228ae672d727a67ee53d74ad28d5b0af517761a512e29e0642d4669b2792c19b,2024-11,Essex Police,Essex Police,0.539482,51.613217,On or near Charters Court,E01021337,Basildon 007B,Criminal damage and arson,Formal action is not in the public interest,
23fe2b636e5930f56325c0c48a5a23dff08d2c9d7e232a42e703ec646426e312,2024-11,Essex Police,Essex Police,0.537916,51.611308,On or near Southend Road,E01021340,Basildon 007C,Burglary,Investigation complete; no suspect identified,
1871d6160fd48a8cf605b7dc3e2a1caa681b249df16d7fe9f63d01d2f7ac6c96,2024-11,Essex Police,Essex Police,0.559132,51.615308,On or near Parking Area,E01021340,Basildon 007C,Vehicle crime,Investigation complete; no suspect identified,
e96ca2661acc07f6f1e06e9c47b6e75a6b37d9599ff9d55809d9dd64ae91ea01,2024-11,Essex Police,Essex Police,0.532994,51.609040,On or near Mendip Close,E01021340,Basildon 007C,Vehicle crime,Investigation complete; no suspect identified,
a30fa8c7f63bf1e8543146e8d192552f68dc0297cd9c51df025c1e6d662d3324,2024-11,Essex Police,Essex Police,0.538858,51.610577,On or near Monarch Close,E01021340,Basildon 007C,Violence and sexual offences,Unable to prosecute suspect,
e68293acc98571ba1276414eb0516f908f5b0a95008cd40b4679d570e449f059,2024-11,Essex Police,Essex Police,0.546112,51.612696,On or near Alicia Walk,E01021340,Basildon 007C,Violence and sexual offences,Status update unavailable,
5d5465cac85036515a9fe1a5f67490ea64b70b2f36350abe396d71542badc028,2024-11,Essex Police,Essex Police,0.546112,51.612696,On or near Alicia Walk,E01021340,Basildon 007C,Violence and sexual offences,Unable to prosecute suspect,
b750e51a977cfb49c6c14673ab3d5e55e06ee810e10ebe18bae35d628a10758b,2024-11,Essex Police,Essex Police,0.532994,51.609040,On or near Mendip Close,E01021340,Basildon 007C,Violence and sexual offences,Unable to prosecute suspect,
fc9de5bd5f474da31a4389041d5d2c54133f4d9f185f3caaf62fc33b3ffc432b,2024-11,Essex Police,Essex Police,0.538858,51.610577,On or near Monarch Close,E01021340,Basildon 007C,Violence and sexual offences,Unable to prosecute suspect,
e0c5bd1a5f01ab2bb96f2c0a00a0a1449fcdb36c1fdbf8b0c656a40f316ef8f0,2024-11,Essex Police,Essex Police,0.532994,51.609040,On or near Mendip Close,E01021340,Basildon 007C,Violence and sexual offences,Unable to prosecute suspect,
3cf7669353130f77bf2e946717abac8f40ff318ad0f618fcfba8aa3440dccfcc,2024-11,Essex Police,Essex Police,0.546112,51.612696,On or near Alicia Walk,E01021340,Basildon 007C,Violence and sexual offences,Unable to prosecute suspect,
7506d5f002f546725d7490a0097d17e205c0e838dd90708901f38b6b9098f85f,2024-11,Essex Police,Essex Police,0.559132,51.615308,On or near Parking Area,E01021340,Basildon 007C,Violence and sexual offences,Investigation complete; no suspect identified,
ed63d4bd21a0e59901de5a92b855a6024400c8f8ce0f621b3910aaecda4909c0,2024-11,Essex Police,Essex Police,0.538858,51.610577,On or near Monarch Close,E01021340,Basildon 007C,Violence and sexual offences,Unable to prosecute suspect,
d1faf0f414c03a7f78c64735d5eaa1a0a7d77efa6301ea452bf4b2cea292f119,2024-11,Essex Police,Essex Police,0.532994,51.609040,On or near Mendip Close,E01021340,Basildon 007C,Violence and sexual offences,Unable to prosecute suspect,
,2024-11,Essex Police,Essex Police,0.541788,51.604084,On or near Heathercroft Road,E01021341,Basildon 007D,Anti-social behaviour,,
,2024-11,Essex Police,Essex Police,0.541788,51.604084,On or near Heathercroft Road,E01021341,Basildon 007D,Anti-social behaviour,,
,2024-11,Essex Police,Essex Police,0.542840,51.608180,On or near Bruce Grove,E01021341,Basildon 007D,Anti-social behaviour,,
5b3f3f2959354c68f81e428b6a2c480ce2fa47fb3ed1e499eb6bbd78cd71876e,2024-11,Essex Police,Essex Police,0.545521,51.606782,On or near Second Avenue,E01021341,Basildon 007D,Criminal damage and arson,Investigation complete; no suspect identified,
3eea59a2eeadd698821fdbac7aef43d34777661163f9c5eddbd08a28fe2a96ff,2024-11,Essex Police,Essex Police,0.542675,51.609092,On or near Longfield Road,E01021341,Basildon 007D,Criminal damage and arson,Investigation complete; no suspect identified,
c35d8da74dc42199184450ef0e9f54bec4a52d3c9e06784c2481d37c3a684d96,2024-11,Essex Police,Essex Police,0.542213,51.605226,On or near Meadowland Road,E01021341,Basildon 007D,Vehicle crime,Investigation complete; no suspect identified,
b72cf9291f0a013ee974f86c915194000032f41d0bd924beccda6c14fcd77522,2024-11,Essex Police,Essex Police,0.546963,51.602623,On or near Fulmar Way,E01021341,Basildon 007D,Vehicle crime,Investigation complete; no suspect identified,
7439c1ffc5be6af792053598ebe63a9091e6a1cf8db28ce7fe9561e35fc0629d,2024-11,Essex Police,Essex Police,0.546963,51.602623,On or near Fulmar Way,E01021341,Basildon 007D,Violence and sexual offences,Unable to prosecute suspect,
4be7f861d3990ccda75d622a541e7b5d39e55b6f7fd3ed80ca14d034a25dc673,2024-11,Essex Police,Essex Police,0.535696,51.602831,On or near Harris Close,E01021345,Basildon 007E,Drugs,Local resolution,
6e1b74bd049876cf4ab3d9e85b59a02395712c565c60e41bcb12023f83a6bfd3,2024-11,Essex Police,Essex Police,0.518558,51.614127,On or near Market Avenue,E01021331,Basildon 008A,Burglary,Investigation complete; no suspect identified,
6aa745900806f443bea799030aee0a992a93b3fc2daf0842afccdafc386fc053,2024-11,Essex Police,Essex Police,0.520474,51.612476,On or near High Street,E01021331,Basildon 008A,Burglary,Court result unavailable,
776e84da67ea9b9c0c0e059df54242faead400ab53dfb525b0103324ac201c3b,2024-11,Essex Police,Essex Police,0.520474,51.612476,On or near High Street,E01021331,Basildon 008A,Burglary,Investigation complete; no suspect identified,
0191f6f88cf2ee94a5be65238b108403cea4e18b6062fa5ef2159cfa2f337081,2024-11,Essex Police,Essex Police,0.520333,51.611229,On or near A129,E01021331,Basildon 008A,Criminal damage and arson,Action to be taken by another organisation,
53137f1622300a073d0025cbbf58d2d526937890e7115262fb4ef4bf80d58c1c,2024-11,Essex Police,Essex Police,0.520514,51.609552,On or near North Crescent,E01021331,Basildon 008A,Criminal damage and arson,Investigation complete; no suspect identified,
367855c029516aae6eb1a74da31b158cc3154c61b598b359d412f939eb08fcb4,2024-11,Essex Police,Essex Police,0.520514,51.609552,On or near North Crescent,E01021331,Basildon 008A,Other theft,Investigation complete; no suspect identified,
14cb88a6dbb5f721bcf1c631e12194eb083ebf99b97ba38a9874beae05a2e651,2024-11,Essex Police,Essex Police,0.520333,51.611229,On or near A129,E01021331,Basildon 008A,Public order,Unable to prosecute suspect,
ba5f441712a0ff01e5a714492b85a695d9679d4e5945167fd0b48d4272095b32,2024-11,Essex Police,Essex Police,0.520474,51.612476,On or near High Street,E01021331,Basildon 008A,Shoplifting,Investigation complete; no suspect identified,
348ffb68b99f20f2e1effdbeaa912e9ecd0dc84f87998f08561f13dfda41eec8,2024-11,Essex Police,Essex Police,0.520474,51.612476,On or near High Street,E01021331,Basildon 008A,Shoplifting,Investigation complete; no suspect identified,
937a3628de83e5a2a539675affc78d8c71cec347af95f61ad45f727ca5571183,2024-11,Essex Police,Essex Police,0.520474,51.612476,On or near High Street,E01021331,Basildon 008A,Theft from the person,Investigation complete; no suspect identified,
4cd92dafba90d72e28b4b920e7f91d3d4e9dd56fa48b8c6fcf7fd314aa32f848,2024-11,Essex Police,Essex Police,0.520333,51.611229,On or near A129,E01021331,Basildon 008A,Vehicle crime,Unable to prosecute suspect,
f502ca2a81471004b23f98c5973d8e6d6b8addda772077f6b10e02319f00434c,2024-11,Essex Police,Essex Police,0.520474,51.612476,On or near High Street,E01021331,Basildon 008A,Violence and sexual offences,Investigation complete; no suspect identified,
54bb96e0116c09275be909fcc31cdc7daafaf6e4f40b06f1cf7ec2f474588aad,2024-11,Essex Police,Essex Police,0.520474,51.612476,On or near High Street,E01021331,Basildon 008A,Violence and sexual offences,Investigation complete; no suspect identified,
e99e4b70fb271c8f7db2b23598a13c7da4e580771942d6c81af1afb84490d9cc,2024-11,Essex Police,Essex Police,0.520949,51.608266,On or near Albany Road,E01021331,Basildon 008A,Violence and sexual offences,Court result unavailable,
9e4798b160b6de4e5b228445bc1980edeac92c7e0d91e20952c6d1f586b911fa,2024-11,Essex Police,Essex Police,0.520333,51.611229,On or near A129,E01021331,Basildon 008A,Violence and sexual offences,Investigation complete; no suspect identified,
55cc5b8d40c9b3824f2f3c20ac938094770962ebf4674a6cc70ff86783b16952,2024-11,Essex Police,Essex Police,0.518558,51.614127,On or near Market Avenue,E01021331,Basildon 008A,Other crime,Investigation complete; no suspect identified,
,2024-11,Essex Police,Essex Police,0.515994,51.605125,On or near Nevendon Road,E01021342,Basildon 008B,Anti-social behaviour,,
a55b1b747dadd14e5c7eb5e33d1decce46361e8a85860c140fb1a484934489f3,2024-11,Essex Police,Essex Police,0.515994,51.605125,On or near Nevendon Road,E01021342,Basildon 008B,Burglary,Investigation complete; no suspect identified,
947869adca9e781a787feea5c9415060536f619aa609f762e48b92c322599d96,2024-11,Essex Police,Essex Police,0.522617,51.605010,On or near Donald Thorn Close,E01021342,Basildon 008B,Criminal damage and arson,Investigation complete; no suspect identified,
9c7203c1e683468b8b8982ad86ab1d610bcc0ec24a06aa4291bb8ab72fe90d7c,2024-11,Essex Police,Essex Police,0.520250,51.605043,On or near Park Drive,E01021342,Basildon 008B,Criminal damage and arson,Investigation complete; no suspect identified,
d4555cf59c79cff2079e1644ebef09384186411213f9897b3f891465543fe99d,2024-11,Essex Police,Essex Police,0.519065,51.602155,On or near Victor Mew Close,E01021342,Basildon 008B,Drugs,Formal action is not in the public interest,
e433eb77aae152eff0bbc8a43ca91a4b573283ac2e047db79e9dc078ad34c378,2024-11,Essex Police,Essex Police,0.519065,51.602155,On or near Victor Mew Close,E01021342,Basildon 008B,Drugs,Formal action is not in the public interest,
99cd5cc34e9d6ae2d190cf6991df679be74cc02718b92e98555856a1ff5ad63c,2024-11,Essex Police,Essex Police,0.521634,51.604474,On or near Dickens Mews,E01021342,Basildon 008B,Other theft,Investigation complete; no suspect identified,
e639e6d71cd967d672b5037f9cb87ea4515973a7cde24d9e7979ebd825325442,2024-11,Essex Police,Essex Police,0.515994,51.605125,On or near Nevendon Road,E01021342,Basildon 008B,Other theft,Unable to prosecute suspect,
2d474a849f7fec3ef1dc4ae18b113726e40b51427b116ae666e53057c378d125,2024-11,Essex Police,Essex Police,0.516102,51.604467,On or near Supermarket,E01021342,Basildon 008B,Shoplifting,Investigation complete; no suspect identified,
88960adac597084e3d8bba5368f9a444da1e44fd78fba1180ec5e76514e11c6a,2024-11,Essex Police,Essex Police,0.516102,51.604467,On or near Supermarket,E01021342,Basildon 008B,Shoplifting,Investigation complete; no suspect identified,
160dc3decb4e4d91eddfef9916c40c44021f1f7ebee5565a077b32563b6fc35c,2024-11,Essex Police,Essex Police,0.516102,51.604467,On or near Supermarket,E01021342,Basildon 008B,Shoplifting,Investigation complete; no suspect identified,
0696ea676192d1a463f043c6615bc7fc6821a145fe595215af34fdf4f5841542,2024-11,Essex Police,Essex Police,0.516102,51.604467,On or near Supermarket,E01021342,Basildon 008B,Shoplifting,Investigation complete; no suspect identified,
4e5e07ef1ae8a0d07a0434cac90e27e10bef9b1fbb82fc296d40fb0739493919,2024-11,Essex Police,Essex Police,0.517678,51.605017,On or near Park Close,E01021342,Basildon 008B,Vehicle crime,Investigation complete; no suspect identified,
b316d218175f437cb61bd92c4487b039679d131ef605acb9853348ca110bd4b6,2024-11,Essex Police,Essex Police,0.517678,51.605017,On or near Park Close,E01021342,Basildon 008B,Violence and sexual offences,Investigation complete; no suspect identified,
c7525f74cf847947dcf402126e3c49657310263b959b47c455a51d23805b9eac,2024-11,Essex Police,Essex Police,0.516102,51.604467,On or near Supermarket,E01021342,Basildon 008B,Violence and sexual offences,Unable to prosecute suspect,
ee40d912f4a584e3d3de46e83e89d7906981ec606b409ff6bd938c9411235d42,2024-11,Essex Police,Essex Police,0.516591,51.604690,On or near Kershaws Close,E01021342,Basildon 008B,Violence and sexual offences,Unable to prosecute suspect,
fea000281dc9678daabde00e9fc93741097e2323b1c26eb714d2e88d1247d9e8,2024-11,Essex Police,Essex Police,0.517678,51.605017,On or near Park Close,E01021342,Basildon 008B,Violence and sexual offences,Unable to prosecute suspect,
646868e3e01f67b2b49609bfc173bde6f855ee16af2e64d1499b5a9ddc11b133,2024-11,Essex Police,Essex Police,0.517803,51.602056,On or near The Maples,E01021342,Basildon 008B,Violence and sexual offences,Unable to prosecute suspect,
dc564f3d4a245becd32ac7e6cfb539648e4d5876a027b63089c6e1483475bbb2,2024-11,Essex Police,Essex Police,0.519994,51.603807,On or near Blyton Close,E01021342,Basildon 008B,Other crime,Unable to prosecute suspect,
a0c25e5eb7ec9dea494b19cf661fcdb64c9bbbef88cbfc0bb63bb47c3e42ab82,2024-11,Essex Police,Essex Police,0.531180,51.600311,On or near Munro Court,E01021343,Basildon 008C,Criminal damage and arson,Investigation complete; no suspect identified,
1e8b2ced33b5e2935fc835533898e0034f82e69ed0071662935ae0b23cbd6376,2024-11,Essex Police,Essex Police,0.527691,51.602752,On or near Maitland Road,E01021343,Basildon 008C,Criminal damage and arson,Investigation complete; no suspect identified,
17c8eb485c4d0aa93e43aaeb33f528715f33a8f78f58fb4bdc1e6e099fcc8574,2024-11,Essex Police,Essex Police,0.526553,51.604898,On or near Terence Webster Road,E01021343,Basildon 008C,Other theft,Unable to prosecute suspect,
ee59fb5770341fbd3cffeabee3c22ec658b16941087aa0154f2600ca3bbd7478,2024-11,Essex Police,Essex Police,0.532146,51.604436,On or near Twinstead,E01021343,Basildon 008C,Vehicle crime,Investigation complete; no suspect identified,
5edce68bb755f780de0f7f5b89c445f70f9295beba03eb901536b587ee681f40,2024-11,Essex Police,Essex Police,0.525786,51.602775,On or near Innes Close,E01021343,Basildon 008C,Violence and sexual offences,Unable to prosecute suspect,
c2231ca3e4f0cd271da0015c1787c89f371088270ec8cae0a4bea546b29df8ab,2024-11,Essex Police,Essex Police,0.525786,51.602775,On or near Innes Close,E01021343,Basildon 008C,Violence and sexual offences,Unable to prosecute suspect,
58de4c4d1bec6c73008cf49c14f6be67c692790f16df2627600a29f21711781e,2024-11,Essex Police,Essex Police,0.528132,51.601600,On or near Maclaren Way,E01021343,Basildon 008C,Other crime,Unable to prosecute suspect,
,2024-11,Essex Police,Essex Police,0.519429,51.600235,On or near Petrol Station,E01021344,Basildon 008D,Anti-social behaviour,,
,2024-11,Essex Police,Essex Police,0.519429,51.600235,On or near Petrol Station,E01021344,Basildon 008D,Anti-social behaviour,,
,2024-11,Essex Police,Essex Police,0.519429,51.600235,On or near Petrol Station,E01021344,Basildon 008D,Anti-social behaviour,,
e670d6f13d04ed97585ce764731c99a74380c6bd96398f811db23c9078211711,2024-11,Essex Police,Essex Police,0.536751,51.591440,On or near Four Oaks Place,E01021344,Basildon 008D,Criminal damage and arson,Investigation complete; no suspect identified,
beb19d42e580f6eea8f3a6abbbb05377ab8374f0cfee9d0066bfc0cdc7f3bb2c,2024-11,Essex Police,Essex Police,0.521954,51.599556,On or near Galt Close,E01021344,Basildon 008D,Criminal damage and arson,Investigation complete; no suspect identified,
37f7a3905e493704896065664b39245cbef3af111ce2ebb654d438f55b42cc3c,2024-11,Essex Police,Essex Police,0.520361,51.590876,On or near Hovefields Avenue,E01021344,Basildon 008D,Drugs,Court result unavailable,
1093afb646a334b8f3cbec013a166d3cd5b2431c8ff8b725c344eec046aff3de,2024-11,Essex Police,Essex Police,0.520361,51.590876,On or near Hovefields Avenue,E01021344,Basildon 008D,Other theft,Local resolution,
b12cb20faa96c71020f3bc465a15fe9b92abe13a06c2fbda1364523caaac9ebc,2024-11,Essex Police,Essex Police,0.520361,51.590876,On or near Hovefields Avenue,E01021344,Basildon 008D,Other theft,Investigation complete; no suspect identified,
aa9577f2032ff785ecdf0fba7517be7b2447a0c05d53bfdb67d6d08c82f50cce,2024-11,Essex Police,Essex Police,0.519429,51.600235,On or near Petrol Station,E01021344,Basildon 008D,Other theft,Investigation complete; no suspect identified,
f5046f7878453845ee57389004edc3fe465174d644b4ddd5a2cc46d10dbdf056,2024-11,Essex Police,Essex Police,0.519429,51.600235,On or near Petrol Station,E01021344,Basildon 008D,Other theft,Local resolution,
bf32c77420b3abb5ac3a9f6e4b27eef511c4557caee458a96bc249a63960d99b,2024-11,Essex Police,Essex Police,0.519429,51.600235,On or near Petrol Station,E01021344,Basildon 008D,Public order,Investigation complete; no suspect identified,
2687ead0a1fa5b1469e785922c8969666cb6c365c0e67537da1e3e54bbdadd56,2024-11,Essex Police,Essex Police,0.519429,51.600235,On or near Petrol Station,E01021344,Basildon 008D,Shoplifting,Investigation complete; no suspect identified,
aa7263be8d7b6ff156ac28861ef740a7132143fe400fd1f8641e3216312fb20a,2024-11,Essex Police,Essex Police,0.519429,51.600235,On or near Petrol Station,E01021344,Basildon 008D,Shoplifting,Investigation complete; no suspect identified,
055d59540743967b9dd1c89e9dbe918c6f20a0f0886b858591882012ee908700,2024-11,Essex Police,Essex Police,0.519429,51.600235,On or near Petrol Station,E01021344,Basildon 008D,Shoplifting,Investigation complete; no suspect identified,
fd1106359257559f3bd70637f42e8c7a84d5f747338b46e8a1f653bc58683d86,2024-11,Essex Police,Essex Police,0.519429,51.600235,On or near Petrol Station,E01021344,Basildon 008D,Shoplifting,Investigation complete; no suspect identified,
a82a14fa60f48b662f0e2489ddff358356d83ac358c504946ea1bc71ad5a85fa,2024-11,Essex Police,Essex Police,0.519429,51.600235,On or near Petrol Station,E01021344,Basildon 008D,Shoplifting,Investigation complete; no suspect identified,
be4f0d4dd8afdfb90739a05fb9e735edf0c95b2716d49e20d27bb7d7411c51f2,2024-11,Essex Police,Essex Police,0.519429,51.600235,On or near Petrol Station,E01021344,Basildon 008D,Shoplifting,Unable to prosecute suspect,
d07cc7106d76ef916d2738fdca03fabb1f9f2c4f44cb9c6a9c0cb14d065d336e,2024-11,Essex Police,Essex Police,0.519429,51.600235,On or near Petrol Station,E01021344,Basildon 008D,Shoplifting,Investigation complete; no suspect identified,
cad3b4ab0e5cf7405490a90a4ea417860d411f7b96b8aa7ea99034ce96041456,2024-11,Essex Police,Essex Police,0.519429,51.600235,On or near Petrol Station,E01021344,Basildon 008D,Shoplifting,Investigation complete; no suspect identified,
adfdb56fb0d14e429796c7ee449401d9f44162d5947daf469133da741c095c1f,2024-11,Essex Police,Essex Police,0.519429,51.600235,On or near Petrol Station,E01021344,Basildon 008D,Shoplifting,Investigation complete; no suspect identified,
e2473d6551e188ba7b182100460f08f00c4d4e5c6386634a2fb9453757c1dc03,2024-11,Essex Police,Essex Police,0.519429,51.600235,On or near Petrol Station,E01021344,Basildon 008D,Shoplifting,Investigation complete; no suspect identified,
7b35de54a1b06ef845ed8dbb4f35db655e56854f4074d7ce12c0c9980b7b9087,2024-11,Essex Police,Essex Police,0.519429,51.600235,On or near Petrol Station,E01021344,Basildon 008D,Shoplifting,Investigation complete; no suspect identified,
da2d69cfa90fd4c890f6d3262908c984f2620d6d733f9c52741e5b5e713abc4c,2024-11,Essex Police,Essex Police,0.519429,51.600235,On or near Petrol Station,E01021344,Basildon 008D,Shoplifting,Investigation complete; no suspect identified,
1e3cd3185554e0adadae236d3f7ea7c8ad19fccb6477d4cb831cbc7a8ba52a7b,2024-11,Essex Police,Essex Police,0.519429,51.600235,On or near Petrol Station,E01021344,Basildon 008D,Shoplifting,Investigation complete; no suspect identified,
f02005662fe8f0b816c510c91aba83c7531dd8c20203c77e859238c57ce30686,2024-11,Essex Police,Essex Police,0.525797,51.600121,On or near Carlyle Gardens,E01021344,Basildon 008D,Vehicle crime,Investigation complete; no suspect identified,
caf4ae62e5f7cd348162850a5a2fcbd81a9a85e25c32e113e7f3367ff08c2038,2024-11,Essex Police,Essex Police,0.525797,51.600121,On or near Carlyle Gardens,E01021344,Basildon 008D,Vehicle crime,Investigation complete; no suspect identified,
560c495bd3f16dd1e4b02cf3c246241c7e4740e2fa6dd41783b0912eace826e3,2024-11,Essex Police,Essex Police,0.520361,51.590876,On or near Hovefields Avenue,E01021344,Basildon 008D,Violence and sexual offences,Unable to prosecute suspect,
99b97e23ada2c0b0f71bfe5f8cb0b72c084e249ecb41e9f19a18ab0f08398cb6,2024-11,Essex Police,Essex Police,0.519429,51.600235,On or near Petrol Station,E01021344,Basildon 008D,Violence and sexual offences,Investigation complete; no suspect identified,
37fa0ded9b5bfe001e549f649e217d2cc2eeeab99cf2c2d9c31e8cc5ed31a584,2024-11,Essex Police,Essex Police,0.529836,51.601069,On or near Wick Drive,E01021344,Basildon 008D,Violence and sexual offences,Unable to prosecute suspect,
c3dfb623079886451367add4da6d0e9d7438992d685903a987494b7b7d915a15,2024-11,Essex Police,Essex Police,0.529836,51.601069,On or near Wick Drive,E01021344,Basildon 008D,Violence and sexual offences,Unable to prosecute suspect,
2533386fd3640e1df070bfdad2dcc84d98647f539b58479b92aa7d8eada785a8,2024-11,Essex Police,Essex Police,0.519429,51.600235,On or near Petrol Station,E01021344,Basildon 008D,Violence and sexual offences,Unable to prosecute suspect,
b474f1ae320120988a0adf54ce64587c656f30ef231bc4213262ba6ecd9d07c1,2024-11,Essex Police,Essex Police,0.519429,51.600235,On or near Petrol Station,E01021344,Basildon 008D,Violence and sexual offences,Unable to prosecute suspect,
f0ce8ee6e8a1af60650fce489e933d711935c48dfbdef22299786f8881ea2f54,2024-11,Essex Police,Essex Police,0.522527,51.591918,On or near Hovefields Drive,E01021344,Basildon 008D,Violence and sexual offences,Unable to prosecute suspect,
158248caaa3d20491e5aaca1447244521d069bcf27b733fb32ff104280518044,2024-11,Essex Police,Essex Police,0.536751,51.591440,On or near Four Oaks Place,E01021344,Basildon 008D,Violence and sexual offences,Unable to prosecute suspect,
7ee6d9034c3df54e543b6d9db3f331d1085b5d0ecebe336844917979ffd62385,2024-11,Essex Police,Essex Police,0.536751,51.591440,On or near Four Oaks Place,E01021344,Basildon 008D,Violence and sexual offences,Unable to prosecute suspect,
fc28f3cde1ea2d10b3a03252efa1406dc8b110181a21381f2d1e7205e3abbec8,2024-11,Essex Police,Essex Police,0.529836,51.601069,On or near Wick Drive,E01021344,Basildon 008D,Other crime,Status update unavailable,
928ff1cc083a9730199219c073de5851184e868fc5c7bda75baf9bb842a27ba6,2024-11,Essex Police,Essex Police,0.520361,51.590876,On or near Hovefields Avenue,E01021344,Basildon 008D,Other crime,Awaiting court outcome,
1e5c67d6b5f3dc8d96f2f758b89137973a56da2e8dc30797fc932e4c711553f1,2024-11,Essex Police,Essex Police,0.524227,51.610345,On or near Radwinter Close,E01021346,Basildon 008E,Criminal damage and arson,Investigation complete; no suspect identified,
0cdccaa47260b97b7c0436829f04a2505c890e034be28e803fa8a2766a775f55,2024-11,Essex Police,Essex Police,0.528786,51.608951,On or near Nayland Close,E01021346,Basildon 008E,Other theft,Investigation complete; no suspect identified,
2d69c00558ad32fa8f9705cae0cacb274f3be2175cff1454f2d23be5f98df053,2024-11,Essex Police,Essex Police,0.534280,51.605928,On or near Spellbrook Close,E01021346,Basildon 008E,Vehicle crime,Investigation complete; no suspect identified,
a2db08e9edef77eb4d45b52950058851334c80cbf1050c7863d46f5dcd23bdba,2024-11,Essex Police,Essex Police,0.531369,51.607601,On or near Bannister Green,E01021346,Basildon 008E,Vehicle crime,Investigation complete; no suspect identified,
d5bc68f0d62fb19c634c567e69a0c5a04a2e38c5ef637690c670b0c52c0db99d,2024-11,Essex Police,Essex Police,0.526474,51.607634,On or near Coppens Green,E01021346,Basildon 008E,Vehicle crime,Investigation complete; no suspect identified,
18d9803f41883f403763c97527ac9a950f43b073ed569c5b04ecd80cf7f276aa,2024-11,Essex Police,Essex Police,0.529928,51.608189,On or near Horkesley Way,E01021346,Basildon 008E,Violence and sexual offences,Unable to prosecute suspect,
ff581b9a3f1ad28c519c54c010d61cdc3a2af0e311dbbeb34e7f068731d4fda2,2024-11,Essex Police,Essex Police,0.532407,51.606265,On or near Taveners Green Close,E01021346,Basildon 008E,Violence and sexual offences,Unable to prosecute suspect,
5d939ccd277b965afe15f4816650706c9694edcfa040e110fb3b3a59a743b209,2024-11,Essex Police,Essex Police,0.526596,51.610078,On or near Doeshill Drive,E01021346,Basildon 008E,Violence and sexual offences,Investigation complete; no suspect identified,
7ac7a5e8e62a6ed490cda289df321a1b8f744cf91aee96d39095bf979d2a4ee5,2024-11,Essex Police,Essex Police,0.525680,51.609459,On or near Birch Green,E01021346,Basildon 008E,Other crime,Unable to prosecute suspect,
,2024-11,Essex Police,Essex Police,0.411978,51.607274,On or near Laindon Common Road,E01021254,Basildon 009A,Anti-social behaviour,,
d32b5b9b5f0d220b7d39cd5065ed925042d6d90836f6927bf725b4792f33ac04,2024-11,Essex Police,Essex Police,0.424798,51.597953,On or near Noak Hill Road,E01021254,Basildon 009A,Burglary,Investigation complete; no suspect identified,
45172922b6725a5cd44580ce6b8ca2ab82e5955b44aabfcaa46bab1d47ed8b68,2024-11,Essex Police,Essex Police,0.428562,51.607345,On or near Magnolias,E01021254,Basildon 009A,Criminal damage and arson,Investigation complete; no suspect identified,
b8c8f1f624405b38ececa9cc9dcf0a294fa6f2e1533f18c9255af5398a5b7c90,2024-11,Essex Police,Essex Police,0.395221,51.606644,On or near Park/Open Space,E01021254,Basildon 009A,Criminal damage and arson,Court result unavailable,
0a7b245c5eebaeccb15d42a8bb7bc8c1a10249a8fc61526d23acb7619d651b46,2024-11,Essex Police,Essex Police,0.395221,51.606644,On or near Park/Open Space,E01021254,Basildon 009A,Criminal damage and arson,Court result unavailable,
f70faebb418456298aa2c2a66d8a712647f4440041a21ede02c4e99f16f6be1c,2024-11,Essex Police,Essex Police,0.418054,51.606096,On or near Noak Hill Road,E01021254,Basildon 009A,Public order,Unable to prosecute suspect,
7bb12f1f236cf1a4e01204184af65000c538edd362938542ca16a1c69ee7f218,2024-11,Essex Police,Essex Police,0.405298,51.602491,On or near Rectory Road,E01021254,Basildon 009A,Vehicle crime,Investigation complete; no suspect identified,
f76877f4f166abaffbbdc7921880c608a6e0f3a951365d492a76d0ef32e0c2b6,2024-11,Essex Police,Essex Police,0.429778,51.608750,On or near Tyrone Close,E01021254,Basildon 009A,Violence and sexual offences,Unable to prosecute suspect,
c6830b5b4fb5628de41b3da321b57a0a38d4cd7505f411851021f0019d409363,2024-11,Essex Police,Essex Police,0.411978,51.607274,On or near Laindon Common Road,E01021254,Basildon 009A,Violence and sexual offences,Unable to prosecute suspect,
7084d01c1ab8b77c992d03f257e9e01601547199c73491da7ea1d202cfc99369,2024-11,Essex Police,Essex Police,0.411978,51.607274,On or near Laindon Common Road,E01021254,Basildon 009A,Violence and sexual offences,Unable to prosecute suspect,
060e3d9b455670a6480c205128a837df282ddcff7ded1374b8d4350688ce4f2f,2024-11,Essex Police,Essex Police,0.427568,51.593579,On or near St Agnes Road,E01021254,Basildon 009A,Violence and sexual offences,Unable to prosecute suspect,
,2024-11,Essex Police,Essex Police,0.434812,51.608340,On or near Post Meadow,E01021257,Basildon 009B,Anti-social behaviour,,
0165256e95c07cf3a9d702fa53592e1391aac4a81c431bab3a2ad4003f994c0b,2024-11,Essex Police,Essex Police,0.438763,51.608492,On or near Homefield Close,E01021257,Basildon 009B,Criminal damage and arson,Investigation complete; no suspect identified,
747b194bfc178599a2d92b98e9b2344e8ab4357df2c268429bc04d4f04042a79,2024-11,Essex Police,Essex Police,0.436523,51.608205,On or near Mill Road,E01021257,Basildon 009B,Vehicle crime,Investigation complete; no suspect identified,
80a1c6476e61838fbecaa24ae19ef94992e9b0c0caaff29ecf3f73ed9a15e3a2,2024-11,Essex Police,Essex Police,0.434222,51.615412,On or near Highfield Approach,E01021257,Basildon 009B,Vehicle crime,Investigation complete; no suspect identified,
588e0ff279d024b49ba4a832a7df7132528084e9768f6366b47f6450fbe8bd4d,2024-11,Essex Police,Essex Police,0.438386,51.610091,On or near Southend Road,E01021257,Basildon 009B,Vehicle crime,Investigation complete; no suspect identified,
a9040c0eddcb4f56673a6624f688c3cc5fdec0b35d756a65afc57854c78c36f1,2024-11,Essex Police,Essex Police,0.445132,51.600688,On or near Parking Area,E01021257,Basildon 009B,Violence and sexual offences,Unable to prosecute suspect,
6678053c58ffd7df14ca1f02304d1fc08def86c28ad1213d2149d7e446a55044,2024-11,Essex Police,Essex Police,0.432062,51.609854,On or near The Oaks,E01021257,Basildon 009B,Violence and sexual offences,Unable to prosecute suspect,
10a9aaa8f5ca8e1b83066300f1b2fa10f0ab40c95180944ed4c94cd056051820,2024-11,Essex Police,Essex Police,0.445132,51.600688,On or near Parking Area,E01021257,Basildon 009B,Violence and sexual offences,Investigation complete; no suspect identified,
1b1af4ea224ff14be846cf9f0181d44c885fe6fa6e56f58e41da75c399c7e999,2024-11,Essex Police,Essex Police,0.445132,51.600688,On or near Parking Area,E01021257,Basildon 009B,Violence and sexual offences,Investigation complete; no suspect identified,
,2024-11,Essex Police,Essex Police,0.432803,51.611016,On or near Grange Road,E01021259,Basildon 009C,Anti-social behaviour,,
b0af8583309837a4a3848248ce0ff5d17b3cbf373b7b96f79908b6ffede64b44,2024-11,Essex Police,Essex Police,0.433941,51.609608,On or near Haven Rise,E01021259,Basildon 009C,Other theft,Unable to prosecute suspect,
2c5475ca660c057b39b9a812aea7c70d580053f155cfc830130fa5d7ccbde012,2024-11,Essex Police,Essex Police,0.435035,51.609810,On or near Kings Way,E01021259,Basildon 009C,Public order,Unable to prosecute suspect,
2b269b88bb788f5eab66ccbdcf8fa12064dfd4d0c85977752355975107e662f7,2024-11,Essex Police,Essex Police,0.434395,51.611343,On or near Kevin Close,E01021259,Basildon 009C,Violence and sexual offences,Unable to prosecute suspect,
66b34c1bce46d1edfe6382ed7d6254156eddbcea8e9b6956b911349c19cbafe1,2024-11,Essex Police,Essex Police,0.430007,51.609779,On or near Tyrone Road,E01021259,Basildon 009C,Violence and sexual offences,Unable to prosecute suspect,
1f69b2893ae27ac6211ebaa3df93799a0a3bf2bc61bda88ec982301add0313b5,2024-11,Essex Police,Essex Police,0.433941,51.609608,On or near Haven Rise,E01021259,Basildon 009C,Violence and sexual offences,Offender given a caution,
0daac5c971ade3ae44f4540b8767f1742d5e3adb8edaaaea1fb84ccbdaaedab4,2024-11,Essex Police,Essex Police,0.433941,51.609608,On or near Haven Rise,E01021259,Basildon 009C,Violence and sexual offences,Unable to prosecute suspect,
,2024-11,Essex Police,Essex Police,0.471485,51.597204,On or near Oak Road,E01021260,Basildon 009D,Anti-social behaviour,,
,2024-11,Essex Police,Essex Police,0.471598,51.595034,On or near Oak Lane,E01021260,Basildon 009D,Anti-social behaviour,,
325bd239c99575515512f512eef830ad1f3f4bdd768db50b1c95e2cb4d02a242,2024-11,Essex Police,Essex Police,0.471954,51.594127,On or near Oak Lane,E01021260,Basildon 009D,Burglary,Investigation complete; no suspect identified,
2809cf28e77eea10e24a7df5403a5175f80bc66c777ff66992a953ef3ec55be1,2024-11,Essex Police,Essex Police,0.470019,51.602910,On or near Church Lane,E01021260,Basildon 009D,Criminal damage and arson,Investigation complete; no suspect identified,
529b434ee872bea9591c627834debdd25c2cc0f23b178b45b90cace8d30320a5,2024-11,Essex Police,Essex Police,0.474378,51.602611,On or near High View Rise,E01021260,Basildon 009D,Drugs,Local resolution,
e548d7a4c76ea0e3e0be2262cc244225c81dbd8ccfb55ceb4fd43a46c80bca9f,2024-11,Essex Police,Essex Police,0.461782,51.595600,On or near Belvedere Lane,E01021260,Basildon 009D,Other theft,Investigation complete; no suspect identified,
1f5b71b6ea29ed2d5e4a592294e3198d5eb2f0a1db9e116d87e5fa1bcd792e68,2024-11,Essex Police,Essex Police,0.471598,51.595034,On or near Oak Lane,E01021260,Basildon 009D,Public order,Unable to prosecute suspect,
dd5f0f6768f33f85e70f862b527d0de5df0c1264ceb33a4ecbf84c93813c5d31,2024-11,Essex Police,Essex Police,0.474378,51.602611,On or near High View Rise,E01021260,Basildon 009D,Vehicle crime,Investigation complete; no suspect identified,
7d653a4b3894af4332561f885fa4f4860440a398699f94cf1b6d21a3209b66a5,2024-11,Essex Police,Essex Police,0.471598,51.595034,On or near Oak Lane,E01021260,Basildon 009D,Violence and sexual offences,Unable to prosecute suspect,
c23b2be8f5c2501a313e1774de1efab0972d15e5860bbec31146849b9dc7c549,2024-11,Essex Police,Essex Police,0.449402,51.589330,On or near Littlehurst Lane,E01021260,Basildon 009D,Violence and sexual offences,Court result unavailable,
7105855bd9d28b242893a7e73b25e66d876b2ca551ade44b7b3cb48f3f7087c5,2024-11,Essex Police,Essex Police,0.470019,51.602910,On or near Church Lane,E01021260,Basildon 009D,Violence and sexual offences,Unable to prosecute suspect,
1737be5f9d3621af8116bddeaf1d8e40aaab241684abaf6b8fd765d2f09c73d1,2024-11,Essex Police,Essex Police,0.423841,51.585688,On or near Queens Road,E01021261,Basildon 010A,Other theft,Investigation complete; no suspect identified,
880959ee1db7b24f46da609c6c4588bcd71615815bc1b649ddef4136ebcead63,2024-11,Essex Police,Essex Police,0.394735,51.585023,On or near Sports/Recreation Area,E01021261,Basildon 010A,Public order,Unable to prosecute suspect,
78bba59df59f99c4e5566c6788ea49d2284c9446c31a7cf542e975bef6e8945a,2024-11,Essex Police,Essex Police,0.424703,51.588324,On or near Dunton Road,E01021261,Basildon 010A,Vehicle crime,Investigation complete; no suspect identified,
1406744421c4506a698c1687ae82e0f59ac85eb2c1ab5a8e7818ef5692255d5d,2024-11,Essex Police,Essex Police,0.440631,51.587310,On or near South Wash Road,E01021261,Basildon 010A,Violence and sexual offences,Unable to prosecute suspect,
e0d0f30141640c1fa5bb5e05c0b22eba90e02b6930c5954814baa6d04d923999,2024-11,Essex Police,Essex Police,0.438606,51.587505,On or near Abbots Court,E01021262,Basildon 010B,Criminal damage and arson,Unable to prosecute suspect,
0795b67918cca4088c16415d2501b217b1f48a24432975681cec3bbfaa64ee1e,2024-11,Essex Police,Essex Police,0.438606,51.587505,On or near Abbots Court,E01021262,Basildon 010B,Criminal damage and arson,Unable to prosecute suspect,
364c1a06740e0d5cab4e2afc6328603e5cab1ad962a6bfcef2fb27bc59ffe34e,2024-11,Essex Police,Essex Police,0.449487,51.591460,On or near Barleylands Road,E01021262,Basildon 010B,Other theft,Investigation complete; no suspect identified,
d8203449077e323c1e5782f6ca6c8bb9a87ed7ad5f73ae2c59d04e2d19220225,2024-11,Essex Police,Essex Police,0.449079,51.587350,On or near Bramble Tye,E01021262,Basildon 010B,Public order,Unable to prosecute suspect,
315bc4ec246fab387bfb611f452d8745f279c1b244c9f9a25bb5c34f38a56760,2024-11,Essex Police,Essex Police,0.443645,51.586986,On or near Kenilworth Place,E01021262,Basildon 010B,Shoplifting,Investigation complete; no suspect identified,
ee46428daf7bb917812161c5223bdb8aba46fce7e0bed4d9d6892b052bd80a35,2024-11,Essex Police,Essex Police,0.445870,51.589701,On or near Saling Green,E01021262,Basildon 010B,Vehicle crime,Investigation complete; no suspect identified,
635a9391583e62946642506e5710c0d902e27168a1869e2bcd6274c6d9ef6749,2024-11,Essex Police,Essex Police,0.438606,51.587505,On or near Abbots Court,E01021262,Basildon 010B,Violence and sexual offences,Unable to prosecute suspect,
dc1b006f22a27bbe954d6e474db2b8d85f176942828a023f586f9e2ddc4f1a5a,2024-11,Essex Police,Essex Police,0.447807,51.587871,On or near Ladysmith Way,E01021262,Basildon 010B,Violence and sexual offences,Court result unavailable,
90da57d55b1e5d03c567d5320506889e0e6e97cacd4a42d2bc63d63c1f83f8a3,2024-11,Essex Police,Essex Police,0.447807,51.587871,On or near Ladysmith Way,E01021262,Basildon 010B,Violence and sexual offences,Unable to prosecute suspect,
f38b215da885a1f5d7bbc779bed25d80492ce91492862d1cedfa7338fe716793,2024-11,Essex Police,Essex Police,0.447807,51.587871,On or near Ladysmith Way,E01021262,Basildon 010B,Violence and sexual offences,Unable to prosecute suspect,
880de42e62ea5bc8ff04287faf2090bb14edd39f864cec31ce8000ed07984ece,2024-11,Essex Police,Essex Police,0.427005,51.586261,On or near High Road North,E01021263,Basildon 010C,Burglary,Unable to prosecute suspect,
2508d3a9dd28e84c5ce36dab6009df5b3844396440beb0b0d82d40fbccde9677,2024-11,Essex Police,Essex Police,0.425749,51.584372,On or near Walnut Close,E01021263,Basildon 010C,Criminal damage and arson,Investigation complete; no suspect identified,
45da29e18a09268b8d7bf3e8bd4c215f0a7728e93215561a2bdfe0f58393676e,2024-11,Essex Police,Essex Police,0.429991,51.584608,On or near Willowfield,E01021263,Basildon 010C,Criminal damage and arson,Investigation complete; no suspect identified,
e484672f2d2f8cfdb8946c3f0ea56ea2014b3be5e58604f5fd286f61ba11dceb,2024-11,Essex Police,Essex Police,0.432983,51.585490,On or near Pound Lane Central,E01021263,Basildon 010C,Public order,Formal action is not in the public interest,
c67c246cb0e1fa9d9579a3d91ffbdc466d9c416125836c5dc3ad0d74fab1af2c,2024-11,Essex Police,Essex Police,0.428433,51.587869,On or near River View Close,E01021263,Basildon 010C,Vehicle crime,Investigation complete; no suspect identified,
ea9ea2ec582b5be6deb3902b6de5a63c34411ef14b61701c050a29f71d8b18ba,2024-11,Essex Police,Essex Police,0.432313,51.585918,On or near Redwood Drive,E01021263,Basildon 010C,Vehicle crime,Investigation complete; no suspect identified,
3ea9f8234e25d1f47339fc831ae75e4614eaec0a2fe4c319766261a99171a429,2024-11,Essex Police,Essex Police,0.427005,51.586261,On or near High Road North,E01021263,Basildon 010C,Violence and sexual offences,Unable to prosecute suspect,
a584466cfb1ec041535a5b25a596886939e30c67e63e4ef5a1c065170d034519,2024-11,Essex Police,Essex Police,0.427005,51.586261,On or near High Road North,E01021263,Basildon 010C,Violence and sexual offences,Investigation complete; no suspect identified,
05f34b3d109fb848ec34db9c911e39b5b9a46ee6d041c0a3f5eeb0b8d03e9d58,2024-11,Essex Police,Essex Police,0.425749,51.584372,On or near Walnut Close,E01021263,Basildon 010C,Violence and sexual offences,Investigation complete; no suspect identified,
6939ca010fde7aad4cb282f5ad0b9177aedbb521033a0ee53888b1e253e0b2e2,2024-11,Essex Police,Essex Police,0.425835,51.585989,On or near Winchester Gardens,E01021263,Basildon 010C,Violence and sexual offences,Unable to prosecute suspect,
3b10e2107e1e5d25d02b4c2c8b6e9c599d640c06b93172483a414a58e4c6a437,2024-11,Essex Police,Essex Police,0.428201,51.585418,On or near The Pines,E01021263,Basildon 010C,Violence and sexual offences,Investigation complete; no suspect identified,
beeccffd3e8a2f0027add13afad12a467ead246f8e22ada61c0f919c6cb89f2b,2024-11,Essex Police,Essex Police,0.428034,51.581195,On or near Arne Court,E01021274,Basildon 010D,Drugs,Local resolution,
ea0ca3e5d52cdcb005278d7aa21a02f0a76050a99cc684fce72a95c244806047,2024-11,Essex Police,Essex Police,0.423863,51.583655,On or near Petrol Station,E01021274,Basildon 010D,Other theft,Local resolution,
eee7e02284a7f2fcd41951acc91134a9c4ad83f1b52e8db00973c239a61914d1,2024-11,Essex Police,Essex Police,0.423863,51.583655,On or near Petrol Station,E01021274,Basildon 010D,Shoplifting,Investigation complete; no suspect identified,
1a16266bd0af1009ee0f8860eeb6f3ff959575de1c66f2816d210b9da43b3374,2024-11,Essex Police,Essex Police,0.428034,51.581195,On or near Arne Court,E01021274,Basildon 010D,Violence and sexual offences,Unable to prosecute suspect,
01f2b42ef148edee4a7c9006f758e1bf4d251ce1691fb84ba9a97a5dd87db67f,2024-11,Essex Police,Essex Police,0.423863,51.583655,On or near Petrol Station,E01021274,Basildon 010D,Violence and sexual offences,Unable to prosecute suspect,
,2024-11,Essex Police,Essex Police,0.441742,51.581099,On or near Regent Court,E01021279,Basildon 010E,Anti-social behaviour,,
b28d8e02a4e22585077ace4c6060bc2d0f650189675f28a9ad0122dbaee1266a,2024-11,Essex Police,Essex Police,0.431006,51.579281,On or near Elgar Close,E01021279,Basildon 010E,Burglary,Investigation complete; no suspect identified,
f3fe4692771f1f1ea46bac0696d1d2ff3f7111b8ce43c0c01bb3d3295178ddac,2024-11,Essex Police,Essex Police,0.439413,51.581831,On or near Palace Grove,E01021279,Basildon 010E,Criminal damage and arson,Offender given a caution,
c92199d4eb96a33a327aed5fbc4363e550ea7f8b16841868354805ad1cd56790,2024-11,Essex Police,Essex Police,0.442227,51.579120,On or near Park/Open Space,E01021279,Basildon 010E,Drugs,Local resolution,
10583f6872a7c8fc760bbfddd858302117743efe95830bbc19bd8b8f7827425d,2024-11,Essex Police,Essex Police,0.441091,51.581077,On or near Royal Oak Chase,E01021279,Basildon 010E,Drugs,Awaiting court outcome,
13ce95fdb9746ba034adc4c44e884780c74b8fe414d2574ea168b46a944c10cc,2024-11,Essex Police,Essex Police,0.441742,51.581099,On or near Regent Court,E01021279,Basildon 010E,Other theft,Investigation complete; no suspect identified,
07a0f7a39140ff9f82470771de7b6998da362777b91eef07b5d1098a88421254,2024-11,Essex Police,Essex Police,0.442227,51.579120,On or near Park/Open Space,E01021279,Basildon 010E,Public order,Unable to prosecute suspect,
a8cd969ac8eb1d40b1906987a555cb9b42461996007d0c467f8bcd4fca040490,2024-11,Essex Police,Essex Police,0.441742,51.581099,On or near Regent Court,E01021279,Basildon 010E,Public order,Unable to prosecute suspect,
a0db7e3d64d91d3df5abbf228afc20220bc6fb12deefd89882ee2d35d9c96c72,2024-11,Essex Police,Essex Police,0.441742,51.581099,On or near Regent Court,E01021279,Basildon 010E,Public order,Investigation complete; no suspect identified,
7b1cf298d3e7af76f2771089a5cb85af3e7f49c5b788d00b61d1c770b5f417d5,2024-11,Essex Police,Essex Police,0.442227,51.579120,On or near Park/Open Space,E01021279,Basildon 010E,Shoplifting,Unable to prosecute suspect,
104d7659d76d9a053871e0b89c4179cfa69a574b4279eee938490728313b5ad8,2024-11,Essex Police,Essex Police,0.442227,51.579120,On or near Park/Open Space,E01021279,Basildon 010E,Shoplifting,Unable to prosecute suspect,
bf36ffba0010cd8b69f7c679ba738ef2dfd19b1db5a7e9970023831611682731,2024-11,Essex Police,Essex Police,0.442227,51.579120,On or near Park/Open Space,E01021279,Basildon 010E,Shoplifting,Unable to prosecute suspect,
b426791c17ce529c0c2a241200da2143677071ee2b510e2eda75c4371d7bccde,2024-11,Essex Police,Essex Police,0.441742,51.581099,On or near Regent Court,E01021279,Basildon 010E,Shoplifting,Investigation complete; no suspect identified,
87ad07faf8f7cb7a5f936a1c8edc74856bfc8c36cac40342b2653c37f6ed4b2a,2024-11,Essex Police,Essex Police,0.442227,51.579120,On or near Park/Open Space,E01021279,Basildon 010E,Shoplifting,Unable to prosecute suspect,
269b42ea763423247670ee5e58e0452dbfeaada15ca581365e08642143439570,2024-11,Essex Police,Essex Police,0.441742,51.581099,On or near Regent Court,E01021279,Basildon 010E,Shoplifting,Investigation complete; no suspect identified,
a223eda5397e18897e5b7c90dbd8c263d6da777dbe72823d58c6ea36a2331ec3,2024-11,Essex Police,Essex Police,0.441742,51.581099,On or near Regent Court,E01021279,Basildon 010E,Shoplifting,Investigation complete; no suspect identified,
e24abe6155b578f00c6e5026ad7870ff2547d05e6c3074cedae2eb19e3cf1340,2024-11,Essex Police,Essex Police,0.442227,51.579120,On or near Park/Open Space,E01021279,Basildon 010E,Shoplifting,Investigation complete; no suspect identified,
204e2e1cd136c141e5cd2b8c1ef1fce7e8f582fb285d6e2e8fbe36604f0304c1,2024-11,Essex Police,Essex Police,0.442227,51.579120,On or near Park/Open Space,E01021279,Basildon 010E,Theft from the person,Unable to prosecute suspect,
0dd4b8a8dc090a16063e67a2b79f3d7f71a594bda332b39e280a6c684279d8b5,2024-11,Essex Police,Essex Police,0.441742,51.581099,On or near Regent Court,E01021279,Basildon 010E,Vehicle crime,Investigation complete; no suspect identified,
66f100d477e14ccf234abf2d378f83dbb3acf1c0a888ed9bc00a6822bae836b7,2024-11,Essex Police,Essex Police,0.442227,51.579120,On or near Park/Open Space,E01021279,Basildon 010E,Vehicle crime,Investigation complete; no suspect identified,
0c0cc8efc594dd8145538b2286c61999ca32fdbc3082d990d02542a43d7f6125,2024-11,Essex Police,Essex Police,0.439413,51.581831,On or near Palace Grove,E01021279,Basildon 010E,Violence and sexual offences,Court result unavailable,
b3b18f2dc40559ed711cccdd98f9d534b03abd3654abdafe47d31f5317938701,2024-11,Essex Police,Essex Police,0.442227,51.579120,On or near Park/Open Space,E01021279,Basildon 010E,Violence and sexual offences,Unable to prosecute suspect,
90e2c3213895297398b1d37daa6450c64f45d7dc015bfb5543d2928e2e0496d0,2024-11,Essex Police,Essex Police,0.442227,51.579120,On or near Park/Open Space,E01021279,Basildon 010E,Violence and sexual offences,Unable to prosecute suspect,
4319e96509ebf36bd28a07bc6f05746186715ea9cecf1521f4d58ec61e3c2be1,2024-11,Essex Police,Essex Police,0.427734,51.582065,On or near Beecham Court,E01021279,Basildon 010E,Other crime,Awaiting court outcome,
,2024-11,Essex Police,Essex Police,0.516024,51.579278,On or near Great Ranton,E01021301,Basildon 011A,Anti-social behaviour,,
896e75bad920f71848efaf43fde700cc082107bc82fa50127f3c10556c020788,2024-11,Essex Police,Essex Police,0.515984,51.578559,On or near Havengore,E01021301,Basildon 011A,Burglary,Investigation complete; no suspect identified,
9f077ef3b135738ffde2d551d874396a1fd7773df29d5281ec2703d9be717e75,2024-11,Essex Police,Essex Police,0.513651,51.576559,On or near Fyefields,E01021301,Basildon 011A,Drugs,Local resolution,
6dd6da3abf4f20596552bed1b17376f9bb533d8797d9119c54d2da8d4ba7d58c,2024-11,Essex Police,Essex Police,0.513651,51.576559,On or near Fyefields,E01021301,Basildon 011A,Drugs,Local resolution,
5bcc21c6cad00d1ec5ccfe6d5f503b92a12642025b8ade8bc1584a9cf8a376a6,2024-11,Essex Police,Essex Police,0.516231,51.576234,On or near Wilsner,E01021301,Basildon 011A,Other theft,Investigation complete; no suspect identified,
f9fa0eba11c7df618185e3b803c63c874c51c4ad82b60ec545dad5229ab213af,2024-11,Essex Police,Essex Police,0.514123,51.579355,On or near Scaldhurst,E01021301,Basildon 011A,Possession of weapons,Local resolution,
a1fbe467b69e2920b7cad1b269819afd849312458cc2b13a526e12fe06516f9f,2024-11,Essex Police,Essex Police,0.515984,51.578559,On or near Havengore,E01021301,Basildon 011A,Public order,Investigation complete; no suspect identified,
d93caf3b9f20dd78922f75e2ae50f9a1fca8e481c5176097ba87fb34fc75437b,2024-11,Essex Police,Essex Police,0.512378,51.579131,On or near Holgate,E01021301,Basildon 011A,Vehicle crime,Investigation complete; no suspect identified,
814a06c6ae1a6467c06914acd1115119147a3ebbaa4bcd95043c44378045ea1f,2024-11,Essex Police,Essex Police,0.512378,51.579131,On or near Holgate,E01021301,Basildon 011A,Violence and sexual offences,Unable to prosecute suspect,
c4bbd232909e0533c94d5d5eb66757d7d325cd47c70086c4899f6c5605fa0102,2024-11,Essex Police,Essex Police,0.512378,51.579131,On or near Holgate,E01021301,Basildon 011A,Violence and sexual offences,Unable to prosecute suspect,
b99c7bd158d3f450fd673b9f3b2815265a533c84ac8522b894fbad63b49a4de3,2024-11,Essex Police,Essex Police,0.512378,51.579131,On or near Holgate,E01021301,Basildon 011A,Violence and sexual offences,Investigation complete; no suspect identified,
f75f5216d9711f1236e8febbb4ba7a4e5934a83a45ee7e1b917f01aa4947ece9,2024-11,Essex Police,Essex Police,0.516431,51.576976,On or near Ashfields,E01021301,Basildon 011A,Violence and sexual offences,Unable to prosecute suspect,
f7d2549523e233cf1a95e3a655ea2513c22127de4e952d171099c7e61802cc82,2024-11,Essex Police,Essex Police,0.516431,51.576976,On or near Ashfields,E01021301,Basildon 011A,Violence and sexual offences,Investigation complete; no suspect identified,
9ae20c2644108f8a5b20445a158287ce202b5b34e07f9e7493c580801dc2b1b6,2024-11,Essex Police,Essex Police,0.513651,51.576559,On or near Fyefields,E01021301,Basildon 011A,Violence and sexual offences,Unable to prosecute suspect,
09c737bda21d391d54022f960ad0599b72ccdb967cd503b6f8b9a61335211c6b,2024-11,Essex Police,Essex Police,0.513651,51.576559,On or near Fyefields,E01021301,Basildon 011A,Violence and sexual offences,Court result unavailable,
9d66b7eba146942c204ff30efed9166e2fd1078de7a6bec86309be2fc7972194,2024-11,Essex Police,Essex Police,0.516431,51.576976,On or near Ashfields,E01021301,Basildon 011A,Violence and sexual offences,Unable to prosecute suspect,
bbed2fdd7ed2fd0555707541f94219c92d0be0d0b942c66fa16c8268f8056051,2024-11,Essex Police,Essex Police,0.509557,51.580064,On or near Burgundy Gardens,E01021303,Basildon 011B,Burglary,Investigation complete; no suspect identified,
6de83ece4aeff2982386235830f27bbba2a59c81acb0e34c6b4f7e3758c8de36,2024-11,Essex Police,Essex Police,0.510197,51.576750,On or near Chalvedon Avenue,E01021303,Basildon 011B,Criminal damage and arson,Investigation complete; no suspect identified,
224b29a764ba6a42417fd190ea04416684a3327c403a092db8d4acf5019a0428,2024-11,Essex Police,Essex Police,0.512650,51.579611,On or near Snowdonia Close,E01021303,Basildon 011B,Drugs,Court result unavailable,
bf578b58948e7c32a6a1f90e9ad6146d21a11b9e9ac35503226fa22587820be0,2024-11,Essex Police,Essex Police,0.507377,51.575596,On or near Little Searles,E01021303,Basildon 011B,Other theft,Unable to prosecute suspect,
5dff43beb7251c9aa8ce129d4c2744604f0e5ed623c34de2580bd73b8652a497,2024-11,Essex Police,Essex Police,0.510273,51.578907,On or near Oakdene Road,E01021303,Basildon 011B,Vehicle crime,Investigation complete; no suspect identified,
23d122543ee65a7cef296dc81f689ac2862b2d13ad9ab277bae1f9d23754b7ee,2024-11,Essex Police,Essex Police,0.511814,51.577012,On or near Winfields,E01021303,Basildon 011B,Violence and sexual offences,Unable to prosecute suspect,
108d4becda0ad0a9cad3f6a8a4b0b92688c0f5934a8aaf9a888866a1c4b2abbf,2024-11,Essex Police,Essex Police,0.511814,51.577012,On or near Winfields,E01021303,Basildon 011B,Violence and sexual offences,Unable to prosecute suspect,
d0d10bdc11644330340fbb26cf9190e8a304de9e0cd2f211c8b691d8a2d81fb4,2024-11,Essex Police,Essex Police,0.511814,51.577012,On or near Winfields,E01021303,Basildon 011B,Violence and sexual offences,Unable to prosecute suspect,
86faf33adf1e3675d7c51919ff2d2988639d6391b6608dcd9681d55c652cf189,2024-11,Essex Police,Essex Police,0.511814,51.577012,On or near Winfields,E01021303,Basildon 011B,Violence and sexual offences,Unable to prosecute suspect,
3f5aa009d96fbf6479164ebae054b939adce032ee6ad0be1fab2d3c4d8b3cfd1,2024-11,Essex Police,Essex Police,0.510273,51.578907,On or near Oakdene Road,E01021303,Basildon 011B,Violence and sexual offences,Unable to prosecute suspect,
8d357e7ded09f3326ce20c03ee1e3e4dfef94598460a76830e821f039f284d0f,2024-11,Essex Police,Essex Police,0.511814,51.577012,On or near Winfields,E01021303,Basildon 011B,Violence and sexual offences,Unable to prosecute suspect,
07dc6426cdd163e0c4135c94c0491434037aede0fd9f6a8871fc404bceb53aa1,2024-11,Essex Police,Essex Police,0.510273,51.578907,On or near Oakdene Road,E01021303,Basildon 011B,Violence and sexual offences,Investigation complete; no suspect identified,
ce21c706359b28c6895bca68aa71a3a81942fe9120fadb9d451ddbfa477f87a4,2024-11,Essex Police,Essex Police,0.511814,51.577012,On or near Winfields,E01021303,Basildon 011B,Violence and sexual offences,Unable to prosecute suspect,
,2024-11,Essex Police,Essex Police,0.504467,51.591702,On or near Lords Court,E01021307,Basildon 011C,Anti-social behaviour,,
,2024-11,Essex Police,Essex Police,0.500922,51.583162,On or near Longborough Close,E01021307,Basildon 011C,Anti-social behaviour,,
,2024-11,Essex Police,Essex Police,0.499590,51.580457,On or near Littlebury Green,E01021307,Basildon 011C,Anti-social behaviour,,
5c9568a5be0a5b7762c4f88baab749c42f701d957b8713e468eabb84a26730f0,2024-11,Essex Police,Essex Police,0.500253,51.589382,On or near Headingley Close,E01021307,Basildon 011C,Burglary,Investigation complete; no suspect identified,
1430e39f46a343254539ebf4c3bcefe1989305cc89cf1bc975f7aa4aed99c3e4,2024-11,Essex Police,Essex Police,0.499638,51.588424,On or near The Parks,E01021307,Basildon 011C,Burglary,Unable to prosecute suspect,
1ae8ada2f79ed04ed2310ccefd2d9895d8d8fdcda8239167db43e9c52fb682b5,2024-11,Essex Police,Essex Police,0.500922,51.583162,On or near Longborough Close,E01021307,Basildon 011C,Burglary,Investigation complete; no suspect identified,
3aed986b64721def980298f8a847da3f87cadc77c1a0f393d0e66df29305db0b,2024-11,Essex Police,Essex Police,0.506618,51.590658,On or near Lords Way,E01021307,Basildon 011C,Criminal damage and arson,Investigation complete; no suspect identified,
f9e266a1306e73f8cbf82f48e7b4eff2d53b5a29630d593a0815895588af3c93,2024-11,Essex Police,Essex Police,0.500253,51.589382,On or near Headingley Close,E01021307,Basildon 011C,Criminal damage and arson,Investigation complete; no suspect identified,
edf4c77d79b0260d9659c7befd846fd0cb9b971375cda096448b8af1e0637903,2024-11,Essex Police,Essex Police,0.503048,51.590590,On or near Fenners Way,E01021307,Basildon 011C,Public order,Unable to prosecute suspect,
8e5380dc7eb76b17b16260575cdd5971208eafe7c3c63289a6d58c364e3d2aab,2024-11,Essex Police,Essex Police,0.503048,51.590590,On or near Fenners Way,E01021307,Basildon 011C,Public order,Investigation complete; no suspect identified,
f7da075e8de4318395faced1fe16b3c2b2dfa6abb15a9f56ec7fd151af166893,2024-11,Essex Police,Essex Police,0.500253,51.589382,On or near Headingley Close,E01021307,Basildon 011C,Shoplifting,Investigation complete; no suspect identified,
5b0f50621ece6a4e7813532536cb78836a1437bf5d81ab6957d357eb12db6f97,2024-11,Essex Police,Essex Police,0.500253,51.589382,On or near Headingley Close,E01021307,Basildon 011C,Shoplifting,Investigation complete; no suspect identified,
eff534acda0c0427a5f12f12a375a9a3d5eab6b29d88e4881d5ee984ab7bae70,2024-11,Essex Police,Essex Police,0.500253,51.589382,On or near Headingley Close,E01021307,Basildon 011C,Shoplifting,Investigation complete; no suspect identified,
8ce89ae536f3104dc486ac3911036a3c7a95f65a1cdb0328cf0c0906659cd46e,2024-11,Essex Police,Essex Police,0.500253,51.589382,On or near Headingley Close,E01021307,Basildon 011C,Shoplifting,Unable to prosecute suspect,
f9e2a7fe445ff6c5ef40e36f336831d8c51ca467470075eb386670bc2451d45f,2024-11,Essex Police,Essex Police,0.500253,51.589382,On or near Headingley Close,E01021307,Basildon 011C,Shoplifting,Investigation complete; no suspect identified,
67585bb39d20317073073b74e82efb96f83c12d4ea77d24374d279368a7697cf,2024-11,Essex Police,Essex Police,0.500253,51.589382,On or near Headingley Close,E01021307,Basildon 011C,Shoplifting,Unable to prosecute suspect,
55eeb36d97db9c580cabe8ef8be741ef2c492b2a74773dced63cdfadb6383ea4,2024-11,Essex Police,Essex Police,0.499638,51.588424,On or near The Parks,E01021307,Basildon 011C,Vehicle crime,Investigation complete; no suspect identified,
ae8baee363fc5c4f8cf3df51a147298dbc2ea9711a63cac251d3e9d083f96fb9,2024-11,Essex Police,Essex Police,0.499638,51.588424,On or near The Parks,E01021307,Basildon 011C,Vehicle crime,Investigation complete; no suspect identified,
bd39223f7e3af6a0c459cf8d2d48e1962cff6b0f442b069c6063cde4952e1b3e,2024-11,Essex Police,Essex Police,0.500922,51.583162,On or near Longborough Close,E01021307,Basildon 011C,Violence and sexual offences,Unable to prosecute suspect,
9edb0f72a953a0e1230b6a485661699aa6205e62e7ba5545a16daea4d9b277ff,2024-11,Essex Police,Essex Police,0.500253,51.589382,On or near Headingley Close,E01021307,Basildon 011C,Violence and sexual offences,Investigation complete; no suspect identified,
d13da2ae4570a75fae4410ce53a483ef71b8e44c1fa000b06419aeaee2d8b968,2024-11,Essex Police,Essex Police,0.499638,51.588424,On or near The Parks,E01021307,Basildon 011C,Violence and sexual offences,Unable to prosecute suspect,
9545c63f8a468255c389f52260a523cd4e2e1c26225ff6ce2e81d70585006616,2024-11,Essex Police,Essex Police,0.500288,51.585550,On or near Repton Close,E01021307,Basildon 011C,Violence and sexual offences,Formal action is not in the public interest,
9babd2ed93c2937a43603cdb6d1bdfcdcd6c3202d60c0c6f992a52f2f5b4ce01,2024-11,Essex Police,Essex Police,0.500288,51.585550,On or near Repton Close,E01021307,Basildon 011C,Violence and sexual offences,Formal action is not in the public interest,
793ca4923a2094ec46e28f1bede7f1478d87cac15648cba917a410981fc501e2,2024-11,Essex Police,Essex Police,0.500922,51.583162,On or near Longborough Close,E01021307,Basildon 011C,Violence and sexual offences,Unable to prosecute suspect,
d0f4b8e0fe0d8cf5f936a346ca8b7a8747c02ec54295eb7cbefa29ad6773e2aa,2024-11,Essex Police,Essex Police,0.500922,51.583162,On or near Longborough Close,E01021307,Basildon 011C,Violence and sexual offences,Unable to prosecute suspect,
f06aa6d8a5b9f7e84759f6d1711898655f88a89091f3d3e9fd0da7e96a23ac53,2024-11,Essex Police,Essex Police,0.509460,51.582755,On or near Hawbush Green,E01021308,Basildon 011D,Criminal damage and arson,Unable to prosecute suspect,
48516a8676714aa2052042ad4f1a8a83c655c6fe499a9bf9f37fd6d6e33b973e,2024-11,Essex Police,Essex Police,0.504820,51.582908,On or near Wood Green,E01021308,Basildon 011D,Criminal damage and arson,Investigation complete; no suspect identified,
473421c547eb2b814eb0383375b91d021271b509c9ca929c510ed087cc9f49bc,2024-11,Essex Police,Essex Police,0.507291,51.583215,On or near Voysey Gardens,E01021308,Basildon 011D,Vehicle crime,Investigation complete; no suspect identified,
1387c0d47ca70aa2dadff97991eb37ae5f17d6307333c9d86ab27632c8e17a3e,2024-11,Essex Police,Essex Police,0.517109,51.583509,On or near Burnt Mills Road,E01021309,Basildon 011E,Burglary,Investigation complete; no suspect identified,
70f1832a6c82522cb127645dcbd581aa6e82f6ae68c36d816812a80a97a71771,2024-11,Essex Police,Essex Police,0.513355,51.582968,On or near Charleston Court,E01021309,Basildon 011E,Burglary,Investigation complete; no suspect identified,
181c85947d1ad07d6149473031c6cd39ae041757ce0b2a0cc68212a2742d15ff,2024-11,Essex Police,Essex Police,0.513851,51.581240,On or near Fairfax Avenue,E01021309,Basildon 011E,Criminal damage and arson,Unable to prosecute suspect,
d7bc8f7c618334db88757c8f2a1c179ebc9b63cb3101bd9d39841a4771db4443,2024-11,Essex Police,Essex Police,0.519257,51.588670,On or near Hovefields Avenue,E01021309,Basildon 011E,Other theft,Investigation complete; no suspect identified,
1724fde5a80e788daff708217b4d4ef8d327c8aa5dcf893cec36db773a95c7cf,2024-11,Essex Police,Essex Police,0.514297,51.587211,On or near Nobel Square,E01021309,Basildon 011E,Other theft,Unable to prosecute suspect,
eddffe8c0bef079fd8c1041da4c59958ae0286f1d57ecb145a59669044ff55b8,2024-11,Essex Police,Essex Police,0.514610,51.582951,On or near Calvert Drive,E01021309,Basildon 011E,Public order,Unable to prosecute suspect,
784e2a710282ba05040eaf17356aca2d64377a29ba18d4d7342c39919248ed38,2024-11,Essex Police,Essex Police,0.515119,51.584064,On or near Thomasin Road,E01021309,Basildon 011E,Vehicle crime,Investigation complete; no suspect identified,
6e91140033f7504a62958d84380bd2aff16baa74c9468c4023c7e8c0bbc214ab,2024-11,Essex Police,Essex Police,0.517154,51.581448,On or near Camelot Gardens,E01021309,Basildon 011E,Vehicle crime,Unable to prosecute suspect,
cb8c23452129822bde0d9c87306f7bba514c87e7f107c8f353b1e24dadab8ecf,2024-11,Essex Police,Essex Police,0.513355,51.582968,On or near Charleston Court,E01021309,Basildon 011E,Violence and sexual offences,Unable to prosecute suspect,
8ae12d4ab8de74938f48012127bc5771446a0b24e31197a439ad38ccec178358,2024-11,Essex Police,Essex Police,0.513355,51.582968,On or near Charleston Court,E01021309,Basildon 011E,Violence and sexual offences,Action to be taken by another organisation,
dfd378acd0697e8c81c475f6213423373658bcbb9c104b7d2c84fbc117261038,2024-11,Essex Police,Essex Police,0.513355,51.582968,On or near Charleston Court,E01021309,Basildon 011E,Violence and sexual offences,Action to be taken by another organisation,
c109adf9fe5b6dd620b16fb1b6c4c9c02c249f4f248ffccbd96de83321aef5e3,2024-11,Essex Police,Essex Police,0.514232,51.582644,On or near Charleston Avenue,E01021309,Basildon 011E,Other crime,Unable to prosecute suspect,
,2024-11,Essex Police,Essex Police,0.544769,51.587408,On or near School Lane,E01021312,Basildon 011F,Anti-social behaviour,,
4d2ec8ba69068856f1890ecbac1d50125bee8493032e7506699bb6cf93d8230b,2024-11,Essex Police,Essex Police,0.525024,51.565873,On or near London Road,E01021312,Basildon 011F,Burglary,Investigation complete; no suspect identified,
db349a5a528fc2b5fee7b2e1c908e94612ca17ba0efa311dace1f010181b2638,2024-11,Essex Police,Essex Police,0.525024,51.565873,On or near London Road,E01021312,Basildon 011F,Burglary,Awaiting court outcome,
3a5233c61f77df71f10d6c0c9242e23e774ef6d654694bfc43d0f78aac7a5f60,2024-11,Essex Police,Essex Police,0.533891,51.571978,On or near Lee Road,E01021312,Basildon 011F,Criminal damage and arson,Investigation complete; no suspect identified,
65d66603b7c6629ba881c0d1870aba3a88f350451ddb386a127c7ddc51ed6b9c,2024-11,Essex Police,Essex Police,0.544769,51.587408,On or near School Lane,E01021312,Basildon 011F,Criminal damage and arson,Investigation complete; no suspect identified,
9cc599c407a89a26471691a8c4f35087a5d1cfd739a4304e01f4f6443717b024,2024-11,Essex Police,Essex Police,0.531490,51.589539,On or near Cranfield Park Avenue,E01021312,Basildon 011F,Criminal damage and arson,Unable to prosecute suspect,
0fad2b0cb3f095c9593b6b4b7b2608819318ed616ab4c85dbf90c14ba7cac4df,2024-11,Essex Police,Essex Police,0.535681,51.575599,On or near Cornwall Road,E01021312,Basildon 011F,Drugs,Court result unavailable,
2ab89b45f6f06fb182149c8da5d799a006eefa25b03127c5af12b75c399421ea,2024-11,Essex Police,Essex Police,0.536195,51.574725,On or near Cross Road,E01021312,Basildon 011F,Other theft,Investigation complete; no suspect identified,
da8ff6d2353c3dab15795fa5ed9605f2ce7b1a0536e58bca0a0d8fb9e1b35136,2024-11,Essex Police,Essex Police,0.537829,51.583080,On or near North Benfleet Hall Road,E01021312,Basildon 011F,Other theft,Investigation complete; no suspect identified,
739c1b5250d067ab4eae714c3cfd43dc969d980c68e937a696798ba9c4698ec7,2024-11,Essex Police,Essex Police,0.542590,51.588193,On or near Harrow Road,E01021312,Basildon 011F,Possession of weapons,Unable to prosecute suspect,
02d843a7bb3a7c43c733a5e9accab8a1adeff02c0cf532329f5b7104d31c8eb6,2024-11,Essex Police,Essex Police,0.537829,51.583080,On or near North Benfleet Hall Road,E01021312,Basildon 011F,Vehicle crime,Investigation complete; no suspect identified,
5465adfec01526f57a38669cc9cdb246097fcfdf7bbea024a3b4bb6c9773c306,2024-11,Essex Police,Essex Police,0.532968,51.576395,On or near Pound Lane,E01021312,Basildon 011F,Vehicle crime,Investigation complete; no suspect identified,
0e78bc2e1bddbed7c64df83ce1251a0dcce0ea293533e229eded08de978f104d,2024-11,Essex Police,Essex Police,0.533891,51.571978,On or near Lee Road,E01021312,Basildon 011F,Vehicle crime,Investigation complete; no suspect identified,
9b287f62808d2ef283b93310c14e0b59ee5844254c313cbde75d0ca71430b6ad,2024-11,Essex Police,Essex Police,0.531490,51.589539,On or near Cranfield Park Avenue,E01021312,Basildon 011F,Violence and sexual offences,Unable to prosecute suspect,
beae64969e57f8e907484ccce181428bcc05b86e71bdc06af0a9b021dc9cc413,2024-11,Essex Police,Essex Police,0.531490,51.589539,On or near Cranfield Park Avenue,E01021312,Basildon 011F,Violence and sexual offences,Local resolution,
7ffb8c51ecd496024df318df0a8424470e537278319a8281d31f615fa64aeeac,2024-11,Essex Police,Essex Police,0.535681,51.575599,On or near Cornwall Road,E01021312,Basildon 011F,Violence and sexual offences,Court result unavailable,
0f4361898e27e0b4f8a9233ea7b95de9ed3096f2dd88e92566378629183a22e0,2024-11,Essex Police,Essex Police,0.537829,51.583080,On or near North Benfleet Hall Road,E01021312,Basildon 011F,Violence and sexual offences,Investigation complete; no suspect identified,
349c5f7a817ce1f3666e7d38005221396dcf4d38923355cd2fe597218dd23ed3,2024-11,Essex Police,Essex Police,0.535681,51.575599,On or near Cornwall Road,E01021312,Basildon 011F,Violence and sexual offences,Court result unavailable,
965e6cfba7e13051349e88a72e247ae4e9ea7fd8ec601adbca78d1667361fed8,2024-11,Essex Police,Essex Police,0.535681,51.575599,On or near Cornwall Road,E01021312,Basildon 011F,Violence and sexual offences,Unable to prosecute suspect,
,2024-11,Essex Police,Essex Police,0.476933,51.574714,On or near Saffron Drive,E01021265,Basildon 012A,Anti-social behaviour,,
5097f2ae78604bc43d74d2850fd8447d5a999bb83985730f9318d00a78777dab,2024-11,Essex Police,Essex Police,0.472359,51.575269,On or near Downey Close,E01021265,Basildon 012A,Criminal damage and arson,Local resolution,
dbdb2bc7d4441f3330f30a4dd77d9ea024987df4b5d3798cb3a4a3580f7310be,2024-11,Essex Police,Essex Police,0.473751,51.577245,On or near Orsett End,E01021265,Basildon 012A,Drugs,Unable to prosecute suspect,
a872656331adda3a791ba7991c2285a909bc4feda5f4659a11e747284cb99c24,2024-11,Essex Police,Essex Police,0.473751,51.577245,On or near Orsett End,E01021265,Basildon 012A,Other theft,Investigation complete; no suspect identified,
d72a3f6069923992e39ef95fa3b514d3064d216ae32ccbfc0de0de7dcee2f24f,2024-11,Essex Police,Essex Police,0.476933,51.574714,On or near Saffron Drive,E01021265,Basildon 012A,Public order,Investigation complete; no suspect identified,
ffd70b0e10f51345a96694b3a3273ac96a4fd0c748bf35942cb8adc04db69a05,2024-11,Essex Police,Essex Police,0.473751,51.577245,On or near Orsett End,E01021265,Basildon 012A,Vehicle crime,Investigation complete; no suspect identified,
386256d0a977c3591625c478b639ceeaf8bb4119ac061cae080056384fda8af2,2024-11,Essex Police,Essex Police,0.473751,51.577245,On or near Orsett End,E01021265,Basildon 012A,Vehicle crime,Unable to prosecute suspect,
46432981d71345110846efaa0f2e060b7c5411df959db47c856a08eb8dd847cf,2024-11,Essex Police,Essex Police,0.473751,51.577245,On or near Orsett End,E01021265,Basildon 012A,Violence and sexual offences,Unable to prosecute suspect,
99f410ab97dd5fa04af4b62510dd2671d3c2c0f0c28e46c25bcc98621329f7e6,2024-11,Essex Police,Essex Police,0.472359,51.575269,On or near Downey Close,E01021265,Basildon 012A,Violence and sexual offences,Unable to prosecute suspect,
ad4f6572caeea074ff98c37459e8c67c5ad4a5b6d4de318c01c5b4e6a6b081d1,2024-11,Essex Police,Essex Police,0.476933,51.574714,On or near Saffron Drive,E01021265,Basildon 012A,Violence and sexual offences,Unable to prosecute suspect,
de67988432a1815d45788996901a928621be963719d9810d59429c7bdb349036,2024-11,Essex Police,Essex Police,0.473510,51.574399,On or near Wykes Green,E01021265,Basildon 012A,Violence and sexual offences,Unable to prosecute suspect,
546e2014b8e93dcfb99d1f6895cb65464c16c084dd5bfcbb99b5c14074c91c06,2024-11,Essex Police,Essex Police,0.476933,51.574714,On or near Saffron Drive,E01021265,Basildon 012A,Violence and sexual offences,Unable to prosecute suspect,
4e822634de69701f084d6bf08ed17c48cb79576ecbfefe5a32266b5437f10b20,2024-11,Essex Police,Essex Police,0.473751,51.577245,On or near Orsett End,E01021265,Basildon 012A,Violence and sexual offences,Unable to prosecute suspect,
049e842a4365325b10ddebd81cbf0cd921ce5acf3201a6e8b5cc56ad4beafa9e,2024-11,Essex Police,Essex Police,0.476933,51.574714,On or near Saffron Drive,E01021265,Basildon 012A,Violence and sexual offences,Investigation complete; no suspect identified,
66f7979d4656f0d06fc8d49d689531f51551cff14a1f07b6a60cd76063b429fb,2024-11,Essex Police,Essex Police,0.476933,51.574714,On or near Saffron Drive,E01021265,Basildon 012A,Violence and sexual offences,Investigation complete; no suspect identified,
fbe8a2c9f4273e9a07468480bdac3df9ec5541528ef7c3f91ae3a6e4e4aa7cdc,2024-11,Essex Police,Essex Police,0.473301,51.575870,On or near Stradbroke Road,E01021265,Basildon 012A,Other crime,Further investigation is not in the public interest,
1ab9bb6bc3cd2d1481e62b6ab68970a7fa679e363db2802da5b216a393d9f49b,2024-11,Essex Police,Essex Police,0.478849,51.591252,On or near Shopping Area,E01021267,Basildon 012B,Bicycle theft,Investigation complete; no suspect identified,
168d70d0f37ef3486eeda4081c4734510a7187b304ebec1d1407657279d367d3,2024-11,Essex Police,Essex Police,0.480693,51.580687,On or near Maplestead,E01021267,Basildon 012B,Burglary,Investigation complete; no suspect identified,
e0aef08c871521ac12763ac26607bdfe3e9371e1237f23f8061d1ceca31a7a20,2024-11,Essex Police,Essex Police,0.482392,51.586694,On or near Braeburn Way,E01021267,Basildon 012B,Burglary,Investigation complete; no suspect identified,
51e8adfbc100cc66abdeb38ea478402a1f6df6d4cbec1bb6bc43ce3262addbd6,2024-11,Essex Police,Essex Police,0.486271,51.582385,On or near Whitmore Court,E01021267,Basildon 012B,Burglary,Investigation complete; no suspect identified,
d0004334d96e0a7b40f05bcd903e0f34ba7e8f23974f30114420a44924efc49b,2024-11,Essex Police,Essex Police,0.488796,51.580506,On or near The Fryth,E01021267,Basildon 012B,Criminal damage and arson,Unable to prosecute suspect,
b88630882a27bc5d190df90896245cf2b91ea5b426e49ab11e8f75f19f43ddab,2024-11,Essex Police,Essex Police,0.476489,51.590386,On or near Supermarket,E01021267,Basildon 012B,Criminal damage and arson,Investigation complete; no suspect identified,
cd888cb25d4f3c9d1482dc2cebd09915b07959637b9a486e06084b861f8cdb28,2024-11,Essex Police,Essex Police,0.486271,51.582385,On or near Whitmore Court,E01021267,Basildon 012B,Drugs,Investigation complete; no suspect identified,
5a32f2283c15c4b8eecc6684dd60a2f59b1c9951b65478d14f4873819964e5c2,2024-11,Essex Police,Essex Police,0.476489,51.590386,On or near Supermarket,E01021267,Basildon 012B,Other theft,Investigation complete; no suspect identified,
492a7298f91c55904f331090bfd62d14b4318c1b815069a91c7544f6d573b7bc,2024-11,Essex Police,Essex Police,0.476489,51.590386,On or near Supermarket,E01021267,Basildon 012B,Other theft,Investigation complete; no suspect identified,
c2c5c24bfe02f0047e4de6a7d0210f0a456cbe930bcc051c489e6fa154e09fd1,2024-11,Essex Police,Essex Police,0.478849,51.591252,On or near Shopping Area,E01021267,Basildon 012B,Other theft,Investigation complete; no suspect identified,
0ed1589911896368b733200ee6acb0e32d4cb5e810998728888d4dcf22fd6ee6,2024-11,Essex Police,Essex Police,0.478849,51.591252,On or near Shopping Area,E01021267,Basildon 012B,Other theft,Unable to prosecute suspect,
73a85d718c0aee365d5847947819a0a795bc72f1f2660172f07503a10df73c04,2024-11,Essex Police,Essex Police,0.476489,51.590386,On or near Supermarket,E01021267,Basildon 012B,Other theft,Investigation complete; no suspect identified,
741fbc7238479df5cac0e6832c0158f1f691ca8cad85067cdb7b40f65b0b3cd9,2024-11,Essex Police,Essex Police,0.476489,51.590386,On or near Supermarket,E01021267,Basildon 012B,Other theft,Investigation complete; no suspect identified,
204eae17cf05053331ed820849d0c833dd5e4167822f5db6ae584718dc15a3a0,2024-11,Essex Police,Essex Police,0.481260,51.582608,On or near Matching Green,E01021267,Basildon 012B,Public order,Investigation complete; no suspect identified,
c4805c41d8e28625752e099f3e1cb1708714b1ce303ece49c1ba271e2ef29831,2024-11,Essex Police,Essex Police,0.482856,51.587269,On or near Jazz Lane,E01021267,Basildon 012B,Public order,Investigation complete; no suspect identified,
eb022d70ff8259b71d23d3d053b40a1e21e4f385411ca925c90bc3d19133c4aa,2024-11,Essex Police,Essex Police,0.478849,51.591252,On or near Shopping Area,E01021267,Basildon 012B,Public order,Unable to prosecute suspect,
a1ef46f292f83ce7c822b6c90d528b0cb73c659fe212825eb1de563c60afdf8a,2024-11,Essex Police,Essex Police,0.489252,51.583312,On or near Holden Road,E01021267,Basildon 012B,Public order,Unable to prosecute suspect,
06c26075fc7fbcebeb5f0b173499656c703e58d3a2de33ec5445c2a39d292030,2024-11,Essex Police,Essex Police,0.476489,51.590386,On or near Supermarket,E01021267,Basildon 012B,Public order,Investigation complete; no suspect identified,
a349902c9031e3a4762cdf715dfe81c402beb28cb512c5c6549f2f13fb753688,2024-11,Essex Police,Essex Police,0.478849,51.591252,On or near Shopping Area,E01021267,Basildon 012B,Public order,Investigation complete; no suspect identified,
6748dd8e1e92b7c74022d9ffa4fbaa8976e03afc4eeaea7e7dc7675fca3f2e93,2024-11,Essex Police,Essex Police,0.478849,51.591252,On or near Shopping Area,E01021267,Basildon 012B,Shoplifting,Investigation complete; no suspect identified,
d76519c113537df52ed35641b613de5fc1ca7895bc6e93500715d5a314a0b31e,2024-11,Essex Police,Essex Police,0.478849,51.591252,On or near Shopping Area,E01021267,Basildon 012B,Shoplifting,Investigation complete; no suspect identified,
d20d68e7f2f875adb1ad3c1c5ebab21d24bdc11cf403657b25bdb10b7adc6be0,2024-11,Essex Police,Essex Police,0.478849,51.591252,On or near Shopping Area,E01021267,Basildon 012B,Shoplifting,Investigation complete; no suspect identified,
09446efa974664c04aa5de4770f0cf3760a6cf47d75cce364b475bc1a1b6bd1a,2024-11,Essex Police,Essex Police,0.478849,51.591252,On or near Shopping Area,E01021267,Basildon 012B,Shoplifting,Investigation complete; no suspect identified,
200c9549cc98e6543f4648e60379fcf9c4ab938e312503916ede0d30a40d5105,2024-11,Essex Police,Essex Police,0.478849,51.591252,On or near Shopping Area,E01021267,Basildon 012B,Shoplifting,Investigation complete; no suspect identified,
bca2b1ff8d26ccf763d10e42f1d49efd9e076ee97ff2b13dca8a44e57feda3b4,2024-11,Essex Police,Essex Police,0.478849,51.591252,On or near Shopping Area,E01021267,Basildon 012B,Shoplifting,Investigation complete; no suspect identified,
018869a7c815e936cc04140a294ab421d7830581af94b52034f9483cd7260cc2,2024-11,Essex Police,Essex Police,0.477465,51.591403,On or near Gardiners Link,E01021267,Basildon 012B,Shoplifting,Unable to prosecute suspect,
787063825c071d9d0607a5f97bd4f1528bc73b6beea4423d7a2ef41ec6d4cfd8,2024-11,Essex Police,Essex Police,0.478849,51.591252,On or near Shopping Area,E01021267,Basildon 012B,Shoplifting,Investigation complete; no suspect identified,
2ca7282ef8caaf277b4ef8940e325acae5f0bb39c6a6f4e4f85afa7315b7e062,2024-11,Essex Police,Essex Police,0.477465,51.591403,On or near Gardiners Link,E01021267,Basildon 012B,Shoplifting,Investigation complete; no suspect identified,
027b33d3b8c0f4ebebc6526ab5bda142337584420e5d795125327b2c6d82129a,2024-11,Essex Police,Essex Police,0.476489,51.590386,On or near Supermarket,E01021267,Basildon 012B,Shoplifting,Investigation complete; no suspect identified,
7bd7126425b12d47d3eac197c4f30697e6223c1b40ca658c079be8402c478cc8,2024-11,Essex Police,Essex Police,0.478849,51.591252,On or near Shopping Area,E01021267,Basildon 012B,Shoplifting,Investigation complete; no suspect identified,
3f7303626a880cf31cce836c9e6c11351f202489048cfe177dcfb943a05a8faa,2024-11,Essex Police,Essex Police,0.478849,51.591252,On or near Shopping Area,E01021267,Basildon 012B,Shoplifting,Unable to prosecute suspect,
941b69a996293ccc1eb7ad5368ff3bc71dff260230dc799215f7d7e1cc520b0a,2024-11,Essex Police,Essex Police,0.478849,51.591252,On or near Shopping Area,E01021267,Basildon 012B,Shoplifting,Investigation complete; no suspect identified,
6d7fa7f06a5205e1f506393f3206e2af907eafc9dd44b5d1ddc8fb4086c50189,2024-11,Essex Police,Essex Police,0.478849,51.591252,On or near Shopping Area,E01021267,Basildon 012B,Shoplifting,Investigation complete; no suspect identified,
be2fe0dcbda9978e0d740d421a8105e18dc14e40560dd54a1142051c0ee22935,2024-11,Essex Police,Essex Police,0.478849,51.591252,On or near Shopping Area,E01021267,Basildon 012B,Shoplifting,Unable to prosecute suspect,
9a018bf4f88ee46bc534f7225b6c5bce4270762c932103aa708f4f6dca316f16,2024-11,Essex Police,Essex Police,0.476489,51.590386,On or near Supermarket,E01021267,Basildon 012B,Vehicle crime,Investigation complete; no suspect identified,
9b6c1d3c51682903edef71c526095f6f65c56e9f610930692cef81df757abbfd,2024-11,Essex Police,Essex Police,0.476489,51.590386,On or near Supermarket,E01021267,Basildon 012B,Vehicle crime,Investigation complete; no suspect identified,
b05fdf4cd0d85677797f1dae547bd0b9aae327cc587b26dfba1f7e728bffc94c,2024-11,Essex Police,Essex Police,0.479872,51.579931,On or near Peldon Pavement,E01021267,Basildon 012B,Vehicle crime,Investigation complete; no suspect identified,
a13a800e0af71da92aa332972af4823e870a548517eeb4bb79b206ab75ff2449,2024-11,Essex Police,Essex Police,0.476489,51.590386,On or near Supermarket,E01021267,Basildon 012B,Vehicle crime,Investigation complete; no suspect identified,
99ba719899a3150ab7648effb04f5a5af6e03465b3ca4aaf131f2ad0782a6eac,2024-11,Essex Police,Essex Police,0.482856,51.587269,On or near Jazz Lane,E01021267,Basildon 012B,Violence and sexual offences,Unable to prosecute suspect,
402033ceafe61c622ddd114f53d4ba831f58e756f9f7d2b6dcd1461ce4509f0b,2024-11,Essex Police,Essex Police,0.484953,51.583097,On or near Sports/Recreation Area,E01021267,Basildon 012B,Violence and sexual offences,Unable to prosecute suspect,
d8d0d266831628a4557538b9e1630e491046ec3848d424566ca1280ff5184011,2024-11,Essex Police,Essex Police,0.488796,51.580506,On or near The Fryth,E01021267,Basildon 012B,Violence and sexual offences,Unable to prosecute suspect,
e6f180c4c92913a1361ed2371555c268d6d6f2ef6b932c49673844e21a9e9f17,2024-11,Essex Police,Essex Police,0.482075,51.580613,On or near Danbury Down,E01021267,Basildon 012B,Violence and sexual offences,Unable to prosecute suspect,
786043c507d19e878d336d1535f6742119d5b6aa82982f8bbd69a358dea7c3a3,2024-11,Essex Police,Essex Police,0.484953,51.583097,On or near Sports/Recreation Area,E01021267,Basildon 012B,Violence and sexual offences,Court result unavailable,
9ef5b4da88948ea60d2e6172e70b4ae60b427d68668f246ecad1d1b8aba9f862,2024-11,Essex Police,Essex Police,0.479541,51.579407,On or near Roydon Bridge,E01021267,Basildon 012B,Violence and sexual offences,Unable to prosecute suspect,
ec73c711cdf4a825ad104c8296b6a5b44f3b0fefb939fc67aab18724137677ff,2024-11,Essex Police,Essex Police,0.479541,51.579407,On or near Roydon Bridge,E01021267,Basildon 012B,Violence and sexual offences,Investigation complete; no suspect identified,
ee6a3944e3c8d35496167939be2662ad7272107c3bbafd1ffadedb234d31fe63,2024-11,Essex Police,Essex Police,0.479541,51.579407,On or near Roydon Bridge,E01021267,Basildon 012B,Violence and sexual offences,Unable to prosecute suspect,
6cebad9eff07d21286f0523a447a5178e0744b84288ed990e76d554a3ced74c7,2024-11,Essex Police,Essex Police,0.482856,51.587269,On or near Jazz Lane,E01021267,Basildon 012B,Other crime,Formal action is not in the public interest,
313b63a670dbca7e9bd5d91636e6d91617b8dbdd183bcf4c5bed8de3f6de6a19,2024-11,Essex Police,Essex Police,0.486271,51.582385,On or near Whitmore Court,E01021267,Basildon 012B,Other crime,Investigation complete; no suspect identified,
,2024-11,Essex Police,Essex Police,0.493365,51.584870,On or near Montague Side,E01021269,Basildon 012C,Anti-social behaviour,,
,2024-11,Essex Police,Essex Police,0.495905,51.581956,On or near Everard Road,E01021269,Basildon 012C,Anti-social behaviour,,
3df5472867afcfcac2398aa41b19898857aed4c8d798530d5887b938cdbecc07,2024-11,Essex Police,Essex Police,0.490526,51.581531,On or near Barrington Close,E01021269,Basildon 012C,Criminal damage and arson,Investigation complete; no suspect identified,
9ce848d942add5cfb1478f4316c56db487ecc7a5be1bb4ecfb1652de3b1175c1,2024-11,Essex Police,Essex Police,0.489399,51.580197,On or near Southcote Row,E01021269,Basildon 012C,Criminal damage and arson,Investigation complete; no suspect identified,
79624a4616673488fb99ddb73a643de3c6c862a8c1e55436c2275de423d41ae9,2024-11,Essex Police,Essex Police,0.493365,51.584870,On or near Montague Side,E01021269,Basildon 012C,Criminal damage and arson,Unable to prosecute suspect,
70d2298721936ca767739d7e26fc9102cfa5d95e9aeb769f954e4dfebd1460f5,2024-11,Essex Police,Essex Police,0.495732,51.585395,On or near Montague Street,E01021269,Basildon 012C,Other theft,Investigation complete; no suspect identified,
cdee6c30fc6da4b404b55c77959866bdf716861d743e3ac740d202a0d3b83e3a,2024-11,Essex Police,Essex Police,0.495732,51.585395,On or near Montague Street,E01021269,Basildon 012C,Possession of weapons,Investigation complete; no suspect identified,
c6bb053db9fff7af51baeae13834dd02a25f546486606442bf60036be5cdde0f,2024-11,Essex Police,Essex Police,0.493365,51.584870,On or near Montague Side,E01021269,Basildon 012C,Possession of weapons,Court result unavailable,
5eb3e74ed5de9cd8dd8759716c5500283f56eeb3995b9fe65f288f93e7b293c2,2024-11,Essex Police,Essex Police,0.493365,51.584870,On or near Montague Side,E01021269,Basildon 012C,Public order,Court result unavailable,
aef2513f77d8c2a3cbc0d35273d638d4536266240e34bdbb15aa026e8ebcc078,2024-11,Essex Police,Essex Police,0.493365,51.584870,On or near Montague Side,E01021269,Basildon 012C,Robbery,Court result unavailable,
92293d6dc33f9bd954d1e7125c1559828843ab42d9131b1f4da9f2a01d56e46a,2024-11,Essex Police,Essex Police,0.493365,51.584870,On or near Montague Side,E01021269,Basildon 012C,Shoplifting,Investigation complete; no suspect identified,
ae7931a89dd15693e2f7037383e3ab903c35cd6cfde13dcf477f930c45cea057,2024-11,Essex Police,Essex Police,0.498214,51.585378,On or near Petrol Station,E01021269,Basildon 012C,Shoplifting,Court result unavailable,
81f975416e42f5748b348e17cc02abbc0ae9b1829a65ba4859c09318be8890a9,2024-11,Essex Police,Essex Police,0.498214,51.585378,On or near Petrol Station,E01021269,Basildon 012C,Shoplifting,Investigation complete; no suspect identified,
5358dcff70a9c2ea5f40b8e224be2050c24acb3f2736a70de116d07186bf425e,2024-11,Essex Police,Essex Police,0.493365,51.584870,On or near Montague Side,E01021269,Basildon 012C,Shoplifting,Investigation complete; no suspect identified,
4117450eab2adae33a47ceebeb7d9ff28417acd53b79d6c8669b7c0cbe97b9be,2024-11,Essex Police,Essex Police,0.498214,51.585378,On or near Petrol Station,E01021269,Basildon 012C,Shoplifting,Court result unavailable,
42f633ab2d5a1009f6903c7154396f502989c939e9b964cd9880a2bd88173135,2024-11,Essex Police,Essex Police,0.498214,51.585378,On or near Petrol Station,E01021269,Basildon 012C,Shoplifting,Court result unavailable,
9dc1a3e51cfa2ad464e4031e8f28a531ffdd8cbadc6358f9e56cb5a5cbd81bac,2024-11,Essex Police,Essex Police,0.498214,51.585378,On or near Petrol Station,E01021269,Basildon 012C,Shoplifting,Investigation complete; no suspect identified,
dc2575592172ccab5c739d2af59e418c0da0668454459b91ca9a7d847ddb3ea6,2024-11,Essex Police,Essex Police,0.498214,51.585378,On or near Petrol Station,E01021269,Basildon 012C,Shoplifting,Unable to prosecute suspect,
5dd51df1d865120b6a61ef7a72470964e67b374a26f5590f4675af315b1e8b4c,2024-11,Essex Police,Essex Police,0.498214,51.585378,On or near Petrol Station,E01021269,Basildon 012C,Shoplifting,Court result unavailable,
fe3fefdc40f3d7c4bc41b0905f9a34be3bd01ba33c212510d579827dcb2f430b,2024-11,Essex Police,Essex Police,0.498214,51.585378,On or near Petrol Station,E01021269,Basildon 012C,Shoplifting,Unable to prosecute suspect,
6beb43b87b090fa3ba6c1b27cfe307e8a36a888f6516b9c996f07f827e336700,2024-11,Essex Police,Essex Police,0.498214,51.585378,On or near Petrol Station,E01021269,Basildon 012C,Shoplifting,Court result unavailable,
82b92d73efded4e551a27f716fe0195691b64cb237f73fe51c8eb7cefdf4a6e8,2024-11,Essex Police,Essex Police,0.498214,51.585378,On or near Petrol Station,E01021269,Basildon 012C,Shoplifting,Court result unavailable,
120840bb47c4d666be50f6238efb787fff4bf0b33d176a868b3fbe4446f4e425,2024-11,Essex Police,Essex Police,0.498214,51.585378,On or near Petrol Station,E01021269,Basildon 012C,Shoplifting,Court result unavailable,
0e1ac633ca3738c0160ed2d8357e12e0ced4b136a1241a48722be5ba15b72007,2024-11,Essex Police,Essex Police,0.498214,51.585378,On or near Petrol Station,E01021269,Basildon 012C,Shoplifting,Unable to prosecute suspect,
b57dfab1d4a860efa8b063d102f8dab35f0332891af4dcaf07d5ffd2dd4e3f71,2024-11,Essex Police,Essex Police,0.498214,51.585378,On or near Petrol Station,E01021269,Basildon 012C,Shoplifting,Court result unavailable,
6078069cd04d647524bce5d833b9b69cb29fc5e931e9533d9a8b45b4909e74e3,2024-11,Essex Police,Essex Police,0.498214,51.585378,On or near Petrol Station,E01021269,Basildon 012C,Shoplifting,Court result unavailable,
c04cbaedcdf7bc8360150043b07281230ef992fe5a2e938d25a40a73dc7356fa,2024-11,Essex Police,Essex Police,0.498214,51.585378,On or near Petrol Station,E01021269,Basildon 012C,Shoplifting,Investigation complete; no suspect identified,
268d19c536a29a8fac13caa805cc33b4cd23ef9887bfc0fd12876252127e0fd8,2024-11,Essex Police,Essex Police,0.498214,51.585378,On or near Petrol Station,E01021269,Basildon 012C,Shoplifting,Unable to prosecute suspect,
f728b9227a18549bedbfb03044bcf3a05b40004b5fe6a6a72d08495fc80fc78e,2024-11,Essex Police,Essex Police,0.498214,51.585378,On or near Petrol Station,E01021269,Basildon 012C,Shoplifting,Unable to prosecute suspect,
8f7dad1731c7d6fc52d717edf49f7bcce6198a44906b4cc3ed8370f889dd8d8c,2024-11,Essex Police,Essex Police,0.498214,51.585378,On or near Petrol Station,E01021269,Basildon 012C,Vehicle crime,Court result unavailable,
a4bff7ee005dfe9df0b6dd4a7cd9d9dcb4e14b6a10d179f14b1c21094c68ad5c,2024-11,Essex Police,Essex Police,0.493799,51.582774,On or near Pendle Drive,E01021269,Basildon 012C,Vehicle crime,Investigation complete; no suspect identified,
660a5480fba3a34f7d51a2fcc51581e9d410f22e023f016415d51c9f2c65ddc1,2024-11,Essex Police,Essex Police,0.495905,51.581956,On or near Everard Road,E01021269,Basildon 012C,Vehicle crime,Investigation complete; no suspect identified,
38603d6c2c5906d090a4d073298ae2ea80ad2625cf6326917aafa654c24eeec7,2024-11,Essex Police,Essex Police,0.495049,51.581363,On or near Holbech Road,E01021269,Basildon 012C,Violence and sexual offences,Unable to prosecute suspect,
63e36d56e5ba8ae3f322bf1010282140a6c55f2e7d512fdbf2772da8d4ceaec5,2024-11,Essex Police,Essex Police,0.495049,51.581363,On or near Holbech Road,E01021269,Basildon 012C,Violence and sexual offences,Unable to prosecute suspect,
bbb534f3b2c111b13b4155bf3bcf7f62a288265c58dd3001e1678c2ae68398ae,2024-11,Essex Police,Essex Police,0.490446,51.579284,On or near Chesterford Gardens,E01021269,Basildon 012C,Violence and sexual offences,Investigation complete; no suspect identified,
eff6618d065d275844e32b40a3dfcc07466c1152c8fe8769383237259bb39a30,2024-11,Essex Police,Essex Police,0.498214,51.585378,On or near Petrol Station,E01021269,Basildon 012C,Other crime,Court result unavailable,
,2024-11,Essex Police,Essex Police,0.487112,51.575056,On or near Nightingale Grove,E01021270,Basildon 012D,Anti-social behaviour,,
70e1cc6406e31134f7cb0f6a96c1f72d9848cb74056a5712c91bbbe236926ad8,2024-11,Essex Police,Essex Police,0.483564,51.577739,On or near Beeleigh East,E01021270,Basildon 012D,Bicycle theft,Investigation complete; no suspect identified,
43775f15a75aa27242e5cd34d096991a62269cb504edb0e46477ba07ee342ca7,2024-11,Essex Police,Essex Police,0.482644,51.575169,On or near Goldhanger Cross,E01021270,Basildon 012D,Burglary,Investigation complete; no suspect identified,
f84e9c6fafe3c82db70799fe68a721f0637abf5ea8916a48b71109823d66d362,2024-11,Essex Police,Essex Police,0.485646,51.580166,On or near Sports/Recreation Area,E01021270,Basildon 012D,Criminal damage and arson,Investigation complete; no suspect identified,
2fd5fc7ab58a211ddc0b5b279f069f904ceac85e497cd6eba19a6f2b00327e79,2024-11,Essex Police,Essex Police,0.486179,51.578592,On or near Pankhurst Drive,E01021270,Basildon 012D,Criminal damage and arson,Investigation complete; no suspect identified,
6cd47349f133de55a387540881835f18d328b344b5fe43cc69ade5f581e99cb0,2024-11,Essex Police,Essex Police,0.483791,51.575549,On or near Pattiswick Square,E01021270,Basildon 012D,Criminal damage and arson,Investigation complete; no suspect identified,
e4f7096711122cbafd0912c67391203f6701879fd5c8912d1f034e1be85d9837,2024-11,Essex Police,Essex Police,0.489595,51.577171,On or near Stephenson Drive,E01021270,Basildon 012D,Drugs,Local resolution,
bab06409f812af4f92965d1cfbc0c878e28ff10e982a574f10baa10fc8c7899d,2024-11,Essex Police,Essex Police,0.486179,51.578592,On or near Pankhurst Drive,E01021270,Basildon 012D,Other theft,Investigation complete; no suspect identified,
a896dc174be4f7f7ae90013630d5d0914024ea489bbda432dfe0136ba3b86515,2024-11,Essex Police,Essex Police,0.489595,51.577171,On or near Stephenson Drive,E01021270,Basildon 012D,Possession of weapons,Court result unavailable,
11e1e3bcfd0050141398b062a192468df6a8fa69dda471c6d99e4a455d085914,2024-11,Essex Police,Essex Police,0.487112,51.575056,On or near Nightingale Grove,E01021270,Basildon 012D,Violence and sexual offences,Unable to prosecute suspect,
5f125cb9d74ad6fc87ae58fb1c698811ae2d39a48a948e9b8dc589942aa1c6e9,2024-11,Essex Police,Essex Police,0.489661,51.576792,On or near Blackwater Way,E01021270,Basildon 012D,Violence and sexual offences,Investigation complete; no suspect identified,
d6f623e58da13cb0affa832d560a994fbebd0c490b6784863ca7680066a25ff9,2024-11,Essex Police,Essex Police,0.482644,51.575169,On or near Goldhanger Cross,E01021270,Basildon 012D,Violence and sexual offences,Unable to prosecute suspect,
f4b784b6cabfec3fd60bfe296ce7d11ed1bd623c88525b620f00bf77ad69fc7c,2024-11,Essex Police,Essex Police,0.483791,51.575549,On or near Pattiswick Square,E01021270,Basildon 012D,Other crime,Formal action is not in the public interest,
e7f54cfeb833729a22b3d5b02a738d880d934ed38a6bc2c46681a385b14c8285,2024-11,Essex Police,Essex Police,0.485646,51.580166,On or near Sports/Recreation Area,E01021270,Basildon 012D,Other crime,Unable to prosecute suspect,
,2024-11,Essex Police,Essex Police,0.481821,51.577273,On or near Beeleigh Cross,E01021272,Basildon 012E,Anti-social behaviour,,
f527306b7b1359f9723798e1de64c4951067f4b0f3212d90418c67c80e3cea30,2024-11,Essex Police,Essex Police,0.470859,51.583008,On or near Cranes Farm Road,E01021272,Basildon 012E,Criminal damage and arson,Unable to prosecute suspect,
7ef1b4d9e52e16635e48e48f84a4e4e104410fb25ba2976eb1a8cc6e7c37d4c8,2024-11,Essex Police,Essex Police,0.482919,51.577043,On or near Rundells Walk,E01021272,Basildon 012E,Criminal damage and arson,Investigation complete; no suspect identified,
2d100bff4826a6f54655ff61717719734f994879976a9aa9434a8ec85b22e858,2024-11,Essex Police,Essex Police,0.475472,51.577552,On or near Petrol Station,E01021272,Basildon 012E,Criminal damage and arson,Unable to prosecute suspect,
87bc4558553bc31670b813d130403e54fa7b07fb2d759ee8a7e6818684bc7ec2,2024-11,Essex Police,Essex Police,0.475472,51.577552,On or near Petrol Station,E01021272,Basildon 012E,Other theft,Unable to prosecute suspect,
4ac81ec6fab5e8c9768157b98ba91b4644e08e859dcdccd5a319eeb6ac546a79,2024-11,Essex Police,Essex Police,0.475638,51.577187,On or near Havalon Close,E01021272,Basildon 012E,Public order,Investigation complete; no suspect identified,
91d81359ddd31f11da85df232cd896e2a4a7817b923f450f77600b5b868b7220,2024-11,Essex Police,Essex Police,0.477433,51.578867,On or near Whitmore Way,E01021272,Basildon 012E,Public order,Unable to prosecute suspect,
3cb5002d2ede1b9b3dd808ead513823e26a01b618c0762ad15f39dcabf6bf90c,2024-11,Essex Police,Essex Police,0.480699,51.578672,On or near Quilters Straight,E01021272,Basildon 012E,Public order,Unable to prosecute suspect,
4f2d5fe4142ff7e240d4ed094f3ee9e889d5b6a6e5a918a041abe483a370db28,2024-11,Essex Police,Essex Police,0.477093,51.576599,On or near Cattawade End,E01021272,Basildon 012E,Violence and sexual offences,Unable to prosecute suspect,
9f19e6419e4c1192d73d122c236852557a761135b2a2f265b0735fa29c44e3df,2024-11,Essex Police,Essex Police,0.481821,51.577273,On or near Beeleigh Cross,E01021272,Basildon 012E,Violence and sexual offences,Unable to prosecute suspect,
8355d5c85e418a414abbc7ee38116cc967cb9de59d0c4bd205cf5cc7bfc39220,2024-11,Essex Police,Essex Police,0.477419,51.580729,On or near Great Spenders,E01021272,Basildon 012E,Violence and sexual offences,Unable to prosecute suspect,
b9eb185d0e09a4e0c2dcab65c7ffd28e74039be853573ed06d801f491fe3215a,2024-11,Essex Police,Essex Police,0.478725,51.579011,On or near Quilters Close,E01021272,Basildon 012E,Violence and sexual offences,Investigation complete; no suspect identified,
e05778397e44b8d9dfb789aa13e0a9555844fa40fcd6d28b3c67ec8344052c43,2024-11,Essex Police,Essex Police,0.492140,51.574365,On or near Kennet Way,E01021271,Basildon 013A,Criminal damage and arson,Court result unavailable,
1d7c2f13f84a9be9d72a84e207be1dc3b18205aa27cd85a2cbdf4cb05c00a271,2024-11,Essex Police,Essex Police,0.487608,51.577789,On or near Tyndale Avenue,E01021271,Basildon 013A,Criminal damage and arson,Investigation complete; no suspect identified,
46a8e49cf25401412ec47330ddc2a96e1e5ab15dd428e375dcf5d362d25af4b2,2024-11,Essex Police,Essex Police,0.492625,51.575838,On or near Jordan Way,E01021271,Basildon 013A,Criminal damage and arson,Investigation complete; no suspect identified,
1689dbd428109d6bffc3f2c57167b95b9f6562aa671d773d459d3f988a622901,2024-11,Essex Police,Essex Police,0.492140,51.574365,On or near Kennet Way,E01021271,Basildon 013A,Other theft,Unable to prosecute suspect,
90d1707718ea61460ea15a19a3820ac2c89899fea9e005921e4efa36c7b652e8,2024-11,Essex Police,Essex Police,0.489621,51.577917,On or near Faraday Way,E01021271,Basildon 013A,Possession of weapons,Unable to prosecute suspect,
10f2e9f751995f3e2ece62e39ed1306c41cd9f5e95e4c440b1dc3fe827b15ecc,2024-11,Essex Police,Essex Police,0.493443,51.578132,On or near Humber Way,E01021271,Basildon 013A,Public order,Unable to prosecute suspect,
a93a0b60607d9a9928bbef26479b0449d5c0117915bf698445961312d65f232c,2024-11,Essex Police,Essex Police,0.492140,51.574365,On or near Kennet Way,E01021271,Basildon 013A,Public order,Investigation complete; no suspect identified,
eb1d2731d47f0fc52c98432e2d96450caa7ba849a0f873e6e4ed9c1c119acec3,2024-11,Essex Police,Essex Police,0.489446,51.575501,On or near Avon Way,E01021271,Basildon 013A,Robbery,Court result unavailable,
788dc633dc72c97d1a457b4db8a9dc0acbcadeda0ddfd6b4e35ed535eb7c7bef,2024-11,Essex Police,Essex Police,0.492140,51.574365,On or near Kennet Way,E01021271,Basildon 013A,Vehicle crime,Investigation complete; no suspect identified,
a213ab2f559f7a90b9e8799602dbe09caee8dbd9696674e7de3ed1fe99fc4022,2024-11,Essex Police,Essex Police,0.492140,51.574365,On or near Kennet Way,E01021271,Basildon 013A,Vehicle crime,Unable to prosecute suspect,
bafb7a2fb9fac91712f7f121b6648f99df5cad1c4a6a347e8cecb55e2a68f770,2024-11,Essex Police,Essex Police,0.489192,51.577989,On or near Newton Road,E01021271,Basildon 013A,Vehicle crime,Investigation complete; no suspect identified,
ab5002c92c43b4c3bf99ae47a2d925253e03b9d6680a966bedaa9878fcee9b67,2024-11,Essex Police,Essex Police,0.491311,51.577413,On or near Britten Avenue,E01021271,Basildon 013A,Violence and sexual offences,Unable to prosecute suspect,
ff24571c0addccc7fc11e1ddd67808549e80c193e648bf76572a34d0e78d89a4,2024-11,Essex Police,Essex Police,0.492140,51.574365,On or near Kennet Way,E01021271,Basildon 013A,Violence and sexual offences,Unable to prosecute suspect,
986a2cb991a224d7c46a036d0629e46a0bb95b86e48628a3609f854bf18f8f1a,2024-11,Essex Police,Essex Police,0.492625,51.575838,On or near Jordan Way,E01021271,Basildon 013A,Violence and sexual offences,Unable to prosecute suspect,
347bc3c70d16ef43b92fc38701c8b8a62669a0bdea2182984377626f041adc42,2024-11,Essex Police,Essex Police,0.489621,51.577917,On or near Faraday Way,E01021271,Basildon 013A,Violence and sexual offences,Unable to prosecute suspect,
dd4e51cbd31488be00ab0b99ebd21348f3285bdcca61cf9cdc69ceb44b2ce587,2024-11,Essex Police,Essex Police,0.492140,51.574365,On or near Kennet Way,E01021271,Basildon 013A,Violence and sexual offences,Investigation complete; no suspect identified,
4bba5fa9c18861eefd0d44bf5f4d6e0a39bd566818dabb63205c8eac9701aa32,2024-11,Essex Police,Essex Police,0.492625,51.575838,On or near Jordan Way,E01021271,Basildon 013A,Violence and sexual offences,Unable to prosecute suspect,
b60cdb5a9ce75e2dabd80b7e067a5bfdad7232877294d115b04f5a4150c41a5f,2024-11,Essex Police,Essex Police,0.492625,51.575838,On or near Jordan Way,E01021271,Basildon 013A,Violence and sexual offences,Unable to prosecute suspect,
3527e4113bd004d7b6a92fdd020c766b3b45d5949ac406e180a9ab56785adf58,2024-11,Essex Police,Essex Police,0.489621,51.577917,On or near Faraday Way,E01021271,Basildon 013A,Violence and sexual offences,Court result unavailable,
c9fa9c6657556f7af48ca5e5dc4f1e0a12a4b72ad69b1dd4bdf117d8ab1f7e95,2024-11,Essex Police,Essex Police,0.489315,51.574695,On or near Lark Way,E01021271,Basildon 013A,Violence and sexual offences,Action to be taken by another organisation,
bfaa25b6bb21f4ca34b10d739bfd62928493a0aab780155e0990f9a0560e22fd,2024-11,Essex Police,Essex Police,0.489621,51.577917,On or near Faraday Way,E01021271,Basildon 013A,Violence and sexual offences,Investigation complete; no suspect identified,
705ba1eb2506e3b1be455c104246cce657e3cbb3acfdb81528835d408e5c9516,2024-11,Essex Police,Essex Police,0.489621,51.577917,On or near Faraday Way,E01021271,Basildon 013A,Violence and sexual offences,Unable to prosecute suspect,
b60ef2ee0ef317901f6b5278fa26c4d2348ba240f4e30987bcaaf489ce022e9c,2024-11,Essex Police,Essex Police,0.489621,51.577917,On or near Faraday Way,E01021271,Basildon 013A,Violence and sexual offences,Court result unavailable,
e27ae026af05ac8c20736b0c1f017817df7e917f5ef79aea63eade4053822345,2024-11,Essex Police,Essex Police,0.492625,51.575838,On or near Jordan Way,E01021271,Basildon 013A,Other crime,Investigation complete; no suspect identified,
,2024-11,Essex Police,Essex Police,0.498927,51.579167,On or near Parking Area,E01021302,Basildon 013B,Anti-social behaviour,,
,2024-11,Essex Police,Essex Police,0.499807,51.578887,On or near Northlands Place,E01021302,Basildon 013B,Anti-social behaviour,,
,2024-11,Essex Police,Essex Police,0.506190,51.579731,On or near Bartlow Side,E01021302,Basildon 013B,Anti-social behaviour,,
,2024-11,Essex Police,Essex Police,0.499807,51.578887,On or near Northlands Place,E01021302,Basildon 013B,Anti-social behaviour,,
,2024-11,Essex Police,Essex Police,0.499807,51.578887,On or near Northlands Place,E01021302,Basildon 013B,Anti-social behaviour,,
,2024-11,Essex Police,Essex Police,0.499807,51.578887,On or near Northlands Place,E01021302,Basildon 013B,Anti-social behaviour,,
3ef05b7fb1f3ec52de1c94e60f212383605a154292aecadfda10ce203f3a1ca6,2024-11,Essex Police,Essex Police,0.498927,51.579167,On or near Parking Area,E01021302,Basildon 013B,Criminal damage and arson,Offender given a caution,
cf6179fa751b94e8d976f9aee79852d11801f32d290f53a773dde531b785bd61,2024-11,Essex Police,Essex Police,0.506190,51.579731,On or near Bartlow Side,E01021302,Basildon 013B,Criminal damage and arson,Unable to prosecute suspect,
65ddfdef462943ef505ff1695156945220456c1d8ebd42cfa86c4f01afa95cec,2024-11,Essex Police,Essex Police,0.505031,51.579136,On or near Malyons Green,E01021302,Basildon 013B,Criminal damage and arson,Investigation complete; no suspect identified,
564140d805936607ffb1c88c43a6dccbeeeb7974ff8a65af815fdb26a0d4dfad,2024-11,Essex Police,Essex Police,0.506190,51.579731,On or near Bartlow Side,E01021302,Basildon 013B,Public order,Investigation complete; no suspect identified,
9206bd5d31dcef45d5b98c607914ab78635c5742d1e43a009bc3de24cfd26817,2024-11,Essex Police,Essex Police,0.506190,51.579731,On or near Bartlow Side,E01021302,Basildon 013B,Public order,Investigation complete; no suspect identified,
1b2da05036928ba7e3a447d9f69178643350d9db3a7c10ee78951bb4f9296a5a,2024-11,Essex Police,Essex Police,0.499807,51.578887,On or near Northlands Place,E01021302,Basildon 013B,Robbery,Unable to prosecute suspect,
e2b1a053d418496ebece2ba503f02ed485168bb7c96b1bed74fbef20c90ac9d4,2024-11,Essex Police,Essex Police,0.506190,51.579731,On or near Bartlow Side,E01021302,Basildon 013B,Shoplifting,Unable to prosecute suspect,
49f4f402911e9d416c00ffc573c00a5db29bd2b8b5bd72af76983ed92bc9f6b7,2024-11,Essex Police,Essex Police,0.506190,51.579731,On or near Bartlow Side,E01021302,Basildon 013B,Shoplifting,Investigation complete; no suspect identified,
ecde154c470c324903878798466230ff19b8a27db0b0a751e799abc3cd9123b4,2024-11,Essex Police,Essex Police,0.506190,51.579731,On or near Bartlow Side,E01021302,Basildon 013B,Shoplifting,Unable to prosecute suspect,
176797a70fa73cd71d6b9570bbdfc0a4ea187413981464ebe520dea202998422,2024-11,Essex Police,Essex Police,0.506190,51.579731,On or near Bartlow Side,E01021302,Basildon 013B,Shoplifting,Action to be taken by another organisation,
d94b7e417699096bbd00e90386fb860e85bc52432185ef155029c63198f37146,2024-11,Essex Police,Essex Police,0.506190,51.579731,On or near Bartlow Side,E01021302,Basildon 013B,Shoplifting,Court result unavailable,
826c45209eae6010efc70f897546f0a3b656c9ff4fc9c04ee9770bf7e45c10a3,2024-11,Essex Police,Essex Police,0.506190,51.579731,On or near Bartlow Side,E01021302,Basildon 013B,Shoplifting,Investigation complete; no suspect identified,
806cb8aa438dc3c2a6aa5766d019bcde3868461ab51836888c887026d3cbe571,2024-11,Essex Police,Essex Police,0.506190,51.579731,On or near Bartlow Side,E01021302,Basildon 013B,Shoplifting,Investigation complete; no suspect identified,
f479103c85db19536b3f88aa89f7272edaee6827b355ecf8709c7cc5708a5a4e,2024-11,Essex Police,Essex Police,0.506190,51.579731,On or near Bartlow Side,E01021302,Basildon 013B,Shoplifting,Investigation complete; no suspect identified,
64999a29593049b65654920ebac47414a0fe97354b7c1df591dee680c459811f,2024-11,Essex Police,Essex Police,0.498927,51.579167,On or near Parking Area,E01021302,Basildon 013B,Vehicle crime,Court result unavailable,
d6cd3f877c20302f526ccd476579e6fbdbc977bc7119a4bc7797db9ff6a66bea,2024-11,Essex Police,Essex Police,0.499807,51.578887,On or near Northlands Place,E01021302,Basildon 013B,Vehicle crime,Investigation complete; no suspect identified,
e9fec97d45253fd7cb3c1470e806ae5795c9282c16ad6b05601b9e5c0cea819d,2024-11,Essex Police,Essex Police,0.503327,51.580161,On or near Winstree,E01021302,Basildon 013B,Vehicle crime,Investigation complete; no suspect identified,
8da0bcbdeeac34702048ae098ae8b8c23fb0427a282aa5327b033826341a6745,2024-11,Essex Police,Essex Police,0.506190,51.579731,On or near Bartlow Side,E01021302,Basildon 013B,Violence and sexual offences,Investigation complete; no suspect identified,
c2b717b25d0b8bfc674674cc5324498eeaa9297aa7e4f91ed3b08f76829b3f51,2024-11,Essex Police,Essex Police,0.498927,51.579167,On or near Parking Area,E01021302,Basildon 013B,Violence and sexual offences,Unable to prosecute suspect,
4571822415d822e157770bc6e0753de9170e07a874d8f664b323c63195c87741,2024-11,Essex Police,Essex Police,0.503327,51.580161,On or near Winstree,E01021302,Basildon 013B,Violence and sexual offences,Court result unavailable,
cf691c8afe8ad88680a93bfaf68fb48e01485f2dc7454e2303b197ba7dcfcae4,2024-11,Essex Police,Essex Police,0.499807,51.578887,On or near Northlands Place,E01021302,Basildon 013B,Violence and sexual offences,Unable to prosecute suspect,
ce7ccc820fd6030f152444084b34a31bb45a110696c17e773c7dc2cff281a7a9,2024-11,Essex Police,Essex Police,0.502015,51.579398,On or near Felmores,E01021302,Basildon 013B,Violence and sexual offences,Investigation complete; no suspect identified,
897f775402c3737b4bdef3806c325813f5738a72d85a7a014625bffa472762ff,2024-11,Essex Police,Essex Police,0.504162,51.578552,On or near Malyons,E01021302,Basildon 013B,Violence and sexual offences,Court result unavailable,
8d6d3bfb91bf009d1fb6f5b0c34e12fa4c3fc4fac85ddf67b9a5fdd8f050b6cb,2024-11,Essex Police,Essex Police,0.504856,51.577260,On or near Malyons Mews,E01021302,Basildon 013B,Violence and sexual offences,Unable to prosecute suspect,
3c646f5afaa2a829462b5d86e16b4eb76cec7fb8d42f2c11346d105d260ea4b0,2024-11,Essex Police,Essex Police,0.498927,51.579167,On or near Parking Area,E01021302,Basildon 013B,Violence and sexual offences,Investigation complete; no suspect identified,
070d8b600d426c9114a1e213bcfe795aa84e0207bbaa58bc8f7936ae401ad72e,2024-11,Essex Police,Essex Police,0.505906,51.575888,On or near Plumleys,E01021304,Basildon 013C,Criminal damage and arson,Investigation complete; no suspect identified,
8c6e8e3e7694b95075eceeaf4bb950ac323e876faff6647a5fc3156be0235e97,2024-11,Essex Police,Essex Police,0.505906,51.575888,On or near Plumleys,E01021304,Basildon 013C,Criminal damage and arson,Investigation complete; no suspect identified,
4f3a848e93b9e9915673dd768195bf6c6addc99fdc561e1fa7635470109f6e15,2024-11,Essex Police,Essex Police,0.508712,51.573895,On or near Eastbrooks Mews,E01021304,Basildon 013C,Drugs,Investigation complete; no suspect identified,
f772648fc832957b835b9446b7efe3aa56b0abbf1297b264d1b30fbd9f150166,2024-11,Essex Police,Essex Police,0.506941,51.572925,On or near Winifred Road,E01021304,Basildon 013C,Drugs,Investigation complete; no suspect identified,
5c5840513bdc20877dc37864a233ae64f65047eedf613b7e527256d50e2dd978,2024-11,Essex Police,Essex Police,0.508109,51.572900,On or near Tanswell Avenue,E01021304,Basildon 013C,Other theft,Investigation complete; no suspect identified,
cb29aaa51f93f04274ee4502d736ef53e9c83d786b5ca0f49a7745a62e5c41f1,2024-11,Essex Police,Essex Police,0.506493,51.574491,On or near Malgraves Place,E01021304,Basildon 013C,Other theft,Investigation complete; no suspect identified,
fe097403d2c0f2e84ffffccd7465a9955868c1f09b57f17d9b60e6b3cad1e2dc,2024-11,Essex Police,Essex Police,0.505906,51.575888,On or near Plumleys,E01021304,Basildon 013C,Violence and sexual offences,Unable to prosecute suspect,
a0a98842debc326eea8166ee4b30f83d141b1fe84bdcc02b14a5d9653e92bd0a,2024-11,Essex Police,Essex Police,0.508712,51.573895,On or near Eastbrooks Mews,E01021304,Basildon 013C,Violence and sexual offences,Unable to prosecute suspect,
717bb83f0ebf9a70ad336513cbd7851f4ec74c3bc05ce87aeea97c6d198ed204,2024-11,Essex Police,Essex Police,0.498255,51.570071,On or near Broomfields,E01021305,Basildon 013D,Possession of weapons,Unable to prosecute suspect,
e2f976ed66a37e89ec0d8d323f26acc90892aff94436fb8e86c846436fded39b,2024-11,Essex Police,Essex Police,0.500839,51.570349,On or near Travers Way,E01021305,Basildon 013D,Public order,Investigation complete; no suspect identified,
aed5f36651a63d69a213f88f7e6766532b9fcaeb7e18b70ba6b9a8d6767a8b1c,2024-11,Essex Police,Essex Police,0.500839,51.570349,On or near Travers Way,E01021305,Basildon 013D,Vehicle crime,Investigation complete; no suspect identified,
5ae7d043c56752902b2bf81c66008ae8d52e0a79feb871c13aa9bd07cdd15603,2024-11,Essex Police,Essex Police,0.509810,51.572082,On or near Rectory Road,E01021305,Basildon 013D,Vehicle crime,Investigation complete; no suspect identified,
d3bf527f8b1a8225a839f0f4c97c02cf2eab8e6a7ab459f679a285f47e7176f6,2024-11,Essex Police,Essex Police,0.496498,51.569074,On or near Wickford Mews,E01021305,Basildon 013D,Violence and sexual offences,Unable to prosecute suspect,
20fe002b517020d713f604e20f2c17c6e4382690c6121fbb733854dd5b774646,2024-11,Essex Police,Essex Police,0.500839,51.570349,On or near Travers Way,E01021305,Basildon 013D,Violence and sexual offences,Unable to prosecute suspect,
d689017ca51ef2e944c30b83a0318431f5dd79656ea2073c08b2ac24239e35d1,2024-11,Essex Police,Essex Police,0.498416,51.570103,On or near Broomfields Place,E01021305,Basildon 013D,Violence and sexual offences,Investigation complete; no suspect identified,
7578f8573a2864238ecc0942ed043441a2b7cbf47e21a374fb9ef9e40117715d,2024-11,Essex Police,Essex Police,0.502108,51.573739,On or near Mill Green,E01021306,Basildon 013E,Bicycle theft,Unable to prosecute suspect,
c88e359658bef3c67b589ef76575e443ff03e89643530d3a735d44ba1d738281,2024-11,Essex Police,Essex Police,0.502108,51.573739,On or near Mill Green,E01021306,Basildon 013E,Burglary,Investigation complete; no suspect identified,
e9b34dfcf372e89959c8c77a87477d64a9d2514979e396e1d3646133871b45b3,2024-11,Essex Police,Essex Police,0.502108,51.573739,On or near Mill Green,E01021306,Basildon 013E,Criminal damage and arson,Investigation complete; no suspect identified,
9ba1c0e8f52e933ce0aadfd8f4a8f7b31b8102c1661401e66071aa148cbe298d,2024-11,Essex Police,Essex Police,0.502960,51.572956,On or near Wimbish Mews,E01021306,Basildon 013E,Criminal damage and arson,Investigation complete; no suspect identified,
f4ebad7f90ffbc26ff7b3cf968ea7c65b7181495de8ed4c9630cffbed9ab7c92,2024-11,Essex Police,Essex Police,0.498291,51.572300,On or near Beambridge,E01021306,Basildon 013E,Drugs,Investigation complete; no suspect identified,
175360039dfc0401a5c6e0945d45d0af930bde423b339bf8a7398518f978095e,2024-11,Essex Police,Essex Police,0.498291,51.572300,On or near Beambridge,E01021306,Basildon 013E,Drugs,Investigation complete; no suspect identified,
c48f36f62801063047058db73e552069165756b3af5ce11873ecdc842b081a98,2024-11,Essex Police,Essex Police,0.502808,51.574399,On or near Mill Green Place,E01021306,Basildon 013E,Other theft,Investigation complete; no suspect identified,
3ec28f54f52ed9c231546a024a1ba38d7569c2f0e10a4604d317a34a100a1e29,2024-11,Essex Police,Essex Police,0.502108,51.573739,On or near Mill Green,E01021306,Basildon 013E,Possession of weapons,Unable to prosecute suspect,
eecfa6dc405ef1cdcfb274ba2048533a13619133314c257d2567649951d26846,2024-11,Essex Police,Essex Police,0.496117,51.572140,On or near Beambridge Mews,E01021306,Basildon 013E,Public order,Unable to prosecute suspect,
198da58713c2752143e20e610205f461d54d29dbc976556edef25c386fd8064a,2024-11,Essex Police,Essex Police,0.502960,51.572956,On or near Wimbish Mews,E01021306,Basildon 013E,Vehicle crime,Investigation complete; no suspect identified,
27b0442d5252b83607b22039388aac2d5b7563d28300ea5084f15e16b4f98032,2024-11,Essex Police,Essex Police,0.502960,51.572956,On or near Wimbish Mews,E01021306,Basildon 013E,Violence and sexual offences,Unable to prosecute suspect,
c5d2fe658e12f34506642a70ff4f849e9d3303b2ec2dca36e111b4b703b6f5ae,2024-11,Essex Police,Essex Police,0.502108,51.573739,On or near Mill Green,E01021306,Basildon 013E,Violence and sexual offences,Investigation complete; no suspect identified,
847eaf6c21c1a2dfcbd9b1a3d4ee38700e7f8320c0a56141194944897766159b,2024-11,Essex Police,Essex Police,0.502960,51.572956,On or near Wimbish Mews,E01021306,Basildon 013E,Violence and sexual offences,Unable to prosecute suspect,
4b8ad672512c67c71e001129254abec55396ed49c03e83dd287ed761a3fb1389,2024-11,Essex Police,Essex Police,0.502108,51.573739,On or near Mill Green,E01021306,Basildon 013E,Violence and sexual offences,Unable to prosecute suspect,
34be17961697d694fa028df383316510bf1ddd029f63bceea2f4ed1ef4c71f32,2024-11,Essex Police,Essex Police,0.502960,51.572956,On or near Wimbish Mews,E01021306,Basildon 013E,Violence and sexual offences,Unable to prosecute suspect,
4401b536ac1b9cf4f6993e9b89f0649873d08ca3d51955e5d30494986e8e6107,2024-11,Essex Police,Essex Police,0.498315,51.571167,On or near Moretons,E01021306,Basildon 013E,Violence and sexual offences,Unable to prosecute suspect,
58ccdd640b1eafc4a28f86a0a7d9528966a5d5826fb8ebc7c690f95e05fce26e,2024-11,Essex Police,Essex Police,0.502960,51.572956,On or near Wimbish Mews,E01021306,Basildon 013E,Other crime,Unable to prosecute suspect,
,2024-11,Essex Police,Essex Police,0.420860,51.575507,On or near Supermarket,E01021273,Basildon 014A,Anti-social behaviour,,
be68ac460d9cb7837a8344548dd7a3c0b17d2257e4dd32e4e1b0aba97f3927b9,2024-11,Essex Police,Essex Police,0.421892,51.575359,On or near Manor Road,E01021273,Basildon 014A,Burglary,Investigation complete; no suspect identified,
d6878a14eebb8689119b950c8661d8ecd90361148500eb1c8501655cfb6c53ee,2024-11,Essex Police,Essex Police,0.419818,51.576526,On or near Victoria Close,E01021273,Basildon 014A,Criminal damage and arson,Investigation complete; no suspect identified,
e820cef5297c77b08e53579a10c89794fe15a1c4fd73f49dd0b65bab8eb61864,2024-11,Essex Police,Essex Police,0.421892,51.575359,On or near Manor Road,E01021273,Basildon 014A,Public order,Investigation complete; no suspect identified,
cc340fe3e53be416c87e442b7a8faaae7abeb7754e41153f5f6cf74ceb3a9551,2024-11,Essex Police,Essex Police,0.420860,51.575507,On or near Supermarket,E01021273,Basildon 014A,Shoplifting,Court result unavailable,
e454eaf1a26bbda5dbb06898c91dd55dfaa10bc23bf94275d940775af5fa146f,2024-11,Essex Police,Essex Police,0.420860,51.575507,On or near Supermarket,E01021273,Basildon 014A,Violence and sexual offences,Court result unavailable,
05120e6798222b397d839c0911a707cdc986f3b097e26e047ef20a63e33b1483,2024-11,Essex Police,Essex Police,0.414881,51.575972,On or near Victoria Road,E01021273,Basildon 014A,Violence and sexual offences,Unable to prosecute suspect,
18f7dbc6a6ac67b862d1b872029fac33a06d032a1f0c827b2a9fda265761a982,2024-11,Essex Police,Essex Police,0.420860,51.575507,On or near Supermarket,E01021273,Basildon 014A,Violence and sexual offences,Unable to prosecute suspect,
82a5e242e25633af679ae5ff223e1ae7e7700d64b963f1109fe026478f04cf17,2024-11,Essex Police,Essex Police,0.414881,51.575972,On or near Victoria Road,E01021273,Basildon 014A,Violence and sexual offences,Unable to prosecute suspect,
7077fd5cd01906507d36a72d4759067269a5c83e6d69ed6b8e7d92248ed7b7ea,2024-11,Essex Police,Essex Police,0.421108,51.574737,On or near Byron Court,E01021273,Basildon 014A,Violence and sexual offences,Unable to prosecute suspect,
909c1dbf05ad049127c8321156394b7c17501582a36c5d26c60cd48ae24cc783,2024-11,Essex Police,Essex Police,0.418948,51.570474,On or near Bedford Road,E01021275,Basildon 014B,Public order,Unable to prosecute suspect,
4c2a3d22314b6517bb6b234e4e32e0994c2cd427c4b3f0816bc4b88c6168cb4f,2024-11,Essex Police,Essex Police,0.420140,51.571996,On or near Brimsdown Avenue,E01021275,Basildon 014B,Public order,Investigation complete; no suspect identified,
9c1dfeb585fa3585ff1993db5616ff9219218c61877e288dc7f28aba9bbef34f,2024-11,Essex Police,Essex Police,0.418948,51.570474,On or near Bedford Road,E01021275,Basildon 014B,Vehicle crime,Status update unavailable,
55ac38e2a9f760bbb7aa7c2a765de5cf038547b2880b2f79de7e84029942f52d,2024-11,Essex Police,Essex Police,0.418503,51.572704,On or near Somerset Road,E01021275,Basildon 014B,Vehicle crime,Investigation complete; no suspect identified,
f27f50b60e2c5fd428db59db24e85b5de7dc1d0aa39e8e316c01b497e35c54c9,2024-11,Essex Police,Essex Police,0.414338,51.571720,On or near Cumberland Drive,E01021275,Basildon 014B,Vehicle crime,Investigation complete; no suspect identified,
ffa6b0c409bd6d1dee505eb688034be1eeb1ff9384a24fee46a7fc0436e9fcb2,2024-11,Essex Police,Essex Police,0.419019,51.574807,On or near Russell Close,E01021275,Basildon 014B,Other crime,Unable to prosecute suspect,
6c4979abf195642cca6198fe867c82d7b77138cd0cd266f552817e598353a8d6,2024-11,Essex Police,Essex Police,0.418948,51.570474,On or near Bedford Road,E01021275,Basildon 014B,Other crime,Status update unavailable,
,2024-11,Essex Police,Essex Police,0.408181,51.574005,On or near Woodstock,E01021276,Basildon 014C,Anti-social behaviour,,
2c27214cf36d01aeacfe72700d51e46fcc50a3d98f862329dca588c7e8d08be1,2024-11,Essex Police,Essex Police,0.412768,51.572049,On or near Panfields,E01021276,Basildon 014C,Other theft,Investigation complete; no suspect identified,
d4888e17e2b818bccdd51f5d5f8b175c17fbf7ea1a02c48a756299e45613a7af,2024-11,Essex Police,Essex Police,0.407869,51.573013,On or near Hoover Drive,E01021276,Basildon 014C,Violence and sexual offences,Unable to prosecute suspect,
0216f5945db46988101c07d4424cf38918a58845a972defc5154819e05c50e9d,2024-11,Essex Police,Essex Police,0.407324,51.570893,On or near Helmores,E01021276,Basildon 014C,Other crime,Action to be taken by another organisation,
,2024-11,Essex Police,Essex Police,0.403360,51.577827,On or near Seax Court,E01021277,Basildon 014D,Anti-social behaviour,,
,2024-11,Essex Police,Essex Police,0.391714,51.577867,On or near Merrylands Chase,E01021277,Basildon 014D,Anti-social behaviour,,
9b250e163e4e2f40a56c9ef66e96d9d6ad14b4c9a02dcd48f3e3758806471a86,2024-11,Essex Police,Essex Police,0.400014,51.575135,On or near Bramston Way,E01021277,Basildon 014D,Criminal damage and arson,Investigation complete; no suspect identified,
8f3359dfc8bea5a32092084de8ca3b4f9cadead4bcdd5647f61aef3c58649022,2024-11,Essex Police,Essex Police,0.388045,51.570379,On or near Church Road,E01021277,Basildon 014D,Drugs,Local resolution,
6723fe3e4d283d568b364242cbecf8385c8d0f1b4c4ff97b324ace2baf401525,2024-11,Essex Police,Essex Police,0.397896,51.574387,On or near Petrol Station,E01021277,Basildon 014D,Other theft,Unable to prosecute suspect,
f3a716111ac8c38dae2d7aebd5818c10a17c9773c108f517d5da130a411f3ca1,2024-11,Essex Police,Essex Police,0.395664,51.569810,On or near Main Drive,E01021277,Basildon 014D,Other theft,Investigation complete; no suspect identified,
80060593dd86756e2266af1423b9887704e40382318e7d484f892a76ac6fbf9f,2024-11,Essex Police,Essex Police,0.401176,51.571990,On or near Fraser Close,E01021277,Basildon 014D,Public order,Investigation complete; no suspect identified,
ec4c44809a62d83bbe7cc43ef5095f944ffde387bace7b4462fe7c467ac4044c,2024-11,Essex Police,Essex Police,0.405052,51.577073,On or near Fenton Way,E01021277,Basildon 014D,Vehicle crime,Investigation complete; no suspect identified,
9ca96a97248c2793bcb8c247a793a88d6d41bb71b873598b5d889a2ff1bf3385,2024-11,Essex Police,Essex Police,0.398249,51.576160,On or near Bramston Link,E01021277,Basildon 014D,Vehicle crime,Investigation complete; no suspect identified,
982d0a9cd5c58a7cce1dcec71cd4c690979d60b317e4a02b1ac2758b7a0a71a7,2024-11,Essex Police,Essex Police,0.403360,51.577827,On or near Seax Court,E01021277,Basildon 014D,Vehicle crime,Investigation complete; no suspect identified,
6e923112cbef467394eaea9288477fb9df0dbee52c0a167c0d7cbe7717fc4fcc,2024-11,Essex Police,Essex Police,0.403907,51.573418,On or near Broadwater Green,E01021277,Basildon 014D,Violence and sexual offences,Unable to prosecute suspect,
dfdeda2cb1dd1dc6079136f94580c4d06703c3921cbacd06bb939d9dc8d26ac0,2024-11,Essex Police,Essex Police,0.402672,51.576276,On or near Hornsby Way,E01021277,Basildon 014D,Violence and sexual offences,Status update unavailable,
b8fa15287e828e63fdf659292a78fb6d7b5cbe3945bdc4af27cca3c0e71789bd,2024-11,Essex Police,Essex Police,0.403304,51.570742,On or near Paxfords,E01021277,Basildon 014D,Violence and sexual offences,Unable to prosecute suspect,
38b888f6af0ddcb4769f05a87f6210ec9ab6e0cc0635387d5e80012861895896,2024-11,Essex Police,Essex Police,0.388045,51.570379,On or near Church Road,E01021277,Basildon 014D,Violence and sexual offences,Unable to prosecute suspect,
f4914550407b8d14a586e30b798eb540e5125c60aa30937395794be4b1bc0d17,2024-11,Essex Police,Essex Police,0.401555,51.570966,On or near Blackmores,E01021277,Basildon 014D,Violence and sexual offences,Unable to prosecute suspect,
ff4760fa766084922b770b769d2b0712479b95a5acc70194c3c880fdf0d5aeaa,2024-11,Essex Police,Essex Police,0.416728,51.583848,On or near Roedean Crescent,E01034354,Basildon 014F,Criminal damage and arson,Unable to prosecute suspect,
b4da122bf9d178097cbb40dd775472be87773d053bf9521a17488b286918707f,2024-11,Essex Police,Essex Police,0.420125,51.583130,On or near Braiswick Place,E01034354,Basildon 014F,Drugs,Court result unavailable,
89576f0f3fec374563ec3fe1ab2b6769446df927fe5b4ab0b84211dff830b807,2024-11,Essex Police,Essex Police,0.417358,51.581038,On or near Cromer Close,E01034354,Basildon 014F,Public order,Unable to prosecute suspect,
,2024-11,Essex Police,Essex Police,0.413868,51.579194,On or near Wimbourne,E01034355,Basildon 014G,Anti-social behaviour,,
,2024-11,Essex Police,Essex Police,0.416661,51.580414,On or near Home Mead,E01034355,Basildon 014G,Anti-social behaviour,,
91e1457a0f9348cee5b925c918da2b3d814e3a5738a8e0edb6d515606e836f51,2024-11,Essex Police,Essex Police,0.412703,51.579542,On or near Wayletts,E01034355,Basildon 014G,Burglary,Investigation complete; no suspect identified,
6c09fd96127254c10bb37f0c02b55bda4553e42e45cd169cf6456928774954e0,2024-11,Essex Police,Essex Police,0.412703,51.579542,On or near Wayletts,E01034355,Basildon 014G,Burglary,Investigation complete; no suspect identified,
edc2f8eaf13071919073c96c9f3673a9e4fa4360bcb1d04d9be03d08c1c82c99,2024-11,Essex Police,Essex Police,0.416661,51.580414,On or near Home Mead,E01034355,Basildon 014G,Vehicle crime,Investigation complete; no suspect identified,
5f072fbe8b65a0b04709f1e164677788ba7abb68270a268726aef558ad2b72d6,2024-11,Essex Police,Essex Police,0.420349,51.580553,On or near The Mead,E01034355,Basildon 014G,Violence and sexual offences,Unable to prosecute suspect,
032f47ca2234fa0a919320cff545359717fb71acd1944ccab4fea2eca4b4f9c5,2024-11,Essex Police,Essex Police,0.406358,51.578026,On or near Sylvan Way,E01034355,Basildon 014G,Violence and sexual offences,Investigation complete; no suspect identified,
58e3353c4835e87a7372e148c2d5d24fc39d37b954b650016491cd8808300c22,2024-11,Essex Police,Essex Police,0.418910,51.581716,On or near Academy Drive,E01034355,Basildon 014G,Violence and sexual offences,Unable to prosecute suspect,
e6d98fd09a62cccce352c9fb440fc4fd134a9b0948e73ae68185cf3e691969ef,2024-11,Essex Police,Essex Police,0.414231,51.579510,On or near Westfield,E01034355,Basildon 014G,Violence and sexual offences,Investigation complete; no suspect identified,
b5e26b47d7e65f340c31313204d6b8b9f4a3be9bfc493444798640072bd0dc29,2024-11,Essex Police,Essex Police,0.420349,51.580553,On or near The Mead,E01034355,Basildon 014G,Violence and sexual offences,Unable to prosecute suspect,
b8e8a945b5a58193773425d8d86c13591f66efec52161a3cb479f304ec52f5f3,2024-11,Essex Police,Essex Police,0.418204,51.579842,On or near King Edward Mead,E01034355,Basildon 014G,Violence and sexual offences,Unable to prosecute suspect,
ce47cbb1aec103160e5d42b9a17c9b3306f130e28aeb3c0331e28afc017d6af0,2024-11,Essex Police,Essex Police,0.464005,51.575598,On or near Honeypot Lane,E01021266,Basildon 015A,Drugs,Local resolution,
cb057c581925ce0f2fc27f07cdcc348196064cfbbe83b3c43ac9701ba725c354,2024-11,Essex Police,Essex Police,0.466152,51.573934,On or near Longacre,E01021266,Basildon 015A,Other theft,Investigation complete; no suspect identified,
2d4c480e710697531220d80a60a823825016176d60d65b2a50f40668efe5233e,2024-11,Essex Police,Essex Police,0.466152,51.573934,On or near Longacre,E01021266,Basildon 015A,Vehicle crime,Investigation complete; no suspect identified,
8a6e25f0221b310aea5c9745a2b1ef1bf16cefa56d4db8498f76c2a7a9989bf5,2024-11,Essex Police,Essex Police,0.463863,51.577507,On or near Waldringfield,E01021266,Basildon 015A,Violence and sexual offences,Unable to prosecute suspect,
88fd8cbd6e041e7d71e24496ec954428a4f3252983b409bc2c2b88254901f275,2024-11,Essex Police,Essex Police,0.468419,51.576881,On or near Falkenham End,E01021266,Basildon 015A,Violence and sexual offences,Unable to prosecute suspect,
9564ca84380965fc26f6bef1d6c3e323345bf29d81b1e54e7ca52fe4ceba994b,2024-11,Essex Police,Essex Police,0.463863,51.577507,On or near Waldringfield,E01021266,Basildon 015A,Violence and sexual offences,Unable to prosecute suspect,
f69d9a4c2690c4e5cc962225859b5bec56f44d5e30403df43451d25fddb4672b,2024-11,Essex Police,Essex Police,0.463863,51.577507,On or near Waldringfield,E01021266,Basildon 015A,Violence and sexual offences,Status update unavailable,
3409d5e9996d9967b34d92966a76b2cdb4a579a3ff735d50fd41656ec8f187db,2024-11,Essex Police,Essex Police,0.464005,51.575598,On or near Honeypot Lane,E01021266,Basildon 015A,Violence and sexual offences,Investigation complete; no suspect identified,
bd72ae385f39ef3355f44a2a854c6c66a4cda10e9e3ec2bcce5986a21467355f,2024-11,Essex Police,Essex Police,0.466152,51.573934,On or near Longacre,E01021266,Basildon 015A,Violence and sexual offences,Unable to prosecute suspect,
e577d379189502c9e2a528f68211f85ed47d58d1dddbec9a9dd4caf09d554d61,2024-11,Essex Police,Essex Police,0.464005,51.575598,On or near Honeypot Lane,E01021266,Basildon 015A,Violence and sexual offences,Investigation complete; no suspect identified,
a285b6257de6b97613ceacab65de46aabaac18801cbf40bb4cb4ba1b341eae74,2024-11,Essex Police,Essex Police,0.464005,51.575598,On or near Honeypot Lane,E01021266,Basildon 015A,Violence and sexual offences,Investigation complete; no suspect identified,
91309b597a6ca3f0565ab421a5e6e202e41e07dfba816d8b6faa80e09af31f48,2024-11,Essex Police,Essex Police,0.463863,51.577507,On or near Waldringfield,E01021266,Basildon 015A,Violence and sexual offences,Unable to prosecute suspect,
,2024-11,Essex Police,Essex Police,0.465131,51.584927,On or near Festival Way,E01021268,Basildon 015B,Anti-social behaviour,,
,2024-11,Essex Police,Essex Police,0.465131,51.584927,On or near Festival Way,E01021268,Basildon 015B,Anti-social behaviour,,
,2024-11,Essex Police,Essex Police,0.450492,51.581960,On or near Falcon Park,E01021268,Basildon 015B,Anti-social behaviour,,
,2024-11,Essex Police,Essex Police,0.448965,51.584978,On or near Miles Gray Road,E01021268,Basildon 015B,Anti-social behaviour,,
,2024-11,Essex Police,Essex Police,0.471636,51.581364,On or near Cranes Court,E01021268,Basildon 015B,Anti-social behaviour,,
,2024-11,Essex Police,Essex Police,0.442947,51.583925,On or near Burches,E01021268,Basildon 015B,Anti-social behaviour,,
f7c3dde0466356ef69e01df65cb5b34eaf638314a496eb546915ea0876fd4c3c,2024-11,Essex Police,Essex Police,0.465131,51.584927,On or near Festival Way,E01021268,Basildon 015B,Burglary,Investigation complete; no suspect identified,
1e5c758989664ff79f1b1b9b21f46be675c442c4f81a54995928701536aff50e,2024-11,Essex Police,Essex Police,0.443201,51.583272,On or near Supermarket,E01021268,Basildon 015B,Criminal damage and arson,Investigation complete; no suspect identified,
3a6a4582f3d47fabd783ffa54181c6be1d70bdf8a4ebd10d243f07727c386691,2024-11,Essex Police,Essex Police,0.465131,51.584927,On or near Festival Way,E01021268,Basildon 015B,Criminal damage and arson,Unable to prosecute suspect,
bab71cdf8b7403c383cd777f83bfc37d5e9d47be55e723c08c1d8dfc7cd1faac,2024-11,Essex Police,Essex Police,0.470447,51.577800,On or near The Turpins,E01021268,Basildon 015B,Criminal damage and arson,Investigation complete; no suspect identified,
9fec06b5aaa951bd8ce13e8d92e9c15749a9d64f5c699eeb2d8ab63957f540b1,2024-11,Essex Police,Essex Police,0.470447,51.577800,On or near The Turpins,E01021268,Basildon 015B,Drugs,Court result unavailable,
711072e2230ddb1e6b609eff878e75db7d8322a5e1890dd54580112eee2754bc,2024-11,Essex Police,Essex Police,0.452466,51.586451,On or near A127,E01021268,Basildon 015B,Drugs,Local resolution,
ff94de0524ad8fcd9cd41caa7fba639d603205b54533d05faa8a1678fc5b3f9a,2024-11,Essex Police,Essex Police,0.443201,51.583272,On or near Supermarket,E01021268,Basildon 015B,Other theft,Investigation complete; no suspect identified,
067e4b82753b894c36bce06006d6c74bedbbcb6dc99763f509f0161e2a6d0618,2024-11,Essex Police,Essex Police,0.443201,51.583272,On or near Supermarket,E01021268,Basildon 015B,Other theft,Investigation complete; no suspect identified,
868bef4a0ae7fb88c512f9a0c9c41020bb2bdfd9340f0a67468d835ec9597d2e,2024-11,Essex Police,Essex Police,0.465131,51.584927,On or near Festival Way,E01021268,Basildon 015B,Other theft,Investigation complete; no suspect identified,
4a8dcad6bac031a1c8719b5d0c4edee10a64a62a0b9b6467ac9cab3e1cb2254a,2024-11,Essex Police,Essex Police,0.463329,51.579902,On or near Ghyllgrove Close,E01021268,Basildon 015B,Other theft,Investigation complete; no suspect identified,
1569b42da2455024af6f6b470106a95ed16a92385b5e2a317a5ec3d267678f86,2024-11,Essex Police,Essex Police,0.463329,51.579902,On or near Ghyllgrove Close,E01021268,Basildon 015B,Other theft,Investigation complete; no suspect identified,
fdabdebe382636b4eb79695e23e1f089e995ab07c57fad14733367135712685d,2024-11,Essex Police,Essex Police,0.443201,51.583272,On or near Supermarket,E01021268,Basildon 015B,Other theft,Investigation complete; no suspect identified,
fd3e1ca8470f69f608d036184a101ee05e9e7370079f82f5956ab684ec956ae5,2024-11,Essex Police,Essex Police,0.463329,51.579902,On or near Ghyllgrove Close,E01021268,Basildon 015B,Other theft,Investigation complete; no suspect identified,
41410fa4af280a5621d77b831378f99baa63b284ac41cbe3cd1acd10027f0209,2024-11,Essex Police,Essex Police,0.443201,51.583272,On or near Supermarket,E01021268,Basildon 015B,Other theft,Investigation complete; no suspect identified,
7ae03bf136a53fdda245b08a82e6eab2c35123e2b5bdba1bb2399a364b28a2d5,2024-11,Essex Police,Essex Police,0.463329,51.579902,On or near Ghyllgrove Close,E01021268,Basildon 015B,Other theft,Investigation complete; no suspect identified,
033ca2b8fe5142f1226e334983ff0eb8747d311442ef4b03da76798480ad4f78,2024-11,Essex Police,Essex Police,0.470447,51.577800,On or near The Turpins,E01021268,Basildon 015B,Other theft,Investigation complete; no suspect identified,
bbb72849da7e760e4258d21f13a0a1bb4aa6bb3406a021c0908d3524a334b3c7,2024-11,Essex Police,Essex Police,0.453442,51.581791,On or near Howard Chase,E01021268,Basildon 015B,Public order,Unable to prosecute suspect,
e0f13454acc6c276da0779393d3a924a1496777a35c83477b6bf8864cefc961c,2024-11,Essex Police,Essex Police,0.450429,51.582123,On or near Luckyn Lane,E01021268,Basildon 015B,Shoplifting,Unable to prosecute suspect,
f1ec1364dde4cb116a0999fa7351ba4abf3e62df10ebee29d740fe9e6d9df4e9,2024-11,Essex Police,Essex Police,0.450492,51.581960,On or near Falcon Park,E01021268,Basildon 015B,Shoplifting,Investigation complete; no suspect identified,
1274d7697fb174856d4047477e30bd82dfaec779e0f8171505bb9cdfcc1408bc,2024-11,Essex Police,Essex Police,0.454684,51.583680,On or near Chester Hall Lane,E01021268,Basildon 015B,Vehicle crime,Investigation complete; no suspect identified,
0f9ff9be64dfd4a7ecc537921e56f33403bc8fb53c7d809e3b131d077b31f3b6,2024-11,Essex Police,Essex Police,0.454684,51.583680,On or near Chester Hall Lane,E01021268,Basildon 015B,Vehicle crime,Investigation complete; no suspect identified,
48c4beccc61b135bb270bf61f456668caffe98804c4086164353f0c55af98654,2024-11,Essex Police,Essex Police,0.448965,51.584978,On or near Miles Gray Road,E01021268,Basildon 015B,Vehicle crime,Unable to prosecute suspect,
525aa20ffb93fc0b0a23e5028eb23a48b8014a2f96dccd485313e26bface4720,2024-11,Essex Police,Essex Police,0.465131,51.584927,On or near Festival Way,E01021268,Basildon 015B,Vehicle crime,Investigation complete; no suspect identified,
ed65ec32d2a68a7a1ed7f8c22c9e5043e2900e5fe8068afeea527ac0d4e32cf7,2024-11,Essex Police,Essex Police,0.469165,51.577585,On or near Falkenham Row,E01021268,Basildon 015B,Violence and sexual offences,Unable to prosecute suspect,
4d36caf5ce21b73577af2d653559070e3f9db8b066ee2ef9cb8336a09c29ed36,2024-11,Essex Police,Essex Police,0.453442,51.581791,On or near Howard Chase,E01021268,Basildon 015B,Violence and sexual offences,Unable to prosecute suspect,
31c38d76e47dbccf40c27b0c432566eda9cc1b09f9c8aebba38a568c405d87e8,2024-11,Essex Police,Essex Police,0.442947,51.583925,On or near Burches,E01021268,Basildon 015B,Violence and sexual offences,Unable to prosecute suspect,
16f1434466abad7d26b591e4c9cf254f08519f65a8246580f6d2a279561959d7,2024-11,Essex Police,Essex Police,0.465131,51.584927,On or near Festival Way,E01021268,Basildon 015B,Violence and sexual offences,Court result unavailable,
7334425de517af4e2292b504a2fa7784a069b53780011de129bd300e56fe8e2a,2024-11,Essex Police,Essex Police,0.472957,51.579384,On or near Elmbrook Close,E01021268,Basildon 015B,Violence and sexual offences,Local resolution,
557342ac30a05ff4d51e5deb482e2d6b9451bea324743f6b5242c8b770e5375c,2024-11,Essex Police,Essex Police,0.470854,51.581848,On or near Cranes Lane,E01021268,Basildon 015B,Violence and sexual offences,Unable to prosecute suspect,
af77bbad1d49eaa09877ce542f528b1383f62b5ba565786795a78c15d85c9757,2024-11,Essex Police,Essex Police,0.468905,51.580522,On or near Glebe Field,E01021268,Basildon 015B,Violence and sexual offences,Investigation complete; no suspect identified,
9d5d4632158f120c9ba18c5d49dca76ecf9b3c8269ebb80d827c2705e2d33d3d,2024-11,Essex Police,Essex Police,0.470854,51.581848,On or near Cranes Lane,E01021268,Basildon 015B,Violence and sexual offences,Investigation complete; no suspect identified,
890fc4de715de6eb71b6fed8ac9ff6548719f7a0dc7e40083787948faeec81ed,2024-11,Essex Police,Essex Police,0.465131,51.584927,On or near Festival Way,E01021268,Basildon 015B,Violence and sexual offences,Investigation complete; no suspect identified,
02d2cea772ab307b92406d3a89b3e62b9120d72c33aca48bb5f1f23879cb3dc9,2024-11,Essex Police,Essex Police,0.466702,51.578752,On or near The Upway,E01021268,Basildon 015B,Other crime,Formal action is not in the public interest,
f4cef9e558e4df2be4af24d82c3d147b5ad107cf9d0ff6ea888e8fa36d140053,2024-11,Essex Police,Essex Police,0.466702,51.578752,On or near The Upway,E01021268,Basildon 015B,Other crime,Formal action is not in the public interest,
c76eab509d974f076d81a0344cdc492d9b74e84f44a915d0320d6578db9172c3,2024-11,Essex Police,Essex Police,0.466702,51.578752,On or near The Upway,E01021268,Basildon 015B,Other crime,Formal action is not in the public interest,
7597616fbff915c67328a2f2acda2303bc39ad496052d1ac97188f7000457b9a,2024-11,Essex Police,Essex Police,0.466702,51.578752,On or near The Upway,E01021268,Basildon 015B,Other crime,Formal action is not in the public interest,
409e93b294748ffa1da47e632bda03076530896713381f7d9c39d32702a15cb1,2024-11,Essex Police,Essex Police,0.466702,51.578752,On or near The Upway,E01021268,Basildon 015B,Other crime,Formal action is not in the public interest,
,2024-11,Essex Police,Essex Police,0.463309,51.570468,On or near Gateway,E01021318,Basildon 015C,Anti-social behaviour,,
,2024-11,Essex Police,Essex Police,0.459805,51.571045,On or near North Gunnels,E01021318,Basildon 015C,Anti-social behaviour,,
,2024-11,Essex Police,Essex Police,0.459805,51.571045,On or near North Gunnels,E01021318,Basildon 015C,Anti-social behaviour,,
,2024-11,Essex Police,Essex Police,0.461054,51.569050,On or near Parking Area,E01021318,Basildon 015C,Anti-social behaviour,,
,2024-11,Essex Police,Essex Police,0.457806,51.571177,On or near Parking Area,E01021318,Basildon 015C,Anti-social behaviour,,
,2024-11,Essex Police,Essex Police,0.459805,51.571045,On or near North Gunnels,E01021318,Basildon 015C,Anti-social behaviour,,
,2024-11,Essex Police,Essex Police,0.463651,51.571720,On or near Southern Close,E01021318,Basildon 015C,Anti-social behaviour,,
,2024-11,Essex Police,Essex Police,0.455886,51.568753,On or near Fodderwick,E01021318,Basildon 015C,Anti-social behaviour,,
,2024-11,Essex Police,Essex Police,0.461099,51.573356,On or near Braybrooke,E01021318,Basildon 015C,Anti-social behaviour,,
,2024-11,Essex Police,Essex Police,0.455886,51.568753,On or near Fodderwick,E01021318,Basildon 015C,Anti-social behaviour,,
,2024-11,Essex Police,Essex Police,0.459805,51.571045,On or near North Gunnels,E01021318,Basildon 015C,Anti-social behaviour,,
,2024-11,Essex Police,Essex Police,0.457806,51.571177,On or near Parking Area,E01021318,Basildon 015C,Anti-social behaviour,,
,2024-11,Essex Police,Essex Police,0.458749,51.569134,On or near Market Square,E01021318,Basildon 015C,Anti-social behaviour,,
,2024-11,Essex Police,Essex Police,0.455886,51.568753,On or near Fodderwick,E01021318,Basildon 015C,Anti-social behaviour,,
99d96fd981e6a5f3bbd0783bd6c42de4eb0eab9c8ddb8152912b395e2142a9c4,2024-11,Essex Police,Essex Police,0.459410,51.568814,On or near Southernhay,E01021318,Basildon 015C,Burglary,Investigation complete; no suspect identified,
d294e187dd827f733f69b9a544feff15c97d0e7ed354c0cfcce111a242ab5daf,2024-11,Essex Police,Essex Police,0.457942,51.569623,On or near Shopping Area,E01021318,Basildon 015C,Burglary,Investigation complete; no suspect identified,
04f565e799fa353582116e5cfe79d3ea34a728a4734594759e7578afdd57d4ee,2024-11,Essex Police,Essex Police,0.457283,51.571638,On or near Police Station,E01021318,Basildon 015C,Criminal damage and arson,Investigation complete; no suspect identified,
a4b3b2db6bd777cf0ae7cd5ad6c3a8525e3e142c9551fb51825643ed98001f3e,2024-11,Essex Police,Essex Police,0.453480,51.570171,On or near Parking Area,E01021318,Basildon 015C,Criminal damage and arson,Investigation complete; no suspect identified,
f63521cec8fc1583908bfcaba51ea9ae6becc19775d78b8643b8c70d01d95f5b,2024-11,Essex Police,Essex Police,0.461054,51.569050,On or near Parking Area,E01021318,Basildon 015C,Criminal damage and arson,Investigation complete; no suspect identified,
533ddb96e36aa7fcf280ed6740e955defcfef09f3e408b78965ea07e163698e4,2024-11,Essex Police,Essex Police,0.457283,51.571638,On or near Police Station,E01021318,Basildon 015C,Criminal damage and arson,Status update unavailable,
a064dbf1d9cea5a9dc2af5d99b4a9dfdb3756e2197bccbbc464e2bc42e518dfe,2024-11,Essex Police,Essex Police,0.457283,51.571638,On or near Police Station,E01021318,Basildon 015C,Criminal damage and arson,Investigation complete; no suspect identified,
afe144abc6a364f03955f05de102da8f0df89982470a33e2fb293b92613ee8ef,2024-11,Essex Police,Essex Police,0.461054,51.569050,On or near Parking Area,E01021318,Basildon 015C,Criminal damage and arson,Status update unavailable,
f376a8a87910b2a82d456fbca3d1394c0df3a6bf51cce94aba96586e76a7949d,2024-11,Essex Police,Essex Police,0.457283,51.571638,On or near Police Station,E01021318,Basildon 015C,Criminal damage and arson,Investigation complete; no suspect identified,
7bb6e773370306e39bce8fbce33bab3c3f4ba86abaf9f92a4eed95f6260493ea,2024-11,Essex Police,Essex Police,0.453550,51.569324,On or near Parking Area,E01021318,Basildon 015C,Criminal damage and arson,Unable to prosecute suspect,
e244b5b673bba62e1b5e2a93cd5f930e7e44aa10d892662080fe573df1a83770,2024-11,Essex Police,Essex Police,0.457806,51.571177,On or near Parking Area,E01021318,Basildon 015C,Criminal damage and arson,Investigation complete; no suspect identified,
c19c6ad79a96f85e58092adde870086e8e8cf03230a776e5144b4c72dc238397,2024-11,Essex Police,Essex Police,0.457806,51.571177,On or near Parking Area,E01021318,Basildon 015C,Criminal damage and arson,Investigation complete; no suspect identified,
ae130af94178b097308b40423988c5aba95e26586a86db538a0e1caa60d402a6,2024-11,Essex Police,Essex Police,0.453754,51.570965,On or near Westgate,E01021318,Basildon 015C,Drugs,Local resolution,
1f6fd42cb86451898fe25d0f33cd85d911aded6d6c758dbe15b508610d27ab03,2024-11,Essex Police,Essex Police,0.453754,51.570965,On or near Westgate,E01021318,Basildon 015C,Drugs,Local resolution,
0c9534f3c0546dcf634fb40f4c936ce8436530eb53d8257e8533402c898268d8,2024-11,Essex Police,Essex Police,0.457283,51.571638,On or near Police Station,E01021318,Basildon 015C,Drugs,Court result unavailable,
3fab367ac91e8d840c548b09dd6d9dea01094a1af6f0e156ee94acd8bbfa6267,2024-11,Essex Police,Essex Police,0.457283,51.571638,On or near Police Station,E01021318,Basildon 015C,Drugs,Local resolution,
d0ee3761c4b1873323a5602b7f319de2e39ac59623a4ee8db593919c46706cfa,2024-11,Essex Police,Essex Police,0.461054,51.569050,On or near Parking Area,E01021318,Basildon 015C,Drugs,Local resolution,
f369bf24f8acc91bff04b8df4ddbd4b39246f1b18124a0865ff3ad5547cbec6c,2024-11,Essex Police,Essex Police,0.457806,51.571177,On or near Parking Area,E01021318,Basildon 015C,Drugs,Local resolution,
8a3aea40850ff6bcbafd12e5cffd67453e04d46b8195507cb5f64e908ad4f0fb,2024-11,Essex Police,Essex Police,0.455886,51.568753,On or near Fodderwick,E01021318,Basildon 015C,Drugs,Investigation complete; no suspect identified,
11630ca16c3c6e9811e87309c54ff002bb401251b74f0097a06d036a0c48ca10,2024-11,Essex Police,Essex Police,0.459805,51.571045,On or near North Gunnels,E01021318,Basildon 015C,Other theft,Investigation complete; no suspect identified,
4fb917dfe12b927ca6c87f8ede99e53fbd87281768892bf3b3e962c2af4bbce2,2024-11,Essex Police,Essex Police,0.459341,51.574742,On or near Supermarket,E01021318,Basildon 015C,Other theft,Local resolution,
775c2ed0834ef4624c49c9bd460e23c24f6b9edaaf7d2778fda5e5711a9f03d0,2024-11,Essex Police,Essex Police,0.462621,51.571346,On or near Parking Area,E01021318,Basildon 015C,Other theft,Unable to prosecute suspect,
505cb9c3f170db897c91eec6370ba0d7d40d41e41f594e2b7510f3b085e158bb,2024-11,Essex Police,Essex Police,0.457942,51.569623,On or near Shopping Area,E01021318,Basildon 015C,Other theft,Investigation complete; no suspect identified,
2735b2c00113fcf2a65657977eeee7051680e3db72941de94c2c3cc39c1ed883,2024-11,Essex Police,Essex Police,0.457283,51.571638,On or near Police Station,E01021318,Basildon 015C,Other theft,Investigation complete; no suspect identified,
7cee402f17806dd294342d1a312d03549a69cb7c49def69bf47686536c9ef019,2024-11,Essex Police,Essex Police,0.457283,51.571638,On or near Police Station,E01021318,Basildon 015C,Other theft,Unable to prosecute suspect,
d01babf12ba2dfbfbbb0145aa3d3af4a3f1e46f04858adcf366b312abf0a4e89,2024-11,Essex Police,Essex Police,0.457283,51.571638,On or near Police Station,E01021318,Basildon 015C,Other theft,Unable to prosecute suspect,
1ab6fd48187c7714bff90dc190e9c70fbeab85c2593a71ba7e1ce4b3d3e94735,2024-11,Essex Police,Essex Police,0.457283,51.571638,On or near Police Station,E01021318,Basildon 015C,Other theft,Investigation complete; no suspect identified,
5038259e9c76c8d405238aedceb7ddc1f534dbcfa13f0fdb10b0c4d1b28c7ee7,2024-11,Essex Police,Essex Police,0.468852,51.572609,On or near Priors Close,E01021318,Basildon 015C,Other theft,Action to be taken by another organisation,
0f354e059ef446ad28508519d66c5bb74bb92de1d0098c8be19bbb2d7944b9e2,2024-11,Essex Police,Essex Police,0.457283,51.571638,On or near Police Station,E01021318,Basildon 015C,Possession of weapons,Offender given a caution,
e5c2cf6f1550476d76d25d77cfc72847f0b45bbe610a1765ed5bd69054815adb,2024-11,Essex Police,Essex Police,0.461548,51.572052,On or near Linkway,E01021318,Basildon 015C,Possession of weapons,Investigation complete; no suspect identified,
33a1018ca98b52cd6937e51247e4e5e6f93872043ac86f7d5408ea114f2d1917,2024-11,Essex Police,Essex Police,0.458749,51.569134,On or near Market Square,E01021318,Basildon 015C,Public order,Unable to prosecute suspect,
c2c95ca9bf60de9f7f005144f10f82643c49b14900f9ac8801342dde58e2d120,2024-11,Essex Police,Essex Police,0.467426,51.570274,On or near Nether Priors,E01021318,Basildon 015C,Public order,Investigation complete; no suspect identified,
2288d7f3e19ae107eb40fe6183302f7f6fe2c1e0b0e086ad9e5de2fd71c7b89e,2024-11,Essex Police,Essex Police,0.459410,51.568814,On or near Southernhay,E01021318,Basildon 015C,Public order,Investigation complete; no suspect identified,
adf3de1b7a4aa5e5d30c212069b2456f583478fd92af3fb5c667245d91731b2e,2024-11,Essex Police,Essex Police,0.463651,51.571720,On or near Southern Close,E01021318,Basildon 015C,Public order,Investigation complete; no suspect identified,
18f27c22355b1daef0ab3b37b758c5362709e9e330518ef6aba3688a38019eed,2024-11,Essex Police,Essex Police,0.455886,51.568753,On or near Fodderwick,E01021318,Basildon 015C,Public order,Investigation complete; no suspect identified,
2975da7d5eb1e8490e3ffeeb13caf5c36907f3f34a87e71217c1892c175e3da4,2024-11,Essex Police,Essex Police,0.457283,51.571638,On or near Police Station,E01021318,Basildon 015C,Public order,Investigation complete; no suspect identified,
a476a60224e273b962cbddab5debb14fdd55165a8ab792882deceb7f3fef5e1d,2024-11,Essex Police,Essex Police,0.463309,51.570468,On or near Gateway,E01021318,Basildon 015C,Public order,Unable to prosecute suspect,
2a03203edcd47b80a4d1d1a33fa49639e84e78c286e0159a00abb71a1898b629,2024-11,Essex Police,Essex Police,0.457283,51.571638,On or near Police Station,E01021318,Basildon 015C,Public order,Unable to prosecute suspect,
50e70a78c7e1f03b4d4be529ad93443571230941e76af83fea72f959017ef522,2024-11,Essex Police,Essex Police,0.457942,51.569623,On or near Shopping Area,E01021318,Basildon 015C,Public order,Investigation complete; no suspect identified,
c9996afcc215f5fbfdab985de2b58df0f791249f930772b48dd1c145acc19230,2024-11,Essex Police,Essex Police,0.459341,51.574742,On or near Supermarket,E01021318,Basildon 015C,Public order,Court result unavailable,
1f81bbfa2ca4df797d5da893905b97dcafa9f51c20554e24aadfa93e89ab6bde,2024-11,Essex Police,Essex Police,0.457283,51.571638,On or near Police Station,E01021318,Basildon 015C,Public order,Court result unavailable,
3585aeeff829bbad2cd9f5563914dff79d44188480be24a994aad8c882e13c1b,2024-11,Essex Police,Essex Police,0.457942,51.569623,On or near Shopping Area,E01021318,Basildon 015C,Public order,Investigation complete; no suspect identified,
494c427bfdab9f5a14aa84a133d30c60aaa5629f59c0728ab9e4de4360663bec,2024-11,Essex Police,Essex Police,0.457283,51.571638,On or near Police Station,E01021318,Basildon 015C,Robbery,Unable to prosecute suspect,
a4b2a35a8e7194cd71cb6de0c199591b880467e694efd37e52dadf2eb2395b9e,2024-11,Essex Police,Essex Police,0.455886,51.568753,On or near Fodderwick,E01021318,Basildon 015C,Robbery,Investigation complete; no suspect identified,
e339bafb5c627d27fc3f0d86443ea421d6c0f675f7770aeeae016c21482c5a15,2024-11,Essex Police,Essex Police,0.453754,51.570965,On or near Westgate,E01021318,Basildon 015C,Robbery,Unable to prosecute suspect,
3c7543d1978843894bcb7bdddd706abd30d31a1f4e9e530f7c281afd4aced6bf,2024-11,Essex Police,Essex Police,0.453754,51.570965,On or near Westgate,E01021318,Basildon 015C,Robbery,Investigation complete; no suspect identified,
24229240544e6e426c753528dbb609af1a4019aa4c53f88d3844788c60052f76,2024-11,Essex Police,Essex Police,0.457942,51.569623,On or near Shopping Area,E01021318,Basildon 015C,Shoplifting,Investigation complete; no suspect identified,
1622e14e4f59a4f2ec612454f8a49c7932d8f1b54973898f97a5fa3d1b1edd3c,2024-11,Essex Police,Essex Police,0.461054,51.569050,On or near Parking Area,E01021318,Basildon 015C,Shoplifting,Investigation complete; no suspect identified,
08874b4288ac93eb0a16d10ea261d8e9366eecff84ba40e7e51fbd1762ac57cc,2024-11,Essex Police,Essex Police,0.459805,51.571045,On or near North Gunnels,E01021318,Basildon 015C,Shoplifting,Unable to prosecute suspect,
0190ac2881d94623171d91d0d2b4717288cfcb766ea6537aa35f0f75e4d45d8f,2024-11,Essex Police,Essex Police,0.453550,51.569324,On or near Parking Area,E01021318,Basildon 015C,Shoplifting,Investigation complete; no suspect identified,
338d2cc40694b7d782b8499ace6a5ff6ef56b1dfba51e9114b5cef2c20a1609a,2024-11,Essex Police,Essex Police,0.462621,51.571346,On or near Parking Area,E01021318,Basildon 015C,Shoplifting,Investigation complete; no suspect identified,
bd696e7dd54c24ee1317baac40f6bcd933e8856206b24fee37d688a39e820ff4,2024-11,Essex Police,Essex Police,0.463309,51.570468,On or near Gateway,E01021318,Basildon 015C,Shoplifting,Investigation complete; no suspect identified,
1f53ced3dd60ee03e1f443bddea9623c3d5b5162383d219fda4463d4c4a2d79c,2024-11,Essex Police,Essex Police,0.461054,51.569050,On or near Parking Area,E01021318,Basildon 015C,Shoplifting,Court result unavailable,
091e6e5913cf60945c6397a95e989b6e586d87ea999298b25e65611b7571bdd0,2024-11,Essex Police,Essex Police,0.461054,51.569050,On or near Parking Area,E01021318,Basildon 015C,Shoplifting,Investigation complete; no suspect identified,
b9fe025aba26915af99794e9f8559da690f5b994a9b3c587affa2a61cdc92f81,2024-11,Essex Police,Essex Police,0.457942,51.569623,On or near Shopping Area,E01021318,Basildon 015C,Shoplifting,Investigation complete; no suspect identified,
e751a1c610b6ca0ee4d682645b152c98c38102bf2998f2b8be4bdb59d152659a,2024-11,Essex Police,Essex Police,0.458583,51.571404,On or near Great Oaks,E01021318,Basildon 015C,Shoplifting,Court result unavailable,
e7e1a143c573fd455cd95363bb6be3fd5534ec8dd4fb17d0d9b00c4720debd2e,2024-11,Essex Police,Essex Police,0.453754,51.570965,On or near Westgate,E01021318,Basildon 015C,Shoplifting,Unable to prosecute suspect,
57a651ca2796cbe5a6019fd06df60ec6f2cf1a009cc83bc51e42c740323b5e78,2024-11,Essex Police,Essex Police,0.454131,51.568592,On or near Parking Area,E01021318,Basildon 015C,Shoplifting,Court result unavailable,
a6e0c7c6c4008191772df96ab6d3dee9cfc8726459c929fcfe121526aa1dd08c,2024-11,Essex Police,Essex Police,0.453754,51.570965,On or near Westgate,E01021318,Basildon 015C,Shoplifting,Unable to prosecute suspect,
fc279ebbda311249f490243e812f6d27a2c72877670af6bcf3f0f15def0e63b1,2024-11,Essex Police,Essex Police,0.453611,51.568585,On or near Time Square,E01021318,Basildon 015C,Shoplifting,Investigation complete; no suspect identified,
c6452558e79b42fb127fdd3c4112eebe1c7b2af1cf86764ecc9f059985acb964,2024-11,Essex Police,Essex Police,0.459805,51.571045,On or near North Gunnels,E01021318,Basildon 015C,Theft from the person,Investigation complete; no suspect identified,
05827e53c3cf76b6137e57af69dfd7cdc3274a2bf6f9ce9216388e9d364b9587,2024-11,Essex Police,Essex Police,0.461054,51.569050,On or near Parking Area,E01021318,Basildon 015C,Theft from the person,Unable to prosecute suspect,
438a4b7a8322dd71a9f140481c3f0b27cc82c7be6d21bba43d846e6eda9635e2,2024-11,Essex Police,Essex Police,0.453754,51.570965,On or near Westgate,E01021318,Basildon 015C,Vehicle crime,Investigation complete; no suspect identified,
e226200a89274ee39e8c57a966fefbebb70cc18d73daad48bd33c3fd94ecbb7a,2024-11,Essex Police,Essex Police,0.453754,51.570965,On or near Westgate,E01021318,Basildon 015C,Vehicle crime,Investigation complete; no suspect identified,
4f7c8228d3995783a9855e37831458436121c52f1679bc78bcc4ea598a2e964f,2024-11,Essex Police,Essex Police,0.459410,51.568814,On or near Southernhay,E01021318,Basildon 015C,Vehicle crime,Investigation complete; no suspect identified,
6f733ca46affe34f4f6866c009cedccf9edc35ea976de4d4b84aa3ef07706462,2024-11,Essex Police,Essex Police,0.453550,51.569324,On or near Parking Area,E01021318,Basildon 015C,Vehicle crime,Investigation complete; no suspect identified,
9407d9db6e174888ffa1436d2da86065e7481a9acdacd7f11e4a36b24fe3762f,2024-11,Essex Police,Essex Police,0.457283,51.571638,On or near Police Station,E01021318,Basildon 015C,Vehicle crime,Investigation complete; no suspect identified,
bb919b2f36fef2d2438400f3919f889dcceb53caa519b00608e2cb94bffa254d,2024-11,Essex Police,Essex Police,0.461054,51.569050,On or near Parking Area,E01021318,Basildon 015C,Vehicle crime,Investigation complete; no suspect identified,
8517a3fbbd44440a314f1615774a191f7785909997906ea19204466f499a6163,2024-11,Essex Police,Essex Police,0.464545,51.569831,On or near Parking Area,E01021318,Basildon 015C,Vehicle crime,Investigation complete; no suspect identified,
febc27a260a974d037cf8afbc948447b2ea7878fc835bb1c50e444ed9cfe8591,2024-11,Essex Police,Essex Police,0.461054,51.569050,On or near Parking Area,E01021318,Basildon 015C,Vehicle crime,Investigation complete; no suspect identified,
b3ce75c8e5482c4ed89cba1c4ebf010ed2263473fe707ae1cb9f2910b713d0fa,2024-11,Essex Police,Essex Police,0.460115,51.572706,On or near Sports/Recreation Area,E01021318,Basildon 015C,Vehicle crime,Investigation complete; no suspect identified,
19552ea13225ec63dba0ec00efede8522f72e3b60147ae2c839937ce7feeb105,2024-11,Essex Police,Essex Police,0.464545,51.569831,On or near Parking Area,E01021318,Basildon 015C,Vehicle crime,Investigation complete; no suspect identified,
c98be330ce7472fba0a2c8bb9965c06761e8323e5a1edfc5bc8053e20542cf79,2024-11,Essex Police,Essex Police,0.461054,51.569050,On or near Parking Area,E01021318,Basildon 015C,Vehicle crime,Awaiting court outcome,
bbe4fbff8d07dbbc54cbdfa36cd91d2e99f5ca3963c141bac6ed9105a4af0e1e,2024-11,Essex Police,Essex Police,0.463309,51.570468,On or near Gateway,E01021318,Basildon 015C,Vehicle crime,Investigation complete; no suspect identified,
00bd6aa5f4b4b0256ba2528acaee6fe7033c36425a9f48c4735ee1d450bad320,2024-11,Essex Police,Essex Police,0.457283,51.571638,On or near Police Station,E01021318,Basildon 015C,Violence and sexual offences,Court result unavailable,
43889533dda74c9fade3fc3227a101c5fd0df4f07e65c4444dc29e49f0e52e02,2024-11,Essex Police,Essex Police,0.457283,51.571638,On or near Police Station,E01021318,Basildon 015C,Violence and sexual offences,Unable to prosecute suspect,
c303022e20d35f053758ccdf387f27ec3ff821e1ac76040fedab85d3641f7b10,2024-11,Essex Police,Essex Police,0.457283,51.571638,On or near Police Station,E01021318,Basildon 015C,Violence and sexual offences,Court result unavailable,
111735405a9ee4480a17cf2d5fce809b7de1fd9833bf7b41cb008e4bf27f3ee8,2024-11,Essex Police,Essex Police,0.455886,51.568753,On or near Fodderwick,E01021318,Basildon 015C,Violence and sexual offences,Investigation complete; no suspect identified,
5f12fa838d6c6719ab4e15a010dd752e143c6a57f5e638233d6688f65d7cbd5d,2024-11,Essex Police,Essex Police,0.457283,51.571638,On or near Police Station,E01021318,Basildon 015C,Violence and sexual offences,Unable to prosecute suspect,
9fb2036fa2fd5e205217bf3be36768e2d76b62023e348a7754bcbe024ad9aa31,2024-11,Essex Police,Essex Police,0.457283,51.571638,On or near Police Station,E01021318,Basildon 015C,Violence and sexual offences,Unable to prosecute suspect,
f500c8367989f425af8772c79326123f5175852c5fa9c6cf573124902669a093,2024-11,Essex Police,Essex Police,0.457283,51.571638,On or near Police Station,E01021318,Basildon 015C,Violence and sexual offences,Court result unavailable,
bec461523bb601543bedc597b623e43d1d1bfe53e3d3835cbf1b0ec7376009ae,2024-11,Essex Police,Essex Police,0.457283,51.571638,On or near Police Station,E01021318,Basildon 015C,Violence and sexual offences,Unable to prosecute suspect,
fc6ef818e5b4dd6241463912017187b130b43eeac8259b3d704003846a35dd54,2024-11,Essex Police,Essex Police,0.455886,51.568753,On or near Fodderwick,E01021318,Basildon 015C,Violence and sexual offences,Unable to prosecute suspect,
abd6b7c3a3d0d1b8779414b09100e787b17b0dcdadef4b95bfa9211e7679d5cd,2024-11,Essex Police,Essex Police,0.461054,51.569050,On or near Parking Area,E01021318,Basildon 015C,Violence and sexual offences,Investigation complete; no suspect identified,
34577f476b921b3da9ff6e73b9900a6b0a81932d1a66ecbd7836b25d2bc1bd90,2024-11,Essex Police,Essex Police,0.468852,51.572609,On or near Priors Close,E01021318,Basildon 015C,Violence and sexual offences,Formal action is not in the public interest,
8c50e26745c801301b0bc7561c2b884269298ceac9528ef3e76fa7bd5da95a5c,2024-11,Essex Police,Essex Police,0.457283,51.571638,On or near Police Station,E01021318,Basildon 015C,Violence and sexual offences,Awaiting court outcome,
191ea479327ac48a9aa43e30c4f831cabc89964f7c9fb1d9ca37250d73e706ae,2024-11,Essex Police,Essex Police,0.453550,51.569324,On or near Parking Area,E01021318,Basildon 015C,Violence and sexual offences,Investigation complete; no suspect identified,
2e316c771131e841c0a4f3ebe3512e1351893489eb895a8d2868a80361e18b80,2024-11,Essex Police,Essex Police,0.468852,51.572609,On or near Priors Close,E01021318,Basildon 015C,Violence and sexual offences,Investigation complete; no suspect identified,
3a0e31d8d7309078e1b7dba8425e8a3b8d40cdebae41ffc1690e985f09eb8f60,2024-11,Essex Police,Essex Police,0.457283,51.571638,On or near Police Station,E01021318,Basildon 015C,Violence and sexual offences,Investigation complete; no suspect identified,
535cbb7be4f435a31e73a345eed1acb9145ac7cb44039dc46f876e7841204a15,2024-11,Essex Police,Essex Police,0.457283,51.571638,On or near Police Station,E01021318,Basildon 015C,Violence and sexual offences,Unable to prosecute suspect,
5b6579e8b88a9f5381558bcc3318933559d95243f4de741941e14088c4e4fce7,2024-11,Essex Police,Essex Police,0.455886,51.568753,On or near Fodderwick,E01021318,Basildon 015C,Violence and sexual offences,Unable to prosecute suspect,
5c576b77b0b875feb408cc6c367d82d8834918850bbf710ff94f4e5628c26f42,2024-11,Essex Police,Essex Police,0.461054,51.569050,On or near Parking Area,E01021318,Basildon 015C,Violence and sexual offences,Investigation complete; no suspect identified,
d54b3ae9a4799d1d71acb1ad1b8d7ec5eec9a4eb32cec8e37d8416ebaa3495e7,2024-11,Essex Police,Essex Police,0.461548,51.572052,On or near Linkway,E01021318,Basildon 015C,Violence and sexual offences,Unable to prosecute suspect,
5d4de3e354dfb34620dd501ea6acec98bfdf9dd6554b228d75c074bbc818d7a2,2024-11,Essex Police,Essex Police,0.457283,51.571638,On or near Police Station,E01021318,Basildon 015C,Violence and sexual offences,Unable to prosecute suspect,
cdfc5c213dc7d5c20c94bd043f0e7153083063123aec036b7f14770a6d4b03d7,2024-11,Essex Police,Essex Police,0.459410,51.568814,On or near Southernhay,E01021318,Basildon 015C,Violence and sexual offences,Formal action is not in the public interest,
ea282a7f242dfab19b0efea19807086dbd2114d60d5dec04886363aeb8ec1f79,2024-11,Essex Police,Essex Police,0.467426,51.570274,On or near Nether Priors,E01021318,Basildon 015C,Violence and sexual offences,Investigation complete; no suspect identified,
9131ce2d9b28cb1ffa509da5e829ffa10228547c984e8ac8ea86e7093983d1cb,2024-11,Essex Police,Essex Police,0.454131,51.568592,On or near Parking Area,E01021318,Basildon 015C,Violence and sexual offences,Court result unavailable,
d4c5ce631776ba64d1386fd772cffddd9a231f40b225c85df6237c16078228cf,2024-11,Essex Police,Essex Police,0.457283,51.571638,On or near Police Station,E01021318,Basildon 015C,Violence and sexual offences,Status update unavailable,
29c47a0df299e4e96754008383adfc3248b152c7bdaff5d50128dc57355014c2,2024-11,Essex Police,Essex Police,0.459410,51.568814,On or near Southernhay,E01021318,Basildon 015C,Violence and sexual offences,Investigation complete; no suspect identified,
db3a79022935f13518f3ac57f47c41c54afbe4a63e56d2987d9d77d63f714bff,2024-11,Essex Police,Essex Police,0.457283,51.571638,On or near Police Station,E01021318,Basildon 015C,Violence and sexual offences,Unable to prosecute suspect,
2e936f30cac5032cdba981fe45a837d1b87aca494f83a8ad6b3a4d5901330d9e,2024-11,Essex Police,Essex Police,0.459805,51.571045,On or near North Gunnels,E01021318,Basildon 015C,Violence and sexual offences,Unable to prosecute suspect,
99bc1236aebf1d573f369bdf4384594e1ec0f2ed35757e5da76b11a9d94c5b33,2024-11,Essex Police,Essex Police,0.457942,51.569623,On or near Shopping Area,E01021318,Basildon 015C,Violence and sexual offences,Investigation complete; no suspect identified,
a73649bd94d3788fcf4055b6ba953954c0bb0d7b998124d0780f52080802f95e,2024-11,Essex Police,Essex Police,0.461054,51.569050,On or near Parking Area,E01021318,Basildon 015C,Violence and sexual offences,Investigation complete; no suspect identified,
8f6497e4944712cae0ab2ffaf558e9f1281bdab10b324114a1da2d463c946ab2,2024-11,Essex Police,Essex Police,0.457283,51.571638,On or near Police Station,E01021318,Basildon 015C,Violence and sexual offences,Investigation complete; no suspect identified,
31324dd6619865ba70690cd2a589e8a9bd189db5b484a182290a8cebbadb8c7d,2024-11,Essex Police,Essex Police,0.457283,51.571638,On or near Police Station,E01021318,Basildon 015C,Violence and sexual offences,Unable to prosecute suspect,
f92348325eb1767593635b14029d9d773ab0b58cf7ce72f0ab37cc464a9033bd,2024-11,Essex Police,Essex Police,0.461054,51.569050,On or near Parking Area,E01021318,Basildon 015C,Violence and sexual offences,Unable to prosecute suspect,
f62b9b193694af240652974ee6edeb8d8ac818bbe5d9aba963fed44b0451b182,2024-11,Essex Police,Essex Police,0.461054,51.569050,On or near Parking Area,E01021318,Basildon 015C,Violence and sexual offences,Unable to prosecute suspect,
992ce57d7b128d411f966f01d2c00d3adc3776c1f15b60308451bd050c5dc58a,2024-11,Essex Police,Essex Police,0.459805,51.571045,On or near North Gunnels,E01021318,Basildon 015C,Violence and sexual offences,Investigation complete; no suspect identified,
6235c8877af42c40a1e5474f63ead99d475e8eed9a8d0f33b26caafa451c161e,2024-11,Essex Police,Essex Police,0.461548,51.572052,On or near Linkway,E01021318,Basildon 015C,Violence and sexual offences,Unable to prosecute suspect,
d058fd7922eaa3299849d62111e4219e243f87d394ca33b4218b246eda1c3def,2024-11,Essex Police,Essex Police,0.467426,51.570274,On or near Nether Priors,E01021318,Basildon 015C,Violence and sexual offences,Unable to prosecute suspect,
79f9570a6aa769c433a05956ea9fb9eded9eb4f8489550b299d60a60ed1b464a,2024-11,Essex Police,Essex Police,0.459805,51.571045,On or near North Gunnels,E01021318,Basildon 015C,Violence and sexual offences,Unable to prosecute suspect,
3ae35991344761ad53a03096ec17ac044e496a054622e260d58faf2c0f796a3e,2024-11,Essex Police,Essex Police,0.459805,51.571045,On or near North Gunnels,E01021318,Basildon 015C,Violence and sexual offences,Unable to prosecute suspect,
20cb367da4aa8644906c5139d5ac047ca8f4458e48fc9316e88f5f8a74fae008,2024-11,Essex Police,Essex Police,0.453611,51.568585,On or near Time Square,E01021318,Basildon 015C,Violence and sexual offences,Investigation complete; no suspect identified,
da75017e8758e010186e432304886e005dcbc1fe5edf8aa20eb0c194fd69298d,2024-11,Essex Police,Essex Police,0.457283,51.571638,On or near Police Station,E01021318,Basildon 015C,Other crime,Unable to prosecute suspect,
11bf5ff73a3c95a5ecd2107e540a4114caacc2cefbbd75274eac1fb1b4f12a8d,2024-11,Essex Police,Essex Police,0.458466,51.571901,On or near Little Oaks,E01021318,Basildon 015C,Other crime,Court result unavailable,
bdeeda8b556d68e2c292422b0a1bafafa432e7c0c0324bcb6844283f87259149,2024-11,Essex Police,Essex Police,0.457283,51.571638,On or near Police Station,E01021318,Basildon 015C,Other crime,Further investigation is not in the public interest,
,2024-11,Essex Police,Essex Police,0.474195,51.569744,On or near Sports/Recreation Area,E01021320,Basildon 015D,Anti-social behaviour,,
29e4145c85438e67181b721c11abb8c1fe508f728802abadcb5ab7c99ff36ea7,2024-11,Essex Police,Essex Police,0.478067,51.573287,On or near Hockley Close,E01021320,Basildon 015D,Criminal damage and arson,Investigation complete; no suspect identified,
78e91626decb568dc69d2bfd3c196eeb5dd941c1e8b646b72632896075585401,2024-11,Essex Police,Essex Police,0.477081,51.569207,On or near Ampers End,E01021320,Basildon 015D,Criminal damage and arson,Unable to prosecute suspect,
2e5a2c48440fee95da33868834db7e7bb450d0cf86e209e3257fae836dda5cd6,2024-11,Essex Police,Essex Police,0.478962,51.571155,On or near Brownlow Green,E01021320,Basildon 015D,Drugs,Investigation complete; no suspect identified,
345800baeaa9e40ccde42f0461a39210c0c7347341ae5ade9a24fe1c4ffbccb4,2024-11,Essex Police,Essex Police,0.477081,51.569207,On or near Ampers End,E01021320,Basildon 015D,Other theft,Investigation complete; no suspect identified,
2c693ec055596a01decb02819000020c3e194d7b1f1c3f2d0160452bfbd89383,2024-11,Essex Police,Essex Police,0.478962,51.571155,On or near Brownlow Green,E01021320,Basildon 015D,Other theft,Unable to prosecute suspect,
d9d59497c33aae1259fe7734d2c8a8bf754a9606c8db85b0501ad45798493602,2024-11,Essex Police,Essex Police,0.476747,51.570509,On or near Clayburn Circle,E01021320,Basildon 015D,Violence and sexual offences,Investigation complete; no suspect identified,
33f6bf0c87daae58b4c1afb866086f8af47299be00102de5f1bf69cc542f9c93,2024-11,Essex Police,Essex Police,0.480749,51.572700,On or near Heron Dale,E01021320,Basildon 015D,Violence and sexual offences,Action to be taken by another organisation,
4bb714ce77c78140c89b1209e8423bee82d644eb6cc32643572e55051bf93d35,2024-11,Essex Police,Essex Police,0.474195,51.569744,On or near Sports/Recreation Area,E01021320,Basildon 015D,Violence and sexual offences,Investigation complete; no suspect identified,
4f10ea14b3ea554b8acc819566e3ef67ccbbb467454b7849204e96e065b78ded,2024-11,Essex Police,Essex Police,0.478026,51.571201,On or near Brownlow Bend,E01021320,Basildon 015D,Violence and sexual offences,Unable to prosecute suspect,
fc6e3374710bcc5de1b6e623a173d1acc365e00a100caebe4cd442e8cae3ce54,2024-11,Essex Police,Essex Police,0.481920,51.573277,On or near Parking Area,E01021320,Basildon 015D,Violence and sexual offences,Unable to prosecute suspect,
3b270d3e07adda7ad3fe49bdf1547dff25b096fef019ccc722c3cbd75809372f,2024-11,Essex Police,Essex Police,0.476747,51.570509,On or near Clayburn Circle,E01021320,Basildon 015D,Violence and sexual offences,Unable to prosecute suspect,
cf12d538bda538ee0b9eb0b616e19c5285a7b2e966cd277d43ff43545ca112af,2024-11,Essex Police,Essex Police,0.478026,51.571201,On or near Brownlow Bend,E01021320,Basildon 015D,Violence and sexual offences,Unable to prosecute suspect,
746b43afde5f3cf021299c5cd15490a75dc915c943ba2b61061509b7fed5515d,2024-11,Essex Police,Essex Police,0.481468,51.572918,On or near Hockley Road,E01021320,Basildon 015D,Violence and sexual offences,Unable to prosecute suspect,
516cda5984acdb9d4554d651c8c8ed9b6d36b892166e5a45aa3b7c207b9aa3a5,2024-11,Essex Police,Essex Police,0.476747,51.570509,On or near Clayburn Circle,E01021320,Basildon 015D,Violence and sexual offences,Action to be taken by another organisation,
30c0c065495aaf0ab762a33bd2edba9f083b82d62f79f01d9ae29ebf32a8fddb,2024-11,Essex Police,Essex Police,0.472521,51.571345,On or near Clickett End,E01021321,Basildon 015E,Public order,Formal action is not in the public interest,
318a7d3e447a5a22883523202f43dae5254815ffc856dfc6c24d8cf64d6d09e7,2024-11,Essex Police,Essex Police,0.472222,51.569561,On or near Rayside,E01021321,Basildon 015E,Public order,Investigation complete; no suspect identified,
78a44a31952eb1c0a96203af817f71ff8a39394452504ead6d276b8bdb198001,2024-11,Essex Police,Essex Police,0.470393,51.571488,On or near Priors East,E01021321,Basildon 015E,Public order,Unable to prosecute suspect,
e30a073f584f3d558d90d9d01f1a4acf93e2b16ac7df02531742ba19e75f51de,2024-11,Essex Police,Essex Police,0.470393,51.571488,On or near Priors East,E01021321,Basildon 015E,Vehicle crime,Investigation complete; no suspect identified,
96749502b5d2db2b826ce10043af84f3a99502217696780e0f1593de0647b135,2024-11,Essex Police,Essex Police,0.472521,51.571345,On or near Clickett End,E01021321,Basildon 015E,Violence and sexual offences,Formal action is not in the public interest,
b6dbd9e4cea1fb66254f6578bd304dd310bb4e6ba890cae44953be0fd154a805,2024-11,Essex Police,Essex Police,0.474841,51.572078,On or near Long Riding,E01021321,Basildon 015E,Violence and sexual offences,Unable to prosecute suspect,
3a139d1f126310785c6205a2eb155c6506798be1c46083ad6589ae7bcc5e6fbd,2024-11,Essex Police,Essex Police,0.470393,51.571488,On or near Priors East,E01021321,Basildon 015E,Violence and sexual offences,Investigation complete; no suspect identified,
afd834775107e915b0be1a1311d028f34e7f1d8152d675769c8044c528c3dfb2,2024-11,Essex Police,Essex Police,0.470393,51.571488,On or near Priors East,E01021321,Basildon 015E,Violence and sexual offences,Unable to prosecute suspect,
0062f0e848b1f184b65239d16026a71f4db8665366ae0634e7ad2e32d55b9c75,2024-11,Essex Police,Essex Police,0.476986,51.572770,On or near Fairlop Gardens,E01021321,Basildon 015E,Violence and sexual offences,Unable to prosecute suspect,
f6d9178422e3be9410b5c1d0fc0276b4bdfef15acfe7a8899b5a86269330a719,2024-11,Essex Police,Essex Police,0.476986,51.572770,On or near Fairlop Gardens,E01021321,Basildon 015E,Violence and sexual offences,Unable to prosecute suspect,
0d332713a1cfa78d225de5a25aa4ebce290ec3cb522146fbe37750a3b1dcfa04,2024-11,Essex Police,Essex Police,0.470393,51.571488,On or near Priors East,E01021321,Basildon 015E,Other crime,Court result unavailable,
e836971c6550fd28c1ac94a5cd6b1711ad459e873adef1748b808b4a01b1fab4,2024-11,Essex Police,Essex Police,0.474105,51.572615,On or near Napier Close,E01021321,Basildon 015E,Other crime,Court result unavailable,
,2024-11,Essex Police,Essex Police,0.421650,51.570544,On or near Little Oxcroft,E01021286,Basildon 016A,Anti-social behaviour,,
,2024-11,Essex Police,Essex Police,0.425131,51.567621,On or near Laindon,E01021286,Basildon 016A,Anti-social behaviour,,
,2024-11,Essex Police,Essex Police,0.423148,51.571035,On or near Verbena Gardens,E01021286,Basildon 016A,Anti-social behaviour,,
c8b17ac133b257143b41cd2a33c0d81dd87d6551fedcdb5c855460c8356fffce,2024-11,Essex Police,Essex Police,0.426784,51.570474,On or near Gerbera Close,E01021286,Basildon 016A,Bicycle theft,Investigation complete; no suspect identified,
1d1ce918455d94b34a5574af29a17ea4f3ff1413966135eaf0badc2ba46ba017,2024-11,Essex Police,Essex Police,0.424317,51.569401,On or near Petunia Close,E01021286,Basildon 016A,Criminal damage and arson,Investigation complete; no suspect identified,
57061814353b3fb8d90cbc37cd5ac0f8c71614c2d7343f8b470a856fd824bcde,2024-11,Essex Police,Essex Police,0.423148,51.571035,On or near Verbena Gardens,E01021286,Basildon 016A,Criminal damage and arson,Investigation complete; no suspect identified,
2ea91fcde78ec32b5c4086101e13ac8d4097e9bdb3d49bf1ca7d653111b74b14,2024-11,Essex Police,Essex Police,0.423148,51.571035,On or near Verbena Gardens,E01021286,Basildon 016A,Criminal damage and arson,Investigation complete; no suspect identified,
f561509ec98b11a1a810880fdc03809e2b574a70ec7f0495ba1a3420e636d88a,2024-11,Essex Police,Essex Police,0.426784,51.570474,On or near Gerbera Close,E01021286,Basildon 016A,Criminal damage and arson,Investigation complete; no suspect identified,
084f58e0d627fc13d2d197ed490966832afabe87241232da12f90b064251f8d5,2024-11,Essex Police,Essex Police,0.427234,51.569979,On or near Poppy Gardens,E01021286,Basildon 016A,Drugs,Court result unavailable,
2a1513c80ce2e0cb5e153e2d3159f7880f51a21330cce818a4b0e87f04df60db,2024-11,Essex Police,Essex Police,0.427363,51.567791,On or near Beeston Court,E01021286,Basildon 016A,Drugs,Investigation complete; no suspect identified,
0dd6b1b0ce3adef28795f7368a17fe4617f4787cfef0259d820817f4dd6e0127,2024-11,Essex Police,Essex Police,0.426554,51.568320,On or near Crosse Court,E01021286,Basildon 016A,Vehicle crime,Investigation complete; no suspect identified,
38b13fcf9b07cb772004dd8eb105cef23ed1a6ec8c8932e89ca9e4bf364d232c,2024-11,Essex Police,Essex Police,0.423148,51.571035,On or near Verbena Gardens,E01021286,Basildon 016A,Vehicle crime,Investigation complete; no suspect identified,
0b1b17eac568242fb0008f40fd56d168d2f0aac685373e3483fea231973c24a8,2024-11,Essex Police,Essex Police,0.423148,51.571035,On or near Verbena Gardens,E01021286,Basildon 016A,Vehicle crime,Investigation complete; no suspect identified,
66b3cfbb1927860a901cdf962cae6903a7554d5d1b863de5f1db584d05e16ee9,2024-11,Essex Police,Essex Police,0.427234,51.569979,On or near Poppy Gardens,E01021286,Basildon 016A,Violence and sexual offences,Unable to prosecute suspect,
e2cbbf43e8154bbc82d1b5be7be660dc52d0e76dec23d29bd053d82387e07538,2024-11,Essex Police,Essex Police,0.423148,51.571035,On or near Verbena Gardens,E01021286,Basildon 016A,Violence and sexual offences,Unable to prosecute suspect,
7dedc5592f85e2981cd226ea9f8755e4d56ffe6147f0b1fbae86001dac021166,2024-11,Essex Police,Essex Police,0.427234,51.569979,On or near Poppy Gardens,E01021286,Basildon 016A,Violence and sexual offences,Unable to prosecute suspect,
cbed00f81e248324934d6907c34672ed3d7195285c4e757e97d9b22a0bc13edf,2024-11,Essex Police,Essex Police,0.427781,51.569950,On or near Iris Mews,E01021286,Basildon 016A,Violence and sexual offences,Court result unavailable,
468d9dba348c58b52ea4df4f932e01e1d43ee48fe2d08a1cfee6be476a623a5f,2024-11,Essex Police,Essex Police,0.423148,51.571035,On or near Verbena Gardens,E01021286,Basildon 016A,Violence and sexual offences,Investigation complete; no suspect identified,
b252832c28f12d039fa17983fb2479d3f4deeb5b87722a2e3788456b07d1a7ed,2024-11,Essex Police,Essex Police,0.427234,51.569979,On or near Poppy Gardens,E01021286,Basildon 016A,Violence and sexual offences,Unable to prosecute suspect,
805932b623d7465dddce4b4c151a6117a81eace69f05d5bae75b5d3f81fea86c,2024-11,Essex Police,Essex Police,0.427234,51.569979,On or near Poppy Gardens,E01021286,Basildon 016A,Violence and sexual offences,Unable to prosecute suspect,
643a6ef70fdfdde7a984a0198bd01928264630191c8e4ab8193a88ff6cc30f52,2024-11,Essex Police,Essex Police,0.427234,51.569979,On or near Poppy Gardens,E01021286,Basildon 016A,Violence and sexual offences,Unable to prosecute suspect,
a97050e74ab18d00c92f4d1569c078cd4843993528043bc44ff0ef75ae6f1f33,2024-11,Essex Police,Essex Police,0.423414,51.570067,On or near Larkspur Way,E01021286,Basildon 016A,Violence and sexual offences,Unable to prosecute suspect,
,2024-11,Essex Police,Essex Police,0.435662,51.569175,On or near Laindon Link,E01021288,Basildon 016B,Anti-social behaviour,,
,2024-11,Essex Police,Essex Police,0.436259,51.567661,On or near Clifford Close,E01021288,Basildon 016B,Anti-social behaviour,,
df8fd0640fd0a5cca7c50ffab5d007ac01daa36b628a4e3c2864d7c8ae5aa126,2024-11,Essex Police,Essex Police,0.431232,51.568637,On or near Elizabeth Way,E01021288,Basildon 016B,Criminal damage and arson,Investigation complete; no suspect identified,
7fbdd3320629161ce348875d9b8721fcd5973ff6bed347b7bcea5f8cf6a94f34,2024-11,Essex Police,Essex Police,0.431573,51.569889,On or near Aster Close,E01021288,Basildon 016B,Criminal damage and arson,Unable to prosecute suspect,
ac138b5e7b5c947041cfc57778f1b39b8b7fc2c1fe0bfea9a77e1cc35532451a,2024-11,Essex Police,Essex Police,0.431011,51.570180,On or near Primula Court,E01021288,Basildon 016B,Criminal damage and arson,Investigation complete; no suspect identified,
7d8660ddae1d2d9f3cfdcd5b01b3b364ba391d31c08b3d1d7dc8117c58de393d,2024-11,Essex Police,Essex Police,0.434822,51.569120,On or near Armada Close,E01021288,Basildon 016B,Drugs,Unable to prosecute suspect,
b1b5c4323595fe10ae7061a37dc92732d992c66a08ad50fb55dee290ab024d0d,2024-11,Essex Police,Essex Police,0.431573,51.569889,On or near Aster Close,E01021288,Basildon 016B,Other theft,Unable to prosecute suspect,
4f08b62b2d15eb634a7966c8f4b2b07546dbbd2427b77958a7cdcd4be3979fd8,2024-11,Essex Police,Essex Police,0.430474,51.567960,On or near Southwell Link,E01021288,Basildon 016B,Vehicle crime,Investigation complete; no suspect identified,
5f423a2a3107e1b14c591e476166a8c4e119213bb6704585b68c98d6addc212b,2024-11,Essex Police,Essex Police,0.434380,51.567331,On or near Bostocke Close,E01021288,Basildon 016B,Violence and sexual offences,Unable to prosecute suspect,
61d191e030e1515804437f814e95daa4bb230c2bb6020f3fdcfb8a77c6ca09fe,2024-11,Essex Police,Essex Police,0.431573,51.569889,On or near Aster Close,E01021288,Basildon 016B,Violence and sexual offences,Unable to prosecute suspect,
35b527f731feed747bc061316aaf872728f7e91733284005ee9ba8811281a5a8,2024-11,Essex Police,Essex Police,0.431232,51.568637,On or near Elizabeth Way,E01021288,Basildon 016B,Violence and sexual offences,Unable to prosecute suspect,
194c624f04689936d6df9d46984f70eff35afe51545132536a9337f79bf65163,2024-11,Essex Police,Essex Police,0.431232,51.568637,On or near Elizabeth Way,E01021288,Basildon 016B,Violence and sexual offences,Unable to prosecute suspect,
f0f85235a28a7ac212f4063f70ad36b62d3e09906b8fced2042af0a9de4bd434,2024-11,Essex Police,Essex Police,0.431232,51.568637,On or near Elizabeth Way,E01021288,Basildon 016B,Violence and sexual offences,Unable to prosecute suspect,
e4e662fcf6841b138e3675ed6cd0a91a8fef9f0ef4f065d98c6c8bd505cada62,2024-11,Essex Police,Essex Police,0.431573,51.569889,On or near Aster Close,E01021288,Basildon 016B,Violence and sexual offences,Investigation complete; no suspect identified,
9cd3f04e189ec43c4d86121ebe89a98cdbaf6f89dd60ff106b0a7b51510870f8,2024-11,Essex Police,Essex Police,0.430474,51.567960,On or near Southwell Link,E01021288,Basildon 016B,Violence and sexual offences,Action to be taken by another organisation,
b306f51ca21e55beb45e7d98a838d4aa1d95def1b5fbe52cc560eb9e0909443f,2024-11,Essex Police,Essex Police,0.430474,51.567960,On or near Southwell Link,E01021288,Basildon 016B,Violence and sexual offences,Action to be taken by another organisation,
4797578648a0d4691e049a2dd321442370ec49f64a44ac14a5abbaff9d3f6218,2024-11,Essex Police,Essex Police,0.430432,51.567170,On or near Hatterill,E01021288,Basildon 016B,Violence and sexual offences,Court result unavailable,
523848b4e46490a6329ae780e684068a9cd69a8469755acb195b6d5f94fa3eba,2024-11,Essex Police,Essex Police,0.430432,51.567170,On or near Hatterill,E01021288,Basildon 016B,Violence and sexual offences,Unable to prosecute suspect,
,2024-11,Essex Police,Essex Police,0.429349,51.570673,On or near Albert Drive,E01021289,Basildon 016C,Anti-social behaviour,,
,2024-11,Essex Police,Essex Police,0.436101,51.575767,On or near Knights,E01021289,Basildon 016C,Anti-social behaviour,,
,2024-11,Essex Police,Essex Police,0.431213,51.573692,On or near Frobisher Close,E01021289,Basildon 016C,Anti-social behaviour,,
7fc86ad78fdbb376e8aa9d8fc905737c8e428585fb858bec8b5abe475814324d,2024-11,Essex Police,Essex Police,0.430869,51.572386,On or near Seymour Close,E01021289,Basildon 016C,Bicycle theft,Investigation complete; no suspect identified,
bbad4bb92c4e3f27966a6363cf15c0bd21fb24cbad37b22c1ab05e8fa3c04f1b,2024-11,Essex Police,Essex Police,0.431213,51.573692,On or near Frobisher Close,E01021289,Basildon 016C,Other theft,Investigation complete; no suspect identified,
b0ca2179f6fafc00d4c9d247b88382a0c05eb85f5baed98d847e8677580befb3,2024-11,Essex Police,Essex Police,0.431213,51.573692,On or near Frobisher Close,E01021289,Basildon 016C,Other theft,Status update unavailable,
e2da98438ee49fd80f997a8d6bd59164beda971f018f282c55f38615e88e9d3c,2024-11,Essex Police,Essex Police,0.431213,51.573692,On or near Frobisher Close,E01021289,Basildon 016C,Other theft,Investigation complete; no suspect identified,
870924c2fbfdeb38a17ae0638c50ee09b2bb6ffb309cb4b6105cd88bbd301aaf,2024-11,Essex Police,Essex Police,0.428971,51.575771,On or near Temple Close,E01021289,Basildon 016C,Robbery,Unable to prosecute suspect,
f36cc75138800ed051962b94d61657fbd21e55d3c47aa2055918778de051d284,2024-11,Essex Police,Essex Police,0.435073,51.572730,On or near Markhams Close,E01021289,Basildon 016C,Violence and sexual offences,Action to be taken by another organisation,
7288e16527600c46640592feac8d09ceea73252419bf7a1dab26c01d508f9751,2024-11,Essex Police,Essex Police,0.428971,51.575771,On or near Temple Close,E01021289,Basildon 016C,Violence and sexual offences,Formal action is not in the public interest,
c8c4e68eeae17b702f068feb5559ad3b56f8706fdc885e6f8b9115cecda75372,2024-11,Essex Police,Essex Police,0.428971,51.575771,On or near Temple Close,E01021289,Basildon 016C,Violence and sexual offences,Formal action is not in the public interest,
5e9e2939f33377d38ac77f7af4fa5546eab5aa71b16039cb698b73eb8e539db4,2024-11,Essex Police,Essex Police,0.429346,51.571977,On or near Laindon Link Busway,E01021289,Basildon 016C,Violence and sexual offences,Unable to prosecute suspect,
8b68a2224c18e8e02107f83371986372ffe0d61a23d299cd37f0830e328567d6,2024-11,Essex Police,Essex Police,0.428971,51.575771,On or near Temple Close,E01021289,Basildon 016C,Other crime,Formal action is not in the public interest,
42fa6fc31735b180ab3d7fd3fa3b7f5bd36d74ac87e820200a8d0ec65f65da6b,2024-11,Essex Police,Essex Police,0.435073,51.572730,On or near Markhams Close,E01021289,Basildon 016C,Other crime,Investigation complete; no suspect identified,
,2024-11,Essex Police,Essex Police,0.424276,51.572423,On or near Burdock Drive,E01021290,Basildon 016D,Anti-social behaviour,,
22d04f386acc683f2258ff44ec023d098e6dee2e372240a3820b7f53bad9c2ed,2024-11,Essex Police,Essex Police,0.429265,51.574236,On or near Font Close,E01021290,Basildon 016D,Burglary,Unable to prosecute suspect,
e0e43fc71ad8bf1378faf0e3b658b9d38873da06eaea1bcc077cbc332edcb81b,2024-11,Essex Police,Essex Police,0.424276,51.572423,On or near Burdock Drive,E01021290,Basildon 016D,Criminal damage and arson,Investigation complete; no suspect identified,
e7e20895010a857a670d11a6717e64f13d16fa30a581de7a561a720cf5913db4,2024-11,Essex Police,Essex Police,0.424276,51.572423,On or near Burdock Drive,E01021290,Basildon 016D,Criminal damage and arson,Investigation complete; no suspect identified,
b81a8bf60281315b69e22d936f3776ea143c0bc6d9103dccb4f5196c84d0f00c,2024-11,Essex Police,Essex Police,0.424276,51.572423,On or near Burdock Drive,E01021290,Basildon 016D,Criminal damage and arson,Investigation complete; no suspect identified,
bae76caea7155bccb98699aa4e923d55856399110cd03abebd127e4130ed9cab,2024-11,Essex Police,Essex Police,0.423878,51.575534,On or near Vestry Close,E01021290,Basildon 016D,Criminal damage and arson,Investigation complete; no suspect identified,
a40ee7080ad3dc40118f89c1c2b713b538365aa434a59ceb77aeacf6383b5280,2024-11,Essex Police,Essex Police,0.423659,51.576015,On or near St Andrews Lane,E01021290,Basildon 016D,Possession of weapons,Unable to prosecute suspect,
4933359d65a0a286a5f67de631fd1cb16207a5b6ecaf6613905eb4a33fa981a9,2024-11,Essex Police,Essex Police,0.427942,51.574596,On or near Trinity Close,E01021290,Basildon 016D,Violence and sexual offences,Court result unavailable,
74a1f967669c4168482b8d526feab060f22f23e20c16f4990990c96c4ec311a5,2024-11,Essex Police,Essex Police,0.423034,51.575947,On or near St Anns Close,E01021290,Basildon 016D,Violence and sexual offences,Investigation complete; no suspect identified,
e604296dbca650be431817e327d31ada1ede8d6f0cb68337916f83fee2cae086,2024-11,Essex Police,Essex Police,0.424276,51.572423,On or near Burdock Drive,E01021290,Basildon 016D,Violence and sexual offences,Unable to prosecute suspect,
1383db778b86055345533074e3703075c31405942998dec2242e2a1ccb8e88da,2024-11,Essex Police,Essex Police,0.427677,51.571526,On or near Mellow Purgess Close,E01021290,Basildon 016D,Violence and sexual offences,Unable to prosecute suspect,
8162a0416f33ee1af153cef35c900e9fc1cce2655dae0c3565975bc8c214e722,2024-11,Essex Police,Essex Police,0.423659,51.576015,On or near St Andrews Lane,E01021290,Basildon 016D,Violence and sexual offences,Unable to prosecute suspect,
bbfbab4243b887b91b68f79ae4eb6e0460354b9e59d910e5e2507b34035021b0,2024-11,Essex Police,Essex Police,0.423878,51.575534,On or near Vestry Close,E01021290,Basildon 016D,Violence and sexual offences,Unable to prosecute suspect,
30a14ac50bd83a8269f3f98e9f799e976612a3f8b21ca1d6ef020dc19de29743,2024-11,Essex Police,Essex Police,0.423659,51.576015,On or near St Andrews Lane,E01021290,Basildon 016D,Other crime,Unable to prosecute suspect,
428b196e440983f710a25389aaea76bd2babf3d66655a6457a94e7657b449552,2024-11,Essex Police,Essex Police,0.444057,51.572867,On or near Boytons,E01021291,Basildon 016E,Burglary,Investigation complete; no suspect identified,
5c34003ae7596f15d155a45205be108de861d4dd65df39c641dc388dd1f405cd,2024-11,Essex Police,Essex Police,0.439174,51.572510,On or near Jermayns,E01021291,Basildon 016E,Criminal damage and arson,Unable to prosecute suspect,
9974fb4b5c9d2b51f16bad21846d4d321c23e0b8937ee2f83d5d392fb9eeb0b2,2024-11,Essex Police,Essex Police,0.438987,51.575491,On or near Woolmergreen,E01021291,Basildon 016E,Drugs,Local resolution,
e4fba8e5b89d6d6eb9b5aaa78bc07f5777639bdb0812a04eb77eebcf75bd38a5,2024-11,Essex Police,Essex Police,0.438987,51.575491,On or near Woolmergreen,E01021291,Basildon 016E,Drugs,Unable to prosecute suspect,
06c00db6e875ab6972077c0261954c76b947f2c1500186afc4fb9037e081e45e,2024-11,Essex Police,Essex Police,0.441943,51.573820,On or near Teagles,E01021291,Basildon 016E,Other theft,Unable to prosecute suspect,
181bf11615053aeae64479b6b2485e9b2057ce4d79222b1c6a6b8d76b4de76f5,2024-11,Essex Police,Essex Police,0.441396,51.573040,On or near Parking Area,E01021291,Basildon 016E,Shoplifting,Investigation complete; no suspect identified,
5479c7d2f59b85eed9db3b5cd2fe00241b74e0a19f155f5cf4f02370143e74fa,2024-11,Essex Police,Essex Police,0.441943,51.573820,On or near Teagles,E01021291,Basildon 016E,Vehicle crime,Investigation complete; no suspect identified,
4fa5dd1295b28db779adc57ff65fbb2a3b62254eb61d8e764e31f067f574fc3a,2024-11,Essex Police,Essex Police,0.441488,51.572327,On or near Great Knightleys,E01021291,Basildon 016E,Vehicle crime,Status update unavailable,
63c9ea0095575113e2ba4f6712ad9d13e565f91686acf6cc0cdea6e913880cd2,2024-11,Essex Police,Essex Police,0.441396,51.573040,On or near Parking Area,E01021291,Basildon 016E,Vehicle crime,Investigation complete; no suspect identified,
4d255bb57f0a43d515305ffe5c6f62b9f7ecc1ed4dcdde726e6d98d5328de457,2024-11,Essex Police,Essex Police,0.439174,51.572510,On or near Jermayns,E01021291,Basildon 016E,Violence and sexual offences,Unable to prosecute suspect,
71f99385cd0124f9cb35a57e0c5f2cb7f167670455e8ad6de73302add2fccd40,2024-11,Essex Police,Essex Police,0.441415,51.577698,On or near Sellars Way,E01021291,Basildon 016E,Violence and sexual offences,Unable to prosecute suspect,
29da7fa79b201a8c03d07d8c1241f32e9d94446cc463b625cca0f5340bf14f9d,2024-11,Essex Police,Essex Police,0.439174,51.572510,On or near Jermayns,E01021291,Basildon 016E,Violence and sexual offences,Court result unavailable,
fce0bb0a5eb954e681880bc09c77beceff92b318c2f8ee4ae3c53081b8b83869,2024-11,Essex Police,Essex Police,0.444057,51.572867,On or near Boytons,E01021291,Basildon 016E,Violence and sexual offences,Investigation complete; no suspect identified,
ffc18e0fe27bd88558421a6167ee6e0572b118bbe335c7d053dccbf3e0f6976e,2024-11,Essex Police,Essex Police,0.441488,51.572327,On or near Great Knightleys,E01021291,Basildon 016E,Violence and sexual offences,Unable to prosecute suspect,
8cf54437d51f4afff9e78ff64f5e48c421d17664618552774a4e9989ca4dc741,2024-11,Essex Police,Essex Police,0.438987,51.575491,On or near Woolmergreen,E01021291,Basildon 016E,Violence and sexual offences,Investigation complete; no suspect identified,
2bc5da197a65870e7d734cea17d1424948b04ccbf9e8930959282208b4eafdb5,2024-11,Essex Police,Essex Police,0.441415,51.577698,On or near Sellars Way,E01021291,Basildon 016E,Violence and sexual offences,Unable to prosecute suspect,
a3c0415ef0cd67b75022dfbcf27d793fc3ca36f2dcf9bb435baefb5e6ff71149,2024-11,Essex Police,Essex Police,0.439174,51.572510,On or near Jermayns,E01021291,Basildon 016E,Violence and sexual offences,Awaiting court outcome,
f1b0d3dbd5ada31e59ea9ff79ced7a7ba4eb9a03235d0d0cbba79089b09c37d9,2024-11,Essex Police,Essex Police,0.441943,51.573820,On or near Teagles,E01021291,Basildon 016E,Violence and sexual offences,Court result unavailable,
bdf3e9329993a7bd80791d30a7b19a00320f09c73e4ded36f3bb5a86b0a46391,2024-11,Essex Police,Essex Police,0.441396,51.573040,On or near Parking Area,E01021291,Basildon 016E,Violence and sexual offences,Investigation complete; no suspect identified,
40700b2c0f5fe0e891c86ea8cd13f993de6d9cce09422a68578ac8359fd001d2,2024-11,Essex Police,Essex Police,0.440625,51.575349,On or near Ballards Walk,E01021291,Basildon 016E,Violence and sexual offences,Court result unavailable,
2258464fd6251d85d813ef3eb51cc6d61e0fa2bc52c0a96ed5f3cad4f5a35eff,2024-11,Essex Police,Essex Police,0.439988,51.569652,On or near Shepeshall,E01021287,Basildon 017A,Drugs,Investigation complete; no suspect identified,
5c6fd1f81a5a3102eaf97165442078119819fd0bc2eaad42c609d30ff88e8745,2024-11,Essex Police,Essex Police,0.441836,51.569946,On or near Falstones,E01021287,Basildon 017A,Drugs,Status update unavailable,
0cee30dcb414b575232ca58e49a16a63954eadaebdef8f141776da434fdd03db,2024-11,Essex Police,Essex Police,0.446026,51.568959,On or near Wickhay,E01021287,Basildon 017A,Vehicle crime,Investigation complete; no suspect identified,
34f6440603aa3e17fdea308e2023a28093339c1776153a6c85e14f1e7e37c47c,2024-11,Essex Police,Essex Police,0.441836,51.569946,On or near Falstones,E01021287,Basildon 017A,Violence and sexual offences,Action to be taken by another organisation,
1da4a3c09697f45982c31bba26e9ffe32f092d16cbe322fd0ef87dcc52f55b8b,2024-11,Essex Police,Essex Police,0.446026,51.568959,On or near Wickhay,E01021287,Basildon 017A,Other crime,Unable to prosecute suspect,
,2024-11,Essex Police,Essex Police,0.432917,51.570194,On or near Turner Close,E01021292,Basildon 017B,Anti-social behaviour,,
62af59374875474c12f77cf8179baa2a8e3ab9a926d601c849388728177301c1,2024-11,Essex Police,Essex Police,0.432917,51.570194,On or near Turner Close,E01021292,Basildon 017B,Criminal damage and arson,Investigation complete; no suspect identified,
d2cb921ba3d2d6ad254355472d05f277b5fa8dfc562b33053f17be614d2e7bd8,2024-11,Essex Police,Essex Police,0.432917,51.570194,On or near Turner Close,E01021292,Basildon 017B,Vehicle crime,Investigation complete; no suspect identified,
f20dd8ec6f0b311e91b99a555bd15d06bb89bcf7580ece9193a5daf78eabec80,2024-11,Essex Police,Essex Police,0.439343,51.571347,On or near Mynchens,E01021292,Basildon 017B,Violence and sexual offences,Investigation complete; no suspect identified,
f502358a3f86b5bc8a72bfc550e04b7a5391b3e6519498cf726f09b3e0e8d2c8,2024-11,Essex Police,Essex Police,0.441191,51.574060,On or near Thornbush,E01021292,Basildon 017B,Violence and sexual offences,Unable to prosecute suspect,
,2024-11,Essex Police,Essex Police,0.451783,51.569738,On or near Roundacre,E01021293,Basildon 017C,Anti-social behaviour,,
22f1e1c470844f2958d2259acb36086698486aa278d4336d0e8c6b41a8a0310e,2024-11,Essex Police,Essex Police,0.445296,51.573912,On or near Little Lullaway,E01021293,Basildon 017C,Bicycle theft,Investigation complete; no suspect identified,
36843ed69ae4e6be9991eae63f77c4d18f5cf70af1b42cfc986587b26f05fbdb,2024-11,Essex Police,Essex Police,0.449897,51.570093,On or near Cressells,E01021293,Basildon 017C,Criminal damage and arson,Investigation complete; no suspect identified,
f99bea799be7749b2b9da3e38374ca5c84e9cb34b8ffc269d1138ad4fbfd8512,2024-11,Essex Police,Essex Police,0.451783,51.569738,On or near Roundacre,E01021293,Basildon 017C,Vehicle crime,Investigation complete; no suspect identified,
cc61d720d43efa999c4362b0ca677041138392896e8a543c214a1d624da66937,2024-11,Essex Police,Essex Police,0.449897,51.570093,On or near Cressells,E01021293,Basildon 017C,Violence and sexual offences,Offender given a caution,
18efc816e863628f5bff6db4f1d658f48c466b14d75dac91d161eb7e6b44b34b,2024-11,Essex Police,Essex Police,0.450246,51.568529,On or near Parking Area,E01021293,Basildon 017C,Violence and sexual offences,Status update unavailable,
bb90062e179c830eeffe0c3ff3e3816212c350fc466e207c011b49c8b484754a,2024-11,Essex Police,Essex Police,0.444674,51.570121,On or near Rise Park,E01021293,Basildon 017C,Violence and sexual offences,Unable to prosecute suspect,
2c1a0964cd468d0a81bffc51e4b3591176db18998c5396ea72e4ce032818c5fb,2024-11,Essex Police,Essex Police,0.449897,51.570093,On or near Cressells,E01021293,Basildon 017C,Violence and sexual offences,Unable to prosecute suspect,
77b8e6738aa07b6f2ccc41f38ba5d107a4e6ec6e8cf8a0c64c5f467b1c3d5748,2024-11,Essex Police,Essex Police,0.444674,51.570121,On or near Rise Park,E01021293,Basildon 017C,Violence and sexual offences,Unable to prosecute suspect,
1b22d024e1b2237881f28438905c8f677465717a3a3c3653701f7d2ae21d27ed,2024-11,Essex Police,Essex Police,0.446916,51.571827,On or near Delimands,E01021293,Basildon 017C,Violence and sexual offences,Unable to prosecute suspect,
f2f7ae474bf13bf10b5ce2043e6070f542ed14602f353017b01dd1c75cf561da,2024-11,Essex Police,Essex Police,0.446916,51.571827,On or near Delimands,E01021293,Basildon 017C,Violence and sexual offences,Investigation complete; no suspect identified,
b9c3e8a4bc8ce44e85b4cd4db44859457e965199291daec13bebaff9ec049fb9,2024-11,Essex Police,Essex Police,0.446916,51.571827,On or near Delimands,E01021293,Basildon 017C,Violence and sexual offences,Unable to prosecute suspect,
42b2b4e0c98463297266ca2c70495f2ff052ccd2b110b1501115b3f0529656ff,2024-11,Essex Police,Essex Police,0.448485,51.570949,On or near Panadown,E01021293,Basildon 017C,Violence and sexual offences,Unable to prosecute suspect,
d7fc4508a9b5f5a2910f46af8907d9e98261c88853a61f9df000d63768684351,2024-11,Essex Police,Essex Police,0.448485,51.570949,On or near Panadown,E01021293,Basildon 017C,Violence and sexual offences,Unable to prosecute suspect,
8f5b778ed29a29dd3e273b0f0472bdeb6518d376c905c424fbf4e65212c29615,2024-11,Essex Police,Essex Police,0.444674,51.570121,On or near Rise Park,E01021293,Basildon 017C,Other crime,Unable to prosecute suspect,
044594581fc36cf5fa696e840f2f1e32bbcee458b954e8b6584ecdfe52364bb8,2024-11,Essex Police,Essex Police,0.444674,51.570121,On or near Rise Park,E01021293,Basildon 017C,Other crime,Unable to prosecute suspect,
3ad0462dafc5b4bc862160ee59d66fd56c67c866338abf2dcafd1dbadbd131e7,2024-11,Essex Police,Essex Police,0.444674,51.570121,On or near Rise Park,E01021293,Basildon 017C,Other crime,Unable to prosecute suspect,
ac90077fa66b86db9a240cf795e2ef84cbdd79b836f7a497e8012d45a0be57ce,2024-11,Essex Police,Essex Police,0.444674,51.570121,On or near Rise Park,E01021293,Basildon 017C,Other crime,Unable to prosecute suspect,
0dfe901115344dd1fb8d6d88094bd8cb118154298f9859f6e5aec75f0070148b,2024-11,Essex Police,Essex Police,0.449897,51.570093,On or near Cressells,E01021293,Basildon 017C,Other crime,Investigation complete; no suspect identified,
100e8468c6b2e37aa434898b6df65071cb8299d6c974d3e2937e27d299f8158f,2024-11,Essex Police,Essex Police,0.450740,51.569940,On or near Parking Area,E01021293,Basildon 017C,Other crime,Court result unavailable,
8c497b9fc79352516e988324ee0616587de53dd23b32d4e6596ced0a125cd00e,2024-11,Essex Police,Essex Police,0.446530,51.566521,On or near Great Gregorie,E01021298,Basildon 017D,Criminal damage and arson,Unable to prosecute suspect,
93b0ffbb2c5e2de57651023eafd94b9961c13733e180caaccc0bef33807d9a52,2024-11,Essex Police,Essex Police,0.446530,51.566521,On or near Great Gregorie,E01021298,Basildon 017D,Drugs,Investigation complete; no suspect identified,
c1d98119684d9bffa8cad4f0715969cb786c39260829af356e7cd28282b2b20e,2024-11,Essex Police,Essex Police,0.447483,51.565727,On or near Ingaway,E01021298,Basildon 017D,Other crime,Investigation complete; no suspect identified,
,2024-11,Essex Police,Essex Police,0.458730,51.573316,On or near Culverdown,E01021319,Basildon 017E,Anti-social behaviour,,
b5232a8e926b7e0efd475df8cf038c13781f521b597016389b7bbce5ec050ccf,2024-11,Essex Police,Essex Police,0.451034,51.571643,On or near Broadhurst Place,E01021319,Basildon 017E,Criminal damage and arson,Investigation complete; no suspect identified,
711f19b8dd0efbecec4c2ae76b3c847b53f14a0b86ea34fe44e72362657bb626,2024-11,Essex Police,Essex Police,0.456670,51.573386,On or near Pomfret Mead,E01021319,Basildon 017E,Drugs,Investigation complete; no suspect identified,
dabf7911d6c6a6fb9bc4c0dbc5f5f8bac0350f9ccb7bb49ff220a0e7ffa603e8,2024-11,Essex Police,Essex Police,0.456670,51.573386,On or near Pomfret Mead,E01021319,Basildon 017E,Drugs,Investigation complete; no suspect identified,
19c8c2d528843dbd66623dace25cd48f7a3c6432b2b106027c33c0a13608c136,2024-11,Essex Police,Essex Police,0.456104,51.574936,On or near Brempsons,E01021319,Basildon 017E,Drugs,Investigation complete; no suspect identified,
ba21438dd21b19f6e97a9619bdeeee6466afeb28be052a06b9cebc9d2bd0c626,2024-11,Essex Police,Essex Police,0.458730,51.573316,On or near Culverdown,E01021319,Basildon 017E,Drugs,Court result unavailable,
8f00a519d5c01215b7d0094423f1c126f46ee321500e6ab0dac8c5a676e4fcac,2024-11,Essex Police,Essex Police,0.461794,51.574745,On or near Roselaine,E01021319,Basildon 017E,Other theft,Unable to prosecute suspect,
340cbb0a67dc225a39d588a9e04e2a897c04d974f35f1962e3ec7cd7fbb8d9ef,2024-11,Essex Police,Essex Police,0.461794,51.574745,On or near Roselaine,E01021319,Basildon 017E,Other theft,Investigation complete; no suspect identified,
87c38aa7632f9fcb8c1c02bc92066cd6282d6291ca2eca3b20a3ab7f496bbb1f,2024-11,Essex Police,Essex Police,0.458730,51.573316,On or near Culverdown,E01021319,Basildon 017E,Possession of weapons,Court result unavailable,
73915fe3a370ccde1df487568588bfa5483724095f6175e879ecd067410d434a,2024-11,Essex Police,Essex Police,0.458730,51.573316,On or near Culverdown,E01021319,Basildon 017E,Vehicle crime,Investigation complete; no suspect identified,
0daad6f909f1cced5e823881edac92aa55d4ff4b33204a1ea6d35a1a03d21533,2024-11,Essex Police,Essex Police,0.456670,51.573386,On or near Pomfret Mead,E01021319,Basildon 017E,Violence and sexual offences,Unable to prosecute suspect,
e78f583500882a5b39967cf373691d71ab3402b7f90ade37b5956751c34544d2,2024-11,Essex Police,Essex Police,0.456670,51.573386,On or near Pomfret Mead,E01021319,Basildon 017E,Violence and sexual offences,Unable to prosecute suspect,
76f130ceacb9967edaf2b571ace9ff181446e70f4b941007fb20a97ac3eb94b1,2024-11,Essex Police,Essex Police,0.461794,51.574745,On or near Roselaine,E01021319,Basildon 017E,Violence and sexual offences,Local resolution,
ff1126c133f10ecd4569ed74e664d4657316d725bb47b9ec005f7c0a4c720ce4,2024-11,Essex Police,Essex Police,0.456670,51.573386,On or near Pomfret Mead,E01021319,Basildon 017E,Violence and sexual offences,Status update unavailable,
79e34d210ca7e0d6d147ff830434cb0ab20659b6b961f8d07291b4b7f20b2ac3,2024-11,Essex Police,Essex Police,0.456670,51.573386,On or near Pomfret Mead,E01021319,Basildon 017E,Violence and sexual offences,Unable to prosecute suspect,
9a0dbdbfd1c08429d505819e91f6e6f57a007ddb175c584279d703ca1e34bb74,2024-11,Essex Police,Essex Police,0.461794,51.574745,On or near Roselaine,E01021319,Basildon 017E,Violence and sexual offences,Unable to prosecute suspect,
c89aab69b7cafdf3b1c9f1d0643bf8a64c2ec66f4f63f85ec3deafef1c795499,2024-11,Essex Police,Essex Police,0.456104,51.574936,On or near Brempsons,E01021319,Basildon 017E,Violence and sexual offences,Formal action is not in the public interest,
d9aece9ba6f3da5e194af94572a9c39300dbae3fb9193c73c68a9e6ec9a86773,2024-11,Essex Police,Essex Police,0.460255,51.576702,On or near Landermere,E01021319,Basildon 017E,Violence and sexual offences,Unable to prosecute suspect,
523538ce1728e21e9707c46569bf88bf38af32a28308dc9f53c93fb8ab7584bb,2024-11,Essex Police,Essex Police,0.522214,51.565691,On or near Church Road,E01021313,Basildon 018A,Criminal damage and arson,Investigation complete; no suspect identified,
3b4a9238107abdd309063d2b93b339bf2e7974da90b4fc2ced1ea2b8e4d73479,2024-11,Essex Police,Essex Police,0.522214,51.565691,On or near Church Road,E01021313,Basildon 018A,Public order,Investigation complete; no suspect identified,
6b0969f993de4d43e1454945064237ad81ca52b963bb88ff9b45adeee796218e,2024-11,Essex Police,Essex Police,0.512409,51.567907,On or near Headcorn Close,E01021313,Basildon 018A,Public order,Unable to prosecute suspect,
b11e8d31e3124f1c36bc388a3c639344c202fe2cdd9a16f63991b127222712da,2024-11,Essex Police,Essex Police,0.518564,51.566480,On or near Bowers Close,E01021313,Basildon 018A,Vehicle crime,Investigation complete; no suspect identified,
995d80885b8978933b3817ff1947965c23ad822efe84fdf6508399e831c4b33d,2024-11,Essex Police,Essex Police,0.532263,51.570978,On or near Canvey Road,E01021313,Basildon 018A,Vehicle crime,Investigation complete; no suspect identified,
f0681806935720b087a2502680cd1ed3f379ca54375e41a516474ebe2165b7e8,2024-11,Essex Police,Essex Police,0.514756,51.569134,On or near Halstow Way,E01021313,Basildon 018A,Violence and sexual offences,Unable to prosecute suspect,
ad0b5b56b5115e6b94f39de5ddb32b46920a3b7c84e9506399af65596efce92a,2024-11,Essex Police,Essex Police,0.516669,51.566656,On or near Fairleigh Road,E01021313,Basildon 018A,Other crime,Unable to prosecute suspect,
,2024-11,Essex Police,Essex Police,0.511408,51.572785,On or near St Mary'S Crescent,E01021314,Basildon 018B,Anti-social behaviour,,
02aa21bc3531af4428448e78abbd9eeaa44f333511791b6e8cae494ffac5fda7,2024-11,Essex Police,Essex Police,0.513582,51.573997,On or near Kenneth Road,E01021314,Basildon 018B,Criminal damage and arson,Investigation complete; no suspect identified,
3e6dbc89552c8f967055a9caaf098015087a2929d9c1b6581ab79a5aaaef1409,2024-11,Essex Police,Essex Police,0.511187,51.575065,On or near Charlton Close,E01021314,Basildon 018B,Other theft,Unable to prosecute suspect,
cbdfa37c290ff3a71b108916304d4d242f72adac83721155894b37277bada338,2024-11,Essex Police,Essex Police,0.511408,51.572785,On or near St Mary'S Crescent,E01021314,Basildon 018B,Other theft,Investigation complete; no suspect identified,
ec1f5785c9b7398a92fbb94251890e7e583e6e121bf5f93c012463e8ff44c6a3,2024-11,Essex Police,Essex Police,0.511408,51.572785,On or near St Mary'S Crescent,E01021314,Basildon 018B,Public order,Local resolution,
e9ee60816df437c40f4dd43d9ba767ba22657e4459640c4ef1e23cff4aebdcae,2024-11,Essex Police,Essex Police,0.511408,51.572785,On or near St Mary'S Crescent,E01021314,Basildon 018B,Vehicle crime,Investigation complete; no suspect identified,
af6cb46de4d7b1976f8b5ac69b55626095ad3eac0696d768b7c1efe1de808f22,2024-11,Essex Police,Essex Police,0.516419,51.573892,On or near Crown Avenue,E01021314,Basildon 018B,Vehicle crime,Unable to prosecute suspect,
4a8f461e0cd1f3f6a7666fb0b398dae7bc0dca35058c3bd81e5a0f7e24a4dd12,2024-11,Essex Police,Essex Police,0.513582,51.573997,On or near Kenneth Road,E01021314,Basildon 018B,Vehicle crime,Investigation complete; no suspect identified,
fd67766de37622269b69f19d945e48feacebf7e7122a2df12738b3aa71d238ab,2024-11,Essex Police,Essex Police,0.516004,51.572659,On or near Crown Close,E01021314,Basildon 018B,Violence and sexual offences,Unable to prosecute suspect,
0e9ae7714eb2b76c04a634dbd66e57ca25048f620f69c3d79561aaa54a9282bd,2024-11,Essex Police,Essex Police,0.513582,51.573997,On or near Kenneth Road,E01021314,Basildon 018B,Violence and sexual offences,Unable to prosecute suspect,
5ba6c51fc69b8384051caca70d20bf8551fde08b68fd7f7c2cc3553853b5385a,2024-11,Essex Police,Essex Police,0.516419,51.573892,On or near Crown Avenue,E01021314,Basildon 018B,Violence and sexual offences,Unable to prosecute suspect,
7e41c77093fbc3c13c326c257055399d5cbd9768607102f1e2b08c446574d8b1,2024-11,Essex Police,Essex Police,0.516004,51.572659,On or near Crown Close,E01021314,Basildon 018B,Other crime,Investigation complete; no suspect identified,
,2024-11,Essex Police,Essex Police,0.512439,51.571072,On or near Crest Avenue,E01021315,Basildon 018C,Anti-social behaviour,,
a768831e8fb6884243a721a686055499306f3831eb9549b86686cc85167e0c78,2024-11,Essex Police,Essex Police,0.512431,51.569615,On or near Little Charlton,E01021315,Basildon 018C,Burglary,Investigation complete; no suspect identified,
8b1800c2e8c2f30a6e70d575e37137db7fd501fef46916de913813716383bac7,2024-11,Essex Police,Essex Police,0.512439,51.571072,On or near Crest Avenue,E01021315,Basildon 018C,Criminal damage and arson,Investigation complete; no suspect identified,
cfa6f3f5b193ff0402480b7f638f5ea26c63be7177431fb69cbd4781a3236f27,2024-11,Essex Police,Essex Police,0.515625,51.569960,On or near Appleford Court,E01021315,Basildon 018C,Drugs,Local resolution,
d73c05ce47fc57cd24d2bbcd719c731e91eadc357435071a3f5890ae7deaeaf5,2024-11,Essex Police,Essex Police,0.515191,51.571786,On or near Leigh Fells,E01021315,Basildon 018C,Drugs,Court result unavailable,
e77fe0b131b10065154a07cf23ca233b7a6973869f1834493024ff7a051dee64,2024-11,Essex Police,Essex Police,0.510388,51.568688,On or near Trianon Court,E01021315,Basildon 018C,Vehicle crime,Unable to prosecute suspect,
62e87d8c94ee5012caf0b62710c29ffbc50aa304d78f6555c37a04685322f429,2024-11,Essex Police,Essex Police,0.515191,51.571786,On or near Leigh Fells,E01021315,Basildon 018C,Violence and sexual offences,Unable to prosecute suspect,
42b9504a01033cf847727f5ac09de81764bd200d1da17146c5cc5e6ff3ccb27c,2024-11,Essex Police,Essex Police,0.515625,51.569960,On or near Appleford Court,E01021315,Basildon 018C,Violence and sexual offences,Unable to prosecute suspect,
fa3c40fe31a9f43e22397a2235a9f1283ce882c527c4e699752cfa7c1ce9799c,2024-11,Essex Police,Essex Police,0.508417,51.568541,On or near Dover Way,E01021315,Basildon 018C,Violence and sexual offences,Unable to prosecute suspect,
e8100f48e7a8a563870b771b370f557fe746b1c5cd161afab85a9c3c2a943cfa,2024-11,Essex Police,Essex Police,0.514423,51.570157,On or near Lenham Way,E01021315,Basildon 018C,Violence and sexual offences,Unable to prosecute suspect,
,2024-11,Essex Police,Essex Police,0.504783,51.564122,On or near Broadway Link,E01021316,Basildon 018D,Anti-social behaviour,,
,2024-11,Essex Police,Essex Police,0.504783,51.564122,On or near Broadway Link,E01021316,Basildon 018D,Anti-social behaviour,,
,2024-11,Essex Police,Essex Police,0.508184,51.565614,On or near Parkhurst Road,E01021316,Basildon 018D,Anti-social behaviour,,
b85b4e44370f1a0e528348eb9198d9143d0343ab7443a576b9cbd2be8872e4ce,2024-11,Essex Police,Essex Police,0.502359,51.564120,On or near Tennyson Drive,E01021316,Basildon 018D,Burglary,Investigation complete; no suspect identified,
6ee4604e1107ff9c832cb7657baafd4d0464584cbfbd533bd81ddfd4ed671f7f,2024-11,Essex Police,Essex Police,0.506535,51.565811,On or near Rectory Park Drive,E01021316,Basildon 018D,Burglary,Investigation complete; no suspect identified,
cf4f31aeb897768b3a3bce84ecdf13a255b5a8092c4fa8f56c3c0105a86bc70c,2024-11,Essex Police,Essex Police,0.506535,51.565811,On or near Rectory Park Drive,E01021316,Basildon 018D,Burglary,Court result unavailable,
b5a1b61e3acb71681f7e10661b70fb412fa5921ec8d701c66eacd3a514f9e5d3,2024-11,Essex Police,Essex Police,0.510685,51.566487,On or near Howard Crescent,E01021316,Basildon 018D,Burglary,Investigation complete; no suspect identified,
5676efb449707e26318c0139258fe6bd8b3a6c9a116586b2ba9a25a5bec8b66a,2024-11,Essex Police,Essex Police,0.507789,51.569445,On or near Caister Drive,E01021316,Basildon 018D,Criminal damage and arson,Investigation complete; no suspect identified,
18bbd0a986282d198beea7e02786fd276f22f2ae2ff0bfb69ea6cd1e4ccfb331,2024-11,Essex Police,Essex Police,0.506457,51.568583,On or near Edinburgh Way,E01021316,Basildon 018D,Criminal damage and arson,Investigation complete; no suspect identified,
c5bd70a5205b1373a84931409f785164bf464a0076823028164add12f5d001af,2024-11,Essex Police,Essex Police,0.507789,51.569445,On or near Caister Drive,E01021316,Basildon 018D,Drugs,Investigation complete; no suspect identified,
964ea600ea5eb8d095258f4fbd878e1007d208cef81cc5dfab3ec48071f3afcc,2024-11,Essex Police,Essex Police,0.506535,51.565811,On or near Rectory Park Drive,E01021316,Basildon 018D,Other theft,Investigation complete; no suspect identified,
140b7a60d57ceee8c10d95d0bc924fdcca882a7f5aaf209297b9a3472dcd9bc6,2024-11,Essex Police,Essex Police,0.503472,51.565481,On or near Parking Area,E01021316,Basildon 018D,Other theft,Investigation complete; no suspect identified,
df32f299dfbf1c990a99af0da0f352358693c4aefdb7148a02364b5db64c55a6,2024-11,Essex Police,Essex Police,0.504783,51.564122,On or near Broadway Link,E01021316,Basildon 018D,Other theft,Investigation complete; no suspect identified,
f27513969500adbf3719ccc01fd25ed14be4ca8fb17c32630bc601f74b5bfbb8,2024-11,Essex Police,Essex Police,0.509910,51.566853,On or near Police Station,E01021316,Basildon 018D,Other theft,Investigation complete; no suspect identified,
fba646df1a22b149f9ae55a511f65b08818b76cdc8de31ab2b8e1257c47b1e14,2024-11,Essex Police,Essex Police,0.502906,51.565943,On or near Burns Avenue,E01021316,Basildon 018D,Other theft,Unable to prosecute suspect,
438ae492d0faebd8901c7b073fd868754dac10005362adace7405e4f311f5304,2024-11,Essex Police,Essex Police,0.509910,51.566853,On or near Police Station,E01021316,Basildon 018D,Public order,Formal action is not in the public interest,
6139cde6eeb68b5b3c23b64b1b8b2d58e9a971b721deb8b0f46c6356c4cf435c,2024-11,Essex Police,Essex Police,0.509910,51.566853,On or near Police Station,E01021316,Basildon 018D,Public order,Court result unavailable,
8c04e0c68251dceeb7ab0460ecd057ffb51fbbe4c4951b436ef9bf1c29a16fb2,2024-11,Essex Police,Essex Police,0.509910,51.566853,On or near Police Station,E01021316,Basildon 018D,Public order,Court result unavailable,
1406098e594fa183a594cf6a81de3ea59a87253f19050d70d1ce9b545d7c00a6,2024-11,Essex Police,Essex Police,0.509910,51.566853,On or near Police Station,E01021316,Basildon 018D,Public order,Court result unavailable,
61ed277378d439e28b47fab3d5bed2925dd2a60a2a6863ce97b12ee3d708ce4e,2024-11,Essex Police,Essex Police,0.509910,51.566853,On or near Police Station,E01021316,Basildon 018D,Public order,Court result unavailable,
0f6d94e1ce09049f719a8797b8e1f8684e0bec514a090310d8e2580c3aebae81,2024-11,Essex Police,Essex Police,0.509910,51.566853,On or near Police Station,E01021316,Basildon 018D,Public order,Court result unavailable,
d0c3f57c968e272aefdf0cb8c39919b34d02eff260dbced0e605a50732713320,2024-11,Essex Police,Essex Police,0.509910,51.566853,On or near Police Station,E01021316,Basildon 018D,Public order,Court result unavailable,
25f54009c66bc7232e38d9db5be5cc1427ad527ef1939fb41e5c4367d4b32e39,2024-11,Essex Police,Essex Police,0.509910,51.566853,On or near Police Station,E01021316,Basildon 018D,Public order,Court result unavailable,
3d53d0cfed00ee851f5db0d8799396d2c25d4a340269d463efaa46ffbba7a07c,2024-11,Essex Police,Essex Police,0.509910,51.566853,On or near Police Station,E01021316,Basildon 018D,Public order,Court result unavailable,
83dd657634c14c85128c26fa8b84d7f440b3f3146d1776111c84ef3edfd4622e,2024-11,Essex Police,Essex Police,0.509910,51.566853,On or near Police Station,E01021316,Basildon 018D,Public order,Unable to prosecute suspect,
a76225c15d989e5dbeb73e373fdf33c0d28a09da1b305052bc82733294da9f2d,2024-11,Essex Police,Essex Police,0.505090,51.566553,On or near Supermarket,E01021316,Basildon 018D,Robbery,Unable to prosecute suspect,
e2af3fe138a4b6ce5aa13b3f65770537e6aabc9a5d68383e4b75e3ce00a5ceda,2024-11,Essex Police,Essex Police,0.505090,51.566553,On or near Supermarket,E01021316,Basildon 018D,Shoplifting,Investigation complete; no suspect identified,
da8b6a6b44ce222f3c34d60200094b56b5e61590902ac8b554d551dd0ebd896b,2024-11,Essex Police,Essex Police,0.502906,51.565943,On or near Burns Avenue,E01021316,Basildon 018D,Shoplifting,Unable to prosecute suspect,
6f4348d105abdd13c878dc4a7ef5d44e85cbe0c34ed927f8c86d2272945aa3a5,2024-11,Essex Police,Essex Police,0.506535,51.565811,On or near Rectory Park Drive,E01021316,Basildon 018D,Shoplifting,Investigation complete; no suspect identified,
0b72be1cbe6d4ec9008ad5fc14c94c92a0e718c02da8fd341b8ebb5b54958f02,2024-11,Essex Police,Essex Police,0.506535,51.565811,On or near Rectory Park Drive,E01021316,Basildon 018D,Shoplifting,Unable to prosecute suspect,
448a02d993f49a9ca5d8d270b7b8e33e20a4bef008b4e597dc88de5e17d87178,2024-11,Essex Police,Essex Police,0.506535,51.565811,On or near Rectory Park Drive,E01021316,Basildon 018D,Shoplifting,Investigation complete; no suspect identified,
e61e271d90256662147f7fddd1b1208722ebef4e22daa2762763d2355877e98d,2024-11,Essex Police,Essex Police,0.506535,51.565811,On or near Rectory Park Drive,E01021316,Basildon 018D,Shoplifting,Formal action is not in the public interest,
a9e6ddc82a600fd14cfc9c7b71c1d639b4b46e108ab1407ba03ecfc56ef17397,2024-11,Essex Police,Essex Police,0.504783,51.564122,On or near Broadway Link,E01021316,Basildon 018D,Shoplifting,Investigation complete; no suspect identified,
d4392d62ca899633bdb086993c4c72df035cdf76fd838b56accdc35840057c58,2024-11,Essex Police,Essex Police,0.504783,51.564122,On or near Broadway Link,E01021316,Basildon 018D,Shoplifting,Investigation complete; no suspect identified,
971f9d70c4069bf4d72f92d71a9b3c9b4d76fbc44a396c253c0f74d43306dad0,2024-11,Essex Police,Essex Police,0.504783,51.564122,On or near Broadway Link,E01021316,Basildon 018D,Shoplifting,Investigation complete; no suspect identified,
040a36970211fe876f88afcd708e548bdd83fabec1f45103c041e4932b00eecf,2024-11,Essex Police,Essex Police,0.504783,51.564122,On or near Broadway Link,E01021316,Basildon 018D,Shoplifting,Investigation complete; no suspect identified,
2d79c54cf072a1a3bf6c402f0bb38c78a2ed2518d2107a89b5b1097a5600187b,2024-11,Essex Police,Essex Police,0.506535,51.565811,On or near Rectory Park Drive,E01021316,Basildon 018D,Shoplifting,Investigation complete; no suspect identified,
685c168fd1093221fa35015e668f15aef0d1e3888581d367d5317467b20f9a58,2024-11,Essex Police,Essex Police,0.505090,51.566553,On or near Supermarket,E01021316,Basildon 018D,Vehicle crime,Unable to prosecute suspect,
de1b30b915463dc97bcab2cab6f0e339da012c9f361829cc1d2f24b8317e5fa2,2024-11,Essex Police,Essex Police,0.510839,51.567707,On or near Throwley Close,E01021316,Basildon 018D,Violence and sexual offences,Status update unavailable,
434f7e2d482136402d3fa2445f746b8c2b88a2f89cb8d2bb7aa85f2e3851371d,2024-11,Essex Police,Essex Police,0.504783,51.564122,On or near Broadway Link,E01021316,Basildon 018D,Violence and sexual offences,Investigation complete; no suspect identified,
72b817d01521b8e4aa4eb029a63be04ef9916b2ac64fdcff00644348a6cc35c4,2024-11,Essex Police,Essex Police,0.507789,51.569445,On or near Caister Drive,E01021316,Basildon 018D,Violence and sexual offences,Unable to prosecute suspect,
85178b0579ab5fbc79c5d5dbca8a9681218a74b40132d507bc65dd6be0992714,2024-11,Essex Police,Essex Police,0.509910,51.566853,On or near Police Station,E01021316,Basildon 018D,Violence and sexual offences,Unable to prosecute suspect,
1635650f4865fe8e9418cb14b8437284b95c6c2efa12ab7e359a9191205ef263,2024-11,Essex Police,Essex Police,0.509910,51.566853,On or near Police Station,E01021316,Basildon 018D,Violence and sexual offences,Unable to prosecute suspect,
f2e3b1405a1896230d9a084a47536d6b71f0deecc70a83980c553492c716c32d,2024-11,Essex Police,Essex Police,0.501975,51.565009,On or near Popes Crescent,E01021316,Basildon 018D,Violence and sexual offences,Unable to prosecute suspect,
2ab5830901867401e4e5673f76b3931b718fd8db932a51f5d10e67b6069c87a5,2024-11,Essex Police,Essex Police,0.507789,51.569445,On or near Caister Drive,E01021316,Basildon 018D,Violence and sexual offences,Unable to prosecute suspect,
3576b0e0a7ddbbf8cd9b3c338e9bcb7bd0998650bde0d7e0dec17e7f0dc31197,2024-11,Essex Police,Essex Police,0.507789,51.569445,On or near Caister Drive,E01021316,Basildon 018D,Violence and sexual offences,Unable to prosecute suspect,
86227dc007b380976ff238a9de2a5c12d9b2653f0e11831c29a2e0cb39307700,2024-11,Essex Police,Essex Police,0.507888,51.570981,On or near Bodiam Close,E01021316,Basildon 018D,Violence and sexual offences,Unable to prosecute suspect,
59285bf5d1f1e8e3f1d8e4798351ead8705d748f379eae5f2ce1c2e8a98fac33,2024-11,Essex Police,Essex Police,0.509910,51.566853,On or near Police Station,E01021316,Basildon 018D,Violence and sexual offences,Unable to prosecute suspect,
71dd9796c1d795275c542d8f6488781e74c233bc7b336671c5a0c5b6385bac65,2024-11,Essex Police,Essex Police,0.509910,51.566853,On or near Police Station,E01021316,Basildon 018D,Violence and sexual offences,Investigation complete; no suspect identified,
0ec09ccbbea561fcff3b214fa2b4c66e4449afc6ca4e121f2df68a59255faaca,2024-11,Essex Police,Essex Police,0.506803,51.568845,On or near Carisbrooke Close,E01021316,Basildon 018D,Violence and sexual offences,Unable to prosecute suspect,
1d3f97d441392211f695e7b23137c280f1ed41272d426f50ce7fea75440da0c1,2024-11,Essex Police,Essex Police,0.509910,51.566853,On or near Police Station,E01021316,Basildon 018D,Violence and sexual offences,Unable to prosecute suspect,
a01204b17683f6fa3d815c3db97ee53b03d625e138d740ddbd142df93fd08694,2024-11,Essex Police,Essex Police,0.509910,51.566853,On or near Police Station,E01021316,Basildon 018D,Violence and sexual offences,Investigation complete; no suspect identified,
1950c4dc00316ae74bc866903150286c0e37a227fea9fcc4da7ff5f24ee7dc0b,2024-11,Essex Police,Essex Police,0.509910,51.566853,On or near Police Station,E01021316,Basildon 018D,Violence and sexual offences,Unable to prosecute suspect,
86b85688868aa27f7599ca47c2b04b0f9b8b3aabdc7d2bd51cc1f6cfc1983ae4,2024-11,Essex Police,Essex Police,0.505090,51.566553,On or near Supermarket,E01021316,Basildon 018D,Violence and sexual offences,Court result unavailable,
c686c30ae64da617f7b7f7ad3ab03cb0771704a9346a790189b6ba83dee23bc9,2024-11,Essex Police,Essex Police,0.506803,51.568845,On or near Carisbrooke Close,E01021316,Basildon 018D,Violence and sexual offences,Unable to prosecute suspect,
7ae3d248e0fa585f06a67d5c3c8cc675d0dbfac49e23b80c590e497be2aa413f,2024-11,Essex Police,Essex Police,0.507888,51.570981,On or near Bodiam Close,E01021316,Basildon 018D,Violence and sexual offences,Offender given a caution,
49f93df9361b67c9814ccc7aafd6a36106032b25a190392255a210da820c0c36,2024-11,Essex Police,Essex Police,0.509910,51.566853,On or near Police Station,E01021316,Basildon 018D,Violence and sexual offences,Unable to prosecute suspect,
eb79472a0d56b340e2e21a8c040c99a914bf15f160c441eb7d2f064fc023d43a,2024-11,Essex Police,Essex Police,0.509910,51.566853,On or near Police Station,E01021316,Basildon 018D,Violence and sexual offences,Unable to prosecute suspect,
ae2796a51ca66792e8fd5dd9c20439e897931aae3c82b75256d49bb2b08625f9,2024-11,Essex Police,Essex Police,0.504783,51.564122,On or near Broadway Link,E01021316,Basildon 018D,Violence and sexual offences,Unable to prosecute suspect,
ff3743c4aa8701c6b756da2f95accda56c6195d7beee176b5f6bcd951192b927,2024-11,Essex Police,Essex Police,0.509910,51.566853,On or near Police Station,E01021316,Basildon 018D,Violence and sexual offences,Investigation complete; no suspect identified,
95f7b07ede14906248ea68d981cfd07b6989bbfd8408fd2934d85f4a2abf6bc3,2024-11,Essex Police,Essex Police,0.509910,51.566853,On or near Police Station,E01021316,Basildon 018D,Violence and sexual offences,Unable to prosecute suspect,
68c7516cc0aa52a39cb0cc7d6566b1e3adab8f4d421c44b7d2c1d8941b461970,2024-11,Essex Police,Essex Police,0.505090,51.566553,On or near Supermarket,E01021316,Basildon 018D,Violence and sexual offences,Court result unavailable,
1251d865a3f0cb84a4a72ac2ec2a07f5fb57961b596cfb863826fc554241f21a,2024-11,Essex Police,Essex Police,0.509910,51.566853,On or near Police Station,E01021316,Basildon 018D,Violence and sexual offences,Investigation complete; no suspect identified,
6b3c6e9e09de7cfdb56381a840fcedd4f15c67caf7c2803c03dcb9d153bbc38a,2024-11,Essex Police,Essex Police,0.509910,51.566853,On or near Police Station,E01021316,Basildon 018D,Violence and sexual offences,Action to be taken by another organisation,
dc9735f7bc7f23693a62d72cb7010674e4473be7b1c883763158d4a33eb54871,2024-11,Essex Police,Essex Police,0.509910,51.566853,On or near Police Station,E01021316,Basildon 018D,Other crime,Unable to prosecute suspect,
e67c416be4dda363faf5441c8035abea657b65369d091bc07a360cfbaee3770b,2024-11,Essex Police,Essex Police,0.509910,51.566853,On or near Police Station,E01021316,Basildon 018D,Other crime,Status update unavailable,
33f722066265683a727c95638e4006f2b5e5a67415ee617c7a17e3a43c68a4e9,2024-11,Essex Police,Essex Police,0.507789,51.569445,On or near Caister Drive,E01021316,Basildon 018D,Other crime,Unable to prosecute suspect,
,2024-11,Essex Police,Essex Police,0.499509,51.568731,On or near Mariskals,E01021317,Basildon 018E,Anti-social behaviour,,
,2024-11,Essex Police,Essex Police,0.498538,51.565496,On or near Elm Green,E01021317,Basildon 018E,Anti-social behaviour,,
121e0b95a8308252da6d9416d7a2081939eff34aa180d06fc98ce9e469302b33,2024-11,Essex Police,Essex Police,0.503525,51.567746,On or near Maydells,E01021317,Basildon 018E,Burglary,Court result unavailable,
bf627c804e77447d62798d7752cb6ffee8cc509910a96b801285715dd14e3efc,2024-11,Essex Police,Essex Police,0.498538,51.565496,On or near Elm Green,E01021317,Basildon 018E,Criminal damage and arson,Unable to prosecute suspect,
40307c65b0601cce1fdd172080ccb97e700bd4229945c0433d9b2e9cf93b93b4,2024-11,Essex Police,Essex Police,0.497868,51.568802,On or near Wythefield,E01021317,Basildon 018E,Other theft,Investigation complete; no suspect identified,
487320bf01b7ac80da0743c2ed2cc713a114bf30056ea067a601eb91c43216a0,2024-11,Essex Police,Essex Police,0.501175,51.568579,On or near Partridge Green,E01021317,Basildon 018E,Other theft,Investigation complete; no suspect identified,
bf1c70186853ad5f20282908aa3591d5f9ce10b9864e718130d19a2eb1ce05f7,2024-11,Essex Police,Essex Police,0.497868,51.568802,On or near Wythefield,E01021317,Basildon 018E,Public order,Unable to prosecute suspect,
e10ba2bc5b43de89aa8fd15c398dbf9514751f466a04ac88574647fa872fae04,2024-11,Essex Police,Essex Police,0.501879,51.568267,On or near Steeplehall,E01021317,Basildon 018E,Vehicle crime,Investigation complete; no suspect identified,
19e55061735e725d20a98d7f7e3f78561a0258463d56e928fbc84cb05b6feb66,2024-11,Essex Police,Essex Police,0.501879,51.568267,On or near Steeplehall,E01021317,Basildon 018E,Vehicle crime,Investigation complete; no suspect identified,
286d5e6900427e161864eaab36f95fdbc9be223636818ecc4bd9bc1ff39d9d88,2024-11,Essex Police,Essex Police,0.501879,51.568267,On or near Steeplehall,E01021317,Basildon 018E,Vehicle crime,Investigation complete; no suspect identified,
2ee99b47fec85a92275690fd26b9c0c9f8698a4159cbf6f6012cb02ab8dfdae1,2024-11,Essex Police,Essex Police,0.497597,51.564905,On or near Gordons,E01021317,Basildon 018E,Violence and sexual offences,Unable to prosecute suspect,
09e5afd0aadf31f6d5c2ab21409dd88cd798a24c0990968434d70a2a5518c6b9,2024-11,Essex Police,Essex Police,0.496867,51.565541,On or near Brundish,E01021317,Basildon 018E,Violence and sexual offences,Unable to prosecute suspect,
5c50b113ae5112d950eae7eb2744f57d3095708cd9e2f3341382df3cf433912b,2024-11,Essex Police,Essex Police,0.503525,51.567746,On or near Maydells,E01021317,Basildon 018E,Violence and sexual offences,Action to be taken by another organisation,
b943778cbd8f0750c5f01a04d0de8e9fd9fff7bfc9a9314cba80a07c68ba3567,2024-11,Essex Police,Essex Police,0.496867,51.565541,On or near Brundish,E01021317,Basildon 018E,Violence and sexual offences,Unable to prosecute suspect,
0b28ec9a6e8172f9e740df7b9f511e8802687d6f7fd450df4f3add39056d61c2,2024-11,Essex Police,Essex Police,0.503525,51.567746,On or near Maydells,E01021317,Basildon 018E,Violence and sexual offences,Formal action is not in the public interest,
0608710b83b3db03de59628e1ce8a21409e757ddd1163c1bf7093fcab39c1186,2024-11,Essex Police,Essex Police,0.497868,51.568802,On or near Wythefield,E01021317,Basildon 018E,Violence and sexual offences,Unable to prosecute suspect,
1c7c522138ffa94e3d2461c729690d87fd0c455eb2016ce4e8bc1476bee2b565,2024-11,Essex Police,Essex Police,0.503525,51.567746,On or near Maydells,E01021317,Basildon 018E,Violence and sexual offences,Formal action is not in the public interest,
3165964613dc894749299e114b9ec4600023e5fd73d38e4adff588937aebe6ea,2024-11,Essex Police,Essex Police,0.503525,51.567746,On or near Maydells,E01021317,Basildon 018E,Violence and sexual offences,Unable to prosecute suspect,
,2024-11,Essex Police,Essex Police,0.483488,51.572111,On or near Chittock Mead,E01021322,Basildon 019A,Anti-social behaviour,,
cd6bbcbb62f9cdae82d189528e114bee5c045300ac7131d3b052014066765de5,2024-11,Essex Police,Essex Police,0.480781,51.569318,On or near Pattocks,E01021322,Basildon 019A,Burglary,Investigation complete; no suspect identified,
105b41cd5150120b2c4a03685fc43385cbbd090376acef001f3099d15afa7b59,2024-11,Essex Police,Essex Police,0.480870,51.570422,On or near Nelson Road,E01021322,Basildon 019A,Drugs,Investigation complete; no suspect identified,
7dddf88a0682529c692f2753147065c48cda68127c8a8b16d5c9ab4c3e2c8019,2024-11,Essex Police,Essex Police,0.481555,51.569211,On or near Frettons,E01021322,Basildon 019A,Other theft,Investigation complete; no suspect identified,
f959a49d0775902e1451dbf12e4080f215ae43cbde841829f324fd44e6dee1fa,2024-11,Essex Police,Essex Police,0.484343,51.572705,On or near Little Chittock,E01021322,Basildon 019A,Public order,Unable to prosecute suspect,
69cbf7053f9590814ca577baa65e902a778c681ea59ede037b9bbc7f98f05011,2024-11,Essex Police,Essex Police,0.484642,51.571052,On or near South Riding,E01021322,Basildon 019A,Robbery,Unable to prosecute suspect,
5d5a586016cce974d9c61c5275d469774b4630f054aee8dad3a1e64987061875,2024-11,Essex Police,Essex Police,0.485098,51.570413,On or near Gibcracks,E01021322,Basildon 019A,Shoplifting,Unable to prosecute suspect,
ca2a85fb280db6fd21b0930fffe4ad9de3f2760c831a5f3c3400fec6d8b936aa,2024-11,Essex Police,Essex Police,0.484642,51.571052,On or near South Riding,E01021322,Basildon 019A,Violence and sexual offences,Action to be taken by another organisation,
0a71d24450586f94229257af2f2812ff39009748a87b48089e4cbf112783b5e2,2024-11,Essex Police,Essex Police,0.484642,51.571052,On or near South Riding,E01021322,Basildon 019A,Violence and sexual offences,Unable to prosecute suspect,
c70ccb3a47d0b8dd951271157e583422adeecf54332531e8ba027946fb174443,2024-11,Essex Police,Essex Police,0.484071,51.567458,On or near Pathways,E01021322,Basildon 019A,Violence and sexual offences,Unable to prosecute suspect,
950f69ad1bbee194ec5421a6086b96d60410e37623c2abf98b91d432e2b410cb,2024-11,Essex Police,Essex Police,0.484343,51.572705,On or near Little Chittock,E01021322,Basildon 019A,Violence and sexual offences,Unable to prosecute suspect,
237e4e94c96dc10b64441bd01b0ee3e26ca186135c2bdc746c73509b92087061,2024-11,Essex Police,Essex Police,0.484343,51.572705,On or near Little Chittock,E01021322,Basildon 019A,Violence and sexual offences,Unable to prosecute suspect,
a99ef598146eae3c5770fc1fdc32f87f7cef0f6cde553e9a4919e16134a5300f,2024-11,Essex Police,Essex Police,0.481969,51.569131,On or near Fairview Road,E01021322,Basildon 019A,Other crime,Unable to prosecute suspect,
,2024-11,Essex Police,Essex Police,0.484868,51.564078,On or near North Crockerford,E01021323,Basildon 019B,Anti-social behaviour,,
,2024-11,Essex Police,Essex Police,0.482632,51.563037,On or near Dewsgreen,E01021323,Basildon 019B,Anti-social behaviour,,
d64d93620a11e49a5cffcc528f95b90d9d315ce9604805640fed354509052028,2024-11,Essex Police,Essex Police,0.483359,51.562329,On or near Oldwyk,E01021323,Basildon 019B,Burglary,Unable to prosecute suspect,
b9e2bce58179ca6e0f1a3cd974e2577fcadeb8878bb6e18196c9389dc25cce30,2024-11,Essex Police,Essex Police,0.482632,51.563037,On or near Dewsgreen,E01021323,Basildon 019B,Criminal damage and arson,Investigation complete; no suspect identified,
4bbd6b0906f8069ca9fabb657f6e09ea78afe517e39e8a019c71bfbdaf50306c,2024-11,Essex Police,Essex Police,0.482632,51.563037,On or near Dewsgreen,E01021323,Basildon 019B,Criminal damage and arson,Investigation complete; no suspect identified,
172330b58b6365450e94881f72a9d11ac50541a6d18c8a418c39c1c494bc4a8d,2024-11,Essex Police,Essex Police,0.489001,51.563406,On or near Kent View Road,E01021323,Basildon 019B,Criminal damage and arson,Investigation complete; no suspect identified,
6bed9d9a15d6b906df55781f85018ec658f499bea1719ebe02136ee7d0c7c21a,2024-11,Essex Police,Essex Police,0.487515,51.562610,On or near Tilney Turn,E01021323,Basildon 019B,Criminal damage and arson,Court result unavailable,
9da186e514df42a2310709f709a6a9da250ca9ac359d46f9c9d465f9d7c08787,2024-11,Essex Police,Essex Police,0.487515,51.562610,On or near Tilney Turn,E01021323,Basildon 019B,Criminal damage and arson,Court result unavailable,
6db92e11428df0544ea1336f036cc1a60b24fb578009405c155b29cf87b5323a,2024-11,Essex Police,Essex Police,0.484868,51.564078,On or near North Crockerford,E01021323,Basildon 019B,Criminal damage and arson,Investigation complete; no suspect identified,
197e37c42405635dfda9abc9f54ffd894ab6e92930dffa39b5ab247558f4e478,2024-11,Essex Police,Essex Police,0.482632,51.563037,On or near Dewsgreen,E01021323,Basildon 019B,Criminal damage and arson,Investigation complete; no suspect identified,
e64a0bbca34c2909d9eea56e80327765d942aac8fb11357c3a035dafb82e422d,2024-11,Essex Police,Essex Police,0.484868,51.564078,On or near North Crockerford,E01021323,Basildon 019B,Other theft,Investigation complete; no suspect identified,
ffc1ddd13c1d9f16deac3352847b66a7ae7f2aa9caf2bb034ced583e4cb2e575,2024-11,Essex Police,Essex Police,0.484868,51.564078,On or near North Crockerford,E01021323,Basildon 019B,Vehicle crime,Investigation complete; no suspect identified,
96e94b8124c4281435cdc83c887383a72e3633f0653d7b64259f18d5e6dcde1a,2024-11,Essex Police,Essex Police,0.484868,51.564078,On or near North Crockerford,E01021323,Basildon 019B,Violence and sexual offences,Court result unavailable,
79d727ad54888136229f830ff7b8934a6856b369bfd1138470db28cf0bbb69da,2024-11,Essex Police,Essex Police,0.484868,51.564078,On or near North Crockerford,E01021323,Basildon 019B,Violence and sexual offences,Unable to prosecute suspect,
45d3deff401f56b6f94332403d9226e2a9cfde798051283a3c8fe56a1168ac35,2024-11,Essex Police,Essex Police,0.484868,51.564078,On or near North Crockerford,E01021323,Basildon 019B,Violence and sexual offences,Unable to prosecute suspect,
d23e6f1dc14e88ff4c81f2221a0103f623f0bf8ba17d73a1cfb997950166c29f,2024-11,Essex Police,Essex Police,0.482632,51.563037,On or near Dewsgreen,E01021323,Basildon 019B,Violence and sexual offences,Status update unavailable,
ca63b79f432b5a6dbfe08473d73f328e6281b9ec9a1841d58bfedf22227bccb8,2024-11,Essex Police,Essex Police,0.482632,51.563037,On or near Dewsgreen,E01021323,Basildon 019B,Violence and sexual offences,Formal action is not in the public interest,
fcc742d97c3f5016148974a4622b50163b626430e62ccf9974c5e5bb30b7acd9,2024-11,Essex Police,Essex Police,0.486429,51.564917,On or near Bardfield,E01021323,Basildon 019B,Other crime,Unable to prosecute suspect,
,2024-11,Essex Police,Essex Police,0.481150,51.566810,On or near Southview Road,E01021324,Basildon 019C,Anti-social behaviour,,
b302b7ea3a79fb2bcd9a4b4aa02ae317dbfab5e77ae2e9dc63a54f8b2e7dfdd5,2024-11,Essex Police,Essex Police,0.477110,51.564710,On or near Collingwood Walk,E01021324,Basildon 019C,Burglary,Investigation complete; no suspect identified,
e7d3943f59e8ca5b05e749acf9743ddf26834c7741a63f9abf8bc0dededdc58b,2024-11,Essex Police,Essex Police,0.478633,51.563796,On or near Highlands Avenue,E01021324,Basildon 019C,Criminal damage and arson,Unable to prosecute suspect,
1eb5c96118662cfa40f54a67095be708d3eaa79d17c1a7d1fafd04c71b72be2f,2024-11,Essex Police,Essex Police,0.472575,51.563825,On or near The Leys,E01021324,Basildon 019C,Possession of weapons,Local resolution,
4cb88c8df86c17a505af6d188ea8ad4c0dc40f1806c09aa04abf2f9bd1bb08c2,2024-11,Essex Police,Essex Police,0.472575,51.563825,On or near The Leys,E01021324,Basildon 019C,Public order,Investigation complete; no suspect identified,
a87823508b4d88a431c44d33b501ad8792034702245715370db6b4e571a03a4a,2024-11,Essex Police,Essex Police,0.476172,51.564433,On or near Collingwood Road,E01021324,Basildon 019C,Vehicle crime,Investigation complete; no suspect identified,
0d4700b4850030a916b9ae11b7f900cb6fd3d1a80baa31fc139d737917018c01,2024-11,Essex Police,Essex Police,0.476348,51.563961,On or near North Colne,E01021324,Basildon 019C,Vehicle crime,Investigation complete; no suspect identified,
c22e49b66a5a04eb325fdb39cf0a22fb5936699cdc6d639d3bfd4199b456f024,2024-11,Essex Police,Essex Police,0.479042,51.566539,On or near Sunnedon,E01021324,Basildon 019C,Vehicle crime,Investigation complete; no suspect identified,
769790d1746afee994ed85b78f95e4cec1bac11908af5424cbd58a6f33e863af,2024-11,Essex Police,Essex Police,0.480613,51.564636,On or near Pitseaville Grove,E01021324,Basildon 019C,Violence and sexual offences,Unable to prosecute suspect,
b586062a0d10cd2821aafdd33cc7842e88ea7d542b59814aa9abb997567af68b,2024-11,Essex Police,Essex Police,0.477110,51.564710,On or near Collingwood Walk,E01021324,Basildon 019C,Violence and sexual offences,Investigation complete; no suspect identified,
c9923b49c80512676184af673f99748aeb33f206c663e614661564cf2cc18d89,2024-11,Essex Police,Essex Police,0.480613,51.564636,On or near Pitseaville Grove,E01021324,Basildon 019C,Violence and sexual offences,Unable to prosecute suspect,
0cc2f22c14742a04c027b9ab734f73716dcd065f7752e148cf0790c514fc9dd7,2024-11,Essex Police,Essex Police,0.480613,51.564636,On or near Pitseaville Grove,E01021324,Basildon 019C,Violence and sexual offences,Offender given a caution,
6b58c35995bf88f2feedb4949df617254c4498907bb12bae87e80db78cc61fda,2024-11,Essex Police,Essex Police,0.478633,51.563796,On or near Highlands Avenue,E01021324,Basildon 019C,Violence and sexual offences,Offender given a caution,
dc40579a993470d817f98bc5bdd28be04b930faf8677160701bb5abc1b905dd6,2024-11,Essex Police,Essex Police,0.481036,51.567118,On or near Bull Close,E01021324,Basildon 019C,Violence and sexual offences,Local resolution,
6dcb4aa48ea3b1c9c99f39ec5a4d6a6e401c2795efb19900bdd79d2299feab0f,2024-11,Essex Police,Essex Police,0.478633,51.563796,On or near Highlands Avenue,E01021324,Basildon 019C,Other crime,Unable to prosecute suspect,
,2024-11,Essex Police,Essex Police,0.484209,51.560728,On or near Swanstead,E01021325,Basildon 019D,Anti-social behaviour,,
d7d547bf003956a56cf63b3d75f419efd81bb9c167dda1aa97e80ef3624c43f6,2024-11,Essex Police,Essex Police,0.485279,51.562882,On or near Middle Crockerford,E01021325,Basildon 019D,Criminal damage and arson,Investigation complete; no suspect identified,
c06a5889f82ae4a3c450e14d969ea0482ec8e2973ab0c16dbccbbb07219eb3bc,2024-11,Essex Police,Essex Police,0.488371,51.561647,On or near Byfletts,E01021325,Basildon 019D,Criminal damage and arson,Investigation complete; no suspect identified,
dda1c9f42849e94afbba36bd913d739448bce7018a3c30b6dc6d1cba05ead5c4,2024-11,Essex Police,Essex Police,0.485279,51.562882,On or near Middle Crockerford,E01021325,Basildon 019D,Drugs,Court result unavailable,
563a5ff72cb2dc2c6660726b37c96b73bc495525f0084e1800a7ef185c46a220,2024-11,Essex Police,Essex Police,0.484209,51.560728,On or near Swanstead,E01021325,Basildon 019D,Other theft,Unable to prosecute suspect,
d17ca27fc1a530e6f6bbeb441e4ce71040c42cfd45f2c6a288b4e75ca06809f1,2024-11,Essex Police,Essex Police,0.488371,51.561647,On or near Byfletts,E01021325,Basildon 019D,Other theft,Unable to prosecute suspect,
03659be1e2d68b48cd2e36ad42fb1144dd99ef00e3bf24e3318a5554730a2318,2024-11,Essex Police,Essex Police,0.484209,51.560728,On or near Swanstead,E01021325,Basildon 019D,Other theft,Unable to prosecute suspect,
ee283ea53c9558bcd2aab24889fd4cc688c1c13ed6b60a499392bd8b755952fd,2024-11,Essex Police,Essex Police,0.484209,51.560728,On or near Swanstead,E01021325,Basildon 019D,Public order,Unable to prosecute suspect,
bb5d3ccd531e0d4f7718b6bcdff72575787bbf5fc7a88641d076908dcc81052e,2024-11,Essex Police,Essex Police,0.484209,51.560728,On or near Swanstead,E01021325,Basildon 019D,Public order,Investigation complete; no suspect identified,
748643d3a50543db31ed4252ffea95f8ace2f9e3a5eb3e8b37e8c25b0dcdb3a6,2024-11,Essex Police,Essex Police,0.488241,51.561893,On or near Mollands,E01021325,Basildon 019D,Robbery,Court result unavailable,
6cf0345ffb71b2c15b712591ec100100be1603aae662e68e12e9c323ea9fefa5,2024-11,Essex Police,Essex Police,0.488241,51.561893,On or near Mollands,E01021325,Basildon 019D,Robbery,Court result unavailable,
a5435617326e1e7baf84b1549b8d013479489a2f028dccc4c4e51f828f919277,2024-11,Essex Police,Essex Police,0.488241,51.561893,On or near Mollands,E01021325,Basildon 019D,Vehicle crime,Investigation complete; no suspect identified,
c157dc714e84d1bb7e44fe319cea6df7f55678d9fdd68913a9934367e855837a,2024-11,Essex Police,Essex Police,0.484209,51.560728,On or near Swanstead,E01021325,Basildon 019D,Violence and sexual offences,Unable to prosecute suspect,
6f8754e684c9b7c9f5c736428051384280b7301899aa20bf526088b70b2e6581,2024-11,Essex Police,Essex Police,0.484209,51.560728,On or near Swanstead,E01021325,Basildon 019D,Violence and sexual offences,Unable to prosecute suspect,
4b7d8fa9279d37a4204bbff1041a2a6df9d55aef07aa393894e5487bbd943944,2024-11,Essex Police,Essex Police,0.484476,51.559545,On or near Polsteads,E01021325,Basildon 019D,Violence and sexual offences,Investigation complete; no suspect identified,
e4441c18cfa388504a1934821628c3162e35ad6a958f71feb88f8a4e6233f15b,2024-11,Essex Police,Essex Police,0.484209,51.560728,On or near Swanstead,E01021325,Basildon 019D,Violence and sexual offences,Status update unavailable,
2cf0b0fadb71110b15d56e355188b8fdd67fbec5f2d3cda34bcd5e75a74b527f,2024-11,Essex Police,Essex Police,0.484209,51.560728,On or near Swanstead,E01021325,Basildon 019D,Violence and sexual offences,Unable to prosecute suspect,
f968bca11206e24672dd9a2beb93c53950abcb666fa456b3ee8a0dd5c97f238e,2024-11,Essex Police,Essex Police,0.488241,51.561893,On or near Mollands,E01021325,Basildon 019D,Violence and sexual offences,Unable to prosecute suspect,
b5cfb42c880f79a36edf20e40808583e564cfc916dbf3924a55af0eb29882ee3,2024-11,Essex Police,Essex Police,0.484209,51.560728,On or near Swanstead,E01021325,Basildon 019D,Violence and sexual offences,Unable to prosecute suspect,
,2024-11,Essex Police,Essex Police,0.481838,51.564610,On or near Redgrave Road,E01021327,Basildon 019E,Anti-social behaviour,,
,2024-11,Essex Police,Essex Police,0.487601,51.568948,On or near Linford Drive,E01021327,Basildon 019E,Anti-social behaviour,,
0f78a9128909aacb02d863ef6db255139cbbd07d4aaee97c0197077f24c21686,2024-11,Essex Police,Essex Police,0.490377,51.568242,On or near Luncies Road,E01021327,Basildon 019E,Criminal damage and arson,Unable to prosecute suspect,
2126539097b4d1c6dc85d7fd72b5e41eabbcd8a078bb00e656ea0b3cac70ad7d,2024-11,Essex Police,Essex Police,0.490248,51.568606,On or near Sports/Recreation Area,E01021327,Basildon 019E,Public order,Investigation complete; no suspect identified,
ef42f434cfe0468c90e3ec78819160cab70e6755d4a98ad7cb4fc712a4c5bf8b,2024-11,Essex Police,Essex Police,0.490566,51.566169,On or near Feering Row,E01021327,Basildon 019E,Vehicle crime,Investigation complete; no suspect identified,
f0721190260f9b9357bd57c7f456efc618629c084777ebbc0de7fe2454440135,2024-11,Essex Police,Essex Police,0.483487,51.566284,On or near Parking Area,E01021327,Basildon 019E,Vehicle crime,Investigation complete; no suspect identified,
ae452bf966bbd694af9a1883740098f94d4317a21cd316704cb8832c453f1a20,2024-11,Essex Police,Essex Police,0.483487,51.566284,On or near Parking Area,E01021327,Basildon 019E,Vehicle crime,Status update unavailable,
6857d53624112125ca187981c3e5bca78035d3ac7727785d03220d2728add8bd,2024-11,Essex Police,Essex Police,0.483487,51.566284,On or near Parking Area,E01021327,Basildon 019E,Vehicle crime,Investigation complete; no suspect identified,
09a916cf82bd14fa6da7eafaf7710c51ab93ee687bfeec668381e4feee2e7058,2024-11,Essex Police,Essex Police,0.483487,51.566284,On or near Parking Area,E01021327,Basildon 019E,Violence and sexual offences,Investigation complete; no suspect identified,
7cb38692d807f65f7a35014f2ad6e16f756815fdfc9fe3f24c5e674a64f36845,2024-11,Essex Police,Essex Police,0.487601,51.568948,On or near Linford Drive,E01021327,Basildon 019E,Violence and sexual offences,Unable to prosecute suspect,
be658e422517777ce15aa335713cffc3a75be3a39db2b690e30f32d0455f8885,2024-11,Essex Police,Essex Police,0.488355,51.567430,On or near Beech Road,E01021327,Basildon 019E,Violence and sexual offences,Court result unavailable,
14fe1ea9738cc9567d94e4cbc6475c16b77261223fb784c14589348edfde2bee,2024-11,Essex Police,Essex Police,0.481838,51.564610,On or near Redgrave Road,E01021327,Basildon 019E,Violence and sexual offences,Local resolution,
94cdf02d6bcda253c4de741d638ef5d0ad152a593b17e3b5323b27762a96e392,2024-11,Essex Police,Essex Police,0.483182,51.565714,On or near Rookyards,E01021327,Basildon 019E,Violence and sexual offences,Unable to prosecute suspect,
94bb7d67ecbf7896db372ce3f954bfd5f2e3c15d32fd1d636e3cdd780799a644,2024-11,Essex Police,Essex Police,0.490377,51.568242,On or near Luncies Road,E01021327,Basildon 019E,Other crime,Unable to prosecute suspect,
0dea498018b574121d71cd08ec95ebff3a8cc228758aff07f280b9eea444547e,2024-11,Essex Police,Essex Police,0.440718,51.565508,On or near Paprills,E01021294,Basildon 020A,Drugs,Unable to prosecute suspect,
e34ee144f0478edaf7163159bafe410f783a2db5a47a02a5e17c9cf568974ad9,2024-11,Essex Police,Essex Police,0.440718,51.565508,On or near Paprills,E01021294,Basildon 020A,Drugs,Status update unavailable,
63fdac983044cc6b3df7d1ad146f53c2f2d03ebae8289ccfd70e66bf2d0e87f1,2024-11,Essex Police,Essex Police,0.447688,51.562557,On or near Rantree Fold,E01021294,Basildon 020A,Other theft,Investigation complete; no suspect identified,
b9820e9fbec47878b9fbeaa4082218e79645489388794b7fe5267e5e1a8eb100,2024-11,Essex Police,Essex Police,0.447986,51.562992,On or near Gernons,E01021294,Basildon 020A,Other theft,Investigation complete; no suspect identified,
c64a4ba803776120fb0019d37940923fee141519f9d576ee487a846e015ed001,2024-11,Essex Police,Essex Police,0.445872,51.564196,On or near The Knares,E01021294,Basildon 020A,Public order,Unable to prosecute suspect,
96253a89bd3dd2711e38f66ddb237235547cb15c8d565a51ea6bd355d29ff503,2024-11,Essex Police,Essex Police,0.445872,51.564196,On or near The Knares,E01021294,Basildon 020A,Public order,Unable to prosecute suspect,
731b0f7395dc75dfb096b52f6ab8f0d8ff0a2436b404801e16a4b795d05a52bf,2024-11,Essex Police,Essex Police,0.447688,51.562557,On or near Rantree Fold,E01021294,Basildon 020A,Public order,Investigation complete; no suspect identified,
399c20c258ceeaaf791b9c86ca18c451dd75d0b0eba3dfde488019349864aa18,2024-11,Essex Police,Essex Police,0.448433,51.564340,On or near Threshelford,E01021294,Basildon 020A,Violence and sexual offences,Unable to prosecute suspect,
f9374332a6319ec50455a58e9b66ee76907864b28470b1b17cf02c5dd2cb27b0,2024-11,Essex Police,Essex Police,0.445872,51.564196,On or near The Knares,E01021294,Basildon 020A,Violence and sexual offences,Investigation complete; no suspect identified,
93202d36f0f05801e5f9a0f8380ed50d6830ac43d33833b65f22207444f7ccf9,2024-11,Essex Police,Essex Police,0.445872,51.564196,On or near The Knares,E01021294,Basildon 020A,Violence and sexual offences,Court result unavailable,
544e6bb9f9110448065f634d3347fbd66e10051c9fb17d52e6ea0c4bb0385b0c,2024-11,Essex Police,Essex Police,0.440718,51.565508,On or near Paprills,E01021294,Basildon 020A,Violence and sexual offences,Investigation complete; no suspect identified,
,2024-11,Essex Police,Essex Police,0.473520,51.564758,On or near Swan Mead,E01021295,Basildon 020B,Anti-social behaviour,,
,2024-11,Essex Police,Essex Police,0.473520,51.564758,On or near Swan Mead,E01021295,Basildon 020B,Anti-social behaviour,,
03a26b5d3758f5c9e0ca15d442726de3015ba172562362678afb0edd23145ed4,2024-11,Essex Police,Essex Police,0.476023,51.567475,On or near Sports/Recreation Area,E01021295,Basildon 020B,Burglary,Investigation complete; no suspect identified,
cc5678a6088469c17965de2ba57d6fb4901351d1e32bd9c36ed3de3e6404f301,2024-11,Essex Police,Essex Police,0.473666,51.564782,On or near Clay Hill Road,E01021295,Basildon 020B,Criminal damage and arson,Investigation complete; no suspect identified,
7e24fd346a52ffb81b23192e42a4f9f15e66c39399429a5cfa05776298d62834,2024-11,Essex Police,Essex Police,0.471575,51.566148,On or near Great Mistley,E01021295,Basildon 020B,Other theft,Unable to prosecute suspect,
ad68088d15153fc32753f1ecdb551490a24292de2417f0b4a797430a1a8a0b3f,2024-11,Essex Police,Essex Police,0.466294,51.567222,On or near Gun Hill Place,E01021295,Basildon 020B,Other theft,Investigation complete; no suspect identified,
8cc87c263ba8e298b26fd952245b016c33743c15dfeb85a59075359b228b070d,2024-11,Essex Police,Essex Police,0.468772,51.568229,On or near Sports/Recreation Area,E01021295,Basildon 020B,Violence and sexual offences,Unable to prosecute suspect,
cb693ee42695bfa4588fd322089a20d35de3609e13b232c2ce8854ae14ed6220,2024-11,Essex Police,Essex Police,0.467472,51.563663,On or near Kingfishers,E01021295,Basildon 020B,Violence and sexual offences,Unable to prosecute suspect,
542e701de8fa79222bf93cdb46b17d72b5156575d870e139ade03406320ba73c,2024-11,Essex Police,Essex Police,0.472494,51.567658,On or near Mistley Side,E01021295,Basildon 020B,Violence and sexual offences,Unable to prosecute suspect,
d1786b80713c299617c0b04f866ab8e0cc7fe2e48f4e14fe15b66fd7557b04dc,2024-11,Essex Police,Essex Police,0.471575,51.566148,On or near Great Mistley,E01021295,Basildon 020B,Violence and sexual offences,Unable to prosecute suspect,
f0643bf9f7f0f0aceedccc073f92392258771981b432366b66d941bcffc715ed,2024-11,Essex Police,Essex Police,0.466294,51.567222,On or near Gun Hill Place,E01021295,Basildon 020B,Other crime,Further investigation is not in the public interest,
,2024-11,Essex Police,Essex Police,0.450559,51.557682,On or near Hospital,E01021297,Basildon 020D,Anti-social behaviour,,
,2024-11,Essex Police,Essex Police,0.450559,51.557682,On or near Hospital,E01021297,Basildon 020D,Anti-social behaviour,,
,2024-11,Essex Police,Essex Police,0.454240,51.560694,On or near Lee Woottens Lane,E01021297,Basildon 020D,Anti-social behaviour,,
a57ce1dd40923386af2c00284e25fee40ab32ef0bd84aadba69b70ccf382edc2,2024-11,Essex Police,Essex Police,0.446181,51.555718,On or near Burdett Close,E01021297,Basildon 020D,Burglary,Investigation complete; no suspect identified,
d8399bd6ce50cce65e116328e376ec7dce955a76c62c411f9daf35bc0899e635,2024-11,Essex Police,Essex Police,0.454184,51.566091,On or near Cherrydown West,E01021297,Basildon 020D,Burglary,Investigation complete; no suspect identified,
422009405a16582b3baf6d67cf64967bb17ece68cd24a93676b7c2d34021a310,2024-11,Essex Police,Essex Police,0.453596,51.566427,On or near Fauners,E01021297,Basildon 020D,Criminal damage and arson,Unable to prosecute suspect,
f54aa0584576cbfc89e1ff1b536d6ec2de4dc921219e93d6460db71d746daa7d,2024-11,Essex Police,Essex Police,0.450559,51.557682,On or near Hospital,E01021297,Basildon 020D,Criminal damage and arson,Local resolution,
159cc6ba449c9647b31a28d1ba6c934dd836a30dfd4458c786ab01e7395ed6db,2024-11,Essex Police,Essex Police,0.451085,51.559186,On or near Parking Area,E01021297,Basildon 020D,Criminal damage and arson,Investigation complete; no suspect identified,
c3241ff02af27034a7a93f0f120db4b7d37fde5643a03be26c178dd653e5c2af,2024-11,Essex Police,Essex Police,0.451757,51.558794,On or near Hospital,E01021297,Basildon 020D,Other theft,Unable to prosecute suspect,
406ea1304deec684019f570747cae42046cf21a5662511fb8bd5e5a365c72ae9,2024-11,Essex Police,Essex Police,0.450053,51.561456,On or near Further/Higher Educational Building,E01021297,Basildon 020D,Other theft,Local resolution,
4240a93fa0d5ca30170ecdca71e7779eaee41f3cef3414ca3549d6826306be50,2024-11,Essex Police,Essex Police,0.451757,51.558794,On or near Hospital,E01021297,Basildon 020D,Other theft,Investigation complete; no suspect identified,
fe5e063b7e5232b928eb0232a81054529d055b3566cc64dedd538a870d208719,2024-11,Essex Police,Essex Police,0.450559,51.557682,On or near Hospital,E01021297,Basildon 020D,Other theft,Investigation complete; no suspect identified,
a5708960ce4836e262784a5753ad2a885ab8781c2f98c7078c79901ab62564ea,2024-11,Essex Police,Essex Police,0.451757,51.558794,On or near Hospital,E01021297,Basildon 020D,Other theft,Investigation complete; no suspect identified,
e898ad09d63c2e6a576acbdb347e4bdb13acba46177f983f5cdb9bbb9f5bdf3c,2024-11,Essex Police,Essex Police,0.453596,51.566427,On or near Fauners,E01021297,Basildon 020D,Other theft,Investigation complete; no suspect identified,
b93ab90f50ef8a7b4bae62878cb03ff5270043a1fda392df8b3e7c21d55df5ec,2024-11,Essex Police,Essex Police,0.450559,51.557682,On or near Hospital,E01021297,Basildon 020D,Possession of weapons,Court result unavailable,
e3573392982862caa03132993ec061520be7d4e13366b2598d12b47db0def028,2024-11,Essex Police,Essex Police,0.451757,51.558794,On or near Hospital,E01021297,Basildon 020D,Public order,Unable to prosecute suspect,
dcc58a4b724bb8aac0c1fd3e00d133b2f144cb8c8be95be72948126dd5328c82,2024-11,Essex Police,Essex Police,0.450559,51.557682,On or near Hospital,E01021297,Basildon 020D,Public order,Unable to prosecute suspect,
e3af24ddf7f5961eb88919d97244709cfb6b0d93bfc6254ed82cedd0c446ab4c,2024-11,Essex Police,Essex Police,0.453378,51.566944,On or near Bessemer Close,E01021297,Basildon 020D,Public order,Unable to prosecute suspect,
be18a0dd364d88aba7fbf7a57db4c087c135c3aa7f87ec8667bfebb9545633f4,2024-11,Essex Police,Essex Police,0.450053,51.561456,On or near Further/Higher Educational Building,E01021297,Basildon 020D,Shoplifting,Status update unavailable,
7875bf29ff807e630a018f05c17159fc46d42cfd34ea24449155743dd16ea9df,2024-11,Essex Police,Essex Police,0.450053,51.561456,On or near Further/Higher Educational Building,E01021297,Basildon 020D,Shoplifting,Court result unavailable,
5d45c4f7595342d0ecf0582ffe74e280a8e4bb676427f7620eed1370e051efac,2024-11,Essex Police,Essex Police,0.450053,51.561456,On or near Further/Higher Educational Building,E01021297,Basildon 020D,Shoplifting,Investigation complete; no suspect identified,
8896b7af053929d99c0f39d8f833ed8660a01ce8c5b059c786062edba2281630,2024-11,Essex Police,Essex Police,0.450053,51.561456,On or near Further/Higher Educational Building,E01021297,Basildon 020D,Shoplifting,Unable to prosecute suspect,
12abaf6ec1a965b71ab4d4476fd309da72529f122eae8ce2c7e0fae97b2bb46d,2024-11,Essex Police,Essex Police,0.450053,51.561456,On or near Further/Higher Educational Building,E01021297,Basildon 020D,Shoplifting,Unable to prosecute suspect,
6783260e9bf1e355256dbed82a96f69ebc54e3092fec409bb857d935209eda13,2024-11,Essex Police,Essex Police,0.450053,51.561456,On or near Further/Higher Educational Building,E01021297,Basildon 020D,Shoplifting,Investigation complete; no suspect identified,
c64aafbb54564c2416908f3c4cf6229d1bf704fc6386383ddc9519008bfe7f75,2024-11,Essex Police,Essex Police,0.450053,51.561456,On or near Further/Higher Educational Building,E01021297,Basildon 020D,Shoplifting,Court result unavailable,
8acf3d9eabdcc2e16fefad07b095c254d6a83c1e13ec9ed0d9cb12dec4c749b4,2024-11,Essex Police,Essex Police,0.450053,51.561456,On or near Further/Higher Educational Building,E01021297,Basildon 020D,Shoplifting,Investigation complete; no suspect identified,
0db3c0c98606955251c33a59872c3e2612bebc354a1e20b65ccbdc07b47ea298,2024-11,Essex Police,Essex Police,0.450053,51.561456,On or near Further/Higher Educational Building,E01021297,Basildon 020D,Shoplifting,Unable to prosecute suspect,
f30ef28685d1d68593c650f8d72a62f9714473417cb82a5f8e3ce351d86f44ea,2024-11,Essex Police,Essex Police,0.450053,51.561456,On or near Further/Higher Educational Building,E01021297,Basildon 020D,Shoplifting,Unable to prosecute suspect,
42ed35c114bc7c4ae189cfbccee34e0f7c90861cff974be5275de7644ad3fbce,2024-11,Essex Police,Essex Police,0.450053,51.561456,On or near Further/Higher Educational Building,E01021297,Basildon 020D,Shoplifting,Unable to prosecute suspect,
0801b19236dad80cada73166312c51d884d745777c3a723ac1a18aae8976b08f,2024-11,Essex Police,Essex Police,0.454184,51.566091,On or near Cherrydown West,E01021297,Basildon 020D,Vehicle crime,Investigation complete; no suspect identified,
f0e471e9e35ba5c8aaf63ffdcd73e3335e93466646a87d0ed58e2324a60cc612,2024-11,Essex Police,Essex Police,0.450053,51.561456,On or near Further/Higher Educational Building,E01021297,Basildon 020D,Vehicle crime,Investigation complete; no suspect identified,
0c199fb272ab365b47b5fc00c264afbb335251db5148f17d9b31e4032c7f7a26,2024-11,Essex Police,Essex Police,0.456410,51.567762,On or near Station Way,E01021297,Basildon 020D,Vehicle crime,Investigation complete; no suspect identified,
e7103fa2841e89f2f7e5545e2fda6629516d8fb567c103a9a8e413681cfaf993,2024-11,Essex Police,Essex Police,0.451757,51.558794,On or near Hospital,E01021297,Basildon 020D,Vehicle crime,Status update unavailable,
5484addbf6cc3a51c8e773fa731ab1099a4f2af99e017da51b904cce797ba325,2024-11,Essex Police,Essex Police,0.445167,51.556450,On or near Dixon Road,E01021297,Basildon 020D,Vehicle crime,Investigation complete; no suspect identified,
07888aa04517d764c9d066fa814f756f7b3f8da62ef292e74080c34b552cda92,2024-11,Essex Police,Essex Police,0.454696,51.567825,On or near Ashdon Way,E01021297,Basildon 020D,Vehicle crime,Investigation complete; no suspect identified,
c28a7a6c7cb4c09094707c01db36c89edfc4348b1e55ab474f67f50d39457942,2024-11,Essex Police,Essex Police,0.446370,51.557090,On or near Parker Drive,E01021297,Basildon 020D,Violence and sexual offences,Unable to prosecute suspect,
e4b71c2d59e94778c116cf02ca64734338a1d5830c19caf43d68ba8d38206a80,2024-11,Essex Police,Essex Police,0.450559,51.557682,On or near Hospital,E01021297,Basildon 020D,Violence and sexual offences,Unable to prosecute suspect,
e6bedec0bf455dd0999be50f3e546ccd357e50e49edb39b2208dc741b5956f47,2024-11,Essex Police,Essex Police,0.450053,51.561456,On or near Further/Higher Educational Building,E01021297,Basildon 020D,Violence and sexual offences,Unable to prosecute suspect,
1c7e8d612bf49d4018ed666449a52f293c1e59da57304ab5914eaee3de7a9dd6,2024-11,Essex Police,Essex Police,0.451085,51.559186,On or near Parking Area,E01021297,Basildon 020D,Violence and sexual offences,Unable to prosecute suspect,
2f16c7a01b1e28d5a1fd9c266a27e6582c16e8939d161bb46690634f3dff279a,2024-11,Essex Police,Essex Police,0.451757,51.558794,On or near Hospital,E01021297,Basildon 020D,Violence and sexual offences,Status update unavailable,
4ab46ce5712da43c95a3de348594af8b5f5171dedae5c3913a98354762875f5c,2024-11,Essex Police,Essex Police,0.450559,51.557682,On or near Hospital,E01021297,Basildon 020D,Violence and sexual offences,Status update unavailable,
f9f4366c66600645247a5d9356fcac3cbf57e2f395164396dd4185bbcb421051,2024-11,Essex Police,Essex Police,0.451757,51.558794,On or near Hospital,E01021297,Basildon 020D,Violence and sexual offences,Unable to prosecute suspect,
c603912066f8c019e571e1fb9f3361f94cef08d2fe0dbac6b8bd8e41295dec3c,2024-11,Essex Police,Essex Police,0.451757,51.558794,On or near Hospital,E01021297,Basildon 020D,Violence and sexual offences,Unable to prosecute suspect,
35e6bf0fdd50c19f85370c023df0a20ffceca96a6fd14017e2d7e0a6d2bb5f6a,2024-11,Essex Police,Essex Police,0.451757,51.558794,On or near Hospital,E01021297,Basildon 020D,Violence and sexual offences,Unable to prosecute suspect,
98cacad8252dae265cabe840c15b48d91882eaf3de18cf8cc4b20a879958ab08,2024-11,Essex Police,Essex Police,0.456612,51.565357,On or near Takely End,E01021297,Basildon 020D,Violence and sexual offences,Unable to prosecute suspect,
2fa3d1e62f526070759d84c7ec3580e97cfc1608d488389cbb013ce142f2caa1,2024-11,Essex Police,Essex Police,0.450559,51.557682,On or near Hospital,E01021297,Basildon 020D,Violence and sexual offences,Unable to prosecute suspect,
2c5d3970bd1afe47229ef775c5e9947f1e11030de0357765b05b78d779c9c0eb,2024-11,Essex Police,Essex Police,0.450053,51.561456,On or near Further/Higher Educational Building,E01021297,Basildon 020D,Violence and sexual offences,Investigation complete; no suspect identified,
11018dc32cc7133a7b2ac01cf3f1d1f5efe77d68de7ebbaf5308d9d88dede8fb,2024-11,Essex Police,Essex Police,0.451757,51.558794,On or near Hospital,E01021297,Basildon 020D,Violence and sexual offences,Investigation complete; no suspect identified,
a7e64443f82b5c0df5a0898f1a59de819722f92014d8a9b01e4a2a18bfed9bd3,2024-11,Essex Police,Essex Police,0.450559,51.557682,On or near Hospital,E01021297,Basildon 020D,Violence and sexual offences,Status update unavailable,
c557f762d79993dc241af9560750115ff848d9af47014fcc5492cd5089893ab1,2024-11,Essex Police,Essex Police,0.451757,51.558794,On or near Hospital,E01021297,Basildon 020D,Violence and sexual offences,Unable to prosecute suspect,
1e7f6d335f4c3f3b52826ea3d368d707880eb68f2f1246b08487b56cbf9e113c,2024-11,Essex Police,Essex Police,0.455271,51.557875,On or near Fobbing Farm Close,E01021297,Basildon 020D,Violence and sexual offences,Unable to prosecute suspect,
34079426b425b6c88d50b5b2edb242a629b523c61a4130507a6344a121f4363a,2024-11,Essex Police,Essex Police,0.446335,51.554546,On or near Hammond Close,E01021297,Basildon 020D,Violence and sexual offences,Unable to prosecute suspect,
66f40afd7b2486e422f7f1c5121776ab534577da9aa17dbae9574af7e16d06c6,2024-11,Essex Police,Essex Police,0.451757,51.558794,On or near Hospital,E01021297,Basildon 020D,Violence and sexual offences,Unable to prosecute suspect,
68e7576636962b57f5c82e4b27fe217744efe0e173977aced35b1dbca8eb7430,2024-11,Essex Police,Essex Police,0.450559,51.557682,On or near Hospital,E01021297,Basildon 020D,Violence and sexual offences,Court result unavailable,
4a46b5f1434fb0cf87572a52c33462b3a8d751478d24dca856e84309ffafe85b,2024-11,Essex Police,Essex Police,0.450559,51.557682,On or near Hospital,E01021297,Basildon 020D,Violence and sexual offences,Unable to prosecute suspect,
21b0497f213d7675c8c25e1bdd9ca610a38c3a124017011f80e2e39c01953a3c,2024-11,Essex Police,Essex Police,0.450559,51.557682,On or near Hospital,E01021297,Basildon 020D,Violence and sexual offences,Unable to prosecute suspect,
2d1b3d066d3289035cc6513344520f7d4264f5eaca27ff6f0e804c7894ea8cc8,2024-11,Essex Police,Essex Police,0.451757,51.558794,On or near Hospital,E01021297,Basildon 020D,Violence and sexual offences,Court result unavailable,
0628629fdda42a9bf8eaf02d7347a0a6c81ab56b56f964ead00f57418712feb0,2024-11,Essex Police,Essex Police,0.456612,51.565357,On or near Takely End,E01021297,Basildon 020D,Other crime,Formal action is not in the public interest,
ed720531c2034c246c56aed2c3743f0de4b9c65113c90536541796541854e7c5,2024-11,Essex Police,Essex Police,0.454184,51.566091,On or near Cherrydown West,E01021297,Basildon 020D,Other crime,Action to be taken by another organisation,
a366639ee201efe7de93dc0b643ef1824d982677daad0ec533223a85f1848cde,2024-11,Essex Police,Essex Police,0.458043,51.559796,On or near Clayhill Lane,E01021299,Basildon 020E,Burglary,Investigation complete; no suspect identified,
7d98278ee867acec6574286bbf49672c02c880299df7283ff072205a73f44992,2024-11,Essex Police,Essex Police,0.467243,51.549027,On or near Moores Avenue,E01021299,Basildon 020E,Criminal damage and arson,Investigation complete; no suspect identified,
9fe3cbc78d29d42d20485a9584fd28479d795040d8389f9be5ce4b5c2f350a7e,2024-11,Essex Police,Essex Police,0.467243,51.549027,On or near Moores Avenue,E01021299,Basildon 020E,Criminal damage and arson,Investigation complete; no suspect identified,
92a5521efadb079a0ff4003e95d6485f6c1ed703228e945d3195da72ab28499d,2024-11,Essex Police,Essex Police,0.461056,51.560002,On or near Curlew Crescent,E01021299,Basildon 020E,Criminal damage and arson,Investigation complete; no suspect identified,
e8d37cb869eb17c2a4812e99d96c422fd282779fe7a92ba92fec78b7401e6331,2024-11,Essex Police,Essex Police,0.463010,51.553450,On or near Leonard Road,E01021299,Basildon 020E,Shoplifting,Investigation complete; no suspect identified,
aa8932e84016722e736387822a7d90c9459cab7d6ad92b99f8fce71de299fa14,2024-11,Essex Police,Essex Police,0.467243,51.549027,On or near Moores Avenue,E01021299,Basildon 020E,Vehicle crime,Investigation complete; no suspect identified,
82a9f95b8b0480f8174e88534118db736686d8157793c4a065a3359d4b4f8a8c,2024-11,Essex Police,Essex Police,0.456429,51.559281,On or near Linnets,E01021299,Basildon 020E,Vehicle crime,Investigation complete; no suspect identified,
d05027dbd34db932d52309e4480bbcb930b27601fcb7b9dc95d18956483f9305,2024-11,Essex Police,Essex Police,0.467243,51.549027,On or near Moores Avenue,E01021299,Basildon 020E,Vehicle crime,Investigation complete; no suspect identified,
989080de377b015cd77c90982d149d005efe9974b5beb9b72036978174867847,2024-11,Essex Police,Essex Police,0.461056,51.560002,On or near Curlew Crescent,E01021299,Basildon 020E,Violence and sexual offences,Unable to prosecute suspect,
6c6ae8f54b2abc28ebeb811767a65ff60cbeb1ad86a3be7874903b041158bb09,2024-11,Essex Police,Essex Police,0.461056,51.560002,On or near Curlew Crescent,E01021299,Basildon 020E,Violence and sexual offences,Unable to prosecute suspect,
26d71b73eefc120a75796464bbb63302e9bbdc435f951deadd4ba66ee4264e64,2024-11,Essex Police,Essex Police,0.463010,51.553450,On or near Leonard Road,E01021299,Basildon 020E,Violence and sexual offences,Investigation complete; no suspect identified,
debf000f9df4bafa15ccef3e7736688647a931884e04513eef0b1ca34a37b779,2024-11,Essex Police,Essex Police,0.456429,51.559281,On or near Linnets,E01021299,Basildon 020E,Violence and sexual offences,Status update unavailable,
274c7952995362b693a7a396c5957bd6539763732909f5b249c88821a4a26fb0,2024-11,Essex Police,Essex Police,0.456429,51.559281,On or near Linnets,E01021299,Basildon 020E,Violence and sexual offences,Unable to prosecute suspect,
17fa096cc48dd24367fb5f6924db830a3c0c41d9c3b3b06bacefcefaf1d9b1a0,2024-11,Essex Police,Essex Police,0.456429,51.559281,On or near Linnets,E01021299,Basildon 020E,Violence and sexual offences,Unable to prosecute suspect,
2fbed49fbbcb3be30e64975a265e808fd987930eb64078271c30e41cad5c20b6,2024-11,Essex Police,Essex Police,0.454818,51.561518,On or near Whiteshott,E01021299,Basildon 020E,Violence and sexual offences,Unable to prosecute suspect,
72cc0d05ebe1deb4f639e2dcb502f6c287f54f554957dfdccb86e9105a129b76,2024-11,Essex Police,Essex Police,0.465444,51.563247,On or near Peregrine Close,E01021299,Basildon 020E,Violence and sexual offences,Unable to prosecute suspect,
3e19b0eeae2cfa835641ae920291b90ada08c8615c0c4767180dfb71e0d4adee,2024-11,Essex Police,Essex Police,0.467533,51.563455,On or near Falcon Way,E01021299,Basildon 020E,Violence and sexual offences,Local resolution,
,2024-11,Essex Police,Essex Police,0.457453,51.568109,On or near Basildon,E01034356,Basildon 020F,Anti-social behaviour,,
a64ebb458346284ccccbc2e7028c3bd8a13c58a54e48796fb6913bdac7724f9c,2024-11,Essex Police,Essex Police,0.457453,51.568109,On or near Basildon,E01034356,Basildon 020F,Bicycle theft,Investigation complete; no suspect identified,
d90e72aa21c843e1b81f2749d2fa22337a02aef96921d0fe708bb0ec1aca3894,2024-11,Essex Police,Essex Police,0.457453,51.568109,On or near Basildon,E01034356,Basildon 020F,Criminal damage and arson,Unable to prosecute suspect,
6f4f4b3fb83f519cb0712546d0ed07e5cf071b01d054675b269d119855cdb8d4,2024-11,Essex Police,Essex Police,0.458321,51.567344,On or near Cherrydown East,E01034356,Basildon 020F,Other theft,Investigation complete; no suspect identified,
91c1f35d43b7ad637f0cf199482f491e521f903beaa06647fdf624eb1c44d937,2024-11,Essex Police,Essex Police,0.457453,51.568109,On or near Basildon,E01034356,Basildon 020F,Shoplifting,Investigation complete; no suspect identified,
5ee8af28a956862c501e72e357bb9838cc7d7d95fe245175666a6512b6c026ce,2024-11,Essex Police,Essex Police,0.457453,51.568109,On or near Basildon,E01034356,Basildon 020F,Theft from the person,Investigation complete; no suspect identified,
94e9d6aeb6e0f3adb023e5508ff402dc940815c21f215f968102d1eb40930bec,2024-11,Essex Police,Essex Police,0.457453,51.568109,On or near Basildon,E01034356,Basildon 020F,Vehicle crime,Investigation complete; no suspect identified,
8bd28410fa92078946ea972b666b80dbf70e7113bbced8708cc895bd8329ef2d,2024-11,Essex Police,Essex Police,0.457453,51.568109,On or near Basildon,E01034356,Basildon 020F,Violence and sexual offences,Unable to prosecute suspect,
22657e1076fc80715660e0a811fc679ba8b5e3be912a39fd440c5d2a05ef37d3,2024-11,Essex Police,Essex Police,0.458321,51.567344,On or near Cherrydown East,E01034356,Basildon 020F,Violence and sexual offences,Unable to prosecute suspect,
af6a80d0b7875fc03d567d315e93feff6f41a9498908e8152f5a6b60e604fe47,2024-11,Essex Police,Essex Police,0.458321,51.567344,On or near Cherrydown East,E01034356,Basildon 020F,Violence and sexual offences,Investigation complete; no suspect identified,
6ee2f2e9f803293578625fa9feb97b30b9154818f455f7cfc6893e9503a94f08,2024-11,Essex Police,Essex Police,0.457453,51.568109,On or near Basildon,E01034356,Basildon 020F,Violence and sexual offences,Unable to prosecute suspect,
400a119bcfc96487911dc5c7bb3a06ff0e384da1ed9a656d224f13eefeaf80dd,2024-11,Essex Police,Essex Police,0.458321,51.567344,On or near Cherrydown East,E01034356,Basildon 020F,Violence and sexual offences,Unable to prosecute suspect,
73709dba3713eec1879c125bca03cfcff53924ef112905b70aff7f855f560b93,2024-11,Essex Police,Essex Police,0.462370,51.562691,On or near Wynters,E01034357,Basildon 020G,Shoplifting,Investigation complete; no suspect identified,
b20c9e1e1f7f307980fab0c0c1b432850fc4528b806ef8f0d49004277e4b7934,2024-11,Essex Police,Essex Police,0.463177,51.566676,On or near Witchards,E01034357,Basildon 020G,Vehicle crime,Investigation complete; no suspect identified,
494c1bb45cd0ccae3d4c0cc44c09ff23a924153ff0ee8584aac5fdf74b97509a,2024-11,Essex Police,Essex Police,0.461368,51.562586,On or near Langleys,E01034357,Basildon 020G,Vehicle crime,Investigation complete; no suspect identified,
0f3fcc47eadc3e97bf9437de17cfb4625054befecb82cfa3d71c5b33a2efe316,2024-11,Essex Police,Essex Police,0.463420,51.568245,On or near Parking Area,E01034357,Basildon 020G,Vehicle crime,Investigation complete; no suspect identified,
c05de315991ba460b66f90430296b44e4d41a6d4ae77f11614173acc2fb7ce42,2024-11,Essex Police,Essex Police,0.459191,51.564223,On or near Waldegrave,E01034357,Basildon 020G,Violence and sexual offences,Formal action is not in the public interest,
4ca7cfaa527b8d3a834befe01cc3497c2f7e4551fa0b6b89b766dd75281583c7,2024-11,Essex Police,Essex Police,0.463177,51.566676,On or near Witchards,E01034357,Basildon 020G,Violence and sexual offences,Unable to prosecute suspect,
b6f100cc7f3ba9f0aa2e2fdbd6bb67b7b8edbf7a5a2ea91dd3013d84b7d40f3a,2024-11,Essex Police,Essex Police,0.462370,51.562691,On or near Wynters,E01034357,Basildon 020G,Violence and sexual offences,Investigation complete; no suspect identified,
e5bc794eb3749604ec3797ae3a353e3c4c6a5dd5feb4cd892eb351394607074f,2024-11,Essex Police,Essex Police,0.461132,51.563553,On or near Codenham Straight,E01034357,Basildon 020G,Violence and sexual offences,Investigation complete; no suspect identified,
1b91f50c42abb967c52da5d568a3a6a924c47a38635479280d4da42beacd6518,2024-11,Essex Police,Essex Police,0.409324,51.565321,On or near Great Berry Farm Chase,E01021280,Basildon 021A,Violence and sexual offences,Unable to prosecute suspect,
8b19bbcdb0bfdcbe80f8bb335e0a7718eef98831be4f3aa6b10ee424e740328e,2024-11,Essex Police,Essex Police,0.409324,51.565321,On or near Great Berry Farm Chase,E01021280,Basildon 021A,Violence and sexual offences,Unable to prosecute suspect,
21052658a81af8a21691ef65fd368a4c0dc7165f6257216ae3b8cd6b98fd82b2,2024-11,Essex Police,Essex Police,0.408078,51.565778,On or near Blackthorn Court,E01021280,Basildon 021A,Violence and sexual offences,Unable to prosecute suspect,
72c4bfa16486904faedb00ebed5e98df14e70e15714a18f6183e650c0fbabe1f,2024-11,Essex Police,Essex Police,0.408078,51.565778,On or near Blackthorn Court,E01021280,Basildon 021A,Violence and sexual offences,Unable to prosecute suspect,
,2024-11,Essex Police,Essex Police,0.423074,51.567475,On or near High Road,E01021281,Basildon 021B,Anti-social behaviour,,
,2024-11,Essex Police,Essex Police,0.412145,51.564921,On or near New Avenue,E01021281,Basildon 021B,Anti-social behaviour,,
9800644737d7965bede3d3b1b457ff93208dd69d94e21fe30b9bd01423711fe1,2024-11,Essex Police,Essex Police,0.418161,51.568431,On or near Mandeville Way,E01021281,Basildon 021B,Other theft,Investigation complete; no suspect identified,
2547a6af23bcfa0e9e07d09d2763aa700485b33458369f2525e07395164bde6b,2024-11,Essex Police,Essex Police,0.423074,51.567475,On or near High Road,E01021281,Basildon 021B,Public order,Unable to prosecute suspect,
27ae33769dd44702261151f69f20b8c17ca41e56977adb2e7626e10af37709aa,2024-11,Essex Police,Essex Police,0.423074,51.567475,On or near High Road,E01021281,Basildon 021B,Vehicle crime,Investigation complete; no suspect identified,
6708fa972be1c453f6c24cd9a3d0929d984d1faaddb22e874a29dcafa4aa676a,2024-11,Essex Police,Essex Police,0.423074,51.567475,On or near High Road,E01021281,Basildon 021B,Violence and sexual offences,Unable to prosecute suspect,
e3c62db1ff56b976c0657504e7f3d9f21a9d5c732faaa7f9e17a506ab6a69968,2024-11,Essex Police,Essex Police,0.423074,51.567475,On or near High Road,E01021281,Basildon 021B,Violence and sexual offences,Unable to prosecute suspect,
bafc2c6cd76bfeebc675495c2ec66e735ea1896c00cb9ff26a8014444f9491bc,2024-11,Essex Police,Essex Police,0.423074,51.567475,On or near High Road,E01021281,Basildon 021B,Violence and sexual offences,Unable to prosecute suspect,
d175e25252d0d33717ed5387f48fd7f8411956679e74ef1a37ffdd459b881f61,2024-11,Essex Police,Essex Police,0.423074,51.567475,On or near High Road,E01021281,Basildon 021B,Violence and sexual offences,Court result unavailable,
0ddcb92a8fce984b421ffc42db1e0c54b451781df6976352dda1cd11d6c67339,2024-11,Essex Police,Essex Police,0.423074,51.567475,On or near High Road,E01021281,Basildon 021B,Violence and sexual offences,Court result unavailable,
,2024-11,Essex Police,Essex Police,0.427887,51.556512,On or near Homestead Drive,E01021282,Basildon 021C,Anti-social behaviour,,
,2024-11,Essex Police,Essex Police,0.422993,51.556172,On or near Westley Road,E01021282,Basildon 021C,Anti-social behaviour,,
8a8e2f71c209db1e1da8411de0eee3be814082a2bfb2134e0a621f84968c534a,2024-11,Essex Police,Essex Police,0.427887,51.556512,On or near Homestead Drive,E01021282,Basildon 021C,Criminal damage and arson,Investigation complete; no suspect identified,
ff69b9f69cfda74bbc7daf6ec72db5a800e244b7bb800c29934663ac1e890e9c,2024-11,Essex Police,Essex Police,0.420230,51.562282,On or near Alexander Road,E01021282,Basildon 021C,Shoplifting,Unable to prosecute suspect,
d24688248d7f7c853148983f067c981bfe50435c4a736319e30e9fc1a2e2e237,2024-11,Essex Police,Essex Police,0.420230,51.562282,On or near Alexander Road,E01021282,Basildon 021C,Vehicle crime,Awaiting court outcome,
543fc6038af7cfe2177031faa6588cfc8741994ba0605849e5eb6a13db158217,2024-11,Essex Police,Essex Police,0.420230,51.562282,On or near Alexander Road,E01021282,Basildon 021C,Vehicle crime,Investigation complete; no suspect identified,
3838da599ca07e0f4e759c6dd0d1349cf152aa58e283dfe57ea3d2b12f40b07a,2024-11,Essex Police,Essex Police,0.422386,51.563757,On or near Samuel Road,E01021282,Basildon 021C,Vehicle crime,Unable to prosecute suspect,
7f96f12a7865930069841b8a33e153f954f05dde670cc9b97fe14bfca4dc10dc,2024-11,Essex Police,Essex Police,0.422386,51.563757,On or near Samuel Road,E01021282,Basildon 021C,Violence and sexual offences,Unable to prosecute suspect,
7303340c9cd16e70952c3606f651d6c64c1fe935401cdc30fa41b19b756602a4,2024-11,Essex Police,Essex Police,0.420230,51.562282,On or near Alexander Road,E01021282,Basildon 021C,Violence and sexual offences,Unable to prosecute suspect,
9c3526d18bd86e11e37c8a60bb124f5a408d4754c0a85a596414b9f70cd290b1,2024-11,Essex Police,Essex Police,0.424740,51.556199,On or near Stacey Drive,E01021282,Basildon 021C,Violence and sexual offences,Formal action is not in the public interest,
27d82e11a24c7c38cc9e23aaad7c4b46e850d25617e787212e261e828c5ba540,2024-11,Essex Police,Essex Police,0.420230,51.562282,On or near Alexander Road,E01021282,Basildon 021C,Violence and sexual offences,Court result unavailable,
,2024-11,Essex Police,Essex Police,0.424800,51.564930,On or near Longwick,E01021283,Basildon 021D,Anti-social behaviour,,
df3004140c6122e39b83ff0b5067c3966db3802768c3d0764e4311a3205e33d6,2024-11,Essex Police,Essex Police,0.424703,51.565805,On or near Stebbings,E01021283,Basildon 021D,Violence and sexual offences,Unable to prosecute suspect,
ffdd821dd1d9b3f9686977e886cda72d0c6535b1dacdc6dab9d44dd472ba4fe4,2024-11,Essex Police,Essex Police,0.424114,51.562885,On or near Breams Field,E01021283,Basildon 021D,Violence and sexual offences,Unable to prosecute suspect,
,2024-11,Essex Police,Essex Police,0.399420,51.566864,On or near Burr Close,E01021284,Basildon 021E,Anti-social behaviour,,
eaeb36f5338cee468dbe28beb5fa213d7a9eec1cc9c785973f39aab4407fd054,2024-11,Essex Police,Essex Police,0.400919,51.566294,On or near Highview Avenue,E01021284,Basildon 021E,Criminal damage and arson,Unable to prosecute suspect,
213448d423bf70477de4891b6613501b38c0c70b051bd4d55a3474e0205e69fb,2024-11,Essex Police,Essex Police,0.399420,51.566864,On or near Burr Close,E01021284,Basildon 021E,Other theft,Investigation complete; no suspect identified,
7a4db381a0c26df7b3241f686a324d31af1fcc7d99fb0aae8d5d96f202dbd5b2,2024-11,Essex Police,Essex Police,0.399420,51.566864,On or near Burr Close,E01021284,Basildon 021E,Other theft,Local resolution,
43c48a5a4928e3e7eaa39422247706fe03e64b6c1b7d9cb58bcfd6e241b7ca17,2024-11,Essex Police,Essex Police,0.399420,51.566864,On or near Burr Close,E01021284,Basildon 021E,Other theft,Investigation complete; no suspect identified,
62f6307c388d4a9a77fea844a4f64191e49136ddeb12dd07db95c8e314156829,2024-11,Essex Police,Essex Police,0.399420,51.566864,On or near Burr Close,E01021284,Basildon 021E,Other theft,Investigation complete; no suspect identified,
0b7b8608816e9c045d5bdf51d59b7345e75e078ab0ceb20f788c5d1e7963d1c8,2024-11,Essex Police,Essex Police,0.399420,51.566864,On or near Burr Close,E01021284,Basildon 021E,Other theft,Investigation complete; no suspect identified,
612fa749b090f550613d52d1e7fd832f8838d452f3e3089efe9d802c9b0f3821,2024-11,Essex Police,Essex Police,0.399420,51.566864,On or near Burr Close,E01021284,Basildon 021E,Other theft,Investigation complete; no suspect identified,
e6a96a419d06f987d585084cce53eb7045e1edadbcf1c12ff779f3e19db2eb93,2024-11,Essex Police,Essex Police,0.399420,51.566864,On or near Burr Close,E01021284,Basildon 021E,Other theft,Investigation complete; no suspect identified,
6ad02fae5443f08ae519e937dd23bc7fe6a55502eeea6813bada96b15d6ab7d5,2024-11,Essex Police,Essex Police,0.399420,51.566864,On or near Burr Close,E01021284,Basildon 021E,Other theft,Investigation complete; no suspect identified,
6c42546e424e649af946d3fcae1ca9a77503f32859c2f8a3287156237b9dff1a,2024-11,Essex Police,Essex Police,0.399420,51.566864,On or near Burr Close,E01021284,Basildon 021E,Other theft,Investigation complete; no suspect identified,
3f172794f2415cc5dcdc23bf81fac766d4475719262aebd2cbe92c662e8186e3,2024-11,Essex Police,Essex Police,0.403852,51.562798,On or near Torney Close,E01021284,Basildon 021E,Vehicle crime,Investigation complete; no suspect identified,
cd13a5352335bb7fe5aa13034e37862abbcf0c71765880232042428714fa5c9b,2024-11,Essex Police,Essex Police,0.403852,51.562798,On or near Torney Close,E01021284,Basildon 021E,Vehicle crime,Investigation complete; no suspect identified,
4d9f314558cd44ea415d6e63b2badda0d297fc618a20111ef5cfd5bcb130a7c5,2024-11,Essex Police,Essex Police,0.402278,51.568523,On or near Worcester Close,E01021285,Basildon 021F,Criminal damage and arson,Investigation complete; no suspect identified,
e5b68603bcb05a09d32cb8ca1d673bb8ccd65cfce27e4fcd6cd00eb4d518c1e2,2024-11,Essex Police,Essex Police,0.413969,51.567474,On or near Macaulay Road,E01021285,Basildon 021F,Vehicle crime,Investigation complete; no suspect identified,
91472b0b0ac841e8e1f9285e2bd38369de9569fdaa16b380fa5939a21bdbc717,2024-11,Essex Police,Essex Police,0.408908,51.568378,On or near Britten Close,E01021285,Basildon 021F,Violence and sexual offences,Unable to prosecute suspect,
6fd25c8c584e4875f1a9dacc6abd351e9d92d85bf4f9a82c31b596ad61dee4f0,2024-11,Essex Police,Essex Police,0.484124,51.555721,On or near Creek View,E01021300,Basildon 022A,Possession of weapons,Court result unavailable,
e33e7b1b7b65bbbb3d56a0e1e0793c82814d7ffdedff382c225167dc4e10be78,2024-11,Essex Police,Essex Police,0.484124,51.555721,On or near Creek View,E01021300,Basildon 022A,Vehicle crime,Investigation complete; no suspect identified,
16b02e794e5a4241ce2985e5076a2a77f3d478857729537312af1c4f13dfd091,2024-11,Essex Police,Essex Police,0.476971,51.555503,On or near London Road,E01021300,Basildon 022A,Vehicle crime,Investigation complete; no suspect identified,
f6a7a1451b0b8d72bf27ae779981c395d1f613065a3a437849d84c73140eaa27,2024-11,Essex Police,Essex Police,0.476186,51.554072,On or near Brickfield Close,E01021300,Basildon 022A,Vehicle crime,Investigation complete; no suspect identified,
55fc34d1f9008e21d165a29e92a79163411a80b217884b2610134ede8197ae14,2024-11,Essex Police,Essex Police,0.481272,51.557661,On or near Marsh View Court,E01021300,Basildon 022A,Violence and sexual offences,Investigation complete; no suspect identified,
31f756682b14b20e8a25b811ed81b1afa1267fde60c4863a5ff3a9b2b0b3397c,2024-11,Essex Police,Essex Police,0.478241,51.555513,On or near Deneway,E01021300,Basildon 022A,Violence and sexual offences,Action to be taken by another organisation,
96e54b6192f19855bee541cccb0d615a1b558de1443a87ef518e5d76cbe21e7d,2024-11,Essex Police,Essex Police,0.481272,51.557661,On or near Marsh View Court,E01021300,Basildon 022A,Violence and sexual offences,Action to be taken by another organisation,
99a455d84dcf72e774432d56d4764d464aa6b92841b41bba0f69aef289d7b368,2024-11,Essex Police,Essex Police,0.484124,51.555721,On or near Creek View,E01021300,Basildon 022A,Violence and sexual offences,Unable to prosecute suspect,
39c7d391497cbf7b89cf8c44bcafad8cbe1ba5bfdd186e440eb080d15ff96423,2024-11,Essex Police,Essex Police,0.480839,51.556330,On or near Haven Close,E01021300,Basildon 022A,Violence and sexual offences,Unable to prosecute suspect,
99c0bf153e25f28a26c873e3e0b2f2ee91aafbb9fe6e8d8e2eafe1faa31e0be9,2024-11,Essex Police,Essex Police,0.484124,51.555721,On or near Creek View,E01021300,Basildon 022A,Violence and sexual offences,Court result unavailable,
8ee8026deda8161b7b34d81fcf4d910a11e3a47d32c8f47af0363569c7a7cf81,2024-11,Essex Police,Essex Police,0.484124,51.555721,On or near Creek View,E01021300,Basildon 022A,Violence and sexual offences,Unable to prosecute suspect,
,2024-11,Essex Police,Essex Police,0.501965,51.562725,On or near Supermarket,E01021310,Basildon 022B,Anti-social behaviour,,
,2024-11,Essex Police,Essex Police,0.500149,51.563286,On or near Petrol Station,E01021310,Basildon 022B,Anti-social behaviour,,
,2024-11,Essex Police,Essex Police,0.501965,51.562725,On or near Supermarket,E01021310,Basildon 022B,Anti-social behaviour,,
,2024-11,Essex Police,Essex Police,0.500149,51.563286,On or near Petrol Station,E01021310,Basildon 022B,Anti-social behaviour,,
,2024-11,Essex Police,Essex Police,0.502842,51.550510,On or near Park/Open Space,E01021310,Basildon 022B,Anti-social behaviour,,
,2024-11,Essex Police,Essex Police,0.501965,51.562725,On or near Supermarket,E01021310,Basildon 022B,Anti-social behaviour,,
,2024-11,Essex Police,Essex Police,0.520683,51.554698,On or near Park/Open Space,E01021310,Basildon 022B,Anti-social behaviour,,
,2024-11,Essex Police,Essex Police,0.501965,51.562725,On or near Supermarket,E01021310,Basildon 022B,Anti-social behaviour,,
,2024-11,Essex Police,Essex Police,0.501965,51.562725,On or near Supermarket,E01021310,Basildon 022B,Anti-social behaviour,,
c8e2cc71a9a626b1281f0709e765b04e18559d56ce559ccab428d84045f54825,2024-11,Essex Police,Essex Police,0.501965,51.562725,On or near Supermarket,E01021310,Basildon 022B,Bicycle theft,Investigation complete; no suspect identified,
45a5c7dc972fedea271cf2a86727cfd081cb24c2cabbeff526b943b126264067,2024-11,Essex Police,Essex Police,0.500149,51.563286,On or near Petrol Station,E01021310,Basildon 022B,Burglary,Investigation complete; no suspect identified,
f5bcc77bd60620514bcd62a80e6c34e3f907f607b3753f24e3926359145b8047,2024-11,Essex Police,Essex Police,0.500149,51.563286,On or near Petrol Station,E01021310,Basildon 022B,Criminal damage and arson,Investigation complete; no suspect identified,
e325bd9b4b1a623b15e99ddb6de56f5fa13b38920bd5d30372c2719089b5f228,2024-11,Essex Police,Essex Police,0.501965,51.562725,On or near Supermarket,E01021310,Basildon 022B,Criminal damage and arson,Investigation complete; no suspect identified,
d8a85f26aa9358defc3bc24c32f4f6c53048e44c299d34711da70a96243af879,2024-11,Essex Police,Essex Police,0.508923,51.561470,On or near Fieldway,E01021310,Basildon 022B,Other theft,Investigation complete; no suspect identified,
46583d15db0cfa4e4e8aaeae472afbcca26538967776174e00242120632c3bba,2024-11,Essex Police,Essex Police,0.502842,51.550510,On or near Park/Open Space,E01021310,Basildon 022B,Public order,Unable to prosecute suspect,
6976271857b49b7abea83bf80abaa1510a18f3ca2ab946d96d7ad6107ea8bb82,2024-11,Essex Police,Essex Police,0.502842,51.550510,On or near Park/Open Space,E01021310,Basildon 022B,Public order,Unable to prosecute suspect,
2c50acfb0c6ad9cb3ed9d611058413b05ae3c4accf75f99e278afddded2703bb,2024-11,Essex Police,Essex Police,0.501965,51.562725,On or near Supermarket,E01021310,Basildon 022B,Public order,Unable to prosecute suspect,
297a8e8b5324d10ad66e1a00abf64b27a9574df3ff5639d46386a271ad1991ec,2024-11,Essex Police,Essex Police,0.500149,51.563286,On or near Petrol Station,E01021310,Basildon 022B,Public order,Investigation complete; no suspect identified,
68704b921c90820c144949dd4654682fa359c6e4f5c9223d25beb55b8d0664df,2024-11,Essex Police,Essex Police,0.500149,51.563286,On or near Petrol Station,E01021310,Basildon 022B,Shoplifting,Investigation complete; no suspect identified,
6fda27ed5c281698b5f19c0df2a261f7a436a52f6e0a555d10fc083c85ad032d,2024-11,Essex Police,Essex Police,0.501965,51.562725,On or near Supermarket,E01021310,Basildon 022B,Shoplifting,Investigation complete; no suspect identified,
5634c483f6cf106a6ee62a998d5225713aa62d77edef0c18b4ddf0ee6f598fef,2024-11,Essex Police,Essex Police,0.501965,51.562725,On or near Supermarket,E01021310,Basildon 022B,Shoplifting,Investigation complete; no suspect identified,
579f893bcab285509d9e2a39f96fa9de04ad11d5ce8eec5d15ff3748d53f0990,2024-11,Essex Police,Essex Police,0.500149,51.563286,On or near Petrol Station,E01021310,Basildon 022B,Shoplifting,Investigation complete; no suspect identified,
a57e46c4799bd404d4cb228634d6d02d1b81c4646656bec9f1d0ed51204e312b,2024-11,Essex Police,Essex Police,0.501965,51.562725,On or near Supermarket,E01021310,Basildon 022B,Shoplifting,Investigation complete; no suspect identified,
4ca7d9ea28c92041c9f9603469c8feef536d7baf62defdcdefa3e8da8f540734,2024-11,Essex Police,Essex Police,0.501965,51.562725,On or near Supermarket,E01021310,Basildon 022B,Shoplifting,Investigation complete; no suspect identified,
55e5af1041ab0149f6e97a75000b05d67a006bfc9e944e65d2d6bde33f6233e5,2024-11,Essex Police,Essex Police,0.501965,51.562725,On or near Supermarket,E01021310,Basildon 022B,Shoplifting,Investigation complete; no suspect identified,
f80efb64588c5ab78effd280959bfb66959fa382bfd7e5fa5a790419eed3234e,2024-11,Essex Police,Essex Police,0.501965,51.562725,On or near Supermarket,E01021310,Basildon 022B,Shoplifting,Investigation complete; no suspect identified,
20ddb0c014248af1b96113cb02c565d2ac5e3bc60b85c5175a63867c0c8f07e0,2024-11,Essex Police,Essex Police,0.501965,51.562725,On or near Supermarket,E01021310,Basildon 022B,Shoplifting,Investigation complete; no suspect identified,
4e3c08fc8a8bcdbd8001091352f86e210fc439ef323074e663de2437ced7abc2,2024-11,Essex Police,Essex Police,0.502047,51.562121,On or near Hazelmere,E01021310,Basildon 022B,Vehicle crime,Investigation complete; no suspect identified,
b6a942b678edf4e1ffba2aabb7e8c50f34fdc3dbbc6014b451b943366d9d7367,2024-11,Essex Police,Essex Police,0.508923,51.561470,On or near Fieldway,E01021310,Basildon 022B,Violence and sexual offences,Unable to prosecute suspect,
e4543f27a48fccda802d41463754782ceefd27301565990b580ca688487cbceb,2024-11,Essex Police,Essex Police,0.509087,51.562627,On or near Mountfields,E01021310,Basildon 022B,Violence and sexual offences,Unable to prosecute suspect,
b226f143a11801d1676e8228dbc2b4943768e8ee41a214bd5b3c409e09119e71,2024-11,Essex Police,Essex Police,0.501965,51.562725,On or near Supermarket,E01021310,Basildon 022B,Violence and sexual offences,Investigation complete; no suspect identified,
61f9634390f2f8f0c47ca83cb5353f6994432a1d2fb8de7b164a9acb5dd9177a,2024-11,Essex Police,Essex Police,0.509269,51.563316,On or near St Michaels Avenue,E01021310,Basildon 022B,Violence and sexual offences,Court result unavailable,
2e6252e7102bb98db4221af427e6aa48cb003ec576d702a38e3ce57c6f3522b3,2024-11,Essex Police,Essex Police,0.495468,51.562387,On or near Chestnut Court,E01021310,Basildon 022B,Violence and sexual offences,Action to be taken by another organisation,
1690257a46d069ed59a40305dbce383f5e6e2ecc51ce7af306dcc08b78cfcd33,2024-11,Essex Police,Essex Police,0.501965,51.562725,On or near Supermarket,E01021310,Basildon 022B,Violence and sexual offences,Investigation complete; no suspect identified,
6d13648d5b576d27bada48edd38a113fd8edbc85b140b61bcd4e849f36596906,2024-11,Essex Police,Essex Police,0.501965,51.562725,On or near Supermarket,E01021310,Basildon 022B,Violence and sexual offences,Investigation complete; no suspect identified,
a0edf59ff96821051fc7aa60eb13ef4259282ea922d8e32339d88caf37af1054,2024-11,Essex Police,Essex Police,0.508923,51.561470,On or near Fieldway,E01021310,Basildon 022B,Violence and sexual offences,Unable to prosecute suspect,
d05e30e0a918c223743294c15b2ce110e83f7ea46793215f729c9369e1b0af68,2024-11,Essex Police,Essex Police,0.486845,51.559063,On or near Ryedene Place,E01021311,Basildon 022C,Burglary,Investigation complete; no suspect identified,
581e88717fd1644a63367d962555af6e2ac8f183d27e20a5d1140664334e4fee,2024-11,Essex Police,Essex Police,0.490621,51.560565,On or near Timbermans View,E01021311,Basildon 022C,Public order,Unable to prosecute suspect,
09c4d77705c49279d4a12c92d7b29e34c019c5b1d748628d48b73ca537672461,2024-11,Essex Police,Essex Police,0.486267,51.558778,On or near Ryedene Close,E01021311,Basildon 022C,Vehicle crime,Investigation complete; no suspect identified,
adc1ccbead8660f1731b310622404d6a4072b9ee1d03dbaee21f789f9cb83afd,2024-11,Essex Police,Essex Police,0.485446,51.557474,On or near Ramsay Drive,E01021311,Basildon 022C,Violence and sexual offences,Unable to prosecute suspect,
cf727c8f50d111f089dbb6c948f54dedebba0e08c16880779dcbfed6c1a7ae54,2024-11,Essex Police,Essex Police,0.486267,51.558778,On or near Ryedene Close,E01021311,Basildon 022C,Violence and sexual offences,Unable to prosecute suspect,
c126b1a39fd10937f60b8094efce110417e986e4750c6f0b70ee69e999afd4e4,2024-11,Essex Police,Essex Police,0.487256,51.557345,On or near Cotelands,E01021311,Basildon 022C,Violence and sexual offences,Offender given a caution,
811bb726e671a353254ec7a02945be16b9bd8a1fe89cb884c0f24e2747b00355,2024-11,Essex Police,Essex Police,0.486267,51.558778,On or near Ryedene Close,E01021311,Basildon 022C,Other crime,Unable to prosecute suspect,
669cc211eb863f4a2537332339130895c39172f8a5fcec20f4d10b08243f24cf,2024-11,Essex Police,Essex Police,0.487180,51.572860,On or near Timberlog Close,E01021326,Basildon 022D,Bicycle theft,Investigation complete; no suspect identified,
300f7445a31ef42be7cb95928a250e3c3ba815974987234a97485872bfa804ae,2024-11,Essex Police,Essex Police,0.485901,51.571368,On or near Vine Close,E01021326,Basildon 022D,Burglary,Investigation complete; no suspect identified,
2c7e4bee68210321398a5586499f584539d7868bdbdd625e632167a4d97a2a00,2024-11,Essex Police,Essex Police,0.494233,51.566958,On or near Sports/Recreation Area,E01021326,Basildon 022D,Criminal damage and arson,Offender given a caution,
1d2734baa54f7cb5e84a754cbf9f59f3a6b769cffe343166a04f29d4aad1932f,2024-11,Essex Police,Essex Police,0.487180,51.572860,On or near Timberlog Close,E01021326,Basildon 022D,Criminal damage and arson,Formal action is not in the public interest,
271a9e30a82bea462634657132020e64e2002ee3a84c5f2ee2be0e12c24328c7,2024-11,Essex Police,Essex Police,0.486043,51.572390,On or near Chalice Close,E01021326,Basildon 022D,Drugs,Court result unavailable,
bdff6ed06fdf95354b49e6d0bc3bdb42ee8caa340d26a493816d09ff447e4e07,2024-11,Essex Police,Essex Police,0.494288,51.567727,On or near Stagden Cross,E01021326,Basildon 022D,Other theft,Investigation complete; no suspect identified,
252d0f18b9642e212a4ec7a608119674dda6a0790beb6a2b956d398e343903c8,2024-11,Essex Police,Essex Police,0.492451,51.565806,On or near Sandon Court,E01021326,Basildon 022D,Other theft,Unable to prosecute suspect,
a410ec4b33e62e3bc432deb3a34bb67335361d3d3390a0c8142c41d7965ebf13,2024-11,Essex Police,Essex Police,0.486043,51.572390,On or near Chalice Close,E01021326,Basildon 022D,Possession of weapons,Court result unavailable,
dbd4cc9bf9f0e2f3533a10bc56611b83f584b99b6dea9a7ba8c871791fa40a2d,2024-11,Essex Police,Essex Police,0.487180,51.572860,On or near Timberlog Close,E01021326,Basildon 022D,Possession of weapons,Local resolution,
4152d6af33f81f3b26c113dd63a19ef7574a1e4885148148659442b38bfc3752,2024-11,Essex Police,Essex Police,0.492373,51.571500,On or near Rose Acre,E01021326,Basildon 022D,Vehicle crime,Investigation complete; no suspect identified,
8acff4d70c26e6248e05201758103ba0084f2904b5ac21f0337b2becafa62f0c,2024-11,Essex Police,Essex Police,0.487180,51.572860,On or near Timberlog Close,E01021326,Basildon 022D,Violence and sexual offences,Formal action is not in the public interest,
cbc3541c4aaebc4f147d1cdb8544bee9dc400e2479889e97d78291eff3010de2,2024-11,Essex Police,Essex Police,0.487180,51.572860,On or near Timberlog Close,E01021326,Basildon 022D,Violence and sexual offences,Action to be taken by another organisation,
98868b3c0cae6cd7336031c97aa40b7dda779feb96cdb47e595e64a2481738af,2024-11,Essex Police,Essex Police,0.493235,51.566679,On or near Sandon Close,E01021326,Basildon 022D,Violence and sexual offences,Investigation complete; no suspect identified,
fae7b647676a38e7599ea8a2894bef1245de57105af37dd5a8b759e5399f4a92,2024-11,Essex Police,Essex Police,0.486043,51.572390,On or near Chalice Close,E01021326,Basildon 022D,Violence and sexual offences,Unable to prosecute suspect,
bf00010062007b74ab9bfdf207688998fdfc08c6f497fa87e1d487f5f48c8bc9,2024-11,Essex Police,Essex Police,0.487180,51.572860,On or near Timberlog Close,E01021326,Basildon 022D,Violence and sexual offences,Investigation complete; no suspect identified,
42e00665f673134e8b2917517d9cc289ce9bad826d3eb799137840ae1a27e5e2,2024-11,Essex Police,Essex Police,0.487180,51.572860,On or near Timberlog Close,E01021326,Basildon 022D,Violence and sexual offences,Formal action is not in the public interest,
7f7947c2779787b6feb8a45fc67e222d4608fee58eddd834c5b94c048f088e03,2024-11,Essex Police,Essex Police,0.491541,51.567363,On or near Marney Drive,E01021326,Basildon 022D,Violence and sexual offences,Unable to prosecute suspect,
dd2f6fa4b8907df5adf04d498c66709ab9e1931989369c131de02c137164c40d,2024-11,Essex Police,Essex Police,0.494288,51.567727,On or near Stagden Cross,E01021326,Basildon 022D,Other crime,Status update unavailable,
,2024-11,Essex Police,Essex Police,0.490591,51.561861,On or near Rickling,E01021328,Basildon 022E,Anti-social behaviour,,
3291afcaa69546c162b9b712afbf2f463971e7d535fc46d74e3d9018af532417,2024-11,Essex Police,Essex Police,0.496220,51.564538,On or near Sandon Road,E01021328,Basildon 022E,Other theft,Investigation complete; no suspect identified,
7d10e80ef6d9103185c3d20db89b81702dc6b374546fcbe06485a2a1c5a3ba39,2024-11,Essex Police,Essex Police,0.493820,51.566298,On or near Meredene,E01021328,Basildon 022E,Vehicle crime,Unable to prosecute suspect,
d6e36c090bfeea35b1a7de7b2c366c90a84d625dc6b9e15b9eaa27399b0b70fc,2024-11,Essex Police,Essex Police,0.490591,51.561861,On or near Rickling,E01021328,Basildon 022E,Vehicle crime,Investigation complete; no suspect identified,
fa0659b9f88eff1b4b22af035206e4890f1927100e39597bc502c14337af5676,2024-11,Essex Police,Essex Police,0.490486,51.562583,On or near Wendene,E01021328,Basildon 022E,Violence and sexual offences,Unable to prosecute suspect,
36dc31af049941958e4f0fd39fa080330afe51744942bd4f2e78ebe6bc6a7736,2024-11,Essex Police,Essex Police,0.490591,51.561861,On or near Rickling,E01021328,Basildon 022E,Violence and sexual offences,Unable to prosecute suspect,
0bfe7dee92766856357d0e64dabcd0f00a3525a4ff97522da12289ebc8477f58,2024-11,Essex Police,Essex Police,0.490591,51.561861,On or near Rickling,E01021328,Basildon 022E,Violence and sexual offences,Action to be taken by another organisation,
f4fe60920541eb1fb86ffb3725189f721d23614d8226f746d8cd9a9a918624d9,2024-11,Essex Police,Essex Police,0.490591,51.561861,On or near Rickling,E01021328,Basildon 022E,Violence and sexual offences,Unable to prosecute suspect,
d6223e7998ead791f150446863ac99ba6328584e042df1776782d0873978e073,2024-11,Essex Police,Essex Police,0.490591,51.561861,On or near Rickling,E01021328,Basildon 022E,Violence and sexual offences,Unable to prosecute suspect,
420d2286f291c8132ac0084bbb20b2fbf73f13cb040a28cb989670da611a744a,2024-11,Essex Police,Essex Police,0.490591,51.561861,On or near Rickling,E01021328,Basildon 022E,Violence and sexual offences,Action to be taken by another organisation,
b78bcb8eb45c037d4d6b48cf02c541971c3f70a07769716c3ec3ca8f3394d599,2024-11,Essex Police,Essex Police,0.475485,52.066623,On or near Hill Lane,E01021376,Braintree 001B,Criminal damage and arson,Unable to prosecute suspect,
06f0d9f0f6c935e2c764eb548547cc6368ef38fc640d6cfaae463353b8af9378,2024-11,Essex Police,Essex Police,0.490982,52.059300,On or near Park/Open Space,E01021376,Braintree 001B,Theft from the person,Unable to prosecute suspect,
fba949930d4cf643d16f109e7214afb258a2b77bc839ec097c70cceb65ed6abf,2024-11,Essex Police,Essex Police,0.506083,52.021911,On or near Sports/Recreation Area,E01021414,Braintree 001C,Burglary,Investigation complete; no suspect identified,
02477aeff764a1fd2e5d3b6f14fe7466c5a3e1974202345e438f71b362ede3c9,2024-11,Essex Police,Essex Police,0.506083,52.021911,On or near Sports/Recreation Area,E01021414,Braintree 001C,Burglary,Investigation complete; no suspect identified,
220d6f7bd8bdf8244bdd69adf89d1e6429e14994ddf0810e0340d4ecdb4c400c,2024-11,Essex Police,Essex Police,0.529843,52.041169,On or near The Causeway,E01021414,Braintree 001C,Public order,Investigation complete; no suspect identified,
05f977ba0494b77a1355a84a7ba4a0a42fba615faab5e19b6343340c374ba6d3,2024-11,Essex Police,Essex Police,0.482985,52.021915,On or near Birdbrook Road,E01021414,Braintree 001C,Violence and sexual offences,Unable to prosecute suspect,
ca24192756a0b35902c6c4bf0d7aaecfad71c861191555fb4b3d869a2bd703b7,2024-11,Essex Police,Essex Police,0.494070,52.009190,On or near Finchingfield Road,E01021414,Braintree 001C,Violence and sexual offences,Action to be taken by another organisation,
,2024-11,Essex Police,Essex Police,0.568554,52.016132,On or near Butlers Way,E01021430,Braintree 001D,Anti-social behaviour,,
01461c2a1c238689eb26c0d010fed4a1eca6c2968ff4687a2c9eae58803b6b39,2024-11,Essex Police,Essex Police,0.564922,52.013783,On or near High Street,E01021430,Braintree 001D,Burglary,Status update unavailable,
dee610557b134f01adade78578b237a2a9fff794549ce47efe62ad688bdac87d,2024-11,Essex Police,Essex Police,0.563771,52.016083,On or near Bridge Street,E01021430,Braintree 001D,Criminal damage and arson,Unable to prosecute suspect,
4cf034b8164f7f2572757cfcd3b9c0a650df653b98cdd2bce2aaf5af9533d24d,2024-11,Essex Police,Essex Police,0.568516,52.016744,On or near Leather Lane,E01021430,Braintree 001D,Drugs,Local resolution,
3051dd62096c769a5c51a80eabaf88cb9c1a4ba1e5fc7068d77985c7cbe12183,2024-11,Essex Police,Essex Police,0.547094,52.026292,On or near Ridgewell Road,E01021430,Braintree 001D,Other theft,Investigation complete; no suspect identified,
ff9a987b4f0c597d436d797b66e8397573e850a642389fb7ef76913c245a53ad,2024-11,Essex Police,Essex Police,0.562191,52.018788,On or near Duncan Rise,E01021430,Braintree 001D,Public order,Status update unavailable,
7e0c3119974610c65fb0cfd55aecaa22593592e78f7d1476f47cf8d2f9fdd18b,2024-11,Essex Police,Essex Police,0.566003,52.018669,On or near Highfields,E01021430,Braintree 001D,Violence and sexual offences,Investigation complete; no suspect identified,
5b79d0f8d226c25bff842ca0f741fcbec75f22314f51e63536188eb413965944,2024-11,Essex Police,Essex Police,0.547094,52.026292,On or near Ridgewell Road,E01021430,Braintree 001D,Violence and sexual offences,Investigation complete; no suspect identified,
abf6880c38b793d8d82f92eb479d71553b9fc8abac14864f40563794fd0339c0,2024-11,Essex Police,Essex Police,0.635891,51.973492,On or near Mill Lane,E01021398,Braintree 002A,Violence and sexual offences,Local resolution,
253ddc66f1d9863eef3c6515084e32192c63c49eb0eb6e675432cac102dd3060,2024-11,Essex Police,Essex Police,0.635891,51.973492,On or near Mill Lane,E01021398,Braintree 002A,Violence and sexual offences,Local resolution,
f7741ac37dd5c8229eb8dac0aee995dd44bf186a6f1181d7c3987a508d4b1d03,2024-11,Essex Police,Essex Police,0.547648,52.039104,On or near Aletha Farm Place,E01021406,Braintree 002B,Burglary,Investigation complete; no suspect identified,
48b1b7c418615809c1ee24527228bdfbfd63b5a8e3f2cc5c2711e56c22a50f84,2024-11,Essex Police,Essex Police,0.689429,52.036608,On or near Smeetham Hall Lane,E01021406,Braintree 002B,Burglary,Investigation complete; no suspect identified,
e7f10cdfe48f97b3a40c94b156d6d54964b1206f0fd1ea122523e9c1b655d2f5,2024-11,Essex Police,Essex Police,0.622534,52.057883,On or near Church Street,E01021406,Braintree 002B,Burglary,Investigation complete; no suspect identified,
73e1b0e40e22340f5377357d59edd1541ddf7ee0f1ce57ab19459cec0e1a2b4d,2024-11,Essex Police,Essex Police,0.679269,52.027397,On or near Bulmer Street,E01021406,Braintree 002B,Burglary,Investigation complete; no suspect identified,
10d48279af06fbd6988a65947d58c6820b6153740001a603870afa77fde5b1e3,2024-11,Essex Police,Essex Police,0.687254,52.031945,On or near Smeetham Hall Lane,E01021406,Braintree 002B,Criminal damage and arson,Investigation complete; no suspect identified,
191c97140155508bbc67fa97a541759577d1bc7daa55bf1bd3c6b22fa29448c6,2024-11,Essex Police,Essex Police,0.622534,52.057883,On or near Church Street,E01021406,Braintree 002B,Other theft,Investigation complete; no suspect identified,
7f2d9fdd92aa03d50401d3e623a610f1c139199172e36a68ab5a4c72423acbf7,2024-11,Essex Police,Essex Police,0.608968,52.048643,On or near Gage'S Road,E01021406,Braintree 002B,Violence and sexual offences,Investigation complete; no suspect identified,
76cbfb98d2882040720063c0881cc1f641936539e52679c1388559804460d43f,2024-11,Essex Police,Essex Police,0.573084,52.050359,On or near Ashen Road,E01021406,Braintree 002B,Violence and sexual offences,Local resolution,
55e52d98c0352c2ab1b79ded8d53f72863b205222da4b793717a96fd5ffb875c,2024-11,Essex Police,Essex Police,0.708395,51.995944,On or near Sports/Recreation Area,E01021407,Braintree 002C,Criminal damage and arson,Unable to prosecute suspect,
416caf27d4e24f909940f54291dd8993213566f78dbe08e4f5ee6b78b681b34f,2024-11,Essex Police,Essex Police,0.726307,51.988681,On or near Henny Back Road,E01021407,Braintree 002C,Criminal damage and arson,Local resolution,
0a43434b21ea460474acffa7ecaaa769d4c6f57b3dbd6bdf05e276fcf367678b,2024-11,Essex Police,Essex Police,0.686820,51.975820,On or near Oak Road,E01021407,Braintree 002C,Other theft,Investigation complete; no suspect identified,
3517fee1711076ed08ff4b6753946b62fd65c14f5fdbfb73cb4341277dbd8559,2024-11,Essex Police,Essex Police,0.773850,51.972156,On or near Bridge Street,E01021407,Braintree 002C,Vehicle crime,Investigation complete; no suspect identified,
a1f7d0bbffd3964e33b538c2c6194b652b00b1dc69206f6faa7f850d9d9c6e4a,2024-11,Essex Police,Essex Police,0.769810,51.972512,On or near Water Lane,E01021407,Braintree 002C,Violence and sexual offences,Unable to prosecute suspect,
5688fe5b6ecd77362f258a0f6319e61a5d49de8717ae5209655233d5d249bf65,2024-11,Essex Police,Essex Police,0.621667,51.936380,On or near Marler Road,E01021382,Braintree 003A,Criminal damage and arson,Investigation complete; no suspect identified,
,2024-11,Essex Police,Essex Police,0.591656,51.983368,On or near Rockways Close,E01021397,Braintree 003B,Anti-social behaviour,,
8bc322509b03028e32d6fdaf7acd41fc0a9476c249d84423145f9702a3368dbb,2024-11,Essex Police,Essex Police,0.587774,51.969083,On or near Lamb Lane,E01021397,Braintree 003B,Burglary,Unable to prosecute suspect,
20eb79e54b88d839025f7e8b6de408bd0859b91858e0abd4d802d3f92138c509,2024-11,Essex Police,Essex Police,0.608312,51.962721,On or near Halstead Road,E01021397,Braintree 003B,Other theft,Investigation complete; no suspect identified,
743e1b5e429a3864e80c0bb43ed360186d54085bbeb192f15cb1a5d869c03ee8,2024-11,Essex Police,Essex Police,0.595690,51.974295,On or near Alderford Street,E01021397,Braintree 003B,Other theft,Investigation complete; no suspect identified,
4a59cd5edfe62d7054f4e0937a289be6bd2fc6ca73262b9ad332bf359d1d992e,2024-11,Essex Police,Essex Police,0.592714,51.976726,On or near Petrol Station,E01021397,Braintree 003B,Other theft,Investigation complete; no suspect identified,
0e755f0e607eaa9dd96c22684fe4a17fa1c5908fc446c90a32fc3e2db8193886,2024-11,Essex Police,Essex Police,0.590967,51.983536,On or near Station Road,E01021397,Braintree 003B,Violence and sexual offences,Unable to prosecute suspect,
a9634039dd856ac7648a5849d1943f92696fce464a8c8c766f840f1ec36422b8,2024-11,Essex Police,Essex Police,0.592842,51.980203,On or near Edward Crescent,E01021397,Braintree 003B,Violence and sexual offences,Unable to prosecute suspect,
aeac8cb7c7bccfe6b061abbe06ecbbc946e8018916902fa4fb54d248d86b11f9,2024-11,Essex Police,Essex Police,0.589457,51.984379,On or near Christmas Field,E01021399,Braintree 003C,Public order,Investigation complete; no suspect identified,
e5193a1d07661b063c8bf13b2ae6018c2fc5a1e34302e356587228c768da0eb9,2024-11,Essex Police,Essex Police,0.589457,51.984379,On or near Christmas Field,E01021399,Braintree 003C,Public order,Investigation complete; no suspect identified,
7cf59603c7cfc2b7f9fab1911df41dd7e050c954ab3230e490eb66db7dc35239,2024-11,Essex Police,Essex Police,0.586869,51.982943,On or near Oxford Meadow,E01021399,Braintree 003C,Public order,Unable to prosecute suspect,
8458a3709af51048d5b352a6455178bdd290d21b4dc9b0ff867ffc16a103023e,2024-11,Essex Police,Essex Police,0.589003,51.973975,On or near Warburton Avenue,E01021399,Braintree 003C,Violence and sexual offences,Unable to prosecute suspect,
29cea1abe99107da77b98a9c7a9be45d1b8432001466da282173d9ba41c6c683,2024-11,Essex Police,Essex Police,0.581864,51.980247,On or near Prayors Hill,E01021400,Braintree 003D,Violence and sexual offences,Unable to prosecute suspect,
302f2a867e5c7bdd4cd0f2f182f8762760301d77a339c631ef244c47a4ec2d17,2024-11,Essex Police,Essex Police,0.581864,51.980247,On or near Prayors Hill,E01021400,Braintree 003D,Violence and sexual offences,Unable to prosecute suspect,
2bfdd1dcf97e860aa5419dab3e46a402351e8cefdd9d5d283d0c80220177bf27,2024-11,Essex Police,Essex Police,0.592990,51.992835,On or near Kirby Hall Road,E01021400,Braintree 003D,Violence and sexual offences,Unable to prosecute suspect,
,2024-11,Essex Police,Essex Police,0.633239,51.944414,On or near Parking Area,E01021387,Braintree 004A,Anti-social behaviour,,
,2024-11,Essex Police,Essex Police,0.632071,51.945339,On or near Butler Road,E01021387,Braintree 004A,Anti-social behaviour,,
aa335946849c9e3a07837bf3c4dac2b0db654c2b42b6a371c9b2ddc81d66f958,2024-11,Essex Police,Essex Police,0.631968,51.943588,On or near Trinity Street,E01021387,Braintree 004A,Burglary,Investigation complete; no suspect identified,
b35ec66265f39c52ba93e4c0eed4c4fd81cc2e2cd9e1e0cc13e2fcf9bcf45d7a,2024-11,Essex Police,Essex Police,0.635587,51.941519,On or near Kings Road,E01021387,Braintree 004A,Criminal damage and arson,Unable to prosecute suspect,
9922ac6d21742be3408b40c0045a1679a31f7521b3264e21004883e540cc5eaf,2024-11,Essex Police,Essex Police,0.633131,51.943514,On or near Petrol Station,E01021387,Braintree 004A,Other theft,Investigation complete; no suspect identified,
392aaff59bfb84235e3d642dab7778defcab75fbb3fde7d68d3b729d1d918ceb,2024-11,Essex Police,Essex Police,0.633131,51.943514,On or near Petrol Station,E01021387,Braintree 004A,Other theft,Investigation complete; no suspect identified,
a3c9accd7223a392e273b60828af7c3dd783b259f8097926cfa77afb982baa30,2024-11,Essex Police,Essex Police,0.635217,51.943155,On or near The Causeway,E01021387,Braintree 004A,Public order,Unable to prosecute suspect,
30eb4cd5eebf3f394ffcd3cae2a16a38896e0073f251a38574637ad3c3436e52,2024-11,Essex Police,Essex Police,0.628800,51.946383,On or near Slough Farm Road,E01021387,Braintree 004A,Public order,Unable to prosecute suspect,
438fcfc3b8159af7a6dca7716b7d806385039eab587d5ca0a3a2a5f100c9a68a,2024-11,Essex Police,Essex Police,0.628800,51.946383,On or near Slough Farm Road,E01021387,Braintree 004A,Public order,Unable to prosecute suspect,
44dfd51aeb69274a5dd94188037d2cadfb506c821e7e319185de324842addc53,2024-11,Essex Police,Essex Police,0.628800,51.946383,On or near Slough Farm Road,E01021387,Braintree 004A,Public order,Unable to prosecute suspect,
5edf98e8f9e6a5727410aee3df57f0e1f4e703566a81fe13fdd9f63c7d1bc19e,2024-11,Essex Police,Essex Police,0.637052,51.942934,On or near Parking Area,E01021387,Braintree 004A,Shoplifting,Investigation complete; no suspect identified,
08877b73d481e4dffc12ecd81b2c0ac2889027ebaf9cb1129e1487a7e4e0b004,2024-11,Essex Police,Essex Police,0.634548,51.943908,On or near Shopping Area,E01021387,Braintree 004A,Shoplifting,Investigation complete; no suspect identified,
67c816845d243258da4f01f07868d0d279b90f87382527bc7a2a592a84b57f49,2024-11,Essex Police,Essex Police,0.637052,51.942934,On or near Parking Area,E01021387,Braintree 004A,Shoplifting,Investigation complete; no suspect identified,
1c9fc90149cdb5ce28fff9a1c4d96d27cf7a2c7887779d0f704e0fbad3479323,2024-11,Essex Police,Essex Police,0.633131,51.943514,On or near Petrol Station,E01021387,Braintree 004A,Shoplifting,Unable to prosecute suspect,
e845d0b9492472e56e359f9d80d400fdfc37679dc1f795eaf8a627f655f2967f,2024-11,Essex Police,Essex Police,0.634548,51.943908,On or near Shopping Area,E01021387,Braintree 004A,Shoplifting,Investigation complete; no suspect identified,
2739c38b6a59360bc0cfa5f7b9212842fb4ae2159afa8b67a9c19cb4c08ecc7b,2024-11,Essex Police,Essex Police,0.638314,51.945100,On or near Parking Area,E01021387,Braintree 004A,Violence and sexual offences,Investigation complete; no suspect identified,
5ab86a0f03b0a0f4a4b070751cc25c0e67198376b9f201a36bb054d745821069,2024-11,Essex Police,Essex Police,0.638581,51.946173,On or near Parking Area,E01021387,Braintree 004A,Violence and sexual offences,Unable to prosecute suspect,
30d4d7e73be8a4b60a3fbf1984be557e17d045498fe5fa2a3b0d8b838d4f0bcb,2024-11,Essex Police,Essex Police,0.633968,51.943948,On or near A131,E01021387,Braintree 004A,Violence and sexual offences,Court result unavailable,
71e14a386a5012d05645ac62825a0cd514ff18efe68fe188f3342a641d4d6f2d,2024-11,Essex Police,Essex Police,0.633968,51.943948,On or near A131,E01021387,Braintree 004A,Violence and sexual offences,Unable to prosecute suspect,
33d5acd565490e60a4432e84712efed2dab3a2663285ac4985fc41ce5f5dd597,2024-11,Essex Police,Essex Police,0.633131,51.943514,On or near Petrol Station,E01021387,Braintree 004A,Violence and sexual offences,Offender given a caution,
6522c34077eed6c1cbefe6387d6d9d9c103a47b50302aee35cb76de2d4d99e6f,2024-11,Essex Police,Essex Police,0.633968,51.943948,On or near A131,E01021387,Braintree 004A,Violence and sexual offences,Court result unavailable,
e5facf36d5113f0303b2b765e3a58cfdf33a8c5e5d8fb9dec6837b2792e7a96f,2024-11,Essex Police,Essex Police,0.634473,51.943622,On or near Bridge Street,E01021387,Braintree 004A,Violence and sexual offences,Investigation complete; no suspect identified,
,2024-11,Essex Police,Essex Police,0.640444,51.943200,On or near St Andrews Road,E01021388,Braintree 004B,Anti-social behaviour,,
c66a2b22f94541ce73c400a9426120f97f390df9dc5b08eb42e846eddc129f57,2024-11,Essex Police,Essex Police,0.640684,51.942088,On or near Parsonage Street,E01021388,Braintree 004B,Drugs,Court result unavailable,
0375947c3b2d519aafc11564e6c4fe09fac5a2f13d07a244124fb4c0d7c2ce21,2024-11,Essex Police,Essex Police,0.640684,51.942088,On or near Parsonage Street,E01021388,Braintree 004B,Drugs,Court result unavailable,
0982943c39e01b1e0868864206ab4d4e14ce63f53e28e18fb6227ce819834c01,2024-11,Essex Police,Essex Police,0.647393,51.946065,On or near Colne Road,E01021388,Braintree 004B,Theft from the person,Investigation complete; no suspect identified,
08f2934fb378964ad895ef5926edefacbaf1fb5ca20034527bdd29a62807000b,2024-11,Essex Police,Essex Police,0.640604,51.947414,On or near Mill Chase,E01021388,Braintree 004B,Violence and sexual offences,Investigation complete; no suspect identified,
79d3134795c1dc7ea69912b8c1ac4b062707067cb39766bd4188796e8678777e,2024-11,Essex Police,Essex Police,0.641768,51.944681,On or near Supermarket,E01021388,Braintree 004B,Violence and sexual offences,Unable to prosecute suspect,
181ddb966c2f83d1e6df8810128e89c990b0fecd64fe3567022254210ec78965,2024-11,Essex Police,Essex Police,0.637952,51.948094,On or near Hospital,E01021388,Braintree 004B,Violence and sexual offences,Unable to prosecute suspect,
65b268d2c5e6df62afe69f47dd737e35368dbdfa18fd5d6a3e1b3489d8204574,2024-11,Essex Police,Essex Police,0.640604,51.947414,On or near Mill Chase,E01021388,Braintree 004B,Violence and sexual offences,Investigation complete; no suspect identified,
a544a525985c4c9c01ec28e3f67854fdf2903a81e63873f1e1b1029663489ab3,2024-11,Essex Police,Essex Police,0.641722,51.941436,On or near Courtauld Close,E01021388,Braintree 004B,Violence and sexual offences,Unable to prosecute suspect,
d349c52e85be3373db2fa1788186ddb65a82aab662361b2e044356ccb5c628b2,2024-11,Essex Police,Essex Police,0.641722,51.941436,On or near Courtauld Close,E01021388,Braintree 004B,Violence and sexual offences,Unable to prosecute suspect,
db49cb6d0b58e3a62370cadd30fafcab1e36348a6e50900d3c3b60dfee81d25e,2024-11,Essex Police,Essex Police,0.641722,51.941436,On or near Courtauld Close,E01021388,Braintree 004B,Violence and sexual offences,Unable to prosecute suspect,
8b13703a75168bcadbcd268c1522b5b78ba2e6547a1e5127fb4a63596e240bd1,2024-11,Essex Police,Essex Police,0.631602,51.937337,On or near Juniper Close,E01021391,Braintree 004C,Drugs,Court result unavailable,
22a6782145759248bbbdbddf424d39ca227bd3cfaa4b5f91a83ef96c27e8614c,2024-11,Essex Police,Essex Police,0.631602,51.937337,On or near Juniper Close,E01021391,Braintree 004C,Drugs,Court result unavailable,
9d499ef35c13d861673ee253480fa46b60c3663c1be824b0189b76df0ba05375,2024-11,Essex Police,Essex Police,0.631740,51.936713,On or near Supermarket,E01021391,Braintree 004C,Other theft,Investigation complete; no suspect identified,
ffd07b81531adcfdbc1c50657d65110057b127409433a6ead0328f25389e5c82,2024-11,Essex Police,Essex Police,0.631602,51.937337,On or near Juniper Close,E01021391,Braintree 004C,Public order,Action to be taken by another organisation,
0257e6e46ed645a5eefe6205b01eb94b057ac2bb7db47310cdceca2acdb4003b,2024-11,Essex Police,Essex Police,0.631740,51.936713,On or near Supermarket,E01021391,Braintree 004C,Shoplifting,Investigation complete; no suspect identified,
afee5e058160c2a484fb167dc8fb7ac6de9f92e080bba75b7b6b932ea746d1b6,2024-11,Essex Police,Essex Police,0.631740,51.936713,On or near Supermarket,E01021391,Braintree 004C,Shoplifting,Unable to prosecute suspect,
56d30c70a13ed9144a5ae37deb8da5ab1e31cc7cc7e2d16757411380734b0c0d,2024-11,Essex Police,Essex Police,0.631602,51.937337,On or near Juniper Close,E01021391,Braintree 004C,Violence and sexual offences,Unable to prosecute suspect,
92b86efc013b878b2e374be196b90bb23bc523ba46d885eb345f32a829a32721,2024-11,Essex Police,Essex Police,0.633794,51.935750,On or near Parker Way,E01021391,Braintree 004C,Violence and sexual offences,Investigation complete; no suspect identified,
214ffb165546f3230e7262af091b15b058c61467cfa21bb7dfab67914f23ae5c,2024-11,Essex Police,Essex Police,0.634811,51.937220,On or near Church View Close,E01021391,Braintree 004C,Violence and sexual offences,Status update unavailable,
8947b93423bfcb31171abd801f13f2fa66e6696aa17439d87cef34d3cac0a8a3,2024-11,Essex Police,Essex Police,0.630656,51.935838,On or near White Horse Avenue,E01021391,Braintree 004C,Other crime,Action to be taken by another organisation,
fa26f95ca0fd57c6bcba4b48f781ccbe8fabfbc8643e5afeffd6d009810fc7ce,2024-11,Essex Police,Essex Police,0.626829,51.943037,On or near Dooley Road,E01021392,Braintree 004D,Criminal damage and arson,Investigation complete; no suspect identified,
885f1531a538a672cbc75c34a3f25040219a58f5afb75c515fe1455e29ee9ec1,2024-11,Essex Police,Essex Police,0.634257,51.941927,On or near Dorset Close,E01021392,Braintree 004D,Vehicle crime,Investigation complete; no suspect identified,
38906e97deb5f15d56f0a8fd4d50aab740ad557fc1e9e4795e25089760eb5390,2024-11,Essex Police,Essex Police,0.631615,51.941779,On or near Trinity Road,E01021392,Braintree 004D,Violence and sexual offences,Unable to prosecute suspect,
c0a493d9797b5e6ef6059b9e0d0a7669aee2bb81b0f4bc71fc90d04dacb66ad6,2024-11,Essex Police,Essex Police,0.628921,51.942496,On or near Monklands Court,E01021392,Braintree 004D,Other crime,Unable to prosecute suspect,
682b21bd722396107370ca961dd773a033bb5a05586f997f7be3cda9206c2a47,2024-11,Essex Police,Essex Police,0.635728,51.940203,On or near Park Drive,E01021393,Braintree 004E,Criminal damage and arson,Unable to prosecute suspect,
e5a52266b1b5294c6b2e2a22f3a26205b55d654ce62b48db7bfd5bc1daf4f5fb,2024-11,Essex Police,Essex Police,0.632226,51.939049,On or near Holman Road,E01021393,Braintree 004E,Criminal damage and arson,Unable to prosecute suspect,
ccfc8c1b02294746f7bb017bf10ae1b756710f883078d8679dedb69cd8486d53,2024-11,Essex Police,Essex Police,0.635728,51.940203,On or near Park Drive,E01021393,Braintree 004E,Violence and sexual offences,Investigation complete; no suspect identified,
878b08b1f322a8f1728f6f672ca4988b8766cfaf0f755db9a23de6cb148a2557,2024-11,Essex Police,Essex Police,0.635728,51.940203,On or near Park Drive,E01021393,Braintree 004E,Violence and sexual offences,Unable to prosecute suspect,
c10344292d8b53066c48a65b2b5f351ad925e2eb8ed20f3260045dd01c142a77,2024-11,Essex Police,Essex Police,0.635728,51.940203,On or near Park Drive,E01021393,Braintree 004E,Violence and sexual offences,Unable to prosecute suspect,
b63e61136c9f38f8f20e318fb09c7b16c6ab33907643e45ff5af0b32238730ca,2024-11,Essex Police,Essex Police,0.635728,51.940203,On or near Park Drive,E01021393,Braintree 004E,Violence and sexual offences,Unable to prosecute suspect,
81f97ff31ae5abf2da036b2f51db9789f2a1f8506d6dcd9ddef1af8d23b92ae4,2024-11,Essex Police,Essex Police,0.635728,51.940203,On or near Park Drive,E01021393,Braintree 004E,Other crime,Investigation complete; no suspect identified,
2e0c1fedba33cb0f6e4a03746cb128bb095c17492054478737b23b2ce6081f6f,2024-11,Essex Police,Essex Police,0.501775,51.937264,On or near Wethersfield Road,E01021404,Braintree 005A,Burglary,Investigation complete; no suspect identified,
2bbe0caea7a3ddd2a51950ec2f52e89ff759c960fa86e150dd9e8c647c73c7e1,2024-11,Essex Police,Essex Police,0.460520,51.921686,On or near Plums Lane,E01021404,Braintree 005A,Burglary,Investigation complete; no suspect identified,
1bf24d94f0b808544062b96e8146810055afb2ea7933c261d36246c9cf3f9a8e,2024-11,Essex Police,Essex Police,0.501812,51.935060,On or near Barryfields,E01021404,Braintree 005A,Drugs,Investigation complete; no suspect identified,
79993a3840cd8552f6b4c29f7a5309c0099e1f728588a27da0c5565373b1d1c2,2024-11,Essex Police,Essex Police,0.506681,51.927402,On or near Braintree Road,E01021404,Braintree 005A,Violence and sexual offences,Unable to prosecute suspect,
30d255206f663b775a633fe41b4570bcfb3a9480a35e47366e6e10a5952a205c,2024-11,Essex Police,Essex Police,0.511124,51.916048,On or near Water Lane,E01021404,Braintree 005A,Violence and sexual offences,Court result unavailable,
1d68a61006f05f7606daa1e3d47530148ede075e794e217b5ea0d14f8e87a512,2024-11,Essex Police,Essex Police,0.441386,51.944575,On or near Newland Avenue,E01021411,Braintree 005B,Possession of weapons,Formal action is not in the public interest,
4688971a7295493bafed40921a8fed7b8ce0fe4886a6efdb66aa9aed16261d72,2024-11,Essex Police,Essex Police,0.439777,51.943341,On or near Castle Shot,E01021411,Braintree 005B,Vehicle crime,Investigation complete; no suspect identified,
2c037204c4c198d52b10e978baaa937a0d979337b42698ff1eb94c83fadc8abf,2024-11,Essex Police,Essex Police,0.441386,51.944575,On or near Newland Avenue,E01021411,Braintree 005B,Violence and sexual offences,Unable to prosecute suspect,
,2024-11,Essex Police,Essex Police,0.491131,51.966779,On or near Randolph Avenue,E01021412,Braintree 005C,Anti-social behaviour,,
,2024-11,Essex Police,Essex Police,0.450263,51.967799,On or near Bridge Street,E01021412,Braintree 005C,Anti-social behaviour,,
c6fa0d8d360761157f79549d8d688cd93520e3d9759a6abdf291a4b13aabaa8d,2024-11,Essex Police,Essex Police,0.495752,51.968974,On or near Shaw Drive,E01021412,Braintree 005C,Burglary,Investigation complete; no suspect identified,
cbb421a80fec2518cf24e7507d0fac1b5bae4558d4883a3be5faac368d0450a2,2024-11,Essex Police,Essex Police,0.462303,51.958771,On or near Daw Street,E01021412,Braintree 005C,Criminal damage and arson,Investigation complete; no suspect identified,
5fdef19788f4d9df6fbc6b265d2ea4f9eb561d30466ea789f0f02e946bcc0819,2024-11,Essex Police,Essex Police,0.491131,51.966779,On or near Randolph Avenue,E01021412,Braintree 005C,Criminal damage and arson,Local resolution,
97ad15ae7451b27746efbada9f34b0371313e44ea3030d61f85c160494215a76,2024-11,Essex Police,Essex Police,0.491131,51.966779,On or near Randolph Avenue,E01021412,Braintree 005C,Other theft,Investigation complete; no suspect identified,
bb4e4d9dfc531e531cfe1535276b9aadadc3942136f83c117eb9e6bff601a73e,2024-11,Essex Police,Essex Police,0.491131,51.966779,On or near Randolph Avenue,E01021412,Braintree 005C,Public order,Status update unavailable,
3e0092a5a63114dffb7a8aea5654d548857af14bd5bac5b2a4cf93befd6c1274,2024-11,Essex Police,Essex Police,0.495752,51.968974,On or near Shaw Drive,E01021412,Braintree 005C,Public order,Unable to prosecute suspect,
56de42e0e68ff66ab5fcb60d95bb2244bb7a291ce7488234783a5a39a89a2cc8,2024-11,Essex Police,Essex Police,0.491131,51.966779,On or near Randolph Avenue,E01021412,Braintree 005C,Vehicle crime,Investigation complete; no suspect identified,
3708d89ea18620159ce28dba28c62d419171651fe617bfdaa1c094cc12aa65a3,2024-11,Essex Police,Essex Police,0.435867,51.970510,On or near Parking Area,E01021412,Braintree 005C,Vehicle crime,Investigation complete; no suspect identified,
bd333db6ad3b9e13a943a91cff84db836086f814150a32837a70e7d9fecc3a11,2024-11,Essex Police,Essex Police,0.495752,51.968974,On or near Shaw Drive,E01021412,Braintree 005C,Violence and sexual offences,Offender given a caution,
e2f5b59ed643a9ac0b12c49c1d4738768b5175c7b89f4ddb6c786d40c5f7580b,2024-11,Essex Police,Essex Police,0.491131,51.966779,On or near Randolph Avenue,E01021412,Braintree 005C,Violence and sexual offences,Action to be taken by another organisation,
1487e58979791d4dd976c7f0f3019b55bb8205ab43f630f65c418635f719e801,2024-11,Essex Police,Essex Police,0.495752,51.968974,On or near Shaw Drive,E01021412,Braintree 005C,Violence and sexual offences,Unable to prosecute suspect,
b2d14dc6b844fc782614737c81e9f2f3259acc4bd431f094cc5965a736337295,2024-11,Essex Police,Essex Police,0.495752,51.968974,On or near Shaw Drive,E01021412,Braintree 005C,Violence and sexual offences,Offender given a caution,
1c8b04a0dbbd58c71a093bbf225a712f608a60b89367a8e0a12553c11068a0c1,2024-11,Essex Police,Essex Police,0.491131,51.966779,On or near Randolph Avenue,E01021412,Braintree 005C,Violence and sexual offences,Unable to prosecute suspect,
b26ca62ba1c5651aceab03a8a171bf2d8a6c5b9ff7875862923e170822b162ae,2024-11,Essex Police,Essex Police,0.491131,51.966779,On or near Randolph Avenue,E01021412,Braintree 005C,Violence and sexual offences,Unable to prosecute suspect,
401816a231b317a18c7cea00149fd55ba5cfdd25220cc7d8d94f2303610bad0c,2024-11,Essex Police,Essex Police,0.486993,52.001147,On or near Finchingfield Road,E01021412,Braintree 005C,Violence and sexual offences,Unable to prosecute suspect,
b71fa4ca8e356120fc88b177074759b6c4634f947c6f1727261cce287ebfc2f9,2024-11,Essex Police,Essex Police,0.447656,51.965639,On or near Sports/Recreation Area,E01021412,Braintree 005C,Violence and sexual offences,Investigation complete; no suspect identified,
c3e5384bf4b8ef4dcc1325145d7c7c3aaed8954eb78c122d5b231772ef236042,2024-11,Essex Police,Essex Police,0.495752,51.968974,On or near Shaw Drive,E01021412,Braintree 005C,Violence and sexual offences,Unable to prosecute suspect,
c061b471e8101ab7f7d12c6dde3ea6a0ecc3ad1624d35b820a5af2647e04752f,2024-11,Essex Police,Essex Police,0.491131,51.966779,On or near Randolph Avenue,E01021412,Braintree 005C,Violence and sexual offences,Offender given a caution,
cc3d9f018aab1442c269d7714f9a25157c3912a1afd5d01b95b99a4d3fdc79cf,2024-11,Essex Police,Essex Police,0.491131,51.966779,On or near Randolph Avenue,E01021412,Braintree 005C,Violence and sexual offences,Local resolution,
44ab3c16df470a3260824e517661d6f33a17f4df42a21181f4652b442a926e85,2024-11,Essex Police,Essex Police,0.495752,51.968974,On or near Shaw Drive,E01021412,Braintree 005C,Other crime,Investigation complete; no suspect identified,
64d1518ad4e9489c166369f3766fe665b83c7579f2647a5de0365b5f818f322a,2024-11,Essex Police,Essex Police,0.530003,51.930338,On or near Codham Little Park Drive,E01021413,Braintree 005D,Public order,Unable to prosecute suspect,
ce313fe63d8576f60621bcd8ac6725b50f26f7ff068877ef86d8452b62ac7cb7,2024-11,Essex Police,Essex Police,0.500459,51.943947,On or near Braintree Road,E01021413,Braintree 005D,Public order,Investigation complete; no suspect identified,
b86dbc29b5b43093fc5a4f236ddd3c4fe28ee584996e99ab6c6d986defdee8bd,2024-11,Essex Police,Essex Police,0.655157,51.940522,On or near Third Avenue,E01021389,Braintree 006A,Shoplifting,Investigation complete; no suspect identified,
74f33c60beace695e470db77fa1007990ba0e9388b6547891eeaac06af0a3a68,2024-11,Essex Police,Essex Police,0.655157,51.940522,On or near Third Avenue,E01021389,Braintree 006A,Shoplifting,Investigation complete; no suspect identified,
3b902b28a37fccc27016870434ae03d978568e48d37514010079f5328d0a2f01,2024-11,Essex Police,Essex Police,0.644372,51.942689,On or near Middlefield,E01021389,Braintree 006A,Vehicle crime,Investigation complete; no suspect identified,
c0e81a1ce8eb43407235a98188e60d08db52b7645ef4a9683b319858ec88f1af,2024-11,Essex Police,Essex Police,0.640405,51.936600,On or near Rye Hills,E01021389,Braintree 006A,Violence and sexual offences,Investigation complete; no suspect identified,
a6105c0a57de7a18703c0133825389508e8185b94a58cb8f31010283531657dc,2024-11,Essex Police,Essex Police,0.652259,51.939993,On or near Sparrow Court,E01021389,Braintree 006A,Violence and sexual offences,Court result unavailable,
4cf8670935300ae73437b596c5c1cf24e055fb22b2903dd7e0343444ad90f9cb,2024-11,Essex Police,Essex Police,0.647309,51.941427,On or near Nether Court,E01021389,Braintree 006A,Violence and sexual offences,Unable to prosecute suspect,
cd48f09d14f45f8dc2cf4d5a0c3f7b55a8de03d05d3b3ad1172c488a6c314d3f,2024-11,Essex Police,Essex Police,0.649331,51.942146,On or near Colchester Road,E01021389,Braintree 006A,Violence and sexual offences,Unable to prosecute suspect,
a3e39242a88a92e1cd84fd1805333e6f81e590280e414c2dd13bc9a34f1c5830,2024-11,Essex Police,Essex Police,0.636364,51.952284,On or near Ashlong Grove,E01021390,Braintree 006B,Criminal damage and arson,Unable to prosecute suspect,
da79d71806c5d17f6f9c933b5aa49dd2d03e213cde4b670a62e9e5dd20b378b5,2024-11,Essex Police,Essex Police,0.648476,51.948883,On or near Mathews Close,E01021390,Braintree 006B,Public order,Unable to prosecute suspect,
87555bdcb5adbd881dac4bf5363f1f1eb429014315b8bdaf49f5a9780a10b000,2024-11,Essex Police,Essex Police,0.648557,51.950994,On or near Reynolds Drive,E01021390,Braintree 006B,Public order,Action to be taken by another organisation,
018e62612412489940aa4ebf86587e7c05bfa2b34a7d73d2240b14d393a98417,2024-11,Essex Police,Essex Police,0.649796,51.949294,On or near Winston Way,E01021390,Braintree 006B,Public order,Action to be taken by another organisation,
dd7afc1ef6c0bde11b0089e23d48fc2af25b5c98ee0b4e76ee37614d6156f3fe,2024-11,Essex Police,Essex Police,0.649796,51.949294,On or near Winston Way,E01021390,Braintree 006B,Violence and sexual offences,Unable to prosecute suspect,
f9e1bc25bfd02e57dfb015a89cdb87b41fe143489c1680e4ab3a9c80854140ba,2024-11,Essex Police,Essex Police,0.648557,51.950994,On or near Reynolds Drive,E01021390,Braintree 006B,Violence and sexual offences,Investigation complete; no suspect identified,
586fcdd39b3911c35889e953f80260e87da5372f112ce453a19e6640cce3d7ba,2024-11,Essex Police,Essex Police,0.646942,51.950761,On or near Honeywood Road,E01021390,Braintree 006B,Violence and sexual offences,Unable to prosecute suspect,
e57b9ff971f5b61ef6bbf8adc037445c2d72dacdb40447096cd23a2f2d1ae96a,2024-11,Essex Police,Essex Police,0.705619,51.926017,On or near Church Hill,E01021408,Braintree 006C,Criminal damage and arson,Investigation complete; no suspect identified,
61ad7549a707455d2b1895a39b33b05f708f28d7da2a3b7febad8ca768a2f73d,2024-11,Essex Police,Essex Police,0.701752,51.928237,On or near Oxford Court,E01021408,Braintree 006C,Other theft,Investigation complete; no suspect identified,
90d0a28f89ff0e7453cbd6a9b3e85bf4ae119ddad2420c4cd266d5d7ec1e4dc8,2024-11,Essex Police,Essex Police,0.699001,51.926025,On or near Park Lane Close,E01021408,Braintree 006C,Violence and sexual offences,Investigation complete; no suspect identified,
b5ae048d0f45d856113dc2e3880a66fe7e68a5fca5edd03f7293a815c5d1153c,2024-11,Essex Police,Essex Police,0.701752,51.928237,On or near Oxford Court,E01021408,Braintree 006C,Violence and sexual offences,Action to be taken by another organisation,
292b0dc87c9e01324b78874c7d052faf9c2af0dc7f3dda880c4cdec1b785ac8f,2024-11,Essex Police,Essex Police,0.721423,51.927586,On or near Colchester Road,E01021408,Braintree 006C,Violence and sexual offences,Unable to prosecute suspect,
c36f7cd863a040eb33eacdd6beafde8586240e093c660bec5d0858e760016648,2024-11,Essex Police,Essex Police,0.721423,51.927586,On or near Colchester Road,E01021408,Braintree 006C,Violence and sexual offences,Unable to prosecute suspect,
bd053a323e8608a74c21baef14c03dceb19d32246f7f37a7905c1dc9ac5c4f05,2024-11,Essex Police,Essex Police,0.721423,51.927586,On or near Colchester Road,E01021408,Braintree 006C,Violence and sexual offences,Action to be taken by another organisation,
3ea92f5de48efc12983a6d977d911bdc0949a7c69748c985d4af4da0bbf37751,2024-11,Essex Police,Essex Police,0.708087,51.925223,On or near Upper Holt Street,E01021408,Braintree 006C,Violence and sexual offences,Investigation complete; no suspect identified,
b7506bf9a11cd3fca01e28af7179c31062fecd4b97ad259e7052ed3589b006d9,2024-11,Essex Police,Essex Police,0.701752,51.928237,On or near Oxford Court,E01021408,Braintree 006C,Violence and sexual offences,Unable to prosecute suspect,
680b5a602de8b217584e0069699a068581db9ff94eea06d72342bdd51e09d2ee,2024-11,Essex Police,Essex Police,0.676976,51.930387,On or near Stonebridge Hill,E01021409,Braintree 006D,Possession of weapons,Local resolution,
b52abe45dd87b89f7a9f9c512c9b866734eeea0b8f08d811d4f4146cfe81334b,2024-11,Essex Police,Essex Police,0.694722,51.927454,On or near The Castings,E01021409,Braintree 006D,Violence and sexual offences,Unable to prosecute suspect,
4bd1d012bd52595dd8d609f0146d4d7e87f3fb5b0d96d3456253c5d4d27bdbf4,2024-11,Essex Police,Essex Police,0.691874,51.941099,On or near Bones Yard,E01021409,Braintree 006D,Violence and sexual offences,Action to be taken by another organisation,
60345715f9a7f16d150b80ac3b4d40cfb12c9b842bf8532560211394601fc3f9,2024-11,Essex Police,Essex Police,0.692976,51.942990,On or near Green Way,E01021409,Braintree 006D,Violence and sexual offences,Unable to prosecute suspect,
a9d7ee1cdedd4d48c6e523e7cd68623d34a6aaf35de7c0e1a6fd15b54683bbfb,2024-11,Essex Police,Essex Police,0.698912,51.943699,On or near Green Farm Road,E01021409,Braintree 006D,Violence and sexual offences,Unable to prosecute suspect,
4a142202f9d031216b7bda1c6f11e515eab27183613406f76d565a5c946058de,2024-11,Essex Police,Essex Police,0.694722,51.927454,On or near The Castings,E01021409,Braintree 006D,Violence and sexual offences,Unable to prosecute suspect,
a0d2fd844e481c29d2d20fa6a2f1e9d880b2de214cc8999acd9c6e6f606023a7,2024-11,Essex Police,Essex Police,0.689864,51.927215,On or near Hunt Road,E01021409,Braintree 006D,Other crime,Court result unavailable,
39b879925be6ab5b7479d9ccb98d8b5bf3837a2870ba1b48859e6d78498e27bb,2024-11,Essex Police,Essex Police,0.696115,51.924967,On or near Hayhouse Road,E01021410,Braintree 006E,Other theft,Investigation complete; no suspect identified,
835dcd315188c26010d0b47b12f7dc095d850dd3d7e4d94eafb6f469ef9f7c3c,2024-11,Essex Police,Essex Police,0.697384,51.929381,On or near Priory Street,E01021410,Braintree 006E,Public order,Action to be taken by another organisation,
b67550796a222da51ac21cae6018a46cbc17f8a9370a070a67abee64cf119f53,2024-11,Essex Police,Essex Police,0.699979,51.927793,On or near High Street,E01021410,Braintree 006E,Shoplifting,Unable to prosecute suspect,
84a0bf11b6c0df39818e1066378e130d533faa79d50c69a529b481f21b5f42fa,2024-11,Essex Police,Essex Police,0.696694,51.926366,On or near Reuben Walk,E01021410,Braintree 006E,Violence and sexual offences,Unable to prosecute suspect,
9338da94e740358127b213f827945eed88c3ed008c3ce1975223156924fa7c0a,2024-11,Essex Police,Essex Police,0.699979,51.927793,On or near High Street,E01021410,Braintree 006E,Violence and sexual offences,Unable to prosecute suspect,
,2024-11,Essex Police,Essex Police,0.572549,51.887787,On or near Collingwood Close,E01021349,Braintree 007A,Anti-social behaviour,,
90d9dc795e709b1fa32467db03521de6245353b274188f956294cee472d92230,2024-11,Essex Police,Essex Police,0.581366,51.887963,On or near Hereford Drive,E01021349,Braintree 007A,Vehicle crime,Investigation complete; no suspect identified,
0907725a92b99fb6c36b33acddbe3538c106fac902736977ba014493e4a68e00,2024-11,Essex Police,Essex Police,0.582615,51.882117,On or near Broadoaks Crescent,E01021351,Braintree 007B,Other theft,Investigation complete; no suspect identified,
363d3f1535076e9b37e40262a7d805e74aa7fe349be11a97284117591c9046bd,2024-11,Essex Police,Essex Police,0.582615,51.882117,On or near Broadoaks Crescent,E01021351,Braintree 007B,Other theft,Investigation complete; no suspect identified,
5fe2f87417fd20e07f6b67dd98d5afc36b8b0859126f46ba5ebda488eefff5c6,2024-11,Essex Police,Essex Police,0.582615,51.882117,On or near Broadoaks Crescent,E01021351,Braintree 007B,Other theft,Investigation complete; no suspect identified,
abffc1279b8fa286c0d753040cf8d13ce02cf157975f12698d6b3ce8b970679b,2024-11,Essex Police,Essex Police,0.582615,51.882117,On or near Broadoaks Crescent,E01021351,Braintree 007B,Other theft,Investigation complete; no suspect identified,
d5e6d42554b09e643928bbfcc27bd671774e72adba50c580a3d83394aa1cebf5,2024-11,Essex Police,Essex Police,0.583231,51.884486,On or near Parr Close,E01021351,Braintree 007B,Possession of weapons,Local resolution,
5a61daae0ecd7a950c808b59337b0bcb06a754d994bcb5fec49d599b10c1df6d,2024-11,Essex Police,Essex Police,0.582615,51.882117,On or near Broadoaks Crescent,E01021351,Braintree 007B,Shoplifting,Investigation complete; no suspect identified,
12f587f72be29b335a45c78d6eafc84826dc82317a142dea0b7d051f7f1e53a9,2024-11,Essex Police,Essex Police,0.582615,51.882117,On or near Broadoaks Crescent,E01021351,Braintree 007B,Shoplifting,Local resolution,
36fb9410105a54258e45a9bc953da96e5d0dbee53831934650ec4ee3ed31f18c,2024-11,Essex Police,Essex Police,0.579111,51.885890,On or near Guinea Close,E01021351,Braintree 007B,Violence and sexual offences,Investigation complete; no suspect identified,
c11aa54faaaff63d7b32f836b1d0cf93a2f94fa51424d7e98b2f36648b0e6a80,2024-11,Essex Police,Essex Police,0.582615,51.882117,On or near Broadoaks Crescent,E01021351,Braintree 007B,Violence and sexual offences,Investigation complete; no suspect identified,
71a175f07828977f28380b9db07c6bac6e078a637361f55091b8dd65973a2227,2024-11,Essex Police,Essex Police,0.579111,51.885890,On or near Guinea Close,E01021351,Braintree 007B,Violence and sexual offences,Investigation complete; no suspect identified,
f414abdafaa022a06bf7a959f718cce0a4ec035b48571ea3e12b68e1c7ff2953,2024-11,Essex Police,Essex Police,0.576601,51.886224,On or near Rayleigh Close,E01021351,Braintree 007B,Violence and sexual offences,Investigation complete; no suspect identified,
5ea3f4e7c72d2b906ed16abf3f48c611159a46a4fd961bf353b75a639784eba5,2024-11,Essex Police,Essex Police,0.572018,51.882556,On or near Warley Close,E01021352,Braintree 007C,Public order,Investigation complete; no suspect identified,
2921287c4dd43066265832ef45683d80444e32b0b76387eeacedbc0896dc6335,2024-11,Essex Police,Essex Police,0.575398,51.882203,On or near Kingsmead Park,E01021352,Braintree 007C,Violence and sexual offences,Unable to prosecute suspect,
ee8e03a3ca84bfd1a68d8ba7559fd0d61cd3d5d3d5af37ed60cb46e7f50dc32f,2024-11,Essex Police,Essex Police,0.572018,51.882556,On or near Warley Close,E01021352,Braintree 007C,Violence and sexual offences,Action to be taken by another organisation,
07f2db610d1e8e6ee2d82d332caf99e0ce4541feacf3b98a3c7b21d34bd6107c,2024-11,Essex Police,Essex Police,0.573135,51.884060,On or near Beatty Gardens,E01021352,Braintree 007C,Other crime,Action to be taken by another organisation,
,2024-11,Essex Police,Essex Police,0.543596,51.897257,On or near Panfield Road,E01021355,Braintree 007D,Anti-social behaviour,,
,2024-11,Essex Police,Essex Police,0.543596,51.897257,On or near Panfield Road,E01021355,Braintree 007D,Anti-social behaviour,,
240d7e326a60cf3c36949eb69910a4e5c8c365e5bac29bdfed2e8066f04e4f4e,2024-11,Essex Police,Essex Police,0.563515,51.904999,On or near Church Street,E01021355,Braintree 007D,Burglary,Investigation complete; no suspect identified,
fdacbcfc4239619a10695b3f75e4b0cedff8601324d7d1eb0b9f30c0356bc50f,2024-11,Essex Police,Essex Police,0.543596,51.897257,On or near Panfield Road,E01021355,Braintree 007D,Other theft,Investigation complete; no suspect identified,
78022b64bb86fbaeadbaf2eae10368a671448444245ad6aad722755e17f476f0,2024-11,Essex Police,Essex Police,0.543596,51.897257,On or near Panfield Road,E01021355,Braintree 007D,Other theft,Unable to prosecute suspect,
1900434a07029fe99604151425968ac1647be9be62935dac56ec23a07fd0114e,2024-11,Essex Police,Essex Police,0.543596,51.897257,On or near Panfield Road,E01021355,Braintree 007D,Public order,Unable to prosecute suspect,
ee8bf4b53df29eba0ee19d35eb8b47d719567159cebfc439ea7e437fde67e840,2024-11,Essex Police,Essex Police,0.554344,51.901970,On or near Supermarket,E01021355,Braintree 007D,Shoplifting,Investigation complete; no suspect identified,
a9ddbc2be8d70f995bda4e42f569d45c180a5c3c611846ee4c923a5372326d20,2024-11,Essex Police,Essex Police,0.554344,51.901970,On or near Supermarket,E01021355,Braintree 007D,Shoplifting,Investigation complete; no suspect identified,
27ce606a64c89019b17a580a28f4f03968a0a17bce0c2d151efba72b1677427e,2024-11,Essex Police,Essex Police,0.553623,51.902067,On or near Canterbury Grange,E01021355,Braintree 007D,Vehicle crime,Investigation complete; no suspect identified,
477a76e11418f3f29db2714b1d667ef7c905a477b8e1979b2d86101c2f66e78b,2024-11,Essex Police,Essex Police,0.556998,51.904673,On or near Fennes Road,E01021355,Braintree 007D,Violence and sexual offences,Unable to prosecute suspect,
4efdb3148e52f0a099c282a1a8eec1f59236354a1f968224da868b850eb24e78,2024-11,Essex Police,Essex Police,0.543596,51.897257,On or near Panfield Road,E01021355,Braintree 007D,Violence and sexual offences,Unable to prosecute suspect,
f34fce7d3abd05d0c25fee8e169f7aca0d556689b8dca103caa76dac73ddea91,2024-11,Essex Police,Essex Police,0.543596,51.897257,On or near Panfield Road,E01021355,Braintree 007D,Violence and sexual offences,Investigation complete; no suspect identified,
1b14a1a1a4c49a8c87e4a27b16afea06107c8a34362eedde37c54fa7552cda4e,2024-11,Essex Police,Essex Police,0.543596,51.897257,On or near Panfield Road,E01021355,Braintree 007D,Violence and sexual offences,Unable to prosecute suspect,
1bb5224b9fec98e451cf1785b6787debbb083ddd1ebd38109ca87a49bbf94eec,2024-11,Essex Police,Essex Police,0.556998,51.904673,On or near Fennes Road,E01021355,Braintree 007D,Violence and sexual offences,Unable to prosecute suspect,
3af4785da4ad6bb58ea4971d4dee8aed9e587ed6f972d0d8479fe38fd37ffdae,2024-11,Essex Police,Essex Police,0.566238,51.906604,On or near Hadley Close,E01021355,Braintree 007D,Violence and sexual offences,Unable to prosecute suspect,
8b3e2270a8d33a41a6b07a77991987a6c9267056c34d4ecc3b9cfe10a5dcdcf3,2024-11,Essex Police,Essex Police,0.551464,51.900657,On or near Nowell Close,E01021355,Braintree 007D,Violence and sexual offences,Unable to prosecute suspect,
ee544c0658b500b44ddec6ea70d10c1ab74270c5efbe5c86d1a333d9958e146d,2024-11,Essex Police,Essex Police,0.551464,51.900657,On or near Nowell Close,E01021355,Braintree 007D,Violence and sexual offences,Unable to prosecute suspect,
,2024-11,Essex Police,Essex Police,0.551280,51.895868,On or near Oakley Road,E01021356,Braintree 007E,Anti-social behaviour,,
f13a5a4fceb7c69d068e0451fe8db734f753aecd6f6538616bf338b1156ce622,2024-11,Essex Police,Essex Police,0.561516,51.890555,On or near Elizabeth Lockhart Way,E01021356,Braintree 007E,Violence and sexual offences,Action to be taken by another organisation,
2d3f3e8f77f1407bd82e80c139dbf1f9ce3e4598602149dc729017fde9880501,2024-11,Essex Police,Essex Police,0.562871,51.889347,On or near Convent Lane,E01021356,Braintree 007E,Violence and sexual offences,Unable to prosecute suspect,
8a95f4eb02a7e973fc6876a04c9b2d5646b1f05eebe0edfa9b1483ee59cc8ef9,2024-11,Essex Police,Essex Police,0.577095,51.934712,On or near Park/Open Space,E01021381,Braintree 007F,Violence and sexual offences,Investigation complete; no suspect identified,
54b0b5d13fe43be5cefb5cedf8355c84df014b871efe3869ead943c7a5016afb,2024-11,Essex Police,Essex Police,0.591081,51.941851,On or near Hedingham Road,E01021381,Braintree 007F,Violence and sexual offences,Court result unavailable,
273453f370cd9669bfd3e02016d03e09ff721794a1d3862a869e5e11f9da5497,2024-11,Essex Police,Essex Police,0.597725,51.943018,On or near Halstead Road,E01021381,Braintree 007F,Violence and sexual offences,Action to be taken by another organisation,
8f3d2c37ea7300ecaefb1a017d108fe5757ee71db2cf81509b5df62b8485fb7a,2024-11,Essex Police,Essex Police,0.591081,51.941851,On or near Hedingham Road,E01021381,Braintree 007F,Other crime,Formal action is not in the public interest,
574b02050401b0309616dd5f5b6b97d905c566b67d616ab32247c727ba2e5600,2024-11,Essex Police,Essex Police,0.550837,51.892424,On or near Normandy Way,E01021354,Braintree 008A,Violence and sexual offences,Court result unavailable,
7f15e4ebc52ec699a3f4c240075c8e3b31a02602662a503f3893eef7416167d7,2024-11,Essex Police,Essex Police,0.546796,51.895749,On or near Dover Close,E01021354,Braintree 008A,Violence and sexual offences,Action to be taken by another organisation,
33caa8e09364aa03ceeaa59665d9f3998469420afa99442ae8973dbcfb6f0e8a,2024-11,Essex Police,Essex Police,0.546796,51.895749,On or near Dover Close,E01021354,Braintree 008A,Violence and sexual offences,Action to be taken by another organisation,
40dc15c73327efb17bc0f8cd13ad6c8a91a7f5a31a78a1a7ae520990ff841677,2024-11,Essex Police,Essex Police,0.546796,51.895749,On or near Dover Close,E01021354,Braintree 008A,Violence and sexual offences,Action to be taken by another organisation,
594f13470fe3a8515221203a358b4e033fab06b7cf162d8085311c5c6d4fe32b,2024-11,Essex Police,Essex Police,0.547491,51.893387,On or near Sandwich Close,E01021354,Braintree 008A,Violence and sexual offences,Unable to prosecute suspect,
9b70d71225e30812f02f3a32a8324c9a3c96cfb589d8c6ee67388cb4f0a49244,2024-11,Essex Police,Essex Police,0.550533,51.898851,On or near Deanery Hill,E01021354,Braintree 008A,Violence and sexual offences,Unable to prosecute suspect,
43597feeae06facc21380c634ad9822d624ba69a55cbfa15be8ea52398ce4b7f,2024-11,Essex Police,Essex Police,0.548937,51.893005,On or near Camberton Road,E01021354,Braintree 008A,Other crime,Court result unavailable,
,2024-11,Essex Police,Essex Police,0.549729,51.882852,On or near Rosemary Avenue,E01021357,Braintree 008B,Anti-social behaviour,,
,2024-11,Essex Police,Essex Police,0.554602,51.888079,On or near St James Road,E01021357,Braintree 008B,Anti-social behaviour,,
2f2892a0d79d40f9ef8c6ee66582529c924399cc703682e8e9ed0b9a3417b112,2024-11,Essex Police,Essex Police,0.556098,51.886527,On or near Friars Lane,E01021357,Braintree 008B,Other theft,Investigation complete; no suspect identified,
39f4c57282ef4552829cd937f47a8f61d34720dee3f6f9b8672c6f3bf09d89de,2024-11,Essex Police,Essex Police,0.552457,51.883809,On or near St Peter'S-In-The-Fields,E01021357,Braintree 008B,Robbery,Investigation complete; no suspect identified,
11c7efca577eb83094e15d00ff3815a8cf26409bb36981e0e63e571a79c4e8f7,2024-11,Essex Police,Essex Police,0.556068,51.885476,On or near Bawn Close,E01021357,Braintree 008B,Vehicle crime,Investigation complete; no suspect identified,
1a229a64fade2e30250613fdfb3e8521ff52e99f6d3648ab77cc74378748bd5f,2024-11,Essex Police,Essex Police,0.554602,51.888079,On or near St James Road,E01021357,Braintree 008B,Violence and sexual offences,Court result unavailable,
5a7455313da7842692bdedcedb0544a8cf6d4b0f02162a0c76b4babb376b6e79,2024-11,Essex Police,Essex Police,0.556707,51.886235,On or near Bradford Street,E01021357,Braintree 008B,Violence and sexual offences,Unable to prosecute suspect,
4ccd76d02069f5fed5e85783f8420c54273790725e16bc8c69eb07ee9f4eee26,2024-11,Essex Police,Essex Police,0.558727,51.889060,On or near Convent Hill,E01021357,Braintree 008B,Violence and sexual offences,Court result unavailable,
2e07d183b2d77fd6d64cf628c08d9b368805fb08c0dd4767c1bc8fd9c6ef29b0,2024-11,Essex Police,Essex Police,0.550643,51.880773,On or near Theatre/Concert Hall,E01021357,Braintree 008B,Violence and sexual offences,Unable to prosecute suspect,
c442c0b7bf67381ba60779ebc624948296db521f31d132b6d4b5747974a3a6d0,2024-11,Essex Police,Essex Police,0.558727,51.889060,On or near Convent Hill,E01021357,Braintree 008B,Violence and sexual offences,Court result unavailable,
3786f1e8cf8c702bc18a1883563ae1936f02d2872f6dca8077a8d8c41b7b643b,2024-11,Essex Police,Essex Police,0.554458,51.891428,On or near Eagle Lane,E01021357,Braintree 008B,Violence and sexual offences,Status update unavailable,
,2024-11,Essex Police,Essex Police,0.540271,51.883929,On or near Lamberts Orchard,E01021358,Braintree 008C,Anti-social behaviour,,
,2024-11,Essex Police,Essex Police,0.548248,51.880061,On or near Progress Court,E01021358,Braintree 008C,Anti-social behaviour,,
,2024-11,Essex Police,Essex Police,0.540271,51.883929,On or near Lamberts Orchard,E01021358,Braintree 008C,Anti-social behaviour,,
,2024-11,Essex Police,Essex Police,0.548248,51.880061,On or near Progress Court,E01021358,Braintree 008C,Anti-social behaviour,,
52adf724c37c98ba0ee803f92c4b45581bcdaf795e4b4432703d967dcbf9ccb5,2024-11,Essex Police,Essex Police,0.546685,51.885050,On or near Millam Way,E01021358,Braintree 008C,Criminal damage and arson,Investigation complete; no suspect identified,
d2f11f0da4a642b6321445d72ee2863123a12135e3cbffb6d9e4f5db6ff62ae2,2024-11,Essex Police,Essex Police,0.546685,51.885050,On or near Millam Way,E01021358,Braintree 008C,Criminal damage and arson,Investigation complete; no suspect identified,
761e16022e05b7c4862a8ecdca91f2e6ba5ea97748e0570224ab000b64126ab5,2024-11,Essex Police,Essex Police,0.528630,51.879252,On or near Badger Mount,E01021358,Braintree 008C,Other theft,Unable to prosecute suspect,
c9b5b76ba54d8bc3ec2f3cdc0d2df4bafe5514822b8a0a8c61f7cae7885d73c9,2024-11,Essex Police,Essex Police,0.538076,51.878752,On or near Petrol Station,E01021358,Braintree 008C,Other theft,Investigation complete; no suspect identified,
10543ef6475a3a4d85e71df89a872271e519ecf1a64082b3df4aad3e39ec89b8,2024-11,Essex Police,Essex Police,0.538076,51.878752,On or near Petrol Station,E01021358,Braintree 008C,Other theft,Unable to prosecute suspect,
8a745e1e607a09a4cbc652e89338007fbb21e5f12e57754e84a8c4f318c000dd,2024-11,Essex Police,Essex Police,0.540338,51.882804,On or near Elm Bungalows,E01021358,Braintree 008C,Other theft,Action to be taken by another organisation,
14a23e48dca82c6d54216fdde0d297699fe6e5b64f04d275f75b1007ad3a3440,2024-11,Essex Police,Essex Police,0.538076,51.878752,On or near Petrol Station,E01021358,Braintree 008C,Other theft,Local resolution,
8a78cad94fd1e840aa292e23a5ea7695f3f877073eb1c5cef0a927be1b93556c,2024-11,Essex Police,Essex Police,0.542078,51.883243,On or near John English Avenue,E01021358,Braintree 008C,Public order,Court result unavailable,
6fd5bae2b02f104cd620a238e0ecca13390d715792f14c268a2b4f72d110b1dd,2024-11,Essex Police,Essex Police,0.547222,51.880407,On or near Aetheric Road,E01021358,Braintree 008C,Public order,Court result unavailable,
8a3cb9e4032689d8c07a256d364047596728a7d3958b28452aeb4ab22b42d122,2024-11,Essex Police,Essex Police,0.546782,51.883429,On or near Gilchrist Way,E01021358,Braintree 008C,Vehicle crime,Investigation complete; no suspect identified,
854a14e492e832e20e27d537bb1f5f08487f01ccf9e4070ca4ddb448cc94e2f2,2024-11,Essex Police,Essex Police,0.546782,51.883429,On or near Gilchrist Way,E01021358,Braintree 008C,Vehicle crime,Unable to prosecute suspect,
a0adacf3629ae83375f2eb9369d1294ee0c6e250edce510d72411642b0030fcd,2024-11,Essex Police,Essex Police,0.536243,51.878924,On or near Petrol Station,E01021358,Braintree 008C,Vehicle crime,Investigation complete; no suspect identified,
d6d49c45f8bf29d54cd1e624ef9cbac36fb307e1ef0835ebe4fa96ccec47e916,2024-11,Essex Police,Essex Police,0.540271,51.883929,On or near Lamberts Orchard,E01021358,Braintree 008C,Violence and sexual offences,Unable to prosecute suspect,
949358e4ecca2133339957f707a1456f55d0c76057c65e665c9146b9cfe2bb72,2024-11,Essex Police,Essex Police,0.540271,51.883929,On or near Lamberts Orchard,E01021358,Braintree 008C,Violence and sexual offences,Unable to prosecute suspect,
9efce3579cc9df05fac902eb3f6783241c8df888cf1d5ffe8af29f3f76aa07e5,2024-11,Essex Police,Essex Police,0.542078,51.883243,On or near John English Avenue,E01021358,Braintree 008C,Violence and sexual offences,Investigation complete; no suspect identified,
8a28e3733c2729aca1ee9a919b2ff9057299545d172cd09a22f6b2452c174036,2024-11,Essex Police,Essex Police,0.542078,51.883243,On or near John English Avenue,E01021358,Braintree 008C,Violence and sexual offences,Court result unavailable,
5603c2b528da30cf80f5544749a6403e94789c34758366a9b6e48e38e255b3ef,2024-11,Essex Police,Essex Police,0.540271,51.883929,On or near Lamberts Orchard,E01021358,Braintree 008C,Violence and sexual offences,Unable to prosecute suspect,
bc207828fb501290b3bb6f389021ae91f2e51054fb65e0a58e7661a862b3bfd4,2024-11,Essex Police,Essex Police,0.540271,51.883929,On or near Lamberts Orchard,E01021358,Braintree 008C,Violence and sexual offences,Unable to prosecute suspect,
21a7fac9f2d439e0882c0c77c3daba6d587a0f935bed974afb1f2f3773d3a926,2024-11,Essex Police,Essex Police,0.540271,51.883929,On or near Lamberts Orchard,E01021358,Braintree 008C,Violence and sexual offences,Unable to prosecute suspect,
3bb44556466547dd622e586060472557e122e417efe494b15595de45066bbe71,2024-11,Essex Police,Essex Police,0.540271,51.883929,On or near Lamberts Orchard,E01021358,Braintree 008C,Violence and sexual offences,Unable to prosecute suspect,
b7fcbcfbfb45bf6176aa497061b09616ffa90a0335b15d0ba024b30c0de5e402,2024-11,Essex Police,Essex Police,0.547222,51.880407,On or near Aetheric Road,E01021358,Braintree 008C,Violence and sexual offences,Court result unavailable,
,2024-11,Essex Police,Essex Police,0.546053,51.886988,On or near Wingate Close,E01021359,Braintree 008D,Anti-social behaviour,,
fd19de898b2a3824ec16e156b3c10c7a41735617d055a5c0309d5b0d820d989f,2024-11,Essex Police,Essex Police,0.555216,51.889676,On or near Andrew Close,E01021359,Braintree 008D,Burglary,Unable to prosecute suspect,
382e8637806b1438dc614d4361d8d4b9ec671de494e22d89bae9bd1266ff77cc,2024-11,Essex Police,Essex Police,0.543571,51.886259,On or near Panfield Lane,E01021359,Braintree 008D,Criminal damage and arson,Investigation complete; no suspect identified,
1a0f31f8e0318a4f4fd5aea5094c2cccfd6143a0f1eec41a69a90fd379a0153b,2024-11,Essex Police,Essex Police,0.546939,51.886969,On or near Arnhem Grove,E01021359,Braintree 008D,Criminal damage and arson,Unable to prosecute suspect,
0533b12839ccf765c6ced1dae936a4a2126ee5c4f35ce3d5f28d20bc43047d83,2024-11,Essex Police,Essex Police,0.546479,51.886295,On or near Alexander Road,E01021359,Braintree 008D,Criminal damage and arson,Court result unavailable,
846e91b90921f1e00171a8632b37d324e89954f0222fc4d07f4e7de46b01784a,2024-11,Essex Police,Essex Police,0.546479,51.886295,On or near Alexander Road,E01021359,Braintree 008D,Public order,Unable to prosecute suspect,
12d5f7f7b2637b2493fa3e9ba4a4ec2a04bc8923725725776544f21a6f79ddc7,2024-11,Essex Police,Essex Police,0.543571,51.886259,On or near Panfield Lane,E01021359,Braintree 008D,Violence and sexual offences,Unable to prosecute suspect,
7357b7bc092f13d9ba84333819fe955885cf3f080dccd8fb8860870ca022c0b0,2024-11,Essex Police,Essex Police,0.546479,51.886295,On or near Alexander Road,E01021359,Braintree 008D,Violence and sexual offences,Unable to prosecute suspect,
1db1b9939c774d1ab39508da16a41880cd38319e7e05bfdfae23ccbe0533f525,2024-11,Essex Police,Essex Police,0.546479,51.886295,On or near Alexander Road,E01021359,Braintree 008D,Violence and sexual offences,Unable to prosecute suspect,
a18ad5b7194614072a6fa4b3f4fa6c889d1cb78fca670d301e68deb5a2df8de9,2024-11,Essex Police,Essex Police,0.550996,51.888041,On or near Wentworth Crescent,E01021359,Braintree 008D,Violence and sexual offences,Unable to prosecute suspect,
1b275f85887f7c41f6ffddbb98de06bc46e8aca58347bbbaffd189f4657b9e49,2024-11,Essex Police,Essex Police,0.543571,51.886259,On or near Panfield Lane,E01021359,Braintree 008D,Violence and sexual offences,Unable to prosecute suspect,
149902d1a1518f2802c13d78d576a2cedc317bed9f4c89f12b62724367b15819,2024-11,Essex Police,Essex Police,0.547884,51.886975,On or near Montgomery Mews,E01021359,Braintree 008D,Violence and sexual offences,Investigation complete; no suspect identified,
,2024-11,Essex Police,Essex Police,0.565528,51.884190,On or near Essex Road,E01021350,Braintree 009A,Anti-social behaviour,,
,2024-11,Essex Police,Essex Police,0.565528,51.884190,On or near Essex Road,E01021350,Braintree 009A,Anti-social behaviour,,
139ccf336fa2a52b7c8b4b79acbb02903333f1c6800162c1f4007f11d8d34cb6,2024-11,Essex Police,Essex Police,0.557350,51.886806,On or near Phillips Chase,E01021350,Braintree 009A,Other theft,Unable to prosecute suspect,
5c8b5523dea2a97ca4b521eb09cb09331d9435e5f68a121bc3dd084e1a7817f6,2024-11,Essex Police,Essex Police,0.559352,51.881481,On or near Sports/Recreation Area,E01021350,Braintree 009A,Vehicle crime,Investigation complete; no suspect identified,
ba37d39082cadeb701075c10e7a45941a92f2006980bc6cdb389f66fe1f320f7,2024-11,Essex Police,Essex Police,0.555474,51.882715,On or near Parking Area,E01021350,Braintree 009A,Vehicle crime,Investigation complete; no suspect identified,
ac5d600d4817dde75d8ca7ddea3152a99d7daee3a19e8750322319515e891a29,2024-11,Essex Police,Essex Police,0.562867,51.884923,On or near Warwick Close,E01021350,Braintree 009A,Violence and sexual offences,Status update unavailable,
bd6a3f9b15193c2cd606c910b589e1da27003f3ea2d8d45062b1a4c2a04fc0a9,2024-11,Essex Police,Essex Police,0.559352,51.881481,On or near Sports/Recreation Area,E01021350,Braintree 009A,Violence and sexual offences,Unable to prosecute suspect,
3108f6505b513b9b5ca6c58db4f6882d168ba38a4b98ffa1fdeb623bcd7ea684,2024-11,Essex Police,Essex Police,0.562867,51.884923,On or near Warwick Close,E01021350,Braintree 009A,Violence and sexual offences,Investigation complete; no suspect identified,
19500de2a23c2821ecb6da4bd8065decfa05ea3fa4436d9a60b4abdf9151ac68,2024-11,Essex Police,Essex Police,0.557350,51.886806,On or near Phillips Chase,E01021350,Braintree 009A,Violence and sexual offences,Investigation complete; no suspect identified,
0a11e62c289a7c9a14fd2723c2b905a89888fa35b05150b32c9195cba2750b3d,2024-11,Essex Police,Essex Police,0.563975,51.885241,On or near Northumberland Close,E01021350,Braintree 009A,Violence and sexual offences,Unable to prosecute suspect,
a8a598726d69e5f3d1b9d1e2d7d8f14cca168c100291afd42c34e9dba54cabc8,2024-11,Essex Police,Essex Police,0.563047,51.883246,On or near Rutland Gardens,E01021350,Braintree 009A,Violence and sexual offences,Action to be taken by another organisation,
46fd770b02e7683db16207bd6df1ac67feb3eded5ace3f660c6c5424f2d0bf65,2024-11,Essex Police,Essex Police,0.563975,51.885241,On or near Northumberland Close,E01021350,Braintree 009A,Violence and sexual offences,Court result unavailable,
bfa8fa12919ccffe57bd585e76dcd270ca82a909a745d595bc6a8b02759cb31a,2024-11,Essex Police,Essex Police,0.558617,51.886607,On or near River Mead,E01021350,Braintree 009A,Violence and sexual offences,Unable to prosecute suspect,
2fd5e0a6e0f9786d2306848de704a059365f03898ca55febd0bf23a451fa2cfb,2024-11,Essex Police,Essex Police,0.558617,51.886607,On or near River Mead,E01021350,Braintree 009A,Violence and sexual offences,Unable to prosecute suspect,
c831fd41c738d17f9a67ddeb30b7b9a548d6529f268c554bc907cceb8d95c6fb,2024-11,Essex Police,Essex Police,0.563733,51.882530,On or near Marlborough Road,E01021350,Braintree 009A,Violence and sexual offences,Status update unavailable,
3ec88d1680bd3de3bd52304f37ba06ddfa158430bf69a5aef8bff3c1f7d36d93,2024-11,Essex Police,Essex Police,0.559352,51.881481,On or near Sports/Recreation Area,E01021350,Braintree 009A,Violence and sexual offences,Investigation complete; no suspect identified,
,2024-11,Essex Police,Essex Police,0.567118,51.884812,On or near Vanguard Way,E01021353,Braintree 009B,Anti-social behaviour,,
ff9a5a1e9c3152e10c26a253c480479596a12bfc715f1432f4444b57eec29d6a,2024-11,Essex Police,Essex Police,0.570402,51.884803,On or near Wellington Close,E01021353,Braintree 009B,Burglary,Investigation complete; no suspect identified,
71c5b3d785f26818454d6d8264038be54631bfbad5455bfdb95e6f0b4b53fd62,2024-11,Essex Police,Essex Police,0.567869,51.883447,On or near York Gardens,E01021353,Braintree 009B,Criminal damage and arson,Investigation complete; no suspect identified,
dce047c07204397b999b8303d6214c9c160e95062800cf4928ffd6bd525abd2a,2024-11,Essex Police,Essex Police,0.562600,51.880738,On or near Petrol Station,E01021353,Braintree 009B,Drugs,Local resolution,
8d70ecf380adb5c657e6f580315874156b1ff165bdc40cace08f4384888e4077,2024-11,Essex Police,Essex Police,0.567118,51.884812,On or near Vanguard Way,E01021353,Braintree 009B,Other theft,Investigation complete; no suspect identified,
7871edef9c137d4e3f25104b5f406b680e5726c2f2801101ca1ca36b99f660ef,2024-11,Essex Police,Essex Police,0.570143,51.886122,On or near Supermarket,E01021353,Braintree 009B,Robbery,Court result unavailable,
dbfb7a573504ee6ec39147f21f3136325c672cd27824dd933a865e0688701f5e,2024-11,Essex Police,Essex Police,0.564338,51.880907,On or near Ushers Meadow,E01021353,Braintree 009B,Shoplifting,Investigation complete; no suspect identified,
7fb97bf618dc26f8c6e97606e537da7ee3c56abddbaa1d743f275cc54f51b57a,2024-11,Essex Police,Essex Police,0.564338,51.880907,On or near Ushers Meadow,E01021353,Braintree 009B,Shoplifting,Investigation complete; no suspect identified,
edc54180a3875c79b43d81f5f02dc6382cb2c27f19ff09817463aa02d955ecad,2024-11,Essex Police,Essex Police,0.564338,51.880907,On or near Ushers Meadow,E01021353,Braintree 009B,Vehicle crime,Investigation complete; no suspect identified,
50c2b683f93b323fc3b48902034aabc8c320247997010334e620082146956081,2024-11,Essex Police,Essex Police,0.568438,51.881699,On or near Dallwood Way,E01021353,Braintree 009B,Vehicle crime,Investigation complete; no suspect identified,
31efd7ab1ffa8f241ab53c46dec187d58c47c2ce2c108e0afc0ad559f3dbb78f,2024-11,Essex Police,Essex Police,0.570143,51.886122,On or near Supermarket,E01021353,Braintree 009B,Violence and sexual offences,Unable to prosecute suspect,
6fe46dfe9f4cceb4c33699dca536950c854959b401ad44c287ef0fc08c3c1599,2024-11,Essex Police,Essex Police,0.570143,51.886122,On or near Supermarket,E01021353,Braintree 009B,Violence and sexual offences,Court result unavailable,
c0e3647a725e57b915d21e43e9e4a624251a83fee7cdc190b60a6310b2d6b3b0,2024-11,Essex Police,Essex Police,0.570143,51.886122,On or near Supermarket,E01021353,Braintree 009B,Violence and sexual offences,Court result unavailable,
2662eddb4ddd23eb02ccf3f5ba60d143455f6200a56d14cf6853e812af98c2db,2024-11,Essex Police,Essex Police,0.567663,51.886725,On or near Achilles Way,E01021353,Braintree 009B,Violence and sexual offences,Unable to prosecute suspect,
8f6861cfba00be64243d8bf823bde80d7d0b6082ea53b346e129dc9db0822218,2024-11,Essex Police,Essex Police,0.570143,51.886122,On or near Supermarket,E01021353,Braintree 009B,Violence and sexual offences,Court result unavailable,
,2024-11,Essex Police,Essex Police,0.551476,51.878552,On or near Great Square,E01021365,Braintree 009D,Anti-social behaviour,,
fbe9901e6c4f6ed38868cba3c56d43981df4ab59c7eb3f892ee3a59e5597ac1a,2024-11,Essex Police,Essex Police,0.544460,51.879621,On or near Peel Crescent,E01021365,Braintree 009D,Burglary,Investigation complete; no suspect identified,
a84ff11679815d6d41a888fd3994bd68582d32c93f0224cdf2c300c801da424e,2024-11,Essex Police,Essex Police,0.551476,51.878552,On or near Great Square,E01021365,Braintree 009D,Burglary,Investigation complete; no suspect identified,
2755921d9cf1faecd2833952e412c708b95b686d8a03ffa3354f4aede265eaf6,2024-11,Essex Police,Essex Police,0.550845,51.878700,On or near Shopping Area,E01021365,Braintree 009D,Criminal damage and arson,Local resolution,
c88a11bb131dd00caa4f9386efa29b89f52a7e1745d8e765277dbe8804d47e1c,2024-11,Essex Police,Essex Police,0.541130,51.879585,On or near Hospital,E01021365,Braintree 009D,Criminal damage and arson,Investigation complete; no suspect identified,
426d0a0553033e5bb7850f169896c7a7b83e0f92a375dc1b297bbfbd2ed58cc7,2024-11,Essex Police,Essex Police,0.551476,51.878552,On or near Great Square,E01021365,Braintree 009D,Criminal damage and arson,Investigation complete; no suspect identified,
b9c61ea6be04d4c72a58c364bd60a680b15f5b46e2e8ecb6aac97823b4153e60,2024-11,Essex Police,Essex Police,0.547490,51.877964,On or near Pierrefitte Way,E01021365,Braintree 009D,Drugs,Local resolution,
bf799a9fbe3357539fa2c20e8cd7e94716697d17b8793dbc16f6f97125a2cb21,2024-11,Essex Police,Essex Police,0.547962,51.878340,On or near Parking Area,E01021365,Braintree 009D,Drugs,Local resolution,
3f9f295b2ba08ea716ebe16358a6a5bb77e818cbbc942b6ba3d354713872f8ee,2024-11,Essex Police,Essex Police,0.551419,51.877294,On or near New Street,E01021365,Braintree 009D,Drugs,Local resolution,
07cb54c9468b88679982094e1ae3ba8d873dc419e4ac17022243d99f0864d7a7,2024-11,Essex Police,Essex Police,0.551419,51.877294,On or near New Street,E01021365,Braintree 009D,Drugs,Court result unavailable,
79f15a7fdfdd9f66eefe0b23f7a99066329e9a07154f18ef237f5d164c14419d,2024-11,Essex Police,Essex Police,0.549045,51.877705,On or near High Street,E01021365,Braintree 009D,Other theft,Unable to prosecute suspect,
205066293a21e3bd204a4feed7265835686806f89c4beab2258b04dd9ae41a60,2024-11,Essex Police,Essex Police,0.541130,51.879585,On or near Hospital,E01021365,Braintree 009D,Other theft,Investigation complete; no suspect identified,
81af42464e2c2e63238cd8c0be982768a3b287791bd792d3b522683404378f4a,2024-11,Essex Police,Essex Police,0.544460,51.879621,On or near Peel Crescent,E01021365,Braintree 009D,Other theft,Investigation complete; no suspect identified,
fab0055cb5868ab1cc3d1da0ac555058d92d25278093ce9b621773fb40217bfd,2024-11,Essex Police,Essex Police,0.550845,51.878700,On or near Shopping Area,E01021365,Braintree 009D,Other theft,Investigation complete; no suspect identified,
4c141c65aefbce026186e5716b4159cee67624af22a4d3df46affe77db4af836,2024-11,Essex Police,Essex Police,0.544460,51.879621,On or near Peel Crescent,E01021365,Braintree 009D,Other theft,Unable to prosecute suspect,
fad2f8969a39f34dc21330c5c0161e38f3d3154e15d645c04022acc13b606abe,2024-11,Essex Police,Essex Police,0.551519,51.876231,On or near Silks Way,E01021365,Braintree 009D,Possession of weapons,Offender given a caution,
66b1d212b70c15ee06c74fd6ce11bbd889a8dfe5688523fb564a822b4c6afb01,2024-11,Essex Police,Essex Police,0.551519,51.876231,On or near Silks Way,E01021365,Braintree 009D,Possession of weapons,Offender given a caution,
dceabab161738c3d99b1c4550c85dab0d7bd604b293a1b89d030fc18d2d6fc88,2024-11,Essex Police,Essex Police,0.549847,51.876995,On or near St Michael'S Road,E01021365,Braintree 009D,Possession of weapons,Court result unavailable,
a4a6435e7d4f8da08f829cd0f1971424f077e032e8a92623b1f5b537d129d103,2024-11,Essex Police,Essex Police,0.541089,51.880647,On or near Malyon Close,E01021365,Braintree 009D,Public order,Court result unavailable,
1c92f0f35e74e65261af7fabbbadfb1a35548227004121a457233a489e927187,2024-11,Essex Police,Essex Police,0.542678,51.879192,On or near Old St Michaels Drive,E01021365,Braintree 009D,Public order,Unable to prosecute suspect,
b54f2a553356cd7ff821bc22a0bf00b81748dbd208ea25efdae7f0c29655ca6e,2024-11,Essex Police,Essex Police,0.542678,51.879192,On or near Old St Michaels Drive,E01021365,Braintree 009D,Public order,Unable to prosecute suspect,
1c8454fa9949cf8dc01a14777e8274835929f1352f97cc92a1055207a77db610,2024-11,Essex Police,Essex Police,0.551115,51.879621,On or near Bank Street,E01021365,Braintree 009D,Public order,Investigation complete; no suspect identified,
25b8d13069b0f861e6045c51de259f1bd6040a686dd7f3949df2b83794ee2b78,2024-11,Essex Police,Essex Police,0.550419,51.877603,On or near St Michael'S Lane,E01021365,Braintree 009D,Public order,Unable to prosecute suspect,
7bc65f8eb73cabbd96dbdb11a32a1fdd6f772445fab6591a0cb4473519d9d2b9,2024-11,Essex Police,Essex Police,0.550845,51.878700,On or near Shopping Area,E01021365,Braintree 009D,Shoplifting,Unable to prosecute suspect,
00f964ba8a401f98db37c8b9558d4c77c91ae65629ebcf923f45cd5c9949da90,2024-11,Essex Police,Essex Police,0.551476,51.878552,On or near Great Square,E01021365,Braintree 009D,Theft from the person,Investigation complete; no suspect identified,
d34cf2fe910fd74274407a66ee8e9f937fb0018d62423bf72527aa59dcfff2c5,2024-11,Essex Police,Essex Police,0.550845,51.878700,On or near Shopping Area,E01021365,Braintree 009D,Theft from the person,Unable to prosecute suspect,
1e603530a937e955760d8012571a8950296ee26863f4ff3f31db02133f8331d0,2024-11,Essex Police,Essex Police,0.544138,51.878036,On or near Clydesdale Road,E01021365,Braintree 009D,Vehicle crime,Investigation complete; no suspect identified,
dadb40ef86d90c5c47c9ef925dde32b4a8a383d79d1fba9a3c4000333b843231,2024-11,Essex Police,Essex Police,0.542678,51.879192,On or near Old St Michaels Drive,E01021365,Braintree 009D,Violence and sexual offences,Unable to prosecute suspect,
1d79bf96124ccc09d89107788fae5c39980acc8a05304e62d3f0eeeaef9c6298,2024-11,Essex Police,Essex Police,0.542678,51.879192,On or near Old St Michaels Drive,E01021365,Braintree 009D,Violence and sexual offences,Unable to prosecute suspect,
fd136cfc6f46e5cb679e368f7ca312d06a7b0ae9e299155e1af6dcfba564fef4,2024-11,Essex Police,Essex Police,0.550845,51.878700,On or near Shopping Area,E01021365,Braintree 009D,Violence and sexual offences,Court result unavailable,
5555f060be4712a91d25dc00d4f555fa8f3a4047d7a0e8f2a71c68fc59ebc8c0,2024-11,Essex Police,Essex Police,0.549708,51.876845,On or near Rue De Jeunes,E01021365,Braintree 009D,Violence and sexual offences,Unable to prosecute suspect,
1f0b9d99a85a748f75f55fd16106a6cb87a8ed79fe9ee21e9b065b8a1d68d8e7,2024-11,Essex Police,Essex Police,0.551519,51.876231,On or near Silks Way,E01021365,Braintree 009D,Violence and sexual offences,Unable to prosecute suspect,
8a8ca4293dee7d93742b599017f65a7f976f81f59d72f6c3b63eb46c1c133ee8,2024-11,Essex Police,Essex Police,0.550845,51.878700,On or near Shopping Area,E01021365,Braintree 009D,Violence and sexual offences,Investigation complete; no suspect identified,
a877385ba94ca64c06c53be41e4b3dc528fe43128e372fc6e3783a7b036b1a94,2024-11,Essex Police,Essex Police,0.551945,51.879405,On or near Swan Side,E01021365,Braintree 009D,Violence and sexual offences,Unable to prosecute suspect,
eb9b33b420fc0d3e649849e1055bfb7a8ac63c0f629e30984d29969d5ec8c1e9,2024-11,Essex Police,Essex Police,0.549708,51.876845,On or near Rue De Jeunes,E01021365,Braintree 009D,Violence and sexual offences,Unable to prosecute suspect,
5ade405be3412e980ef002407f3f80a730ad62dfedaa7f8da14b2b8b8d9d9d9d,2024-11,Essex Police,Essex Police,0.549708,51.876845,On or near Rue De Jeunes,E01021365,Braintree 009D,Violence and sexual offences,Unable to prosecute suspect,
f4106926b09bd1220c795ea204a842146ba481245a13d37624339e8766b05689,2024-11,Essex Police,Essex Police,0.551519,51.876231,On or near Silks Way,E01021365,Braintree 009D,Violence and sexual offences,Unable to prosecute suspect,
9e703fade1f88f058a25d87e65b8a105a6d1ef83299823c0b610ca3edce90a6d,2024-11,Essex Police,Essex Police,0.555183,51.875522,On or near Parking Area,E01021365,Braintree 009D,Violence and sexual offences,Unable to prosecute suspect,
c6b59792d60d5247b8fe1c27ceb67a6aec5332ba0fb5167aeecc8b38da7908b3,2024-11,Essex Police,Essex Police,0.541089,51.880647,On or near Malyon Close,E01021365,Braintree 009D,Violence and sexual offences,Unable to prosecute suspect,
d1cafab5969132d18f415509ca9ced7b554e767b7691405e72cbe23578946051,2024-11,Essex Police,Essex Police,0.541089,51.880647,On or near Malyon Close,E01021365,Braintree 009D,Violence and sexual offences,Unable to prosecute suspect,
9573a73f0edba284314423d69809068a039f3a10f9e01b2ec278449a893f2420,2024-11,Essex Police,Essex Police,0.551115,51.879621,On or near Bank Street,E01021365,Braintree 009D,Other crime,Unable to prosecute suspect,
,2024-11,Essex Police,Essex Police,0.561333,51.877114,On or near Wickham Crescent,E01033458,Braintree 009E,Anti-social behaviour,,
8a867e967c1c1ffe2d47e1ccf520e87bd3ba6be722e4f283cc07798798d499fe,2024-11,Essex Police,Essex Police,0.559141,51.876128,On or near Hyde Farm Corner,E01033458,Braintree 009E,Bicycle theft,Investigation complete; no suspect identified,
3f82033eec54691241f2c8aff55ae0d883d7776c3391b8440497b2087170a270,2024-11,Essex Police,Essex Police,0.560646,51.878074,On or near Maltings View,E01033458,Braintree 009E,Possession of weapons,Court result unavailable,
452c426397d433b0b65b524b7c2f4f931835621f5a5597f0fc0a43dad4b3978f,2024-11,Essex Police,Essex Police,0.559747,51.877590,On or near Camulus Close,E01033458,Braintree 009E,Violence and sexual offences,Unable to prosecute suspect,
59cd58e84ec9639ba01b96d308e0437417f3ae7c34d3fe179972ababfacf77f3,2024-11,Essex Police,Essex Police,0.560646,51.878074,On or near Maltings View,E01033458,Braintree 009E,Violence and sexual offences,Unable to prosecute suspect,
c57746b7ea7aea9bee3bfe44ed143f3d925cd27973db0eedcee7eab8ac5b1e94,2024-11,Essex Police,Essex Police,0.558247,51.875734,On or near Great Eastern Close,E01033458,Braintree 009E,Violence and sexual offences,Unable to prosecute suspect,
,2024-11,Essex Police,Essex Police,0.555127,51.879138,On or near The Avenue,E01033459,Braintree 009F,Anti-social behaviour,,
,2024-11,Essex Police,Essex Police,0.557016,51.877352,On or near Victoria Street,E01033459,Braintree 009F,Anti-social behaviour,,
,2024-11,Essex Police,Essex Police,0.555127,51.879138,On or near The Avenue,E01033459,Braintree 009F,Anti-social behaviour,,
,2024-11,Essex Police,Essex Police,0.560125,51.879137,On or near Keeble Way,E01033459,Braintree 009F,Anti-social behaviour,,
,2024-11,Essex Police,Essex Police,0.557591,51.878779,On or near Mount Road,E01033459,Braintree 009F,Anti-social behaviour,,
,2024-11,Essex Police,Essex Police,0.556156,51.878837,On or near Woodfield Road,E01033459,Braintree 009F,Anti-social behaviour,,
775f92c64a4d0f0009d9f22006cb489fb4638ea7bf2e66d5af1350f2fabbf41a,2024-11,Essex Police,Essex Police,0.555127,51.879138,On or near The Avenue,E01033459,Braintree 009F,Bicycle theft,Investigation complete; no suspect identified,
be5122a35a1b3ec9b5471f105d86f681941e8cc95b8deedbc854d569029ddfad,2024-11,Essex Police,Essex Police,0.553608,51.877975,On or near Parking Area,E01033459,Braintree 009F,Bicycle theft,Investigation complete; no suspect identified,
13fc059460620a91700b9530d6f3bf7c1c76c886d6310dbb3e7ab65301dfd7e3,2024-11,Essex Police,Essex Police,0.553930,51.877500,On or near Parking Area,E01033459,Braintree 009F,Drugs,Unable to prosecute suspect,
b0af528efd0b4956a40522f099f4577fb63099515c052406aba5e4dd17349094,2024-11,Essex Police,Essex Police,0.555127,51.879138,On or near The Avenue,E01033459,Braintree 009F,Drugs,Court result unavailable,
b987b0dc59ff220c2077e7d76f5e48bd12e2cd96112f89d3a30821dab4324679,2024-11,Essex Police,Essex Police,0.558771,51.878052,On or near Manor Street,E01033459,Braintree 009F,Other theft,Unable to prosecute suspect,
9e6acd8bd3f69f172827df56c5fdcc7b835e8823a09c3bdc2e56f39e8b206d40,2024-11,Essex Police,Essex Police,0.552365,51.877840,On or near Supermarket,E01033459,Braintree 009F,Other theft,Investigation complete; no suspect identified,
237993950a87d5e418a721d84b77c2bc3859389b1500bead8408347bdc937eda,2024-11,Essex Police,Essex Police,0.553425,51.877304,On or near Fairfield Road,E01033459,Braintree 009F,Public order,Investigation complete; no suspect identified,
56c55d0d19eff2bb983632b134e38027e92064c5e10c1f54498f2a2e5d1c0bb8,2024-11,Essex Police,Essex Police,0.552707,51.878219,On or near Market Place,E01033459,Braintree 009F,Public order,Investigation complete; no suspect identified,
832c40c505996058ceef15fa5dfe41c8bf81ec339a11883209ddaebc311e956e,2024-11,Essex Police,Essex Police,0.553930,51.877500,On or near Parking Area,E01033459,Braintree 009F,Public order,Court result unavailable,
ac5a2a0474c6bc7966ee7f20b8e59d2fe6610570fbb5a8d6730d76579492cb4e,2024-11,Essex Police,Essex Police,0.552707,51.878219,On or near Market Place,E01033459,Braintree 009F,Public order,Court result unavailable,
476d27737d9d6a2953e404e2752dcd5ed0151a2a68153fc3887e5371097450a9,2024-11,Essex Police,Essex Police,0.553625,51.878523,On or near School Walk,E01033459,Braintree 009F,Shoplifting,Court result unavailable,
eff9e8e07a187e1d425879f2ffe3ce2e7a2a933922105470b2ff858263846e9e,2024-11,Essex Police,Essex Police,0.553625,51.878523,On or near School Walk,E01033459,Braintree 009F,Shoplifting,Court result unavailable,
86f633291040013a511e59ededca4b8908abb2c18aacd3598ff28dda3838e45b,2024-11,Essex Police,Essex Police,0.552707,51.878219,On or near Market Place,E01033459,Braintree 009F,Shoplifting,Offender given a caution,
a88eb9f5002897e9d4db3dc126a4b9f94e01d467b6fde1d216b04dae539cf3bf,2024-11,Essex Police,Essex Police,0.553625,51.878523,On or near School Walk,E01033459,Braintree 009F,Shoplifting,Investigation complete; no suspect identified,
36ac9d760308edb8e91beb31cc605dbfa729b198b4d699969ed8b030040f77b1,2024-11,Essex Police,Essex Police,0.552707,51.878219,On or near Market Place,E01033459,Braintree 009F,Theft from the person,Unable to prosecute suspect,
32bad264aa7911c0015b2a2e5ea34addc701fe99a3f8b7032f8be00671fe10c1,2024-11,Essex Police,Essex Police,0.552707,51.878219,On or near Market Place,E01033459,Braintree 009F,Violence and sexual offences,Unable to prosecute suspect,
0645fc4f7412374df3e2f22301e99bbc9e21b68e8692ceca8cd0ff95c8eeaf30,2024-11,Essex Police,Essex Police,0.553608,51.877975,On or near Parking Area,E01033459,Braintree 009F,Violence and sexual offences,Unable to prosecute suspect,
76b13c4a49249130207c2e88bd56929d79b937f516c42114ae033df507c76e3d,2024-11,Essex Police,Essex Police,0.555127,51.879138,On or near The Avenue,E01033459,Braintree 009F,Violence and sexual offences,Court result unavailable,
72de083b33a71566bd79d64659d388a36073d74c2d5a9ededfef63a0c8a79931,2024-11,Essex Police,Essex Police,0.555127,51.879138,On or near The Avenue,E01033459,Braintree 009F,Violence and sexual offences,Unable to prosecute suspect,
a1d6bf8c36e2ec2853e1b567bb93bcfcefb43d42efc50829436aabc35bfc04c4,2024-11,Essex Police,Essex Police,0.555127,51.879138,On or near The Avenue,E01033459,Braintree 009F,Violence and sexual offences,Unable to prosecute suspect,
39bec68b93ac9588c68b824bcb4922c5ec7c3fa9a9cef6ec22e3b07cfe21e0e3,2024-11,Essex Police,Essex Police,0.562949,51.878764,On or near Conference/Exhibition Centre,E01033459,Braintree 009F,Violence and sexual offences,Formal action is not in the public interest,
ae11208f355b3d4d205248911b44fc8af211b864fbd3ebf08611ebb722a48094,2024-11,Essex Police,Essex Police,0.553625,51.878523,On or near School Walk,E01033459,Braintree 009F,Violence and sexual offences,Investigation complete; no suspect identified,
e917f4652e6555759cc40d2eb1f8fbacd167e5df5fa2668dc17cc1b01c0bde57,2024-11,Essex Police,Essex Police,0.553625,51.878523,On or near School Walk,E01033459,Braintree 009F,Violence and sexual offences,Investigation complete; no suspect identified,
656cc081a5d11a1397dca6714b13ab02a61c3e5d2f0a945666c8ca8f076dd03d,2024-11,Essex Police,Essex Police,0.555127,51.879138,On or near The Avenue,E01033459,Braintree 009F,Violence and sexual offences,Unable to prosecute suspect,
88d4fe131436784359cd076d54e281746c91eece799a60313b8945676bf04745,2024-11,Essex Police,Essex Police,0.555127,51.879138,On or near The Avenue,E01033459,Braintree 009F,Violence and sexual offences,Awaiting court outcome,
b33b78865b00d7c207678af9c6fe52b5468a56d85b09699cf4a30fce964b5e05,2024-11,Essex Police,Essex Police,0.552707,51.878219,On or near Market Place,E01033459,Braintree 009F,Violence and sexual offences,Unable to prosecute suspect,
97cc2523b810a9aa6634cacff9c1414193f471d5838c0e2bc2c033f2a5f60bdf,2024-11,Essex Police,Essex Police,0.555127,51.879138,On or near The Avenue,E01033459,Braintree 009F,Violence and sexual offences,Unable to prosecute suspect,
917187b3bcbd1ccc46e08ed4ae99ca414985aab45a90e9b79ade345842e24e5e,2024-11,Essex Police,Essex Police,0.555127,51.879138,On or near The Avenue,E01033459,Braintree 009F,Violence and sexual offences,Unable to prosecute suspect,
8ce295d08cb8ae846542cd0baf14060f70ebb13ebb6273aae832c8eb2c3451cb,2024-11,Essex Police,Essex Police,0.563622,51.879304,On or near Carier Close,E01033459,Braintree 009F,Violence and sexual offences,Unable to prosecute suspect,
7b40e7fba8df9929653e4a64b5d52bcc75c440c573821eafc5661a13cc3bdf3e,2024-11,Essex Police,Essex Police,0.553425,51.877304,On or near Fairfield Road,E01033459,Braintree 009F,Violence and sexual offences,Investigation complete; no suspect identified,
742b72f1acb5af428ed96a2187439d546e55d00c0a365e6707d55259d9406f41,2024-11,Essex Police,Essex Police,0.555127,51.879138,On or near The Avenue,E01033459,Braintree 009F,Violence and sexual offences,Investigation complete; no suspect identified,
e422e9e2c999c0e097ad15821db3e1b9015b1c068e269e52b368d52ca1b1b361,2024-11,Essex Police,Essex Police,0.560125,51.879137,On or near Keeble Way,E01033459,Braintree 009F,Violence and sexual offences,Unable to prosecute suspect,
731bc74764a4ec77553955f03413f763c5ee68e4a9353e0ba7744b937e00a105,2024-11,Essex Police,Essex Police,0.556156,51.878837,On or near Woodfield Road,E01033459,Braintree 009F,Violence and sexual offences,Unable to prosecute suspect,
4e51d6f5303be288d15dd46c99544aba6f69c8c5f8c147b2810d2546aec3f6b0,2024-11,Essex Police,Essex Police,0.563622,51.879304,On or near Carier Close,E01033459,Braintree 009F,Other crime,Investigation complete; no suspect identified,
6cc644f9e269249741d124f475de82f3da1253bdad404a092173bb0ed073ec28,2024-11,Essex Police,Essex Police,0.536819,51.875532,On or near Vauxhall Drive,E01021364,Braintree 010A,Violence and sexual offences,Unable to prosecute suspect,
ae9cd2cafc9925bf0afdb2682b3a83cf930b01b8d498794b5dc9b4475a25abfa,2024-11,Essex Police,Essex Police,0.527871,51.876597,On or near Sun Lido Square Gardens,E01021364,Braintree 010A,Violence and sexual offences,Investigation complete; no suspect identified,
8ebd24b0482c75684ef60b19d9896710af452f7be5c754afde11cf77d746853f,2024-11,Essex Police,Essex Police,0.543455,51.874436,On or near Walnut Grove,E01021366,Braintree 010B,Vehicle crime,Investigation complete; no suspect identified,
16d26d909da952f6a6dd11d98a228d3fe91482a73d8bfeda2961297409b46e3e,2024-11,Essex Police,Essex Police,0.544741,51.875083,On or near Cecily Avenue,E01021366,Braintree 010B,Vehicle crime,Investigation complete; no suspect identified,
e2a13e93ed72bb19aa567eb5032a9577aa4a2aa135e5c6dacb7d91210eb5b068,2024-11,Essex Police,Essex Police,0.547978,51.874248,On or near Strudwick Close,E01021366,Braintree 010B,Violence and sexual offences,Unable to prosecute suspect,
6032e1e14a65adf0c624f8b9bfc2b15210cf1af082b330f67c9c88b935c93353,2024-11,Essex Police,Essex Police,0.542858,51.876472,On or near Hamilton Gardens,E01021366,Braintree 010B,Violence and sexual offences,Unable to prosecute suspect,
c61d19bba4fd22b1fe8297452e5dfb794c3a636350280c98cec336ea9b17ef59,2024-11,Essex Police,Essex Police,0.546862,51.874560,On or near The Kentings,E01021366,Braintree 010B,Violence and sexual offences,Investigation complete; no suspect identified,
,2024-11,Essex Police,Essex Police,0.523743,51.863853,On or near Melford Grove,E01021383,Braintree 010C,Anti-social behaviour,,
,2024-11,Essex Police,Essex Police,0.532959,51.867612,On or near Thresher Rise,E01021383,Braintree 010C,Anti-social behaviour,,
c5cb1b98268b5312afacb9fb371a710099bb421866e680f11f1fe61838af381d,2024-11,Essex Police,Essex Police,0.538181,51.867985,On or near Petrol Station,E01021383,Braintree 010C,Criminal damage and arson,Unable to prosecute suspect,
a4b6e3651ad345312992a98ad4728c02248371a26e3ca225d431182c8baa52e4,2024-11,Essex Police,Essex Police,0.525102,51.864786,On or near Hardwick Close,E01021383,Braintree 010C,Drugs,Local resolution,
27d28ba94bc6776a5af58899462160969f7afe49f193511401b32a5ec74329d6,2024-11,Essex Police,Essex Police,0.525102,51.864786,On or near Hardwick Close,E01021383,Braintree 010C,Drugs,Local resolution,
dd89913c14ffd63dc77943c5260ead9d721a9dcb0f14c76ba4aa3491717120dd,2024-11,Essex Police,Essex Police,0.532959,51.867612,On or near Thresher Rise,E01021383,Braintree 010C,Vehicle crime,Investigation complete; no suspect identified,
c89aa8381c72853a04c6dc329330381b757ef57930fe3c870be43af562c47121,2024-11,Essex Police,Essex Police,0.532959,51.867612,On or near Thresher Rise,E01021383,Braintree 010C,Vehicle crime,Investigation complete; no suspect identified,
ae35884a8b460a96588a0e97da7ec6942a93b5b1f64bb67096e93a4e10d47593,2024-11,Essex Police,Essex Police,0.538181,51.867985,On or near Petrol Station,E01021383,Braintree 010C,Vehicle crime,Investigation complete; no suspect identified,
82fed1c2dfc583f39af129c40137e4f7931b85e2c2636be67d5fb48c8631635d,2024-11,Essex Police,Essex Police,0.538468,51.870245,On or near Phoenix Road,E01021383,Braintree 010C,Vehicle crime,Investigation complete; no suspect identified,
920958d0723b7da57bf93baab4cc3ac013b6d296677aedd06e2a1c1492826a02,2024-11,Essex Police,Essex Police,0.540617,51.869713,On or near Moody Lane,E01021383,Braintree 010C,Vehicle crime,Unable to prosecute suspect,
e9c09c75defb728741dc0e342d28bd9f58e014b5e65ce1b585e2e8ebbe903a8a,2024-11,Essex Police,Essex Police,0.522529,51.863969,On or near Grantham Avenue,E01021383,Braintree 010C,Violence and sexual offences,Unable to prosecute suspect,
a70ce95bf7ebce84d7f193ce6f90faec7f0a13a5fe553a3f9663283d12a6ce9f,2024-11,Essex Police,Essex Police,0.504614,51.877212,On or near Leyside,E01021405,Braintree 010D,Burglary,Investigation complete; no suspect identified,
25575dcc0c9d2061b0b4afb881162f1f9d3935f3b9e1241e37406b1f1596a045,2024-11,Essex Police,Essex Police,0.512327,51.872740,On or near Fairy Hall Lane,E01021405,Braintree 010D,Burglary,Court result unavailable,
8e7d5680a974951f06e3d0170de4bef2e964f1a5a2abef344de3543e885ed778,2024-11,Essex Police,Essex Police,0.512829,51.876524,On or near The Maltings,E01021405,Braintree 010D,Criminal damage and arson,Investigation complete; no suspect identified,
c88060c725a97c9e82bc996a43fc494e1e1f322ad127a04cccc4161921d8e728,2024-11,Essex Police,Essex Police,0.508270,51.875290,On or near The Street,E01021405,Braintree 010D,Other theft,Investigation complete; no suspect identified,
0e7df6c4bc40c3656267b0ce560901a31827899edc6976762c6eb5a7d3732b08,2024-11,Essex Police,Essex Police,0.506096,51.873808,On or near Station Road,E01021405,Braintree 010D,Other theft,Investigation complete; no suspect identified,
dff986d87e8d2bf829d21b6c694817ff548765c8ad324b7651b8383e9b1859dc,2024-11,Essex Police,Essex Police,0.510997,51.873119,On or near Leyfields,E01021405,Braintree 010D,Vehicle crime,Investigation complete; no suspect identified,
180686502090f2bc5b61bb87acbfcd5009083a0d60dc2f79880a09cc255321ad,2024-11,Essex Police,Essex Police,0.507398,51.879203,On or near Shalford Road,E01021405,Braintree 010D,Vehicle crime,Investigation complete; no suspect identified,
d1c3846ac170a5117fb0b59e8e6e93ed2b2f8fd3a7314c4346cb330baedb1081,2024-11,Essex Police,Essex Police,0.506096,51.873808,On or near Station Road,E01021405,Braintree 010D,Violence and sexual offences,Action to be taken by another organisation,
cee8eff9644ad6cd59cc1fc33486fcdf77b803928ce9e7ea0f76acb6531e03d7,2024-11,Essex Police,Essex Police,0.506096,51.873808,On or near Station Road,E01021405,Braintree 010D,Violence and sexual offences,Action to be taken by another organisation,
cc37a382b012fd3d8e16a943b76ef97c1a1e9b5817aa8bb2945099bbf8f0dda2,2024-11,Essex Police,Essex Police,0.506096,51.873808,On or near Station Road,E01021405,Braintree 010D,Violence and sexual offences,Action to be taken by another organisation,
768dca513aa6510b1a0a639eaa16d4663f7c265c1c6ef09c9498684277aa6d45,2024-11,Essex Police,Essex Police,0.512769,51.874934,On or near Gore Lane,E01021405,Braintree 010D,Violence and sexual offences,Action to be taken by another organisation,
,2024-11,Essex Police,Essex Police,0.574848,51.870542,On or near Mersea Fleet Way,E01021368,Braintree 011A,Anti-social behaviour,,
90b408287baa0dfdcf05dbc1f798418d5b22ebd22e2af671db753ca00e587bef,2024-11,Essex Police,Essex Police,0.571849,51.869160,On or near Charter Way,E01021368,Braintree 011A,Bicycle theft,Investigation complete; no suspect identified,
b1ba20f59e63c66f118a0119531db903042ebddfa7d2de57e3d2678fe2662f67,2024-11,Essex Police,Essex Police,0.571849,51.869160,On or near Charter Way,E01021368,Braintree 011A,Bicycle theft,Local resolution,
d8de9cca603a09d5a3107569eba48ccc82f7c71846a79cad055a038939b99ead,2024-11,Essex Police,Essex Police,0.574803,51.871038,On or near Shearing Place,E01021368,Braintree 011A,Criminal damage and arson,Investigation complete; no suspect identified,
eaf885819daa17b7796050b04f06ce8921a534ce0bc8870f4f5c51d6d6cf9656,2024-11,Essex Police,Essex Police,0.571849,51.869160,On or near Charter Way,E01021368,Braintree 011A,Other theft,Investigation complete; no suspect identified,
e6b6f87ca8e94c5f4ee93d1ceb2ebccb8a93f20c032d95a5aed8619e7c0b34b2,2024-11,Essex Police,Essex Police,0.575469,51.873272,On or near Hunter Drive,E01021368,Braintree 011A,Public order,Unable to prosecute suspect,
c9ce7d431431efa2d0fd76c1b80b52d325ea78980c1c4a604ff496b94b59ac06,2024-11,Essex Police,Essex Police,0.574483,51.867978,On or near Shopping Area,E01021368,Braintree 011A,Shoplifting,Investigation complete; no suspect identified,
c32dd4974b9cb17bec7400d524a5454b7676c0b8c1506ed92d7d319b6339c1d9,2024-11,Essex Police,Essex Police,0.571849,51.869160,On or near Charter Way,E01021368,Braintree 011A,Shoplifting,Investigation complete; no suspect identified,
b0cf04346d3e0d46a736bb9bbe822903560eec186ab2c1631607165567d1fd8b,2024-11,Essex Police,Essex Police,0.574483,51.867978,On or near Shopping Area,E01021368,Braintree 011A,Shoplifting,Investigation complete; no suspect identified,
6d7c94032a765e62abe832bc6c382b9a0d9cf562550914834477fecf3366f01d,2024-11,Essex Police,Essex Police,0.571392,51.872102,On or near B1018,E01021368,Braintree 011A,Shoplifting,Investigation complete; no suspect identified,
fd571e75582a3c19b16fc6c367ac259072570cc245a6a5d7428324fd15907ad4,2024-11,Essex Police,Essex Police,0.571849,51.869160,On or near Charter Way,E01021368,Braintree 011A,Shoplifting,Investigation complete; no suspect identified,
b01304855f31e1e2e4fd1028b85110d27dfddfd8fc39e54950cd321f0f63cea3,2024-11,Essex Police,Essex Police,0.571849,51.869160,On or near Charter Way,E01021368,Braintree 011A,Shoplifting,Investigation complete; no suspect identified,
6e8104bebbd918dd6665624b3cb02ef0c0aa79674f058a201e1cb930edd07237,2024-11,Essex Police,Essex Police,0.571849,51.869160,On or near Charter Way,E01021368,Braintree 011A,Shoplifting,Investigation complete; no suspect identified,
ba125120bd3f2c0fcd5b1ffd24089a8fca39aebb75220a161f8ad5c5e584b40e,2024-11,Essex Police,Essex Police,0.571849,51.869160,On or near Charter Way,E01021368,Braintree 011A,Shoplifting,Investigation complete; no suspect identified,
99598a146d4c33befdb8e347e2de4f5d6d67fda1e2d3a0c346322e4e5e8f27cc,2024-11,Essex Police,Essex Police,0.571849,51.869160,On or near Charter Way,E01021368,Braintree 011A,Shoplifting,Investigation complete; no suspect identified,
5c0b93866941a9562718571e7d71287e163fac8f28e4b6575fdec3ecd4a20374,2024-11,Essex Police,Essex Police,0.574483,51.867978,On or near Shopping Area,E01021368,Braintree 011A,Shoplifting,Court result unavailable,
dc6051b829fddbb52154f0d29f0fd23676bca50e914a66db385435cb85b90ba5,2024-11,Essex Police,Essex Police,0.571849,51.869160,On or near Charter Way,E01021368,Braintree 011A,Shoplifting,Investigation complete; no suspect identified,
74b31530859c37fdcf7b6c34cd0161d0829c259390afd36dbc87beaff2b7d4d7,2024-11,Essex Police,Essex Police,0.571849,51.869160,On or near Charter Way,E01021368,Braintree 011A,Shoplifting,Investigation complete; no suspect identified,
6a6061772439e5436274ff729d9bbf1f6433039da9675cc2479a5aec5e08c808,2024-11,Essex Police,Essex Police,0.571849,51.869160,On or near Charter Way,E01021368,Braintree 011A,Shoplifting,Investigation complete; no suspect identified,
ee9af0f7c73031fd1ee610a3d7abec88840075fe0c6f01d28c4151c4bfbe3d66,2024-11,Essex Police,Essex Police,0.568257,51.869355,On or near Braintree Freeport,E01021368,Braintree 011A,Shoplifting,Court result unavailable,
ffa4f61e485ebe0058b624c1567217c33cec0a57c8165080369bdc7e8199cfd4,2024-11,Essex Police,Essex Police,0.566798,51.875871,On or near Chapel Hill,E01021368,Braintree 011A,Violence and sexual offences,Unable to prosecute suspect,
8eff387d82125f9c919f50cd9b2482adaf145847bdb4d70cef680f195f231e26,2024-11,Essex Police,Essex Police,0.574483,51.867978,On or near Shopping Area,E01021368,Braintree 011A,Violence and sexual offences,Investigation complete; no suspect identified,
574c4d02152784b6b5ef4fcaafa1b5506779fe2c23197848c8981c03f69b2c7e,2024-11,Essex Police,Essex Police,0.566798,51.875871,On or near Chapel Hill,E01021368,Braintree 011A,Violence and sexual offences,Court result unavailable,
8b52fd89cb538ba9c4919a349fddca55a6ea161559a9104dde673a266e32c6eb,2024-11,Essex Police,Essex Police,0.575469,51.873272,On or near Hunter Drive,E01021368,Braintree 011A,Violence and sexual offences,Court result unavailable,
1c19a203482299053ded52cd98cc6d357685519f2f02f90575865fc1d7aa0bdc,2024-11,Essex Police,Essex Police,0.571849,51.869160,On or near Charter Way,E01021368,Braintree 011A,Violence and sexual offences,Unable to prosecute suspect,
cb3fbe9b826906606c3d2e2a9d56531770eb13dda836f54acb1c769f2e702e86,2024-11,Essex Police,Essex Police,0.571849,51.869160,On or near Charter Way,E01021368,Braintree 011A,Violence and sexual offences,Unable to prosecute suspect,
,2024-11,Essex Police,Essex Police,0.573426,51.879225,On or near Cunnington Road,E01021370,Braintree 011B,Anti-social behaviour,,
,2024-11,Essex Police,Essex Police,0.571977,51.880057,On or near Hay Lane North,E01021370,Braintree 011B,Anti-social behaviour,,
e3f42d0b1ce9a75cab39a786c5545e7345f22b28eaef8d6177eb92f8c25d9213,2024-11,Essex Police,Essex Police,0.566516,51.879088,On or near Trotters Field,E01021370,Braintree 011B,Criminal damage and arson,Investigation complete; no suspect identified,
c7311acde8e2ae456f1b273f09d87f6f0be3f41f5eb44509d4ff6905e2c4b5c8,2024-11,Essex Police,Essex Police,0.573426,51.879225,On or near Cunnington Road,E01021370,Braintree 011B,Criminal damage and arson,Investigation complete; no suspect identified,
6e05a47972b61f9637d8d531d7289df36d559b89204a86b5bffd8b3ee78f14f7,2024-11,Essex Police,Essex Police,0.573426,51.879225,On or near Cunnington Road,E01021370,Braintree 011B,Drugs,Investigation complete; no suspect identified,
30ba041f5aa87ad7ca179daaee4bd248364731cd48433eade38ee662dbd3f681,2024-11,Essex Police,Essex Police,0.567828,51.880939,On or near Coggeshall Road,E01021370,Braintree 011B,Public order,Court result unavailable,
449568e9b8150271f0e0b372e15939a0d50993f2fbb9878346873896998320b8,2024-11,Essex Police,Essex Police,0.570131,51.880043,On or near Howard Close,E01021370,Braintree 011B,Violence and sexual offences,Unable to prosecute suspect,
370c4f278a12498763fe646a7118af5652c6298c36215e6421b2d684ca2790b6,2024-11,Essex Police,Essex Police,0.571977,51.880057,On or near Hay Lane North,E01021370,Braintree 011B,Violence and sexual offences,Unable to prosecute suspect,
84c709fbe60ac01ca252aae4dda811c34355d6fc00a85a7fbf45ef206d93ec0d,2024-11,Essex Police,Essex Police,0.568043,51.877580,On or near Bishops Avenue,E01021370,Braintree 011B,Violence and sexual offences,Action to be taken by another organisation,
22d693c27d3ecf0bcd11bdfde0e32568c21e881bd51525db08e5a83f5b31fee3,2024-11,Essex Police,Essex Police,0.568043,51.877580,On or near Bishops Avenue,E01021370,Braintree 011B,Violence and sexual offences,Action to be taken by another organisation,
c8c0bc506cb2ec9ad8ce637b8eccb6fc662f806bb4c4d45d50f621b2b17045c5,2024-11,Essex Police,Essex Police,0.568043,51.877580,On or near Bishops Avenue,E01021370,Braintree 011B,Violence and sexual offences,Action to be taken by another organisation,
f99475a37357d5130b3d875dfb3f48fdc7298c1b08c84b26c59fee3dfbaf67c7,2024-11,Essex Police,Essex Police,0.573651,51.880362,On or near Wheatley Avenue,E01021370,Braintree 011B,Violence and sexual offences,Court result unavailable,
521d3afb742b54bccde077e5e5ba2b62e6f3f284aa148e5d93429bd721738fe2,2024-11,Essex Police,Essex Police,0.573513,51.878207,On or near Bartram Avenue South,E01021370,Braintree 011B,Violence and sexual offences,Unable to prosecute suspect,
,2024-11,Essex Police,Essex Police,0.565788,51.866819,On or near Bamboo Crescent,E01021372,Braintree 011C,Anti-social behaviour,,
bd8ae46278a7271e85c2b43297f18d5652a3950aacb6d4f1e5e395dc5d8088ca,2024-11,Essex Police,Essex Police,0.565788,51.866819,On or near Bamboo Crescent,E01021372,Braintree 011C,Other theft,Investigation complete; no suspect identified,
1ffca8b7e6841bd7cf92d2b10f47c8db12e8856c4ae2aaddc24b953c932ed835,2024-11,Essex Police,Essex Police,0.561576,51.869645,On or near Harrison Drive,E01021372,Braintree 011C,Possession of weapons,Unable to prosecute suspect,
ff9514eb650d7af7847d8ad22372e498ceb33ed637e638ddac69dc71e94a93e8,2024-11,Essex Police,Essex Police,0.561576,51.869645,On or near Harrison Drive,E01021372,Braintree 011C,Possession of weapons,Status update unavailable,
697a5c4a54cc0d6c683f6f177b6bae0a7d88271fa8ed9f4d8c2252897b46aec6,2024-11,Essex Police,Essex Police,0.561576,51.869645,On or near Harrison Drive,E01021372,Braintree 011C,Violence and sexual offences,Unable to prosecute suspect,
69eeee7f50b59ce6a3888689f93525a299ed562655e4d4321855956a87278814,2024-11,Essex Police,Essex Police,0.565788,51.866819,On or near Bamboo Crescent,E01021372,Braintree 011C,Violence and sexual offences,Unable to prosecute suspect,
8de743cf64976fed865a6963bcdaa0fa8058e50976d48484e193739e5e0341ef,2024-11,Essex Police,Essex Police,0.555056,51.867637,On or near Masefield Road,E01021372,Braintree 011C,Other crime,Unable to prosecute suspect,
,2024-11,Essex Police,Essex Police,0.553403,51.868977,On or near Notley Road,E01021374,Braintree 011E,Anti-social behaviour,,
47b39f3b89baac7f2835d0a473d931322fe5dd3ad92c982aa53564fbd12d90ab,2024-11,Essex Police,Essex Police,0.558006,51.864066,On or near Swift Close,E01021374,Braintree 011E,Other theft,Unable to prosecute suspect,
ada5d428220a439085fb05afbeb350f9f3fd9a7666275d9ee3a8bc70f98ca1bb,2024-11,Essex Police,Essex Police,0.559438,51.865753,On or near Thackeray Close,E01021374,Braintree 011E,Public order,Unable to prosecute suspect,
29b9dfea818841a9ef2e1cf47c5aeec2d90182ee98884b823da0bce3456acf3f,2024-11,Essex Police,Essex Police,0.557963,51.867403,On or near Byron Close,E01021374,Braintree 011E,Violence and sexual offences,Unable to prosecute suspect,
86868e1d44463fbc440668c3a62ebf8a089ea6ec83fb4ea71b75afa664101d70,2024-11,Essex Police,Essex Police,0.561243,51.864553,On or near Austen Close,E01021374,Braintree 011E,Other crime,Investigation complete; no suspect identified,
a48295138f59e7e081fd823d675e409a13cff21851745281a370fb68503197ec,2024-11,Essex Police,Essex Police,0.561243,51.864553,On or near Austen Close,E01021374,Braintree 011E,Other crime,Investigation complete; no suspect identified,
48bffe69ae5f5d705a0eeb06cb976671c077da1edd8bcb47752ceb5fb6aaeb69,2024-11,Essex Police,Essex Police,0.553223,51.874521,On or near The Waterings,E01035155,Braintree 011F,Drugs,Local resolution,
90293defb55aa493daae6de850108ee73085b4cdfef107aea38216dc90859daf,2024-11,Essex Police,Essex Police,0.567675,51.868828,On or near Reed Meadows,E01035156,Braintree 011G,Violence and sexual offences,Court result unavailable,
4ed4993c80a54185cca3f24a31412d17b3a7593ba17457416760fa03e4a3440f,2024-11,Essex Police,Essex Police,0.564151,51.873789,On or near Angle Side,E01035156,Braintree 011G,Violence and sexual offences,Unable to prosecute suspect,
,2024-11,Essex Police,Essex Police,0.622534,51.848427,On or near Silver Street,E01021360,Braintree 012A,Anti-social behaviour,,
,2024-11,Essex Police,Essex Police,0.622534,51.848427,On or near Silver Street,E01021360,Braintree 012A,Anti-social behaviour,,
7269c18762cabe6c9341ddb9dc38dbdd444a88e5231286260252aa376c99a97d,2024-11,Essex Police,Essex Police,0.623063,51.845789,On or near Temple Lane,E01021360,Braintree 012A,Public order,Investigation complete; no suspect identified,
d54c73890ef4365836dc543a336da263c50834bd2fa7e79493bb849cac3a541b,2024-11,Essex Police,Essex Police,0.624247,51.844674,On or near Leicester Court,E01021360,Braintree 012A,Public order,Action to be taken by another organisation,
bea82edc30aa1814c79f8ed1c3492f28cfd3690e27617e99c523a4f1353addcd,2024-11,Essex Police,Essex Police,0.623063,51.845789,On or near Temple Lane,E01021360,Braintree 012A,Public order,Investigation complete; no suspect identified,
383f3da9dff7d92d851bd8c62cdc98ea293e78e3c3fe9f8efbd8258c38bc3740,2024-11,Essex Police,Essex Police,0.623063,51.845789,On or near Temple Lane,E01021360,Braintree 012A,Public order,Investigation complete; no suspect identified,
bef1023b8bb9d4144b0d042533eb93c056c691cc188f58e343d68dfe3c343aa7,2024-11,Essex Police,Essex Police,0.623063,51.845789,On or near Temple Lane,E01021360,Braintree 012A,Public order,Unable to prosecute suspect,
25b8cdf7f8427b5a71ae63ab652cc2196c3bd77646f0bb9b3878aca9d9513ae2,2024-11,Essex Police,Essex Police,0.622402,51.846706,On or near Supermarket,E01021360,Braintree 012A,Shoplifting,Investigation complete; no suspect identified,
021a108dce6b24bab96f17a9342e4e5a4b7945ea0bdd7249db74a0f9f03ac57c,2024-11,Essex Police,Essex Police,0.622402,51.846706,On or near Supermarket,E01021360,Braintree 012A,Shoplifting,Investigation complete; no suspect identified,
360f8ce90251d735536d044b49bb8644c61260b4c6acd71fa631749e024b586a,2024-11,Essex Police,Essex Police,0.622402,51.846706,On or near Supermarket,E01021360,Braintree 012A,Shoplifting,Investigation complete; no suspect identified,
bbae702936bd6f570a2c274a36c3b4555411cc1b54f347d3aa721de66c5e408a,2024-11,Essex Police,Essex Police,0.621054,51.850447,On or near Broadway Court,E01021360,Braintree 012A,Violence and sexual offences,Unable to prosecute suspect,
94d44b18426a0633db5376b63996c50a9667d87de88b5a218316c6034e8f21b5,2024-11,Essex Police,Essex Police,0.621054,51.850447,On or near Broadway Court,E01021360,Braintree 012A,Violence and sexual offences,Investigation complete; no suspect identified,
5f8dcc7ea4ad52919e0f13557235ee1accae961e71a1f0fd53f8cd9e467d0877,2024-11,Essex Police,Essex Police,0.623063,51.845789,On or near Temple Lane,E01021360,Braintree 012A,Violence and sexual offences,Investigation complete; no suspect identified,
3fc343461fc990868f1916a35d856231c7a2ca67a21fae54a6ba0cc9814c0e09,2024-11,Essex Police,Essex Police,0.621054,51.850447,On or near Broadway Court,E01021360,Braintree 012A,Violence and sexual offences,Unable to prosecute suspect,
624465ce3fd97aa121873dbf57280f483ccb8e983c010cfef4b96b6e851dcc96,2024-11,Essex Police,Essex Police,0.623930,51.849708,On or near Parking Area,E01021360,Braintree 012A,Violence and sexual offences,Unable to prosecute suspect,
09be7f4e617a089cf8759b6cded7a9e553e31ab9c996eaef63b4caf80b36a00e,2024-11,Essex Police,Essex Police,0.623930,51.849708,On or near Parking Area,E01021360,Braintree 012A,Violence and sexual offences,Unable to prosecute suspect,
258342e7f872366de0413823ffed9c5686eee6a999fb04819c646c82c6499dda,2024-11,Essex Police,Essex Police,0.628703,51.845402,On or near Grooms Lane,E01021360,Braintree 012A,Violence and sexual offences,Investigation complete; no suspect identified,
,2024-11,Essex Police,Essex Police,0.643835,51.871440,On or near Watery Lane,E01021361,Braintree 012B,Anti-social behaviour,,
a66c3cce4ceb83e9fa0a641ee2ee81e0151b20fb69e865e4d0c112a41dd5a74f,2024-11,Essex Police,Essex Police,0.624868,51.866082,On or near Links Road,E01021361,Braintree 012B,Criminal damage and arson,Investigation complete; no suspect identified,
5750869d80cc84c0ac69bbb7e56daba6c960949f7093f510c465849cbb57d73b,2024-11,Essex Police,Essex Police,0.623060,51.850978,On or near Quennell Mews,E01021361,Braintree 012B,Violence and sexual offences,Unable to prosecute suspect,
c5502f14d4118987f42f244f94a65928b9a5d95fab8ad49cc09f1666a6fc7723,2024-11,Essex Police,Essex Police,0.621415,51.876888,On or near Forge Crescent,E01021361,Braintree 012B,Violence and sexual offences,Action to be taken by another organisation,
002f5e09223c14435348f73ccd0005db0b9e8274c53a18274a24a2a9f1658f38,2024-11,Essex Police,Essex Police,0.621415,51.876888,On or near Forge Crescent,E01021361,Braintree 012B,Violence and sexual offences,Unable to prosecute suspect,
,2024-11,Essex Police,Essex Police,0.580530,51.873376,On or near Templar Road,E01021367,Braintree 012C,Anti-social behaviour,,
ad7727f4118035864f7083df4ee8a9adfcf8ac9d74a8e4156bfb890acab33e92,2024-11,Essex Police,Essex Police,0.581808,51.871325,On or near Plains Field,E01021367,Braintree 012C,Violence and sexual offences,Action to be taken by another organisation,
f0c98a3336c2e0ffaa3d1a529897e7258e994536632f1e405257d17c67e8b845,2024-11,Essex Police,Essex Police,0.581979,51.874055,On or near Barn Mead,E01021367,Braintree 012C,Violence and sexual offences,Action to be taken by another organisation,
,2024-11,Essex Police,Essex Police,0.579701,51.878943,On or near Lie Field Close,E01021369,Braintree 012D,Anti-social behaviour,,
a08754583721796961faab82c9976a5d2d5f975d1150e83c0163f9060cbd74ff,2024-11,Essex Police,Essex Police,0.580058,51.877560,On or near Lammas Drive,E01021369,Braintree 012D,Criminal damage and arson,Investigation complete; no suspect identified,
614115f8b06ec45070ac1415b6ea21a74dd46ca413c5b9430aaa823b773c1ca1,2024-11,Essex Police,Essex Police,0.572712,51.875307,On or near Sports/Recreation Area,E01021369,Braintree 012D,Drugs,Court result unavailable,
ada2b34071d344e8a398cb1dd2e298ed9256185a8315dc55abd8987af87790f7,2024-11,Essex Police,Essex Police,0.572712,51.875307,On or near Sports/Recreation Area,E01021369,Braintree 012D,Violence and sexual offences,Investigation complete; no suspect identified,
0fd7c72be879778879fc1c805d3283cf9aaf7662fb16ed8034ded972d0cd575c,2024-11,Essex Police,Essex Police,0.579149,51.880709,On or near Fore Field,E01021369,Braintree 012D,Violence and sexual offences,Status update unavailable,
359829a16d35eba0315474b67b1cc8905120432fc85c1872238b26090a36b446,2024-11,Essex Police,Essex Police,0.579149,51.880709,On or near Fore Field,E01021369,Braintree 012D,Violence and sexual offences,Status update unavailable,
ffb50900d7a734358c1b331c03410633c59cb3950a0eb197173b6297f9804295,2024-11,Essex Police,Essex Police,0.576026,51.878709,On or near Rustic Close,E01021369,Braintree 012D,Violence and sexual offences,Unable to prosecute suspect,
,2024-11,Essex Police,Essex Police,0.585704,51.853910,On or near Howlett Place,E01021380,Braintree 012E,Anti-social behaviour,,
ec880264a6dfe569ffb089b3e987c997974b78aeae276163ad0b2cc9ca0d4ec9,2024-11,Essex Police,Essex Police,0.587800,51.865626,On or near Long Green,E01021380,Braintree 012E,Criminal damage and arson,Action to be taken by another organisation,
f3664806fa23e19ecdf0bc452498d21d5ae5ac75fbb1ea83f783a4a0ca921181,2024-11,Essex Police,Essex Police,0.587800,51.865626,On or near Long Green,E01021380,Braintree 012E,Criminal damage and arson,Investigation complete; no suspect identified,
45b8c859652ae02c95b5bd72791f498cc1b1ebb788ed464487de294f014fafda,2024-11,Essex Police,Essex Police,0.587800,51.865626,On or near Long Green,E01021380,Braintree 012E,Criminal damage and arson,Unable to prosecute suspect,
a8689adc4d578799691c76aa8a5a2debfd6003ac874df54bae56c7033b986d51,2024-11,Essex Police,Essex Police,0.578958,51.868240,On or near Stilemans Wood,E01021380,Braintree 012E,Criminal damage and arson,Investigation complete; no suspect identified,
199dc9c0b411fc639892b8637f4420f4e1aa16fe0112e8d59562bca9d5f16f69,2024-11,Essex Police,Essex Police,0.586899,51.866123,On or near Long Green,E01021380,Braintree 012E,Criminal damage and arson,Investigation complete; no suspect identified,
bebf7ef17851c554ac84616c65d41e5a48244e69f3742f343835fdb2e3b5dbec,2024-11,Essex Police,Essex Police,0.606151,51.879772,On or near Coggeshall Road,E01021380,Braintree 012E,Other theft,Investigation complete; no suspect identified,
b48d81c26953a542a89aa79ce40d09c976dff7a62404fed2be19d58a70684180,2024-11,Essex Police,Essex Police,0.599944,51.889298,On or near Kings Lane,E01021380,Braintree 012E,Other theft,Investigation complete; no suspect identified,
222b64bdaef26d9da3c503cd996e3ac6d4aee50e926b507f4acbfc603499fc90,2024-11,Essex Police,Essex Police,0.606151,51.879772,On or near Coggeshall Road,E01021380,Braintree 012E,Other theft,Investigation complete; no suspect identified,
7872e1163438b852a782aefec75b75c2245d1eacf48e4a66c7cdfc85bcce63a6,2024-11,Essex Police,Essex Police,0.606151,51.879772,On or near Coggeshall Road,E01021380,Braintree 012E,Possession of weapons,Court result unavailable,
0da19be8d92f4169dd952ffacb0f164a8c4138638ab8d57bb82b6e21ba91ec92,2024-11,Essex Police,Essex Police,0.586899,51.866123,On or near Long Green,E01021380,Braintree 012E,Vehicle crime,Investigation complete; no suspect identified,
feb99e3d28b5b14a9163a90ff84d4b7233e2efc99536f998ad9cedda0af04e1f,2024-11,Essex Police,Essex Police,0.586899,51.866123,On or near Long Green,E01021380,Braintree 012E,Vehicle crime,Investigation complete; no suspect identified,
6ffc9b0f435d42d4c80419d14e97b5c2d7b33412a7f916f3dd02267f19e5e870,2024-11,Essex Police,Essex Police,0.578958,51.868240,On or near Stilemans Wood,E01021380,Braintree 012E,Vehicle crime,Investigation complete; no suspect identified,
461e76ea231d8429e71cfe827ecab3565b787cd5fcafaffe2af5c1044020dcf1,2024-11,Essex Police,Essex Police,0.582707,51.869776,On or near Supermarket,E01021380,Braintree 012E,Vehicle crime,Investigation complete; no suspect identified,
8df3d540b06d45c53e6e3c26185a6d3d82a781d0a39d9ece30b83ac10e7ac995,2024-11,Essex Police,Essex Police,0.582707,51.869776,On or near Supermarket,E01021380,Braintree 012E,Vehicle crime,Investigation complete; no suspect identified,
708d7d3cbd6d60b43fd0527abca25a703cf2a68be1eaf2f06b240938aa15410d,2024-11,Essex Police,Essex Police,0.582707,51.869776,On or near Supermarket,E01021380,Braintree 012E,Vehicle crime,Investigation complete; no suspect identified,
3f4233a4c8b8a47655c6c1cf2fdfe7b68e685f8bf61eb150ff9a014bdce01e09,2024-11,Essex Police,Essex Police,0.586899,51.866123,On or near Long Green,E01021380,Braintree 012E,Vehicle crime,Investigation complete; no suspect identified,
77a003e2c08b19021ad6e56ac19d28e63e7791a54483c97e13a7538665051ea5,2024-11,Essex Police,Essex Police,0.587800,51.865626,On or near Long Green,E01021380,Braintree 012E,Violence and sexual offences,Unable to prosecute suspect,
7b6a077a91d51604a044a3f1588fffa483a1e5202114329d1b299c4915ea1ca1,2024-11,Essex Police,Essex Police,0.586899,51.866123,On or near Long Green,E01021380,Braintree 012E,Violence and sexual offences,Investigation complete; no suspect identified,
e2142fa112ca59f6cff2effd6b848206f54cf491d7f9c4edf6bc38dbd64aec89,2024-11,Essex Police,Essex Police,0.587800,51.865626,On or near Long Green,E01021380,Braintree 012E,Violence and sexual offences,Action to be taken by another organisation,
2610e56df3060ef56c17ff51b15bc317ae8e178860be0fca3d305d5c234a2f89,2024-11,Essex Police,Essex Police,0.606151,51.879772,On or near Coggeshall Road,E01021380,Braintree 012E,Violence and sexual offences,Unable to prosecute suspect,
5ad8f5c54331b895d5df2f09c00bc17a8fce6869242f3b0019aadcbbb6a8f280,2024-11,Essex Police,Essex Police,0.606151,51.879772,On or near Coggeshall Road,E01021380,Braintree 012E,Violence and sexual offences,Unable to prosecute suspect,
,2024-11,Essex Police,Essex Police,0.566260,51.851116,On or near Denton Crescent,E01021347,Braintree 013A,Anti-social behaviour,,
f12869d3c96a37eb4fb03ccb3f6dfe13ad7077b2b31e6228d7f5ed21dfd6797b,2024-11,Essex Police,Essex Police,0.570096,51.853460,On or near Bulford Lane,E01021347,Braintree 013A,Burglary,Investigation complete; no suspect identified,
6bb6f86e73cf4ba8fa08e5f93e7aca63d6c1ca37a9b7ec9b2eab7f84d04ab5e6,2024-11,Essex Police,Essex Police,0.570091,51.853883,On or near Cokers Close,E01021347,Braintree 013A,Burglary,Investigation complete; no suspect identified,
bb9bca570ad0d2dfa998bbfe25b51d096012f64264c2d6ee3395d74cdf41fad5,2024-11,Essex Police,Essex Police,0.568257,51.852026,On or near Witham Road,E01021347,Braintree 013A,Criminal damage and arson,Investigation complete; no suspect identified,
77961a0c3de40197a9ef3f4ba88c82a7a82f3d2b12d58b09f14c32a7473c0ab1,2024-11,Essex Police,Essex Police,0.563408,51.851277,On or near Cohen Close,E01021347,Braintree 013A,Drugs,Investigation complete; no suspect identified,
6bc50a290f350ad7c0f55823900f2b15f8469c2535e66a9cc163836bea863764,2024-11,Essex Police,Essex Police,0.565328,51.854140,On or near Bedells Avenue,E01021347,Braintree 013A,Shoplifting,Unable to prosecute suspect,
cba906dcf0257034358c965976bda7003c003249285e49aeb4dbf0955ee1881f,2024-11,Essex Police,Essex Police,0.568257,51.852026,On or near Witham Road,E01021347,Braintree 013A,Vehicle crime,Investigation complete; no suspect identified,
9dd22bc257e6b88357d071c5dc827ed9a2c1eaf3057dc8d7ebe2a8a69d61222e,2024-11,Essex Police,Essex Police,0.568257,51.852026,On or near Witham Road,E01021347,Braintree 013A,Vehicle crime,Status update unavailable,
88ef6817a9f1540d12b1a19f647fb109826f19b2090df8fca8fe2ed6b8c40e08,2024-11,Essex Police,Essex Police,0.565328,51.854140,On or near Bedells Avenue,E01021347,Braintree 013A,Violence and sexual offences,Action to be taken by another organisation,
7b00c23d50cbc3ae4ae0c679a38cfb3d355b075cdfdcb35364144c12080028b8,2024-11,Essex Police,Essex Police,0.563728,51.851792,On or near Mary Ruck Way,E01021347,Braintree 013A,Violence and sexual offences,Unable to prosecute suspect,
4f18c2167d0643925fab50b4d1e8e20fc1cdef501efcbcf0a55571db6224bfbd,2024-11,Essex Police,Essex Police,0.568257,51.852026,On or near Witham Road,E01021347,Braintree 013A,Violence and sexual offences,Unable to prosecute suspect,
a88c83eb46201e224970f2723220f8f4b204e8852d09d2b190e686e94e67d285,2024-11,Essex Police,Essex Police,0.551358,51.868257,On or near Lister Road,E01021371,Braintree 013B,Violence and sexual offences,Action to be taken by another organisation,
692cc089798541d5a34824fa86a40ad6cc1bd5fd9059faef6c3b7d50b4505604,2024-11,Essex Police,Essex Police,0.554051,51.870711,On or near Sports/Recreation Area,E01021371,Braintree 013B,Violence and sexual offences,Unable to prosecute suspect,
821dc23404f60bcb3a53088031147d95c44ebb5078a27d817eb1b47db1ad17b9,2024-11,Essex Police,Essex Police,0.554051,51.870711,On or near Sports/Recreation Area,E01021371,Braintree 013B,Violence and sexual offences,Unable to prosecute suspect,
a1dd37c96f5fcefc28af73b18340ba658a615a4a1cb7a811f7c0931c109728d3,2024-11,Essex Police,Essex Police,0.531182,51.864161,On or near Tailors Close,E01021384,Braintree 013C,Burglary,Investigation complete; no suspect identified,
abfcabc4f0d41b4bb86df4bc2831b0598f4b6ccc9ea49bfe4edbb79bcf0c6d3c,2024-11,Essex Police,Essex Police,0.531182,51.864161,On or near Tailors Close,E01021384,Braintree 013C,Burglary,Investigation complete; no suspect identified,
7642d58dde925ae75ba9d677efb8eec11d5c4a446773989364acc7e36fac72d5,2024-11,Essex Police,Essex Police,0.531182,51.864161,On or near Tailors Close,E01021384,Braintree 013C,Burglary,Investigation complete; no suspect identified,
85616002ab8a5b251a78675357599b5e124321478bae0fa239c248dc05e04283,2024-11,Essex Police,Essex Police,0.531055,51.865782,On or near Ploughmans Lane,E01021384,Braintree 013C,Criminal damage and arson,Local resolution,
d09946a010ee690ed5310890a764ed23cbd13efae3ed56386a3e61cbc8561ae4,2024-11,Essex Police,Essex Police,0.528104,51.865729,On or near Supermarket,E01021384,Braintree 013C,Criminal damage and arson,Investigation complete; no suspect identified,
3c599470527d42316c28e57a44b1e61136b5348c89656a6ceb9ec94781a41dfc,2024-11,Essex Police,Essex Police,0.531179,51.863064,On or near Buttermere,E01021384,Braintree 013C,Other theft,Investigation complete; no suspect identified,
5ce61b1cdea4e7dab3c431468a382480d8ed0ed18493da8ab0f3213cb81d93bc,2024-11,Essex Police,Essex Police,0.533305,51.863675,On or near Ellen Way,E01021384,Braintree 013C,Vehicle crime,Status update unavailable,
0fe1dadba58fc62d72240a609245efb8f45aa79cf8eafb04916f206d7ee31d27,2024-11,Essex Police,Essex Police,0.531055,51.865782,On or near Ploughmans Lane,E01021384,Braintree 013C,Violence and sexual offences,Local resolution,
cebd3458d56b149b44df7019f3a24f186d39a1dc73d3f7c51607b2833f0ce4b9,2024-11,Essex Police,Essex Police,0.528104,51.866260,On or near Thatchers Way,E01021384,Braintree 013C,Violence and sexual offences,Investigation complete; no suspect identified,
c58d6d71d5d883d18e8b7e0a6711fc444ec6c0e7b47db772417d86fad70bc5c3,2024-11,Essex Police,Essex Police,0.527263,51.866278,On or near Priory Lane,E01021384,Braintree 013C,Violence and sexual offences,Unable to prosecute suspect,
,2024-11,Essex Police,Essex Police,0.522417,51.857560,On or near Supermarket,E01021385,Braintree 013D,Anti-social behaviour,,
6360f56a417dc0604e5c396941408abb5b67aafd348787982cd09d97b267e28a,2024-11,Essex Police,Essex Police,0.522417,51.857560,On or near Supermarket,E01021385,Braintree 013D,Other theft,Investigation complete; no suspect identified,
49ad417fb95560f70fdf0a3f75c842d07112576137fb91b9a2c22b4014e9d757,2024-11,Essex Police,Essex Police,0.520904,51.864256,On or near Felbrigg Close,E01021385,Braintree 013D,Other theft,Investigation complete; no suspect identified,
50a49fba67cc4340b70268f18ab8cb6ef20a502f14a0bc7b91090fc1c785f878,2024-11,Essex Police,Essex Police,0.522417,51.857560,On or near Supermarket,E01021385,Braintree 013D,Public order,Unable to prosecute suspect,
80108e7de0fa19774390ddcdaf4fa3836ff6218f5e84f34de2cd098650002300,2024-11,Essex Police,Essex Police,0.520904,51.864256,On or near Felbrigg Close,E01021385,Braintree 013D,Vehicle crime,Investigation complete; no suspect identified,
d84d24422b3eb49c5ab2eb114da8c39f0e624f46885cf56720a0cedde3230674,2024-11,Essex Police,Essex Police,0.523263,51.855023,On or near Stanstrete Field,E01021385,Braintree 013D,Violence and sexual offences,Unable to prosecute suspect,
b1a0afcd2e152b856639feef73647cc51ed62eca5472b2b226b6536cfe377fc1,2024-11,Essex Police,Essex Police,0.523878,51.859534,On or near Highclere Road,E01021385,Braintree 013D,Violence and sexual offences,Investigation complete; no suspect identified,
0d9bebb2a2cb15382ce6d9be91b41a37d79447d897e9346e6c6111e721772b23,2024-11,Essex Police,Essex Police,0.526961,51.855978,On or near Pochard Way,E01021386,Braintree 013E,Criminal damage and arson,Investigation complete; no suspect identified,
54a5e3f2bb12e7ee305926e636bce8c3631a212c918d3fd3f193088f39e8fcdb,2024-11,Essex Police,Essex Police,0.531451,51.858597,On or near Rydal Way,E01021386,Braintree 013E,Criminal damage and arson,Investigation complete; no suspect identified,
45c47a1bd4e73d7f0ca92343efc81663b719369cbca1750d56f139072ccc21e4,2024-11,Essex Police,Essex Police,0.526961,51.855978,On or near Pochard Way,E01021386,Braintree 013E,Criminal damage and arson,Investigation complete; no suspect identified,
24a817520da4f31f440c20435419b84a27eaa54d11281ca23e0f8e482cfe68b9,2024-11,Essex Police,Essex Police,0.531451,51.858597,On or near Rydal Way,E01021386,Braintree 013E,Vehicle crime,Investigation complete; no suspect identified,
09682dd1cec0ebce44fe12e66e34a837d11dbb1b491ae4a402651b9444aeeda8,2024-11,Essex Police,Essex Police,0.525721,51.853271,On or near Wigeon Close,E01021386,Braintree 013E,Violence and sexual offences,Unable to prosecute suspect,
7b562c5d197095d37ab1b720853ba73080808eaa44c0ba45eb3b7663b75d703a,2024-11,Essex Police,Essex Police,0.525721,51.853271,On or near Wigeon Close,E01021386,Braintree 013E,Other crime,Unable to prosecute suspect,
b9ddbe11fefb3dd391bfb2942b516144112ed19fa5e45f82c3fd940435868848,2024-11,Essex Police,Essex Police,0.528989,51.860278,On or near Torver Close,E01021386,Braintree 013E,Other crime,Investigation complete; no suspect identified,
,2024-11,Essex Police,Essex Police,0.689796,51.871827,On or near Albert Gardens,E01021377,Braintree 014A,Anti-social behaviour,,
,2024-11,Essex Police,Essex Police,0.724333,51.852407,On or near Long Acres,E01021377,Braintree 014A,Anti-social behaviour,,
bd7e8a1552308354d2a1b13db39576be7c5d39efb687c99b39a30ac64c2cea73,2024-11,Essex Police,Essex Police,0.697366,51.871600,On or near Coggeshall Road (Feering),E01021377,Braintree 014A,Criminal damage and arson,Investigation complete; no suspect identified,
484b983dee52c99d253b5b2b3ca1c1876c5a1da043f1e83e64e94e4853d2e03b,2024-11,Essex Police,Essex Police,0.701665,51.872293,On or near Colchester Road,E01021377,Braintree 014A,Drugs,Investigation complete; no suspect identified,
958b2526a222de2df52292cddcd9d09a35e5c89bd17f9ee92c852de0daa430ac,2024-11,Essex Police,Essex Police,0.690249,51.871089,On or near Supermarket,E01021377,Braintree 014A,Shoplifting,Investigation complete; no suspect identified,
2d313f1f964ccea3f9a7df89c0c2592f86476e86d1eb3f70393d8b1e6c671515,2024-11,Essex Police,Essex Police,0.690249,51.871089,On or near Supermarket,E01021377,Braintree 014A,Shoplifting,Unable to prosecute suspect,
08f3cef73b7c958982156864a9ed1fbb75ce438598491f4d406fafee530c0a80,2024-11,Essex Police,Essex Police,0.696961,51.873804,On or near Mount Road,E01021377,Braintree 014A,Vehicle crime,Investigation complete; no suspect identified,
8d93ce6c68b7c8d87e9fecf0359f9545107a0f4a94548000a7d0bd9021a53f57,2024-11,Essex Police,Essex Police,0.697094,51.872865,On or near Hill Road,E01021377,Braintree 014A,Violence and sexual offences,Unable to prosecute suspect,
a554efca1b8df972d7b3c6a8e68f6db9b8a1c51bb851d6ccd21c748ab0a63d05,2024-11,Essex Police,Essex Police,0.696961,51.873804,On or near Mount Road,E01021377,Braintree 014A,Violence and sexual offences,Unable to prosecute suspect,
8dffa923c0e6bb5955383619932a9cde8293877361ad75c14dbdb13959dfaeb5,2024-11,Essex Police,Essex Police,0.693991,51.874681,On or near Myneer Park,E01021377,Braintree 014A,Violence and sexual offences,Unable to prosecute suspect,
f05e4de3b431056b1db4c8160f626f317dd421926ca41512175b4ab46af8f2f3,2024-11,Essex Police,Essex Police,0.740728,51.862422,On or near Domsey Chase,E01021377,Braintree 014A,Violence and sexual offences,Investigation complete; no suspect identified,
451d8631d04a4891e374f49c7bf953d8447b1ec70003abbb75f9620efcdda560,2024-11,Essex Police,Essex Police,0.691484,51.876240,On or near Paycocke Way,E01021378,Braintree 014B,Other theft,Investigation complete; no suspect identified,
d03b3f1c3b71b0ccc95fdc3906b0f85ce5dc25a28edf8a98a1c3aaa36cefebb4,2024-11,Essex Police,Essex Police,0.685560,51.873876,On or near Geoffrey Blackwell Close,E01021378,Braintree 014B,Violence and sexual offences,Unable to prosecute suspect,
c2268db0ab1e8f85af4ba48a9240b638cb32db980ff432a840fa89e782e8c780,2024-11,Essex Police,Essex Police,0.693159,51.878738,On or near Priors Way,E01021379,Braintree 014C,Criminal damage and arson,Investigation complete; no suspect identified,
58d1081faa34f42b31d89f05143432527d48137e660cf6915d1b784e85d5cd75,2024-11,Essex Police,Essex Police,0.693159,51.878738,On or near Priors Way,E01021379,Braintree 014C,Other theft,Investigation complete; no suspect identified,
9bcc0b54fc9be5bba9b2db308d5545db94c8b23c68e8fcf293c14bddf03444f5,2024-11,Essex Police,Essex Police,0.674558,51.869908,On or near West Street,E01021379,Braintree 014C,Other theft,Unable to prosecute suspect,
702aaee309f6bf44ed7078363b8d90fa8cf7b24afc75df88fe624174028c13e1,2024-11,Essex Police,Essex Police,0.687429,51.858931,On or near Scrip'S Road,E01021379,Braintree 014C,Vehicle crime,Investigation complete; no suspect identified,
2ad16a735d8dce30f33d283fea5d422e25973684cc399228b0709d611ea7cf43,2024-11,Essex Police,Essex Police,0.674558,51.869908,On or near West Street,E01021379,Braintree 014C,Violence and sexual offences,Action to be taken by another organisation,
c3c8ab353137df6eb3e082ab48da24d7391419e7ff693b0e3cc92016959daac1,2024-11,Essex Police,Essex Police,0.674558,51.869908,On or near West Street,E01021379,Braintree 014C,Violence and sexual offences,Investigation complete; no suspect identified,
eab8294d534a53ce6df6eef494de04557cc976312562b0de5f1cf2a3b1fbd523,2024-11,Essex Police,Essex Police,0.674558,51.869908,On or near West Street,E01021379,Braintree 014C,Violence and sexual offences,Unable to prosecute suspect,
30ac41859763ab1fc768c7e6f6c1ae878d454d78b48b8c2ad12c63e7caf7c39b,2024-11,Essex Police,Essex Police,0.674558,51.869908,On or near West Street,E01021379,Braintree 014C,Violence and sexual offences,Unable to prosecute suspect,
c3d5aa998ba9ee673c7a34843d48a5a97f205b60e642ae9840c3c1add56bf63b,2024-11,Essex Police,Essex Police,0.674558,51.869908,On or near West Street,E01021379,Braintree 014C,Violence and sexual offences,Action to be taken by another organisation,
49a5e44dfe87e104a769ff1da4781a3a01d491490af226bdb7e801a0804d9a50,2024-11,Essex Police,Essex Police,0.674558,51.869908,On or near West Street,E01021379,Braintree 014C,Other crime,Unable to prosecute suspect,
,2024-11,Essex Police,Essex Police,0.699183,51.837168,On or near Rolley Lane,E01021401,Braintree 014D,Anti-social behaviour,,
,2024-11,Essex Police,Essex Police,0.695895,51.832423,On or near The Cloisters,E01021401,Braintree 014D,Anti-social behaviour,,
,2024-11,Essex Police,Essex Police,0.701429,51.840489,On or near Kelvedon,E01021401,Braintree 014D,Anti-social behaviour,,
670a98c7119c362938e6378fe3c6f0f9254ce7b79d85e51b08a2da6a0ce63c4b,2024-11,Essex Police,Essex Police,0.701013,51.843970,On or near Coggeshall Road,E01021401,Braintree 014D,Criminal damage and arson,Unable to prosecute suspect,
aa23440bb1a7d54c14182afcb6d798d67a51a02963c3d3bc854324dae6cd9bd8,2024-11,Essex Police,Essex Police,0.700647,51.840030,On or near Parking Area,E01021401,Braintree 014D,Drugs,Investigation complete; no suspect identified,
f26bde5343910504a7f9debfb540cc721168e30e31d4c6f170988cc3a8945e7d,2024-11,Essex Police,Essex Police,0.695895,51.832423,On or near The Cloisters,E01021401,Braintree 014D,Drugs,Investigation complete; no suspect identified,
c10c8831e1f78a7cc2fa2e6e0d369c297a32b4859bf61f91a22100528e42de6d,2024-11,Essex Police,Essex Police,0.713982,51.832915,On or near Parking Area,E01021401,Braintree 014D,Other theft,Investigation complete; no suspect identified,
f2cfdaeed2bb89d7babb8fe4b4330e0ee061fc3ccb006e96e2dc71882c7171db,2024-11,Essex Police,Essex Police,0.694628,51.834305,On or near Church Street,E01021401,Braintree 014D,Other theft,Investigation complete; no suspect identified,
4a4c210de7ce738bacad2df7ee989a0bd9b5f87af33b68b1612f326ace675743,2024-11,Essex Police,Essex Police,0.695895,51.832423,On or near The Cloisters,E01021401,Braintree 014D,Public order,Status update unavailable,
8959553ed0fa03af985bc801ae5708641f5e38816eb26aaa672509de7b046e52,2024-11,Essex Police,Essex Police,0.677933,51.822302,On or near London Road,E01021401,Braintree 014D,Theft from the person,Investigation complete; no suspect identified,
9d9bd25e74da10265d27999835f3e9897b9f845dc56b11a4c662c1072b6d7d43,2024-11,Essex Police,Essex Police,0.700832,51.839486,On or near Dowches Drive,E01021401,Braintree 014D,Vehicle crime,Investigation complete; no suspect identified,
8efa1c6396cdcd6c5ae624ca802b703f155d4f6b1def6adfa4f316c2d18f3f2b,2024-11,Essex Police,Essex Police,0.701429,51.840489,On or near Kelvedon,E01021401,Braintree 014D,Violence and sexual offences,Unable to prosecute suspect,
5513894c760cccc35e3ef02d90003692560fcc7935f53c8a3a998c31b6a6d940,2024-11,Essex Police,Essex Police,0.701013,51.843970,On or near Coggeshall Road,E01021401,Braintree 014D,Violence and sexual offences,Unable to prosecute suspect,
d91712c1c2a7e65beaa6682a238d5443ac0a7803bca96f169c683bbce935a833,2024-11,Essex Police,Essex Police,0.701013,51.843970,On or near Coggeshall Road,E01021401,Braintree 014D,Violence and sexual offences,Unable to prosecute suspect,
02fbb1d21cda2d50852fbe7b7f1bf205d89fcedbc524705c11c59c34c4ced7aa,2024-11,Essex Police,Essex Police,0.700647,51.840030,On or near Parking Area,E01021401,Braintree 014D,Violence and sexual offences,Unable to prosecute suspect,
,2024-11,Essex Police,Essex Police,0.699441,51.836128,On or near Supermarket,E01021402,Braintree 014E,Anti-social behaviour,,
,2024-11,Essex Police,Essex Police,0.705766,51.840173,On or near Feering Hill,E01021402,Braintree 014E,Anti-social behaviour,,
abf25cf63f65ce8cd8f37399b874a925609c097fe2cfb3cf75b735ad71770a34,2024-11,Essex Police,Essex Police,0.699328,51.832794,On or near Brockwell Lane,E01021402,Braintree 014E,Criminal damage and arson,Investigation complete; no suspect identified,
363dc81b6beb14033382513228102da576fde7ff150734bb14ff2004e8768bc4,2024-11,Essex Police,Essex Police,0.699441,51.836128,On or near Supermarket,E01021402,Braintree 014E,Criminal damage and arson,Investigation complete; no suspect identified,
d396f18c0c7e62bd6ae7720863b2be52ef10207b289b9e67b35f48d7589a08c1,2024-11,Essex Police,Essex Police,0.700646,51.838564,On or near Dowches Gardens,E01021402,Braintree 014E,Drugs,Investigation complete; no suspect identified,
52bdb8ceee2a16353b26683cac78e7c7e82db2aa121a521dc2bd4fd6b4aa39d6,2024-11,Essex Police,Essex Police,0.700410,51.836078,On or near The Chase,E01021402,Braintree 014E,Public order,Unable to prosecute suspect,
b65f5bc724ca9508acee4cc80e734a55b2b4e9acff6768b8110b73b0b12176e7,2024-11,Essex Police,Essex Police,0.699441,51.836128,On or near Supermarket,E01021402,Braintree 014E,Shoplifting,Investigation complete; no suspect identified,
d408be761c021b4021e0946e9fd03658c5bb77ef310c0064c7341e62d479354d,2024-11,Essex Police,Essex Police,0.702687,51.837735,On or near Canonium Mews,E01021402,Braintree 014E,Violence and sexual offences,Unable to prosecute suspect,
86d437e3ed1561c8661e182312ec2ac4d0d4022a40fe50268248435461c96b03,2024-11,Essex Police,Essex Police,0.700646,51.838564,On or near Dowches Gardens,E01021402,Braintree 014E,Violence and sexual offences,Investigation complete; no suspect identified,
cb5142a335798978355dad88c92a2c31ba77d8a58856c775a6b20752d85b2ea0,2024-11,Essex Police,Essex Police,0.717063,51.842368,On or near Inworth Road,E01021403,Braintree 014F,Burglary,Unable to prosecute suspect,
4a6de2ac1f897b8c6260dcf3b80aad38f582ac28820c16d848a55a94a17f9847,2024-11,Essex Police,Essex Police,0.712187,51.844837,On or near Packe Close,E01021403,Braintree 014F,Burglary,Investigation complete; no suspect identified,
ae672af850a8a0ff31cc3a3a0072db606bfc4a5429655a0d4eeb106296bdc61a,2024-11,Essex Police,Essex Police,0.717063,51.842368,On or near Inworth Road,E01021403,Braintree 014F,Criminal damage and arson,Unable to prosecute suspect,
a2335e4350cbf7e96f438504c07e5ce5c8626562d96a80a757a7e14894de30a8,2024-11,Essex Police,Essex Police,0.723756,51.850298,On or near New Lane,E01021403,Braintree 014F,Other theft,Investigation complete; no suspect identified,
5b5d3e839e138ef7d1d6966f4a3634a5363ba6667061218263a4ea3a4e31b0d0,2024-11,Essex Police,Essex Police,0.717063,51.842368,On or near Inworth Road,E01021403,Braintree 014F,Vehicle crime,Investigation complete; no suspect identified,
01898f2cb5f017ddf46f8a7778d7abd370af0adfdad751d28b18a3b099da6319,2024-11,Essex Police,Essex Police,0.732438,51.853388,On or near Petrol Station,E01021403,Braintree 014F,Vehicle crime,Investigation complete; no suspect identified,
1093388b59be5d08e07a7f6c7c8c527a486d4705dbf53b6bd354b6d3baee1d45,2024-11,Essex Police,Essex Police,0.723756,51.850298,On or near New Lane,E01021403,Braintree 014F,Vehicle crime,Investigation complete; no suspect identified,
f849ae4abb47003d1cf3a66adf36c117b5b4f75ae7350743f360415d3f10e74b,2024-11,Essex Police,Essex Police,0.715861,51.845327,On or near Millers Mead,E01021403,Braintree 014F,Violence and sexual offences,Unable to prosecute suspect,
,2024-11,Essex Police,Essex Police,0.666919,51.817642,On or near Foxden,E01021362,Braintree 015A,Anti-social behaviour,,
4c08e8d417c603dff52be273952a3e9cbe8a691175dcfe2a9f8d1305a3174077,2024-11,Essex Police,Essex Police,0.631729,51.842771,On or near Western Close,E01021362,Braintree 015A,Public order,Investigation complete; no suspect identified,
c2ee4f93c8fe8e643d93cf8b2fdccfd9eac32263774a49a9438ebd494b540ec3,2024-11,Essex Police,Essex Police,0.634184,51.843283,On or near Western Road,E01021362,Braintree 015A,Vehicle crime,Investigation complete; no suspect identified,
8df2cccb6903dfd45da7f6317d3947dd74ffb5b04a399b505b9692f64ab2ea78,2024-11,Essex Police,Essex Police,0.642669,51.819836,On or near Rickstones Road,E01021362,Braintree 015A,Vehicle crime,Unable to prosecute suspect,
20974e276e4a6f190243f5365fcad34eb7259bc4ba5052a264ca8493a55a3db2,2024-11,Essex Police,Essex Police,0.649715,51.813787,On or near Jopson Mews,E01021362,Braintree 015A,Violence and sexual offences,Unable to prosecute suspect,
26c95805762d0a78c1a54662607e1cfb10bf2b2085c7f186052026e78bd28a74,2024-11,Essex Police,Essex Police,0.652012,51.823987,On or near Rickstones Road,E01021362,Braintree 015A,Violence and sexual offences,Court result unavailable,
1693090ad8068a18e0d66d5b8817abb28cda68f9b59a49db700ad556d1ec782f,2024-11,Essex Police,Essex Police,0.644749,51.822388,On or near Parking Area,E01021362,Braintree 015A,Violence and sexual offences,Unable to prosecute suspect,
1a00c6acff150b7ab72cb04ec29b865240021eca9ed3d12c4514fa6067617e88,2024-11,Essex Police,Essex Police,0.647748,51.816124,On or near Cornwell Gardens,E01021362,Braintree 015A,Violence and sexual offences,Unable to prosecute suspect,
c41ce84ada51eeed02a103cb9163674cbdbed978da15a72c1df86473f62559c9,2024-11,Essex Police,Essex Police,0.634276,51.843865,On or near Radley Avenue,E01021362,Braintree 015A,Violence and sexual offences,Unable to prosecute suspect,
f005af87388d9c0834c881117642822a09efe69a067b96caa9e4e770922ae80a,2024-11,Essex Police,Essex Police,0.631228,51.812008,On or near Glebe Crescent,E01021417,Braintree 015B,Criminal damage and arson,Unable to prosecute suspect,
0d6c931d72aa757991130c96f5579209fa4d9f8f0dbaae4486066ba606f188ca,2024-11,Essex Police,Essex Police,0.634302,51.810248,On or near Church Street,E01021417,Braintree 015B,Vehicle crime,Investigation complete; no suspect identified,
87ab67fe908f42ce4b5febe7aacd0aa9fc78fb5c81d6fc8a89e7c24d40234b96,2024-11,Essex Police,Essex Police,0.636692,51.809934,On or near Templars Close,E01021417,Braintree 015B,Vehicle crime,Unable to prosecute suspect,
def4a589214c43180d9e5251f549d8b82a7ace6b4c1e41e5e8636821a0ef4ecd,2024-11,Essex Police,Essex Police,0.636444,51.807178,On or near Bellfield Close,E01021417,Braintree 015B,Violence and sexual offences,Unable to prosecute suspect,
d472ee915e42e405a5ad2068e4a18ec58734746627d4fa1b8524483b892b7ef6,2024-11,Essex Police,Essex Police,0.631228,51.812008,On or near Glebe Crescent,E01021417,Braintree 015B,Violence and sexual offences,Unable to prosecute suspect,
068964daa283c580879052516b8bb5c506dc17eb1e250d0e96de3c51677757c1,2024-11,Essex Police,Essex Police,0.631228,51.812008,On or near Glebe Crescent,E01021417,Braintree 015B,Violence and sexual offences,Unable to prosecute suspect,
2927140ee61c45dd8b4b17875c95180f6f3fc62d5b1211c2fc5ceba128415c0c,2024-11,Essex Police,Essex Police,0.630311,51.814205,On or near Ebenezer Close,E01021417,Braintree 015B,Violence and sexual offences,Investigation complete; no suspect identified,
879ee6e8df9b3704b9fb5076b090d42ed722e583c6a455ec393af18ab8dfe1d0,2024-11,Essex Police,Essex Police,0.630311,51.814205,On or near Ebenezer Close,E01021417,Braintree 015B,Violence and sexual offences,Unable to prosecute suspect,
de7174f9974613b4a9b512a0ebfc204320cb2250927f4d8074812aa4bc71cb5d,2024-11,Essex Police,Essex Police,0.636993,51.807130,On or near White Horse Lane,E01021417,Braintree 015B,Violence and sexual offences,Unable to prosecute suspect,
dd5083cd64135c3ff6ca717a7bcf470dc32759c927a103ab8d778607f2e5eeac,2024-11,Essex Police,Essex Police,0.635363,51.816735,On or near Virgil Road,E01021418,Braintree 015C,Burglary,Investigation complete; no suspect identified,
f7d1e75d3721e3b3f6a83298b1ce2394446d1fb9ead70088c8a284c88d47124d,2024-11,Essex Police,Essex Police,0.637106,51.815779,On or near Milton Road,E01021418,Braintree 015C,Criminal damage and arson,Investigation complete; no suspect identified,
1804e354ab8c2568018aaf6c2242c6b901dd7a5c11a9beb48b7846efe02384a9,2024-11,Essex Police,Essex Police,0.632257,51.814233,On or near Upper Acres,E01021418,Braintree 015C,Other theft,Investigation complete; no suspect identified,
c0c1a90b2701a75577fac7250e945176cf879dea56e374486ba157e0fd2eb727,2024-11,Essex Police,Essex Police,0.632257,51.814233,On or near Upper Acres,E01021418,Braintree 015C,Vehicle crime,Investigation complete; no suspect identified,
46c19eddcaaa93aaa15b0bc4af4dd96750e0d4e9915107f43dab5c99e6aabe8c,2024-11,Essex Police,Essex Police,0.632257,51.814233,On or near Upper Acres,E01021418,Braintree 015C,Violence and sexual offences,Unable to prosecute suspect,
df3fcc8c604838d0e7138836d338a087db48e8b2c20a67b66d8e5d4c7c865f32,2024-11,Essex Police,Essex Police,0.632257,51.814233,On or near Upper Acres,E01021418,Braintree 015C,Violence and sexual offences,Unable to prosecute suspect,
3dfdada1237f78aa86b532fe85d41716505a2792148bcb8b3bedb7377f41e6c6,2024-11,Essex Police,Essex Police,0.634284,51.817398,On or near Conrad Road,E01021418,Braintree 015C,Violence and sexual offences,Unable to prosecute suspect,
57f3e2670e11c0247dd7708cbb05b49cf26452925c72eb7ea59c4c9cd7ce400d,2024-11,Essex Police,Essex Police,0.634284,51.817398,On or near Conrad Road,E01021418,Braintree 015C,Violence and sexual offences,Unable to prosecute suspect,
ba0e8c07be71fe46a5b6ccee9c59078963aa19c9245dd23c542b99d31e09dca7,2024-11,Essex Police,Essex Police,0.635363,51.816735,On or near Virgil Road,E01021418,Braintree 015C,Violence and sexual offences,Unable to prosecute suspect,
db7654e0e9298146a5abd0d8e5f2c9dc6ee60f1592ba6404eedf5b6e654649e4,2024-11,Essex Police,Essex Police,0.635363,51.816735,On or near Virgil Road,E01021418,Braintree 015C,Violence and sexual offences,Unable to prosecute suspect,
ef37ab6a729f0012fc06ac29faaf5a8d4087e3427928935d91e4b4408aaf7502,2024-11,Essex Police,Essex Police,0.635214,51.815174,On or near Bronte Road,E01021418,Braintree 015C,Violence and sexual offences,Unable to prosecute suspect,
3dd62546b1ba9e9ae3091c65cdb6d6f553c84ae6738377ca8a032374556b6774,2024-11,Essex Police,Essex Police,0.633581,51.816281,On or near Munro Road,E01021418,Braintree 015C,Violence and sexual offences,Unable to prosecute suspect,
b2a4c61f599888c56dd1577dbe5a3c1b917f2bb7f10fc51aefbfd9aa9c66505a,2024-11,Essex Police,Essex Police,0.635214,51.815174,On or near Bronte Road,E01021418,Braintree 015C,Violence and sexual offences,Unable to prosecute suspect,
aebac99d846521ae28ce172d411c9daa7a76b802e9e5fcb12908ce748302deb9,2024-11,Essex Police,Essex Police,0.634613,51.813578,On or near Cressing Road,E01021418,Braintree 015C,Other crime,Unable to prosecute suspect,
,2024-11,Essex Police,Essex Police,0.640700,51.814700,On or near Dorothy Sayers Drive,E01021419,Braintree 015D,Anti-social behaviour,,
793e06ccab56205afbcfbccc33c83cb106909a1f47e74f54d82daf67cb724d66,2024-11,Essex Police,Essex Police,0.637574,51.813358,On or near Chaseway,E01021419,Braintree 015D,Criminal damage and arson,Unable to prosecute suspect,
17ac85f47b1ab9c6bc0d89f27419dd2001224bbb38ffefd6fcfb1307d75c07be,2024-11,Essex Police,Essex Police,0.638105,51.816476,On or near Campbell Road,E01021419,Braintree 015D,Criminal damage and arson,Investigation complete; no suspect identified,
42688887e62009227a1a7a6e89785bf50523ebe8f6d32796ff28480e495f6cbb,2024-11,Essex Police,Essex Police,0.640229,51.817067,On or near Redwood Close,E01021419,Braintree 015D,Violence and sexual offences,Action to be taken by another organisation,
a4ed3e04b1fe650a77396d9fd4e3c28164f30ea71b1fb3c413b93838dcff9952,2024-11,Essex Police,Essex Police,0.640229,51.817067,On or near Redwood Close,E01021419,Braintree 015D,Violence and sexual offences,Action to be taken by another organisation,
e1434517d05e1b7bb293f04448d038e870fc3de312cba9752cd32224bf59d939,2024-11,Essex Police,Essex Police,0.638105,51.816476,On or near Campbell Road,E01021419,Braintree 015D,Other crime,Investigation complete; no suspect identified,
,2024-11,Essex Police,Essex Police,0.624234,51.811256,On or near Honeysuckle Way,E01021426,Braintree 015E,Anti-social behaviour,,
66b334502161bfcc48779b729094ea725e3d471fa74ffa89552893c3bd2b5b28,2024-11,Essex Police,Essex Police,0.628246,51.810887,On or near Larkspur Close,E01021426,Braintree 015E,Criminal damage and arson,Investigation complete; no suspect identified,
9c1b7758da00e0054b694edb2e41e3d5b785913dfc28fb3c2033c0dc52442176,2024-11,Essex Police,Essex Police,0.626993,51.809791,On or near Bramble Road,E01021426,Braintree 015E,Criminal damage and arson,Investigation complete; no suspect identified,
bea6f1f882ef3d78d79fb1d37696667f78be790db9445632b29111a0c9de69f0,2024-11,Essex Police,Essex Police,0.626394,51.810227,On or near Snowdrop Close,E01021426,Braintree 015E,Shoplifting,Investigation complete; no suspect identified,
fd85958df5715b16054497b133ee7de1eb6c3a8513be77a90579b13bf2634a52,2024-11,Essex Police,Essex Police,0.628808,51.808572,On or near Bluebell Close,E01021426,Braintree 015E,Violence and sexual offences,Unable to prosecute suspect,
d11f9e1e7ca05f266d070efec0b4165439148019b68eb36548dc5a41605c15f1,2024-11,Essex Police,Essex Police,0.628808,51.808572,On or near Bluebell Close,E01021426,Braintree 015E,Violence and sexual offences,Unable to prosecute suspect,
524f675a75c707f3945b97c985c8a6d5aca16cd1fe12c00d955bdf67f411145f,2024-11,Essex Police,Essex Police,0.626993,51.809791,On or near Bramble Road,E01021426,Braintree 015E,Violence and sexual offences,Action to be taken by another organisation,
f21be8f35decb257c5c20d359f55eb0e6129fbed072644542242d6f93597c103,2024-11,Essex Police,Essex Police,0.628246,51.810887,On or near Larkspur Close,E01021426,Braintree 015E,Violence and sexual offences,Unable to prosecute suspect,
16dfc0a9649edd120f550f7082372f3258d7490d67765a83d1d4d52a51ae3d4b,2024-11,Essex Police,Essex Police,0.626394,51.810227,On or near Snowdrop Close,E01021426,Braintree 015E,Violence and sexual offences,Investigation complete; no suspect identified,
362a7cc6d4849bf139c56a24dacda51776705ab51a28815f5e0ef893a87c1886,2024-11,Essex Police,Essex Police,0.625756,51.808245,On or near Harebell Drive,E01021426,Braintree 015E,Violence and sexual offences,Unable to prosecute suspect,
079e8dcdad1a4d3735897127675ab490bb14d5182b8033edfccb63b0833465ee,2024-11,Essex Police,Essex Police,0.628808,51.808572,On or near Bluebell Close,E01021426,Braintree 015E,Violence and sexual offences,Unable to prosecute suspect,
,2024-11,Essex Police,Essex Police,0.630124,51.801034,On or near Supermarket,E01021428,Braintree 015F,Anti-social behaviour,,
,2024-11,Essex Police,Essex Police,0.632632,51.805240,On or near Barnardiston Way,E01021428,Braintree 015F,Anti-social behaviour,,
,2024-11,Essex Police,Essex Police,0.630124,51.801034,On or near Supermarket,E01021428,Braintree 015F,Anti-social behaviour,,
3a4977d4c292cd441243bef280103147974352be15a745e32861bda1d69f37d6,2024-11,Essex Police,Essex Police,0.631703,51.802986,On or near Gimson Close,E01021428,Braintree 015F,Other theft,Unable to prosecute suspect,
6a752bcee2831d1816b860b5f2879d27efa52e40006673b57267ab3a7041c1b9,2024-11,Essex Police,Essex Police,0.630124,51.801034,On or near Supermarket,E01021428,Braintree 015F,Public order,Unable to prosecute suspect,
a892ed2d29517472e5a7be2dbd6f9cd7d1d396e5b2d2cbc993a5e0255d366225,2024-11,Essex Police,Essex Police,0.631703,51.802986,On or near Gimson Close,E01021428,Braintree 015F,Public order,Unable to prosecute suspect,
d78ff243f5f4e2f5bfc4755504ec53c0d18320b8eeb476ac38be3314e7dacc04,2024-11,Essex Police,Essex Police,0.630124,51.801034,On or near Supermarket,E01021428,Braintree 015F,Public order,Investigation complete; no suspect identified,
afff960b35ee0d09f2748f55240f2a5799af3f0c18bac9d36fbd85831d4ad1bb,2024-11,Essex Police,Essex Police,0.630124,51.801034,On or near Supermarket,E01021428,Braintree 015F,Shoplifting,Court result unavailable,
1efbc0b7c0e1e6216e33b95caf48b48a4194e730611fba8dcae7e5c33d1bfda7,2024-11,Essex Police,Essex Police,0.630124,51.801034,On or near Supermarket,E01021428,Braintree 015F,Shoplifting,Court result unavailable,
a6e18201c996c3a6cf56b0691b6b5ed5644dfb4d4f6cf5d4a35aafb706d29a54,2024-11,Essex Police,Essex Police,0.630124,51.801034,On or near Supermarket,E01021428,Braintree 015F,Violence and sexual offences,Action to be taken by another organisation,
ee6e85b3936ce8214a16c45ac83c00e06804195930566437ca437c6c86ffd2cb,2024-11,Essex Police,Essex Police,0.630124,51.801034,On or near Supermarket,E01021428,Braintree 015F,Violence and sexual offences,Unable to prosecute suspect,
a3ecd8bf84a8bc0553aa63de0eb1eac6f9f08d8aea6144102cb5f885a62d258a,2024-11,Essex Police,Essex Police,0.630124,51.801034,On or near Supermarket,E01021428,Braintree 015F,Violence and sexual offences,Unable to prosecute suspect,
8027b764d028739786431fcc607d6fdf437e074e01d65c652504fd7a99b68ca9,2024-11,Essex Police,Essex Police,0.630338,51.804959,On or near Stourton Road,E01021428,Braintree 015F,Other crime,Awaiting court outcome,
,2024-11,Essex Police,Essex Police,0.622126,51.792939,On or near Alfreg Road,E01021423,Braintree 016A,Anti-social behaviour,,
,2024-11,Essex Police,Essex Police,0.621385,51.793675,On or near Siward Road,E01021423,Braintree 016A,Anti-social behaviour,,
0adf914adad14fa7d853bfa820b1e195b6eca819051fd193ca8498fe3d68d648,2024-11,Essex Police,Essex Police,0.626390,51.794192,On or near King Edward Way,E01021423,Braintree 016A,Criminal damage and arson,Investigation complete; no suspect identified,
65798f1a1120526a24acd6e022d59954aa0aa873be1a814af54e4e9f37c6db87,2024-11,Essex Police,Essex Police,0.622126,51.792939,On or near Alfreg Road,E01021423,Braintree 016A,Drugs,Local resolution,
75840515c4eb4ae29d239be717199eb132d62d8152a75adec6f08183d5586bfe,2024-11,Essex Police,Essex Police,0.626390,51.794192,On or near King Edward Way,E01021423,Braintree 016A,Public order,Investigation complete; no suspect identified,
9a6b6082b837c130f0b423b9557230c2286dbb375093463025c0fe2df6a9f9f9,2024-11,Essex Police,Essex Police,0.627729,51.794028,On or near Osbert Road,E01021423,Braintree 016A,Public order,Investigation complete; no suspect identified,
9965e603d767cd5311365cb9b7642f82f88696c22440ce379264fdd98e4fbd39,2024-11,Essex Police,Essex Police,0.627729,51.794028,On or near Osbert Road,E01021423,Braintree 016A,Vehicle crime,Investigation complete; no suspect identified,
357e820787891df27fb7d881f61bba9d38988e0b140b3f7dc41ee139f8cd0ec1,2024-11,Essex Police,Essex Police,0.626390,51.794192,On or near King Edward Way,E01021423,Braintree 016A,Violence and sexual offences,Court result unavailable,
914960d5871568dfdd83479f7cc89605d86a75b271a8944a71c96e2c8a043c1f,2024-11,Essex Police,Essex Police,0.626390,51.794192,On or near King Edward Way,E01021423,Braintree 016A,Violence and sexual offences,Investigation complete; no suspect identified,
a5aa4bff2d8375e641f07541922941b29ba21601cc7593a299b89ebf6d154b55,2024-11,Essex Police,Essex Police,0.622126,51.792939,On or near Alfreg Road,E01021423,Braintree 016A,Violence and sexual offences,Investigation complete; no suspect identified,
9b0c090171d5d09cab153596a4a071ff25020008fc54516a5bf2072fb1e3c0af,2024-11,Essex Police,Essex Police,0.622126,51.792939,On or near Alfreg Road,E01021423,Braintree 016A,Violence and sexual offences,Investigation complete; no suspect identified,
d97fb4277451a79966cd031a6823c09ce12e1c9aecdc7703c3fbf776e213fb7c,2024-11,Essex Police,Essex Police,0.624821,51.794398,On or near Edmund Road,E01021423,Braintree 016A,Violence and sexual offences,Unable to prosecute suspect,
34afca267e516cbffcaec385baa23c130b3f3633e68f8010254fb1e549feacf8,2024-11,Essex Police,Essex Police,0.626390,51.794192,On or near King Edward Way,E01021423,Braintree 016A,Other crime,Court result unavailable,
30659526e607c30edd126de10534b6c94a95be07cdf3c8bad17a50752cd58c4d,2024-11,Essex Police,Essex Police,0.620782,51.793769,On or near Tostig Lane,E01021423,Braintree 016A,Other crime,Unable to prosecute suspect,
a30a53f34566a8dc78033541f13a2d8c81ec3e01e76a779fb2258db538cd576f,2024-11,Essex Police,Essex Police,0.620782,51.793769,On or near Tostig Lane,E01021423,Braintree 016A,Other crime,Unable to prosecute suspect,
4a0bb88291ff8e97793276bac252a08f8a07b7c9b64b206985d07aa04cb68e04,2024-11,Essex Police,Essex Police,0.619664,51.810252,On or near Cornel Close,E01021425,Braintree 016B,Vehicle crime,Investigation complete; no suspect identified,
17b1292d736cd227721a2cd1fdb4fa87b02298b7da87cc0912041528cb529253,2024-11,Essex Police,Essex Police,0.622055,51.809209,On or near Flora Road,E01021425,Braintree 016B,Violence and sexual offences,Unable to prosecute suspect,
28062a89656b912e9611948109ea1820281603c608bd31eacf779d20985f5757,2024-11,Essex Police,Essex Police,0.620724,51.807773,On or near Foxglove Close,E01021425,Braintree 016B,Violence and sexual offences,Investigation complete; no suspect identified,
e9151c2f0be6eb49fe2cbd39d6b0123ea6ef52b0253f4a50843629d86ffa4ac6,2024-11,Essex Police,Essex Police,0.621171,51.802978,On or near Ouse Chase,E01021427,Braintree 016C,Other theft,Investigation complete; no suspect identified,
fb0598ecc22e515c4fa729e8bedeff5006859c0086d03cb9eaac64bc2a6c24fd,2024-11,Essex Police,Essex Police,0.623197,51.803401,On or near Cam Way,E01021427,Braintree 016C,Other theft,Unable to prosecute suspect,
004ae24d2c87e4aa744d74a13582ad7ed65691256991bd3bd84e5936032ee3bf,2024-11,Essex Police,Essex Police,0.621171,51.802978,On or near Ouse Chase,E01021427,Braintree 016C,Other theft,Investigation complete; no suspect identified,
589d96629ec18fcaaae65a5fe041d2734dcae6928981d3d99e09a9b0f2c68302,2024-11,Essex Police,Essex Police,0.624926,51.805691,On or near Parking Area,E01021427,Braintree 016C,Violence and sexual offences,Action to be taken by another organisation,
,2024-11,Essex Police,Essex Police,0.624457,51.802617,On or near Crouch Drive,E01021429,Braintree 016D,Anti-social behaviour,,
,2024-11,Essex Police,Essex Police,0.623033,51.802325,On or near Douglas Grove,E01021429,Braintree 016D,Anti-social behaviour,,
,2024-11,Essex Police,Essex Police,0.620380,51.801854,On or near Medway Avenue,E01021429,Braintree 016D,Anti-social behaviour,,
,2024-11,Essex Police,Essex Police,0.625060,51.798251,On or near Blunts Hall Road,E01021429,Braintree 016D,Anti-social behaviour,,
,2024-11,Essex Police,Essex Police,0.623355,51.801365,On or near Helford Court,E01021429,Braintree 016D,Anti-social behaviour,,
,2024-11,Essex Police,Essex Police,0.623033,51.802325,On or near Douglas Grove,E01021429,Braintree 016D,Anti-social behaviour,,
,2024-11,Essex Police,Essex Police,0.623033,51.802325,On or near Douglas Grove,E01021429,Braintree 016D,Anti-social behaviour,,
88a2c89452a5d4e332f4111e6fd0b23cd2b393e198dcfa148dedfcafea4b0436,2024-11,Essex Police,Essex Police,0.629559,51.799302,On or near Cuppers Close,E01021429,Braintree 016D,Criminal damage and arson,Investigation complete; no suspect identified,
e54941688a0276892f47b3cc7fab2f499d625006b9e6b8dd37ef6999b9fb42e3,2024-11,Essex Police,Essex Police,0.626243,51.801885,On or near Colne Chase,E01021429,Braintree 016D,Criminal damage and arson,Investigation complete; no suspect identified,
327331d5a0ce3f9b0a9059bf93b4de0b608b7bd7c45bced0a35ad19ef67cf877,2024-11,Essex Police,Essex Police,0.620468,51.801114,On or near Teign Drive,E01021429,Braintree 016D,Vehicle crime,Unable to prosecute suspect,
88e857cab4e22eeefcd1101276d777f78633ea587b9e179bb988fb72d6eb1c0a,2024-11,Essex Police,Essex Police,0.623355,51.801365,On or near Helford Court,E01021429,Braintree 016D,Vehicle crime,Investigation complete; no suspect identified,
e4762cfb9661bc6b6a72cc56c2b63f222fc13c95d3402a54421a2de01dda3a92,2024-11,Essex Police,Essex Police,0.629559,51.799302,On or near Cuppers Close,E01021429,Braintree 016D,Violence and sexual offences,Court result unavailable,
,2024-11,Essex Police,Essex Police,0.637927,51.798539,On or near Lawn Chase,E01021415,Braintree 017A,Anti-social behaviour,,
,2024-11,Essex Police,Essex Police,0.638610,51.799306,On or near Scotsfield Mews,E01021415,Braintree 017A,Anti-social behaviour,,
,2024-11,Essex Police,Essex Police,0.638610,51.799306,On or near Scotsfield Mews,E01021415,Braintree 017A,Anti-social behaviour,,
3d9a034212738125b0e842830d7fcc5ed038cd781ba524ea54abb2539ffdbcee,2024-11,Essex Police,Essex Police,0.635750,51.799505,On or near Hollybank,E01021415,Braintree 017A,Criminal damage and arson,Investigation complete; no suspect identified,
b66ebac63d8b2f752204b38d469fa5205fc2f7ce53803764959a3fb256e05245,2024-11,Essex Police,Essex Police,0.648700,51.802172,On or near Stepfield,E01021415,Braintree 017A,Other theft,Investigation complete; no suspect identified,
8e10dfb56b3219360f163f1fd03c18f491c7b42f02faf518b3daeef906dfe4e8,2024-11,Essex Police,Essex Police,0.637927,51.798539,On or near Lawn Chase,E01021415,Braintree 017A,Public order,Unable to prosecute suspect,
dee83afed307dc9dc0c1f8a3728de9b2abde67440bbf02299a4e694d01537e17,2024-11,Essex Police,Essex Police,0.637192,51.797620,On or near B1389,E01021415,Braintree 017A,Public order,Investigation complete; no suspect identified,
ff36543efc07bb76cbb4d293e5231fe1ed86f63995bd47d46edff830ce16d1ea,2024-11,Essex Police,Essex Police,0.635750,51.799505,On or near Hollybank,E01021415,Braintree 017A,Public order,Court result unavailable,
7f7167748f8ba61c9c3ff763376eef582d0103e0922b5807da7ffb78963c97cd,2024-11,Essex Police,Essex Police,0.639337,51.799334,On or near Coach House Way,E01021415,Braintree 017A,Public order,Investigation complete; no suspect identified,
3004f71087d7dee371f756b62bfb3826e2f9af89a0d3b9a09585c75debee0174,2024-11,Essex Police,Essex Police,0.639337,51.799334,On or near Coach House Way,E01021415,Braintree 017A,Shoplifting,Investigation complete; no suspect identified,
1255fb60e62b096d23129e4dbaf29507d50f70c5fb7491b4ae29e2b2d114c632,2024-11,Essex Police,Essex Police,0.639337,51.799334,On or near Coach House Way,E01021415,Braintree 017A,Shoplifting,Investigation complete; no suspect identified,
9a71ad84abfc5eb9596fb488b70e70d013d8b3f46126d530ef3d262301f7e694,2024-11,Essex Police,Essex Police,0.638610,51.799306,On or near Scotsfield Mews,E01021415,Braintree 017A,Shoplifting,Court result unavailable,
290aeb365b3e07811ee455092f551b974bf7a9fd8a6befd6f6dd1a95e945eae1,2024-11,Essex Police,Essex Police,0.643572,51.796595,On or near Petrol Station,E01021415,Braintree 017A,Shoplifting,Investigation complete; no suspect identified,
d8cc34b1e831989cdef04b53578db87631c041ec4235bdc1447c866e101e41e4,2024-11,Essex Police,Essex Police,0.637927,51.798539,On or near Lawn Chase,E01021415,Braintree 017A,Violence and sexual offences,Unable to prosecute suspect,
ec96098b5d8eefbc6b829c1cea2a0f774542c132cbe33ab8f77afbbeaf67568c,2024-11,Essex Police,Essex Police,0.639337,51.799334,On or near Coach House Way,E01021415,Braintree 017A,Violence and sexual offences,Investigation complete; no suspect identified,
f738af29a1497639ef7690f5aa128b5339cca7613d8c58c3a1e0dde2227c122e,2024-11,Essex Police,Essex Police,0.639337,51.799334,On or near Coach House Way,E01021415,Braintree 017A,Violence and sexual offences,Unable to prosecute suspect,
549e4c9d9a4daa48fa87beccaa401fee9a2d2dd15e7dd33c20bc97a67e6c80f6,2024-11,Essex Police,Essex Police,0.645795,51.799873,On or near Wakelin Way,E01021415,Braintree 017A,Violence and sexual offences,Unable to prosecute suspect,
3ee95636c4277aae8a1a6193970830fecbb9244cd3830906e3074a9bf88c1490,2024-11,Essex Police,Essex Police,0.639337,51.799334,On or near Coach House Way,E01021415,Braintree 017A,Violence and sexual offences,Investigation complete; no suspect identified,
32ef9be88ad0700933a205c82030dec3bc0df398dd1d4dd5b8f9be661d5a8e96,2024-11,Essex Police,Essex Police,0.638610,51.799306,On or near Scotsfield Mews,E01021415,Braintree 017A,Violence and sexual offences,Action to be taken by another organisation,
ac4cbc196f7ec1ec8dea57eb18f52d377d73b39eed29ffa7a712444eb24a88ec,2024-11,Essex Police,Essex Police,0.636120,51.797149,On or near Parking Area,E01021415,Braintree 017A,Violence and sexual offences,Investigation complete; no suspect identified,
3a027cab8dc5451e023fa9758f29348515ab4e0d6c95266cf18a71d57c648321,2024-11,Essex Police,Essex Police,0.636378,51.801568,On or near Guithavon Rise,E01021415,Braintree 017A,Violence and sexual offences,Unable to prosecute suspect,
,2024-11,Essex Police,Essex Police,0.639574,51.800651,On or near Parking Area,E01021416,Braintree 017B,Anti-social behaviour,,
,2024-11,Essex Police,Essex Police,0.639467,51.809008,On or near Supermarket,E01021416,Braintree 017B,Anti-social behaviour,,
,2024-11,Essex Police,Essex Police,0.640486,51.802600,On or near The Paddocks,E01021416,Braintree 017B,Anti-social behaviour,,
,2024-11,Essex Police,Essex Police,0.640081,51.800882,On or near Ben Sainty Court,E01021416,Braintree 017B,Anti-social behaviour,,
ee7f0c0c26bcbb2cb6494dc8d36f1946905cd1ac1411bf4f03c551d6697a4d2f,2024-11,Essex Police,Essex Police,0.641367,51.800053,On or near Parking Area,E01021416,Braintree 017B,Criminal damage and arson,Investigation complete; no suspect identified,
ebfd581230b68d43de22378cd18d2982404a7b39f4f14705a11638aba98ac419,2024-11,Essex Police,Essex Police,0.641367,51.800053,On or near Parking Area,E01021416,Braintree 017B,Criminal damage and arson,Investigation complete; no suspect identified,
aa6d7c84624f5ce06d3c1706dc221b0689cd3dfd7edd7d002371b2559a3bc584,2024-11,Essex Police,Essex Police,0.646666,51.806571,On or near Crittall Road,E01021416,Braintree 017B,Drugs,Investigation complete; no suspect identified,
2007516b3176ec37fe5b80fc182e1782d01d01dc63e673ec45a55ffeda78d791,2024-11,Essex Police,Essex Police,0.638111,51.807645,On or near Parking Area,E01021416,Braintree 017B,Drugs,Unable to prosecute suspect,
a095b2b4d5dd7b0e21a546676866ff128144079bc5be0c7a93bb8d4fa1d2bcfd,2024-11,Essex Police,Essex Police,0.639106,51.801336,On or near B1018,E01021416,Braintree 017B,Other theft,Investigation complete; no suspect identified,
6b74d365d48c5304b254a648091189d4da01f85e608db8598a83b8e7dcd3664c,2024-11,Essex Police,Essex Police,0.640805,51.808061,On or near Petrol Station,E01021416,Braintree 017B,Other theft,Investigation complete; no suspect identified,
d716354eccc918673540abb234d2a141a1e10d18c22ac3f5fd4dfaa5b34bd1ef,2024-11,Essex Police,Essex Police,0.641367,51.800053,On or near Parking Area,E01021416,Braintree 017B,Other theft,Investigation complete; no suspect identified,
6e5a2ab40d50c3f5b6657edbeec7979c39fad35e2e11f9e4af84933e445f5bad,2024-11,Essex Police,Essex Police,0.640805,51.808061,On or near Petrol Station,E01021416,Braintree 017B,Other theft,Investigation complete; no suspect identified,
a28baebc81587d9b95c552f9c6582e73eda814fc2b743fba58bcef3a47edb31c,2024-11,Essex Police,Essex Police,0.639467,51.809008,On or near Supermarket,E01021416,Braintree 017B,Robbery,Unable to prosecute suspect,
e2750e6e09b62881881c5d84a93a3becea1c274b97c92b44afe4e79c2110c488,2024-11,Essex Police,Essex Police,0.639467,51.809008,On or near Supermarket,E01021416,Braintree 017B,Shoplifting,Investigation complete; no suspect identified,
ac726e6d4aed92e7f2c6767e106ff243bc9fc8922149b4d1503b6b9bd66812ba,2024-11,Essex Police,Essex Police,0.639467,51.809008,On or near Supermarket,E01021416,Braintree 017B,Shoplifting,Investigation complete; no suspect identified,
deb35bdc0770d32e62500acdd038a6ab60741dbc6510e8da903d960b70a03e4c,2024-11,Essex Police,Essex Police,0.639467,51.809008,On or near Supermarket,E01021416,Braintree 017B,Shoplifting,Investigation complete; no suspect identified,
7568de4fb4368b069ef93f8547f186ad5c68a4029306dde41ea0ff44769a45fc,2024-11,Essex Police,Essex Police,0.639467,51.809008,On or near Supermarket,E01021416,Braintree 017B,Shoplifting,Investigation complete; no suspect identified,
e9a26bd55b85ac1e83f6bbb19d2589efd6b72cee967173292e99dfbc4bac8aa3,2024-11,Essex Police,Essex Police,0.639467,51.809008,On or near Supermarket,E01021416,Braintree 017B,Shoplifting,Investigation complete; no suspect identified,
552faf0ad8d880f1b0d7ddfc348d19f06451ace9dab621470a7827162bfd97e6,2024-11,Essex Police,Essex Police,0.639467,51.809008,On or near Supermarket,E01021416,Braintree 017B,Shoplifting,Investigation complete; no suspect identified,
8f861bfbd0d8cbc74308775cf99c870791604d9b6bad401ab63b2e1019441775,2024-11,Essex Police,Essex Police,0.639467,51.809008,On or near Supermarket,E01021416,Braintree 017B,Shoplifting,Investigation complete; no suspect identified,
2808c7c4be3de95bbe29ebc7a3e0957b36c084aedfe957ddc4e3f9b9c710704d,2024-11,Essex Police,Essex Police,0.639574,51.800651,On or near Parking Area,E01021416,Braintree 017B,Shoplifting,Investigation complete; no suspect identified,
60bc4db561ebeb22acd1abc4f2ccd070c73903aa63e29ecfe24c8f0a63c19f6c,2024-11,Essex Police,Essex Police,0.639467,51.809008,On or near Supermarket,E01021416,Braintree 017B,Shoplifting,Investigation complete; no suspect identified,
ade57c149c312d9abbcce807e380b01a3f5f599c0de251d48164b6b845f1ce15,2024-11,Essex Police,Essex Police,0.639467,51.809008,On or near Supermarket,E01021416,Braintree 017B,Shoplifting,Investigation complete; no suspect identified,
d6d801e6c7111dd1a56c883f2a491a8580c30b4bf3b6c72c67ba8882a3d0a00a,2024-11,Essex Police,Essex Police,0.643144,51.799195,On or near Shopping Area,E01021416,Braintree 017B,Shoplifting,Investigation complete; no suspect identified,
a6893b1d9706c4513a63e1b60ac2cb66a25a9e7f1ab50c5bbb5b3f1bbd4765a2,2024-11,Essex Police,Essex Police,0.643144,51.799195,On or near Shopping Area,E01021416,Braintree 017B,Shoplifting,Investigation complete; no suspect identified,
bebfffd31c61e69211ae1f2c75ca34373e72f61c18fbe30bb2cb295450a4cfae,2024-11,Essex Police,Essex Police,0.639574,51.800651,On or near Parking Area,E01021416,Braintree 017B,Shoplifting,Investigation complete; no suspect identified,
67ee8ce65502e7af444fb7ad8442ee0b64ba57bcc6f590bf28285355331fe735,2024-11,Essex Police,Essex Police,0.639467,51.809008,On or near Supermarket,E01021416,Braintree 017B,Shoplifting,Status update unavailable,
4d2754ca5ea13e8ea463c80393b204328c5dd68b5a56d541760d768d0f4810b1,2024-11,Essex Police,Essex Police,0.639467,51.809008,On or near Supermarket,E01021416,Braintree 017B,Shoplifting,Investigation complete; no suspect identified,
42ccfd31f8c5c18ff95a27b2f1e22c4f229cdf8e8ce74b27bb3cb740f3bcb8cc,2024-11,Essex Police,Essex Police,0.639467,51.809008,On or near Supermarket,E01021416,Braintree 017B,Vehicle crime,Investigation complete; no suspect identified,
53c50305432393d783637d3709bc893815571cee336105e0621d1e37095081e7,2024-11,Essex Police,Essex Police,0.640701,51.807272,On or near Parking Area,E01021416,Braintree 017B,Vehicle crime,Investigation complete; no suspect identified,
67b417e3764324cca7305114608f6084bc3fca5aad3f77791fc1bf65638f61f4,2024-11,Essex Police,Essex Police,0.637136,51.805364,On or near Templemead,E01021416,Braintree 017B,Vehicle crime,Unable to prosecute suspect,
ffdcb86f4485bbf77e169bedec53744d7621686f454a00c6a002ac93ad1442b6,2024-11,Essex Police,Essex Police,0.637136,51.805364,On or near Templemead,E01021416,Braintree 017B,Violence and sexual offences,Unable to prosecute suspect,
59c7b654cf7066beaa754df90624fd2dd86abb838b0b663955fb493235ae5777,2024-11,Essex Police,Essex Police,0.641503,51.800904,On or near Newland Street,E01021416,Braintree 017B,Violence and sexual offences,Unable to prosecute suspect,
6cfb6b3a35e19638274838d0563a8bb25d9883b43bb74a83a53b1f43f7bd7432,2024-11,Essex Police,Essex Police,0.639106,51.801336,On or near B1018,E01021416,Braintree 017B,Violence and sexual offences,Status update unavailable,
933a7edeb5c147c64bdb21ddedfe1de9e70014c84484e2ad3a99feafb1a09e1a,2024-11,Essex Police,Essex Police,0.637136,51.805364,On or near Templemead,E01021416,Braintree 017B,Violence and sexual offences,Investigation complete; no suspect identified,
21a4dfe4298d2e27aa115b12c86bdfff3d11f2d54bdde6d89d15e02b425a467e,2024-11,Essex Police,Essex Police,0.640081,51.800882,On or near Ben Sainty Court,E01021416,Braintree 017B,Violence and sexual offences,Unable to prosecute suspect,
8e246cce88e2b73d7ca7596eaf147913afc2b81f404fe85ebfa9d747f8bdea8a,2024-11,Essex Police,Essex Police,0.641367,51.800053,On or near Parking Area,E01021416,Braintree 017B,Violence and sexual offences,Investigation complete; no suspect identified,
3b54a49a200b21624c01e634508f8a036be2d6ea4ddd7a41ee4ae18b30394cca,2024-11,Essex Police,Essex Police,0.640081,51.800882,On or near Ben Sainty Court,E01021416,Braintree 017B,Violence and sexual offences,Unable to prosecute suspect,
1cddaf1c849a3c85024870fba75ab99e36a6f13fc6fccd37416d7c90f1f74746,2024-11,Essex Police,Essex Police,0.637884,51.809421,On or near Petrol Station,E01021416,Braintree 017B,Other crime,Unable to prosecute suspect,
03bb11f0fe31de33ae6d4aa010424da99e125a0e58871a5453dfcae372009f03,2024-11,Essex Police,Essex Police,0.640533,51.810603,On or near Homefield Road,E01021420,Braintree 017C,Criminal damage and arson,Investigation complete; no suspect identified,
01791b1649af4698b16d3ebad31ddaf432363b0ef5291e476477fc8d08176449,2024-11,Essex Police,Essex Police,0.645764,51.810998,On or near Mulberry Gardens,E01021420,Braintree 017C,Criminal damage and arson,Unable to prosecute suspect,
2753f204f6d856f3a24b244996cff94609ff12f644a68335bef910213ac9eabd,2024-11,Essex Police,Essex Police,0.645356,51.813930,On or near Forest Road,E01021420,Braintree 017C,Drugs,Local resolution,
05d4c0ac7c94a94f4793ab0f7648506660c6b6e0bf09d1a149cef7098f633024,2024-11,Essex Police,Essex Police,0.645356,51.813930,On or near Forest Road,E01021420,Braintree 017C,Drugs,Offender given a caution,
f9bbf6f23054e5d60229a60e53be8e282922fc6711430e94c23afadcfb66c839,2024-11,Essex Police,Essex Police,0.644971,51.814550,On or near The Spinney,E01021420,Braintree 017C,Other theft,Unable to prosecute suspect,
3d5b1eb5f910da33f6843e2d0476e020d63698f4ad4dd9bbabc2c461104cbe4b,2024-11,Essex Police,Essex Police,0.647665,51.812970,On or near Yew Close,E01021420,Braintree 017C,Vehicle crime,Investigation complete; no suspect identified,
fdb988b97b5665ed858c1553c26a8ba77b55ce53ad6be745ad830e99f77a32ef,2024-11,Essex Police,Essex Police,0.647188,51.811766,On or near Elderberry Gardens,E01021420,Braintree 017C,Violence and sexual offences,Unable to prosecute suspect,
51777de2b1ce79be853d96f6f3406504d7ead3825b93f3e8f73c5ef1e751662c,2024-11,Essex Police,Essex Police,0.647188,51.811766,On or near Elderberry Gardens,E01021420,Braintree 017C,Violence and sexual offences,Court result unavailable,
ce8ed187ebf4c60a1c35a4f0ab3258c4ffa6c9ba2efbc4bfd247033d2069a371,2024-11,Essex Police,Essex Police,0.647188,51.811766,On or near Elderberry Gardens,E01021420,Braintree 017C,Violence and sexual offences,Court result unavailable,
51adcc479ce25b3d177485babb041c4ab5117fb4a163e3c71acacfa8a2259eeb,2024-11,Essex Police,Essex Police,0.641291,51.810919,On or near Cypress Road,E01021420,Braintree 017C,Violence and sexual offences,Unable to prosecute suspect,
8e300ae6e9a276f6cacb99ad06133315247b0aa0ef89fdc271f24371731dc93b,2024-11,Essex Police,Essex Police,0.644971,51.814550,On or near The Spinney,E01021420,Braintree 017C,Violence and sexual offences,Unable to prosecute suspect,
8cbe578899fca77d534ad3a4a27de2caa36a33c2c8eea017715d7187c00a21d1,2024-11,Essex Police,Essex Police,0.639903,51.792136,On or near Edinburgh Close,E01021422,Braintree 017E,Burglary,Investigation complete; no suspect identified,
ef2f015d7b443414e0de397064cce83d9711b874d3a78a208715b1ff15663519,2024-11,Essex Police,Essex Police,0.641876,51.791642,On or near Pitt Avenue,E01021422,Braintree 017E,Criminal damage and arson,Unable to prosecute suspect,
699f6962870f2e380bf82cb1e17f005efe7d8b6c3982ca960ea10bc2ad1dda6e,2024-11,Essex Police,Essex Police,0.621556,51.788122,On or near Claydon Grove,E01033460,Braintree 017F,Shoplifting,Investigation complete; no suspect identified,
ebafab6fcb798f9faff25615b1108ee658c22750057ef26c04f78f82c154d0c6,2024-11,Essex Police,Essex Police,0.621556,51.788122,On or near Claydon Grove,E01033460,Braintree 017F,Shoplifting,Investigation complete; no suspect identified,
d442156a0c9d9f3aef0c31e8061f54af1d087ca427944b06c8ea5478972a630f,2024-11,Essex Police,Essex Police,0.621556,51.788122,On or near Claydon Grove,E01033460,Braintree 017F,Shoplifting,Investigation complete; no suspect identified,
3289ee68e78f3727bd23cc61a94e8f5048f3ba242fd884917f3406c5f032e05a,2024-11,Essex Police,Essex Police,0.619672,51.786383,On or near Collar Way,E01033460,Braintree 017F,Shoplifting,Unable to prosecute suspect,
a2ef3f706ee6c75801604b3155431b5bb1032b6d545266523241e08cc4ee864d,2024-11,Essex Police,Essex Police,0.625142,51.793429,On or near Allectus Way,E01033460,Braintree 017F,Violence and sexual offences,Unable to prosecute suspect,
c79b0f0ad8d7b31b680fcd8913df0b7270166fcbf6485dadf8e1ec39d28d0d68,2024-11,Essex Police,Essex Police,0.625142,51.793429,On or near Allectus Way,E01033460,Braintree 017F,Violence and sexual offences,Unable to prosecute suspect,
dd90307e0c8ebfd27e75cb1f1fffed9764d0a7975bebea547bd1f5a2a3b879a9,2024-11,Essex Police,Essex Police,0.618300,51.786972,On or near Hooten End,E01033460,Braintree 017F,Violence and sexual offences,Action to be taken by another organisation,
3f1bb17b4f8a2b3a6a173286a67fcef2f24207586ec6f7372046290e56efbd8d,2024-11,Essex Police,Essex Police,0.628451,51.788490,On or near Sneezum Walk,E01033460,Braintree 017F,Violence and sexual offences,Unable to prosecute suspect,
1dda8f3f1ff8c89588bddb78e2ea00a813474c295f2281b2a25902c8112a72e3,2024-11,Essex Police,Essex Police,0.619672,51.786383,On or near Collar Way,E01033460,Braintree 017F,Violence and sexual offences,Unable to prosecute suspect,
,2024-11,Essex Police,Essex Police,0.635281,51.790963,On or near Maltings Lane,E01033461,Braintree 017G,Anti-social behaviour,,
f75b19e4261c679c75a38b42f851b79a57aca7c7263342d3720b4ac4bfc49aef,2024-11,Essex Police,Essex Police,0.630343,51.787350,On or near Randall Close,E01033461,Braintree 017G,Drugs,Investigation complete; no suspect identified,
ffae172ec229e741a6886b44b4424cb3980a60a0c443eb00e2d5dff8e58ef22a,2024-11,Essex Police,Essex Police,0.632098,51.788597,On or near Dawson Way,E01033461,Braintree 017G,Drugs,Investigation complete; no suspect identified,
0f7c784de0a9b2f4976e1addc5b06f1efb36fbee42a8f2a946cfa53b8582ebc4,2024-11,Essex Police,Essex Police,0.627897,51.789428,On or near Everitt Court,E01033461,Braintree 017G,Public order,Status update unavailable,
ccf5783e16f75ee78bb4623d304c9db17546bf656e70dab19e9f0f8e6603bb6b,2024-11,Essex Police,Essex Police,0.627897,51.789428,On or near Everitt Court,E01033461,Braintree 017G,Public order,Unable to prosecute suspect,
570d7c715c3d5c90a97c1e23858c1360a037bf4f627b9cdbe3adacc4489cb460,2024-11,Essex Police,Essex Police,0.627897,51.789428,On or near Everitt Court,E01033461,Braintree 017G,Violence and sexual offences,Unable to prosecute suspect,
5b0351ff7d8998853073b0da22067f2b54cf96e7e1e8296c2b0b617c987fe9e6,2024-11,Essex Police,Essex Police,0.631810,51.787137,On or near Baker Way,E01033461,Braintree 017G,Violence and sexual offences,Status update unavailable,
4b2a87f9d708f3984cfb2039194025faac560bd8123915e46b5d934ebe49e9e6,2024-11,Essex Police,Essex Police,0.630343,51.787350,On or near Randall Close,E01033461,Braintree 017G,Violence and sexual offences,Unable to prosecute suspect,
5d3302d70e5691ba98ef2b08935d8fef8be18ef89033443fd3311a7620944b8b,2024-11,Essex Police,Essex Police,0.630343,51.787350,On or near Randall Close,E01033461,Braintree 017G,Violence and sexual offences,Unable to prosecute suspect,
41a68ad6ce8cfe5e7851b83f0c4abaa1d62c42ab4d71343a726d0e351affba7a,2024-11,Essex Police,Essex Police,0.630343,51.787350,On or near Randall Close,E01033461,Braintree 017G,Violence and sexual offences,Unable to prosecute suspect,
,2024-11,Essex Police,Essex Police,0.630052,51.795801,On or near Epping Way,E01033462,Braintree 017H,Anti-social behaviour,,
2d242706e4f855c2068c70e0c955d2da86378d275a089097afd5e4cedf081ccb,2024-11,Essex Police,Essex Police,0.630670,51.795455,On or near Halcyon Close,E01033462,Braintree 017H,Criminal damage and arson,Investigation complete; no suspect identified,
136cd944dd49039b83ff618dd7f24a13846820fe6cf12560057d8c4827669f5c,2024-11,Essex Police,Essex Police,0.631019,51.794736,On or near Windsor Close,E01033462,Braintree 017H,Other theft,Unable to prosecute suspect,
c1c84daf305003f881f379c5b36268d95a3c9e8c455ed202b2f84c6bb1a757b4,2024-11,Essex Police,Essex Police,0.631701,51.796727,On or near Spinks Lane,E01033462,Braintree 017H,Violence and sexual offences,Action to be taken by another organisation,
5399862df5f18169e4d0684b9b045c7389ccbcb31e4f7e6ded970fa06c3152f1,2024-11,Essex Police,Essex Police,0.632056,51.795603,On or near Tucker Drive,E01033462,Braintree 017H,Violence and sexual offences,Unable to prosecute suspect,
deb846984014c5b8b9ebaaa70c38865a9a31cbf943cc37111a92ef281c538263,2024-11,Essex Police,Essex Police,0.631701,51.796727,On or near Spinks Lane,E01033462,Braintree 017H,Violence and sexual offences,Action to be taken by another organisation,
4629281bdb87c118502509a247a7c64293ed1b46c28f292b3c9b969adb2368a0,2024-11,Essex Police,Essex Police,0.631701,51.796727,On or near Spinks Lane,E01033462,Braintree 017H,Violence and sexual offences,Action to be taken by another organisation,
470f4964076d50e2f3a982e071643853efdc81328b4a19a5f45bb42f2e33eedb,2024-11,Essex Police,Essex Police,0.631701,51.796727,On or near Spinks Lane,E01033462,Braintree 017H,Violence and sexual offences,Action to be taken by another organisation,
8011c4a48e02d50beff37069059886c5a4cf04fcb4b04a8ad0c0045cfbf4188f,2024-11,Essex Police,Essex Police,0.556712,51.841261,On or near Green Lane,E01021348,Braintree 018A,Burglary,Investigation complete; no suspect identified,
e9c7a7bcc8584e717cbb8a895379c8368ee740b2cd6d6c597e55c078858b12ae,2024-11,Essex Police,Essex Police,0.561789,51.805124,On or near Norman Hill,E01021348,Braintree 018A,Burglary,Investigation complete; no suspect identified,
7ef499f4148b8cca54e58b9fb1043d96b6a409f87617a016fad168d5be03f860,2024-11,Essex Police,Essex Police,0.572566,51.808162,On or near Fairstead Road,E01021348,Braintree 018A,Burglary,Investigation complete; no suspect identified,
b7f8ba9af7f8a950db89f96cba888ba4f68834ecd00be5e18cef8bdab99e4906,2024-11,Essex Police,Essex Police,0.569459,51.805559,On or near The Street,E01021348,Braintree 018A,Criminal damage and arson,Investigation complete; no suspect identified,
32d8bf11fc101b6b0810c48007809b380036a39dbfb8a0d6d51f7a7c4e40a7af,2024-11,Essex Police,Essex Police,0.588902,51.836501,On or near The Street,E01021348,Braintree 018A,Vehicle crime,Investigation complete; no suspect identified,
320988652319054c9a475434e1985b9e7c9a42d9e27530cc4844cbb68eee0019,2024-11,Essex Police,Essex Police,0.554610,51.803365,On or near Waltham Road,E01021348,Braintree 018A,Violence and sexual offences,Action to be taken by another organisation,
,2024-11,Essex Police,Essex Police,0.594342,51.773797,On or near Fitch Close,E01021394,Braintree 018B,Anti-social behaviour,,
,2024-11,Essex Police,Essex Police,0.590472,51.779117,On or near Parking Area,E01021394,Braintree 018B,Anti-social behaviour,,
b66e25af3142bf3d2c84c0d40f78b0bacb2d1e617e15905f207ba070be80a534,2024-11,Essex Police,Essex Police,0.593466,51.772674,On or near Crabb'S Hill,E01021394,Braintree 018B,Burglary,Investigation complete; no suspect identified,
83df467c7fcdb5f009f001535f441c64748adfa3ba3d4dcc4d2707e791526b40,2024-11,Essex Police,Essex Police,0.590693,51.773869,On or near Garden Field,E01021394,Braintree 018B,Drugs,Local resolution,
5d192ebaccbcdb4702f49c8293fa7ab2d33937a9e0b6956d8c3167503b15f7d1,2024-11,Essex Police,Essex Police,0.591410,51.773979,On or near Stone Path Drive,E01021394,Braintree 018B,Other theft,Investigation complete; no suspect identified,
78708fdc7de4e7bec58c7f625cd1f5c5c57806ed5cb6f7881041875581616d6e,2024-11,Essex Police,Essex Police,0.591826,51.778961,On or near Old Dairy Approach,E01021394,Braintree 018B,Public order,Investigation complete; no suspect identified,
b98a1b173b69164de27a1d5a65f82cfdb2caff26bef3c96478f0a3bf2456d015,2024-11,Essex Police,Essex Police,0.590389,51.774883,On or near The Street,E01021394,Braintree 018B,Public order,Unable to prosecute suspect,
ac86fc2dc0dc4159df122ee21a0b34e954922cc8e7504b19718ae26f924f56f2,2024-11,Essex Police,Essex Police,0.597800,51.776661,On or near Supermarket,E01021394,Braintree 018B,Shoplifting,Investigation complete; no suspect identified,
a5e5b22fc910965d35904edfcc3c4908211cde3fca6799b76ed995721e4d602d,2024-11,Essex Police,Essex Police,0.597800,51.776661,On or near Supermarket,E01021394,Braintree 018B,Shoplifting,Investigation complete; no suspect identified,
7a6721d9ec7c5b64a650dae6cfbc63a0d38c9f297c85f60a116a2bfeb6e0eb2e,2024-11,Essex Police,Essex Police,0.590472,51.779117,On or near Parking Area,E01021394,Braintree 018B,Vehicle crime,Investigation complete; no suspect identified,
83473755cfae226851f28c9eb2547440001cd1651f9964ce782ad62b3df44a25,2024-11,Essex Police,Essex Police,0.594342,51.773797,On or near Fitch Close,E01021394,Braintree 018B,Violence and sexual offences,Unable to prosecute suspect,
a953843643cb71996547946f18ca65efb5552ca7dadb0505f59c0b7538108461,2024-11,Essex Police,Essex Police,0.590472,51.779117,On or near Parking Area,E01021394,Braintree 018B,Violence and sexual offences,Unable to prosecute suspect,
49adbe56e102bea1ccaf2752384cc741591521c26191162a23a3524bb53d8c42,2024-11,Essex Police,Essex Police,0.593466,51.772674,On or near Crabb'S Hill,E01021394,Braintree 018B,Violence and sexual offences,Unable to prosecute suspect,
6231e6bea41e27ed9dba8c01a25b3af203180249063a25cd05a58fa5e950bb1e,2024-11,Essex Police,Essex Police,0.603126,51.771517,On or near Conquerors Close,E01021395,Braintree 018C,Burglary,Investigation complete; no suspect identified,
74be17973acd0786d3e17c640544bb12ff9ee12c217dd58749556fd1a06a4c08,2024-11,Essex Police,Essex Police,0.604185,51.774551,On or near Woodham Drive,E01021395,Braintree 018C,Violence and sexual offences,Unable to prosecute suspect,
9418c928e820d7b26299d0877316858daf4ad721b0862937ea77a0890ef2c75d,2024-11,Essex Police,Essex Police,0.602235,51.771644,On or near De Vere Close,E01021395,Braintree 018C,Violence and sexual offences,Unable to prosecute suspect,
ebf34f8ed5fddce10bc3f9041960d8421123ac1a6ccfe1c5daceb798f2702ef2,2024-11,Essex Police,Essex Police,0.600928,51.777159,On or near Sunningdale Fall,E01021395,Braintree 018C,Violence and sexual offences,Investigation complete; no suspect identified,
6e92c0825789793af1084cbade1e2de9c0e895860fb3b0777ce896045926b2fc,2024-11,Essex Police,Essex Police,0.573077,51.772295,On or near Parking Area,E01021396,Braintree 018D,Burglary,Investigation complete; no suspect identified,
dce03f1e1cce2fb04db2f649834f38e93922f74b6bd19ae4084ec2d10976b9d6,2024-11,Essex Police,Essex Police,0.629165,51.762366,On or near B1019,E01021396,Braintree 018D,Burglary,Investigation complete; no suspect identified,
7887bc5349a161b97dae0416ae397e149fed1b1004180ebc2f859b12af0176be,2024-11,Essex Police,Essex Police,0.617593,51.769010,On or near Maldon Road,E01021396,Braintree 018D,Vehicle crime,Investigation complete; no suspect identified,
1cb377a2aef438fa7c95fb4003f94fb45ff07f5832e8d3bd04859cb19ce7a527,2024-11,Essex Police,Essex Police,0.608321,51.770601,On or near Green Close,E01021396,Braintree 018D,Violence and sexual offences,Status update unavailable,
c36bc66919c8f650cb3f4f23fe2221b8b65a2987ebdc454ce23763b3c3dfa058,2024-11,Essex Police,Essex Police,0.602705,51.764205,On or near Sportsmans Lane,E01021396,Braintree 018D,Violence and sexual offences,Unable to prosecute suspect,
70438c2a6ac0a40519c24afc7bffa3dbb7559a0c671daf6d92638c173e47d58c,2024-11,Essex Police,Essex Police,0.631964,51.787799,On or near Morrison Drive,E01021424,Braintree 018E,Criminal damage and arson,Unable to prosecute suspect,
bc17eee3555c4482fb65c0fad80dd90f8567f2fd0a50e1f3a2e88ff5e8f7326d,2024-11,Essex Police,Essex Police,0.637736,51.788803,On or near Juvina Close,E01021424,Braintree 018E,Vehicle crime,Investigation complete; no suspect identified,
804477ff9e066dc277a175c9ea72f2b0e9b35d3d5c838ba0bdad3fba648f1fcf,2024-11,Essex Police,Essex Police,0.645222,51.783895,On or near Park/Open Space,E01021424,Braintree 018E,Vehicle crime,Investigation complete; no suspect identified,
37c46e1ae567f00c9f882a601c98e0b666867a3d219349a61fca0b401e54baf6,2024-11,Essex Police,Essex Police,0.646524,51.792769,On or near Clayshotts Drive,E01021424,Braintree 018E,Violence and sexual offences,Court result unavailable,
ff5ac93d4fdb8921a44cb29ea40e70c1fe128f2a8740e98842d8135655c7b4c8,2024-11,Essex Police,Essex Police,0.646524,51.792769,On or near Clayshotts Drive,E01021424,Braintree 018E,Violence and sexual offences,Court result unavailable,
6442a39861a51939588c97e90c46d579240bb2319383fda46109fed071c5849f,2024-11,Essex Police,Essex Police,0.294613,51.667344,On or near Hallam Close,E01021441,Brentwood 001A,Other theft,Investigation complete; no suspect identified,
,2024-11,Essex Police,Essex Police,0.301849,51.663740,On or near Doddinghurst Road,E01021442,Brentwood 001B,Anti-social behaviour,,
ba6ea1749e7e79baf21f12a1529fe281ecc551002e4d92bc5eed63ce8592e1a5,2024-11,Essex Police,Essex Police,0.307418,51.664053,On or near Parsonage Field,E01021442,Brentwood 001B,Criminal damage and arson,Formal action is not in the public interest,
eb1b1757b1f19cbffdb387de07cc61fefc44a2240c614d38b62ee35608b8d28a,2024-11,Essex Police,Essex Police,0.307418,51.664053,On or near Parsonage Field,E01021442,Brentwood 001B,Criminal damage and arson,Status update unavailable,
,2024-11,Essex Police,Essex Police,0.207910,51.633341,On or near Horseman Side,E01021443,Brentwood 001C,Anti-social behaviour,,
,2024-11,Essex Police,Essex Police,0.259152,51.648733,On or near Snakes Hill,E01021443,Brentwood 001C,Anti-social behaviour,,
,2024-11,Essex Police,Essex Police,0.181801,51.652983,On or near Albyns Lane,E01021443,Brentwood 001C,Anti-social behaviour,,
df5989d734cc9872910feca77e57f0ae4fff020687c506f6ff792500656dc0cc,2024-11,Essex Police,Essex Police,0.209610,51.656708,On or near Mill Lane,E01021443,Brentwood 001C,Burglary,Investigation complete; no suspect identified,
3803d4cb73e0635e75e9ff57077779f652191ab25719b29854794f882163f239,2024-11,Essex Police,Essex Police,0.233659,51.662692,On or near Dudbrook Road Lady'S Hill,E01021443,Brentwood 001C,Criminal damage and arson,Investigation complete; no suspect identified,
de0bcdbf4541c2714eda3f7abb3295a5be6b8173561e826c032f17d7d632e255,2024-11,Essex Police,Essex Police,0.274194,51.665636,On or near Eagle Lane,E01021443,Brentwood 001C,Criminal damage and arson,Investigation complete; no suspect identified,
9b9434dc910c28982ea64e5f177cfb84801f583f20922d94c96700885d031ed4,2024-11,Essex Police,Essex Police,0.215076,51.634952,On or near Park/Open Space,E01021443,Brentwood 001C,Criminal damage and arson,Investigation complete; no suspect identified,
0e2c0fb4fb241aafdfa5b56415c03f37de9a1eb131060a949b92bdb9f893cfa8,2024-11,Essex Police,Essex Police,0.254973,51.666466,On or near Beacon Hill,E01021443,Brentwood 001C,Criminal damage and arson,Investigation complete; no suspect identified,
2d24732b8a64864329ceca832c3db1eca21021baad09eeae45b071fb6c856ae1,2024-11,Essex Police,Essex Police,0.231963,51.642895,On or near Old Road,E01021443,Brentwood 001C,Criminal damage and arson,Investigation complete; no suspect identified,
c7db0a799f4ae72dd01fb1dfb56b013c7a7dd2e5161224881d84e56b32f5983f,2024-11,Essex Police,Essex Police,0.257996,51.653683,On or near Navestock Side,E01021443,Brentwood 001C,Criminal damage and arson,Investigation complete; no suspect identified,
effebfbb47b109a4630cda4fecac87d2a3002612a7ad531732cda7c4e8aaa710,2024-11,Essex Police,Essex Police,0.261019,51.666493,On or near Church Road,E01021443,Brentwood 001C,Other theft,Unable to prosecute suspect,
310e446a25568ea1a869780ea9f40cd98d46f3696d2f49d43f60580f3824682a,2024-11,Essex Police,Essex Police,0.276549,51.665303,On or near Horseman Court,E01021443,Brentwood 001C,Vehicle crime,Investigation complete; no suspect identified,
ad547ada675c4af26156c6c9a6fe32ff463b3b5ee335e950142ebffa1b6582dd,2024-11,Essex Police,Essex Police,0.204833,51.631555,On or near Goatswood Lane,E01021443,Brentwood 001C,Vehicle crime,Unable to prosecute suspect,
5cdd89a30cc97aa66ea92e6d1dac56f995028cbe28d5dd917dba9668766b90c4,2024-11,Essex Police,Essex Police,0.204833,51.631555,On or near Goatswood Lane,E01021443,Brentwood 001C,Violence and sexual offences,Unable to prosecute suspect,
,2024-11,Essex Police,Essex Police,0.277355,51.662635,On or near Great Fox Meadow,E01021444,Brentwood 001D,Anti-social behaviour,,
97cfe41f888eb6e694994ffb071be81de7449baff2c61ec572e8a944f5fbc1fa,2024-11,Essex Police,Essex Police,0.290282,51.646565,On or near Days Lane,E01021444,Brentwood 001D,Burglary,Investigation complete; no suspect identified,
a2bd4fd223ed0d6c142f6bd54c125c71d7e8a9703d67c7d7682a8d54bfe4027d,2024-11,Essex Police,Essex Police,0.311717,51.660434,On or near Mountnessing Lane,E01021444,Brentwood 001D,Burglary,Investigation complete; no suspect identified,
c2f0088d3ec911f07980e53c544acdce60f45ba5287b53cd5076c00dc8d39aa3,2024-11,Essex Police,Essex Police,0.277355,51.662635,On or near Great Fox Meadow,E01021444,Brentwood 001D,Public order,Investigation complete; no suspect identified,
34928fd269f67a7b8bc3a5aa087d0ba96ba286e2a29602a8ef8f6ee0ec7ee164,2024-11,Essex Police,Essex Police,0.277355,51.662635,On or near Great Fox Meadow,E01021444,Brentwood 001D,Public order,Status update unavailable,
7db783185410e1c8ab185158a7de28f3fcb8ec703476f4d55e1d14d94cd87402,2024-11,Essex Police,Essex Police,0.277355,51.662635,On or near Great Fox Meadow,E01021444,Brentwood 001D,Public order,Status update unavailable,
aa67203cf5f2d52951fc567b6d396e55be44fffb1bb61ef86792c2e01a7f8231,2024-11,Essex Police,Essex Police,0.280490,51.662852,On or near Stocks Lane,E01021444,Brentwood 001D,Vehicle crime,Investigation complete; no suspect identified,
55432e77d5be9712c4d483677f2b1d9fe47c60fb619b55fbf3600f027b99d01e,2024-11,Essex Police,Essex Police,0.277502,51.663549,On or near Parking Area,E01021444,Brentwood 001D,Vehicle crime,Investigation complete; no suspect identified,
3c1e9e67bb2c27c69ec6ad1e039e8863b18386c4d9dab3adc46e5cd3f5527c6d,2024-11,Essex Police,Essex Police,0.277355,51.662635,On or near Great Fox Meadow,E01021444,Brentwood 001D,Vehicle crime,Investigation complete; no suspect identified,
fb1bbca79b658cc44117673bdb40daf45d9f9aecd8f3fd2d5ab353bb1394d139,2024-11,Essex Police,Essex Police,0.282809,51.662960,On or near Short Croft,E01021444,Brentwood 001D,Violence and sexual offences,Unable to prosecute suspect,
ea2ce3235319c5d90452715d3e0ed2ea86d55d50feb157ab76799c378e27afd3,2024-11,Essex Police,Essex Police,0.271262,51.659308,On or near Park/Open Space,E01021444,Brentwood 001D,Violence and sexual offences,Unable to prosecute suspect,
0c27d96547ad777d8bbabf4b1492ad8bd28b5ab12347dd465cc2acac048cabd8,2024-11,Essex Police,Essex Police,0.332933,51.694269,On or near Chelmsford Road,E01021469,Brentwood 001E,Burglary,Unable to prosecute suspect,
10e38406ab416332e2b41782d7595b4d0b6b635838a1228dc2daa34776a2057c,2024-11,Essex Police,Essex Police,0.320981,51.693723,On or near Orchard Piece,E01021469,Brentwood 001E,Criminal damage and arson,Unable to prosecute suspect,
ff68db4e03854848d402fca301008f3eea358ff46b3e59db9cd25b4dbe428e3d,2024-11,Essex Police,Essex Police,0.329745,51.665734,On or near Mountnessing Road,E01021469,Brentwood 001E,Other theft,Investigation complete; no suspect identified,
,2024-11,Essex Police,Essex Police,0.291487,51.683915,On or near Nine Ashes Road,E01021470,Brentwood 001F,Anti-social behaviour,,
a4e3802c617b166fee4459300cafc39d0f8a58741727dfe691a00bebbe92fe22,2024-11,Essex Police,Essex Police,0.278747,51.679415,On or near Chivers Road,E01021470,Brentwood 001F,Other theft,Investigation complete; no suspect identified,
bb3e2f1c3f245479ef7df0fcee2a35cce119b66efccb72715528fe261024d601,2024-11,Essex Police,Essex Police,0.279593,51.675514,On or near Chivers Road,E01021470,Brentwood 001F,Public order,Unable to prosecute suspect,
92ee2c50c99687a918d41406d9c4555625b1b619f89b0db1265c19b970e59997,2024-11,Essex Police,Essex Police,0.289440,51.682058,On or near Cannons Mead,E01021470,Brentwood 001F,Vehicle crime,Investigation complete; no suspect identified,
29baa129b729ebff4cc64ebc221ce123269e7959052b06f675f922e6f063cf8e,2024-11,Essex Police,Essex Police,0.309651,51.669863,On or near Wyatt'S Green Road,E01021471,Brentwood 001G,Violence and sexual offences,Investigation complete; no suspect identified,
ebd01221c47d3afaf4dfb0c6f8f4b5002e2bf0613392bede3098071270c8d7bf,2024-11,Essex Police,Essex Police,0.309651,51.669863,On or near Wyatt'S Green Road,E01021471,Brentwood 001G,Violence and sexual offences,Unable to prosecute suspect,
551fe838783ec917a1886a0c673054ffc8557a16b179c06c901eb9ac13abe3d0,2024-11,Essex Police,Essex Police,0.309651,51.669863,On or near Wyatt'S Green Road,E01021471,Brentwood 001G,Violence and sexual offences,Investigation complete; no suspect identified,
,2024-11,Essex Police,Essex Police,0.372349,51.689734,On or near Park/Open Space,E01021457,Brentwood 002A,Anti-social behaviour,,
a95c1dfa375692df64b43040d259a4a0602d79bb24a1ff3b59759fabace00242,2024-11,Essex Police,Essex Police,0.358941,51.672373,On or near Bag Lane,E01021457,Brentwood 002A,Other theft,Investigation complete; no suspect identified,
b2c35d2afbd8b965ccba5fbd3653d4c8aa2959da3dbf9cff2e8c288c1adfe913,2024-11,Essex Police,Essex Police,0.372024,51.678620,On or near Mill Green Road,E01021457,Brentwood 002A,Vehicle crime,Investigation complete; no suspect identified,
fe17080f1f5643da315b6c9c548e2f8b2be162d0e587cbb5c4aff4301da6e538,2024-11,Essex Police,Essex Police,0.373478,51.667979,On or near Ingatestone By-Pass,E01021457,Brentwood 002A,Vehicle crime,Investigation complete; no suspect identified,
ac838dec417136e9267028a1f7f5efc02b2fd3b36a2f5a1d018ad39d21cbec68,2024-11,Essex Police,Essex Police,0.379834,51.672239,On or near Steen Close,E01021457,Brentwood 002A,Vehicle crime,Unable to prosecute suspect,
252d491fcbef248329de08dee8cc7d674c73c96b466adc20739cef905cb3ab6c,2024-11,Essex Police,Essex Police,0.380863,51.671184,On or near The Meads,E01021457,Brentwood 002A,Violence and sexual offences,Unable to prosecute suspect,
a23095ac1b6524e70f741e80a6717af6b2d05183dfd47b3606ff90bbe1711d9f,2024-11,Essex Police,Essex Police,0.381787,51.672532,On or near Wadham Close,E01021457,Brentwood 002A,Other crime,Unable to prosecute suspect,
5fa02c0d282524895043a9d42408073248175c89d654f34c0963983e1b762d0f,2024-11,Essex Police,Essex Police,0.383884,51.667013,On or near Ingatestone,E01021458,Brentwood 002B,Criminal damage and arson,Unable to prosecute suspect,
7654ef83624c05278615ea06c239f9afad265cfdbeeafcb096ae81b93f829b06,2024-11,Essex Police,Essex Police,0.387254,51.671971,On or near High Street,E01021458,Brentwood 002B,Shoplifting,Investigation complete; no suspect identified,
642e8d90aaf7d632d2181c0a20f0ce479f5a6110f40fb8b4c832aa8b91addde8,2024-11,Essex Police,Essex Police,0.383783,51.669506,On or near Crown Mews,E01021458,Brentwood 002B,Violence and sexual offences,Unable to prosecute suspect,
0546803612941dd6ab010ef7729cf4f9da2c5759678e9ec4767fa90eb58bebc7,2024-11,Essex Police,Essex Police,0.383501,51.671022,On or near Chapel Croft,E01021458,Brentwood 002B,Violence and sexual offences,Investigation complete; no suspect identified,
69ac59da602ec671d9252c1c95989c32b9953027cb32a3d2de2ad7b57acf1cd5,2024-11,Essex Police,Essex Police,0.387254,51.671971,On or near High Street,E01021458,Brentwood 002B,Violence and sexual offences,Local resolution,
9ce0d80a4cbe9a418561377967d20b0d425a67cbd38fee2b4ea64900f32ddd65,2024-11,Essex Police,Essex Police,0.385853,51.669815,On or near The Limes,E01021458,Brentwood 002B,Violence and sexual offences,Action to be taken by another organisation,
590418381e61c5169104c51ef813b60e39aef8d16252c4d123bc886ba1139876,2024-11,Essex Police,Essex Police,0.375462,51.664432,On or near Petre Close,E01021459,Brentwood 002C,Other theft,Investigation complete; no suspect identified,
,2024-11,Essex Police,Essex Police,0.355144,51.654121,On or near Roman Close,E01021460,Brentwood 002D,Anti-social behaviour,,
,2024-11,Essex Police,Essex Police,0.358858,51.656034,On or near The Hillway,E01021460,Brentwood 002D,Anti-social behaviour,,
4bf1b407d6fe4f269959ecb307a2ce88df2f6cdd5ccf6424b67ccba07c272195,2024-11,Essex Police,Essex Police,0.369805,51.661893,On or near Hare Bridge Crescent,E01021460,Brentwood 002D,Criminal damage and arson,Unable to prosecute suspect,
d3c516ba2435da1ced5c77d8c03e0584a51aa8d529ec1ff3a6f9b5fd6ee417db,2024-11,Essex Police,Essex Police,0.358054,51.654746,On or near Church Crescent,E01021460,Brentwood 002D,Criminal damage and arson,Investigation complete; no suspect identified,
74566e6fb6893ad89202b43b88a9633ef276abeac977e249f42fa44e8a40ca18,2024-11,Essex Police,Essex Police,0.358858,51.656034,On or near The Hillway,E01021460,Brentwood 002D,Criminal damage and arson,Investigation complete; no suspect identified,
397eb4c9466fc24e3ae6385cbb5f9374ee6cc57af2f8e8194f4600f14e3fbc46,2024-11,Essex Police,Essex Police,0.358054,51.654746,On or near Church Crescent,E01021460,Brentwood 002D,Other theft,Unable to prosecute suspect,
73dab86fa0bcafc90db22d64ab68b71b1b36da8110ee9efe514387f04eb94287,2024-11,Essex Police,Essex Police,0.348605,51.648443,On or near Lower Road,E01021460,Brentwood 002D,Vehicle crime,Investigation complete; no suspect identified,
5004b8552da00cd2f9528089ca3bca6c58d5a02967d1f43971981b6d3310227c,2024-11,Essex Police,Essex Police,0.366801,51.660578,On or near Roman Road,E01021460,Brentwood 002D,Vehicle crime,Investigation complete; no suspect identified,
af355ac70b2a352c7df5ebcb4db6c77ae2f9150393d52621580c8e795ee6f595,2024-11,Essex Police,Essex Police,0.371248,51.660722,On or near Heybridge Road,E01021460,Brentwood 002D,Vehicle crime,Investigation complete; no suspect identified,
3557fb896646b613e9524849ac2e89b8521688a9f1ecde10ce4b8a6a868e59fd,2024-11,Essex Police,Essex Police,0.367994,51.651839,On or near Church Road,E01021460,Brentwood 002D,Vehicle crime,Investigation complete; no suspect identified,
e2836387d247114899b4bf6396b359ecd11bc64b206e76045039e384f320513b,2024-11,Essex Police,Essex Police,0.367751,51.660496,On or near Court View,E01021460,Brentwood 002D,Violence and sexual offences,Unable to prosecute suspect,
0fe7209375de315fb0cd2f28972670784a71ad8fb26604045c0cd438a9236245,2024-11,Essex Police,Essex Police,0.346402,51.646922,On or near Elm Gardens,E01021460,Brentwood 002D,Violence and sexual offences,Unable to prosecute suspect,
e9977a74e8eb795362a469a3f60e5aaf8b3651821162dfba9bf37af8ef8c961d,2024-11,Essex Police,Essex Police,0.345284,51.651045,On or near St Anne'S Road,E01021460,Brentwood 002D,Violence and sexual offences,Status update unavailable,
038915af96a4a31f4030cb84def3f4b92da0383193d708a266cc98aa78ec938f,2024-11,Essex Police,Essex Police,0.345284,51.651045,On or near St Anne'S Road,E01021460,Brentwood 002D,Violence and sexual offences,Unable to prosecute suspect,
68c2757424a07e0ccf1072d670a6f8ade5f879accd5b52fca4e6693d6e24af43,2024-11,Essex Police,Essex Police,0.371248,51.660722,On or near Heybridge Road,E01021460,Brentwood 002D,Other crime,Action to be taken by another organisation,
,2024-11,Essex Police,Essex Police,0.351770,51.628874,On or near Hatfield Close,E01021448,Brentwood 003A,Anti-social behaviour,,
,2024-11,Essex Police,Essex Police,0.350501,51.631723,On or near Fawters Close,E01021448,Brentwood 003A,Anti-social behaviour,,
03260be085581f06201f3b9d08fa15182016130155411a63e17b69eefb037e98,2024-11,Essex Police,Essex Police,0.349912,51.630107,On or near Wainwright Avenue,E01021448,Brentwood 003A,Burglary,Investigation complete; no suspect identified,
f79f56673f46b0bee70364d9e81c1f846680b6a08c6394f63b38de93beb71de6,2024-11,Essex Police,Essex Police,0.348581,51.630071,On or near Burns Way,E01021448,Brentwood 003A,Drugs,Local resolution,
f0f1931a6c74254f15c00aafb9d8d0fa682a98e6e6b53771c9e301eb527f1dcc,2024-11,Essex Police,Essex Police,0.351089,51.632973,On or near Supermarket,E01021448,Brentwood 003A,Shoplifting,Court result unavailable,
2ae113e5cd81bd0fcd4f90770c24a4568e3587e6ca0ef0179293cbf65438c01f,2024-11,Essex Police,Essex Police,0.382970,51.629198,On or near North Drive,E01021449,Brentwood 003B,Burglary,Investigation complete; no suspect identified,
0eeec01ab1bb3e35f9e457f30ac4149ca2a4b49648b1fe3cefde122580965d0d,2024-11,Essex Police,Essex Police,0.381051,51.627879,On or near Rayleigh Road,E01021449,Brentwood 003B,Other theft,Investigation complete; no suspect identified,
f8f872c92cd658e8dfd96df56ec7a6eadb6bd3a965c754b3e56ad3aad1a1f5b5,2024-11,Essex Police,Essex Police,0.382344,51.625253,On or near Foxes Grove,E01021449,Brentwood 003B,Public order,Unable to prosecute suspect,
e702d0129176d670154fac6b2bb8a530364eac6a1285951ba2287f83cf7f5d32,2024-11,Essex Police,Essex Police,0.382344,51.625253,On or near Foxes Grove,E01021449,Brentwood 003B,Violence and sexual offences,Unable to prosecute suspect,
2d0fbc7b311b22a6564890218e4993fc3c6a4b5aabffbb04acf7350d1673d486,2024-11,Essex Police,Essex Police,0.354448,51.628406,On or near Bournebridge Close,E01021449,Brentwood 003B,Violence and sexual offences,Court result unavailable,
1429fb5319b8d10f482387987565559d53e33ae3dbe3fb29470eba3abdefb9ca,2024-11,Essex Police,Essex Police,0.382344,51.625253,On or near Foxes Grove,E01021449,Brentwood 003B,Violence and sexual offences,Unable to prosecute suspect,
49c274e0f7915cd087d5e659b034335c1b1c86915951a6e1d435315d07602885,2024-11,Essex Police,Essex Police,0.355224,51.628328,On or near Boundary Drive,E01021449,Brentwood 003B,Violence and sexual offences,Status update unavailable,
6783850c3a073059da46eea9f9eb02a6676bca56bbc2f1b4fd684d39f4516646,2024-11,Essex Police,Essex Police,0.356329,51.630401,On or near Lambourne Drive,E01021449,Brentwood 003B,Violence and sexual offences,Status update unavailable,
,2024-11,Essex Police,Essex Police,0.352134,51.632832,On or near Carswell Close,E01021450,Brentwood 003C,Anti-social behaviour,,
,2024-11,Essex Police,Essex Police,0.352134,51.632832,On or near Carswell Close,E01021450,Brentwood 003C,Anti-social behaviour,,
,2024-11,Essex Police,Essex Police,0.355420,51.632380,On or near Chelmer Drive,E01021450,Brentwood 003C,Anti-social behaviour,,
3e88225f21b793eeade0f29be3b9e149a5f51fcfbfde4d063bf62a5d158804b8,2024-11,Essex Police,Essex Police,0.352134,51.632832,On or near Carswell Close,E01021450,Brentwood 003C,Criminal damage and arson,Investigation complete; no suspect identified,
d28a8124e9f76b86d365fad546a5aad7f8ee80730d4d313947d6bc50d224fa43,2024-11,Essex Police,Essex Police,0.358441,51.633803,On or near Sun Ray Avenue,E01021450,Brentwood 003C,Criminal damage and arson,Investigation complete; no suspect identified,
bde9324d3830b119ae68c7e7e491053cd711d1a6f8e837f115c7cebcffc8838a,2024-11,Essex Police,Essex Police,0.352134,51.632832,On or near Carswell Close,E01021450,Brentwood 003C,Criminal damage and arson,Investigation complete; no suspect identified,
d9400ec0a9c2a4d95b6c8fd1b475926e4cc0dcd48913b6d30681a6a35d069e09,2024-11,Essex Police,Essex Police,0.354094,51.632739,On or near Crushes Close,E01021450,Brentwood 003C,Drugs,Unable to prosecute suspect,
b7b0575bed5ff54f481c4e9ac344f0a5ce04c539f8b1d73cfc28904ed3fcdfe3,2024-11,Essex Police,Essex Police,0.354094,51.632739,On or near Crushes Close,E01021450,Brentwood 003C,Other theft,Unable to prosecute suspect,
1223182348475cad850ab95f8ca798ea0bd784ecf6a9920f1336dc81e3aac812,2024-11,Essex Police,Essex Police,0.358531,51.632191,On or near Tomlyns Close,E01021450,Brentwood 003C,Other theft,Investigation complete; no suspect identified,
65426965a7a60833be068ad528dd0b00a3ecb566a54cb2305c2dea067970ce7e,2024-11,Essex Police,Essex Police,0.353700,51.630715,On or near Delta Road,E01021450,Brentwood 003C,Other theft,Investigation complete; no suspect identified,
0380edd177c92a8e42c495dd2aaf359a77da65f05e7b59dc8ffece7efcfa57ce,2024-11,Essex Police,Essex Police,0.355782,51.631851,On or near Randalls Drive,E01021450,Brentwood 003C,Vehicle crime,Investigation complete; no suspect identified,
784112b6e873dd1d0a0241739a9f62e638e43eab552f239ae8460d598fd3e049,2024-11,Essex Police,Essex Police,0.358441,51.633803,On or near Sun Ray Avenue,E01021450,Brentwood 003C,Violence and sexual offences,Unable to prosecute suspect,
b5ea816a7ea8934ddd11573ab02307674d8b6338b3d670bb34bf6aa7ea5091e4,2024-11,Essex Police,Essex Police,0.353031,51.631465,On or near Lonsdale Avenue,E01021450,Brentwood 003C,Violence and sexual offences,Unable to prosecute suspect,
54849eb0c9a84d53ccb835519cfd21f288b10a9be1949470c7ce0f12e78f857c,2024-11,Essex Police,Essex Police,0.353031,51.631465,On or near Lonsdale Avenue,E01021450,Brentwood 003C,Violence and sexual offences,Unable to prosecute suspect,
,2024-11,Essex Police,Essex Police,0.345986,51.635982,On or near Sports/Recreation Area,E01021451,Brentwood 003D,Anti-social behaviour,,
5b2413b240fa208380da1c1c94f21eef71a63e3aa423211e6ee6e49e1259d16e,2024-11,Essex Police,Essex Police,0.348361,51.636451,On or near Hawksmoor Green,E01021451,Brentwood 003D,Drugs,Local resolution,
b8031e96f6dac14290a3ca9280f9cf79876f77dda4ec6f51377ff4f8a1eef765,2024-11,Essex Police,Essex Police,0.351157,51.634893,On or near Harrison Close,E01021451,Brentwood 003D,Violence and sexual offences,Investigation complete; no suspect identified,
cdb87fedc9856e41e3e901f64df1539ce27ce5027c9d6bd36a85ef47a37b494f,2024-11,Essex Police,Essex Police,0.348361,51.636451,On or near Hawksmoor Green,E01021451,Brentwood 003D,Violence and sexual offences,Unable to prosecute suspect,
26b998f4c81b6e7afbd0a053997c648ff9455e77e457f6ced99854ce478a5ca0,2024-11,Essex Police,Essex Police,0.349679,51.633709,On or near Claughton Way,E01021451,Brentwood 003D,Violence and sexual offences,Local resolution,
5fbf55088e8115859288b34c76f1edb1e09cc5eceab12a8ec1549426d396423b,2024-11,Essex Police,Essex Police,0.351988,51.636163,On or near Tiptree Court,E01021451,Brentwood 003D,Violence and sexual offences,Unable to prosecute suspect,
b5eb3f00844a09e35d50a1e8017fc3c6bc5d912cc34456b4035caf3e118d0c14,2024-11,Essex Police,Essex Police,0.351988,51.636163,On or near Tiptree Court,E01021451,Brentwood 003D,Other crime,Investigation complete; no suspect identified,
03c4a440188584997124ebdd1e58157d3678dfcf43fa9b276e1be50ebc063d3a,2024-11,Essex Police,Essex Police,0.351988,51.636163,On or near Tiptree Court,E01021451,Brentwood 003D,Other crime,Unable to prosecute suspect,
ae62f2998be52b2328ba1cb5b773d1ecc7c1ae30426f9d740b896dde12f364bb,2024-11,Essex Police,Essex Police,0.349904,51.638902,On or near Wid Close,E01021452,Brentwood 003E,Violence and sexual offences,Court result unavailable,
9df771f944143a9c928e1610432b2920a181950407cad1edc5573038fb86c679,2024-11,Essex Police,Essex Police,0.349904,51.638902,On or near Wid Close,E01021452,Brentwood 003E,Violence and sexual offences,Unable to prosecute suspect,
,2024-11,Essex Police,Essex Police,0.296869,51.628450,On or near Robin Hood Road,E01021431,Brentwood 004A,Anti-social behaviour,,
0ed5eef4750092e99d7d947c2ad79405c4dc4676e429d512ef0e0baf59d6981d,2024-11,Essex Police,Essex Police,0.299664,51.626003,On or near A128,E01021431,Brentwood 004A,Criminal damage and arson,Investigation complete; no suspect identified,
f1244543f0d2e9583055875e594ea301099be0887139ccc6ae8e010b6ca31e30,2024-11,Essex Police,Essex Police,0.299112,51.625654,On or near Wingway,E01021431,Brentwood 004A,Public order,Investigation complete; no suspect identified,
20c7a089e79d8018c4fc7c3721b97463bb972db8fff6601f5ef11e071208a1ee,2024-11,Essex Police,Essex Police,0.296809,51.630412,On or near Karen Close,E01021431,Brentwood 004A,Vehicle crime,Investigation complete; no suspect identified,
afe7f49e8babeec6c751627cfa43854598b8db6f5e6e1d9fe2d235248de7e856,2024-11,Essex Police,Essex Police,0.296869,51.628450,On or near Robin Hood Road,E01021431,Brentwood 004A,Vehicle crime,Unable to prosecute suspect,
2da9868890d75161405b0fd4c4f23bf8b8421b16e7478870088237b9d8880e9b,2024-11,Essex Police,Essex Police,0.301902,51.625681,On or near Tree Tops,E01021431,Brentwood 004A,Violence and sexual offences,Action to be taken by another organisation,
bb3559a92529dc517f350c26f7f81f674a980a40bfb7f26611bceeef5bd88c10,2024-11,Essex Police,Essex Police,0.293706,51.629906,On or near Warescot Road,E01021431,Brentwood 004A,Violence and sexual offences,Unable to prosecute suspect,
399b32308c08a1f38449332c82729db5c4eed50acd77a06ac9f645538d5f285f,2024-11,Essex Police,Essex Police,0.299664,51.626003,On or near A128,E01021431,Brentwood 004A,Violence and sexual offences,Offender given a caution,
2e93d3cf2fac6a39db5e949c1f85833bc87aa3fbc8d2371d7e1392cb319f63e1,2024-11,Essex Police,Essex Police,0.293706,51.629906,On or near Warescot Road,E01021431,Brentwood 004A,Violence and sexual offences,Unable to prosecute suspect,
a29b350efe198983bf498af3dccc51a757992ad3d18dc83bd67ba95ccef110d2,2024-11,Essex Police,Essex Police,0.296869,51.628450,On or near Robin Hood Road,E01021431,Brentwood 004A,Violence and sexual offences,Unable to prosecute suspect,
,2024-11,Essex Police,Essex Police,0.293383,51.625793,On or near Tyler Way,E01021432,Brentwood 004B,Anti-social behaviour,,
,2024-11,Essex Police,Essex Police,0.291602,51.626593,On or near Costead Manor Road,E01021432,Brentwood 004B,Anti-social behaviour,,
ff840f78911eaf1291f9a2bcafabbe479047505e365dd518522fbd16ef6abecb,2024-11,Essex Police,Essex Police,0.289628,51.624967,On or near Calcott Close,E01021432,Brentwood 004B,Public order,Unable to prosecute suspect,
6a305627758e5594103bd58a3c59b71a70851d4c5f2898018cce42e70c2a73d9,2024-11,Essex Police,Essex Police,0.287156,51.626095,On or near A12,E01021432,Brentwood 004B,Vehicle crime,Investigation complete; no suspect identified,
061c23bf118e885fb787faf3f0bb473945b9335d155900476c051607cbcb46ec,2024-11,Essex Police,Essex Police,0.288760,51.626666,On or near Greenshaw,E01021432,Brentwood 004B,Vehicle crime,Investigation complete; no suspect identified,
b3f238d518765cdac65e9a5c388fe712017933124da3b2d02c6f4e9d89546e60,2024-11,Essex Police,Essex Police,0.289628,51.624967,On or near Calcott Close,E01021432,Brentwood 004B,Vehicle crime,Unable to prosecute suspect,
0f2f53ba3fca2655cd762b332d44a36b981157254bfeb0dbbb0f288f250b464c,2024-11,Essex Police,Essex Police,0.295936,51.623720,On or near Mayfield Gardens,E01021432,Brentwood 004B,Violence and sexual offences,Unable to prosecute suspect,
a3c44fec7d1aeead61a875043bfab6d9eec185da51a0490611815b0c752de875,2024-11,Essex Police,Essex Police,0.297768,51.619943,On or near Western Gardens,E01021434,Brentwood 004C,Drugs,Local resolution,
05543a7ad9cb7569a16b7e460b786532eb7cd804181f4f25d8ac85aa3bfcbd1d,2024-11,Essex Police,Essex Police,0.297768,51.619943,On or near Western Gardens,E01021434,Brentwood 004C,Drugs,Local resolution,
aea12b9981dae18c972367503669551a37a65d9e54a29a3b3c6fc0a3f40c2dcd,2024-11,Essex Police,Essex Police,0.297768,51.619943,On or near Western Gardens,E01021434,Brentwood 004C,Vehicle crime,Investigation complete; no suspect identified,
284f8baca1483902e81c98adf3e1a7595dc134e7445c1284089017daadfeefef,2024-11,Essex Police,Essex Police,0.296364,51.624467,On or near Copperfield Gardens,E01021434,Brentwood 004C,Vehicle crime,Formal action is not in the public interest,
8e52b4b4d2e53c87191dd4974e78c3e4a323bb60f35f8fa12f1f6788ee718a29,2024-11,Essex Police,Essex Police,0.297288,51.624458,On or near Sycamore Drive,E01021434,Brentwood 004C,Violence and sexual offences,Unable to prosecute suspect,
7489845b6b1a33bdd42ef4cd3c8215c5ae1e3382c79f3ae3e227cc5108578038,2024-11,Essex Police,Essex Police,0.296370,51.621140,On or near Bardeswell Close,E01021434,Brentwood 004C,Violence and sexual offences,Unable to prosecute suspect,
4b120f3dd73889d6f4f37797c71a15fc4f79a119fdd58918d35ff92f46be83fc,2024-11,Essex Police,Essex Police,0.297086,51.626458,On or near Chelsea Way,E01021434,Brentwood 004C,Violence and sexual offences,Investigation complete; no suspect identified,
74cea2f8b54d423fc3fa58440ee09288ad8f5197dbd9029e2897fc03305cd724,2024-11,Essex Police,Essex Police,0.297288,51.624458,On or near Sycamore Drive,E01021434,Brentwood 004C,Violence and sexual offences,Unable to prosecute suspect,
,2024-11,Essex Police,Essex Police,0.293592,51.635394,On or near Sandringham Road,E01021461,Brentwood 004D,Anti-social behaviour,,
,2024-11,Essex Police,Essex Police,0.293592,51.635394,On or near Sandringham Road,E01021461,Brentwood 004D,Anti-social behaviour,,
8984fa05e24a9f67aa5b4c71ebfc26366e843bc7f28ed2e06b1438d2a193d087,2024-11,Essex Police,Essex Police,0.293592,51.635394,On or near Sandringham Road,E01021461,Brentwood 004D,Criminal damage and arson,Unable to prosecute suspect,
e72c6367ba8e5fd127bd34d74223f389392d660ffbfd25344171c441ba302ce0,2024-11,Essex Police,Essex Police,0.294010,51.634217,On or near Elizabeth Road,E01021461,Brentwood 004D,Criminal damage and arson,Investigation complete; no suspect identified,
03ca508c0aa28aacf3977ad2b7418551cc536f71774ac8d965c750e8878c5ec9,2024-11,Essex Police,Essex Police,0.290836,51.636617,On or near Cornwall Road,E01021461,Brentwood 004D,Other theft,Unable to prosecute suspect,
0f153e7eb2cc34ea10a5cad8ef3f7a1fd08464e4f90f117d7d25caaf453df591,2024-11,Essex Police,Essex Police,0.291140,51.635478,On or near Supermarket,E01021461,Brentwood 004D,Possession of weapons,Local resolution,
c094815da97415cc8bef83c0257b49d6fa031a6f0928eb88e8bb82968eba3773,2024-11,Essex Police,Essex Police,0.294010,51.634217,On or near Elizabeth Road,E01021461,Brentwood 004D,Public order,Status update unavailable,
6a56f8923b987bf390158f2b4778c5f9df4d6bbca703050d100ac3a171762d5f,2024-11,Essex Police,Essex Police,0.294010,51.634217,On or near Elizabeth Road,E01021461,Brentwood 004D,Public order,Unable to prosecute suspect,
612a5d590cc449c7837bd6f1ff1658fdbeebd1738112c551d32901553a972759,2024-11,Essex Police,Essex Police,0.291140,51.635478,On or near Supermarket,E01021461,Brentwood 004D,Shoplifting,Investigation complete; no suspect identified,
68ddb75d5981f0cb92bb20942392ae29a6d91e6bb81a6f3bd2ebefbeccb6b803,2024-11,Essex Police,Essex Police,0.293592,51.635394,On or near Sandringham Road,E01021461,Brentwood 004D,Violence and sexual offences,Unable to prosecute suspect,
957d76e159cbbec36e28b27f3172ed7bf15f150461f7e499e68c6d0772a314ea,2024-11,Essex Police,Essex Police,0.293592,51.635394,On or near Sandringham Road,E01021461,Brentwood 004D,Violence and sexual offences,Unable to prosecute suspect,
9cc1f28b65e6145fe9eaed5b6410feeb4b7c93e6ffd7b7a4ba5c5de8a172e8b4,2024-11,Essex Police,Essex Police,0.293592,51.635394,On or near Sandringham Road,E01021461,Brentwood 004D,Violence and sexual offences,Unable to prosecute suspect,
e9c74c8a3c6e7ed995c21e69cf3d87cc13923993a10c044501a882a6a4ed6ace,2024-11,Essex Police,Essex Police,0.293592,51.635394,On or near Sandringham Road,E01021461,Brentwood 004D,Violence and sexual offences,Unable to prosecute suspect,
e8289ecd7912b77d033370af193b94ebefc19f4ba211e8c02340d2640b75aac8,2024-11,Essex Police,Essex Police,0.293592,51.635394,On or near Sandringham Road,E01021461,Brentwood 004D,Violence and sexual offences,Unable to prosecute suspect,
a0056e7a28f401700b24edeb579a2917518832e55ff454201508d8690ba252a6,2024-11,Essex Police,Essex Police,0.294010,51.634217,On or near Elizabeth Road,E01021461,Brentwood 004D,Violence and sexual offences,Unable to prosecute suspect,
523d9b8f6d776d957f5332eff2334ad7d4e86facc443e0d31d6449a9bc3c3651,2024-11,Essex Police,Essex Police,0.293592,51.635394,On or near Sandringham Road,E01021461,Brentwood 004D,Violence and sexual offences,Unable to prosecute suspect,
bd25f0483edbd3a26dbde4e4008a59bd29e45227777190523695a36572e868c0,2024-11,Essex Police,Essex Police,0.293592,51.635394,On or near Sandringham Road,E01021461,Brentwood 004D,Violence and sexual offences,Unable to prosecute suspect,
8463a5a68ea2cf734e4fe505938885170443aa3482e1ab05b3bd2553febc277c,2024-11,Essex Police,Essex Police,0.293592,51.635394,On or near Sandringham Road,E01021461,Brentwood 004D,Violence and sexual offences,Unable to prosecute suspect,
73233121577ab30ce1cf1df88b26c5ba9c82503cc23d8f343df2339b02426fa8,2024-11,Essex Police,Essex Police,0.290836,51.636617,On or near Cornwall Road,E01021461,Brentwood 004D,Violence and sexual offences,Action to be taken by another organisation,
a45fc7de87014f0315d815da7edb003272c527c67581b4138dba213e77e59560,2024-11,Essex Police,Essex Police,0.293592,51.635394,On or near Sandringham Road,E01021461,Brentwood 004D,Other crime,Unable to prosecute suspect,
eeb727fde8d84cfc37c35ef84ff270d29e4a9f0a6452309076d8695a771d98d8,2024-11,Essex Police,Essex Police,0.294010,51.634217,On or near Elizabeth Road,E01021461,Brentwood 004D,Other crime,Unable to prosecute suspect,
c047e3b8910c6ecf6f2f59dcb857a0b90937cea5755eddf42360778ea462751a,2024-11,Essex Police,Essex Police,0.288644,51.634996,On or near Blenheim Road,E01021464,Brentwood 004E,Criminal damage and arson,Investigation complete; no suspect identified,
51dd31b8c96331110e5d5ef091aab90fbecef3c9c1c5c26d69069065c8a307b0,2024-11,Essex Police,Essex Police,0.288773,51.632673,On or near Osborne Road,E01021464,Brentwood 004E,Other theft,Investigation complete; no suspect identified,
9d23f8860600563b426f0c27ab2def532607813ef2798c6855e104b5d3eb47d5,2024-11,Essex Police,Essex Police,0.288843,51.634057,On or near Marlborough Road,E01021464,Brentwood 004E,Other theft,Investigation complete; no suspect identified,
7f8cb0343207273527473fdcd2281bae4a8facd13267279e1c3279c30f280ff1,2024-11,Essex Police,Essex Police,0.286042,51.635550,On or near Larchwood Gardens,E01021464,Brentwood 004E,Other theft,Investigation complete; no suspect identified,
02f7bda1268eb8f2d3394a417cc4029e3b71ac1c7550d60919551c52a899b718,2024-11,Essex Police,Essex Police,0.288773,51.632673,On or near Osborne Road,E01021464,Brentwood 004E,Public order,Investigation complete; no suspect identified,
0d54fb4c4e25be7211acda77c40dc16ff490a4897f1d2e47f7ea431405a89a5b,2024-11,Essex Police,Essex Police,0.288773,51.632673,On or near Osborne Road,E01021464,Brentwood 004E,Shoplifting,Court result unavailable,
52601d5b3db984c9d17bc9a77a04158db92c74f1e1e9533b4932b8a829991a3d,2024-11,Essex Police,Essex Police,0.288773,51.632673,On or near Osborne Road,E01021464,Brentwood 004E,Shoplifting,Court result unavailable,
fa0161f20b06eeb6ad1b9bacba5f774afca69df649ca660818725e293d32a9cd,2024-11,Essex Police,Essex Police,0.288773,51.632673,On or near Osborne Road,E01021464,Brentwood 004E,Shoplifting,Unable to prosecute suspect,
984a5b2acc041a864c4c01d5a99f145f25e130d1e939672203387e1f7550213a,2024-11,Essex Police,Essex Police,0.288773,51.632673,On or near Osborne Road,E01021464,Brentwood 004E,Shoplifting,Court result unavailable,
1bf9be33c5e91022508f54204d3e7487a4056152de989bdded294a96a8950bd4,2024-11,Essex Police,Essex Police,0.288773,51.632673,On or near Osborne Road,E01021464,Brentwood 004E,Shoplifting,Court result unavailable,
0ba8aad33b201bb314da099547f14b29b4a8e06cd875fb4b66f1dce03c5ba373,2024-11,Essex Police,Essex Police,0.288773,51.632673,On or near Osborne Road,E01021464,Brentwood 004E,Shoplifting,Investigation complete; no suspect identified,
1044f7724e237c9c53bfecb781756a8b78ed3812270749c00743d8ba79348721,2024-11,Essex Police,Essex Police,0.288773,51.632673,On or near Osborne Road,E01021464,Brentwood 004E,Shoplifting,Investigation complete; no suspect identified,
e4efc0f79e7903ffd6387f90e5d4becb7e83a3f357f661c2c73822ea1b7d5a68,2024-11,Essex Police,Essex Police,0.288773,51.632673,On or near Osborne Road,E01021464,Brentwood 004E,Shoplifting,Court result unavailable,
ecd3c7ce892c2d7ac596ac62084ce249cb58078a9b959fd58c84663f740a9b44,2024-11,Essex Police,Essex Police,0.288773,51.632673,On or near Osborne Road,E01021464,Brentwood 004E,Shoplifting,Court result unavailable,
c543ac1daff8a3adba48fe29017141104cbe56fc7b8dc8e435086224100d0e8a,2024-11,Essex Police,Essex Police,0.288773,51.632673,On or near Osborne Road,E01021464,Brentwood 004E,Shoplifting,Court result unavailable,
b820cc5bc1355f22b0ae83c38b6df14d1730d394c51cf80d0f08fae77edeb687,2024-11,Essex Police,Essex Police,0.288773,51.632673,On or near Osborne Road,E01021464,Brentwood 004E,Shoplifting,Investigation complete; no suspect identified,
fe607f32366a43d8bb52d4442e4dcd791dd962b4153ae19f121b690d65fc1ca7,2024-11,Essex Police,Essex Police,0.288773,51.632673,On or near Osborne Road,E01021464,Brentwood 004E,Shoplifting,Court result unavailable,
2b6140eb1ba569de6824aa7013de75abb36cd1b1fae9fb66900dad8dc19a5607,2024-11,Essex Police,Essex Police,0.286388,51.633241,On or near Darlington Court,E01021464,Brentwood 004E,Vehicle crime,Investigation complete; no suspect identified,
b9e981b5a7690905c3917056f76b39e297f8537855159c4dbe75cb1f2f0584e9,2024-11,Essex Police,Essex Police,0.286042,51.635550,On or near Larchwood Gardens,E01021464,Brentwood 004E,Violence and sexual offences,Action to be taken by another organisation,
057aabfcb46126525a5ec262d3cd221a481956fab5d955ca4e84d1d8845be723,2024-11,Essex Police,Essex Police,0.290391,51.630951,On or near Hurstwood Avenue,E01021464,Brentwood 004E,Violence and sexual offences,Unable to prosecute suspect,
544bf0fc83783455efa14a35a03391ad3cfede63b51027424b4f23cb4f50f243,2024-11,Essex Police,Essex Police,0.286388,51.633241,On or near Darlington Court,E01021464,Brentwood 004E,Violence and sexual offences,Unable to prosecute suspect,
5562f18d16aab164b5d25c91a00ab2c46973cb1c327db56b2c94d1f1a274e8ee,2024-11,Essex Police,Essex Police,0.285594,51.634120,On or near Broomwood Gardens,E01021464,Brentwood 004E,Violence and sexual offences,Unable to prosecute suspect,
,2024-11,Essex Police,Essex Police,0.331859,51.631133,On or near Petrol Station,E01021447,Brentwood 005A,Anti-social behaviour,,
eda97b1c649fb9a98e39048c39421ae55bee0ffa1ded841918eed06eceaa6044,2024-11,Essex Police,Essex Police,0.348860,51.624561,On or near Gainsborough Place,E01021447,Brentwood 005A,Criminal damage and arson,Investigation complete; no suspect identified,
b75dfff39314c4b0213fc5e14409cf6724d5e5b486c174ef9f850cbfd344ab8d,2024-11,Essex Police,Essex Police,0.331859,51.631133,On or near Petrol Station,E01021447,Brentwood 005A,Shoplifting,Unable to prosecute suspect,
e07b712b20ab28f4f3b236a805641406431e0340ebc8bbb1c62d7ac8febf282b,2024-11,Essex Police,Essex Police,0.331859,51.631133,On or near Petrol Station,E01021447,Brentwood 005A,Shoplifting,Investigation complete; no suspect identified,
86407975a5b8c5158ecd2a5c60e1ecd1d25c704f111c5fadc64344b8df8a300f,2024-11,Essex Police,Essex Police,0.331859,51.631133,On or near Petrol Station,E01021447,Brentwood 005A,Shoplifting,Investigation complete; no suspect identified,
514506b17b072a6418f01a18289d82efc68aa843a01ad2e5f96b6c80c31bf38b,2024-11,Essex Police,Essex Police,0.331859,51.631133,On or near Petrol Station,E01021447,Brentwood 005A,Shoplifting,Investigation complete; no suspect identified,
4df7194d6cc6201b2fb424e7cbe57f09e53304105a0a0135fa5301723ef48958,2024-11,Essex Police,Essex Police,0.331859,51.631133,On or near Petrol Station,E01021447,Brentwood 005A,Shoplifting,Unable to prosecute suspect,
e3271a611e3f32bc9301acbeaf2bccfeb0c1e19f99d095f776a867e21581cc75,2024-11,Essex Police,Essex Police,0.331859,51.631133,On or near Petrol Station,E01021447,Brentwood 005A,Shoplifting,Court result unavailable,
c7e84cb25ade84af5eee3fd1c94c050154e57764eee31a76e0bdbd3d8a78f5e1,2024-11,Essex Police,Essex Police,0.331859,51.631133,On or near Petrol Station,E01021447,Brentwood 005A,Shoplifting,Investigation complete; no suspect identified,
ceeee5d88941644090def21417e5bf80302d6076f6dedfc97438d1ea04e7becf,2024-11,Essex Police,Essex Police,0.331859,51.631133,On or near Petrol Station,E01021447,Brentwood 005A,Shoplifting,Investigation complete; no suspect identified,
b2faac0b61a5f55ec2ff152306095db4c4ea45dff86373a5b69963a1fed5efad,2024-11,Essex Police,Essex Police,0.331859,51.631133,On or near Petrol Station,E01021447,Brentwood 005A,Shoplifting,Investigation complete; no suspect identified,
63cf7d783807360831f85f8636250e9a59a5cec99a03ad11e74483a28826f933,2024-11,Essex Police,Essex Police,0.331859,51.631133,On or near Petrol Station,E01021447,Brentwood 005A,Shoplifting,Court result unavailable,
8ac2716b98d0970c851670e73066d3899b12d1ff18d89c69c4b484eca6781d65,2024-11,Essex Police,Essex Police,0.341804,51.628668,On or near Surman Crescent,E01021447,Brentwood 005A,Vehicle crime,Investigation complete; no suspect identified,
62eeae06409f70139f018588d804a87559e8d51d2a38e327ce192f3daf6df739,2024-11,Essex Police,Essex Police,0.343605,51.623812,On or near Windy Hill,E01021447,Brentwood 005A,Violence and sexual offences,Formal action is not in the public interest,
75822d91f39ece8add1ea57f071e166e5090290ddc58897646df4c3b90c544cf,2024-11,Essex Police,Essex Police,0.331859,51.631133,On or near Petrol Station,E01021447,Brentwood 005A,Violence and sexual offences,Unable to prosecute suspect,
d9e7c9ca5491a5bf658ebc0d0d907badd5232da81d180bdd86ce082d96c023d2,2024-11,Essex Police,Essex Police,0.343605,51.623812,On or near Windy Hill,E01021447,Brentwood 005A,Violence and sexual offences,Unable to prosecute suspect,
0595edc6e9b36920a537b89e89e207b2235857b467991ec9f019f60dcbbed3ab,2024-11,Essex Police,Essex Police,0.344187,51.628099,On or near Longfellow Drive,E01021447,Brentwood 005A,Violence and sexual offences,Unable to prosecute suspect,
edbebb00b87d7293b1486eaab51d64ca820a4bd7e48ba55b94a556c4b4815236,2024-11,Essex Police,Essex Police,0.331859,51.631133,On or near Petrol Station,E01021447,Brentwood 005A,Violence and sexual offences,Investigation complete; no suspect identified,
13a93b2c7174991bdf2ef6fc09a8c9294b3628e1137be4864fdbd30fdea08621,2024-11,Essex Police,Essex Police,0.343605,51.623812,On or near Windy Hill,E01021447,Brentwood 005A,Violence and sexual offences,Action to be taken by another organisation,
2dd04de1067dac8200a25b028cc099b35b21e74094018ff64b97e9c5702bc5b8,2024-11,Essex Police,Essex Police,0.345762,51.628364,On or near Larkin Close,E01021447,Brentwood 005A,Violence and sexual offences,Local resolution,
b117f4984924bd49e5fde46fa4f93b9a644bb8ec72cc8672a96ba1b481d0ea6d,2024-11,Essex Police,Essex Police,0.348512,51.627617,On or near Tennyson Road,E01021447,Brentwood 005A,Violence and sexual offences,Unable to prosecute suspect,
2ff0aa875dfd534cb9682bd0bee09f374a3909f8a1f8e15ab54ad8f0eb4e1a61,2024-11,Essex Police,Essex Police,0.345407,51.634936,On or near Barnston Way,E01021453,Brentwood 005B,Possession of weapons,Local resolution,
442b4ef641d7c9926e57f012d71f5a611d19b1ad054f8cc7a3094d98de6d22fd,2024-11,Essex Police,Essex Police,0.345063,51.637785,On or near Graham Close,E01021453,Brentwood 005B,Public order,Unable to prosecute suspect,
7808844c64c3882ec86f20585acd09a93fd0cf2198171f283250fe2e179534ab,2024-11,Essex Police,Essex Police,0.340357,51.634534,On or near Halstead Way,E01021453,Brentwood 005B,Violence and sexual offences,Unable to prosecute suspect,
0b6afac6e9dda6c015b1ca663e7474fa486ecdee772239d9edbb75611dcd7ff0,2024-11,Essex Police,Essex Police,0.333811,51.626103,On or near Roundwood Grove,E01021455,Brentwood 005C,Public order,Investigation complete; no suspect identified,
0f7214c9162c38a5011d2d577a8af9b291d6273b6917f0c3c16cd577ff3ee736,2024-11,Essex Police,Essex Police,0.329650,51.624692,On or near Brockley Grove,E01021455,Brentwood 005C,Vehicle crime,Investigation complete; no suspect identified,
ba9e80e599ec77b1a9da9f4124fa77ce112647469fda4366b9cb711e5cbede92,2024-11,Essex Police,Essex Police,0.331519,51.622263,On or near Spurgate,E01021455,Brentwood 005C,Vehicle crime,Investigation complete; no suspect identified,
1c5378443c35362ae839a15bc792392e8e89ff714752c1d7c0b6c9b4f958e809,2024-11,Essex Police,Essex Police,0.328072,51.622368,On or near The Coverts,E01021455,Brentwood 005C,Vehicle crime,Investigation complete; no suspect identified,
d45ea226bfb4c63a264113dd59974958ed62962d76b0b8d29924a360bc8f24dc,2024-11,Essex Police,Essex Police,0.330375,51.629247,On or near Herington Grove,E01021455,Brentwood 005C,Vehicle crime,Status update unavailable,
b94c8f801ce122ee22988457f70b8d665cdda7d4656b9450a6192aaeee136c38,2024-11,Essex Police,Essex Police,0.333193,51.630944,On or near Willow Close,E01021455,Brentwood 005C,Violence and sexual offences,Unable to prosecute suspect,
c6c04a428799d60634ad704a24b442f6df87e96cce59cc8f8b2cad45cf670f70,2024-11,Essex Police,Essex Police,0.324704,51.631670,On or near Tudor Close,E01021465,Brentwood 005D,Burglary,Investigation complete; no suspect identified,
aaff419af9dd04e78dc57438ac30f77b1f10f306b62aa0a1bff396322be134bb,2024-11,Essex Police,Essex Police,0.323963,51.630453,On or near Shorter Avenue,E01021465,Brentwood 005D,Burglary,Investigation complete; no suspect identified,
e6a5f4f849d3fc7ca6e277f8df962de20d56f71fcf1709cabf894b02994a3ac7,2024-11,Essex Police,Essex Police,0.321571,51.629457,On or near York Close,E01021465,Brentwood 005D,Criminal damage and arson,Investigation complete; no suspect identified,
33f7fb17498f55e0f6bb7ce9fe98b83165b980cfd1ecb59898df0b71035ddc0b,2024-11,Essex Police,Essex Police,0.328743,51.630899,On or near Supermarket,E01021465,Brentwood 005D,Drugs,Local resolution,
0c6db99b151bae95eb6ca15c9f091d6ed377ad7d58cb2b2392c2e4ace35969f0,2024-11,Essex Police,Essex Police,0.328598,51.629821,On or near Parking Area,E01021465,Brentwood 005D,Other theft,Investigation complete; no suspect identified,
a2c2b276ec9d6c582a355836b92e128eaafb37cc51529528724f7fc0a5f66fcf,2024-11,Essex Police,Essex Police,0.328743,51.630899,On or near Supermarket,E01021465,Brentwood 005D,Public order,Unable to prosecute suspect,
3aa47dc45b86b0e419e2a268b60fe38498e32676ebc2eabde08f8ea8b44dea9c,2024-11,Essex Police,Essex Police,0.322814,51.629747,On or near Ardleigh Court,E01021465,Brentwood 005D,Robbery,Investigation complete; no suspect identified,
c3f4b93c603dc69c2c6ef3e88f7e5535580f7f9844041aa4efe280a45ada2404,2024-11,Essex Police,Essex Police,0.328598,51.629821,On or near Parking Area,E01021465,Brentwood 005D,Shoplifting,Unable to prosecute suspect,
1bb817ac6945b7fddc4c05f323752cdb4f502e2fdfc07c8b71aa54f4c5ebffb7,2024-11,Essex Police,Essex Police,0.328743,51.630899,On or near Supermarket,E01021465,Brentwood 005D,Shoplifting,Local resolution,
03bdae93cff062cb7c1d86b954b63219577fbd7fa4063832391a7bed2d717c6e,2024-11,Essex Police,Essex Police,0.328743,51.630899,On or near Supermarket,E01021465,Brentwood 005D,Shoplifting,Local resolution,
f9d8729e1ecf9d9865098ce9c6455352498759fda064e655737b3d3846dcc064,2024-11,Essex Police,Essex Police,0.328743,51.630899,On or near Supermarket,E01021465,Brentwood 005D,Shoplifting,Investigation complete; no suspect identified,
d73b98172025df6f67c843c963c0403b1feae927b66c3c9741f11a0cff21cdc6,2024-11,Essex Police,Essex Police,0.322814,51.629747,On or near Ardleigh Court,E01021465,Brentwood 005D,Vehicle crime,Investigation complete; no suspect identified,
9b2309888cb51553f3f52b64d2b9f0606e21ad1916016e5e2226c45b7fff2397,2024-11,Essex Police,Essex Police,0.326522,51.627938,On or near Friar'S Avenue,E01021465,Brentwood 005D,Violence and sexual offences,Unable to prosecute suspect,
1ec48d8c8221049cd30acc0cacf3354be60b0542baec0d7e7801547bff1002c8,2024-11,Essex Police,Essex Police,0.321571,51.629457,On or near York Close,E01021465,Brentwood 005D,Violence and sexual offences,Investigation complete; no suspect identified,
dd1af5b57dee193f8e17675979741b9e39aa8ae003ac7364115689275a651b90,2024-11,Essex Police,Essex Police,0.321571,51.629457,On or near York Close,E01021465,Brentwood 005D,Violence and sexual offences,Unable to prosecute suspect,
d957f80f2272af07251b0e6af79fba10570aceaf9fe2d4765457f95869d5752f,2024-11,Essex Police,Essex Police,0.318843,51.630356,On or near Lewis Close,E01021465,Brentwood 005D,Violence and sexual offences,Investigation complete; no suspect identified,
33e633db5d213cc0148cf6a5dd605cf56f89894774c2f3ae3e78d3270d375ff1,2024-11,Essex Police,Essex Police,0.328743,51.630899,On or near Supermarket,E01021465,Brentwood 005D,Violence and sexual offences,Unable to prosecute suspect,
cd5402db886f3288db70c894212d6962e31b630d2becd944fefef85df34b0c2d,2024-11,Essex Police,Essex Police,0.321571,51.629457,On or near York Close,E01021465,Brentwood 005D,Violence and sexual offences,Unable to prosecute suspect,
2e915a727b8424c4fa9ab14f46b1dcae0acac7e5ba4b7369cd1d6b28cbc3c6a9,2024-11,Essex Police,Essex Police,0.326537,51.625690,On or near Gordon Road,E01021465,Brentwood 005D,Other crime,Investigation complete; no suspect identified,
8b08773e3a789ba912e6346f144100f5a700e59e950f2fa5925a6ea6992d0141,2024-11,Essex Police,Essex Police,0.323433,51.619798,On or near St Andrews Place,E01021466,Brentwood 005E,Burglary,Investigation complete; no suspect identified,
242fed6b06da0928c37136bb2af4a21dc136df13ffe8a1366499f5f1639ed914,2024-11,Essex Police,Essex Police,0.322238,51.625262,On or near Worrin Road,E01021466,Brentwood 005E,Vehicle crime,Investigation complete; no suspect identified,
8f627e0cbf8c3ca02d33a085e7aca81ab48082d3e66eb310f34e3375f441986e,2024-11,Essex Police,Essex Police,0.323131,51.622663,On or near Priest'S Lane,E01021466,Brentwood 005E,Violence and sexual offences,Status update unavailable,
05bf1ad5e9254694f5ff4c4ff2864bf5572f21e1a429aba6c3c7832fe1d6b719,2024-11,Essex Police,Essex Police,0.319739,51.622146,On or near Worrin Place,E01021466,Brentwood 005E,Violence and sexual offences,Status update unavailable,
8c32531a9d48d8eba392305756a760a6c8b41cba33ba753378fc5012ef640bb4,2024-11,Essex Police,Essex Police,0.331256,51.632916,On or near Hunter Avenue,E01021467,Brentwood 005F,Burglary,Investigation complete; no suspect identified,
5261b9f7567248127c9d5f7b0f091cf137db9deeaaeb116ffcd8186232990475,2024-11,Essex Police,Essex Police,0.331256,51.632916,On or near Hunter Avenue,E01021467,Brentwood 005F,Burglary,Investigation complete; no suspect identified,
bb49dabaab6a3630fb30e9e3fa7c39e6de16412e189ecc8bd6a920e20f0b1339,2024-11,Essex Police,Essex Police,0.328252,51.636618,On or near St Mary'S Avenue,E01021467,Brentwood 005F,Drugs,Local resolution,
88507c13b77a2e90e7541964ad741c7034cdf391afffaf4aa6644d08da193854,2024-11,Essex Police,Essex Police,0.330671,51.631930,On or near Parking Area,E01021467,Brentwood 005F,Drugs,Court result unavailable,
7e2a672f159ea0fcc49fa96accb58e41f1e437eccbc9c0a51e789e2e52dcb623,2024-11,Essex Police,Essex Police,0.341044,51.643387,On or near Fen Close,E01021467,Brentwood 005F,Other theft,Unable to prosecute suspect,
190e2a5171bd870c4a09e901b0b1e4649329efc363e9afb428e6230995594985,2024-11,Essex Police,Essex Police,0.331268,51.636522,On or near Oliver Road,E01021467,Brentwood 005F,Vehicle crime,Investigation complete; no suspect identified,
37450c2beac2003328ebd1d21f38290faacc22ef46b1c32d22724ba5230834e3,2024-11,Essex Police,Essex Police,0.326162,51.632208,On or near Crossways,E01021467,Brentwood 005F,Violence and sexual offences,Investigation complete; no suspect identified,
f0d312ca361f7321b0b3d84d277932fafa803da92bbad60110b3a1a849eef685,2024-11,Essex Police,Essex Police,0.330671,51.631930,On or near Parking Area,E01021467,Brentwood 005F,Violence and sexual offences,Unable to prosecute suspect,
43249c56998bedbd1e7fbcb35a4b4956523967de99b3f5f1cd845e98bdd3dc5c,2024-11,Essex Police,Essex Police,0.330514,51.639577,On or near Chelmsford Road,E01021467,Brentwood 005F,Violence and sexual offences,Unable to prosecute suspect,
f4727ff886dc2ef613f70ef28d7ef4e772b0d562aa1a8539da60dc2f8db7a70d,2024-11,Essex Police,Essex Police,0.283916,51.614224,On or near West Park Hill,E01021438,Brentwood 006A,Criminal damage and arson,Unable to prosecute suspect,
a75c4bb69e73dfb3ca832b4df0efbc9f6d26226cf5ebf56d98517c0ca1481160,2024-11,Essex Police,Essex Police,0.282920,51.613389,On or near Elm Way,E01021438,Brentwood 006A,Vehicle crime,Investigation complete; no suspect identified,
2b4cb62efb6d61b08fb1d0c3c8670c8267646508d88b44bc4bdd9e8aea35d8bd,2024-11,Essex Police,Essex Police,0.278291,51.616420,On or near Selwood Road,E01021438,Brentwood 006A,Vehicle crime,Investigation complete; no suspect identified,
bb05224fdb5236cc21a07cde8ae34cdc9503c8910ee5a2620d421962b066be35,2024-11,Essex Police,Essex Police,0.278291,51.616420,On or near Selwood Road,E01021438,Brentwood 006A,Vehicle crime,Investigation complete; no suspect identified,
b7b54ab9b512a6dad48bbd1cc9a9cce2ac116c90dd79222232e2735c130f4bbf,2024-11,Essex Police,Essex Police,0.278291,51.616420,On or near Selwood Road,E01021438,Brentwood 006A,Vehicle crime,Investigation complete; no suspect identified,
ad8804ec026b5c2be6e2ff3a01ee8dfa8c019d9d0ba36c18a843897751edf41b,2024-11,Essex Police,Essex Police,0.278291,51.616420,On or near Selwood Road,E01021438,Brentwood 006A,Violence and sexual offences,Status update unavailable,
a95fc8651942a2715b7731ce2836e3d3d10d469a2dba5c9c9fe716b83f548eff,2024-11,Essex Police,Essex Police,0.290868,51.616870,On or near Petrol Station,E01021438,Brentwood 006A,Violence and sexual offences,Status update unavailable,
2ed176a70f01603f4993ef12114b29fab2b69a35faca2e98ab62b0f9216618bb,2024-11,Essex Police,Essex Police,0.300384,51.634103,On or near Sports/Recreation Area,E01021462,Brentwood 006B,Drugs,Local resolution,
ef0c9b581de03c56bbcd644f7295c2b84be2658b8f2a0d74a0226fea0cd8ac02,2024-11,Essex Police,Essex Police,0.293527,51.636960,On or near Iris Close,E01021462,Brentwood 006B,Vehicle crime,Investigation complete; no suspect identified,
da5e1eed61f178c8c9f371387c2f2028462bc0c733fd444726fda0a719f39d8d,2024-11,Essex Police,Essex Police,0.293527,51.636960,On or near Iris Close,E01021462,Brentwood 006B,Violence and sexual offences,Unable to prosecute suspect,
85bd9f117faa8e4c66929713f423ca8e3f0601bad119a089425e6b8d867e1713,2024-11,Essex Police,Essex Police,0.300384,51.634103,On or near Sports/Recreation Area,E01021462,Brentwood 006B,Violence and sexual offences,Investigation complete; no suspect identified,
b9f1315568ddd9e335eeb117465fc68cdf248f9111995b0f036961013021055c,2024-11,Essex Police,Essex Police,0.285066,51.639139,On or near Catherine Close,E01021462,Brentwood 006B,Violence and sexual offences,Unable to prosecute suspect,
3888d4d3c9f0f279027cba3477a8b2d6725d06f1040d2041e0fd0b7dcc813f78,2024-11,Essex Police,Essex Police,0.278227,51.647429,On or near Ashwells Road,E01021463,Brentwood 006C,Vehicle crime,Investigation complete; no suspect identified,
424bf345573248894866b849cd89f447a0f9464c98972afdf59b61ebb8fde753,2024-11,Essex Police,Essex Police,0.279258,51.638020,On or near Georges Drive,E01021463,Brentwood 006C,Violence and sexual offences,Unable to prosecute suspect,
,2024-11,Essex Police,Essex Police,0.271739,51.612203,On or near Wingrave Crescent,E01021468,Brentwood 006D,Anti-social behaviour,,
fb020bdf5b8c04119093a7408d44973843f9b71178e869687fcde7d7346057f0,2024-11,Essex Police,Essex Police,0.271739,51.612203,On or near Wingrave Crescent,E01021468,Brentwood 006D,Criminal damage and arson,Investigation complete; no suspect identified,
c199270f4aa7ad0cf8a193507fdd1ce500929c98ac28a718ba4dc55e2542d828,2024-11,Essex Police,Essex Police,0.271739,51.612203,On or near Wingrave Crescent,E01021468,Brentwood 006D,Criminal damage and arson,Investigation complete; no suspect identified,
7f925beb11ebabd7c27017d6ad762b6ff1b940fa8043214376a41187033b6d6e,2024-11,Essex Police,Essex Police,0.271739,51.612203,On or near Wingrave Crescent,E01021468,Brentwood 006D,Criminal damage and arson,Investigation complete; no suspect identified,
7a9ebce6c2abc996ccbf4c83b60813197b6ee2d9c027972c9ac88f0dcab205cd,2024-11,Essex Police,Essex Police,0.271739,51.612203,On or near Wingrave Crescent,E01021468,Brentwood 006D,Other theft,Investigation complete; no suspect identified,
76ba118c0aecfb4171e512b449f4b36069baf8e8fc5c9b25073466bbc793d256,2024-11,Essex Police,Essex Police,0.271739,51.612203,On or near Wingrave Crescent,E01021468,Brentwood 006D,Other theft,Investigation complete; no suspect identified,
5585d8abfc088b83d9dae06bf57ff9a4d98952b1b0eb86b02bfc4ee7d3260637,2024-11,Essex Police,Essex Police,0.277127,51.638754,On or near Apple Gate,E01021468,Brentwood 006D,Other theft,Investigation complete; no suspect identified,
757b127bae69b79fe424c761e48741661ece8daf22428a053577c5cc730ad932,2024-11,Essex Police,Essex Police,0.271739,51.612203,On or near Wingrave Crescent,E01021468,Brentwood 006D,Public order,Unable to prosecute suspect,
4ee6807a9a78ff9a88f6d9e7af62d63fcff59c16e61aa65062ddd74520a57ae6,2024-11,Essex Police,Essex Police,0.275139,51.613765,On or near Spital Lane,E01021468,Brentwood 006D,Public order,Investigation complete; no suspect identified,
2094190b7877476c45a7e53f3fc103605018e4e8ca06d16dbe4f454f5175a1a9,2024-11,Essex Police,Essex Police,0.281535,51.612274,On or near Lindsey Close,E01021468,Brentwood 006D,Public order,Unable to prosecute suspect,
20f0d9e22feec33f6c1ca234ae30b3700db3e831cc5d586c2d816145d30f3093,2024-11,Essex Police,Essex Police,0.272357,51.639620,On or near Bellhouse Lane,E01021468,Brentwood 006D,Shoplifting,Investigation complete; no suspect identified,
8d9fa69c4f64921c7dbcd7cc0b51f72d52049b46b5290f7a7e9f1f04d8291497,2024-11,Essex Police,Essex Police,0.273262,51.611472,On or near Brook Street,E01021468,Brentwood 006D,Shoplifting,Investigation complete; no suspect identified,
0b29c6cd54fb57db56bf3cde8aec32f2cf1e519507e8cacdd8c623a8a151d007,2024-11,Essex Police,Essex Police,0.273262,51.611472,On or near Brook Street,E01021468,Brentwood 006D,Shoplifting,Investigation complete; no suspect identified,
9ef324cd890534a9f8e660c7205c4741bb304d7b3bbac585de25ef8f8d94a4e7,2024-11,Essex Police,Essex Police,0.271739,51.612203,On or near Wingrave Crescent,E01021468,Brentwood 006D,Shoplifting,Investigation complete; no suspect identified,
53dc39c9c5b0b975c5c6ab1ea8f509e7dce7f946e00c3f3d24784cba7d3080b4,2024-11,Essex Police,Essex Police,0.273262,51.611472,On or near Brook Street,E01021468,Brentwood 006D,Shoplifting,Unable to prosecute suspect,
ee8148a8d7f154230ccba5bdcbaffa5a337c0cb667166afbe99044f7bc696922,2024-11,Essex Police,Essex Police,0.273262,51.611472,On or near Brook Street,E01021468,Brentwood 006D,Shoplifting,Unable to prosecute suspect,
8acbe92331252463ac2f3dd237125abce88ae7d64804c8ee28545e69c572d361,2024-11,Essex Police,Essex Police,0.272773,51.613254,On or near Leonard Way,E01021468,Brentwood 006D,Vehicle crime,Investigation complete; no suspect identified,
1f729cd53448049844acbf94c6e3c330627be6d12f71e4ce8b1c94ae4c2f9302,2024-11,Essex Police,Essex Police,0.271739,51.612203,On or near Wingrave Crescent,E01021468,Brentwood 006D,Vehicle crime,Investigation complete; no suspect identified,
d2f2618949f4458467a3e91bd93a31d92093bbba550380f20d0c5ff1cccd2c6d,2024-11,Essex Police,Essex Police,0.271739,51.612203,On or near Wingrave Crescent,E01021468,Brentwood 006D,Vehicle crime,Investigation complete; no suspect identified,
dce18204e7144fef2a9dad640f923648cb12324e82a107ce282a20c40e851b80,2024-11,Essex Police,Essex Police,0.271739,51.612203,On or near Wingrave Crescent,E01021468,Brentwood 006D,Vehicle crime,Investigation complete; no suspect identified,
ee3f7b41169931e5f7b38c96b839edbfa793dda4cb0887aabd3b7b1254e68619,2024-11,Essex Police,Essex Police,0.271739,51.612203,On or near Wingrave Crescent,E01021468,Brentwood 006D,Vehicle crime,Investigation complete; no suspect identified,
de1b7c4a665a973d3a3e9cde3aacbf423fbe812ee0317840e89c1bd2303affb7,2024-11,Essex Police,Essex Police,0.271739,51.612203,On or near Wingrave Crescent,E01021468,Brentwood 006D,Vehicle crime,Investigation complete; no suspect identified,
2c484af1cd66fd52f08f2a50193576698f17ea17669f41b5d1e881cfc76fc8b2,2024-11,Essex Police,Essex Police,0.271739,51.612203,On or near Wingrave Crescent,E01021468,Brentwood 006D,Vehicle crime,Investigation complete; no suspect identified,
ea611d5eca57953707fcdc923fcce7efb9ad144ebbb5b197a70fbd038bd30fff,2024-11,Essex Police,Essex Police,0.271739,51.612203,On or near Wingrave Crescent,E01021468,Brentwood 006D,Vehicle crime,Investigation complete; no suspect identified,
3e507c13d335b1833714cec1cdc51016b235cd7c095cb0c345c82879789d9bb3,2024-11,Essex Police,Essex Police,0.271739,51.612203,On or near Wingrave Crescent,E01021468,Brentwood 006D,Vehicle crime,Investigation complete; no suspect identified,
1d553f298a2c2f1f0cc2dedbce05444d920ee3469fbb337f3efc4ec434ea8c98,2024-11,Essex Police,Essex Police,0.288067,51.628118,On or near Parking Area,E01021468,Brentwood 006D,Vehicle crime,Investigation complete; no suspect identified,
2147d6a06b164a1ba38348aa697763b2ea06affea236fdd218c393caa10508f5,2024-11,Essex Police,Essex Police,0.275353,51.611108,On or near Mascalls Gardens,E01021468,Brentwood 006D,Violence and sexual offences,Unable to prosecute suspect,
64ad0ee95dbffbda321e05c13fd47dc8a51875110a6620ae2a0dcd7f01f36c35,2024-11,Essex Police,Essex Police,0.277235,51.610901,On or near Southall Way,E01021468,Brentwood 006D,Violence and sexual offences,Unable to prosecute suspect,
dd9d8be16c8702429593cac9b7803156df82446254ffa72408782fc742c828a4,2024-11,Essex Police,Essex Police,0.278704,51.612257,On or near Lilley Close,E01021468,Brentwood 006D,Violence and sexual offences,Unable to prosecute suspect,
aa3a9cbb27317ec1eb365077315980902e0aae04c287f00c4de17f48ad2bb4b9,2024-11,Essex Police,Essex Police,0.268598,51.618748,On or near Wigley Bush Lane,E01021468,Brentwood 006D,Violence and sexual offences,Unable to prosecute suspect,
b54c090b040ce9b44eb177b203f2fff031cb894268a3100d5e169682d119c439,2024-11,Essex Police,Essex Police,0.262171,51.601345,On or near Nag'S Head Lane,E01021468,Brentwood 006D,Other crime,Status update unavailable,
,2024-11,Essex Police,Essex Police,0.303339,51.620967,On or near Shopping Area,E01021433,Brentwood 007A,Anti-social behaviour,,
,2024-11,Essex Police,Essex Police,0.301189,51.620173,On or near Bank Place,E01021433,Brentwood 007A,Anti-social behaviour,,
,2024-11,Essex Police,Essex Police,0.300293,51.619876,On or near High Street,E01021433,Brentwood 007A,Anti-social behaviour,,
,2024-11,Essex Police,Essex Police,0.301189,51.620173,On or near Bank Place,E01021433,Brentwood 007A,Anti-social behaviour,,
ee937b7f291c70ca79ad4be7ab244548994897a29beaeaa4d6e75bb8b7278c6e,2024-11,Essex Police,Essex Police,0.302405,51.622208,On or near Supermarket,E01021433,Brentwood 007A,Bicycle theft,Investigation complete; no suspect identified,
5f5017e403f25586e50e10316571a8de9488b104ed2f1b16138ba1942c7688ca,2024-11,Essex Police,Essex Police,0.302405,51.622208,On or near Supermarket,E01021433,Brentwood 007A,Criminal damage and arson,Unable to prosecute suspect,
ab6ce6cfab12a9528dd48b353619812af6c27650372df53a23c04b813fb62419,2024-11,Essex Police,Essex Police,0.303878,51.624473,On or near Burland Road,E01021433,Brentwood 007A,Criminal damage and arson,Investigation complete; no suspect identified,
e96c52fe2d5bcf332ae85bfcd13d9a7bd3b2418ea68662ab467752db9d0e289e,2024-11,Essex Police,Essex Police,0.300336,51.620154,On or near Nightclub,E01021433,Brentwood 007A,Criminal damage and arson,Investigation complete; no suspect identified,
e087f056382c85c8803f66a6d365d7828727c9be4787436b33ab2bd3a463bda5,2024-11,Essex Police,Essex Police,0.305744,51.621388,On or near A1023,E01021433,Brentwood 007A,Drugs,Local resolution,
d2fb979c03f036289a001633eeedaa6c982c986d20674fa4d17df285bd2d38c0,2024-11,Essex Police,Essex Police,0.300293,51.619876,On or near High Street,E01021433,Brentwood 007A,Drugs,Local resolution,
a60673d4048de181ce9ab4377ff373952b6334638013edd8806f0fbeb1dc62cc,2024-11,Essex Police,Essex Police,0.303339,51.620967,On or near Shopping Area,E01021433,Brentwood 007A,Drugs,Local resolution,
b37243e790911a9a4b860b5cb80420dc1fb3b14be56bb85dbffd11b9e8a9c677,2024-11,Essex Police,Essex Police,0.302405,51.622208,On or near Supermarket,E01021433,Brentwood 007A,Other theft,Investigation complete; no suspect identified,
75884e02c34fe212300281708864e9d0a69e2871600405bee5b1b63c754ba407,2024-11,Essex Police,Essex Police,0.297921,51.619527,On or near Parking Area,E01021433,Brentwood 007A,Other theft,Unable to prosecute suspect,
88b487654e5c62e29b7805254d50ac20a1ebfb4802052ab49ab728517029ae1d,2024-11,Essex Police,Essex Police,0.300293,51.619876,On or near High Street,E01021433,Brentwood 007A,Other theft,Unable to prosecute suspect,
e13e4570dabb616f5e96eda4fb9ce089d9f3d52791f89550b332a968c0ae62c6,2024-11,Essex Police,Essex Police,0.303860,51.622126,On or near Parking Area,E01021433,Brentwood 007A,Public order,Unable to prosecute suspect,
936951c09b9077d386eb152ebaceb7fa2a8adddb9d2b23c76dcd6b967267f001,2024-11,Essex Police,Essex Police,0.301791,51.620935,On or near William Hunter Way,E01021433,Brentwood 007A,Public order,Unable to prosecute suspect,
abc71d001de36c4422eebed8be7606bba8f20931590fcb81c6b94680d133fa52,2024-11,Essex Police,Essex Police,0.305030,51.621545,On or near Ongar Place,E01021433,Brentwood 007A,Public order,Investigation complete; no suspect identified,
c937fe71a08a31908de6ea7737e97f519a62a3ca8707fa5424db8ec9eb3ac5fd,2024-11,Essex Police,Essex Police,0.302405,51.622208,On or near Supermarket,E01021433,Brentwood 007A,Public order,Investigation complete; no suspect identified,
e070c780ca7fb1b9a2fd9c1eb5cc6b795ef20079cc9d4dc76cf4f119428da37a,2024-11,Essex Police,Essex Police,0.297921,51.619527,On or near Parking Area,E01021433,Brentwood 007A,Public order,Investigation complete; no suspect identified,
997cd9e5786c6b4b4ed7594fba28c422ff985231a2a1a6e31c49d986c137b2d7,2024-11,Essex Police,Essex Police,0.300293,51.619876,On or near High Street,E01021433,Brentwood 007A,Public order,Unable to prosecute suspect,
e6049286374c52dd9e47e4e36d1cf69fe7426819a262e79c020a5edbe1281171,2024-11,Essex Police,Essex Police,0.301791,51.620935,On or near William Hunter Way,E01021433,Brentwood 007A,Shoplifting,Court result unavailable,
7b850be337cba6529f20ba7f6e2887706f712f92890d9af55f014e51604c466c,2024-11,Essex Police,Essex Police,0.301791,51.620935,On or near William Hunter Way,E01021433,Brentwood 007A,Shoplifting,Investigation complete; no suspect identified,
151516c15f5861710d29c1037ca3490fd77aa060c4055ecf32cb6d9891d713ea,2024-11,Essex Police,Essex Police,0.301791,51.620935,On or near William Hunter Way,E01021433,Brentwood 007A,Shoplifting,Investigation complete; no suspect identified,
fc379bc607dfce0a8bc5563bb79baebc6fa19bf97b62b9295e254af73d7e1123,2024-11,Essex Police,Essex Police,0.301791,51.620935,On or near William Hunter Way,E01021433,Brentwood 007A,Shoplifting,Investigation complete; no suspect identified,
f5ae8b4cc988d6841b05591bccf1d56a82e825b46352a450cdc13d8fa6db4455,2024-11,Essex Police,Essex Police,0.302405,51.622208,On or near Supermarket,E01021433,Brentwood 007A,Shoplifting,Investigation complete; no suspect identified,
5fcc5f12e61c8e32b7727a6c1d7e871ee41caf43485ec8982495a9b257f0e318,2024-11,Essex Police,Essex Police,0.302405,51.622208,On or near Supermarket,E01021433,Brentwood 007A,Shoplifting,Offender given a caution,
f587e7d8d9548f4114e3c3d731e3f1b0e4be9f4ece2ab0459119d091bff4247e,2024-11,Essex Police,Essex Police,0.301791,51.620935,On or near William Hunter Way,E01021433,Brentwood 007A,Shoplifting,Investigation complete; no suspect identified,
31576b2de1d36f89cdbfd58682054c0ae9ecfddc7a9096637866266540e5a8e6,2024-11,Essex Police,Essex Police,0.302405,51.622208,On or near Supermarket,E01021433,Brentwood 007A,Shoplifting,Unable to prosecute suspect,
bdc42b49b4cc95cfdd7245d5027ea02e476ca388956e4a2eb4cc81b568e8bfb3,2024-11,Essex Police,Essex Police,0.301791,51.620935,On or near William Hunter Way,E01021433,Brentwood 007A,Shoplifting,Court result unavailable,
e2c2475a49ee7776de390ed2c1994a08b95f198b659540e86eef351bb316aefd,2024-11,Essex Police,Essex Police,0.301791,51.620935,On or near William Hunter Way,E01021433,Brentwood 007A,Shoplifting,Investigation complete; no suspect identified,
74d0518e5860463512cdb15c4348773908e0e62c545dcac37291453c91a95f8f,2024-11,Essex Police,Essex Police,0.301791,51.620935,On or near William Hunter Way,E01021433,Brentwood 007A,Shoplifting,Investigation complete; no suspect identified,
e56250c4c47039a4eef95935cff7cc9aa071a8a47015ee8282b0ce89a0046b84,2024-11,Essex Police,Essex Police,0.302405,51.622208,On or near Supermarket,E01021433,Brentwood 007A,Shoplifting,Local resolution,
6922ca5852df050a0d72258c4184a8175e2d2b5b64311805d01cfe80288415f8,2024-11,Essex Police,Essex Police,0.301791,51.620935,On or near William Hunter Way,E01021433,Brentwood 007A,Shoplifting,Investigation complete; no suspect identified,
e0c23535dae42e84fd7e69bb5c45b41663da5a342de8888ef2a28a008b762bb2,2024-11,Essex Police,Essex Police,0.301791,51.620935,On or near William Hunter Way,E01021433,Brentwood 007A,Shoplifting,Court result unavailable,
70b460e776102256e773cf78db469ece7ad70ec5752564fe3f93126fe2d38cda,2024-11,Essex Police,Essex Police,0.301791,51.620935,On or near William Hunter Way,E01021433,Brentwood 007A,Shoplifting,Investigation complete; no suspect identified,
b3da9dd043b9690e3386e47870efe419d6a28c619841aed59afd023d1e762e7f,2024-11,Essex Police,Essex Police,0.301791,51.620935,On or near William Hunter Way,E01021433,Brentwood 007A,Shoplifting,Investigation complete; no suspect identified,
a84b8c09e5149cb02735bdb2cd5f2447236ee3195155ea2c624f2eca291156e0,2024-11,Essex Police,Essex Police,0.301848,51.624045,On or near Waterloo Road,E01021433,Brentwood 007A,Shoplifting,Investigation complete; no suspect identified,
ea987fe20fa82272f72e243f0a09b43d0e5b52e24f17a54c003951c5495225ba,2024-11,Essex Police,Essex Police,0.302405,51.622208,On or near Supermarket,E01021433,Brentwood 007A,Theft from the person,Unable to prosecute suspect,
787ce84a3042d61e940029570cd1a59eb8c287fa232b4ed877cb131137b9b575,2024-11,Essex Police,Essex Police,0.305744,51.621388,On or near A1023,E01021433,Brentwood 007A,Theft from the person,Investigation complete; no suspect identified,
f95f68672cd5beae04c3f61c088d2f2ec81cd3843b78e1e0c00ac12f37b4b589,2024-11,Essex Police,Essex Police,0.302405,51.622208,On or near Supermarket,E01021433,Brentwood 007A,Vehicle crime,Investigation complete; no suspect identified,
5863627087879a3b09ee09d61f8780b05a349ec8441475087ee091ce857885e7,2024-11,Essex Police,Essex Police,0.300594,51.620976,On or near Parking Area,E01021433,Brentwood 007A,Vehicle crime,Investigation complete; no suspect identified,
30c25544b92272be2c512f362ec04dc0639e4b6676ef5c29e05e636d7503d4cd,2024-11,Essex Police,Essex Police,0.305826,51.625577,On or near Sawyers Grove,E01021433,Brentwood 007A,Vehicle crime,Investigation complete; no suspect identified,
b057bb769c732a383cd053f4ae36bbfab56cfc153cd53c4ee59cde508140732d,2024-11,Essex Police,Essex Police,0.298491,51.623095,On or near The Vale,E01021433,Brentwood 007A,Violence and sexual offences,Investigation complete; no suspect identified,
658cb8b4684c9ae71aef79f373242a3039d82afdf64149b4ec7a187001fe1a34,2024-11,Essex Police,Essex Police,0.304790,51.625651,On or near Sawyer'S Hall Lane,E01021433,Brentwood 007A,Violence and sexual offences,Investigation complete; no suspect identified,
5bbfe4f82035e38cf32bee51d61e9701e53daa1d1f6d0cb0fdca97024400eb46,2024-11,Essex Police,Essex Police,0.301189,51.620173,On or near Bank Place,E01021433,Brentwood 007A,Violence and sexual offences,Unable to prosecute suspect,
294a2619ea516b8d4f6882a728fc4f9b3525c8189b0b7bd91a1ca3fad4a8cabd,2024-11,Essex Police,Essex Police,0.301791,51.620935,On or near William Hunter Way,E01021433,Brentwood 007A,Violence and sexual offences,Investigation complete; no suspect identified,
,2024-11,Essex Police,Essex Police,0.299917,51.613579,On or near Brentwood,E01021475,Brentwood 007E,Anti-social behaviour,,
,2024-11,Essex Police,Essex Police,0.300936,51.611455,On or near Warley Mount,E01021475,Brentwood 007E,Anti-social behaviour,,
,2024-11,Essex Police,Essex Police,0.302374,51.612182,On or near Cameron Close,E01021475,Brentwood 007E,Anti-social behaviour,,
668559e5af070ccdcc2b75a0b7fe25e42f576058b0c76977e7ce20dc109a6671,2024-11,Essex Police,Essex Police,0.299731,51.609608,On or near Hamilton Crescent,E01021475,Brentwood 007E,Burglary,Investigation complete; no suspect identified,
31c3c49529b598c59d3c239a0ccdfdfb6c901ad92f89a988c38c055d3267ef6d,2024-11,Essex Police,Essex Police,0.299933,51.613318,On or near Myrtle Road,E01021475,Brentwood 007E,Criminal damage and arson,Unable to prosecute suspect,
b8cfa747b1c0c15ecdf23c8ecabe7bce30dc946fddd563068abf1134f354d722,2024-11,Essex Police,Essex Police,0.299469,51.612725,On or near Great Eastern Road,E01021475,Brentwood 007E,Theft from the person,Investigation complete; no suspect identified,
74514c19d8c5b854975d26356d4db9b5a8859cf0f1707b6329fb4790c0824912,2024-11,Essex Police,Essex Police,0.300936,51.611455,On or near Warley Mount,E01021475,Brentwood 007E,Violence and sexual offences,Formal action is not in the public interest,
b9f6240208e5e0261c41652f4ab57c3d04e7047db713bf14d5bdeb783ec9c2b9,2024-11,Essex Police,Essex Police,0.299917,51.613579,On or near Brentwood,E01021475,Brentwood 007E,Violence and sexual offences,Investigation complete; no suspect identified,
,2024-11,Essex Police,Essex Police,0.290872,51.608369,On or near Vaughan Williams Way,E01033063,Brentwood 007F,Anti-social behaviour,,
,2024-11,Essex Police,Essex Police,0.290872,51.608369,On or near Vaughan Williams Way,E01033063,Brentwood 007F,Anti-social behaviour,,
f813373d2fee3cda30aa78ccff5c6ecae31dc34c178cd95290d4daa12be93076,2024-11,Essex Police,Essex Police,0.290924,51.606812,On or near Tallis Way,E01033063,Brentwood 007F,Drugs,Court result unavailable,
d220b93e79286dcde0f9a844ff44b7936ab1a85dae84495ec4c6c81f8cd053be,2024-11,Essex Police,Essex Police,0.292295,51.609385,On or near Osborne Heights,E01033063,Brentwood 007F,Possession of weapons,Status update unavailable,
af4680746692addcb71ed579fdd292ff13448be64171a29d6317c3a7b74ffbef,2024-11,Essex Police,Essex Police,0.290924,51.606812,On or near Tallis Way,E01033063,Brentwood 007F,Possession of weapons,Court result unavailable,
6355c1b7157e6751918b5e35b9a60f4744b18324ba3f494c3da4aecda30d00a4,2024-11,Essex Police,Essex Police,0.290872,51.608369,On or near Vaughan Williams Way,E01033063,Brentwood 007F,Vehicle crime,Investigation complete; no suspect identified,
acd0a0158a3e50ce0ca190d92aada79dadd0a4189622786e4c7d397c8fad7882,2024-11,Essex Police,Essex Police,0.290924,51.606812,On or near Tallis Way,E01033063,Brentwood 007F,Violence and sexual offences,Unable to prosecute suspect,
,2024-11,Essex Police,Essex Police,0.304221,51.620419,On or near Moores Place,E01034358,Brentwood 007H,Anti-social behaviour,,
,2024-11,Essex Police,Essex Police,0.304221,51.620419,On or near Moores Place,E01034358,Brentwood 007H,Anti-social behaviour,,
,2024-11,Essex Police,Essex Police,0.302728,51.618317,On or near Library Hill,E01034358,Brentwood 007H,Anti-social behaviour,,
,2024-11,Essex Police,Essex Police,0.304221,51.620419,On or near Moores Place,E01034358,Brentwood 007H,Anti-social behaviour,,
ed90ea3a7b95ff8c6d53c59dbef25ecc59e42e3008fc2728cbdf32be3cc15483,2024-11,Essex Police,Essex Police,0.301605,51.618681,On or near Parking Area,E01034358,Brentwood 007H,Criminal damage and arson,Investigation complete; no suspect identified,
9b031c49d91e725b21a64e6f5e905d1f924734d54a5239af87f003b4b132ce62,2024-11,Essex Police,Essex Police,0.298691,51.618756,On or near Chatham Way,E01034358,Brentwood 007H,Criminal damage and arson,Investigation complete; no suspect identified,
d571601c577a9a509947c95890e24621c6872ae976ad4c4628def15b299524b5,2024-11,Essex Police,Essex Police,0.302837,51.619322,On or near Shopping Area,E01034358,Brentwood 007H,Criminal damage and arson,Investigation complete; no suspect identified,
8c8867e9a97d39b2cc4bec7a3f51a4b058c4e95724f19ab9627c114f36d988ad,2024-11,Essex Police,Essex Police,0.298691,51.618756,On or near Chatham Way,E01034358,Brentwood 007H,Criminal damage and arson,Unable to prosecute suspect,
473e5be4fb0c3ed5c69dffe06c7021b72644ff82ad4c0007638c79348a07a549,2024-11,Essex Police,Essex Police,0.301605,51.618681,On or near Parking Area,E01034358,Brentwood 007H,Criminal damage and arson,Investigation complete; no suspect identified,
3d928ffc9dfd3d56f6d45f49bede6c71c18cb457cb3d931f3f74c879d426f86a,2024-11,Essex Police,Essex Police,0.298691,51.618756,On or near Chatham Way,E01034358,Brentwood 007H,Drugs,Local resolution,
b3f6f5bad8975f7ee8b4db81b422b941339c4801598058c435a7fe83ca9fbea5,2024-11,Essex Police,Essex Police,0.304221,51.620419,On or near Moores Place,E01034358,Brentwood 007H,Drugs,Court result unavailable,
a8240948f0ab308f138aae75f3585e646b630d442704c3405151f954f2bc0d58,2024-11,Essex Police,Essex Police,0.304221,51.620419,On or near Moores Place,E01034358,Brentwood 007H,Public order,Unable to prosecute suspect,
20995d89ddbc6b63500b119befc7fa83e813878a5d48b1dfb7ca283b84b722bc,2024-11,Essex Police,Essex Police,0.304221,51.620419,On or near Moores Place,E01034358,Brentwood 007H,Public order,Unable to prosecute suspect,
e3242545e3712540f725bb6746d4755dd3dfc189723b634419e18341d47217fc,2024-11,Essex Police,Essex Police,0.304221,51.620419,On or near Moores Place,E01034358,Brentwood 007H,Public order,Local resolution,
c0c09954d8b786e9e6fe27b960c0d6ba3b96804890739438e1ee0c321185246a,2024-11,Essex Police,Essex Police,0.302701,51.618929,On or near New Road,E01034358,Brentwood 007H,Robbery,Investigation complete; no suspect identified,
854c3b969308f8a3776720b2c7b121182dc11971a054be1b6d277a9d2d4b2582,2024-11,Essex Police,Essex Police,0.302701,51.618929,On or near New Road,E01034358,Brentwood 007H,Shoplifting,Court result unavailable,
7ec27e2229a539c807317ab7f636457ac079ff309dffd3c7a884ca8744a227c2,2024-11,Essex Police,Essex Police,0.302837,51.619322,On or near Shopping Area,E01034358,Brentwood 007H,Shoplifting,Court result unavailable,
e00c6757d11b75c9dacbda942a1dd5596d05ca977091a668983c6986df8a95dc,2024-11,Essex Police,Essex Police,0.302837,51.619322,On or near Shopping Area,E01034358,Brentwood 007H,Shoplifting,Investigation complete; no suspect identified,
ff9a02507be03723d0d99c78c9db59337e3b246ded876f6449d0380dacfeb193,2024-11,Essex Police,Essex Police,0.302837,51.619322,On or near Shopping Area,E01034358,Brentwood 007H,Shoplifting,Investigation complete; no suspect identified,
eaa79696e62cbe3bb1880e1fe6f24d84cb76cf0dc7d218ec3a43decbcd8fa39f,2024-11,Essex Police,Essex Police,0.302701,51.618929,On or near New Road,E01034358,Brentwood 007H,Theft from the person,Investigation complete; no suspect identified,
a702664fbc71146349f26383ec1b58e34f1afc57beb56eee55ee123e7c04ed65,2024-11,Essex Police,Essex Police,0.302837,51.619322,On or near Shopping Area,E01034358,Brentwood 007H,Theft from the person,Investigation complete; no suspect identified,
e9aa15653fe2df1863d6106120f59d22acc3177fad02a402431910162f65ba7e,2024-11,Essex Police,Essex Police,0.304221,51.620419,On or near Moores Place,E01034358,Brentwood 007H,Theft from the person,Court result unavailable,
2ffd042424f094cff87ff8f9edc15799b35b046649f4ff187920acc4e04f2c9a,2024-11,Essex Police,Essex Police,0.305638,51.620149,On or near Cathedral Place,E01034358,Brentwood 007H,Vehicle crime,Investigation complete; no suspect identified,
293836522446072eb072affec63cae155b66c044c9ba49ab1dac0e9f40cb1c8f,2024-11,Essex Police,Essex Police,0.300093,51.619070,On or near Parking Area,E01034358,Brentwood 007H,Vehicle crime,Investigation complete; no suspect identified,
028beb9b23834d4cd567309f1918557adcaba0516b0d3bcc422d64b1f2790753,2024-11,Essex Police,Essex Police,0.302701,51.618929,On or near New Road,E01034358,Brentwood 007H,Violence and sexual offences,Offender given a caution,
668dcbbb71e4cd0c03bda758442803429044762d53afddcd5f4bec4b1d6737bc,2024-11,Essex Police,Essex Police,0.298691,51.618756,On or near Chatham Way,E01034358,Brentwood 007H,Violence and sexual offences,Unable to prosecute suspect,
208204cdf51e815f087cb51598c28df6516cfe797644079e9efc5098700898bb,2024-11,Essex Police,Essex Police,0.304221,51.620419,On or near Moores Place,E01034358,Brentwood 007H,Violence and sexual offences,Unable to prosecute suspect,
fd318e60d3de695f6c357a3076264b0b44b78c38c4fc496ff2f6690374d69cda,2024-11,Essex Police,Essex Police,0.304221,51.620419,On or near Moores Place,E01034358,Brentwood 007H,Violence and sexual offences,Investigation complete; no suspect identified,
,2024-11,Essex Police,Essex Police,0.298623,51.615700,On or near Fairfield Road,E01034359,Brentwood 007I,Anti-social behaviour,,
,2024-11,Essex Police,Essex Police,0.298623,51.615700,On or near Fairfield Road,E01034359,Brentwood 007I,Anti-social behaviour,,
,2024-11,Essex Police,Essex Police,0.299184,51.617092,On or near King'S Road,E01034359,Brentwood 007I,Anti-social behaviour,,
f3714e06709b85b4cd7a1567b5f7bed786905c8c667b32c73806bb38f4fdb085,2024-11,Essex Police,Essex Police,0.295134,51.619842,On or near Sir Francis Way,E01034359,Brentwood 007I,Drugs,Local resolution,
6cb84f37919c4cb1157b813a2a1cf7ad666b687e394587337213947f8a03cd56,2024-11,Essex Police,Essex Police,0.296072,51.618115,On or near Westbury Drive,E01034359,Brentwood 007I,Other theft,Investigation complete; no suspect identified,
09132ccc1a6a868e00a4e7c41d6abd4870ec6a02a45f0550a7b156a6d15a2be9,2024-11,Essex Police,Essex Police,0.298623,51.615700,On or near Fairfield Road,E01034359,Brentwood 007I,Shoplifting,Local resolution,
f48632dd084c81f1efd1f34bfc161559bbf5008bd38d9e041e54f16096ecae79,2024-11,Essex Police,Essex Police,0.298623,51.615700,On or near Fairfield Road,E01034359,Brentwood 007I,Shoplifting,Unable to prosecute suspect,
cd4ddcb526b3a985957645d0ad7b1e2275cf596766e8638b3bca86656ef05c8c,2024-11,Essex Police,Essex Police,0.293743,51.616605,On or near La Plata Grove,E01034359,Brentwood 007I,Vehicle crime,Investigation complete; no suspect identified,
96ef705a2eaa8110ec09d50a3e75829873e9d85fc22ab201fa380eddd8648075,2024-11,Essex Police,Essex Police,0.294559,51.617731,On or near Police Station,E01034359,Brentwood 007I,Vehicle crime,Investigation complete; no suspect identified,
62fc49d5db1dec456d8aed3aac0a6b4aef9456840371d15e70df7b430c946bdc,2024-11,Essex Police,Essex Police,0.297576,51.618130,On or near Westbury Road,E01034359,Brentwood 007I,Violence and sexual offences,Status update unavailable,
f4aae990ff9e0f795e464dbce05efd9121840cc963573dad63cfeb1424606737,2024-11,Essex Police,Essex Police,0.294559,51.617731,On or near Police Station,E01034359,Brentwood 007I,Violence and sexual offences,Unable to prosecute suspect,
1df2028bbb6d754a96909b454c38a5c87ba368898b0e6e68491a61f27e77bb61,2024-11,Essex Police,Essex Police,0.294559,51.617731,On or near Police Station,E01034359,Brentwood 007I,Violence and sexual offences,Unable to prosecute suspect,
174538ace87e0bb22e0304285260b9fd0c572233d61955d47c9a3de80a20ae86,2024-11,Essex Police,Essex Police,0.297576,51.618130,On or near Westbury Road,E01034359,Brentwood 007I,Violence and sexual offences,Investigation complete; no suspect identified,
,2024-11,Essex Police,Essex Police,0.300196,51.617387,On or near Primrose Hill,E01034360,Brentwood 007J,Anti-social behaviour,,
,2024-11,Essex Police,Essex Police,0.302647,51.615576,On or near Rose Valley,E01034360,Brentwood 007J,Anti-social behaviour,,
69042d29b23f44669d224d8b9b2a0c284a7e34fea508023a53681ef1d336c9cf,2024-11,Essex Police,Essex Police,0.300301,51.614615,On or near King Edward Road,E01034360,Brentwood 007J,Burglary,Investigation complete; no suspect identified,
3abcd1be6c8591d82c92eaba3842a629530a10752e3a89eb2878326529702323,2024-11,Essex Police,Essex Police,0.300807,51.615180,On or near Gresham Road,E01034360,Brentwood 007J,Criminal damage and arson,Investigation complete; no suspect identified,
dc626e1d8fc90298d7145f8652b94ee3e93d95edb5fb2de52037a0460aefb2da,2024-11,Essex Police,Essex Police,0.307396,51.616652,On or near The Chase,E01034360,Brentwood 007J,Robbery,Formal action is not in the public interest,
0261f2d06f5d7c0c9b2ca78e15eecf99901adfd9e38f651e98c0b4e8e2d4ae33,2024-11,Essex Police,Essex Police,0.300301,51.614615,On or near King Edward Road,E01034360,Brentwood 007J,Shoplifting,Court result unavailable,
6490dd1efc45c9a1c7d232e74c3a3bc62c32564f112a33e6d6677c6c65619d42,2024-11,Essex Police,Essex Police,0.303302,51.615383,On or near Leasway,E01034360,Brentwood 007J,Vehicle crime,Investigation complete; no suspect identified,
4f970722530cf0aee3821471b8bea60150785381f2a3ae25af6979cbf6409e01,2024-11,Essex Police,Essex Police,0.300196,51.617387,On or near Primrose Hill,E01034360,Brentwood 007J,Violence and sexual offences,Investigation complete; no suspect identified,
2bfa59c5c83c3bd51a0a5c90c5eeff03629add2f36de657b727daff3fe525146,2024-11,Essex Police,Essex Police,0.300301,51.614615,On or near King Edward Road,E01034360,Brentwood 007J,Violence and sexual offences,Court result unavailable,
650292563a5ee621aa4b96acae67138991a998e5ee662f8b16ad88721296bd36,2024-11,Essex Police,Essex Police,0.301112,51.615507,On or near Gresham Close,E01034360,Brentwood 007J,Violence and sexual offences,Status update unavailable,
3e1073501e39090c64ce39efa6d4af0d50276508ea923c7dafcca68d9e79ad65,2024-11,Essex Police,Essex Police,0.307396,51.616652,On or near The Chase,E01034360,Brentwood 007J,Violence and sexual offences,Unable to prosecute suspect,
e9ffc9b5908e9269803b83fbdb709c10f4d1d5e159e220e558eb3e69ed2afd99,2024-11,Essex Police,Essex Police,0.300301,51.614615,On or near King Edward Road,E01034360,Brentwood 007J,Violence and sexual offences,Investigation complete; no suspect identified,
e2805e75c27ea79f763fb612c584fd7b927407b648a89d183a464810682109f4,2024-11,Essex Police,Essex Police,0.298863,51.615012,On or near The Mount,E01034361,Brentwood 007K,Burglary,Court result unavailable,
28dbe19acbce31d729ca955f54a3337becdab6fe8d93c876240ad38d65f5dd06,2024-11,Essex Police,Essex Police,0.297001,51.613339,On or near Victoria Road,E01034361,Brentwood 007K,Criminal damage and arson,Investigation complete; no suspect identified,
e7fc2786f9019adc54b5313f7c1b87d17dd74a56fb432eac42cf95df6e6248ea,2024-11,Essex Police,Essex Police,0.297001,51.613339,On or near Victoria Road,E01034361,Brentwood 007K,Drugs,Investigation complete; no suspect identified,
0a777ef32bd508b07cbc6bcd93c5420053d4cdbf718aa5dfbaf17ff7a50461f8,2024-11,Essex Police,Essex Police,0.298863,51.615012,On or near The Mount,E01034361,Brentwood 007K,Shoplifting,Unable to prosecute suspect,
c7009a6ac41ac4c4e9e08df1d5734051f6a78e825ed20163f8a9acc726625e4a,2024-11,Essex Police,Essex Police,0.297250,51.615394,On or near Chase Road,E01034361,Brentwood 007K,Violence and sexual offences,Unable to prosecute suspect,
00e46b0665a83f07e30f82e8e28b3e990cb39d1621b28e05b78548d7210e4940,2024-11,Essex Police,Essex Police,0.297001,51.613339,On or near Victoria Road,E01034361,Brentwood 007K,Violence and sexual offences,Unable to prosecute suspect,
908c704df246299502148aaacb8012a7a6fad22da0bb7944987c77db1643a0dc,2024-11,Essex Police,Essex Police,0.298863,51.615012,On or near The Mount,E01034361,Brentwood 007K,Violence and sexual offences,Unable to prosecute suspect,
2efe4d05376b4e9f836edd659e6b473c00dbaadadcd7d6eeefc8f6bddf029a41,2024-11,Essex Police,Essex Police,0.324930,51.614894,On or near Boleyn Gardens,E01021435,Brentwood 008A,Drugs,Investigation complete; no suspect identified,
d865aff8d1e311a8d386352feeaab3fea7b1f25b63a13a0a02ecf3dd7f329fdc,2024-11,Essex Police,Essex Police,0.324930,51.614894,On or near Boleyn Gardens,E01021435,Brentwood 008A,Violence and sexual offences,Unable to prosecute suspect,
d20e705074336b63ce31b080877954e62195b741a634bd6c9bd0ec73c01148f4,2024-11,Essex Police,Essex Police,0.324930,51.614894,On or near Boleyn Gardens,E01021435,Brentwood 008A,Other crime,Court result unavailable,
1aed91f0b81a6a4ff0e3e53f8568dd04bf1ee3002e75ca65b1ba3c7a649d7331,2024-11,Essex Police,Essex Police,0.325865,51.611431,On or near St Stephens Crescent,E01021437,Brentwood 008B,Drugs,Offender given a caution,
67691c606512a976a2d425c36b4da61aaa12c5ddffe61dbdb27ae1a98406180b,2024-11,Essex Police,Essex Police,0.321764,51.612852,On or near Rowan Green East,E01021437,Brentwood 008B,Violence and sexual offences,Unable to prosecute suspect,
5310a1f04c10650b9a485a52c8116b8b71ee671b1b3698a5119b565baafad6a7,2024-11,Essex Police,Essex Police,0.326829,51.614451,On or near The Broad Walk (North),E01021437,Brentwood 008B,Violence and sexual offences,Investigation complete; no suspect identified,
947c98af2e5ae5e56743322f658ad0d30dd2c91049de1a095a9a030fef5fed8a,2024-11,Essex Police,Essex Police,0.299121,51.606697,On or near Queen Street,E01021472,Brentwood 008C,Criminal damage and arson,Investigation complete; no suspect identified,
db5b8657059dd515e56ba87052fdbc9299682cddaff8b8316dd692d5d6f99fc1,2024-11,Essex Police,Essex Police,0.300000,51.605790,On or near Tyrell Rise,E01021472,Brentwood 008C,Criminal damage and arson,Investigation complete; no suspect identified,
3bd877ecdfadee4d8fa8665edc62f09e8d39f1138fae85d6543ad100c40bd8cb,2024-11,Essex Police,Essex Police,0.297775,51.602344,On or near Gibraltar Close,E01021472,Brentwood 008C,Criminal damage and arson,Formal action is not in the public interest,
e2259513364bcb90103c28c102b22052328cbed28d26f54f1c2009f93122136f,2024-11,Essex Police,Essex Police,0.298432,51.601342,On or near Birchwood Close,E01021472,Brentwood 008C,Drugs,Investigation complete; no suspect identified,
f7bc30a3bbdbdb3eeb5ef0cc5f9a705f9d6205479c19313270baec45536ef752,2024-11,Essex Police,Essex Police,0.293988,51.607715,On or near Pastoral Way,E01021472,Brentwood 008C,Other theft,Investigation complete; no suspect identified,
ba6e068200c7011c3c85457ef6ab89c00bdcdb8c590646e483057be85069597a,2024-11,Essex Police,Essex Police,0.297918,51.607188,On or near Petrol Station,E01021472,Brentwood 008C,Other theft,Investigation complete; no suspect identified,
2f9706c0ea1131308152f8dd5dbfaa6282a3d29bf650d0c4acceee2b2d929f0c,2024-11,Essex Police,Essex Police,0.298106,51.608327,On or near B186,E01021472,Brentwood 008C,Other theft,Status update unavailable,
243a14f4b5dd12d5d662176c585e69a44b49e953ad09ca2de7fc64458b03419c,2024-11,Essex Police,Essex Police,0.297918,51.607188,On or near Petrol Station,E01021472,Brentwood 008C,Other theft,Investigation complete; no suspect identified,
3535ebfa9a7ed6d51283b111e2eb2fc2d179d4867547f0b286bc4b21946ab664,2024-11,Essex Police,Essex Police,0.297918,51.607188,On or near Petrol Station,E01021472,Brentwood 008C,Other theft,Investigation complete; no suspect identified,
0fe1cf71d5731f3d73d55b2583a76a50e20bc574f93930d3ff6a456b207cad00,2024-11,Essex Police,Essex Police,0.293988,51.607715,On or near Pastoral Way,E01021472,Brentwood 008C,Other theft,Investigation complete; no suspect identified,
c469152b87d57344b6514c58d9655948378188dfdebf9085914ae2945aa15698,2024-11,Essex Police,Essex Police,0.297918,51.607188,On or near Petrol Station,E01021472,Brentwood 008C,Other theft,Unable to prosecute suspect,
9cbdab94a412e54516ed51e2c0ba6d06f82b0cff09429ef6809772779fd3020b,2024-11,Essex Police,Essex Police,0.297918,51.607188,On or near Petrol Station,E01021472,Brentwood 008C,Other theft,Court result unavailable,
df19e6911a18fccb71787d1bf4d39b477ce9466bfba39fa7bb0ebe12a322c7c2,2024-11,Essex Police,Essex Police,0.297918,51.607188,On or near Petrol Station,E01021472,Brentwood 008C,Other theft,Court result unavailable,
ff893f20fbf25e1e07b48b699999885c3f87f4b9ddb4383b313b10b8b2e2c4a9,2024-11,Essex Police,Essex Police,0.298106,51.608327,On or near B186,E01021472,Brentwood 008C,Shoplifting,Investigation complete; no suspect identified,
1cc4be9021a4b8a217c196209026ee3debb53e8dd2b0d1c524a16475fbe82f92,2024-11,Essex Police,Essex Police,0.297918,51.607188,On or near Petrol Station,E01021472,Brentwood 008C,Shoplifting,Investigation complete; no suspect identified,
7102d5bcc9b0494cbfea05fafbdbd0d4a23c373e2a6c823c033df1e8b3050f5e,2024-11,Essex Police,Essex Police,0.297918,51.607188,On or near Petrol Station,E01021472,Brentwood 008C,Shoplifting,Investigation complete; no suspect identified,
1f654ce269ef7047c244ee19c99dd6d144cbea6a9ccbc898f2c14363c34b0407,2024-11,Essex Police,Essex Police,0.297918,51.607188,On or near Petrol Station,E01021472,Brentwood 008C,Shoplifting,Court result unavailable,
fa3c137753085fa1bc69e5d1c0b12378039ca178b02c5841bc19d13fb8dbba1c,2024-11,Essex Police,Essex Police,0.297918,51.607188,On or near Petrol Station,E01021472,Brentwood 008C,Shoplifting,Investigation complete; no suspect identified,
b8087acebc2c992af7ef09c9d20dd719738de870d9538350b7f4bbaceec733d2,2024-11,Essex Police,Essex Police,0.296776,51.602588,On or near Florence Close,E01021472,Brentwood 008C,Vehicle crime,Unable to prosecute suspect,
d59f21cc2b621fa1db5b8c48425d704bcb14d49e5da60204d9e32ddd2fcb687d,2024-11,Essex Police,Essex Police,0.296776,51.602588,On or near Florence Close,E01021472,Brentwood 008C,Violence and sexual offences,Unable to prosecute suspect,
1cf9176af55f61d1046ae312935790051c9eac76d3fee6c3835722f0f68f5f9c,2024-11,Essex Police,Essex Police,0.298577,51.605934,On or near Northend,E01021472,Brentwood 008C,Violence and sexual offences,Unable to prosecute suspect,
acb92a6875f16c4c49c5e2d99bd76f906de9bebca784fa6d647cf7db1e70bf90,2024-11,Essex Police,Essex Police,0.298577,51.605934,On or near Northend,E01021472,Brentwood 008C,Violence and sexual offences,Investigation complete; no suspect identified,
e5a6415ca4698bc49865364cb03b7925054e04541f04d5abb5e0cd9889fb75fd,2024-11,Essex Police,Essex Police,0.297918,51.607188,On or near Petrol Station,E01021472,Brentwood 008C,Violence and sexual offences,Investigation complete; no suspect identified,
24d68ed939fb6a4710e97c7030aec9fd41ef137cac7752b80da823a1f51dce38,2024-11,Essex Police,Essex Police,0.297775,51.602344,On or near Gibraltar Close,E01021472,Brentwood 008C,Violence and sexual offences,Action to be taken by another organisation,
f97a068825eedcc15c42b3ff778680bfc8479e717fe6665e936ed9f4b1a5a8cd,2024-11,Essex Police,Essex Police,0.295473,51.605950,On or near Water Tower Road,E01021472,Brentwood 008C,Violence and sexual offences,Action to be taken by another organisation,
,2024-11,Essex Police,Essex Police,0.284144,51.592871,On or near Dark Lane,E01021473,Brentwood 008D,Anti-social behaviour,,
,2024-11,Essex Police,Essex Police,0.294865,51.579864,On or near Codham Hall Lane,E01021473,Brentwood 008D,Anti-social behaviour,,
f192f90461c8ef13e16df874a268dec267431df965207493ddefd1cc5054092b,2024-11,Essex Police,Essex Police,0.312281,51.577184,On or near Little Warley Hall Lane,E01021473,Brentwood 008D,Burglary,Investigation complete; no suspect identified,
f3fea3fa7c826e1f8b2db8e691698f5d96004ebdc470101092693c1b33a36ac4,2024-11,Essex Police,Essex Police,0.268521,51.605025,On or near Parking Area,E01021473,Brentwood 008D,Burglary,Unable to prosecute suspect,
8760dfa806e05fc7dad0828eb184635d4889343704b4aff66e307cf68546bbd2,2024-11,Essex Police,Essex Police,0.301477,51.599879,On or near Eagle Way,E01021473,Brentwood 008D,Criminal damage and arson,Investigation complete; no suspect identified,
05ad46d004106240af5593cedee1363319fbe0223437d2000e776fac6c32c1ce,2024-11,Essex Police,Essex Police,0.300558,51.572271,On or near Church Lane,E01021473,Brentwood 008D,Criminal damage and arson,Unable to prosecute suspect,
ba29ef08d7d2e0d300eaa907f631b97f8d37b33cdfeff5196b1e3a0508f6e8c1,2024-11,Essex Police,Essex Police,0.301857,51.566345,On or near Shopping Area,E01021473,Brentwood 008D,Other theft,Unable to prosecute suspect,
12b55474049b6e321001a7e28a7eb6e0982a66c264f23e09e85570a6c1c11fe8,2024-11,Essex Police,Essex Police,0.294865,51.579864,On or near Codham Hall Lane,E01021473,Brentwood 008D,Other theft,Unable to prosecute suspect,
1621aee453fe6be4347462f0d103498c6f50004146cc6d0180b1c3a90ef8b4a6,2024-11,Essex Police,Essex Police,0.289069,51.589753,On or near Great Warley Street,E01021473,Brentwood 008D,Public order,Unable to prosecute suspect,
f32dccea4e5a6f1daf4e2d4289614876602b88042588534e6931e34906bf1149,2024-11,Essex Police,Essex Police,0.268521,51.605025,On or near Parking Area,E01021473,Brentwood 008D,Public order,Investigation complete; no suspect identified,
00188c60f45d9fa4d8a29acbada90cf3814736c5b48e13e7d2febca955c61af3,2024-11,Essex Police,Essex Police,0.268521,51.605025,On or near Parking Area,E01021473,Brentwood 008D,Robbery,Investigation complete; no suspect identified,
3a3fe37ad782fca3ab8def1059dc75479ef87a44a1105103340f55da26d2cc6a,2024-11,Essex Police,Essex Police,0.268521,51.605025,On or near Parking Area,E01021473,Brentwood 008D,Shoplifting,Investigation complete; no suspect identified,
e798efcbe7dad00bc52d9055e1d3249118bc6ac472f957e8f746765e3d909efb,2024-11,Essex Police,Essex Police,0.268521,51.605025,On or near Parking Area,E01021473,Brentwood 008D,Shoplifting,Court result unavailable,
406e6f4ab16c2b400c11ef27a4ab7f93a28721eff1370bb1c9bbcd281a50687c,2024-11,Essex Police,Essex Police,0.268521,51.605025,On or near Parking Area,E01021473,Brentwood 008D,Shoplifting,Court result unavailable,
bbad4ee75c0cafc86e0a69b3edb846953b97c5d3cbedb5e32f337e748b1edf38,2024-11,Essex Police,Essex Police,0.268521,51.605025,On or near Parking Area,E01021473,Brentwood 008D,Shoplifting,Court result unavailable,
d8e9540715d674b38241153de4b636e467852db87d687e15593f6cafc0b38da7,2024-11,Essex Police,Essex Police,0.298024,51.600127,On or near Eagle Way,E01021473,Brentwood 008D,Shoplifting,Investigation complete; no suspect identified,
5bc566780dd90365f25ffabac44f87aba71042774197fd8ee3ea7a7723048d01,2024-11,Essex Police,Essex Police,0.268521,51.605025,On or near Parking Area,E01021473,Brentwood 008D,Shoplifting,Unable to prosecute suspect,
5f1f553d06a7581302999a21777fd369a86fab38b17d5a0b8dbfbb4e60e0546b,2024-11,Essex Police,Essex Police,0.300558,51.572271,On or near Church Lane,E01021473,Brentwood 008D,Vehicle crime,Investigation complete; no suspect identified,
cc233e05aab8427d9a544ea48cd145e50c4cc088f2093f476dd80b3f7f4a6c57,2024-11,Essex Police,Essex Police,0.295013,51.602560,On or near Flemings,E01021473,Brentwood 008D,Vehicle crime,Investigation complete; no suspect identified,
9fed9ea6d75a5bc34c281406e8e344608cc5fccc370d412188f0189d89f31cb5,2024-11,Essex Police,Essex Police,0.312281,51.577184,On or near Little Warley Hall Lane,E01021473,Brentwood 008D,Vehicle crime,Investigation complete; no suspect identified,
e14febe719d8a8556cccc156feb97a71f4b96c554342ab36a1f227afa5ee71c8,2024-11,Essex Police,Essex Police,0.277412,51.609836,On or near Mascalls Lane,E01021473,Brentwood 008D,Vehicle crime,Investigation complete; no suspect identified,
1e90e7e70e98a625d33e0adc731cb8b91b192f65be8439ecbbfc0ef06e7a2b8b,2024-11,Essex Police,Essex Police,0.300558,51.572271,On or near Church Lane,E01021473,Brentwood 008D,Vehicle crime,Investigation complete; no suspect identified,
561dd9edbade7d467e835f88d42e585dc521c9774aa01259cad4fefa30c6c7ff,2024-11,Essex Police,Essex Police,0.295171,51.600830,On or near Burnell Walk,E01021473,Brentwood 008D,Violence and sexual offences,Action to be taken by another organisation,
be645288764bef01f39be38a8de1d05eb09a39b0c1c45085a5027bac3200d07c,2024-11,Essex Police,Essex Police,0.300558,51.572271,On or near Church Lane,E01021473,Brentwood 008D,Violence and sexual offences,Unable to prosecute suspect,
64d88b432b41e8f82ac8c2cae9610b8fd9981cf2f4dbc4358d96fc9b6a674f85,2024-11,Essex Police,Essex Police,0.268521,51.605025,On or near Parking Area,E01021473,Brentwood 008D,Violence and sexual offences,Unable to prosecute suspect,
452f053fcaf98414073d1c9e50301343fd95830b9b5a44e6827601ae3231b985,2024-11,Essex Police,Essex Police,0.301477,51.599879,On or near Eagle Way,E01021473,Brentwood 008D,Violence and sexual offences,Investigation complete; no suspect identified,
73bef71c2f39dd1198bc7987a59631182022a942cecd3d585a41346dc0c87b25,2024-11,Essex Police,Essex Police,0.304186,51.607740,On or near Conifer Drive,E01021474,Brentwood 008E,Drugs,Investigation complete; no suspect identified,
2047f874df5fd9c83c3c4328e06ddb766c475da550a190b243c213cdff497a22,2024-11,Essex Police,Essex Police,0.314347,51.610732,On or near Theme/Adventure Park,E01021474,Brentwood 008E,Drugs,Local resolution,
c1fc6c9c37ff0d1a9093257dc1d32cde7ed9fd9910ed8dc63ec66ddf710d73a7,2024-11,Essex Police,Essex Police,0.314347,51.610732,On or near Theme/Adventure Park,E01021474,Brentwood 008E,Drugs,Local resolution,
0759e569b2e3f16db2cf9aced8e967d8b9d1dab0c839df214241d05a3277b3c4,2024-11,Essex Police,Essex Police,0.314347,51.610732,On or near Theme/Adventure Park,E01021474,Brentwood 008E,Drugs,Local resolution,
,2024-11,Essex Police,Essex Police,0.366505,51.594656,On or near Billericay Road,E01021445,Brentwood 009A,Anti-social behaviour,,
d7378962e4712f1c7dff0b51dd0e37a5aa9b3fc8d27f60948683867bf783b089,2024-11,Essex Police,Essex Police,0.344298,51.578105,On or near Southend Arterial Road,E01021446,Brentwood 009B,Burglary,Investigation complete; no suspect identified,
24d657d6e11a72e6d534ce224edc93d852dadcd7b82213e8c6955bc519b36a7a,2024-11,Essex Police,Essex Police,0.346627,51.571196,On or near Cadogan Avenue,E01021446,Brentwood 009B,Burglary,Investigation complete; no suspect identified,
05b67ca96c4c19ffeab846f812a6ea2f860b9b6f276e99b220223b3e57c161d5,2024-11,Essex Police,Essex Police,0.355624,51.578858,On or near Elliots Close,E01021446,Brentwood 009B,Public order,Unable to prosecute suspect,
19a13c670da6e96e1ac066dc1d5ffbfa7ffb0ece8898ec2d0fa2c740a3490020,2024-11,Essex Police,Essex Police,0.344338,51.569632,On or near Station Road,E01021446,Brentwood 009B,Shoplifting,Investigation complete; no suspect identified,
596ad5286a49e4281353d64e2d9dddb46c1f73eb2bc2517f7e0d98fa3031bc67,2024-11,Essex Police,Essex Police,0.356987,51.576753,On or near Tilbury Road,E01021446,Brentwood 009B,Vehicle crime,Investigation complete; no suspect identified,
0a93f38abd5cf8647d3b24a2df7c9624226b80e9f3b83ba51f8b8178183d8c53,2024-11,Essex Police,Essex Police,0.355624,51.578858,On or near Elliots Close,E01021446,Brentwood 009B,Vehicle crime,Investigation complete; no suspect identified,
f18199adec6817dfff68515b4ec4513b5764dd0017348de816d34632930ced6a,2024-11,Essex Police,Essex Police,0.344298,51.578105,On or near Southend Arterial Road,E01021446,Brentwood 009B,Vehicle crime,Unable to prosecute suspect,
ec5e6c345f617fcbb6a2317635d7b6b86a48f66a96d0c0b62b0b2a564889ad8b,2024-11,Essex Police,Essex Police,0.346627,51.571196,On or near Cadogan Avenue,E01021446,Brentwood 009B,Violence and sexual offences,Awaiting court outcome,
dab4235887921733a187f16402a898bfe58f62e5fe5d44bc39e5089811ddf031,2024-11,Essex Police,Essex Police,0.343101,51.573362,On or near Thorndon Avenue,E01021446,Brentwood 009B,Violence and sexual offences,Unable to prosecute suspect,
becdfceed1ff5614d9939895042a12fec95f66b7a36b3c42b24c9f751c916868,2024-11,Essex Police,Essex Police,0.333261,51.614540,On or near Hazeleigh,E01021454,Brentwood 009C,Criminal damage and arson,Investigation complete; no suspect identified,
341b4dde8e38e0080ebdc102e5309ee7fe4994c015f748d88260ae0c055ed87a,2024-11,Essex Police,Essex Police,0.335592,51.618576,On or near Victor'S Crescent,E01021454,Brentwood 009C,Violence and sexual offences,Unable to prosecute suspect,
58b32f3f95f9388646d8724ec335ebc08882c361598a8df894ba56b0326ebb89,2024-11,Essex Police,Essex Police,0.331506,51.616373,On or near Chantreywood,E01021456,Brentwood 009D,Burglary,Investigation complete; no suspect identified,
0d54bf4bed8cbadcd96efe77305f4a1ae3720ade0bf01e99375ca53c776ab0f1,2024-11,Essex Police,Essex Police,0.333568,51.617708,On or near Greding Walk,E01021456,Brentwood 009D,Burglary,Investigation complete; no suspect identified,
8ce3f3269a1142d945040adec6538fc9140c1a7c84e6f10f023816e19b8898c9,2024-11,Essex Police,Essex Police,0.331919,51.621041,On or near Bowhay,E01021456,Brentwood 009D,Criminal damage and arson,Investigation complete; no suspect identified,
4f66d57e24083d394dffb821260fbbbfcfc0e748928837640f91cf44aa67a133,2024-11,Essex Police,Essex Police,-0.011745,51.685709,On or near Hazlemere Marina,E01035586,Broxbourne 013F,Shoplifting,Investigation complete; no suspect identified,
d93a7a5066f52d3fddb5386ee8c6d2dcafa835967fa3a70914d8acb2cc03188a,2024-11,Essex Police,Essex Police,-0.011745,51.685709,On or near Hazlemere Marina,E01035586,Broxbourne 013F,Shoplifting,Investigation complete; no suspect identified,
,2024-11,Essex Police,Essex Police,0.555368,51.570468,On or near Moreland Close,E01021513,Castle Point 001A,Anti-social behaviour,,
,2024-11,Essex Police,Essex Police,0.553076,51.571544,On or near Overton Drive,E01021513,Castle Point 001A,Anti-social behaviour,,
dcc8128d5f3cd61d10b5cf14738a1ef39372e7174246a1653d3ab41ed8d43502,2024-11,Essex Police,Essex Police,0.558942,51.573718,On or near Roseberry Avenue,E01021513,Castle Point 001A,Vehicle crime,Investigation complete; no suspect identified,
26e9b8a0449cee5391b329c71ee0c08d439aed60b5a30dea1085281991b2bd31,2024-11,Essex Police,Essex Police,0.552832,51.572079,On or near Overton Close,E01021513,Castle Point 001A,Violence and sexual offences,Unable to prosecute suspect,
7e1c70a4ed4df87be81c37d83c3e5ed7981e5fe9b181ebebc54a846aa18052fa,2024-11,Essex Police,Essex Police,0.552832,51.572079,On or near Overton Close,E01021513,Castle Point 001A,Other crime,Action to be taken by another organisation,
95bb15ef2e6cf9741f28d8afab790bb02d529fb432ce5f355fbbc38f60b2edd9,2024-11,Essex Police,Essex Police,0.552832,51.572079,On or near Overton Close,E01021513,Castle Point 001A,Other crime,Action to be taken by another organisation,
a946f8a90323c9cc491d114dfa352a049805712c7f7f75778f15b9c979c569bf,2024-11,Essex Police,Essex Police,0.552832,51.572079,On or near Overton Close,E01021513,Castle Point 001A,Other crime,Action to be taken by another organisation,
7d387fb0217f7a8d5ec322c42909f6eb34ef9dc98383301878f97068e182be99,2024-11,Essex Police,Essex Police,0.552832,51.572079,On or near Overton Close,E01021513,Castle Point 001A,Other crime,Action to be taken by another organisation,
277e91cd39f38c775aba2a2d6882984463d6a5cac480969835eaea972418a216,2024-11,Essex Police,Essex Police,0.551047,51.576282,On or near Birchwood,E01021514,Castle Point 001B,Vehicle crime,Investigation complete; no suspect identified,
e6478fc393a6404489b04df75ea21ce34015d7dd2b53100f09ed2e40d64c29cc,2024-11,Essex Police,Essex Police,0.551221,51.573212,On or near Ashwood,E01021514,Castle Point 001B,Vehicle crime,Investigation complete; no suspect identified,
6b57cb914bc18e95e941459f573afaca1f89cd5f7b435901be512727984897fb,2024-11,Essex Police,Essex Police,0.558395,51.575277,On or near Rosemead,E01021515,Castle Point 001C,Other theft,Investigation complete; no suspect identified,
6f314ed06401d0f18aca7781305bf548609c844c388d3c19140ffa6d9080a38c,2024-11,Essex Police,Essex Police,0.555931,51.575088,On or near Fairview Crescent,E01021515,Castle Point 001C,Other crime,Court result unavailable,
cd1d6e4e57f05928f460ee3f2ec7f2cca314c42a157f584d108f86531959e9fa,2024-11,Essex Police,Essex Police,0.559771,51.571775,On or near Petrol Station,E01021525,Castle Point 001D,Bicycle theft,Investigation complete; no suspect identified,
76385d85afc607a7e0ddf563b5c0d0e42c88b0ea004825990fd689460ca34416,2024-11,Essex Police,Essex Police,0.555768,51.567051,On or near Linden Road,E01021525,Castle Point 001D,Burglary,Investigation complete; no suspect identified,
692430c3e7507e23c37dbb93393692ecbb2a33395e4b3bf1a5257676fd34ddd7,2024-11,Essex Police,Essex Police,0.559771,51.571775,On or near Petrol Station,E01021525,Castle Point 001D,Other theft,Investigation complete; no suspect identified,
38dd08217add599e543eb76770ffe688d0139e5b1efb8e6488f03de582957cc5,2024-11,Essex Police,Essex Police,0.559566,51.572239,On or near Supermarket,E01021525,Castle Point 001D,Shoplifting,Investigation complete; no suspect identified,
2a1cb79c93f1bd4c38d2e6038bb7d5b82cb3dbcc8f221424129c14542d50c58a,2024-11,Essex Police,Essex Police,0.557935,51.568884,On or near Waverley Road,E01021525,Castle Point 001D,Vehicle crime,Investigation complete; no suspect identified,
c09242c0be51c3df036bc85ddb243421b6326295b11b59c807d8b4b62a623fdc,2024-11,Essex Police,Essex Police,0.555768,51.567051,On or near Linden Road,E01021525,Castle Point 001D,Violence and sexual offences,Court result unavailable,
31d60e8492549bef917c9a872a32b7713ef56f5b487067831afaf52305a84c35,2024-11,Essex Police,Essex Police,0.559566,51.572239,On or near Supermarket,E01021525,Castle Point 001D,Violence and sexual offences,Investigation complete; no suspect identified,
d0af67c1a88b231fd2ac0c5b8cdc9dbf34bc8a12e535eb8bc81ead23d8d78efb,2024-11,Essex Police,Essex Police,0.560312,51.571898,On or near Manor Road,E01021525,Castle Point 001D,Violence and sexual offences,Investigation complete; no suspect identified,
748c3152f77d210861ca2871a3e304ca21a8d1721840e68a591a2a4f0040fca9,2024-11,Essex Police,Essex Police,0.560312,51.571898,On or near Manor Road,E01021525,Castle Point 001D,Violence and sexual offences,Court result unavailable,
e667641425b1c9c89e3566b98500f0030789a96b5b6358fdc4d7711c23939eb6,2024-11,Essex Police,Essex Police,0.555768,51.567051,On or near Linden Road,E01021525,Castle Point 001D,Violence and sexual offences,Court result unavailable,
a41558ee993a1629d17fd45d6bfb926c2f40f841744f74caa09b3b4e3b98a58e,2024-11,Essex Police,Essex Police,0.564309,51.569068,On or near Kents Hill Road North,E01021527,Castle Point 001E,Other theft,Investigation complete; no suspect identified,
b95c2806b4fea665f751db8e9d92ee55d35b6ee4283446ce1f80c500c1013054,2024-11,Essex Police,Essex Police,0.561861,51.570696,On or near Barncombe Close,E01021527,Castle Point 001E,Possession of weapons,Local resolution,
fce871f18234c6f1e57594b0fe8ff2b71590cb9f23b34d3f60b0fd90c1509e98,2024-11,Essex Police,Essex Police,0.560961,51.573935,On or near Shrewsbury Drive,E01021527,Castle Point 001E,Public order,Unable to prosecute suspect,
d71e5dff0e6f4be810bbb9443c4fec2c2cf9a89b59a1059de5c50d52bde3bcad,2024-11,Essex Police,Essex Police,0.561662,51.575107,On or near Warwick Close,E01021527,Castle Point 001E,Vehicle crime,Investigation complete; no suspect identified,
64c717db73a274ab82e817c2271fd23193a4d1b62e87b5ba4240030b5685fee0,2024-11,Essex Police,Essex Police,0.563398,51.571588,On or near Church Road,E01021527,Castle Point 001E,Violence and sexual offences,Status update unavailable,
4e834c9a062d32bdf5ddbfc000f816a6e5c5c197646a934f1f2738739aa520a6,2024-11,Essex Police,Essex Police,0.595906,51.574498,On or near Starling Close,E01021509,Castle Point 002A,Drugs,Court result unavailable,
6a8da966d9a17039989f6ff4d25224b3923bffb7497fc7c8a13ffafa1e573104,2024-11,Essex Police,Essex Police,0.595906,51.574498,On or near Starling Close,E01021509,Castle Point 002A,Drugs,Court result unavailable,
911b59ee41a5a23360776967b1ebecfc4bf3818f9da5288eedea8552ce5c1692,2024-11,Essex Police,Essex Police,0.595906,51.574498,On or near Starling Close,E01021509,Castle Point 002A,Possession of weapons,Court result unavailable,
3e132602d67fb7e306a0b66158034edac038436a1609dac39ec3e7b01ed758e0,2024-11,Essex Police,Essex Police,0.589757,51.572214,On or near Lewes Way,E01021509,Castle Point 002A,Public order,Local resolution,
21bfb6ef1a5101ccfaf70135634b63ca26edd67ec3eee31817772b1a9a4f9a60,2024-11,Essex Police,Essex Police,0.592644,51.569938,On or near Meadow Close,E01021510,Castle Point 002B,Other theft,Unable to prosecute suspect,
fb887943528b0f85662cd25b65151754a5a5a628f69e6c3046f571c729906091,2024-11,Essex Police,Essex Police,0.588916,51.570353,On or near Triton Way,E01021510,Castle Point 002B,Public order,Investigation complete; no suspect identified,
c0a74db3a54c66557e692406b5cdd1438a9f0c649fcf466466b378481709ffe7,2024-11,Essex Police,Essex Police,0.591598,51.564493,On or near Swale Road,E01021511,Castle Point 002C,Violence and sexual offences,Unable to prosecute suspect,
,2024-11,Essex Police,Essex Police,0.561940,51.576719,On or near Parking Area,E01021528,Castle Point 002D,Anti-social behaviour,,
17bd4f10339f18517e571158fb3ac26882785dae831f98556c962d31b1b547c7,2024-11,Essex Police,Essex Police,0.577481,51.571540,On or near Langford Crescent,E01021528,Castle Point 002D,Burglary,Investigation complete; no suspect identified,
037e33ad004bfc2f8d38b03f34e3526ee4bd1616674292c39176c252d4079b94,2024-11,Essex Police,Essex Police,0.582497,51.571430,On or near Prestwood Drive,E01021528,Castle Point 002D,Burglary,Investigation complete; no suspect identified,
6837a95d7005c9c196fa9ac9717e0110b0a3f866f04ac5cd479e50e403cc4bd9,2024-11,Essex Police,Essex Police,0.567095,51.581886,On or near Fane Road,E01021528,Castle Point 002D,Criminal damage and arson,Court result unavailable,
b3c814bf8a0c9fea9b4021c8f9291c0c847e02494b1cbe350726c4ed5ff00929,2024-11,Essex Police,Essex Police,0.572198,51.576135,On or near Coniston Road,E01021528,Castle Point 002D,Criminal damage and arson,Unable to prosecute suspect,
cdaf087984cad2f7c0734bde1a4c90b973277ebbdfc9a440efbe7e465ed9c685,2024-11,Essex Police,Essex Police,0.585857,51.579783,On or near Petrol Station,E01021528,Castle Point 002D,Drugs,Local resolution,
5f5778cca390265fc5ab12bf44d53668dadc268f55b7f5935bdfbeb8b5722d70,2024-11,Essex Police,Essex Police,0.585857,51.579783,On or near Petrol Station,E01021528,Castle Point 002D,Shoplifting,Investigation complete; no suspect identified,
2275eb02e6fb7a1b74d7c2c97e0c9669908a41adab2d1f690b8e4a4b228c70f9,2024-11,Essex Police,Essex Police,0.572230,51.574147,On or near Thirlmere Road,E01021528,Castle Point 002D,Vehicle crime,Unable to prosecute suspect,
6f273af91d5d7cb3f7beb91b23adeb60692ae50fc34779b69fb64e3a7a7cdb43,2024-11,Essex Police,Essex Police,0.567095,51.581886,On or near Fane Road,E01021528,Castle Point 002D,Violence and sexual offences,Unable to prosecute suspect,
3aaa5a6aa3ab79a61d2b8a9a25a64963a97e643260e9a2d4a1625d6a49767021,2024-11,Essex Police,Essex Police,0.567095,51.581886,On or near Fane Road,E01021528,Castle Point 002D,Violence and sexual offences,Unable to prosecute suspect,
6dd2457de6c0e9edd2cb8daf43a635b17c1c76271f1396561fbf216ce97d9649,2024-11,Essex Police,Essex Police,0.577481,51.571540,On or near Langford Crescent,E01021528,Castle Point 002D,Violence and sexual offences,Unable to prosecute suspect,
2185eadfeb9ec418128d4bcdb8c94d2ed66b7382e4d7b570b88b39838ca3473f,2024-11,Essex Police,Essex Police,0.598287,51.574826,On or near Shopping Area,E01021531,Castle Point 002E,Other theft,Investigation complete; no suspect identified,
e570f296a922206feb68da25c46d23c39744189a29be115d6406f2e00db194ee,2024-11,Essex Police,Essex Police,0.598287,51.574826,On or near Shopping Area,E01021531,Castle Point 002E,Public order,Investigation complete; no suspect identified,
346694fcbe29d2be31bc31ac6f2814c4ec72102d9f8d0f659df69fd39b9acd5b,2024-11,Essex Police,Essex Police,0.604226,51.574293,On or near Shopping Area,E01021531,Castle Point 002E,Public order,Investigation complete; no suspect identified,
b34eca84cab378f92660af6150119de0271b5fc3c2966bc00190b751564ef49b,2024-11,Essex Police,Essex Police,0.598287,51.574826,On or near Shopping Area,E01021531,Castle Point 002E,Public order,Investigation complete; no suspect identified,
7c470c32ed5ebb8dd7fa3d8c2bfbe5eb4ec4db76bc4ae7b441dbe7e1ee1f4c29,2024-11,Essex Police,Essex Police,0.602791,51.576018,On or near Rat Lane,E01021531,Castle Point 002E,Shoplifting,Unable to prosecute suspect,
e826d98c02bb5a5c9140b9517502e8bd33f4b2a6b5bb188a0fbfc9be8d6a6be9,2024-11,Essex Police,Essex Police,0.602791,51.576018,On or near Rat Lane,E01021531,Castle Point 002E,Shoplifting,Investigation complete; no suspect identified,
3465712b21cc5834574edda4c08b176516b551d55d385fd736996926de26f070,2024-11,Essex Police,Essex Police,0.598287,51.574826,On or near Shopping Area,E01021531,Castle Point 002E,Shoplifting,Investigation complete; no suspect identified,
78c3b92a3455af3c8b5c348bedd446422cfcef3e1da61b0ecc1131863de45d3e,2024-11,Essex Police,Essex Police,0.604226,51.574293,On or near Shopping Area,E01021531,Castle Point 002E,Vehicle crime,Unable to prosecute suspect,
abc428b5c44313267ac7ce5b0d59acc33989b06a4981a177c9a6913f82e2bb11,2024-11,Essex Police,Essex Police,0.595714,51.571138,On or near Asquith Avenue,E01021531,Castle Point 002E,Violence and sexual offences,Unable to prosecute suspect,
65e36eb490bddfe817ef9ce87cfa23078c2bd5680512ff3d29e22168f6279798,2024-11,Essex Police,Essex Police,0.596389,51.570053,On or near Firfield Road,E01021531,Castle Point 002E,Violence and sexual offences,Unable to prosecute suspect,
f3ad1a994d949b541e23092038b7353393eb381271819e7877ff50aa767a68fb,2024-11,Essex Police,Essex Police,0.599175,51.576152,On or near Petrol Station,E01021531,Castle Point 002E,Violence and sexual offences,Unable to prosecute suspect,
,2024-11,Essex Police,Essex Police,0.550491,51.567382,On or near High Road,E01021476,Castle Point 003A,Anti-social behaviour,,
98b8f16bcfdbd7124cdf38b3d364943279696f79be11d77161a08d328497fab2,2024-11,Essex Police,Essex Police,0.550491,51.567382,On or near High Road,E01021476,Castle Point 003A,Criminal damage and arson,Investigation complete; no suspect identified,
c681031e0e6af161f854dcc09eda5066cf09ae6733fcf278cf3f42a15893ce71,2024-11,Essex Police,Essex Police,0.544298,51.567337,On or near Romsey Road,E01021476,Castle Point 003A,Drugs,Court result unavailable,
86b6e2573ba3eee25dfa53096c03d8f45f3ce6bc3b674a514fd4f16218d062ea,2024-11,Essex Police,Essex Police,0.546899,51.567145,On or near Sapper Ellison Way,E01021476,Castle Point 003A,Other theft,Investigation complete; no suspect identified,
72f659d05d755aa93363e256d62a31b286cb8a22bed10eb0421f8cda068eee9a,2024-11,Essex Police,Essex Police,0.549078,51.563797,On or near Gowan Close,E01021476,Castle Point 003A,Public order,Unable to prosecute suspect,
e194a6e5e24b6cb85ebdaac6b5870a63cc579c83c104469b89ed915b2fc3306f,2024-11,Essex Police,Essex Police,0.552185,51.567228,On or near London Road,E01021476,Castle Point 003A,Public order,Investigation complete; no suspect identified,
472aabdf207d77b75187e9d3a26582ac789ed7d7548078b89146c036759a6830,2024-11,Essex Police,Essex Police,0.544298,51.567337,On or near Romsey Road,E01021476,Castle Point 003A,Vehicle crime,Investigation complete; no suspect identified,
a333edc10773bfc3c8425de5866da35a999304937fd7e5b90d42a7504c4cdb6b,2024-11,Essex Police,Essex Police,0.550491,51.567382,On or near High Road,E01021476,Castle Point 003A,Violence and sexual offences,Unable to prosecute suspect,
1f9686eac0789d9af99aaa214eee081a8301d4b86f2c2938ea7b58d997f042e8,2024-11,Essex Police,Essex Police,0.550097,51.565502,On or near Gleneagles,E01021476,Castle Point 003A,Violence and sexual offences,Investigation complete; no suspect identified,
,2024-11,Essex Police,Essex Police,0.547022,51.561863,On or near Westwater,E01021477,Castle Point 003B,Anti-social behaviour,,
240ef2acb3724143288139ccdcf283b16a19c246c6af638d354784860bc31f9c,2024-11,Essex Police,Essex Police,0.552422,51.560379,On or near Sydney Road,E01021477,Castle Point 003B,Vehicle crime,Investigation complete; no suspect identified,
21b3b0ade0088f9a446d48cff593cb1b5575462bb59835bf1132edc738f54013,2024-11,Essex Police,Essex Police,0.555759,51.566377,On or near Southwold Crescent,E01021477,Castle Point 003B,Violence and sexual offences,Unable to prosecute suspect,
73401edfa648dac0d8f1d9ad7f648283212a924e3330a2baa14f6e6976ee761a,2024-11,Essex Police,Essex Police,0.552947,51.563821,On or near Croft Road,E01021477,Castle Point 003B,Violence and sexual offences,Action to be taken by another organisation,
0b6da7034505a525266c963881ee362bd4ba9eb4cff3db1462ec8c6bd004a454,2024-11,Essex Police,Essex Police,0.552947,51.563821,On or near Croft Road,E01021477,Castle Point 003B,Violence and sexual offences,Local resolution,
520e79820705b1b5d0fd7fd4f6b08b93048ec695a763310db3f5b947c38ba9c7,2024-11,Essex Police,Essex Police,0.552947,51.563821,On or near Croft Road,E01021477,Castle Point 003B,Violence and sexual offences,Formal action is not in the public interest,
39e9615d52b570cf5d2825a1b270f45af12927da2a2212b7a9b6d0cfc04af008,2024-11,Essex Police,Essex Police,0.552947,51.563821,On or near Croft Road,E01021477,Castle Point 003B,Violence and sexual offences,Investigation complete; no suspect identified,
5c6bba721e57f82df308ceb0f9ca12fc32cde5c77f29144b7e2a165baa108071,2024-11,Essex Police,Essex Police,0.561250,51.564449,On or near Gifford Road,E01021478,Castle Point 003C,Vehicle crime,Investigation complete; no suspect identified,
4c3433c5d5e81da078dd835642b4432874878bf5de1524d65c22c71c51997195,2024-11,Essex Police,Essex Police,0.560198,51.566523,On or near London Road,E01021478,Castle Point 003C,Violence and sexual offences,Investigation complete; no suspect identified,
cfe73cd55734bcc52f51c7f653a0f3757628406173d3cf09f8b0c6889c48c973,2024-11,Essex Police,Essex Police,0.560198,51.566523,On or near London Road,E01021478,Castle Point 003C,Violence and sexual offences,Investigation complete; no suspect identified,
3c6c06e066c116d0e1c95581370181d79e8127827356a058c2fce87cbf2f3a09,2024-11,Essex Police,Essex Police,0.565170,51.562817,On or near Downer Road,E01021478,Castle Point 003C,Other crime,Court result unavailable,
,2024-11,Essex Police,Essex Police,0.558211,51.558382,On or near Kimberley Road,E01021479,Castle Point 004A,Anti-social behaviour,,
bf393147f313870fd5eeb4dfe65e58b8f5041a6f837a7c274e32bc83129bb20d,2024-11,Essex Police,Essex Police,0.565989,51.556872,On or near Avondale Road,E01021479,Castle Point 004A,Criminal damage and arson,Investigation complete; no suspect identified,
bd42cdbd65c38f337ee3a3b439684f107418fb1455df3041913158735b0217b1,2024-11,Essex Police,Essex Police,0.557728,51.560308,On or near Oakleighs,E01021479,Castle Point 004A,Criminal damage and arson,Investigation complete; no suspect identified,
69dcdea187adc12826209f68516e249a1841f6a960c8c466f6135a727a7347c3,2024-11,Essex Police,Essex Police,0.565989,51.556872,On or near Avondale Road,E01021479,Castle Point 004A,Vehicle crime,Unable to prosecute suspect,
ced550cccb9041e5e578616592c5df218ff63fdb914554eef90438582233e0a9,2024-11,Essex Police,Essex Police,0.559922,51.558273,On or near Kents Hill Road,E01021479,Castle Point 004A,Violence and sexual offences,Investigation complete; no suspect identified,
582ca84cd6c91358690f2cedd902c99c6bc9477d663b02eb6aad0639be794511,2024-11,Essex Police,Essex Police,0.559922,51.558273,On or near Kents Hill Road,E01021479,Castle Point 004A,Violence and sexual offences,Unable to prosecute suspect,
05c1f138afe428f2e7ea451f78f0546f1bd14fc84b9258ea9f6ee8805bf5ed0f,2024-11,Essex Police,Essex Police,0.562831,51.560233,On or near Felstead Close,E01021479,Castle Point 004A,Violence and sexual offences,Investigation complete; no suspect identified,
a4fdd21f411cfa791a9c3c19e8468898ec6f07ca509c508e13b3f7489a6c34b6,2024-11,Essex Police,Essex Police,0.586124,51.560837,On or near Supermarket,E01021481,Castle Point 004B,Shoplifting,Unable to prosecute suspect,
80f92249fa894203fca323f2dfd9fd299c1c07da9f1659ff863756fe5a0c885e,2024-11,Essex Police,Essex Police,0.570010,51.558835,On or near Hill Road,E01021481,Castle Point 004B,Vehicle crime,Investigation complete; no suspect identified,
e28b79dc90e19a1993883ff4df221b9a9a81d265d8661bebf1495c5ae55a12bb,2024-11,Essex Police,Essex Police,0.584894,51.549838,On or near Round Hill Road,E01021483,Castle Point 004C,Criminal damage and arson,Investigation complete; no suspect identified,
f2f4974867377fa8fd16e6a07cd7b5c3154e8fc3eadff90112fe531638e0cf58,2024-11,Essex Police,Essex Police,0.563545,51.550873,On or near Boyce Green,E01021483,Castle Point 004C,Public order,Unable to prosecute suspect,
a1cb956ed26233d010252c4f6e093a9dd6748e072c6a9d22e5324c2eb1db05dd,2024-11,Essex Police,Essex Police,0.589245,51.552539,On or near Benfleet Road,E01021483,Castle Point 004C,Violence and sexual offences,Unable to prosecute suspect,
a3b4429751f0c7c5c34344fb09eee5420634cf5dda47053490101a3c8d334dff,2024-11,Essex Police,Essex Police,0.577093,51.551674,On or near Hill Top Avenue,E01021483,Castle Point 004C,Violence and sexual offences,Unable to prosecute suspect,
,2024-11,Essex Police,Essex Police,0.584372,51.563025,On or near Runnymede Chase,E01021512,Castle Point 004D,Anti-social behaviour,,
b82885f95c0add0116d9caf37068070d9792881f83603fc46427aa890748c131,2024-11,Essex Police,Essex Police,0.579628,51.567923,On or near Chatsworth,E01021512,Castle Point 004D,Other theft,Unable to prosecute suspect,
46bb2a6beda44361da029dbaf622c1dda3cc909649f016874d28dfde5c9c2dd8,2024-11,Essex Police,Essex Police,0.584372,51.563025,On or near Runnymede Chase,E01021512,Castle Point 004D,Vehicle crime,Investigation complete; no suspect identified,
9a97e880ec0c19a4d3c472d54efe3d65e96043a618ccab7c101ef7e88b577d6b,2024-11,Essex Police,Essex Police,0.581490,51.568440,On or near Parking Area,E01021512,Castle Point 004D,Violence and sexual offences,Local resolution,
179d587631701fae9675108e3d7b4c7c912c1f8f4df3846430ba88da091794b8,2024-11,Essex Police,Essex Police,0.579862,51.563124,On or near Bradley Close,E01021512,Castle Point 004D,Violence and sexual offences,Unable to prosecute suspect,
276f800f1f66e5e213ee2284fe0be898b796b08ddda8839efc1caa6562792dba,2024-11,Essex Police,Essex Police,0.584372,51.563025,On or near Runnymede Chase,E01021512,Castle Point 004D,Violence and sexual offences,Action to be taken by another organisation,
5545326262a417a106b8deb5a149c928cddcb30751ef6ca23f2aa8b1fb6d61da,2024-11,Essex Police,Essex Police,0.572118,51.569356,On or near Church View Road,E01021526,Castle Point 004E,Criminal damage and arson,Investigation complete; no suspect identified,
4b5f584115edaa34bc709cb6d6a8b3a711227ecb2e40291a388f00dc1d5994b1,2024-11,Essex Police,Essex Police,0.566940,51.568381,On or near Stanley Road,E01021526,Castle Point 004E,Other theft,Investigation complete; no suspect identified,
5808a275bba36cb2a982785af05d0889218fe656e3e88a81838ec1cbbdb154ad,2024-11,Essex Police,Essex Police,0.575734,51.563880,On or near Thundersley Grove,E01021526,Castle Point 004E,Robbery,Unable to prosecute suspect,
cd84f2cd32d3a962269c2f00e5038dfd1d0d690001a4a97a8e016ae1fc04da07,2024-11,Essex Police,Essex Police,0.568977,51.566367,On or near Rhoda Road North,E01021526,Castle Point 004E,Other crime,Unable to prosecute suspect,
3c9b44cda916390d8db924652c2892de96f61e88d39469354ce2bdb766f0c8ae,2024-11,Essex Police,Essex Police,0.614917,51.561718,On or near Central Close,E01021532,Castle Point 005D,Other theft,Investigation complete; no suspect identified,
86e4522051446f6a8022faf40423b2d75cb8e3f0e7592f32e9cb9845915544d8,2024-11,Essex Police,Essex Police,0.611660,51.568599,On or near Marlin Close,E01021532,Castle Point 005D,Violence and sexual offences,Unable to prosecute suspect,
ea0d29c3d20aad6c9f2205f26b25b219674080708588d0234c7225d7a9642e8d,2024-11,Essex Police,Essex Police,0.633439,51.565891,On or near Woodside Close,E01021532,Castle Point 005D,Violence and sexual offences,Action to be taken by another organisation,
6f35571a0ca0533cf2ddc773cb5288e8066ad1db6f48c9813b4f43425515745c,2024-11,Essex Police,Essex Police,0.617569,51.566956,On or near Lansdown Avenue,E01021532,Castle Point 005D,Violence and sexual offences,Investigation complete; no suspect identified,
6a552173fb301e5d64b3505cac1bc8a906163c679e1519f88985c04df5fcaf0c,2024-11,Essex Police,Essex Police,0.592874,51.560283,On or near Parkstone Avenue,E01021482,Castle Point 006A,Other theft,Investigation complete; no suspect identified,
de76fb8fdd950aa505cc845c84f63f304e8a56a4a482e2bbb1ad70f97cd307d7,2024-11,Essex Police,Essex Police,0.596742,51.559289,On or near Highfield Avenue,E01021482,Castle Point 006A,Other theft,Unable to prosecute suspect,
62866dff81639ed17aa7a93144c3bdc0e6e2fc63f9d50be72b4aa49ba7098de0,2024-11,Essex Police,Essex Police,0.599279,51.556220,On or near Benfleet Road,E01021482,Castle Point 006A,Shoplifting,Investigation complete; no suspect identified,
913059bc5efa369fa3de91482ac507159bb24b22c76cd959b948afcd7c6d1a74,2024-11,Essex Police,Essex Police,0.599279,51.556220,On or near Benfleet Road,E01021482,Castle Point 006A,Shoplifting,Investigation complete; no suspect identified,
fd3401e8e509d63c6dc884c0af068c96e3c28f7e94d5d1d69d292a64617ada52,2024-11,Essex Police,Essex Police,0.599279,51.556220,On or near Benfleet Road,E01021482,Castle Point 006A,Shoplifting,Investigation complete; no suspect identified,
e7e7845796d79c56ec3b93a0985e94e4e26435871bdcb6660eb7dc41b76674e4,2024-11,Essex Police,Essex Police,0.599279,51.556220,On or near Benfleet Road,E01021482,Castle Point 006A,Shoplifting,Investigation complete; no suspect identified,
9cc8289c96de73b97336a400eb2ca50240141a0badf8cf1d5aac74be65e4cd67,2024-11,Essex Police,Essex Police,0.599279,51.556220,On or near Benfleet Road,E01021482,Castle Point 006A,Shoplifting,Investigation complete; no suspect identified,
672ee48d0415c4c93c7da1756ad489d2bfd6bab6dd5fc79e2567ed9674ee14f9,2024-11,Essex Police,Essex Police,0.599279,51.556220,On or near Benfleet Road,E01021482,Castle Point 006A,Shoplifting,Investigation complete; no suspect identified,
5b7bc479f6989ec6eafbca54f6554a0487bec37ac3d9e27832d61aa6b30a4fd6,2024-11,Essex Police,Essex Police,0.599279,51.556220,On or near Benfleet Road,E01021482,Castle Point 006A,Shoplifting,Investigation complete; no suspect identified,
66ce1422dfd4c9af15fe6ebbf1c8eca9ebfa34aee961cfdb7fef5321e99df9d2,2024-11,Essex Police,Essex Police,0.599279,51.556220,On or near Benfleet Road,E01021482,Castle Point 006A,Shoplifting,Investigation complete; no suspect identified,
2bde5b75db2e17ac6a0e4dc7e83d27b617a54427de66a763a013a6c74529fa48,2024-11,Essex Police,Essex Police,0.599279,51.556220,On or near Benfleet Road,E01021482,Castle Point 006A,Shoplifting,Investigation complete; no suspect identified,
2ee3fcf340054e7aa3b261a23529d902f6b1023b47d9efa9c57e6475fef2af6c,2024-11,Essex Police,Essex Police,0.591663,51.559537,On or near Kiln Road,E01021482,Castle Point 006A,Theft from the person,Investigation complete; no suspect identified,
ff68aa5b1cb7717b002bbf8d9028f2ac7dee3f49768fac2e24a05372ebcaa1c9,2024-11,Essex Police,Essex Police,0.591117,51.557048,On or near Sheridan Avenue,E01021482,Castle Point 006A,Violence and sexual offences,Unable to prosecute suspect,
868150dca9190c66f36579ab523b3e867d15e318a94920057060ad3c2722966b,2024-11,Essex Police,Essex Police,0.592874,51.560283,On or near Parkstone Avenue,E01021482,Castle Point 006A,Violence and sexual offences,Unable to prosecute suspect,
864b4c6ddf8928f5577d6d5b475299b9ab3030157490237c4abbeed6f9726ab0,2024-11,Essex Police,Essex Police,0.592874,51.560283,On or near Parkstone Avenue,E01021482,Castle Point 006A,Other crime,Formal action is not in the public interest,
154528f55fcb2d199bee81e9e278cb19c25428cb61aa45cec789f701346172ea,2024-11,Essex Police,Essex Police,0.602992,51.554285,On or near Florence Close,E01021518,Castle Point 006B,Criminal damage and arson,Investigation complete; no suspect identified,
7e6089bf6542f635a5f95f98dcfb4507952b5abae38877060e22ec636b7686d5,2024-11,Essex Police,Essex Police,0.609388,51.552362,On or near Endway,E01021518,Castle Point 006B,Drugs,Local resolution,
ab9e3e5cda2621b79329f048d1b635d9f7ceb4b93dae430531c58029c7299af8,2024-11,Essex Police,Essex Police,0.609388,51.552362,On or near Endway,E01021518,Castle Point 006B,Drugs,Local resolution,
30e839dcac19418e2f15f46c8cc06a6baf41e9a0c24ab147fce657bd43d53e06,2024-11,Essex Police,Essex Police,0.614775,51.553466,On or near The Avenue,E01021518,Castle Point 006B,Other theft,Investigation complete; no suspect identified,
d5affa2b6400df6d5af7233962806e81db99a484b3458aefc3875f87672f593f,2024-11,Essex Police,Essex Police,0.611271,51.552066,On or near Supermarket,E01021518,Castle Point 006B,Shoplifting,Investigation complete; no suspect identified,
b603a7718ae5a45e64e1551a16f597766efc0737ab56a48367b218634fb790de,2024-11,Essex Police,Essex Police,0.610872,51.550567,On or near Branch Road,E01021518,Castle Point 006B,Vehicle crime,Investigation complete; no suspect identified,
5c1d22e467861435c6cc8339946b418df6c5ac3317ff5fb2482d9ce30a0cd8da,2024-11,Essex Police,Essex Police,0.607088,51.548205,On or near Seaview Terrace,E01021518,Castle Point 006B,Violence and sexual offences,Unable to prosecute suspect,
120dd595a5ce9fcde1b8ab5fa34d7fefe4fe220c90ea45a067cb59660b4c87c9,2024-11,Essex Police,Essex Police,0.611271,51.552066,On or near Supermarket,E01021518,Castle Point 006B,Violence and sexual offences,Investigation complete; no suspect identified,
63ea6bec74884d3de6fe7481c7f7552982b5ef23db2b3fc4cdc57fda3c9d7620,2024-11,Essex Police,Essex Police,0.607079,51.551074,On or near Pine Road,E01021518,Castle Point 006B,Violence and sexual offences,Investigation complete; no suspect identified,
,2024-11,Essex Police,Essex Police,0.607372,51.554460,On or near Supermarket,E01021520,Castle Point 006C,Anti-social behaviour,,
b99abee0bdaa80679c0a80d55fab84bd4935cf4ce4df2df415007df319d71156,2024-11,Essex Police,Essex Police,0.595076,51.551817,On or near Parking Area,E01021520,Castle Point 006C,Criminal damage and arson,Investigation complete; no suspect identified,
d67c000ddf2fce764da49af5f39fb099ea42c1878cf76a38dc654ea89e2d8d1f,2024-11,Essex Police,Essex Police,0.607372,51.554460,On or near Supermarket,E01021520,Castle Point 006C,Shoplifting,Investigation complete; no suspect identified,
38cf12a50812f5500e092ac7652f343b184879177414f8978b390d85039e7ac0,2024-11,Essex Police,Essex Police,0.607372,51.554460,On or near Supermarket,E01021520,Castle Point 006C,Shoplifting,Court result unavailable,
fa964f5d55dafb0a8127659829170be2b761fdf2fd62cfab8cb890a5ff2371ec,2024-11,Essex Police,Essex Police,0.607372,51.554460,On or near Supermarket,E01021520,Castle Point 006C,Shoplifting,Investigation complete; no suspect identified,
63d271c22b4e9862c2dbc044252148d310c2b95ff93897917320bffdbbdea937,2024-11,Essex Police,Essex Police,0.607372,51.554460,On or near Supermarket,E01021520,Castle Point 006C,Shoplifting,Unable to prosecute suspect,
df176184cf69bd3642285839b07ce1236aaea58ca42853a2349ef1da2e587678,2024-11,Essex Police,Essex Police,0.607372,51.554460,On or near Supermarket,E01021520,Castle Point 006C,Shoplifting,Investigation complete; no suspect identified,
786dc8e988567f638b357ad3fbb8d9294e2f10cbf438d03a99b4e5e5f7ffb6d6,2024-11,Essex Police,Essex Police,0.607372,51.554460,On or near Supermarket,E01021520,Castle Point 006C,Shoplifting,Investigation complete; no suspect identified,
3e969f7f1ce84068724fc3b3572cf9f95f0bb1a57a8d4564b90281f9e161f72b,2024-11,Essex Police,Essex Police,0.607372,51.554460,On or near Supermarket,E01021520,Castle Point 006C,Shoplifting,Investigation complete; no suspect identified,
ad0f457b296993b1e2647126547517af1447c8077e9f5b1566803dbcc941d688,2024-11,Essex Police,Essex Police,0.607372,51.554460,On or near Supermarket,E01021520,Castle Point 006C,Shoplifting,Investigation complete; no suspect identified,
d900294540ee1d2719f341fc29218708dcc8555f3795c678b108eaff7f57a9a7,2024-11,Essex Police,Essex Police,0.607372,51.554460,On or near Supermarket,E01021520,Castle Point 006C,Shoplifting,Investigation complete; no suspect identified,
2b292f0b3be003d8812f6c24f8d19c40a9670bb0e91ec2f7185b65fc93826188,2024-11,Essex Police,Essex Police,0.607372,51.554460,On or near Supermarket,E01021520,Castle Point 006C,Shoplifting,Unable to prosecute suspect,
beba86876675e29ab57ae31aaabe32720ad91974b828593430968473b55948bf,2024-11,Essex Police,Essex Police,0.607372,51.554460,On or near Supermarket,E01021520,Castle Point 006C,Shoplifting,Investigation complete; no suspect identified,
1c6aa8c2f41db26d4462dd64b2638be0ca14cd2e8a529402f751fa82170f8a32,2024-11,Essex Police,Essex Police,0.607372,51.554460,On or near Supermarket,E01021520,Castle Point 006C,Shoplifting,Investigation complete; no suspect identified,
7c6829666b3b637f3ce0190f4af8dbb6e322f2d4d9eb1447b1dbcf826ec783ca,2024-11,Essex Police,Essex Police,0.607372,51.554460,On or near Supermarket,E01021520,Castle Point 006C,Shoplifting,Investigation complete; no suspect identified,
3a7c1640d579c31b1d56e94f92741fb0f49878c26264b6fc43d17db0331f45bb,2024-11,Essex Police,Essex Police,0.602135,51.552919,On or near Mountnessing,E01021520,Castle Point 006C,Violence and sexual offences,Unable to prosecute suspect,
4ddde4404af87fa440e16a3acc04dbdfb3407556028df9fbf3b52df7bacb7b4a,2024-11,Essex Police,Essex Police,0.609645,51.554569,On or near Softwater Lane,E01021520,Castle Point 006C,Violence and sexual offences,Unable to prosecute suspect,
8880a2a417654c145197e59bc3c77655aa623690f80cdbe2860b6278f173bde6,2024-11,Essex Police,Essex Police,0.609645,51.554569,On or near Softwater Lane,E01021520,Castle Point 006C,Violence and sexual offences,Unable to prosecute suspect,
69195376be188600481324f6e225b7643e16ad11839446db8cf41d3eaf30b2c8,2024-11,Essex Police,Essex Police,0.606258,51.547576,On or near Castle Avenue,E01021520,Castle Point 006C,Violence and sexual offences,Unable to prosecute suspect,
7b271b5103dbfe30961350b67259f90f169c9b81bf1a2f8ebca22766f3bb91c4,2024-11,Essex Police,Essex Police,0.596589,51.562944,On or near Abbotswood,E01021529,Castle Point 006D,Criminal damage and arson,Investigation complete; no suspect identified,
49197ffcdba07979831d5e722b1949668a44f2f93354d36ee296a7bcf39e1a78,2024-11,Essex Police,Essex Police,0.597363,51.561335,On or near Parkfields,E01021529,Castle Point 006D,Vehicle crime,Investigation complete; no suspect identified,
40c5e9314dd1946c0ae2facd2e83e39e084f1a5b0dd9cc777109bae865f627d7,2024-11,Essex Police,Essex Police,0.595536,51.563696,On or near Kingsmere,E01021529,Castle Point 006D,Violence and sexual offences,Unable to prosecute suspect,
775fe4a8b6f95957d0314e2489a3e34ef410fcd6a6e20ceaa560e84544478a3a,2024-11,Essex Police,Essex Police,0.595536,51.563696,On or near Kingsmere,E01021529,Castle Point 006D,Violence and sexual offences,Unable to prosecute suspect,
8722643d5c6f656fac1fd9e6f1ea2f71ac4024aa60a954aa6924d26a3db842a1,2024-11,Essex Police,Essex Police,0.604456,51.558696,On or near Beresford Close,E01021529,Castle Point 006D,Violence and sexual offences,Investigation complete; no suspect identified,
2ef55531576eb5647b9cdce77068b583833a84aa3c082cc3d3d8422785feec58,2024-11,Essex Police,Essex Police,0.595536,51.563696,On or near Kingsmere,E01021529,Castle Point 006D,Violence and sexual offences,Unable to prosecute suspect,
37d1317517e91f9dbf68af31d5804d3c8278ae8a2b2126db7182a5df955e275d,2024-11,Essex Police,Essex Police,0.596589,51.562944,On or near Abbotswood,E01021529,Castle Point 006D,Violence and sexual offences,Unable to prosecute suspect,
fd997fe8c473d97de7169730a91abaf4fbfb1ac16d3743682439d3bccd608159,2024-11,Essex Police,Essex Police,0.596589,51.562944,On or near Abbotswood,E01021529,Castle Point 006D,Violence and sexual offences,Unable to prosecute suspect,
3515d8f5f27509561a54bfce834d541eea628432ff8678efabb1902629f553bb,2024-11,Essex Police,Essex Police,0.595536,51.563696,On or near Kingsmere,E01021529,Castle Point 006D,Violence and sexual offences,Unable to prosecute suspect,
d04a739d9f24bc0143b9d8f2577cbfbe42c26dadd91872216cfc6d0c94b9bdd2,2024-11,Essex Police,Essex Police,0.595536,51.563696,On or near Kingsmere,E01021529,Castle Point 006D,Violence and sexual offences,Unable to prosecute suspect,
,2024-11,Essex Police,Essex Police,0.563672,51.545438,On or near Parking Area,E01021480,Castle Point 007A,Anti-social behaviour,,
,2024-11,Essex Police,Essex Police,0.570260,51.547147,On or near Sidwell Lane,E01021480,Castle Point 007A,Anti-social behaviour,,
,2024-11,Essex Police,Essex Police,0.561289,51.544348,On or near Ferry Road,E01021480,Castle Point 007A,Anti-social behaviour,,
c3094eb49a17f37b069f015992ea1a7df7d85e49a9801ef86c192001e48fa6bf,2024-11,Essex Police,Essex Police,0.563387,51.543439,On or near Parking Area,E01021480,Castle Point 007A,Criminal damage and arson,Unable to prosecute suspect,
32e0a4f0d4635ed5efaaeef27b5d1745273982d3e6cb91a2906497f32c3645a5,2024-11,Essex Police,Essex Police,0.564190,51.546434,On or near Church Corner,E01021480,Castle Point 007A,Drugs,Investigation complete; no suspect identified,
6c0031584a1ed45200cf690e49cded50995e0b0f41c6c1822090c4a59652247c,2024-11,Essex Police,Essex Police,0.564190,51.546434,On or near Church Corner,E01021480,Castle Point 007A,Public order,Unable to prosecute suspect,
0cfa38d6d329bd0e705f3a60ab42feaf64c10715cb710e6bf6bb77ce1512fd0e,2024-11,Essex Police,Essex Police,0.567610,51.543635,On or near St Mary'S Road,E01021480,Castle Point 007A,Vehicle crime,Investigation complete; no suspect identified,
a6d7795c3d0ab8163e0bc22a59efe989c5e90d0a5cd3838b91a481d1c34ad564,2024-11,Essex Police,Essex Police,0.563387,51.543439,On or near Parking Area,E01021480,Castle Point 007A,Violence and sexual offences,Unable to prosecute suspect,
f8d96be923f15c4b16f0b7a67002a54cac2468360abe163287972d29da4f5f2d,2024-11,Essex Police,Essex Police,0.563672,51.545438,On or near Parking Area,E01021480,Castle Point 007A,Violence and sexual offences,Unable to prosecute suspect,
b6aad333028f677bed43e449fdb98e6111ffecbe6e19b4d4a86497b90397f6d3,2024-11,Essex Police,Essex Police,0.552266,51.549869,On or near Linnet Drive,E01021521,Castle Point 007B,Violence and sexual offences,Court result unavailable,
096ab8be6615ccca81b448207cfa4c0e3142fc2eb11f1c3ee7789d37985826e6,2024-11,Essex Police,Essex Police,0.548914,51.552613,On or near Tyrrell Road,E01021521,Castle Point 007B,Violence and sexual offences,Unable to prosecute suspect,
8f7139feab91947020e93598ec16078c09da9e9cdf975af9bf9aab55021015ba,2024-11,Essex Police,Essex Police,0.558685,51.550638,On or near Brook Road,E01021522,Castle Point 007C,Criminal damage and arson,Investigation complete; no suspect identified,
35de2d852cc11caf1df791a48397e7739a01ebc6fbccf22920e42c315e068f5e,2024-11,Essex Police,Essex Police,0.555827,51.554720,On or near B1006,E01021522,Castle Point 007C,Violence and sexual offences,Unable to prosecute suspect,
ba8ed3e7dd57ecc32f50ee0fb658d3d33229c5b72acd77d608084d7885f8b87c,2024-11,Essex Police,Essex Police,0.559849,51.549533,On or near Hope Road,E01021522,Castle Point 007C,Violence and sexual offences,Unable to prosecute suspect,
58a678b162884bbfe9882bf420d9e19f76e60cb56b44ddd23324eaad9e73d1b5,2024-11,Essex Police,Essex Police,0.559887,51.549442,On or near Fleet Road,E01021522,Castle Point 007C,Violence and sexual offences,Formal action is not in the public interest,
f4d19f0dd2425f954cd74257a70eb2c618ebf8482ad5da747996e63be445bb1e,2024-11,Essex Police,Essex Police,0.558899,51.553775,On or near Supermarket,E01021522,Castle Point 007C,Violence and sexual offences,Unable to prosecute suspect,
0a95c4f3e06e349e1eff79a97275fab370e819665d6186ead881f23ec03b7052,2024-11,Essex Police,Essex Police,0.563276,51.546850,On or near St Marys Close,E01021522,Castle Point 007C,Violence and sexual offences,Unable to prosecute suspect,
75b298c847a92e85be342ab5abc4c213810d12d93247b97dedc133e358104c7a,2024-11,Essex Police,Essex Police,0.544214,51.555755,On or near Jotmans Lane,E01021523,Castle Point 007D,Violence and sexual offences,Unable to prosecute suspect,
442a6ec485f2d1f2f2bb67a3995e80cbb9e2015068d6030948309099bd4d1516,2024-11,Essex Police,Essex Police,0.544214,51.555755,On or near Jotmans Lane,E01021523,Castle Point 007D,Violence and sexual offences,Unable to prosecute suspect,
7a7217da9d23a568a3ad3aba5e98436235351c154832784107822ee9d1502ae6,2024-11,Essex Police,Essex Police,0.555169,51.554042,On or near Sanderlings,E01021524,Castle Point 007E,Public order,Unable to prosecute suspect,
bc4d9e7e2fd013db9b1bd18fc2a95f3d4873fb8af31b6f1e59a750695a17954b,2024-11,Essex Police,Essex Police,0.560911,51.555077,On or near Constitution Hill,E01021524,Castle Point 007E,Vehicle crime,Investigation complete; no suspect identified,
a9bad59be1be6b6d383798c16187a60a6f1be033410a90212ec4a87a8005e4b4,2024-11,Essex Police,Essex Police,0.551520,51.553555,On or near Benfleet Park Road,E01021524,Castle Point 007E,Violence and sexual offences,Offender given a caution,
5d513ee5b193c00e9f6024677e9ea3fc7d48d2e4cdcefdcb3d523001f8f2aa02,2024-11,Essex Police,Essex Police,0.551520,51.553555,On or near Benfleet Park Road,E01021524,Castle Point 007E,Violence and sexual offences,Offender given a caution,
30f593502b02a399eccaf3daf85d0cb72435ea1bb93afd529a27db04a4435a49,2024-11,Essex Police,Essex Police,0.560911,51.555077,On or near Constitution Hill,E01021524,Castle Point 007E,Other crime,Investigation complete; no suspect identified,
6f839c8d91279b8d06ab00225b177e8c0ebd3bcdc9ec1253a9269f337928419c,2024-11,Essex Police,Essex Police,0.585257,51.524945,On or near Delfzul Road,E01021487,Castle Point 008A,Violence and sexual offences,Unable to prosecute suspect,
0a3a2a0ec214c4d529414905f2531b118071bd5ee28a1b592b3aa542df718baf,2024-11,Essex Police,Essex Police,0.585257,51.524945,On or near Delfzul Road,E01021487,Castle Point 008A,Violence and sexual offences,Action to be taken by another organisation,
e4e0a1c6507d78c032a424570b19a1f78cfd1fe68fefa4281e6584414f54ef31,2024-11,Essex Police,Essex Police,0.585257,51.524945,On or near Delfzul Road,E01021487,Castle Point 008A,Violence and sexual offences,Action to be taken by another organisation,
d75168eccfd9a5f447b7729371f516b5026cd7200f617a4527074c022f4007cf,2024-11,Essex Police,Essex Police,0.585257,51.524945,On or near Delfzul Road,E01021487,Castle Point 008A,Violence and sexual offences,Action to be taken by another organisation,
593e6fde94bb8893ad1d106c821b20ae18be2f4fd0d62ca66aac531b1f72ac23,2024-11,Essex Police,Essex Police,0.585257,51.524945,On or near Delfzul Road,E01021487,Castle Point 008A,Violence and sexual offences,Action to be taken by another organisation,
097affeb4f82944d9f1a3d213e956953e0e9a2077b82d02f9fc44dd3f6e7b099,2024-11,Essex Police,Essex Police,0.585257,51.524945,On or near Delfzul Road,E01021487,Castle Point 008A,Violence and sexual offences,Action to be taken by another organisation,
c3a9993d52dd354fb2866e4d88974a403829c5a22279b01516785e654c2a5f6c,2024-11,Essex Police,Essex Police,0.595075,51.527471,On or near Hernen Road,E01021494,Castle Point 008B,Burglary,Investigation complete; no suspect identified,
5e935744d89baa42f81b67d0ba1ede8f465647021d8b7de21fe75da778a924f3,2024-11,Essex Police,Essex Police,0.587008,51.527605,On or near Hilversum Way,E01021494,Castle Point 008B,Criminal damage and arson,Investigation complete; no suspect identified,
5db927780a60ef68b2a33202e316a4df5d822f738c616fccec69cb27bbd0d56e,2024-11,Essex Police,Essex Police,0.589736,51.526384,On or near Antony Close,E01021494,Castle Point 008B,Criminal damage and arson,Investigation complete; no suspect identified,
0e5b194fddad2ae49f13f7abf5d5187b086754d09547d9b1224bdf0ee67f051c,2024-11,Essex Police,Essex Police,0.587008,51.527605,On or near Hilversum Way,E01021494,Castle Point 008B,Possession of weapons,Unable to prosecute suspect,
82a80f036c6e7c22b9676becb8d997ee6e018791a236bcc9808381be6fcbf1ff,2024-11,Essex Police,Essex Police,0.587008,51.527605,On or near Hilversum Way,E01021494,Castle Point 008B,Public order,Unable to prosecute suspect,
30402dc92b19ee47f45f9a090c4adf2dea239c7aef50371f2b6c290808089304,2024-11,Essex Police,Essex Police,0.588200,51.528289,On or near Cropenburg Walk,E01021494,Castle Point 008B,Violence and sexual offences,Unable to prosecute suspect,
c4f63b9297d0318786305c5c0baa6536916a3b7f93c2c0612bed50c29629297a,2024-11,Essex Police,Essex Police,0.593495,51.527084,On or near Linne Road,E01021494,Castle Point 008B,Other crime,Formal action is not in the public interest,
e2d6e51ba2f52f5b720720f34bcbee656948fbef30ee25270fa607b2aa8693ed,2024-11,Essex Police,Essex Police,0.579396,51.532719,On or near Elsinor Avenue,E01021504,Castle Point 008C,Other theft,Investigation complete; no suspect identified,
1412d24446f765c1ec25ba3b6a060d625160bd9066ba86c5bf5dc6c06891069e,2024-11,Essex Police,Essex Police,0.580988,51.531541,On or near Somnes Avenue,E01021504,Castle Point 008C,Other crime,Unable to prosecute suspect,
,2024-11,Essex Police,Essex Police,0.576030,51.532613,On or near Somnes Avenue,E01021505,Castle Point 008D,Anti-social behaviour,,
,2024-11,Essex Police,Essex Police,0.575759,51.527807,On or near The Firs,E01021505,Castle Point 008D,Anti-social behaviour,,
c6ba4d759819ff963b60c0f954e0da246eec940eba20caebba8b4a159dd8b392,2024-11,Essex Police,Essex Police,0.575631,51.532442,On or near Petrol Station,E01021505,Castle Point 008D,Other theft,Unable to prosecute suspect,
928c696ce13832824a1e29b113b15951ae7c662f0008e33ddc8add372758fde2,2024-11,Essex Police,Essex Police,0.575631,51.532442,On or near Petrol Station,E01021505,Castle Point 008D,Other theft,Local resolution,
9fcd8e07888b29cdaa83ccd9cf7815a1f46e65abcab796f262e4070aa2899952,2024-11,Essex Police,Essex Police,0.575631,51.532442,On or near Petrol Station,E01021505,Castle Point 008D,Violence and sexual offences,Investigation complete; no suspect identified,
e526948d6458ec167affcf64ab0f56c22c67e2f09b3efe8955f00be0ce5bb4d0,2024-11,Essex Police,Essex Police,0.579690,51.531291,On or near Central Wall,E01021505,Castle Point 008D,Violence and sexual offences,Unable to prosecute suspect,
b3d395b0b7a557c6a9122bd56101c1c0c2a9a273f6345734c076e39cdd27da49,2024-11,Essex Police,Essex Police,0.576956,51.531126,On or near The Fallows,E01021505,Castle Point 008D,Other crime,Unable to prosecute suspect,
,2024-11,Essex Police,Essex Police,0.586101,51.528650,On or near Norfolk Close,E01021506,Castle Point 008E,Anti-social behaviour,,
db85248b291e708115381d978bba885e7dc06541667ddbbde9af916bb8e7e7f5,2024-11,Essex Police,Essex Police,0.578446,51.528666,On or near Broomfield Green,E01021506,Castle Point 008E,Criminal damage and arson,Unable to prosecute suspect,
d747d9144134d8b1590dd0ecf8754bda518e416d5fe7f2104acbe658630c8bfa,2024-11,Essex Police,Essex Police,0.579943,51.530143,On or near Silver Jubilee Mews,E01021506,Castle Point 008E,Shoplifting,Investigation complete; no suspect identified,
d457d1343d28d666187dbee9e912f869ee034e891817cea784e8df086d2c432e,2024-11,Essex Police,Essex Police,0.579943,51.530143,On or near Silver Jubilee Mews,E01021506,Castle Point 008E,Shoplifting,Investigation complete; no suspect identified,
9aac32c066cb6ff04ddd31a6340d104e101355bc47879157d96d8bd35e6b4172,2024-11,Essex Police,Essex Police,0.579943,51.530143,On or near Silver Jubilee Mews,E01021506,Castle Point 008E,Shoplifting,Investigation complete; no suspect identified,
ec2fdcae0121034bcbf449116a0964b26a52686dd660f6fe220e9189e2371153,2024-11,Essex Police,Essex Police,0.585896,51.528331,On or near Hilton Walk,E01021506,Castle Point 008E,Violence and sexual offences,Unable to prosecute suspect,
8f53bdecb4412ef241bb34aa6f41acb9b9485aff26e4a753c42e5ac08f249b83,2024-11,Essex Police,Essex Police,0.578446,51.528666,On or near Broomfield Green,E01021506,Castle Point 008E,Violence and sexual offences,Unable to prosecute suspect,
a12f5995089bbc1ae4d8a4f8b45303a53bf4fe48a09d46fc394a28cb4adc14f2,2024-11,Essex Police,Essex Police,0.580846,51.530564,On or near Bradley Close,E01021506,Castle Point 008E,Violence and sexual offences,Action to be taken by another organisation,
c23577d3a4d4e474ca9552f32f0920251ea1bdaf958329f98206c98153b08bc6,2024-11,Essex Police,Essex Police,0.609850,51.521361,On or near Temptin Avenue,E01021492,Castle Point 009A,Other theft,Investigation complete; no suspect identified,
e0fedbda5be020662a3e7e51a3f2e90e87992c3e80f425017fa62c17dbdf5cce,2024-11,Essex Police,Essex Police,0.613196,51.520881,On or near Henson Avenue,E01021492,Castle Point 009A,Vehicle crime,Unable to prosecute suspect,
dbf986521f0e20ad5517254488a6c369aa29c7fb114a29ccaf282db8b338ee56,2024-11,Essex Police,Essex Police,0.615154,51.520343,On or near Linroping Avenue,E01021492,Castle Point 009A,Vehicle crime,Investigation complete; no suspect identified,
e4c93075ad8b336205f7281995adef6e0b3b96ad6ab28376c50df0c139ba5169,2024-11,Essex Police,Essex Police,0.613196,51.520881,On or near Henson Avenue,E01021492,Castle Point 009A,Violence and sexual offences,Unable to prosecute suspect,
0be7e17d4dd92479da8580b6d1dc8c51f7eee779ba07d157fce4e43b12fb96a5,2024-11,Essex Police,Essex Police,0.614478,51.520358,On or near Westman Road,E01021492,Castle Point 009A,Violence and sexual offences,Unable to prosecute suspect,
,2024-11,Essex Police,Essex Police,0.593664,51.523968,On or near Elder Tree Road,E01021493,Castle Point 009B,Anti-social behaviour,,
,2024-11,Essex Police,Essex Police,0.594200,51.523498,On or near Adelsburg Road,E01021493,Castle Point 009B,Anti-social behaviour,,
c12400949c0d635ddbc2f497af033d0207646110eeb640f1dcad704d610609b9,2024-11,Essex Police,Essex Police,0.592713,51.523710,On or near Knightswick Road,E01021493,Castle Point 009B,Criminal damage and arson,Awaiting court outcome,
7856a35a77d06f6dc1df6685d10e0d1f46a5299ea5995a60f165e75aaeae33b8,2024-11,Essex Police,Essex Police,0.592713,51.523710,On or near Knightswick Road,E01021493,Castle Point 009B,Criminal damage and arson,Investigation complete; no suspect identified,
55191e2c044c02e2f7759d2e002ef5340032742d48aebeb48fc537fd9dc351c7,2024-11,Essex Police,Essex Police,0.592713,51.523710,On or near Knightswick Road,E01021493,Castle Point 009B,Public order,Investigation complete; no suspect identified,
281e58cdcb6c2aa0a0cfc67da136623b30dfef9588fce6ebdb8cd95f21406058,2024-11,Essex Police,Essex Police,0.592713,51.523710,On or near Knightswick Road,E01021493,Castle Point 009B,Public order,Investigation complete; no suspect identified,
7be5489444644499618e8b04d9c3cf41723486f965e03952fbd77013600090cb,2024-11,Essex Police,Essex Police,0.594200,51.523498,On or near Adelsburg Road,E01021493,Castle Point 009B,Robbery,Unable to prosecute suspect,
bb2e4dcc9900ce0fabf179936295e0ae8a99621086b8e9bf1d70d4590b8484d2,2024-11,Essex Police,Essex Police,0.592713,51.523710,On or near Knightswick Road,E01021493,Castle Point 009B,Violence and sexual offences,Investigation complete; no suspect identified,
20fcbadd83b7fb2249fad0739cf59378e3c7dd8c33961207be881a836e02f166,2024-11,Essex Police,Essex Police,0.604159,51.527495,On or near Tewkes Road,E01021495,Castle Point 009C,Violence and sexual offences,Awaiting court outcome,
,2024-11,Essex Police,Essex Police,0.600118,51.523124,On or near Gills Avenue,E01021496,Castle Point 009D,Anti-social behaviour,,
b1b14e275e2d96f1a199fb651066141809d4aac28efe9d5fcc9fd9991056f1dd,2024-11,Essex Police,Essex Police,0.602240,51.523157,On or near Gains Close,E01021496,Castle Point 009D,Other theft,Investigation complete; no suspect identified,
098f960370af1468990a383c3d38bbf894826e1fe457c44ab8ee61f6c1a3ce2f,2024-11,Essex Police,Essex Police,0.598867,51.525957,On or near Essex Road,E01021496,Castle Point 009D,Shoplifting,Investigation complete; no suspect identified,
3faa813cbb498a8453707f145fe0d724ea28a8e9e77970120529c01ad6067755,2024-11,Essex Police,Essex Police,0.601289,51.522927,On or near Petrol Station,E01021496,Castle Point 009D,Vehicle crime,Investigation complete; no suspect identified,
baca7230a8fed27bd80f62e95dc50f2b819e01f914424a6f2dba7805869f65cd,2024-11,Essex Police,Essex Police,0.601289,51.522927,On or near Petrol Station,E01021496,Castle Point 009D,Violence and sexual offences,Investigation complete; no suspect identified,
544b3eb383e03cc9b3ae41791b969169c3ace3e66e734a211e44656a6cdc1179,2024-11,Essex Police,Essex Police,0.601133,51.523982,On or near Barnards Avenue,E01021496,Castle Point 009D,Violence and sexual offences,Investigation complete; no suspect identified,
c457e965923f9e66b0a3d12130be7c33ebcdaed1dd1e2eadbd03342e9f0414bd,2024-11,Essex Police,Essex Police,0.571869,51.522227,On or near Maple Way,E01021485,Castle Point 010A,Drugs,Investigation complete; no suspect identified,
2ea3fc1137b80195d915816cbc17601ec60562a023dae4d979ca3b8758f2a140,2024-11,Essex Police,Essex Police,0.577734,51.521172,On or near Church Close,E01021485,Castle Point 010A,Other theft,Unable to prosecute suspect,
e02a2dad278580c3e4dffb1becadf3abe00da39cc0582024e64ab35790c63a54,2024-11,Essex Police,Essex Police,0.573814,51.522472,On or near Almond Walk,E01021485,Castle Point 010A,Other theft,Unable to prosecute suspect,
f07cb72fcf748143697dbad05c89c8f31b508e1109aac1f8425b8c3e0321e9c3,2024-11,Essex Police,Essex Police,0.577734,51.521172,On or near Church Close,E01021485,Castle Point 010A,Public order,Investigation complete; no suspect identified,
f8bed2b54796244629e2c74197b9daeaa9ac66134ab530a042de7a421fe7a263,2024-11,Essex Police,Essex Police,0.571907,51.521632,On or near Sycamore Close,E01021485,Castle Point 010A,Violence and sexual offences,Unable to prosecute suspect,
084e87e4bc70a70ed0c75aca02f3803d075bbad911e1d68048773566bb3f4870,2024-11,Essex Police,Essex Police,0.578696,51.521105,On or near Princes Road,E01021485,Castle Point 010A,Violence and sexual offences,Investigation complete; no suspect identified,
5bbb0ca80ea3c14210e6488b46b9f17c3228fc4ab3a4dafb370e3a4422c46611,2024-11,Essex Police,Essex Police,0.570286,51.519986,On or near Miramar Avenue,E01021485,Castle Point 010A,Violence and sexual offences,Unable to prosecute suspect,
59a731acf27d9971f8fa33a12b245138d8b12b96acafe56d1c0f4030b081a1b4,2024-11,Essex Police,Essex Police,0.577734,51.521172,On or near Church Close,E01021485,Castle Point 010A,Violence and sexual offences,Unable to prosecute suspect,
0a29a6d8df9442d39d0418a8a95ae412121d88de66af1c2d228ceb0a839fa724,2024-11,Essex Police,Essex Police,0.577734,51.521172,On or near Church Close,E01021485,Castle Point 010A,Violence and sexual offences,Unable to prosecute suspect,
,2024-11,Essex Police,Essex Police,0.565845,51.523303,On or near Second Avenue,E01021486,Castle Point 010B,Anti-social behaviour,,
,2024-11,Essex Police,Essex Police,0.565845,51.523303,On or near Second Avenue,E01021486,Castle Point 010B,Anti-social behaviour,,
19b96e2c3a277d4fa8dcf0d214317a185dc64e6f5509abe7a7a4c82802948241,2024-11,Essex Police,Essex Police,0.565542,51.522257,On or near First Avenue,E01021486,Castle Point 010B,Criminal damage and arson,Unable to prosecute suspect,
38f07a36300527fe2f0efb64ebbb99964e51df736247232e2b0470e80ddbec0b,2024-11,Essex Police,Essex Police,0.565845,51.523303,On or near Second Avenue,E01021486,Castle Point 010B,Criminal damage and arson,Unable to prosecute suspect,
5f71a628954c5c0b997f350c346dfbbb383e4224a5f9fbd3ea181e409026b714,2024-11,Essex Police,Essex Police,0.565845,51.523303,On or near Second Avenue,E01021486,Castle Point 010B,Drugs,Investigation complete; no suspect identified,
70393c1c2143c9a4d40d497b9a32d541adc13064cc08053e40277cb1dbf28da7,2024-11,Essex Police,Essex Police,0.565542,51.522257,On or near First Avenue,E01021486,Castle Point 010B,Other theft,Investigation complete; no suspect identified,
d0bbee0c12c51015aa11ed3ebfb7e327c51e53d8670d2695afbd7e59e0352b78,2024-11,Essex Police,Essex Police,0.568664,51.523178,On or near The Weald,E01021486,Castle Point 010B,Other theft,Investigation complete; no suspect identified,
9a873f518fcfaa223db4fc5539006cd61c0e02791526c4c8e0ee6c36f7ec7e74,2024-11,Essex Police,Essex Police,0.565845,51.523303,On or near Second Avenue,E01021486,Castle Point 010B,Public order,Unable to prosecute suspect,
d1535862c305497e89806f4028f036a352468a1407ded5642ada8cc5ec95fd69,2024-11,Essex Police,Essex Police,0.564398,51.520115,On or near Supermarket,E01021486,Castle Point 010B,Shoplifting,Unable to prosecute suspect,
e648f12a12af27593f9faf9691305136996193320d8724cb6c76d4d4248a8b39,2024-11,Essex Police,Essex Police,0.564398,51.520115,On or near Supermarket,E01021486,Castle Point 010B,Shoplifting,Unable to prosecute suspect,
9fcffb70d5562add26e03537e71003995fd122aefc77e9c3d7e52dc5680114a1,2024-11,Essex Police,Essex Police,0.564398,51.520115,On or near Supermarket,E01021486,Castle Point 010B,Shoplifting,Unable to prosecute suspect,
e498669d3d2ed9400c5300695f1ea1acd5baf1c5c104adcea3cbe8fca991f22f,2024-11,Essex Police,Essex Police,0.564398,51.520115,On or near Supermarket,E01021486,Castle Point 010B,Shoplifting,Investigation complete; no suspect identified,
11f218e181379a4b59f5f975426441b8b06b4c0db2b6f9f63cd030c33aa09015,2024-11,Essex Police,Essex Police,0.565845,51.523303,On or near Second Avenue,E01021486,Castle Point 010B,Violence and sexual offences,Unable to prosecute suspect,
5e40e95948904586120cc377a8974b9a38a866eb3a1fdd0095dcc9fb51195137,2024-11,Essex Police,Essex Police,0.565542,51.522257,On or near First Avenue,E01021486,Castle Point 010B,Violence and sexual offences,Unable to prosecute suspect,
3efbe0b5fb42b947b5d7cc5a967622542e41f10d91106036f5c08ee2acd76864,2024-11,Essex Police,Essex Police,0.565542,51.522257,On or near First Avenue,E01021486,Castle Point 010B,Violence and sexual offences,Unable to prosecute suspect,
2ae786dff2057d56bf8f4a57509d72c2f797b362433ba12d0ec835b8a6323462,2024-11,Essex Police,Essex Police,0.577517,51.522678,On or near Little Gypps Close,E01021488,Castle Point 010C,Criminal damage and arson,Investigation complete; no suspect identified,
b221c602899e99af4f2b90ffdb522402b97177189900fd3151c6590d9a823397,2024-11,Essex Police,Essex Police,0.581302,51.524358,On or near Surig Road,E01021488,Castle Point 010C,Other theft,Investigation complete; no suspect identified,
8b5e82118d148c41ce791ca2e48f0899a1df1f7ee9cea9a8b0296f2c8717b4cb,2024-11,Essex Police,Essex Police,0.581302,51.524358,On or near Surig Road,E01021488,Castle Point 010C,Violence and sexual offences,Unable to prosecute suspect,
ceaec544da815d8239da4bdcb6a332c8afcc24eb399ce3b99116d724ea8f08e6,2024-11,Essex Police,Essex Police,0.581302,51.524358,On or near Surig Road,E01021488,Castle Point 010C,Violence and sexual offences,Unable to prosecute suspect,
844af1200bac6e8b4adb761f92e8631e437bf7ad0283dee8499ae969340c609c,2024-11,Essex Police,Essex Police,0.578829,51.524475,On or near East Crescent,E01021488,Castle Point 010C,Violence and sexual offences,Court result unavailable,
7a47f3cb029a7af1740cedb95c34fe712c9d54e130b9339e9383540836a8f5f2,2024-11,Essex Police,Essex Police,0.577517,51.522678,On or near Little Gypps Close,E01021488,Castle Point 010C,Violence and sexual offences,Investigation complete; no suspect identified,
a43dc2014daafbf651ff46169f0c70cb43a5347f8f2e854be78b201797b1c60b,2024-11,Essex Police,Essex Police,0.577591,51.524502,On or near West Crescent,E01021488,Castle Point 010C,Violence and sexual offences,Action to be taken by another organisation,
caa023d96c7fc9129f028df346492c3f0b821fd345c28d9f5b1adb33975e369a,2024-11,Essex Police,Essex Police,0.575254,51.524473,On or near Cedar Road,E01021488,Castle Point 010C,Violence and sexual offences,Unable to prosecute suspect,
,2024-11,Essex Police,Essex Police,0.559281,51.526567,On or near Haarlem Road,E01021503,Castle Point 010D,Anti-social behaviour,,
,2024-11,Essex Police,Essex Police,0.568805,51.536953,On or near Winter Gardens Path,E01021503,Castle Point 010D,Anti-social behaviour,,
,2024-11,Essex Police,Essex Police,0.568805,51.536953,On or near Winter Gardens Path,E01021503,Castle Point 010D,Anti-social behaviour,,
,2024-11,Essex Police,Essex Police,0.568805,51.536953,On or near Winter Gardens Path,E01021503,Castle Point 010D,Anti-social behaviour,,
,2024-11,Essex Police,Essex Police,0.555897,51.520193,On or near Runwood Road,E01021503,Castle Point 010D,Anti-social behaviour,,
,2024-11,Essex Police,Essex Police,0.568805,51.536953,On or near Winter Gardens Path,E01021503,Castle Point 010D,Anti-social behaviour,,
,2024-11,Essex Police,Essex Police,0.555897,51.520193,On or near Runwood Road,E01021503,Castle Point 010D,Anti-social behaviour,,
,2024-11,Essex Police,Essex Police,0.559281,51.526567,On or near Haarlem Road,E01021503,Castle Point 010D,Anti-social behaviour,,
,2024-11,Essex Police,Essex Police,0.555897,51.520193,On or near Runwood Road,E01021503,Castle Point 010D,Anti-social behaviour,,
62cb4d438630a37880a013da96c183e3493c7f00059e7faf32605317a7f6d60f,2024-11,Essex Police,Essex Police,0.555897,51.520193,On or near Runwood Road,E01021503,Castle Point 010D,Other theft,Local resolution,
1d9e3e72d591e5b4e48b040ff1d21cc677397c6bd6db31a09a645dd43ca74d6c,2024-11,Essex Police,Essex Police,0.568805,51.536953,On or near Winter Gardens Path,E01021503,Castle Point 010D,Public order,Unable to prosecute suspect,
895b4f0127b8d0c53442e66267d466bd9b83a36c933cc090c78fd397a01e38bc,2024-11,Essex Police,Essex Police,0.555897,51.520193,On or near Runwood Road,E01021503,Castle Point 010D,Shoplifting,Investigation complete; no suspect identified,
47937394855cd82b3231d6a64c133f153ff9ad1934d3adb83013258d1715adc8,2024-11,Essex Police,Essex Police,0.555897,51.520193,On or near Runwood Road,E01021503,Castle Point 010D,Shoplifting,Investigation complete; no suspect identified,
8ec4a9d0b138a20178724db6629c644d0d87fdcc245469704dd25bfc1cfff225,2024-11,Essex Police,Essex Police,0.555897,51.520193,On or near Runwood Road,E01021503,Castle Point 010D,Shoplifting,Investigation complete; no suspect identified,
73c806e00a2a01576d989eb3a4a3c411554ef133eea0687d01c58fca80213a5e,2024-11,Essex Police,Essex Police,0.555897,51.520193,On or near Runwood Road,E01021503,Castle Point 010D,Shoplifting,Court result unavailable,
2967bfca53945b80c983a3b3e288ddc4c59b253f9f2ecfeb5df02f437598194b,2024-11,Essex Police,Essex Police,0.555897,51.520193,On or near Runwood Road,E01021503,Castle Point 010D,Shoplifting,Investigation complete; no suspect identified,
ca31f01ad6e5d1465be465957e22f2ce4b72e74aac1a505bb08d53b33947871a,2024-11,Essex Police,Essex Police,0.555897,51.520193,On or near Runwood Road,E01021503,Castle Point 010D,Shoplifting,Investigation complete; no suspect identified,
81c77ee9b32b9898047282af25c1a1c016bf8b46bc32f26912b48e2b4078780c,2024-11,Essex Police,Essex Police,0.555897,51.520193,On or near Runwood Road,E01021503,Castle Point 010D,Shoplifting,Investigation complete; no suspect identified,
12c6ab70b79cc62d333e172532c0586f3ed7ee8664bf3cea67d8ae76d743ab7d,2024-11,Essex Police,Essex Police,0.555897,51.520193,On or near Runwood Road,E01021503,Castle Point 010D,Shoplifting,Status update unavailable,
f03e1854d6459625b2ce59c6b9c13a20bb0121d29cad0f2f412b19b432eac56e,2024-11,Essex Police,Essex Police,0.555897,51.520193,On or near Runwood Road,E01021503,Castle Point 010D,Shoplifting,Investigation complete; no suspect identified,
937e822762665f0e5fbcf1cd7192fb52c41272c0a9e2a1c96c9ed2b8590c7823,2024-11,Essex Police,Essex Police,0.555897,51.520193,On or near Runwood Road,E01021503,Castle Point 010D,Shoplifting,Investigation complete; no suspect identified,
c0eb174bfa733beb2a2b50b87734993f20dc705a5f7e2015c68990a4ec1491d0,2024-11,Essex Police,Essex Police,0.555897,51.520193,On or near Runwood Road,E01021503,Castle Point 010D,Shoplifting,Investigation complete; no suspect identified,
0ea25036a24e47967a2bd451574cbc7f440cb5868d63f449425957ab0fc287c3,2024-11,Essex Police,Essex Police,0.555897,51.520193,On or near Runwood Road,E01021503,Castle Point 010D,Shoplifting,Investigation complete; no suspect identified,
a119677450c7b2cdd7423688207100df9a36d75ba64522ae06fce856363971a4,2024-11,Essex Police,Essex Police,0.555897,51.520193,On or near Runwood Road,E01021503,Castle Point 010D,Shoplifting,Investigation complete; no suspect identified,
d55fe319d7ac1ff0f1978164ce0c5a07c9ccbd45cb67e052e232e3c192efcb12,2024-11,Essex Police,Essex Police,0.555897,51.520193,On or near Runwood Road,E01021503,Castle Point 010D,Shoplifting,Investigation complete; no suspect identified,
d24df1479cb6ed764b9be3b2825a356d0d698d13aa6c43f8bb2a1d446421a08a,2024-11,Essex Police,Essex Police,0.555897,51.520193,On or near Runwood Road,E01021503,Castle Point 010D,Shoplifting,Unable to prosecute suspect,
2ccb496996c54cf5dc4e381674c763301868536f4c7d7248a922d68582109c74,2024-11,Essex Police,Essex Police,0.555897,51.520193,On or near Runwood Road,E01021503,Castle Point 010D,Shoplifting,Investigation complete; no suspect identified,
7763f0c6c5f5b65eefb9cd46280f56f442d6775b19c105a9f58ec248c033de83,2024-11,Essex Police,Essex Police,0.555897,51.520193,On or near Runwood Road,E01021503,Castle Point 010D,Shoplifting,Investigation complete; no suspect identified,
f024dcecf8a146edacd01fd54db007d0689c87c70889addeaf5aa9fa59d5a155,2024-11,Essex Police,Essex Police,0.555897,51.520193,On or near Runwood Road,E01021503,Castle Point 010D,Shoplifting,Investigation complete; no suspect identified,
5bf245b27e83e96a4b8b802182371f9f1ff06f2202b3039c8d260b44751ce805,2024-11,Essex Police,Essex Police,0.559208,51.523205,On or near St Pauls Road,E01021503,Castle Point 010D,Vehicle crime,Investigation complete; no suspect identified,
7b0cba25672d11ae363ad86b2436b10608d8b80c8eac402732789de49efd13da,2024-11,Essex Police,Essex Police,0.561233,51.522289,On or near St Johns Crescent,E01021503,Castle Point 010D,Vehicle crime,Investigation complete; no suspect identified,
37ca787a420edaf23e87b292ae26e9612773af3fb6addb9937df518fe837b779,2024-11,Essex Police,Essex Police,0.558548,51.525063,On or near Dyke Crescent,E01021503,Castle Point 010D,Violence and sexual offences,Investigation complete; no suspect identified,
b543294d68419838fbac4308c81269c46f98d435fd91d10a9199a156383097d3,2024-11,Essex Police,Essex Police,0.558131,51.523795,On or near Picketts,E01021503,Castle Point 010D,Violence and sexual offences,Unable to prosecute suspect,
9aadd9d08c2596d900072f8d915738dd97eaeb8d4c7704f6120d9c6bf951777f,2024-11,Essex Police,Essex Police,0.559792,51.526421,On or near Batavia Road,E01021503,Castle Point 010D,Violence and sexual offences,Unable to prosecute suspect,
4809ea501b425aa106809eb09b771d6272e7bb7c120f4d72ee2913ceeeac16b5,2024-11,Essex Police,Essex Police,0.568805,51.536953,On or near Winter Gardens Path,E01021503,Castle Point 010D,Violence and sexual offences,Unable to prosecute suspect,
7fd76a7bcb15b76f9cb0140d21460ab76cbe59cbcf7ec29440914755604af356,2024-11,Essex Police,Essex Police,0.558548,51.525063,On or near Dyke Crescent,E01021503,Castle Point 010D,Violence and sexual offences,Unable to prosecute suspect,
764667f0c46e29afa232c8c51ab18d221d9d7ca74a8991c0fc1ed23f6e603c2b,2024-11,Essex Police,Essex Police,0.560780,51.522946,On or near St Michaels Road,E01021503,Castle Point 010D,Other crime,Court result unavailable,
,2024-11,Essex Police,Essex Police,0.568820,51.526458,On or near Dinant Avenue,E01021507,Castle Point 010E,Anti-social behaviour,,
,2024-11,Essex Police,Essex Police,0.569269,51.526753,On or near Middlesburg,E01021507,Castle Point 010E,Anti-social behaviour,,
4d0e0f3f967f66e19b6bd234572fd342daab6beb640bc0064310b9c76bd37b07,2024-11,Essex Police,Essex Police,0.568354,51.525353,On or near Seventh Avenue,E01021507,Castle Point 010E,Criminal damage and arson,Investigation complete; no suspect identified,
d0a265702700d029a4016a9536de2b9dea791864e276aec1c9ed88b7ac86a462,2024-11,Essex Police,Essex Police,0.569625,51.527177,On or near St Guiberts Road,E01021507,Castle Point 010E,Criminal damage and arson,Investigation complete; no suspect identified,
be01d4ef70e47bddcbf45eb6f6c8c04eea4a29ec52f671e978e0d42c2e0c04d0,2024-11,Essex Police,Essex Police,0.569625,51.527177,On or near St Guiberts Road,E01021507,Castle Point 010E,Criminal damage and arson,Investigation complete; no suspect identified,
f125a45d2578e2ab57ae77e180848c7060b7cb424aa15af275dbfe872dc74d01,2024-11,Essex Police,Essex Police,0.567151,51.525235,On or near Third Avenue,E01021507,Castle Point 010E,Public order,Unable to prosecute suspect,
b1993edfd26f040b4e1cc4387289d7d51bdc0ef5f38e9ad03644735189a063f1,2024-11,Essex Police,Essex Police,0.567151,51.525235,On or near Third Avenue,E01021507,Castle Point 010E,Shoplifting,Unable to prosecute suspect,
c059cc9e3fe6710d2da9bc25f17936a58f098988e2d17c508221a5342d8c117f,2024-11,Essex Police,Essex Police,0.567725,51.525699,On or near Fifth Avenue,E01021507,Castle Point 010E,Vehicle crime,Court result unavailable,
577e7ac601efc188c3a672e75ba6c84cf27b01f7afd1068cb9f158da2104a977,2024-11,Essex Police,Essex Police,0.569625,51.527177,On or near St Guiberts Road,E01021507,Castle Point 010E,Violence and sexual offences,Formal action is not in the public interest,
d5fb8b4f2a8cd7ca650944abc94c594a3424cbdd12078729d99042c9d52d8cd1,2024-11,Essex Police,Essex Police,0.568354,51.525353,On or near Seventh Avenue,E01021507,Castle Point 010E,Violence and sexual offences,Court result unavailable,
1210e474e1fea45095be301ea063c0a618f4f66dac7d77958767e9b4d768b6de,2024-11,Essex Police,Essex Police,0.568820,51.526458,On or near Dinant Avenue,E01021507,Castle Point 010E,Violence and sexual offences,Unable to prosecute suspect,
89dfd5664aa2b67585db8178100c20dbf470c734d86de0285bb59610af8a5d19,2024-11,Essex Police,Essex Police,0.568354,51.525353,On or near Seventh Avenue,E01021507,Castle Point 010E,Violence and sexual offences,Unable to prosecute suspect,
195f65892e647700ff4b0cf4dcc4e7b5f029e8328a31f27304257722b4effa50,2024-11,Essex Police,Essex Police,0.573503,51.526661,On or near Link Road,E01021507,Castle Point 010E,Violence and sexual offences,Unable to prosecute suspect,
5fb9cea37ddfc5942473dd9f57f72d61f85fe12552e3e00c560527a6cbc90c89,2024-11,Essex Police,Essex Police,0.567151,51.525235,On or near Third Avenue,E01021507,Castle Point 010E,Other crime,Action to be taken by another organisation,
6f713ace7d1a7cf64675f14770ae1f208c6ca9fb8e74c6a3228ec223a773374c,2024-11,Essex Police,Essex Police,0.567761,51.526094,On or near Sixth Avenue,E01021507,Castle Point 010E,Other crime,Status update unavailable,
,2024-11,Essex Police,Essex Police,0.570999,51.524962,On or near Suffolk Way,E01021508,Castle Point 010F,Anti-social behaviour,,
3854d5bf96e0e315dc8c97d2372096bb161de98bbfc1753e411b51fb1d3229e8,2024-11,Essex Police,Essex Police,0.570999,51.524962,On or near Suffolk Way,E01021508,Castle Point 010F,Criminal damage and arson,Investigation complete; no suspect identified,
20b533f2438e0a288fbdfdf0330d6e4ec5345d915021df7b07c1429e3555e30f,2024-11,Essex Police,Essex Police,0.571830,51.524602,On or near Lincoln Way,E01021508,Castle Point 010F,Vehicle crime,Investigation complete; no suspect identified,
05e2d3cf34356c9ff71856cbc9162dcb726c5b2a2afbd8abbf23d65904ec94a2,2024-11,Essex Police,Essex Police,0.573866,51.525439,On or near Southwalters,E01021508,Castle Point 010F,Vehicle crime,Investigation complete; no suspect identified,
53f0487f8a9d7f1ea039f39ade00f5aa98603583d8e7059080e885f6403d000f,2024-11,Essex Police,Essex Police,0.573866,51.525439,On or near Southwalters,E01021508,Castle Point 010F,Violence and sexual offences,Unable to prosecute suspect,
36651a64ec5644ebbfd251bcedc32b78dfeb5f2e64499c8a77ba9733800fc44a,2024-11,Essex Police,Essex Police,0.591047,51.521804,On or near Stuart Close,E01021484,Castle Point 011A,Criminal damage and arson,Investigation complete; no suspect identified,
bafa81a41203a3fafdcc69b105aefb9d10ad5d578e5b6830126fa40082dd9c9c,2024-11,Essex Police,Essex Police,0.591047,51.521804,On or near Stuart Close,E01021484,Castle Point 011A,Shoplifting,Court result unavailable,
97e95ddce8f8d2459b7f7f64a1649b0afdf9ad3aef264df9c5fa741c6bcad236,2024-11,Essex Police,Essex Police,0.591047,51.521804,On or near Stuart Close,E01021484,Castle Point 011A,Violence and sexual offences,Investigation complete; no suspect identified,
def91414a69ca7698426e39eed143ad95115c6bac1850c0c34e276c5619d6274,2024-11,Essex Police,Essex Police,0.586371,51.522223,On or near Roland Lane,E01021484,Castle Point 011A,Violence and sexual offences,Unable to prosecute suspect,
0d5c65393b45dc8e43a12bb089dbc844b829f8940fc8e06601455abfe7636e44,2024-11,Essex Police,Essex Police,0.586371,51.522223,On or near Roland Lane,E01021484,Castle Point 011A,Violence and sexual offences,Unable to prosecute suspect,
d0c5d9a716de339bdc3657a5bd108e4412e492cdf00eb30c8e9d5218355e5075,2024-11,Essex Police,Essex Police,0.586371,51.522223,On or near Roland Lane,E01021484,Castle Point 011A,Violence and sexual offences,Unable to prosecute suspect,
575df3797aca3d676339ef479905bbdf215e95b20334dc3baa4e53cb603bb117,2024-11,Essex Police,Essex Police,0.584264,51.521927,On or near Pennial Road,E01021484,Castle Point 011A,Violence and sexual offences,Formal action is not in the public interest,
e32734571ce55bcc05b99b7823f56155996d44c5ffb17ed248037503e612b7b6,2024-11,Essex Police,Essex Police,0.584264,51.521927,On or near Pennial Road,E01021484,Castle Point 011A,Violence and sexual offences,Formal action is not in the public interest,
c800c4242a353338583917565a200b2334a9c3cfd9c7ecf91c4823d0be39e529,2024-11,Essex Police,Essex Police,0.591047,51.521804,On or near Stuart Close,E01021484,Castle Point 011A,Violence and sexual offences,Unable to prosecute suspect,
,2024-11,Essex Police,Essex Police,0.593163,51.522524,On or near Supermarket,E01021498,Castle Point 011B,Anti-social behaviour,,
,2024-11,Essex Police,Essex Police,0.592084,51.520253,On or near Parking Area,E01021498,Castle Point 011B,Anti-social behaviour,,
,2024-11,Essex Police,Essex Police,0.592084,51.520253,On or near Parking Area,E01021498,Castle Point 011B,Anti-social behaviour,,
,2024-11,Essex Police,Essex Police,0.593163,51.522524,On or near Supermarket,E01021498,Castle Point 011B,Anti-social behaviour,,
,2024-11,Essex Police,Essex Police,0.592609,51.518595,On or near Windsor Close,E01021498,Castle Point 011B,Anti-social behaviour,,
,2024-11,Essex Police,Essex Police,0.594395,51.522108,On or near Parking Area,E01021498,Castle Point 011B,Anti-social behaviour,,
,2024-11,Essex Police,Essex Police,0.594771,51.518332,On or near Blackthorne Road,E01021498,Castle Point 011B,Anti-social behaviour,,
,2024-11,Essex Police,Essex Police,0.593163,51.522524,On or near Supermarket,E01021498,Castle Point 011B,Anti-social behaviour,,
,2024-11,Essex Police,Essex Police,0.592084,51.520253,On or near Parking Area,E01021498,Castle Point 011B,Anti-social behaviour,,
,2024-11,Essex Police,Essex Police,0.593705,51.520379,On or near Oak Road,E01021498,Castle Point 011B,Anti-social behaviour,,
02d1088a8aaccf1b6849c874f4a4a345773804c4f5483c3dabcca6c827a440b7,2024-11,Essex Police,Essex Police,0.596961,51.522609,On or near Venables Close,E01021498,Castle Point 011B,Burglary,Investigation complete; no suspect identified,
ea8b208056b147826000932c9c221050f328aadaaad537bede17b8dc84d9acb8,2024-11,Essex Police,Essex Police,0.593283,51.517510,On or near Furtherwick Road,E01021498,Castle Point 011B,Criminal damage and arson,Unable to prosecute suspect,
3f7a3776335102fcfead861dc46a02eee726a09a943a469b67a514502cc253b9,2024-11,Essex Police,Essex Police,0.595802,51.518974,On or near Ash Road,E01021498,Castle Point 011B,Criminal damage and arson,Investigation complete; no suspect identified,
0c4f2124cb8eab70ac481d259985b0ba8458a274398ac7b6c3c976a49458cf4e,2024-11,Essex Police,Essex Police,0.594395,51.522108,On or near Parking Area,E01021498,Castle Point 011B,Criminal damage and arson,Unable to prosecute suspect,
991fc6dad2f3377ebb5411b4571a207c445b487172ce147df5e6fb1eeed1c3b6,2024-11,Essex Police,Essex Police,0.593163,51.522524,On or near Supermarket,E01021498,Castle Point 011B,Criminal damage and arson,Investigation complete; no suspect identified,
a440708e3ccfe4f717b5620bc19ca1dd3fd1f9d42b6867f8dd0343c52f93a4fa,2024-11,Essex Police,Essex Police,0.593163,51.522524,On or near Supermarket,E01021498,Castle Point 011B,Criminal damage and arson,Investigation complete; no suspect identified,
54d15c16e8c5425a3c4c9173ceefafc25b7f1eedd2b6e09ec974a34cb4188920,2024-11,Essex Police,Essex Police,0.592609,51.518595,On or near Windsor Close,E01021498,Castle Point 011B,Other theft,Unable to prosecute suspect,
897f2d2b141b8df846247ae2feab8c53c646a00a8694410870717b9af00ba72b,2024-11,Essex Police,Essex Police,0.592084,51.520253,On or near Parking Area,E01021498,Castle Point 011B,Public order,Unable to prosecute suspect,
eac0c053eda7bb733a8fcdcc4783afc44de5c5d50c6983ced78c44d0d426dabf,2024-11,Essex Police,Essex Police,0.593705,51.520379,On or near Oak Road,E01021498,Castle Point 011B,Public order,Investigation complete; no suspect identified,
b7bf9bbf8f1384b0a6a3971c51cbdc531b310f1f1b771d79f88aa257619361b1,2024-11,Essex Police,Essex Police,0.593163,51.522524,On or near Supermarket,E01021498,Castle Point 011B,Shoplifting,Court result unavailable,
2a93c95d37bf68e3992de21e652b07d588fd03cc930de77191a5ecdafc787d18,2024-11,Essex Police,Essex Police,0.593163,51.522524,On or near Supermarket,E01021498,Castle Point 011B,Shoplifting,Investigation complete; no suspect identified,
2b69602076d98c5ea48b593859aabd1ad087149158ded5332782d37856bedc84,2024-11,Essex Police,Essex Police,0.593163,51.522524,On or near Supermarket,E01021498,Castle Point 011B,Shoplifting,Investigation complete; no suspect identified,
0745509578e9ff341a2ad559490f745c496c4ad35cf89279ea28c92f40841d99,2024-11,Essex Police,Essex Police,0.592084,51.520253,On or near Parking Area,E01021498,Castle Point 011B,Shoplifting,Investigation complete; no suspect identified,
fc3b8f745f3fa5a588583d1fee746aec49d88335d40f3490eee2b1c470a9c57d,2024-11,Essex Police,Essex Police,0.593163,51.522524,On or near Supermarket,E01021498,Castle Point 011B,Shoplifting,Local resolution,
d4ff8b1ec7dc696a6f7562ba3f89fdc855938d8de23724b6c17afaaf915731c6,2024-11,Essex Police,Essex Police,0.593163,51.522524,On or near Supermarket,E01021498,Castle Point 011B,Vehicle crime,Investigation complete; no suspect identified,
5d841b58f26a2d26513b249348f40f70484918078df3521dfed5775fc7cd3267,2024-11,Essex Police,Essex Police,0.593163,51.522524,On or near Supermarket,E01021498,Castle Point 011B,Violence and sexual offences,Investigation complete; no suspect identified,
99a64594a46d49797403ed610c25d0c68b631e9a1b0df2e2d4be6bcdfeca1715,2024-11,Essex Police,Essex Police,0.592609,51.518595,On or near Windsor Close,E01021498,Castle Point 011B,Violence and sexual offences,Unable to prosecute suspect,
d2ecd9888c7cbc20dd137e624e6af5aa5e725ba6fabc83cf05a3b0f0639e6c8c,2024-11,Essex Police,Essex Police,0.593117,51.515346,On or near Ashingdale Close,E01021498,Castle Point 011B,Violence and sexual offences,Unable to prosecute suspect,
c48c6dcf851e7efd6d00ff3bac79111670ad8b3b6daba41b780be2b2bc425d43,2024-11,Essex Police,Essex Police,0.592609,51.518595,On or near Windsor Close,E01021498,Castle Point 011B,Violence and sexual offences,Unable to prosecute suspect,
bbc4faf1da4653c3fb5ca80d8d7f5d6dac7c190a3cdc09cd0c3beb1d58aef782,2024-11,Essex Police,Essex Police,0.596961,51.522609,On or near Venables Close,E01021498,Castle Point 011B,Violence and sexual offences,Investigation complete; no suspect identified,
39b3652d3470366c121ebc06b9d488ae424283ff26cfc0dad38350083be5ee90,2024-11,Essex Police,Essex Police,0.592609,51.518595,On or near Windsor Close,E01021498,Castle Point 011B,Violence and sexual offences,Unable to prosecute suspect,
ec518470fc14674bc006b33b3bc8e8351d8af5245439d79e79a6554508a3f3b5,2024-11,Essex Police,Essex Police,0.592084,51.520253,On or near Parking Area,E01021498,Castle Point 011B,Violence and sexual offences,Local resolution,
4e0d7155efb944f49ed862385a7eaa4e49d15f349eff054a4d660acdee0a73a0,2024-11,Essex Police,Essex Police,0.592084,51.520253,On or near Parking Area,E01021498,Castle Point 011B,Violence and sexual offences,Unable to prosecute suspect,
ea60b03fa6e17e21ea7020f6380566d5759e72ba387e63441194dd96fbcd68db,2024-11,Essex Police,Essex Police,0.592084,51.520253,On or near Parking Area,E01021498,Castle Point 011B,Violence and sexual offences,Unable to prosecute suspect,
23f4da64c749f85ab66c94cfb61bfa7b6901384648c3f5e9bab6deec2ff035ac,2024-11,Essex Police,Essex Police,0.592609,51.518595,On or near Windsor Close,E01021498,Castle Point 011B,Violence and sexual offences,Investigation complete; no suspect identified,
1d0b00e9e4e15fd231af6d20a5b84ad0ba698d9488599fde47775a91e1c797c1,2024-11,Essex Police,Essex Police,0.592084,51.520253,On or near Parking Area,E01021498,Castle Point 011B,Violence and sexual offences,Unable to prosecute suspect,
,2024-11,Essex Police,Essex Police,0.589364,51.512210,On or near Parking Area,E01021499,Castle Point 011C,Anti-social behaviour,,
fb1d011a249ff2e7d6d436114b859edb64bb12b7b32ef6b834a0d2215c61c97d,2024-11,Essex Police,Essex Police,0.587332,51.514755,On or near Ferndale Crescent,E01021499,Castle Point 011C,Criminal damage and arson,Investigation complete; no suspect identified,
2808eb08afc9480dc7fc0eb22817cb4793d29369921805ca52b163aa78f4852c,2024-11,Essex Police,Essex Police,0.585886,51.515443,On or near Bay Close,E01021499,Castle Point 011C,Criminal damage and arson,Action to be taken by another organisation,
2797d0a5bba0992ecad499e6b429092d19b14f06fb0839eb4bb5caab4ca8d85b,2024-11,Essex Police,Essex Police,0.585886,51.515443,On or near Bay Close,E01021499,Castle Point 011C,Violence and sexual offences,Action to be taken by another organisation,
137ff87806c62900407230d13f8d10825d9286ada3a7c4ce5d07fa09151f09a3,2024-11,Essex Police,Essex Police,0.585886,51.515443,On or near Bay Close,E01021499,Castle Point 011C,Violence and sexual offences,Action to be taken by another organisation,
abe2ed0d47f830333bb06cc3969ea4b126054e9aa7860dbdba94974641eae246,2024-11,Essex Police,Essex Police,0.585886,51.515443,On or near Bay Close,E01021499,Castle Point 011C,Violence and sexual offences,Unable to prosecute suspect,
93aabe48c308539d820a2e9cb7430a37e75eb0396b4f8f8aeb90cba38d74981e,2024-11,Essex Police,Essex Police,0.585886,51.515443,On or near Bay Close,E01021499,Castle Point 011C,Violence and sexual offences,Action to be taken by another organisation,
446127bc9f1a717ffdf828c0adbff469e951f0623dac0d255e1dc071ed4fb73a,2024-11,Essex Police,Essex Police,0.590499,51.514676,On or near Leigh Road,E01021499,Castle Point 011C,Violence and sexual offences,Offender given a caution,
,2024-11,Essex Police,Essex Police,0.554409,51.511394,On or near Haven Quays,E01021501,Castle Point 011D,Anti-social behaviour,,
bfdf6725cda5242c33ac0ac1272faf2290b08d0c8736d592df0dc981333638aa,2024-11,Essex Police,Essex Police,0.561166,51.519295,On or near Tudor Road,E01021501,Castle Point 011D,Burglary,Investigation complete; no suspect identified,
a4b2183b3581d4921e491eebaa395a36cb1a93a4f65263dd5b7cbbdabc2f59e2,2024-11,Essex Police,Essex Police,0.554409,51.511394,On or near Haven Quays,E01021501,Castle Point 011D,Burglary,Investigation complete; no suspect identified,
9da209a9abbee8f18ce0c449f812d3126a95f651ba88ebc6082af323d68094d5,2024-11,Essex Police,Essex Police,0.572943,51.519550,On or near Silverthorne,E01021501,Castle Point 011D,Drugs,Local resolution,
82bdac45cae1230682ef277a7be07ebfc4228709514654e839b3de4be46aa694,2024-11,Essex Police,Essex Police,0.572943,51.519550,On or near Silverthorne,E01021501,Castle Point 011D,Public order,Unable to prosecute suspect,
604be53e47ced4fc103888e07a511806b948f5f54fd073eedff106aa713c6682,2024-11,Essex Police,Essex Police,0.554409,51.511394,On or near Haven Quays,E01021501,Castle Point 011D,Violence and sexual offences,Local resolution,
44adacdca8709cf0baa0d1b67fb265995193e172906d8f64be3450f582ef961e,2024-11,Essex Police,Essex Police,0.579360,51.516774,On or near Essex Close,E01021502,Castle Point 011E,Burglary,Investigation complete; no suspect identified,
82a299cbed3414c2ace84b828fc586aa1e2da6780c4b41b197f417c87d61fc98,2024-11,Essex Police,Essex Police,0.576826,51.519393,On or near Matlock Road,E01021502,Castle Point 011E,Criminal damage and arson,Action to be taken by another organisation,
d662ad8ed8a3f19635f23df78bd64f810459c30f83cf807a9174d025cb169589,2024-11,Essex Police,Essex Police,0.581092,51.519875,On or near Police Station,E01021502,Castle Point 011E,Drugs,Court result unavailable,
a73b20118557b81a49e91a648cd2efb0f5936f4a42dbaa806cb303be79040832,2024-11,Essex Police,Essex Police,0.581092,51.519875,On or near Police Station,E01021502,Castle Point 011E,Drugs,Court result unavailable,
1c22b3891b011d5b9c3c8edf0d5f3f1a2dc728b4c3be4b679af3f1f86a363880,2024-11,Essex Police,Essex Police,0.581092,51.519875,On or near Police Station,E01021502,Castle Point 011E,Other theft,Investigation complete; no suspect identified,
dce2f18540e0e6823a07777171d0dba843d3eaf89eadac90965246c5165633cc,2024-11,Essex Police,Essex Police,0.576826,51.519393,On or near Matlock Road,E01021502,Castle Point 011E,Violence and sexual offences,Action to be taken by another organisation,
812f5619b3671ba962553acf380bb3e14e7d8d7166eabe488c892fd003c33dcb,2024-11,Essex Police,Essex Police,0.580817,51.512983,On or near Jack King Drive,E01021502,Castle Point 011E,Violence and sexual offences,Unable to prosecute suspect,
3b444aef7a380a9ded17480d22c132f46c3e5e7cff8d235a8c9ab78e23bf7e3f,2024-11,Essex Police,Essex Police,0.580339,51.517526,On or near Mayland Avenue,E01021502,Castle Point 011E,Violence and sexual offences,Unable to prosecute suspect,
0eb93daaa9f2715d3b62c5127c09de5c1275cfae968abb9284ceaa54390b5e7a,2024-11,Essex Police,Essex Police,0.581092,51.519875,On or near Police Station,E01021502,Castle Point 011E,Violence and sexual offences,Unable to prosecute suspect,
030bbf2ff38b8b89f7b3a5808561514ebf59551195fee4661e57297b9cda6bb5,2024-11,Essex Police,Essex Police,0.581092,51.519875,On or near Police Station,E01021502,Castle Point 011E,Violence and sexual offences,Unable to prosecute suspect,
5cb19df4b1fe42658a70d94c06059f7a071600f867d8615061b15b8eb9da1b04,2024-11,Essex Police,Essex Police,0.608744,51.516888,On or near Gafzelle Drive,E01021489,Castle Point 012A,Violence and sexual offences,Unable to prosecute suspect,
87406ca935b776eb2a94b32609d6c062c53fbafb3da8b87e5e9dfd541c3ef8b4,2024-11,Essex Police,Essex Police,0.610615,51.516847,On or near Seaview Road,E01021490,Castle Point 012B,Burglary,Investigation complete; no suspect identified,
b820f54bedb0fe9a41385151e593a004be3ae150071ce0b91c6f04dd5940ca1e,2024-11,Essex Police,Essex Police,0.602929,51.524504,On or near Sports/Recreation Area,E01021490,Castle Point 012B,Violence and sexual offences,Offender given a caution,
b8621eae60ff349d8d6efee4a4acc73dad4b445e834daf33a98735de0c863db9,2024-11,Essex Police,Essex Police,0.607527,51.521079,On or near Hassell Road,E01021490,Castle Point 012B,Violence and sexual offences,Unable to prosecute suspect,
ae876ca078d1fcb0e00a9e02f665c254d2c613b3add5a48b34a75aa71b8edada,2024-11,Essex Police,Essex Police,0.604901,51.518772,On or near Taranto Road,E01021490,Castle Point 012B,Other crime,Local resolution,
2d7684bccfd2d2efbdad18e8ed00f67036dcbfbbeabb2cec41cc7e9b63ad883e,2024-11,Essex Police,Essex Police,0.612140,51.515527,On or near South Parade,E01021491,Castle Point 012C,Violence and sexual offences,Unable to prosecute suspect,
cefbe13b13c38d6e9d4739fb36b36c71d42e5e1012600debc1d7262263fb45e3,2024-11,Essex Police,Essex Police,0.621528,51.516603,On or near Zelham Drive,E01021491,Castle Point 012C,Violence and sexual offences,Status update unavailable,
d78d1421c011d8ab2e680740bf5d0cfea656716f78b59ed4c7f683c4aa35c4f8,2024-11,Essex Police,Essex Police,0.612140,51.515527,On or near South Parade,E01021491,Castle Point 012C,Violence and sexual offences,Unable to prosecute suspect,
6ff733e206a9e131d41128bfd486e602836ddf2296d7014b0e12000550d56551,2024-11,Essex Police,Essex Police,0.622708,51.518825,On or near Bommel Avenue,E01021491,Castle Point 012C,Violence and sexual offences,Unable to prosecute suspect,
2273c4e2318c70341aa862e63bb1b2739a21183e203a4f5fe95cd51411dff816,2024-11,Essex Police,Essex Police,0.613000,51.515696,On or near Kenmore Close,E01021491,Castle Point 012C,Violence and sexual offences,Unable to prosecute suspect,
aacf60ac0260b9951bf93cc4ca1b40716159ba13881d80ad161a1292c704a6cc,2024-11,Essex Police,Essex Police,0.600336,51.519611,On or near Hilbery Road,E01021497,Castle Point 012D,Criminal damage and arson,Court result unavailable,
f0b46a44dfbbdce258cae17d4e268d7879484a334b70759d8afae9f29cd0101c,2024-11,Essex Police,Essex Police,0.603811,51.519120,On or near Marcos Road,E01021497,Castle Point 012D,Criminal damage and arson,Investigation complete; no suspect identified,
379a28473477ff86473f6990c782ea0d566e52fc06b3983a9f8f376a8ba0096a,2024-11,Essex Police,Essex Police,0.599290,51.519967,On or near Caro Road,E01021497,Castle Point 012D,Vehicle crime,Awaiting court outcome,
109d79ec1dc249bc1d63ee276831c1b90ede7995e2fe7e769274c1df653f9650,2024-11,Essex Police,Essex Police,0.602884,51.517019,On or near Maurice Road,E01021497,Castle Point 012D,Violence and sexual offences,Action to be taken by another organisation,
05824afa97ebc90afbfd741247ca22defa5b6dba44806cef412108c752a60c29,2024-11,Essex Police,Essex Police,0.600481,51.518871,On or near Juliers Road,E01021497,Castle Point 012D,Violence and sexual offences,Unable to prosecute suspect,
fc82a12cff490c26e6855c069535317f861677b555dbdf5880ab660fcd31dcbc,2024-11,Essex Police,Essex Police,0.601403,51.515819,On or near Handel Road,E01021497,Castle Point 012D,Violence and sexual offences,Court result unavailable,
,2024-11,Essex Police,Essex Police,0.588190,51.512847,On or near Western Esplanade,E01021500,Castle Point 012E,Anti-social behaviour,,
,2024-11,Essex Police,Essex Police,0.594654,51.517543,On or near Poplar Road,E01021500,Castle Point 012E,Anti-social behaviour,,
0f37639cf5818c09aa4f3e91e1465571a6babd992e4524c944bd5be24f04b57b,2024-11,Essex Police,Essex Police,0.591371,51.511509,On or near Parking Area,E01021500,Castle Point 012E,Drugs,Investigation complete; no suspect identified,
7155ad20bc64cc6456987f2282315ad158147a6e6732deba3a22b2958556ba22,2024-11,Essex Police,Essex Police,0.598909,51.513033,On or near Parking Area,E01021500,Castle Point 012E,Violence and sexual offences,Unable to prosecute suspect,
0fc34c1e396e3955a57cfce968ac26400b6a93845be53802d7d94f186d047a38,2024-11,Essex Police,Essex Police,0.602336,51.513217,On or near Compton Court,E01021500,Castle Point 012E,Violence and sexual offences,Unable to prosecute suspect,
aee0cb0b84f2b64e367623971ef2eaeef859e77bbedff0a10c4418e99910d86b,2024-11,Essex Police,Essex Police,0.600558,51.513635,On or near Whiteways,E01021500,Castle Point 012E,Violence and sexual offences,Unable to prosecute suspect,
588d6764c72e4f98f08c38fe5a78883a9a8d958537a30594774674f386cbfd64,2024-11,Essex Police,Essex Police,0.599873,51.517040,On or near Bruges Road,E01021500,Castle Point 012E,Violence and sexual offences,Unable to prosecute suspect,
7dc626c3527819fd3928e12c190b6bf991d2436f6c7ed521880c1e595ee8e619,2024-11,Essex Police,Essex Police,0.600558,51.513635,On or near Whiteways,E01021500,Castle Point 012E,Violence and sexual offences,Unable to prosecute suspect,
,2024-11,Essex Police,Essex Police,0.497411,51.818012,On or near The Crescent,E01021538,Chelmsford 001A,Anti-social behaviour,,
,2024-11,Essex Police,Essex Police,0.510336,51.831253,On or near Searle Place,E01021538,Chelmsford 001A,Anti-social behaviour,,
,2024-11,Essex Police,Essex Police,0.515768,51.840426,On or near Parking Area,E01021538,Chelmsford 001A,Anti-social behaviour,,
a025fc0c5170d0f1a0a7b322c7133b0487e0aabdcecc4eba64e4019d816869e4,2024-11,Essex Police,Essex Police,0.497411,51.818012,On or near The Crescent,E01021538,Chelmsford 001A,Criminal damage and arson,Investigation complete; no suspect identified,
b21296a2723f24fdd24385154265b73dec42264b58b81d6ef494eb034188582a,2024-11,Essex Police,Essex Police,0.523338,51.848331,On or near Blackley Lane,E01021538,Chelmsford 001A,Criminal damage and arson,Investigation complete; no suspect identified,
fd3ea797e31b5580fc5c8bbdbb17a2bc447508226b72631de119b4d05327e5e4,2024-11,Essex Police,Essex Police,0.509503,51.831406,On or near Willis Mead Road,E01021538,Chelmsford 001A,Criminal damage and arson,Investigation complete; no suspect identified,
edba0662ba71e818323ebc1eb56d7b1da5117afa62e3b4daeddf077f68fbfb38,2024-11,Essex Police,Essex Police,0.511086,51.831426,On or near Radcliffe Way,E01021538,Chelmsford 001A,Criminal damage and arson,Unable to prosecute suspect,
0f5774013abda648d98c16e8b933bfc49e5ed0de20361be71d03fdbebba02153,2024-11,Essex Police,Essex Police,0.512105,51.831485,On or near Little Rye Fields,E01021538,Chelmsford 001A,Drugs,Local resolution,
47cafb93800009ef1149f91da822306f0ac447404b120083fe7686762af78cd8,2024-11,Essex Police,Essex Police,0.512105,51.831485,On or near Little Rye Fields,E01021538,Chelmsford 001A,Drugs,Investigation complete; no suspect identified,
80da76e2fef7c4e48722e05ac50958a9a5c8093dcf16bc9432c3f18be2e9a3dc,2024-11,Essex Police,Essex Police,0.511086,51.831426,On or near Radcliffe Way,E01021538,Chelmsford 001A,Other theft,Unable to prosecute suspect,
8ad1a9e4a3609afca9cf0ab649203f916be5f9f1418760c99328a841ed662a2f,2024-11,Essex Police,Essex Police,0.515768,51.840426,On or near Parking Area,E01021538,Chelmsford 001A,Public order,Investigation complete; no suspect identified,
4371330c09d39f47348fc58c29a2e5e130da45b015704c48eef2420c03fa3137,2024-11,Essex Police,Essex Police,0.508669,51.832071,On or near Shimbrooks,E01021538,Chelmsford 001A,Public order,Unable to prosecute suspect,
68232446964d752ae709002c00a18d6e6e4da204c6988bf3b93d659e565ad6bb,2024-11,Essex Police,Essex Police,0.509503,51.831406,On or near Willis Mead Road,E01021538,Chelmsford 001A,Vehicle crime,Investigation complete; no suspect identified,
293f4e5d93fa7cb3e2bd25d7fc1c2d1bc07e0d926fc533b5c0f4473712382a51,2024-11,Essex Police,Essex Police,0.500243,51.820946,On or near Main Road,E01021538,Chelmsford 001A,Vehicle crime,Investigation complete; no suspect identified,
fb10ed14ccb3cfc4a1b5074ae64a61613c972a9680afca6a31380e6f5aa9f8e9,2024-11,Essex Police,Essex Police,0.506811,51.826589,On or near Bohun Close,E01021538,Chelmsford 001A,Vehicle crime,Investigation complete; no suspect identified,
c50cf75cac3fb65d3d9155c111b4caf68a63a232596e37d35fa068af6992b200,2024-11,Essex Police,Essex Police,0.507700,51.841282,On or near Park/Open Space,E01021538,Chelmsford 001A,Vehicle crime,Investigation complete; no suspect identified,
0aa2fae15b0b9d9c45810225d8ce233065d931c664e0c823ae69e5a715a377dc,2024-11,Essex Police,Essex Police,0.509503,51.831406,On or near Willis Mead Road,E01021538,Chelmsford 001A,Violence and sexual offences,Unable to prosecute suspect,
8edf016543b78a403bbec42b3213bf61a962683348e358564009fb99fbc03692,2024-11,Essex Police,Essex Police,0.509048,51.824266,On or near Beadle Way,E01021538,Chelmsford 001A,Violence and sexual offences,Investigation complete; no suspect identified,
818e264cac1121882e6a4abb1798d5ad0baedd6b0316624f853ca91f0887b1d7,2024-11,Essex Police,Essex Police,0.471840,51.839146,On or near Park/Open Space,E01021538,Chelmsford 001A,Violence and sexual offences,Unable to prosecute suspect,
9982e68c0d2814626c809fd79716413c77a089e7edcad4449f186cd4bd146fe7,2024-11,Essex Police,Essex Police,0.506811,51.826589,On or near Bohun Close,E01021538,Chelmsford 001A,Violence and sexual offences,Unable to prosecute suspect,
63a523b8bcf7d37f50746db511322dc238fc14e5f26dab244921826fdd630eae,2024-11,Essex Police,Essex Police,0.497411,51.818012,On or near The Crescent,E01021538,Chelmsford 001A,Violence and sexual offences,Unable to prosecute suspect,
53f7c7eea3d2c5b92031a359171a94a907005bab93d9c43211cf49a3f905a176,2024-11,Essex Police,Essex Police,0.500243,51.820946,On or near Main Road,E01021538,Chelmsford 001A,Violence and sexual offences,Court result unavailable,
7669372aae46accd1772cfa863d6ce0dfcfe0a8ffdc4c7f6601abdc2056f3a74,2024-11,Essex Police,Essex Police,0.504024,51.826585,On or near Brickbarns,E01021538,Chelmsford 001A,Violence and sexual offences,Unable to prosecute suspect,
2f05fadc862113d467ecdcccab67a469523a5ce6e701026e492f26c9b06acd8e,2024-11,Essex Police,Essex Police,0.500243,51.820946,On or near Main Road,E01021538,Chelmsford 001A,Violence and sexual offences,Unable to prosecute suspect,
e969426ad9c701aa4a8f9f94bf675535e2fdefe5d8f46d85490f84f1ce0f9d3b,2024-11,Essex Police,Essex Police,0.506174,51.829498,On or near Fayrewood Drive,E01021538,Chelmsford 001A,Violence and sexual offences,Investigation complete; no suspect identified,
234e5b487af9cf7564b0bbb3914cfa01fdd277e36c2a2bbb9edf43bd8e5c75fb,2024-11,Essex Police,Essex Police,0.527254,51.795629,On or near Noakes Lane,E01021538,Chelmsford 001A,Other crime,Awaiting court outcome,
7232962a4a472e4aa6cdd381fa02639c71847e0ad0aa9f71c102ee7aacb4462d,2024-11,Essex Police,Essex Police,0.433648,51.826822,On or near Wallace Lane,E01021539,Chelmsford 001B,Burglary,Investigation complete; no suspect identified,
,2024-11,Essex Police,Essex Police,0.495382,51.771048,On or near Woburn View,E01021540,Chelmsford 001C,Anti-social behaviour,,
236443f304a860d2240e3a21bdbd40dcae0130a7e12936d185f43c8bd295acf5,2024-11,Essex Police,Essex Police,0.486369,51.810116,On or near Meadow View,E01021540,Chelmsford 001C,Burglary,Investigation complete; no suspect identified,
186f35c1ff185a099a9d4da1b20fd88b80254656fd7a112d5963798433229369,2024-11,Essex Police,Essex Police,0.495382,51.771048,On or near Woburn View,E01021540,Chelmsford 001C,Criminal damage and arson,Unable to prosecute suspect,
eb2e85586797f5116584c49ab5313a057b9c0947607eff2f2d6c733972429e9c,2024-11,Essex Police,Essex Police,0.479520,51.788687,On or near Church Hill,E01021540,Chelmsford 001C,Criminal damage and arson,Investigation complete; no suspect identified,
0e758f60d2a1c91ac0020b8bb1a13df02ced9d12b6e8fbc700a1350871aa9068,2024-11,Essex Police,Essex Police,0.496756,51.772044,On or near Belsteads Farm Lane,E01021540,Chelmsford 001C,Other theft,Investigation complete; no suspect identified,
def9159b5749a530a8dfb12c2764aec3d7eee2a17b817fb3ad6f2ef31295585e,2024-11,Essex Police,Essex Police,0.497754,51.769901,On or near Belfry Crescent,E01021540,Chelmsford 001C,Robbery,Investigation complete; no suspect identified,
0597a1d6e1a416858aab7aa1d1308a2fdec068234b54c645af64eb7d2d98f26d,2024-11,Essex Police,Essex Police,0.495382,51.771048,On or near Woburn View,E01021540,Chelmsford 001C,Vehicle crime,Investigation complete; no suspect identified,
c1cd13f8c875eb27d908f623cf03959b3823fef4887b9350424df69a77264df6,2024-11,Essex Police,Essex Police,0.496170,51.770888,On or near Albatross Way,E01021540,Chelmsford 001C,Vehicle crime,Investigation complete; no suspect identified,
fb342cb87d9ad71dcd0867f03cfd851ab507787fc8eabbf9311d64d11ab465d9,2024-11,Essex Police,Essex Police,0.459836,51.793372,On or near Bakers Mead,E01021540,Chelmsford 001C,Vehicle crime,Unable to prosecute suspect,
bb556b60e596b912e23e81dbda65f96228f406a16a13c78625cc1aa30b77537c,2024-11,Essex Police,Essex Police,0.499072,51.769621,On or near Moortown Place,E01021540,Chelmsford 001C,Violence and sexual offences,Court result unavailable,
bf5e1bf009f34d65002013ceec184a1f68db9f6bd2b9d73afe7a05e15a0e67a2,2024-11,Essex Police,Essex Police,0.455231,51.784961,On or near Lark'S Lane,E01021540,Chelmsford 001C,Violence and sexual offences,Status update unavailable,
0cb3517098b5532aecbfcb2a52750b3944a89183cce51dc54c1515d7e1ae22e2,2024-11,Essex Police,Essex Police,0.486369,51.810116,On or near Meadow View,E01021540,Chelmsford 001C,Violence and sexual offences,Unable to prosecute suspect,
260692c22a4c29046677826dc2c0f62663cdffce0ddd4f465b6000c4fc03ad38,2024-11,Essex Police,Essex Police,0.499072,51.769621,On or near Moortown Place,E01021540,Chelmsford 001C,Violence and sexual offences,Court result unavailable,
,2024-11,Essex Police,Essex Police,0.482783,51.786325,On or near Wheeler'S Hill,E01034081,Chelmsford 001E,Anti-social behaviour,,
17fb6cbb81c2ba55452cd1f9e4914a70e7f4a04e5448f97b8d02e84bf63ab05d,2024-11,Essex Police,Essex Police,0.472218,51.774757,On or near Little Dumplings,E01034081,Chelmsford 001E,Other theft,Investigation complete; no suspect identified,
5ed807b2d734caaffe06f342f3f2fb07c775d87dc5094b48520ae4a858b8eece,2024-11,Essex Police,Essex Police,0.469493,51.774770,On or near Searle Crescent,E01034081,Chelmsford 001E,Possession of weapons,Court result unavailable,
861ee34715cecfe21273323ede1e2afd3d43dcfde8380631ee4d7e202ece341e,2024-11,Essex Police,Essex Police,0.469493,51.774770,On or near Searle Crescent,E01034081,Chelmsford 001E,Public order,Court result unavailable,
0dcc8e8356d1b5307d352804d42d971bffe9f203d02912c42e334d69b18dfcb9,2024-11,Essex Police,Essex Police,0.468813,51.770539,On or near Church Avenue,E01034081,Chelmsford 001E,Public order,Unable to prosecute suspect,
d1d6743b145793f937d41bfb4ec257667562b0ab70b5b2a6ecae5f7d03bab1b0,2024-11,Essex Police,Essex Police,0.478784,51.787686,On or near Hazeldon Close,E01034081,Chelmsford 001E,Violence and sexual offences,Unable to prosecute suspect,
99fbf32ce432f260022a1268888f662291d289b438d51e5b28900089558de171,2024-11,Essex Police,Essex Police,0.478784,51.787686,On or near Hazeldon Close,E01034081,Chelmsford 001E,Violence and sexual offences,Unable to prosecute suspect,
,2024-11,Essex Police,Essex Police,0.498114,51.768023,On or near Niblick Green,E01034082,Chelmsford 001F,Anti-social behaviour,,
,2024-11,Essex Police,Essex Police,0.498114,51.768023,On or near Niblick Green,E01034082,Chelmsford 001F,Anti-social behaviour,,
cdfd08dc748d9b85664e01bcaaf89fe538335273b856266075d0def813e270b4,2024-11,Essex Police,Essex Police,0.496895,51.769568,On or near Birdie Close,E01034082,Chelmsford 001F,Burglary,Awaiting court outcome,
629dd857f61009de25979af1fc59ec3a78c6e04aab14a286d8b1303cbf3e41bf,2024-11,Essex Police,Essex Police,0.498114,51.768023,On or near Niblick Green,E01034082,Chelmsford 001F,Drugs,Unable to prosecute suspect,
db75b272c61cb77da37806d670a42ccae7c03c8b88773f04cff6fbe48fac7746,2024-11,Essex Police,Essex Police,0.489076,51.768925,On or near Park/Open Space,E01034082,Chelmsford 001F,Other theft,Investigation complete; no suspect identified,
c422ec7413381ecbbc19c685a0394979c9381c48159100af72863754353b6870,2024-11,Essex Police,Essex Police,0.495966,51.764300,On or near Edward Harvey Link,E01034082,Chelmsford 001F,Other theft,Investigation complete; no suspect identified,
4f7c8b2037b678c8af079aacde3863bca73e7457a6d2174c72f254055346664f,2024-11,Essex Police,Essex Police,0.495399,51.765832,On or near Regiment Gate,E01034082,Chelmsford 001F,Public order,Investigation complete; no suspect identified,
45d4b9bc9699c2637b7276fc3be81c7f49514eb6d0ce60641083900cf2a297bf,2024-11,Essex Police,Essex Police,0.489076,51.768925,On or near Park/Open Space,E01034082,Chelmsford 001F,Shoplifting,Investigation complete; no suspect identified,
fa4dc0fd25e83f7d82b86a6193c304cbc0af2e9f61ed8549a5a5817705ff07e2,2024-11,Essex Police,Essex Police,0.489076,51.768925,On or near Park/Open Space,E01034082,Chelmsford 001F,Shoplifting,Investigation complete; no suspect identified,
c8a9c7bfaa8158af7767dfa943026b99ee0f95f1afd541ea1550a88d0ec858a2,2024-11,Essex Police,Essex Police,0.489076,51.768925,On or near Park/Open Space,E01034082,Chelmsford 001F,Shoplifting,Local resolution,
c697ecdaab23de1179a2f83d4a6410c2cd473c62e3e0974c4138a07cb0cfefd4,2024-11,Essex Police,Essex Police,0.489076,51.768925,On or near Park/Open Space,E01034082,Chelmsford 001F,Shoplifting,Investigation complete; no suspect identified,
a751d7254171be822bf3159d273542301aaa49feca0c633687bf4105a1eafa20,2024-11,Essex Police,Essex Police,0.489076,51.768925,On or near Park/Open Space,E01034082,Chelmsford 001F,Shoplifting,Local resolution,
7ebb4d7c681e6c8c9c063f975986ecefad10d9b10ee56a57aac84e04901d90d0,2024-11,Essex Police,Essex Police,0.489076,51.768925,On or near Park/Open Space,E01034082,Chelmsford 001F,Shoplifting,Unable to prosecute suspect,
1e60d49dea3ac5376795c6bb6789a856141feed05cdcdd83a0166a66c322cd82,2024-11,Essex Police,Essex Police,0.501048,51.763679,On or near Joseph Prentice Way,E01034082,Chelmsford 001F,Theft from the person,Investigation complete; no suspect identified,
aa9ef5a88ec67d40d6ae89b76e5e44d892d9b48875f75460b4cf0c1febfc74be,2024-11,Essex Police,Essex Police,0.501048,51.763679,On or near Joseph Prentice Way,E01034082,Chelmsford 001F,Vehicle crime,Investigation complete; no suspect identified,
9450321babc77b2a3859df6ceeb8a1e6b2fba4c2368af958000a0e81a0dc17cd,2024-11,Essex Police,Essex Police,0.501048,51.763679,On or near Joseph Prentice Way,E01034082,Chelmsford 001F,Vehicle crime,Investigation complete; no suspect identified,
a14eb1d6fdec31c551542f6095b7b282333270da0a68e2d58353167fe77a7fee,2024-11,Essex Police,Essex Police,0.495399,51.765832,On or near Regiment Gate,E01034082,Chelmsford 001F,Vehicle crime,Investigation complete; no suspect identified,
0cc56804b8b90a583b71129379a73e780dc58b7e0fa65afb43a28442c082dec4,2024-11,Essex Police,Essex Police,0.489076,51.768925,On or near Park/Open Space,E01034082,Chelmsford 001F,Vehicle crime,Investigation complete; no suspect identified,
557c0cdd107a757c6d487941063aaa7315d4027fa14ed709fdaa6fa385d317ae,2024-11,Essex Police,Essex Police,0.495843,51.765472,On or near Fitch Close,E01034082,Chelmsford 001F,Vehicle crime,Investigation complete; no suspect identified,
6ec05e88bea061b8af9433584d742b8f4cd17d5a742c8884569124101839aceb,2024-11,Essex Police,Essex Police,0.498114,51.768023,On or near Niblick Green,E01034082,Chelmsford 001F,Violence and sexual offences,Unable to prosecute suspect,
1674eb4469777a533b1c81731b96a4eb33689c1087427fab36a0fd1ed084f2f2,2024-11,Essex Police,Essex Police,0.496895,51.769568,On or near Birdie Close,E01034082,Chelmsford 001F,Violence and sexual offences,Action to be taken by another organisation,
45b176311fc5f8d94fa97291def965b1d6deccc1a1c07d2713bc12d38c2ac217,2024-11,Essex Police,Essex Police,0.492387,51.767982,On or near Fairway Drive,E01034082,Chelmsford 001F,Violence and sexual offences,Unable to prosecute suspect,
0bf57f476045d8ce0ce6a185f98acb982dcf705ba54da4f2bc4a22c55d6e14e8,2024-11,Essex Police,Essex Police,0.498114,51.768023,On or near Niblick Green,E01034082,Chelmsford 001F,Violence and sexual offences,Unable to prosecute suspect,
f3e09953fdb47e032e138b635efd8a1adf731a0b894e9a924a42cf04858698fa,2024-11,Essex Police,Essex Police,0.498114,51.768023,On or near Niblick Green,E01034082,Chelmsford 001F,Violence and sexual offences,Unable to prosecute suspect,
f142a5e61e8f9bbf7fcc7ca09c8a5b7f744e4f05083cf25509bdcc57ec3c8fc2,2024-11,Essex Police,Essex Police,0.498114,51.768023,On or near Niblick Green,E01034082,Chelmsford 001F,Violence and sexual offences,Unable to prosecute suspect,
7fa0893ee228e524891296573c1bc43116c7163ce72923f537f2c60d4fc4d7e6,2024-11,Essex Police,Essex Police,0.494968,51.767748,On or near Mashie Link,E01034082,Chelmsford 001F,Violence and sexual offences,Unable to prosecute suspect,
3ebcf4e02c60fd6b112aa060a0f203e822028fedce3684e8b3af066fe141969a,2024-11,Essex Police,Essex Police,0.498114,51.768023,On or near Niblick Green,E01034082,Chelmsford 001F,Violence and sexual offences,Investigation complete; no suspect identified,
7335a2e1b56b16f4974aeb45a9cd40af73915e7127ffb2b3bf8ec192118cddc4,2024-11,Essex Police,Essex Police,0.495399,51.765832,On or near Regiment Gate,E01034082,Chelmsford 001F,Violence and sexual offences,Investigation complete; no suspect identified,
56dabb35359fb6f9fbc985755260c565d3203fedea552f7a494f238646d009c5,2024-11,Essex Police,Essex Police,0.498114,51.768023,On or near Niblick Green,E01034082,Chelmsford 001F,Other crime,Unable to prosecute suspect,
,2024-11,Essex Police,Essex Police,0.464515,51.758156,On or near Cowlin Mead,E01021542,Chelmsford 002A,Anti-social behaviour,,
,2024-11,Essex Police,Essex Police,0.465993,51.774654,On or near Hospital,E01021542,Chelmsford 002A,Anti-social behaviour,,
,2024-11,Essex Police,Essex Police,0.465993,51.774654,On or near Hospital,E01021542,Chelmsford 002A,Anti-social behaviour,,
,2024-11,Essex Police,Essex Police,0.461300,51.776578,On or near Puddings Wood Drive,E01021542,Chelmsford 002A,Anti-social behaviour,,
2eb27c1dfc24433c15d6d69bbe07e034cd74891a35a5c06a2daa4ffc3c3a21dc,2024-11,Essex Police,Essex Police,0.464967,51.762733,On or near Elm Close,E01021542,Chelmsford 002A,Bicycle theft,Investigation complete; no suspect identified,
406feaa510c0c739a8ae41436f0254e252c1c1e5321abb1fbff19d64628addc3,2024-11,Essex Police,Essex Police,0.468716,51.775667,On or near North Court Road,E01021542,Chelmsford 002A,Criminal damage and arson,Unable to prosecute suspect,
38dfae59e81d2785ab819354ddf5336953e4d36e0b67315b3d00e79232ecb771,2024-11,Essex Police,Essex Police,0.461300,51.776578,On or near Puddings Wood Drive,E01021542,Chelmsford 002A,Criminal damage and arson,Unable to prosecute suspect,
fbd43445d4a3a3f917bcd0bd21be198c94ff39d67bc02faf3778e23bd76956b1,2024-11,Essex Police,Essex Police,0.461300,51.776578,On or near Puddings Wood Drive,E01021542,Chelmsford 002A,Criminal damage and arson,Unable to prosecute suspect,
df1fa93488e6c98d47f741b743e7196e0263160de0a300940a9f950becdb8f16,2024-11,Essex Police,Essex Police,0.461300,51.776578,On or near Puddings Wood Drive,E01021542,Chelmsford 002A,Criminal damage and arson,Unable to prosecute suspect,
83bf02c7f8195b4d8283d18ec88cbe7082b30b583d335079b74f6f6e343941cf,2024-11,Essex Police,Essex Police,0.465993,51.774654,On or near Hospital,E01021542,Chelmsford 002A,Criminal damage and arson,Action to be taken by another organisation,
c70dead66ba6a2b0035f47115f3cb33089b333a8ceb6f7300aa1d39dd8422577,2024-11,Essex Police,Essex Police,0.465993,51.774654,On or near Hospital,E01021542,Chelmsford 002A,Criminal damage and arson,Investigation complete; no suspect identified,
0518cb2821b927c055c52b73f9454c2ab15de9a9b08212a4c4d9658eaa178aa6,2024-11,Essex Police,Essex Police,0.465993,51.774654,On or near Hospital,E01021542,Chelmsford 002A,Drugs,Formal action is not in the public interest,
010b45edb05b8132f47b275e8e52e330131b8de08374dd119b39e58cb321036d,2024-11,Essex Police,Essex Police,0.465993,51.774654,On or near Hospital,E01021542,Chelmsford 002A,Other theft,Investigation complete; no suspect identified,
99e44bc02821b02f23335776a5eb6a6d516e0d918d0bffc536ee28723bce26d3,2024-11,Essex Police,Essex Police,0.465993,51.774654,On or near Hospital,E01021542,Chelmsford 002A,Other theft,Investigation complete; no suspect identified,
e05e675125b5bd6a73b28f4ea5e76aa8c7218e4e751ed5560747d77b40d324ea,2024-11,Essex Police,Essex Police,0.465993,51.774654,On or near Hospital,E01021542,Chelmsford 002A,Other theft,Unable to prosecute suspect,
23af17fe0cf048815d7adf43ce17db1198f9c8970820db8440a7136f3c8754af,2024-11,Essex Police,Essex Police,0.461317,51.776632,On or near Puddings Wood Drive,E01021542,Chelmsford 002A,Public order,Unable to prosecute suspect,
27ad81678b5d5b06bfc92ec31fbe540842a135987a6ffcc0fa1b72e6e28c1902,2024-11,Essex Police,Essex Police,0.472271,51.766968,On or near Rutherfords,E01021542,Chelmsford 002A,Vehicle crime,Investigation complete; no suspect identified,
925396685217ac0518fc0ac63f1b42bd82d3655932d2c5b11f521ccfbdf9c138,2024-11,Essex Police,Essex Police,0.465993,51.774654,On or near Hospital,E01021542,Chelmsford 002A,Vehicle crime,Investigation complete; no suspect identified,
646643aeafdc4da7355dabe5158001e7eb0e25ae461895752c928fb2985bce2b,2024-11,Essex Police,Essex Police,0.461300,51.776578,On or near Puddings Wood Drive,E01021542,Chelmsford 002A,Violence and sexual offences,Unable to prosecute suspect,
c0203acee2baa8690a3abf6bc9deb885d5d16e74b38c51b9007fa198435cd24c,2024-11,Essex Police,Essex Police,0.465993,51.774654,On or near Hospital,E01021542,Chelmsford 002A,Violence and sexual offences,Unable to prosecute suspect,
68295ac07f1c0ed9f3793673ee7c7d157d107570a4e712742ea0a1637454f1ed,2024-11,Essex Police,Essex Police,0.464515,51.758156,On or near Cowlin Mead,E01021542,Chelmsford 002A,Violence and sexual offences,Unable to prosecute suspect,
f7e23e87bad3047c051fc202217523dd7e2020ec2800b3c00c0808927c713623,2024-11,Essex Police,Essex Police,0.461300,51.776578,On or near Puddings Wood Drive,E01021542,Chelmsford 002A,Violence and sexual offences,Action to be taken by another organisation,
8709ec598481863600d62a583e1cad65d1bf00154884dd4385413114072c9063,2024-11,Essex Police,Essex Police,0.461300,51.776578,On or near Puddings Wood Drive,E01021542,Chelmsford 002A,Violence and sexual offences,Investigation complete; no suspect identified,
583cabc652db0619cd5721f8ce31aa8fbd7397419733be19536d44349e427748,2024-11,Essex Police,Essex Police,0.461300,51.776578,On or near Puddings Wood Drive,E01021542,Chelmsford 002A,Violence and sexual offences,Unable to prosecute suspect,
2e73ef672b75aa2ddee1b323376b35f1d3062549140b702cfe3251a33c65d5d3,2024-11,Essex Police,Essex Police,0.451029,51.757728,On or near Foxglove Avenue,E01021542,Chelmsford 002A,Violence and sexual offences,Unable to prosecute suspect,
031ec025f208acc8766cbd69643598222f754471b156da14841119dfe08822c3,2024-11,Essex Police,Essex Police,0.461300,51.776578,On or near Puddings Wood Drive,E01021542,Chelmsford 002A,Violence and sexual offences,Unable to prosecute suspect,
f6a241864d1b08eca0b4ddddf8661150e37a88ecea467c0b64d4f19a2eef64a0,2024-11,Essex Police,Essex Police,0.465993,51.774654,On or near Hospital,E01021542,Chelmsford 002A,Violence and sexual offences,Unable to prosecute suspect,
531cb02c2e53f83bc1cd0345fb2cb74bee6d8d72c32655345196bc59057c51d8,2024-11,Essex Police,Essex Police,0.461300,51.776578,On or near Puddings Wood Drive,E01021542,Chelmsford 002A,Violence and sexual offences,Unable to prosecute suspect,
16c54c7de1f7d4152cf847b1d3a7e34eb2cbb52669f2542968b03abe2558acc2,2024-11,Essex Police,Essex Police,0.465993,51.774654,On or near Hospital,E01021542,Chelmsford 002A,Violence and sexual offences,Unable to prosecute suspect,
821b2ce8e334beadeacca42886b6616bbfd98deec7ff8d6c6f335c2967f773aa,2024-11,Essex Police,Essex Police,0.461317,51.776632,On or near Puddings Wood Drive,E01021542,Chelmsford 002A,Violence and sexual offences,Unable to prosecute suspect,
97e8dd962b161d67f5ff11ec2ae1a419b145289d380eb4cfe85dd0d712582cea,2024-11,Essex Police,Essex Police,0.461317,51.776632,On or near Puddings Wood Drive,E01021542,Chelmsford 002A,Violence and sexual offences,Unable to prosecute suspect,
9935a515510223ad8a8f7e68f30f3777102a0b03e712ada33136e4d8ad3b8c53,2024-11,Essex Police,Essex Police,0.461300,51.776578,On or near Puddings Wood Drive,E01021542,Chelmsford 002A,Violence and sexual offences,Formal action is not in the public interest,
536f603922312206209e5aba4c88def495a321e02ea679b359ac12224afab487,2024-11,Essex Police,Essex Police,0.461300,51.776578,On or near Puddings Wood Drive,E01021542,Chelmsford 002A,Violence and sexual offences,Formal action is not in the public interest,
4deb96b30f8bb97b7d7e93c5b03a9a69b29042d5216a0bbfb5a81f05dd1f84c2,2024-11,Essex Police,Essex Police,0.465993,51.774654,On or near Hospital,E01021542,Chelmsford 002A,Violence and sexual offences,Investigation complete; no suspect identified,
48f28b2871b459756303ebb3720b48e9277a1c3f42f5b4ec9a6b9e2350faae24,2024-11,Essex Police,Essex Police,0.465993,51.774654,On or near Hospital,E01021542,Chelmsford 002A,Violence and sexual offences,Court result unavailable,
9dcd90a883247e57ed822dcfcbf0c900fe5d2f70096a371eb0fcdc4917c84bf7,2024-11,Essex Police,Essex Police,0.461300,51.776578,On or near Puddings Wood Drive,E01021542,Chelmsford 002A,Violence and sexual offences,Unable to prosecute suspect,
dc68755555f0dca0ded3ab867cac8def9d52cf1c9f140c51fb78a6a9048c9afa,2024-11,Essex Police,Essex Police,0.461317,51.776632,On or near Puddings Wood Drive,E01021542,Chelmsford 002A,Violence and sexual offences,Unable to prosecute suspect,
2abc7148532f454aa94dd00fcdea23c51f8ecdc47918f53ea0f7941064bfd871,2024-11,Essex Police,Essex Police,0.461300,51.776578,On or near Puddings Wood Drive,E01021542,Chelmsford 002A,Violence and sexual offences,Investigation complete; no suspect identified,
738240dc393867bb68487f4fb92286c9eba3bb25a733ee6370a553f54c5bcdbe,2024-11,Essex Police,Essex Police,0.461317,51.776632,On or near Puddings Wood Drive,E01021542,Chelmsford 002A,Violence and sexual offences,Unable to prosecute suspect,
e432d0d4c9e389719aa8bd1a5c58afb563c4ecfdc6e5fa7fd9ffc9d1d61f65a7,2024-11,Essex Police,Essex Police,0.461300,51.776578,On or near Puddings Wood Drive,E01021542,Chelmsford 002A,Violence and sexual offences,Unable to prosecute suspect,
f591a1c6838ededf226ef41517fdcd2a6b92366a46417f36314fc98a7f3da5cd,2024-11,Essex Police,Essex Police,0.465993,51.774654,On or near Hospital,E01021542,Chelmsford 002A,Violence and sexual offences,Unable to prosecute suspect,
5df0a1f6ddffff98e19e6d4e9b13b8f26e61df8393ef93c12ce9c1f1b1b28648,2024-11,Essex Police,Essex Police,0.461300,51.776578,On or near Puddings Wood Drive,E01021542,Chelmsford 002A,Violence and sexual offences,Unable to prosecute suspect,
285a5b91f52d137cea368f10c62dd54d14c285a62069b9cfdced998c6fa192af,2024-11,Essex Police,Essex Police,0.464515,51.758156,On or near Cowlin Mead,E01021542,Chelmsford 002A,Violence and sexual offences,Unable to prosecute suspect,
2f6a95adff0a08a2a6ebdb8ccaa31fe46c6ae1cd19291ad364d995be0763c268,2024-11,Essex Police,Essex Police,0.468716,51.775667,On or near North Court Road,E01021542,Chelmsford 002A,Violence and sexual offences,Unable to prosecute suspect,
2bf44df0ef65879273f218f536d55adb86738b0c0fa081504b96cb9a3fc32abb,2024-11,Essex Police,Essex Police,0.468716,51.775667,On or near North Court Road,E01021542,Chelmsford 002A,Violence and sexual offences,Unable to prosecute suspect,
49fe2c28af8fe2c86c07edfd4ecc2f5c4a3d342dbf5e94c568aa2f1284fd265e,2024-11,Essex Police,Essex Police,0.468716,51.775667,On or near North Court Road,E01021542,Chelmsford 002A,Other crime,Court result unavailable,
39b5b634f33a406f7ee69fa2435a6c2b85f57b368945d3df77950aa1b2477a5e,2024-11,Essex Police,Essex Police,0.473317,51.756946,On or near Supermarket,E01021543,Chelmsford 002B,Public order,Unable to prosecute suspect,
5a1da8b9106e2a8894e3d92446f3298ca1a33ea050df5bfeb16e74b314576899,2024-11,Essex Police,Essex Police,0.473317,51.756946,On or near Supermarket,E01021543,Chelmsford 002B,Shoplifting,Investigation complete; no suspect identified,
3d50c125a4964ead2ce0d04d406c775d6409e87f2b688a5a87e73234ed4c89de,2024-11,Essex Police,Essex Police,0.469165,51.763176,On or near School Lane,E01021543,Chelmsford 002B,Vehicle crime,Unable to prosecute suspect,
e452edcd93827d00c27b1135e47e2409d76b79082dcbf763df5116907fbf0b06,2024-11,Essex Police,Essex Police,0.473995,51.761132,On or near Ridley Road,E01021543,Chelmsford 002B,Violence and sexual offences,Investigation complete; no suspect identified,
5485cfad60aa1e6b8a29aaec323833b71d1b69ebf41962c67d1b43f4f00b194b,2024-11,Essex Police,Essex Police,0.468599,51.750687,On or near B1008,E01021587,Chelmsford 002C,Bicycle theft,Investigation complete; no suspect identified,
87041d9a79c27b4ccb9f468c6db501416424380be72bf37ef047138c2380dcdc,2024-11,Essex Police,Essex Police,0.468599,51.750687,On or near B1008,E01021587,Chelmsford 002C,Other theft,Unable to prosecute suspect,
97e2692107fd8d1e608e7ac38b5fdc2db52c103d12427e754d32d03b5adb0981,2024-11,Essex Police,Essex Police,0.470491,51.749505,On or near Fifth Avenue,E01021587,Chelmsford 002C,Violence and sexual offences,Status update unavailable,
11c6547b9ee6852813bc10d788f8ea84f3a45ef75549f136c4d43a7c68eb90fa,2024-11,Essex Police,Essex Police,0.470491,51.749505,On or near Fifth Avenue,E01021587,Chelmsford 002C,Violence and sexual offences,Unable to prosecute suspect,
573c6dd9276d985b421cdd93acf61085a80bf2b9e23e848a97e04f33bf6691b4,2024-11,Essex Police,Essex Police,0.456544,51.753872,On or near Tapley Road,E01021590,Chelmsford 002D,Criminal damage and arson,Investigation complete; no suspect identified,
be8ec6c8cd2fa6f94fe034ad83910e091face0142125fe1955d55f60aab35895,2024-11,Essex Police,Essex Police,0.456245,51.754247,On or near Drood Close,E01021590,Chelmsford 002D,Robbery,Investigation complete; no suspect identified,
adeb254ef33463dfe9c8db4f131f34fea4d7c89ac8a7b5961795efb9c70b0249,2024-11,Essex Police,Essex Police,0.456245,51.754247,On or near Drood Close,E01021590,Chelmsford 002D,Violence and sexual offences,Unable to prosecute suspect,
,2024-11,Essex Police,Essex Police,0.463846,51.749069,On or near Sunrise Avenue,E01021591,Chelmsford 002E,Anti-social behaviour,,
d9e768f89471d110476b539c12fe40305bfa042144c922cec7fd3d38bd34af27,2024-11,Essex Police,Essex Police,0.466906,51.746199,On or near Broomfield Road,E01021591,Chelmsford 002E,Criminal damage and arson,Investigation complete; no suspect identified,
fc1fcecd4b7119bc6812665efb763ed62058ddc37b4fe8824d7e040692363dc9,2024-11,Essex Police,Essex Police,0.466906,51.746199,On or near Broomfield Road,E01021591,Chelmsford 002E,Drugs,Local resolution,
cda5e6c213109600678e11f07c89ede893ab2d896909eeb674e7e4bd1893561b,2024-11,Essex Police,Essex Police,0.465894,51.745438,On or near Chester Place,E01021591,Chelmsford 002E,Drugs,Investigation complete; no suspect identified,
,2024-11,Essex Police,Essex Police,0.412322,51.806074,On or near Vicarage Road,E01021550,Chelmsford 003A,Anti-social behaviour,,
,2024-11,Essex Police,Essex Police,0.447637,51.757439,On or near Clover Drive,E01021550,Chelmsford 003A,Anti-social behaviour,,
5cface4ce39f489c4ab199b852032593cffd6a98d12899988cda716c03faaab8,2024-11,Essex Police,Essex Police,0.449277,51.756946,On or near Hawthorn Crescent,E01021550,Chelmsford 003A,Criminal damage and arson,Investigation complete; no suspect identified,
fcd97e80edbdae11db1ea1b948973930315f0a893e8ca2b94b1feed78e281cae,2024-11,Essex Police,Essex Police,0.449277,51.756946,On or near Hawthorn Crescent,E01021550,Chelmsford 003A,Criminal damage and arson,Action to be taken by another organisation,
b1eedb89ef6acb52de5b1f0e052a4f10de4cbf37687e7905b3eec2d46bb9766a,2024-11,Essex Police,Essex Police,0.356724,51.786699,On or near Mill Road,E01021550,Chelmsford 003A,Other theft,Investigation complete; no suspect identified,
c4eb0c461e6e83e02833e0910adb587eb98dd84658988786be33eafb3de8e74d,2024-11,Essex Police,Essex Police,0.356724,51.786699,On or near Mill Road,E01021550,Chelmsford 003A,Other theft,Status update unavailable,
54be95909c38b50c86f6f6c1195cce42548ea7e6ff6a042865606715421db314,2024-11,Essex Police,Essex Police,0.449277,51.756946,On or near Hawthorn Crescent,E01021550,Chelmsford 003A,Violence and sexual offences,Court result unavailable,
489275eff14925633c73e476d41d5e159e7dc2b4c2479520c43cf7ad09b38d57,2024-11,Essex Police,Essex Police,0.449277,51.756946,On or near Hawthorn Crescent,E01021550,Chelmsford 003A,Violence and sexual offences,Action to be taken by another organisation,
eb30f8d24672a0fc48ada08420efb0d73031d381008797111abd3be48af70747,2024-11,Essex Police,Essex Police,0.449277,51.756946,On or near Hawthorn Crescent,E01021550,Chelmsford 003A,Violence and sexual offences,Unable to prosecute suspect,
ada3d94ba60e17cb48dee5c37121028efbfa901dfcab6de576fe749d00881d50,2024-11,Essex Police,Essex Police,0.449277,51.756946,On or near Hawthorn Crescent,E01021550,Chelmsford 003A,Violence and sexual offences,Action to be taken by another organisation,
612de63fc0b0c9fe76f6d0b967b08c54fea680b4b27dddd7216622daff2a6256,2024-11,Essex Police,Essex Police,0.449277,51.756946,On or near Hawthorn Crescent,E01021550,Chelmsford 003A,Violence and sexual offences,Action to be taken by another organisation,
3be9a73659c8103367e4b2c3848021f2e1466c58da1d2de30d40155c949b01c4,2024-11,Essex Police,Essex Police,0.449277,51.756946,On or near Hawthorn Crescent,E01021550,Chelmsford 003A,Violence and sexual offences,Action to be taken by another organisation,
2640d7a151551e8573d3bc9ea1ac5df357b8be4e0d63a54d5ee7d7419f97f4ce,2024-11,Essex Police,Essex Police,0.449277,51.756946,On or near Hawthorn Crescent,E01021550,Chelmsford 003A,Violence and sexual offences,Unable to prosecute suspect,
72bfa57273e704849fe47afd29b4bece13c9a0e6bc3385155c9f0fa569bfe27a,2024-11,Essex Police,Essex Police,0.439790,51.753816,On or near Mashbury Road,E01021550,Chelmsford 003A,Violence and sexual offences,Unable to prosecute suspect,
c10d64d008616597aafacf49313e8051ccd7ee5d288a145f3db265a9a8e60c4d,2024-11,Essex Police,Essex Police,0.381272,51.751447,On or near The Street,E01021550,Chelmsford 003A,Violence and sexual offences,Unable to prosecute suspect,
a2623fe7bcab3a83b0d7f464833e7b5631c7b0989f9c3018a3cfa3e945238043,2024-11,Essex Police,Essex Police,0.449277,51.756946,On or near Hawthorn Crescent,E01021550,Chelmsford 003A,Other crime,Unable to prosecute suspect,
,2024-11,Essex Police,Essex Police,0.438614,51.748382,On or near Snowdon Close,E01021597,Chelmsford 003B,Anti-social behaviour,,
,2024-11,Essex Police,Essex Police,0.439544,51.747085,On or near Supermarket,E01021597,Chelmsford 003B,Anti-social behaviour,,
7b902198ced26518744b124853ad31f1f3834317fa57048932a7cd27d45da04e,2024-11,Essex Police,Essex Police,0.438614,51.748382,On or near Snowdon Close,E01021597,Chelmsford 003B,Other theft,Investigation complete; no suspect identified,
79bed3d3ec7785d838793ec2324772a43a603cd745a3acbc4e87622abfab204f,2024-11,Essex Police,Essex Police,0.441671,51.749739,On or near Roslings Close,E01021597,Chelmsford 003B,Vehicle crime,Investigation complete; no suspect identified,
42080a5bd7debced0781110c49ecf1d8c8e33b12c6a9780d1f90b0774652de9f,2024-11,Essex Police,Essex Police,0.443864,51.749568,On or near Pennine Road,E01021597,Chelmsford 003B,Violence and sexual offences,Unable to prosecute suspect,
9f0276a6965ec88134ec4fa596a11effd42b659ca8fef592e934edcca5863c0d,2024-11,Essex Police,Essex Police,0.439544,51.747085,On or near Supermarket,E01021597,Chelmsford 003B,Violence and sexual offences,Unable to prosecute suspect,
6b0a0f6cd20d231a554b19e2998f9500bb438742496463e6d9149f2292224a77,2024-11,Essex Police,Essex Police,0.439544,51.747085,On or near Supermarket,E01021597,Chelmsford 003B,Violence and sexual offences,Unable to prosecute suspect,
fc4a1535960c6750bc255169f4a04a4133421f9ad3a6ba6388fae9319c902dc9,2024-11,Essex Police,Essex Police,0.439544,51.747085,On or near Supermarket,E01021597,Chelmsford 003B,Violence and sexual offences,Unable to prosecute suspect,
85b6227f59dc753165e89b03ba242c914df73a18c22e3156b2ace3472c949fbf,2024-11,Essex Police,Essex Police,0.439544,51.747085,On or near Supermarket,E01021597,Chelmsford 003B,Violence and sexual offences,Unable to prosecute suspect,
bc8fc5e4fcd999a52cc285a3b080ae3906426df564baa9d47c6521de228d03e0,2024-11,Essex Police,Essex Police,0.442088,51.749128,On or near Homefield Close,E01021597,Chelmsford 003B,Violence and sexual offences,Unable to prosecute suspect,
fd03640a2710a5fd8b7f5cf1a8313e77f911b66e7c4c0a037f907c2a0fc44735,2024-11,Essex Police,Essex Police,0.443864,51.749568,On or near Pennine Road,E01021597,Chelmsford 003B,Violence and sexual offences,Unable to prosecute suspect,
cd438b2b0d64819e30af5e1f300d3a64341687697124b4be5b2e433b6b3fab25,2024-11,Essex Police,Essex Police,0.443864,51.749568,On or near Pennine Road,E01021597,Chelmsford 003B,Violence and sexual offences,Unable to prosecute suspect,
f3967ac7efb817d453346e4b5dc075090933bee14c89dc14bba606f0ffc67db6,2024-11,Essex Police,Essex Police,0.443864,51.749568,On or near Pennine Road,E01021597,Chelmsford 003B,Violence and sexual offences,Action to be taken by another organisation,
,2024-11,Essex Police,Essex Police,0.449646,51.748773,On or near Melbourne Avenue,E01021598,Chelmsford 003C,Anti-social behaviour,,
d8f115766f8e8a1207992c4cdb806565e102f17e87a052f99ee7120ca2abcf81,2024-11,Essex Police,Essex Police,0.447352,51.747616,On or near Auckland Close,E01021598,Chelmsford 003C,Public order,Unable to prosecute suspect,
af06bfb05282fc6095fc1def8b01765cccadf935f7ca5f15b3bb00d458ab9b99,2024-11,Essex Police,Essex Police,0.446402,51.747464,On or near Wellington Close,E01021598,Chelmsford 003C,Violence and sexual offences,Unable to prosecute suspect,
65adf86843bfd0f019bb9b5db45e5497dc66b57a8974d3b4783b8280323a5e48,2024-11,Essex Police,Essex Police,0.443134,51.744358,On or near Clyde Crescent,E01021598,Chelmsford 003C,Violence and sexual offences,Formal action is not in the public interest,
5b25bf471b9bd401d2f8e0d80b5c5f3e8a1c904a0df46493650d222a20673eae,2024-11,Essex Police,Essex Police,0.443134,51.744358,On or near Clyde Crescent,E01021598,Chelmsford 003C,Violence and sexual offences,Formal action is not in the public interest,
ef7217464a16e52e0d03ae211fcc6e3d994fa3a20b3a97b5094ceb625def64fb,2024-11,Essex Police,Essex Police,0.440453,51.751590,On or near Cotswold Crescent,E01021600,Chelmsford 003D,Criminal damage and arson,Status update unavailable,
c34eeb60118b33b66578de41145d04db35a4015439960467a6748df4ef72843b,2024-11,Essex Police,Essex Police,0.443370,51.754632,On or near Barkis Close,E01021600,Chelmsford 003D,Violence and sexual offences,Status update unavailable,
,2024-11,Essex Police,Essex Police,0.451312,51.749835,On or near Salerno Way,E01021601,Chelmsford 003E,Anti-social behaviour,,
,2024-11,Essex Police,Essex Police,0.445748,51.754924,On or near Dickens Place,E01021601,Chelmsford 003E,Anti-social behaviour,,
33e62d5a51cdf6f3bf3f3e6850f3bcaf6e62d9382244b9f825375329fcf4c9f9,2024-11,Essex Police,Essex Police,0.451312,51.749835,On or near Salerno Way,E01021601,Chelmsford 003E,Drugs,Court result unavailable,
8e1df3928cf2512acf1a8c8dd6de44eea51198627a0107cb84ee99141f767084,2024-11,Essex Police,Essex Police,0.446106,51.752983,On or near Darnay Rise,E01021601,Chelmsford 003E,Possession of weapons,Court result unavailable,
7065c04682d7f54bab30acd7e1433e0603d7509980e0d92f87f27148f4a80db4,2024-11,Essex Police,Essex Police,0.449146,51.750855,On or near Sports/Recreation Area,E01021601,Chelmsford 003E,Public order,Unable to prosecute suspect,
a42b4580ae5c3240ef9ee2a0773c88c178a84a984384031ef46de85d8c46aedc,2024-11,Essex Police,Essex Police,0.445748,51.754924,On or near Dickens Place,E01021601,Chelmsford 003E,Shoplifting,Investigation complete; no suspect identified,
341fdb5fc23e73df04342c357f8fe98223e1034372b2fbfdbed0e5e1f3cf3f80,2024-11,Essex Police,Essex Police,0.445748,51.754924,On or near Dickens Place,E01021601,Chelmsford 003E,Shoplifting,Investigation complete; no suspect identified,
826036d1fa3fee5e292c930cdaa68487fca4d5d7afa564e296dd81c47773aa3c,2024-11,Essex Police,Essex Police,0.445748,51.754924,On or near Dickens Place,E01021601,Chelmsford 003E,Shoplifting,Investigation complete; no suspect identified,
b848999ca95e7ae9fb245c639d0dd8c5cf725bdfbceb4b0f0c90bf8d7c576586,2024-11,Essex Police,Essex Police,0.445748,51.754924,On or near Dickens Place,E01021601,Chelmsford 003E,Shoplifting,Investigation complete; no suspect identified,
defef1d93a0bb61f18495b95084eb8aadf02f1ab9e47fbfdd9d085946aac2b94,2024-11,Essex Police,Essex Police,0.443673,51.753268,On or near Wickfield Ash,E01021601,Chelmsford 003E,Vehicle crime,Investigation complete; no suspect identified,
3d24778318cc399d1324b4d61f2e1426f054de5127e05cda95e4c660e9ffb1e1,2024-11,Essex Police,Essex Police,0.450082,51.754420,On or near Wardle Way,E01021601,Chelmsford 003E,Violence and sexual offences,Unable to prosecute suspect,
c6fbd25a944d06dade88ecf537bbaf28c94e0fd90147e7a0cd2eaa88a6da9c64,2024-11,Essex Police,Essex Police,0.445748,51.754924,On or near Dickens Place,E01021601,Chelmsford 003E,Violence and sexual offences,Unable to prosecute suspect,
5ec7de96326247f293676fed9147395cb94c1bf11d9f3b1e87b293cb1b7efae6,2024-11,Essex Police,Essex Police,0.450082,51.754420,On or near Wardle Way,E01021601,Chelmsford 003E,Violence and sexual offences,Unable to prosecute suspect,
37eea020bc22c48df241fe18138e8741a1c881c5d7f05bf7786dbc7f7492d7e4,2024-11,Essex Police,Essex Police,0.442135,51.750809,On or near Wicklow Avenue,E01021601,Chelmsford 003E,Violence and sexual offences,Investigation complete; no suspect identified,
66e9dfcb024e11cb80818dbf700ffe11bb27a9602254e951f70092f3acfef0e6,2024-11,Essex Police,Essex Police,0.450082,51.754420,On or near Wardle Way,E01021601,Chelmsford 003E,Violence and sexual offences,Unable to prosecute suspect,
e7b8614d40e1c3c81cac470d238980642c74486bfdfbbedb512bddc34b33aded,2024-11,Essex Police,Essex Police,0.451312,51.749835,On or near Salerno Way,E01021601,Chelmsford 003E,Violence and sexual offences,Unable to prosecute suspect,
b3cf7bd8bddb5d9816468c77c40e995359acb482879fa8d3f868359fdd913540,2024-11,Essex Police,Essex Police,0.452519,51.750466,On or near Cassino Road,E01021601,Chelmsford 003E,Violence and sexual offences,Unable to prosecute suspect,
e3952ef695e105426a157947318c69a5be268ab09d08e91bac1bd43e01c33281,2024-11,Essex Police,Essex Police,0.451312,51.749835,On or near Salerno Way,E01021601,Chelmsford 003E,Violence and sexual offences,Investigation complete; no suspect identified,
7cef16b1aec4e13ecccd70af5c2558ddf8bda6ca4adf46ca7eab1e807a2a9c8a,2024-11,Essex Police,Essex Police,0.451105,51.753521,On or near Sports/Recreation Area,E01021601,Chelmsford 003E,Violence and sexual offences,Action to be taken by another organisation,
128d0fe86bb2b18ca835b5f3e35aeea2518b76896031b00918f43c952a50b57e,2024-11,Essex Police,Essex Police,0.445220,51.751059,On or near Cheviot Drive,E01021601,Chelmsford 003E,Violence and sexual offences,Unable to prosecute suspect,
c43fae08737a1c401d37c8affde40f2d27ce891361ed6d0e0066274736af8889,2024-11,Essex Police,Essex Police,0.446106,51.752983,On or near Darnay Rise,E01021601,Chelmsford 003E,Violence and sexual offences,Unable to prosecute suspect,
,2024-11,Essex Police,Essex Police,0.491595,51.754923,On or near Belmont Close,E01021617,Chelmsford 004B,Anti-social behaviour,,
ac7425f74de336a490fd2b3df02121bd4260fe0b5a56946984a4666817536787,2024-11,Essex Police,Essex Police,0.491055,51.757758,On or near Trenchard Crescent,E01021617,Chelmsford 004B,Vehicle crime,Investigation complete; no suspect identified,
0a7cd42a26c1c53067106a8beaece4eb5fe56f75f7c94b44903a1e50afe72eb3,2024-11,Essex Police,Essex Police,0.491055,51.757758,On or near Trenchard Crescent,E01021617,Chelmsford 004B,Violence and sexual offences,Unable to prosecute suspect,
9e8b7bc5250c2f0ae4ec8f272392fb2572151b51b1f5c38f7a3fb2b4c542a750,2024-11,Essex Police,Essex Police,0.491302,51.756980,On or near Mountbatten Way,E01021617,Chelmsford 004B,Violence and sexual offences,Unable to prosecute suspect,
,2024-11,Essex Police,Essex Police,0.496819,51.751908,On or near Bonington Chase,E01021619,Chelmsford 004C,Anti-social behaviour,,
9eab4db5b763b620ff65e5b40f3b61f1f85027834870b6401a0f97824dc67751,2024-11,Essex Police,Essex Police,0.497198,51.755623,On or near Daffodil Way,E01021619,Chelmsford 004C,Burglary,Investigation complete; no suspect identified,
9ba88cf98b0e392f8ee53698942cc600589d5e18779b4d4ed06791e9816a0086,2024-11,Essex Police,Essex Police,0.497423,51.756562,On or near New Nabbotts Way,E01021619,Chelmsford 004C,Vehicle crime,Investigation complete; no suspect identified,
a4ead91b28534f3153d51f17ee815e0c66f26edc0975d2db24fba0fa56f3355e,2024-11,Essex Police,Essex Police,0.496836,51.749065,On or near Canvey Walk,E01021620,Chelmsford 004D,Other theft,Investigation complete; no suspect identified,
9e51493061499a6a177f76929699f057853d2f41f1dd6a09a520a36cde27da35,2024-11,Essex Police,Essex Police,0.490815,51.753402,On or near Leybourne Drive,E01021620,Chelmsford 004D,Vehicle crime,Investigation complete; no suspect identified,
13da73825b0d4711717a7287adcf68a55d5ac2f0d94bc0726277c275f69e4b7f,2024-11,Essex Police,Essex Police,0.494835,51.754567,On or near Violet Close,E01021620,Chelmsford 004D,Violence and sexual offences,Unable to prosecute suspect,
a74bb00863d5436ea47a02d6158ab09bfb4f2f90db57231c77dd197bd310a00e,2024-11,Essex Police,Essex Police,0.485090,51.752318,On or near Swans Pasture,E01021623,Chelmsford 004E,Other theft,Investigation complete; no suspect identified,
524519c875c9f0a5d759052fd5dd2adf0768a53432a64a4bfd3ccd17c94fbd49,2024-11,Essex Police,Essex Police,0.485090,51.752318,On or near Swans Pasture,E01021623,Chelmsford 004E,Violence and sexual offences,Unable to prosecute suspect,
7f3cd65485f8b21fe14aad8955d0cb02ccfeccdbb4a7f7cf1d016801db22855b,2024-11,Essex Police,Essex Police,0.485090,51.752318,On or near Swans Pasture,E01021623,Chelmsford 004E,Violence and sexual offences,Unable to prosecute suspect,
e51c4497fbaaee86fd32c7b35a1dff12f30108c1fe21483e3928a873eff2c5da,2024-11,Essex Police,Essex Police,0.488632,51.747153,On or near Supermarket,E01021624,Chelmsford 004F,Bicycle theft,Investigation complete; no suspect identified,
f81b100bcd53bba479007905f6a00bddc380c985ac8b429a7504b9de560e74ac,2024-11,Essex Police,Essex Police,0.493801,51.750776,On or near Sidmouth Road,E01021624,Chelmsford 004F,Criminal damage and arson,Investigation complete; no suspect identified,
39ffdecb7f281936111191ff6eba4726e4bb7209da34d2c00c9bf875bd9b6f88,2024-11,Essex Police,Essex Police,0.489343,51.748766,On or near Burnham Road,E01021624,Chelmsford 004F,Violence and sexual offences,Unable to prosecute suspect,
67344f6550e2022110b14063c8f768768dfb8f0b874ba715c883bb6da0ff9dd3,2024-11,Essex Police,Essex Police,0.489343,51.748766,On or near Burnham Road,E01021624,Chelmsford 004F,Violence and sexual offences,Unable to prosecute suspect,
,2024-11,Essex Police,Essex Police,0.498796,51.762792,On or near Gardiner Way,E01034083,Chelmsford 004G,Anti-social behaviour,,
bd8678e005a0b4e0143f94dca178951ac5dbb41776d63433a30109c60e90bf57,2024-11,Essex Police,Essex Police,0.504526,51.762616,On or near Wilfred Waterman Drive,E01034083,Chelmsford 004G,Burglary,Investigation complete; no suspect identified,
72b402a50063eae84221304b04cc0c9de851965e46c2266d997c4f437e7e3685,2024-11,Essex Police,Essex Police,0.499008,51.760584,On or near Parking Area,E01034083,Chelmsford 004G,Criminal damage and arson,Investigation complete; no suspect identified,
f154b801f3c0cfabb1dc38e0173b583fb4cc9a5d0aff4be964cea3d8e2ea23f8,2024-11,Essex Police,Essex Police,0.501703,51.763719,On or near Arthur Turp Close,E01034083,Chelmsford 004G,Criminal damage and arson,Investigation complete; no suspect identified,
7f862bdbb8e3d28f63d7a7eb3bfd2beeda087d3693eba3bd568665f6b7c19317,2024-11,Essex Police,Essex Police,0.501703,51.763719,On or near Arthur Turp Close,E01034083,Chelmsford 004G,Criminal damage and arson,Investigation complete; no suspect identified,
1099f69a34e8f1800e2174af260141b60b999bbb24c8028b35cbfa2ca527cb48,2024-11,Essex Police,Essex Police,0.499349,51.759678,On or near Parking Area,E01034083,Chelmsford 004G,Criminal damage and arson,Investigation complete; no suspect identified,
a923bf247311a7f207ad52bfe8da61644ea1c10312d525fa0a37b146cedceee8,2024-11,Essex Police,Essex Police,0.499349,51.759678,On or near Parking Area,E01034083,Chelmsford 004G,Criminal damage and arson,Investigation complete; no suspect identified,
5e6085e92b242f2ecd1b2c767216c6e4ec85bc039ad49bb492815638fcd13a2e,2024-11,Essex Police,Essex Police,0.488828,51.761268,On or near Valley Bridge,E01034083,Chelmsford 004G,Drugs,Investigation complete; no suspect identified,
61080f3cbba626068b4b0090ece81cd4da037b5b3b8782c995f2aebb532d3142,2024-11,Essex Police,Essex Police,0.490951,51.763489,On or near Alick Horsnell View,E01034083,Chelmsford 004G,Drugs,Investigation complete; no suspect identified,
d556807904253ac90e968f1719ea4ab95f812a3e04e66714ac2cca2146c4dc89,2024-11,Essex Police,Essex Police,0.499008,51.760584,On or near Parking Area,E01034083,Chelmsford 004G,Possession of weapons,Local resolution,
b6c8a438d4946b2e28e6189ca489576347662c1571481897adbdea5495586f9e,2024-11,Essex Police,Essex Police,0.503227,51.762986,On or near Minns Avenue,E01034083,Chelmsford 004G,Public order,Court result unavailable,
54838c05d38f21121e4a5e7c2c5a2d2a925aac7ef69aff76121dd865b29c108d,2024-11,Essex Police,Essex Police,0.501703,51.763719,On or near Arthur Turp Close,E01034083,Chelmsford 004G,Public order,Awaiting court outcome,
fa851c8b448d8e8fcf33a4769b0ca3bb537c32119b9fdc8f2b9172596fd1de49,2024-11,Essex Police,Essex Police,0.492936,51.763753,On or near Gordon Carlton Gardens,E01034083,Chelmsford 004G,Public order,Investigation complete; no suspect identified,
acda4a8ee8e6ae166a52c21e0434ddee70be1f7d2b6d56125816a1035c2f764d,2024-11,Essex Police,Essex Police,0.489467,51.763925,On or near Ben Wilson Link,E01034083,Chelmsford 004G,Public order,Court result unavailable,
bef88f0aee517a76d51f9eb7099d2bcef04dd88ede364c63a2b0d90d2e745019,2024-11,Essex Police,Essex Police,0.488828,51.761268,On or near Valley Bridge,E01034083,Chelmsford 004G,Vehicle crime,Investigation complete; no suspect identified,
1957c31368c7c01ea27cb057854cde69dba1514bfe4666dbdc6eb71d751b2d39,2024-11,Essex Police,Essex Police,0.503887,51.763124,On or near John Eve Avenue,E01034083,Chelmsford 004G,Vehicle crime,Investigation complete; no suspect identified,
c9976f4aadcc1d198cdb1ab90f0230974792e8f8fce3cbeedb3b62ed06079670,2024-11,Essex Police,Essex Police,0.501703,51.763719,On or near Arthur Turp Close,E01034083,Chelmsford 004G,Violence and sexual offences,Status update unavailable,
0cfaf56934d7330bcb0f3d3a3766fd39cde63aba6ad7511c5a5213c89bb60af7,2024-11,Essex Police,Essex Police,0.501703,51.763719,On or near Arthur Turp Close,E01034083,Chelmsford 004G,Violence and sexual offences,Unable to prosecute suspect,
0096e429d758777939bc4db3d814cfec2a8c852e1cdfd416588091f2ca67db35,2024-11,Essex Police,Essex Police,0.490172,51.763299,On or near Wright Crescent,E01034083,Chelmsford 004G,Violence and sexual offences,Court result unavailable,
174bdd6d3a870868040087afea50588746940fd804344b23a0eb6ce61f510a5e,2024-11,Essex Police,Essex Police,0.492936,51.763753,On or near Gordon Carlton Gardens,E01034083,Chelmsford 004G,Violence and sexual offences,Investigation complete; no suspect identified,
45b9a41ad979b376bedfa099bcccc9c1359635577b896b592f150311641719cb,2024-11,Essex Police,Essex Police,0.497300,51.757212,On or near Harness Close,E01034084,Chelmsford 004H,Other theft,Investigation complete; no suspect identified,
45aafbded29bda94cd339da375e76af7786070a2889f1e376eabc27c788c6e0b,2024-11,Essex Police,Essex Police,0.491999,51.758845,On or near Anvil Way,E01034084,Chelmsford 004H,Violence and sexual offences,Investigation complete; no suspect identified,
,2024-11,Essex Police,Essex Police,0.534262,51.760755,On or near Cromwell Close,E01021536,Chelmsford 005A,Anti-social behaviour,,
d6d978a3243ca0cbec3c929a14bd7ad3bd704ad4a8fa298a0ffb885bd5ad603f,2024-11,Essex Police,Essex Police,0.535129,51.760962,On or near Villiers Place,E01021536,Chelmsford 005A,Burglary,Investigation complete; no suspect identified,
f680e0445ac6f343fcedb657b50c71322a5f2683ad83313f378364d5683a1825,2024-11,Essex Police,Essex Police,0.541565,51.758152,On or near The Willows,E01021536,Chelmsford 005A,Burglary,Investigation complete; no suspect identified,
59634b577abf1529aaa68bd5049e9951d70bb0c8b86521a393c627ebb8236305,2024-11,Essex Police,Essex Police,0.540828,51.757664,On or near Church Road,E01021536,Chelmsford 005A,Criminal damage and arson,Unable to prosecute suspect,
cd8fd6a562826223b7e6f003a9d690334a78d03e4d81f7da0b48444eb2d8c817,2024-11,Essex Police,Essex Police,0.537521,51.761755,On or near Elm Way,E01021536,Chelmsford 005A,Criminal damage and arson,Investigation complete; no suspect identified,
0505bbc600452bd0af973e6881c5b4b2223491c8fa3f702a8757e46e12f00565,2024-11,Essex Police,Essex Police,0.545541,51.757220,On or near Walkfares,E01021536,Chelmsford 005A,Drugs,Investigation complete; no suspect identified,
102cd38270140ee313e2d352d5df1103ee93b1c69def0a18e40182274a434db9,2024-11,Essex Police,Essex Police,0.539072,51.758403,On or near Lewin Place,E01021536,Chelmsford 005A,Other theft,Investigation complete; no suspect identified,
9c4aa4392dd94b9485975cd5c452038a6f11043cccb3c02be5fb3d221e7673a8,2024-11,Essex Police,Essex Police,0.539072,51.758403,On or near Lewin Place,E01021536,Chelmsford 005A,Public order,Unable to prosecute suspect,
3eef9c9fca54f69af3a0291b08f8d2a18ee8e297846f33c2ce587b6d546d72e5,2024-11,Essex Police,Essex Police,0.538961,51.761589,On or near Supermarket,E01021536,Chelmsford 005A,Shoplifting,Investigation complete; no suspect identified,
45beb6cbb54ffd406d522dac4832b495617ed4b98c78b458f35f5f85a77b1519,2024-11,Essex Police,Essex Police,0.539990,51.756684,On or near Lodge Crescent,E01021536,Chelmsford 005A,Violence and sexual offences,Court result unavailable,
aa38409fcd59e6ee1f1ea93258cd663cc5d74261b97e01364884eea327c3ffb6,2024-11,Essex Police,Essex Police,0.540828,51.757664,On or near Church Road,E01021536,Chelmsford 005A,Violence and sexual offences,Unable to prosecute suspect,
8f574da6997cfad8c3c2258c6fd1ed943f6e598b9f2f714c95ace5b7966c2fdd,2024-11,Essex Police,Essex Police,0.518899,51.754997,On or near Petrol Station,E01021537,Chelmsford 005B,Criminal damage and arson,Investigation complete; no suspect identified,
3c47f793260cb90167be0a14aa84c796138da23c21d4cd7b8beadd2fad44b00d,2024-11,Essex Police,Essex Police,0.518899,51.754997,On or near Petrol Station,E01021537,Chelmsford 005B,Criminal damage and arson,Investigation complete; no suspect identified,
3893378961fedbbceb620c5e8475396c7a5de3799c2483b64a9179aaa003aa06,2024-11,Essex Police,Essex Police,0.518899,51.754997,On or near Petrol Station,E01021537,Chelmsford 005B,Public order,Unable to prosecute suspect,
6a0ca4e55ed4e31d27d1de46196dac823f6a32a8d56dfe0636715a64c06d0dae,2024-11,Essex Police,Essex Police,0.515499,51.754063,On or near Drovers Way,E01021537,Chelmsford 005B,Public order,Investigation complete; no suspect identified,
fc305423b7ba5b83e5e9e7ac8fd4f130b0a7378d5f439f114e1557abd739f917,2024-11,Essex Police,Essex Police,0.518899,51.754997,On or near Petrol Station,E01021537,Chelmsford 005B,Shoplifting,Court result unavailable,
74667820110b22d7e900207093aeddde3eecbd03863417391ea74df1f8a3f9e4,2024-11,Essex Police,Essex Police,0.518899,51.754997,On or near Petrol Station,E01021537,Chelmsford 005B,Shoplifting,Court result unavailable,
9342ee875a3586d16bb62aeff29f37c637ae34cd4a800b326bf51237aded0307,2024-11,Essex Police,Essex Police,0.518899,51.754997,On or near Petrol Station,E01021537,Chelmsford 005B,Shoplifting,Court result unavailable,
aa994f8cc4883e85c8d008b7a5d47e1187a06545fadfa2c943dd8f764c884ba7,2024-11,Essex Police,Essex Police,0.518899,51.754997,On or near Petrol Station,E01021537,Chelmsford 005B,Shoplifting,Court result unavailable,
520cb4685ad8eb4c70363208b0c4f1519a0abe87a6f8168162c6a75bb1084fb0,2024-11,Essex Police,Essex Police,0.518899,51.754997,On or near Petrol Station,E01021537,Chelmsford 005B,Shoplifting,Court result unavailable,
c4c1f5709d92543aced566244b262abca4d416bb0fb925f4bc6e06a9a013c48f,2024-11,Essex Police,Essex Police,0.518899,51.754997,On or near Petrol Station,E01021537,Chelmsford 005B,Vehicle crime,Investigation complete; no suspect identified,
6ad59e14a650687f4c806713d856c9a6119803f1409a6f26ac15e00aab628bb4,2024-11,Essex Police,Essex Police,0.518899,51.754997,On or near Petrol Station,E01021537,Chelmsford 005B,Vehicle crime,Investigation complete; no suspect identified,
71ba98222465d15ef42c4dee32265adc1341cdeb5bb9b93cc34e2d3288941c73,2024-11,Essex Police,Essex Police,0.518899,51.754997,On or near Petrol Station,E01021537,Chelmsford 005B,Vehicle crime,Investigation complete; no suspect identified,
ee520463a279a7f4e8eb36c02f754887e30abd3e5d11079f4702c60d1b3299ad,2024-11,Essex Police,Essex Police,0.548395,51.764919,On or near Shearers Way,E01021537,Chelmsford 005B,Vehicle crime,Investigation complete; no suspect identified,
e816c60174047d9205defa8a5c0bbb85ddaa0ed52f2c4642d04dd2ba29767884,2024-11,Essex Police,Essex Police,0.551516,51.766299,On or near Porters Park,E01021537,Chelmsford 005B,Violence and sexual offences,Unable to prosecute suspect,
dab7b1155605e7f8b56a18b946e2be4217a60cc1a1bb98daf242650fed0f3f9f,2024-11,Essex Police,Essex Police,0.542188,51.761241,On or near St Andrews Road,E01021537,Chelmsford 005B,Other crime,Unable to prosecute suspect,
50d67b5cd9a2e68ccb58daaa7fff86b63e7d997ebd158023d8d34471dcca300f,2024-11,Essex Police,Essex Police,0.568729,51.737083,On or near Colam Lane,E01021568,Chelmsford 005D,Burglary,Investigation complete; no suspect identified,
d63bb6cf9b606c3051c100aa78ee50d5e529e729d777b8e4877b141c7d257e20,2024-11,Essex Police,Essex Police,0.533785,51.734371,On or near Hammonds Road,E01021568,Chelmsford 005D,Other theft,Unable to prosecute suspect,
903b628194592aa485e416fa9495abf49285a53cabd22ee71550e2c226bced18,2024-11,Essex Police,Essex Police,0.574496,51.742973,On or near Parking Area,E01021568,Chelmsford 005D,Public order,Unable to prosecute suspect,
2adde3073a7ebaa7d901f54350bdfefe0e830a7a393bcd501a1752dcc1af23d0,2024-11,Essex Police,Essex Police,0.571636,51.748738,On or near North Hill,E01021568,Chelmsford 005D,Vehicle crime,Investigation complete; no suspect identified,
698699dc245090d6d4b3b9dd443024b3039115aa9e3ba25028c8bdb16ab3a227,2024-11,Essex Police,Essex Police,0.572208,51.741720,On or near Rysley,E01021568,Chelmsford 005D,Vehicle crime,Investigation complete; no suspect identified,
84d863bbd0a6889780e73affc84f7ab67326f906263e212906ea77c7f178fb34,2024-11,Essex Police,Essex Police,0.572208,51.741720,On or near Rysley,E01021568,Chelmsford 005D,Violence and sexual offences,Unable to prosecute suspect,
5435cb9cac4f9efee7da304dbf9a410b79f17fac0477855a14b5e76b75c55feb,2024-11,Essex Police,Essex Police,0.533785,51.734371,On or near Hammonds Road,E01021568,Chelmsford 005D,Violence and sexual offences,Court result unavailable,
7cedefa57eec24c5d10cf09253c795bfb3d72105ea3948cb100c3ffd675ffa51,2024-11,Essex Police,Essex Police,0.579331,51.734018,On or near Mill Lane,E01021568,Chelmsford 005D,Violence and sexual offences,Unable to prosecute suspect,
e58b18aacdefa3a8a42b4020994fadf99ccc32d2ae599a352c93b37b606def0c,2024-11,Essex Police,Essex Police,0.515551,51.742209,On or near Cornelius Vale,E01033142,Chelmsford 005E,Criminal damage and arson,Investigation complete; no suspect identified,
5cccc6ddfeecebc7857bae6010dbc8c24000b644c3d19b7f7471444b2a3ada59,2024-11,Essex Police,Essex Police,0.510212,51.743375,On or near Barlow'S Reach,E01033142,Chelmsford 005E,Drugs,Court result unavailable,
ad510a4ab931837debce1f22a68f10ab07188f7215b2778bfc0913b7aa1988bd,2024-11,Essex Police,Essex Police,0.516153,51.743932,On or near Townsend,E01033142,Chelmsford 005E,Vehicle crime,Investigation complete; no suspect identified,
359f5c69f1c66c8956853a8d5c8d6b0f562271cddb734235749790e3dc16f978,2024-11,Essex Police,Essex Police,0.509279,51.743018,On or near Murrell Lock,E01033142,Chelmsford 005E,Vehicle crime,Investigation complete; no suspect identified,
8f1cd9e271f80e99daef7c56dcfa6d81b3ba8182714de7acbed4759fa8e47d71,2024-11,Essex Police,Essex Police,0.519433,51.745858,On or near James Fenton Way,E01033142,Chelmsford 005E,Vehicle crime,Investigation complete; no suspect identified,
8c57bc0c10cc4a16521593b04ed119177a63983878d04371a2908c6afff79703,2024-11,Essex Police,Essex Police,0.514310,51.743612,On or near Meggy Tye,E01033142,Chelmsford 005E,Violence and sexual offences,Unable to prosecute suspect,
cc4b65812f4bbb9f29480b851e4f00c31ab1b1037a0c7b33cf10376c97650cea,2024-11,Essex Police,Essex Police,0.509145,51.740853,On or near Sheppard Drive,E01033142,Chelmsford 005E,Violence and sexual offences,Unable to prosecute suspect,
1b89ebe3d7f47a1fc7ab43e500d1f66f561830d6710a537eb0c98831b6a2af0c,2024-11,Essex Police,Essex Police,0.508628,51.754012,On or near Honor Link,E01033144,Chelmsford 005F,Criminal damage and arson,Investigation complete; no suspect identified,
1415602cbcbb6759857dac78f0d04d40d989fc004d36eb3d971e887ae7adc5b5,2024-11,Essex Police,Essex Police,0.514807,51.751506,On or near Fordson Road,E01033144,Chelmsford 005F,Criminal damage and arson,Investigation complete; no suspect identified,
b92ab68651c5f62698a3a85503ba3a4c93f6788345e5de31b81f78f971304430,2024-11,Essex Police,Essex Police,0.514807,51.751506,On or near Fordson Road,E01033144,Chelmsford 005F,Other theft,Investigation complete; no suspect identified,
ecdaceebad145707874e1c8be45649f00c1605546d7b301005f97311151fde3e,2024-11,Essex Police,Essex Police,0.514807,51.751506,On or near Fordson Road,E01033144,Chelmsford 005F,Vehicle crime,Investigation complete; no suspect identified,
ca7184adb0eb69e28c8c91844552f0dca2d871df0bd1cef93ef89d4a979b8e61,2024-11,Essex Police,Essex Police,0.510081,51.754862,On or near Wharton Drive,E01033144,Chelmsford 005F,Violence and sexual offences,Investigation complete; no suspect identified,
03dffe6f3ea1e0c61df7d42166edaf63a4a710ff02c3da7920cebb0400df9a80,2024-11,Essex Police,Essex Police,0.503426,51.757154,On or near Clunford Place,E01033144,Chelmsford 005F,Violence and sexual offences,Unable to prosecute suspect,
ab84672286b9b3f19b6081d34e0c94f9b9d9b76a44382da3008d11d49a1c31ac,2024-11,Essex Police,Essex Police,0.510081,51.754862,On or near Wharton Drive,E01033144,Chelmsford 005F,Other crime,Investigation complete; no suspect identified,
,2024-11,Essex Police,Essex Police,0.456580,51.744671,On or near The Green,E01021576,Chelmsford 006A,Anti-social behaviour,,
c3024e3c8709a89661de1ace2dfc9bfa11054726329af47d924eaf2d8ad0cc72,2024-11,Essex Police,Essex Police,0.455725,51.746254,On or near West Avenue,E01021576,Chelmsford 006A,Other theft,Investigation complete; no suspect identified,
345465030b5e2ce24a8e6b63799f0691aa2ad1c44aca135d48b83c58abe847a9,2024-11,Essex Police,Essex Police,0.455725,51.746254,On or near West Avenue,E01021576,Chelmsford 006A,Public order,Court result unavailable,
3ffa33b95ef9dffb2795354470d259bf3cf7816cbbe86f0dda3f1002d0be9211,2024-11,Essex Police,Essex Police,0.459687,51.749058,On or near Merlin Place,E01021576,Chelmsford 006A,Theft from the person,Status update unavailable,
cadb3ba8456e78a68fff45c115092215859e222c4c2bd30b21bf95b3d041f852,2024-11,Essex Police,Essex Police,0.455725,51.746254,On or near West Avenue,E01021576,Chelmsford 006A,Violence and sexual offences,Unable to prosecute suspect,
7272061292b145e56a253829364bd276641094eb9c9070baba95cf970d011234,2024-11,Essex Police,Essex Police,0.459687,51.749058,On or near Merlin Place,E01021576,Chelmsford 006A,Violence and sexual offences,Unable to prosecute suspect,
92a15f143ba695e85b6f5c9a7ead5aa3b19372ccec471f3b534e5b65da651cff,2024-11,Essex Police,Essex Police,0.455725,51.746254,On or near West Avenue,E01021576,Chelmsford 006A,Violence and sexual offences,Unable to prosecute suspect,
4cf8a8603c13b1a30ff0b04173e15b1ddb4140612e6a874a8eccddfa5f18fb6c,2024-11,Essex Police,Essex Police,0.455725,51.746254,On or near West Avenue,E01021576,Chelmsford 006A,Violence and sexual offences,Investigation complete; no suspect identified,
16a52fa4a489e631219aa11e5622a27d0a2df53bb9840e9757e423b1a7c00d72,2024-11,Essex Police,Essex Police,0.455317,51.745156,On or near Squirrells Court,E01021576,Chelmsford 006A,Violence and sexual offences,Unable to prosecute suspect,
67e1bff536aadbf18d1c329f3768e181eb2bafbd1768ce85875441457a334d9c,2024-11,Essex Police,Essex Police,0.458432,51.747016,On or near North Avenue,E01021576,Chelmsford 006A,Violence and sexual offences,Unable to prosecute suspect,
c414d6fda4a7264d851745a7da491fba4cd5970a28a353664cabe5eed7b02073,2024-11,Essex Police,Essex Police,0.460175,51.747366,On or near Eastern Crescent,E01021576,Chelmsford 006A,Violence and sexual offences,Unable to prosecute suspect,
c7febf22763eab44bf5c7f0bb4f1080e0b189e2d5027fd3f42e896c3d6686d20,2024-11,Essex Police,Essex Police,0.455317,51.745156,On or near Squirrells Court,E01021576,Chelmsford 006A,Violence and sexual offences,Unable to prosecute suspect,
791f830f93152afbaa0b67fb0a85fbb0f318d485ee4e40bbad56998732185d55,2024-11,Essex Police,Essex Police,0.459687,51.749058,On or near Merlin Place,E01021576,Chelmsford 006A,Violence and sexual offences,Unable to prosecute suspect,
81e7cb851f2d1f5629934970496d527440d3b0ee91987ebde0ffa688011c6ff5,2024-11,Essex Police,Essex Police,0.459251,51.748500,On or near Arthur Court,E01021576,Chelmsford 006A,Violence and sexual offences,Unable to prosecute suspect,
e9224553ee077b2388418875df2654a805efe8771fd44df5bd3a9e8b531e7cc7,2024-11,Essex Police,Essex Police,0.464522,51.756438,On or near Essex Avenue,E01021588,Chelmsford 006B,Burglary,Unable to prosecute suspect,
a2011c48f1c3784f8d37a6921b4c0b01817b726ad2c078c2fa0a464abaf52391,2024-11,Essex Police,Essex Police,0.470308,51.755705,On or near Pembroke Place,E01021588,Chelmsford 006B,Criminal damage and arson,Unable to prosecute suspect,
c50359fc4d2a687929ee655e2b3503e69b0f7514ff6fb4200037cbb1bcd69445,2024-11,Essex Police,Essex Police,0.468521,51.756948,On or near Cumberland Crescent,E01021588,Chelmsford 006B,Criminal damage and arson,Unable to prosecute suspect,
8223bc0190ff739bef9af61058a37619a4f3ca60795eeb34e7744b2d0fb86d5c,2024-11,Essex Police,Essex Police,0.465696,51.754840,On or near Cornwall Crescent,E01021588,Chelmsford 006B,Drugs,Investigation complete; no suspect identified,
c95b7ca972aeb83cc597270f94c9cd8da44abe812736254330c4cd00bc787e3e,2024-11,Essex Police,Essex Police,0.465746,51.756287,On or near Woodhall Road,E01021588,Chelmsford 006B,Other theft,Unable to prosecute suspect,
a9e030c8218565eae9c9134e2af6c7d0d09010c7753660764b174ed2dddb69e8,2024-11,Essex Police,Essex Police,0.465885,51.756707,On or near Somerset Place,E01021588,Chelmsford 006B,Public order,Unable to prosecute suspect,
dfc9579879b8dc2a54dbf80e58acbf8ded0b0f86dc63ede0b61ee294aebf759f,2024-11,Essex Police,Essex Police,0.464522,51.756438,On or near Essex Avenue,E01021588,Chelmsford 006B,Public order,Unable to prosecute suspect,
7fd7c36f1139c559151a9cbda95ff5e65a01b50021859eca032c86fb8cc53e0f,2024-11,Essex Police,Essex Police,0.470308,51.755705,On or near Pembroke Place,E01021588,Chelmsford 006B,Vehicle crime,Investigation complete; no suspect identified,
29d69e70a7a10842733e4a97ee14a9aeb9119245e0577ed6a1d67237ddb22171,2024-11,Essex Police,Essex Police,0.465885,51.756707,On or near Somerset Place,E01021588,Chelmsford 006B,Violence and sexual offences,Court result unavailable,
19ffe48f6c7e1d9f1b7bcff9c59579c23dedf96369d6b241a28eeab29e55f9db,2024-11,Essex Police,Essex Police,0.465885,51.756707,On or near Somerset Place,E01021588,Chelmsford 006B,Violence and sexual offences,Unable to prosecute suspect,
66c3b18e2eb110b82147a1ee91e80342b6886536370fde91c78b4f857e71075d,2024-11,Essex Police,Essex Police,0.470308,51.755705,On or near Pembroke Place,E01021588,Chelmsford 006B,Violence and sexual offences,Investigation complete; no suspect identified,
a3b9fb50e4668a451bb7e6e12c93223b55451cebbe57592332007ddd4f3815df,2024-11,Essex Police,Essex Police,0.464522,51.756438,On or near Essex Avenue,E01021588,Chelmsford 006B,Violence and sexual offences,Unable to prosecute suspect,
907f6c532aca5c2deb0626f515fc3a6120127cc95c9f7bee38a5250241529ecc,2024-11,Essex Police,Essex Police,0.468521,51.756948,On or near Cumberland Crescent,E01021588,Chelmsford 006B,Violence and sexual offences,Unable to prosecute suspect,
ee79465b952b40439246f11ec5c2f39c43409277f056ff22cf3e0d4cc4291475,2024-11,Essex Police,Essex Police,0.465885,51.756707,On or near Somerset Place,E01021588,Chelmsford 006B,Other crime,Unable to prosecute suspect,
,2024-11,Essex Police,Essex Police,0.453670,51.752987,On or near Tugby Place,E01021589,Chelmsford 006C,Anti-social behaviour,,
f3b802c3132f46fce4aa0f0c6a261f554f2c4c6b51080ea394cf0494d9f26b4d,2024-11,Essex Police,Essex Police,0.456424,51.752471,On or near Bardell Close,E01021589,Chelmsford 006C,Bicycle theft,Investigation complete; no suspect identified,
d32f920bb28087b26e03640d735e0dc8de296ef4276e9745968f4a0a43a0f2fe,2024-11,Essex Police,Essex Police,0.465176,51.754338,On or near Rutland Road,E01021589,Chelmsford 006C,Public order,Unable to prosecute suspect,
b0082a4e84a6ecacff43d47efae5b20eff6aa1f03faeacbbd6920d3e175f39a1,2024-11,Essex Police,Essex Police,0.458865,51.751521,On or near Partridge Avenue,E01021589,Chelmsford 006C,Vehicle crime,Investigation complete; no suspect identified,
dc85e00d340a7e83b03090c530036ce40f1b5f3212ad3c53449ba0070176e4a4,2024-11,Essex Police,Essex Police,0.465176,51.754338,On or near Rutland Road,E01021589,Chelmsford 006C,Vehicle crime,Investigation complete; no suspect identified,
b8cd8ff1c88308977ef15655418f00c793a98813e42e4f8d8abc6a5e54a9130f,2024-11,Essex Police,Essex Police,0.466767,51.750564,On or near Barnfield Mews,E01021589,Chelmsford 006C,Violence and sexual offences,Formal action is not in the public interest,
3e4d9603be13dafae8b061593ef94a998d29a79d6e30ae1b2ebe98c214fbc2e6,2024-11,Essex Police,Essex Police,0.453670,51.752987,On or near Tugby Place,E01021589,Chelmsford 006C,Violence and sexual offences,Unable to prosecute suspect,
a27fe64a228cdf76ae6cc70275579a934d824d45d9dce9a9088f5353e6fd0492,2024-11,Essex Police,Essex Police,0.458865,51.751521,On or near Partridge Avenue,E01021589,Chelmsford 006C,Violence and sexual offences,Investigation complete; no suspect identified,
66f3d1a36ddb8ad59cc40b30a7d035d2e61899f8873e857c0f149a4f5d6154b8,2024-11,Essex Police,Essex Police,0.458865,51.751521,On or near Partridge Avenue,E01021589,Chelmsford 006C,Other crime,Investigation complete; no suspect identified,
,2024-11,Essex Police,Essex Police,0.461248,51.746057,On or near Milton Place,E01021592,Chelmsford 006D,Anti-social behaviour,,
,2024-11,Essex Police,Essex Police,0.463723,51.744153,On or near Corporation Road,E01021592,Chelmsford 006D,Anti-social behaviour,,
,2024-11,Essex Police,Essex Police,0.465065,51.745375,On or near Gloucester Crescent,E01021592,Chelmsford 006D,Anti-social behaviour,,
ff0419053a7e1be03f8895c0542032ff1fc8b8906ce11db773cb27be7e453ce4,2024-11,Essex Police,Essex Police,0.463200,51.746781,On or near Eves Crescent,E01021592,Chelmsford 006D,Burglary,Investigation complete; no suspect identified,
69fab4bbd40632700f7dd9823304a343bf4320a65dbf8ec0159275f0ef9de6bf,2024-11,Essex Police,Essex Police,0.464214,51.743585,On or near Corporation Mews,E01021592,Chelmsford 006D,Other theft,Unable to prosecute suspect,
0a8efe1ffca81ba7ac56f0c21097b8cf24704606c1565ae4a212d17a6047f002,2024-11,Essex Police,Essex Police,0.464214,51.743585,On or near Corporation Mews,E01021592,Chelmsford 006D,Other theft,Status update unavailable,
47a22783753e4358bf941c26cae20f45ef7a20a1b1cc8a5f64024272deeaadbe,2024-11,Essex Police,Essex Police,0.471126,51.745481,On or near Fell Christy,E01021592,Chelmsford 006D,Possession of weapons,Investigation complete; no suspect identified,
c629d5a4b804bcdb666cb0064e938a4fa6ce6d066f865caab84783fb9d2c69be,2024-11,Essex Police,Essex Police,0.465950,51.744870,On or near Cooper'S Row,E01021592,Chelmsford 006D,Violence and sexual offences,Investigation complete; no suspect identified,
e758422fe1306afb15e14903146b6cdbabf191866b2feef7eb509b6656353ab1,2024-11,Essex Police,Essex Police,0.464214,51.743585,On or near Corporation Mews,E01021592,Chelmsford 006D,Violence and sexual offences,Unable to prosecute suspect,
8a06dc65485f07d64e2ea333d4fb5b9645501ea347f9afc9560369d492d74ad4,2024-11,Essex Police,Essex Police,0.461248,51.746057,On or near Milton Place,E01021592,Chelmsford 006D,Violence and sexual offences,Unable to prosecute suspect,
f38a8c3165a0c880f0452c063e8dae6cab5461bcc5a760f0d91336d4c1a412ef,2024-11,Essex Police,Essex Police,0.461248,51.746057,On or near Milton Place,E01021592,Chelmsford 006D,Violence and sexual offences,Investigation complete; no suspect identified,
9c2a8c0ad2271d6a72ac40f1b923808ddfaf06759d6d7b30d13b2b4b7dcb7493,2024-11,Essex Police,Essex Police,0.464214,51.743585,On or near Corporation Mews,E01021592,Chelmsford 006D,Violence and sexual offences,Unable to prosecute suspect,
358d3a401e41c675134ea91f837016ac0af8f53b9f8345df0edd1cd35c3fa611,2024-11,Essex Police,Essex Police,0.461248,51.746057,On or near Milton Place,E01021592,Chelmsford 006D,Violence and sexual offences,Action to be taken by another organisation,
28787b53dc5c2570e9e45205d55a4a1354b8aa59ec32dbd2031f2b12ec4d5233,2024-11,Essex Police,Essex Police,0.471126,51.745481,On or near Fell Christy,E01021592,Chelmsford 006D,Violence and sexual offences,Investigation complete; no suspect identified,
,2024-11,Essex Police,Essex Police,0.452407,51.748922,On or near Supermarket,E01021596,Chelmsford 006E,Anti-social behaviour,,
0e8fbde86d857a76e2ca53a270ccc63d87397ecbdfc7ac11888b96dbfa627109,2024-11,Essex Police,Essex Police,0.453366,51.747913,On or near Taylor Avenue,E01021596,Chelmsford 006E,Criminal damage and arson,Unable to prosecute suspect,
8b0aeaf5fda466640b4a097f157931aa99865e9a576c255724cd76bc4ebf0e69,2024-11,Essex Police,Essex Police,0.453609,51.747314,On or near Cowell Avenue,E01021596,Chelmsford 006E,Other theft,Unable to prosecute suspect,
6aeec1f75b0cf4aee906e7c014181a7c85988a5152903790f9ae78a72e63da4c,2024-11,Essex Police,Essex Police,0.452407,51.748922,On or near Supermarket,E01021596,Chelmsford 006E,Public order,Court result unavailable,
aa5a9d0d2a6b017f430b05aae8671e796b38a3895ae937103db89985c7ae82cc,2024-11,Essex Police,Essex Police,0.452407,51.748922,On or near Supermarket,E01021596,Chelmsford 006E,Public order,Court result unavailable,
85a4e17098b4a33a056df9bbf16f24a87fac756d8ff6caedeb3020fd173baddc,2024-11,Essex Police,Essex Police,0.452407,51.748922,On or near Supermarket,E01021596,Chelmsford 006E,Public order,Unable to prosecute suspect,
bbcd82c47add001e3cf8d6c62214e9d5d74e66f0ad8e00c356ef9a3927c18e44,2024-11,Essex Police,Essex Police,0.452407,51.748922,On or near Supermarket,E01021596,Chelmsford 006E,Shoplifting,Local resolution,
4fb3bbc0d29e8a95b16cc4dfb9c45e9e4736229904efe68b9ff1642496c8e52a,2024-11,Essex Police,Essex Police,0.452407,51.748922,On or near Supermarket,E01021596,Chelmsford 006E,Shoplifting,Court result unavailable,
3e73ae6d9eba4e9a1b582de5e1811fff8cd35a2e14c58bcad9354e1152c5a677,2024-11,Essex Police,Essex Police,0.452407,51.748922,On or near Supermarket,E01021596,Chelmsford 006E,Shoplifting,Investigation complete; no suspect identified,
d0554e2720cf7d32746b5124ac0a1f744d31658f9e8914f725e3d02e56d13acd,2024-11,Essex Police,Essex Police,0.454861,51.747702,On or near Anderson Avenue,E01021596,Chelmsford 006E,Violence and sexual offences,Investigation complete; no suspect identified,
3e2a70c9a1187892630c4718c1c2e355239ab3269e0b5ea59cd236e1da8fd52f,2024-11,Essex Police,Essex Police,0.453609,51.747314,On or near Cowell Avenue,E01021596,Chelmsford 006E,Violence and sexual offences,Unable to prosecute suspect,
a5a9a23e3d7b370d2437e54d8fc928fdadc94a4e196681da9122a58790f4a59a,2024-11,Essex Police,Essex Police,0.452407,51.748922,On or near Supermarket,E01021596,Chelmsford 006E,Violence and sexual offences,Unable to prosecute suspect,
3b6d4e20181d2283c3a9809f8228ab05cf872cf084b8727b3cfa667df9509490,2024-11,Essex Police,Essex Police,0.448480,51.747583,On or near Albany Close,E01021596,Chelmsford 006E,Violence and sexual offences,Unable to prosecute suspect,
def2ad2b260e63f6fccbcadacacc801022817eb9e53c3b938efb9ccaf8eb0f60,2024-11,Essex Police,Essex Police,0.454861,51.747702,On or near Anderson Avenue,E01021596,Chelmsford 006E,Violence and sexual offences,Court result unavailable,
4a6f1a1a4a720f6a550144f890d9fea2d4f842f93c3156b4138ee347ea44b714,2024-11,Essex Police,Essex Police,0.448480,51.747583,On or near Albany Close,E01021596,Chelmsford 006E,Violence and sexual offences,Unable to prosecute suspect,
7876ef47c40502da753463aa19783d9a813742c14de6f365f4db873377c95188,2024-11,Essex Police,Essex Police,0.454861,51.747702,On or near Anderson Avenue,E01021596,Chelmsford 006E,Violence and sexual offences,Unable to prosecute suspect,
688ceab6a037d0d2fa19c6fcf7f6cd79bbe6bbd2f202230d003ec3f0935bde43,2024-11,Essex Police,Essex Police,0.450326,51.747419,On or near Canberra Close,E01021596,Chelmsford 006E,Violence and sexual offences,Action to be taken by another organisation,
ea91536d64f555b4f534e96f76117db72b0bf49b9d4308e8fc1a7f1ffb673c91,2024-11,Essex Police,Essex Police,0.455061,51.750054,On or near Alamein Road,E01021596,Chelmsford 006E,Violence and sexual offences,Investigation complete; no suspect identified,
50de0e02076a1b0c46b55af2178b56a701b1682fde8c761384ed421fceaad7e0,2024-11,Essex Police,Essex Police,0.454861,51.747702,On or near Anderson Avenue,E01021596,Chelmsford 006E,Violence and sexual offences,Unable to prosecute suspect,
d8498bad405af31e7986d9befbfbb63ea87922fbf8c75149bfd9af3b384303bf,2024-11,Essex Police,Essex Police,0.504244,51.750203,On or near Foxglove Way,E01021618,Chelmsford 007A,Vehicle crime,Investigation complete; no suspect identified,
957ba807f2c14bed4a9aa528697a902f9ab787afca998782fb452436f0b62ef4,2024-11,Essex Police,Essex Police,0.500177,51.748707,On or near Honeysuckle Path,E01021621,Chelmsford 007B,Burglary,Investigation complete; no suspect identified,
1f52615a664ebb7f82cbedb357ac8dcd2892ea6961c0205a0a35dc1e7ad7f063,2024-11,Essex Police,Essex Police,0.498615,51.750071,On or near Lupin Drive,E01021621,Chelmsford 007B,Vehicle crime,Investigation complete; no suspect identified,
4d80d70ce65a393b09115e387e9738ee0461565b067d0d63b9c4b45f0d99ee34,2024-11,Essex Police,Essex Police,0.484056,51.746144,On or near Orford Crescent,E01021622,Chelmsford 007C,Drugs,Court result unavailable,
350ed3520c1efe864c91819de995873625ba6d0121a43700c97183cb667382a3,2024-11,Essex Police,Essex Police,0.496806,51.747704,On or near Supermarket,E01021625,Chelmsford 007D,Shoplifting,Investigation complete; no suspect identified,
9cbbb96b1aa8a4df84f778d1bec2e599f6b8787db281816d2f587bc173fb2e92,2024-11,Essex Police,Essex Police,0.496806,51.747704,On or near Supermarket,E01021625,Chelmsford 007D,Shoplifting,Investigation complete; no suspect identified,
6ba7d94ec03ff44e782696c980c9b59f84480b66a76f7b9e0574272a972e2966,2024-11,Essex Police,Essex Police,0.492490,51.745929,On or near Tavistock Road,E01021625,Chelmsford 007D,Vehicle crime,Unable to prosecute suspect,
97e71f29c12f1517565bc940ef298542343d93c98e11226bf2cff3bab862ecf3,2024-11,Essex Police,Essex Police,0.492266,51.745008,On or near Exeter Road,E01021625,Chelmsford 007D,Violence and sexual offences,Unable to prosecute suspect,
4b4793e351d030ac82aa788fb948bf0a972b4b3df111fb26f41aab9d597c9b96,2024-11,Essex Police,Essex Police,0.492266,51.745008,On or near Exeter Road,E01021625,Chelmsford 007D,Violence and sexual offences,Unable to prosecute suspect,
,2024-11,Essex Police,Essex Police,0.500893,51.746191,On or near Supermarket,E01021626,Chelmsford 007E,Anti-social behaviour,,
,2024-11,Essex Police,Essex Police,0.497292,51.740110,On or near Sports/Recreation Area,E01021626,Chelmsford 007E,Anti-social behaviour,,
d25cda3cf2b36beb33c8c5267123281bbff6d6d36bc766050451d0b9787a9c53,2024-11,Essex Police,Essex Police,0.496076,51.741860,On or near Timsons Lane,E01021626,Chelmsford 007E,Burglary,Investigation complete; no suspect identified,
cd8f5156a75f44a2214a47c7947595cb31310c3e16379754a8e345b6cbebedcc,2024-11,Essex Police,Essex Police,0.494860,51.743442,On or near All Saints Close,E01021626,Chelmsford 007E,Other theft,Investigation complete; no suspect identified,
775f990a185278ca7306fb9b8ce7c3c7103468a44cb37c6ee6b2fea59bffcbbf,2024-11,Essex Police,Essex Police,0.494860,51.743442,On or near All Saints Close,E01021626,Chelmsford 007E,Other theft,Investigation complete; no suspect identified,
75892e20db57f8198b43498ee25cd0904686b019d14b85dd4b8716b2ce24ff01,2024-11,Essex Police,Essex Police,0.494860,51.743442,On or near All Saints Close,E01021626,Chelmsford 007E,Public order,Unable to prosecute suspect,
5f3b399fb73789788c5dd81723fbe236a6c84852b5f74c7feb8f7c3f6d922d1a,2024-11,Essex Police,Essex Police,0.500893,51.746191,On or near Supermarket,E01021626,Chelmsford 007E,Public order,Investigation complete; no suspect identified,
098f52c7d1dbbafff820284a4d5f1acc110a458379f76290651bf2553debbd23,2024-11,Essex Police,Essex Police,0.494860,51.743442,On or near All Saints Close,E01021626,Chelmsford 007E,Violence and sexual offences,Unable to prosecute suspect,
e95cd15c0843cf0f246af40b6d0ac364f3ead9789a7bf17e40c181c015460627,2024-11,Essex Police,Essex Police,0.494860,51.743442,On or near All Saints Close,E01021626,Chelmsford 007E,Violence and sexual offences,Status update unavailable,
,2024-11,Essex Police,Essex Police,0.510992,51.747774,On or near Springfield Lyons Approach,E01021544,Chelmsford 008A,Anti-social behaviour,,
,2024-11,Essex Police,Essex Police,0.501744,51.737998,On or near Samuel Manor,E01021544,Chelmsford 008A,Anti-social behaviour,,
03d84e9b957c1ae3dc3876b314342ecc08bafa165cf7c222064e1e6016270ba6,2024-11,Essex Police,Essex Police,0.499981,51.742263,On or near New Dukes Way,E01021544,Chelmsford 008A,Drugs,Local resolution,
f62c72d491ea4dd1a403413f0b75d31b12ebe43dd39a8e1f2f3b81a7882215f2,2024-11,Essex Police,Essex Police,0.499221,51.740561,On or near Dukes Lane,E01021544,Chelmsford 008A,Other theft,Investigation complete; no suspect identified,
205a05453358956d47d9864e70d3755e59a055047196ab22512b3cf15c63be83,2024-11,Essex Police,Essex Police,0.510992,51.747774,On or near Springfield Lyons Approach,E01021544,Chelmsford 008A,Shoplifting,Unable to prosecute suspect,
ccae323ef9e24165a666783404b58c6f801f010ff0d7cb5b3e8fb9518dc2d2ff,2024-11,Essex Police,Essex Police,0.499981,51.742263,On or near New Dukes Way,E01021544,Chelmsford 008A,Vehicle crime,Investigation complete; no suspect identified,
6b550bce529d6fb805e554dbde5609360661320016f9e65bfc9ced4d43284670,2024-11,Essex Police,Essex Police,0.499981,51.742263,On or near New Dukes Way,E01021544,Chelmsford 008A,Violence and sexual offences,Unable to prosecute suspect,
db7e13778a6c33f4ef7dd8dd1a4188fcaea7d2783d925c56e304a76e58d9c3b8,2024-11,Essex Police,Essex Police,0.499981,51.742263,On or near New Dukes Way,E01021544,Chelmsford 008A,Violence and sexual offences,Court result unavailable,
507f4df58f1f1730cddd1398f4bcf5d802f29afd214bbe927932e69a1bd476da,2024-11,Essex Police,Essex Police,0.499981,51.742263,On or near New Dukes Way,E01021544,Chelmsford 008A,Violence and sexual offences,Unable to prosecute suspect,
8bc763dcd17cb134aff319b75bc77e4a620891734a4c6b71d8435eaaff67d441,2024-11,Essex Police,Essex Police,0.499981,51.742263,On or near New Dukes Way,E01021544,Chelmsford 008A,Violence and sexual offences,Unable to prosecute suspect,
58e746b82b6abe4b11f34a2d857adc87b0cca8ff04cfb63661faa5f6209ad2c3,2024-11,Essex Police,Essex Police,0.499981,51.742263,On or near New Dukes Way,E01021544,Chelmsford 008A,Violence and sexual offences,Court result unavailable,
9402caf53650c31d6c3f9e4443292281538fa59a57851a37cadba165e72ec2b3,2024-11,Essex Police,Essex Police,0.499981,51.742263,On or near New Dukes Way,E01021544,Chelmsford 008A,Violence and sexual offences,Unable to prosecute suspect,
a870bcb21f14b9d38b961dfa499a8f9c00dd2bff37f57c7a777a83a053780527,2024-11,Essex Police,Essex Police,0.499981,51.742263,On or near New Dukes Way,E01021544,Chelmsford 008A,Violence and sexual offences,Unable to prosecute suspect,
1eac3eac6348bc2876d57c0475f835e4ded2241a4f6cbfd0218ecf1592cd44ec,2024-11,Essex Police,Essex Police,0.499981,51.742263,On or near New Dukes Way,E01021544,Chelmsford 008A,Violence and sexual offences,Unable to prosecute suspect,
605a880ae00114f57f86b0180b0e964b5757c050333e7233b71d61db64d5e024,2024-11,Essex Police,Essex Police,0.499981,51.742263,On or near New Dukes Way,E01021544,Chelmsford 008A,Violence and sexual offences,Unable to prosecute suspect,
7ab4605eefc2f9b3702c51aa1ce643a7c2a3f895a884a949d861a772d6063f6d,2024-11,Essex Police,Essex Police,0.499981,51.742263,On or near New Dukes Way,E01021544,Chelmsford 008A,Violence and sexual offences,Unable to prosecute suspect,
09f569e7a4e37203ed3fc517f3721a09cb4b4611350e7d28c761b8614e16e04f,2024-11,Essex Police,Essex Police,0.499981,51.742263,On or near New Dukes Way,E01021544,Chelmsford 008A,Violence and sexual offences,Unable to prosecute suspect,
a5aed622051fbe59e9bc0d3c3c01201007fec9bfe7f9064051b28bf6a75dc6b2,2024-11,Essex Police,Essex Police,0.499981,51.742263,On or near New Dukes Way,E01021544,Chelmsford 008A,Violence and sexual offences,Investigation complete; no suspect identified,
c3d4d00924c187f57dec8fa8fb134a55ce9a995b4647b9ec2ceb34387c5e3f5c,2024-11,Essex Police,Essex Police,0.499981,51.742263,On or near New Dukes Way,E01021544,Chelmsford 008A,Violence and sexual offences,Unable to prosecute suspect,
7ff31088956c82f04511c23ef188dcb9dcaa93cfad2b5061f09506d6bb463705,2024-11,Essex Police,Essex Police,0.499981,51.742263,On or near New Dukes Way,E01021544,Chelmsford 008A,Other crime,Offender given a caution,
968c03a0c4599efb4a5119b44041d69feba1000628f1f19b38c36404728712fe,2024-11,Essex Police,Essex Police,0.499981,51.742263,On or near New Dukes Way,E01021544,Chelmsford 008A,Other crime,Court result unavailable,
cffacd45878de6fab3f7c9b9facefe086c5e242b48b02e78712aa78a647b15e9,2024-11,Essex Police,Essex Police,0.501398,51.734876,On or near Mitton Vale,E01021546,Chelmsford 008C,Robbery,Unable to prosecute suspect,
ea35cb22b00fb06ebfdbb7414730446117796feed4734672be7bbdd0e9f4b399,2024-11,Essex Police,Essex Police,0.498348,51.733403,On or near Berkely Drive,E01021546,Chelmsford 008C,Vehicle crime,Investigation complete; no suspect identified,
57953488e451941169cdf3462697fc3fa6182130ce2b4f8c5e8f2418fed93b4b,2024-11,Essex Police,Essex Police,0.502267,51.733032,On or near Salter Place,E01021546,Chelmsford 008C,Vehicle crime,Court result unavailable,
ec009e9d6010ddb8cd8258dd84e0beb7b0212d5df40f3525ddcb3432c848bd48,2024-11,Essex Police,Essex Police,0.500188,51.738931,On or near Stanley Rise,E01021546,Chelmsford 008C,Violence and sexual offences,Unable to prosecute suspect,
7401c3e3c79d6666d20507bef40ed084c3ff42e9db8824451d5adcbfd3a9fe3f,2024-11,Essex Police,Essex Police,0.497197,51.734597,On or near Hurst Way,E01021547,Chelmsford 008D,Bicycle theft,Investigation complete; no suspect identified,
19df80e72b9faf60e0aad12b9d4a510b30a6c4bc3126ecf166953ad0d5f4f648,2024-11,Essex Police,Essex Police,0.494752,51.732987,On or near Shopping Area,E01021547,Chelmsford 008D,Criminal damage and arson,Investigation complete; no suspect identified,
07e856840bd8a858c69153cf1a34c29091311eafe60e30362080fefdad91facb,2024-11,Essex Police,Essex Police,0.494752,51.732987,On or near Shopping Area,E01021547,Chelmsford 008D,Drugs,Local resolution,
e498651dfe27d1cd9bbad78b48834750bb5d7036ff2710e4451ba3d133f0a91f,2024-11,Essex Police,Essex Police,0.497197,51.734597,On or near Hurst Way,E01021547,Chelmsford 008D,Other theft,Investigation complete; no suspect identified,
0770078b6aa54d349f523906f91786c0818c3eec3068e6e22133e7c8af4eec64,2024-11,Essex Police,Essex Police,0.497787,51.731644,On or near Barnes Mill Road,E01021547,Chelmsford 008D,Other theft,Investigation complete; no suspect identified,
c2cee8e923296d6e38e5661f12183bda5de1ecc70db7e5fa6bad377dc721f8b3,2024-11,Essex Police,Essex Police,0.496616,51.734825,On or near Jeffcut Road,E01021547,Chelmsford 008D,Public order,Investigation complete; no suspect identified,
0515f4f8cd4aab3178d812a80151110b9c348910b8452b9b471d7428dad7cea9,2024-11,Essex Police,Essex Police,0.494752,51.732987,On or near Shopping Area,E01021547,Chelmsford 008D,Shoplifting,Unable to prosecute suspect,
fccf1a55ca7c6e920e8e4fce27acbed0ccefe25a9d9fdc56e3e535d21dbcbf87,2024-11,Essex Police,Essex Police,0.494752,51.732987,On or near Shopping Area,E01021547,Chelmsford 008D,Shoplifting,Investigation complete; no suspect identified,
56cc8fdc27aef36413a6dc738a3dee6d5169b58bcc23c806e15319c159aee900,2024-11,Essex Police,Essex Police,0.494752,51.732987,On or near Shopping Area,E01021547,Chelmsford 008D,Shoplifting,Investigation complete; no suspect identified,
6f7b7892b3cecaea599e08d229eda7a7d03fbab3c4926e700da088f6bee99560,2024-11,Essex Police,Essex Police,0.494752,51.732987,On or near Shopping Area,E01021547,Chelmsford 008D,Shoplifting,Status update unavailable,
4c62f894a5875ca227d8f0c7dbc6dae74dff05b8c89c84ee55f74f576cd63e82,2024-11,Essex Police,Essex Police,0.494752,51.732987,On or near Shopping Area,E01021547,Chelmsford 008D,Violence and sexual offences,Investigation complete; no suspect identified,
2a1cb9df29dc74b87f82d6ec1365ccd31c40b5c81fb630eaa06eb553c151701f,2024-11,Essex Police,Essex Police,0.494752,51.732987,On or near Shopping Area,E01021547,Chelmsford 008D,Violence and sexual offences,Unable to prosecute suspect,
528eca99d75ec8c7a25173988e062c4e2072e1835e20066edba5c40a03fcd0a3,2024-11,Essex Police,Essex Police,0.494752,51.732987,On or near Shopping Area,E01021547,Chelmsford 008D,Violence and sexual offences,Court result unavailable,
034d7c462f833026fec997287c54211c3e7d483ecd0f90856d20d44dd0d1bd40,2024-11,Essex Police,Essex Police,0.494752,51.732987,On or near Shopping Area,E01021547,Chelmsford 008D,Violence and sexual offences,Unable to prosecute suspect,
c98590518406305e9bc9b83da545cb3d5ca94edfc59a9d11237a52b4e953c964,2024-11,Essex Police,Essex Police,0.494752,51.732987,On or near Shopping Area,E01021547,Chelmsford 008D,Violence and sexual offences,Unable to prosecute suspect,
6c581441deef3917fd575c6212e47881f28a5f5342d52c67fd92e4fa0685728e,2024-11,Essex Police,Essex Police,0.494752,51.732987,On or near Shopping Area,E01021547,Chelmsford 008D,Violence and sexual offences,Unable to prosecute suspect,
e657139f5628f6405e903ba5a88244d98f24a1813fc092685aae82c428d1adb6,2024-11,Essex Police,Essex Police,0.496616,51.734825,On or near Jeffcut Road,E01021547,Chelmsford 008D,Violence and sexual offences,Unable to prosecute suspect,
6fa9060c7900b7da8c2be07836bf95ba397416e397160405c6e50660a58aed6e,2024-11,Essex Police,Essex Police,0.500279,51.736914,On or near Earlsfield Drive,E01021547,Chelmsford 008D,Violence and sexual offences,Unable to prosecute suspect,
1cf62a6b78ba3ff7dd9ae1ef370c56fe08dfea77fea867af20ca1ce6fa72f7f0,2024-11,Essex Police,Essex Police,0.494752,51.732987,On or near Shopping Area,E01021547,Chelmsford 008D,Violence and sexual offences,Unable to prosecute suspect,
10bdf5437831e99f1a3c2f03f815c719b13a92afad04f5a4eb83ed5f9d4572d8,2024-11,Essex Police,Essex Police,0.494752,51.732987,On or near Shopping Area,E01021547,Chelmsford 008D,Violence and sexual offences,Unable to prosecute suspect,
c17afdc9729e9a6efd62efadc65cfac0d2b6774a8a9c8cf1f6ec31a900b4c79b,2024-11,Essex Police,Essex Police,0.496616,51.734825,On or near Jeffcut Road,E01021547,Chelmsford 008D,Violence and sexual offences,Unable to prosecute suspect,
,2024-11,Essex Police,Essex Police,0.489386,51.733477,On or near Springfield Park Avenue,E01021628,Chelmsford 008E,Anti-social behaviour,,
,2024-11,Essex Police,Essex Police,0.489386,51.733477,On or near Springfield Park Avenue,E01021628,Chelmsford 008E,Anti-social behaviour,,
359f657ccf6843a3528c09998e2bc70d1062a81cc5f28b038eb9dd0f4e1aa220,2024-11,Essex Police,Essex Police,0.494289,51.735720,On or near Cavendish Gardens,E01021628,Chelmsford 008E,Burglary,Court result unavailable,
52a47e600b79ad4bb16b49215ea8df424b603f7adc5c394ff0bd9f01189c48f6,2024-11,Essex Police,Essex Police,0.484029,51.740641,On or near Arbour Lane,E01021628,Chelmsford 008E,Criminal damage and arson,Investigation complete; no suspect identified,
2db29741d6e789b52a30fe4965d300572c5bb00d4535a3090c28c322544a40d0,2024-11,Essex Police,Essex Police,0.489386,51.733477,On or near Springfield Park Avenue,E01021628,Chelmsford 008E,Possession of weapons,Court result unavailable,
6aedb694e459d89e158e03c03a1e48f71d5fd9c22db9b44c165adedf91d1b4a2,2024-11,Essex Police,Essex Police,0.491868,51.736994,On or near Kingston Crescent,E01021628,Chelmsford 008E,Shoplifting,Investigation complete; no suspect identified,
12bae93b582c511db288023ae50a5825beaf3f32f8fbd269a700be050e66cddc,2024-11,Essex Police,Essex Police,0.491868,51.736994,On or near Kingston Crescent,E01021628,Chelmsford 008E,Shoplifting,Investigation complete; no suspect identified,
3dd213ae2257451d9120b70fdb51ccc829c6186063f9f4ab3ebe31c28be15fd5,2024-11,Essex Police,Essex Police,0.494289,51.735720,On or near Cavendish Gardens,E01021628,Chelmsford 008E,Vehicle crime,Investigation complete; no suspect identified,
5bcb93e330073a8578b0c648cdb6c14fe5e5b0807ad196731769532abd573eb8,2024-11,Essex Police,Essex Police,0.486129,51.740102,On or near Telford Place,E01021628,Chelmsford 008E,Violence and sexual offences,Unable to prosecute suspect,
357a1295c367caf46736bc7ea904a8633b0d428e0eee9fca8b7ddd86452e0cc0,2024-11,Essex Police,Essex Police,0.489386,51.733477,On or near Springfield Park Avenue,E01021628,Chelmsford 008E,Violence and sexual offences,Court result unavailable,
,2024-11,Essex Police,Essex Police,0.485585,51.732028,On or near Hill Crescent,E01021629,Chelmsford 008F,Anti-social behaviour,,
53a5c53ef10021d8b1d723b634001d79a5b3711385a6b7b54f424a1283047a67,2024-11,Essex Police,Essex Police,0.489758,51.731544,On or near Ruskin Road,E01021629,Chelmsford 008F,Burglary,Investigation complete; no suspect identified,
687371db4ef571f66da9b87b5ce042e6ec7d0ae682c878b176b0e31fd7139655,2024-11,Essex Police,Essex Police,0.489758,51.731544,On or near Ruskin Road,E01021629,Chelmsford 008F,Criminal damage and arson,Investigation complete; no suspect identified,
cec7547c915d8df3ee74bb896d44a0e41baeaaa9c05322fed16b5db8f7c654a1,2024-11,Essex Police,Essex Police,0.489758,51.731544,On or near Ruskin Road,E01021629,Chelmsford 008F,Criminal damage and arson,Investigation complete; no suspect identified,
0cdec6032e8b2b71d5bda60ebe153fe6982b0dd47b544c08e1dc811aa6335b3b,2024-11,Essex Police,Essex Police,0.483676,51.734991,On or near Trinity Road,E01021629,Chelmsford 008F,Public order,Unable to prosecute suspect,
cd1138312ad1f898f3ce259df480dd699b269e499c8245fd6c802913bc3dd327,2024-11,Essex Police,Essex Police,0.489758,51.731544,On or near Ruskin Road,E01021629,Chelmsford 008F,Public order,Court result unavailable,
bf98e00691c41d114df870edc96034ff0eeb219fadcb3346798dfbb8c69e1d24,2024-11,Essex Police,Essex Police,0.485585,51.732028,On or near Hill Crescent,E01021629,Chelmsford 008F,Robbery,Investigation complete; no suspect identified,
a90a05422cef5446e573e95b9043d0aabb31769b8a9431645cee94bb2459484a,2024-11,Essex Police,Essex Police,0.483676,51.734991,On or near Trinity Road,E01021629,Chelmsford 008F,Vehicle crime,Investigation complete; no suspect identified,
770f791b8d0e9bb08f7677b954d818cce5a049384ab334b468858921705257c9,2024-11,Essex Police,Essex Police,0.491073,51.734655,On or near Springfield Park Lane,E01021629,Chelmsford 008F,Vehicle crime,Investigation complete; no suspect identified,
b4424ac482811a10b609d55f3cab5476a8f6a19dfb8c53d6f27fc34c6705b670,2024-11,Essex Police,Essex Police,0.488113,51.733764,On or near Springfield Park Parade,E01021629,Chelmsford 008F,Violence and sexual offences,Unable to prosecute suspect,
816baa76c5b0173f21785e587bb85ff65d6c37c012718c90358a79e7bb903dc6,2024-11,Essex Police,Essex Police,0.488113,51.733764,On or near Springfield Park Parade,E01021629,Chelmsford 008F,Violence and sexual offences,Unable to prosecute suspect,
6daef1d9bb732a41a57dec8b27f22ca1e21ba5818d7d1ecd1fefd34e3643ee9f,2024-11,Essex Police,Essex Police,0.489758,51.731544,On or near Ruskin Road,E01021629,Chelmsford 008F,Violence and sexual offences,Unable to prosecute suspect,
984266a23d532f663657a6a8a3329f4bb4003912d5789ecaaae06cc7f92f0590,2024-11,Essex Police,Essex Police,0.485984,51.734556,On or near Springfield Park Hill,E01021629,Chelmsford 008F,Violence and sexual offences,Unable to prosecute suspect,
,2024-11,Essex Police,Essex Police,0.459524,51.742856,On or near Dixon Avenue,E01021573,Chelmsford 009A,Anti-social behaviour,,
301c60153b47fd46d069b0561e6d1dd8c19aee087f324ba239d440c9477752ca,2024-11,Essex Police,Essex Police,0.461713,51.742621,On or near Swiss Avenue,E01021573,Chelmsford 009A,Burglary,Investigation complete; no suspect identified,
c9737da5b23206583816961343a0fbff102f7cd9f7ef25971a0c146dcd9046e0,2024-11,Essex Police,Essex Police,0.459029,51.744674,On or near Supermarket,E01021573,Chelmsford 009A,Burglary,Investigation complete; no suspect identified,
1923473773e8f6d17be83fbe5de136734b2c46c048453922a9211abff84ab409,2024-11,Essex Police,Essex Police,0.459836,51.739792,On or near School View Road,E01021573,Chelmsford 009A,Criminal damage and arson,Investigation complete; no suspect identified,
242286d5b483c59dfe85564358b30cdc08b32cdc4731f864f35edd03285a13bf,2024-11,Essex Police,Essex Police,0.458556,51.744774,On or near Smith Hughes Close,E01021573,Chelmsford 009A,Drugs,Court result unavailable,
161706dd93cebe7db065dfaf3ae40058ba9ac76b49f6117e7bf47a95aada5e65,2024-11,Essex Police,Essex Police,0.461571,51.739207,On or near Petrol Station,E01021573,Chelmsford 009A,Drugs,Local resolution,
80a236e53827d2712557fb2302b7380d809930b7a8e987541dc8aff88fd87b27,2024-11,Essex Police,Essex Police,0.465972,51.741552,On or near Westfield Avenue,E01021573,Chelmsford 009A,Other theft,Unable to prosecute suspect,
c4f4bb249e8546a3c37117b75f0b6038db15c1626bb6bf62e2e3b496044c6ae2,2024-11,Essex Police,Essex Police,0.461571,51.739207,On or near Petrol Station,E01021573,Chelmsford 009A,Other theft,Investigation complete; no suspect identified,
4b5c44831cb8c13f65c4b12d276afb65cebc5861aee16ac7260676239890bbcd,2024-11,Essex Police,Essex Police,0.458556,51.744774,On or near Smith Hughes Close,E01021573,Chelmsford 009A,Possession of weapons,Unable to prosecute suspect,
6ab015ab6266532fac84abd8b74729d75c66f30f0fb05eacc4da1280a32066fd,2024-11,Essex Police,Essex Police,0.459029,51.744674,On or near Supermarket,E01021573,Chelmsford 009A,Shoplifting,Investigation complete; no suspect identified,
e98a5bd1b96eed16d43ec722d498d169329cb519e8f3fca7d71f5239a49f8ea7,2024-11,Essex Police,Essex Police,0.459029,51.744674,On or near Supermarket,E01021573,Chelmsford 009A,Shoplifting,Unable to prosecute suspect,
50a5c0056f05c12c9cd72a2b030a774a45e19afc885a42705bbdc495bdf470be,2024-11,Essex Police,Essex Police,0.459948,51.744520,On or near Kings Road,E01021573,Chelmsford 009A,Vehicle crime,Investigation complete; no suspect identified,
3459455ca253befeb1d9815b1c405af1431672d6879a94d4c8895b2bbefa1583,2024-11,Essex Police,Essex Police,0.460937,51.743006,On or near Kirklees,E01021573,Chelmsford 009A,Vehicle crime,Investigation complete; no suspect identified,
4485b8f314884960df83580957cc588e1a59227584cbb39e4069bb5cbee8a455,2024-11,Essex Police,Essex Police,0.455961,51.742337,On or near Warwick Square,E01021573,Chelmsford 009A,Violence and sexual offences,Unable to prosecute suspect,
5faecffb4bba0feda405bd33197f50a18aba16dbe2995485516d4be9a78d8e8a,2024-11,Essex Police,Essex Police,0.455385,51.743995,On or near Christy Avenue,E01021573,Chelmsford 009A,Violence and sexual offences,Unable to prosecute suspect,
d873379864dd1538d0401d56db84d132995a9e9c1d5f5c4b0328b37e2a9aef41,2024-11,Essex Police,Essex Police,0.455385,51.743995,On or near Christy Avenue,E01021573,Chelmsford 009A,Violence and sexual offences,Unable to prosecute suspect,
e5a8dd0e1904c10acf8d7ca9bd9979d7a50164175e22b504deec73b15499cab2,2024-11,Essex Police,Essex Police,0.455385,51.743995,On or near Christy Avenue,E01021573,Chelmsford 009A,Violence and sexual offences,Unable to prosecute suspect,
2d430cf0d45691237b00856f89272c719d46435a10e43474689c28f2becbac53,2024-11,Essex Police,Essex Police,0.465972,51.741552,On or near Westfield Avenue,E01021573,Chelmsford 009A,Violence and sexual offences,Court result unavailable,
771ce3d56f24af3e6b21bf84ca26a2ed244dd55994e86e1836d572a6953f7fc8,2024-11,Essex Police,Essex Police,0.455385,51.743995,On or near Christy Avenue,E01021573,Chelmsford 009A,Violence and sexual offences,Investigation complete; no suspect identified,
7439fca8c2edcb2bea2277a0733ca61e2938a7bdcdd41964d81f6695a0416930,2024-11,Essex Police,Essex Police,0.454178,51.739504,On or near Sports/Recreation Area,E01021575,Chelmsford 009B,Bicycle theft,Unable to prosecute suspect,
d86de19a524b73266c01c1ba8015a222f58e2d2e093193c89f97fdaf01643ecb,2024-11,Essex Police,Essex Police,0.457594,51.737195,On or near Nelson Grove,E01021575,Chelmsford 009B,Burglary,Investigation complete; no suspect identified,
866182b5f6cf29084d0331f40394a6fb05eda53608d9a4f464e54e56a40acade,2024-11,Essex Police,Essex Police,0.460281,51.738658,On or near Primrose Hill,E01021575,Chelmsford 009B,Burglary,Investigation complete; no suspect identified,
9af974f73da0ec59e4aaa1a33fac21184b443dcb35931e8d4988d379246f9958,2024-11,Essex Police,Essex Police,0.460650,51.737715,On or near South Primrose Hill,E01021575,Chelmsford 009B,Burglary,Investigation complete; no suspect identified,
b48d355fdec100c74569dba37c6acac44e9886b211300e5818970fd35ddd84c1,2024-11,Essex Police,Essex Police,0.456990,51.739411,On or near Harrison Court,E01021575,Chelmsford 009B,Burglary,Investigation complete; no suspect identified,
e92ca2c78ceb23a69efde5f12334a76ef715343ec92541e1420a662e8e81f744,2024-11,Essex Police,Essex Police,0.460650,51.737715,On or near South Primrose Hill,E01021575,Chelmsford 009B,Drugs,Investigation complete; no suspect identified,
3c2afcffdc8db65f176dd09d4dad999a03779f04cb7b11f2da0e86cef481a990,2024-11,Essex Police,Essex Police,0.461085,51.739064,On or near Rainsford Road,E01021575,Chelmsford 009B,Shoplifting,Unable to prosecute suspect,
f8804edf5a26b1db22aa9febfa5b9af3f287b85abed6f3cc0d88cd6303c09e53,2024-11,Essex Police,Essex Police,0.460281,51.738658,On or near Primrose Hill,E01021575,Chelmsford 009B,Vehicle crime,Investigation complete; no suspect identified,
14202c2ba6a958d0b9fa913e77f24fa8e8d53ef1957da408dad539552fd3ca09,2024-11,Essex Police,Essex Police,0.458761,51.739742,On or near Mace Walk,E01021575,Chelmsford 009B,Vehicle crime,Investigation complete; no suspect identified,
d074bbc4829fab859bfb69795f1cecae36491594ae8150f032c25fa21e3265f2,2024-11,Essex Police,Essex Police,0.457594,51.737195,On or near Nelson Grove,E01021575,Chelmsford 009B,Violence and sexual offences,Investigation complete; no suspect identified,
fb19c1bd49ec5ebc50c551b241f6ab28a580e49ce15ca397ab926a9ba77a922a,2024-11,Essex Police,Essex Police,0.457594,51.737195,On or near Nelson Grove,E01021575,Chelmsford 009B,Violence and sexual offences,Investigation complete; no suspect identified,
302b7e3e363f7f9cb6b38a66e72f1e03e47d32618c2a88607a25b8a32dcd115c,2024-11,Essex Police,Essex Police,0.457594,51.737195,On or near Nelson Grove,E01021575,Chelmsford 009B,Violence and sexual offences,Investigation complete; no suspect identified,
8ed873ebde6dcb0e5acf2a188f402c9dbc821ce39768d1c32857b8f048de941d,2024-11,Essex Police,Essex Police,0.457594,51.737195,On or near Nelson Grove,E01021575,Chelmsford 009B,Violence and sexual offences,Investigation complete; no suspect identified,
8e9ac2842674d92b6b5842d19d58192fd2280506a677598d5dea049cd5f6f41f,2024-11,Essex Police,Essex Police,0.460650,51.737715,On or near South Primrose Hill,E01021575,Chelmsford 009B,Violence and sexual offences,Unable to prosecute suspect,
08d3ff3c97379fb294bb48ebcb39e63fb501c79a0457abb9ba24852d7258c5f9,2024-11,Essex Police,Essex Police,0.457594,51.737195,On or near Nelson Grove,E01021575,Chelmsford 009B,Violence and sexual offences,Unable to prosecute suspect,
5964d660ca94098b61f2a3111bb7067d03232dd8c9d320d93a6bb6e3b3658d83,2024-11,Essex Police,Essex Police,0.456990,51.739411,On or near Harrison Court,E01021575,Chelmsford 009B,Violence and sexual offences,Awaiting court outcome,
f863e6baa4a27b05ab125cca963913520afd352018718dabc04d6abe9deed26c,2024-11,Essex Police,Essex Police,0.457594,51.737195,On or near Nelson Grove,E01021575,Chelmsford 009B,Violence and sexual offences,Investigation complete; no suspect identified,
2ee1e972771d4826e7c1bd9e5d544f63c2b335b74aba36af7dce8a860a1f8149,2024-11,Essex Police,Essex Police,0.457594,51.737195,On or near Nelson Grove,E01021575,Chelmsford 009B,Violence and sexual offences,Investigation complete; no suspect identified,
,2024-11,Essex Police,Essex Police,0.446004,51.742239,On or near St James Park,E01021599,Chelmsford 009C,Anti-social behaviour,,
ce081d5e67fce23b89bdad8051ff72d2985cc3bd901f236dc37970d3750a334f,2024-11,Essex Police,Essex Police,0.448036,51.743123,On or near Highfield Road,E01021599,Chelmsford 009C,Burglary,Investigation complete; no suspect identified,
a71523872d8ae8720f0baf9b570f7e1bfe676fec44dc51fc5b556198d488f7c6,2024-11,Essex Police,Essex Police,0.447031,51.741948,On or near Sunningdale Road,E01021599,Chelmsford 009C,Vehicle crime,Investigation complete; no suspect identified,
e025214e8560c7aedfdd0914cc67a24b6831b2893e0f6381011fed5cd3df4c82,2024-11,Essex Police,Essex Police,0.450367,51.741761,On or near Acres End,E01021599,Chelmsford 009C,Violence and sexual offences,Investigation complete; no suspect identified,
5e8664bd22069ae14a7afc86ff54b90894e0ab9501d60063173ff01f88e0c73f,2024-11,Essex Police,Essex Police,0.448234,51.739809,On or near Windley Tye,E01021599,Chelmsford 009C,Violence and sexual offences,Unable to prosecute suspect,
f4af21b9f5810512226a98775d9c29bbe99bab93545f9d7c8d2241e977e4d265,2024-11,Essex Police,Essex Police,0.453116,51.742225,On or near Lichfield Close,E01021599,Chelmsford 009C,Violence and sexual offences,Status update unavailable,
2fe9f2daaf90c61e1aaf3ab2e0bfde4da6b3d34380ced4f3ed368a1fc1999793,2024-11,Essex Police,Essex Police,0.448234,51.739809,On or near Windley Tye,E01021599,Chelmsford 009C,Violence and sexual offences,Status update unavailable,
6c3c08219ed9c225e49dcaf015e8d8855651a7f4f1dac82a592b70af2b32014a,2024-11,Essex Police,Essex Police,0.448381,51.729140,On or near Stansted Close,E01021631,Chelmsford 009E,Burglary,Investigation complete; no suspect identified,
2feda7bf293d2c936f74413006dd98270101c437b591cb74438872373a86210c,2024-11,Essex Police,Essex Police,0.450839,51.728262,On or near Delamere Road,E01021631,Chelmsford 009E,Criminal damage and arson,Unable to prosecute suspect,
06e92b8c18601d5961ecb28f66c2a71119a54d36922a7db6a3da0e64661df383,2024-11,Essex Police,Essex Police,0.448381,51.729140,On or near Stansted Close,E01021631,Chelmsford 009E,Criminal damage and arson,Investigation complete; no suspect identified,
b594926df80ffdd8e315a96ea958e4baff4032ff6250b483270a513babd7a3a4,2024-11,Essex Police,Essex Police,0.451584,51.729191,On or near Charnwood Avenue,E01021631,Chelmsford 009E,Criminal damage and arson,Investigation complete; no suspect identified,
a316a74af1fa2df0fbab29472c6c6d6f242c8196e06d8aced2c8764a4bda049a,2024-11,Essex Police,Essex Police,0.451584,51.729191,On or near Charnwood Avenue,E01021631,Chelmsford 009E,Possession of weapons,Unable to prosecute suspect,
0902650a17b85fa7bba7b9f6a4df81c37ee2f66fd211409b85f98fae2a5e1955,2024-11,Essex Police,Essex Police,0.449577,51.730905,On or near Supermarket,E01021631,Chelmsford 009E,Shoplifting,Investigation complete; no suspect identified,
bd085e82cc426de9d2c7b40d282219d96944308f2994f35a394a351b3dae49cc,2024-11,Essex Police,Essex Police,0.450528,51.729213,On or near Epping Close,E01021631,Chelmsford 009E,Violence and sexual offences,Unable to prosecute suspect,
29040a82c1c8b0daaf1e53993ca0bcf6490cf74764ca7f4c5445622d55dce697,2024-11,Essex Police,Essex Police,0.443978,51.730203,On or near Exmoor Close,E01021631,Chelmsford 009E,Violence and sexual offences,Unable to prosecute suspect,
5755d8d53e0bb5856f043037df076233587b3de133c40ab2975b425c6c02a854,2024-11,Essex Police,Essex Police,0.447262,51.729604,On or near Hainault Grove,E01021631,Chelmsford 009E,Violence and sexual offences,Unable to prosecute suspect,
1a0fb1a13ce10a8c588b6f50d8a50463a3effd91b8e655d061f87f03d271f2a2,2024-11,Essex Police,Essex Police,0.447262,51.729604,On or near Hainault Grove,E01021631,Chelmsford 009E,Violence and sexual offences,Unable to prosecute suspect,
981608346fb5e1f4dde4ed2d35fb45126fa000f277a3edcb9a2ccdd08046ccf8,2024-11,Essex Police,Essex Police,0.450839,51.728262,On or near Delamere Road,E01021631,Chelmsford 009E,Violence and sexual offences,Unable to prosecute suspect,
415932a3685277ebf62699bb676424aae0b8c5684155f15079a7837812a47ee3,2024-11,Essex Police,Essex Police,0.446577,51.728180,On or near Milburn Crescent,E01021631,Chelmsford 009E,Violence and sexual offences,Action to be taken by another organisation,
,2024-11,Essex Police,Essex Police,0.455711,51.732648,On or near Supermarket,E01033138,Chelmsford 009F,Anti-social behaviour,,
7d96465dd78f92314b89b64f597a6c0f7dec1df10ccc313d505a18d3362ce1d0,2024-11,Essex Police,Essex Police,0.456550,51.727018,On or near Evelyn Place,E01033138,Chelmsford 009F,Criminal damage and arson,Investigation complete; no suspect identified,
047f0d9d2ebb9ca43e4239c4a6d78936104e6e8a6ea00f1af27e9ea20428be19,2024-11,Essex Police,Essex Police,0.449309,51.720857,On or near Rodney Way,E01033138,Chelmsford 009F,Criminal damage and arson,Investigation complete; no suspect identified,
410ee6550eff5c91f28bbc19dd1d61e2a5c3df81562cde307f6a32cbea79fb32,2024-11,Essex Police,Essex Police,0.456550,51.727018,On or near Evelyn Place,E01033138,Chelmsford 009F,Drugs,Local resolution,
6d39bee151cc2f399a62d330c2c668bf1dd206241b3b2826c7ebec9cf7af9599,2024-11,Essex Police,Essex Police,0.458231,51.733188,On or near Parking Area,E01033138,Chelmsford 009F,Drugs,Court result unavailable,
0843bd24a0571dd4ad70c70e4988d7dba1108b9a4001cdb43c1453a3477ae027,2024-11,Essex Police,Essex Police,0.456550,51.727018,On or near Evelyn Place,E01033138,Chelmsford 009F,Drugs,Local resolution,
955e1cb1fb0c16b2319aca3e2d6383661b7599fbf3624fa2c666268581e5dcd5,2024-11,Essex Police,Essex Police,0.458647,51.728036,On or near Parkinson Drive,E01033138,Chelmsford 009F,Other theft,Investigation complete; no suspect identified,
2b319118992b9a86f044bfd5328fe52fd925156e71858d6b381ff26b420b4539,2024-11,Essex Police,Essex Police,0.452248,51.723286,On or near Shopping Area,E01033138,Chelmsford 009F,Public order,Unable to prosecute suspect,
4b14dc5f19822ee2aa7c488e36033ab347c247351cb71ac45c84fbd16cf9aa1d,2024-11,Essex Police,Essex Police,0.455712,51.732666,On or near Petrol Station,E01033138,Chelmsford 009F,Public order,Court result unavailable,
d0af211b40baef2313d86d5e17272c4c37802443d5b3b9bfbad0bd11ca79d474,2024-11,Essex Police,Essex Police,0.455711,51.732648,On or near Supermarket,E01033138,Chelmsford 009F,Shoplifting,Unable to prosecute suspect,
de56f4a4fb3c6a6e281f163b6da0c0de658bd07df349e4ea8dcf42b6f1bfcd08,2024-11,Essex Police,Essex Police,0.452606,51.724528,On or near Parking Area,E01033138,Chelmsford 009F,Shoplifting,Investigation complete; no suspect identified,
7b350051584bb0ae95a6bbe4df02fabc0a7c9ac3c25d85471389fefc2befe849,2024-11,Essex Police,Essex Police,0.455711,51.732648,On or near Supermarket,E01033138,Chelmsford 009F,Shoplifting,Investigation complete; no suspect identified,
4dd7af23cca15ff9fc89ad079f287a137e46378110658b37a1673087003a9482,2024-11,Essex Police,Essex Police,0.455712,51.732666,On or near Petrol Station,E01033138,Chelmsford 009F,Shoplifting,Unable to prosecute suspect,
86ee5f8fb7f7853ef56e3742e88fad55d93d86287d10e6f6391b54c7e277c8cd,2024-11,Essex Police,Essex Police,0.458647,51.728036,On or near Parkinson Drive,E01033138,Chelmsford 009F,Vehicle crime,Investigation complete; no suspect identified,
99ea4d57217c32bc366b6763efbe89d2cabb1525cf90c4965e2e033d98299418,2024-11,Essex Police,Essex Police,0.448073,51.725586,On or near Parking Area,E01033138,Chelmsford 009F,Vehicle crime,Investigation complete; no suspect identified,
1ea3474dbc9be062a42dcaf58647a1fe8e5ac940f027783a347247026a473421,2024-11,Essex Police,Essex Police,0.447774,51.721923,On or near Russell Way,E01033138,Chelmsford 009F,Vehicle crime,Court result unavailable,
967487a293307a0c9f27f75386ad249253169c534fcd85186485576db13084ec,2024-11,Essex Police,Essex Police,0.455602,51.727164,On or near Crompton Street,E01033138,Chelmsford 009F,Violence and sexual offences,Unable to prosecute suspect,
3cb3ebb4b5da531f264d3ca8aba66a6c14f3f1926f93fd9ac807f039ad025836,2024-11,Essex Police,Essex Police,0.451119,51.723795,On or near Westway,E01033138,Chelmsford 009F,Violence and sexual offences,Unable to prosecute suspect,
8e6d38e86f3810774939b6fab0b532e2177b4bf8f7642bbe9c0dd5710b1e95b8,2024-11,Essex Police,Essex Police,0.447875,51.727646,On or near Sports/Recreation Area,E01033138,Chelmsford 009F,Violence and sexual offences,Court result unavailable,
7ddb4858c15730f8538928f55446e3d923bd7a222c278d32ff3660bf2b6e3ffd,2024-11,Essex Police,Essex Police,0.458231,51.733188,On or near Parking Area,E01033138,Chelmsford 009F,Violence and sexual offences,Unable to prosecute suspect,
a03dc13aec7d7a36508032edc719322605a7b21ddca3b2861e7476a87c1a5f4e,2024-11,Essex Police,Essex Police,0.450388,51.727696,On or near Rossendale,E01033138,Chelmsford 009F,Violence and sexual offences,Unable to prosecute suspect,
1c5c3e70eb74d7401d0ca9a6631594261e92ffffe74fb68df946e5fbd9a5a0b3,2024-11,Essex Police,Essex Police,0.447875,51.727646,On or near Sports/Recreation Area,E01033138,Chelmsford 009F,Violence and sexual offences,Unable to prosecute suspect,
b5810b3c85e6fd856020a9c5b68527468b1c111dfe3d4d305b31c937ec0cc1fa,2024-11,Essex Police,Essex Police,0.455712,51.732666,On or near Petrol Station,E01033138,Chelmsford 009F,Violence and sexual offences,Unable to prosecute suspect,
e87d3694d83ef8e6cb9973237ad39b19f71ba295466aa8f275ecf7aa3b3bf10f,2024-11,Essex Police,Essex Police,0.452167,51.723369,On or near Shopping Area,E01033138,Chelmsford 009F,Violence and sexual offences,Investigation complete; no suspect identified,
128418d23574c70338d9c224a917619afaf19e7de234405ae13c4738de52f716,2024-11,Essex Police,Essex Police,0.461563,51.735331,On or near Parking Area,E01033139,Chelmsford 009G,Burglary,Investigation complete; no suspect identified,
857a0e7d6c87d14f3a7796f06814e74314bffd71a2b87b022a540d679dd96d44,2024-11,Essex Police,Essex Police,0.458173,51.726769,On or near Rookes Crescent,E01033139,Chelmsford 009G,Criminal damage and arson,Unable to prosecute suspect,
a8c7badeb146c5ca9708debb7a8647f3807c40703d0e43a85c4847c53925691e,2024-11,Essex Police,Essex Police,0.464116,51.734864,On or near Coval Wells,E01033139,Chelmsford 009G,Drugs,Local resolution,
253490a92d83a9be50564f361fb8f5e8d13e41e0b79dae44369ead7acdf433f8,2024-11,Essex Police,Essex Police,0.464116,51.734864,On or near Coval Wells,E01033139,Chelmsford 009G,Drugs,Local resolution,
4f77fb282b5dc514bf13700cd4ffb7fcb802238f32cceff16d95a0102f34160b,2024-11,Essex Police,Essex Police,0.461763,51.736604,On or near Norton Road,E01033139,Chelmsford 009G,Drugs,Status update unavailable,
4fe48fe0705938abef4ff95cd4b88f5c29b454e91d49981a93b08035e1716fb5,2024-11,Essex Police,Essex Police,0.461915,51.734334,On or near Elgin Avenue,E01033139,Chelmsford 009G,Other theft,Unable to prosecute suspect,
8a773658274e9590deb6381c84d334f77ff2e7ea278ad663b3195b86a42c7894,2024-11,Essex Police,Essex Police,0.461915,51.734334,On or near Elgin Avenue,E01033139,Chelmsford 009G,Public order,Investigation complete; no suspect identified,
9fe296d178a18be7127ab5c1224dbd5e129dbcc1b9735ea145065c84b8055e3a,2024-11,Essex Police,Essex Police,0.463181,51.735513,On or near Coval Lane,E01033139,Chelmsford 009G,Violence and sexual offences,Court result unavailable,
,2024-11,Essex Police,Essex Police,0.371995,51.710168,On or near Highwood Road,E01021551,Chelmsford 011A,Anti-social behaviour,,
b14cc9396ba1119c3ba66d63be846770cda33455c949fd49d7f8116dcca1abe3,2024-11,Essex Police,Essex Police,0.348640,51.724567,On or near Radley Green Road,E01021551,Chelmsford 011A,Criminal damage and arson,Investigation complete; no suspect identified,
711059f2b83e44396f731be7f567c6de361356b4f198169a51c9f566078d6cc8,2024-11,Essex Police,Essex Police,0.371556,51.731094,On or near Chapel Lane,E01021551,Chelmsford 011A,Public order,Unable to prosecute suspect,
5f31ad24ac8ec006ee1d59aa55e19b95dbb6686a8277b73d82e317031915cc77,2024-11,Essex Police,Essex Police,0.389649,51.714711,On or near Highwood Road,E01021551,Chelmsford 011A,Vehicle crime,Unable to prosecute suspect,
e893457438a1562c104a784f165c8566030d8e0d359c99907ee4533966b61a1f,2024-11,Essex Police,Essex Police,0.364895,51.700320,On or near Ingatestone Road,E01021551,Chelmsford 011A,Vehicle crime,Investigation complete; no suspect identified,
eda58bd914109a11d1f2f9e0bf3a3b8fa875625b8e4c0a63f07b20300161c97f,2024-11,Essex Police,Essex Police,0.371995,51.710168,On or near Highwood Road,E01021551,Chelmsford 011A,Violence and sexual offences,Unable to prosecute suspect,
934c03d97c5c614c0176596fa130677581f14ab7de5eb491c8f29bd02d7e1962,2024-11,Essex Police,Essex Police,0.455208,51.733791,On or near Beeches Court,E01021632,Chelmsford 011B,Vehicle crime,Investigation complete; no suspect identified,
49a29ad1d6e88abcc3850a033fdf24ad44fc16667699a52725506df605c50d25,2024-11,Essex Police,Essex Police,0.447930,51.731785,On or near St Catherine'S Road,E01021632,Chelmsford 011B,Violence and sexual offences,Unable to prosecute suspect,
1f296a4abd909eaba66a83dd0df896e90e5bf70ea5f73b7c8c619c6f4b7323ee,2024-11,Essex Police,Essex Police,0.446741,51.733356,On or near Abbess Close,E01021632,Chelmsford 011B,Violence and sexual offences,Investigation complete; no suspect identified,
c2f9197fbb200030c06c89680c470720b02aab2e7e2a8d18996de49183cf2855,2024-11,Essex Police,Essex Police,0.452923,51.734127,On or near Beeches Crescent,E01021632,Chelmsford 011B,Violence and sexual offences,Unable to prosecute suspect,
,2024-11,Essex Police,Essex Police,0.429209,51.729709,On or near Parking Area,E01021633,Chelmsford 011C,Anti-social behaviour,,
,2024-11,Essex Police,Essex Police,0.428133,51.737196,On or near Further/Higher Educational Building,E01021633,Chelmsford 011C,Anti-social behaviour,,
5b8168c9ab5bbe555fe6bc8b14320df09b20fa12ca56b13fd5ad2b189cbb31b6,2024-11,Essex Police,Essex Police,0.432370,51.730058,On or near Usborne Mews,E01021633,Chelmsford 011C,Criminal damage and arson,Investigation complete; no suspect identified,
40c5c0c32b8e67124a9a4350b59aa3c02bb0835a9a5b01d29ea1945c7ee8dee4,2024-11,Essex Police,Essex Police,0.431752,51.729882,On or near Bridge Street,E01021633,Chelmsford 011C,Public order,Court result unavailable,
4a8a4f92b92d38f63cf45a780b584bcce6a0d5f2927e0dcc766e10c65a2a658e,2024-11,Essex Police,Essex Police,0.426462,51.731960,On or near Orchard Close,E01021633,Chelmsford 011C,Public order,Unable to prosecute suspect,
185c01e6a31c4762fc6ab9fcb1fef86c500adcd4aaded2004ef8287dfef75a11,2024-11,Essex Police,Essex Police,0.426462,51.731960,On or near Orchard Close,E01021633,Chelmsford 011C,Public order,Unable to prosecute suspect,
67b3cdc38fb964cd2da6ff7251103e6d28f7d778780b54b698233508bf21661b,2024-11,Essex Police,Essex Police,0.426147,51.731760,On or near Petrol Station,E01021633,Chelmsford 011C,Public order,Investigation complete; no suspect identified,
a144aff5f35b569740bd0eff5db4909bbcd8576df31b4714f71e8da2a11a6a78,2024-11,Essex Police,Essex Police,0.426147,51.731760,On or near Petrol Station,E01021633,Chelmsford 011C,Public order,Investigation complete; no suspect identified,
09996f0bb3566b23894a6dce8e21303f3ac106b0bc55d7c2196ff76150da6f7e,2024-11,Essex Police,Essex Police,0.426147,51.731760,On or near Petrol Station,E01021633,Chelmsford 011C,Public order,Investigation complete; no suspect identified,
57e4d987fac9fb6d6262222631866248913dde855413feb53f4a7f98651b05b8,2024-11,Essex Police,Essex Police,0.431752,51.729882,On or near Bridge Street,E01021633,Chelmsford 011C,Shoplifting,Investigation complete; no suspect identified,
3575da279677a66238c3f2606f7e2995ae71816b263286ad3644fc1b95e19abd,2024-11,Essex Police,Essex Police,0.431752,51.729882,On or near Bridge Street,E01021633,Chelmsford 011C,Shoplifting,Investigation complete; no suspect identified,
5368dc420c21334985b954a094afcb95a1db2f9a16fd96925a833b72c7015fcc,2024-11,Essex Police,Essex Police,0.431752,51.729882,On or near Bridge Street,E01021633,Chelmsford 011C,Shoplifting,Court result unavailable,
1e9b85a44a33dcfb9b1ea96a75ed49e646227bb4ebb4f3543253042541204c1c,2024-11,Essex Police,Essex Police,0.431752,51.729882,On or near Bridge Street,E01021633,Chelmsford 011C,Shoplifting,Investigation complete; no suspect identified,
121516d4301c665c98d8562a394400810a8b144849e596ecaf498020455ddf06,2024-11,Essex Police,Essex Police,0.431752,51.729882,On or near Bridge Street,E01021633,Chelmsford 011C,Shoplifting,Investigation complete; no suspect identified,
43115fe7165af44219dee439f20674d7b32c0b32a95d0587c14ba4d9e084599e,2024-11,Essex Police,Essex Police,0.431752,51.729882,On or near Bridge Street,E01021633,Chelmsford 011C,Shoplifting,Investigation complete; no suspect identified,
b0530040e8eb191a3b5b9574f5873a93957c75d897b27ed0323ba554bc78ef19,2024-11,Essex Police,Essex Police,0.431752,51.729882,On or near Bridge Street,E01021633,Chelmsford 011C,Shoplifting,Investigation complete; no suspect identified,
57ebefdc1d078f39499ae04c36e3c34fdfed4b6e2bd5b6619a2480d284c1cb11,2024-11,Essex Police,Essex Police,0.431752,51.729882,On or near Bridge Street,E01021633,Chelmsford 011C,Shoplifting,Unable to prosecute suspect,
5451e32066277ffeb7f84bfb3caae92dc1834b1b689f67146348a2ea50044b29,2024-11,Essex Police,Essex Police,0.431752,51.729882,On or near Bridge Street,E01021633,Chelmsford 011C,Shoplifting,Investigation complete; no suspect identified,
2c14e905f36798abc2fe40d9a94fca2b72eab0b82516a776cfc5070eb2b4ec98,2024-11,Essex Police,Essex Police,0.431752,51.729882,On or near Bridge Street,E01021633,Chelmsford 011C,Shoplifting,Investigation complete; no suspect identified,
b969a2ab18164c537a6c6cc2ba2eee7bcae5412d914ffb107d386f9fffd0a7ab,2024-11,Essex Police,Essex Police,0.431752,51.729882,On or near Bridge Street,E01021633,Chelmsford 011C,Shoplifting,Court result unavailable,
a1d3c5e7cf3f4c205f5968f8fbaec39c35e019a72d46defdd6f670262ae6b79f,2024-11,Essex Police,Essex Police,0.431752,51.729882,On or near Bridge Street,E01021633,Chelmsford 011C,Shoplifting,Court result unavailable,
59a23614760cd4fcb5bcd923670d03318fbd0d02948b775b31f184a487a2f2f9,2024-11,Essex Police,Essex Police,0.430370,51.730576,On or near St John'S Green,E01021633,Chelmsford 011C,Vehicle crime,Investigation complete; no suspect identified,
c8b9f88e8c235d5b8f0ce76c6c46bc69689fbd5f09ebbd3bc12c80607a5c9b7f,2024-11,Essex Police,Essex Police,0.415867,51.731271,On or near Daws Close,E01021633,Chelmsford 011C,Vehicle crime,Investigation complete; no suspect identified,
,2024-11,Essex Police,Essex Police,0.424118,51.725237,On or near Margaretting Road,E01021634,Chelmsford 011D,Anti-social behaviour,,
b13bdde2cdec60ca0e5397063e3ca64fded42c448b58e00fb851d65ddf713a5b,2024-11,Essex Police,Essex Police,0.420424,51.727373,On or near The Ryle,E01021634,Chelmsford 011D,Criminal damage and arson,Investigation complete; no suspect identified,
05f420900e75b1b22aaa86da879355dff6e6f3de05f9468b9aea1de43eb765d2,2024-11,Essex Police,Essex Police,0.420424,51.727373,On or near The Ryle,E01021634,Chelmsford 011D,Criminal damage and arson,Investigation complete; no suspect identified,
3953b077034b6641ad791256dd21cba2a4add53be2e36439f0ef6c1098f090b6,2024-11,Essex Police,Essex Police,0.442357,51.728070,On or near Chelmsford Road,E01021634,Chelmsford 011D,Other theft,Investigation complete; no suspect identified,
4d475d2471c7954c793052db4853ae92ef3d270c4782be442188c6c0db4b81f8,2024-11,Essex Police,Essex Police,0.442357,51.728070,On or near Chelmsford Road,E01021634,Chelmsford 011D,Other theft,Unable to prosecute suspect,
f1477a075682d25a549d3955bae6f845fcf883cbba84b0d225c9b0d6c1e76711,2024-11,Essex Police,Essex Police,0.442357,51.728070,On or near Chelmsford Road,E01021634,Chelmsford 011D,Other theft,Investigation complete; no suspect identified,
386d6b76403637378af72fd4e371293108a4442515257ce9bd43e13e64cab19b,2024-11,Essex Police,Essex Police,0.439423,51.740811,On or near Petrol Station,E01021634,Chelmsford 011D,Theft from the person,Investigation complete; no suspect identified,
1dd7b57a640cf2e33b77da6aafed43b58b12c4352560213cadc699c5faf1ed6e,2024-11,Essex Police,Essex Police,0.421761,51.727741,On or near Further Meadow,E01021634,Chelmsford 011D,Violence and sexual offences,Unable to prosecute suspect,
00f6790085fc90880a54db04bc23ab60c363efacdb074b52762cfcdf2f5e8753,2024-11,Essex Police,Essex Police,0.424118,51.725237,On or near Margaretting Road,E01021634,Chelmsford 011D,Violence and sexual offences,Unable to prosecute suspect,
5e95e62ba47e75f9c0cb86f53b97849479a3d353d0340078ef96edd60da147df,2024-11,Essex Police,Essex Police,0.420424,51.727373,On or near The Ryle,E01021634,Chelmsford 011D,Violence and sexual offences,Unable to prosecute suspect,
,2024-11,Essex Police,Essex Police,0.409865,51.730333,On or near Fosters Close,E01021635,Chelmsford 011E,Anti-social behaviour,,
285b7972028088562442a43610c4034eeec54562929a555a57846dc65058d5d6,2024-11,Essex Police,Essex Police,0.410879,51.729251,On or near Tower Road,E01021635,Chelmsford 011E,Vehicle crime,Investigation complete; no suspect identified,
5df9082d2a6f3d5a3ced861516cf2e104ad90ad72c9466ebd113d448ea9ef0ca,2024-11,Essex Police,Essex Police,0.410879,51.729251,On or near Tower Road,E01021635,Chelmsford 011E,Violence and sexual offences,Unable to prosecute suspect,
23211d4e2fa4747d77893ef7ff808bbd22d4eb35ae92dd73403633261d05b9b6,2024-11,Essex Police,Essex Police,0.426250,51.727999,On or near Nicholas Close,E01021636,Chelmsford 011F,Burglary,Investigation complete; no suspect identified,
91ed744fa58a16ce2fcef64a41547c41a83a10d9cc58dd3a94c8bdbc7defb1b0,2024-11,Essex Police,Essex Police,0.424878,51.727002,On or near Whitehead Close,E01021636,Chelmsford 011F,Drugs,Court result unavailable,
dd93063777df312a9521907e9f5c040846ec561c8c5caa8d10dfccbfd99cc634,2024-11,Essex Police,Essex Police,0.430268,51.725155,On or near Paradise Road,E01021636,Chelmsford 011F,Vehicle crime,Investigation complete; no suspect identified,
1d8badba94204f998bf1ae047606d78480ab3346062ef58e501622159e172da3,2024-11,Essex Police,Essex Police,0.427221,51.725857,On or near Rectory Road,E01021636,Chelmsford 011F,Violence and sexual offences,Unable to prosecute suspect,
c40b0242e00e87748f648477c3d386845cc44bee83f114a3849813ae55ba3f55,2024-11,Essex Police,Essex Police,0.462157,51.721478,On or near Petrol Station,E01021556,Chelmsford 012A,Burglary,Unable to prosecute suspect,
556c766a1fb97265c6c5cfb9b5fd3e7fe7ac69eef3102f4745893f488de824b7,2024-11,Essex Police,Essex Police,0.459378,51.718290,On or near Mary Munnion Quarter,E01021556,Chelmsford 012A,Criminal damage and arson,Investigation complete; no suspect identified,
d0a0f57dd8b252dc44b64d70c7c0c6c7e3cb4d9ec6b6dfc337d29650a5c86e31,2024-11,Essex Police,Essex Police,0.460243,51.718236,On or near Wood Street,E01021556,Chelmsford 012A,Drugs,Unable to prosecute suspect,
df8f973a06b3697acffc0a882cbe62a56950d2fac9f474c09dca9b72d4079298,2024-11,Essex Police,Essex Police,0.462157,51.721478,On or near Petrol Station,E01021556,Chelmsford 012A,Drugs,Formal action is not in the public interest,
c3c0610018afa627cd5d1e7e4fb737f0e29adf5ad21ee8d82e1b3b25130607de,2024-11,Essex Police,Essex Police,0.462157,51.721478,On or near Petrol Station,E01021556,Chelmsford 012A,Other theft,Unable to prosecute suspect,
356213d822150c358b6f5e37bc3410f54bb5a8f76268460d6166797dfa12cfc5,2024-11,Essex Police,Essex Police,0.462157,51.721478,On or near Petrol Station,E01021556,Chelmsford 012A,Other theft,Unable to prosecute suspect,
2f1e9e6e7100b8db6682d9ee62aecb028a7a567ece1ffb124f06c625091cdce4,2024-11,Essex Police,Essex Police,0.462157,51.721478,On or near Petrol Station,E01021556,Chelmsford 012A,Robbery,Investigation complete; no suspect identified,
edd98e50a054d39b5dc1d42c7cbf2d8025dbf8b79970e3c46e7f81b1c52c8dd2,2024-11,Essex Police,Essex Police,0.449874,51.718992,On or near A414,E01021556,Chelmsford 012A,Shoplifting,Investigation complete; no suspect identified,
3bf9e0bb45a38af7cdb0ecede7a124be4435822025db658e5c1185eb909d9ea9,2024-11,Essex Police,Essex Police,0.464483,51.721375,On or near Hillside Mews,E01021556,Chelmsford 012A,Shoplifting,Investigation complete; no suspect identified,
6e8bc2f00766d5576a76a3a3dbfab43d68f4c3389bde47f06839e378b6e28127,2024-11,Essex Police,Essex Police,0.458788,51.719166,On or near Grace Bartlett Gardens,E01021556,Chelmsford 012A,Violence and sexual offences,Unable to prosecute suspect,
,2024-11,Essex Police,Essex Police,0.480333,51.726573,On or near Parking Area,E01021577,Chelmsford 012B,Anti-social behaviour,,
7623b26522d8f43850f2a820103293c59d1e1f41aa02f8f9152519abdd1cbfa5,2024-11,Essex Police,Essex Police,0.480471,51.725652,On or near Van Dieman'S Road,E01021577,Chelmsford 012B,Criminal damage and arson,Unable to prosecute suspect,
47f755ae63fa865eed4bf181e3e2a4707aa46eac7a6da97e8d11ddd9935b14ba,2024-11,Essex Police,Essex Police,0.478851,51.723582,On or near Amcotes Place,E01021577,Chelmsford 012B,Drugs,Court result unavailable,
0dbc74c9555bf5ba231f71d5169a539e705c644a19a2ad0063fe373098ad7591,2024-11,Essex Police,Essex Police,0.480333,51.726573,On or near Parking Area,E01021577,Chelmsford 012B,Vehicle crime,Unable to prosecute suspect,
141a818b7cb0e220919816335ba4b395ffa35f9cfc1dfa2188f2c8a432f3457e,2024-11,Essex Police,Essex Police,0.473956,51.725691,On or near Rosebery Road,E01021577,Chelmsford 012B,Violence and sexual offences,Unable to prosecute suspect,
99052557fd10dc08074351e7563902f83bbb29b63b723abff86fff8ebc62c7bd,2024-11,Essex Police,Essex Police,0.480333,51.726573,On or near Parking Area,E01021577,Chelmsford 012B,Violence and sexual offences,Unable to prosecute suspect,
9155233d56cb331e06ce48f0d438d790877d00f43b512ed5ae450f600eee358e,2024-11,Essex Police,Essex Police,0.480333,51.726573,On or near Parking Area,E01021577,Chelmsford 012B,Violence and sexual offences,Investigation complete; no suspect identified,
20028a999edd480e8dc3bf65a1146e7baa1c0ef8e71cd8a58806e1f273957e54,2024-11,Essex Police,Essex Police,0.480333,51.726573,On or near Parking Area,E01021577,Chelmsford 012B,Violence and sexual offences,Unable to prosecute suspect,
46db9014a9b1fbed4d23322a3b26b327cdee53c9e1fb0d61254dc92b1a376986,2024-11,Essex Police,Essex Police,0.476091,51.728443,On or near Goldlay Road,E01021579,Chelmsford 012C,Vehicle crime,Investigation complete; no suspect identified,
acecb27e4c59379900648a2686b8ec0cd1961d234f98a1c93b70020430b60524,2024-11,Essex Police,Essex Police,0.477046,51.728171,On or near Goldlay Gardens,E01021579,Chelmsford 012C,Violence and sexual offences,Unable to prosecute suspect,
5d45ec2db25a6ee0ed2292422fc14d280e3193e5413bc7b053ab33d2c5675bc4,2024-11,Essex Police,Essex Police,0.475070,51.728320,On or near Parker Road,E01021579,Chelmsford 012C,Violence and sexual offences,Unable to prosecute suspect,
e6e268c6cb0b0669e1234c09dfb6bea11957b2beecb6b889429bb5d8bed3bae4,2024-11,Essex Police,Essex Police,0.464241,51.723845,On or near Finchley Avenue,E01021580,Chelmsford 012D,Burglary,Investigation complete; no suspect identified,
a3b69c97b3476f55deaff8f36e832e076c5132ad90eaa59519d5f5829b92e464,2024-11,Essex Police,Essex Police,0.471233,51.721432,On or near Princes Road,E01021580,Chelmsford 012D,Burglary,Investigation complete; no suspect identified,
8482c7ed26f47555fcc4b7611f646ec756b1fb0ff150d39d439c23eeb94c04b0,2024-11,Essex Police,Essex Police,0.471233,51.721432,On or near Princes Road,E01021580,Chelmsford 012D,Criminal damage and arson,Investigation complete; no suspect identified,
6c171eeb2d08a20b91a21f549b548fefe24f7a7ec84db97340234d787e7289cd,2024-11,Essex Police,Essex Police,0.470868,51.723490,On or near St John'S Avenue,E01021580,Chelmsford 012D,Criminal damage and arson,Unable to prosecute suspect,
750c4763210edb42f43bae75989c47c867cdcb577c6fd41ef19ec2cac5fd4165,2024-11,Essex Police,Essex Police,0.466712,51.724987,On or near Further/Higher Educational Building,E01021580,Chelmsford 012D,Other theft,Investigation complete; no suspect identified,
9328413d9bc199cdc52ff639bda37440e69dfe018a8970f51f1db4207c0a309e,2024-11,Essex Police,Essex Police,0.466712,51.724987,On or near Further/Higher Educational Building,E01021580,Chelmsford 012D,Other theft,Investigation complete; no suspect identified,
3c903a1a5596b417ffe75f3a16ca6436a8e10c68070d037f2721e9888ff8d1a2,2024-11,Essex Police,Essex Police,0.466712,51.724987,On or near Further/Higher Educational Building,E01021580,Chelmsford 012D,Other theft,Investigation complete; no suspect identified,
492d05385a3cd52ad34931f987442e131291b8fc81e363b415386c9583f6dbbd,2024-11,Essex Police,Essex Police,0.464241,51.723845,On or near Finchley Avenue,E01021580,Chelmsford 012D,Other theft,Investigation complete; no suspect identified,
b29c09bbc3e569c7dcd2237763858aa1fed52084acfc9acab8828ab09ca4b78a,2024-11,Essex Police,Essex Police,0.470130,51.724575,On or near St Vincents Road,E01021580,Chelmsford 012D,Violence and sexual offences,Unable to prosecute suspect,
,2024-11,Essex Police,Essex Police,0.466209,51.716906,On or near Gordon Road,E01021584,Chelmsford 012E,Anti-social behaviour,,
d7e0a0254bc90d7489587fbc09a4a799842188699d4f862475ab1d44ad551dd3,2024-11,Essex Police,Essex Police,0.467295,51.716379,On or near Alder Drive,E01021584,Chelmsford 012E,Drugs,Action to be taken by another organisation,
eb326db9c7787f0ef9b16355e4f6c8f79f0fe3b5d46aba089e9e04d1a374dc3f,2024-11,Essex Police,Essex Police,0.467127,51.714359,On or near Fir Tree Rise,E01021584,Chelmsford 012E,Violence and sexual offences,Unable to prosecute suspect,
b3eb968b21473d7d6e4430950dde9354d246dbb9aba7cacc65c2b8863891049b,2024-11,Essex Police,Essex Police,0.467295,51.716379,On or near Alder Drive,E01021584,Chelmsford 012E,Violence and sexual offences,Unable to prosecute suspect,
08d08981e0a6a16e116fc367a913b46dcbbfe7e22717e01e900777eaed5da1d2,2024-11,Essex Police,Essex Police,0.470526,51.717489,On or near Tylers Close,E01021584,Chelmsford 012E,Violence and sexual offences,Action to be taken by another organisation,
57b8158644dd0e6df14cd68bd02419eeb06e1602719ea5455eccdc9f4c30359e,2024-11,Essex Police,Essex Police,0.506334,51.735859,On or near Supermarket,E01021548,Chelmsford 013A,Shoplifting,Investigation complete; no suspect identified,
612eb28301092f1cc64f940a28af2365bdbe3b40c096cc05da86f57fcb263b20,2024-11,Essex Police,Essex Police,0.506620,51.734234,On or near Palmers Croft,E01021548,Chelmsford 013A,Violence and sexual offences,Unable to prosecute suspect,
,2024-11,Essex Police,Essex Police,0.501286,51.717630,On or near Shopping Area,E01021560,Chelmsford 013B,Anti-social behaviour,,
126f5fbb9eaf8675b12b5f0e2639632d1d920b4386d5f6ed70514547368ae1e2,2024-11,Essex Police,Essex Police,0.501913,51.719019,On or near Tyrells Way,E01021560,Chelmsford 013B,Burglary,Investigation complete; no suspect identified,
94d15805ae3137a2f2cd8a66642dd158e4bd6f681f90e3d97ca849056a2eccbd,2024-11,Essex Police,Essex Police,0.505015,51.717002,On or near Crescent Road,E01021560,Chelmsford 013B,Criminal damage and arson,Unable to prosecute suspect,
9898a65230746c060c3397a6356f511c535c4e2af06297e07c9144736e88db03,2024-11,Essex Police,Essex Police,0.501286,51.717630,On or near Shopping Area,E01021560,Chelmsford 013B,Public order,Investigation complete; no suspect identified,
1305d8a836543f7f95fec2f1bfde8cfe613a672b00ec87a5b6ad2061b48b71a9,2024-11,Essex Police,Essex Police,0.501286,51.717630,On or near Shopping Area,E01021560,Chelmsford 013B,Shoplifting,Court result unavailable,
4d509273364e9e84b70598bcebc7450ae46d5428db519c774a993a5b08288305,2024-11,Essex Police,Essex Police,0.505015,51.717002,On or near Crescent Road,E01021560,Chelmsford 013B,Violence and sexual offences,Unable to prosecute suspect,
f8d5a11c81431b4e6b4957d137fca31a578bd57502a3bf2ce1752db712de1cae,2024-11,Essex Police,Essex Police,0.511727,51.719242,On or near Baden Powell Close,E01021561,Chelmsford 013C,Drugs,Local resolution,
0c26ef400b7ec187546f0a1e859dcfce61dc86919ca43589583e5af4510bce50,2024-11,Essex Police,Essex Police,0.503778,51.712954,On or near Colley Road,E01021561,Chelmsford 013C,Violence and sexual offences,Investigation complete; no suspect identified,
7837a8525cf94b9be3ed1a226d64680e624f4347cedb760b84648d40bf2e566f,2024-11,Essex Police,Essex Police,0.507541,51.713198,On or near Smithers Drive,E01021561,Chelmsford 013C,Violence and sexual offences,Unable to prosecute suspect,
1b2cead1e1cfc27f1313096f72044c6929735aa6d7bb8eef19ad668279f7dcd2,2024-11,Essex Police,Essex Police,0.503778,51.712954,On or near Colley Road,E01021561,Chelmsford 013C,Other crime,Further investigation is not in the public interest,
c361c73566268e8316ffb8db04ca3d1c83e59f2234086469623041545d677047,2024-11,Essex Police,Essex Police,0.493582,51.721301,On or near Chelmer Lea,E01021564,Chelmsford 013D,Burglary,Investigation complete; no suspect identified,
c4dd092a2eab5214e4b2ef44cf8773990dfd8d38bb79855bd9ad60184ef358bc,2024-11,Essex Police,Essex Police,0.489226,51.721600,On or near Petrol Station,E01021564,Chelmsford 013D,Other theft,Investigation complete; no suspect identified,
44e5122938068e5d2a298cfa7ec6d0b359e3ce8d77acf403570e14678bde2d09,2024-11,Essex Police,Essex Police,0.497989,51.720596,On or near Lodge Avenue,E01021564,Chelmsford 013D,Other theft,Investigation complete; no suspect identified,
,2024-11,Essex Police,Essex Police,0.522592,51.715708,On or near Brick Kiln Road,E01021571,Chelmsford 013E,Anti-social behaviour,,
2e80a94760aa05f52b6b09830df09df4b846f7589e8e227918255a2ca04af837,2024-11,Essex Police,Essex Police,0.530683,51.698285,On or near Alexander Mews,E01021571,Chelmsford 013E,Burglary,Investigation complete; no suspect identified,
43f5cce64a1b7c6bc2a9d490bf42db14978f5454ba7bb1e93f99b7debb0ca16e,2024-11,Essex Police,Essex Police,0.527144,51.702058,On or near Sandon Hall Bridleway,E01021571,Chelmsford 013E,Criminal damage and arson,Investigation complete; no suspect identified,
04f99974b30fb746728b0bc67a3aa0c77945609e7944b7a38c5d63263b243892,2024-11,Essex Police,Essex Police,0.527696,51.689096,On or near Old Southend Road,E01021571,Chelmsford 013E,Drugs,Local resolution,
55adcb39abb5af16315227729205fecb425fb9002704c97daaffbfbcacea5d1b,2024-11,Essex Police,Essex Police,0.514649,51.711373,On or near Ladywell Lane,E01021571,Chelmsford 013E,Violence and sexual offences,Investigation complete; no suspect identified,
39809744e0bff24088bb2f78119b8bff1b0a5b50f72a79c803ddc94c1dd4547d,2024-11,Essex Police,Essex Police,0.514649,51.711373,On or near Ladywell Lane,E01021571,Chelmsford 013E,Violence and sexual offences,Unable to prosecute suspect,
37a26b2551ac2eda7146605196b6bf19eb9e25adb816f8d331f0fc1c1c612e7c,2024-11,Essex Police,Essex Police,0.523766,51.713129,On or near Hall Lane,E01021571,Chelmsford 013E,Violence and sexual offences,Unable to prosecute suspect,
85758aa46f6178acbf64c96dc7d17901c3bff6351cc5c3b905ba50458c1b2355,2024-11,Essex Police,Essex Police,0.503243,51.711644,On or near Hereford Court,E01021562,Chelmsford 014A,Burglary,Unable to prosecute suspect,
f0f5babd39453d87a5e136cf50239b664c958c39e5d09361ca68677ce4478023,2024-11,Essex Police,Essex Police,0.501759,51.716756,On or near The Chase,E01021562,Chelmsford 014A,Criminal damage and arson,Court result unavailable,
a69f8a8652c2f03cf10a3e9a7a4649a848542e9a10a7bec92218137313ad9c1a,2024-11,Essex Police,Essex Police,0.503937,51.713724,On or near Seabrook Road,E01021562,Chelmsford 014A,Drugs,Investigation complete; no suspect identified,
e6144aa714c602176efcbd51417ae2535c5148c4c1d4f3295945962ab74eb7c4,2024-11,Essex Police,Essex Police,0.501759,51.716756,On or near The Chase,E01021562,Chelmsford 014A,Public order,Unable to prosecute suspect,
ff2b4ecbfb77be85f1ed4c8c67c8ceb431da10adcab7c878ed3ccbaf4349e922,2024-11,Essex Police,Essex Police,0.501847,51.716251,On or near Parking Area,E01021562,Chelmsford 014A,Public order,Unable to prosecute suspect,
3d4118fe13a8224c620f25b54aa444fba2a526845cd254623644e7fc95c67657,2024-11,Essex Police,Essex Police,0.501847,51.716251,On or near Parking Area,E01021562,Chelmsford 014A,Public order,Court result unavailable,
70c276d19dbee62bb4157632c418b179da99a2876fdbca7cb428532568b0b504,2024-11,Essex Police,Essex Police,0.503638,51.709108,On or near Eastwood Park,E01021562,Chelmsford 014A,Vehicle crime,Investigation complete; no suspect identified,
,2024-11,Essex Police,Essex Police,0.490430,51.723742,On or near Parking Area,E01021563,Chelmsford 014B,Anti-social behaviour,,
,2024-11,Essex Police,Essex Police,0.489959,51.723426,On or near Supermarket,E01021563,Chelmsford 014B,Anti-social behaviour,,
27aad12a970406e344e87266a50fb59d259e9016b578838bee1463052ca7e61e,2024-11,Essex Police,Essex Police,0.493174,51.724412,On or near Mascalls Way,E01021563,Chelmsford 014B,Burglary,Investigation complete; no suspect identified,
abb18b32e8180e9f4a085a6963a68c8484a396306197691a16c4eba7aefab3a8,2024-11,Essex Police,Essex Police,0.489959,51.723426,On or near Supermarket,E01021563,Chelmsford 014B,Burglary,Investigation complete; no suspect identified,
dac72707950e4a182483b751d8bb9dc5ad8afc42b4c5fab9a93c546d3f400e76,2024-11,Essex Police,Essex Police,0.493174,51.724412,On or near Mascalls Way,E01021563,Chelmsford 014B,Criminal damage and arson,Investigation complete; no suspect identified,
ffda02f92b2a6977889f3e6ea2ed32845ca7992e252c587d9d824e788e5de1f4,2024-11,Essex Police,Essex Police,0.488889,51.724692,On or near Meadgate Avenue,E01021563,Chelmsford 014B,Criminal damage and arson,Investigation complete; no suspect identified,
4dcc2f12de27aba2027473eb612136c8e2dd4d547643ee25db824b87d2309051,2024-11,Essex Police,Essex Police,0.483189,51.726117,On or near Meadgate Terrace,E01021563,Chelmsford 014B,Criminal damage and arson,Local resolution,
259e9b8e9537e443cd5a99533b78db6f92012366337839feda65c6c9f7ea2529,2024-11,Essex Police,Essex Police,0.484713,51.724052,On or near Baddow Road,E01021563,Chelmsford 014B,Other theft,Unable to prosecute suspect,
3e46269c4ce6bc7f40fda2e2212c9391e54681cd48c4d1493a644528f199726e,2024-11,Essex Police,Essex Police,0.486524,51.723294,On or near Spooner Close,E01021563,Chelmsford 014B,Other theft,Investigation complete; no suspect identified,
9fc7d8a90b8b3aa3c313e1d0efc138a337bc527fb6404dbed7d2dfcfd97f8379,2024-11,Essex Police,Essex Police,0.486524,51.723294,On or near Spooner Close,E01021563,Chelmsford 014B,Other theft,Action to be taken by another organisation,
82f250293767c8540ac094127d0b6a94bab8035c46b25f74de29e212f834c766,2024-11,Essex Police,Essex Police,0.487469,51.724416,On or near Whitehouse Crescent,E01021563,Chelmsford 014B,Public order,Unable to prosecute suspect,
359cd84f511e7efffd0fc164ec4acf1a21693f72d2f20adcb40a3ec224e22e87,2024-11,Essex Police,Essex Police,0.489959,51.723426,On or near Supermarket,E01021563,Chelmsford 014B,Shoplifting,Investigation complete; no suspect identified,
43a61513ce41803721f71c0f6880d7ce7c0809178a80b23c38d2bdcbd1eff877,2024-11,Essex Police,Essex Police,0.489959,51.723426,On or near Supermarket,E01021563,Chelmsford 014B,Shoplifting,Investigation complete; no suspect identified,
7e9a77516ed3197584408cb4b4a2d94bd13bf37f148330cbea9bb119c08b110d,2024-11,Essex Police,Essex Police,0.489959,51.723426,On or near Supermarket,E01021563,Chelmsford 014B,Shoplifting,Investigation complete; no suspect identified,
5d426e2ef99401f8bac4987889e48e2f5a46c5142da253723e311f59fd261c1b,2024-11,Essex Police,Essex Police,0.489959,51.723426,On or near Supermarket,E01021563,Chelmsford 014B,Shoplifting,Investigation complete; no suspect identified,
7c13f0ebedd744a9cd63c66ac5ec1487bbd4be23b6f4a33c5d121def2c7d2ecd,2024-11,Essex Police,Essex Police,0.489959,51.723426,On or near Supermarket,E01021563,Chelmsford 014B,Shoplifting,Investigation complete; no suspect identified,
fc59925885dcddaa95bda1a913e5bbc79d4673ae60cfb20834e012aa962bed1c,2024-11,Essex Police,Essex Police,0.486524,51.723294,On or near Spooner Close,E01021563,Chelmsford 014B,Vehicle crime,Investigation complete; no suspect identified,
c9e4dc06172195ff698db56f89661cfa12de48c2319f35ed99f4191123a06342,2024-11,Essex Police,Essex Police,0.493174,51.724412,On or near Mascalls Way,E01021563,Chelmsford 014B,Violence and sexual offences,Unable to prosecute suspect,
e9ca47c4ca1179cca45c4190f70c8bae250af15ad95c21396f514e7b6591f133,2024-11,Essex Police,Essex Police,0.484713,51.724052,On or near Baddow Road,E01021563,Chelmsford 014B,Violence and sexual offences,Unable to prosecute suspect,
fd1c6084b1ff781747ab1972b677f20749481408ec7d866d7722b661ba616127,2024-11,Essex Police,Essex Police,0.484713,51.724052,On or near Baddow Road,E01021563,Chelmsford 014B,Violence and sexual offences,Unable to prosecute suspect,
b0df4a80a924e15a797e61e00069b44148de478301a18bbd9cd02180bcda4037,2024-11,Essex Police,Essex Police,0.489959,51.723426,On or near Supermarket,E01021563,Chelmsford 014B,Violence and sexual offences,Investigation complete; no suspect identified,
0ed874f46c85184674c542e1d7e881542c2e5c909a474fbb44dc956cc1bed250,2024-11,Essex Police,Essex Police,0.488704,51.722636,On or near Chelwater,E01021563,Chelmsford 014B,Violence and sexual offences,Local resolution,
927041cb4ed3fadfb169aa6d42ca74964b199bf729dafdbb20e09b6313071556,2024-11,Essex Police,Essex Police,0.489959,51.723426,On or near Supermarket,E01021563,Chelmsford 014B,Violence and sexual offences,Unable to prosecute suspect,
,2024-11,Essex Police,Essex Police,0.491500,51.715823,On or near Dorset Close,E01021565,Chelmsford 014C,Anti-social behaviour,,
,2024-11,Essex Police,Essex Police,0.494370,51.719045,On or near Parking Area,E01021565,Chelmsford 014C,Anti-social behaviour,,
d0fd06b08f3655777b0eab6d1641b2e89916493ca31dfc0c013401899b96ab64,2024-11,Essex Police,Essex Police,0.489416,51.716092,On or near Pearl Square,E01021565,Chelmsford 014C,Burglary,Unable to prosecute suspect,
c4992e375cd4b85d7fc9f8495d5b7ae7b6607e509d946af1667e4edefc4bf949,2024-11,Essex Police,Essex Police,0.491500,51.715823,On or near Dorset Close,E01021565,Chelmsford 014C,Burglary,Investigation complete; no suspect identified,
b356006c9230f8ba813d785548e0320f700c271ea317e7054384dee6d7cf82fc,2024-11,Essex Police,Essex Police,0.491500,51.715823,On or near Dorset Close,E01021565,Chelmsford 014C,Criminal damage and arson,Unable to prosecute suspect,
4ba49224a6e15a9737ad4e082607024c2918128dc1e0a176fd2a6eb5e6095602,2024-11,Essex Police,Essex Police,0.491014,51.713567,On or near Readers Court,E01021565,Chelmsford 014C,Criminal damage and arson,Investigation complete; no suspect identified,
ef9f631a9558e57df393975aac570ecda637e379fd8702b6ad0ae1d37e69c99a,2024-11,Essex Police,Essex Police,0.487936,51.718669,On or near Bramley Place,E01021565,Chelmsford 014C,Drugs,Court result unavailable,
8fd04963f6d723267c95195d339d7ce173d1070923e38469a6c54ae9019d4b40,2024-11,Essex Police,Essex Police,0.492671,51.714216,On or near Noakes Avenue,E01021565,Chelmsford 014C,Other theft,Investigation complete; no suspect identified,
4cc0dc0cfad79b66052f71c06b110010f738053f8a0c4a237ed355f19f93b85c,2024-11,Essex Police,Essex Police,0.491500,51.715823,On or near Dorset Close,E01021565,Chelmsford 014C,Public order,Court result unavailable,
c81bffa0a533c3aa62e3a55b196a071326c851fdc4b02c53f3d270f1bad953af,2024-11,Essex Police,Essex Police,0.488914,51.715123,On or near Dorset Avenue,E01021565,Chelmsford 014C,Public order,Investigation complete; no suspect identified,
6c6cd79aa90e8098304f98791ce3dddc7d159e512abc46b27a642b340caa7206,2024-11,Essex Police,Essex Police,0.487459,51.714992,On or near Hopwood View,E01021565,Chelmsford 014C,Public order,Unable to prosecute suspect,
6cd86eb4cf4cb1068c7f510581885755ab6c60545a13dcbf5fd8302c45fc9987,2024-11,Essex Police,Essex Police,0.488914,51.715123,On or near Dorset Avenue,E01021565,Chelmsford 014C,Shoplifting,Investigation complete; no suspect identified,
58be37ee013a206b124c98318dee0b82f8ab5f6d8cca25913d7a9829122db4a8,2024-11,Essex Police,Essex Police,0.487459,51.714992,On or near Hopwood View,E01021565,Chelmsford 014C,Violence and sexual offences,Unable to prosecute suspect,
2dfb50c8306b0b1949ebabf9027c0ec09168a662b1a1ba9f88b1cfd93faca8f9,2024-11,Essex Police,Essex Police,0.492671,51.714216,On or near Noakes Avenue,E01021565,Chelmsford 014C,Violence and sexual offences,Unable to prosecute suspect,
7079f49c5c8f2c478abccece2406f1cd48215e0352b9c16d157e3573da5cf8c6,2024-11,Essex Police,Essex Police,0.492505,51.717250,On or near Rothmans Place,E01021565,Chelmsford 014C,Violence and sexual offences,Unable to prosecute suspect,
486a95efdbf9bd6dade4c1052dca646a40733848c81b9cd93505d0151b72e419,2024-11,Essex Police,Essex Police,0.491500,51.715823,On or near Dorset Close,E01021565,Chelmsford 014C,Violence and sexual offences,Unable to prosecute suspect,
7086ba489c82c6a8c7a3b532f635a2575069a7ec5a6167d4c370903d81533376,2024-11,Essex Police,Essex Police,0.492505,51.717250,On or near Rothmans Place,E01021565,Chelmsford 014C,Violence and sexual offences,Investigation complete; no suspect identified,
3a171b6fdeee168b4b156ed893968a9eed42bbf19ad8364e860276ed63e67d8f,2024-11,Essex Police,Essex Police,0.492505,51.717250,On or near Rothmans Place,E01021565,Chelmsford 014C,Violence and sexual offences,Unable to prosecute suspect,
5431619447fb90ba1178fb9633c61c17382919f91880922e81bd3fc53e4b73e7,2024-11,Essex Police,Essex Police,0.488914,51.715123,On or near Dorset Avenue,E01021565,Chelmsford 014C,Violence and sexual offences,Unable to prosecute suspect,
009525bb5c822a7de426ebe54ce13f1ac91791d24e9d4c83e14b43258783be1a,2024-11,Essex Police,Essex Police,0.489416,51.716092,On or near Pearl Square,E01021565,Chelmsford 014C,Violence and sexual offences,Unable to prosecute suspect,
fd338363f906c8dfd21c5d4c408402f438a58a5f32465cafa730dd2390645bc1,2024-11,Essex Police,Essex Police,0.491500,51.715823,On or near Dorset Close,E01021565,Chelmsford 014C,Violence and sexual offences,Unable to prosecute suspect,
843119fbc881251b27c2d31f1f95e39107545f1f204715188cbde82d98659bf1,2024-11,Essex Police,Essex Police,0.492671,51.714216,On or near Noakes Avenue,E01021565,Chelmsford 014C,Other crime,Formal action is not in the public interest,
1e2303f88bd38461ddffed69564151564c15f2ba7afccad18ce6354ef266e128,2024-11,Essex Police,Essex Police,0.497028,51.715517,On or near Plumtree Avenue,E01021566,Chelmsford 014D,Criminal damage and arson,Investigation complete; no suspect identified,
1bbc23f4cb83960c36b74aab0c4a0aa4327fad96500cfbb6dc89195cc8fa9a98,2024-11,Essex Police,Essex Police,0.497345,51.711805,On or near Craiston Way,E01021566,Chelmsford 014D,Other theft,Investigation complete; no suspect identified,
3b90365b6e0acf9be510c95a51e7b9347d4889ab72279c31d1cc05accf9cbb59,2024-11,Essex Police,Essex Police,0.487173,51.711625,On or near Gardeners,E01021566,Chelmsford 014D,Other theft,Unable to prosecute suspect,
6bc6e489222aac51e58fa5645aa6e94efd8b7bd5d4780b675147e092412467e4,2024-11,Essex Police,Essex Police,0.487173,51.711625,On or near Gardeners,E01021566,Chelmsford 014D,Public order,Unable to prosecute suspect,
d62ff4722a767f6ac4f9894697d58e7c350483752dc853b8b951772be0db9c4e,2024-11,Essex Police,Essex Police,0.487173,51.711625,On or near Gardeners,E01021566,Chelmsford 014D,Public order,Unable to prosecute suspect,
cdbf6f88f38a1495a87676f954ee147fe0e63edefa455af845f2f1905d1315de,2024-11,Essex Police,Essex Police,0.487173,51.711625,On or near Gardeners,E01021566,Chelmsford 014D,Vehicle crime,Investigation complete; no suspect identified,
34e2cfbc6794b388254361bd423566c8abef0eaeb900ee941a1ac16ed99e38cd,2024-11,Essex Police,Essex Police,0.499089,51.714295,On or near Greenland Gardens,E01021566,Chelmsford 014D,Vehicle crime,Investigation complete; no suspect identified,
52d62797089105c3a0b723838c3a9241fa11332c48cd7d588baa9072cfddb676,2024-11,Essex Police,Essex Police,0.497929,51.712944,On or near Pertwee Drive,E01021566,Chelmsford 014D,Violence and sexual offences,Unable to prosecute suspect,
12e054a143644660a3cec5bb0d3519a15ec4667fd4755b42149f38405b0ab23f,2024-11,Essex Police,Essex Police,0.487173,51.711625,On or near Gardeners,E01021566,Chelmsford 014D,Violence and sexual offences,Unable to prosecute suspect,
0bc9134c753c656ab7ebe40a7171813e635f7996672bfadded6495736c7fa4dc,2024-11,Essex Police,Essex Police,0.487173,51.711625,On or near Gardeners,E01021566,Chelmsford 014D,Violence and sexual offences,Unable to prosecute suspect,
c00fdcb70e39cf7d25743ddd2b659529d9c37e3d75a81777073bb3fbfdc9e5e9,2024-11,Essex Police,Essex Police,0.497345,51.711805,On or near Craiston Way,E01021566,Chelmsford 014D,Other crime,Formal action is not in the public interest,
ce9f80bd6a0751f7b05af3c8de032f78e360825087424a60a6a0c48c08aa2487,2024-11,Essex Police,Essex Police,0.487479,51.721691,On or near Gerard Gardens,E01033137,Chelmsford 014F,Drugs,Local resolution,
e9522ab9266712929a61a3cdc253aa8dbc0c01407ad80fe52b8a285eee597a67,2024-11,Essex Police,Essex Police,0.486310,51.717795,On or near Supermarket,E01033137,Chelmsford 014F,Drugs,Investigation complete; no suspect identified,
75a2ee7fc80388b52da60ab3a496a9c985be8b30f42f83a5fa732837a3892d90,2024-11,Essex Police,Essex Police,0.486310,51.717795,On or near Supermarket,E01033137,Chelmsford 014F,Shoplifting,Investigation complete; no suspect identified,
f8ee7bd88d2addd33e263ef295ae8cbe32f4c782c69e364609247d2859e26b53,2024-11,Essex Police,Essex Police,0.483179,51.720109,On or near Chilton Close,E01033137,Chelmsford 014F,Vehicle crime,Unable to prosecute suspect,
42aa068165e303a6b3bcb7c77bbb4f6f9cfaf15374cfeba3c6c324d77775ab4c,2024-11,Essex Police,Essex Police,0.484725,51.722433,On or near Goodwin Close,E01033137,Chelmsford 014F,Vehicle crime,Investigation complete; no suspect identified,
01d278b46cdb72a23bb98496fe5a11e924cdd9742399cdc3036d7747d6adca50,2024-11,Essex Police,Essex Police,0.484725,51.722433,On or near Goodwin Close,E01033137,Chelmsford 014F,Vehicle crime,Investigation complete; no suspect identified,
422f89f90a1a61964d0fbd5cf24e42b816c37529ecd5b32743fa374339eae0a1,2024-11,Essex Police,Essex Police,0.487479,51.721691,On or near Gerard Gardens,E01033137,Chelmsford 014F,Vehicle crime,Investigation complete; no suspect identified,
f0806cc8d7d94f7b72cf25892c21e293d4caf7e6fc60329ed007f3ec5b1dd024,2024-11,Essex Police,Essex Police,0.486659,51.717823,On or near B1009,E01033137,Chelmsford 014F,Violence and sexual offences,Investigation complete; no suspect identified,
af2881acb4146e511f0ab567dbbd2ab990b6291702a8fd6f78968c652259fe5d,2024-11,Essex Police,Essex Police,0.484149,51.719855,On or near Grosvenor Close,E01033137,Chelmsford 014F,Violence and sexual offences,Unable to prosecute suspect,
,2024-11,Essex Police,Essex Police,0.482944,51.715825,On or near Sawkins Close,E01033145,Chelmsford 014G,Anti-social behaviour,,
4fad93d4716fb617198e086e2a7d86ecad9a5aa5cbc938163784521a389d4414,2024-11,Essex Police,Essex Police,0.484320,51.717945,On or near Westbourne Grove,E01033145,Chelmsford 014G,Burglary,Investigation complete; no suspect identified,
3b65df836a7297c1db9fdefcbde07c9c36537f2554f02277b8098a7623a724f7,2024-11,Essex Police,Essex Police,0.478044,51.711198,On or near Beehive Lane,E01033145,Chelmsford 014G,Burglary,Investigation complete; no suspect identified,
bdcda2a55b1b1d9157e03d215d12b7c269497fe600415fc28c024fb2868e10bb,2024-11,Essex Police,Essex Police,0.482944,51.715825,On or near Sawkins Close,E01033145,Chelmsford 014G,Violence and sexual offences,Unable to prosecute suspect,
be1af687e80f429e4d76b7ddf6baa6fd33ffdd468c2028baeaf84e49bb659f18,2024-11,Essex Police,Essex Police,0.488853,51.716662,On or near Montfort Drive,E01033145,Chelmsford 014G,Other crime,Unable to prosecute suspect,
e6841f302a20ded5153e06481bf70a98348e87067f4027e257c383c8f628909a,2024-11,Essex Police,Essex Police,0.472894,51.711261,On or near Goshawk Drive,E01021557,Chelmsford 015A,Vehicle crime,Investigation complete; no suspect identified,
2f0021105cdd606224892a16fe2dcf575d4d945776d75b5c25516d7b08e195ef,2024-11,Essex Police,Essex Police,0.465674,51.714003,On or near Falcon Way,E01021558,Chelmsford 015B,Other theft,Investigation complete; no suspect identified,
9d6eeb6176d2edbfed0e40708b7c54fb69745521f38bbe1526f1acd6607be036,2024-11,Essex Police,Essex Police,0.469075,51.709993,On or near Bunting Close,E01021558,Chelmsford 015B,Violence and sexual offences,Unable to prosecute suspect,
11ef0a172f3c8b77fc91e732bf7afc5c32c40f0fb0aca5e8fbb9cdfb22169b42,2024-11,Essex Police,Essex Police,0.469075,51.709993,On or near Bunting Close,E01021558,Chelmsford 015B,Violence and sexual offences,Unable to prosecute suspect,
b38c02bb16c0623f456a001723a4eee2949b15c645afb11b1db96ed8d037a752,2024-11,Essex Police,Essex Police,0.469075,51.709993,On or near Bunting Close,E01021558,Chelmsford 015B,Violence and sexual offences,Unable to prosecute suspect,
f634ee06a3f75f84adc71ce1319f2045c3b9730f7d211f22e97587621252b928,2024-11,Essex Police,Essex Police,0.477361,51.722274,On or near Burghley Way,E01021583,Chelmsford 015C,Bicycle theft,Investigation complete; no suspect identified,
a2e05ac5c897cf710d9c59b3b40f86592d1ddc71f71558bcefdccb691fd2762d,2024-11,Essex Police,Essex Police,0.477968,51.720399,On or near Waltham Glen,E01021583,Chelmsford 015C,Vehicle crime,Investigation complete; no suspect identified,
c7a3c34307d3d93b6190e3af898abd7e110b920ac7829ca6e5d407b376540961,2024-11,Essex Police,Essex Police,0.477361,51.722274,On or near Burghley Way,E01021583,Chelmsford 015C,Violence and sexual offences,Unable to prosecute suspect,
81608ebdc469f009aa615d392c79589eff800aa158599aed0170c8b0a77cdea2,2024-11,Essex Police,Essex Police,0.481342,51.718826,On or near Ash Grove,E01021585,Chelmsford 015D,Vehicle crime,Investigation complete; no suspect identified,
063d8a4ced7c691f87c29e6340ca6989826d9cd9f46fb0da93fdcf403c5232b6,2024-11,Essex Police,Essex Police,0.474989,51.716226,On or near Supermarket,E01021586,Chelmsford 015E,Shoplifting,Investigation complete; no suspect identified,
06a875752002a5a125d3b0ccb09181346c1fd72bec340b0428e29368e016580e,2024-11,Essex Police,Essex Police,0.474989,51.716226,On or near Supermarket,E01021586,Chelmsford 015E,Shoplifting,Investigation complete; no suspect identified,
df01518fa17ec4d78029f7da5adacad27833a1211baf5b8a7ad731489e3e5e82,2024-11,Essex Police,Essex Police,0.474989,51.716226,On or near Supermarket,E01021586,Chelmsford 015E,Shoplifting,Investigation complete; no suspect identified,
33442f40536ce92ff9227bdba0300b0b735cb1d3ada441ab020b5e18bb2cece4,2024-11,Essex Police,Essex Police,0.473338,51.717017,On or near Lewis Drive,E01021586,Chelmsford 015E,Vehicle crime,Investigation complete; no suspect identified,
6f03382a9862b7f09e5844112e7beb65fdd61cfb4d19e07361f0f4cd0123d66d,2024-11,Essex Police,Essex Police,0.474069,51.715292,On or near Lilac Close,E01021586,Chelmsford 015E,Violence and sexual offences,Unable to prosecute suspect,
a5bcb089df23bfef386d859b2784e4f39cd97f557282e04b4267d7c29e0f8a0d,2024-11,Essex Police,Essex Police,0.474069,51.715292,On or near Lilac Close,E01021586,Chelmsford 015E,Violence and sexual offences,Unable to prosecute suspect,
64ab5021b18deaae4cefad7a368d7bbd68383da252c748d8b0919bcc3869cea7,2024-11,Essex Police,Essex Police,0.474069,51.715292,On or near Lilac Close,E01021586,Chelmsford 015E,Violence and sexual offences,Unable to prosecute suspect,
739c3363b81ed8a771d3ac6a8b676406a23260689b6898835ca55915f7c02c2f,2024-11,Essex Police,Essex Police,0.474069,51.715292,On or near Lilac Close,E01021586,Chelmsford 015E,Violence and sexual offences,Unable to prosecute suspect,
69032dd92653c340122af962146c682af91aa42af7fe7bceeeb289627455cf3d,2024-11,Essex Police,Essex Police,0.474069,51.715292,On or near Lilac Close,E01021586,Chelmsford 015E,Violence and sexual offences,Unable to prosecute suspect,
af49a19c3f3f63ccadf283b82c63e84bea2be79613bc84ab174ed337b146487e,2024-11,Essex Police,Essex Police,0.474069,51.715292,On or near Lilac Close,E01021586,Chelmsford 015E,Other crime,Status update unavailable,
3f9d027d12e8aaddc350ca7b022aa6dd6d84c808721bc60570399d125d1fa1a7,2024-11,Essex Police,Essex Police,0.593302,51.696469,On or near Parking Area,E01021533,Chelmsford 016A,Criminal damage and arson,Investigation complete; no suspect identified,
e50d81781853380ec0a3a57ad4aa12f6ac22c95d3f8d08f49f278e7508138a4c,2024-11,Essex Police,Essex Police,0.584491,51.691933,On or near Hill View,E01021533,Chelmsford 016A,Other theft,Unable to prosecute suspect,
35cfc3d6c817760a42016a8fb35480685c1a4192b8eb8072bc30cc365be809a9,2024-11,Essex Police,Essex Police,0.582167,51.693828,On or near Priors Field,E01021533,Chelmsford 016A,Public order,Unable to prosecute suspect,
e92068b782f166de0912b16a6f768dbc630b0a3079baf1d430ad46150b7b80d5,2024-11,Essex Police,Essex Police,0.583884,51.690175,On or near Alderbury Lea,E01021533,Chelmsford 016A,Vehicle crime,Investigation complete; no suspect identified,
19b2d29227fcf910b67bef9d76d16cd6d3851f02291fe1c6f83a0e7068346ac8,2024-11,Essex Police,Essex Police,0.584976,51.693595,On or near Petrol Station,E01021533,Chelmsford 016A,Vehicle crime,Investigation complete; no suspect identified,
d508fc4f1172b30dd898dab1ddb05361f46fb3fd8d3925b7c299c742a1aff733,2024-11,Essex Police,Essex Police,0.582310,51.698879,On or near Bicknacre Road,E01021533,Chelmsford 016A,Violence and sexual offences,Unable to prosecute suspect,
5f161e9e363e987ccbfb5a979346b5ddd49842ba0b2487c9b91e4a510531f446,2024-11,Essex Police,Essex Police,0.582310,51.698879,On or near Bicknacre Road,E01021533,Chelmsford 016A,Violence and sexual offences,Unable to prosecute suspect,
6c99cd0a2347891bd11e108878260364e978404974a241b91c530ef78d090f5e,2024-11,Essex Police,Essex Police,0.583900,51.690714,On or near The Grove,E01021533,Chelmsford 016A,Violence and sexual offences,Court result unavailable,
09eb1c8e04e2c8c52bd0a24819435cbb6f3275ea7bdb19b9f1ba260c66af837f,2024-11,Essex Police,Essex Police,0.582167,51.693828,On or near Priors Field,E01021533,Chelmsford 016A,Violence and sexual offences,Unable to prosecute suspect,
cd39d4d6e72d5709c3ee1788c632188792c540b21dd59f405879b0d30f7b0e55,2024-11,Essex Police,Essex Police,0.583900,51.690714,On or near The Grove,E01021533,Chelmsford 016A,Violence and sexual offences,Court result unavailable,
eaf91c040aa8e3771946ba48dc605dedab5cf2fb24a3a71cd8c36a727171af17,2024-11,Essex Police,Essex Police,0.582088,51.690142,On or near Deerhurst Chase,E01021533,Chelmsford 016A,Violence and sexual offences,Unable to prosecute suspect,
feb06bbd006430f167762e954868610644aa64e9d92713dafedcd61b49d0fd2c,2024-11,Essex Police,Essex Police,0.582310,51.698879,On or near Bicknacre Road,E01021533,Chelmsford 016A,Violence and sexual offences,Unable to prosecute suspect,
4eeacc91933b98c163cc9030b37951a48ca541a235f1f1f955a2e4e671fc73ee,2024-11,Essex Police,Essex Police,0.584491,51.691933,On or near Hill View,E01021533,Chelmsford 016A,Violence and sexual offences,Unable to prosecute suspect,
a3954ab74195aa69ada7b8a80d02e3fd3b36f20a79ab4fb95935154a36b7003d,2024-11,Essex Police,Essex Police,0.582088,51.690142,On or near Deerhurst Chase,E01021533,Chelmsford 016A,Violence and sexual offences,Unable to prosecute suspect,
23d5e3b55334780a20ab9e98bd3bd6626dc5f603f96b70a8207d02f7690381c8,2024-11,Essex Police,Essex Police,0.582167,51.693828,On or near Priors Field,E01021533,Chelmsford 016A,Other crime,Action to be taken by another organisation,
4f9465574c54d11c57fde52c59debabbf711e51cd039f78685ceaf13372192f3,2024-11,Essex Police,Essex Police,0.597189,51.668819,On or near Ormonds Crescent,E01021535,Chelmsford 016B,Burglary,Investigation complete; no suspect identified,
5a7796b5df3823a6fe92886b610d1af1a32e038b99cd973746ef31d4a39a7038,2024-11,Essex Police,Essex Police,0.536414,51.669824,On or near The Paddock,E01021535,Chelmsford 016B,Burglary,Unable to prosecute suspect,
00cf7076341d9685b986d84abd9278312aad1bacc72260f57202a6d07a6bf5e4,2024-11,Essex Police,Essex Police,0.594419,51.675014,On or near Crows Lane,E01021535,Chelmsford 016B,Drugs,Status update unavailable,
f89a8495b6fefd0b5985f4a432bd416cb10dc6446f96fb7ff19f284ca2ac3d89,2024-11,Essex Police,Essex Police,0.541193,51.663479,On or near Bennett'S Avenue,E01021535,Chelmsford 016B,Other theft,Investigation complete; no suspect identified,
43f4e3d6bd51f640d7de7e195d0aeda5d3cdf6f184be4ffaa6013608a4ff0c63,2024-11,Essex Police,Essex Police,0.536414,51.669824,On or near The Paddock,E01021535,Chelmsford 016B,Vehicle crime,Investigation complete; no suspect identified,
beec074bf6242aea91aed1f04310a22049ff940a1dcac81c51c939ef4a6599bd,2024-11,Essex Police,Essex Police,0.591028,51.681231,On or near B1418,E01021535,Chelmsford 016B,Violence and sexual offences,Unable to prosecute suspect,
ed3f836e3ab867dc249a6720c20492d85b2205a378367ce00061494391f5f42b,2024-11,Essex Police,Essex Police,0.561260,51.677235,On or near Parking Area,E01021535,Chelmsford 016B,Other crime,Formal action is not in the public interest,
38015f1d3f33636ab9acbbf02ec18871f82a377ef40e1f59f8a50f17e886806b,2024-11,Essex Police,Essex Police,0.569262,51.713294,On or near Woodhill Road,E01021569,Chelmsford 016C,Burglary,Investigation complete; no suspect identified,
8edcef67c4fe89bbdf56a00230cbfbf530044e600cf34ae035057a6a33cee880,2024-11,Essex Police,Essex Police,0.581574,51.714930,On or near Copt Hill,E01021569,Chelmsford 016C,Vehicle crime,Investigation complete; no suspect identified,
4c61c2db2473937e5767e0175e1f27548b1c285e729f4d19294db1f208b7f6ae,2024-11,Essex Police,Essex Police,0.578272,51.703446,On or near Bicknacre Road,E01021569,Chelmsford 016C,Violence and sexual offences,Unable to prosecute suspect,
,2024-11,Essex Police,Essex Police,0.582744,51.717171,On or near Butts Lane,E01021570,Chelmsford 016D,Anti-social behaviour,,
,2024-11,Essex Police,Essex Police,0.585885,51.721454,On or near Armstrong Close,E01021570,Chelmsford 016D,Anti-social behaviour,,
1ebd50ec96bcab4871eeb07db42981fb243451c8fd22f4dd3b2ba61b902efce9,2024-11,Essex Police,Essex Police,0.589272,51.719419,On or near Runsell Close,E01021570,Chelmsford 016D,Other theft,Investigation complete; no suspect identified,
0eb9f64b06b54af7a8f740fbe4b6a51132557b4f88edb402e684077a52d9ddbe,2024-11,Essex Police,Essex Police,0.579454,51.717360,On or near Supermarket,E01021570,Chelmsford 016D,Shoplifting,Investigation complete; no suspect identified,
5541848d5917e080299e4ac7ab5aa8c3a5c508686d247ebb778a224f33b0adaf,2024-11,Essex Police,Essex Police,0.585885,51.721454,On or near Armstrong Close,E01021570,Chelmsford 016D,Vehicle crime,Investigation complete; no suspect identified,
1b5ee551b201e117fbd93e92320b6393ef6bf6d08ee2604cfa04d388d6ac9fa3,2024-11,Essex Police,Essex Police,0.582744,51.717171,On or near Butts Lane,E01021570,Chelmsford 016D,Violence and sexual offences,Investigation complete; no suspect identified,
d6de857825b3737fdb8e8b695f2c7356540b980a725c6fb2577f634ceb4e76fa,2024-11,Essex Police,Essex Police,0.580962,51.716374,On or near Maldon Road,E01021570,Chelmsford 016D,Violence and sexual offences,Investigation complete; no suspect identified,
afb85e34eea84c16a1a4c4d693074be1202abd4e0df66eb213ff74510292b7f0,2024-11,Essex Police,Essex Police,0.594449,51.712722,On or near Mill Lane,E01021570,Chelmsford 016D,Violence and sexual offences,Unable to prosecute suspect,
2ec87452919a7478e492c3fc625233e1313c27cd7ce94d04c7d491de47494b04,2024-11,Essex Police,Essex Police,0.599578,51.699163,On or near Petrol Station,E01021570,Chelmsford 016D,Violence and sexual offences,Court result unavailable,
00a3ea25ec48f1b099cbe055d5a03dbece5bc976359894388261b114e8b72b4b,2024-11,Essex Police,Essex Police,0.589437,51.717734,On or near Belvedere Road,E01021572,Chelmsford 016E,Criminal damage and arson,Investigation complete; no suspect identified,
a1ead0da7ae8cdaa8829629f4318249fe577b0b1d3c80698e2c53667ebdbe40b,2024-11,Essex Police,Essex Police,0.592334,51.711941,On or near Pedlars Close,E01021572,Chelmsford 016E,Other theft,Unable to prosecute suspect,
440544dffb9b5c8c0cb5dde9d6036e2dea4191525d2ca73fd3cb07b825ec3f5a,2024-11,Essex Police,Essex Police,0.589812,51.716298,On or near Petrol Station,E01021572,Chelmsford 016E,Public order,Investigation complete; no suspect identified,
5bc166e4cc0957c8fa13a0a1786c0b9ee9c6517b8fa896a03e261ac52f557c89,2024-11,Essex Police,Essex Police,0.589437,51.717734,On or near Belvedere Road,E01021572,Chelmsford 016E,Violence and sexual offences,Unable to prosecute suspect,
,2024-11,Essex Police,Essex Police,0.468329,51.700817,On or near Pyms Road,E01021552,Chelmsford 017A,Anti-social behaviour,,
80f45eeffd28b46a60b36c55216daa29d4fe4d21f799263471beff9779b0656f,2024-11,Essex Police,Essex Police,0.472501,51.700613,On or near Willowbank,E01021552,Chelmsford 017A,Other theft,Action to be taken by another organisation,
bce970511facca3910c35a17852a41508305929e5eeed3ceec897a9ab3333a0c,2024-11,Essex Police,Essex Police,0.468329,51.700817,On or near Pyms Road,E01021552,Chelmsford 017A,Other theft,Investigation complete; no suspect identified,
4e7cdacacc9eca9cd543fb8302a996402ecbdfe5f92d1d187cbd913df7bcdf8a,2024-11,Essex Police,Essex Police,0.468329,51.700817,On or near Pyms Road,E01021552,Chelmsford 017A,Public order,Unable to prosecute suspect,
c8839fc771c188e5b1febfe3fd963da2e9386b160dfc54e462863d01131e67f2,2024-11,Essex Police,Essex Police,0.468329,51.700817,On or near Pyms Road,E01021552,Chelmsford 017A,Violence and sexual offences,Unable to prosecute suspect,
819fd3f92bc6eb3ffeb678112f1815a79d4389df08dbcb1c3fa1efd2643676b0,2024-11,Essex Police,Essex Police,0.475764,51.698509,On or near Supermarket,E01021553,Chelmsford 017B,Criminal damage and arson,Investigation complete; no suspect identified,
3fae848040e6dbc36c80d6b2e9d73e8a557320874a400a1a72a0bb0a931c58de,2024-11,Essex Police,Essex Police,0.475764,51.698509,On or near Supermarket,E01021553,Chelmsford 017B,Shoplifting,Investigation complete; no suspect identified,
21364b58bcf1d41a6ffbe3333fd2b84177c17f40c2e44e2f760e4fb9336bb62a,2024-11,Essex Police,Essex Police,0.475577,51.698111,On or near Barnard Road,E01021553,Chelmsford 017B,Violence and sexual offences,Unable to prosecute suspect,
,2024-11,Essex Police,Essex Police,0.475095,51.695630,On or near Lower Green,E01021554,Chelmsford 017C,Anti-social behaviour,,
01dad453da14e1b49a1a0f294cbed7f5431c1bc5a2278f24fcad1d127b4c625f,2024-11,Essex Police,Essex Police,0.475095,51.695630,On or near Lower Green,E01021554,Chelmsford 017C,Criminal damage and arson,Investigation complete; no suspect identified,
9ffbb912a638822483038c598632ed375f69fea53627153f4003eb91a80cabec,2024-11,Essex Police,Essex Police,0.471923,51.696650,On or near Moretons,E01021554,Chelmsford 017C,Violence and sexual offences,Unable to prosecute suspect,
694781da998f82b98870a7e55cceaab4d43e3fad3c36f94d0fc43da05cd9d28a,2024-11,Essex Police,Essex Police,0.474399,51.698271,On or near Home Mead,E01021554,Chelmsford 017C,Violence and sexual offences,Unable to prosecute suspect,
6c89bbd5184a07148ba777cabf887836385c4d216840c0c5b9cd7f19bf17dc88,2024-11,Essex Police,Essex Police,0.484734,51.703062,On or near Kirkmans Road,E01021555,Chelmsford 017D,Violence and sexual offences,Unable to prosecute suspect,
f9ec3b858d9da5470bfce2fa144e1e4a0ef34163a45aff1fbc23e5bde32b2a91,2024-11,Essex Police,Essex Police,0.477677,51.701844,On or near Sharpington Close,E01021555,Chelmsford 017D,Violence and sexual offences,Investigation complete; no suspect identified,
,2024-11,Essex Police,Essex Police,0.465132,51.708556,On or near Peregrine Drive,E01021559,Chelmsford 017E,Anti-social behaviour,,
90d197ef9de1c2042f7b1f1a7569dd02fb2f846864a0f74739e6da655d8bb4d5,2024-11,Essex Police,Essex Police,0.462577,51.702836,On or near Running Mare Lane,E01021559,Chelmsford 017E,Vehicle crime,Investigation complete; no suspect identified,
fb91727280db901336c6765d28995aee205296cff509eb7019d78f8f897b94dd,2024-11,Essex Police,Essex Police,0.417026,51.689195,On or near Jennings Place,E01021602,Chelmsford 018B,Burglary,Investigation complete; no suspect identified,
c5b9775223183ebbab73ac3e2daa32e951dec53aabdef5e92087f5cc28ca2d62,2024-11,Essex Police,Essex Police,0.446762,51.664280,On or near The Paddock,E01021602,Chelmsford 018B,Drugs,Local resolution,
0f98cf26e53dedfa771bd537db081ea42fb60dcae1e9955e15be1b17f4bd3653,2024-11,Essex Police,Essex Police,0.403904,51.680220,On or near Church Lane,E01021602,Chelmsford 018B,Drugs,Court result unavailable,
a4c82c3585e6730596e5f1cf98a9d2b607a373aec97a7deecbd0e417e21da68d,2024-11,Essex Police,Essex Police,0.446692,51.651970,On or near Greenacre Lane,E01021602,Chelmsford 018B,Other theft,Court result unavailable,
8574daabb7a5fbe4e365393ce00991d7cd8f6ca5f69abaaa11fee0b86026161a,2024-11,Essex Police,Essex Police,0.443272,51.663661,On or near The Square,E01021602,Chelmsford 018B,Public order,Unable to prosecute suspect,
3abdad95a89594db22137dbb5ac80d4b4dfeee38cc7e29eb749aa97b18f73843,2024-11,Essex Police,Essex Police,0.436047,51.664027,On or near Brookmans View,E01021602,Chelmsford 018B,Vehicle crime,Unable to prosecute suspect,
e2e8f94d477c413cf63e0a68529caaa58e074f7397e9a64e68bda7fbaca81bd8,2024-11,Essex Police,Essex Police,0.433829,51.656374,On or near Hereward Mount,E01021602,Chelmsford 018B,Vehicle crime,Investigation complete; no suspect identified,
4e4dc9da8b4052fb0a6cac6fa8403440a4a4e7e92420ab8198a9dbc30df95ce6,2024-11,Essex Police,Essex Police,0.433829,51.656374,On or near Hereward Mount,E01021602,Chelmsford 018B,Violence and sexual offences,Investigation complete; no suspect identified,
1ff0a118bbf2680dbb6b206a46ef61176c5992434441d99ea4609747a60c41d5,2024-11,Essex Police,Essex Police,0.412526,51.691624,On or near Sports/Recreation Area,E01021602,Chelmsford 018B,Violence and sexual offences,Unable to prosecute suspect,
6eee216057491f7a74daaeb623051ec670c08396d3928c7ddc25d97bf80d2e88,2024-11,Essex Police,Essex Police,0.410086,51.689293,On or near Penny'S Lane,E01021602,Chelmsford 018B,Violence and sexual offences,Unable to prosecute suspect,
9815c394db7b7a290f39a087cd6df585eff3071c4e9ce2d5b5f00b86846e0f98,2024-11,Essex Police,Essex Police,0.446692,51.651970,On or near Greenacre Lane,E01021602,Chelmsford 018B,Violence and sexual offences,Status update unavailable,
af63d08a8d496ac234f75be1442631ccc163ef54e5fa1f2060d20af2f400b442,2024-11,Essex Police,Essex Police,0.482388,51.635642,On or near Shopping Area,E01021604,Chelmsford 018D,Burglary,Investigation complete; no suspect identified,
6fa26928bfb593516bdd8a35c9ed6389485c194627af7bc2dcda1a593bf2d23e,2024-11,Essex Police,Essex Police,0.467286,51.636125,On or near St Johns Place,E01021604,Chelmsford 018D,Criminal damage and arson,Investigation complete; no suspect identified,
6fa4cf3169ae7537840ec661d01e5f8675be6c3619a2893756307c6e65fcdbb8,2024-11,Essex Police,Essex Police,0.471924,51.629210,On or near Park Lane,E01021604,Chelmsford 018D,Vehicle crime,Investigation complete; no suspect identified,
9b284b820b459c7057c1c3de0bf0fe009fc56a59869b33feca47477b1a052818,2024-11,Essex Police,Essex Police,0.471924,51.629210,On or near Park Lane,E01021604,Chelmsford 018D,Vehicle crime,Investigation complete; no suspect identified,
aa796617a04fe55923c349e6a8f29711adb4d2b558e2f15b94e1410272f310a3,2024-11,Essex Police,Essex Police,0.502609,51.623551,On or near Vera Road,E01021604,Chelmsford 018D,Violence and sexual offences,Investigation complete; no suspect identified,
c09f6a5ad272204a1a5a802f11e942f499cff6f07bef1c52a1bb34d0393a0b58,2024-11,Essex Police,Essex Police,0.502609,51.623551,On or near Vera Road,E01021604,Chelmsford 018D,Violence and sexual offences,Unable to prosecute suspect,
5ca97fda52bdd27e41390ede54f2a7dfbedd9a516018c8d897ef0e80e4e481db,2024-11,Essex Police,Essex Police,0.493903,51.673181,On or near Parking Area,E01034085,Chelmsford 018F,Burglary,Investigation complete; no suspect identified,
11acf8b3cc8601920421937a417f72a1506d7d03ac27ee62f21904d757081429,2024-11,Essex Police,Essex Police,0.499243,51.670073,On or near Middle Mead Close,E01034085,Chelmsford 018F,Drugs,Local resolution,
99ba92ec62e866e169b188685b68f5d0e2f969117f58061d7a0d178c8865b806,2024-11,Essex Police,Essex Police,0.507337,51.670251,On or near Church Lane,E01034085,Chelmsford 018F,Other theft,Investigation complete; no suspect identified,
fc4fbe430c9419e3e0017c2f8747ce54dd44405cf7a800b512e5810fa287b95e,2024-11,Essex Police,Essex Police,0.500429,51.669562,On or near Pandan Close,E01034085,Chelmsford 018F,Public order,Investigation complete; no suspect identified,
63ef0ab230885b6c25fcd32078e795a683b05425e77baa8ad9cb1a03d34a7b8d,2024-11,Essex Police,Essex Police,0.499243,51.670073,On or near Middle Mead Close,E01034085,Chelmsford 018F,Violence and sexual offences,Formal action is not in the public interest,
,2024-11,Essex Police,Essex Police,0.470462,51.644044,On or near Dowsetts Lane,E01034086,Chelmsford 018G,Anti-social behaviour,,
aa96f91983c6615416e2e2edbf087bfaabcc888d03014901d1d344b3073f26f5,2024-11,Essex Police,Essex Police,0.470462,51.644044,On or near Dowsetts Lane,E01034086,Chelmsford 018G,Burglary,Investigation complete; no suspect identified,
cca4c08ff6c1a8ef4638229020df769bf366a7706abb6c47710b2427ddbe4a0e,2024-11,Essex Police,Essex Police,0.450558,51.632411,On or near Sports/Recreation Area,E01034086,Chelmsford 018G,Burglary,Investigation complete; no suspect identified,
f5e23e66b7598f8a75a0c7b332e38198a969d279109a3ce95925d06a51fecdfa,2024-11,Essex Police,Essex Police,0.492528,51.637066,On or near School Road,E01034086,Chelmsford 018G,Other theft,Investigation complete; no suspect identified,
28863d601ce3fa50ecbbe9d304eb65c28f36c9a956dce8c25f7c0db68ce6dca8,2024-11,Essex Police,Essex Police,0.451681,51.663791,On or near Myln Meadow,E01034086,Chelmsford 018G,Other theft,Investigation complete; no suspect identified,
0a9c577d0e7c011c4b85c3e9b4b6b511f898f1fbda0d6f638b1cf51702acf5e3,2024-11,Essex Police,Essex Police,0.440082,51.664293,On or near Dakyn Drive,E01034086,Chelmsford 018G,Vehicle crime,Investigation complete; no suspect identified,
148a409ca43e8ba5b0be8d174ab8172081fe8c2842000dc3082fcbddb801c8f7,2024-11,Essex Police,Essex Police,0.444232,51.663766,On or near Lynfield Mews,E01034086,Chelmsford 018G,Vehicle crime,Investigation complete; no suspect identified,
dca150d3e81f82eca950f635a78cfdbf8590f692c9f54cefb2ee7b815bfeab64,2024-11,Essex Police,Essex Police,0.453237,51.659388,On or near White'S Hill,E01034086,Chelmsford 018G,Violence and sexual offences,Unable to prosecute suspect,
e986e47cc811956e62e14d33f524940226322010124cadf2fb95948732e6a723,2024-11,Essex Police,Essex Police,0.490312,51.639353,On or near Crowsheath Lane,E01034086,Chelmsford 018G,Violence and sexual offences,Investigation complete; no suspect identified,
b4a56616fc2504caab6b9bcab49fffa549b8ea6e22785da0780bb0d89b41c00e,2024-11,Essex Police,Essex Police,0.446388,51.662175,On or near Thornton Place,E01034086,Chelmsford 018G,Violence and sexual offences,Unable to prosecute suspect,
2602c9c2e0587cf6ad6b6fc31bab9cc61ef5767bd38189520d04a02ebb603d43,2024-11,Essex Police,Essex Police,0.436696,51.662925,On or near Fosters Close,E01034086,Chelmsford 018G,Violence and sexual offences,Action to be taken by another organisation,
44a6a8370e6ce49de09e1932d2da137f144a1ff15d883ba1101ee25f0591a739,2024-11,Essex Police,Essex Police,0.450558,51.632411,On or near Sports/Recreation Area,E01034086,Chelmsford 018G,Violence and sexual offences,Unable to prosecute suspect,
ba89065b87dc4096a75a03686ac58f66eb58a22da67554f1556438b1fc955c55,2024-11,Essex Police,Essex Police,0.607966,51.651938,On or near Sports/Recreation Area,E01021611,Chelmsford 019A,Violence and sexual offences,Unable to prosecute suspect,
1325081c85d8eeda75c1e37bb9ebeea8c913b952fae01b89c4f2693fa6da245d,2024-11,Essex Police,Essex Police,0.613112,51.646198,On or near Maydene,E01021613,Chelmsford 019C,Burglary,Investigation complete; no suspect identified,
9f160048d148c42c8a058e8f2ec6cf5bb0083ca5246ee3c65a3bcf3c88cfbe4a,2024-11,Essex Police,Essex Police,0.616585,51.643486,On or near Squire Street,E01021613,Chelmsford 019C,Criminal damage and arson,Investigation complete; no suspect identified,
0de619191dee62fc39c4caa001d0f6ae5e61beef642b0ff15b047082e1f355e4,2024-11,Essex Police,Essex Police,0.620177,51.645114,On or near Trinity Row,E01021613,Chelmsford 019C,Possession of weapons,Local resolution,
85e2c5f6d8d15f800079d7c2c9c401551b34aef88701a3fae4b7dd25a6516f67,2024-11,Essex Police,Essex Police,0.616585,51.643486,On or near Squire Street,E01021613,Chelmsford 019C,Shoplifting,Investigation complete; no suspect identified,
fcc6c6c30c519601bb00b0e7179c39d9f77d88a72276e06b1be87bf7a2525b59,2024-11,Essex Police,Essex Police,0.616585,51.643486,On or near Squire Street,E01021613,Chelmsford 019C,Shoplifting,Court result unavailable,
472f3ba0733c3df29d746cedbdf5a9ef6db53ea9183dc47c988493d8a0fb9b90,2024-11,Essex Police,Essex Police,0.621095,51.644239,On or near Tylers Ride,E01021613,Chelmsford 019C,Violence and sexual offences,Unable to prosecute suspect,
36a87885c995296085a11cd8e98b5c468a14c90f75089534170ae1c1979170ba,2024-11,Essex Police,Essex Police,0.620177,51.645114,On or near Trinity Row,E01021613,Chelmsford 019C,Violence and sexual offences,Formal action is not in the public interest,
5b0ce1729268fddb8469ad7b7d72ac56d6b91688d87c5084e5e712f84b66ec16,2024-11,Essex Police,Essex Police,0.620940,51.644558,On or near Parking Area,E01021613,Chelmsford 019C,Violence and sexual offences,Investigation complete; no suspect identified,
44a921daecb151e7ac3c8f76ccf12044091065c947069c848befa85b7f0619f7,2024-11,Essex Police,Essex Police,0.616585,51.643486,On or near Squire Street,E01021613,Chelmsford 019C,Violence and sexual offences,Unable to prosecute suspect,
6387b10e64ecbaeaf9642a8db39f6776842d17f02dfc33a01786c909a7b11bf2,2024-11,Essex Police,Essex Police,0.613112,51.646198,On or near Maydene,E01021613,Chelmsford 019C,Violence and sexual offences,Unable to prosecute suspect,
2a89eb62fda5c6f3a34f871b882fb9d90b5a8828c6740ab9c824e8b309d34203,2024-11,Essex Police,Essex Police,0.616585,51.643486,On or near Squire Street,E01021613,Chelmsford 019C,Violence and sexual offences,Investigation complete; no suspect identified,
b9c6880e850049a9134dc856b967970eae498654a0d336582adfdf95c5c5f2be,2024-11,Essex Police,Essex Police,0.616585,51.643486,On or near Squire Street,E01021613,Chelmsford 019C,Violence and sexual offences,Court result unavailable,
347be223f1e9facbf71da96450da2818079eb127a042d9040d959b045713ecca,2024-11,Essex Police,Essex Police,0.616585,51.643486,On or near Squire Street,E01021613,Chelmsford 019C,Violence and sexual offences,Court result unavailable,
997ebc59d3a0e7e845b4840f79605d3047c559aa02e4aa12df1ddd1951f52464,2024-11,Essex Police,Essex Police,0.616585,51.643486,On or near Squire Street,E01021613,Chelmsford 019C,Violence and sexual offences,Court result unavailable,
2f78957115d293118640f7e33da548fcbb1e513937a3d193f3174bf962f4c7d5,2024-11,Essex Police,Essex Police,0.612291,51.645740,On or near Guys Farm Road,E01021613,Chelmsford 019C,Violence and sexual offences,Unable to prosecute suspect,
,2024-11,Essex Police,Essex Police,0.605961,51.649541,On or near Parking Area,E01021614,Chelmsford 019D,Anti-social behaviour,,
e60fb9307f24910d1f62ad75d398c1b337a8b77126a5e4ebb4db8d16ce5475a3,2024-11,Essex Police,Essex Police,0.594139,51.651385,On or near Willow Grove,E01021614,Chelmsford 019D,Other theft,Local resolution,
687a60ebc9b78d37c0a6ee2cea68f4cf9e4cd9daa9217767f29b67a8f2fba5ca,2024-11,Essex Police,Essex Police,0.602337,51.650898,On or near Elm Road,E01021614,Chelmsford 019D,Other theft,Investigation complete; no suspect identified,
2114ff69bfb953276d1001a5b018873735393fae1210e20a2f4bfd858d4079c5,2024-11,Essex Police,Essex Police,0.604535,51.655510,On or near Supermarket,E01021614,Chelmsford 019D,Shoplifting,Investigation complete; no suspect identified,
a1bbb25473b9dd47e4b04f9755bdf399189969378aaf63917a9996b60aa6cb61,2024-11,Essex Police,Essex Police,0.604535,51.655510,On or near Supermarket,E01021614,Chelmsford 019D,Shoplifting,Unable to prosecute suspect,
f9f5f03631025560d5f506778679e0d5b0610c89554f4842b0438a67214876b0,2024-11,Essex Police,Essex Police,0.594139,51.651385,On or near Willow Grove,E01021614,Chelmsford 019D,Shoplifting,Investigation complete; no suspect identified,
fb2e43121d046eeb4ee3f89217aea8d7f8f8280530ffbab14db1c41a23b25751,2024-11,Essex Police,Essex Police,0.594139,51.651385,On or near Willow Grove,E01021614,Chelmsford 019D,Shoplifting,Investigation complete; no suspect identified,
82760cd20556de4df6fe2452aeca271e8f1f28e12bc84193b5fa3e1847a919be,2024-11,Essex Police,Essex Police,0.608359,51.649272,On or near The Cedars,E01021614,Chelmsford 019D,Violence and sexual offences,Investigation complete; no suspect identified,
36a19f7a979855c849856b741a35ac70f6013c91b4439e140b67e3d51e00d7c4,2024-11,Essex Police,Essex Police,0.608359,51.649272,On or near The Cedars,E01021614,Chelmsford 019D,Violence and sexual offences,Unable to prosecute suspect,
dec78a982ed261810df6fb60a36a21db1da96d5862a27c1e8dfce8dd2f064dcd,2024-11,Essex Police,Essex Police,0.604535,51.655510,On or near Supermarket,E01021614,Chelmsford 019D,Violence and sexual offences,Unable to prosecute suspect,
fe3e2eac12504240b669339eee806d664387296c8d39c4b8e5d23881f4a69a97,2024-11,Essex Police,Essex Police,0.604535,51.655510,On or near Supermarket,E01021614,Chelmsford 019D,Violence and sexual offences,Unable to prosecute suspect,
65311409185a46ee5087d821f1cf818cd4e9bd15402b5678dab21c9002b75d4d,2024-11,Essex Police,Essex Police,0.620702,51.637935,On or near Leeward Road,E01021605,Chelmsford 020A,Vehicle crime,Investigation complete; no suspect identified,
47bf46426dc9933c6ae54867151367279630bd0d2a8d191e3d47d7dfed22708a,2024-11,Essex Police,Essex Police,0.622340,51.640515,On or near Elliot Close,E01021605,Chelmsford 020A,Other crime,Unable to prosecute suspect,
,2024-11,Essex Police,Essex Police,0.600651,51.642410,On or near Galadriel Spring,E01021606,Chelmsford 020B,Anti-social behaviour,,
f3058ac64550a4b1554d9c4692a843d8aca6258be7c6d51d9a6e07141333c85e,2024-11,Essex Police,Essex Police,0.601286,51.640111,On or near Gladden Fields,E01021606,Chelmsford 020B,Vehicle crime,Investigation complete; no suspect identified,
f5d17a0275af22ca54091c97e40832eb82c225a117d0bc61cf3bb4bac76c69fb,2024-11,Essex Police,Essex Police,0.600651,51.642410,On or near Galadriel Spring,E01021606,Chelmsford 020B,Violence and sexual offences,Unable to prosecute suspect,
66525f23cbb121ab1302cb3fcc0421d69160dedd5fb9d72b032a4f6a2e673b9c,2024-11,Essex Police,Essex Police,0.600572,51.642034,On or near The Withywindle,E01021606,Chelmsford 020B,Violence and sexual offences,Unable to prosecute suspect,
fffc3e9738c1883f245733f3432d30b6faf6564126fe373678b6852c08b3f03d,2024-11,Essex Police,Essex Police,0.610933,51.641228,On or near Pintolls,E01021607,Chelmsford 020C,Vehicle crime,Investigation complete; no suspect identified,
e6fd49463035cb9fee7d766d64772c23d6a972a805f354e3a0c1e8eb39210960,2024-11,Essex Police,Essex Police,0.605684,51.638917,On or near Took Drive,E01021607,Chelmsford 020C,Violence and sexual offences,Unable to prosecute suspect,
daec7fb70c56fefd3bbf3863fb2b0b121797c2326787e03f3302d4ebd09f3c5a,2024-11,Essex Police,Essex Police,0.605563,51.641860,On or near Rivendell Vale,E01021607,Chelmsford 020C,Violence and sexual offences,Unable to prosecute suspect,
,2024-11,Essex Police,Essex Police,0.615920,51.640730,On or near Melville Heath,E01021608,Chelmsford 020D,Anti-social behaviour,,
896363df787c1a282f7714b9dae2503fdc25b744138429b53c003239d7f20da1,2024-11,Essex Police,Essex Police,0.615920,51.640730,On or near Melville Heath,E01021608,Chelmsford 020D,Criminal damage and arson,Unable to prosecute suspect,
51534782fb094a27668277f5785e9491706553936a6f2a95c89d3267a45f3be8,2024-11,Essex Police,Essex Police,0.614403,51.640998,On or near Littlecroft,E01021608,Chelmsford 020D,Violence and sexual offences,Unable to prosecute suspect,
49c41c3a46cc2c10e8bfae8c2097a07e87fdf62f8fc6f642e7d5381de7bec671,2024-11,Essex Police,Essex Police,0.617118,51.641450,On or near Nelson Place,E01021608,Chelmsford 020D,Violence and sexual offences,Local resolution,
49a5767bb4760b8736dfecce96984f5310cc324825a3ffe9f019d05bb4e0d7da,2024-11,Essex Police,Essex Police,0.617118,51.641450,On or near Nelson Place,E01021608,Chelmsford 020D,Violence and sexual offences,Unable to prosecute suspect,
802a6178f4622326fcf4ab54fbabc8e30978e92fd0954a907ac83a6aa872d765,2024-11,Essex Police,Essex Police,0.615920,51.640730,On or near Melville Heath,E01021608,Chelmsford 020D,Violence and sexual offences,Unable to prosecute suspect,
16fd43530fe48a06a3b68a3a877f5d2139dfbea990afb32c0d848ef15007f212,2024-11,Essex Police,Essex Police,0.617118,51.641450,On or near Nelson Place,E01021608,Chelmsford 020D,Violence and sexual offences,Investigation complete; no suspect identified,
847303476c27a8ec052fd91a28f55fdd78a2382c7609781e3920c82c98dadfc6,2024-11,Essex Police,Essex Police,0.617118,51.641450,On or near Nelson Place,E01021608,Chelmsford 020D,Other crime,Local resolution,
31fa135866bcd13ddb8ac6740a6a3d29c62b75f3a1f5949cc854dc0cd5c2faa5,2024-11,Essex Police,Essex Police,0.610305,51.635334,On or near Holkham Avenue,E01021609,Chelmsford 020E,Vehicle crime,Investigation complete; no suspect identified,
dfe9a3c89d971d6574559be32002defebeaa6d4393433aeb2de39dd44acee0f4,2024-11,Essex Police,Essex Police,0.621851,51.641318,On or near Anson Close,E01021610,Chelmsford 020F,Public order,Unable to prosecute suspect,
b646b161f5e2b2addd06ba7a04aa03441a8806ace216a9c00b117b59dcb65035,2024-11,Essex Police,Essex Police,0.621851,51.641318,On or near Anson Close,E01021610,Chelmsford 020F,Violence and sexual offences,Unable to prosecute suspect,
3b6474b84650d554f7d223d44e646efd7d6ba36a9b410e8f73f5c3284fcbec96,2024-11,Essex Police,Essex Police,0.620473,51.642230,On or near Culver Rise,E01021610,Chelmsford 020F,Violence and sexual offences,Investigation complete; no suspect identified,
0c2f49bdbc91d372ac9d228817973719066cd787f02a0a21c1b0f7cec14ae631,2024-11,Essex Police,Essex Police,0.528548,51.622329,On or near Church End Avenue,E01021593,Chelmsford 021A,Other theft,Unable to prosecute suspect,
fa8bdd8e2bee16e0d8257b58d0c3f0a88c09af7bb34eefed6a995857701a2b07,2024-11,Essex Police,Essex Police,0.522242,51.623248,On or near Clare Avenue,E01021593,Chelmsford 021A,Violence and sexual offences,Unable to prosecute suspect,
1573f6c11b445996c7a2bc01043c885580933e66c3a676afc52c033bae7b8ddf,2024-11,Essex Police,Essex Police,0.522242,51.623248,On or near Clare Avenue,E01021593,Chelmsford 021A,Violence and sexual offences,Unable to prosecute suspect,
,2024-11,Essex Police,Essex Police,0.539045,51.623758,On or near Barnet Park Road,E01021595,Chelmsford 021C,Anti-social behaviour,,
a157ec1f353dedde3a96707c62137f4baf62df72946d430decbfe84cc96c435b,2024-11,Essex Police,Essex Police,0.539332,51.624498,On or near Runwell Road,E01021595,Chelmsford 021C,Other theft,Unable to prosecute suspect,
e000dd2736ed79f2d16dff6322a7b24c6f238a4488b20dd489ff189cbd726750,2024-11,Essex Police,Essex Police,0.540389,51.624538,On or near Browns Avenue,E01021595,Chelmsford 021C,Other theft,Unable to prosecute suspect,
077f67cb21f0e5b5fae4e13a446740320a59a7ab1c10fc9448b64f8b6422197f,2024-11,Essex Police,Essex Police,0.516319,51.630057,On or near Brock Hill Drive,E01021595,Chelmsford 021C,Vehicle crime,Unable to prosecute suspect,
66ed5573e05b4a2fbed9fb125d6dc397aaeb945027e96e6a2e48cc1013d019d3,2024-11,Essex Police,Essex Police,0.516319,51.630057,On or near Brock Hill Drive,E01021595,Chelmsford 021C,Violence and sexual offences,Unable to prosecute suspect,
c3adfc3dbd5b38463e3784a970098fc0f74b071e97a0e17d8d18c5eb29ace5f7,2024-11,Essex Police,Essex Police,0.540389,51.624538,On or near Browns Avenue,E01021595,Chelmsford 021C,Violence and sexual offences,Investigation complete; no suspect identified,
977a8cffba62986aacdf728ae5c437215359270294a8bfa018cc7ecda34b6db7,2024-11,Essex Police,Essex Police,0.522326,51.645333,On or near Warren Road,E01034087,Chelmsford 021D,Burglary,Investigation complete; no suspect identified,
1f636775af14fda382559f4df8beaf357373c906bcb5351a77c3b65d67a7cab1,2024-11,Essex Police,Essex Police,0.522326,51.645333,On or near Warren Road,E01034087,Chelmsford 021D,Burglary,Unable to prosecute suspect,
b66a03b2c0d095434322a66298cd4e0dabe1e2b4f9e24584bf8bd1f0db8054ab,2024-11,Essex Police,Essex Police,0.522326,51.645333,On or near Warren Road,E01034087,Chelmsford 021D,Criminal damage and arson,Investigation complete; no suspect identified,
14e468d8a59a02256c1d9ddc4c45bfa4af38c3bd1c18b2c6f4cb14e9c75ccb63,2024-11,Essex Police,Essex Police,0.537635,51.646901,On or near Chalk Street,E01034087,Chelmsford 021D,Robbery,Investigation complete; no suspect identified,
8b6da57705619ba91eff0d7560a6b8de7b7ac9bb36c05777fd05eb60599199a6,2024-11,Essex Police,Essex Police,0.580298,51.640180,On or near Sports/Recreation Area,E01034087,Chelmsford 021D,Vehicle crime,Investigation complete; no suspect identified,
7a5d730b818452b4723eae13f29782e826908f5e479b347c119900e18901deb6,2024-11,Essex Police,Essex Police,0.538595,51.651413,On or near Marks Lane,E01034087,Chelmsford 021D,Vehicle crime,Investigation complete; no suspect identified,
f5c381752732e79e4e4ab1291892436c59440d48e876675c11781e2811e86b37,2024-11,Essex Police,Essex Police,0.553523,51.655145,On or near Salforal Close,E01034087,Chelmsford 021D,Violence and sexual offences,Status update unavailable,
cf6ff7862865e8a7ad1f523758025e299e4f126d6f161d88c0bfd0ec8606c798,2024-11,Essex Police,Essex Police,0.545745,51.634530,On or near Pot Inn Close,E01034088,Chelmsford 021E,Drugs,Local resolution,
c985009a56ad855d80c86bcc10ce82b00d006336f0d14b5b48e35f879ebfb626,2024-11,Essex Police,Essex Police,0.539593,51.630994,On or near Hospital,E01034088,Chelmsford 021E,Drugs,Formal action is not in the public interest,
df967a05221c60432d60f2710cff25c23b07e062a3127274876b1f0727769c7e,2024-11,Essex Police,Essex Police,0.539593,51.630994,On or near Hospital,E01034088,Chelmsford 021E,Other theft,Investigation complete; no suspect identified,
8a05b40ba3d5a61c27f0dc5ce091cd208e4fe2a2314b9e6f9ea9fc57926f9e26,2024-11,Essex Police,Essex Police,0.545639,51.635216,On or near Corsellis Close,E01034088,Chelmsford 021E,Shoplifting,Investigation complete; no suspect identified,
d5717118971ceaedca3bbaa221c0ef84203d6b40f3ba31d4071688a048bb9367,2024-11,Essex Police,Essex Police,0.539593,51.630994,On or near Hospital,E01034088,Chelmsford 021E,Violence and sexual offences,Unable to prosecute suspect,
7370a21eedc228f02d5a21a8e47ad913f499adaea902e26995f9195343916b23,2024-11,Essex Police,Essex Police,0.539593,51.630994,On or near Hospital,E01034088,Chelmsford 021E,Violence and sexual offences,Formal action is not in the public interest,
e1ca9542b27ef83d5a0a9439e82098b269ee3529880376359687f0b8ada614a4,2024-11,Essex Police,Essex Police,0.539593,51.630994,On or near Hospital,E01034088,Chelmsford 021E,Violence and sexual offences,Unable to prosecute suspect,
4ec35d4e2c952914be21965dd7baaf47bae7b173159165ec689657bcd9003ac7,2024-11,Essex Police,Essex Police,0.539593,51.630994,On or near Hospital,E01034088,Chelmsford 021E,Violence and sexual offences,Unable to prosecute suspect,
,2024-11,Essex Police,Essex Police,0.473504,51.739154,On or near Supermarket,E01034089,Chelmsford 022A,Anti-social behaviour,,
,2024-11,Essex Police,Essex Police,0.476672,51.740922,On or near Hoffmanns Way,E01034089,Chelmsford 022A,Anti-social behaviour,,
,2024-11,Essex Police,Essex Police,0.473519,51.741276,On or near Bishop Hall Lane,E01034089,Chelmsford 022A,Anti-social behaviour,,
,2024-11,Essex Police,Essex Police,0.470222,51.737137,On or near Chelmsford,E01034089,Chelmsford 022A,Anti-social behaviour,,
,2024-11,Essex Police,Essex Police,0.471410,51.739279,On or near Marconi Road,E01034089,Chelmsford 022A,Anti-social behaviour,,
ede5e50afeb3bca2a48bfbf0e1dc7653aded93b5355c79ce7bdd0c43e6ef358a,2024-11,Essex Police,Essex Police,0.474492,51.741385,On or near Conference/Exhibition Centre,E01034089,Chelmsford 022A,Bicycle theft,Investigation complete; no suspect identified,
bdc23317925a059bffe6a45cdc047bf9fa8d691fe9933a9325a00468ff2d8e2d,2024-11,Essex Police,Essex Police,0.468984,51.737810,On or near Townfield Street,E01034089,Chelmsford 022A,Burglary,Court result unavailable,
0023663cbdb942be22ba4b12c0113ea56fc6f2ecba909ea4bfbccbf3404c15c6,2024-11,Essex Police,Essex Police,0.471410,51.739279,On or near Marconi Road,E01034089,Chelmsford 022A,Criminal damage and arson,Unable to prosecute suspect,
c8965ec1ed7d979928aee0742ca8ba9c0877f651a3ab28de6a149ab6ff149967,2024-11,Essex Police,Essex Police,0.466920,51.737683,On or near Parking Area,E01034089,Chelmsford 022A,Drugs,Awaiting court outcome,
4d8b4126c92fc582e0f15bdf41d4dcbf62ea241861c42037fc13ab84a73e6d73,2024-11,Essex Police,Essex Police,0.466920,51.737683,On or near Parking Area,E01034089,Chelmsford 022A,Drugs,Court result unavailable,
b32920b83f54cb0a231bc537fdc974bae54ddd740a3bb8824079b08218266a92,2024-11,Essex Police,Essex Police,0.468578,51.737270,On or near Parking Area,E01034089,Chelmsford 022A,Drugs,Local resolution,
86b8ab9f3015b2733d6b8ae2887673a76fd3fe9750ee51c6b6380cdd2f1a691e,2024-11,Essex Police,Essex Police,0.468984,51.737810,On or near Townfield Street,E01034089,Chelmsford 022A,Other theft,Investigation complete; no suspect identified,
78fda368197b6291160b0a94adef0d149f5bf256d2346065b61c4b66d6de3e37,2024-11,Essex Police,Essex Police,0.470222,51.737137,On or near Chelmsford,E01034089,Chelmsford 022A,Other theft,Unable to prosecute suspect,
ded6c7ed58f97d5d6af431592ba2a61fc37a9b906bd63de54cfdeb2c55b8a6ed,2024-11,Essex Police,Essex Police,0.474492,51.741385,On or near Conference/Exhibition Centre,E01034089,Chelmsford 022A,Other theft,Investigation complete; no suspect identified,
6f730aee322a4e52ef96e0283f56d3541a39f4a25f205b6191b4c2746bc45dcb,2024-11,Essex Police,Essex Police,0.475222,51.739307,On or near Brook Street,E01034089,Chelmsford 022A,Public order,Investigation complete; no suspect identified,
720a4a3945e8ca579f2f334229735832849920b7cb7c8b3c7bf223609c4ded8b,2024-11,Essex Police,Essex Police,0.466920,51.737683,On or near Parking Area,E01034089,Chelmsford 022A,Public order,Unable to prosecute suspect,
1cb687e160e2258235fe85eb3a4a5aca312699d2f8c11781fd5522372253407f,2024-11,Essex Police,Essex Police,0.473504,51.739154,On or near Supermarket,E01034089,Chelmsford 022A,Shoplifting,Unable to prosecute suspect,
b34ada3de7d9e71660e0f6d901824aecc9e58e7e058b90895622252f59b3e9ef,2024-11,Essex Police,Essex Police,0.474492,51.741385,On or near Conference/Exhibition Centre,E01034089,Chelmsford 022A,Vehicle crime,Investigation complete; no suspect identified,
6869d1828992f7301e1f2cee14391843f1a99a5dd3b0e6bb3ca129e0f7ef3736,2024-11,Essex Police,Essex Police,0.472022,51.743043,On or near Alan Cherry Drive,E01034089,Chelmsford 022A,Vehicle crime,Investigation complete; no suspect identified,
45e192089d332439c8c0f845d4976a0410d679278b6be1790373f54b9819cd08,2024-11,Essex Police,Essex Police,0.468128,51.738062,On or near Parking Area,E01034089,Chelmsford 022A,Violence and sexual offences,Unable to prosecute suspect,
4841d6c9bbb68d84f298cf59d56df5a333e28fb0bdb3bffb06edbe3c6c405501,2024-11,Essex Police,Essex Police,0.468984,51.737810,On or near Townfield Street,E01034089,Chelmsford 022A,Violence and sexual offences,Unable to prosecute suspect,
29debac25feb29d0089d6bc0fb3aa0771f49f21ed631352282b5563ae233eee6,2024-11,Essex Police,Essex Police,0.471410,51.739279,On or near Marconi Road,E01034089,Chelmsford 022A,Violence and sexual offences,Investigation complete; no suspect identified,
b878f7a195b5c29ee1e736c71e9b2cc48188686e3253672362b3ca289b51c0e3,2024-11,Essex Police,Essex Police,0.472507,51.738141,On or near Watson Heights,E01034089,Chelmsford 022A,Violence and sexual offences,Investigation complete; no suspect identified,
7ade2fcc6a9edd9e71fe3c28d76806ada302b39fb1b4fbe7ffb8d9e73f2576f4,2024-11,Essex Police,Essex Police,0.473504,51.739154,On or near Supermarket,E01034089,Chelmsford 022A,Violence and sexual offences,Unable to prosecute suspect,
9f38e73797afe990f7f1ba09119b0d207b074b91609fcb3ef87e98f8dee62b05,2024-11,Essex Police,Essex Police,0.473519,51.741276,On or near Bishop Hall Lane,E01034089,Chelmsford 022A,Violence and sexual offences,Unable to prosecute suspect,
43b8c1f37c6007b4fc7b26720efb80a1d399b81eadbffab616e9c156ddbc3f11,2024-11,Essex Police,Essex Police,0.475222,51.739307,On or near Brook Street,E01034089,Chelmsford 022A,Violence and sexual offences,Unable to prosecute suspect,
f4c0e6387ef061897dffe617ec479059c42da4d6d671505c74df80bd45d7f839,2024-11,Essex Police,Essex Police,0.470222,51.737137,On or near Chelmsford,E01034089,Chelmsford 022A,Violence and sexual offences,Unable to prosecute suspect,
43d270fb468a2c87c2993783bc90630385ee5c261352ffe29f4515ee4999a6d5,2024-11,Essex Police,Essex Police,0.470222,51.737137,On or near Chelmsford,E01034089,Chelmsford 022A,Violence and sexual offences,Status update unavailable,
efc17e175f1eae4bc702752c6bed1e6d10099dada012b8e9edd69de8eeb3fe05,2024-11,Essex Police,Essex Police,0.473519,51.741276,On or near Bishop Hall Lane,E01034089,Chelmsford 022A,Other crime,Unable to prosecute suspect,
,2024-11,Essex Police,Essex Police,0.484655,51.736724,On or near Prison,E01021627,Chelmsford 022B,Anti-social behaviour,,
30d44d41d5065321502157a2647a7492a34acb2dbc2635ce031b9e9024385f98,2024-11,Essex Police,Essex Police,0.484655,51.736724,On or near Prison,E01021627,Chelmsford 022B,Criminal damage and arson,Action to be taken by another organisation,
82679d9ca91c153592f58f4fe6aae70aa01c7a8a83206b4461fe61914bd06e96,2024-11,Essex Police,Essex Police,0.483175,51.738797,On or near Cobbs Place,E01021627,Chelmsford 022B,Drugs,Local resolution,
8c2912ef77828d5876aea10dcf154998c300732c5389be7cf181263f555ad8a6,2024-11,Essex Police,Essex Police,0.484655,51.736724,On or near Prison,E01021627,Chelmsford 022B,Other theft,Unable to prosecute suspect,
58408bca6f80021b2ca8205b6edc7bec6e45021c591fc457be0f530882af0ff1,2024-11,Essex Police,Essex Police,0.484655,51.736724,On or near Prison,E01021627,Chelmsford 022B,Public order,Action to be taken by another organisation,
109785ea0f5de333cf446f42160c170507e43985f4a15b733eca94d55c3e978e,2024-11,Essex Police,Essex Police,0.484655,51.736724,On or near Prison,E01021627,Chelmsford 022B,Public order,Action to be taken by another organisation,
53c725ff951221694145f19d64493246e34da44e57a7910ff23d0fb556353fb5,2024-11,Essex Police,Essex Police,0.484655,51.736724,On or near Prison,E01021627,Chelmsford 022B,Violence and sexual offences,Unable to prosecute suspect,
bf81ffeac2157356e288292eb7eff15bd3fb33f9c202171c1b568714f1197a39,2024-11,Essex Police,Essex Police,0.484655,51.736724,On or near Prison,E01021627,Chelmsford 022B,Violence and sexual offences,Action to be taken by another organisation,
51d0d52ccc21cb0f14a73c41428acacf0cc9355fcae4fb04784a0259015326cb,2024-11,Essex Police,Essex Police,0.484655,51.736724,On or near Prison,E01021627,Chelmsford 022B,Violence and sexual offences,Action to be taken by another organisation,
f94d181c0033f843c19ac6bd75c750f9d8b057ecba702378f314b9af87d559e1,2024-11,Essex Police,Essex Police,0.484655,51.736724,On or near Prison,E01021627,Chelmsford 022B,Violence and sexual offences,Action to be taken by another organisation,
6b4f97b0dc896d5667f556401795fe4deae0f6b1bd621d144f3ab4e9d2a639ef,2024-11,Essex Police,Essex Police,0.484655,51.736724,On or near Prison,E01021627,Chelmsford 022B,Violence and sexual offences,Action to be taken by another organisation,
59951555656f7350ed8838165c53f9dfe9e655009b619001b4a0d48b2b40d52d,2024-11,Essex Police,Essex Police,0.484655,51.736724,On or near Prison,E01021627,Chelmsford 022B,Violence and sexual offences,Action to be taken by another organisation,
b862dafba745c683a83615e0650a286f2614d6ecc8b31e111318f708242ddeff,2024-11,Essex Police,Essex Police,0.484655,51.736724,On or near Prison,E01021627,Chelmsford 022B,Violence and sexual offences,Action to be taken by another organisation,
e5f6b3e21322a0ca7c01a13c67888e9b60ffc8711d939b36b82290b26ddc8ff3,2024-11,Essex Police,Essex Police,0.484655,51.736724,On or near Prison,E01021627,Chelmsford 022B,Violence and sexual offences,Action to be taken by another organisation,
535de127a4e2884d10b1fb255b34d8f39da9e4174d74f2964635328fa545651a,2024-11,Essex Police,Essex Police,0.484655,51.736724,On or near Prison,E01021627,Chelmsford 022B,Violence and sexual offences,Action to be taken by another organisation,
88e1b8d0283e343086121eb144fe727e124897832661a0da0594471fab8c9967,2024-11,Essex Police,Essex Police,0.484655,51.736724,On or near Prison,E01021627,Chelmsford 022B,Violence and sexual offences,Action to be taken by another organisation,
5a38436cec85640c7b4923b5a6be844d8d775959ecf3a6aa75b83bdc788b9526,2024-11,Essex Police,Essex Police,0.484655,51.736724,On or near Prison,E01021627,Chelmsford 022B,Violence and sexual offences,Action to be taken by another organisation,
75028f5b5fc4f9e2d2a08667a229ccae8c556120e37337fee30d850d75603e4f,2024-11,Essex Police,Essex Police,0.484655,51.736724,On or near Prison,E01021627,Chelmsford 022B,Violence and sexual offences,Action to be taken by another organisation,
3599d63fed58b2ba92e1542447cd5695e07e4bbbfe19352bd39bcc1aea6f1a9e,2024-11,Essex Police,Essex Police,0.484655,51.736724,On or near Prison,E01021627,Chelmsford 022B,Violence and sexual offences,Court result unavailable,
dab0a8f6d14a3e21f0506b58910d114c75c5ce431b2cb3ed9697446871b99a93,2024-11,Essex Police,Essex Police,0.484655,51.736724,On or near Prison,E01021627,Chelmsford 022B,Violence and sexual offences,Court result unavailable,
b46de8424133afd3de871550e997b4528cf11a93d5cbc0fe585cd562a0c9465f,2024-11,Essex Police,Essex Police,0.484655,51.736724,On or near Prison,E01021627,Chelmsford 022B,Other crime,Court result unavailable,
d99da44870d5168ec149f7aba61bc600b6dbbec1176c4f1c8685c582eab0ab00,2024-11,Essex Police,Essex Police,0.484655,51.736724,On or near Prison,E01021627,Chelmsford 022B,Other crime,Awaiting court outcome,
74705c2aafe093f3f717e25a4458b5a080d7f5a95edea9dcdeeea3c758c88949,2024-11,Essex Police,Essex Police,0.484655,51.736724,On or near Prison,E01021627,Chelmsford 022B,Other crime,Action to be taken by another organisation,
e504498d60a20c0e25b545048701606b993d42994c7f7eac07cf286e271cf524,2024-11,Essex Police,Essex Police,0.484655,51.736724,On or near Prison,E01021627,Chelmsford 022B,Other crime,Awaiting court outcome,
a46301c72e3163a3162e6855763f1343ba15ba188b014f0ff053c7ced3622aae,2024-11,Essex Police,Essex Police,0.484655,51.736724,On or near Prison,E01021627,Chelmsford 022B,Other crime,Awaiting court outcome,
c8b8e80582a9d29c0048f4713b95558860c8725880ed2542b5f4cb6eff311987,2024-11,Essex Police,Essex Police,0.484655,51.736724,On or near Prison,E01021627,Chelmsford 022B,Other crime,Court result unavailable,
6afe7e86fa38222e2b1a87872c7e17533cd2e943486b4958f7b4099e7f105e63,2024-11,Essex Police,Essex Police,0.484655,51.736724,On or near Prison,E01021627,Chelmsford 022B,Other crime,Awaiting court outcome,
5bd718e0bbc0f82b8f261f8a79fb686dc6d4292861369195fe488cafa975ee59,2024-11,Essex Police,Essex Police,0.484655,51.736724,On or near Prison,E01021627,Chelmsford 022B,Other crime,Action to be taken by another organisation,
0896569b896d738f9dcba4d517a09f5d4c0ca85847a28673d1d044436b8db79b,2024-11,Essex Police,Essex Police,0.484655,51.736724,On or near Prison,E01021627,Chelmsford 022B,Other crime,Awaiting court outcome,
,2024-11,Essex Police,Essex Police,0.479262,51.737627,On or near Shopping Area,E01034090,Chelmsford 022C,Anti-social behaviour,,
,2024-11,Essex Police,Essex Police,0.474244,51.737313,On or near Victoria Court,E01034090,Chelmsford 022C,Anti-social behaviour,,
446d5dcd6ae524b1f83f18f97bbe938525f11960e2effc0d7ea9237c2e1e5453,2024-11,Essex Police,Essex Police,0.477609,51.733699,On or near Supermarket,E01034090,Chelmsford 022C,Bicycle theft,Investigation complete; no suspect identified,
b06f1450001dd90eecf872f22c64ec201090cde7c406fa9990e06b2c66539381,2024-11,Essex Police,Essex Police,0.475357,51.737011,On or near Victoria Road,E01034090,Chelmsford 022C,Bicycle theft,Investigation complete; no suspect identified,
ba57272b583ccadcda6f8aeeb2d558f29c74fda4445899320808a89b081a8b87,2024-11,Essex Police,Essex Police,0.473917,51.736645,On or near Police Station,E01034090,Chelmsford 022C,Criminal damage and arson,Unable to prosecute suspect,
cb3e931d9bd8326685d915871a3ba1e3a8e3cc45f60610f5951192864961a110,2024-11,Essex Police,Essex Police,0.473917,51.736645,On or near Police Station,E01034090,Chelmsford 022C,Criminal damage and arson,Court result unavailable,
48fccba538580debc18ac55d8500bb7d49d0e05e4e143734e0edc129ea38a84e,2024-11,Essex Police,Essex Police,0.477139,51.736487,On or near Parking Area,E01034090,Chelmsford 022C,Criminal damage and arson,Investigation complete; no suspect identified,
e3711ce1dfc447c60b656ff4ac096835a3737a99458a51fe11ff65833059e436,2024-11,Essex Police,Essex Police,0.473917,51.736645,On or near Police Station,E01034090,Chelmsford 022C,Criminal damage and arson,Court result unavailable,
01481a6445a0ec72e310a33627dabcd7c53cceeb577438252b3e128dd5ee6475,2024-11,Essex Police,Essex Police,0.473917,51.736645,On or near Police Station,E01034090,Chelmsford 022C,Criminal damage and arson,Court result unavailable,
6eddff3134bfbda5529ab7bb6d64f280216573899ffaae37ef3ea672913c8092,2024-11,Essex Police,Essex Police,0.473917,51.736645,On or near Police Station,E01034090,Chelmsford 022C,Criminal damage and arson,Unable to prosecute suspect,
eaa6912d16fab42da6967c82429276cf77b86fe73515ae9b8e4c9063ce0fc4cc,2024-11,Essex Police,Essex Police,0.473917,51.736645,On or near Police Station,E01034090,Chelmsford 022C,Drugs,Court result unavailable,
09861625d49b310f0d944163941f5304ffd5d370a56ec3f40a42015c53a953c2,2024-11,Essex Police,Essex Police,0.477609,51.733699,On or near Supermarket,E01034090,Chelmsford 022C,Drugs,Investigation complete; no suspect identified,
5967eb2156eb10abb092e036163328a55bdecf8f8e29cc7ce076818160e5e124,2024-11,Essex Police,Essex Police,0.473917,51.736645,On or near Police Station,E01034090,Chelmsford 022C,Drugs,Local resolution,
40c4276bd148f95403ade0bef6465bad18d334165516a0a5c026f43efdedeb6f,2024-11,Essex Police,Essex Police,0.477609,51.733699,On or near Supermarket,E01034090,Chelmsford 022C,Drugs,Unable to prosecute suspect,
bc76f974082376ef68d5735512df91029f4cfbd5116450cd9cb75a8f39fe40bd,2024-11,Essex Police,Essex Police,0.473003,51.735558,On or near Church Street,E01034090,Chelmsford 022C,Other theft,Investigation complete; no suspect identified,
609b148cd7c0d861dc8cd0ee41051b3080494ef66aa02fba81e5aa4092992477,2024-11,Essex Police,Essex Police,0.478702,51.737784,On or near Shopping Area,E01034090,Chelmsford 022C,Other theft,Investigation complete; no suspect identified,
fcc3b24348fd246a87c3b2ee096069f201ae2b994df4555477cacbe23de7e481,2024-11,Essex Police,Essex Police,0.475249,51.734252,On or near Shopping Area,E01034090,Chelmsford 022C,Possession of weapons,Investigation complete; no suspect identified,
43d50699ec9c9f229c1df8b2c5f82193afe0d46af294894300fe0bb526ac1306,2024-11,Essex Police,Essex Police,0.473917,51.736645,On or near Police Station,E01034090,Chelmsford 022C,Possession of weapons,Court result unavailable,
d666c2a574055005462adab8da663eeb7467b594e9239be173651b9f8c723e99,2024-11,Essex Police,Essex Police,0.477139,51.736487,On or near Parking Area,E01034090,Chelmsford 022C,Public order,Offender given a caution,
8af4a20d7475446e3005d8bf5c566462d2eaf3398734345f04ab6cf78fe77721,2024-11,Essex Police,Essex Police,0.474244,51.737313,On or near Victoria Court,E01034090,Chelmsford 022C,Public order,Unable to prosecute suspect,
dc462dd39d74839729d6df70d3a463990679156e228d2eedf9a85086c25bef86,2024-11,Essex Police,Essex Police,0.477139,51.736487,On or near Parking Area,E01034090,Chelmsford 022C,Public order,Court result unavailable,
a579f3b8a80c247b5f6a43769a555ec37fbf6bc14345460545be5d86f10b3951,2024-11,Essex Police,Essex Police,0.474244,51.737313,On or near Victoria Court,E01034090,Chelmsford 022C,Public order,Court result unavailable,
46a4bd5301050baa46a7b5a15327b1a477a41d8edc6fa06c15ed82cfaff7beb5,2024-11,Essex Police,Essex Police,0.477139,51.736487,On or near Parking Area,E01034090,Chelmsford 022C,Public order,Unable to prosecute suspect,
7ac8264defe4294e2bd08548d2c30c0703031b9f6b6b2f0341ac8ff50d336529,2024-11,Essex Police,Essex Police,0.475249,51.734252,On or near Shopping Area,E01034090,Chelmsford 022C,Shoplifting,Unable to prosecute suspect,
cbb3b1a359e796eb8c165e4912d84c2893139bd65893e0361b24d42f7d0b820a,2024-11,Essex Police,Essex Police,0.476101,51.734998,On or near Parking Area,E01034090,Chelmsford 022C,Shoplifting,Investigation complete; no suspect identified,
cb22707554e1da924344f6976fa3399c8477ca66b4abcfa5b01acb09f425baad,2024-11,Essex Police,Essex Police,0.476101,51.734998,On or near Parking Area,E01034090,Chelmsford 022C,Shoplifting,Local resolution,
5ac3d4962a909afb31457ab23e3454827fbc01964ffb8a22940dd8d4fe4d1222,2024-11,Essex Police,Essex Police,0.475249,51.734252,On or near Shopping Area,E01034090,Chelmsford 022C,Shoplifting,Investigation complete; no suspect identified,
1b930cc0ade736fe8183b5fbcd8832eeef0018ead096429ec3d7a6257635a8ec,2024-11,Essex Police,Essex Police,0.477609,51.733699,On or near Supermarket,E01034090,Chelmsford 022C,Shoplifting,Investigation complete; no suspect identified,
19fcd6c352906717606e8513128786eca4f5851715def2c31986e558b2eb7bc3,2024-11,Essex Police,Essex Police,0.475977,51.733778,On or near Parking Area,E01034090,Chelmsford 022C,Shoplifting,Unable to prosecute suspect,
243166ec05365720529ca86b7fe0c5edfa4157e3fc9b1b9a9b177b63639f84ec,2024-11,Essex Police,Essex Police,0.475249,51.734252,On or near Shopping Area,E01034090,Chelmsford 022C,Shoplifting,Investigation complete; no suspect identified,
658e1238c4a421ca1517925a2bed37494e33ac976ded8e230bd6021d6936bf1c,2024-11,Essex Police,Essex Police,0.475249,51.734252,On or near Shopping Area,E01034090,Chelmsford 022C,Shoplifting,Investigation complete; no suspect identified,
1c1dea0fcc9e42efa8879639153519a2a6ce54f102fb03335435c07e09adb22e,2024-11,Essex Police,Essex Police,0.476101,51.734998,On or near Parking Area,E01034090,Chelmsford 022C,Shoplifting,Court result unavailable,
5a3cf42c2803c68b17d2fb75cb3da041035963d28a442be9775bf472ad8f09e7,2024-11,Essex Police,Essex Police,0.475249,51.734252,On or near Shopping Area,E01034090,Chelmsford 022C,Shoplifting,Investigation complete; no suspect identified,
c0c578cf550003a2a4b41a9f159d273414424f22b194c25e8df11af67539250d,2024-11,Essex Police,Essex Police,0.477609,51.733699,On or near Supermarket,E01034090,Chelmsford 022C,Shoplifting,Court result unavailable,
df3c50c5ed5d7ceeb1863413d5112b075db9490307851f5ced8a7b634de372b7,2024-11,Essex Police,Essex Police,0.475249,51.734252,On or near Shopping Area,E01034090,Chelmsford 022C,Shoplifting,Investigation complete; no suspect identified,
52f7f5fbe47ae06abb8b6061b671622eb5defc3808c3841188e316c79d74ea71,2024-11,Essex Police,Essex Police,0.476101,51.734998,On or near Parking Area,E01034090,Chelmsford 022C,Shoplifting,Local resolution,
5ad28136e706988a0a8b1ad6492c2f9f943c90c0c68ee9ea3e548245ab5deb0c,2024-11,Essex Police,Essex Police,0.476101,51.734998,On or near Parking Area,E01034090,Chelmsford 022C,Shoplifting,Investigation complete; no suspect identified,
c842504a19eebcfb1d6cfa9f9610b0bcc73dfa129562d07a016755011b53c0b6,2024-11,Essex Police,Essex Police,0.475249,51.734252,On or near Shopping Area,E01034090,Chelmsford 022C,Shoplifting,Investigation complete; no suspect identified,
2ec16a160d00cd2bb25a2d62020968af894b6569d4446691ccfdea56d8d87d0a,2024-11,Essex Police,Essex Police,0.475249,51.734252,On or near Shopping Area,E01034090,Chelmsford 022C,Shoplifting,Investigation complete; no suspect identified,
1eb2d0d883fc6f47fd6a315c53557b23d6ea9c41990fe5dd329cfcbcb7ec1d78,2024-11,Essex Police,Essex Police,0.475249,51.734252,On or near Shopping Area,E01034090,Chelmsford 022C,Shoplifting,Investigation complete; no suspect identified,
fc1494c97a7fe9a7fc12bddb46c4f4885c60696ade3b451b3811b559d9ea31eb,2024-11,Essex Police,Essex Police,0.475249,51.734252,On or near Shopping Area,E01034090,Chelmsford 022C,Shoplifting,Court result unavailable,
fa6106013775df40679add6c0295317a55156006b486084be991ade5f0631a8d,2024-11,Essex Police,Essex Police,0.476101,51.734998,On or near Parking Area,E01034090,Chelmsford 022C,Shoplifting,Action to be taken by another organisation,
6241eeeb181b62f21ac7ff9ac510bf25f2c4fa0c23ed1650156d0123dba4c530,2024-11,Essex Police,Essex Police,0.475249,51.734252,On or near Shopping Area,E01034090,Chelmsford 022C,Shoplifting,Court result unavailable,
5270949485f9ad421174b2c659824b03bd3a2a97cdfd8bad69753f22850bf966,2024-11,Essex Police,Essex Police,0.475249,51.734252,On or near Shopping Area,E01034090,Chelmsford 022C,Shoplifting,Investigation complete; no suspect identified,
07efed81811655d7bc5ff5c10dde717bdf9de2276978081c17aa87f162c9cced,2024-11,Essex Police,Essex Police,0.475249,51.734252,On or near Shopping Area,E01034090,Chelmsford 022C,Shoplifting,Investigation complete; no suspect identified,
6671df40723bf8021ad09ed201935ec53e6b5fc5c1da6bcaa8927dc4220debfe,2024-11,Essex Police,Essex Police,0.475249,51.734252,On or near Shopping Area,E01034090,Chelmsford 022C,Shoplifting,Investigation complete; no suspect identified,
e97a823c5236aadc445c3845a3e128c263dc3b72323e8966fae58aebc926fa5c,2024-11,Essex Police,Essex Police,0.477609,51.733699,On or near Supermarket,E01034090,Chelmsford 022C,Shoplifting,Investigation complete; no suspect identified,
62c7a9697f6178e4f2c581a39e89b879baf8f0c68341e0285e393163b9238eb6,2024-11,Essex Police,Essex Police,0.477609,51.733699,On or near Supermarket,E01034090,Chelmsford 022C,Shoplifting,Court result unavailable,
29b645bb09fbefa96cde8daff7d7dff50ae58ee8fae3385baf86befc900bfe4d,2024-11,Essex Police,Essex Police,0.475249,51.734252,On or near Shopping Area,E01034090,Chelmsford 022C,Theft from the person,Investigation complete; no suspect identified,
9d9f45464ea6c0b4f683ebb68ee024beb523ea9aa3fbf4ce87ab192164a50ab8,2024-11,Essex Police,Essex Police,0.476932,51.737481,On or near Regina Road,E01034090,Chelmsford 022C,Theft from the person,Unable to prosecute suspect,
1cfe62640804c5fe0ee8676b7f03cdfe8ddbbf1752f7707e877f530b64570228,2024-11,Essex Police,Essex Police,0.475249,51.734252,On or near Shopping Area,E01034090,Chelmsford 022C,Theft from the person,Investigation complete; no suspect identified,
02de39674eb85a827ced125ec1c1c3a540bf23a3b14a900eceb5655bd2fa19d2,2024-11,Essex Police,Essex Police,0.474872,51.735024,On or near Waterloo Lane,E01034090,Chelmsford 022C,Theft from the person,Investigation complete; no suspect identified,
6dcb189a495de512554ed25564de3471c5e6df38accedf78f199d9dac478b20f,2024-11,Essex Police,Essex Police,0.477609,51.733699,On or near Supermarket,E01034090,Chelmsford 022C,Vehicle crime,Investigation complete; no suspect identified,
8ac0bb9d1903bc60a9d726c902bd7c785f73ac729a183b63a3ce2a773abc3a32,2024-11,Essex Police,Essex Police,0.477609,51.733699,On or near Supermarket,E01034090,Chelmsford 022C,Vehicle crime,Investigation complete; no suspect identified,
e352633450753252cadde0c44232c95214ad4f5c516319c2c5f0c7d8215dc8c6,2024-11,Essex Police,Essex Police,0.477139,51.736487,On or near Parking Area,E01034090,Chelmsford 022C,Vehicle crime,Investigation complete; no suspect identified,
fb6e3efbd0946dfb360fed5a3eb1af7820c2209a587f4cac684996a81437e4b4,2024-11,Essex Police,Essex Police,0.479262,51.737627,On or near Shopping Area,E01034090,Chelmsford 022C,Vehicle crime,Investigation complete; no suspect identified,
a383e1920591749c1d06e5bc268fb108c883d5e7fe92cce789a2dc4d13a1be18,2024-11,Essex Police,Essex Police,0.472599,51.736106,On or near Legg Street,E01034090,Chelmsford 022C,Vehicle crime,Unable to prosecute suspect,
e7b1864c7410c50cba016aec7618e425ea43824edd069345f0b81e03392ea0fe,2024-11,Essex Police,Essex Police,0.479262,51.737627,On or near Shopping Area,E01034090,Chelmsford 022C,Vehicle crime,Investigation complete; no suspect identified,
7c5f5c9286e8b5b4db2037e141841a6a9dd45d55211831453f0df7ba9aaac05d,2024-11,Essex Police,Essex Police,0.480816,51.734081,On or near Sandringham Place,E01034090,Chelmsford 022C,Violence and sexual offences,Unable to prosecute suspect,
794b0bae8db84a242f1ce3e5990f381744ed794f988be2eae278d42158fee9ba,2024-11,Essex Police,Essex Police,0.477139,51.736487,On or near Parking Area,E01034090,Chelmsford 022C,Violence and sexual offences,Investigation complete; no suspect identified,
5a578c5774a1992e90851b2545101b63cc131938bf175bd70ede1afdd1e0eaf7,2024-11,Essex Police,Essex Police,0.473917,51.736645,On or near Police Station,E01034090,Chelmsford 022C,Violence and sexual offences,Court result unavailable,
b23c30f5cd39a2033ba3a1cfb848a04a3c2ccd0d534f349e6e1e30cbdc8d0da6,2024-11,Essex Police,Essex Police,0.477139,51.736487,On or near Parking Area,E01034090,Chelmsford 022C,Violence and sexual offences,Unable to prosecute suspect,
04a4b54b354df04133dbf3ee1449d3517ceb23a9e3d4c7413cf0f8e849c749e6,2024-11,Essex Police,Essex Police,0.477139,51.736487,On or near Parking Area,E01034090,Chelmsford 022C,Violence and sexual offences,Status update unavailable,
298653ec09d11660b28721f0129dc8437f9e9b21d33b5414da3f1524eafc0aff,2024-11,Essex Police,Essex Police,0.477139,51.736487,On or near Parking Area,E01034090,Chelmsford 022C,Violence and sexual offences,Unable to prosecute suspect,
87bc41da7e64f6893ca8ca35f0bab561e2a9751ec005d468fc45e4e7aedcae46,2024-11,Essex Police,Essex Police,0.474244,51.737313,On or near Victoria Court,E01034090,Chelmsford 022C,Violence and sexual offences,Unable to prosecute suspect,
f3b0268fbb248caa0ccb21624c868d385a96491bc2ec726eaa7e2ea7e0330616,2024-11,Essex Police,Essex Police,0.477139,51.736487,On or near Parking Area,E01034090,Chelmsford 022C,Violence and sexual offences,Unable to prosecute suspect,
5ab0e0b4001d7875b9b7cfd75f7df738d8e85cf24379825131caf30350f35389,2024-11,Essex Police,Essex Police,0.475977,51.733778,On or near Parking Area,E01034090,Chelmsford 022C,Violence and sexual offences,Unable to prosecute suspect,
9033a6fd756928199012537977b8bfe292cd073e177e1743a1a8a4a785051b26,2024-11,Essex Police,Essex Police,0.477139,51.736487,On or near Parking Area,E01034090,Chelmsford 022C,Violence and sexual offences,Unable to prosecute suspect,
c3cc575b7ad21731c4dabcc35355794d5198a24f4d0f39f94ec92aaa47199c4a,2024-11,Essex Police,Essex Police,0.477139,51.736487,On or near Parking Area,E01034090,Chelmsford 022C,Violence and sexual offences,Unable to prosecute suspect,
5683b94471ed70377bdedbfc453870bc872dde3f84831a27bf7c714217cb4468,2024-11,Essex Police,Essex Police,0.477139,51.736487,On or near Parking Area,E01034090,Chelmsford 022C,Violence and sexual offences,Court result unavailable,
8424dd3663483e05a8c8a700c5dee27dc6c623dd9ff0162535290e95ea6527d3,2024-11,Essex Police,Essex Police,0.477139,51.736487,On or near Parking Area,E01034090,Chelmsford 022C,Violence and sexual offences,Unable to prosecute suspect,
d12039f9c6c6c669e2e479f115d031916f71758309506111c162f320e03de0ef,2024-11,Essex Police,Essex Police,0.477139,51.736487,On or near Parking Area,E01034090,Chelmsford 022C,Violence and sexual offences,Unable to prosecute suspect,
8004539b9c02c53755153eec9661626c3f140250f223ca099affe4faae50cedf,2024-11,Essex Police,Essex Police,0.477139,51.736487,On or near Parking Area,E01034090,Chelmsford 022C,Violence and sexual offences,Unable to prosecute suspect,
4c3680b116794dc80a4f6c13328cea60705a980a20117328401cbf8af597ce85,2024-11,Essex Police,Essex Police,0.472599,51.736106,On or near Legg Street,E01034090,Chelmsford 022C,Violence and sexual offences,Unable to prosecute suspect,
bd39382544381f77cef9f9d5be3f232407c5e415135c3a2c157254bf54dc9ce4,2024-11,Essex Police,Essex Police,0.473917,51.736645,On or near Police Station,E01034090,Chelmsford 022C,Violence and sexual offences,Unable to prosecute suspect,
822ab8d10809f7382d6df334106fbb00a86a62925a2ac15dd9d414f0f31b5279,2024-11,Essex Police,Essex Police,0.473917,51.736645,On or near Police Station,E01034090,Chelmsford 022C,Violence and sexual offences,Court result unavailable,
08e44e30d0d151d41ddb09ef3ce6c06244dca90c05cca594529914e199e6cf22,2024-11,Essex Police,Essex Police,0.477139,51.736487,On or near Parking Area,E01034090,Chelmsford 022C,Violence and sexual offences,Investigation complete; no suspect identified,
b5b67a63026423a4af677d2a8d9ede2cc3a1ab23e6f51f32e667c530b64459c3,2024-11,Essex Police,Essex Police,0.477139,51.736487,On or near Parking Area,E01034090,Chelmsford 022C,Violence and sexual offences,Status update unavailable,
e9390139b080fca63791b0767d00189cdc4d28053459a810f9a6245fe0f019fe,2024-11,Essex Police,Essex Police,0.476932,51.737481,On or near Regina Road,E01034090,Chelmsford 022C,Violence and sexual offences,Unable to prosecute suspect,
12f4badd6783c361bc7b7be2c29904006864f3541818d96c674d8e4a23a94864,2024-11,Essex Police,Essex Police,0.477609,51.733699,On or near Supermarket,E01034090,Chelmsford 022C,Violence and sexual offences,Investigation complete; no suspect identified,
cf02c97ecd22ccae712c689281041dd3f1c4617ea8b329e7e21e7e73062e0cb7,2024-11,Essex Police,Essex Police,0.477139,51.736487,On or near Parking Area,E01034090,Chelmsford 022C,Violence and sexual offences,Investigation complete; no suspect identified,
5be35cac9b1f621656c8e88390151415b93034377a8d4b5a88c201b8eb0cd59a,2024-11,Essex Police,Essex Police,0.475249,51.734252,On or near Shopping Area,E01034090,Chelmsford 022C,Violence and sexual offences,Investigation complete; no suspect identified,
3cfd2eda408b59941143317233430c04c6344e9eb5cef1ddb306b75a7e60650e,2024-11,Essex Police,Essex Police,0.477139,51.736487,On or near Parking Area,E01034090,Chelmsford 022C,Violence and sexual offences,Investigation complete; no suspect identified,
6d649cc60ac0d801a24853ec91910565b3202f0918886c3eb4e8605a1dd361b3,2024-11,Essex Police,Essex Police,0.481809,51.734230,On or near Boswells Drive,E01034090,Chelmsford 022C,Violence and sexual offences,Unable to prosecute suspect,
ba76de27a97b77ca58e774d94909f7899a95720582dea7f9c729ca5404c7cbcd,2024-11,Essex Police,Essex Police,0.481809,51.734230,On or near Boswells Drive,E01034090,Chelmsford 022C,Violence and sexual offences,Unable to prosecute suspect,
5da1bb511dbd9a1259db093ca6f60531d67eb185f48e1676f35e9d84c6529672,2024-11,Essex Police,Essex Police,0.476932,51.737481,On or near Regina Road,E01034090,Chelmsford 022C,Violence and sexual offences,Investigation complete; no suspect identified,
aa1e9931103c8d48ecbea17230a064ab89eea5eddea33b5b40b8ed8578b3cc75,2024-11,Essex Police,Essex Police,0.477139,51.736487,On or near Parking Area,E01034090,Chelmsford 022C,Violence and sexual offences,Unable to prosecute suspect,
2160b4ea766a72b5579de58765e18005e5c51df5d796bf8ca5aa10a7f74461a4,2024-11,Essex Police,Essex Police,0.473917,51.736645,On or near Police Station,E01034090,Chelmsford 022C,Violence and sexual offences,Unable to prosecute suspect,
85908be82747f0636d9c9f83b3874d7eb9dd153004d976ceaa4e9ba1cda4de1e,2024-11,Essex Police,Essex Police,0.477139,51.736487,On or near Parking Area,E01034090,Chelmsford 022C,Violence and sexual offences,Unable to prosecute suspect,
9d5a55d5ab6a547c70229c409cdfb222ecf29a07894ea20c7b502e8bd16a3435,2024-11,Essex Police,Essex Police,0.475977,51.733778,On or near Parking Area,E01034090,Chelmsford 022C,Violence and sexual offences,Unable to prosecute suspect,
14bd50f8c4fc30dc744684b0657ab0e88e39b65256d5c91124d59f62d716b767,2024-11,Essex Police,Essex Police,0.477609,51.733699,On or near Supermarket,E01034090,Chelmsford 022C,Violence and sexual offences,Investigation complete; no suspect identified,
1bb4fd4818ef49a58e0a95a1c0c83ece67f00f170a0021dce7d215599419455a,2024-11,Essex Police,Essex Police,0.475977,51.733778,On or near Parking Area,E01034090,Chelmsford 022C,Violence and sexual offences,Investigation complete; no suspect identified,
67dc2d293c68057f5b318e4f4f9262d26f72f4f4680869ab36a72bc7cb86ab58,2024-11,Essex Police,Essex Police,0.477139,51.736487,On or near Parking Area,E01034090,Chelmsford 022C,Violence and sexual offences,Unable to prosecute suspect,
6d095fab3b895f0a62cea1fd5ea64e6fdb23092145bcf766f2bb565e38cbefba,2024-11,Essex Police,Essex Police,0.479262,51.737627,On or near Shopping Area,E01034090,Chelmsford 022C,Other crime,Unable to prosecute suspect,
,2024-11,Essex Police,Essex Police,0.474512,51.731093,On or near Nightclub,E01033140,Chelmsford 022D,Anti-social behaviour,,
,2024-11,Essex Police,Essex Police,0.479543,51.728541,On or near Shopping Area,E01033140,Chelmsford 022D,Anti-social behaviour,,
,2024-11,Essex Police,Essex Police,0.473682,51.729429,On or near Hall Street,E01033140,Chelmsford 022D,Anti-social behaviour,,
,2024-11,Essex Police,Essex Police,0.474512,51.731093,On or near Nightclub,E01033140,Chelmsford 022D,Anti-social behaviour,,
,2024-11,Essex Police,Essex Police,0.476123,51.729036,On or near Rochford Road,E01033140,Chelmsford 022D,Anti-social behaviour,,
,2024-11,Essex Police,Essex Police,0.474512,51.731093,On or near Nightclub,E01033140,Chelmsford 022D,Anti-social behaviour,,
,2024-11,Essex Police,Essex Police,0.474512,51.731093,On or near Nightclub,E01033140,Chelmsford 022D,Anti-social behaviour,,
,2024-11,Essex Police,Essex Police,0.482489,51.729720,On or near Parking Area,E01033140,Chelmsford 022D,Anti-social behaviour,,
,2024-11,Essex Police,Essex Police,0.479543,51.728541,On or near Shopping Area,E01033140,Chelmsford 022D,Anti-social behaviour,,
,2024-11,Essex Police,Essex Police,0.471067,51.728468,On or near Godfreys Mews,E01033140,Chelmsford 022D,Anti-social behaviour,,
,2024-11,Essex Police,Essex Police,0.482641,51.731704,On or near Brockley Road,E01033140,Chelmsford 022D,Anti-social behaviour,,
,2024-11,Essex Police,Essex Police,0.476374,51.732838,On or near Nightclub,E01033140,Chelmsford 022D,Anti-social behaviour,,
,2024-11,Essex Police,Essex Police,0.471067,51.728468,On or near Godfreys Mews,E01033140,Chelmsford 022D,Anti-social behaviour,,
8f36e4244959bd0a9e4679387128bf1862e6e0d7d433640fc789f89716abd4e5,2024-11,Essex Police,Essex Police,0.473067,51.731159,On or near Friars Walk,E01033140,Chelmsford 022D,Bicycle theft,Investigation complete; no suspect identified,
881131f3f44ab86fed84e3c520ef7e866a0c46384ec1a0dfd7e55525732c4757,2024-11,Essex Police,Essex Police,0.472844,51.729464,On or near Orchard Street,E01033140,Chelmsford 022D,Burglary,Investigation complete; no suspect identified,
1991cd6a77f5d248a037b72bb7cea50ba3ff02bc8501d8a6d13c9b397066781a,2024-11,Essex Police,Essex Police,0.482641,51.731704,On or near Brockley Road,E01033140,Chelmsford 022D,Burglary,Investigation complete; no suspect identified,
e58952d0140af466a15063d93f369a90012f40d06ea11ed1abd27c7941c8a4df,2024-11,Essex Police,Essex Police,0.476206,51.731345,On or near Shopping Area,E01033140,Chelmsford 022D,Criminal damage and arson,Investigation complete; no suspect identified,
65bd008aa83f174ef4ba736a155fdc9abaeeb5025455bdea91f5f30b1be86f57,2024-11,Essex Police,Essex Police,0.474512,51.731093,On or near Nightclub,E01033140,Chelmsford 022D,Drugs,Local resolution,
dfde5b5e907281610636a1254400b9570fc12d762468bae65a36e969460570e6,2024-11,Essex Police,Essex Police,0.474512,51.731093,On or near Nightclub,E01033140,Chelmsford 022D,Drugs,Local resolution,
e5f299d22a4a9837f9401e49b2a2cbab581670310e86117b43c07a5736a8872e,2024-11,Essex Police,Essex Police,0.471570,51.730516,On or near Hospital,E01033140,Chelmsford 022D,Other theft,Unable to prosecute suspect,
50d17d1a30c02730b5134445c1493b767043f4827f41e57c1171597a0ca39029,2024-11,Essex Police,Essex Police,0.474512,51.731093,On or near Nightclub,E01033140,Chelmsford 022D,Other theft,Investigation complete; no suspect identified,
bae7e345dbb0b3ff6f42dbb8be1725d1e1f5cdd3215c86567e63da5f82996f8b,2024-11,Essex Police,Essex Police,0.471067,51.728468,On or near Godfreys Mews,E01033140,Chelmsford 022D,Public order,Unable to prosecute suspect,
230acb9f288fd77b4b1dff907682b54058978d3c29b4ec131f82cf4067992c80,2024-11,Essex Police,Essex Police,0.479543,51.728541,On or near Shopping Area,E01033140,Chelmsford 022D,Public order,Unable to prosecute suspect,
f643695235abbe71c0a353e7eb2e185ab0b515215d55af2514cd346efb337108,2024-11,Essex Police,Essex Police,0.474512,51.731093,On or near Nightclub,E01033140,Chelmsford 022D,Public order,Investigation complete; no suspect identified,
3a24bbcfd20186791ef60bab8f18cb1a09c8c7d5870503623e10968dd931d417,2024-11,Essex Police,Essex Police,0.474512,51.731093,On or near Nightclub,E01033140,Chelmsford 022D,Robbery,Unable to prosecute suspect,
15602bc907d50e3dea69dc11b20449f0b0922cf7c0286d31859160f68f8adecc,2024-11,Essex Police,Essex Police,0.476374,51.732838,On or near Nightclub,E01033140,Chelmsford 022D,Shoplifting,Local resolution,
a4dca89149c07a4447be7d0b722790ebd69e7d77a88b0b96438966a34228b623,2024-11,Essex Police,Essex Police,0.476206,51.731345,On or near Shopping Area,E01033140,Chelmsford 022D,Shoplifting,Action to be taken by another organisation,
c9caa40c83c35a98483f0628692115c3d25dc55f27855b887ac374ad919ff8e8,2024-11,Essex Police,Essex Police,0.471067,51.728468,On or near Godfreys Mews,E01033140,Chelmsford 022D,Shoplifting,Investigation complete; no suspect identified,
722ac46cccf79930bc3fa25ab2cc9a29a801824e6098e39379de166e0b3dbfc1,2024-11,Essex Police,Essex Police,0.476374,51.732838,On or near Nightclub,E01033140,Chelmsford 022D,Shoplifting,Unable to prosecute suspect,
0235cedf1a35b83e4a9118066a87f230bd2d30022dd26156e5fe4e22fd990d66,2024-11,Essex Police,Essex Police,0.476374,51.732838,On or near Nightclub,E01033140,Chelmsford 022D,Shoplifting,Investigation complete; no suspect identified,
2863babb27de9d1aca7c08e7c3a8707de2c5a1a0d61d73257f3f0badb55692b4,2024-11,Essex Police,Essex Police,0.476374,51.732838,On or near Nightclub,E01033140,Chelmsford 022D,Shoplifting,Local resolution,
82422e3f0dd80053d76fe770a99984282a349ca598a1d422b175ebad8a7d3ab4,2024-11,Essex Police,Essex Police,0.476374,51.732838,On or near Nightclub,E01033140,Chelmsford 022D,Shoplifting,Investigation complete; no suspect identified,
95dd8063ca627034422fd19100437a1ad367c666479d176fafb3c279039dc12b,2024-11,Essex Police,Essex Police,0.476206,51.731345,On or near Shopping Area,E01033140,Chelmsford 022D,Shoplifting,Investigation complete; no suspect identified,
d438c38d87312986b236f380081d2ff56f8074c7aea343f6288e1682d01bb604,2024-11,Essex Police,Essex Police,0.471067,51.728468,On or near Godfreys Mews,E01033140,Chelmsford 022D,Shoplifting,Investigation complete; no suspect identified,
43a915b22ba3e31ab346989258c969c8ad28225502fd0ee8be1ae58fcc7c33a5,2024-11,Essex Police,Essex Police,0.473067,51.731159,On or near Friars Walk,E01033140,Chelmsford 022D,Shoplifting,Unable to prosecute suspect,
cc1b1ea9251585173aaf996ed08fbfc02584208afa0a4ab84dd1717f9c33cb72,2024-11,Essex Police,Essex Police,0.474512,51.731093,On or near Nightclub,E01033140,Chelmsford 022D,Shoplifting,Investigation complete; no suspect identified,
b3eb6b1964298f1222db01e9da8c6c1c14eb6a991125c77c41d021492d562464,2024-11,Essex Police,Essex Police,0.479543,51.728541,On or near Shopping Area,E01033140,Chelmsford 022D,Shoplifting,Investigation complete; no suspect identified,
dc352b517d64536b1261bef0f7b983eb66ca524c4b97cf651434fcaa4e79d2ec,2024-11,Essex Police,Essex Police,0.479543,51.728541,On or near Shopping Area,E01033140,Chelmsford 022D,Shoplifting,Investigation complete; no suspect identified,
9c483b2b224337d4540ccd9ef4c43e413091d068d3b7d59de3b39b90c1e312cd,2024-11,Essex Police,Essex Police,0.476374,51.732838,On or near Nightclub,E01033140,Chelmsford 022D,Theft from the person,Investigation complete; no suspect identified,
36c4faf091da3f188a07bdfa436fc0bb0c1fa79c0921dc1534135f8478c2feb1,2024-11,Essex Police,Essex Police,0.474512,51.731093,On or near Nightclub,E01033140,Chelmsford 022D,Theft from the person,Investigation complete; no suspect identified,
b8312ae9530062746414f0a9d3c1c9f71f9192a3452931d661705eda1467ad46,2024-11,Essex Police,Essex Police,0.474512,51.731093,On or near Nightclub,E01033140,Chelmsford 022D,Theft from the person,Investigation complete; no suspect identified,
a9a6dd983871cc3cb2c177846a1c33958ac548da136d49a2d6f0b702ac3b37e4,2024-11,Essex Police,Essex Police,0.474512,51.731093,On or near Nightclub,E01033140,Chelmsford 022D,Theft from the person,Investigation complete; no suspect identified,
22c3759f9a45c97af48878683ffa30a156e46e89ba1d75616bbb251b9920c182,2024-11,Essex Police,Essex Police,0.474106,51.730031,On or near Parking Area,E01033140,Chelmsford 022D,Theft from the person,Investigation complete; no suspect identified,
10dca28afe1f559c6860dead4ba6de0b66a435345cb660a6fc75c127039b877d,2024-11,Essex Police,Essex Police,0.474512,51.731093,On or near Nightclub,E01033140,Chelmsford 022D,Violence and sexual offences,Investigation complete; no suspect identified,
a8f57a1d115a106c7586156dac0c624bef0086ba51684b64ec07b69d7b7979c2,2024-11,Essex Police,Essex Police,0.479543,51.728541,On or near Shopping Area,E01033140,Chelmsford 022D,Violence and sexual offences,Unable to prosecute suspect,
9671e75daafe33320b150ed353e71386c1981b2a61a877e1b395e8499c57f2b8,2024-11,Essex Police,Essex Police,0.474512,51.731093,On or near Nightclub,E01033140,Chelmsford 022D,Violence and sexual offences,Investigation complete; no suspect identified,
68779caa9a4409eed0847437dcd9c6efb82bc46da2d3cbd95c1a8f3b83ea38f5,2024-11,Essex Police,Essex Police,0.482489,51.729720,On or near Parking Area,E01033140,Chelmsford 022D,Violence and sexual offences,Unable to prosecute suspect,
a3f0a1c710ea83eff06a9eaf7879c8aa55769b0f8d8116067183922d4e4f2c43,2024-11,Essex Police,Essex Police,0.474512,51.731093,On or near Nightclub,E01033140,Chelmsford 022D,Violence and sexual offences,Unable to prosecute suspect,
a4522616e9baec63c3dd2f7471b3035d2cbbce4cd988cc801c04128fd8ff9070,2024-11,Essex Police,Essex Police,0.474512,51.731093,On or near Nightclub,E01033140,Chelmsford 022D,Violence and sexual offences,Investigation complete; no suspect identified,
d2c4cf2b3d8709b0259006e4811435248a7aba294220a862efead79f43d69b4c,2024-11,Essex Police,Essex Police,0.474512,51.731093,On or near Nightclub,E01033140,Chelmsford 022D,Violence and sexual offences,Unable to prosecute suspect,
d0648fe4d3b6887967efcdef8cc6198219b2892f6eb5ec46bfa5f0489ef8672a,2024-11,Essex Police,Essex Police,0.480904,51.727565,On or near Supermarket,E01033140,Chelmsford 022D,Violence and sexual offences,Court result unavailable,
89779653b5ca94e5b8650dce4ab334a5f2e170e3ceec179fd2cbe4d0db39333c,2024-11,Essex Police,Essex Police,0.474512,51.731093,On or near Nightclub,E01033140,Chelmsford 022D,Violence and sexual offences,Investigation complete; no suspect identified,
6f3d0d61fb7f58f41c58ca135eec026b8e64bcfb027dd86e22092c086a580a84,2024-11,Essex Police,Essex Police,0.474512,51.731093,On or near Nightclub,E01033140,Chelmsford 022D,Violence and sexual offences,Investigation complete; no suspect identified,
e641f5e02f8e9ee532b7196e035c5698c7e275487570523c96693686bb714687,2024-11,Essex Police,Essex Police,0.474512,51.731093,On or near Nightclub,E01033140,Chelmsford 022D,Violence and sexual offences,Unable to prosecute suspect,
012072db4a7d8ab107904e98fc4a84d4b220ac23f6c82fe351b583ce1ba0c15f,2024-11,Essex Police,Essex Police,0.484428,51.730218,On or near Hill Road South,E01033140,Chelmsford 022D,Violence and sexual offences,Investigation complete; no suspect identified,
bc983fc8019d5007d40457237e394a7a359672dd8c12d9b763aa0b9721a612e8,2024-11,Essex Police,Essex Police,0.476206,51.731345,On or near Shopping Area,E01033140,Chelmsford 022D,Violence and sexual offences,Action to be taken by another organisation,
91b8d2113d54a9cedab8d1999bdbdbde0afae117be3aae66ea9251d4d6693f9f,2024-11,Essex Police,Essex Police,0.484428,51.730218,On or near Hill Road South,E01033140,Chelmsford 022D,Violence and sexual offences,Awaiting court outcome,
52e3ca5474c4b94a4b8c6a951a767022f934ec1f4b6b19de72e2ca6d5d2ed653,2024-11,Essex Police,Essex Police,0.476206,51.731345,On or near Shopping Area,E01033140,Chelmsford 022D,Violence and sexual offences,Investigation complete; no suspect identified,
95bf830c97cecc1911b5168c41b43448ab5f42e6970ce52a18662716ac8b8072,2024-11,Essex Police,Essex Police,0.475979,51.730648,On or near Can Bridge Way,E01033140,Chelmsford 022D,Violence and sexual offences,Court result unavailable,
b74348043a44b5f2275b522acb4e95d731a92cc146584457b725d6f4c2f48dd2,2024-11,Essex Police,Essex Police,0.476374,51.732838,On or near Nightclub,E01033140,Chelmsford 022D,Violence and sexual offences,Unable to prosecute suspect,
d50a14bb4dfa6e5a4e4d4412f2f9cb08f5825ff95b66e7e715608fdb01b0f34f,2024-11,Essex Police,Essex Police,0.474512,51.731093,On or near Nightclub,E01033140,Chelmsford 022D,Violence and sexual offences,Formal action is not in the public interest,
7f6b8f5e93089d9f41ced3a528837515d634c4367f2227bf1ea3d50ab68cf277,2024-11,Essex Police,Essex Police,0.474512,51.731093,On or near Nightclub,E01033140,Chelmsford 022D,Violence and sexual offences,Unable to prosecute suspect,
516d55d7a6b4c4005b52c66e876259059695b872e367d01dcf0664542621d05f,2024-11,Essex Police,Essex Police,0.474512,51.731093,On or near Nightclub,E01033140,Chelmsford 022D,Violence and sexual offences,Unable to prosecute suspect,
68a30abc1325e428a3b28d6a9a93f0a8ba6f28f459f2453b76631ac04def7812,2024-11,Essex Police,Essex Police,0.474512,51.731093,On or near Nightclub,E01033140,Chelmsford 022D,Violence and sexual offences,Court result unavailable,
34dd19b4bec83b71ba0801d09600a4644b10c96420830c59f6eb438a8094cea0,2024-11,Essex Police,Essex Police,0.482489,51.729720,On or near Parking Area,E01033140,Chelmsford 022D,Violence and sexual offences,Unable to prosecute suspect,
b57ac991470064f9cca4ffeb794563ac371ed26a6255a250d7c8e15a64d0b395,2024-11,Essex Police,Essex Police,0.476374,51.732838,On or near Nightclub,E01033140,Chelmsford 022D,Violence and sexual offences,Action to be taken by another organisation,
460483ec6853338eee4a67039b8a9e83bf261952368fbc40701ce5eac44192bc,2024-11,Essex Police,Essex Police,0.482489,51.729720,On or near Parking Area,E01033140,Chelmsford 022D,Violence and sexual offences,Investigation complete; no suspect identified,
266ca7adb60c3abb73fab656beec9df6512a2eba1fd55c41cd6da99cb6c5c434,2024-11,Essex Police,Essex Police,0.469667,51.728830,On or near Parking Area,E01033140,Chelmsford 022D,Violence and sexual offences,Status update unavailable,
ee6f1b58b7f050746e34ee932d9cb97d55139342555c187c919f86da237494c6,2024-11,Essex Police,Essex Police,0.477983,51.728888,On or near A1060,E01033140,Chelmsford 022D,Violence and sexual offences,Investigation complete; no suspect identified,
76eba95cd91ecdbfe8c9191f2b3ffaf395980efac68f7c95fa8fe3dd2089faaf,2024-11,Essex Police,Essex Police,0.474106,51.730031,On or near Parking Area,E01033140,Chelmsford 022D,Violence and sexual offences,Awaiting court outcome,
001f16a132362053195650ec9756369a84c8cde2d94bdf91992dd57b3cb9c553,2024-11,Essex Police,Essex Police,0.474106,51.730031,On or near Parking Area,E01033140,Chelmsford 022D,Violence and sexual offences,Unable to prosecute suspect,
4fabd86647c3eb16f580d796b6bc3008c1d8211ec238b398c5c153b098113ebd,2024-11,Essex Police,Essex Police,0.484428,51.730218,On or near Hill Road South,E01033140,Chelmsford 022D,Violence and sexual offences,Unable to prosecute suspect,
6a44ce6a1e377387df748bfe7e0c128b2ecb5c1ffabd7541e9f282ded87c1ecd,2024-11,Essex Police,Essex Police,0.476374,51.732838,On or near Nightclub,E01033140,Chelmsford 022D,Violence and sexual offences,Investigation complete; no suspect identified,
b12dc0cfef44a7ff6e57e461faf20438968109a543a8bf7438fffb21d6f398a6,2024-11,Essex Police,Essex Police,0.474512,51.731093,On or near Nightclub,E01033140,Chelmsford 022D,Violence and sexual offences,Court result unavailable,
286ca511387c1677257e2a1d9c885b52474c7efcc67476d206584fd17d3671f8,2024-11,Essex Police,Essex Police,0.474512,51.731093,On or near Nightclub,E01033140,Chelmsford 022D,Violence and sexual offences,Unable to prosecute suspect,
7d16c5bae4b7f463e78789ae45e0c899fe215affc1e5a1aa71f27ae687215311,2024-11,Essex Police,Essex Police,0.479543,51.728541,On or near Shopping Area,E01033140,Chelmsford 022D,Violence and sexual offences,Investigation complete; no suspect identified,
2625e8967009fd5ac67d7485ccc2ae0b1e1e19ae920ef914aa8f634199dc9c03,2024-11,Essex Police,Essex Police,0.473067,51.731159,On or near Friars Walk,E01033140,Chelmsford 022D,Violence and sexual offences,Unable to prosecute suspect,
b394b01e32521ed56dc4105d74bf0f3a780f59ab22b64e66a23ba38d6facedbd,2024-11,Essex Police,Essex Police,0.474512,51.731093,On or near Nightclub,E01033140,Chelmsford 022D,Violence and sexual offences,Investigation complete; no suspect identified,
2199f4c4d623030e96fcf8d039a1d70ab58ae59351c941f43811064290ca85d4,2024-11,Essex Police,Essex Police,0.474512,51.731093,On or near Nightclub,E01033140,Chelmsford 022D,Violence and sexual offences,Investigation complete; no suspect identified,
d4a41d7608d3641ee85dc36f1b97c0eebf1a3fdfa4f5f93fc9582348288c9337,2024-11,Essex Police,Essex Police,0.474512,51.731093,On or near Nightclub,E01033140,Chelmsford 022D,Violence and sexual offences,Court result unavailable,
9b631633e00e9fdc88aacdc9dfb7767c4d5f229c851188c7a4a00f2f312c0a45,2024-11,Essex Police,Essex Police,0.474512,51.731093,On or near Nightclub,E01033140,Chelmsford 022D,Violence and sexual offences,Unable to prosecute suspect,
ceecd5f39d922fe7430fb611690e6d8bee20cd2378bf3be3dbbf1530c94d0caa,2024-11,Essex Police,Essex Police,0.474512,51.731093,On or near Nightclub,E01033140,Chelmsford 022D,Other crime,Unable to prosecute suspect,
2cffe469a4beb8e7a35cf4ee752ec1acc6d6b61976a71c9b0af779b619e325d0,2024-11,Essex Police,Essex Police,0.474106,51.730031,On or near Parking Area,E01033140,Chelmsford 022D,Other crime,Investigation complete; no suspect identified,
,2024-11,Essex Police,Essex Police,0.466841,51.736479,On or near Bus/Coach Station,E01034091,Chelmsford 023A,Anti-social behaviour,,
,2024-11,Essex Police,Essex Police,0.466841,51.736479,On or near Bus/Coach Station,E01034091,Chelmsford 023A,Anti-social behaviour,,
,2024-11,Essex Police,Essex Police,0.466873,51.735759,On or near Viaduct Road,E01034091,Chelmsford 023A,Anti-social behaviour,,
,2024-11,Essex Police,Essex Police,0.466873,51.735759,On or near Viaduct Road,E01034091,Chelmsford 023A,Anti-social behaviour,,
2df4d65c7bf7b5124b3ad55ca86c245326e5b6391d080ad691ed3cdb3fe466f0,2024-11,Essex Police,Essex Police,0.465457,51.736346,On or near Theatre/Concert Hall,E01034091,Chelmsford 023A,Bicycle theft,Investigation complete; no suspect identified,
57ad012bde28952437946be93397eba8caa6a8217032f76627021f2f3e6673a2,2024-11,Essex Police,Essex Police,0.466873,51.735759,On or near Viaduct Road,E01034091,Chelmsford 023A,Criminal damage and arson,Investigation complete; no suspect identified,
bc99b9715fb44079f9473db9f75aea2cf0f19912a2737e3add6122f1669a1339,2024-11,Essex Police,Essex Police,0.466841,51.736479,On or near Bus/Coach Station,E01034091,Chelmsford 023A,Drugs,Local resolution,
bb365cdd1974b33fb5a475a1e97e2ac1dd655b06589efa9c9706fa248d4ca1bf,2024-11,Essex Police,Essex Police,0.466253,51.737400,On or near Parking Area,E01034091,Chelmsford 023A,Drugs,Unable to prosecute suspect,
224fae1193ebc3212953236e4087caa4c8956f0bc18d3cd75f09e53bef67dec5,2024-11,Essex Police,Essex Police,0.463925,51.737215,On or near Wicks Place,E01034091,Chelmsford 023A,Other theft,Unable to prosecute suspect,
5b899a633b28575cdbeca5e3840a5dc5c0b1c9b696decbb4868bbb41a0a151ca,2024-11,Essex Police,Essex Police,0.466875,51.736856,On or near Supermarket,E01034091,Chelmsford 023A,Public order,Court result unavailable,
f74f2c5d617d19a9f1f28737699079ec596211c67f198efb5b033f193637dd0d,2024-11,Essex Police,Essex Police,0.466875,51.736856,On or near Supermarket,E01034091,Chelmsford 023A,Public order,Court result unavailable,
8d0bddd99e636a13d7ac4e4b4be7c08f44b2bb355a9c9bcdd1e47e9efcd2840c,2024-11,Essex Police,Essex Police,0.466875,51.736856,On or near Supermarket,E01034091,Chelmsford 023A,Public order,Unable to prosecute suspect,
77efa23930e4a82e9e4b747f1c5d0ff86967cdf12801f1e21af0cc942997981a,2024-11,Essex Police,Essex Police,0.466993,51.736368,On or near Chelmsford Bus Station,E01034091,Chelmsford 023A,Public order,Unable to prosecute suspect,
8d82c9f33db063376c011eac61f1cd5f6472378020260cfdacf7afb66e2861ab,2024-11,Essex Police,Essex Police,0.466252,51.736582,On or near Fairfield Road,E01034091,Chelmsford 023A,Robbery,Investigation complete; no suspect identified,
be73504a268f5179d4e785b0a7a79d8ba63e75b0948b3597ab62d2aa51b579c5,2024-11,Essex Police,Essex Police,0.466841,51.736479,On or near Bus/Coach Station,E01034091,Chelmsford 023A,Shoplifting,Court result unavailable,
78fb83244baec79ad018b8fde580a904ab5d07520525f3d0b4e4bc4708a255f7,2024-11,Essex Police,Essex Police,0.466875,51.736856,On or near Supermarket,E01034091,Chelmsford 023A,Shoplifting,Investigation complete; no suspect identified,
982a56fa5beda92dc0694152af0946daf038e39f18431317d72f6d4e91a3ef14,2024-11,Essex Police,Essex Police,0.466841,51.736479,On or near Bus/Coach Station,E01034091,Chelmsford 023A,Shoplifting,Local resolution,
4bc7ebfafff6f0eea817a45f1292029c5696fb6fb7033146c30551000ef6fc53,2024-11,Essex Police,Essex Police,0.466841,51.736479,On or near Bus/Coach Station,E01034091,Chelmsford 023A,Shoplifting,Local resolution,
15e545a5feb195293795e4b016f69e79770ef30aa7142ee108ef30cf774b0a26,2024-11,Essex Police,Essex Police,0.466875,51.736856,On or near Supermarket,E01034091,Chelmsford 023A,Shoplifting,Unable to prosecute suspect,
e6725d62c18d31b28ea81ed3ede225417dc6e46ec7e1314d58daf0f84f2fdda3,2024-11,Essex Police,Essex Police,0.466841,51.736479,On or near Bus/Coach Station,E01034091,Chelmsford 023A,Shoplifting,Court result unavailable,
4415c0f812d70ed4fef7ed0457673a8e474e90580bc7786f3211485b7fc0d583,2024-11,Essex Police,Essex Police,0.466841,51.736479,On or near Bus/Coach Station,E01034091,Chelmsford 023A,Shoplifting,Local resolution,
499d83ee4ecd6f5a5dc276a0d1e3bfd6a5252a4effb1830bc9ce14c11e193b2b,2024-11,Essex Police,Essex Police,0.466875,51.736856,On or near Supermarket,E01034091,Chelmsford 023A,Shoplifting,Investigation complete; no suspect identified,
ad64ac96af4151c9bc699e9b14cacaed6bde40e6536d22749d44b5ffec994ba1,2024-11,Essex Police,Essex Police,0.466875,51.736856,On or near Supermarket,E01034091,Chelmsford 023A,Shoplifting,Investigation complete; no suspect identified,
7dbbbf9268a119955cfa012a125651833686413ffe4c02190127f50ddaddd340,2024-11,Essex Police,Essex Police,0.466875,51.736856,On or near Supermarket,E01034091,Chelmsford 023A,Shoplifting,Court result unavailable,
45e62b86ad2f056518a8bd1df10bae44259ae5ee4beb312d73c0fbd94f5a32db,2024-11,Essex Police,Essex Police,0.466841,51.736479,On or near Bus/Coach Station,E01034091,Chelmsford 023A,Shoplifting,Investigation complete; no suspect identified,
95d7a4de2f39f2bd70296c325ff606d421969fcf4f84449f94ddb3b17f476827,2024-11,Essex Police,Essex Police,0.466841,51.736479,On or near Bus/Coach Station,E01034091,Chelmsford 023A,Shoplifting,Investigation complete; no suspect identified,
2f1fd16a368259c672d4484d64e931436cc8b7a9f424c51b4c6aad842f3aabd6,2024-11,Essex Police,Essex Police,0.466841,51.736479,On or near Bus/Coach Station,E01034091,Chelmsford 023A,Shoplifting,Court result unavailable,
9503da48b50d3a296b8f5a89e0f51532676aefc2738ca93ce21742eceeab09e3,2024-11,Essex Police,Essex Police,0.465457,51.736346,On or near Theatre/Concert Hall,E01034091,Chelmsford 023A,Theft from the person,Investigation complete; no suspect identified,
d99a39bc9618885914f27049187c66c04406455de9e6edff341947276abdc5ca,2024-11,Essex Police,Essex Police,0.467177,51.737354,On or near Railway Street,E01034091,Chelmsford 023A,Theft from the person,Investigation complete; no suspect identified,
42a1fbd522fd6d6a3fe38ccb33822d8bf6bfeb61c533f7b3795ec43f59e72936,2024-11,Essex Police,Essex Police,0.466252,51.736582,On or near Fairfield Road,E01034091,Chelmsford 023A,Violence and sexual offences,Investigation complete; no suspect identified,
ce8e5ca192a3c146c60ae948884967c005143cd6f24c45879aa65f90cb34fa2f,2024-11,Essex Police,Essex Police,0.466841,51.736479,On or near Bus/Coach Station,E01034091,Chelmsford 023A,Violence and sexual offences,Unable to prosecute suspect,
54b91eacf896c2b96c84dfc7373606d905c70fb24ddd035efaadb9baba2fbe8e,2024-11,Essex Police,Essex Police,0.466873,51.735759,On or near Viaduct Road,E01034091,Chelmsford 023A,Violence and sexual offences,Court result unavailable,
1b2a4fb69db5d0dc7d99f7c8385103bbe4a605cbb86e7686309160240446a0bd,2024-11,Essex Police,Essex Police,0.465457,51.736346,On or near Theatre/Concert Hall,E01034091,Chelmsford 023A,Violence and sexual offences,Action to be taken by another organisation,
b0550ca1f15f447b68ee54f5de2125b23acae4cc7270e5f68444f2f29dc429f3,2024-11,Essex Police,Essex Police,0.466253,51.737400,On or near Parking Area,E01034091,Chelmsford 023A,Other crime,Local resolution,
,2024-11,Essex Police,Essex Police,0.472047,51.733429,On or near Shopping Area,E01034092,Chelmsford 023B,Anti-social behaviour,,
,2024-11,Essex Police,Essex Police,0.472731,51.734026,On or near Tindal Street,E01034092,Chelmsford 023B,Anti-social behaviour,,
,2024-11,Essex Police,Essex Police,0.471233,51.734696,On or near Threadneedle Street,E01034092,Chelmsford 023B,Anti-social behaviour,,
,2024-11,Essex Police,Essex Police,0.468290,51.735981,On or near Park Road,E01034092,Chelmsford 023B,Anti-social behaviour,,
,2024-11,Essex Police,Essex Police,0.468290,51.735981,On or near Park Road,E01034092,Chelmsford 023B,Anti-social behaviour,,
,2024-11,Essex Police,Essex Police,0.472731,51.734026,On or near Tindal Street,E01034092,Chelmsford 023B,Anti-social behaviour,,
,2024-11,Essex Police,Essex Police,0.468290,51.735981,On or near Park Road,E01034092,Chelmsford 023B,Anti-social behaviour,,
b7938029c5eaa96964672b025586a3116409e75416d33ec3cbc2d454f1464194,2024-11,Essex Police,Essex Police,0.470641,51.734196,On or near Market Road,E01034092,Chelmsford 023B,Bicycle theft,Investigation complete; no suspect identified,
557eeb17ce715a7d07825ad411abfb818e55e5995004365925c3e864e9e13538,2024-11,Essex Police,Essex Police,0.471675,51.734300,On or near Nightclub,E01034092,Chelmsford 023B,Bicycle theft,Investigation complete; no suspect identified,
65283dbfcd1f8268bc009abe20bfd2b6d173175ec46de45ddcd674ba444d83ea,2024-11,Essex Police,Essex Police,0.468290,51.735981,On or near Park Road,E01034092,Chelmsford 023B,Bicycle theft,Unable to prosecute suspect,
a0f4aca42f36df89d0e59e110ff893232df931ed471ec5076593cf006f5e5895,2024-11,Essex Police,Essex Police,0.469847,51.733188,On or near Parking Area,E01034092,Chelmsford 023B,Burglary,Investigation complete; no suspect identified,
3ef9ea9cea2136a640819206350df2094d4aeaa0be3fd29b30c2c5418fb77343,2024-11,Essex Police,Essex Police,0.469847,51.733188,On or near Parking Area,E01034092,Chelmsford 023B,Criminal damage and arson,Investigation complete; no suspect identified,
ba84900c608067dbcdcc2933757d624c0f19d6ce10241494fe511f0704a22d8f,2024-11,Essex Police,Essex Police,0.468290,51.735981,On or near Park Road,E01034092,Chelmsford 023B,Other theft,Investigation complete; no suspect identified,
5975e3e2190fedf1f9382f1a965325f96316cd58cc0650b488451860c285b9d8,2024-11,Essex Police,Essex Police,0.472731,51.734026,On or near Tindal Street,E01034092,Chelmsford 023B,Other theft,Investigation complete; no suspect identified,
ec02e25d9010b403931772924eb98fea56fdf407afe0e34355dad9749b40018d,2024-11,Essex Police,Essex Police,0.469847,51.733188,On or near Parking Area,E01034092,Chelmsford 023B,Other theft,Investigation complete; no suspect identified,
13583d270c399ed192db8f10c4a3c25ade2c19e97254030da0330f8495925efc,2024-11,Essex Police,Essex Police,0.472047,51.733429,On or near Shopping Area,E01034092,Chelmsford 023B,Other theft,Investigation complete; no suspect identified,
47c60f0895e1f26c1ca5bc27e77d0b80c37df2eddc98b77b3b5962264bb7941c,2024-11,Essex Police,Essex Police,0.471233,51.734696,On or near Threadneedle Street,E01034092,Chelmsford 023B,Other theft,Investigation complete; no suspect identified,
c89d4d99088307d8c74511e978b9d1ff51b85783925accef9523c6b127d2fe9a,2024-11,Essex Police,Essex Police,0.472047,51.733429,On or near Shopping Area,E01034092,Chelmsford 023B,Other theft,Investigation complete; no suspect identified,
0be36158bde0d919932b524234b850ca553de23335f47c318bb1e0e053aa340e,2024-11,Essex Police,Essex Police,0.472047,51.733429,On or near Shopping Area,E01034092,Chelmsford 023B,Other theft,Investigation complete; no suspect identified,
eee4250975f3a1592a771d5d781795005700ddb0f0200f33659bdae900be120f,2024-11,Essex Police,Essex Police,0.468290,51.735981,On or near Park Road,E01034092,Chelmsford 023B,Public order,Court result unavailable,
69b61e87f725bde0c3b8aef134c5559b652e7a9342f575c5f02173a8a21258a5,2024-11,Essex Police,Essex Police,0.468290,51.735981,On or near Park Road,E01034092,Chelmsford 023B,Public order,Court result unavailable,
0619d4016be63779840778a0bd52afde47df24a88d9c918ff9a7e17b413957fe,2024-11,Essex Police,Essex Police,0.472731,51.734026,On or near Tindal Street,E01034092,Chelmsford 023B,Public order,Investigation complete; no suspect identified,
babdd5267c3642d8cf40795538b398949b9e8cfad5cfb14da26e9d9b546a73ce,2024-11,Essex Police,Essex Police,0.472047,51.733429,On or near Shopping Area,E01034092,Chelmsford 023B,Public order,Investigation complete; no suspect identified,
cf217a98020ec45bf6018c0cd0d8181678b15f9909c3349bbd937b8784a828a8,2024-11,Essex Police,Essex Police,0.470641,51.734196,On or near Market Road,E01034092,Chelmsford 023B,Public order,Unable to prosecute suspect,
2ae0dd3fb1d9429c46031a825c57374f51de220b128f34782d6323a5ff1214f0,2024-11,Essex Police,Essex Police,0.470641,51.734196,On or near Market Road,E01034092,Chelmsford 023B,Public order,Unable to prosecute suspect,
1e16d0e564d281995cb8af2488cfb7a99262d37a569d17d355e769f714f29c66,2024-11,Essex Police,Essex Police,0.470641,51.734196,On or near Market Road,E01034092,Chelmsford 023B,Public order,Unable to prosecute suspect,
3d6e6d50549463956206b2bbae2971ed1c692e0a2c234dbc815613b1556c5c67,2024-11,Essex Police,Essex Police,0.472701,51.734521,On or near Tindal Square,E01034092,Chelmsford 023B,Robbery,Suspect charged as part of another case,
9e9e22117927864cde0e2e5373c4228c262b6efb55178cf700efd43e9a3e8d59,2024-11,Essex Police,Essex Police,0.472047,51.733429,On or near Shopping Area,E01034092,Chelmsford 023B,Shoplifting,Local resolution,
4a3a081ddc5d3ea91b7972f7b9da45b937b7d1c2a8374c1e9829788536b67f99,2024-11,Essex Police,Essex Police,0.472047,51.733429,On or near Shopping Area,E01034092,Chelmsford 023B,Shoplifting,Formal action is not in the public interest,
a674765ad98b840628878a48af0e1cc1b1de3e27afb53b5f287d96e193c26209,2024-11,Essex Police,Essex Police,0.472731,51.734026,On or near Tindal Street,E01034092,Chelmsford 023B,Shoplifting,Investigation complete; no suspect identified,
43fdf0e01943227ff9b74354d6d824c70f8a1ad7313c65e35a1b42bd828d4891,2024-11,Essex Police,Essex Police,0.472731,51.734026,On or near Tindal Street,E01034092,Chelmsford 023B,Shoplifting,Investigation complete; no suspect identified,
9d87d13337a6f19273919b44a9a3ecfbc262a0281af2bb67f2114b87e7e0abe0,2024-11,Essex Police,Essex Police,0.472731,51.734026,On or near Tindal Street,E01034092,Chelmsford 023B,Shoplifting,Investigation complete; no suspect identified,
be656ef17c6f6357033edac9022ebcbb329abe9a4efb77cbc93b1aaa3c9fff09,2024-11,Essex Police,Essex Police,0.468290,51.735981,On or near Park Road,E01034092,Chelmsford 023B,Shoplifting,Court result unavailable,
2805ad78c5f6864838a8c0eece68e242dda52f69870807cf236ca938f1830680,2024-11,Essex Police,Essex Police,0.472731,51.734026,On or near Tindal Street,E01034092,Chelmsford 023B,Shoplifting,Court result unavailable,
e53a24900345141192e59179339e703de6add710f26ebf0dd881f00780bdeba3,2024-11,Essex Police,Essex Police,0.472731,51.734026,On or near Tindal Street,E01034092,Chelmsford 023B,Shoplifting,Investigation complete; no suspect identified,
af9f2c4d983e61560ab8a5ed6e4ab86381bab4478f5f5386d2ea987ccc385c19,2024-11,Essex Police,Essex Police,0.472047,51.733429,On or near Shopping Area,E01034092,Chelmsford 023B,Shoplifting,Court result unavailable,
ed9d7965e9042dfb4a6efa56cbfe43cb700b4e61212cb6db5d95e9fde8dbe6a1,2024-11,Essex Police,Essex Police,0.468290,51.735981,On or near Park Road,E01034092,Chelmsford 023B,Shoplifting,Court result unavailable,
7717cad3743ead71755c65b73ea76bc70f136e76bd01eed78d9092c6e21b8d4e,2024-11,Essex Police,Essex Police,0.468290,51.735981,On or near Park Road,E01034092,Chelmsford 023B,Shoplifting,Court result unavailable,
9b9b50a3acd866bad1ea1717f070f86470aa31533a70fbf600e22e5f21b135fa,2024-11,Essex Police,Essex Police,0.472047,51.733429,On or near Shopping Area,E01034092,Chelmsford 023B,Shoplifting,Local resolution,
7ed85358109c8ba45485f09d2979aaad23fdb19024ba9ab0e2d805c8905a2add,2024-11,Essex Police,Essex Police,0.472047,51.733429,On or near Shopping Area,E01034092,Chelmsford 023B,Shoplifting,Local resolution,
66fd942fb684f59516afb4fc682b8e69e595adc2ed4cdcfdf109572d689268ca,2024-11,Essex Police,Essex Police,0.472047,51.733429,On or near Shopping Area,E01034092,Chelmsford 023B,Shoplifting,Formal action is not in the public interest,
232d929313ff3c52886e9f807d06a8b9c5e676747f433f3d983c8b487519fd6f,2024-11,Essex Police,Essex Police,0.472047,51.733429,On or near Shopping Area,E01034092,Chelmsford 023B,Shoplifting,Unable to prosecute suspect,
45406e3b8d93e101e079a36e2de61aba36367b9af5cef64fa798dc848d329f77,2024-11,Essex Police,Essex Police,0.472731,51.734026,On or near Tindal Street,E01034092,Chelmsford 023B,Shoplifting,Investigation complete; no suspect identified,
42b36662e844d5d81a4dc6c3aa58ac851c347ffcc36edef8043969fab18ddd43,2024-11,Essex Police,Essex Police,0.468290,51.735981,On or near Park Road,E01034092,Chelmsford 023B,Shoplifting,Court result unavailable,
26d99904549746835f68bd311297025e72c17a4a05a8cd3b09412ec2245afeba,2024-11,Essex Police,Essex Police,0.468290,51.735981,On or near Park Road,E01034092,Chelmsford 023B,Shoplifting,Court result unavailable,
0dd2446e78bd215f79aaab56d6a6b23786b67b17d6bf36fb6e870eda1f9a5e0f,2024-11,Essex Police,Essex Police,0.472731,51.734026,On or near Tindal Street,E01034092,Chelmsford 023B,Shoplifting,Unable to prosecute suspect,
4355bd2a44dbd5f768a5d88447d7b987222f5d001b44b11e96171b0c85e23372,2024-11,Essex Police,Essex Police,0.471675,51.734300,On or near Nightclub,E01034092,Chelmsford 023B,Shoplifting,Court result unavailable,
2dca22180eea3098330364961348fa8a9274fd55192f4cce0b9edd23bd2515d5,2024-11,Essex Police,Essex Police,0.468290,51.735981,On or near Park Road,E01034092,Chelmsford 023B,Shoplifting,Court result unavailable,
be6e9c434b057f92465d51e82b8422cb96fc5652befa83555f44b5de60050fae,2024-11,Essex Police,Essex Police,0.468290,51.735981,On or near Park Road,E01034092,Chelmsford 023B,Shoplifting,Court result unavailable,
25f37fbeee12248fd64734e83a7fb24a40f828ff4faf0fa0679ab5e2ea0c5ca4,2024-11,Essex Police,Essex Police,0.472047,51.733429,On or near Shopping Area,E01034092,Chelmsford 023B,Shoplifting,Court result unavailable,
5833817b9bf01bcb4c60abb9d1fc0725a037a2489460a60194df45215cfdfd70,2024-11,Essex Police,Essex Police,0.472701,51.734521,On or near Tindal Square,E01034092,Chelmsford 023B,Theft from the person,Unable to prosecute suspect,
7404b4d3c333fa7dddf3490edf70c29220bfbc020080007c30e22575b1a0c403,2024-11,Essex Police,Essex Police,0.472701,51.734521,On or near Tindal Square,E01034092,Chelmsford 023B,Theft from the person,Investigation complete; no suspect identified,
edc9eab77579be75c11b66223e33c5890d9d4d0ca5919b9f19d07d7287d2b8a4,2024-11,Essex Police,Essex Police,0.469847,51.733188,On or near Parking Area,E01034092,Chelmsford 023B,Theft from the person,Investigation complete; no suspect identified,
9d30c1984f99a04d6639bd6c3e4767ded8cebbf3a10aa4d1a2139a8e850333ce,2024-11,Essex Police,Essex Police,0.472701,51.734521,On or near Tindal Square,E01034092,Chelmsford 023B,Theft from the person,Investigation complete; no suspect identified,
4068da80c458f184173a888f36e960750a6ebe59538a9a994f78f385c6fb7d96,2024-11,Essex Police,Essex Police,0.472731,51.734026,On or near Tindal Street,E01034092,Chelmsford 023B,Theft from the person,Investigation complete; no suspect identified,
273206ce441bd5796d302b93b93f75517b8b2343f15b0d39f863afe982792c5c,2024-11,Essex Police,Essex Police,0.472731,51.734026,On or near Tindal Street,E01034092,Chelmsford 023B,Theft from the person,Investigation complete; no suspect identified,
9ef7ad7c913f3be3c046bb302e2d7c6efd3d57d09e09441465759d06bdd9016c,2024-11,Essex Police,Essex Police,0.469847,51.733188,On or near Parking Area,E01034092,Chelmsford 023B,Theft from the person,Investigation complete; no suspect identified,
6ee2754bfe46f9248a99b074e72e86534e9f2bdab269edfbe0448e70cda203e5,2024-11,Essex Police,Essex Police,0.471233,51.734696,On or near Threadneedle Street,E01034092,Chelmsford 023B,Vehicle crime,Investigation complete; no suspect identified,
f4f5705b40f2099cde93f9b8a42f4e884d196dee303890f29e346cf6f6dd2ae7,2024-11,Essex Police,Essex Police,0.468290,51.735981,On or near Park Road,E01034092,Chelmsford 023B,Vehicle crime,Court result unavailable,
91dbba77a8c5966dd2570bcab5ef38266524bd151487d9a9f96eb8764981b617,2024-11,Essex Police,Essex Police,0.471675,51.734300,On or near Nightclub,E01034092,Chelmsford 023B,Violence and sexual offences,Unable to prosecute suspect,
1f1486309fa1056f2007e8015b70661e26b4d4d5180ea5cd8282f3caa9676d12,2024-11,Essex Police,Essex Police,0.472701,51.734521,On or near Tindal Square,E01034092,Chelmsford 023B,Violence and sexual offences,Investigation complete; no suspect identified,
33d217f143a69713e262d4d259688d128471f28606f31c241e76d2fca41ad484,2024-11,Essex Police,Essex Police,0.472701,51.734521,On or near Tindal Square,E01034092,Chelmsford 023B,Violence and sexual offences,Investigation complete; no suspect identified,
6341ed4e196f8f4987a42cf06eb695718afb9d2eb5b9f657f632adb025b48395,2024-11,Essex Police,Essex Police,0.471675,51.734300,On or near Nightclub,E01034092,Chelmsford 023B,Violence and sexual offences,Unable to prosecute suspect,
acb15e8153c93f6b0447d44de15f6f8a27ddd19ad4cee14db1acaf7f54107fdf,2024-11,Essex Police,Essex Police,0.471675,51.734300,On or near Nightclub,E01034092,Chelmsford 023B,Violence and sexual offences,Unable to prosecute suspect,
89f7f21d92947d4e0b00ef81827477060938cc06d69a78d3f72eb9a82117102b,2024-11,Essex Police,Essex Police,0.468290,51.735981,On or near Park Road,E01034092,Chelmsford 023B,Violence and sexual offences,Unable to prosecute suspect,
69dae6a059720095bd0af8ec9a98a74052cb99f58bca2a33a0c475f88628acea,2024-11,Essex Police,Essex Police,0.472701,51.734521,On or near Tindal Square,E01034092,Chelmsford 023B,Violence and sexual offences,Unable to prosecute suspect,
55a89dee4c97f9f25684463fae9390c960923877a553bd46e890579363527094,2024-11,Essex Police,Essex Police,0.472047,51.733429,On or near Shopping Area,E01034092,Chelmsford 023B,Violence and sexual offences,Court result unavailable,
c62277468b75d5300799c361ed64341a55d18dd0671791cbf90858fbd066e21d,2024-11,Essex Police,Essex Police,0.472701,51.734521,On or near Tindal Square,E01034092,Chelmsford 023B,Violence and sexual offences,Court result unavailable,
4b4ebfc2f1f67890bdff2a00fcfea7bcfa27d79215e412b8a9bbf91ef7f580a4,2024-11,Essex Police,Essex Police,0.471233,51.734696,On or near Threadneedle Street,E01034092,Chelmsford 023B,Violence and sexual offences,Unable to prosecute suspect,
6ddb62aa72322a1891abf40bf3fa6ee28be8a743eca5f789c3961b72b5fda621,2024-11,Essex Police,Essex Police,0.468290,51.735981,On or near Park Road,E01034092,Chelmsford 023B,Violence and sexual offences,Unable to prosecute suspect,
db7dce9e6962f31c0a1b182618d9d07ab3b78bb83b7b4f65d01c19b552d42ab8,2024-11,Essex Police,Essex Police,0.472701,51.734521,On or near Tindal Square,E01034092,Chelmsford 023B,Violence and sexual offences,Investigation complete; no suspect identified,
b0f7274f33bddc32c2a448ecd02951daa193edadc38bde545558bdf9651d1b55,2024-11,Essex Police,Essex Police,0.471233,51.734696,On or near Threadneedle Street,E01034092,Chelmsford 023B,Violence and sexual offences,Investigation complete; no suspect identified,
693b0709f989702a52d8ce1ba9accefc42a996aa48b0284bf1753790362c963c,2024-11,Essex Police,Essex Police,0.470641,51.734196,On or near Market Road,E01034092,Chelmsford 023B,Violence and sexual offences,Unable to prosecute suspect,
d3d1581c33e378f9cffa13ef9aadad9946bc0bdcd87149de2868f6fb605e20ee,2024-11,Essex Police,Essex Police,0.472731,51.734026,On or near Tindal Street,E01034092,Chelmsford 023B,Violence and sexual offences,Unable to prosecute suspect,
bb73d2de1d7593188a0250f8a55be3f0ce54d2212a90da0848790fc5dc032f7a,2024-11,Essex Police,Essex Police,0.472047,51.733429,On or near Shopping Area,E01034092,Chelmsford 023B,Violence and sexual offences,Court result unavailable,
e994f01c90a08002d177d6c5190f536e37a4eaf018612bd37e34174144f7f7f9,2024-11,Essex Police,Essex Police,0.468290,51.735981,On or near Park Road,E01034092,Chelmsford 023B,Violence and sexual offences,Unable to prosecute suspect,
a91f24509b84a00b20930e2d6509fe968e342fd65a4fe94e2ed4e63780cbe4f4,2024-11,Essex Police,Essex Police,0.470641,51.734196,On or near Market Road,E01034092,Chelmsford 023B,Violence and sexual offences,Unable to prosecute suspect,
1735a753c6d4469f2642a37a1285a674f61b8c24f6a798a51feee5cab3e3d4bf,2024-11,Essex Police,Essex Police,0.470641,51.734196,On or near Market Road,E01034092,Chelmsford 023B,Violence and sexual offences,Unable to prosecute suspect,
1bb6a50911a7abfa22b293d4fbb1161c703013cddbc68e237dec5760d1b8c9c1,2024-11,Essex Police,Essex Police,0.472731,51.734026,On or near Tindal Street,E01034092,Chelmsford 023B,Violence and sexual offences,Unable to prosecute suspect,
10529fa9cd720c0b2d5fbf0175d5a36a41c139341aa5b9bff00ab17a042eb015,2024-11,Essex Police,Essex Police,0.472701,51.734521,On or near Tindal Square,E01034092,Chelmsford 023B,Violence and sexual offences,Investigation complete; no suspect identified,
ed0fcc74d60a98788084030f7a1631a5b40a307839341810a6cb123960b101f9,2024-11,Essex Police,Essex Police,0.472701,51.734521,On or near Tindal Square,E01034092,Chelmsford 023B,Violence and sexual offences,Investigation complete; no suspect identified,
5fde494b02ee62701c6de31264a45e9327a22e3b789e1fac25fd24db2ab67628,2024-11,Essex Police,Essex Police,0.472047,51.733429,On or near Shopping Area,E01034092,Chelmsford 023B,Violence and sexual offences,Unable to prosecute suspect,
6e15da8738483910d4e84458489c3fcf6496a251166d3893bab13604f1da9729,2024-11,Essex Police,Essex Police,0.472731,51.734026,On or near Tindal Street,E01034092,Chelmsford 023B,Violence and sexual offences,Unable to prosecute suspect,
37326aae6f552ca336e7213c135c6614c5cc65d64927c8f9d499e6cc68b021dc,2024-11,Essex Police,Essex Police,0.468290,51.735981,On or near Park Road,E01034092,Chelmsford 023B,Violence and sexual offences,Unable to prosecute suspect,
48ab2e428620173699cbf40902e45e201ae082c71013117f2e1f0374b03ecce7,2024-11,Essex Police,Essex Police,0.472047,51.733429,On or near Shopping Area,E01034092,Chelmsford 023B,Violence and sexual offences,Investigation complete; no suspect identified,
ae1299cd35325b6fd1796fa2d7222c1067164d5ce3d35babecfb65cf25004b80,2024-11,Essex Police,Essex Police,0.472047,51.733429,On or near Shopping Area,E01034092,Chelmsford 023B,Violence and sexual offences,Unable to prosecute suspect,
423bf074544903f6a2ff9bebb7987fd58db800d68c0b4f89da2d7b97d0034413,2024-11,Essex Police,Essex Police,0.468290,51.735981,On or near Park Road,E01034092,Chelmsford 023B,Other crime,Unable to prosecute suspect,
,2024-11,Essex Police,Essex Police,0.467098,51.731384,On or near Shire Gate,E01021582,Chelmsford 023C,Anti-social behaviour,,
,2024-11,Essex Police,Essex Police,0.467098,51.731384,On or near Shire Gate,E01021582,Chelmsford 023C,Anti-social behaviour,,
,2024-11,Essex Police,Essex Police,0.467098,51.731384,On or near Shire Gate,E01021582,Chelmsford 023C,Anti-social behaviour,,
af86f14ede5d12536936d90ab90cec53050ee0f83f5292bd749bfb35e9a73cc3,2024-11,Essex Police,Essex Police,0.467098,51.731384,On or near Shire Gate,E01021582,Chelmsford 023C,Bicycle theft,Investigation complete; no suspect identified,
eced085fb4b3c7df147f38169474f3d35b908938080622d3b4d4dd536be3b1fe,2024-11,Essex Police,Essex Police,0.466559,51.729722,On or near Stapleford Close,E01021582,Chelmsford 023C,Other theft,Investigation complete; no suspect identified,
41727cc4b60663b883e3e6f4377a41d733172a1829be425b5bf767e7da786216,2024-11,Essex Police,Essex Police,0.464614,51.729107,On or near Lower Anchor Street,E01021582,Chelmsford 023C,Other theft,Investigation complete; no suspect identified,
b0b054edac347b3dd25898b878454623bb6e80f604c776539bfe286e1600ef0e,2024-11,Essex Police,Essex Police,0.469709,51.730654,On or near County Place,E01021582,Chelmsford 023C,Robbery,Unable to prosecute suspect,
4f75582f48a3af5f9ec9deaa8de73d698e36fef4b7bfd5b0f06b57409520109e,2024-11,Essex Police,Essex Police,0.467098,51.731384,On or near Shire Gate,E01021582,Chelmsford 023C,Vehicle crime,Investigation complete; no suspect identified,
ec90b4ae5b28b798d228612760133e4244a070785cebd006547d4fbb39de38b9,2024-11,Essex Police,Essex Police,0.467940,51.730620,On or near Hayes Close,E01021582,Chelmsford 023C,Vehicle crime,Court result unavailable,
8bad8504d7b2ce421c87f26e325127b39ff58a02be90ea77e9afb9168f2f0846,2024-11,Essex Police,Essex Police,0.466559,51.729722,On or near Stapleford Close,E01021582,Chelmsford 023C,Vehicle crime,Investigation complete; no suspect identified,
11d040b2fd5d3906309ae601e0f4492db5ee9246114c5719e448172fa9020699,2024-11,Essex Police,Essex Police,0.468176,51.728313,On or near Anchor Street,E01021582,Chelmsford 023C,Violence and sexual offences,Unable to prosecute suspect,
19a3811badb509b3cc5bb6393282dedd7afec1415ae0db90b1b92e7363320ae5,2024-11,Essex Police,Essex Police,0.468176,51.728313,On or near Anchor Street,E01021582,Chelmsford 023C,Violence and sexual offences,Unable to prosecute suspect,
124c3802dc4c35b09392e6b4a69c9bdcf9d6831e97547a272ff57dcdffec2fab,2024-11,Essex Police,Essex Police,0.468176,51.728313,On or near Anchor Street,E01021582,Chelmsford 023C,Violence and sexual offences,Unable to prosecute suspect,
bab06929bdb79919510a5bd68faf7edf5a567ec854844004526d727ec7273151,2024-11,Essex Police,Essex Police,0.463822,51.731057,On or near Seymour Street,E01021582,Chelmsford 023C,Violence and sexual offences,Unable to prosecute suspect,
ab7d2446ee0cb2b7c80e0ef3061f854361faa5cb5787fa3828867e438bad20dc,2024-11,Essex Police,Essex Police,0.468176,51.728313,On or near Anchor Street,E01021582,Chelmsford 023C,Violence and sexual offences,Investigation complete; no suspect identified,
249c29d5c33540af5d0f2a5c515f20e5c92fb072dfd526a2cfe311ebc0eb83fd,2024-11,Essex Police,Essex Police,0.465043,51.730078,On or near Baker Street,E01021582,Chelmsford 023C,Violence and sexual offences,Unable to prosecute suspect,
6450cce0f67847129af8bac3ab09722e2d553510c8faa0e2ed504768bf25524b,2024-11,Essex Police,Essex Police,0.468176,51.728313,On or near Anchor Street,E01021582,Chelmsford 023C,Other crime,Unable to prosecute suspect,
1f457cc8a679f81aec8ddee31f4433109eb647828b5ac78ef281aa0c6be92145,2024-11,Essex Police,Essex Police,0.461016,51.727402,On or near Belle Vue,E01021578,Chelmsford 023D,Criminal damage and arson,Unable to prosecute suspect,
0e337d127e6f1d53a1bc740b2aeead6664b42d204a8fd07958d6d07edabebfa4,2024-11,Essex Police,Essex Police,0.461016,51.727402,On or near Belle Vue,E01021578,Chelmsford 023D,Other theft,Investigation complete; no suspect identified,
e9d2393bd29de07d3db9eed36735aac7d7feda27bc92a672d1ab1cfb689abcbc,2024-11,Essex Police,Essex Police,0.460551,51.725757,On or near Cherrygarden Lane,E01021578,Chelmsford 023D,Other theft,Unable to prosecute suspect,
5cb5b4b773977731a9e87408f95e84968044d49bf0936a53ff35a4058ab27be3,2024-11,Essex Police,Essex Police,0.461016,51.727402,On or near Belle Vue,E01021578,Chelmsford 023D,Other theft,Investigation complete; no suspect identified,
fa54e92d985b93a07c40644eabc92f11bc4352243ee55ae0608e9e770d48f049,2024-11,Essex Police,Essex Police,0.460551,51.725757,On or near Cherrygarden Lane,E01021578,Chelmsford 023D,Other theft,Investigation complete; no suspect identified,
747686304cb70a5a283d9f2d7e2fdfc4159443cd29f5081190cd38ce7d455f15,2024-11,Essex Police,Essex Police,0.463119,51.725055,On or near Elm Road,E01021578,Chelmsford 023D,Public order,Unable to prosecute suspect,
37cdf6b6e2b2cfbdf483b67330af68877e4377b2ceba76ac247ad253d06a7e8a,2024-11,Essex Police,Essex Police,0.460845,51.725040,On or near Upper Chase,E01021578,Chelmsford 023D,Vehicle crime,Investigation complete; no suspect identified,
f20bf07c2236cbbba977702e0aa286903739880a4038c0dab40cf79546c854c4,2024-11,Essex Police,Essex Police,0.460845,51.725040,On or near Upper Chase,E01021578,Chelmsford 023D,Violence and sexual offences,Investigation complete; no suspect identified,
6b1535f55d32971d98cba8d808ecdd232c9c11101b3a13470ac523b1af2a8d9c,2024-11,Essex Police,Essex Police,0.460534,51.722528,On or near Laurel Grove,E01021578,Chelmsford 023D,Violence and sexual offences,Unable to prosecute suspect,
,2024-11,Essex Police,Essex Police,0.949861,51.944114,On or near Wick Road,E01021655,Colchester 001A,Anti-social behaviour,,
,2024-11,Essex Police,Essex Police,0.955945,51.942801,On or near Petrol Station,E01021655,Colchester 001A,Anti-social behaviour,,
,2024-11,Essex Police,Essex Police,0.967364,51.947361,On or near Boxhouse Lane,E01021655,Colchester 001A,Anti-social behaviour,,
,2024-11,Essex Police,Essex Police,0.974898,51.955850,On or near Coles Oak Lane,E01021655,Colchester 001A,Anti-social behaviour,,
83eb99e20fb5fd51b4474fe2b4772eab329c2cd75e60c734f0a9ff280062bc78,2024-11,Essex Police,Essex Police,0.952135,51.962332,On or near Whalebone Corner,E01021655,Colchester 001A,Burglary,Investigation complete; no suspect identified,
86a5321766ca27895ad5cf9ffc369f1f7abb017831ab3644576d9c9f5ea37a18,2024-11,Essex Police,Essex Police,0.952438,51.959186,On or near Rectory Road,E01021655,Colchester 001A,Burglary,Investigation complete; no suspect identified,
e1fc0e8eb39e9ebd9ed25564651bf2c39c5206103f2b5a77b45bcd4f628d5b43,2024-11,Essex Police,Essex Police,0.952438,51.959186,On or near Rectory Road,E01021655,Colchester 001A,Burglary,Investigation complete; no suspect identified,
e90a022c8996230c942241e69aa85ebc1291d596d2f1595c50c04685871d9781,2024-11,Essex Police,Essex Police,0.951298,51.938520,On or near Petrol Station,E01021655,Colchester 001A,Vehicle crime,Investigation complete; no suspect identified,
ed4bb5b3c17ec1777f42cc10c51d2b281c7d34f1512f322d38894f8639868a1e,2024-11,Essex Police,Essex Police,0.958808,51.947829,On or near Ipswich Road,E01021655,Colchester 001A,Vehicle crime,Unable to prosecute suspect,
6d56f6c477996314fcb3ce5248b805d76f3adcb38e4768bc9ca31b45de29be99,2024-11,Essex Police,Essex Police,0.940838,51.947370,On or near Sports/Recreation Area,E01021655,Colchester 001A,Violence and sexual offences,Unable to prosecute suspect,
68b241a77d29a992a975667448220e06362b4c5f1cb9d31f447f92791c7abf1c,2024-11,Essex Police,Essex Police,0.940838,51.947370,On or near Sports/Recreation Area,E01021655,Colchester 001A,Violence and sexual offences,Unable to prosecute suspect,
17d26e36266bf8ab787d9482e65b614343183f3386d490d3fe5287b3144a8dee,2024-11,Essex Police,Essex Police,0.940838,51.947370,On or near Sports/Recreation Area,E01021655,Colchester 001A,Violence and sexual offences,Unable to prosecute suspect,
81fd34ce7556aa0a1477fdf34ed66353c8fd3ba09aa494b3ebecf59426963763,2024-11,Essex Police,Essex Police,0.940838,51.947370,On or near Sports/Recreation Area,E01021655,Colchester 001A,Violence and sexual offences,Unable to prosecute suspect,
cc048b53bd7786cacaf5a1a861d826ce8038bf37dc486219ce9e3bc640a71ed2,2024-11,Essex Police,Essex Police,0.940838,51.947370,On or near Sports/Recreation Area,E01021655,Colchester 001A,Violence and sexual offences,Action to be taken by another organisation,
79eb8dd5e47ba6abd56e37beaa2c54eeebaa4a18421abf36d9b4ebac54dc79ae,2024-11,Essex Police,Essex Police,0.940838,51.947370,On or near Sports/Recreation Area,E01021655,Colchester 001A,Violence and sexual offences,Action to be taken by another organisation,
cc94d7f64acfb6d4948a3dbc8ea2348bc5e76ba601bba93208dd77a1c5b42e11,2024-11,Essex Police,Essex Police,0.998256,51.956219,On or near Saunders Field,E01021656,Colchester 001B,Other theft,Investigation complete; no suspect identified,
cc11a49d18080dea9518b3f7f7eacd371a9ba0908962db95baa7a086e96041c9,2024-11,Essex Police,Essex Police,0.998256,51.956219,On or near Saunders Field,E01021656,Colchester 001B,Violence and sexual offences,Unable to prosecute suspect,
869bc0769595dae4904338edda5cbee7a60927d917e0239cbef6668f95df704c,2024-11,Essex Police,Essex Police,0.899506,51.950825,On or near Green Lane,E01021659,Colchester 001C,Burglary,Awaiting court outcome,
c3d1acc14100dd9e1687156195038c95bea90e3976fd3aaed8bbd436de768b63,2024-11,Essex Police,Essex Police,0.916192,51.954963,On or near Pippin Drive,E01021659,Colchester 001C,Violence and sexual offences,Unable to prosecute suspect,
4d7f64412c7aba9983b5260e21bf0f94795cd8afb5a59adffc2e70523f731ec0,2024-11,Essex Police,Essex Police,0.863160,51.947353,On or near London Road,E01021659,Colchester 001C,Violence and sexual offences,Unable to prosecute suspect,
250aa867644be62de7282bba01113295fca14b7aea4e4d3c5a4aa90c7ade929a,2024-11,Essex Police,Essex Police,0.920975,51.956661,On or near Cooks Hill,E01021659,Colchester 001C,Violence and sexual offences,Unable to prosecute suspect,
,2024-11,Essex Police,Essex Police,0.876339,51.929746,On or near Tile House Lane,E01021661,Colchester 001D,Anti-social behaviour,,
,2024-11,Essex Police,Essex Police,0.875484,51.930253,On or near Pattinson Walk,E01021661,Colchester 001D,Anti-social behaviour,,
e47996a0b7fa1389eeb0f00522b5d1a2f8ce71299220616086e8daaad436851a,2024-11,Essex Police,Essex Police,0.880752,51.926410,On or near Nayland Road,E01021661,Colchester 001D,Violence and sexual offences,Investigation complete; no suspect identified,
aadf2553c1221c8ca6931df04f141c6f688c1d5d17c217a093c2aff70cd3597c,2024-11,Essex Police,Essex Police,0.873547,51.927035,On or near Monarch Lane,E01021661,Colchester 001D,Violence and sexual offences,Local resolution,
42db3b5675dc8a5c3d16acaf7e483d9fae88e172bd5a0f87139be7a6b867ca69,2024-11,Essex Police,Essex Police,0.914282,51.912273,On or near Fir Tree Close,E01021668,Colchester 002A,Criminal damage and arson,Investigation complete; no suspect identified,
7b7ef08c101d81f4945ef70921cf4c53082a529f1fcc24a28bdf505b25b0b042,2024-11,Essex Police,Essex Police,0.919670,51.912167,On or near Tally Ho,E01021668,Colchester 002A,Criminal damage and arson,Investigation complete; no suspect identified,
d9e3b12b77035e8514797c19be04a731f03668e252bb2c1f9cc942dc31f3f0c5,2024-11,Essex Police,Essex Police,0.916310,51.913950,On or near Langdale Drive,E01021668,Colchester 002A,Drugs,Investigation complete; no suspect identified,
b3f1c21a2f848c83e1d64e5140a58896b07e0b18cf96c0f21e03bfd8a73ff9d4,2024-11,Essex Police,Essex Police,0.917056,51.912438,On or near California Close,E01021668,Colchester 002A,Drugs,Unable to prosecute suspect,
68eee8452c695499bab94c119211e4b5bf279aced9d852698da9b768473f2c6d,2024-11,Essex Police,Essex Police,0.913524,51.913137,On or near Rosewood Close,E01021668,Colchester 002A,Other theft,Investigation complete; no suspect identified,
99aa2a2135d9919b30d81dde3352d61b5684ce8a52e6be8e81f9a714ad3b5dd8,2024-11,Essex Police,Essex Police,0.916529,51.912604,On or near Yale Mews,E01021668,Colchester 002A,Other theft,Status update unavailable,
cb7a148e15ecce088d87053beaec1a315fdf43ef04d1b5d9662ecbd869892395,2024-11,Essex Police,Essex Police,0.919526,51.912404,On or near Hunters Ridge,E01021668,Colchester 002A,Violence and sexual offences,Unable to prosecute suspect,
d9265083f436f92bc2ca76b5a53f9bd2a298eca0e4df7dc009619d2b04cc23c9,2024-11,Essex Police,Essex Police,0.916310,51.913950,On or near Langdale Drive,E01021668,Colchester 002A,Violence and sexual offences,Status update unavailable,
1e4d51930e1e6b8f6cb303909e4086ab899a67fcb83863ea348055646259b61e,2024-11,Essex Police,Essex Police,0.921194,51.911670,On or near Gazelle Court,E01021669,Colchester 002B,Drugs,Unable to prosecute suspect,
4d6032480f0978694ae63970eeddec33b49ad803a891e9b788109f26db1b4d1c,2024-11,Essex Police,Essex Police,0.924866,51.915131,On or near Viscount Drive,E01021669,Colchester 002B,Public order,Unable to prosecute suspect,
1ef4b376147ff6ed19c508ecdf7891286c91d0dd95038b0d76c2a9dce8d6107e,2024-11,Essex Police,Essex Police,0.923392,51.915501,On or near Regents Close,E01021669,Colchester 002B,Violence and sexual offences,Unable to prosecute suspect,
cc91daa1be43e39e686152a04e96239ee3e34da8e9c9188163c0343840bdb49f,2024-11,Essex Police,Essex Police,0.922083,51.912143,On or near Sioux Close,E01021669,Colchester 002B,Violence and sexual offences,Action to be taken by another organisation,
af77b31af2b20cb91743699f6af74f6946481a161d6f2a115e1b4bb83e314461,2024-11,Essex Police,Essex Police,0.917111,51.910827,On or near Tynedale Square,E01021669,Colchester 002B,Violence and sexual offences,Unable to prosecute suspect,
1d51f21fb0d9d17390bb4f8986aac760b1f91264977d9dd90d575f9d34d3e534,2024-11,Essex Police,Essex Police,0.917111,51.910827,On or near Tynedale Square,E01021669,Colchester 002B,Violence and sexual offences,Unable to prosecute suspect,
0b8143838809a65f89d6087a09cc1c102b06b437d1f847a6041cf95ccf154e0a,2024-11,Essex Police,Essex Police,0.920590,51.915579,On or near Brinkley Lane,E01021669,Colchester 002B,Violence and sexual offences,Status update unavailable,
,2024-11,Essex Police,Essex Police,0.924668,51.910972,On or near Cleveland Close,E01021670,Colchester 002C,Anti-social behaviour,,
,2024-11,Essex Police,Essex Police,0.925139,51.914198,On or near Princess Drive,E01021670,Colchester 002C,Anti-social behaviour,,
43cd4f75e58d23d07391fe47e708b63c60c6f26fcbf76bf976d1e1020a023b0e,2024-11,Essex Police,Essex Police,0.925139,51.914198,On or near Princess Drive,E01021670,Colchester 002C,Criminal damage and arson,Unable to prosecute suspect,
ca6d07465c12537acf6506eaddbf105eb6e5984747aba7c5be639555bbbc6035,2024-11,Essex Police,Essex Police,0.925139,51.914198,On or near Princess Drive,E01021670,Colchester 002C,Public order,Local resolution,
db047661f689bb58d7f3127adebf7b68357297069cf4a43168bcbe7dba3506c6,2024-11,Essex Police,Essex Police,0.924235,51.906990,On or near Petrol Station,E01021670,Colchester 002C,Shoplifting,Court result unavailable,
609f55be78b185fd47b98e324d9f359bd6d4a96444f2784d719f37e344199dcd,2024-11,Essex Police,Essex Police,0.924235,51.906990,On or near Petrol Station,E01021670,Colchester 002C,Shoplifting,Investigation complete; no suspect identified,
bcf7638df939309566081291b00709cb7555739fb6cb3f6ab73fc1d8ab6e45c5,2024-11,Essex Police,Essex Police,0.924235,51.906990,On or near Petrol Station,E01021670,Colchester 002C,Shoplifting,Investigation complete; no suspect identified,
68a450c8081849e38e455a9c66a002311e8c822a2c9641344362d935b97a79e4,2024-11,Essex Police,Essex Police,0.924235,51.906990,On or near Petrol Station,E01021670,Colchester 002C,Shoplifting,Investigation complete; no suspect identified,
ac7723d61eb662fdd36135d39baca294fd26dcb087e75487a91cd935e3da6684,2024-11,Essex Police,Essex Police,0.924235,51.906990,On or near Petrol Station,E01021670,Colchester 002C,Shoplifting,Court result unavailable,
10b4d178cd23003d75bd832fb80b8f3a874596cceb47b012864ba40f0f258215,2024-11,Essex Police,Essex Police,0.924235,51.906990,On or near Petrol Station,E01021670,Colchester 002C,Shoplifting,Unable to prosecute suspect,
18b8c78de890b3769d2afc8c42f4e2eff768f445f5f6c73cf7c5ef7dccf14546,2024-11,Essex Police,Essex Police,0.924235,51.906990,On or near Petrol Station,E01021670,Colchester 002C,Shoplifting,Unable to prosecute suspect,
b6f323c0c7d8a721a01b4640cc4e5268149f5ccdf15fb41f0e72dbd5bc0cb69a,2024-11,Essex Police,Essex Police,0.925139,51.914198,On or near Princess Drive,E01021670,Colchester 002C,Vehicle crime,Investigation complete; no suspect identified,
4e9926e456502d380426ee94f69004ea968b3ada6d104fe53038ec550e8c6d63,2024-11,Essex Police,Essex Police,0.924791,51.911976,On or near Berkley Close,E01021670,Colchester 002C,Vehicle crime,Investigation complete; no suspect identified,
ec35f2ac018657c832d468d0dadcd90d5b41f68e9451aeeed12db68463d81eaf,2024-11,Essex Police,Essex Police,0.923787,51.906596,On or near Myland Hall Chase,E01021670,Colchester 002C,Violence and sexual offences,Action to be taken by another organisation,
71dd66fb2ce160078de23090bfc7367d6fb5dbeaeca9e7d332e42650ab06f3a1,2024-11,Essex Police,Essex Police,0.924700,51.912590,On or near Albrighton Croft,E01021670,Colchester 002C,Violence and sexual offences,Unable to prosecute suspect,
e5d1a7808dc9d9e9126169e1cf8844dbe7c22766f422fd620a669b4339d01e20,2024-11,Essex Police,Essex Police,0.925139,51.914198,On or near Princess Drive,E01021670,Colchester 002C,Violence and sexual offences,Unable to prosecute suspect,
817633eb63ef8c31596e8d05bc130ced673f79482303d7ede4e17845f95897ae,2024-11,Essex Police,Essex Police,0.924607,51.913168,On or near Elizabeth Close,E01021670,Colchester 002C,Other crime,Investigation complete; no suspect identified,
0bde4bdcadeaf09dcf547ffb4e051b072729d905ad6a6da50d078a4f72bbfe49,2024-11,Essex Police,Essex Police,0.925139,51.914198,On or near Princess Drive,E01021670,Colchester 002C,Other crime,Investigation complete; no suspect identified,
b30b5c9c781bd1fae3eedf63997159d4ad15266495ce2bd2944b257c81f373bc,2024-11,Essex Police,Essex Police,0.914307,51.906822,On or near Hillridge,E01021671,Colchester 002D,Criminal damage and arson,Investigation complete; no suspect identified,
fb10905e753792f00689005cf9f5ffe283c9b70c565095533a3f0dd4f3e9ab25,2024-11,Essex Police,Essex Police,0.916235,51.909428,On or near Victoria Gardens,E01021671,Colchester 002D,Other theft,Investigation complete; no suspect identified,
516cc742d18376ae2e8da05253824f3817adf077f61f084599e294ede02d16cc,2024-11,Essex Police,Essex Police,0.919714,51.910151,On or near Petrol Station,E01021671,Colchester 002D,Shoplifting,Investigation complete; no suspect identified,
d0970346b823b6cfcbb48379680f9f896c90273b108b1b2adcbf1efbb814fc42,2024-11,Essex Police,Essex Police,0.919714,51.910151,On or near Petrol Station,E01021671,Colchester 002D,Shoplifting,Investigation complete; no suspect identified,
951e6203a2911ad1f496ed20b96d1a521671d3704e357e23e618e518ac793e63,2024-11,Essex Police,Essex Police,0.919714,51.910151,On or near Petrol Station,E01021671,Colchester 002D,Violence and sexual offences,Investigation complete; no suspect identified,
06eabd2b9b46f17fed1e4c4d6fac2fcb81092975f837f0f7c80a5116b30a6316,2024-11,Essex Police,Essex Police,0.919714,51.910151,On or near Petrol Station,E01021671,Colchester 002D,Violence and sexual offences,Unable to prosecute suspect,
,2024-11,Essex Police,Essex Police,0.930139,51.919056,On or near Crown Gate,E01033720,Colchester 002F,Anti-social behaviour,,
,2024-11,Essex Police,Essex Police,0.930139,51.919056,On or near Crown Gate,E01033720,Colchester 002F,Anti-social behaviour,,
003c454b1e25b9d5bc9a8d9edd6ff974e77d4b5ab664f64a48d72421679eaaad,2024-11,Essex Police,Essex Police,0.926949,51.912058,On or near Bignell Croft,E01033720,Colchester 002F,Drugs,Unable to prosecute suspect,
666fc26c43e34570cb64c08e488ac2bf8f27baf4a69eec2a1c0ba978f910dfa7,2024-11,Essex Police,Essex Police,0.921391,51.916486,On or near Jack Andrews Drive,E01033720,Colchester 002F,Drugs,Unable to prosecute suspect,
f7db1d96ece18d49fe2ccb4cee90cd554fd0a80feb3854c8f4fe692ea6e09b5a,2024-11,Essex Police,Essex Police,0.930194,51.919909,On or near Telford Way,E01033720,Colchester 002F,Other theft,Unable to prosecute suspect,
1fe0590e08d16243e5d471e1e4c6324ed557f115e91e02597d43e85200c53f6d,2024-11,Essex Police,Essex Police,0.919892,51.916928,On or near Mabbitt Way,E01033720,Colchester 002F,Other theft,Investigation complete; no suspect identified,
95d90fb1565f95846d0c341aed7d87254b405a7403cf948f982e35ad2640a408,2024-11,Essex Police,Essex Police,0.918744,51.916722,On or near Attwood Close,E01033720,Colchester 002F,Public order,Formal action is not in the public interest,
96f7efe903ef892d3009e18cdc9bd0736f62758c8b9726f7fdf2e119aedbdd84,2024-11,Essex Police,Essex Police,0.918744,51.916722,On or near Attwood Close,E01033720,Colchester 002F,Violence and sexual offences,Unable to prosecute suspect,
988f997baeb4f15bce1ba5ba7194593995c7d36aad83fcf59c45f1992f49c849,2024-11,Essex Police,Essex Police,0.920360,51.916295,On or near Hanningfield Way,E01033720,Colchester 002F,Violence and sexual offences,Investigation complete; no suspect identified,
a97bdec6c829653e145e44c7bd5ab65bb3d030a29de6780dbca9a0899dd62b40,2024-11,Essex Police,Essex Police,0.920360,51.916295,On or near Hanningfield Way,E01033720,Colchester 002F,Violence and sexual offences,Investigation complete; no suspect identified,
ba256374f69037d462807b3597e04c844165c7b15703dbda52cd366e918a1b64,2024-11,Essex Police,Essex Police,0.919069,51.921499,On or near Trajan Close,E01033721,Colchester 002G,Vehicle crime,Investigation complete; no suspect identified,
a413e31e08c7ce2abf976cc2ea61d39abd899ce3a0e8be996e5b215db6a4eec8,2024-11,Essex Police,Essex Police,0.920070,51.918767,On or near Domitian Close,E01033721,Colchester 002G,Violence and sexual offences,Unable to prosecute suspect,
b5d9b5ed7d252cc52a704e40a5aa2f13132a0237fe1b17c2cdbcf1d85171cd77,2024-11,Essex Police,Essex Police,0.913366,51.919239,On or near Freeman Close,E01033721,Colchester 002G,Violence and sexual offences,Offender given a caution,
0eeb5205b29c3dcbf31efb032c0884c6901d86c6cfe58cd59e9131dcddbbed88,2024-11,Essex Police,Essex Police,0.920070,51.918767,On or near Domitian Close,E01033721,Colchester 002G,Violence and sexual offences,Unable to prosecute suspect,
9a4db401eadc4566bf30ae239b7627b9a77291dba7823bf8f9d5aa50921ebaaf,2024-11,Essex Police,Essex Police,0.920070,51.918767,On or near Domitian Close,E01033721,Colchester 002G,Violence and sexual offences,Unable to prosecute suspect,
d41db9023e05e49eb6c094997487cad99da87496224d65c89de9ef989540eb1b,2024-11,Essex Police,Essex Police,0.803804,51.949556,On or near Fordham Road,E01021660,Colchester 003A,Burglary,Unable to prosecute suspect,
44ccdcdcb1d4b2f073bc9dfeffbc3cc694938ba6620274895e510b7aeacb36c3,2024-11,Essex Police,Essex Police,0.809442,51.929636,On or near Thrift Lane,E01021660,Colchester 003A,Violence and sexual offences,Investigation complete; no suspect identified,
,2024-11,Essex Police,Essex Police,0.846070,51.913503,On or near Henderson Place,E01021728,Colchester 003B,Anti-social behaviour,,
2d84af3a40a5fadd707bd0264405dd4f5af12119d93725cfb2736debc60d0c8e,2024-11,Essex Police,Essex Police,0.850007,51.912292,On or near Chapel Road,E01021728,Colchester 003B,Violence and sexual offences,Investigation complete; no suspect identified,
c4cdddc27a93ddefaa35071a8293b1a69d42b3deb1daa7950e4ee1bba6173782,2024-11,Essex Police,Essex Police,0.855389,51.913448,On or near Ormonde Close,E01021728,Colchester 003B,Violence and sexual offences,Unable to prosecute suspect,
,2024-11,Essex Police,Essex Police,0.859255,51.913192,On or near Garret Place,E01021729,Colchester 003C,Anti-social behaviour,,
0a61df1fd4273a0dbf3582e599a0973bda7340a4145f98bba83cecd2f196b149,2024-11,Essex Police,Essex Police,0.847435,51.914012,On or near Sports/Recreation Area,E01021729,Colchester 003C,Criminal damage and arson,Investigation complete; no suspect identified,
f9565b8ab390c0e9088798d6c6248875fe38094831f9ca3d39b566dbf85c6c9a,2024-11,Essex Police,Essex Police,0.853476,51.911489,On or near Pirie Road,E01021729,Colchester 003C,Criminal damage and arson,Investigation complete; no suspect identified,
16069c6b134b082f7264e83caf4f1883f7be7e573b56375f62d4783f2778b229,2024-11,Essex Police,Essex Police,0.859255,51.913192,On or near Garret Place,E01021729,Colchester 003C,Public order,Investigation complete; no suspect identified,
ed39e960be5cb347e0c90edc770cf79d13703ef7b637dd4c639fcec5717f7268,2024-11,Essex Police,Essex Police,0.852710,51.912721,On or near Supermarket,E01021729,Colchester 003C,Public order,Court result unavailable,
10adb94ff1aa7bdc47a99609e6bb4f4114352efe332f17e6355156c9feea869f,2024-11,Essex Police,Essex Police,0.852710,51.912721,On or near Supermarket,E01021729,Colchester 003C,Shoplifting,Investigation complete; no suspect identified,
19ecd68bfea059064ea1ef045d53d5dd512e7d78c6fbd9716fa69ff45c4a91ed,2024-11,Essex Police,Essex Police,0.852710,51.912721,On or near Supermarket,E01021729,Colchester 003C,Shoplifting,Court result unavailable,
abee1a4869a30a0ab8aad58a8300632f5deecc7662c8107990286385795edc50,2024-11,Essex Police,Essex Police,0.852710,51.912721,On or near Supermarket,E01021729,Colchester 003C,Shoplifting,Court result unavailable,
45ddef61623446a6f5506466ca129f51f82c54e7eebf646b4c522d9813e2b42b,2024-11,Essex Police,Essex Police,0.848673,51.913503,On or near Mumford Close,E01021729,Colchester 003C,Violence and sexual offences,Unable to prosecute suspect,
17c9a1fc7868526179c759f6d12bd9852a14c1770b558c1a18b8e5c091d1a1bc,2024-11,Essex Police,Essex Police,0.853476,51.911489,On or near Pirie Road,E01021729,Colchester 003C,Violence and sexual offences,Unable to prosecute suspect,
aea19844a2b3725bcc8c37047bd0a603f75e056e2dc3470b7dd05fd7ae191b4a,2024-11,Essex Police,Essex Police,0.852710,51.912721,On or near Supermarket,E01021729,Colchester 003C,Violence and sexual offences,Unable to prosecute suspect,
8e08c654d33fa43df26d2fb2625f13c92b7ec6a88c220c2c48fc8d840cafc3fb,2024-11,Essex Police,Essex Police,0.852710,51.912721,On or near Supermarket,E01021729,Colchester 003C,Violence and sexual offences,Unable to prosecute suspect,
4ce3978bd1acceb7a1d14671152ab9398df83739d94f616eced71226e620122b,2024-11,Essex Police,Essex Police,0.851634,51.911803,On or near Oak Close,E01021729,Colchester 003C,Other crime,Unable to prosecute suspect,
78a5751b122072eced4fc37a1dca631a630ac2849c9e10620daf81a3850a288f,2024-11,Essex Police,Essex Police,0.813360,51.901339,On or near Wood Lane,E01021730,Colchester 003D,Burglary,Investigation complete; no suspect identified,
84f2af4360b74e3039e241b16b42cb7b71a001b35c2db9fadbaf2f4273604a09,2024-11,Essex Police,Essex Police,0.828064,51.901427,On or near Brick Street,E01021730,Colchester 003D,Other theft,Investigation complete; no suspect identified,
2c4340d141e688b35c714aa5fd9fc535e2862c2c156d8a5935a064f6ec334ddb,2024-11,Essex Police,Essex Police,0.812242,51.899891,On or near Petrol Station,E01021730,Colchester 003D,Other theft,Local resolution,
336199d3a4f0982f9b202ef7986c09295b8ae917235188b3aadb411e31790ff0,2024-11,Essex Police,Essex Police,0.811796,51.903067,On or near Fiddlers Hill,E01021730,Colchester 003D,Robbery,Investigation complete; no suspect identified,
d86587900f0d3600b3b5e312273e48faa224badedad94604fc54de155ebe287b,2024-11,Essex Police,Essex Police,0.823235,51.893044,On or near Abbotts Lane,E01021730,Colchester 003D,Vehicle crime,Investigation complete; no suspect identified,
59428010b15f506a0c094d28b176a4b351e335f23cf188b50173eefe8ed2055f,2024-11,Essex Police,Essex Police,0.823235,51.893044,On or near Abbotts Lane,E01021730,Colchester 003D,Vehicle crime,Investigation complete; no suspect identified,
2c682b6496cd9edfc6a22574da0a041270616015af7ff9c0e5a4efa17d5cb3de,2024-11,Essex Police,Essex Police,0.823518,51.895942,On or near Farm Drive,E01021730,Colchester 003D,Violence and sexual offences,Action to be taken by another organisation,
574b8839329a0ca06f141c2cdbc02d61e98bd3268aaec08e71f9f8199a8980a1,2024-11,Essex Police,Essex Police,0.810568,51.902251,On or near Fiddlers Folly,E01021730,Colchester 003D,Violence and sexual offences,Unable to prosecute suspect,
18fe06c8bc9cdbe90628be086085ead01c805c5f66dee960094b9b87258cfe3d,2024-11,Essex Police,Essex Police,0.891449,51.892308,On or near Shopping Area,E01021646,Colchester 007A,Bicycle theft,Investigation complete; no suspect identified,
9952dbfc36f63777afa2c9b765a19df46c7ed8fc6885406585746d524fc3f5c5,2024-11,Essex Police,Essex Police,0.891449,51.892308,On or near Shopping Area,E01021646,Colchester 007A,Bicycle theft,Investigation complete; no suspect identified,
2beda2c475ad9e8f1723859f955cfbcf56941e1f4024056cc15f41fd435ddb92,2024-11,Essex Police,Essex Police,0.892277,51.892779,On or near Parking Area,E01021646,Colchester 007A,Bicycle theft,Investigation complete; no suspect identified,
9e173dfa2a39cdda237d56736bf349e839ebe476ac60c344711ee98e2ab746b7,2024-11,Essex Police,Essex Police,0.891439,51.893986,On or near Sheepen Road,E01021646,Colchester 007A,Bicycle theft,Court result unavailable,
c7a0d0e7976d80012e3f4eebee2c5da8a9eacaf68eeec6b37cd619cbc5e148f7,2024-11,Essex Police,Essex Police,0.891439,51.893986,On or near Sheepen Road,E01021646,Colchester 007A,Bicycle theft,Investigation complete; no suspect identified,
8b1f945fc9d3fa269bac988383185d9e6f34fa394c7e1bd81ea3c13aea8da58e,2024-11,Essex Police,Essex Police,0.891439,51.893986,On or near Sheepen Road,E01021646,Colchester 007A,Bicycle theft,Court result unavailable,
920ab07f9d7c56e2fa46d67dcfffaea2e93c18b26d4a840e900ae6baba97c54e,2024-11,Essex Police,Essex Police,0.889546,51.888043,On or near Hospital Lane,E01021646,Colchester 007A,Burglary,Investigation complete; no suspect identified,
7661a377cc033537957b0e63ae2cff6a972ea3fc703a59af8c4a799888c77083,2024-11,Essex Police,Essex Police,0.892223,51.895550,On or near Rotary Way,E01021646,Colchester 007A,Burglary,Investigation complete; no suspect identified,
8d695c2dad981f5dc13b5b5ac3337744949e29810d036c933f54a6f840a32503,2024-11,Essex Police,Essex Police,0.891439,51.893986,On or near Sheepen Road,E01021646,Colchester 007A,Criminal damage and arson,Court result unavailable,
7abb4a78f856839b7d8f737288d450f8d0ba48ae77948c3a4e694a5214357242,2024-11,Essex Police,Essex Police,0.891439,51.893986,On or near Sheepen Road,E01021646,Colchester 007A,Criminal damage and arson,Investigation complete; no suspect identified,
1798955d72f729d8518b02ab5d13f2ee4bd23cd48eedacbc2b512b17fca6907a,2024-11,Essex Police,Essex Police,0.887816,51.888940,On or near Oaks Drive,E01021646,Colchester 007A,Criminal damage and arson,Unable to prosecute suspect,
b313288a5f8f4792e57b7775c64cc3fb92071064c07c96b7bb1a5b044b2af12f,2024-11,Essex Police,Essex Police,0.895335,51.889691,On or near Balkerne Gardens,E01021646,Colchester 007A,Other theft,Unable to prosecute suspect,
2c178fe2f138985cbb18342292247f9d238f500318bc558a897b9ea0ce7439a7,2024-11,Essex Police,Essex Police,0.895335,51.889691,On or near Balkerne Gardens,E01021646,Colchester 007A,Public order,Investigation complete; no suspect identified,
17463a3393a31d716368b47c053ea6a2a1d17449f7640e33f2be43503572d127,2024-11,Essex Police,Essex Police,0.894746,51.890933,On or near Further/Higher Educational Building,E01021646,Colchester 007A,Robbery,Investigation complete; no suspect identified,
c2ce176f9a63663027d0327954748fe875ed8992e9ea757de8534133b2f37bb0,2024-11,Essex Police,Essex Police,0.891439,51.893986,On or near Sheepen Road,E01021646,Colchester 007A,Robbery,Investigation complete; no suspect identified,
87364a0348d81bfa765f391c789ec210eca7485c18a7926ce54e599d243c6d10,2024-11,Essex Police,Essex Police,0.895335,51.889691,On or near Balkerne Gardens,E01021646,Colchester 007A,Shoplifting,Investigation complete; no suspect identified,
a418ed65cc10ea59f6fa01ae8d9823c22c061ca71326d94670ea25feb7f83557,2024-11,Essex Police,Essex Police,0.895335,51.889691,On or near Balkerne Gardens,E01021646,Colchester 007A,Theft from the person,Unable to prosecute suspect,
12ed0512d4acc3a75fecad2cc7c9a4a27419d25ac85099d25b14e7e742394d98,2024-11,Essex Police,Essex Police,0.895699,51.890158,On or near Balkerne Close,E01021646,Colchester 007A,Violence and sexual offences,Unable to prosecute suspect,
efe3233211eea373f52c576eee7ee74386ec832d0b945f20635772fe8c41fc7a,2024-11,Essex Police,Essex Police,0.894746,51.890933,On or near Further/Higher Educational Building,E01021646,Colchester 007A,Violence and sexual offences,Investigation complete; no suspect identified,
ccb750668abe70d361bc03af43b7e5349c1d01b2792f98c40eb832682b1d251a,2024-11,Essex Police,Essex Police,0.895335,51.889691,On or near Balkerne Gardens,E01021646,Colchester 007A,Violence and sexual offences,Unable to prosecute suspect,
9d8ae4cc92dbcd513f5da0e289eda9375552cd4ca8b5099c6302e75d8d3fa52a,2024-11,Essex Police,Essex Police,0.895335,51.889691,On or near Balkerne Gardens,E01021646,Colchester 007A,Violence and sexual offences,Investigation complete; no suspect identified,
f676e521de3499df75833cf4873e4324832b32cd643cc25f488647c688e42623,2024-11,Essex Police,Essex Police,0.895335,51.889691,On or near Balkerne Gardens,E01021646,Colchester 007A,Violence and sexual offences,Unable to prosecute suspect,
2e31e681460eef7f0de6765554c348c25a94b6dbbdccdb24ed28fc7e7d482223,2024-11,Essex Police,Essex Police,0.895335,51.889691,On or near Balkerne Gardens,E01021646,Colchester 007A,Violence and sexual offences,Unable to prosecute suspect,
,2024-11,Essex Police,Essex Police,0.911190,51.896845,On or near Meander Mews,E01021647,Colchester 007B,Anti-social behaviour,,
,2024-11,Essex Police,Essex Police,0.911190,51.896845,On or near Meander Mews,E01021647,Colchester 007B,Anti-social behaviour,,
6a2f9ef27bef8ee61643bc5a530732e2f9a6d2d04d33bc042101c38c128cf87a,2024-11,Essex Police,Essex Police,0.907601,51.893498,On or near Leicester Close,E01021647,Colchester 007B,Bicycle theft,Investigation complete; no suspect identified,
6755fb8b9222b75a52aca5d18fe91e46042de72f799360f6004bd4f554653119,2024-11,Essex Police,Essex Police,0.906432,51.897682,On or near Cowdray Avenue,E01021647,Colchester 007B,Bicycle theft,Investigation complete; no suspect identified,
7f057d8d8acaf371e2315e57b458beea73afd6e3ece1ea63a957bab21f38b779,2024-11,Essex Police,Essex Police,0.909895,51.898600,On or near Shopping Area,E01021647,Colchester 007B,Bicycle theft,Investigation complete; no suspect identified,
6772dcd1c830f3ca68864038fd0bf72e5f09b262e5845eca5faf7ab2b365f275,2024-11,Essex Police,Essex Police,0.906432,51.897682,On or near Cowdray Avenue,E01021647,Colchester 007B,Bicycle theft,Investigation complete; no suspect identified,
a240468f9349389bda0dc3b2a023a106ea34d31a795c6a82f06df628cc006ee1,2024-11,Essex Police,Essex Police,0.900941,51.896612,On or near Catchpool Road,E01021647,Colchester 007B,Burglary,Court result unavailable,
82c8f0136af58d350e2ca15390d3845b810fcf00d8a8826b12935473bfa674ac,2024-11,Essex Police,Essex Police,0.906781,51.894076,On or near Wakefield Close,E01021647,Colchester 007B,Burglary,Investigation complete; no suspect identified,
d58026ec90cc3490a7661be1f00d35b77232c527cfcdb83e7eaf6c323612b56a,2024-11,Essex Police,Essex Police,0.906781,51.894076,On or near Wakefield Close,E01021647,Colchester 007B,Burglary,Investigation complete; no suspect identified,
6b67177a5b3875804f924772370b508f19482faf79760cf945659e3542395231,2024-11,Essex Police,Essex Police,0.911190,51.896845,On or near Meander Mews,E01021647,Colchester 007B,Criminal damage and arson,Investigation complete; no suspect identified,
4757105beb8fdb02c73bbff9ac36cfc7c866945041a83c839c468afc917d2271,2024-11,Essex Police,Essex Police,0.906432,51.897682,On or near Cowdray Avenue,E01021647,Colchester 007B,Other theft,Investigation complete; no suspect identified,
77502cd24f4d9395340ecae3550fa8068de56a805c24a9e8ece2dfb5024c6f78,2024-11,Essex Police,Essex Police,0.898584,51.898397,On or near Bloyes Mews,E01021647,Colchester 007B,Other theft,Investigation complete; no suspect identified,
d6bb42be9e10fd4184020a3853970bd9e0250bfddf408f860bd92197620527c7,2024-11,Essex Police,Essex Police,0.906432,51.897682,On or near Cowdray Avenue,E01021647,Colchester 007B,Other theft,Investigation complete; no suspect identified,
70a657f2f17341c77ad9f751a70a9f35d2f904d8faec836e219d74338a686ff4,2024-11,Essex Police,Essex Police,0.902107,51.898247,On or near Mason Road,E01021647,Colchester 007B,Public order,Investigation complete; no suspect identified,
d32b697bd23a6e7ebf7960fead9de5742538a0a112284e1ebb2797ea4c15371f,2024-11,Essex Police,Essex Police,0.906432,51.897682,On or near Cowdray Avenue,E01021647,Colchester 007B,Public order,Unable to prosecute suspect,
d4d6e1e2e236f60a2acb1459e5f55184c2c026c114dd742d6e256326899525c2,2024-11,Essex Police,Essex Police,0.895008,51.900212,On or near Colchester,E01021647,Colchester 007B,Public order,Investigation complete; no suspect identified,
ed2b213deb7132e91147a2325af50a2a3a10d9bbbb0d9fa15c25a96aa6ef17c4,2024-11,Essex Police,Essex Police,0.910103,51.898697,On or near Supermarket,E01021647,Colchester 007B,Shoplifting,Investigation complete; no suspect identified,
8b16e0cb4c303df2b6b180d9a7e70e7db69e2797ff1fed94693fffc45b365913,2024-11,Essex Police,Essex Police,0.902107,51.898247,On or near Mason Road,E01021647,Colchester 007B,Shoplifting,Investigation complete; no suspect identified,
f61ddbb4e9d6ecde77e38c944149ea1c279e30651c52ffe9003e7c3732ce68a3,2024-11,Essex Police,Essex Police,0.906432,51.897682,On or near Cowdray Avenue,E01021647,Colchester 007B,Violence and sexual offences,Court result unavailable,
2e11a9a7a446a2a998971acf82d9b9fb022326cf9c642dda88d209ac4a52c072,2024-11,Essex Police,Essex Police,0.906432,51.897682,On or near Cowdray Avenue,E01021647,Colchester 007B,Violence and sexual offences,Unable to prosecute suspect,
3974515acc1f3d83b8ede55c69f158493187ec89ac7ab861714f525f0f47d294,2024-11,Essex Police,Essex Police,0.906432,51.897682,On or near Cowdray Avenue,E01021647,Colchester 007B,Violence and sexual offences,Court result unavailable,
22163afc5152e3a4e3366c7c361dadf76faa8dd5010ad2f7b2eb223f8f608e39,2024-11,Essex Police,Essex Police,0.911190,51.896845,On or near Meander Mews,E01021647,Colchester 007B,Violence and sexual offences,Unable to prosecute suspect,
78cec6452a5dfc94b1b203fee7ca4cecec305a71df4ab4162dfb60e0b766be40,2024-11,Essex Police,Essex Police,0.895008,51.900212,On or near Colchester,E01021647,Colchester 007B,Violence and sexual offences,Action to be taken by another organisation,
ff2c810666c25278e21ece7623005f1bb8b093449a379ed085efadcf9af4ab02,2024-11,Essex Police,Essex Police,0.909895,51.898600,On or near Shopping Area,E01021647,Colchester 007B,Violence and sexual offences,Unable to prosecute suspect,
42312bb47c1f40ba5358ed86394e59e585f2758ee86fe7a2aeecfa641fcef840,2024-11,Essex Police,Essex Police,0.899983,51.896411,On or near Kings Meadow Road,E01021647,Colchester 007B,Violence and sexual offences,Unable to prosecute suspect,
,2024-11,Essex Police,Essex Police,0.916414,51.890204,On or near East Street,E01021648,Colchester 007C,Anti-social behaviour,,
,2024-11,Essex Police,Essex Police,0.903270,51.889000,On or near Supermarket,E01021648,Colchester 007C,Anti-social behaviour,,
,2024-11,Essex Police,Essex Police,0.906288,51.888017,On or near Priory Street,E01021648,Colchester 007C,Anti-social behaviour,,
,2024-11,Essex Police,Essex Police,0.906045,51.892133,On or near Castle Road,E01021648,Colchester 007C,Anti-social behaviour,,
,2024-11,Essex Police,Essex Police,0.906045,51.892133,On or near Castle Road,E01021648,Colchester 007C,Anti-social behaviour,,
,2024-11,Essex Police,Essex Police,0.906288,51.888017,On or near Priory Street,E01021648,Colchester 007C,Anti-social behaviour,,
,2024-11,Essex Police,Essex Police,0.910488,51.890045,On or near Eaglegate,E01021648,Colchester 007C,Anti-social behaviour,,
,2024-11,Essex Police,Essex Police,0.910488,51.890045,On or near Eaglegate,E01021648,Colchester 007C,Anti-social behaviour,,
,2024-11,Essex Police,Essex Police,0.910488,51.890045,On or near Eaglegate,E01021648,Colchester 007C,Anti-social behaviour,,
e7c9ebc9d8b6fefebb1e0f31ae0c58ff072431c359d21c681ec84f211047a973,2024-11,Essex Police,Essex Police,0.908994,51.888967,On or near St Augustine Mews,E01021648,Colchester 007C,Bicycle theft,Investigation complete; no suspect identified,
8870a341252d3358b631db8f554f845edcc9edcd9fec75b112baf02945a6243f,2024-11,Essex Police,Essex Police,0.913693,51.889696,On or near East Bay,E01021648,Colchester 007C,Bicycle theft,Investigation complete; no suspect identified,
29ebb174faaa366c6ba9bd264987c1b0b55f385fc095fdfd8ac08b13d0119012,2024-11,Essex Police,Essex Police,0.909243,51.891686,On or near Durham Square,E01021648,Colchester 007C,Bicycle theft,Investigation complete; no suspect identified,
41b383e119eb6837631cb1aea9cb9b8a0a95d74627a969c83f25ccf492a85332,2024-11,Essex Police,Essex Police,0.909310,51.890929,On or near Ely Gardens,E01021648,Colchester 007C,Burglary,Court result unavailable,
215c868fc29ac527108368e9cdcd91df5a8c70cbc594679ca9611461ef44a236,2024-11,Essex Police,Essex Police,0.907791,51.889689,On or near St. James' Rise,E01021648,Colchester 007C,Burglary,Investigation complete; no suspect identified,
d6704123c1b39dd3bea726a3399dc25f1f6685cff203623e77f16dc6b5f3ef80,2024-11,Essex Police,Essex Police,0.910488,51.890045,On or near Eaglegate,E01021648,Colchester 007C,Burglary,Investigation complete; no suspect identified,
f2adaac1c7e7130fa36c66b158e8db47c69769687fdf9b2501d65433442afae5,2024-11,Essex Police,Essex Police,0.918305,51.890886,On or near Old Coach Road,E01021648,Colchester 007C,Burglary,Investigation complete; no suspect identified,
a96523cf2b593212a3033993db113731cd89ee15d6eb07f12e4cdac10ee7bb7b,2024-11,Essex Police,Essex Police,0.909310,51.890929,On or near Ely Gardens,E01021648,Colchester 007C,Burglary,Investigation complete; no suspect identified,
398526e55e06ebe1b9df9a45f584fcb551b13e9a0bfc6ed11c007c3d474ae578,2024-11,Essex Police,Essex Police,0.903933,51.888056,On or near Bus/Coach Station,E01021648,Colchester 007C,Other theft,Unable to prosecute suspect,
caeae4cfcfde354703387fe0f943beeffee47519e49b19fd978e9e846b616e45,2024-11,Essex Police,Essex Police,0.906288,51.888017,On or near Priory Street,E01021648,Colchester 007C,Public order,Unable to prosecute suspect,
f42e5c9fc16622a454c81ffeb468151fcf84c69f0d34a4574a6769be80a4f2d3,2024-11,Essex Police,Essex Police,0.916414,51.890204,On or near East Street,E01021648,Colchester 007C,Public order,Investigation complete; no suspect identified,
5521ad0b4d12b3f7208c601c93816c3e0f768d65c13eab293d081654d259a3d5,2024-11,Essex Police,Essex Police,0.903868,51.889939,On or near Cowdray Crescent,E01021648,Colchester 007C,Public order,Investigation complete; no suspect identified,
adee11a3b1d0ac7806f73cf184697ae8fa0f75adb4168d854987ec7db5c42b51,2024-11,Essex Police,Essex Police,0.918305,51.890886,On or near Old Coach Road,E01021648,Colchester 007C,Public order,Investigation complete; no suspect identified,
750b29e8dd33cb374342bef23a189b470964b87cd7ce41a6fdd1d414b425f566,2024-11,Essex Police,Essex Police,0.910488,51.890045,On or near Eaglegate,E01021648,Colchester 007C,Public order,Unable to prosecute suspect,
5ea078e123abad3099eca18c749fff68fafd79bd7c30447aef385782ce846b21,2024-11,Essex Police,Essex Police,0.903270,51.889000,On or near Supermarket,E01021648,Colchester 007C,Shoplifting,Court result unavailable,
e56351d399a6237bb03ee17edd7eed0a9cde2b25459275a734e7de8ba2ae5021,2024-11,Essex Police,Essex Police,0.917806,51.891932,On or near Fenwick Drive,E01021648,Colchester 007C,Shoplifting,Court result unavailable,
b87bb3e651b3c50f048878fb91d62f07eeaaaa3ba66bee89844c48499e2a9585,2024-11,Essex Police,Essex Police,0.917806,51.891932,On or near Fenwick Drive,E01021648,Colchester 007C,Shoplifting,Investigation complete; no suspect identified,
3709f6a43fea3cf110615aae4904a0cc9bcb44a5298e5b0c3d6bca034ea63dbd,2024-11,Essex Police,Essex Police,0.903270,51.889000,On or near Supermarket,E01021648,Colchester 007C,Shoplifting,Investigation complete; no suspect identified,
629ddc5869531bfdf8c3d446bf97df348a9461aa827b165825a63b4d48d32ebb,2024-11,Essex Police,Essex Police,0.917806,51.891932,On or near Fenwick Drive,E01021648,Colchester 007C,Shoplifting,Unable to prosecute suspect,
8b44d10c0c6d2e3ea01bd8f37f34f8b2e11b49c2402bd3c51c3af3818c47b4e3,2024-11,Essex Police,Essex Police,0.903270,51.889000,On or near Supermarket,E01021648,Colchester 007C,Shoplifting,Investigation complete; no suspect identified,
c1c7b4c87934139b58762787856a81fa521457449d93b44d7c739960d3f1c539,2024-11,Essex Police,Essex Police,0.910488,51.890045,On or near Eaglegate,E01021648,Colchester 007C,Vehicle crime,Investigation complete; no suspect identified,
ee354dd28993b0b1af4d8d285b93abea9bbcfb40c8598dc3f62507d225d71009,2024-11,Essex Police,Essex Police,0.907791,51.889689,On or near St. James' Rise,E01021648,Colchester 007C,Violence and sexual offences,Formal action is not in the public interest,
571c2e5551235967fbedded384d8e5c39ef794057414043a23a21a12ddc4c8a8,2024-11,Essex Police,Essex Police,0.903270,51.889000,On or near Supermarket,E01021648,Colchester 007C,Violence and sexual offences,Court result unavailable,
b54434efda860714c49cdfd17f0fde08e5a9c55434ce15b0d15d284704d4f807,2024-11,Essex Police,Essex Police,0.911675,51.888397,On or near Rosebery Avenue,E01021648,Colchester 007C,Violence and sexual offences,Unable to prosecute suspect,
c960b02344eb8cd8803c217d0ad66af69062d6a584920a5c0099723f66ef7a89,2024-11,Essex Police,Essex Police,0.906786,51.890101,On or near Parking Area,E01021648,Colchester 007C,Violence and sexual offences,Investigation complete; no suspect identified,
78067e9790d35c03ee649ba7cd167d5a3b31d15f7f536e6a9a31c7a62cb92550,2024-11,Essex Police,Essex Police,0.903270,51.889000,On or near Supermarket,E01021648,Colchester 007C,Violence and sexual offences,Investigation complete; no suspect identified,
027ab8264b8e2d8c92fde2bab0657eb55fa09fb0f51dfc6987b7cf86d8c45a7e,2024-11,Essex Police,Essex Police,0.910515,51.892023,On or near Hereford Road,E01021648,Colchester 007C,Violence and sexual offences,Unable to prosecute suspect,
5d2f1fa19dba02cb976a2aff9e9bf05416175859f1d5786d2744b4ed28796fff,2024-11,Essex Police,Essex Police,0.905418,51.889397,On or near Lewis Gardens,E01021648,Colchester 007C,Violence and sexual offences,Unable to prosecute suspect,
55cc1c31c145d335ff2b260f3cd55cfbd6cbac7da412c5a85f2333c2ac6f8998,2024-11,Essex Police,Essex Police,0.903933,51.888056,On or near Bus/Coach Station,E01021648,Colchester 007C,Violence and sexual offences,Investigation complete; no suspect identified,
88b91f804691b7cd973beba686a7c9bad1af5ce4637f5141355bf85d6254eb78,2024-11,Essex Police,Essex Police,0.913575,51.887657,On or near Brook Street,E01021648,Colchester 007C,Violence and sexual offences,Unable to prosecute suspect,
2293609dda3e909c4882d1a9eec73b15fa291c03e76a49abac50aacb5480a422,2024-11,Essex Police,Essex Police,0.913575,51.887657,On or near Brook Street,E01021648,Colchester 007C,Violence and sexual offences,Unable to prosecute suspect,
18909a5ed41669c1879c7c0fad05d1d03c5df182c182929e93ce20b8e6d3f57d,2024-11,Essex Police,Essex Police,0.913575,51.887657,On or near Brook Street,E01021648,Colchester 007C,Violence and sexual offences,Unable to prosecute suspect,
42dfafc81a70600107863f178eee19fe940a1b335fd0722f1e44a830bd23618b,2024-11,Essex Police,Essex Police,0.906786,51.890101,On or near Parking Area,E01021648,Colchester 007C,Violence and sexual offences,Unable to prosecute suspect,
d93d782a2b2b5c3bcce18aa5d354986e797197f7d2524b1e334e001e17cc47dc,2024-11,Essex Police,Essex Police,0.910488,51.890045,On or near Eaglegate,E01021648,Colchester 007C,Violence and sexual offences,Unable to prosecute suspect,
ce2e509e6425e95b604a0880be1951bdddcbacb35b6129dfa0b37dcc0b6dfd88,2024-11,Essex Police,Essex Police,0.917806,51.891932,On or near Fenwick Drive,E01021648,Colchester 007C,Violence and sexual offences,Unable to prosecute suspect,
1fabdd9f035fe8a942443ca2de90538db63eb737d4ca330ad127e05e5548aee8,2024-11,Essex Police,Essex Police,0.906786,51.890101,On or near Parking Area,E01021648,Colchester 007C,Violence and sexual offences,Unable to prosecute suspect,
daacedad7032012321980a91b203d4d728639845a00f04e439413c32bb1964e2,2024-11,Essex Police,Essex Police,0.903270,51.889000,On or near Supermarket,E01021648,Colchester 007C,Violence and sexual offences,Court result unavailable,
d435d514307086accb1221340b79e43c0fb38d7c047bd25c46cc82254a845add,2024-11,Essex Police,Essex Police,0.903868,51.889939,On or near Cowdray Crescent,E01021648,Colchester 007C,Violence and sexual offences,Unable to prosecute suspect,
9137028b7f88390877573c457f0949b341633e6204e6156a0c75ed53b40ced0a,2024-11,Essex Police,Essex Police,0.911074,51.891227,On or near Exeter Drive,E01021648,Colchester 007C,Violence and sexual offences,Unable to prosecute suspect,
853a98021bb610fda37ff40ca940c6041bcc6685d5344bf58bd192e8bf36074c,2024-11,Essex Police,Essex Police,0.916414,51.890204,On or near East Street,E01021648,Colchester 007C,Violence and sexual offences,Unable to prosecute suspect,
ab4da522e609ab550910e23c2731a72f043517742702420c6b28b0c30fa6a930,2024-11,Essex Police,Essex Police,0.918305,51.890886,On or near Old Coach Road,E01021648,Colchester 007C,Violence and sexual offences,Unable to prosecute suspect,
4917a18d8a4c2f2117307714ea7582b25a41d186f4741ee0c941ab37ec087621,2024-11,Essex Police,Essex Police,0.918305,51.890886,On or near Old Coach Road,E01021648,Colchester 007C,Violence and sexual offences,Unable to prosecute suspect,
fd2c5fa91ec0a7022532bf67a2cbedadc625f21a98c940843cfcb8aadec84b2e,2024-11,Essex Police,Essex Police,0.906786,51.890101,On or near Parking Area,E01021648,Colchester 007C,Violence and sexual offences,Unable to prosecute suspect,
,2024-11,Essex Police,Essex Police,0.897591,51.893125,On or near Parkside Quarter,E01021650,Colchester 007E,Anti-social behaviour,,
,2024-11,Essex Police,Essex Police,0.897591,51.893125,On or near Parkside Quarter,E01021650,Colchester 007E,Anti-social behaviour,,
,2024-11,Essex Police,Essex Police,0.895433,51.894158,On or near Market Close,E01021650,Colchester 007E,Anti-social behaviour,,
0958c204646d6a07ba79b9e7c8527359a0759202e361edbb11a798508f97f3ed,2024-11,Essex Police,Essex Police,0.896646,51.898994,On or near Clarendon Way,E01021650,Colchester 007E,Bicycle theft,Investigation complete; no suspect identified,
d3d09579e32e3b9aa8ed448bb0d7f6249c7d0acd28a2c3d1eb80e893d6cf1c92,2024-11,Essex Police,Essex Police,0.898178,51.897058,On or near Serpentine Walk,E01021650,Colchester 007E,Bicycle theft,Investigation complete; no suspect identified,
9fb216c9f34f6c72ab526c1275e59eebf73be124f80e7a6d31b2fe74ab0afe24,2024-11,Essex Police,Essex Police,0.897037,51.898300,On or near Poplar Hall Close,E01021650,Colchester 007E,Burglary,Unable to prosecute suspect,
09ab0081cc0117161b1f2536101f212582858b41f9eb2a3fc07408807886de41,2024-11,Essex Police,Essex Police,0.897663,51.894921,On or near Causton Road,E01021650,Colchester 007E,Burglary,Investigation complete; no suspect identified,
fbb2330b66b998111b70fedef55f831f1e94789cd7bf3429f83d2912f872d5a3,2024-11,Essex Police,Essex Police,0.894006,51.896154,On or near Orchard Road,E01021650,Colchester 007E,Burglary,Court result unavailable,
89efcb6d70e5c6ee09669c53e605e027d3747a5b55d1c62b810db23306ce0571,2024-11,Essex Police,Essex Police,0.897591,51.893125,On or near Parkside Quarter,E01021650,Colchester 007E,Burglary,Unable to prosecute suspect,
5ff5fbbb945ee3b404093f21f41af7c780f93407f8c23446e6227372f7888e16,2024-11,Essex Police,Essex Police,0.896046,51.898487,On or near Rowan Place,E01021650,Colchester 007E,Criminal damage and arson,Unable to prosecute suspect,
22fd50f75e4a6e5c96a064382da00f111344766a31b13f494f77b18bc204989f,2024-11,Essex Police,Essex Police,0.901028,51.893013,On or near Middle Mill,E01021650,Colchester 007E,Criminal damage and arson,Unable to prosecute suspect,
2bb09ef0e0d13e6bd92cf5114706a70fc8d1014d614ee6652c2a19fb3ef08398,2024-11,Essex Police,Essex Police,0.897798,51.895674,On or near Margaret Road,E01021650,Colchester 007E,Criminal damage and arson,Court result unavailable,
41598756b9f13a43fe042986717c9c477fcfa9c2db60ba67f99ce81ddabaa9ab,2024-11,Essex Police,Essex Police,0.896115,51.891884,On or near Green'S Yard,E01021650,Colchester 007E,Other theft,Investigation complete; no suspect identified,
ce9be1f5de95354c50df3f6689408ce00c3af11f72f8a0180bf7bf114fbd2379,2024-11,Essex Police,Essex Police,0.895640,51.896015,On or near North Station Road,E01021650,Colchester 007E,Other theft,Unable to prosecute suspect,
e5d2e8bc3a82c96d2d7ff9115c89f152c1f2b06b18dece540bb912ee59fcf8e6,2024-11,Essex Police,Essex Police,0.895433,51.894158,On or near Market Close,E01021650,Colchester 007E,Other theft,Investigation complete; no suspect identified,
c6e457a96a9af0a68b058062e1cde5f9f93b73786fa9c5a37f05a30b7893b183,2024-11,Essex Police,Essex Police,0.895433,51.894158,On or near Market Close,E01021650,Colchester 007E,Public order,Investigation complete; no suspect identified,
1a95485c3b1c7ebd87a5ca8dbdfbd44f2729d2ad8a85a3abfed62e96eb798e01,2024-11,Essex Police,Essex Police,0.894973,51.899664,On or near Station Way,E01021650,Colchester 007E,Public order,Unable to prosecute suspect,
d9d33604120d8f53dc04d1447662da1d6dd41fdacbb2c83d32a0e3acf9f4ccf6,2024-11,Essex Police,Essex Police,0.897037,51.898300,On or near Poplar Hall Close,E01021650,Colchester 007E,Public order,Unable to prosecute suspect,
d0b4b9d2949cb08e06b0875a1e09bef98a5fbeacc80bea765181d0a979ce8c4c,2024-11,Essex Police,Essex Police,0.895433,51.894158,On or near Market Close,E01021650,Colchester 007E,Shoplifting,Unable to prosecute suspect,
bee60086625f924b9bc0189a9bc80284b6f3f9eabd78841666b6c5a88fa832ee,2024-11,Essex Police,Essex Police,0.895433,51.894158,On or near Market Close,E01021650,Colchester 007E,Theft from the person,Investigation complete; no suspect identified,
ab7325b6a0fb5a9d73519bcea3629d063b590241d793a4f7cc35e9a9d149169c,2024-11,Essex Police,Essex Police,0.897591,51.893125,On or near Parkside Quarter,E01021650,Colchester 007E,Vehicle crime,Court result unavailable,
3322607fb7c0cdc1044294e0c5c5b41ec2aefd012ef63e2f4739a094b0ece4c0,2024-11,Essex Police,Essex Police,0.893038,51.899190,On or near Essex Hall Road,E01021650,Colchester 007E,Violence and sexual offences,Unable to prosecute suspect,
6082402ece3cf1f6998473f23d8bf2562ea7cfbeea24eb3da566cf2acfc58c1d,2024-11,Essex Police,Essex Police,0.896046,51.898487,On or near Rowan Place,E01021650,Colchester 007E,Violence and sexual offences,Status update unavailable,
a5f90573e2ffd73dd6dfe13f1206bfcc92a1eaa06cbb7edb52d24882fce5fa5a,2024-11,Essex Police,Essex Police,0.894986,51.895797,On or near John Harper Street,E01021650,Colchester 007E,Violence and sexual offences,Unable to prosecute suspect,
ffaf16407a08a90726e9510b54ba7c51e33f2014d1a35195239d86f44aff7494,2024-11,Essex Police,Essex Police,0.895448,51.897098,On or near A133,E01021650,Colchester 007E,Violence and sexual offences,Unable to prosecute suspect,
64e3f381cf697c7ef2609ce8c16ac5e6cdfc146de1f23724835dd022fb7e2f26,2024-11,Essex Police,Essex Police,0.895448,51.897098,On or near A133,E01021650,Colchester 007E,Violence and sexual offences,Unable to prosecute suspect,
6d2bdd05e9b471683717c49f7dba5e2077f3eee15e864be21bc396cbe6a03fb4,2024-11,Essex Police,Essex Police,0.896646,51.898994,On or near Clarendon Way,E01021650,Colchester 007E,Violence and sexual offences,Unable to prosecute suspect,
4e1a87fcd2f58a67be52345624b2dbf5d3d728712e4e0d16836a796dc784f6c2,2024-11,Essex Police,Essex Police,0.895433,51.894158,On or near Market Close,E01021650,Colchester 007E,Violence and sexual offences,Unable to prosecute suspect,
740ac515d2b4535f20a54eba6667958fc4cc21f440d6c07d3e29afa1fbd97946,2024-11,Essex Police,Essex Police,0.894645,51.893431,On or near Parking Area,E01021650,Colchester 007E,Violence and sexual offences,Court result unavailable,
35c6c0672a859717da3408a072de8459be9a73a6472d209429ff340f5c22f0d3,2024-11,Essex Police,Essex Police,0.901028,51.893013,On or near Middle Mill,E01021650,Colchester 007E,Violence and sexual offences,Unable to prosecute suspect,
0153de0ed1542b84b372a3c9b3808b94d61fc90db5d2c5813f4b873266493be4,2024-11,Essex Police,Essex Police,0.901028,51.893013,On or near Middle Mill,E01021650,Colchester 007E,Violence and sexual offences,Court result unavailable,
bc396e31066ca42883c5ee963ed95da30370415acb2929beee9c183c98273389,2024-11,Essex Police,Essex Police,0.895433,51.894158,On or near Market Close,E01021650,Colchester 007E,Violence and sexual offences,Unable to prosecute suspect,
b36bfb2afcdc0c6f1444d8b69d7b30ebe3411135013ccb61a558ac3923648d24,2024-11,Essex Police,Essex Police,0.893038,51.899190,On or near Essex Hall Road,E01021650,Colchester 007E,Violence and sexual offences,Status update unavailable,
c34237e21894c3ec975dbfbd13f95f91a13419d606330da9d65d4dd5d8869402,2024-11,Essex Police,Essex Police,0.895433,51.894158,On or near Market Close,E01021650,Colchester 007E,Violence and sexual offences,Unable to prosecute suspect,
,2024-11,Essex Police,Essex Police,0.899176,51.891341,On or near Sanderson Mews,E01035157,Colchester 007F,Anti-social behaviour,,
,2024-11,Essex Police,Essex Police,0.899176,51.891341,On or near Sanderson Mews,E01035157,Colchester 007F,Anti-social behaviour,,
,2024-11,Essex Police,Essex Police,0.901329,51.890226,On or near George Street,E01035157,Colchester 007F,Anti-social behaviour,,
,2024-11,Essex Police,Essex Police,0.900009,51.890727,On or near East Stockwell Street,E01035157,Colchester 007F,Anti-social behaviour,,
,2024-11,Essex Police,Essex Police,0.901988,51.891217,On or near Ryegate Road,E01035157,Colchester 007F,Anti-social behaviour,,
,2024-11,Essex Police,Essex Police,0.903085,51.889967,On or near Castle Bailey,E01035157,Colchester 007F,Anti-social behaviour,,
6e2ff08326ac473e698021239e1876665e644bd226f8eb09a9e5438da6644fc7,2024-11,Essex Police,Essex Police,0.901329,51.890226,On or near George Street,E01035157,Colchester 007F,Bicycle theft,Unable to prosecute suspect,
2e3aa422552b081289bd3cfcbc9a21197b5ac8349ff60f06d3cf1ad9b120f147,2024-11,Essex Police,Essex Police,0.900873,51.891506,On or near Taylor Court,E01035157,Colchester 007F,Bicycle theft,Unable to prosecute suspect,
b07e5c5942cabc52bc91c94841f99b388e0c4513ef695156f0824e8bbd918062,2024-11,Essex Police,Essex Police,0.898523,51.890215,On or near St Runwald Street,E01035157,Colchester 007F,Bicycle theft,Investigation complete; no suspect identified,
d04d52ff93c4fa6745018d873ef8ff67773493f546b7dfc2dda022cf05dda4ed,2024-11,Essex Police,Essex Police,0.899011,51.891255,On or near Walters Yard,E01035157,Colchester 007F,Burglary,Court result unavailable,
63f80974451c22048a82fcb721542d288a9f509ee9ec4d61fc2ca85e656b88f3,2024-11,Essex Police,Essex Police,0.902234,51.889835,On or near Museum Street,E01035157,Colchester 007F,Burglary,Investigation complete; no suspect identified,
fe445fde5d5252669f3ba49dd64921060ad38491892de3fcece0f450ff00f5a8,2024-11,Essex Police,Essex Police,0.900009,51.890727,On or near East Stockwell Street,E01035157,Colchester 007F,Burglary,Court result unavailable,
f44617f602940050719b476fed9f00c752277a86664ca1f62c6df6d4edc50537,2024-11,Essex Police,Essex Police,0.900568,51.890605,On or near Williams Walk,E01035157,Colchester 007F,Criminal damage and arson,Investigation complete; no suspect identified,
ec230ef4004aa34769cf4aef18a3e99a87be5b6df4f6b3f524f7d0cf98e95586,2024-11,Essex Police,Essex Police,0.901329,51.890226,On or near George Street,E01035157,Colchester 007F,Other theft,Unable to prosecute suspect,
db30da510b21b062a737d58f4e9fc9a810fba022041b1b0802493b690408d4f6,2024-11,Essex Police,Essex Police,0.902165,51.889225,On or near St Nicholas Street,E01035157,Colchester 007F,Other theft,Unable to prosecute suspect,
33b618e9646af0eed25049346d072e6a10512bbebd1821ef89bf78eb68308be3,2024-11,Essex Police,Essex Police,0.902165,51.889225,On or near St Nicholas Street,E01035157,Colchester 007F,Other theft,Investigation complete; no suspect identified,
f2afc4bef71b46527ba1f75fd7f2b9c36269c64ee1ce05a08269ddaead095627,2024-11,Essex Police,Essex Police,0.901329,51.890226,On or near George Street,E01035157,Colchester 007F,Public order,Unable to prosecute suspect,
f4f5172b40c127494431ef18db424fa811ed19d23818a4f19f324dee13b549ee,2024-11,Essex Police,Essex Police,0.902234,51.889835,On or near Museum Street,E01035157,Colchester 007F,Public order,Investigation complete; no suspect identified,
5171efd27e5bcbd46135eb22eccf394d5f81d94e3e27571015a510ba5e9c222e,2024-11,Essex Police,Essex Police,0.903085,51.889967,On or near Castle Bailey,E01035157,Colchester 007F,Public order,Investigation complete; no suspect identified,
4ff61bde7d0d0140eb55830c3b557e4599325db5531023ff0ff4fbd6cac0323d,2024-11,Essex Police,Essex Police,0.901329,51.890226,On or near George Street,E01035157,Colchester 007F,Public order,Unable to prosecute suspect,
7ce2ea0867f32d3ac773a488acf10f021c31d29fbf7f09aa7534b8a5d4659bdd,2024-11,Essex Police,Essex Police,0.903085,51.889967,On or near Castle Bailey,E01035157,Colchester 007F,Robbery,Court result unavailable,
1cf943a2b6ed956d20cb0528c9d1e5973f4eb616d728e10fdb5a445654e33df6,2024-11,Essex Police,Essex Police,0.902165,51.889225,On or near St Nicholas Street,E01035157,Colchester 007F,Shoplifting,Investigation complete; no suspect identified,
e06788eeb45e4c8a811f49d2f0e1646776e0a304478fa142131221a38ba6ad1a,2024-11,Essex Police,Essex Police,0.902165,51.889225,On or near St Nicholas Street,E01035157,Colchester 007F,Shoplifting,Investigation complete; no suspect identified,
ad2ccad151e8952c17e358b10bdd617d4f678761f0ffd0f0112a54c5a9a79d97,2024-11,Essex Police,Essex Police,0.902165,51.889225,On or near St Nicholas Street,E01035157,Colchester 007F,Shoplifting,Court result unavailable,
1cb8d5ab6fe461cc90402b052a3c981602113935477c1d73fe0b467552616ac2,2024-11,Essex Police,Essex Police,0.903085,51.889967,On or near Castle Bailey,E01035157,Colchester 007F,Theft from the person,Investigation complete; no suspect identified,
938297865195cc11c21c485214bce236069d39e16281bf27c25eb916fe7c8c8e,2024-11,Essex Police,Essex Police,0.897525,51.892101,On or near Short Cut Road,E01035157,Colchester 007F,Theft from the person,Investigation complete; no suspect identified,
d6819395a938e52b906a3542cf5a2d0a83d5c350ea4fec038c65b1288a6feeb8,2024-11,Essex Police,Essex Police,0.902234,51.889835,On or near Museum Street,E01035157,Colchester 007F,Vehicle crime,Investigation complete; no suspect identified,
859e8cfa06aef03bf8ebec029c83b94ca414be2d83b362ac863455762a5e42b8,2024-11,Essex Police,Essex Police,0.898914,51.892462,On or near Northgate Street,E01035157,Colchester 007F,Violence and sexual offences,Unable to prosecute suspect,
c0f322daaf0c5123be1d5a88e7a08811c96b48b2f13bb5234e05fb617656105c,2024-11,Essex Police,Essex Police,0.898914,51.892462,On or near Northgate Street,E01035157,Colchester 007F,Violence and sexual offences,Unable to prosecute suspect,
3cf88321299ce3e382d0f815ee67cd7bf816646702031712baee4889e7f9685c,2024-11,Essex Police,Essex Police,0.901329,51.890226,On or near George Street,E01035157,Colchester 007F,Violence and sexual offences,Unable to prosecute suspect,
521ac41896ce42d5a3502ba906f3e96c82af6031739dfd1c5f2724909d09625f,2024-11,Essex Police,Essex Police,0.901329,51.890226,On or near George Street,E01035157,Colchester 007F,Violence and sexual offences,Unable to prosecute suspect,
f2fbb25b4921c8ed0031d556f00b43cf6198996811288620872bc1f4c2ee9b0b,2024-11,Essex Police,Essex Police,0.900873,51.891506,On or near Taylor Court,E01035157,Colchester 007F,Violence and sexual offences,Status update unavailable,
f97213e2dd270f6854131aab829a74e1b607a3de8b8548744789d8d98c659c10,2024-11,Essex Police,Essex Police,0.898213,51.891508,On or near Parking Area,E01035157,Colchester 007F,Violence and sexual offences,Unable to prosecute suspect,
21df4617380d91b187172e5439d46434a907a1dfb49c670e842b5dcaa9aa503e,2024-11,Essex Police,Essex Police,0.901329,51.890226,On or near George Street,E01035157,Colchester 007F,Violence and sexual offences,Investigation complete; no suspect identified,
06cc2314f47135229a7de3ed996cdbfa301b526aee69227cf6ddd06e6ca520f3,2024-11,Essex Police,Essex Police,0.900873,51.891506,On or near Taylor Court,E01035157,Colchester 007F,Violence and sexual offences,Status update unavailable,
7128173f32aeeb15c49faefe836a39fb5a369f64246350a37945b099270f4224,2024-11,Essex Police,Essex Police,0.900873,51.891506,On or near Taylor Court,E01035157,Colchester 007F,Violence and sexual offences,Unable to prosecute suspect,
b01c939b742770dabf08e0b647b45ab44d802235b3ce517dbe6cd45e241fb117,2024-11,Essex Police,Essex Police,0.902165,51.889225,On or near St Nicholas Street,E01035157,Colchester 007F,Violence and sexual offences,Unable to prosecute suspect,
de10d64aefa84bec5713e0e30bddee975b47b7848349a6a48b5b24f7a7a0ac70,2024-11,Essex Police,Essex Police,0.902165,51.889225,On or near St Nicholas Street,E01035157,Colchester 007F,Violence and sexual offences,Court result unavailable,
5eb949021e6bf4ba29cffcc056848e3e0dbb59ed1c5707d4b936cfdbd10cef75,2024-11,Essex Police,Essex Police,0.901329,51.890226,On or near George Street,E01035157,Colchester 007F,Violence and sexual offences,Unable to prosecute suspect,
1435477de24a6b4dac96c2f5c19d4d5a2a10490c7e18e75e700e4338df6a9d44,2024-11,Essex Police,Essex Police,0.901329,51.890226,On or near George Street,E01035157,Colchester 007F,Violence and sexual offences,Unable to prosecute suspect,
385612715f6c578ab9d8a45fd6d897ed3a8c5c8d8af331cdddf3dcab69684d82,2024-11,Essex Police,Essex Police,0.898699,51.892728,On or near St Peter'S Street,E01035157,Colchester 007F,Violence and sexual offences,Unable to prosecute suspect,
6902767ba513f585b3c08ff1cd5ed505ec432e8e16b4eb34beee6528d1708ca3,2024-11,Essex Police,Essex Police,0.898523,51.890215,On or near St Runwald Street,E01035157,Colchester 007F,Violence and sexual offences,Investigation complete; no suspect identified,
fb32600dd7ad964810eee918429f1c5be63fe3cfa6d2f3a9acad2cb84c0601cb,2024-11,Essex Police,Essex Police,0.897525,51.892101,On or near Short Cut Road,E01035157,Colchester 007F,Other crime,Action to be taken by another organisation,
c64f8c291cce2124965a5ec9af7808804993bc430effa2014ce8b13f0700187c,2024-11,Essex Police,Essex Police,0.898699,51.892728,On or near St Peter'S Street,E01035157,Colchester 007F,Other crime,Unable to prosecute suspect,
,2024-11,Essex Police,Essex Police,0.901420,51.887805,On or near Parking Area,E01035158,Colchester 007G,Anti-social behaviour,,
,2024-11,Essex Police,Essex Police,0.899890,51.890235,On or near Nightclub,E01035158,Colchester 007G,Anti-social behaviour,,
,2024-11,Essex Police,Essex Police,0.900117,51.889240,On or near Shopping Area,E01035158,Colchester 007G,Anti-social behaviour,,
,2024-11,Essex Police,Essex Police,0.899203,51.888597,On or near Trinity Street,E01035158,Colchester 007G,Anti-social behaviour,,
,2024-11,Essex Police,Essex Police,0.894129,51.887895,On or near Parking Area,E01035158,Colchester 007G,Anti-social behaviour,,
,2024-11,Essex Police,Essex Police,0.897123,51.887209,On or near Chapel Street North,E01035158,Colchester 007G,Anti-social behaviour,,
,2024-11,Essex Police,Essex Police,0.897722,51.889074,On or near Culver Street West,E01035158,Colchester 007G,Anti-social behaviour,,
,2024-11,Essex Police,Essex Police,0.895126,51.888931,On or near Church Street,E01035158,Colchester 007G,Anti-social behaviour,,
,2024-11,Essex Police,Essex Police,0.895400,51.887548,On or near Nightclub,E01035158,Colchester 007G,Anti-social behaviour,,
,2024-11,Essex Police,Essex Police,0.897722,51.889074,On or near Culver Street West,E01035158,Colchester 007G,Anti-social behaviour,,
,2024-11,Essex Police,Essex Police,0.901073,51.886941,On or near Stanwell Street,E01035158,Colchester 007G,Anti-social behaviour,,
,2024-11,Essex Police,Essex Police,0.899890,51.890235,On or near Nightclub,E01035158,Colchester 007G,Anti-social behaviour,,
,2024-11,Essex Police,Essex Police,0.895126,51.888931,On or near Church Street,E01035158,Colchester 007G,Anti-social behaviour,,
,2024-11,Essex Police,Essex Police,0.899890,51.890235,On or near Nightclub,E01035158,Colchester 007G,Anti-social behaviour,,
,2024-11,Essex Police,Essex Police,0.899203,51.888597,On or near Trinity Street,E01035158,Colchester 007G,Anti-social behaviour,,
,2024-11,Essex Police,Essex Police,0.903421,51.887063,On or near St Botolph'S Street,E01035158,Colchester 007G,Anti-social behaviour,,
,2024-11,Essex Police,Essex Police,0.901420,51.887805,On or near Parking Area,E01035158,Colchester 007G,Anti-social behaviour,,
,2024-11,Essex Police,Essex Police,0.900117,51.889240,On or near Shopping Area,E01035158,Colchester 007G,Anti-social behaviour,,
,2024-11,Essex Police,Essex Police,0.903712,51.887065,On or near St Botolph'S Church Walk,E01035158,Colchester 007G,Anti-social behaviour,,
,2024-11,Essex Police,Essex Police,0.899890,51.890235,On or near Nightclub,E01035158,Colchester 007G,Anti-social behaviour,,
8f9a68f95323801419a1d163d3d21d0051bea829161e3df4602dea56559ff459,2024-11,Essex Police,Essex Police,0.895400,51.887548,On or near Nightclub,E01035158,Colchester 007G,Bicycle theft,Investigation complete; no suspect identified,
9082f3341a38ff5bfcac1fccb40ded691a7008cb82f253c09812032af1a40439,2024-11,Essex Police,Essex Police,0.900117,51.889240,On or near Shopping Area,E01035158,Colchester 007G,Bicycle theft,Investigation complete; no suspect identified,
f73469c69e44f24c20a29a4dc612f1952e4869dc6fb41d4216ea59f87df66aaf,2024-11,Essex Police,Essex Police,0.897722,51.889074,On or near Culver Street West,E01035158,Colchester 007G,Bicycle theft,Investigation complete; no suspect identified,
9f3e52186c0693280e6c0d1c9d6c549b366b84e23554b2d3e8e0563f04e4fc4f,2024-11,Essex Police,Essex Police,0.900117,51.889240,On or near Shopping Area,E01035158,Colchester 007G,Bicycle theft,Investigation complete; no suspect identified,
1bad5e4a4c82565750355444220217e62523c3bf3ba0178af96cee46acfae3ac,2024-11,Essex Police,Essex Police,0.897722,51.889074,On or near Culver Street West,E01035158,Colchester 007G,Bicycle theft,Unable to prosecute suspect,
e619bf9f788c1153f0d7ea861eb7229825c759a6992402ed7994c5d0cb9593ad,2024-11,Essex Police,Essex Police,0.898830,51.889793,On or near Conference/Exhibition Centre,E01035158,Colchester 007G,Criminal damage and arson,Unable to prosecute suspect,
30142db335533211a553eaf5bc37e875557bf22683dc92820886ae6b5f599115,2024-11,Essex Police,Essex Police,0.898830,51.889793,On or near Conference/Exhibition Centre,E01035158,Colchester 007G,Criminal damage and arson,Investigation complete; no suspect identified,
ebee3705c073d28db6f9d4308b687123067b5319336253b36fb3c69fc2e7576f,2024-11,Essex Police,Essex Police,0.893206,51.887557,On or near Crouch Street,E01035158,Colchester 007G,Criminal damage and arson,Court result unavailable,
456c462d06dd1d07d0bec03e1c44fd13931b9809463916f2f4186dfbc3936d0d,2024-11,Essex Police,Essex Police,0.897722,51.889074,On or near Culver Street West,E01035158,Colchester 007G,Criminal damage and arson,Unable to prosecute suspect,
0b13a2a6e36aa291c75773f50437153e9ed4510a0f87d7bc8b8231fe90c795dd,2024-11,Essex Police,Essex Police,0.895400,51.887548,On or near Nightclub,E01035158,Colchester 007G,Drugs,Unable to prosecute suspect,
c12f1433f25f7af47aae117baf02a3e12f7af0bd7283f1381e9ddf45e18d51a1,2024-11,Essex Police,Essex Police,0.899890,51.890235,On or near Nightclub,E01035158,Colchester 007G,Drugs,Local resolution,
f1d3b4ef8a114d4a8dc626831bbcdf676b53dd7510b66e13dfcf50bf1db0a6e4,2024-11,Essex Police,Essex Police,0.898830,51.889793,On or near Conference/Exhibition Centre,E01035158,Colchester 007G,Other theft,Investigation complete; no suspect identified,
416ba88ef8af60a703dc9d33e533b6b7721f9a1cf7cd8adbfeff9dd113f6685a,2024-11,Essex Police,Essex Police,0.897212,51.888817,On or near Shopping Area,E01035158,Colchester 007G,Other theft,Investigation complete; no suspect identified,
d9200ec0920881478f1bb8436de5b07c202105bd6b6ac284ed2ac3870c4286da,2024-11,Essex Police,Essex Police,0.900117,51.889240,On or near Shopping Area,E01035158,Colchester 007G,Other theft,Investigation complete; no suspect identified,
447ea71f10a2e0d1859dd8b077b79d1eccf68a502cf498264835f6fa6a72ffc5,2024-11,Essex Police,Essex Police,0.900117,51.889240,On or near Shopping Area,E01035158,Colchester 007G,Other theft,Investigation complete; no suspect identified,
df0af0e06e6fe8d2dec606d4e5b82d34fd521f674a55a51e85553f3892bbeed6,2024-11,Essex Police,Essex Police,0.897212,51.888817,On or near Shopping Area,E01035158,Colchester 007G,Other theft,Investigation complete; no suspect identified,
715cf48f9f0f5feac5b1d2fa4864d6c8f13918bdac29dbc9858a6cc0d138d6b2,2024-11,Essex Police,Essex Police,0.900117,51.889240,On or near Shopping Area,E01035158,Colchester 007G,Other theft,Investigation complete; no suspect identified,
b44c3746191bab05fdd078844213f275936942f6896a47a9ad3cb80fe78fde81,2024-11,Essex Police,Essex Police,0.899890,51.890235,On or near Nightclub,E01035158,Colchester 007G,Possession of weapons,Investigation complete; no suspect identified,
9382f5214c5572da6b03a8d4b26108f52fc21c054857db12db2240621a3c780b,2024-11,Essex Police,Essex Police,0.895400,51.887548,On or near Nightclub,E01035158,Colchester 007G,Public order,Investigation complete; no suspect identified,
10ca07ef8dddf4ecb06be287dc3182b08a32e1ac0c7ae1c955be73823f089f98,2024-11,Essex Police,Essex Police,0.900117,51.889240,On or near Shopping Area,E01035158,Colchester 007G,Public order,Unable to prosecute suspect,
6e10a5bec5f158dd30ce44211be3cc07d68a4706406fd4d8902780cabf3e75bb,2024-11,Essex Police,Essex Police,0.894834,51.887778,On or near Nightclub,E01035158,Colchester 007G,Public order,Status update unavailable,
899f7d68fe27236054a26e87532e4a50a685f1d160767feabfce429d86d33a80,2024-11,Essex Police,Essex Police,0.897123,51.887209,On or near Chapel Street North,E01035158,Colchester 007G,Public order,Investigation complete; no suspect identified,
397f1842e9e16425da6bf382b6e68f57e946d0ad861a96a4b8a0be38fa470abf,2024-11,Essex Police,Essex Police,0.893206,51.887557,On or near Crouch Street,E01035158,Colchester 007G,Public order,Unable to prosecute suspect,
dadd4bf7caf7c24e4d644bd227d076b5a7f685f56feef5237b713f11eaec96c8,2024-11,Essex Police,Essex Police,0.906818,51.886547,On or near Colchester Town,E01035158,Colchester 007G,Public order,Unable to prosecute suspect,
18f4f3867bce727ed85c01aba77af4909d9a82eab14b87447826774c4a545332,2024-11,Essex Police,Essex Police,0.903099,51.887709,On or near Vineyard Street,E01035158,Colchester 007G,Public order,Investigation complete; no suspect identified,
033bafb82e35ed8d8079bf75b2539df6105ed0311eda3425dd55c7e13fdf5124,2024-11,Essex Police,Essex Police,0.899203,51.888597,On or near Trinity Street,E01035158,Colchester 007G,Public order,Unable to prosecute suspect,
6820f097a20fadb3f92956f023d938d975267fba168b0f7708a44826b60c7ac4,2024-11,Essex Police,Essex Police,0.902441,51.886961,On or near Arthur Street,E01035158,Colchester 007G,Public order,Investigation complete; no suspect identified,
c0f27ed8dbbeab6c1e09fc8fb52febac9610fbe661e4e8cdd40b99eeca5597b3,2024-11,Essex Police,Essex Police,0.897212,51.888817,On or near Shopping Area,E01035158,Colchester 007G,Shoplifting,Investigation complete; no suspect identified,
90c433d648582ea1774cd5d5be5c985e42c54472d418b0b8ec5e9ce490d304bf,2024-11,Essex Police,Essex Police,0.900117,51.889240,On or near Shopping Area,E01035158,Colchester 007G,Shoplifting,Investigation complete; no suspect identified,
757e3f942e1d02da5fcb351e79fd85f1520e669b13c32b440a89a0ccabd6d4ce,2024-11,Essex Police,Essex Police,0.897722,51.889074,On or near Culver Street West,E01035158,Colchester 007G,Shoplifting,Court result unavailable,
6b557c245b6928d79425a5a0ee6dcecb962f2f54c09e4356ddc355f0bd54b118,2024-11,Essex Police,Essex Police,0.900117,51.889240,On or near Shopping Area,E01035158,Colchester 007G,Shoplifting,Investigation complete; no suspect identified,
394884b615c586e612acbb7971c2431344b94be5302f0e6ab19491d7391f7f13,2024-11,Essex Police,Essex Police,0.897212,51.888817,On or near Shopping Area,E01035158,Colchester 007G,Shoplifting,Court result unavailable,
76385650339ecec7477c1657e89cb2de52e9e567d5eddc8820bc3db0c4db6f89,2024-11,Essex Police,Essex Police,0.897212,51.888817,On or near Shopping Area,E01035158,Colchester 007G,Shoplifting,Investigation complete; no suspect identified,
bb105efabdcb5173bedf060ca6dd1470f6f05bf4924d2dd859674b4fd8f78db7,2024-11,Essex Police,Essex Police,0.897212,51.888817,On or near Shopping Area,E01035158,Colchester 007G,Shoplifting,Investigation complete; no suspect identified,
0f75f65c3e16dd5bbf1b7540b73bb70dd8549af0f5186c825cd3580255c11641,2024-11,Essex Police,Essex Police,0.897212,51.888817,On or near Shopping Area,E01035158,Colchester 007G,Shoplifting,Investigation complete; no suspect identified,
4e8dee48edee767d45dd06577cec49ac38edf761b6d40c20bd5785f1be3c99db,2024-11,Essex Police,Essex Police,0.897212,51.888817,On or near Shopping Area,E01035158,Colchester 007G,Shoplifting,Investigation complete; no suspect identified,
17eee997472f48c4c5c13bfac1f7737d0b7f4efe1638c0bb7ddbaf746d6916c2,2024-11,Essex Police,Essex Police,0.900117,51.889240,On or near Shopping Area,E01035158,Colchester 007G,Shoplifting,Court result unavailable,
f0c71bd3203ecab2379968ccc8b763e81921e407621c122b781ac92b4ffbcc15,2024-11,Essex Police,Essex Police,0.897715,51.887608,On or near St John'S Avenue,E01035158,Colchester 007G,Shoplifting,Court result unavailable,
da8eadc2bd9a5070be9841a1b31caaea14badab3c11bb2a1c8345c43fec61d29,2024-11,Essex Police,Essex Police,0.897722,51.889074,On or near Culver Street West,E01035158,Colchester 007G,Shoplifting,Investigation complete; no suspect identified,
de44e8c3c662064e303a2a848ebe95843c476d2e403b2719d657ac827bdf4dfe,2024-11,Essex Police,Essex Police,0.897212,51.888817,On or near Shopping Area,E01035158,Colchester 007G,Shoplifting,Investigation complete; no suspect identified,
9c91eb6abc9f767a39ed945316de83b2d42c6e2499ffc95a6f88d404039655e6,2024-11,Essex Police,Essex Police,0.897212,51.888817,On or near Shopping Area,E01035158,Colchester 007G,Shoplifting,Court result unavailable,
ef08d7fcbdbc6b6afcf8a0a5ba3661d0850c56eed163eb218e4ec52ccc6e45b4,2024-11,Essex Police,Essex Police,0.891607,51.888226,On or near Manor Road,E01035158,Colchester 007G,Shoplifting,Court result unavailable,
515f5c1cc5d4cc4fa83453d534a96387a993d1ff241ac6ba8d073ec415a8db6f,2024-11,Essex Police,Essex Police,0.900117,51.889240,On or near Shopping Area,E01035158,Colchester 007G,Shoplifting,Investigation complete; no suspect identified,
30ff6fe697abec0240b9a9d4ffacb0a0360bda0bc600847fb7dc86bb60805e04,2024-11,Essex Police,Essex Police,0.900117,51.889240,On or near Shopping Area,E01035158,Colchester 007G,Shoplifting,Investigation complete; no suspect identified,
7c625685d886366fbc3386119b8da17c63fa0dc9752d0d98b2d63cf2f3f95a6e,2024-11,Essex Police,Essex Police,0.897212,51.888817,On or near Shopping Area,E01035158,Colchester 007G,Shoplifting,Court result unavailable,
5d11bed97d0d72c4b91c6e87dd37df8f5dea2da02b6bcb46eadaf0e3fe03630d,2024-11,Essex Police,Essex Police,0.900117,51.889240,On or near Shopping Area,E01035158,Colchester 007G,Shoplifting,Court result unavailable,
f4e5940e563dbf274086fb1d9736a96230f6ec8c1ebf202e232bcee58f294d68,2024-11,Essex Police,Essex Police,0.900117,51.889240,On or near Shopping Area,E01035158,Colchester 007G,Shoplifting,Unable to prosecute suspect,
57789ffc83529674be348476b237d369dfaf6435a2eb7c8ebe185e3dcf922ae1,2024-11,Essex Police,Essex Police,0.897212,51.888817,On or near Shopping Area,E01035158,Colchester 007G,Theft from the person,Investigation complete; no suspect identified,
d581ebf69aba6c034af80082df61d7513d9f5a3bc79af2370ec731175fc62950,2024-11,Essex Police,Essex Police,0.900117,51.889240,On or near Shopping Area,E01035158,Colchester 007G,Theft from the person,Investigation complete; no suspect identified,
c568c47dd0d41d21bcb0e045b9bc22682dc07fa966b0e9a7a72ab1873f280dd9,2024-11,Essex Police,Essex Police,0.894129,51.887895,On or near Parking Area,E01035158,Colchester 007G,Vehicle crime,Investigation complete; no suspect identified,
b6b2721877d174da5c1f036f3cb58e45f55e882ccadb98602bcf8dd5740a0db3,2024-11,Essex Police,Essex Police,0.893206,51.887557,On or near Crouch Street,E01035158,Colchester 007G,Vehicle crime,Investigation complete; no suspect identified,
374e9f8d53ee4022ee9ae306bc0c3a26a29941104d7649d6074846261a348c6d,2024-11,Essex Police,Essex Police,0.897123,51.887209,On or near Chapel Street North,E01035158,Colchester 007G,Vehicle crime,Unable to prosecute suspect,
580706f590aa3fc7a9992555cc675a7a4d7897a7b0ba824a0a0436cfb594203e,2024-11,Essex Police,Essex Police,0.894129,51.887895,On or near Parking Area,E01035158,Colchester 007G,Vehicle crime,Investigation complete; no suspect identified,
9349b90a6751ac2269bd11a3dfb2dd065690b68277b112d40c3f2cb3316780a9,2024-11,Essex Police,Essex Police,0.898830,51.889793,On or near Conference/Exhibition Centre,E01035158,Colchester 007G,Violence and sexual offences,Unable to prosecute suspect,
1473f0b93c9de44f581c13ba52b5359971e2829bf56d5b4109b19c86cdd12fdb,2024-11,Essex Police,Essex Police,0.895126,51.888931,On or near Church Street,E01035158,Colchester 007G,Violence and sexual offences,Investigation complete; no suspect identified,
0b3c31206c8141480837410f98d743679afd972dd62e3fde342531152596aecb,2024-11,Essex Police,Essex Police,0.897309,51.891000,On or near Parking Area,E01035158,Colchester 007G,Violence and sexual offences,Unable to prosecute suspect,
9e90bfec6e2e9eef081a9f5c6959554976392bfdb91737168dff11a425e43997,2024-11,Essex Police,Essex Police,0.897309,51.891000,On or near Parking Area,E01035158,Colchester 007G,Violence and sexual offences,Court result unavailable,
95a588561a6196dfcab9e75529b609376d58f17ed21acbaa72f5ec6330e2f25b,2024-11,Essex Police,Essex Police,0.900500,51.887072,On or near Whitewell Road,E01035158,Colchester 007G,Violence and sexual offences,Unable to prosecute suspect,
cdcd31b9be2bc34d281c514598a3c4438729561acbc4319314991fe35b97b4f0,2024-11,Essex Police,Essex Police,0.903421,51.887063,On or near St Botolph'S Street,E01035158,Colchester 007G,Violence and sexual offences,Investigation complete; no suspect identified,
f04ae945d06fa0e73f4449518b15c97bdd950b75b76d311b39a7290f353ef895,2024-11,Essex Police,Essex Police,0.898830,51.889793,On or near Conference/Exhibition Centre,E01035158,Colchester 007G,Violence and sexual offences,Unable to prosecute suspect,
2097ed02a9976a5ad289f88d80ba37a407dbbb9acbefac46ccc359f2756f0261,2024-11,Essex Police,Essex Police,0.900117,51.889240,On or near Shopping Area,E01035158,Colchester 007G,Violence and sexual offences,Unable to prosecute suspect,
61d95ea6849cc6adf84639ef4a1311607fabe33cebd6c136ae360ed6273c7208,2024-11,Essex Police,Essex Police,0.903421,51.887063,On or near St Botolph'S Street,E01035158,Colchester 007G,Violence and sexual offences,Local resolution,
cc5c9a3b038dbf9f60073a5be28906116090be91c641cdb52145de24a3513e8a,2024-11,Essex Police,Essex Police,0.900117,51.889240,On or near Shopping Area,E01035158,Colchester 007G,Violence and sexual offences,Unable to prosecute suspect,
3849c881dd8d80ba7e176fd8e4a96c799c5fd5dc0b71fb483837be6d44ffe025,2024-11,Essex Police,Essex Police,0.903099,51.887709,On or near Vineyard Street,E01035158,Colchester 007G,Violence and sexual offences,Investigation complete; no suspect identified,
0d62147571b839ac76632f6975836f39275346793eb6d93e7fee42bde40ba386,2024-11,Essex Police,Essex Police,0.897722,51.889074,On or near Culver Street West,E01035158,Colchester 007G,Violence and sexual offences,Unable to prosecute suspect,
1494b03ea2eae2dcd981332c2b648b9f23c9d135bcce920985c377aab563e5ef,2024-11,Essex Police,Essex Police,0.899203,51.888597,On or near Trinity Street,E01035158,Colchester 007G,Violence and sexual offences,Unable to prosecute suspect,
b2b4b0c398cffbf943b9f499030f50906c19ae2e65ffc0011daf3d82d7f6b106,2024-11,Essex Police,Essex Police,0.899890,51.890235,On or near Nightclub,E01035158,Colchester 007G,Violence and sexual offences,Investigation complete; no suspect identified,
378cc4de0b1e3c7faa377344264bde1ba84fc4fc098ad5c78555229cf081c764,2024-11,Essex Police,Essex Police,0.903099,51.887709,On or near Vineyard Street,E01035158,Colchester 007G,Violence and sexual offences,Unable to prosecute suspect,
d352e551bfca73538c4624f9418e245917b41c32be2219f43944f953b449e491,2024-11,Essex Police,Essex Police,0.899406,51.887225,On or near Abbey Gate Street,E01035158,Colchester 007G,Violence and sexual offences,Investigation complete; no suspect identified,
d988aca49f1cf6676491b77859d237a19324c316c401774ea1610c78bde1f31f,2024-11,Essex Police,Essex Police,0.899890,51.890235,On or near Nightclub,E01035158,Colchester 007G,Violence and sexual offences,Unable to prosecute suspect,
850b9fe5a1aa7b34df3ac2868d2061bc7052387db2f7d26a1326bc20412b01c2,2024-11,Essex Police,Essex Police,0.900117,51.889240,On or near Shopping Area,E01035158,Colchester 007G,Violence and sexual offences,Investigation complete; no suspect identified,
275634a0076f437521c0915478ed893ad0797afcc587089b7beb517f38e302e3,2024-11,Essex Police,Essex Police,0.901420,51.887805,On or near Parking Area,E01035158,Colchester 007G,Violence and sexual offences,Investigation complete; no suspect identified,
0bcec4b18591c90df640e28ac9ec1ea167ed68f9634f47da9411a2c157d1bb8a,2024-11,Essex Police,Essex Police,0.898830,51.889793,On or near Conference/Exhibition Centre,E01035158,Colchester 007G,Violence and sexual offences,Investigation complete; no suspect identified,
5ce051d976110a08f3409d99345e63058b03da2ce9fa66fb7fa0d063e4f905f5,2024-11,Essex Police,Essex Police,0.899890,51.890235,On or near Nightclub,E01035158,Colchester 007G,Violence and sexual offences,Unable to prosecute suspect,
dec2bdf9f76a128014a2f4979638a86a5cd8f417243744bb8795be6adc9e424c,2024-11,Essex Police,Essex Police,0.899890,51.890235,On or near Nightclub,E01035158,Colchester 007G,Violence and sexual offences,Unable to prosecute suspect,
23a0e68c329e7419cf18cf7d8b6b27f02d0a0d4ac82f8863b5f541b6d304ff4c,2024-11,Essex Police,Essex Police,0.899406,51.887225,On or near Abbey Gate Street,E01035158,Colchester 007G,Violence and sexual offences,Unable to prosecute suspect,
5f29ecc22b264768a63929d00fcadd5f0ba9512b0d7b8f2359860b4807794600,2024-11,Essex Police,Essex Police,0.895126,51.888931,On or near Church Street,E01035158,Colchester 007G,Violence and sexual offences,Investigation complete; no suspect identified,
8459544b24f6924d1febaa7bba851c5f4928f4b6188e80aa5f2920577ee5586c,2024-11,Essex Police,Essex Police,0.898830,51.889793,On or near Conference/Exhibition Centre,E01035158,Colchester 007G,Violence and sexual offences,Unable to prosecute suspect,
96d96711ca45c59ced5f5a55922a549f1ea58537b87ecb5577412bacf23bc373,2024-11,Essex Police,Essex Police,0.899890,51.890235,On or near Nightclub,E01035158,Colchester 007G,Violence and sexual offences,Unable to prosecute suspect,
5f8d2d08cda42260ef6586d506f7c6d528c5883c27e7a0680058ae8e090cbec8,2024-11,Essex Police,Essex Police,0.901420,51.887805,On or near Parking Area,E01035158,Colchester 007G,Violence and sexual offences,Investigation complete; no suspect identified,
2c55288bfdcb3d77b390c65760287b3f75008d5cbf00edbaf3a62d645083b723,2024-11,Essex Police,Essex Police,0.898830,51.889793,On or near Conference/Exhibition Centre,E01035158,Colchester 007G,Violence and sexual offences,Investigation complete; no suspect identified,
61978a0737cbe36a0783b42992d8e84fac8d2571c6d9987243b803ff33dd6965,2024-11,Essex Police,Essex Police,0.895126,51.888931,On or near Church Street,E01035158,Colchester 007G,Violence and sexual offences,Court result unavailable,
e55a7517d674a3dc5eac5ce23936272e50d4a975c4a804298b3a4fb917d2112d,2024-11,Essex Police,Essex Police,0.893206,51.887557,On or near Crouch Street,E01035158,Colchester 007G,Violence and sexual offences,Unable to prosecute suspect,
065f755d6330eab011eb07338e408909980403f0de7d9089910fb5407180b758,2024-11,Essex Police,Essex Police,0.897212,51.888817,On or near Shopping Area,E01035158,Colchester 007G,Violence and sexual offences,Investigation complete; no suspect identified,
978629d3be5b67e42ea59ec20391eda67e194d8c728ea15e5323f08e4a795e4c,2024-11,Essex Police,Essex Police,0.899406,51.887225,On or near Abbey Gate Street,E01035158,Colchester 007G,Violence and sexual offences,Unable to prosecute suspect,
54baec2a9b30fbb9fdf4bc9da6ece01ee1d6f11d0cb1d9d97b12cfe7ecdb8ce4,2024-11,Essex Police,Essex Police,0.901420,51.887805,On or near Parking Area,E01035158,Colchester 007G,Violence and sexual offences,Unable to prosecute suspect,
1658b5cd125adbdaa993c93773e50d7d521dab0e75bb20ea644ea25d6f4050a1,2024-11,Essex Police,Essex Police,0.894834,51.887778,On or near Nightclub,E01035158,Colchester 007G,Violence and sexual offences,Unable to prosecute suspect,
523eb6d0decbf269752414ef1d1f834abb94820f6993f57197e35e2fd6f81e57,2024-11,Essex Police,Essex Police,0.899890,51.890235,On or near Nightclub,E01035158,Colchester 007G,Violence and sexual offences,Unable to prosecute suspect,
b1a8872d3641bfe03c6fa84c7d09d296e0f81c8f3bb854e552a6fa8926ae23be,2024-11,Essex Police,Essex Police,0.899203,51.888597,On or near Trinity Street,E01035158,Colchester 007G,Violence and sexual offences,Unable to prosecute suspect,
53846e5a960159d33b36dfeeb10c81035d27138487e03be4b4683e2d8ffeaa24,2024-11,Essex Police,Essex Police,0.906818,51.886547,On or near Colchester Town,E01035158,Colchester 007G,Violence and sexual offences,Unable to prosecute suspect,
edd90142e5547ab9f7bb96b302418d4cad408f0fb582860b838a87829082618a,2024-11,Essex Police,Essex Police,0.906818,51.886547,On or near Colchester Town,E01035158,Colchester 007G,Violence and sexual offences,Offender given a caution,
eaea4a95f1a833ea08f3b7bade23e32f5899f4dda4dbb706ab700773bc08a8a8,2024-11,Essex Police,Essex Police,0.898733,51.887619,On or near St John'S Street,E01035158,Colchester 007G,Violence and sexual offences,Court result unavailable,
1db80686414ffa59253373ab9a3a771e40bee0e9510e2573daec6d5573445f76,2024-11,Essex Police,Essex Police,0.901420,51.887805,On or near Parking Area,E01035158,Colchester 007G,Violence and sexual offences,Unable to prosecute suspect,
9bac69f3cb73691543f26b40e1a6f44243d758c71eb89cf47bdf1eabfb5c4f33,2024-11,Essex Police,Essex Police,0.901420,51.887805,On or near Parking Area,E01035158,Colchester 007G,Violence and sexual offences,Unable to prosecute suspect,
c43234c743a12e7300fdd0171e2d6b49165b11c554ef1d795e0f8950b663f315,2024-11,Essex Police,Essex Police,0.895126,51.888931,On or near Church Street,E01035158,Colchester 007G,Violence and sexual offences,Unable to prosecute suspect,
b6667a56673cf005bf3c7db1eb21f2b0cf557c06c1a5e1022af4ce68c8534fd2,2024-11,Essex Police,Essex Police,0.898830,51.889793,On or near Conference/Exhibition Centre,E01035158,Colchester 007G,Violence and sexual offences,Investigation complete; no suspect identified,
47441e01f1aa510009069760244016d2ef8f793b5338165a4627c616f02af606,2024-11,Essex Police,Essex Police,0.895126,51.888931,On or near Church Street,E01035158,Colchester 007G,Violence and sexual offences,Unable to prosecute suspect,
ca349ce1456f99df4bd5c14fa1dff43078e52e0eb83bce7ffcc567c7c5c6e05f,2024-11,Essex Police,Essex Police,0.901420,51.887805,On or near Parking Area,E01035158,Colchester 007G,Violence and sexual offences,Investigation complete; no suspect identified,
e922f386fdd94b237a6c0bc5d9fedf7f5e2ea09c31c0862ac969fc40a6a656d5,2024-11,Essex Police,Essex Police,0.900117,51.889240,On or near Shopping Area,E01035158,Colchester 007G,Violence and sexual offences,Unable to prosecute suspect,
6312f448c040f46adfe37e1b12a7f3b44bcd9c87328189c01b04d5bf01a7a2e0,2024-11,Essex Police,Essex Police,0.903099,51.887709,On or near Vineyard Street,E01035158,Colchester 007G,Violence and sexual offences,Unable to prosecute suspect,
bcd171a295631e7ee961ab51f3d4182359b5b93a60f06ad835be5594c7f56d51,2024-11,Essex Police,Essex Police,0.903099,51.887709,On or near Vineyard Street,E01035158,Colchester 007G,Violence and sexual offences,Unable to prosecute suspect,
02485baa7cc2b77b065c290b82c511961a2f0f4fd9eb862e3d1e5432a4e6223e,2024-11,Essex Police,Essex Police,0.898830,51.889793,On or near Conference/Exhibition Centre,E01035158,Colchester 007G,Violence and sexual offences,Investigation complete; no suspect identified,
de591f210e4ffafe8cc0cad7447da0eb6eaa6caeb4325a3610ff447ebac7c5e6,2024-11,Essex Police,Essex Police,0.897722,51.889074,On or near Culver Street West,E01035158,Colchester 007G,Other crime,Unable to prosecute suspect,
,2024-11,Essex Police,Essex Police,0.938617,51.888761,On or near Willingham Way,E01021696,Colchester 008A,Anti-social behaviour,,
,2024-11,Essex Police,Essex Police,0.941658,51.891707,On or near Marigold Close,E01021696,Colchester 008A,Anti-social behaviour,,
,2024-11,Essex Police,Essex Police,0.939898,51.891442,On or near Sports/Recreation Area,E01021696,Colchester 008A,Anti-social behaviour,,
,2024-11,Essex Police,Essex Police,0.937226,51.888598,On or near Duffield Drive,E01021696,Colchester 008A,Anti-social behaviour,,
686c656b612375ae954e61d93e6a7dc0bad168d29b706f5c1a3f4ea812baa840,2024-11,Essex Police,Essex Police,0.941658,51.891707,On or near Marigold Close,E01021696,Colchester 008A,Bicycle theft,Investigation complete; no suspect identified,
616cd9eda85f6c28706b3b6059b91b1d8555e1ff4f9cb6e547cf06fcc0188f30,2024-11,Essex Police,Essex Police,0.945512,51.890621,On or near Jessica Close,E01021696,Colchester 008A,Bicycle theft,Investigation complete; no suspect identified,
5802f8234e9a053432adb822a280f04eef3ec2270b9329c78455c60112abbe08,2024-11,Essex Police,Essex Police,0.936288,51.891157,On or near Supermarket,E01021696,Colchester 008A,Criminal damage and arson,Investigation complete; no suspect identified,
6986bb142b045a0ec925baa2f6c3c5cf303f0a2734141263d7d6ed5ba845a722,2024-11,Essex Police,Essex Police,0.938617,51.888761,On or near Willingham Way,E01021696,Colchester 008A,Other theft,Unable to prosecute suspect,
ece25aa1460a54f037ec8547376a4d18d154dce279db28beace3724825c4f193,2024-11,Essex Police,Essex Police,0.937357,51.891050,On or near Hawthorn Avenue,E01021696,Colchester 008A,Other theft,Investigation complete; no suspect identified,
76360b08d583e00330f7399e545f66daefbb74b7ca44949ff7ca6eccbe478c95,2024-11,Essex Police,Essex Police,0.935496,51.891492,On or near Tamarisk Way,E01021696,Colchester 008A,Public order,Unable to prosecute suspect,
7cdbb5df1b65fa42ade082a52c7db3841617415a0d82abe2bc130fa6b6a5d7ff,2024-11,Essex Police,Essex Police,0.943413,51.891204,On or near Prospero Close,E01021696,Colchester 008A,Public order,Action to be taken by another organisation,
9bd534646d3a8e969c9ccf1ca2367c34549f7851216af6e90245c0215bc9d5fa,2024-11,Essex Police,Essex Police,0.936288,51.891157,On or near Supermarket,E01021696,Colchester 008A,Shoplifting,Investigation complete; no suspect identified,
ac048458f38732a9059db37b6ada6881a404a20ce2d840300262fd246b233e54,2024-11,Essex Police,Essex Police,0.936288,51.891157,On or near Supermarket,E01021696,Colchester 008A,Shoplifting,Court result unavailable,
6c078c3a9cde470efe74037ecaa9fb17e6dd6846889f0e38020e0e040b08a69e,2024-11,Essex Police,Essex Police,0.936288,51.891157,On or near Supermarket,E01021696,Colchester 008A,Shoplifting,Investigation complete; no suspect identified,
f0bd39eea199295e5071dfcc1aea551170a4c427a178852063b62d098a8769ab,2024-11,Essex Police,Essex Police,0.936288,51.891157,On or near Supermarket,E01021696,Colchester 008A,Shoplifting,Court result unavailable,
a79eaa9db578b244b9cca2e4dc6ee2cf521593a9487756745d1956a08900e0b4,2024-11,Essex Police,Essex Police,0.936288,51.891157,On or near Supermarket,E01021696,Colchester 008A,Shoplifting,Court result unavailable,
911593be5e1ba6825375b7f3c2c14d06c9177341c51cba9bc9c145db9b4c494e,2024-11,Essex Police,Essex Police,0.936288,51.891157,On or near Supermarket,E01021696,Colchester 008A,Shoplifting,Court result unavailable,
b5eb89c953155d483c324e92379cc0b80bc8afe5edc5e025f61807a99f997386,2024-11,Essex Police,Essex Police,0.936288,51.891157,On or near Supermarket,E01021696,Colchester 008A,Shoplifting,Investigation complete; no suspect identified,
25cb15d4f96b3e52693c98f31f598e17c685b6a94e4cfce8e2d8c9e1cdcecf42,2024-11,Essex Police,Essex Police,0.936288,51.891157,On or near Supermarket,E01021696,Colchester 008A,Shoplifting,Unable to prosecute suspect,
75e89345e1c1b24e40eea63b74e0dbba29a688e829481aa707f3c686e18932af,2024-11,Essex Police,Essex Police,0.936288,51.891157,On or near Supermarket,E01021696,Colchester 008A,Shoplifting,Court result unavailable,
f90cedf973af67e321025d08016b2a24107fd6617ec631ffd10e64646e0c3fcf,2024-11,Essex Police,Essex Police,0.936288,51.891157,On or near Supermarket,E01021696,Colchester 008A,Shoplifting,Court result unavailable,
20e606d513bb96bcb5d53f9348483a871aa6bc5e4127582b5ef1b3f2ba7e1885,2024-11,Essex Police,Essex Police,0.936288,51.891157,On or near Supermarket,E01021696,Colchester 008A,Shoplifting,Court result unavailable,
8684e88b2edc3d61ab5ffbbf9edec95404ea6527659200d51790d525e4b90a82,2024-11,Essex Police,Essex Police,0.936288,51.891157,On or near Supermarket,E01021696,Colchester 008A,Shoplifting,Court result unavailable,
88ff36071f1b362261f5730f213ad4efbf2d4d1f69dba4dc4ba835e3d775967d,2024-11,Essex Police,Essex Police,0.936288,51.891157,On or near Supermarket,E01021696,Colchester 008A,Shoplifting,Court result unavailable,
123db1431fc512e0efdb7ae2799430ef84ac349c4334ed22781032ec9d6da247,2024-11,Essex Police,Essex Police,0.939874,51.888424,On or near Woodrow Way,E01021696,Colchester 008A,Theft from the person,Unable to prosecute suspect,
c0ab55173e7f8df35d17e35cc4b5875bf8096a32b50d715d95d5579b811e5b98,2024-11,Essex Police,Essex Police,0.944745,51.890235,On or near Macbeth Close,E01021696,Colchester 008A,Vehicle crime,Unable to prosecute suspect,
f8e37bb62ffd9206be2cf86d18b59baaab47b625c69d6bc9eb4d0fe526a4551b,2024-11,Essex Police,Essex Police,0.938617,51.888761,On or near Willingham Way,E01021696,Colchester 008A,Vehicle crime,Unable to prosecute suspect,
d31b993efb1672105a5eb47a97001d6859ebb4df0d45bececa15feb9b3ddc355,2024-11,Essex Police,Essex Police,0.941658,51.891707,On or near Marigold Close,E01021696,Colchester 008A,Violence and sexual offences,Unable to prosecute suspect,
17c9256dca3e033228484c1d0a8a569f0fbc5c967f06760089a68a2c473e1b64,2024-11,Essex Police,Essex Police,0.939874,51.888424,On or near Woodrow Way,E01021696,Colchester 008A,Violence and sexual offences,Unable to prosecute suspect,
883830971d60bbfde76a30b9806f5f2a356c17efbc233d244110832d8506c2dd,2024-11,Essex Police,Essex Police,0.943413,51.891204,On or near Prospero Close,E01021696,Colchester 008A,Violence and sexual offences,Unable to prosecute suspect,
045c770983f38cd888fdda5b572a10c713463be7217d593cf40b41f26e069cee,2024-11,Essex Police,Essex Police,0.941658,51.891707,On or near Marigold Close,E01021696,Colchester 008A,Violence and sexual offences,Unable to prosecute suspect,
1bf78add0b153abfa15ae4969d2f40e291ae59a68a8dbe811b419e766695cd99,2024-11,Essex Police,Essex Police,0.937357,51.891050,On or near Hawthorn Avenue,E01021696,Colchester 008A,Violence and sexual offences,Action to be taken by another organisation,
0707b6cf24d8b53efa68709566d0e4ef0cc939bbeb2efe22b8f9a76e3a9cb042,2024-11,Essex Police,Essex Police,0.937357,51.891050,On or near Hawthorn Avenue,E01021696,Colchester 008A,Violence and sexual offences,Unable to prosecute suspect,
c26388be27b68c38d4c66b808a924e6328d0843c1a1623fcb1dbb8297e8e589b,2024-11,Essex Police,Essex Police,0.937357,51.891050,On or near Hawthorn Avenue,E01021696,Colchester 008A,Violence and sexual offences,Investigation complete; no suspect identified,
c9c9676993d0b26c994fdcda059ee8c8c8df294a61f94326314a82ae426fd97a,2024-11,Essex Police,Essex Police,0.938617,51.888761,On or near Willingham Way,E01021696,Colchester 008A,Violence and sexual offences,Investigation complete; no suspect identified,
9601a3a69044102c827df9158de155e024ce19b880cf026791fc0d09bc5930ca,2024-11,Essex Police,Essex Police,0.944720,51.890731,On or near Hamlet Drive,E01021696,Colchester 008A,Violence and sexual offences,Unable to prosecute suspect,
1b70b8e42497e30bfbcb423cf9a10d501e63a9f68df57f27bf46f872bfc70068,2024-11,Essex Police,Essex Police,0.941658,51.891707,On or near Marigold Close,E01021696,Colchester 008A,Other crime,Local resolution,
,2024-11,Essex Police,Essex Police,0.934188,51.891947,On or near Conifer Close,E01021697,Colchester 008B,Anti-social behaviour,,
3feff9bd82f3020adf946a8f42f1338d682afef1b2b89effb43714a0bee5d546,2024-11,Essex Police,Essex Police,0.935198,51.895403,On or near Laburnum Grove,E01021697,Colchester 008B,Criminal damage and arson,Unable to prosecute suspect,
6f2fdc00830275c3c5b43bc8ab937bfc303d811d6562f698f6213c536453dd43,2024-11,Essex Police,Essex Police,0.936271,51.896473,On or near Linden Close,E01021697,Colchester 008B,Public order,Unable to prosecute suspect,
c3ffd59ac7d804e7bf2b3083920aee73c2d1d64e11bc6441bff2093aa7a19d79,2024-11,Essex Police,Essex Police,0.933736,51.895943,On or near William Boys Close,E01021697,Colchester 008B,Vehicle crime,Unable to prosecute suspect,
17a0a01ad46404eee9ccaa1e8d00f9d9bdf316f5d119d33b031d6a943e416119,2024-11,Essex Police,Essex Police,0.934188,51.891947,On or near Conifer Close,E01021697,Colchester 008B,Vehicle crime,Status update unavailable,
608c967a61675caeb9da90f5c7e65eb046ce3acd332b134d75bac00479ecd9e4,2024-11,Essex Police,Essex Police,0.933798,51.894880,On or near Aspen Way,E01021697,Colchester 008B,Vehicle crime,Investigation complete; no suspect identified,
4298655003bf598be7943a040a3c78c7d4b7bcdd6fd98aa7cf176d800c742d3c,2024-11,Essex Police,Essex Police,0.934188,51.891947,On or near Conifer Close,E01021697,Colchester 008B,Violence and sexual offences,Local resolution,
e8f83e4820ec827f98c399400cb814d59a0b3b036a303f7dd310305f29b6e3e2,2024-11,Essex Police,Essex Police,0.935444,51.894038,On or near Spruce Avenue,E01021697,Colchester 008B,Violence and sexual offences,Investigation complete; no suspect identified,
ce512e75917fb491144bd793745daf963528876ab9355e488be434d3a9729bdc,2024-11,Essex Police,Essex Police,0.935444,51.894038,On or near Spruce Avenue,E01021697,Colchester 008B,Violence and sexual offences,Unable to prosecute suspect,
4978be7ce0cff68838e4ca69dfdd8ba036f792b172c59ef08243b7a5e13856a0,2024-11,Essex Police,Essex Police,0.935444,51.894038,On or near Spruce Avenue,E01021697,Colchester 008B,Violence and sexual offences,Action to be taken by another organisation,
990e255aeddb67224fc79f05a06d17996d141083b6a9ee64ac072a5d84478aff,2024-11,Essex Police,Essex Police,0.938631,51.893644,On or near Acacia Avenue,E01021697,Colchester 008B,Violence and sexual offences,Unable to prosecute suspect,
905919331436f5632bba846ef5630abccadb42ce2262f0fe201da1558c4654f8,2024-11,Essex Police,Essex Police,0.936271,51.896473,On or near Linden Close,E01021697,Colchester 008B,Violence and sexual offences,Unable to prosecute suspect,
8db3ad783b7cbff844e3b5baf9b6a39a45985cffe931839bd4d0f1627ef06327,2024-11,Essex Police,Essex Police,0.935444,51.894038,On or near Spruce Avenue,E01021697,Colchester 008B,Violence and sexual offences,Court result unavailable,
b23f6efaf53f232b83b0d1707e8b68b689b8b4f53ec1070b9fb47c46cba3ee55,2024-11,Essex Police,Essex Police,0.936271,51.896473,On or near Linden Close,E01021697,Colchester 008B,Violence and sexual offences,Unable to prosecute suspect,
fbd7d8cac6b1e0a2efb27c6315b2170f47539fe1e6be5900b0eb28770697b149,2024-11,Essex Police,Essex Police,0.933798,51.894880,On or near Aspen Way,E01021697,Colchester 008B,Violence and sexual offences,Unable to prosecute suspect,
c217e90928ab5ae0205c34189534bac3111e21270a05c37c566203dfb645cb61,2024-11,Essex Police,Essex Police,0.943454,51.888928,On or near Holborough Close,E01021698,Colchester 008C,Criminal damage and arson,Investigation complete; no suspect identified,
df5b8601da07faa88426240f3c7db1530dae3514a6641fc669bea62aafc4929c,2024-11,Essex Police,Essex Police,0.943454,51.888928,On or near Holborough Close,E01021698,Colchester 008C,Vehicle crime,Investigation complete; no suspect identified,
5a5e8821af4433bdedb1ae11fd09a4741826d0a01c001b85268087452af41952,2024-11,Essex Police,Essex Police,0.945967,51.891140,On or near Othello Close,E01021698,Colchester 008C,Violence and sexual offences,Unable to prosecute suspect,
dbd89a5655cfdfc84c866477b027b2b84f3a6a5be93b8b3b07e5263c5d51c424,2024-11,Essex Police,Essex Police,0.945661,51.889340,On or near Hewes Close,E01021698,Colchester 008C,Violence and sexual offences,Local resolution,
9827df500b4f1d00b8a847f39190ed6111cfbc1d92e4337968ca8620565cb3fd,2024-11,Essex Police,Essex Police,0.943454,51.888928,On or near Holborough Close,E01021698,Colchester 008C,Violence and sexual offences,Investigation complete; no suspect identified,
b70412e945fd56929656c0b0f606ad82f83a2dcb50914557585a485e9949700d,2024-11,Essex Police,Essex Police,0.945661,51.889340,On or near Hewes Close,E01021698,Colchester 008C,Violence and sexual offences,Unable to prosecute suspect,
1ccd4cf3e846069e865bac2057a52a7ab00a3c25e72d5bca318d098b19ab84a9,2024-11,Essex Police,Essex Police,0.943969,51.887251,On or near Isbourne Road,E01021698,Colchester 008C,Violence and sexual offences,Investigation complete; no suspect identified,
,2024-11,Essex Police,Essex Police,0.931366,51.888780,On or near Sherwood Close,E01021699,Colchester 008D,Anti-social behaviour,,
,2024-11,Essex Police,Essex Police,0.935193,51.888434,On or near Sports/Recreation Area,E01021699,Colchester 008D,Anti-social behaviour,,
b62062d78da89ce2c21de35b06e9b1a6c09e3a0b3c9f562d16d0ece6ee9be610,2024-11,Essex Police,Essex Police,0.935193,51.888434,On or near Sports/Recreation Area,E01021699,Colchester 008D,Burglary,Status update unavailable,
01c76db4941d217862c377bf08a9bed7f753e5da5e5d77ee4ad2cd4c1e26df1d,2024-11,Essex Police,Essex Police,0.935193,51.888434,On or near Sports/Recreation Area,E01021699,Colchester 008D,Burglary,Unable to prosecute suspect,
a68f519d49a3c3f4059157b41920c798915a11a52861a09876b9d84a4f5c6673,2024-11,Essex Police,Essex Police,0.932822,51.891064,On or near Elm Crescent,E01021699,Colchester 008D,Criminal damage and arson,Investigation complete; no suspect identified,
34acc09f2709cc77cb1c61ee038b5e8c91af47cfd78c5e8ed87872b0006e6093,2024-11,Essex Police,Essex Police,0.929267,51.888472,On or near Hainault Close,E01021699,Colchester 008D,Drugs,Court result unavailable,
bc07ac6e8f14d7f3bb12b007e739cd49dc60cdba2b5a1c83837f3375704c1d7e,2024-11,Essex Police,Essex Police,0.931574,51.891086,On or near Hickory Avenue,E01021699,Colchester 008D,Public order,Unable to prosecute suspect,
33d13cc7c167b8f4201060ce0371f109431cce23bce75776dd025cdc35508d79,2024-11,Essex Police,Essex Police,0.931574,51.891086,On or near Hickory Avenue,E01021699,Colchester 008D,Vehicle crime,Investigation complete; no suspect identified,
9dfd5db5d9c2338ebfee700dae245c686d398694ad171a184f91282776257465,2024-11,Essex Police,Essex Police,0.929267,51.888472,On or near Hainault Close,E01021699,Colchester 008D,Violence and sexual offences,Unable to prosecute suspect,
8dfcfda863ad6a699bff86c3060aa7ae68776045c9ab6bf64a6736be0d528361,2024-11,Essex Police,Essex Police,0.934881,51.889861,On or near Veronica Walk,E01021699,Colchester 008D,Violence and sexual offences,Investigation complete; no suspect identified,
0c302d8d017676bd7bb035620af0c989db972923bece18b6785ab8dd7ea6e1ea,2024-11,Essex Police,Essex Police,0.929267,51.888472,On or near Hainault Close,E01021699,Colchester 008D,Violence and sexual offences,Unable to prosecute suspect,
05c7203f2b2b0cfc0e4965d1220fa6ad8bf0120a8e42f8e598e5819fc3c533b6,2024-11,Essex Police,Essex Police,0.931175,51.888974,On or near Ashdown Way,E01021699,Colchester 008D,Violence and sexual offences,Unable to prosecute suspect,
4ac8a672a5a44b8f82773a256fc4b861ad86a6711321daa621955de06fb758bc,2024-11,Essex Police,Essex Police,0.931175,51.888974,On or near Ashdown Way,E01021699,Colchester 008D,Violence and sexual offences,Awaiting court outcome,
a480214ced7d6eb0ca54678522d5a1f0909a2ebf6be963ef2a951356f4ad262d,2024-11,Essex Police,Essex Police,0.935193,51.888434,On or near Sports/Recreation Area,E01021699,Colchester 008D,Violence and sexual offences,Investigation complete; no suspect identified,
3df1aaaa37df06a49b20a15ccdd429942a8cfe5fa6ba5e92fd802de95a8e9d37,2024-11,Essex Police,Essex Police,0.929267,51.888472,On or near Hainault Close,E01021699,Colchester 008D,Violence and sexual offences,Unable to prosecute suspect,
d1a2c05ac9ab163ac88232ab51746a411d1cd4ab3505d61bf93f1fb7a3fa6b06,2024-11,Essex Police,Essex Police,0.929267,51.888472,On or near Hainault Close,E01021699,Colchester 008D,Other crime,Unable to prosecute suspect,
,2024-11,Essex Police,Essex Police,0.941098,51.886459,On or near Avon Way,E01021700,Colchester 008E,Anti-social behaviour,,
de8490d379aa7224a64ee44f433ee88204e9a8059d60cc6759526d98f63ada12,2024-11,Essex Police,Essex Police,0.938215,51.884607,On or near Scarfe Way,E01021700,Colchester 008E,Criminal damage and arson,Unable to prosecute suspect,
b937658bd0e8835de4e2317c61378cef61ed14a50188025370f7bfe80925ed98,2024-11,Essex Police,Essex Police,0.936049,51.886595,On or near Penrice Close,E01021700,Colchester 008E,Other theft,Unable to prosecute suspect,
a5ee069236a86c64b5d5af0f3e585072cd7982cc68ad18e4983c3fc571ed7cfd,2024-11,Essex Police,Essex Police,0.938728,51.886896,On or near Hunwicke Road,E01021700,Colchester 008E,Shoplifting,Court result unavailable,
3f25561d9b8ec24f41ef721c4ed274d1673d5a0b42680859956c468461268221,2024-11,Essex Police,Essex Police,0.938728,51.886896,On or near Hunwicke Road,E01021700,Colchester 008E,Shoplifting,Court result unavailable,
83603fc3e25966f03181cc3da35f19b5d869dd0d6b5663be9246c43b43e73b92,2024-11,Essex Police,Essex Police,0.938890,51.887603,On or near Stanley Wooster Way,E01021700,Colchester 008E,Vehicle crime,Investigation complete; no suspect identified,
ee7674411f4e4a859e5adfb886261a04004582ddcafcdf6b96826868e2d89cd4,2024-11,Essex Police,Essex Police,0.938728,51.886896,On or near Hunwicke Road,E01021700,Colchester 008E,Violence and sexual offences,Court result unavailable,
261d61bed1effd6a28f5f3aa346e8e4e1a40bc7bd87cbb0cd67eb8f227f00d10,2024-11,Essex Police,Essex Police,0.941098,51.886459,On or near Avon Way,E01021700,Colchester 008E,Violence and sexual offences,Investigation complete; no suspect identified,
58fc35e3988f59f7775bcdfa8d964af540f08021d748e9e1081aa66e58b5eac6,2024-11,Essex Police,Essex Police,0.938728,51.886896,On or near Hunwicke Road,E01021700,Colchester 008E,Violence and sexual offences,Unable to prosecute suspect,
7cd519de4e8e3cf3f6dc078a41496a251d075a7d46d883d14d7dfd5af9a4251c,2024-11,Essex Police,Essex Police,0.938728,51.886896,On or near Hunwicke Road,E01021700,Colchester 008E,Violence and sexual offences,Unable to prosecute suspect,
f90be01fa89b1af4e232ee5e39b41995d85b37d9e889c1fb8ea2613f110363ae,2024-11,Essex Police,Essex Police,0.937405,51.884663,On or near Wheeler Close,E01021700,Colchester 008E,Violence and sexual offences,Investigation complete; no suspect identified,
7de0690bd22cac33deb07903a57fd0731461b7978643237ed2b23fa4a3f0b5f3,2024-11,Essex Police,Essex Police,0.937405,51.884663,On or near Wheeler Close,E01021700,Colchester 008E,Violence and sexual offences,Unable to prosecute suspect,
a6d11420a11f5e9adb0dd6b1f2573f80de5fc7ce771a0f7c7ba8a2c776d96779,2024-11,Essex Police,Essex Police,0.941098,51.886459,On or near Avon Way,E01021700,Colchester 008E,Violence and sexual offences,Unable to prosecute suspect,
479735d9298e88949626ee151de52864709fd2cf55912b2fb8d4fc0465901ffe,2024-11,Essex Police,Essex Police,0.940801,51.887258,On or near Cyril Child Close,E01021700,Colchester 008E,Violence and sexual offences,Investigation complete; no suspect identified,
dba05045035be1131342481e14811bae48d715337ec0ed8579f4c1621400c136,2024-11,Essex Police,Essex Police,0.938728,51.886896,On or near Hunwicke Road,E01021700,Colchester 008E,Violence and sexual offences,Unable to prosecute suspect,
e7f53b6247cb2a582fe0067a31a8e7bc4024787065ddb9e1f4dec1cab35827c8,2024-11,Essex Police,Essex Police,0.937441,51.884104,On or near Woodcock Close,E01021700,Colchester 008E,Violence and sexual offences,Action to be taken by another organisation,
68938b9431ff10d26844b2c0be324548a920c523ab894c808602dee995bbbb99,2024-11,Essex Police,Essex Police,0.940801,51.887258,On or near Cyril Child Close,E01021700,Colchester 008E,Violence and sexual offences,Unable to prosecute suspect,
,2024-11,Essex Police,Essex Police,0.929896,51.881828,On or near Phoenix Court,E01033719,Colchester 008G,Anti-social behaviour,,
5d5d80c5f9398b461b80e004084c3e0b8b57e39ff7948b78236973386511f4a3,2024-11,Essex Police,Essex Police,0.928322,51.881310,On or near Caelum Drive,E01033719,Colchester 008G,Bicycle theft,Investigation complete; no suspect identified,
4fd3bab74053dcf814b5055963bfc896d369e86df71230b8ae30eb917f2e472c,2024-11,Essex Police,Essex Police,0.932349,51.879330,On or near Lightship Way,E01033719,Colchester 008G,Bicycle theft,Investigation complete; no suspect identified,
0147f28ab9c3384f238a02ad01e7a7637b59fb293c73cbf1fc5e6cba528e4f31,2024-11,Essex Police,Essex Police,0.933861,51.880686,On or near Triumph Close,E01033719,Colchester 008G,Bicycle theft,Investigation complete; no suspect identified,
c4ecbb96308c3ef71047e6c2cbb173ca725c1c23024f6fc3b518bddf7c701adc,2024-11,Essex Police,Essex Police,0.927825,51.882609,On or near Heia Wharf,E01033719,Colchester 008G,Bicycle theft,Investigation complete; no suspect identified,
a894f6814147c73b4cfd3f984c5512c410219675987209270a13a7c5029bd8df,2024-11,Essex Police,Essex Police,0.931091,51.879433,On or near Quayside Drive,E01033719,Colchester 008G,Burglary,Unable to prosecute suspect,
7119be86387eeb21ee8b4f863a24f31f0f3131a49d6e6598f66104a145d62469,2024-11,Essex Police,Essex Police,0.932349,51.879330,On or near Lightship Way,E01033719,Colchester 008G,Burglary,Investigation complete; no suspect identified,
209b755d8dcb8e459a3e3910494ceefe73baf40906080fbcdc09544d3e2b968f,2024-11,Essex Police,Essex Police,0.931091,51.879433,On or near Quayside Drive,E01033719,Colchester 008G,Criminal damage and arson,Unable to prosecute suspect,
aaa618382837f4ed89d7b3ca91026cf62568677f17293d94386a71e886d43ddf,2024-11,Essex Police,Essex Police,0.932349,51.879330,On or near Lightship Way,E01033719,Colchester 008G,Drugs,Local resolution,
22fb67b47dbcc914956e862104b2ab6cfb8c2c7cdd58b108537d51e0d4f9f032,2024-11,Essex Police,Essex Police,0.935685,51.879004,On or near Annan Road,E01033719,Colchester 008G,Other theft,Investigation complete; no suspect identified,
ad1391ad035e7a93010e4f286df6c4727724ae546bce54044a04ee0c10cfbf9f,2024-11,Essex Police,Essex Police,0.935685,51.879004,On or near Annan Road,E01033719,Colchester 008G,Other theft,Investigation complete; no suspect identified,
81143f23b6ff1d1639520e94a8488838599c088bac92e23deb5cbdffa04d1459,2024-11,Essex Police,Essex Police,0.931091,51.879433,On or near Quayside Drive,E01033719,Colchester 008G,Robbery,Unable to prosecute suspect,
7dbf4bc58cb30116fe62996aee3223b214c0796434534ee75da687e6070b3e87,2024-11,Essex Police,Essex Police,0.928322,51.881310,On or near Caelum Drive,E01033719,Colchester 008G,Vehicle crime,Investigation complete; no suspect identified,
9fc1aced8687752956bf3b1a3e3e283debfe426cd2848ffdc96a07006b1609b9,2024-11,Essex Police,Essex Police,0.928322,51.881310,On or near Caelum Drive,E01033719,Colchester 008G,Violence and sexual offences,Action to be taken by another organisation,
b53a2c58bc0d38c4e47242be930d150500297241db650cb2cf4d4fa17ab7c903,2024-11,Essex Police,Essex Police,0.935685,51.879004,On or near Annan Road,E01033719,Colchester 008G,Violence and sexual offences,Unable to prosecute suspect,
712deb89464417210c9eb25bc697127d0972306c9d5409fba19c6cfa711b9e84,2024-11,Essex Police,Essex Police,0.928322,51.881310,On or near Caelum Drive,E01033719,Colchester 008G,Violence and sexual offences,Unable to prosecute suspect,
d8066bf6d86e7708389b4111c29c890e550de79dfeddfc1078ab9d5c001b2a7c,2024-11,Essex Police,Essex Police,0.928322,51.881310,On or near Caelum Drive,E01033719,Colchester 008G,Violence and sexual offences,Unable to prosecute suspect,
8c6b321544d6efce62cce18cdff5804376edd7b5fdadfa3c513f2d6b90d2a17b,2024-11,Essex Police,Essex Police,0.928322,51.881310,On or near Caelum Drive,E01033719,Colchester 008G,Violence and sexual offences,Unable to prosecute suspect,
,2024-11,Essex Police,Essex Police,0.934541,51.885985,On or near Rochdale Way,E01033722,Colchester 008H,Anti-social behaviour,,
,2024-11,Essex Police,Essex Police,0.929662,51.885162,On or near Supermarket,E01033722,Colchester 008H,Anti-social behaviour,,
,2024-11,Essex Police,Essex Police,0.935511,51.884144,On or near Arnold Drive,E01033722,Colchester 008H,Anti-social behaviour,,
,2024-11,Essex Police,Essex Police,0.937870,51.886225,On or near Lugar Close,E01033722,Colchester 008H,Anti-social behaviour,,
,2024-11,Essex Police,Essex Police,0.930596,51.887450,On or near Howe Close,E01033722,Colchester 008H,Anti-social behaviour,,
,2024-11,Essex Police,Essex Police,0.929662,51.885162,On or near Supermarket,E01033722,Colchester 008H,Anti-social behaviour,,
e8924a1c2da21d7ee0edebdd81c92cf4e20e5729779875f970a2287366e733ca,2024-11,Essex Police,Essex Police,0.937870,51.886225,On or near Lugar Close,E01033722,Colchester 008H,Bicycle theft,Investigation complete; no suspect identified,
b681acb906f1d3f66f45fa4647081317df943eb16fcf7290ec6c473877978e76,2024-11,Essex Police,Essex Police,0.929662,51.885162,On or near Supermarket,E01033722,Colchester 008H,Burglary,Unable to prosecute suspect,
cfc9b3148e247eefd5b464978acb57bcbe67ced42336be4728781c0bf23dff70,2024-11,Essex Police,Essex Police,0.928373,51.887469,On or near The Chase,E01033722,Colchester 008H,Criminal damage and arson,Investigation complete; no suspect identified,
b97921600fbf4611755f9a436c457ddc58e6cba79e384d80a8a81c90cb6417f4,2024-11,Essex Police,Essex Police,0.937870,51.886225,On or near Lugar Close,E01033722,Colchester 008H,Criminal damage and arson,Investigation complete; no suspect identified,
404fe24858fd34b398e439dce03434c67ab3dcd3c965baac134bf21f1e90117e,2024-11,Essex Police,Essex Police,0.929662,51.885162,On or near Supermarket,E01033722,Colchester 008H,Other theft,Investigation complete; no suspect identified,
31ac302d35ff933bd35412881e857eaa647cfb412d93ae66690aa2f12ccbde73,2024-11,Essex Police,Essex Police,0.929662,51.885162,On or near Supermarket,E01033722,Colchester 008H,Other theft,Investigation complete; no suspect identified,
7c2c0bb5380a5099483a912348fd97069df6e1204f40b5256d591cc8791ff5e3,2024-11,Essex Police,Essex Police,0.929662,51.885162,On or near Supermarket,E01033722,Colchester 008H,Other theft,Investigation complete; no suspect identified,
323f9714762952361bcba3734115cf0319ae7fdbd01767543354c546b2246724,2024-11,Essex Police,Essex Police,0.929662,51.885162,On or near Supermarket,E01033722,Colchester 008H,Shoplifting,Investigation complete; no suspect identified,
b4adf081f7f9704338ffe32907b6202c78738198536da1965c7e9c5690f329a0,2024-11,Essex Police,Essex Police,0.930596,51.887450,On or near Howe Close,E01033722,Colchester 008H,Vehicle crime,Investigation complete; no suspect identified,
dc177c3d8ea42ce97f905efbfc4e1f402da78dad2b07cb67626499d90b5bf7b2,2024-11,Essex Police,Essex Police,0.929662,51.885162,On or near Supermarket,E01033722,Colchester 008H,Vehicle crime,Investigation complete; no suspect identified,
d15b0b2ed7ccec70dfd2570f7410777df4627706fa8f8f0a7c59f619ef2440e7,2024-11,Essex Police,Essex Police,0.929662,51.885162,On or near Supermarket,E01033722,Colchester 008H,Vehicle crime,Investigation complete; no suspect identified,
515ced0f05b7e05b4ecae73697c17cb65a606add2ae7ec5ddebd7f0b3aa9ff80,2024-11,Essex Police,Essex Police,0.928373,51.887469,On or near The Chase,E01033722,Colchester 008H,Violence and sexual offences,Formal action is not in the public interest,
58de225af222257693f8c6389e7c754cc109e236a2b6ffb36e6bd0ad3116533e,2024-11,Essex Police,Essex Police,0.930596,51.887450,On or near Howe Close,E01033722,Colchester 008H,Violence and sexual offences,Court result unavailable,
097edd8324118ea0e4c59af04847bff56ea49b60e6faaa6253207b0f03553a7f,2024-11,Essex Police,Essex Police,0.929662,51.885162,On or near Supermarket,E01033722,Colchester 008H,Violence and sexual offences,Investigation complete; no suspect identified,
fad2082b214b988763b5693c57ad589bba69bc0c393751411bec17961c5c9b1e,2024-11,Essex Police,Essex Police,0.934541,51.885985,On or near Rochdale Way,E01033722,Colchester 008H,Violence and sexual offences,Unable to prosecute suspect,
97801d1cd9f719580be20418e5c0f259d592a8ca9ccf6ed19119af9fec99b617,2024-11,Essex Police,Essex Police,0.929662,51.885162,On or near Supermarket,E01033722,Colchester 008H,Violence and sexual offences,Unable to prosecute suspect,
ec3f43b4f375953ffcc6125596cb2527c2149ace0c86ccfc090aa75686892ee8,2024-11,Essex Police,Essex Police,0.929662,51.885162,On or near Supermarket,E01033722,Colchester 008H,Violence and sexual offences,Unable to prosecute suspect,
16dacf31955dbafb954b7105a80bf02a4c63da80a52834ffd58b976a11b1b1ab,2024-11,Essex Police,Essex Police,0.935409,51.883688,On or near Sullivan Close,E01033722,Colchester 008H,Violence and sexual offences,Unable to prosecute suspect,
652e42e95816816171c47ed90f35378bad94713c84f56b17f21b0eb46934e522,2024-11,Essex Police,Essex Police,0.935409,51.883688,On or near Sullivan Close,E01033722,Colchester 008H,Violence and sexual offences,Unable to prosecute suspect,
c80e6d9a5a7354b5c5869cac61fab1783e646b656b0edc38c43508be1abb9e7e,2024-11,Essex Police,Essex Police,0.935409,51.883688,On or near Sullivan Close,E01033722,Colchester 008H,Violence and sexual offences,Investigation complete; no suspect identified,
93087cfdea5459c4a74e355965c5f4ccba7ce38a2609bb8fe3722c01684b2276,2024-11,Essex Police,Essex Police,0.937870,51.886225,On or near Lugar Close,E01033722,Colchester 008H,Violence and sexual offences,Unable to prosecute suspect,
10c5c2ee218eb0a3a7030c04ad9ab40cad81dc151be6e078578012fa780f43f6,2024-11,Essex Police,Essex Police,0.935511,51.884144,On or near Arnold Drive,E01033722,Colchester 008H,Violence and sexual offences,Unable to prosecute suspect,
c9cd382a5497aa89e5124425e013919119e087ce62e78ff0266ccb042f7422d8,2024-11,Essex Police,Essex Police,0.935511,51.884144,On or near Arnold Drive,E01033722,Colchester 008H,Violence and sexual offences,Unable to prosecute suspect,
77ec14f16cc32dd4e5a012013caa22bb26b6f4fbb7511868bd8d704c6049953c,2024-11,Essex Police,Essex Police,0.929662,51.885162,On or near Supermarket,E01033722,Colchester 008H,Violence and sexual offences,Investigation complete; no suspect identified,
,2024-11,Essex Police,Essex Police,0.864631,51.890739,On or near Jacqueline Court,E01021673,Colchester 009A,Anti-social behaviour,,
196156ba7c519dd625b66e97e922b4a00b4f453b5b35a25aa28f2144b5606bdc,2024-11,Essex Police,Essex Police,0.868716,51.890972,On or near Acland Avenue,E01021673,Colchester 009A,Criminal damage and arson,Investigation complete; no suspect identified,
1b8bfd6f701c91a671a8dc999a33c60dfcb98eafa2a179b2c15eb29f04a17cbf,2024-11,Essex Police,Essex Police,0.858962,51.884780,On or near Scott Drive,E01021673,Colchester 009A,Public order,Unable to prosecute suspect,
da90f7bd9457142b8d5a5e64e0ab91e6165b0c348a3d9984df2b3e299ce35f56,2024-11,Essex Police,Essex Police,0.858482,51.886824,On or near Masefield Drive,E01021673,Colchester 009A,Vehicle crime,Investigation complete; no suspect identified,
a523df5646c80aa68a844c847f61fa681d8910cd8aefda2bc44975aaa98b6889,2024-11,Essex Police,Essex Police,0.868716,51.890972,On or near Acland Avenue,E01021673,Colchester 009A,Vehicle crime,Investigation complete; no suspect identified,
,2024-11,Essex Police,Essex Police,0.849797,51.890137,On or near Hargood Close,E01021674,Colchester 009B,Anti-social behaviour,,
a09fa5aad574a6e5c07dea6d8d547a46408a9db58d5aad5bc6f8e17f8e59bc60,2024-11,Essex Police,Essex Police,0.850101,51.886452,On or near Lanvalley Road,E01021674,Colchester 009B,Criminal damage and arson,Unable to prosecute suspect,
7282de6acb33948c0134e128091db5dd9d606e559f0c3b6a078b8adb1ead2ca3,2024-11,Essex Police,Essex Police,0.846806,51.890201,On or near King Coel Road,E01021674,Colchester 009B,Criminal damage and arson,Investigation complete; no suspect identified,
c5ccd8d42248888f502cd0f44b82b99dd57fd44c5ddbfda5c6dfdc4ed91adb94,2024-11,Essex Police,Essex Police,0.853085,51.886523,On or near The Chase,E01021674,Colchester 009B,Other theft,Investigation complete; no suspect identified,
06bc87a0c099a3816dcff7125b60418231c30858c1ba0b0a640980987c387aa6,2024-11,Essex Police,Essex Police,0.853085,51.886523,On or near The Chase,E01021674,Colchester 009B,Public order,Investigation complete; no suspect identified,
2e0c1c2b7fe0e47cdaa7c18d1ad4c9e033419fccb20e53c07a613833d138aaff,2024-11,Essex Police,Essex Police,0.850341,51.885645,On or near De Burgh Road,E01021674,Colchester 009B,Vehicle crime,Investigation complete; no suspect identified,
44c2d4cabd09e9ee441cf6b8c03b9c19e5d38f0688b407b971d7aedeba8bb7df,2024-11,Essex Police,Essex Police,0.853085,51.886523,On or near The Chase,E01021674,Colchester 009B,Vehicle crime,Investigation complete; no suspect identified,
d12c142d3ed726aed5f1ed96073c34045bad0ddf56211c348b45ac4a30a5a896,2024-11,Essex Police,Essex Police,0.853085,51.886523,On or near The Chase,E01021674,Colchester 009B,Violence and sexual offences,Unable to prosecute suspect,
44ccb5d37e61226360586ca5b22ba4626be761142d0fc6b67142088673ede104,2024-11,Essex Police,Essex Police,0.852065,51.889471,On or near Supermarket,E01021674,Colchester 009B,Violence and sexual offences,Unable to prosecute suspect,
526adaf53e8c841db9a4b19d4bd4099988a18739cae6108c688230df80086e2b,2024-11,Essex Police,Essex Police,0.849797,51.890137,On or near Hargood Close,E01021674,Colchester 009B,Violence and sexual offences,Unable to prosecute suspect,
34152070cd8fbbaa495076d10789185961b99053f068b0968d6f197bd5d3e423,2024-11,Essex Police,Essex Police,0.849797,51.890137,On or near Hargood Close,E01021674,Colchester 009B,Violence and sexual offences,Unable to prosecute suspect,
88ea568cfa84aa6886d22774900941433ded3213759e975cfb7f7dd72f9b7000,2024-11,Essex Police,Essex Police,0.849797,51.890137,On or near Hargood Close,E01021674,Colchester 009B,Violence and sexual offences,Investigation complete; no suspect identified,
a94bd4586f153c5731f00d62e1e6967d2a8f1c5b2044ed21e2b2b144a93737f3,2024-11,Essex Police,Essex Police,0.853085,51.886523,On or near The Chase,E01021674,Colchester 009B,Violence and sexual offences,Unable to prosecute suspect,
4e1d08ce0511c589a381bc5ed5f9c3f5b70f5930a1eb183d04ae6a8140d34d09,2024-11,Essex Police,Essex Police,0.850099,51.888484,On or near Trafalgar Road,E01021674,Colchester 009B,Violence and sexual offences,Unable to prosecute suspect,
902503a420b5da9f841ad77d1c5f325bd790c91429ebbc39044ed9ad5102aa3b,2024-11,Essex Police,Essex Police,0.846806,51.890201,On or near King Coel Road,E01021674,Colchester 009B,Violence and sexual offences,Court result unavailable,
02aec02326175817db162bbd1763bd6cb5c805fde1ea53a3508827fb14a14ec1,2024-11,Essex Police,Essex Police,0.853085,51.886523,On or near The Chase,E01021674,Colchester 009B,Violence and sexual offences,Unable to prosecute suspect,
4d118878268fee5ee5f2cc8041b08c110ce19926d5dbca0363d41aafb30f0e0a,2024-11,Essex Police,Essex Police,0.853085,51.886523,On or near The Chase,E01021674,Colchester 009B,Violence and sexual offences,Unable to prosecute suspect,
b8f2eb0ec91ee9b5b70ac7e3134da6cd2ae3d9c9f42165d1262e769ddfccef37,2024-11,Essex Police,Essex Police,0.853085,51.886523,On or near The Chase,E01021674,Colchester 009B,Violence and sexual offences,Unable to prosecute suspect,
ad676b433dca77f1b6746ac3247d11dacc8bc5fb70bc41a36874c9a9062e7ce0,2024-11,Essex Police,Essex Police,0.849797,51.890137,On or near Hargood Close,E01021674,Colchester 009B,Violence and sexual offences,Status update unavailable,
0cfb9dba571fca9cb1aea7e1f1cf209aa3e0aa006d36813275dc987dbad32480,2024-11,Essex Police,Essex Police,0.846806,51.890201,On or near King Coel Road,E01021674,Colchester 009B,Violence and sexual offences,Unable to prosecute suspect,
,2024-11,Essex Police,Essex Police,0.848983,51.891524,On or near Cadenhouse Mews,E01021675,Colchester 009C,Anti-social behaviour,,
0dddb315245f013515140648d27aa481dbb249d552dbe6ea1a4c6a366e5069b7,2024-11,Essex Police,Essex Police,0.857415,51.890177,On or near Lexden Mews,E01021675,Colchester 009C,Criminal damage and arson,Unable to prosecute suspect,
001e3d1a32f84a554968832b4edb91a1f11b7523d10345f5db7ac0eddcbd1132,2024-11,Essex Police,Essex Police,0.857415,51.890177,On or near Lexden Mews,E01021675,Colchester 009C,Other theft,Unable to prosecute suspect,
4c7800e4e510f5e8310171f0113ed2def13f6f49a9cca69249a31746431aa74d,2024-11,Essex Police,Essex Police,0.857415,51.890177,On or near Lexden Mews,E01021675,Colchester 009C,Public order,Investigation complete; no suspect identified,
379d7a32e8e8405fbeb40933f4956f1d90e23e263f4ff1741964ff04c8b896db,2024-11,Essex Police,Essex Police,0.854610,51.889490,On or near Parking Area,E01021675,Colchester 009C,Violence and sexual offences,Unable to prosecute suspect,
619a35317127e790bb8228cfe5db474265c02630aefaef5a76e614a747601ee4,2024-11,Essex Police,Essex Police,0.848983,51.891524,On or near Cadenhouse Mews,E01021675,Colchester 009C,Other crime,Investigation complete; no suspect identified,
76b064079928d4c7ac7d34db6558aa60d356784b9f64e76df43ecaeace350589,2024-11,Essex Police,Essex Police,0.882622,51.890219,On or near New Kiln Road,E01021676,Colchester 009D,Burglary,Investigation complete; no suspect identified,
b2450ed4cd30fa626bc04dae992787a45b50006bca19a1a2cfc56feb9dd68476,2024-11,Essex Police,Essex Police,0.878761,51.890088,On or near Endsleigh Court,E01021676,Colchester 009D,Burglary,Investigation complete; no suspect identified,
128cc2d848e3314cb9babb310da65e9e0230ae2ad6678050e93a2ddde4485f04,2024-11,Essex Police,Essex Police,0.876800,51.886008,On or near Ruth King Close,E01021676,Colchester 009D,Other theft,Investigation complete; no suspect identified,
c3f0100e8dff31c38203e92de47a0d998679f22198cd633cec51b116d698c8ef,2024-11,Essex Police,Essex Police,0.876800,51.886008,On or near Ruth King Close,E01021676,Colchester 009D,Possession of weapons,Formal action is not in the public interest,
ecccf0bc9487c699ac3d5acaf1f9f9ece297239477f083558705834932938606,2024-11,Essex Police,Essex Police,0.874911,51.887826,On or near Wroxham Close,E01021676,Colchester 009D,Violence and sexual offences,Status update unavailable,
e1704888a273123ed1c543ec8c91e656d15b101714a8024ca4dbddab2e05259e,2024-11,Essex Police,Essex Police,0.874911,51.887826,On or near Wroxham Close,E01021676,Colchester 009D,Violence and sexual offences,Investigation complete; no suspect identified,
0d7e9a937b6afbf49de6e5dda5a4628473565a20a21252398296fefb3db4ae08,2024-11,Essex Police,Essex Police,0.756949,51.925734,On or near Station Road,E01021662,Colchester 010B,Burglary,Court result unavailable,
b4c04ff5827477fac9bcc3ba68809bec74e208320e48f7e91056ccb936cb19a1,2024-11,Essex Police,Essex Police,0.754028,51.920082,On or near Swan Grove,E01021662,Colchester 010B,Burglary,Investigation complete; no suspect identified,
e5bde6bef3265f873240f3a582a846e762e773ea18b3c3dec0cc7a77b17e14f5,2024-11,Essex Police,Essex Police,0.758316,51.936161,On or near Jupe'S Hill,E01021662,Colchester 010B,Burglary,Investigation complete; no suspect identified,
67c626293fcad6e602cd9d22bab6dc7bf9803b2c93e29a3c0477fb8fefaf3eb1,2024-11,Essex Police,Essex Police,0.752254,51.917714,On or near Swan Street,E01021662,Colchester 010B,Other theft,Investigation complete; no suspect identified,
b56b97bd2400312a86c827fcec89ea14628a642efed1b7f3e28dcac6dc26e603,2024-11,Essex Police,Essex Police,0.754481,51.937213,On or near Lower Green,E01021662,Colchester 010B,Vehicle crime,Investigation complete; no suspect identified,
bf1920e5f04ecfb0583c6834043ce284c607160c6a81076bf7dcaff4d360c8a8,2024-11,Essex Police,Essex Police,0.750206,51.941054,On or near Middle Green,E01021662,Colchester 010B,Violence and sexual offences,Unable to prosecute suspect,
442853f05311b403467b27c94a8780c26074f3e7d44cdbcebe9df23bf867b7b9,2024-11,Essex Police,Essex Police,0.748396,51.912174,On or near Swan Street,E01021662,Colchester 010B,Violence and sexual offences,Unable to prosecute suspect,
fd1d5304ce59917fede824a32e9d200ab1a195b59c2c974b4bef78dd9fd083b3,2024-11,Essex Police,Essex Police,0.746972,51.899806,On or near Tambour Close,E01021662,Colchester 010B,Violence and sexual offences,Unable to prosecute suspect,
c44d038de5de3655f624723fc7e9a40c0ca09302c7e415a16c35e84a559848aa,2024-11,Essex Police,Essex Police,0.748396,51.912174,On or near Swan Street,E01021662,Colchester 010B,Violence and sexual offences,Unable to prosecute suspect,
a30b004ce46fcfcbd26f56665993c2b0d00649d99ffd4b7161e6f29ee28dfde7,2024-11,Essex Police,Essex Police,0.754028,51.920082,On or near Swan Grove,E01021662,Colchester 010B,Violence and sexual offences,Unable to prosecute suspect,
c4d6a1337da72b88443df70ca7112275985583bed2031febdacfc35d93eb9f87,2024-11,Essex Police,Essex Police,0.748396,51.912174,On or near Swan Street,E01021662,Colchester 010B,Violence and sexual offences,Unable to prosecute suspect,
,2024-11,Essex Police,Essex Police,0.747834,51.898679,On or near The Chase,E01021663,Colchester 010C,Anti-social behaviour,,
84f1aebf975dcbd119896d44fb61cdc70e9315fb7d5905e8bdb78b57eee197b3,2024-11,Essex Police,Essex Police,0.786945,51.897831,On or near Church Grove,E01021663,Colchester 010C,Burglary,Investigation complete; no suspect identified,
6b6f94ca5514d4991af848b3e5fd56ed637572711b514336068f32883622f18f,2024-11,Essex Police,Essex Police,0.729266,51.882078,On or near East Gores Road,E01021663,Colchester 010C,Burglary,Investigation complete; no suspect identified,
e6ccc126bd490a6d44369af3829724ad098770818d73acd1545a3305df51fa63,2024-11,Essex Police,Essex Police,0.741436,51.875977,On or near Elm Lane,E01021663,Colchester 010C,Other theft,Unable to prosecute suspect,
65d57b3d3fa0bce464f85aa50c63355d5e28025c8e647fb35bfbda5352448b0a,2024-11,Essex Police,Essex Police,0.761549,51.876504,On or near Ley Field,E01021677,Colchester 010D,Vehicle crime,Investigation complete; no suspect identified,
484be1dbc02ec4b22806f3f916a725796d97339b05c087228ca966a795c97ca6,2024-11,Essex Police,Essex Police,0.765719,51.876496,On or near Well Side,E01021677,Colchester 010D,Vehicle crime,Investigation complete; no suspect identified,
aff7e49a452d7a33facc36757532ca5905387f0bec9e46b6096d15eed029aa79,2024-11,Essex Police,Essex Police,0.762659,51.875183,On or near Bree Avenue,E01021677,Colchester 010D,Violence and sexual offences,Unable to prosecute suspect,
e7a2bfb6859425681e26c818997d5b983a502eb722c975bae3f4dc829599852c,2024-11,Essex Police,Essex Police,0.780764,51.879433,On or near Station Road,E01021678,Colchester 010E,Burglary,Investigation complete; no suspect identified,
b1f41891e189cacc623ed0d2cd37c5dd061f9c2e9585af196005d1463040beb5,2024-11,Essex Police,Essex Police,0.761720,51.875025,On or near Mandeville Road,E01021678,Colchester 010E,Burglary,Unable to prosecute suspect,
ed345f8f7b817dd3d825b81b59607631a1b5b917f5be3dd2e7f2f7f6808f5272,2024-11,Essex Police,Essex Police,0.782162,51.880416,On or near Parking Area,E01021678,Colchester 010E,Criminal damage and arson,Unable to prosecute suspect,
e4d91f4b60e0e2e4146e9de706f878ea6ebe8147b9b68e33535517ad3a4295fc,2024-11,Essex Police,Essex Police,0.792274,51.880383,On or near Francis Court,E01021678,Colchester 010E,Criminal damage and arson,Investigation complete; no suspect identified,
45661849414fa72e9bf4313da49aca2cf37ad9ec44f65ab56ebcc73bf1934eff,2024-11,Essex Police,Essex Police,0.782162,51.880416,On or near Parking Area,E01021678,Colchester 010E,Criminal damage and arson,Unable to prosecute suspect,
31bcafe2229b3781ad529c68703ad0ad726cf786acf7ccf1612b8b0280de6c41,2024-11,Essex Police,Essex Police,0.782162,51.880416,On or near Parking Area,E01021678,Colchester 010E,Criminal damage and arson,Action to be taken by another organisation,
05a26233cbd8bc81f26aefa511f9db4cd9160cf2b27100e7d5ca41089dd0f460,2024-11,Essex Police,Essex Police,0.792274,51.880383,On or near Francis Court,E01021678,Colchester 010E,Criminal damage and arson,Investigation complete; no suspect identified,
3b1f0e21bce2dcf8379592a1e5f7515c55159ca7698265f50ef6c49509131b46,2024-11,Essex Police,Essex Police,0.782162,51.880416,On or near Parking Area,E01021678,Colchester 010E,Criminal damage and arson,Action to be taken by another organisation,
8af663f9e83db36539245d3fa4ef9217a6b9cecd0609fed1ef8a75fae655f9e0,2024-11,Essex Police,Essex Police,0.784978,51.879423,On or near Petrol Station,E01021678,Colchester 010E,Other theft,Investigation complete; no suspect identified,
08547eb70c5be8457c68601d34293437d5f83a8d74ced4ef680bcac66f6f9144,2024-11,Essex Police,Essex Police,0.784978,51.879423,On or near Petrol Station,E01021678,Colchester 010E,Other theft,Court result unavailable,
03a220bc78a2bf59490e47aabd80d5abca22a969fad0fd13ed46696627cdc462,2024-11,Essex Police,Essex Police,0.784978,51.879423,On or near Petrol Station,E01021678,Colchester 010E,Other theft,Investigation complete; no suspect identified,
c9f969163203f5fca8ac60e204bce4222178b982efb2a1d32f17c6408b16e267,2024-11,Essex Police,Essex Police,0.764571,51.868447,On or near Parking Area,E01021678,Colchester 010E,Possession of weapons,Court result unavailable,
f754d2f2cf20bb10216f272a5508e22f6dc4f48ec4afdcd8c55a0b311c21fc5a,2024-11,Essex Police,Essex Police,0.792274,51.880383,On or near Francis Court,E01021678,Colchester 010E,Vehicle crime,Investigation complete; no suspect identified,
702bc82e97af352a06e9f8fbab6d81dacaf1261c8a3c1d0e4ea5337ab98a2ccc,2024-11,Essex Police,Essex Police,0.784978,51.879423,On or near Petrol Station,E01021678,Colchester 010E,Vehicle crime,Investigation complete; no suspect identified,
00c75b8889d48d9d4b7c0b6a823f37c454f9ec79486891b702656d67158c42ee,2024-11,Essex Police,Essex Police,0.784978,51.879423,On or near Petrol Station,E01021678,Colchester 010E,Vehicle crime,Investigation complete; no suspect identified,
ac17cee8d9ca92866910e907ded5f2d01763af2695fdc8eca6092cca013d6b5a,2024-11,Essex Police,Essex Police,0.782162,51.880416,On or near Parking Area,E01021678,Colchester 010E,Violence and sexual offences,Unable to prosecute suspect,
50a8e3f42d17b576e18e02cf48d4661f3717c39efb39b138623781eb9c59c273,2024-11,Essex Police,Essex Police,0.770773,51.876935,On or near Maybury Close,E01021678,Colchester 010E,Violence and sexual offences,Unable to prosecute suspect,
ca1e097869d1f943824cc730191b8f78319453c7f03e7d7463db5c93d600b0fd,2024-11,Essex Police,Essex Police,0.760047,51.874759,On or near Honywood Close,E01021678,Colchester 010E,Violence and sexual offences,Unable to prosecute suspect,
254ce93c9df1465b7fcf8000a388a7f5b9814755d7584abdd6d27442a1310e77,2024-11,Essex Police,Essex Police,0.782162,51.880416,On or near Parking Area,E01021678,Colchester 010E,Violence and sexual offences,Unable to prosecute suspect,
787ad63001f5bdf35d3b67c9ac80b1d831d0c1b7711ce7d3744da35ddc5f8829,2024-11,Essex Police,Essex Police,0.782162,51.880416,On or near Parking Area,E01021678,Colchester 010E,Violence and sexual offences,Unable to prosecute suspect,
fea6d6fdeade36785a1012fb7a3f2e69f3ddca10ad6859307e75d5c90cf7bc9e,2024-11,Essex Police,Essex Police,0.792274,51.880383,On or near Francis Court,E01021678,Colchester 010E,Violence and sexual offences,Investigation complete; no suspect identified,
095a250cc6f91dc97e8f0cf3875dfc877091a1b561c86ddae0db96049d1b7c37,2024-11,Essex Police,Essex Police,0.782162,51.880416,On or near Parking Area,E01021678,Colchester 010E,Violence and sexual offences,Action to be taken by another organisation,
5724b170b05e2d0aa0c7cb86d72f8288cee85e0aa500d70567db87df3113e457,2024-11,Essex Police,Essex Police,0.775865,51.877764,On or near Sports/Recreation Area,E01021678,Colchester 010E,Other crime,Court result unavailable,
,2024-11,Essex Police,Essex Police,0.823561,51.885725,On or near Meerkat Mews,E01035159,Colchester 010F,Anti-social behaviour,,
d68b74426e51b9b4afda03e442f3986c3d3c2cd31b7c5d9c4441a0d5bb9c4720,2024-11,Essex Police,Essex Police,0.825802,51.885311,On or near B1408,E01035159,Colchester 010F,Bicycle theft,Investigation complete; no suspect identified,
a892fb95073698e3687b290ee617f7bddf5bded22ff360226ccc14ffd6b0aa8e,2024-11,Essex Police,Essex Police,0.833280,51.883135,On or near Christopher Garnett Chase,E01035159,Colchester 010F,Drugs,Local resolution,
fa1446efeaaf00d2075b1e1ee9261d851f730a17300efdc7e79aa42d3d5e77ae,2024-11,Essex Police,Essex Police,0.823302,51.887620,On or near Flamingo Crescent,E01035159,Colchester 010F,Other theft,Investigation complete; no suspect identified,
2d0330e66947a36058825ddffbdc077f18b24afbbfc4177cff7f8fc18121847a,2024-11,Essex Police,Essex Police,0.823432,51.888075,On or near Hyena Drive,E01035159,Colchester 010F,Shoplifting,Investigation complete; no suspect identified,
e3ec3ee15387ed5b1126178da4589bc3256100f4354dec94277d3f71eb2f01f9,2024-11,Essex Police,Essex Police,0.823432,51.888075,On or near Hyena Drive,E01035159,Colchester 010F,Shoplifting,Investigation complete; no suspect identified,
ffc926cf5dca9e391f4f802461cefcb97321fc196394404c9178a0ed001adec9,2024-11,Essex Police,Essex Police,0.823198,51.888288,On or near Lemur Lane,E01035159,Colchester 010F,Shoplifting,Investigation complete; no suspect identified,
a010dd60d43e8b3645c181eaf6aeecab1ccff4ffdc520172e98e7f8d3554195f,2024-11,Essex Police,Essex Police,0.823432,51.888075,On or near Hyena Drive,E01035159,Colchester 010F,Shoplifting,Investigation complete; no suspect identified,
ac2cd61fc4f6c183473a24ca633772241629c20843b7a74d214d9bd21bc5a1ab,2024-11,Essex Police,Essex Police,0.833280,51.883135,On or near Christopher Garnett Chase,E01035159,Colchester 010F,Shoplifting,Unable to prosecute suspect,
27a84215ed92bd4ac40d6f6058b6017e9e15cb2d74f354d56ec2319a10d478f9,2024-11,Essex Police,Essex Police,0.829914,51.882056,On or near Kestrel Drive,E01035159,Colchester 010F,Violence and sexual offences,Investigation complete; no suspect identified,
6f8d8b648729a26a77b8614e3085e739f2bc63def89af4c47336fb809429d313,2024-11,Essex Police,Essex Police,0.822733,51.888047,On or near Cheetah Chase,E01035159,Colchester 010F,Violence and sexual offences,Status update unavailable,
508dc467d1aae0d0c2a1052ce4b16be42e3fbd517eff9f26b87dd93ceeb63937,2024-11,Essex Police,Essex Police,0.823432,51.888075,On or near Hyena Drive,E01035159,Colchester 010F,Violence and sexual offences,Unable to prosecute suspect,
b34c3cc1da78b38d53ef0fe1b17846a4a9294ff34dd5343f1254f43868019d5d,2024-11,Essex Police,Essex Police,0.829914,51.882056,On or near Kestrel Drive,E01035159,Colchester 010F,Violence and sexual offences,Unable to prosecute suspect,
f2eef6d0d8c14a848eefb5a702657d57e466bdbfbf11c1d7f3c92cc45a6285ef,2024-11,Essex Police,Essex Police,0.833280,51.883135,On or near Christopher Garnett Chase,E01035159,Colchester 010F,Violence and sexual offences,Unable to prosecute suspect,
8761ce625af049b393b915680992739b94de7b99260c2a7231ff506ad93dfd2d,2024-11,Essex Police,Essex Police,0.820955,51.886345,On or near Rhino Drive,E01035159,Colchester 010F,Violence and sexual offences,Unable to prosecute suspect,
fae46e7d47f3d810377abe8c165692812a13ca14657b80ce88ff0641cca580bc,2024-11,Essex Police,Essex Police,0.823561,51.885725,On or near Meerkat Mews,E01035159,Colchester 010F,Violence and sexual offences,Status update unavailable,
062dc72138d2423229c73a0ca9561974baa3ef3d5372a947ceb6bf350e421dc8,2024-11,Essex Police,Essex Police,0.829914,51.882056,On or near Kestrel Drive,E01035159,Colchester 010F,Violence and sexual offences,Investigation complete; no suspect identified,
956278182f33b20ec1e3a3099cfc63854a3cc1d6ba5e7190b26c4087f92158d2,2024-11,Essex Police,Essex Police,0.823302,51.887620,On or near Flamingo Crescent,E01035159,Colchester 010F,Violence and sexual offences,Unable to prosecute suspect,
e6964f469a3443e5efc7e9bcd418142214c211b74b8f92b4f028be4ea1dc6257,2024-11,Essex Police,Essex Police,0.823432,51.888075,On or near Hyena Drive,E01035159,Colchester 010F,Violence and sexual offences,Court result unavailable,
76af0c498628a5b3c0664545cddebec28ae782f13057a97a62309d0459e52a9e,2024-11,Essex Police,Essex Police,0.823432,51.888075,On or near Hyena Drive,E01035159,Colchester 010F,Violence and sexual offences,Court result unavailable,
1e91a01cd45063415cc96ba09f4b32db210894d9368aef1f32f5239d3e7102c9,2024-11,Essex Police,Essex Police,0.809750,51.884023,On or near Turkey Cock Lane,E01035159,Colchester 010F,Violence and sexual offences,Unable to prosecute suspect,
8a487787a6abc1a3093a4617fe6cb1e593a8551aefadabb6575ce5e078989b1d,2024-11,Essex Police,Essex Police,0.788598,51.859975,On or near Easthorpe Road,E01035160,Colchester 010G,Burglary,Investigation complete; no suspect identified,
4ee7583e9bf456df3353f909c68fa6741f21fca8448a21da5f9dcee87e1fc340,2024-11,Essex Police,Essex Police,0.788598,51.859975,On or near Easthorpe Road,E01035160,Colchester 010G,Burglary,Investigation complete; no suspect identified,
b6dc8b9d4e6effd1455baa874f9bc28d7a1c66e3db7a3f1583227083397b5e2a,2024-11,Essex Police,Essex Police,0.799756,51.882238,On or near Foundry Lane,E01035160,Colchester 010G,Violence and sexual offences,Unable to prosecute suspect,
,2024-11,Essex Police,Essex Police,0.900636,51.886250,On or near St John'S Green,E01021683,Colchester 011A,Anti-social behaviour,,
,2024-11,Essex Police,Essex Police,0.898424,51.885747,On or near Walsingham Road,E01021683,Colchester 011A,Anti-social behaviour,,
,2024-11,Essex Police,Essex Police,0.901855,51.882378,On or near Sports/Recreation Area,E01021683,Colchester 011A,Anti-social behaviour,,
7a051d969b4767b54d4cd0359557b9dc50050f24c593f93952cddc444e4ec019,2024-11,Essex Police,Essex Police,0.904000,51.882974,On or near Meeanee Mews,E01021683,Colchester 011A,Burglary,Court result unavailable,
b23a6876e7972c92db2455665627a30e467327ee1ea29570a8b11ae684b5f1cb,2024-11,Essex Police,Essex Police,0.896917,51.885595,On or near South Street,E01021683,Colchester 011A,Criminal damage and arson,Investigation complete; no suspect identified,
af2039b9ebbae78436e85eb280d81e02f4eb8b59d820a323620a32d2562f7643,2024-11,Essex Police,Essex Police,0.896917,51.885595,On or near South Street,E01021683,Colchester 011A,Drugs,Unable to prosecute suspect,
32c5edb801164831cdf4e6805ee45eae3a39fc3c84e497d34844551503910887,2024-11,Essex Police,Essex Police,0.903718,51.884681,On or near Petrol Station,E01021683,Colchester 011A,Other theft,Investigation complete; no suspect identified,
9f48e3e149506fb970a7160ec2df0368f7c5f6118e24221017b510aff3be8a46,2024-11,Essex Police,Essex Police,0.903718,51.884681,On or near Petrol Station,E01021683,Colchester 011A,Shoplifting,Investigation complete; no suspect identified,
53078b65e19b022734e82608b5797c2745a1e93c6bf88ff0fcf6f254e57f5580,2024-11,Essex Police,Essex Police,0.903718,51.884681,On or near Petrol Station,E01021683,Colchester 011A,Shoplifting,Unable to prosecute suspect,
a6069c6337e6193fb368159cd3bd6714091853b3251e8e9f8c643054c6d0f4e8,2024-11,Essex Police,Essex Police,0.901091,51.884054,On or near Emperor Road,E01021683,Colchester 011A,Vehicle crime,Investigation complete; no suspect identified,
150640fb12bd17932dafa1b88f8af13efff078ccdbf11f0fe7033fed3169ae35,2024-11,Essex Police,Essex Police,0.896917,51.885595,On or near South Street,E01021683,Colchester 011A,Vehicle crime,Investigation complete; no suspect identified,
9eb6011facf5d49fcbbbdecb4da2c54174682e79deb0cafcd2bdbd8ac1e661d6,2024-11,Essex Police,Essex Police,0.904627,51.884353,On or near Fairfax Road,E01021683,Colchester 011A,Violence and sexual offences,Unable to prosecute suspect,
,2024-11,Essex Police,Essex Police,0.914037,51.879300,On or near Beche Road,E01021684,Colchester 011B,Anti-social behaviour,,
02ad55878436331c23f8dc91d4f1ab11d396f457d938d3b373920ec99b2cac87,2024-11,Essex Police,Essex Police,0.905340,51.879632,On or near Supermarket,E01021684,Colchester 011B,Criminal damage and arson,Investigation complete; no suspect identified,
d307a8cf19f172e29288b92bfd7f4d2079a4c2e9cfa6649d4f29ad6a4793dbd9,2024-11,Essex Police,Essex Police,0.909222,51.879446,On or near Barrington Road,E01021684,Colchester 011B,Other theft,Formal action is not in the public interest,
3a6ddf5a1a6ae040e528a7bff619aeb17542cd33d89e84417a593f64da3ae893,2024-11,Essex Police,Essex Police,0.905340,51.879632,On or near Supermarket,E01021684,Colchester 011B,Shoplifting,Unable to prosecute suspect,
47134008b5905433812a3ba9b5fe58b15f6014a2a021add734beaa89c5762c19,2024-11,Essex Police,Essex Police,0.905340,51.879632,On or near Supermarket,E01021684,Colchester 011B,Shoplifting,Unable to prosecute suspect,
969bc33740b3b999224d06d93d1c9be6e29e59a4401ce98477e8276966afa17c,2024-11,Essex Police,Essex Police,0.905340,51.879632,On or near Supermarket,E01021684,Colchester 011B,Shoplifting,Unable to prosecute suspect,
13cc78f3df17af90c47003f12515183385f2882e9f138d464bcbbd23518a8831,2024-11,Essex Police,Essex Police,0.905340,51.879632,On or near Supermarket,E01021684,Colchester 011B,Shoplifting,Court result unavailable,
5d4a0b920b6a0e532abec8dd12c66cb4aab3259dbaf4ca69fe689fcf99bdcb5d,2024-11,Essex Police,Essex Police,0.905592,51.879801,On or near Supermarket,E01021684,Colchester 011B,Shoplifting,Investigation complete; no suspect identified,
4dd2309eaf336dbe6374e60b089e81fbcb218d017e5f39096ec880bb0be67a9e,2024-11,Essex Police,Essex Police,0.905340,51.879632,On or near Supermarket,E01021684,Colchester 011B,Shoplifting,Investigation complete; no suspect identified,
d901f7671c83a3cb62d88890913918793806a54fe842b4ef7c91878c2d13a792,2024-11,Essex Police,Essex Police,0.905592,51.879801,On or near Supermarket,E01021684,Colchester 011B,Shoplifting,Unable to prosecute suspect,
755cc111eb63c59e084a7137a90abb4f728e5529285d85301c914dc08e7f4e84,2024-11,Essex Police,Essex Police,0.905340,51.879632,On or near Supermarket,E01021684,Colchester 011B,Shoplifting,Investigation complete; no suspect identified,
3b478d68e535145d376b2879c0f0fd9537525226faa2617e85069a97ecb7a34c,2024-11,Essex Police,Essex Police,0.905340,51.879632,On or near Supermarket,E01021684,Colchester 011B,Shoplifting,Court result unavailable,
6f2febc67b802bf658061ce9b18d53f04c37bac1d12fdc8d7cadf2bc3cabe98e,2024-11,Essex Police,Essex Police,0.905592,51.879801,On or near Supermarket,E01021684,Colchester 011B,Shoplifting,Investigation complete; no suspect identified,
e4eefe09f192196ae078feda1477d138bd13fb8c5ca86493d3d27d04ee96986b,2024-11,Essex Police,Essex Police,0.905340,51.879632,On or near Supermarket,E01021684,Colchester 011B,Shoplifting,Investigation complete; no suspect identified,
dc36a95ceb5db5b25b9b199804c6826df1ddb9dbaac49740957524a3b9822b69,2024-11,Essex Police,Essex Police,0.905340,51.879632,On or near Supermarket,E01021684,Colchester 011B,Shoplifting,Court result unavailable,
e81664162328b6b8f6f49cc1bee5a713859a5c0bed4198beea93fad447464bb7,2024-11,Essex Police,Essex Police,0.905340,51.879632,On or near Supermarket,E01021684,Colchester 011B,Shoplifting,Court result unavailable,
02401879ecbe5602d3f1956b6fc4224f8d30322f2c0056f294507f5cd7313e45,2024-11,Essex Police,Essex Police,0.905340,51.879632,On or near Supermarket,E01021684,Colchester 011B,Shoplifting,Court result unavailable,
4e8b579f45cad034adedcbf7554a25f21555dbd57760a807977e6496fa372d5c,2024-11,Essex Police,Essex Police,0.905340,51.879632,On or near Supermarket,E01021684,Colchester 011B,Shoplifting,Investigation complete; no suspect identified,
f637bd27fd260b870894c614756b67c217b291b16b097290858a0eecee01ffdd,2024-11,Essex Police,Essex Police,0.905340,51.879632,On or near Supermarket,E01021684,Colchester 011B,Shoplifting,Court result unavailable,
a9b8afe98b19ad6e0c819627f3618f412555ce496529f2a1a56cc282e77b5ef4,2024-11,Essex Police,Essex Police,0.905340,51.879632,On or near Supermarket,E01021684,Colchester 011B,Shoplifting,Court result unavailable,
e7ff38e8cfa5e3d3d69c8cd629f6a260f9212544a9b575ad9f1dc2819bfcec13,2024-11,Essex Police,Essex Police,0.905340,51.879632,On or near Supermarket,E01021684,Colchester 011B,Shoplifting,Court result unavailable,
a16b1cfe36e7299276b92b7a19a9646a5c3262259f0539dd84c71a1fc0c625a0,2024-11,Essex Police,Essex Police,0.905340,51.879632,On or near Supermarket,E01021684,Colchester 011B,Shoplifting,Court result unavailable,
5489983dc69d0c456004a2441381b61ce4fa37858ef472d469f2706118652aed,2024-11,Essex Police,Essex Police,0.905340,51.879632,On or near Supermarket,E01021684,Colchester 011B,Shoplifting,Investigation complete; no suspect identified,
217749ec600a7f7522b11dd9ef17b586d6177665d79549cf77fa827775bc731a,2024-11,Essex Police,Essex Police,0.906612,51.879762,On or near Campion Road,E01021684,Colchester 011B,Vehicle crime,Court result unavailable,
fa9b5b56bbda3417f235b7a6ee7af3aba131e476fce580b1daf749f5c69675f0,2024-11,Essex Police,Essex Police,0.907072,51.879220,On or near Claudius Road,E01021684,Colchester 011B,Violence and sexual offences,Action to be taken by another organisation,
269112e06288b7ccf6a0c06e0f427dac069ee7098111b394abcb8e69b1cbc570,2024-11,Essex Police,Essex Police,0.909222,51.879446,On or near Barrington Road,E01021684,Colchester 011B,Violence and sexual offences,Status update unavailable,
bb80a841c9e9312be55051687cecad63e12e17bf7ff16cb134dd4221642978a7,2024-11,Essex Police,Essex Police,0.918937,51.882254,On or near Port Lane,E01021687,Colchester 011E,Criminal damage and arson,Local resolution,
78ed264ef2def0ebdb2b34056e4b87d6102c75734fcb3981ca019868192fc916,2024-11,Essex Police,Essex Police,0.914020,51.883968,On or near Supermarket,E01021687,Colchester 011E,Other theft,Investigation complete; no suspect identified,
48e30e5be73a07dbb998c15858c9b7ba4b15e2ac6abe79324f57700ea7824f29,2024-11,Essex Police,Essex Police,0.918937,51.882254,On or near Port Lane,E01021687,Colchester 011E,Other theft,Investigation complete; no suspect identified,
b244b1dfc955c4eb161c374dcd7cddff258981c2666e8a6c5de3e26758d58694,2024-11,Essex Police,Essex Police,0.914020,51.883968,On or near Supermarket,E01021687,Colchester 011E,Robbery,Investigation complete; no suspect identified,
4d87d299420b7bbd6c791091b5f214a024d2efbb250a2dbb9b67e1bc5c25025b,2024-11,Essex Police,Essex Police,0.915007,51.883062,On or near King Stephen Road,E01021687,Colchester 011E,Robbery,Investigation complete; no suspect identified,
d9cfab33fb776c0fc058af6c77348ba4311434693c9618519a1ee78cc520936b,2024-11,Essex Police,Essex Police,0.914020,51.883968,On or near Supermarket,E01021687,Colchester 011E,Shoplifting,Unable to prosecute suspect,
ada723db8a02cd256515fa5609e81a22e29c81851e0161675c26be9baca86ce8,2024-11,Essex Police,Essex Police,0.914020,51.883968,On or near Supermarket,E01021687,Colchester 011E,Shoplifting,Court result unavailable,
d914e4dd5e1b73b23e47f340bc716bbff3e0004b281c33066baf140dc20ab79f,2024-11,Essex Police,Essex Police,0.914020,51.883968,On or near Supermarket,E01021687,Colchester 011E,Shoplifting,Court result unavailable,
102c73dd3da2377826ba470e37798ba85dca29656fdc12d8cdba4c2a8b79869e,2024-11,Essex Police,Essex Police,0.914020,51.883968,On or near Supermarket,E01021687,Colchester 011E,Shoplifting,Investigation complete; no suspect identified,
5e709c708ee7bacdb7ded437724e7b056449a28a8645555039813f5b9bb021f5,2024-11,Essex Police,Essex Police,0.911149,51.884525,On or near Kendall Road,E01021687,Colchester 011E,Shoplifting,Unable to prosecute suspect,
4a54ca5c5cdd2a6d69b3d268c01d4458f51fbeca8bc73ffaf3ec69948404a503,2024-11,Essex Police,Essex Police,0.914020,51.883968,On or near Supermarket,E01021687,Colchester 011E,Shoplifting,Court result unavailable,
27cecea03080642621e3f6dcf1a89d2ac5a254fab249d6784d2efc102787fa47,2024-11,Essex Police,Essex Police,0.914020,51.883968,On or near Supermarket,E01021687,Colchester 011E,Shoplifting,Unable to prosecute suspect,
a4fd9db49b8afd8c7e95e732cb32bc30117f087587e10ad3274b9f0cf27eff11,2024-11,Essex Police,Essex Police,0.916109,51.883466,On or near Coalville Mews,E01021687,Colchester 011E,Violence and sexual offences,Unable to prosecute suspect,
b42b68fc4d8652611a25cfc62c365405e4c019a2459f1f0e41b5bf7aeb06b740,2024-11,Essex Police,Essex Police,0.918011,51.883896,On or near New Park Street,E01021687,Colchester 011E,Violence and sexual offences,Unable to prosecute suspect,
f5835ea2c58ba80e7843e7abcf87b9c0db0be3f7b833416f05967bad4aa06a40,2024-11,Essex Police,Essex Police,0.912434,51.882820,On or near Gladstone Road,E01021687,Colchester 011E,Violence and sexual offences,Action to be taken by another organisation,
3f71e17826c9bb55ef16b29ab1e8c88d004d33fb7b428d76cd989d59a2270cf5,2024-11,Essex Police,Essex Police,0.912434,51.882820,On or near Gladstone Road,E01021687,Colchester 011E,Violence and sexual offences,Action to be taken by another organisation,
a49afe245f70d4d18dcb5b76a7ee2fd4cb99b815dd09645e3d6568a9b716a171,2024-11,Essex Police,Essex Police,0.914020,51.883968,On or near Supermarket,E01021687,Colchester 011E,Violence and sexual offences,Unable to prosecute suspect,
fe6b6befa90727f918e59cff69feb24455acece22a65e0cf95bebcdd271a0529,2024-11,Essex Police,Essex Police,0.915007,51.883062,On or near King Stephen Road,E01021687,Colchester 011E,Violence and sexual offences,Unable to prosecute suspect,
b9ac4b6513f3af3b48a9ed839f8acfad472b1dc80fb30144116b9f95f41d9f27,2024-11,Essex Police,Essex Police,0.912434,51.882820,On or near Gladstone Road,E01021687,Colchester 011E,Violence and sexual offences,Action to be taken by another organisation,
fcd9a7de3d8fc533cdc8b1f24daa3286efc6767f33ef311187e6ffc25ea5c48b,2024-11,Essex Police,Essex Police,0.912434,51.882820,On or near Gladstone Road,E01021687,Colchester 011E,Violence and sexual offences,Action to be taken by another organisation,
ab17bc8e8990c08ac6840b6a38e152d2503314b8c9042cac5c7e018c331b01d7,2024-11,Essex Police,Essex Police,0.912434,51.882820,On or near Gladstone Road,E01021687,Colchester 011E,Violence and sexual offences,Action to be taken by another organisation,
ceb257c754817cce836c2f18b1a6204220c3ccf67a0ad142b9d7880ac08a3192,2024-11,Essex Police,Essex Police,0.912434,51.882820,On or near Gladstone Road,E01021687,Colchester 011E,Violence and sexual offences,Action to be taken by another organisation,
f289341a9df44a18297a66214cbb61a3cfb5be5ccda503d20ddc5e4921cb7e08,2024-11,Essex Police,Essex Police,0.916109,51.883466,On or near Coalville Mews,E01021687,Colchester 011E,Violence and sexual offences,Investigation complete; no suspect identified,
3ab30b014325e7ae92e76220f6d85f7a0696ebc4bddce80d60a2a6e88eceec3a,2024-11,Essex Police,Essex Police,0.914020,51.883968,On or near Supermarket,E01021687,Colchester 011E,Violence and sexual offences,Action to be taken by another organisation,
,2024-11,Essex Police,Essex Police,0.911737,51.881029,On or near Myrtle Grove,E01021688,Colchester 011F,Anti-social behaviour,,
b1855555a44f72f1ce0dcd3ef3613b07af6413b7c6cd45792a7aecc83dca4c0f,2024-11,Essex Police,Essex Police,0.916369,51.881868,On or near Harsnett Road,E01021688,Colchester 011F,Public order,Unable to prosecute suspect,
e0920315c90755a3093d7ebf0d73724cc9ba07b319d787edd396d2c9a516f56b,2024-11,Essex Police,Essex Police,0.916369,51.881868,On or near Harsnett Road,E01021688,Colchester 011F,Violence and sexual offences,Unable to prosecute suspect,
f74146055cb1a965a680dea68dd65a4ecf0f65c2db5288d3c068c8b78dc7d1a7,2024-11,Essex Police,Essex Police,0.909136,51.883063,On or near Military Road,E01021688,Colchester 011F,Violence and sexual offences,Investigation complete; no suspect identified,
21b686557608411bc22b5cff7e425a4d3b5bca129f7896b233ce3e9b52ff0a75,2024-11,Essex Police,Essex Police,0.909014,51.880503,On or near Lisle Road,E01021688,Colchester 011F,Violence and sexual offences,Action to be taken by another organisation,
05207ab14471761daa7a0d6d66a4678a807782a1b64ad340241528dcdcb73f6c,2024-11,Essex Police,Essex Police,0.916369,51.881868,On or near Harsnett Road,E01021688,Colchester 011F,Violence and sexual offences,Unable to prosecute suspect,
3e29312ecd23bbb44fb92e99a973be2e62be6a86f34f1cf1a8b6b4982e581d3c,2024-11,Essex Police,Essex Police,0.909014,51.880503,On or near Lisle Road,E01021688,Colchester 011F,Violence and sexual offences,Unable to prosecute suspect,
a3306c030e042273cbaf33fda5dd0deacb6965c77de68f5760ab374d7d3359fe,2024-11,Essex Police,Essex Police,0.916462,51.886452,On or near Cross Cut Court,E01035161,Colchester 011G,Bicycle theft,Investigation complete; no suspect identified,
f72b6f6eb66d1c0868d87fbe6fdd96b4b1aa61cd53bed0abed49e35cd8184181,2024-11,Essex Police,Essex Police,0.916462,51.886452,On or near Cross Cut Court,E01035161,Colchester 011G,Burglary,Investigation complete; no suspect identified,
eb57ac47517dbefaba308e94d37ea014e77528b2d1cab47b38e1a2a0b0fd1679,2024-11,Essex Police,Essex Police,0.913180,51.885823,On or near Simons Lane Magdalen Green,E01035161,Colchester 011G,Criminal damage and arson,Investigation complete; no suspect identified,
70a6814247ffb47c0492226495caef4438a040556df3e122898cd07ae99099c0,2024-11,Essex Police,Essex Police,0.913180,51.885823,On or near Simons Lane Magdalen Green,E01035161,Colchester 011G,Criminal damage and arson,Investigation complete; no suspect identified,
64ff325b5bdfa10dc160ba263938ba7c1c725a12f043f26b211c4701a18ac180,2024-11,Essex Police,Essex Police,0.910439,51.885900,On or near George Williams Way,E01035161,Colchester 011G,Criminal damage and arson,Investigation complete; no suspect identified,
51a23bbe4efcff4bf21ceccbc09bd06606aee3ef901f81c2e679ef07786668eb,2024-11,Essex Police,Essex Police,0.908996,51.885273,On or near Supermarket,E01035161,Colchester 011G,Drugs,Local resolution,
9cee1e62937f69742ab145b7ad55fe20056c8a3248b83774e6f466b6b3246f91,2024-11,Essex Police,Essex Police,0.908996,51.885273,On or near Supermarket,E01035161,Colchester 011G,Drugs,Local resolution,
0b9a883e71e4004126ea18a266e2e2cca36693ef5797242b8eecc2b3f21bbe75,2024-11,Essex Police,Essex Police,0.916252,51.885001,On or near Barrack Street,E01035161,Colchester 011G,Drugs,Local resolution,
adbc5e4b3ebd3773fd775d928315d46509fa3499e6353afa82a04264c71e2ec7,2024-11,Essex Police,Essex Police,0.908996,51.885273,On or near Supermarket,E01035161,Colchester 011G,Drugs,Offender given a caution,
3e1bc0d13be6a2ac1ac5dbc0b24ab28e82e4efa50447c827568e727936373906,2024-11,Essex Police,Essex Police,0.908996,51.885273,On or near Supermarket,E01035161,Colchester 011G,Other theft,Investigation complete; no suspect identified,
fbc4c3f85db8c03a3a6684476c34477c3be4a89cbf22eff608f67e46f858ad2c,2024-11,Essex Police,Essex Police,0.908996,51.885273,On or near Supermarket,E01035161,Colchester 011G,Possession of weapons,Unable to prosecute suspect,
b4744ad9635e3c800c400df8a15b4d9c59cfa2fc1142fba5e0e2a399062539a3,2024-11,Essex Police,Essex Police,0.913180,51.885823,On or near Simons Lane Magdalen Green,E01035161,Colchester 011G,Public order,Unable to prosecute suspect,
800b435614d0a64c5020082c1edaedce407edd9fce5209b0f028c19dc7af760c,2024-11,Essex Police,Essex Police,0.908996,51.885273,On or near Supermarket,E01035161,Colchester 011G,Shoplifting,Investigation complete; no suspect identified,
48ced6bfcfcd7e5923c194d5f16de500eb12faed9af7ddc6143afed619f1f7cb,2024-11,Essex Police,Essex Police,0.908996,51.885273,On or near Supermarket,E01035161,Colchester 011G,Shoplifting,Investigation complete; no suspect identified,
d5a4e588caf6dd504cd150bb4f9a2dd0436d1821932111fd9c10bbfed45633d2,2024-11,Essex Police,Essex Police,0.908996,51.885273,On or near Supermarket,E01035161,Colchester 011G,Shoplifting,Investigation complete; no suspect identified,
b1355f3e97c69a39d3fdc6af071e60b2e96716cb355df1f6908c144cd730e3c7,2024-11,Essex Police,Essex Police,0.908996,51.885273,On or near Supermarket,E01035161,Colchester 011G,Shoplifting,Investigation complete; no suspect identified,
cbb9a612a3528aa89eb3a6e5f6474e7db95db52cc87e797e1536856ba5afed39,2024-11,Essex Police,Essex Police,0.908996,51.885273,On or near Supermarket,E01035161,Colchester 011G,Shoplifting,Investigation complete; no suspect identified,
e765ccdb84a5cb331881997fc7565091ad5996abd79e1c6c3643655b6d0e9720,2024-11,Essex Police,Essex Police,0.915465,51.884301,On or near Cannon Road,E01035161,Colchester 011G,Violence and sexual offences,Unable to prosecute suspect,
620571d99df8521ab55f5ef7ec7861117b9a3e1374f26a85f0ad3fbba5615dab,2024-11,Essex Police,Essex Police,0.908842,51.885490,On or near Magdalen Street,E01035161,Colchester 011G,Violence and sexual offences,Unable to prosecute suspect,
bd65c4418090c60dcec2d6da283f0178b5d9b59aa5219a37370c1a131132bc12,2024-11,Essex Police,Essex Police,0.907626,51.883982,On or near Mill Street,E01035162,Colchester 011H,Drugs,Unable to prosecute suspect,
84c1fed7be726cf915d2019556d0609c597c42ccb3d221fb79d8691db51e7bac,2024-11,Essex Police,Essex Police,0.910002,51.883636,On or near Winnock Road,E01035162,Colchester 011H,Violence and sexual offences,Offender given a caution,
c2fe2e20dd6ff02590c9b6c9014721a9fb387323c37061b856daed4919b0bda4,2024-11,Essex Police,Essex Police,0.907626,51.883982,On or near Mill Street,E01035162,Colchester 011H,Violence and sexual offences,Unable to prosecute suspect,
e070612c43d23185076d5f9a983ca666de4243c804c75ebd990b9eba7558e65a,2024-11,Essex Police,Essex Police,0.910002,51.883636,On or near Winnock Road,E01035162,Colchester 011H,Violence and sexual offences,Unable to prosecute suspect,
b29695214dff7afecb7cc0250bff578ff5b232a5d86deb1b0b82f14a5d8209eb,2024-11,Essex Police,Essex Police,0.910002,51.883636,On or near Winnock Road,E01035162,Colchester 011H,Violence and sexual offences,Unable to prosecute suspect,
78181e2de9b7f1d438db913798c21f110930850b1c591d54a17ad64e158cf2ea,2024-11,Essex Police,Essex Police,0.921426,51.885007,On or near Connaught Close,E01035163,Colchester 011I,Bicycle theft,Investigation complete; no suspect identified,
b5819622e54dad4a74adf04c4f082598283b89c60ce579629ed4a9ab8d89c4c0,2024-11,Essex Police,Essex Police,0.921708,51.882860,On or near Peache Road,E01035163,Colchester 011I,Criminal damage and arson,Investigation complete; no suspect identified,
b01ea92fd2f2fc22539ab21b65c23b238f8c499c724183e279bcf07ee48939ff,2024-11,Essex Police,Essex Police,0.916536,51.880727,On or near Sports/Recreation Area,E01035163,Colchester 011I,Drugs,Local resolution,
ff5ef247188e751cbd161312d3775bf6a5426c8e6b1ae461fcfa0d502836a81a,2024-11,Essex Police,Essex Police,0.920276,51.884073,On or near St Leonard'S Road,E01035163,Colchester 011I,Drugs,Investigation complete; no suspect identified,
39563682ca257be8fcd2d3851763d3a7907e6e56a939831c9650baf64d1d82c6,2024-11,Essex Police,Essex Police,0.922513,51.884512,On or near Hythe Hill,E01035163,Colchester 011I,Other theft,Investigation complete; no suspect identified,
23a4e39bb26dd5c2b86d334f49912f3e74d39b2c107f1f412e8f1e5a9927401e,2024-11,Essex Police,Essex Police,0.916536,51.880727,On or near Sports/Recreation Area,E01035163,Colchester 011I,Public order,Unable to prosecute suspect,
b26d787b20a8cece26c11f5c21905749b19ede317ef9f1a071eb6395c23a7f30,2024-11,Essex Police,Essex Police,0.916536,51.880727,On or near Sports/Recreation Area,E01035163,Colchester 011I,Public order,Investigation complete; no suspect identified,
43d69247b105e9f94a3eb98f7c315839c21e6f73386c6d3a0850f158baeb05e3,2024-11,Essex Police,Essex Police,0.921708,51.882860,On or near Peache Road,E01035163,Colchester 011I,Vehicle crime,Investigation complete; no suspect identified,
2e1736b13b3b59c689d399e7541350354eb0d1469773c76346dbd8e032bdf16c,2024-11,Essex Police,Essex Police,0.921426,51.885007,On or near Connaught Close,E01035163,Colchester 011I,Violence and sexual offences,Investigation complete; no suspect identified,
5c33b3e2ea5d42da748b97aedc5f3e7c82f54aeff89858e87f87f01f4a2abc41,2024-11,Essex Police,Essex Police,0.922513,51.884512,On or near Hythe Hill,E01035163,Colchester 011I,Violence and sexual offences,Unable to prosecute suspect,
,2024-11,Essex Police,Essex Police,0.923647,51.886076,On or near Jennings Close,E01035164,Colchester 011J,Anti-social behaviour,,
,2024-11,Essex Police,Essex Police,0.925306,51.883661,On or near Maudlyn Road,E01035164,Colchester 011J,Anti-social behaviour,,
,2024-11,Essex Police,Essex Police,0.926475,51.882633,On or near Hythe Quay,E01035164,Colchester 011J,Anti-social behaviour,,
,2024-11,Essex Police,Essex Police,0.925306,51.883661,On or near Maudlyn Road,E01035164,Colchester 011J,Anti-social behaviour,,
,2024-11,Essex Police,Essex Police,0.927883,51.879702,On or near Supermarket,E01035164,Colchester 011J,Anti-social behaviour,,
a0cd7698234266b1399c5596dff07ea12987e10d1df6f2056ff43555ce97cae1,2024-11,Essex Police,Essex Police,0.925306,51.883661,On or near Maudlyn Road,E01035164,Colchester 011J,Burglary,Court result unavailable,
6cf9ebf86ece4848895cf43aeae2557ba4b4c82f24864dfbf6b285858f1d8c0d,2024-11,Essex Police,Essex Police,0.924291,51.881671,On or near Hatcher Crescent,E01035164,Colchester 011J,Burglary,Investigation complete; no suspect identified,
b3869b5fc7bed5137e807404a0f076053cbb4134847ee49d8fcdf46380d03b7c,2024-11,Essex Police,Essex Police,0.923280,51.885582,On or near Geoff Seaden Close,E01035164,Colchester 011J,Other theft,Unable to prosecute suspect,
ef1feb444324cc013d72b12727ea23b54ebddb92400e10b4038a495ec593f770,2024-11,Essex Police,Essex Police,0.927883,51.879702,On or near Supermarket,E01035164,Colchester 011J,Other theft,Investigation complete; no suspect identified,
19a9b24d798b544df6817ecc3d3bfc48ab69cc5f2be012de6e76ddc7790d1e59,2024-11,Essex Police,Essex Police,0.925306,51.883661,On or near Maudlyn Road,E01035164,Colchester 011J,Other theft,Investigation complete; no suspect identified,
841d76cd17ef8970cbac888d0ddc47c9684292d9c1d04a75a1945c9f65d2c781,2024-11,Essex Police,Essex Police,0.927883,51.879702,On or near Supermarket,E01035164,Colchester 011J,Vehicle crime,Investigation complete; no suspect identified,
0300ecdc6b59c5901dd32d28b583365c0ecd80435943884ab8afaaa3acae8ed6,2024-11,Essex Police,Essex Police,0.923280,51.885582,On or near Geoff Seaden Close,E01035164,Colchester 011J,Vehicle crime,Unable to prosecute suspect,
0ae51208c60dbfbafb31f686fa6634ae4131031edd58ac8015b29fe76204681f,2024-11,Essex Police,Essex Police,0.924816,51.885067,On or near Farrington Close,E01035164,Colchester 011J,Violence and sexual offences,Unable to prosecute suspect,
1d702776badb6b1e632622aaafce58443f0254a9a99f71755207908d2d544e49,2024-11,Essex Police,Essex Police,0.923410,51.883330,On or near Ventura Drive,E01035164,Colchester 011J,Violence and sexual offences,Action to be taken by another organisation,
1048640152fadcb02de03f852c0a6328ac3c8c0557f4ed4b20345d10f99bca45,2024-11,Essex Police,Essex Police,0.924223,51.885099,On or near Spurgeon Street,E01035164,Colchester 011J,Violence and sexual offences,Unable to prosecute suspect,
02abb86e81667a058256bbb4d2487604d777c60df8e2d8f46cbadc757eac197f,2024-11,Essex Police,Essex Police,0.925260,51.882277,On or near Hesper Road,E01035164,Colchester 011J,Violence and sexual offences,Court result unavailable,
3be2032c9d49c9164ddeb2175da3434e24fe043fa87bca89e7473f8b1cef0c60,2024-11,Essex Police,Essex Police,0.925260,51.882277,On or near Hesper Road,E01035164,Colchester 011J,Violence and sexual offences,Unable to prosecute suspect,
d777e7ffa6faee558d83740b3bdf3a6149e461367217ff348127ddd1040d40f3,2024-11,Essex Police,Essex Police,0.925306,51.883661,On or near Maudlyn Road,E01035164,Colchester 011J,Violence and sexual offences,Status update unavailable,
,2024-11,Essex Police,Essex Police,0.833582,51.884234,On or near Parking Area,E01021718,Colchester 012A,Anti-social behaviour,,
,2024-11,Essex Police,Essex Police,0.828559,51.891720,On or near Darina Court,E01021718,Colchester 012A,Anti-social behaviour,,
15b28160edda9e54690479adf2f094ad8f280c1c9c4d9918ab37ec57fc57e5ea,2024-11,Essex Police,Essex Police,0.830178,51.888111,On or near Essex Yeomanry Way,E01021718,Colchester 012A,Burglary,Unable to prosecute suspect,
3fc9c77d422f0c19876bc754867dc8d202e0998bbf4b3ee727faf607a54266e8,2024-11,Essex Police,Essex Police,0.830178,51.888111,On or near Essex Yeomanry Way,E01021718,Colchester 012A,Burglary,Investigation complete; no suspect identified,
e6d0f39365d1226818edeec83331842cea6ca46cdf33de0084fb1e2cf11dc3d7,2024-11,Essex Police,Essex Police,0.830178,51.888111,On or near Essex Yeomanry Way,E01021718,Colchester 012A,Burglary,Investigation complete; no suspect identified,
428c46b0c73a8ac77a20abb80dad8278e2791787488750a5504ce096b96f821a,2024-11,Essex Police,Essex Police,0.830178,51.888111,On or near Essex Yeomanry Way,E01021718,Colchester 012A,Burglary,Investigation complete; no suspect identified,
f4deb08d31bd7b15ba8a6cabf66a2d7b68bdc4c43d70e5cc5b7b1179277f25b9,2024-11,Essex Police,Essex Police,0.837857,51.893952,On or near Lacewing Green,E01021718,Colchester 012A,Burglary,Investigation complete; no suspect identified,
1ee5c5460bac40228332ff12f502813693d6737fb48c43e833fdf4e73d1e9cc7,2024-11,Essex Police,Essex Police,0.833582,51.884234,On or near Parking Area,E01021718,Colchester 012A,Criminal damage and arson,Investigation complete; no suspect identified,
8fa56988e48451cc215dc4d3991e853919c3913f6f3d99f7fdb6661a3f0b5ee8,2024-11,Essex Police,Essex Police,0.836020,51.893402,On or near Butterfly Trail,E01021718,Colchester 012A,Other theft,Investigation complete; no suspect identified,
0175991e233fea8827804fce64cbd2fd1f98f92f184d9532fe2db785b61f23b3,2024-11,Essex Police,Essex Police,0.830178,51.888111,On or near Essex Yeomanry Way,E01021718,Colchester 012A,Other theft,Investigation complete; no suspect identified,
fb6a7f5314decf7b51412f84548b4c5cd146b6d9844b9ca42bdead2dd4aae773,2024-11,Essex Police,Essex Police,0.833582,51.884234,On or near Parking Area,E01021718,Colchester 012A,Public order,Investigation complete; no suspect identified,
0c952c3c41f8cdae2581d9a6072609c14995d301072b96589baf64bf75cd301b,2024-11,Essex Police,Essex Police,0.838091,51.892138,On or near Tudor Rose Close,E01021718,Colchester 012A,Public order,Unable to prosecute suspect,
1b5bad100ea444e99b7d45cca4526c684501723ad8e97ea274798fb50b775530,2024-11,Essex Police,Essex Police,0.830178,51.888111,On or near Essex Yeomanry Way,E01021718,Colchester 012A,Shoplifting,Unable to prosecute suspect,
5c77a4f6817d3b5785128085fb47db72fd42a665a925589ab2c9c3a76d5c0fab,2024-11,Essex Police,Essex Police,0.830178,51.888111,On or near Essex Yeomanry Way,E01021718,Colchester 012A,Shoplifting,Court result unavailable,
5282ba0368fbc1f7181e126a8276620b9ca6c56d8d4ef0fed1575a0a41246eb9,2024-11,Essex Police,Essex Police,0.830178,51.888111,On or near Essex Yeomanry Way,E01021718,Colchester 012A,Shoplifting,Unable to prosecute suspect,
66620732ea0344ac21badf8a5e419a55c106f5ac3f6fd772af58f9aebccbdad3,2024-11,Essex Police,Essex Police,0.830178,51.888111,On or near Essex Yeomanry Way,E01021718,Colchester 012A,Shoplifting,Local resolution,
fa76d00d4026371edd772be279f3ff0eb55e61454f41170ee4f80a9b5a94d6f5,2024-11,Essex Police,Essex Police,0.830178,51.888111,On or near Essex Yeomanry Way,E01021718,Colchester 012A,Shoplifting,Court result unavailable,
d1055e1f4039294f5b00129bc117ecfba69a8933fcacfc1890a6acb4c97e606e,2024-11,Essex Police,Essex Police,0.833582,51.884234,On or near Parking Area,E01021718,Colchester 012A,Shoplifting,Investigation complete; no suspect identified,
05df2fe6c4a88f2c894cac7ba2e5225231cb4064b5e3641fc097b8bf9e5d29bf,2024-11,Essex Police,Essex Police,0.830178,51.888111,On or near Essex Yeomanry Way,E01021718,Colchester 012A,Shoplifting,Local resolution,
ec6e02e2173676d24caba30a229ea8e9dbd0c3b468dcb94667d7a55204ff53a6,2024-11,Essex Police,Essex Police,0.830178,51.888111,On or near Essex Yeomanry Way,E01021718,Colchester 012A,Shoplifting,Court result unavailable,
3bbfeba56ad91228fd8670cc3f0ea725cd713022c6d27d071cefa2516694f820,2024-11,Essex Police,Essex Police,0.830178,51.888111,On or near Essex Yeomanry Way,E01021718,Colchester 012A,Shoplifting,Court result unavailable,
46a2a094059de2791e5da5b15dac3f6f3b3f4e2f32d2a8365ae8b1861605f3ed,2024-11,Essex Police,Essex Police,0.830178,51.888111,On or near Essex Yeomanry Way,E01021718,Colchester 012A,Violence and sexual offences,Unable to prosecute suspect,
1338250f16657b30b749e0893df7951912e737ce80bea2ba636315c5d1b34aa8,2024-11,Essex Police,Essex Police,0.830178,51.888111,On or near Essex Yeomanry Way,E01021718,Colchester 012A,Violence and sexual offences,Court result unavailable,
9b0e772f5d03e93af5004ae05a619f479138fe4e1e579a5a654077be2e40dc4a,2024-11,Essex Police,Essex Police,0.830366,51.889015,On or near Meadow Grass Close,E01021718,Colchester 012A,Violence and sexual offences,Unable to prosecute suspect,
74d973063d0a71ee85b1f407108efe0c32a434d97fb7843069ccc5b46e437f91,2024-11,Essex Police,Essex Police,0.838091,51.892138,On or near Tudor Rose Close,E01021718,Colchester 012A,Violence and sexual offences,Unable to prosecute suspect,
7bae2600c3299ef1871aade76755bbebf7af53a94de3d63b64ea4deb3025f57a,2024-11,Essex Police,Essex Police,0.832081,51.888785,On or near Marram Close,E01021718,Colchester 012A,Violence and sexual offences,Unable to prosecute suspect,
366c265ae518fabbe8693cb6b29e4bae57c3ff4b82c88b8b7ec853a16f1a9f1e,2024-11,Essex Police,Essex Police,0.832081,51.888785,On or near Marram Close,E01021718,Colchester 012A,Violence and sexual offences,Unable to prosecute suspect,
8689cf5e15c88d1e520bfecb0c7f70fa8c1e650810ccf5e062ba960b8256da39,2024-11,Essex Police,Essex Police,0.836553,51.886869,On or near Tollgate Court,E01021719,Colchester 012B,Criminal damage and arson,Unable to prosecute suspect,
a229938882766943568629609299c231f87dde22e2fad45bd864cbde3235fbe7,2024-11,Essex Police,Essex Police,0.845894,51.887264,On or near Hedgerows,E01021719,Colchester 012B,Public order,Unable to prosecute suspect,
15a14df0b9fd910df2b778b1ebc6b7de0522db2c8024120fdde84a4171bd21ec,2024-11,Essex Police,Essex Police,0.834625,51.888337,On or near Beacon Way,E01021719,Colchester 012B,Public order,Investigation complete; no suspect identified,
1983abf525ee8fe1628f3d9bdb3326b0d97a88e18f189df1a70a61dddbf1708e,2024-11,Essex Police,Essex Police,0.836553,51.886869,On or near Tollgate Court,E01021719,Colchester 012B,Violence and sexual offences,Unable to prosecute suspect,
346324119b0f14acf0370f2c20dfb72dfeb568908463e1659eb459ac25e37d4f,2024-11,Essex Police,Essex Police,0.845952,51.888863,On or near St Albright Crescent,E01021719,Colchester 012B,Violence and sexual offences,Investigation complete; no suspect identified,
88468bd1fdfb80d5d20620b2d87b8c71535d74019d8cc61d9eea036afdfdfc7f,2024-11,Essex Police,Essex Police,0.839341,51.886145,On or near Chapel Road,E01021720,Colchester 012C,Burglary,Investigation complete; no suspect identified,
b10087b5137ac60a32c5ea809bf6716f5d7b27f09f7ac0c31d2412ba03aa5395,2024-11,Essex Police,Essex Police,0.839341,51.886145,On or near Chapel Road,E01021720,Colchester 012C,Criminal damage and arson,Unable to prosecute suspect,
d61d7037348d3d0ff0b7cd2d8f71885bf5b0ef873513418f977aeccace22ea2b,2024-11,Essex Police,Essex Police,0.843788,51.882683,On or near Copper Beeches,E01021720,Colchester 012C,Other theft,Investigation complete; no suspect identified,
eb51179fc2252a61c2c1aea6c949f5a087265868afa7c4d1b699692cd1e28995,2024-11,Essex Police,Essex Police,0.845482,51.886258,On or near Holliwell Close,E01021720,Colchester 012C,Other theft,Investigation complete; no suspect identified,
e5c08f5e531d7f7eee50052e59ffe84bab8539c7e7879c2e8f672ab9a0aae690,2024-11,Essex Police,Essex Police,0.839341,51.886145,On or near Chapel Road,E01021720,Colchester 012C,Public order,Unable to prosecute suspect,
e42a0e8b1c592b053747f3f3930ab1a55ca52699f2ea38bb3e05266c0dc22936,2024-11,Essex Police,Essex Police,0.845630,51.884689,On or near Rogation Close,E01021720,Colchester 012C,Violence and sexual offences,Unable to prosecute suspect,
5da05d6d1b645583d5a9d15cda6ef686b1094b7220d18a9ec75b8c4aedd5489b,2024-11,Essex Police,Essex Police,0.839341,51.886145,On or near Chapel Road,E01021720,Colchester 012C,Violence and sexual offences,Investigation complete; no suspect identified,
b30d4e26b509b3861796b77640491ec5261f7b833548aea4f1388823b1239099,2024-11,Essex Police,Essex Police,0.845168,51.883136,On or near The Haywain,E01021720,Colchester 012C,Violence and sexual offences,Unable to prosecute suspect,
e212cbc508836bb1d8ec9e1add64759b972de604e15b550016ca58b3942c67ed,2024-11,Essex Police,Essex Police,0.843788,51.882683,On or near Copper Beeches,E01021720,Colchester 012C,Violence and sexual offences,Unable to prosecute suspect,
7e7cf7c1b7ea7bd31d391b3a8007aaa0787ab2120d6b8055c2f5f36e8548e3d6,2024-11,Essex Police,Essex Police,0.846666,51.886364,On or near Stirrup Mews,E01021720,Colchester 012C,Violence and sexual offences,Unable to prosecute suspect,
fae056d7939147c5e109e32d70bcaa1a2d4563d0ded31a9e98b9fbf4e134157f,2024-11,Essex Police,Essex Police,0.846476,51.884048,On or near Rye Close,E01021721,Colchester 012D,Drugs,Unable to prosecute suspect,
f8bd37efcc70e910a8436608d78802853970d2e7b5fa866b74b7e4f9caca09de,2024-11,Essex Police,Essex Police,0.844936,51.878537,On or near Supermarket,E01021721,Colchester 012D,Other theft,Investigation complete; no suspect identified,
71d9df9772521ab2b17cc7ee349ccd399e5698f75faaa7c18cdf90ce87719171,2024-11,Essex Police,Essex Police,0.847418,51.879421,On or near Radveld Chase,E01021721,Colchester 012D,Public order,Investigation complete; no suspect identified,
87248a53483316a6d0c653e40bc13789d0eca74c2b8d403abe32879646ee846a,2024-11,Essex Police,Essex Police,0.845090,51.879603,On or near Woden Avenue,E01021721,Colchester 012D,Public order,Investigation complete; no suspect identified,
fa497dd561b383bc801653a81b338c4941a6cf94475922e572ddeb2bf5a4bf4d,2024-11,Essex Police,Essex Police,0.847418,51.879421,On or near Radveld Chase,E01021721,Colchester 012D,Public order,Unable to prosecute suspect,
78a845aa5fa1168a5f736a945a4b1917aa088e0817d7d656bc583bfe78d0ec3d,2024-11,Essex Police,Essex Police,0.849213,51.877237,On or near Moss Road,E01021721,Colchester 012D,Public order,Unable to prosecute suspect,
7cd4a9450aeaa160260dfcb083693e3ad44eab10baa72b3ac625a28efa1536dd,2024-11,Essex Police,Essex Police,0.844936,51.878537,On or near Supermarket,E01021721,Colchester 012D,Shoplifting,Investigation complete; no suspect identified,
ae70244edce8f94d43e5e546088443d4e9dcd3e2fbe6fbd44c051f95de765ab4,2024-11,Essex Police,Essex Police,0.844936,51.878537,On or near Supermarket,E01021721,Colchester 012D,Shoplifting,Court result unavailable,
0f8fa0a2b4e97c6a46c899beb87698e08c4a4432bd08d81b0a116bbc5afe9766,2024-11,Essex Police,Essex Police,0.845090,51.879603,On or near Woden Avenue,E01021721,Colchester 012D,Vehicle crime,Investigation complete; no suspect identified,
e6c45cef5c9abcf744b4d3b28bfa8bf048f30e202f37b6b212ddae8cdf094e9b,2024-11,Essex Police,Essex Police,0.844870,51.877983,On or near Shopping Area,E01021721,Colchester 012D,Vehicle crime,Investigation complete; no suspect identified,
e216ec9b41d7cf90a3b988dd299252437eac9caf335581b16710a3db3fc893f3,2024-11,Essex Police,Essex Police,0.846254,51.880546,On or near Barley Way,E01021721,Colchester 012D,Violence and sexual offences,Unable to prosecute suspect,
84a651a849f2d4f8410d55fa59c3e1caf6efcc0c5cc3c16d718d7ca619910893,2024-11,Essex Police,Essex Police,0.841633,51.881458,On or near Winstree Road,E01021721,Colchester 012D,Violence and sexual offences,Unable to prosecute suspect,
c9e44c4e143228f598baac8de2972ec37650ef1ab26ed9652610570f16486704,2024-11,Essex Police,Essex Police,0.844936,51.878537,On or near Supermarket,E01021721,Colchester 012D,Violence and sexual offences,Investigation complete; no suspect identified,
952a5e52c39b058ebf6a5ab2971ab9835e139318c79457d3b9046e72857e4860,2024-11,Essex Police,Essex Police,0.838033,51.883146,On or near Villa Road,E01021722,Colchester 012E,Bicycle theft,Unable to prosecute suspect,
ebea9bd9761a7381f1170b9333269ff19de10aacac6757c4bd0b7edd11fe58e3,2024-11,Essex Police,Essex Police,0.834890,51.874543,On or near Laurence Byrne Avenue,E01021722,Colchester 012E,Other theft,Investigation complete; no suspect identified,
85163360d13b55b6763fd3da60ed9a674824aec640aa2e325f9e422afd509700,2024-11,Essex Police,Essex Police,0.836761,51.881171,On or near Juniper Close,E01021722,Colchester 012E,Public order,Unable to prosecute suspect,
472e6186eadfbefbf6e3260103d05ebfb0f44d050a53cd84cf5a0c091f2493c1,2024-11,Essex Police,Essex Police,0.835215,51.878538,On or near Bailey Dale,E01021722,Colchester 012E,Public order,Investigation complete; no suspect identified,
501c325ca0084de2ddfc38c1941e35ece7822e005017c446c3ada7a24b103234,2024-11,Essex Police,Essex Police,0.838344,51.879316,On or near Holly Road,E01021722,Colchester 012E,Vehicle crime,Investigation complete; no suspect identified,
3b428f91cd8389ea4a05976359c035ee077aa68808f31cb63b92da9f2745150a,2024-11,Essex Police,Essex Police,0.827718,51.877864,On or near Jackdaw Drive,E01021722,Colchester 012E,Violence and sexual offences,Unable to prosecute suspect,
384359c8421102a7797c41b3495306e896fe8955ec02ff5c25c200cd3900c4f9,2024-11,Essex Police,Essex Police,0.838344,51.879316,On or near Holly Road,E01021722,Colchester 012E,Violence and sexual offences,Unable to prosecute suspect,
48f93b0c4e2f3b8d93df4f60beab23e5537112fb00156f248dfe1b5c822012b9,2024-11,Essex Police,Essex Police,0.833136,51.879460,On or near Partridge Way,E01021722,Colchester 012E,Violence and sexual offences,Investigation complete; no suspect identified,
5839a40d4fb234b7538d2852d7d0be0f075a0fc70ef11c439add47a42a1d846e,2024-11,Essex Police,Essex Police,0.833742,51.876612,On or near Warren Lane,E01021722,Colchester 012E,Violence and sexual offences,Action to be taken by another organisation,
6cb5ff32004101e31dde3e85758d9ca3f3f65b4f97b31bd45a485508b43c891b,2024-11,Essex Police,Essex Police,0.833535,51.879100,On or near Nightingale Place,E01021722,Colchester 012E,Violence and sexual offences,Court result unavailable,
9fa8c836c5079101dab34c9768f1cd566667a8f9a396808a55916d51d5188f14,2024-11,Essex Police,Essex Police,0.827718,51.877864,On or near Jackdaw Drive,E01021722,Colchester 012E,Violence and sexual offences,Unable to prosecute suspect,
b2db512fc2660d6b996045c0176f4022e748062c1df1c990b02ca9c46897c6ca,2024-11,Essex Police,Essex Police,0.833535,51.879100,On or near Nightingale Place,E01021722,Colchester 012E,Violence and sexual offences,Court result unavailable,
76f69bcd60a83c1f87428bcd8fc4c9d3c818bb18bb7e7c8291569299fde6438c,2024-11,Essex Police,Essex Police,0.838344,51.879316,On or near Holly Road,E01021722,Colchester 012E,Violence and sexual offences,Unable to prosecute suspect,
99c5cf60cb0112b65299119f5c95c3a8cd6ed0223b0d52eff450398b121b6b22,2024-11,Essex Police,Essex Police,0.836446,51.876862,On or near Grieves Court,E01021722,Colchester 012E,Violence and sexual offences,Action to be taken by another organisation,
,2024-11,Essex Police,Essex Police,0.894589,51.886462,On or near Police Station,E01021651,Colchester 013A,Anti-social behaviour,,
,2024-11,Essex Police,Essex Police,0.895389,51.882395,On or near Circular Road North,E01021651,Colchester 013A,Anti-social behaviour,,
,2024-11,Essex Police,Essex Police,0.894668,51.882944,On or near Stable Road,E01021651,Colchester 013A,Anti-social behaviour,,
8dcddb77565c7fec0af758ff183c11c7077d5a197e0c65bf85a3d165b5c63931,2024-11,Essex Police,Essex Police,0.893915,51.884105,On or near Le Cateau Road,E01021651,Colchester 013A,Bicycle theft,Investigation complete; no suspect identified,
29f60e91cfd1db11efc1c4b969a68e93bfbfa75d7b191b4ef2b6672cbf36b420,2024-11,Essex Police,Essex Police,0.894589,51.886462,On or near Police Station,E01021651,Colchester 013A,Criminal damage and arson,Court result unavailable,
cba134275230c35ebd357a3793bd3c1a1fb64e78711fb7802e87785357be04da,2024-11,Essex Police,Essex Police,0.894589,51.886462,On or near Police Station,E01021651,Colchester 013A,Criminal damage and arson,Unable to prosecute suspect,
f6bf868bd537e0e0dc2aae1485e35936c040b7a77fb1da2b248d4fc4a87587c3,2024-11,Essex Police,Essex Police,0.893920,51.884419,On or near Parking Area,E01021651,Colchester 013A,Criminal damage and arson,Investigation complete; no suspect identified,
fd271b3d4f43f752141fbdf94e7d8b82e818c68c4387f7ea1f8792fb472eb056,2024-11,Essex Police,Essex Police,0.893920,51.884419,On or near Parking Area,E01021651,Colchester 013A,Criminal damage and arson,Investigation complete; no suspect identified,
fdf341cdd04a9e7865241e8cb9ca4f83b756be5098f4f4fc43fcdbea3aeb7091,2024-11,Essex Police,Essex Police,0.894589,51.886462,On or near Police Station,E01021651,Colchester 013A,Drugs,Local resolution,
033480fb816262abb5314a2e4ba8a60b69b6501f504f356b03098c42dc882c19,2024-11,Essex Police,Essex Police,0.894589,51.886462,On or near Police Station,E01021651,Colchester 013A,Drugs,Court result unavailable,
9fa9c3d508620fbc09967fcf86aeef3fb5271bb9516e1f9b9e45e6056e33483e,2024-11,Essex Police,Essex Police,0.892779,51.883386,On or near Garland Road,E01021651,Colchester 013A,Drugs,Investigation complete; no suspect identified,
1d9ee550164a167604485595cb693e34ca84175915a48412f5a3cf03aa759926,2024-11,Essex Police,Essex Police,0.894589,51.886462,On or near Police Station,E01021651,Colchester 013A,Drugs,Local resolution,
a23239038af736713f3fe996107d463799587acbaef1db9a4431ad8d14483e54,2024-11,Essex Police,Essex Police,0.892779,51.883386,On or near Garland Road,E01021651,Colchester 013A,Drugs,Investigation complete; no suspect identified,
9b3db5ba70d7096e27072a64f836077a161d6d72de78752c8543830d6f0246f4,2024-11,Essex Police,Essex Police,0.894589,51.886462,On or near Police Station,E01021651,Colchester 013A,Drugs,Local resolution,
4e63ff0fce7ef5debc0aab228560e2494d8ef5b14aee275641f11f65d8020d95,2024-11,Essex Police,Essex Police,0.894589,51.886462,On or near Police Station,E01021651,Colchester 013A,Public order,Offender given a caution,
88868daffd2c79c3e2ddf182f001bc9087ad134c1f96150adb3e615145156e6c,2024-11,Essex Police,Essex Police,0.894589,51.886462,On or near Police Station,E01021651,Colchester 013A,Public order,Court result unavailable,
26bac7cae670105336ddc5e5f7af275eee34fd3efe947863428f6fbfa1bac32f,2024-11,Essex Police,Essex Police,0.894668,51.882944,On or near Stable Road,E01021651,Colchester 013A,Vehicle crime,Investigation complete; no suspect identified,
690d0e455e148988d101bf41538428ddbd7d120b92db905bcb3f0f89c96c4430,2024-11,Essex Police,Essex Police,0.892779,51.883386,On or near Garland Road,E01021651,Colchester 013A,Violence and sexual offences,Unable to prosecute suspect,
6a33239325c630bc2390a169bac8c3a8f5f18a615b55d745c3b78917027ef451,2024-11,Essex Police,Essex Police,0.890823,51.886195,On or near Wellesley Road,E01021651,Colchester 013A,Violence and sexual offences,Unable to prosecute suspect,
7a4f27a8bf0111d0954ffd64fd6e6060e2e901e4ff153349beb57de26aacbe73,2024-11,Essex Police,Essex Police,0.894589,51.886462,On or near Police Station,E01021651,Colchester 013A,Violence and sexual offences,Court result unavailable,
7d5bef74a1524c5a04de8c86decf6e5f98ad7eb88ab699a56ce1a563068e309d,2024-11,Essex Police,Essex Police,0.892779,51.883386,On or near Garland Road,E01021651,Colchester 013A,Violence and sexual offences,Unable to prosecute suspect,
a726df00136549acda9df78a35f0f9eac54deb13d2fe601d653e5783a347831a,2024-11,Essex Police,Essex Police,0.892583,51.881700,On or near Cavalry Road,E01021651,Colchester 013A,Violence and sexual offences,Unable to prosecute suspect,
a7d41988cc6e572af05022e7984fbbdd0ef8befffc36e13b1cce61111bba6eba,2024-11,Essex Police,Essex Police,0.893172,51.885661,On or near Alexandra Road,E01021651,Colchester 013A,Violence and sexual offences,Formal action is not in the public interest,
ad51d683b1f048029dd8101a79f9d758506da30aec7d0cc82e5fb272335d2060,2024-11,Essex Police,Essex Police,0.894589,51.886462,On or near Police Station,E01021651,Colchester 013A,Violence and sexual offences,Unable to prosecute suspect,
7ac2b6d8144998b9ecdf73593a05fb55f119e7748821a63cfc11a747e58f266f,2024-11,Essex Police,Essex Police,0.893920,51.884419,On or near Parking Area,E01021651,Colchester 013A,Violence and sexual offences,Unable to prosecute suspect,
5cafff9f2da7025c2ca0d73be7e9de334b23ae1299e58edca2ae54e5ae14dd51,2024-11,Essex Police,Essex Police,0.894589,51.886462,On or near Police Station,E01021651,Colchester 013A,Violence and sexual offences,Status update unavailable,
9f5b856b7a13c9ae102a31cdb533beeefaa4a5a7fda0548d55661dcbc8dfbb09,2024-11,Essex Police,Essex Police,0.892583,51.881700,On or near Cavalry Road,E01021651,Colchester 013A,Violence and sexual offences,Unable to prosecute suspect,
9173acc43fb7293629c658dc1dc6775c9376b6493e4eb6fad3664902f045d532,2024-11,Essex Police,Essex Police,0.894589,51.886462,On or near Police Station,E01021651,Colchester 013A,Other crime,Unable to prosecute suspect,
e0dab3a0cc00fd5db17ca531cd1a0982051001674640a5a1eff3aaa2781ada68,2024-11,Essex Police,Essex Police,0.882783,51.883658,On or near Cambridge Road,E01021652,Colchester 013B,Burglary,Investigation complete; no suspect identified,
f6bc29c5ee4ffcfd51912b6aa436280f148aeb5d5c319951de5db28f4aa96cfd,2024-11,Essex Police,Essex Police,0.888571,51.882581,On or near Errington Road,E01021652,Colchester 013B,Other theft,Investigation complete; no suspect identified,
fc134f010ebd288eb8c7f52bfee67bbec73e409988c3063c1443a730f15a3ac4,2024-11,Essex Police,Essex Police,0.883248,51.886615,On or near West Lodge Road,E01021652,Colchester 013B,Other theft,Unable to prosecute suspect,
47c09d99db8fafb72cedf3ffc5380e9c961bcdad4ac8a6afb2a63262847cf038,2024-11,Essex Police,Essex Police,0.887621,51.886130,On or near Keble Close,E01021652,Colchester 013B,Public order,Unable to prosecute suspect,
24ec7be7dbb7e3475a16a836fa8d91e4ccc8541b23a001bee444f905eef4f118,2024-11,Essex Police,Essex Police,0.884540,51.883184,On or near Ireton Road,E01021652,Colchester 013B,Violence and sexual offences,Unable to prosecute suspect,
c647cda3bb613414e8de95c72c326b408ba01529a11665f2e58ee62f55e1f1f4,2024-11,Essex Police,Essex Police,0.888165,51.885541,On or near Creffield Road,E01021652,Colchester 013B,Violence and sexual offences,Unable to prosecute suspect,
,2024-11,Essex Police,Essex Police,0.878995,51.881242,On or near Audley Road,E01021653,Colchester 013C,Anti-social behaviour,,
2d116aed2a89e27588ebd8d0a058960851ad39e967fecff34e8f217c0881a7ba,2024-11,Essex Police,Essex Police,0.885135,51.880453,On or near St Helena Road,E01021653,Colchester 013C,Bicycle theft,Investigation complete; no suspect identified,
22b9b46c435bc069a8648e8d9626f8f8877186c492879067d505a5231639928f,2024-11,Essex Police,Essex Police,0.885135,51.880453,On or near St Helena Road,E01021653,Colchester 013C,Other theft,Investigation complete; no suspect identified,
91cb659feeae7ed573ea67507e116dfa9939d3d80b52251ee9b8ac59b1fc7a1c,2024-11,Essex Police,Essex Police,0.883672,51.883025,On or near Christ Church Court,E01021653,Colchester 013C,Violence and sexual offences,Court result unavailable,
,2024-11,Essex Police,Essex Police,0.886402,51.878902,On or near Messines Road,E01021717,Colchester 013D,Anti-social behaviour,,
,2024-11,Essex Police,Essex Police,0.882029,51.875061,On or near B1026,E01021717,Colchester 013D,Anti-social behaviour,,
,2024-11,Essex Police,Essex Police,0.894982,51.877423,On or near Little Foxburrows,E01021717,Colchester 013D,Anti-social behaviour,,
2639cf9b6b139f46300a14df6090dfc8378d7bd1188738760ee0631a14e489c8,2024-11,Essex Police,Essex Police,0.894982,51.877423,On or near Little Foxburrows,E01021717,Colchester 013D,Criminal damage and arson,Investigation complete; no suspect identified,
953fa14f6f295511541ca0a5c4d1c114bf23bc9b791c4ff483097ca41fedc539,2024-11,Essex Police,Essex Police,0.894982,51.877423,On or near Little Foxburrows,E01021717,Colchester 013D,Criminal damage and arson,Court result unavailable,
63939554440afda12d4a0316943632b724454f1bffef1741ccdb6164863f6392,2024-11,Essex Police,Essex Police,0.894982,51.877423,On or near Little Foxburrows,E01021717,Colchester 013D,Criminal damage and arson,Court result unavailable,
0d0a84f7ac320f2ab22c4e3a1df28cb404adc7347ef432cfb72e936868a63136,2024-11,Essex Police,Essex Police,0.887972,51.877326,On or near Hampton Court Close,E01021717,Colchester 013D,Other theft,Investigation complete; no suspect identified,
68f3b038a805ec1d353a1eaa53065327c86eb21c4f41cd709651fa36a4bcf6d1,2024-11,Essex Police,Essex Police,0.889113,51.879483,On or near Goojerat Road,E01021717,Colchester 013D,Public order,Unable to prosecute suspect,
19382e2155d3d843f2ce92c7bb2226bfd567db4ed45ade4f2bf6df0487de1406,2024-11,Essex Police,Essex Police,0.889113,51.879483,On or near Goojerat Road,E01021717,Colchester 013D,Public order,Investigation complete; no suspect identified,
d4058634c12659ec4860572f18bb0f50ad49fa9bf8a9b685442c0d75d3ca2706,2024-11,Essex Police,Essex Police,0.886402,51.878902,On or near Messines Road,E01021717,Colchester 013D,Shoplifting,Investigation complete; no suspect identified,
0c272d6b377e5c952f7ea7f44ca6059a0c17346640902027eb85762906fa3059,2024-11,Essex Police,Essex Police,0.886144,51.878054,On or near Aisne Road,E01021717,Colchester 013D,Violence and sexual offences,Unable to prosecute suspect,
,2024-11,Essex Police,Essex Police,0.871907,51.881289,On or near Rembrandt Way,E01021689,Colchester 014A,Anti-social behaviour,,
091d6c698b1b6d21da51449ed3345d4cf8fc169976112fe8bbe08b6bb3c4dd17,2024-11,Essex Police,Essex Police,0.871907,51.881289,On or near Rembrandt Way,E01021689,Colchester 014A,Drugs,Offender given a caution,
a5d31158cd06a53876325d33f3b9e7c5549854c7d7e3427b6db5bbb9a9b72f9c,2024-11,Essex Police,Essex Police,0.866608,51.875663,On or near Wilkin Court,E01021689,Colchester 014A,Other theft,Awaiting court outcome,
607963734135fc4b146687b1ebfc74f58fadf028af9779e3aaea1af18ec88a8f,2024-11,Essex Police,Essex Police,0.869683,51.877863,On or near Winston Avenue,E01021689,Colchester 014A,Public order,Unable to prosecute suspect,
7a46daf01be0ee8d1e4c13eb7ee8a4869598edba31c1dafdb52a922c0e0fc63f,2024-11,Essex Police,Essex Police,0.867051,51.875328,On or near Shrub End Road,E01021689,Colchester 014A,Violence and sexual offences,Unable to prosecute suspect,
ef9b03bd84bdae2200b6c209cbad29bd829e96fb9b2c322b6d4da8cf61331e37,2024-11,Essex Police,Essex Police,0.867051,51.875328,On or near Shrub End Road,E01021689,Colchester 014A,Violence and sexual offences,Court result unavailable,
9a409e28167061b3b10e464e985f502cebb73d5c813203f5d51f46cf0e986386,2024-11,Essex Police,Essex Police,0.871907,51.881289,On or near Rembrandt Way,E01021689,Colchester 014A,Violence and sexual offences,Formal action is not in the public interest,
1d3eef600c51e1b581828f96283c11d62a4e0f25abe8bb405e7674416c948ab0,2024-11,Essex Police,Essex Police,0.871907,51.881289,On or near Rembrandt Way,E01021689,Colchester 014A,Violence and sexual offences,Formal action is not in the public interest,
7c808f446a2a022e0da537fa70782cb5c4a71c26daa33f97659b37e5e38340fd,2024-11,Essex Police,Essex Police,0.871907,51.881289,On or near Rembrandt Way,E01021689,Colchester 014A,Violence and sexual offences,Unable to prosecute suspect,
90aeb0c137c4006e2d98055c34a53cf24fb6a64142cc28d9dc69a5e65c590760,2024-11,Essex Police,Essex Police,0.871907,51.881289,On or near Rembrandt Way,E01021689,Colchester 014A,Violence and sexual offences,Formal action is not in the public interest,
5495e156a11110f236e72e065c9c905f197fa2e28e9303a92e04f452c0f8ef9d,2024-11,Essex Police,Essex Police,0.871907,51.881289,On or near Rembrandt Way,E01021689,Colchester 014A,Violence and sexual offences,Investigation complete; no suspect identified,
2895d32a664afb9503ca3b6ebfbcfb12bd6aedfe6a3332b0a2560a5cc7e5b533,2024-11,Essex Police,Essex Police,0.873548,51.878317,On or near B1022,E01021689,Colchester 014A,Other crime,Investigation complete; no suspect identified,
24cb2d0b8337fc626b00b49c7a507cbd0cc1f65ed6404d9d2b0b81ca388ec1cf,2024-11,Essex Police,Essex Police,0.850777,51.876012,On or near Becker Road,E01021690,Colchester 014B,Violence and sexual offences,Investigation complete; no suspect identified,
27f3dfb802efc4c91431dff6b89ee315576be18e3ed395ce815d58e6cd982dfc,2024-11,Essex Police,Essex Police,0.858159,51.874421,On or near The Brambles,E01021690,Colchester 014B,Violence and sexual offences,Unable to prosecute suspect,
562cc7a2d7ee6a5289953e2dc47b89f2edd67ff2f298aa7eccc4ffa4d4c3f70e,2024-11,Essex Police,Essex Police,0.854165,51.877423,On or near Salmon Close,E01021690,Colchester 014B,Violence and sexual offences,Unable to prosecute suspect,
d3f2592c5bc675eaa48d9381ad6dfce74ea53684bd8ada4a7c52506c30c8803d,2024-11,Essex Police,Essex Police,0.850777,51.876012,On or near Becker Road,E01021690,Colchester 014B,Violence and sexual offences,Investigation complete; no suspect identified,
16c49ec0c9d3a96388b7990815415055bd5467017f22549167defbe6b09a65cc,2024-11,Essex Police,Essex Police,0.850777,51.876012,On or near Becker Road,E01021690,Colchester 014B,Other crime,Investigation complete; no suspect identified,
a1723210b555988612582972c9d297b8e9f444a58394018fb69b99bd005826c2,2024-11,Essex Police,Essex Police,0.859482,51.881071,On or near Jeffrey Close,E01021691,Colchester 014C,Drugs,Investigation complete; no suspect identified,
174621e3294c9162cfa09aea3df4e576e5fbd1e390ae744301335c73340cb723,2024-11,Essex Police,Essex Police,0.855800,51.881673,On or near Cherrywood Drive,E01021691,Colchester 014C,Other theft,Investigation complete; no suspect identified,
118feabf92a01d11e86bb05fcac8be5d1c00c86789acf6fadeb4875daba8f87b,2024-11,Essex Police,Essex Police,0.857830,51.883206,On or near Christine Chase,E01021691,Colchester 014C,Violence and sexual offences,Status update unavailable,
,2024-11,Essex Police,Essex Police,0.862890,51.876374,On or near Hastings Road,E01021692,Colchester 014D,Anti-social behaviour,,
4152ede7f9ed33ad689080da56c045fab1ca6516d65b312116fe01597ed062b8,2024-11,Essex Police,Essex Police,0.858760,51.875638,On or near Stoneleigh Park,E01021692,Colchester 014D,Criminal damage and arson,Investigation complete; no suspect identified,
3e5bf2d952d10cda5f6bfaaf249cbf036585772e49e2bf210ecfb3e77f1074d9,2024-11,Essex Police,Essex Police,0.858760,51.875638,On or near Stoneleigh Park,E01021692,Colchester 014D,Violence and sexual offences,Unable to prosecute suspect,
489f78bc689e268ffd470ff7bb00b2365bbeecd49e243f286d83b14e30347096,2024-11,Essex Police,Essex Police,0.858760,51.875638,On or near Stoneleigh Park,E01021692,Colchester 014D,Violence and sexual offences,Unable to prosecute suspect,
f93522cd837d7017c4e8b0078adf1125c78d50e69a09a4233f5ecdb7881fd64a,2024-11,Essex Police,Essex Police,0.861365,51.875242,On or near Rowallan Close,E01021692,Colchester 014D,Violence and sexual offences,Unable to prosecute suspect,
f1827ba1f8ae5cb549f9052c24f68cda844dc802a33a09c02e314ef69c5ba87c,2024-11,Essex Police,Essex Police,0.858760,51.875638,On or near Stoneleigh Park,E01021692,Colchester 014D,Violence and sexual offences,Unable to prosecute suspect,
770a09b7017aa7a688e46ec7ac79031536cce8ff2814afd62883a3ba4af71177,2024-11,Essex Police,Essex Police,0.868213,51.880561,On or near Nash Close,E01021693,Colchester 014E,Criminal damage and arson,Investigation complete; no suspect identified,
ec8ed01f5c7487aeb946a3c93fe68155ed176242a9c96556cf730d98b020e026,2024-11,Essex Police,Essex Police,0.865473,51.880664,On or near Supermarket,E01021693,Colchester 014E,Shoplifting,Investigation complete; no suspect identified,
fe45ef39c1e1fd4455ae134412ebe5cb7ea844e515575a8d14aea0495a261d5a,2024-11,Essex Police,Essex Police,0.865473,51.880664,On or near Supermarket,E01021693,Colchester 014E,Shoplifting,Investigation complete; no suspect identified,
0d2429ea0b4a112bbce3fd7e12d7eb99b9ce1d8f19cca197310f0a6e4594cb1a,2024-11,Essex Police,Essex Police,0.866201,51.884118,On or near Bawtree Way,E01021693,Colchester 014E,Vehicle crime,Investigation complete; no suspect identified,
27044b8a3dd09549b3287a105493a8c787a66f9c05676715edadbd85ee4a9c3c,2024-11,Essex Police,Essex Police,0.865714,51.880343,On or near The Commons,E01021693,Colchester 014E,Violence and sexual offences,Investigation complete; no suspect identified,
5aed3c103b4efc3b7e84882fc0c2a8405a42cf32fe5b624d49e5690c42aec074,2024-11,Essex Police,Essex Police,0.868754,51.871033,On or near Hedge Drive,E01021711,Colchester 015A,Bicycle theft,Investigation complete; no suspect identified,
e248d924d4e55c691d6833d8b03c2a1dd95d3aeb897caf4d55de100f2bc0a55e,2024-11,Essex Police,Essex Police,0.872965,51.871461,On or near Iceni Way,E01021711,Colchester 015A,Criminal damage and arson,Investigation complete; no suspect identified,
84334878581600a1d3b021355191bf840cde676d6d0e71ebdb6d1fa439f3ab9b,2024-11,Essex Police,Essex Police,0.871994,51.871493,On or near Supermarket,E01021711,Colchester 015A,Criminal damage and arson,Unable to prosecute suspect,
8a712a3f043051871ea13526709f3645888fcb1568c5cb64e5b3074d9a8920fe,2024-11,Essex Police,Essex Police,0.868754,51.871033,On or near Hedge Drive,E01021711,Colchester 015A,Other theft,Unable to prosecute suspect,
aa7669e982c7509127a73a15e6f459e5d92f99890e3860e5cf5c2ee7c0626421,2024-11,Essex Police,Essex Police,0.872965,51.871461,On or near Iceni Way,E01021711,Colchester 015A,Possession of weapons,Local resolution,
de2290dcbbcb60cd63110ba4591e00a127213d78d8c466076812bb32a1590c67,2024-11,Essex Police,Essex Police,0.872965,51.871461,On or near Iceni Way,E01021711,Colchester 015A,Possession of weapons,Court result unavailable,
9af355ea7d53ee7451d15cd1e0ca723378dc0b7543d4c1d43abd2ec494681907,2024-11,Essex Police,Essex Police,0.871994,51.871493,On or near Supermarket,E01021711,Colchester 015A,Public order,Unable to prosecute suspect,
3638d6080851399110f4f15bbac7003103cd492c887a57447f5514bafe1bb306,2024-11,Essex Police,Essex Police,0.871994,51.871493,On or near Supermarket,E01021711,Colchester 015A,Public order,Unable to prosecute suspect,
c2e166abed95459c4a3d930ecddb8d279910f275d673c29afa42ef0266acd202,2024-11,Essex Police,Essex Police,0.871994,51.871493,On or near Supermarket,E01021711,Colchester 015A,Shoplifting,Court result unavailable,
cacf7b1db7da43670cc9f60d75398a73f32a815eb1973177bab332fc5830dd7a,2024-11,Essex Police,Essex Police,0.873602,51.873918,On or near Eldred Avenue,E01021711,Colchester 015A,Violence and sexual offences,Investigation complete; no suspect identified,
f10d81b0b0b61620d2294dc8650369c5a98149dc4abc3968bb06b939349ef15f,2024-11,Essex Police,Essex Police,0.872965,51.871461,On or near Iceni Way,E01021711,Colchester 015A,Violence and sexual offences,Local resolution,
2fb5ee0d62684a89e76a45843f2bfa49dee396bd92d0870a48348fc83a0a0d31,2024-11,Essex Police,Essex Police,0.873429,51.869156,On or near Harvey Road,E01021711,Colchester 015A,Violence and sexual offences,Unable to prosecute suspect,
6ca0e6ccb52762c5b42d85cbd303ba8d2ced359f7e74f8b8d6d1127f63aaa63a,2024-11,Essex Police,Essex Police,0.872965,51.871461,On or near Iceni Way,E01021711,Colchester 015A,Violence and sexual offences,Unable to prosecute suspect,
6756a214c0a3117891e02e35a4f20b897d616bd381d7baf9881b0de6b088b8e3,2024-11,Essex Police,Essex Police,0.874638,51.869900,On or near Sparling Close,E01021711,Colchester 015A,Violence and sexual offences,Court result unavailable,
73018bcc39466227e56f2d2c53c22047b9631511bf4bf36393aae77c4184e21a,2024-11,Essex Police,Essex Police,0.874638,51.869900,On or near Sparling Close,E01021711,Colchester 015A,Violence and sexual offences,Unable to prosecute suspect,
2714769bcc15258db5f8bea98a503499eb6f9ddf98da6b3e648dab8ac8d594ec,2024-11,Essex Police,Essex Police,0.873602,51.873918,On or near Eldred Avenue,E01021711,Colchester 015A,Violence and sexual offences,Unable to prosecute suspect,
973285c56e0f2c5ae5c16f136c6715ca919797f1f18a112332b31183fa3e79b4,2024-11,Essex Police,Essex Police,0.871994,51.871493,On or near Supermarket,E01021711,Colchester 015A,Violence and sexual offences,Action to be taken by another organisation,
2844b05ec1d9c295160ad382cf89cf1d1eea12757409d3127b8dc34c5203bff0,2024-11,Essex Police,Essex Police,0.872965,51.871461,On or near Iceni Way,E01021711,Colchester 015A,Violence and sexual offences,Action to be taken by another organisation,
05dfa44b2320a94d0b0af1e1787e2d8389b6b6441fd202e0045b0262059d1f1f,2024-11,Essex Police,Essex Police,0.875961,51.872862,On or near Gloucester Avenue,E01021711,Colchester 015A,Other crime,Unable to prosecute suspect,
,2024-11,Essex Police,Essex Police,0.875875,51.875167,On or near Boadicea Way,E01021713,Colchester 015C,Anti-social behaviour,,
da6056c915e701b6b13879e1b161492d51808e9d130c06114c35195aab55821c,2024-11,Essex Police,Essex Police,0.871944,51.875955,On or near Wilbye Close,E01021713,Colchester 015C,Drugs,Action to be taken by another organisation,
0cb8fd71cb8bde325fddabbbae208b0cc35a1168e6ae00dac883cb01b645be0a,2024-11,Essex Police,Essex Police,0.879370,51.879155,On or near Alport Avenue,E01021713,Colchester 015C,Other theft,Unable to prosecute suspect,
812bc3af15254efc10c401af8883e783e75b0a2a8f30492de5bc1a3fd5bb68aa,2024-11,Essex Police,Essex Police,0.871944,51.875955,On or near Wilbye Close,E01021713,Colchester 015C,Other theft,Investigation complete; no suspect identified,
f282b575440118fd22e8fb91519e503dce7f30a047d9c8863274e6fa287a4f33,2024-11,Essex Police,Essex Police,0.879370,51.879155,On or near Alport Avenue,E01021713,Colchester 015C,Shoplifting,Investigation complete; no suspect identified,
dc8fdeb0b4ff2ceab40a42ad7c65e88e890830f569363ed66b11919df1142f1d,2024-11,Essex Police,Essex Police,0.879370,51.879155,On or near Alport Avenue,E01021713,Colchester 015C,Shoplifting,Investigation complete; no suspect identified,
1c13eb650fd040205fe10a1a03abdcdab6f0a700dbe71087321a30ff6af47785,2024-11,Essex Police,Essex Police,0.877288,51.878397,On or near Eudo Road,E01021713,Colchester 015C,Violence and sexual offences,Investigation complete; no suspect identified,
91f0bb9b659bac5e0c13a533d410a1db6ffc69080d7144a25f91c538a596b8af,2024-11,Essex Police,Essex Police,0.879370,51.879155,On or near Alport Avenue,E01021713,Colchester 015C,Violence and sexual offences,Unable to prosecute suspect,
70b36c4e7c889a4d091c380cbdc9711719f0affd44175bf0507ec816f9802300,2024-11,Essex Police,Essex Police,0.873968,51.875330,On or near Glisson Square,E01021713,Colchester 015C,Violence and sexual offences,Unable to prosecute suspect,
0ab960cb2fc0399daa574ed9f79760dd9906d068167461a574b6b7187ccd23dd,2024-11,Essex Police,Essex Police,0.869156,51.874153,On or near Walnut Tree Way,E01021713,Colchester 015C,Violence and sexual offences,Unable to prosecute suspect,
fcffad171ee27f670a3621a50fdc76b389afe20973f1442cd06069c62fae8f4f,2024-11,Essex Police,Essex Police,0.873968,51.875330,On or near Glisson Square,E01021713,Colchester 015C,Violence and sexual offences,Formal action is not in the public interest,
6da603cec8570f59252eebd5baa766d82b83b7a00633eeb092c92bcdc34a9a73,2024-11,Essex Police,Essex Police,0.869156,51.874153,On or near Walnut Tree Way,E01021713,Colchester 015C,Violence and sexual offences,Status update unavailable,
0f7bf27e07e3dd868956e4f434b5dcc8d7928bb701275cb3b0ee771270126a7d,2024-11,Essex Police,Essex Police,0.863821,51.873419,On or near Egerton-Green Road,E01021713,Colchester 015C,Violence and sexual offences,Unable to prosecute suspect,
95978c48b2eaa11501437e22887fda49c6d6da33aa62905fbfbe0904589edef1,2024-11,Essex Police,Essex Police,0.871944,51.875955,On or near Wilbye Close,E01021713,Colchester 015C,Violence and sexual offences,Investigation complete; no suspect identified,
8bb5a46f552910153494a20249354d758e0fb4cd10cf5c9892f60165c0d0de8f,2024-11,Essex Police,Essex Police,0.873968,51.875330,On or near Glisson Square,E01021713,Colchester 015C,Violence and sexual offences,Action to be taken by another organisation,
97c3a54e93a727d92887c90296ee63bf74ceca0b79a839fe61705c3045d2afd1,2024-11,Essex Police,Essex Police,0.871944,51.875955,On or near Wilbye Close,E01021713,Colchester 015C,Violence and sexual offences,Formal action is not in the public interest,
232760edbe1369009f0d9deab1372d5ba85445b818e3890d6700730a75c9d6ea,2024-11,Essex Police,Essex Police,0.863821,51.873419,On or near Egerton-Green Road,E01021713,Colchester 015C,Violence and sexual offences,Unable to prosecute suspect,
682fd6f89aa7ff31e0a5e2b250b9612fce4e5b86ded468d0d01f27d8c5aa908f,2024-11,Essex Police,Essex Police,0.869156,51.874153,On or near Walnut Tree Way,E01021713,Colchester 015C,Other crime,Status update unavailable,
,2024-11,Essex Police,Essex Police,0.880296,51.868178,On or near Midway Road,E01021714,Colchester 015D,Anti-social behaviour,,
c3f46415b3d5357d2531fbd36f2239b66bf40c65c0b5d2a87ee412da9deacc91,2024-11,Essex Police,Essex Police,0.875755,51.866455,On or near Littlefield Road,E01021714,Colchester 015D,Burglary,Unable to prosecute suspect,
00c299e7784af5ab7c3defa9ce0518f22f1db386cbbae42723ca5d1dc7a99d61,2024-11,Essex Police,Essex Police,0.875755,51.866455,On or near Littlefield Road,E01021714,Colchester 015D,Criminal damage and arson,Investigation complete; no suspect identified,
6919ae7c69ed8b2589fb779051002723c9e0f427a3b6007c453d4321cbe9f5c0,2024-11,Essex Police,Essex Police,0.876726,51.867106,On or near Lordswood Road,E01021714,Colchester 015D,Other theft,Investigation complete; no suspect identified,
2ca42f3a0e94681d2b3d32fe9904667d54da68f073f6e98f07d87a58463dc9a9,2024-11,Essex Police,Essex Police,0.876433,51.867751,On or near Talavera Crescent,E01021714,Colchester 015D,Other theft,Investigation complete; no suspect identified,
b2ee55815b821b36322ffad79b09bef3adb3748c57f696651a4b1085b8823894,2024-11,Essex Police,Essex Police,0.875139,51.862945,On or near Catkin Mews,E01021714,Colchester 015D,Violence and sexual offences,Action to be taken by another organisation,
232f668630297a0106e34e143fd5e546dc8727e710967612753369790bf831d2,2024-11,Essex Police,Essex Police,0.882932,51.858059,On or near Bounstead Road,E01021714,Colchester 015D,Violence and sexual offences,Investigation complete; no suspect identified,
2620b9010bc5475051622cbfba72dee57ceb59f911408139f906315ba2f1647f,2024-11,Essex Police,Essex Police,0.874883,51.863949,On or near Imphal Close,E01021714,Colchester 015D,Violence and sexual offences,Unable to prosecute suspect,
a18e1fa50d1b9b7cc94fe555ed23bce40972f5fe88976d3f06ca6cff2b15fa0f,2024-11,Essex Police,Essex Police,0.873543,51.866626,On or near Layer Road,E01021714,Colchester 015D,Violence and sexual offences,Investigation complete; no suspect identified,
103dc3f49993433ecdf21bd3bd6ad37b6bb011070ac456c20ac16ce729667638,2024-11,Essex Police,Essex Police,0.878825,51.869033,On or near Mareth Road,E01021714,Colchester 015D,Other crime,Investigation complete; no suspect identified,
d72da306ad49b1097ce908bf0025483a9e97b18c56bb7c9371ccaa8f947949aa,2024-11,Essex Police,Essex Police,0.862514,51.873065,On or near Petrol Station,E01021715,Colchester 015E,Vehicle crime,Awaiting court outcome,
23b783653191381f02929b72bdabbff52dabddbf0ec835c5678f3a119491cec6,2024-11,Essex Police,Essex Police,0.867493,51.871765,On or near Paxman Avenue,E01021715,Colchester 015E,Violence and sexual offences,Unable to prosecute suspect,
234d385b35fab65da02e254468b9f9288d88496bdaf03882f7ae79e7442c5e48,2024-11,Essex Police,Essex Police,0.870567,51.868255,On or near Watts Road,E01021715,Colchester 015E,Violence and sexual offences,Status update unavailable,
bb5973eeefe6f7c523a2549b6bc58b3b7cfb8c419a571693178d6899fc16b611,2024-11,Essex Police,Essex Police,0.866444,51.872870,On or near Bishop Road,E01021715,Colchester 015E,Other crime,Unable to prosecute suspect,
,2024-11,Essex Police,Essex Police,0.883014,51.868193,On or near Ebony Close,E01035165,Colchester 015H,Anti-social behaviour,,
80b860ec79d7a60afc97de72f2eddd2952c04368e13ffcebe07c5ef87a39be03,2024-11,Essex Police,Essex Police,0.891887,51.868137,On or near Berechurch Road,E01035165,Colchester 015H,Bicycle theft,Court result unavailable,
f1a2801eb4f15ea389e0f61700e6c38fa3e0fba4d538ca23a4600d7b85bdcc6f,2024-11,Essex Police,Essex Police,0.891887,51.868137,On or near Berechurch Road,E01035165,Colchester 015H,Bicycle theft,Investigation complete; no suspect identified,
b02e9f3651bd37c37b5c8107b9b7c85a3fb5589f23710d20903feeebbb26ced3,2024-11,Essex Police,Essex Police,0.891887,51.868137,On or near Berechurch Road,E01035165,Colchester 015H,Bicycle theft,Investigation complete; no suspect identified,
de7cf675cfff2f53680761f9f17bc8699c5e17fb93703bea8f3894ed736c029a,2024-11,Essex Police,Essex Police,0.891887,51.868137,On or near Berechurch Road,E01035165,Colchester 015H,Bicycle theft,Investigation complete; no suspect identified,
6f45766dbafe83cbde26ffe0d89b553fcae1eb4b83f6b557a7e60744cd1489ff,2024-11,Essex Police,Essex Police,0.891887,51.868137,On or near Berechurch Road,E01035165,Colchester 015H,Bicycle theft,Court result unavailable,
4795ec692cf45aea3f21cb2020aea7c609f24075ce119970bbcc6050e6dd564a,2024-11,Essex Police,Essex Police,0.891887,51.868137,On or near Berechurch Road,E01035165,Colchester 015H,Bicycle theft,Investigation complete; no suspect identified,
19b6074d703b0a5a07f1d899c83a5911d0205af561ada26e12ecca7dd255eea0,2024-11,Essex Police,Essex Police,0.891887,51.868137,On or near Berechurch Road,E01035165,Colchester 015H,Bicycle theft,Investigation complete; no suspect identified,
47dd3241dc7a7a21a9a1c74850406255af10e4f6d5860314b8ae62cc0e0e0b4a,2024-11,Essex Police,Essex Police,0.887210,51.867253,On or near Ilex Close,E01035165,Colchester 015H,Burglary,Unable to prosecute suspect,
12ffbae68c734c3a1a8b05dbb14d278f8987e5dcc10dfadf534c4ca38eb6a033,2024-11,Essex Police,Essex Police,0.876649,51.868619,On or near Salamanca Way,E01035165,Colchester 015H,Criminal damage and arson,Investigation complete; no suspect identified,
812ce6fd348e273d02ae849979e040a78023363089ac7646765c712f1ed898f3,2024-11,Essex Police,Essex Police,0.881114,51.873465,On or near Hollytree Court,E01035165,Colchester 015H,Vehicle crime,Investigation complete; no suspect identified,
f69798fe250705b096d16b7b997b1cd0800785322f5a0fa109182b3fe7ed1e0a,2024-11,Essex Police,Essex Police,0.885671,51.868856,On or near Beechwood Close,E01035165,Colchester 015H,Vehicle crime,Investigation complete; no suspect identified,
b4d6eef59f58c1b4e11ba1df05080c13947911ef006bcb17878ed3b1eb8b1a15,2024-11,Essex Police,Essex Police,0.887210,51.867253,On or near Ilex Close,E01035165,Colchester 015H,Violence and sexual offences,Unable to prosecute suspect,
69aa8152ec05d7e74cc72bb680c05887eba3e6647086b2a8f98d07e0da9eee15,2024-11,Essex Police,Essex Police,0.887210,51.867253,On or near Ilex Close,E01035165,Colchester 015H,Violence and sexual offences,Investigation complete; no suspect identified,
fb3f181dd7e8af4d5f00643a16d2b479027e406499aff0fca8180dd77819ad2f,2024-11,Essex Police,Essex Police,0.878707,51.869450,On or near Holly Close,E01035165,Colchester 015H,Violence and sexual offences,Unable to prosecute suspect,
a19b75a4e4d53d52388f26208e8eb45f3faf5b265fa5b28605caaf490b4daee4,2024-11,Essex Police,Essex Police,0.883014,51.868193,On or near Ebony Close,E01035165,Colchester 015H,Violence and sexual offences,Unable to prosecute suspect,
8d436d4670b08351994938286280e961b5b99b9f18738ed39d9fe706742bca16,2024-11,Essex Police,Essex Police,0.882854,51.869780,On or near Olive Grove,E01035165,Colchester 015H,Violence and sexual offences,Investigation complete; no suspect identified,
4825df16a86926cf3e5b9505b392298fc8afdd4fda6c904354a926563883c577,2024-11,Essex Police,Essex Police,0.883014,51.868193,On or near Ebony Close,E01035165,Colchester 015H,Violence and sexual offences,Unable to prosecute suspect,
6bbde3de6d0a423ea547b5e25e93bdd2fe46b4bb111d547b9e9b41b9c733e82f,2024-11,Essex Police,Essex Police,0.883014,51.868193,On or near Ebony Close,E01035165,Colchester 015H,Violence and sexual offences,Unable to prosecute suspect,
a2a862628cdf617bc8a0a66b969f8916e5269c3785939993693014d2de5b8b1a,2024-11,Essex Police,Essex Police,0.887210,51.867253,On or near Ilex Close,E01035165,Colchester 015H,Violence and sexual offences,Status update unavailable,
,2024-11,Essex Police,Essex Police,0.887058,51.864874,On or near Selby Close,E01035166,Colchester 015I,Anti-social behaviour,,
54f5ec4fcc79403284ca08320592923e111721cada3b3702499d4da7d55ec693,2024-11,Essex Police,Essex Police,0.885370,51.865734,On or near Silver Birch Close,E01035166,Colchester 015I,Burglary,Investigation complete; no suspect identified,
ccec3057a8b4a57cb3495a961a91cc54dfb55a9f31c56293bd651e07b5d74a61,2024-11,Essex Police,Essex Police,0.885370,51.865734,On or near Silver Birch Close,E01035166,Colchester 015I,Criminal damage and arson,Status update unavailable,
5ca550f3ef12ef856ecf2d350d9e18c8eef1b5642cde55158c545ab55e8a4aa5,2024-11,Essex Police,Essex Police,0.885370,51.865734,On or near Silver Birch Close,E01035166,Colchester 015I,Criminal damage and arson,Investigation complete; no suspect identified,
cae8835db0c9aa1dedb6470fb95754ad140a752da276a04a35d42ef279517e95,2024-11,Essex Police,Essex Police,0.881434,51.864850,On or near Leas Road,E01035166,Colchester 015I,Public order,Unable to prosecute suspect,
6c6f197c9e24b02a2a1a17f82791e4b6cf5e8556925b3bf36718c555f25dafa0,2024-11,Essex Police,Essex Police,0.879116,51.864718,On or near Homefield Road,E01035166,Colchester 015I,Vehicle crime,Investigation complete; no suspect identified,
4c7467822cf50c4ee9b6dacae0f1fb5bbc7d0f930f8892bdf7a9ae7fbc7c154f,2024-11,Essex Police,Essex Police,0.885001,51.864520,On or near Bay Tree Close,E01035166,Colchester 015I,Violence and sexual offences,Unable to prosecute suspect,
87dc4c36a61e7c668f50b5fc7f55c8e7f342a684a2634b6fa07452cc01779cd9,2024-11,Essex Police,Essex Police,0.887058,51.864874,On or near Selby Close,E01035166,Colchester 015I,Violence and sexual offences,Unable to prosecute suspect,
2d4c8373c2cd92640a62397ac251d39862f18e99a42d3eaf58ea6d3d2d0da60b,2024-11,Essex Police,Essex Police,0.885370,51.865734,On or near Silver Birch Close,E01035166,Colchester 015I,Violence and sexual offences,Unable to prosecute suspect,
aa118276d56d24e3b3a84b19dd9965b52a3cac8f408b4a1f78bc4135c4f3afea,2024-11,Essex Police,Essex Police,0.885001,51.864520,On or near Bay Tree Close,E01035166,Colchester 015I,Violence and sexual offences,Unable to prosecute suspect,
bc13006a6399b52c85438f4b231009995f503a0decc4b95465c76474c5946758,2024-11,Essex Police,Essex Police,0.885001,51.864520,On or near Bay Tree Close,E01035166,Colchester 015I,Violence and sexual offences,Unable to prosecute suspect,
,2024-11,Essex Police,Essex Police,0.947982,51.857525,On or near Darkhouse Lane,E01021657,Colchester 016A,Anti-social behaviour,,
0f07801d675ba1efa2f53d629bb536fb89c678737b82820ffed49120bee0ced7,2024-11,Essex Police,Essex Police,0.946743,51.856126,On or near Church Street,E01021657,Colchester 016A,Burglary,Investigation complete; no suspect identified,
f934ecabed804d1ca5e7d58e0e64f7b0879958ef8adbd51c97680bf8566e583e,2024-11,Essex Police,Essex Police,0.945048,51.855521,On or near Church Hill,E01021657,Colchester 016A,Criminal damage and arson,Investigation complete; no suspect identified,
358d04b1255f64ef63f8923895885ee2b26b0f0b6b5f39caeabeed833443df42,2024-11,Essex Police,Essex Police,0.944877,51.857792,On or near Sanderson Mews,E01021657,Colchester 016A,Violence and sexual offences,Unable to prosecute suspect,
1b0a217061f49167ec0b0f05a41863fb5ced1f2f6a6350226e2535d9ab3edb5e,2024-11,Essex Police,Essex Police,0.940939,51.856874,On or near Rectory Road,E01021657,Colchester 016A,Violence and sexual offences,Formal action is not in the public interest,
16369b8d4cf62342c18d6cea764660f7af0f5b53f3dfffe3f0be99bee6ef4e78,2024-11,Essex Police,Essex Police,0.947548,51.856879,On or near Supermarket,E01021657,Colchester 016A,Violence and sexual offences,Unable to prosecute suspect,
865069010ab26eb21bd7ea85589b60a3cd06f4328039e41956c0d7bfb24932bf,2024-11,Essex Police,Essex Police,0.940939,51.856874,On or near Rectory Road,E01021657,Colchester 016A,Violence and sexual offences,Unable to prosecute suspect,
,2024-11,Essex Police,Essex Police,0.912304,51.854511,On or near Boyles Court,E01021658,Colchester 016B,Anti-social behaviour,,
,2024-11,Essex Police,Essex Police,0.910745,51.856240,On or near Sexton Close,E01021658,Colchester 016B,Anti-social behaviour,,
00f5f3ed7425b92e2916eee526efa36599a59dd7c9437080f369482e95d42a46,2024-11,Essex Police,Essex Police,0.912878,51.855747,On or near Weir Lane,E01021658,Colchester 016B,Criminal damage and arson,Investigation complete; no suspect identified,
00a83e9b63e5d21804b4690103efb3477d5cfbe3b559ac6546dfb9d731738145,2024-11,Essex Police,Essex Police,0.912304,51.854511,On or near Boyles Court,E01021658,Colchester 016B,Criminal damage and arson,Investigation complete; no suspect identified,
bed1c52a5fe7c0d083d86841a6b95c31184f41c49cb08bb6415c15ca156865c4,2024-11,Essex Police,Essex Police,0.941736,51.857520,On or near Hill View Close,E01021658,Colchester 016B,Criminal damage and arson,Investigation complete; no suspect identified,
9397eb2accdaba3d124827ed0ebe2d20c5c8b5eee90930c2d9bd3fd5b3c8685d,2024-11,Essex Police,Essex Police,0.941736,51.857520,On or near Hill View Close,E01021658,Colchester 016B,Other theft,Unable to prosecute suspect,
6d32f37e7f88105c16b8a7521990e0446ba0db0d5779575a7205b773792fe186,2024-11,Essex Police,Essex Police,0.912304,51.854511,On or near Boyles Court,E01021658,Colchester 016B,Public order,Unable to prosecute suspect,
e66b6b52181cb21c321442cf31fdde8d99cb05048e274ca0cd7aecd1a0bc4911,2024-11,Essex Police,Essex Police,0.908716,51.855400,On or near Prunus Court,E01021658,Colchester 016B,Violence and sexual offences,Unable to prosecute suspect,
81e214fd532cc97a9436c0fca8edc026a1b3d2d33f66ed978054c768790bcf7e,2024-11,Essex Police,Essex Police,0.908716,51.855400,On or near Prunus Court,E01021658,Colchester 016B,Violence and sexual offences,Unable to prosecute suspect,
42e2a9c967ab787a252b8c24ba7c56d4b831bfa62671583feabae12c66613d79,2024-11,Essex Police,Essex Police,0.911035,51.857582,On or near Nathan Court,E01021658,Colchester 016B,Violence and sexual offences,Court result unavailable,
2da514e21d5fad621d21a8aaca1d6350f36756872ed6c18db51311d0dbac5d7d,2024-11,Essex Police,Essex Police,0.910175,51.855949,On or near Bober Court,E01021658,Colchester 016B,Violence and sexual offences,Unable to prosecute suspect,
3bed9ac688678efe7afa5c4530336af0c30f25746846c5268305d6ff5da5c708,2024-11,Essex Police,Essex Police,0.910916,51.854384,On or near Garrod Court,E01021658,Colchester 016B,Other crime,Unable to prosecute suspect,
,2024-11,Essex Police,Essex Police,0.928172,51.877213,On or near Albany Gardens,E01021664,Colchester 016C,Anti-social behaviour,,
,2024-11,Essex Police,Essex Police,0.921112,51.874330,On or near Canwick Grove,E01021664,Colchester 016C,Anti-social behaviour,,
,2024-11,Essex Police,Essex Police,0.928062,51.875300,On or near Whitehall Road,E01021664,Colchester 016C,Anti-social behaviour,,
,2024-11,Essex Police,Essex Police,0.930427,51.878596,On or near King Edward Quay,E01021664,Colchester 016C,Anti-social behaviour,,
1a59043f61c6f71204cdd63bb93d36ba9fcd931d5c82cdeb0afcf35d9039cb46,2024-11,Essex Police,Essex Police,0.923721,51.874014,On or near Supermarket,E01021664,Colchester 016C,Bicycle theft,Investigation complete; no suspect identified,
c464ccf1c47b8f19c0db44d3517df38c6744fa2b66ffaf7299b123646f973d8b,2024-11,Essex Police,Essex Police,0.925507,51.875345,On or near Whitehall Close,E01021664,Colchester 016C,Burglary,Investigation complete; no suspect identified,
d7542d959e1ea1d9eaba346bdee9f06b97250265a559fbfd33dbc688f658f6b3,2024-11,Essex Police,Essex Police,0.931509,51.877363,On or near Haven Road,E01021664,Colchester 016C,Criminal damage and arson,Investigation complete; no suspect identified,
18a358c618bc60a24f7f05caa2888af3e4d43ca36233a6871bed5ac8ceec6a72,2024-11,Essex Police,Essex Police,0.931509,51.877363,On or near Haven Road,E01021664,Colchester 016C,Criminal damage and arson,Investigation complete; no suspect identified,
83f097f8e13dc13d2c7b882b80e966cb5638b7a5b319e7d3f30e034f04070cb9,2024-11,Essex Police,Essex Police,0.928172,51.877213,On or near Albany Gardens,E01021664,Colchester 016C,Criminal damage and arson,Investigation complete; no suspect identified,
6ca47b26491e89d3766dd52e4a8e4ec7b319e65d91caa4909badac09d348ebd1,2024-11,Essex Police,Essex Police,0.920090,51.878295,On or near Scarletts Road,E01021664,Colchester 016C,Other theft,Unable to prosecute suspect,
78ff6ec292fc3fd0be1a8a73ea69b5faeb74d58347801f4d2e67e3be575ab314,2024-11,Essex Police,Essex Police,0.928172,51.877213,On or near Albany Gardens,E01021664,Colchester 016C,Public order,Unable to prosecute suspect,
78aa44d5c68c617b8b8596b0bd74dce3760d8fce663484b275596f281ff8e7d1,2024-11,Essex Police,Essex Police,0.926102,51.877570,On or near Distillery Lane,E01021664,Colchester 016C,Robbery,Investigation complete; no suspect identified,
4ee41074295154e07748a40e4efc2f70588aa66f51bf3baaf3b6d501d4470ec0,2024-11,Essex Police,Essex Police,0.926950,51.877198,On or near Waterside Lane,E01021664,Colchester 016C,Shoplifting,Investigation complete; no suspect identified,
ea7ef075e021a001475b0be57bbba260a6140bacd9d38fca1530a408e671b141,2024-11,Essex Police,Essex Police,0.923721,51.874014,On or near Supermarket,E01021664,Colchester 016C,Shoplifting,Investigation complete; no suspect identified,
6bac8d88e4a235a50309e5416472656c3f970fe37b2b99746ed1133a2e33ed3b,2024-11,Essex Police,Essex Police,0.925507,51.875345,On or near Whitehall Close,E01021664,Colchester 016C,Vehicle crime,Investigation complete; no suspect identified,
d6cf754ecbd5259002d139da0945a5935a224cf30c1c1dae5e2ef30072b293a3,2024-11,Essex Police,Essex Police,0.928449,51.874328,On or near Grange Farm Road,E01021664,Colchester 016C,Vehicle crime,Investigation complete; no suspect identified,
077d61f7bcb707039d2b689b1e798a7745bfd945f0fbbb9eb47a919afe348332,2024-11,Essex Police,Essex Police,0.919311,51.878827,On or near Belmont Place,E01021664,Colchester 016C,Violence and sexual offences,Action to be taken by another organisation,
440d93eb25bf2a2a39f69a15d7b24981b9e0889e079dc29e4c5ff2843ed8b3da,2024-11,Essex Police,Essex Police,0.922564,51.879475,On or near Smiths Field,E01021664,Colchester 016C,Violence and sexual offences,Unable to prosecute suspect,
0c5570719b33c80cd398d1cd39c451a5bf87e312171cc49a499063825ba30038,2024-11,Essex Police,Essex Police,0.923721,51.874014,On or near Supermarket,E01021664,Colchester 016C,Violence and sexual offences,Action to be taken by another organisation,
0644a7480b264218518e1a4d89e69fa853c6fd73c72e98b315e0e921c4bb1739,2024-11,Essex Police,Essex Police,0.919311,51.878827,On or near Belmont Place,E01021664,Colchester 016C,Violence and sexual offences,Unable to prosecute suspect,
,2024-11,Essex Police,Essex Police,0.910458,51.873830,On or near Normandy Avenue,E01021665,Colchester 016D,Anti-social behaviour,,
e5a856dbc3e31fb2c7746a94b24eef07258288df3fd9d7ad28aba9b3900b6e7b,2024-11,Essex Police,Essex Police,0.910458,51.873830,On or near Normandy Avenue,E01021665,Colchester 016D,Burglary,Unable to prosecute suspect,
a5bc94264a1f9576eacf1e3d256953faf108944e5ed3d70a7863a44de4c14beb,2024-11,Essex Police,Essex Police,0.910309,51.875129,On or near Stalin Road,E01021665,Colchester 016D,Burglary,Investigation complete; no suspect identified,
a405b67c84cd28a571d3341ae2a2590e9050740954be0c6a99e139ada57e295b,2024-11,Essex Police,Essex Police,0.911037,51.873123,On or near Ladbrook Drive,E01021665,Colchester 016D,Criminal damage and arson,Investigation complete; no suspect identified,
5da71c177c1f9926da04fabfcfe318820f21df89641881d9294a649bf3d7050a,2024-11,Essex Police,Essex Police,0.910027,51.874129,On or near Horrocks Close,E01021665,Colchester 016D,Drugs,Court result unavailable,
9c9b07799dbe9e724f460492a0e83f5d18c29f1b3dd2a8080ea596358cc863f1,2024-11,Essex Police,Essex Police,0.915244,51.873918,On or near Tarragona Mews,E01021665,Colchester 016D,Other theft,Investigation complete; no suspect identified,
b750b9e0b8b409cc1288ddf92ad4519f263f13c448b4640d4ce7cb593548027a,2024-11,Essex Police,Essex Police,0.911455,51.875550,On or near Montgomery Close,E01021665,Colchester 016D,Public order,Investigation complete; no suspect identified,
5a748a9c28155d67eeb6863ac6bb63f07f8b7652e98bdbef816ef45edcc813e4,2024-11,Essex Police,Essex Police,0.911455,51.875550,On or near Montgomery Close,E01021665,Colchester 016D,Shoplifting,Investigation complete; no suspect identified,
e28384707b0182a3a2d3e3ead4e1463cb4d219c88e11acfe7e1910de8f3aca51,2024-11,Essex Police,Essex Police,0.910309,51.875129,On or near Stalin Road,E01021665,Colchester 016D,Violence and sexual offences,Unable to prosecute suspect,
6b2d8aed30d24ff210b097695be6175ec0e610d0ad9047b60ddc98179bf6c394,2024-11,Essex Police,Essex Police,0.908896,51.874615,On or near Mulberry Avenue,E01021665,Colchester 016D,Violence and sexual offences,Unable to prosecute suspect,
9963566d12d82b218d9375ffbf27470843caf46fcbf976e1dcd8a6ba8692d3f8,2024-11,Essex Police,Essex Police,0.910458,51.873830,On or near Normandy Avenue,E01021665,Colchester 016D,Violence and sexual offences,Court result unavailable,
6116bc51b50c5ffb8d01bd7ef2a65d462dadb6c02de758913fa3bdcf0706a63a,2024-11,Essex Police,Essex Police,0.908896,51.874615,On or near Mulberry Avenue,E01021665,Colchester 016D,Violence and sexual offences,Action to be taken by another organisation,
dab64545fcb64897e7d4ea1127f3cd4833070c0f09b820fec771a7383e036a36,2024-11,Essex Police,Essex Police,0.908896,51.874615,On or near Mulberry Avenue,E01021665,Colchester 016D,Violence and sexual offences,Unable to prosecute suspect,
1dc3a0f0fefe8d3aedaadd0fba57556828f25f0625d97702194ef506098eb7af,2024-11,Essex Police,Essex Police,0.914057,51.875108,On or near Brittany Way,E01021665,Colchester 016D,Violence and sexual offences,Unable to prosecute suspect,
1cdc4322168f98317cd2f45da6b915189424bcac85d63736faf12e8d38133df2,2024-11,Essex Police,Essex Police,0.911037,51.873123,On or near Ladbrook Drive,E01021665,Colchester 016D,Violence and sexual offences,Unable to prosecute suspect,
c327153b70c5eef2b1dfdf5bcb929519aef4f67c75a4b832ab21dc31d57cacd0,2024-11,Essex Police,Essex Police,0.916675,51.873577,On or near Dorchester End,E01021666,Colchester 016E,Other theft,Unable to prosecute suspect,
b25016111155f3a00358cf01e55fba5fc36df1d9a5b20f810f9e00d5e3cc4087,2024-11,Essex Police,Essex Police,0.916874,51.874193,On or near Tortosa Close,E01021666,Colchester 016E,Other theft,Formal action is not in the public interest,
ffe85113232202071d14827fd34538381e4c7e1e6bb67dadd7f91015f4fa192d,2024-11,Essex Police,Essex Police,0.916675,51.873577,On or near Dorchester End,E01021666,Colchester 016E,Public order,Awaiting court outcome,
ad69f74c140154aebc7319d25689e2908553418c3265689e07797dd3fc78c3c4,2024-11,Essex Police,Essex Police,0.916675,51.873577,On or near Dorchester End,E01021666,Colchester 016E,Public order,Unable to prosecute suspect,
e5b028c5282754e18d373c7f7129225a0328b2a4b8e81fa69ed6b7826385f995,2024-11,Essex Police,Essex Police,0.916675,51.873577,On or near Dorchester End,E01021666,Colchester 016E,Public order,Unable to prosecute suspect,
7d7efe4fd392fabc1fb4496a08009d8aee8b0a4d225f7322616ff4cd4eff8733,2024-11,Essex Police,Essex Police,0.916675,51.873577,On or near Dorchester End,E01021666,Colchester 016E,Vehicle crime,Investigation complete; no suspect identified,
3ebff8619fb94d60d616e89d1591505a116ce3e010b1a1635ac1135949a26ade,2024-11,Essex Police,Essex Police,0.926515,51.872523,On or near Bus/Coach Station,E01021666,Colchester 016E,Violence and sexual offences,Court result unavailable,
918010d2f9235cd04542df5d8fddda5e1642ac679390c18b5f09a42c82f3db9e,2024-11,Essex Police,Essex Police,0.916675,51.873577,On or near Dorchester End,E01021666,Colchester 016E,Violence and sexual offences,Unable to prosecute suspect,
,2024-11,Essex Police,Essex Police,0.926598,51.867755,On or near Cheveling Road,E01021667,Colchester 016F,Anti-social behaviour,,
,2024-11,Essex Police,Essex Police,0.928412,51.865038,On or near Foresight Road,E01021667,Colchester 016F,Anti-social behaviour,,
1b9bdebde4627fdf9269404564dc2a22fbf985f8a0deaeffec1f57f1e48161e3,2024-11,Essex Police,Essex Police,0.927340,51.868896,On or near Colne View,E01021667,Colchester 016F,Criminal damage and arson,Unable to prosecute suspect,
c21f6dcdce0d4924acb1debb7e7b77aed703ab872f55f6c3c74e69cc2ba06c47,2024-11,Essex Police,Essex Police,0.924731,51.868305,On or near Savill Road,E01021667,Colchester 016F,Theft from the person,Investigation complete; no suspect identified,
ee6d2442556911ca37289be653ac65c9dbe77d74c306467bf1bb37485944b3f7,2024-11,Essex Police,Essex Police,0.926598,51.867755,On or near Cheveling Road,E01021667,Colchester 016F,Theft from the person,Unable to prosecute suspect,
14b1b976817b378e1ef17c0416dca99d61286963ead516100fc25d9af26b01d3,2024-11,Essex Police,Essex Police,0.928412,51.865038,On or near Foresight Road,E01021667,Colchester 016F,Violence and sexual offences,Unable to prosecute suspect,
7277bc20cdb98b590badf0ec0f1bbb153f8b51969249b8eb16f881714213f9f6,2024-11,Essex Police,Essex Police,0.927340,51.868896,On or near Colne View,E01021667,Colchester 016F,Violence and sexual offences,Unable to prosecute suspect,
4cf2230046b957f32d6b6371384ea6a0ce9f45237c0af900d54aae508d7565d6,2024-11,Essex Police,Essex Police,0.926653,51.866359,On or near Speedwell Road,E01021667,Colchester 016F,Violence and sexual offences,Unable to prosecute suspect,
083bf74e9b2be0ae96215b4b33778ade5f8f274309c86c24820a5a709c2ebaf6,2024-11,Essex Police,Essex Police,0.927424,51.866610,On or near Wick Road,E01021667,Colchester 016F,Violence and sexual offences,Unable to prosecute suspect,
2a7ac68a8144e89c9ce2619f721bf3afca54158854d58f477102ddcd107e244b,2024-11,Essex Police,Essex Police,0.926598,51.867755,On or near Cheveling Road,E01021667,Colchester 016F,Violence and sexual offences,Unable to prosecute suspect,
54075cc07e1482770ca0c152339040003bc7c6645bcd842415082e04670c09af,2024-11,Essex Police,Essex Police,0.927340,51.868896,On or near Colne View,E01021667,Colchester 016F,Violence and sexual offences,Investigation complete; no suspect identified,
,2024-11,Essex Police,Essex Police,0.946555,51.876798,On or near Theatre/Concert Hall,E01021736,Colchester 017A,Anti-social behaviour,,
b7405ebb2c94401b232ac76a8e390160fabb4fb56defdb3a79021c74174256a6,2024-11,Essex Police,Essex Police,0.937747,51.880769,On or near Parking Area,E01021736,Colchester 017A,Bicycle theft,Investigation complete; no suspect identified,
8a7a557beab4e9215e920cfeeb6bd9ef581b1643d54b8ecf3c6da57dc451e256,2024-11,Essex Police,Essex Police,0.946555,51.876798,On or near Theatre/Concert Hall,E01021736,Colchester 017A,Bicycle theft,Investigation complete; no suspect identified,
8203373a90fc3d227268a399e76ba1b3e49e904db048a9a92f7c72bd88f03538,2024-11,Essex Police,Essex Police,0.939521,51.880113,On or near Parking Area,E01021736,Colchester 017A,Bicycle theft,Investigation complete; no suspect identified,
eb13465974202a58310b27a8b8936c5f6519df18a309e172ab43518bfca1c6dc,2024-11,Essex Police,Essex Police,0.946555,51.876798,On or near Theatre/Concert Hall,E01021736,Colchester 017A,Bicycle theft,Investigation complete; no suspect identified,
1b90c38b393a34e8320005aecda710eb66c819379f3c6d739d3062b74d9333c3,2024-11,Essex Police,Essex Police,0.946555,51.876798,On or near Theatre/Concert Hall,E01021736,Colchester 017A,Bicycle theft,Investigation complete; no suspect identified,
87761404988ff403d317ee1db953673fed8aceb98c29fb3eb413ad0effd00369,2024-11,Essex Police,Essex Police,0.946555,51.876798,On or near Theatre/Concert Hall,E01021736,Colchester 017A,Bicycle theft,Investigation complete; no suspect identified,
6062d665f8252ec8d8b80f6b89e07c038f1e2c80e8a9fda4d2c8a5bdfef3cbfd,2024-11,Essex Police,Essex Police,0.946555,51.876798,On or near Theatre/Concert Hall,E01021736,Colchester 017A,Public order,Investigation complete; no suspect identified,
593c33ead680d1532af6c5866f304b2b0c68926bd0bc33ed70f17df975d9f473,2024-11,Essex Police,Essex Police,0.946555,51.876798,On or near Theatre/Concert Hall,E01021736,Colchester 017A,Public order,Investigation complete; no suspect identified,
41debadcbecd4b3900876675350759677d257ee43a16be28a9fe4191486b66b1,2024-11,Essex Police,Essex Police,0.937747,51.880769,On or near Parking Area,E01021736,Colchester 017A,Violence and sexual offences,Investigation complete; no suspect identified,
f02fe01de952f60e4894b128182943d3888519327c4f13bf3efaa750cb2a7891,2024-11,Essex Police,Essex Police,0.946555,51.876798,On or near Theatre/Concert Hall,E01021736,Colchester 017A,Violence and sexual offences,Unable to prosecute suspect,
4fc584f03882b063182409467f496600612e58f9644d753364bda0e20643a75c,2024-11,Essex Police,Essex Police,0.945021,51.876561,On or near Conference/Exhibition Centre,E01021736,Colchester 017A,Violence and sexual offences,Investigation complete; no suspect identified,
9ff86c83ab4c96bf95fa0aabe14bbeaa9b1045b4b2f5a6347881e5194878590d,2024-11,Essex Police,Essex Police,0.946555,51.876798,On or near Theatre/Concert Hall,E01021736,Colchester 017A,Violence and sexual offences,Investigation complete; no suspect identified,
738060181b0030b6a8c14e846d4aaab3a6bd8c6372e29e47a19d25890a7990b3,2024-11,Essex Police,Essex Police,0.946555,51.876798,On or near Theatre/Concert Hall,E01021736,Colchester 017A,Violence and sexual offences,Unable to prosecute suspect,
39308bf55359bb949e6f245387987ecba396621450fbf5b7598e75b1d614243f,2024-11,Essex Police,Essex Police,0.946555,51.876798,On or near Theatre/Concert Hall,E01021736,Colchester 017A,Violence and sexual offences,Unable to prosecute suspect,
9020e89efe78cae3a0c4f0ee0c73cff69971a44863ec6455a6bb07a20e8365a7,2024-11,Essex Police,Essex Police,0.946555,51.876798,On or near Theatre/Concert Hall,E01021736,Colchester 017A,Violence and sexual offences,Unable to prosecute suspect,
8c32cb48a17e6c18af4c8e69547dddae5d7ab911b80c0f8d1bb3164cb3b3615b,2024-11,Essex Police,Essex Police,0.956592,51.866554,On or near Broome Grove,E01021736,Colchester 017A,Violence and sexual offences,Action to be taken by another organisation,
35582a461d438ffa18b5bd30412ebdd02804e0300ad529dec6091ad668a5422b,2024-11,Essex Police,Essex Police,0.944470,51.880907,On or near Parking Area,E01021736,Colchester 017A,Violence and sexual offences,Unable to prosecute suspect,
dc21cb5063bf1afe57deb48ed985d6d0bd2fe23e7f0ddc109a404d897c278654,2024-11,Essex Police,Essex Police,0.939521,51.880113,On or near Parking Area,E01021736,Colchester 017A,Violence and sexual offences,Investigation complete; no suspect identified,
2e8be7eddc88635eaf1af9eb21c1b879659672b30c6fcc762079694189f00eae,2024-11,Essex Police,Essex Police,0.946555,51.876798,On or near Theatre/Concert Hall,E01021736,Colchester 017A,Violence and sexual offences,Unable to prosecute suspect,
2d96b25db02ab28a7fa8977c5fc51ceb6a1a3e6bdac78dc0637d8acfd5046ed9,2024-11,Essex Police,Essex Police,0.965890,51.872292,On or near Robert Way,E01021737,Colchester 017B,Violence and sexual offences,Court result unavailable,
eb083757607eb8a1443ee71a759d08f7a923be4b0b8b18fb04e3096fbf8c631a,2024-11,Essex Police,Essex Police,0.964639,51.869850,On or near Leys Road,E01021737,Colchester 017B,Violence and sexual offences,Unable to prosecute suspect,
5a8a018c1f10146a84493bf66f5bbd635b2f6b5520e4784ebbe032d18cf6c0a0,2024-11,Essex Police,Essex Police,0.956932,51.861779,On or near Parkwood Avenue,E01021738,Colchester 017C,Burglary,Court result unavailable,
16b78c75d30ef8ed574293e6b7c2f0680821d696ecad19cfab0754ce2bf151da,2024-11,Essex Police,Essex Police,0.957003,51.854879,On or near The Shipwrights,E01021738,Colchester 017C,Burglary,Investigation complete; no suspect identified,
cfd1330f57885b2cc64097002cc5213d3f3407fa5573907382833dc13b455f62,2024-11,Essex Police,Essex Police,0.958651,51.856097,On or near Chapel Road,E01021738,Colchester 017C,Shoplifting,Investigation complete; no suspect identified,
a893d5416a6311d42d59a6ba4084cb22f2bf1690de023fb2939de2845faf9865,2024-11,Essex Police,Essex Police,0.956719,51.855201,On or near Dry Dock,E01021738,Colchester 017C,Vehicle crime,Unable to prosecute suspect,
2753562b3fc754531bacc178c2f3242100e63a15addd6e8e2a6ba993cadfc4f8,2024-11,Essex Police,Essex Police,0.953180,51.855722,On or near Merediths Close,E01021738,Colchester 017C,Vehicle crime,Investigation complete; no suspect identified,
3a01db08a640ad51cd13cd65d2329ef2b44ff50008ce5615d53c631f5f887bbc,2024-11,Essex Police,Essex Police,0.953180,51.855722,On or near Merediths Close,E01021738,Colchester 017C,Vehicle crime,Investigation complete; no suspect identified,
933838c0701587c0564f3a01fbef82b169fb59fea663b262eaee06f98e2e6526,2024-11,Essex Police,Essex Police,0.954410,51.856536,On or near Spindrift Way,E01021738,Colchester 017C,Vehicle crime,Investigation complete; no suspect identified,
e3fb4dd274959edc0e9caa69539afd5641734913bd2c13060a4d5c2f30cb6dd8,2024-11,Essex Police,Essex Police,0.954807,51.855951,On or near Admirals Walk,E01021738,Colchester 017C,Vehicle crime,Investigation complete; no suspect identified,
3e24cdaa9ff892643078a5756409302e41e4995d696674b325db902b5807b56b,2024-11,Essex Police,Essex Police,0.959680,51.854740,On or near East Street,E01021738,Colchester 017C,Violence and sexual offences,Offender given a caution,
f262e81d623d38962c1f44c411e39815c2ec0cf41456aa57d4483e4f2b193ebd,2024-11,Essex Police,Essex Police,0.959945,51.854571,On or near Black Buoy Hill,E01021738,Colchester 017C,Violence and sexual offences,Unable to prosecute suspect,
d941c9aaf9a9e3521b9f50c68f3f2b9ed4d83de014cc1a950da2141214ad18b4,2024-11,Essex Police,Essex Police,0.959945,51.854571,On or near Black Buoy Hill,E01021738,Colchester 017C,Violence and sexual offences,Unable to prosecute suspect,
be466d277fff1aa99828be1fc9f60619f37cc5c5ad06259c66cb2fce63158d15,2024-11,Essex Police,Essex Police,0.962522,51.853778,On or near Parking Area,E01021738,Colchester 017C,Violence and sexual offences,Unable to prosecute suspect,
04a0cc5372fab88073b862a83f480f0e480efe3c98b17de9a629bdfc3b658b99,2024-11,Essex Police,Essex Police,0.964069,51.857435,On or near The Dale,E01021739,Colchester 017D,Burglary,Court result unavailable,
d418a27ce56e787c1c6ac7050c6bc2dc364b1415a262b21d35de343c5f4f1e94,2024-11,Essex Police,Essex Police,0.961654,51.863333,On or near Harvey Road,E01021739,Colchester 017D,Burglary,Investigation complete; no suspect identified,
6de0943c52df45ca476b1e17d64cf88fe34f0de300adb40b6744ec62b667fc9a,2024-11,Essex Police,Essex Police,0.960008,51.859732,On or near Supermarket,E01021739,Colchester 017D,Other theft,Investigation complete; no suspect identified,
23254b370fc9692bb8d5b6d526cb0bb027c5736e087157b0773ac3ac9f103b5c,2024-11,Essex Police,Essex Police,0.964069,51.857435,On or near The Dale,E01021739,Colchester 017D,Vehicle crime,Investigation complete; no suspect identified,
16a8edd324e782f5f1c79ebed2cca7f6f78fe82bb2ffac3f849e52425d3d9378,2024-11,Essex Police,Essex Police,0.967160,51.857609,On or near Ballast Quay Road,E01021739,Colchester 017D,Violence and sexual offences,Status update unavailable,
b8dfdb6aa9f6b1314a005d61e96d06a06f6a58a39eab7331c8b93e745338e20d,2024-11,Essex Police,Essex Police,0.966176,51.860314,On or near Turner Close,E01021739,Colchester 017D,Violence and sexual offences,Unable to prosecute suspect,
30dc4b527ed303efce53401da9d3224649deecad58f7307cc87fec97dc88ec10,2024-11,Essex Police,Essex Police,0.966802,51.859012,On or near Friars Close,E01021739,Colchester 017D,Other crime,Status update unavailable,
,2024-11,Essex Police,Essex Police,0.962420,51.865490,On or near Nelson Close,E01021740,Colchester 017E,Anti-social behaviour,,
6b04b0857eab94cc9406647a55da64ef5a3a85c16091fdd5eb82b54ccfed3396,2024-11,Essex Police,Essex Police,0.962420,51.865490,On or near Nelson Close,E01021740,Colchester 017E,Burglary,Investigation complete; no suspect identified,
490b8e3843b951444c623f4211d8f9dfb6390f3dd0b5eadfdf1a8c21acf322db,2024-11,Essex Police,Essex Police,0.963360,51.864765,On or near Rectory Road,E01021740,Colchester 017E,Criminal damage and arson,Investigation complete; no suspect identified,
0f5ff6677cd9418840e9cd81425fbfc6ef61d2255d5799a82b27422ed08f2dec,2024-11,Essex Police,Essex Police,0.962420,51.865490,On or near Nelson Close,E01021740,Colchester 017E,Criminal damage and arson,Investigation complete; no suspect identified,
97b396507f4e80ac8e7180662cc19303e9f20da3a6697879d47147020e88e9f6,2024-11,Essex Police,Essex Police,0.963360,51.864765,On or near Rectory Road,E01021740,Colchester 017E,Drugs,Offender given a caution,
814f5dd9d820227a142c892bd19de298d38309f3dc2e2754dad01fcc49ac7d04,2024-11,Essex Police,Essex Police,0.960599,51.866292,On or near Tower Road,E01021740,Colchester 017E,Other theft,Investigation complete; no suspect identified,
2789121a97fd96409ca7130478cf4433a5ccf96c29c2fc2cf482e2958422540c,2024-11,Essex Police,Essex Police,0.961740,51.866200,On or near Wivenhoe Cross,E01021740,Colchester 017E,Vehicle crime,Investigation complete; no suspect identified,
ccba5cb602a3c9232ffb5776487d2063d8f7f548001aedafceeffa7d709da410,2024-11,Essex Police,Essex Police,0.957703,51.864440,On or near Spring Chase,E01021740,Colchester 017E,Vehicle crime,Investigation complete; no suspect identified,
abbd36229df1267e84246ece38d6a02dd5964f9e036e1c9205fee9b4576fb46a,2024-11,Essex Police,Essex Police,0.957327,51.862929,On or near Britannia Crescent,E01021740,Colchester 017E,Violence and sexual offences,Unable to prosecute suspect,
424c26e5720cff9532b8e346161aa9fcae37377134a0af9a6fce151c48eef380,2024-11,Essex Police,Essex Police,0.957327,51.862929,On or near Britannia Crescent,E01021740,Colchester 017E,Violence and sexual offences,Unable to prosecute suspect,
60932ff58e332d1cb69a5bbe15a80a0aae0ad1107f49f715e875bfe925470a60,2024-11,Essex Police,Essex Police,0.962420,51.865490,On or near Nelson Close,E01021740,Colchester 017E,Violence and sexual offences,Investigation complete; no suspect identified,
fa4ada3f32a2ce788771afdf3b6947dd1b69540a280fbc3efd26040036f29f90,2024-11,Essex Police,Essex Police,0.960126,51.862418,On or near The Avenue,E01021740,Colchester 017E,Violence and sexual offences,Investigation complete; no suspect identified,
,2024-11,Essex Police,Essex Police,0.906385,51.871062,On or near The Willows,E01021637,Colchester 018A,Anti-social behaviour,,
,2024-11,Essex Police,Essex Police,0.909026,51.871455,On or near Parking Area,E01021637,Colchester 018A,Anti-social behaviour,,
,2024-11,Essex Police,Essex Police,0.908841,51.871964,On or near Petrol Station,E01021637,Colchester 018A,Anti-social behaviour,,
38d93c62c21e185d9d0d89a597d269dd5b6a2442d391ff343bbd3b910fb56ad2,2024-11,Essex Police,Essex Police,0.904138,51.870236,On or near Wych Elm,E01021637,Colchester 018A,Bicycle theft,Court result unavailable,
f95055da62d478ca7c89585f24dee2c1f52d176af12cf5d74410a9f1d211f4f6,2024-11,Essex Police,Essex Police,0.902847,51.876132,On or near Queen Mary Avenue,E01021637,Colchester 018A,Burglary,Investigation complete; no suspect identified,
b32f0afc4a3610f11e3567a3d341381e5cc1679201629a553f6bb0de078e12da,2024-11,Essex Police,Essex Police,0.908841,51.871964,On or near Petrol Station,E01021637,Colchester 018A,Criminal damage and arson,Investigation complete; no suspect identified,
65c2945084bc48b5862275df1578775509af1d94db5cf9b4fa93c8ca24f1221f,2024-11,Essex Police,Essex Police,0.908533,51.868320,On or near Firlie Walk,E01021637,Colchester 018A,Drugs,Investigation complete; no suspect identified,
cf4ace6a6cf2017444d51439c326b50a19705c91d9f3e5f6e27688bfb82c778a,2024-11,Essex Police,Essex Police,0.908645,51.869153,On or near Queen Elizabeth Way,E01021637,Colchester 018A,Drugs,Unable to prosecute suspect,
87852814464700da7dcabf96abd0a24facbf6deeeeaf45d2ba2f11d021b79fbb,2024-11,Essex Police,Essex Police,0.902847,51.876132,On or near Queen Mary Avenue,E01021637,Colchester 018A,Other theft,Investigation complete; no suspect identified,
45582b593c5c9570f8271e637b043e1522e84a4a97855286643adee0f74f71db,2024-11,Essex Police,Essex Police,0.908841,51.871964,On or near Petrol Station,E01021637,Colchester 018A,Violence and sexual offences,Local resolution,
f706f74e9214091c8aaabcc0db3d9e982008a2bad648f0f2d0aeb32fd5f39a12,2024-11,Essex Police,Essex Police,0.902847,51.876132,On or near Queen Mary Avenue,E01021637,Colchester 018A,Violence and sexual offences,Unable to prosecute suspect,
b97a4be73f600e3ae93a06e1737c32ef5c99b7747aaa34e8e040ee76ffa8e6da,2024-11,Essex Police,Essex Police,0.895382,51.862619,On or near Wall Mews,E01021638,Colchester 018B,Criminal damage and arson,Unable to prosecute suspect,
a8f5324d401d8d8a1f4124c423acf7bae9aa97a5922230aa8778c607d4112bfa,2024-11,Essex Police,Essex Police,0.895382,51.862619,On or near Wall Mews,E01021638,Colchester 018B,Other theft,Unable to prosecute suspect,
fc32a908e70b0708c35625e9e5b3cc600f30b700c7cbf3526a866651524d2a17,2024-11,Essex Police,Essex Police,0.895429,51.860414,On or near Berechurch Hall Road,E01021638,Colchester 018B,Other theft,Unable to prosecute suspect,
732c1852a8b72f7000167aa2ecf010f86fef96f216169ef93057e2f818251361,2024-11,Essex Police,Essex Police,0.907633,51.864052,On or near Stansted Road,E01021638,Colchester 018B,Public order,Unable to prosecute suspect,
f05a608cc39604b9962741ee84af5b3eb17ee551a728b0cee398ed261787598d,2024-11,Essex Police,Essex Police,0.907633,51.864052,On or near Stansted Road,E01021638,Colchester 018B,Public order,Unable to prosecute suspect,
97b7e6ffadffcb969cd04ea910d4cb263087624a6a52cb98debe10ffe26b4cf2,2024-11,Essex Police,Essex Police,0.907633,51.864052,On or near Stansted Road,E01021638,Colchester 018B,Shoplifting,Investigation complete; no suspect identified,
5fcce0ed43b0719828068c6f3fde48c2d307f8b788a93f76dc4cc3b18c993dca,2024-11,Essex Police,Essex Police,0.906880,51.865438,On or near Queen Elizabeth Way,E01021638,Colchester 018B,Violence and sexual offences,Unable to prosecute suspect,
2fa20f74a69f52bf6cd222cc37acd75cefd2b6413fbbda6ad99665069adda3be,2024-11,Essex Police,Essex Police,0.906860,51.865132,On or near Queen Elizabeth Way,E01021638,Colchester 018B,Violence and sexual offences,Investigation complete; no suspect identified,
4ce445580e4f359898a4cfa330b93af68d427d9310248672e50516a24a4eaaa4,2024-11,Essex Police,Essex Police,0.902050,51.865791,On or near Sheering Walk,E01021638,Colchester 018B,Violence and sexual offences,Court result unavailable,
8a40ca19b69eb5829d1226f93fb026f62ba37b355641d4d28ddb008839d1b1e6,2024-11,Essex Police,Essex Police,0.895429,51.860414,On or near Berechurch Hall Road,E01021638,Colchester 018B,Violence and sexual offences,Unable to prosecute suspect,
65232064cd8a8fe90f7b56ae004969385bbd908e0528707f410eb682940810ea,2024-11,Essex Police,Essex Police,0.896203,51.860710,On or near Madeley Close,E01021639,Colchester 018C,Bicycle theft,Investigation complete; no suspect identified,
05f5ff635e40e0502dd2375d8544e0bf7582106edb84b23c40b5d104d32be813,2024-11,Essex Police,Essex Police,0.900524,51.860585,On or near William Harris Way,E01021639,Colchester 018C,Criminal damage and arson,Unable to prosecute suspect,
e0445e3bb15073c449d8f206e8bcc5af927ca3cb9755217bcc0e02fd2eda235e,2024-11,Essex Police,Essex Police,0.902004,51.861916,On or near Richard Day Walk,E01021639,Colchester 018C,Criminal damage and arson,Unable to prosecute suspect,
e423812615fa6ea06171bdc67f6fd050943e8126668fcc32f6ecdb934272bcbc,2024-11,Essex Police,Essex Police,0.900073,51.860569,On or near John Hammond Close,E01021639,Colchester 018C,Drugs,Local resolution,
90401288acf653bae1ede5912304ef6448f1fa274481ab1cc5877b551961b43a,2024-11,Essex Police,Essex Police,0.899385,51.860712,On or near Thomas Benold Walk,E01021639,Colchester 018C,Drugs,Court result unavailable,
a985b6e652d20add9baf2e650f114988e53cd2e58a80261082e1a44a759ea241,2024-11,Essex Police,Essex Police,0.904944,51.858399,On or near Thaxted Walk,E01021639,Colchester 018C,Other theft,Investigation complete; no suspect identified,
7f64d00e7f46ca05204fe35568c7d5a7368e4129d98bd20ed2b9b8b60c17b4a2,2024-11,Essex Police,Essex Police,0.903816,51.862528,On or near Middlewick Close,E01021639,Colchester 018C,Other theft,Investigation complete; no suspect identified,
43abc46a6324cc7e426c25e7fab662e78ce09735a6542deec412476d9722da10,2024-11,Essex Police,Essex Police,0.900524,51.860585,On or near William Harris Way,E01021639,Colchester 018C,Public order,Unable to prosecute suspect,
955644e1454006f77b8bd8c13f08d01de6d061934288a3d61f0bea4c99597ba6,2024-11,Essex Police,Essex Police,0.901723,51.861392,On or near James Gore Drive,E01021639,Colchester 018C,Vehicle crime,Investigation complete; no suspect identified,
e25217a8084e79539baabcaf1140cc23c76d099ce1027fc64aa1b10d452aa9c6,2024-11,Essex Police,Essex Police,0.901567,51.857385,On or near Friday Wood Green,E01021639,Colchester 018C,Violence and sexual offences,Unable to prosecute suspect,
2eb1c772f197f3a0d23fa39dbbbcdbbb21a5db1e0c00b39754f30935155e6beb,2024-11,Essex Police,Essex Police,0.904424,51.858447,On or near Finchingfield Way,E01021639,Colchester 018C,Violence and sexual offences,Unable to prosecute suspect,
2ab5164ce9cb2783aad56a98a0cdbe70c68db019cb5a50e72f04cef027e9bb67,2024-11,Essex Police,Essex Police,0.890806,51.861031,On or near Berechurch Hall Road,E01021639,Colchester 018C,Violence and sexual offences,Investigation complete; no suspect identified,
18647308f323046faee646e04de9f4eebb3ce6d5023c2535d1d1f4f114adb34d,2024-11,Essex Police,Essex Police,0.901575,51.860442,On or near Rose Allen Avenue,E01021639,Colchester 018C,Violence and sexual offences,Unable to prosecute suspect,
aafa7268b14e0a68abb2c89c2ade271cc546b512621608cd774e64c6521ba688,2024-11,Essex Police,Essex Police,0.904944,51.858399,On or near Thaxted Walk,E01021639,Colchester 018C,Violence and sexual offences,Unable to prosecute suspect,
ea46058d1b4b35f2031798e75cf4c5b6bb78f5784657fc342c08732577e1ae75,2024-11,Essex Police,Essex Police,0.899221,51.859979,On or near Richard Nichols Cl.,E01021639,Colchester 018C,Violence and sexual offences,Unable to prosecute suspect,
fbe7d2c07de8ec60560068bf7fca45a1ac6a79dd097e303f5d5d9bc149ea9c2b,2024-11,Essex Police,Essex Police,0.901575,51.860442,On or near Rose Allen Avenue,E01021639,Colchester 018C,Violence and sexual offences,Investigation complete; no suspect identified,
2b359d23a3d667aa25933d5bd454d9bb02bbee01104e3fe71d62c7060b23a14f,2024-11,Essex Police,Essex Police,0.902004,51.861916,On or near Richard Day Walk,E01021639,Colchester 018C,Violence and sexual offences,Unable to prosecute suspect,
,2024-11,Essex Police,Essex Police,0.911085,51.863292,On or near Melbourne Chase,E01021640,Colchester 018D,Anti-social behaviour,,
9f92d8101dd5a1296b37f8904fe5d1ae47692225f60e0e57b1d07a3fdc20a5ae,2024-11,Essex Police,Essex Police,0.910770,51.860890,On or near Fremantle Road,E01021640,Colchester 018D,Burglary,Investigation complete; no suspect identified,
25f0ff91015f53236c3119b9725ecd65ef6dc92402073a382980e1213f753e0e,2024-11,Essex Police,Essex Police,0.910412,51.861429,On or near Bathurst Close,E01021640,Colchester 018D,Other theft,Investigation complete; no suspect identified,
fc5218e675395b6dc1a821d55d426c8a96595e9e0bc453bdf2ad2446d5f7c989,2024-11,Essex Police,Essex Police,0.909669,51.860710,On or near Canberra Close,E01021640,Colchester 018D,Vehicle crime,Unable to prosecute suspect,
4697adcb4ede8e80e857ef61f3722062ccabcf0f32b505bf027d6fc2f0a555fe,2024-11,Essex Police,Essex Police,0.909669,51.860710,On or near Canberra Close,E01021640,Colchester 018D,Violence and sexual offences,Unable to prosecute suspect,
0c6764e65769e8cc2b6c01af67317d4ffa0b153ef4d84e5035e3f04d6c03e101,2024-11,Essex Police,Essex Police,0.906047,51.862221,On or near Terling Close,E01021641,Colchester 018E,Possession of weapons,Court result unavailable,
66d427841e47fd450876e4e2a1a30e25ad05aa87c65a44b0435f5cc2564aa294,2024-11,Essex Police,Essex Police,0.906047,51.862221,On or near Terling Close,E01021641,Colchester 018E,Violence and sexual offences,Unable to prosecute suspect,
7303323e2722b2634d96f080b7666abd73907f177132c3f208a6bc363653687c,2024-11,Essex Police,Essex Police,0.904457,51.861432,On or near Bardfield Road,E01021641,Colchester 018E,Violence and sexual offences,Unable to prosecute suspect,
3ca78be1177417ae8a78bb06d4bae12f1d19d32bceee058ba392a00b03e140d9,2024-11,Essex Police,Essex Police,0.904457,51.861432,On or near Bardfield Road,E01021641,Colchester 018E,Violence and sexual offences,Unable to prosecute suspect,
5ccf4ab912e15622c7120a42302abbb0be98e52d6e616ef8041f30e5d5eabdc7,2024-11,Essex Police,Essex Police,0.904457,51.861432,On or near Bardfield Road,E01021641,Colchester 018E,Violence and sexual offences,Unable to prosecute suspect,
5abe6b4063317b6d0e3156fe30c410143460849d0b4c050a35768c750a8ac80d,2024-11,Essex Police,Essex Police,0.899428,51.871998,On or near Memnon Court,E01021642,Colchester 018F,Criminal damage and arson,Investigation complete; no suspect identified,
3e609538c159a4dd6b4bd3df4f48a9473f5f77691dcccc7f3a2a2578a1dbadfd,2024-11,Essex Police,Essex Police,0.903759,51.879005,On or near Meyrick Crescent,E01021642,Colchester 018F,Drugs,Investigation complete; no suspect identified,
86e73f058b09aa79567000adc75fd46992c9d458c92ae624ddd4466bdf427227,2024-11,Essex Police,Essex Police,0.898644,51.870650,On or near Circus Square,E01021642,Colchester 018F,Violence and sexual offences,Unable to prosecute suspect,
2aefa9de17d3b9a08e5357fc484ddd700a84fd6c47cd2f0113e6469b603345e1,2024-11,Essex Police,Essex Police,0.903337,51.876749,On or near King George Road,E01021642,Colchester 018F,Violence and sexual offences,Unable to prosecute suspect,
2098411900eb923f217582d7bfc0c5285e4d7dec4669d75eee62b6fd754adb08,2024-11,Essex Police,Essex Police,0.901313,51.878022,On or near Britannia Mews,E01021642,Colchester 018F,Violence and sexual offences,Unable to prosecute suspect,
e3c7ca580ebe91ae1ce6557f7c763cfe715c02280aedb949c4464ecdc4f3f875,2024-11,Essex Police,Essex Police,0.903337,51.876749,On or near King George Road,E01021642,Colchester 018F,Violence and sexual offences,Unable to prosecute suspect,
631bd242ec453ee5158e206ae5e5024a85d0320262f2c4f168804486f7dab770,2024-11,Essex Police,Essex Police,0.903337,51.876749,On or near King George Road,E01021642,Colchester 018F,Violence and sexual offences,Investigation complete; no suspect identified,
,2024-11,Essex Police,Essex Police,0.783476,51.832774,On or near B1022,E01021643,Colchester 019A,Anti-social behaviour,,
523c4e2ac175809d79a8001a0b27dd83ba9f9735d91259a1f76182285dce09de,2024-11,Essex Police,Essex Police,0.726144,51.834549,On or near Kelvedon Road,E01021643,Colchester 019A,Burglary,Investigation complete; no suspect identified,
8ed60322fb4b5c23d80e75b889461bb3b2b02a003cd2d60a450f73c333ec2dcd,2024-11,Essex Police,Essex Police,0.753606,51.814043,On or near Tawell Mews,E01021643,Colchester 019A,Criminal damage and arson,Unable to prosecute suspect,
6bc0bd0d2776f0183992b3bee4fd9a28de9cdaf9f6db56531bb44955c879a523,2024-11,Essex Police,Essex Police,0.756605,51.815402,On or near Grove Road,E01021643,Colchester 019A,Other theft,Unable to prosecute suspect,
34617c31b2fd30b436ef39d2710409c6aaaa4b59d20ff6f67fe97d0391dd8e12,2024-11,Essex Police,Essex Police,0.726144,51.834549,On or near Kelvedon Road,E01021643,Colchester 019A,Public order,Unable to prosecute suspect,
2f39dac7667c7da1bb1fcb208a45db1f9ed03772a619837c9b32c966caa477fe,2024-11,Essex Police,Essex Police,0.756605,51.815402,On or near Grove Road,E01021643,Colchester 019A,Other crime,Unable to prosecute suspect,
,2024-11,Essex Police,Essex Police,0.843923,51.809994,On or near Layer Road,E01021644,Colchester 019B,Anti-social behaviour,,
,2024-11,Essex Police,Essex Police,0.851677,51.801586,On or near School Lane,E01021644,Colchester 019B,Anti-social behaviour,,
e1875da456385be72f5dced89a685afd20a27e3b4ff0270770fb8cbb68718b20,2024-11,Essex Police,Essex Police,0.825121,51.860551,On or near Birch Park,E01021644,Colchester 019B,Burglary,Investigation complete; no suspect identified,
54d5adb20cb91fdc8e6fff2aa9d891e06a3f929ae9e6a345fee7bf8c376e8edc,2024-11,Essex Police,Essex Police,0.850440,51.839443,On or near Waterworks Close,E01021644,Colchester 019B,Drugs,Local resolution,
d847fbbf6a4ee0af0df84015cfb8fa5169dbc246ef320e4bffe9e9c185ff0d4b,2024-11,Essex Police,Essex Police,0.818752,51.836745,On or near Luard Way,E01021644,Colchester 019B,Violence and sexual offences,Unable to prosecute suspect,
,2024-11,Essex Police,Essex Police,0.859080,51.843811,On or near Rye Lane,E01021645,Colchester 019C,Anti-social behaviour,,
675aff7472fe18bc88199f8904b3ef3f06d1921c62849e769814327566215a38,2024-11,Essex Police,Essex Police,0.859080,51.843811,On or near Rye Lane,E01021645,Colchester 019C,Violence and sexual offences,Action to be taken by another organisation,
a2629a0fbe04a7ff4a164e99e89513eaea30e72b1bfd63037e691e2aab028228,2024-11,Essex Police,Essex Police,0.859080,51.843811,On or near Rye Lane,E01021645,Colchester 019C,Violence and sexual offences,Action to be taken by another organisation,
1093d373652a609579fc8f0bdb1d50cda74a66bb0d7d2135a67e46dbe462f722,2024-11,Essex Police,Essex Police,0.861045,51.844123,On or near Malting Green Road,E01021645,Colchester 019C,Violence and sexual offences,Unable to prosecute suspect,
13c1a86cd7b89c681a5faa03f6ea222760cbf9aab77b4e6b032e4dcd4840abd0,2024-11,Essex Police,Essex Police,0.866677,51.843860,On or near The Folley,E01021645,Colchester 019C,Violence and sexual offences,Unable to prosecute suspect,
,2024-11,Essex Police,Essex Police,0.913227,51.832607,On or near Sawkins Close,E01021694,Colchester 019D,Anti-social behaviour,,
e266cde5f81083e5e27062b372597ffbf29dc2ac84b7b2cc60a796f842814397,2024-11,Essex Police,Essex Police,0.988626,51.793371,On or near Broman'S Lane,E01021694,Colchester 019D,Criminal damage and arson,Investigation complete; no suspect identified,
5a36a9f6c61fce886186c8a15f76904be41de1fbf3ba1f616e3f004204cdcd8b,2024-11,Essex Police,Essex Police,0.944044,51.845042,On or near Fingringhoe Road,E01021694,Colchester 019D,Drugs,Unable to prosecute suspect,
5550481d339f84e626cdf0046cb8ddc5c41729433a95bf69cdb1a4bbdbb12b5e,2024-11,Essex Police,Essex Police,0.956043,51.849102,On or near Ferry Road,E01021694,Colchester 019D,Possession of weapons,Unable to prosecute suspect,
6346e92398981116f04bac7232c83ea6ef114bcf890ef5acb93c502d89a35e21,2024-11,Essex Police,Essex Police,0.956798,51.849983,On or near Ferry Road,E01021694,Colchester 019D,Violence and sexual offences,Unable to prosecute suspect,
c9f7773e41e428df06e2d349460d1ec04864976f4a6759437877040b985169ad,2024-11,Essex Police,Essex Police,0.956798,51.849983,On or near Ferry Road,E01021694,Colchester 019D,Violence and sexual offences,Status update unavailable,
0900d818a87d67320dba69d920d07580ed254d5f405dca5c3519779792ec4d86,2024-11,Essex Police,Essex Police,0.958684,51.846194,On or near Brook Hall Road,E01021694,Colchester 019D,Violence and sexual offences,Unable to prosecute suspect,
09a0535f9a6cff177fef1278417c0b622df3a4560ee53d4b7ccbe1cbcd1a27e8,2024-11,Essex Police,Essex Police,0.956798,51.849983,On or near Ferry Road,E01021694,Colchester 019D,Violence and sexual offences,Status update unavailable,
1b3c1dd611a0ba7b014829baff7073213c9b0191cc8c2821935b0c8e9d4d347e,2024-11,Essex Police,Essex Police,0.958290,51.847724,On or near Ballast Quay Road,E01021694,Colchester 019D,Violence and sexual offences,Unable to prosecute suspect,
fe6f81ad81f2f563b430e9a9eef7ded8fba7e0f88e20f7f3163b3ea5bd4d7d08,2024-11,Essex Police,Essex Police,0.911011,51.829091,On or near Mersea Road,E01021694,Colchester 019D,Violence and sexual offences,Unable to prosecute suspect,
,2024-11,Essex Police,Essex Police,0.758312,51.810794,On or near Gager Drive,E01021723,Colchester 020A,Anti-social behaviour,,
cb41f6b6fe1b34a9ab7621888ac8bfe60675cdefed6171f087a1d933b0bb0030,2024-11,Essex Police,Essex Police,0.748148,51.813775,On or near Petrol Station,E01021723,Colchester 020A,Criminal damage and arson,Investigation complete; no suspect identified,
872138bb0d14ef2ab6fe74cf6965b40463a44d7ade93de5578e5f20d80e4c61c,2024-11,Essex Police,Essex Police,0.747075,51.808296,On or near Coriander Road,E01021724,Colchester 020B,Violence and sexual offences,Unable to prosecute suspect,
97d74fc23e05e0eaef4e4f8c34bbf15c29d24b43f60a763a237955bf3072f42b,2024-11,Essex Police,Essex Police,0.738844,51.813479,On or near Pennsylvania Lane,E01021724,Colchester 020B,Violence and sexual offences,Unable to prosecute suspect,
2f177643913fa4dae742dfc96008594c30342ee1004320e0b765945137e56e35,2024-11,Essex Police,Essex Police,0.747075,51.808296,On or near Coriander Road,E01021724,Colchester 020B,Violence and sexual offences,Unable to prosecute suspect,
26589593ba5a499b6bbf8b0326f9a8f1df3a21494bb153e55da117be838b28a0,2024-11,Essex Police,Essex Police,0.748921,51.810015,On or near Caxton Close,E01021724,Colchester 020B,Violence and sexual offences,Unable to prosecute suspect,
d90ca352ac82dc01a2775f877534f39767be1181a0adfc33d64ce27870f7f39e,2024-11,Essex Police,Essex Police,0.744218,51.811420,On or near Rosemary Crescent,E01021724,Colchester 020B,Violence and sexual offences,Unable to prosecute suspect,
9e87bfd8638dfe25b37c35c7566366c008f6fa5467b04da8e4d822b2061a4f8c,2024-11,Essex Police,Essex Police,0.748921,51.810015,On or near Caxton Close,E01021724,Colchester 020B,Violence and sexual offences,Unable to prosecute suspect,
f6831851b3c4630030da004929ee991bbd4cf043e487f1e411315b985832565e,2024-11,Essex Police,Essex Police,0.748921,51.810015,On or near Caxton Close,E01021724,Colchester 020B,Violence and sexual offences,Unable to prosecute suspect,
0a69a262b5fa4cdb35139f6b01c99cfdc70baf0b8e330ec05bd4aea0906529b7,2024-11,Essex Police,Essex Police,0.756103,51.807401,On or near Damson Close,E01021725,Colchester 020C,Criminal damage and arson,Unable to prosecute suspect,
d7117f981b5284639dce0a89ab06f0198548ad55b7cfc5719e009174f0475256,2024-11,Essex Police,Essex Police,0.747132,51.807557,On or near Station Road,E01021725,Colchester 020C,Violence and sexual offences,Unable to prosecute suspect,
5a59d1f02cfd491b2cc2163abcdca3d724d45cfd49adf9d1592723d8ae0753a1,2024-11,Essex Police,Essex Police,0.755332,51.806906,On or near Factory Hill,E01021725,Colchester 020C,Violence and sexual offences,Investigation complete; no suspect identified,
,2024-11,Essex Police,Essex Police,0.745278,51.818114,On or near Pit Lane,E01021726,Colchester 020D,Anti-social behaviour,,
85abd415decdde89964f5ca5f701ab9d36dbf2e1f6f2dd40a7ac8950fa8afb83,2024-11,Essex Police,Essex Police,0.745667,51.821162,On or near Cedar Avenue,E01021726,Colchester 020D,Criminal damage and arson,Unable to prosecute suspect,
a2ada9a32a6505b0db7190e5e1588cbedde2d293c5baae007dac4db02c6804d1,2024-11,Essex Police,Essex Police,0.745667,51.821162,On or near Cedar Avenue,E01021726,Colchester 020D,Other theft,Formal action is not in the public interest,
898eb9318ae16a0f1ff10b29f305f36c9bee09ce9ab023ad98a576eedf8900df,2024-11,Essex Police,Essex Police,0.745667,51.821162,On or near Cedar Avenue,E01021726,Colchester 020D,Possession of weapons,Action to be taken by another organisation,
f95e8de0558dd75b62d86266687f90d7f9d914f530f197d7bc1e366a9c6af3dd,2024-11,Essex Police,Essex Police,0.745667,51.821162,On or near Cedar Avenue,E01021726,Colchester 020D,Public order,Unable to prosecute suspect,
a8e6463fd8e8fc6eaeaa658a7a69de27856a9c9ad9ae5dbdec455b7b3d1b1df7,2024-11,Essex Police,Essex Police,0.745667,51.821162,On or near Cedar Avenue,E01021726,Colchester 020D,Violence and sexual offences,Unable to prosecute suspect,
ce19fcd7a47e25d45ebc17dbec5badca4b8c6cf0a4cc372a077a5665f4aa73ab,2024-11,Essex Police,Essex Police,0.745667,51.821162,On or near Cedar Avenue,E01021726,Colchester 020D,Violence and sexual offences,Action to be taken by another organisation,
72e655cb8eeea9a0025a3419fc9b41c02514136afae2dbde301c945f6e9db489,2024-11,Essex Police,Essex Police,0.745667,51.821162,On or near Cedar Avenue,E01021726,Colchester 020D,Violence and sexual offences,Unable to prosecute suspect,
d8a3d20cbb569102799bbe11da70abc54a1a4b1d1f0bc12aee2281c2c727cf7e,2024-11,Essex Police,Essex Police,0.745667,51.821162,On or near Cedar Avenue,E01021726,Colchester 020D,Violence and sexual offences,Unable to prosecute suspect,
c8d06ff9541f6f05fc889c601e8e19512f254103269aaec0b5bbac82fbfbd028,2024-11,Essex Police,Essex Police,0.745667,51.821162,On or near Cedar Avenue,E01021726,Colchester 020D,Violence and sexual offences,Unable to prosecute suspect,
ce9adc69f742496d03713b45cb160bfa1301d583dd2e9789c92da0c056fddc73,2024-11,Essex Police,Essex Police,0.745667,51.821162,On or near Cedar Avenue,E01021726,Colchester 020D,Violence and sexual offences,Formal action is not in the public interest,
f1c060dbc36dc64e0cf2729012c346d81518a10bc8e7b40d9bedf5c9a3ca1350,2024-11,Essex Police,Essex Police,0.745667,51.821162,On or near Cedar Avenue,E01021726,Colchester 020D,Violence and sexual offences,Unable to prosecute suspect,
107752e082f31c6136e5d6956d74cf9e7e092f972b82f8dba96d561abc74c2ae,2024-11,Essex Police,Essex Police,0.745667,51.821162,On or near Cedar Avenue,E01021726,Colchester 020D,Violence and sexual offences,Unable to prosecute suspect,
1ef933c0ec523f33a275169aa98886e47193c0ecb4e0366d66bff931fcfbc956,2024-11,Essex Police,Essex Police,0.745667,51.821162,On or near Cedar Avenue,E01021726,Colchester 020D,Violence and sexual offences,Unable to prosecute suspect,
0d75507b024cb01d36b21baf6c3e2cc231fc226762220e81fa44db0affc1c7f1,2024-11,Essex Police,Essex Police,0.745667,51.821162,On or near Cedar Avenue,E01021726,Colchester 020D,Violence and sexual offences,Unable to prosecute suspect,
505093dbaaa29179bda88d08d7ad997a2909d1540d78837da1971701e71912b6,2024-11,Essex Police,Essex Police,0.745667,51.821162,On or near Cedar Avenue,E01021726,Colchester 020D,Violence and sexual offences,Unable to prosecute suspect,
472275186915cc79ce485b7bd67855110ecf9e97512f27bace37de104c66f841,2024-11,Essex Police,Essex Police,0.741201,51.820277,On or near Townsend Road,E01021726,Colchester 020D,Violence and sexual offences,Action to be taken by another organisation,
6a3932ed1a8e792bbaa4fae4b4a5f3a9b4697c737df988e0de0c171b1ad58eaa,2024-11,Essex Police,Essex Police,0.745667,51.821162,On or near Cedar Avenue,E01021726,Colchester 020D,Violence and sexual offences,Unable to prosecute suspect,
4e9bb83c2ac31957d485cdc9d06d1178cb496d74b4c3da525d4dd7a031349174,2024-11,Essex Police,Essex Police,0.745667,51.821162,On or near Cedar Avenue,E01021726,Colchester 020D,Violence and sexual offences,Unable to prosecute suspect,
8eff9a4ffea551425082c728ee87af20fb08a77e5f198537a1e4f859e1598b11,2024-11,Essex Police,Essex Police,0.745667,51.821162,On or near Cedar Avenue,E01021726,Colchester 020D,Violence and sexual offences,Unable to prosecute suspect,
c87445a52a0e04be450970a2d68c7b6a60a76fb02d8b8d76d4371273f7324a17,2024-11,Essex Police,Essex Police,0.743021,51.821566,On or near Oak Road,E01021726,Colchester 020D,Violence and sexual offences,Unable to prosecute suspect,
668cd3010b03d624575de11850d5f056bbdbe75d840b95349e93475f04218d31,2024-11,Essex Police,Essex Police,0.745667,51.821162,On or near Cedar Avenue,E01021726,Colchester 020D,Violence and sexual offences,Unable to prosecute suspect,
65c5004861b8b25fac1a1e128dd5b40f8f0100eb06357b172ab4a1b39170bbcd,2024-11,Essex Police,Essex Police,0.745667,51.821162,On or near Cedar Avenue,E01021726,Colchester 020D,Violence and sexual offences,Unable to prosecute suspect,
0734c3b9aaf0936c28fe2fa5cc534d059dc4294bd33decf20c5f4c5e881c32c6,2024-11,Essex Police,Essex Police,0.745667,51.821162,On or near Cedar Avenue,E01021726,Colchester 020D,Violence and sexual offences,Unable to prosecute suspect,
9a034abb8bb7f8079006f1174c7065ea00590f4266aaa6c24798bd47d7399980,2024-11,Essex Police,Essex Police,0.745667,51.821162,On or near Cedar Avenue,E01021726,Colchester 020D,Violence and sexual offences,Unable to prosecute suspect,
3c57238ecb7e90574782be7e6fe796d7f32fefc610a16db33ce8ce7ee2fd0038,2024-11,Essex Police,Essex Police,0.745667,51.821162,On or near Cedar Avenue,E01021726,Colchester 020D,Other crime,Action to be taken by another organisation,
152ed00055f19b281f81c5664a69cbd869e31d61427817d2bd04e7f7ce7a6067,2024-11,Essex Police,Essex Police,0.747359,51.817013,On or near Arnold Villas,E01021726,Colchester 020D,Other crime,Action to be taken by another organisation,
7f9d0bbb8ee9a2964fc1667c7db200917ffc21e098f320afc42272a3ed626b0d,2024-11,Essex Police,Essex Police,0.733319,51.816648,On or near Pennsylvania Lane,E01021727,Colchester 020E,Burglary,Investigation complete; no suspect identified,
5cba88d762b9b26ff14fd49a89113f2d9d58a9ce7c44666c50eeb2819c43d11f,2024-11,Essex Police,Essex Police,0.749379,51.816345,On or near Bijou Close,E01021727,Colchester 020E,Other theft,Unable to prosecute suspect,
0fa49ee954e5592b87f352307f8177e866b29820b806606d08797c837563e4c8,2024-11,Essex Police,Essex Police,0.739287,51.816473,On or near Honeybee Grove,E01021727,Colchester 020E,Violence and sexual offences,Action to be taken by another organisation,
b555d5e83da007cdb246392bb751812d7466ae645a30ccdf7ff5aa80db9a44d1,2024-11,Essex Police,Essex Police,0.741491,51.815972,On or near Queensway,E01021727,Colchester 020E,Violence and sexual offences,Unable to prosecute suspect,
cb5dcfb7a7815295eca64d00a79ef5b01c4e6c9dbcd71ba101dce8568aebee6b,2024-11,Essex Police,Essex Police,0.739287,51.816473,On or near Honeybee Grove,E01021727,Colchester 020E,Violence and sexual offences,Unable to prosecute suspect,
801a09ce448226c8539d3b8cb35c271f542f4c368b248b84d67d024639260a74,2024-11,Essex Police,Essex Police,0.740076,51.819674,On or near Kelvedon Road,E01021727,Colchester 020E,Violence and sexual offences,Unable to prosecute suspect,
c0673c56c4e72d99aa2b3711446276fa6743ba076012ad274ea1c3b2d4f5eabc,2024-11,Essex Police,Essex Police,0.740076,51.819674,On or near Kelvedon Road,E01021727,Colchester 020E,Violence and sexual offences,Unable to prosecute suspect,
c0d44e26642a4019b2ec5ab3e1f5e366ccfcf7bfca39c9c88e51ff53e2d50615,2024-11,Essex Police,Essex Police,0.749379,51.816345,On or near Bijou Close,E01021727,Colchester 020E,Violence and sexual offences,Unable to prosecute suspect,
df31c8f6b933a9b9058ed1d2f22dfa6331941ee2652b6bb2fc5c117aa307221c,2024-11,Essex Police,Essex Police,0.750411,51.815431,On or near Heycroft Way,E01021727,Colchester 020E,Violence and sexual offences,Unable to prosecute suspect,
abff07731fa4edcece8222862fe926a79c3ceddc9c6ca011cdb2dfa241f9fe53,2024-11,Essex Police,Essex Police,0.927094,51.774019,On or near Victoria Esplanade,E01021731,Colchester 021A,Criminal damage and arson,Investigation complete; no suspect identified,
b238a9f996d21c69789116e3d7110ab9a29efbab4874b07ce38f14131a49cdf3,2024-11,Essex Police,Essex Police,0.924795,51.777700,On or near The Paddocks,E01021731,Colchester 021A,Other theft,Investigation complete; no suspect identified,
3834ead786e2dbb3a2bf27a1cd47f46e73e6df5c2ca9f3547361fa89f67045ca,2024-11,Essex Police,Essex Police,0.923850,51.779900,On or near Oakwood Avenue,E01021731,Colchester 021A,Violence and sexual offences,Investigation complete; no suspect identified,
984f2d944c5305962300563b410049a41223645e581686133fd16c05194e737e,2024-11,Essex Police,Essex Police,0.899991,51.780923,On or near Carriers Close,E01021733,Colchester 021C,Burglary,Investigation complete; no suspect identified,
1f40574954a7b97cf88fbb541a850e282646426d5535e4dfca36ae0c89c427c2,2024-11,Essex Police,Essex Police,0.904709,51.775366,On or near Coast Road,E01021733,Colchester 021C,Other theft,Investigation complete; no suspect identified,
e7bff17a3bf5e16b9a9cebc3c543597c521b382ce8552ec94028df60767f8f2a,2024-11,Essex Police,Essex Police,0.938910,51.790308,On or near Haycocks Lane,E01021733,Colchester 021C,Vehicle crime,Unable to prosecute suspect,
af8ffb08e6d361e2b6e18af0c498d1393abc3848159b3bd3d665c08dac39b829,2024-11,Essex Police,Essex Police,0.928411,51.782494,On or near Wellhouse Avenue,E01021733,Colchester 021C,Violence and sexual offences,Court result unavailable,
36464d10d2dbff45f5435340b39e895a53a7f987ccda3f8ccf8334ae0deedc11,2024-11,Essex Police,Essex Police,0.927540,51.783595,On or near Glebe View,E01021733,Colchester 021C,Violence and sexual offences,Unable to prosecute suspect,
d165580746c1b2c15265426f1f1ed3e6115b82b29ded71e4ddfd4a1de215be5b,2024-11,Essex Police,Essex Police,0.906916,51.780374,On or near Strood Close,E01021734,Colchester 021D,Possession of weapons,Investigation complete; no suspect identified,
805d1419120b6d8495cccf92466531a5e833c7e4ae5e3b9edd8bf0dd213e32ed,2024-11,Essex Police,Essex Police,0.912365,51.778989,On or near Mersea Avenue,E01021734,Colchester 021D,Violence and sexual offences,Unable to prosecute suspect,
f8b3335e41c9c554035dafc2d746b8de391e4f145f17f9e0a15dd6d138d21f43,2024-11,Essex Police,Essex Police,0.912365,51.778989,On or near Mersea Avenue,E01021734,Colchester 021D,Violence and sexual offences,Investigation complete; no suspect identified,
8d9f470a903a7660b623572e39c317bd5689d6f37afe6436cb08852744fee34b,2024-11,Essex Police,Essex Police,0.917244,51.778428,On or near Parking Area,E01021735,Colchester 021E,Shoplifting,Investigation complete; no suspect identified,
1af50d0c926ee49451a95e9932a80111828d8dda6b6f140a4730fd67cdd4dce1,2024-11,Essex Police,Essex Police,0.909604,51.775730,On or near Church Road,E01021735,Colchester 021E,Vehicle crime,Investigation complete; no suspect identified,
0d1504868a0d7ef26aff237d088438c298080c0fcfed48739b340bd006115ed2,2024-11,Essex Police,Essex Police,0.919766,51.775271,On or near Goings Lane,E01021735,Colchester 021E,Violence and sexual offences,Unable to prosecute suspect,
c91947a60098f310906f440d2b74a6d34364ee12bd79ff2026eaad0100bde07d,2024-11,Essex Police,Essex Police,0.919766,51.775271,On or near Goings Lane,E01021735,Colchester 021E,Violence and sexual offences,Unable to prosecute suspect,
47962d3f6d69a2e62f114f33eb61c49a0c91d394c071bd030f155b420850e9ca,2024-11,Essex Police,Essex Police,0.909604,51.775730,On or near Church Road,E01021735,Colchester 021E,Violence and sexual offences,Investigation complete; no suspect identified,
9f50b5aeb163cfb7cb881913ea56ece52bdde4e8ed29445264f679a711d6e89d,2024-11,Essex Police,Essex Police,0.909604,51.775730,On or near Church Road,E01021735,Colchester 021E,Violence and sexual offences,Unable to prosecute suspect,
a371899d2f5a461a3ef6dfee7a283fde28065360753d3b154419a624964fcd57,2024-11,Essex Police,Essex Police,0.919766,51.775271,On or near Goings Lane,E01021735,Colchester 021E,Violence and sexual offences,Unable to prosecute suspect,
3832c7680f18c68b73092231a9e2847749cdf0974b7d7730aa3fb10cbd0eb9c3,2024-11,Essex Police,Essex Police,0.919766,51.775271,On or near Goings Lane,E01021735,Colchester 021E,Violence and sexual offences,Unable to prosecute suspect,
36d0498fdd6b4272adacb2be0da4fc244924d251e5c7874b871ad60d76dea368,2024-11,Essex Police,Essex Police,0.939559,51.900069,On or near Blackwater Avenue,E01021708,Colchester 022A,Violence and sexual offences,Unable to prosecute suspect,
51b8825ce51027078d355eb38f4fbe6bf9639a2d752beebfb1d8470c40346014,2024-11,Essex Police,Essex Police,0.939559,51.900069,On or near Blackwater Avenue,E01021708,Colchester 022A,Violence and sexual offences,Investigation complete; no suspect identified,
8752c8c3498b3296842c000cebfdf4575a3bf60ea980dd7be9e3cd3608b3634d,2024-11,Essex Police,Essex Police,0.934210,51.905221,On or near St John'S Road,E01021708,Colchester 022A,Violence and sexual offences,Unable to prosecute suspect,
151d4bafa19d1e26d0c1106b3ee989dfa53453582d42e5f0e97a1e5a094d31c1,2024-11,Essex Police,Essex Police,0.934277,51.902459,On or near St Judes Close,E01021709,Colchester 022B,Criminal damage and arson,Unable to prosecute suspect,
da5a503f4528c9e18fccc831a00f5356ff1b4f046ce920499084467356776ff6,2024-11,Essex Police,Essex Police,0.929662,51.902807,On or near Parking Area,E01021709,Colchester 022B,Criminal damage and arson,Offender given a caution,
d0e279ff5a69b35d3eaa7c31918b5040a4e6bf910b51c7245d45f01b7fe75130,2024-11,Essex Police,Essex Police,0.930872,51.901968,On or near St Bride Court,E01021709,Colchester 022B,Other theft,Investigation complete; no suspect identified,
03165864250e68242ab290b7b89431e3058b4c4372d61ca6534b048be7b428d3,2024-11,Essex Police,Essex Police,0.926710,51.900336,On or near Pegasus Way,E01021709,Colchester 022B,Public order,Investigation complete; no suspect identified,
7030348e25de84e222643c3da3d48377118a9413500c7058e51693faad4eb63e,2024-11,Essex Police,Essex Police,0.929321,51.904264,On or near St Mark Drive,E01021709,Colchester 022B,Violence and sexual offences,Unable to prosecute suspect,
73f4420c830c6ce7ccbfa4899f01708160033e10315cba13392c700fbdd36013,2024-11,Essex Police,Essex Police,0.932157,51.915885,On or near Dennis Randle Way,E01021710,Colchester 022C,Violence and sexual offences,Action to be taken by another organisation,
a9591ada9c95014032808ced29681737414afecc04efb43fc1145151a758dfa6,2024-11,Essex Police,Essex Police,0.932266,51.916890,On or near Francis Gunn Close,E01021710,Colchester 022C,Violence and sexual offences,Investigation complete; no suspect identified,
aad09933c593e57c7fe81d7f2700f3e1eca0192d6798486c8885db5a824ea487,2024-11,Essex Police,Essex Police,0.932157,51.915885,On or near Dennis Randle Way,E01021710,Colchester 022C,Violence and sexual offences,Action to be taken by another organisation,
296ba227ee56113ebe1e55b48274b1c3a7f25fec9c4eb78197a05faa39f058e0,2024-11,Essex Police,Essex Police,0.917613,51.893898,On or near Orchard Gardens,E01021702,Colchester 022D,Burglary,Investigation complete; no suspect identified,
ee6179c5a8f6d19864ae08c65f42690503743b42396382e297ea6b8fcad25090,2024-11,Essex Police,Essex Police,0.919206,51.898517,On or near Suffolk Close,E01021702,Colchester 022D,Burglary,Investigation complete; no suspect identified,
75e6fdf2f1ce36fb513424efe8ae8b3ed3c522829cc68beeb85cf00b2d4d863e,2024-11,Essex Police,Essex Police,0.919206,51.898517,On or near Suffolk Close,E01021702,Colchester 022D,Violence and sexual offences,Investigation complete; no suspect identified,
83ca6060549c6e50e39a418c6eec596a8994477caadf8bdac31c009f8915b752,2024-11,Essex Police,Essex Police,0.919927,51.895513,On or near St Anne'S Road,E01021702,Colchester 022D,Violence and sexual offences,Status update unavailable,
5b8e2c718c3b4e2df75f1f6e46487f942635821b365f2baa79c4046027f5d134,2024-11,Essex Police,Essex Police,0.920099,51.895473,On or near Dilbridge Road West,E01021703,Colchester 022E,Criminal damage and arson,Investigation complete; no suspect identified,
7ed80377e594ad09f7fe04b57aca941cda92d3a51d3f650603fd4517355943e2,2024-11,Essex Police,Essex Police,0.925917,51.898206,On or near Barkstead Road,E01021703,Colchester 022E,Vehicle crime,Investigation complete; no suspect identified,
31cd49e176b17aed927014d70e5caf618d7e351178d39ea6fd4800a866c8dc8f,2024-11,Essex Police,Essex Police,0.925917,51.898206,On or near Barkstead Road,E01021703,Colchester 022E,Vehicle crime,Investigation complete; no suspect identified,
58518057c3f904ec3cfce3074de40114f16ba8494776a7a575737ccc48dbca4c,2024-11,Essex Police,Essex Police,0.924287,51.895495,On or near Fairhead Road North,E01021703,Colchester 022E,Violence and sexual offences,Unable to prosecute suspect,
78ea8953c8c67875cb3ecda29d74be3023b73f47136fcce4c1456281416e835b,2024-11,Essex Police,Essex Police,0.927159,51.898742,On or near The Causeway,E01021703,Colchester 022E,Violence and sexual offences,Unable to prosecute suspect,
472dd67cc6b4f74d213988cb2254f673ce7a2190270d6c30571d678d7d820546,2024-11,Essex Police,Essex Police,0.924411,51.898747,On or near Wilson Marriage Road,E01021703,Colchester 022E,Violence and sexual offences,Unable to prosecute suspect,
,2024-11,Essex Police,Essex Police,0.922590,51.892866,On or near St Edmund'S Court,E01021704,Colchester 022F,Anti-social behaviour,,
8613041e6d44cc77b4acb68be5047bafa0e1344ed80a109373c553d8a6e43ea2,2024-11,Essex Police,Essex Police,0.927095,51.894633,On or near Harwich Road,E01021704,Colchester 022F,Criminal damage and arson,Investigation complete; no suspect identified,
989f1b80400a560d3dc9e479377e3d8aa85f1c9b3fc9361822bd989ea6aab0cb,2024-11,Essex Police,Essex Police,0.925562,51.894977,On or near Crown Bays Road,E01021704,Colchester 022F,Criminal damage and arson,Status update unavailable,
5d3ef635f353e5375f9e3765aac3d75680ef14fdc5d6acc4e4f61c27e7750d3a,2024-11,Essex Police,Essex Police,0.922590,51.892866,On or near St Edmund'S Court,E01021704,Colchester 022F,Drugs,Unable to prosecute suspect,
dd4fe9896b2bce283e845c7d35c9318da3609dac1d1fff3eb0f4f90e38a84448,2024-11,Essex Police,Essex Police,0.920272,51.892977,On or near St Andrews Gardens,E01021704,Colchester 022F,Other theft,Unable to prosecute suspect,
8467293670c9bed1880bb6a438730ce2c8065c517a32e3deb77b6a85dc6442f8,2024-11,Essex Police,Essex Police,0.918777,51.893464,On or near Supermarket,E01021704,Colchester 022F,Other theft,Investigation complete; no suspect identified,
e88a94a1b36d6d88dd38201fb919579c9ed43220deb77e792eedfbe301791259,2024-11,Essex Police,Essex Police,0.918777,51.893464,On or near Supermarket,E01021704,Colchester 022F,Public order,Investigation complete; no suspect identified,
dd807b14e7e974521c2931707268f9f30bb626e395f01664340ff965b3cdd936,2024-11,Essex Police,Essex Police,0.926697,51.894319,On or near Supermarket,E01021704,Colchester 022F,Shoplifting,Unable to prosecute suspect,
a144efdc56e16cab103d9745c5584af65e014f5f3fe3cc29981b764a303773a0,2024-11,Essex Police,Essex Police,0.926697,51.894319,On or near Supermarket,E01021704,Colchester 022F,Theft from the person,Investigation complete; no suspect identified,
62853b8916c28b0de7f024a0ff23898c3f753a5f3a034cdf15ecb8440d0dab05,2024-11,Essex Police,Essex Police,0.925801,51.895070,On or near Alderton Road,E01021704,Colchester 022F,Vehicle crime,Unable to prosecute suspect,
49ce435da2d96ccca406f7291e385ce741cdc42f719a87746e2a2c82f20f5052,2024-11,Essex Police,Essex Police,0.918777,51.893464,On or near Supermarket,E01021704,Colchester 022F,Violence and sexual offences,Unable to prosecute suspect,
54d63fbe684229d28a8ae36e3fd1815c2622229c48673c721382b14f89d3b55e,2024-11,Essex Police,Essex Police,0.922590,51.892866,On or near St Edmund'S Court,E01021704,Colchester 022F,Violence and sexual offences,Unable to prosecute suspect,
65c8fe55c6cd77dbd0765c1ce17ed80fdd183d78c5f7149efa7af5f684cd3ddf,2024-11,Essex Police,Essex Police,0.922590,51.892866,On or near St Edmund'S Court,E01021704,Colchester 022F,Violence and sexual offences,Unable to prosecute suspect,
29a8ab6009660bd869f02200efd7920413d704675cd739892bb50b93d0270505,2024-11,Essex Police,Essex Police,0.922590,51.892866,On or near St Edmund'S Court,E01021704,Colchester 022F,Violence and sexual offences,Status update unavailable,
23475aee9c41a1c149f23179355d2108651ac581bc4725d2e278c29de73b63d1,2024-11,Essex Police,Essex Police,0.925562,51.894977,On or near Crown Bays Road,E01021704,Colchester 022F,Violence and sexual offences,Unable to prosecute suspect,
274d56478fa95e36f74ded2d1775e2e0ad163da5bf9ad47f5802eb809722d711,2024-11,Essex Police,Essex Police,0.922590,51.892866,On or near St Edmund'S Court,E01021704,Colchester 022F,Violence and sexual offences,Unable to prosecute suspect,
6d9562948634c2ca1b60dee8ed07018ee644724019fb512a7ffe4d44b94cc3a6,2024-11,Essex Police,Essex Police,0.921116,51.894557,On or near Compton Road,E01021704,Colchester 022F,Violence and sexual offences,Unable to prosecute suspect,
11ef941e31ad089b2186bc88e414871cfae2c830c05b9dd93eeeaf49e0b6ae2b,2024-11,Essex Police,Essex Police,0.922590,51.892866,On or near St Edmund'S Court,E01021704,Colchester 022F,Violence and sexual offences,Unable to prosecute suspect,
,2024-11,Essex Police,Essex Police,0.947153,51.891704,On or near Peregrine Court,E01021705,Colchester 022G,Anti-social behaviour,,
18015e310a4e0fcab67159796b9a75e4b9234a1eedd3359425d4f85f20cd202f,2024-11,Essex Police,Essex Police,0.942017,51.896311,On or near Salary Close,E01021705,Colchester 022G,Criminal damage and arson,Unable to prosecute suspect,
5920b2e2ab35d13f247ec0322745a96d3d647fd19c9c530cb75baff27e3dc401,2024-11,Essex Police,Essex Police,0.943177,51.896930,On or near Rudd Court,E01021705,Colchester 022G,Criminal damage and arson,Investigation complete; no suspect identified,
b57b58470a4b716d001cde842f67fd3a2c5d5c3712b4e9148b63589b14dfef73,2024-11,Essex Police,Essex Police,0.949459,51.894731,On or near Sheerwater Mews,E01021705,Colchester 022G,Public order,Unable to prosecute suspect,
9b98cd5f0117f1bc18f03cae61ae3690af9a9102a6d2fbec28207741c21cb6f8,2024-11,Essex Police,Essex Police,0.942017,51.896311,On or near Salary Close,E01021705,Colchester 022G,Shoplifting,Investigation complete; no suspect identified,
22a5f35d34955486eb5fb3ec274c5ed877867a139813bc77b70b1efca316c1cb,2024-11,Essex Police,Essex Police,0.943374,51.891718,On or near Heatley Way,E01021705,Colchester 022G,Violence and sexual offences,Unable to prosecute suspect,
0f42fcb7b5154d64da0e198d2c3e7b6a08a26f04ffd39eee992355cf015cfc01,2024-11,Essex Police,Essex Police,0.949459,51.894731,On or near Sheerwater Mews,E01021705,Colchester 022G,Violence and sexual offences,Investigation complete; no suspect identified,
4274b9216def28c5fec2b38517cd95b0184f656851574d6693d727392cbb4d31,2024-11,Essex Police,Essex Police,0.942017,51.896311,On or near Salary Close,E01021705,Colchester 022G,Violence and sexual offences,Action to be taken by another organisation,
ec3ca77b4db360f732f5664f8a237479a605b1f3ac866edd3d5927a361edc74a,2024-11,Essex Police,Essex Police,0.950018,51.892846,On or near Fulmar Close,E01021705,Colchester 022G,Violence and sexual offences,Unable to prosecute suspect,
e0bc7b1c92de228b3b4f4b5b46148a6d53d1f1e4d2655aaef50aedce3734c688,2024-11,Essex Police,Essex Police,0.943374,51.891718,On or near Heatley Way,E01021705,Colchester 022G,Violence and sexual offences,Formal action is not in the public interest,
ed961dd80f146529dfaabe781b2206c09aa0a85c5b6fc357348df01835f60db4,2024-11,Essex Police,Essex Police,0.943374,51.891718,On or near Heatley Way,E01021705,Colchester 022G,Violence and sexual offences,Unable to prosecute suspect,
61afb13ac585c65b26e814d8525e86e9e024b9a22914d3ac3dddcd57da9a207d,2024-11,Essex Police,Essex Police,0.948408,51.895783,On or near Merlin End,E01021705,Colchester 022G,Violence and sexual offences,Investigation complete; no suspect identified,
ad064945d303b118d10d2685dfb191440de20ab1ff4b0a9276910e757fa0d84a,2024-11,Essex Police,Essex Police,0.949878,51.894037,On or near Goldcrest Close,E01021705,Colchester 022G,Violence and sexual offences,Investigation complete; no suspect identified,
,2024-11,Essex Police,Essex Police,0.920568,51.889696,On or near East Ward Mews,E01021706,Colchester 022H,Anti-social behaviour,,
,2024-11,Essex Police,Essex Police,0.926103,51.888533,On or near Tabor Road,E01021706,Colchester 022H,Anti-social behaviour,,
7cd0b1ee326de9b73a482b6c6d06d19efccb75bc081c5a491c1d8a02c5ae2c28,2024-11,Essex Police,Essex Police,0.924345,51.887884,On or near Hunting Gate,E01021706,Colchester 022H,Criminal damage and arson,Investigation complete; no suspect identified,
a79ce99e76235316ab84a24edf18b96525fbc2816f31ad002275ab2bfd3fdce6,2024-11,Essex Police,Essex Police,0.920568,51.889696,On or near East Ward Mews,E01021706,Colchester 022H,Public order,Investigation complete; no suspect identified,
4f73cb89e20fbd77efdc1cddaf21b66dbfcca30fe12c5e06c8bb076bd5f9168f,2024-11,Essex Police,Essex Police,0.924345,51.887884,On or near Hunting Gate,E01021706,Colchester 022H,Violence and sexual offences,Unable to prosecute suspect,
a663731e6c8c7f36c300cc556b3a38e66db61dae68d4e983862befc7438066ad,2024-11,Essex Police,Essex Police,0.924345,51.887884,On or near Hunting Gate,E01021706,Colchester 022H,Violence and sexual offences,Offender given a caution,
83fbfc0383560452e156afca67e8938017aa9e8f17425417dbaf40633f2b5cfa,2024-11,Essex Police,Essex Police,0.934716,51.900037,On or near Brinkley Crescent,E01021707,Colchester 022I,Violence and sexual offences,Unable to prosecute suspect,
fbc5ef2774896f73745c57921c208a30013fe4779ed49522b3a588ca3dc29612,2024-11,Essex Police,Essex Police,0.932047,51.899241,On or near Bridgebrook Close,E01021707,Colchester 022I,Violence and sexual offences,Unable to prosecute suspect,
ece6a0272cbd855a6343bb8f59e4b3c975f63a33390fa1cca0ca65fb36f6b087,2024-11,Essex Police,Essex Police,0.932047,51.899241,On or near Bridgebrook Close,E01021707,Colchester 022I,Violence and sexual offences,Unable to prosecute suspect,
61afd31e3834850880f464343e8410d2fa25a533cf163ce73e338fcaffbd437f,2024-11,Essex Police,Essex Police,0.934716,51.900037,On or near Brinkley Crescent,E01021707,Colchester 022I,Violence and sexual offences,Unable to prosecute suspect,
,2024-11,Essex Police,Essex Police,0.917626,51.924592,On or near De Grey Road,E01035167,Colchester 023A,Anti-social behaviour,,
f64bbf12736689c0183bb0a54f3a4a1ce100c1b18617f056d91d91d97f04a120,2024-11,Essex Police,Essex Police,0.917626,51.924592,On or near De Grey Road,E01035167,Colchester 023A,Burglary,Investigation complete; no suspect identified,
55cc6e563db7487c5490156c64c83cf231615c887e175593099de27c3db294f2,2024-11,Essex Police,Essex Police,0.917626,51.924592,On or near De Grey Road,E01035167,Colchester 023A,Criminal damage and arson,Investigation complete; no suspect identified,
6a2839d32e8cb64163c9ff6a53e0165a670bf1cfe6932e7703249288e865f514,2024-11,Essex Police,Essex Police,0.915732,51.923875,On or near Culture Close,E01035167,Colchester 023A,Other theft,Unable to prosecute suspect,
bb34310963d85cfee430e557796925d125e890913d38b011f44d8e97ed11a5d0,2024-11,Essex Police,Essex Police,0.918667,51.922921,On or near Hale Way,E01035167,Colchester 023A,Other theft,Investigation complete; no suspect identified,
5c8e2fb4e938bb09e416f2ee28c5c87a6e51cc8abe680259131a5bd2b6398572,2024-11,Essex Police,Essex Police,0.917626,51.924592,On or near De Grey Road,E01035167,Colchester 023A,Possession of weapons,Formal action is not in the public interest,
26537a1039e533510a086d5ad2bc7bedfb6f062e98851ccb1c71746fba3c7b4b,2024-11,Essex Police,Essex Police,0.917626,51.924592,On or near De Grey Road,E01035167,Colchester 023A,Robbery,Court result unavailable,
9bab32267e605b6bc61015d0f735638d15d690d9675dffd8b866a4aa4d8c73d0,2024-11,Essex Police,Essex Police,0.918667,51.922921,On or near Hale Way,E01035167,Colchester 023A,Vehicle crime,Investigation complete; no suspect identified,
51f8adba635a43b8bd79dfd9e9668697893cdb98bbf579e941925e577329dcf2,2024-11,Essex Police,Essex Police,0.917626,51.924592,On or near De Grey Road,E01035167,Colchester 023A,Violence and sexual offences,Unable to prosecute suspect,
550500d4df582020c4bb6f2bf2c662bf07f0c246d2c9120f3d7deb346e077f37,2024-11,Essex Police,Essex Police,0.916225,51.922055,On or near Mortimer Gardens,E01035167,Colchester 023A,Violence and sexual offences,Action to be taken by another organisation,
41e3023bbbea782f09b5e4e43222aba7b5aab11878fbe4b39f563426e7c79041,2024-11,Essex Police,Essex Police,0.916225,51.922055,On or near Mortimer Gardens,E01035167,Colchester 023A,Violence and sexual offences,Unable to prosecute suspect,
c8db074acf27ce52ff23424debf8f82dcf584f785258146f9a3f04ff34896ad9,2024-11,Essex Police,Essex Police,0.917626,51.924592,On or near De Grey Road,E01035167,Colchester 023A,Violence and sexual offences,Unable to prosecute suspect,
c6eb1e75085c9b04cd932080e7410689b6be3fea25cb52264f726ca36e2297b5,2024-11,Essex Police,Essex Police,0.917626,51.924592,On or near De Grey Road,E01035167,Colchester 023A,Violence and sexual offences,Unable to prosecute suspect,
eeec1469911da766c1a5c7e6595309ee6e5322f2dad3955a44cc83196cc07a5f,2024-11,Essex Police,Essex Police,0.917626,51.924592,On or near De Grey Road,E01035167,Colchester 023A,Violence and sexual offences,Unable to prosecute suspect,
fe5148469f93c4c6d5c8803ba2d92b0929faeeafe277a8e996268c4767421192,2024-11,Essex Police,Essex Police,0.917626,51.924592,On or near De Grey Road,E01035167,Colchester 023A,Violence and sexual offences,Unable to prosecute suspect,
da25c8e8ef6a9591a6d929ac7975e024c2998a9fb65260b25536e12f4d054503,2024-11,Essex Police,Essex Police,0.917626,51.924592,On or near De Grey Road,E01035167,Colchester 023A,Violence and sexual offences,Court result unavailable,
f885bfeddd630b810aed2bbf28950512d61e786c0a97e769211c702f1814caf2,2024-11,Essex Police,Essex Police,0.917626,51.924592,On or near De Grey Road,E01035167,Colchester 023A,Violence and sexual offences,Unable to prosecute suspect,
715c3cab6d1c99547b7862e1881d281d2709a742e16b99bd3a318983775c3310,2024-11,Essex Police,Essex Police,0.917626,51.924592,On or near De Grey Road,E01035167,Colchester 023A,Violence and sexual offences,Unable to prosecute suspect,
ab2562acff8bdbb427b63d20042154f5d0e1c64889a07f7ca1601868a0f45797,2024-11,Essex Police,Essex Police,0.917626,51.924592,On or near De Grey Road,E01035167,Colchester 023A,Violence and sexual offences,Unable to prosecute suspect,
,2024-11,Essex Police,Essex Police,0.898666,51.920663,On or near Alexander Court,E01035168,Colchester 023B,Anti-social behaviour,,
fd5bb9a9531d65d2c278b83d9c31fad0b9c28a4f8e48a7bfadbf0b6cfc1e1305,2024-11,Essex Police,Essex Police,0.907129,51.919051,On or near Podium Close,E01035168,Colchester 023B,Criminal damage and arson,Investigation complete; no suspect identified,
7ecac7cd249cb6c5f4ddfc1327a96a67841c6d61bb80ca4a01551ae9b97e2971,2024-11,Essex Police,Essex Police,0.899008,51.922580,On or near United Way,E01035168,Colchester 023B,Other theft,Investigation complete; no suspect identified,
188a0537a5cb99896a7d39b7b77003aad93aaca893a95144dbdcdbfbcd6ba4a6,2024-11,Essex Police,Essex Police,0.898228,51.925378,On or near Petrol Station,E01035168,Colchester 023B,Public order,Unable to prosecute suspect,
8bf5ff465ea089c096b1e58708dce61ace2e4980f8a1f7f1ea31d741deeac15d,2024-11,Essex Police,Essex Police,0.898228,51.925378,On or near Petrol Station,E01035168,Colchester 023B,Vehicle crime,Investigation complete; no suspect identified,
a643a26a7df4975f101e81db1ba6b973cefe5c6267ccd5c47b2c74f2f9ae7bfc,2024-11,Essex Police,Essex Police,0.898228,51.925378,On or near Petrol Station,E01035168,Colchester 023B,Violence and sexual offences,Unable to prosecute suspect,
5ff9842ce4e3aad39ee5383076cc4da39d1bc295dd5f082562dbda9435943a20,2024-11,Essex Police,Essex Police,0.899008,51.922580,On or near United Way,E01035168,Colchester 023B,Violence and sexual offences,Unable to prosecute suspect,
2c13045e0f71a18763f703c4dd93fda94bc51ba415427960a499c361453cb593,2024-11,Essex Police,Essex Police,0.907129,51.919051,On or near Podium Close,E01035168,Colchester 023B,Violence and sexual offences,Unable to prosecute suspect,
639814fbef6d49b18bb04bbc5107d36cd54df821b22284cddc0277997fc343a6,2024-11,Essex Police,Essex Police,0.899008,51.922580,On or near United Way,E01035168,Colchester 023B,Violence and sexual offences,Unable to prosecute suspect,
,2024-11,Essex Police,Essex Police,0.896990,51.923322,On or near Sports/Recreation Area,E01035169,Colchester 023C,Anti-social behaviour,,
,2024-11,Essex Police,Essex Police,0.896990,51.923322,On or near Sports/Recreation Area,E01035169,Colchester 023C,Anti-social behaviour,,
,2024-11,Essex Police,Essex Police,0.896990,51.923322,On or near Sports/Recreation Area,E01035169,Colchester 023C,Anti-social behaviour,,
,2024-11,Essex Police,Essex Police,0.896990,51.923322,On or near Sports/Recreation Area,E01035169,Colchester 023C,Anti-social behaviour,,
,2024-11,Essex Police,Essex Police,0.896990,51.923322,On or near Sports/Recreation Area,E01035169,Colchester 023C,Anti-social behaviour,,
719ff8f78c33192bcbcf93def0453b60a617d73b255b49bbd115c7a9283d2ee7,2024-11,Essex Police,Essex Police,0.885715,51.916935,On or near Cordelia Drive,E01035169,Colchester 023C,Bicycle theft,Unable to prosecute suspect,
aa0a1db53f1eec6d66792ab08a907f6155f7068761080b26001a7c98494c40b2,2024-11,Essex Police,Essex Police,0.893263,51.922577,On or near Boxted Road,E01035169,Colchester 023C,Criminal damage and arson,Action to be taken by another organisation,
0a62114d0abc62f4b3fddc63671765e9b552246db4893d3366c1ed63e05c5164,2024-11,Essex Police,Essex Police,0.893263,51.922577,On or near Boxted Road,E01035169,Colchester 023C,Drugs,Local resolution,
d626ed466e81843b12999c0c48a5b4da0e0304d8dbc34df9eba8272797b374f5,2024-11,Essex Police,Essex Police,0.888896,51.917774,On or near Summertime Drive,E01035169,Colchester 023C,Public order,Formal action is not in the public interest,
108435e616c4624b0831e0f396b6a3fae770f79040fc6dbce52b29228a2a599a,2024-11,Essex Police,Essex Police,0.886752,51.918357,On or near Carris Close,E01035169,Colchester 023C,Public order,Formal action is not in the public interest,
d665481280abe3aea05ee1089638ac5f2c79c111cb6323e2e17a83433341764a,2024-11,Essex Police,Essex Police,0.888354,51.917257,On or near Wildeve Avenue,E01035169,Colchester 023C,Public order,Formal action is not in the public interest,
c774d466997a9c9b9f3a0edcad57fefba56375edaeb746fa6ed8ff7a4615d058,2024-11,Essex Police,Essex Police,0.887760,51.918890,On or near Ascot Drive,E01035169,Colchester 023C,Public order,Unable to prosecute suspect,
d5cae566d5468ec64844cc105bc864890adf9921a7ca88b0035c3ce323c671bf,2024-11,Essex Police,Essex Police,0.893263,51.922577,On or near Boxted Road,E01035169,Colchester 023C,Public order,Action to be taken by another organisation,
9e314a32f1fcf9b204a938ec59ffa4d6a840bdf9115518186554de0e7f24b6cc,2024-11,Essex Police,Essex Police,0.897770,51.923282,On or near Sports/Recreation Area,E01035169,Colchester 023C,Vehicle crime,Investigation complete; no suspect identified,
86e90710c2a8d820160645868981c2714d66dddd820117c264ebb253ddb0c36a,2024-11,Essex Police,Essex Police,0.897770,51.923282,On or near Sports/Recreation Area,E01035169,Colchester 023C,Vehicle crime,Unable to prosecute suspect,
733fe398dd2fb29cef96892d677eeb429b23306fff6fcb773529870dbeea88ef,2024-11,Essex Police,Essex Police,0.893263,51.922577,On or near Boxted Road,E01035169,Colchester 023C,Vehicle crime,Investigation complete; no suspect identified,
6f29231c189ddca41b40a0a2849262ef813e1e3ddf1653cee7b6e6d7c0d1e437,2024-11,Essex Police,Essex Police,0.897770,51.923282,On or near Sports/Recreation Area,E01035169,Colchester 023C,Vehicle crime,Unable to prosecute suspect,
3ca44f9f552aed12e04c284bbfb12328a98e9a84b687670f443a6518998223b8,2024-11,Essex Police,Essex Police,0.897770,51.923282,On or near Sports/Recreation Area,E01035169,Colchester 023C,Vehicle crime,Investigation complete; no suspect identified,
936d8b037e825de6b4933f0ad2115bbe814c0d072b8239cc05a95814fdd05075,2024-11,Essex Police,Essex Police,0.882016,51.916171,On or near Redora Lane,E01035169,Colchester 023C,Violence and sexual offences,Action to be taken by another organisation,
584443af36f7b0cf3d5b3c5d773e8baacc56e65db351d62d921111857b02fb40,2024-11,Essex Police,Essex Police,0.893263,51.922577,On or near Boxted Road,E01035169,Colchester 023C,Violence and sexual offences,Status update unavailable,
16c8af8d17125cdc3d2cb31032816d66a1e3526698ee741301c382b4111f2b8f,2024-11,Essex Police,Essex Police,0.895189,51.921774,On or near Tower Close,E01035169,Colchester 023C,Violence and sexual offences,Unable to prosecute suspect,
3a9a0dd1015d4b39028afb1ad570a564aefd9502b30f96938b2998994cd40e0b,2024-11,Essex Police,Essex Police,0.882016,51.916171,On or near Redora Lane,E01035169,Colchester 023C,Violence and sexual offences,Unable to prosecute suspect,
638b956780fa43a0607e563b86ac0d4c86d7b12e1c5627dcc8adcfbb41cd4c44,2024-11,Essex Police,Essex Police,0.893263,51.922577,On or near Boxted Road,E01035169,Colchester 023C,Violence and sexual offences,Action to be taken by another organisation,
a85d2d659c3daeac25540123e1d7b3045ba338d1e3d9eac930c35243a0b7bbea,2024-11,Essex Police,Essex Police,0.884685,51.917428,On or near Leda Way,E01035169,Colchester 023C,Violence and sexual offences,Unable to prosecute suspect,
6630809c910362dad9db2dea6fc946de2a6c0e85fa6890dffd145a40c5b7e04a,2024-11,Essex Police,Essex Police,0.882016,51.916171,On or near Redora Lane,E01035169,Colchester 023C,Violence and sexual offences,Unable to prosecute suspect,
c9931ea096c8130de1fee6e98f5c71ead4e3387797dde3dea9d138bcbe57ecf3,2024-11,Essex Police,Essex Police,0.893263,51.922577,On or near Boxted Road,E01035169,Colchester 023C,Violence and sexual offences,Action to be taken by another organisation,
73a041bc9359c1998b12958c93de74d9f9f6aff0449d631a86717dc12a7c8e05,2024-11,Essex Police,Essex Police,0.893263,51.922577,On or near Boxted Road,E01035169,Colchester 023C,Violence and sexual offences,Action to be taken by another organisation,
6858a9d143abd4ddba046824b59674f967ae88fc9aa007f88b96640d48db8732,2024-11,Essex Police,Essex Police,0.888896,51.917774,On or near Summertime Drive,E01035169,Colchester 023C,Violence and sexual offences,Status update unavailable,
ff44051b80b987e3bf9f12b161e13d4d74dd8a057a7a007449ec4193364d10a1,2024-11,Essex Police,Essex Police,0.882016,51.916171,On or near Redora Lane,E01035169,Colchester 023C,Violence and sexual offences,Unable to prosecute suspect,
517ecbd412ffe320ba0965f45ff0a55218432dd5ef18152e0f42119b991ced07,2024-11,Essex Police,Essex Police,0.893263,51.922577,On or near Boxted Road,E01035169,Colchester 023C,Violence and sexual offences,Action to be taken by another organisation,
67fde80de08a1ca9e17067404f1d71d72210eebf239547f5b9cf4eee478437ff,2024-11,Essex Police,Essex Police,0.893263,51.922577,On or near Boxted Road,E01035169,Colchester 023C,Violence and sexual offences,Unable to prosecute suspect,
4b2db8ea4003c12daf25bd346b2174e6cd3e6a8baea325a74b37b8f50385a7ea,2024-11,Essex Police,Essex Police,0.882016,51.916171,On or near Redora Lane,E01035169,Colchester 023C,Violence and sexual offences,Action to be taken by another organisation,
6ff13e8b570207b43094d2388a8b54fc5f7c3548b35c44444a91b3216bf16f79,2024-11,Essex Police,Essex Police,0.893263,51.922577,On or near Boxted Road,E01035169,Colchester 023C,Violence and sexual offences,Action to be taken by another organisation,
32d438c5845a8971ad69d88ebe49b4125d88c97c46032d8fe3d04e1d27a9a8ab,2024-11,Essex Police,Essex Police,0.893263,51.922577,On or near Boxted Road,E01035169,Colchester 023C,Violence and sexual offences,Action to be taken by another organisation,
66b7091710f642e890d3b6134ce5ba70591e79c08a9625c59f608f45086f9a53,2024-11,Essex Police,Essex Police,0.888896,51.917774,On or near Summertime Drive,E01035169,Colchester 023C,Violence and sexual offences,Formal action is not in the public interest,
dd864ed9bfc109336003f9a490e99cde4123e33c22fc08a2d63adb89efb0e5d0,2024-11,Essex Police,Essex Police,0.887760,51.918890,On or near Ascot Drive,E01035169,Colchester 023C,Violence and sexual offences,Unable to prosecute suspect,
13cc96a800571d345cddddb3976c9e26de8847cd22533dcf2237fb16e2feb751,2024-11,Essex Police,Essex Police,0.887760,51.918890,On or near Ascot Drive,E01035169,Colchester 023C,Violence and sexual offences,Unable to prosecute suspect,
fbaf5a42eeac0e7c0ea244f61ef9bdd75cb299b6b06b9641b4f0955bd9b36b82,2024-11,Essex Police,Essex Police,0.893263,51.922577,On or near Boxted Road,E01035169,Colchester 023C,Violence and sexual offences,Investigation complete; no suspect identified,
10427e6ac70a2da4faa272343d13d059e5b8c44d67154c0d42beb3c6237f2485,2024-11,Essex Police,Essex Police,0.895189,51.921774,On or near Tower Close,E01035169,Colchester 023C,Violence and sexual offences,Unable to prosecute suspect,
b316e4da49a63ae65532ac3bfe81ddbc844434302cd14aaceb94a1aac0cb204c,2024-11,Essex Police,Essex Police,0.891441,51.920490,On or near Pleasant Plains Mews,E01035169,Colchester 023C,Violence and sexual offences,Action to be taken by another organisation,
2d9a148103e01022a003e4d95533eb7b158c3655aa92e981ce4b173c41680c93,2024-11,Essex Police,Essex Police,0.888354,51.917257,On or near Wildeve Avenue,E01035169,Colchester 023C,Violence and sexual offences,Status update unavailable,
203f4056f7115209ec613f5e2b1038f9ee63cbe0a14b7e60bf22958c0af73582,2024-11,Essex Police,Essex Police,0.888354,51.917257,On or near Wildeve Avenue,E01035169,Colchester 023C,Violence and sexual offences,Formal action is not in the public interest,
cfa1b614c2d1c0285ef7c1e70cdd776dfad2931d116741ae387f59d6ede1e6c6,2024-11,Essex Police,Essex Police,0.896959,51.918538,On or near Whitmore Drive,E01035170,Colchester 023D,Criminal damage and arson,Unable to prosecute suspect,
ea96fb1a5547a960749d5d3f1ae2c273370e6145841b3a0f95602963e06fbfa4,2024-11,Essex Police,Essex Police,0.896959,51.918538,On or near Whitmore Drive,E01035170,Colchester 023D,Criminal damage and arson,Unable to prosecute suspect,
15f275169bfe6d8a251b5806497cda17b9f43008f3ef6ac68529a63f215d34ce,2024-11,Essex Police,Essex Police,0.898093,51.918078,On or near Arthur Cross Square,E01035170,Colchester 023D,Criminal damage and arson,Investigation complete; no suspect identified,
43b2a5b7fa8866959a4d85f3281314c08200dc9801cee437addeba5fd34ed902,2024-11,Essex Police,Essex Police,0.900131,51.919467,On or near Cavell Avenue,E01035170,Colchester 023D,Robbery,Investigation complete; no suspect identified,
7ee3ba875a9e8668b0115d14e51355241280892efdf7372b3cffc3a5a8e34458,2024-11,Essex Police,Essex Police,0.896959,51.918538,On or near Whitmore Drive,E01035170,Colchester 023D,Vehicle crime,Investigation complete; no suspect identified,
75f4aba0017ec84b4b75e46c596f2b4b697a3a6b9f608e6b54dca7e295dccb08,2024-11,Essex Police,Essex Police,0.898805,51.918079,On or near Fleming Way,E01035170,Colchester 023D,Vehicle crime,Investigation complete; no suspect identified,
8d91a5338a2a87e7374ed378aafaa2b3e20f20b10d1163c7d6476f0967240924,2024-11,Essex Police,Essex Police,0.898093,51.918078,On or near Arthur Cross Square,E01035170,Colchester 023D,Vehicle crime,Unable to prosecute suspect,
c3d8a17e968594583b737e34d88e08e606cbb3d2d759df0e6998e20bc651659d,2024-11,Essex Police,Essex Police,0.896959,51.918538,On or near Whitmore Drive,E01035170,Colchester 023D,Violence and sexual offences,Action to be taken by another organisation,
999f8a2d2f67e7405c7247de5ff183a9ac0eb46502cb20e5db836806e3f8dcc8,2024-11,Essex Police,Essex Police,0.898412,51.920094,On or near Wentworth Avenue,E01035170,Colchester 023D,Violence and sexual offences,Unable to prosecute suspect,
bcd9c885ea1b65d0a51ded6227efe6b01d164d25c0a5d796300f9f1eec90f205,2024-11,Essex Police,Essex Police,0.896959,51.918538,On or near Whitmore Drive,E01035170,Colchester 023D,Violence and sexual offences,Action to be taken by another organisation,
8b76345ccb508f79343d3bdd5e1aa0781caafaa3396b3b5afc66d44a2b0d62c5,2024-11,Essex Police,Essex Police,0.898805,51.918079,On or near Fleming Way,E01035170,Colchester 023D,Violence and sexual offences,Action to be taken by another organisation,
193cb90cc7a5a03695159c279a3dc71701a0de81414e1f8126637a2819bc13b7,2024-11,Essex Police,Essex Police,0.898805,51.918079,On or near Fleming Way,E01035170,Colchester 023D,Violence and sexual offences,Local resolution,
0aaee01ff589b20647294058f39ea61ecf272a4eee0618bca341166ed2294e0f,2024-11,Essex Police,Essex Police,0.898805,51.918079,On or near Fleming Way,E01035170,Colchester 023D,Violence and sexual offences,Unable to prosecute suspect,
306ed29109279cd4c17dd5161df779a37446627584df10073d5e220ed1665c4d,2024-11,Essex Police,Essex Police,0.898805,51.918079,On or near Fleming Way,E01035170,Colchester 023D,Violence and sexual offences,Unable to prosecute suspect,
3b468703a6d9c92f751335f7ad38201ca2de4e019198e648af156e0b848de844,2024-11,Essex Police,Essex Police,0.898805,51.918079,On or near Fleming Way,E01035170,Colchester 023D,Violence and sexual offences,Unable to prosecute suspect,
49b4f15753bcd86e3a414dcae141baeee596427a8dd4574a32e93dfdaf21bbd4,2024-11,Essex Police,Essex Police,0.896959,51.918538,On or near Whitmore Drive,E01035170,Colchester 023D,Violence and sexual offences,Unable to prosecute suspect,
5a4fc678237661402350786913cac1cde4a884ed5e1a21f41fbf54cda5514af2,2024-11,Essex Police,Essex Police,0.896959,51.918538,On or near Whitmore Drive,E01035170,Colchester 023D,Violence and sexual offences,Unable to prosecute suspect,
f7f301ce04912f2e31ba943694234ca23abb1fe4e31f7f018b5f01ee741b8af0,2024-11,Essex Police,Essex Police,0.896959,51.918538,On or near Whitmore Drive,E01035170,Colchester 023D,Violence and sexual offences,Unable to prosecute suspect,
47779452ffcacfa5210207c49791a9ce7a7944133ec7a25b6235ccdabeb86094,2024-11,Essex Police,Essex Police,0.891230,51.918571,On or near Chestnut Close,E01035171,Colchester 023E,Criminal damage and arson,Action to be taken by another organisation,
f1b450cc06ce1c42d359f29d20fd6f8219fec0c0fbd1041dd4a141f090fd4421,2024-11,Essex Police,Essex Police,0.891230,51.918571,On or near Chestnut Close,E01035171,Colchester 023E,Criminal damage and arson,Unable to prosecute suspect,
a889930c51c4bc19ff14ec6965b7b75fb6387917a0fb36b039bcb7e2ddaa81c7,2024-11,Essex Police,Essex Police,0.888135,51.913303,On or near Sports/Recreation Area,E01035171,Colchester 023E,Public order,Unable to prosecute suspect,
51fcb030dfca07540be7f0dde280e85e6829591f9e645d417f4281ef3c69d272,2024-11,Essex Police,Essex Police,0.890877,51.914649,On or near Leech'S Lane,E01035171,Colchester 023E,Violence and sexual offences,Unable to prosecute suspect,
5309530f9351a96ca271e60dd20def867829078145b3e40e22bd6dfaec5de6fe,2024-11,Essex Police,Essex Police,0.890877,51.914649,On or near Leech'S Lane,E01035171,Colchester 023E,Violence and sexual offences,Unable to prosecute suspect,
3b2f980cef46277a3002f222258b8c9d37e48772014b78c8c36cacb9764b77ef,2024-11,Essex Police,Essex Police,0.890019,51.917153,On or near Amelia Chase,E01035171,Colchester 023E,Violence and sexual offences,Court result unavailable,
975dbb40272f68dc380fab1f8099f7a11dfc8035a2a1541b86528cefb8e387a9,2024-11,Essex Police,Essex Police,0.891230,51.918571,On or near Chestnut Close,E01035171,Colchester 023E,Violence and sexual offences,Unable to prosecute suspect,
9730bdfc3aef94171013063c59a87a0252ebe731b91a49effe9ba5a841e58563,2024-11,Essex Police,Essex Police,0.890877,51.914649,On or near Leech'S Lane,E01035171,Colchester 023E,Violence and sexual offences,Unable to prosecute suspect,
bc49df4432f9c144f170ee82c6e33457f985e2c17c824947bc42a56bef6b1822,2024-11,Essex Police,Essex Police,0.890877,51.914649,On or near Leech'S Lane,E01035171,Colchester 023E,Violence and sexual offences,Status update unavailable,
c21d493140a815db028b80562db360f04e30e4cf322b3a57bf3616561b517e92,2024-11,Essex Police,Essex Police,0.890877,51.914649,On or near Leech'S Lane,E01035171,Colchester 023E,Violence and sexual offences,Investigation complete; no suspect identified,
9b2d0a85748296b2f2acfff78fcda752bce8e97d6c504b3bc27da74c118b6672,2024-11,Essex Police,Essex Police,0.892937,51.917063,On or near Willow Crescent,E01035171,Colchester 023E,Other crime,Formal action is not in the public interest,
e2eab4b9a26ffeaa841d0c2c7da9e601617918743cd94dddb530950b4f602db5,2024-11,Essex Police,Essex Police,0.892737,51.907625,On or near Bartholomew Court,E01035172,Colchester 023F,Burglary,Court result unavailable,
8ec148940108fb1b605fd9987758a1ac11aef6e6b08df8d77c5e0c8353b7fc26,2024-11,Essex Police,Essex Police,0.893704,51.905928,On or near Mile End Road,E01035172,Colchester 023F,Other theft,Unable to prosecute suspect,
8bcad25dd41310302427163c9b4e20f216b8b996e5196c40fc22fef82f853004,2024-11,Essex Police,Essex Police,0.875591,51.903027,On or near Spindle Street,E01035172,Colchester 023F,Other theft,Unable to prosecute suspect,
8b4ce0fd0841769731b57e0983d4d2b9b244cc6f639ca08b63518502cf940458,2024-11,Essex Police,Essex Police,0.882506,51.904305,On or near Celandine Court,E01035172,Colchester 023F,Public order,Investigation complete; no suspect identified,
e3e3bbae4e262caa175e4e4920d5c3220c7ff9d1a6b52ffe7097cd7ca17b5e65,2024-11,Essex Police,Essex Police,0.882506,51.904305,On or near Celandine Court,E01035172,Colchester 023F,Public order,Unable to prosecute suspect,
d77f6c924fc225a3a6712a39223f2ed0425a9b23d68ade4b593e9d4f9241929b,2024-11,Essex Police,Essex Police,0.893704,51.905928,On or near Mile End Road,E01035172,Colchester 023F,Violence and sexual offences,Unable to prosecute suspect,
71c7b52cc9f07b87b436cd6f5ef6ee9aed4977f3115cb10f9c6a2bec150f548b,2024-11,Essex Police,Essex Police,0.875591,51.903027,On or near Spindle Street,E01035172,Colchester 023F,Violence and sexual offences,Investigation complete; no suspect identified,
2e1ddab5ac5c6a4a0c943562c5bc8ba53d79d8c4a04c3388508a6654d05f5de0,2024-11,Essex Police,Essex Police,0.893704,51.905928,On or near Mile End Road,E01035172,Colchester 023F,Violence and sexual offences,Unable to prosecute suspect,
4822368a256b282b7f3b7d87b56beef38e7ad0552d5b2a62c7a637c233006fde,2024-11,Essex Police,Essex Police,0.892737,51.907625,On or near Bartholomew Court,E01035172,Colchester 023F,Other crime,Awaiting court outcome,
,2024-11,Essex Police,Essex Police,0.903850,51.911065,On or near Kingswood Road,E01035173,Colchester 024B,Anti-social behaviour,,
,2024-11,Essex Police,Essex Police,0.903850,51.911065,On or near Kingswood Road,E01035173,Colchester 024B,Anti-social behaviour,,
49345ed463f6e68648d0f7e3d9089bb4ab6a3b07bc1fe3b90279d267e3cc195d,2024-11,Essex Police,Essex Police,0.900508,51.911786,On or near Charter Way,E01035173,Colchester 024B,Criminal damage and arson,Unable to prosecute suspect,
1db0c9508345c51d98e71e92600a148b22281ecb83c0058047cd5ab377e7da72,2024-11,Essex Police,Essex Police,0.900508,51.911786,On or near Charter Way,E01035173,Colchester 024B,Drugs,Unable to prosecute suspect,
078a89b9f33789fe8ad1f7d042717b8e2f1a48ceff87289051f519f9a65e5700,2024-11,Essex Police,Essex Police,0.900508,51.911786,On or near Charter Way,E01035173,Colchester 024B,Drugs,Local resolution,
f934b1604dc6f6bd4869030414454b13409a132185b363b43681fab41d890a11,2024-11,Essex Police,Essex Police,0.900508,51.911786,On or near Charter Way,E01035173,Colchester 024B,Other theft,Unable to prosecute suspect,
bb37acfbe51803da7d96b2eb63b2b1b61ce104eedfc8df852ad3e6b68b3760b5,2024-11,Essex Police,Essex Police,0.900508,51.911786,On or near Charter Way,E01035173,Colchester 024B,Other theft,Investigation complete; no suspect identified,
57523c7a7ec1a7ffecc79c57781fc3c61fa8f7797574245db95ac51f313931bb,2024-11,Essex Police,Essex Police,0.900508,51.911786,On or near Charter Way,E01035173,Colchester 024B,Other theft,Investigation complete; no suspect identified,
e9320fa2cf23d5a2869b3709f6e231d6cc9bde7c9abe848b627a1cf89a50dc7b,2024-11,Essex Police,Essex Police,0.900508,51.911786,On or near Charter Way,E01035173,Colchester 024B,Shoplifting,Investigation complete; no suspect identified,
5ac59ae26e4bcbb063ac26c06f0bed74452c843dc682b802aff75b697535afcd,2024-11,Essex Police,Essex Police,0.900508,51.911786,On or near Charter Way,E01035173,Colchester 024B,Vehicle crime,Investigation complete; no suspect identified,
46a35ee9b8006dc971ae7dad604e127c30a534fc6ccd7c78d17d554649d7e0cf,2024-11,Essex Police,Essex Police,0.900508,51.911786,On or near Charter Way,E01035173,Colchester 024B,Vehicle crime,Investigation complete; no suspect identified,
b6da7afa6fdf53b80b78a5bb119ba4890705b0164f91cbae860a2b00e280f5cd,2024-11,Essex Police,Essex Police,0.900508,51.911786,On or near Charter Way,E01035173,Colchester 024B,Violence and sexual offences,Investigation complete; no suspect identified,
d97dc77c120de4112548be6afd0a33a111e5d5d635ffe4c5cabc8187f1ed6bd7,2024-11,Essex Police,Essex Police,0.900508,51.911786,On or near Charter Way,E01035173,Colchester 024B,Violence and sexual offences,Unable to prosecute suspect,
311dc5f4835fc8688dc40fc80c29b070e4e3cd7c263b59cdb2d5c08d2b65ba7e,2024-11,Essex Police,Essex Police,0.903670,51.909172,On or near Hollymead Close,E01035173,Colchester 024B,Violence and sexual offences,Unable to prosecute suspect,
0d1504be505ef8b58e476a63494aa81044faa685154e40a297549d3b98330935,2024-11,Essex Police,Essex Police,0.900508,51.911786,On or near Charter Way,E01035173,Colchester 024B,Violence and sexual offences,Unable to prosecute suspect,
b3d30fb55dbbf6ec81e7fb48475495f53c65f1a3b5be2512c531e0fc181ce3cd,2024-11,Essex Police,Essex Police,0.903850,51.911065,On or near Kingswood Road,E01035173,Colchester 024B,Violence and sexual offences,Unable to prosecute suspect,
1c759705569872b50724593376603954b64ed6ca7567edb739429a907d86dfa1,2024-11,Essex Police,Essex Police,0.903670,51.909172,On or near Hollymead Close,E01035173,Colchester 024B,Violence and sexual offences,Unable to prosecute suspect,
b8b3b0d1658954cd89b912a2764f1f2f01d83c3c8fcff470a9078e76340ac4dc,2024-11,Essex Police,Essex Police,0.903850,51.911065,On or near Kingswood Road,E01035173,Colchester 024B,Violence and sexual offences,Status update unavailable,
096c45a9bb641e06724e092691040072a0a13dc33370db7950a6106edbdf1332,2024-11,Essex Police,Essex Police,0.900508,51.911786,On or near Charter Way,E01035173,Colchester 024B,Violence and sexual offences,Unable to prosecute suspect,
d3342efb63bd3f5e2c2689c1e3eaf7afe56855ac72b2ae40eadabea884ce2fe9,2024-11,Essex Police,Essex Police,0.900508,51.911786,On or near Charter Way,E01035173,Colchester 024B,Violence and sexual offences,Unable to prosecute suspect,
b4c51eb67fff34ac080b15ada6d62f289f22f783385471ecb36e70ce45d46cf1,2024-11,Essex Police,Essex Police,0.900508,51.911786,On or near Charter Way,E01035173,Colchester 024B,Violence and sexual offences,Unable to prosecute suspect,
2fc7477c35282d95a8839d6ee5387392cc8f29277a479c0680dbb66ddb2a536d,2024-11,Essex Police,Essex Police,0.900508,51.911786,On or near Charter Way,E01035173,Colchester 024B,Violence and sexual offences,Unable to prosecute suspect,
d7e3a1cab947dcc7a082e01efd556eb5a11d5c51bbb199c0bda2068a4a0354a3,2024-11,Essex Police,Essex Police,0.903898,51.907970,On or near The Copse,E01035173,Colchester 024B,Violence and sexual offences,Unable to prosecute suspect,
01b0a7c23dc9d3aa6b0f8b0e913c568cd4673df99b68560fe0964b243533c228,2024-11,Essex Police,Essex Police,0.900508,51.911786,On or near Charter Way,E01035173,Colchester 024B,Violence and sexual offences,Unable to prosecute suspect,
2b2351f41970b2fc613b2c2a63382e667650301f10bfb122cf265fec54228636,2024-11,Essex Police,Essex Police,0.900508,51.911786,On or near Charter Way,E01035173,Colchester 024B,Violence and sexual offences,Unable to prosecute suspect,
fa9a85048ced1142fabafd13e24bc2b7b73eaad011656e96fe610cf491e89fab,2024-11,Essex Police,Essex Police,0.903898,51.907970,On or near The Copse,E01035173,Colchester 024B,Violence and sexual offences,Action to be taken by another organisation,
4bb9c86d804614efe23122dcd41d67e8c6dc693ee18bd24706d34e00eee6049c,2024-11,Essex Police,Essex Police,0.903898,51.907970,On or near The Copse,E01035173,Colchester 024B,Violence and sexual offences,Unable to prosecute suspect,
455faef72e3d07c708dcd615b482464a4e9ffaaf68f5836b6e58c11fdd7b148a,2024-11,Essex Police,Essex Police,0.903898,51.907970,On or near The Copse,E01035173,Colchester 024B,Violence and sexual offences,Unable to prosecute suspect,
1de04456108af3dde838673339db807c76e3d19215c3d8b7aa320c322e94288d,2024-11,Essex Police,Essex Police,0.903898,51.907970,On or near The Copse,E01035173,Colchester 024B,Violence and sexual offences,Action to be taken by another organisation,
2a78c5e3696fe5b4b11dd609fb4befe8e122b481387503014466647135461a7a,2024-11,Essex Police,Essex Police,0.900508,51.911786,On or near Charter Way,E01035173,Colchester 024B,Violence and sexual offences,Investigation complete; no suspect identified,
e53a773b706a580d9ffff05b26984d0afba87b19a08ed6a01fa33b2f84cec6f3,2024-11,Essex Police,Essex Police,0.900508,51.911786,On or near Charter Way,E01035173,Colchester 024B,Violence and sexual offences,Unable to prosecute suspect,
22124be61204f9ae89082db192e00eacfb52f5b18e04873c26b28032136fc547,2024-11,Essex Police,Essex Police,0.894679,51.909789,On or near Shepherd Drive,E01035174,Colchester 024C,Criminal damage and arson,Unable to prosecute suspect,
094f873951d9fb88082e92e2a2c5485bbb4e2341a73d34956ff4ec01fee09da7,2024-11,Essex Police,Essex Police,0.894982,51.909071,On or near Dickenson Road,E01035174,Colchester 024C,Violence and sexual offences,Unable to prosecute suspect,
,2024-11,Essex Police,Essex Police,0.903499,51.907198,On or near Wryneck Close,E01035175,Colchester 024D,Anti-social behaviour,,
,2024-11,Essex Police,Essex Police,0.900668,51.905685,On or near Mccluskeys Street,E01035175,Colchester 024D,Anti-social behaviour,,
14c411b5b65681b941f068775a1c7c014090cc4c8198bbd6ce80e3193e181d53,2024-11,Essex Police,Essex Police,0.895712,51.902785,On or near Groves Close,E01035175,Colchester 024D,Bicycle theft,Investigation complete; no suspect identified,
172f4e9eb3971f2e9ec1524392717ed1cad07d6334acf866e4b1fdb897040a45,2024-11,Essex Police,Essex Police,0.895712,51.902785,On or near Groves Close,E01035175,Colchester 024D,Bicycle theft,Investigation complete; no suspect identified,
2f9b3c0b9e0500dae9b1d5a112837bf8fde4418387a9b93ff5815eaeb84be0c3,2024-11,Essex Police,Essex Police,0.897952,51.903485,On or near A134,E01035175,Colchester 024D,Criminal damage and arson,Unable to prosecute suspect,
f630cbe984aef47b5cad27a140d831f92aa716e25e56ff6f1a0e37749750824d,2024-11,Essex Police,Essex Police,0.899582,51.906206,On or near Barton Boulevard,E01035175,Colchester 024D,Criminal damage and arson,Investigation complete; no suspect identified,
eee0a772b47c459f1baa2aa99635c4a809ab665669341de9e2e4029a925873dc,2024-11,Essex Police,Essex Police,0.897952,51.903485,On or near A134,E01035175,Colchester 024D,Criminal damage and arson,Unable to prosecute suspect,
09c0556172afe7aad098723bdb854ddaea6c492839341650912504c15a94bded,2024-11,Essex Police,Essex Police,0.895712,51.902785,On or near Groves Close,E01035175,Colchester 024D,Robbery,Investigation complete; no suspect identified,
fc5355b008df938ac6b4339fe6f17d199a5c914f36e9c6b4b450936cfdfe3aed,2024-11,Essex Police,Essex Police,0.899692,51.905205,On or near Stanford Road,E01035175,Colchester 024D,Vehicle crime,Investigation complete; no suspect identified,
ff8d4364ed1a03e662ee4ac6cfaebcdf35e4ed1f42ea5877c2349734eeb61b02,2024-11,Essex Police,Essex Police,0.903499,51.907198,On or near Wryneck Close,E01035175,Colchester 024D,Vehicle crime,Investigation complete; no suspect identified,
10ead4d9d407a6a91aa3a3e5c8365f8c9a44566131372b24bc89ddcecd6120cf,2024-11,Essex Police,Essex Police,0.900668,51.905685,On or near Mccluskeys Street,E01035175,Colchester 024D,Violence and sexual offences,Action to be taken by another organisation,
e03ea3df37e5c3a6ae59abfae9d71071a27cee07790b3867b24cce8ee50f0f97,2024-11,Essex Police,Essex Police,0.895712,51.902785,On or near Groves Close,E01035175,Colchester 024D,Violence and sexual offences,Unable to prosecute suspect,
98948f748e8077d499a71dd1fcd82afe22f821871d44dfd511ded7c7115e59fc,2024-11,Essex Police,Essex Police,0.903160,51.908033,On or near Linnet Mews,E01035175,Colchester 024D,Violence and sexual offences,Investigation complete; no suspect identified,
,2024-11,Essex Police,Essex Police,0.897814,51.901253,On or near Supermarket,E01035176,Colchester 024E,Anti-social behaviour,,
,2024-11,Essex Police,Essex Police,0.893039,51.902140,On or near Three Crowns Road,E01035176,Colchester 024E,Anti-social behaviour,,
,2024-11,Essex Police,Essex Police,0.897814,51.901253,On or near Supermarket,E01035176,Colchester 024E,Anti-social behaviour,,
4b412eca823862208d1ed992218574e777296320c1082b885f396e249a7788bc,2024-11,Essex Police,Essex Police,0.892115,51.904501,On or near Golden Dawn Way,E01035176,Colchester 024E,Burglary,Investigation complete; no suspect identified,
60da4a2fffcff32f3dd677e2c00a7bb7cf14ca9fe311004cb3cfebca08e0e1eb,2024-11,Essex Police,Essex Police,0.897814,51.901253,On or near Supermarket,E01035176,Colchester 024E,Shoplifting,Court result unavailable,
8791cfea540656bc507e2c6f0f1442aacf6523ac9a2e9c9ae4af97b05bed0ec8,2024-11,Essex Police,Essex Police,0.901681,51.901236,On or near Shopping Area,E01035176,Colchester 024E,Shoplifting,Investigation complete; no suspect identified,
a571a24643dd8c511250d0dfdb1017fdb8d75bda7df3a3a1738cb3b51c5265f5,2024-11,Essex Police,Essex Police,0.901681,51.901236,On or near Shopping Area,E01035176,Colchester 024E,Shoplifting,Investigation complete; no suspect identified,
4fe79efb046cb73781e090ab3b656f0009a5eba9d0fdb5a93c3846de04970a95,2024-11,Essex Police,Essex Police,0.901681,51.901236,On or near Shopping Area,E01035176,Colchester 024E,Shoplifting,Investigation complete; no suspect identified,
8c9b4ffd713e21cb28d6a227f812a3016f8c302dee1cfe3f2c7f367aa284fbcc,2024-11,Essex Police,Essex Police,0.901681,51.901236,On or near Shopping Area,E01035176,Colchester 024E,Shoplifting,Investigation complete; no suspect identified,
ae3383b623bdf2042a0ce122267c6acfaed0d6260ca245e338c0a759e2bcaa1d,2024-11,Essex Police,Essex Police,0.901681,51.901236,On or near Shopping Area,E01035176,Colchester 024E,Shoplifting,Unable to prosecute suspect,
f743495fdfec953d886018301c355afcfd3b33aad41fbdc98f87893e03e3ce5f,2024-11,Essex Police,Essex Police,0.897814,51.901253,On or near Supermarket,E01035176,Colchester 024E,Theft from the person,Investigation complete; no suspect identified,
71178a45538cdb87ae5c695c1a933ede9a04b55c3c9d17efcc574f454ff4d038,2024-11,Essex Police,Essex Police,0.897814,51.901253,On or near Supermarket,E01035176,Colchester 024E,Theft from the person,Unable to prosecute suspect,
cf80999f6cf60899dfe23d72319e09621065d12f6134373208c648b75f05da8f,2024-11,Essex Police,Essex Police,0.892835,51.904627,On or near Hugh Dickson Road,E01035176,Colchester 024E,Vehicle crime,Investigation complete; no suspect identified,
c5c18c4523581396debfdd82c04ddbb83801e6ce0b351fa82be1b7e6329452b2,2024-11,Essex Police,Essex Police,0.897814,51.901253,On or near Supermarket,E01035176,Colchester 024E,Violence and sexual offences,Court result unavailable,
ae23b381aa5a5bf73ae85c067564a544751894dd7357ce847e590b892fa198e6,2024-11,Essex Police,Essex Police,0.897814,51.901253,On or near Supermarket,E01035176,Colchester 024E,Violence and sexual offences,Investigation complete; no suspect identified,
233722876e7242c34c3b0bbe58119e829d2a58d04eb09fa61dfea2bcfc36e727,2024-11,Essex Police,Essex Police,0.897814,51.901253,On or near Supermarket,E01035176,Colchester 024E,Violence and sexual offences,Court result unavailable,
8c04a0fe7fac09c2cd23e70cd8064cca3dd557ef98107c4959d06d7df30a5565,2024-11,Essex Police,Essex Police,0.900410,51.900565,On or near Petrol Station,E01035176,Colchester 024E,Violence and sexual offences,Unable to prosecute suspect,
36fa8469177fde14073dd5055688d2bbf975a1dd81e798c4a6f6670da63445e9,2024-11,Essex Police,Essex Police,0.901681,51.901236,On or near Shopping Area,E01035176,Colchester 024E,Violence and sexual offences,Investigation complete; no suspect identified,
cc9eabbb9ab75e6376f0bb3d28df35e7a041fbc7cb08c3f156b5362e31f39113,2024-11,Essex Police,Essex Police,0.884480,51.902890,On or near Engineers Square,E01035177,Colchester 024F,Burglary,Investigation complete; no suspect identified,
51b85ed39f5a866a0c79dc24696455427a0cc64b2eb9ff975355715386553508,2024-11,Essex Police,Essex Police,0.889765,51.903228,On or near Petrol Station,E01035177,Colchester 024F,Vehicle crime,Investigation complete; no suspect identified,
8fb7fefe1eb2bf00c09002d4e5ca98b1402b2a6a5f7243c74fb174d91232a0d0,2024-11,Essex Police,Essex Police,0.885246,51.904175,On or near Little Wood Mews,E01035177,Colchester 024F,Violence and sexual offences,Unable to prosecute suspect,
465eba145f3117b082f9be02d4b133ad2516870ea592826498746758eacf1adc,2024-11,Essex Police,Essex Police,0.881550,51.903232,On or near Turbine Road,E01035177,Colchester 024F,Violence and sexual offences,Unable to prosecute suspect,
2749d4f9122b5f45f772d8c1ae2bf9ccd3e5041694fd51fb434b662e763e888c,2024-11,Essex Police,Essex Police,0.880818,51.902917,On or near Blade Road,E01035177,Colchester 024F,Violence and sexual offences,Unable to prosecute suspect,
cb0d0cfccd2e67ff7d5d6bd42effeb06a2e3f6f55c11aea7fc80cabc97b060f3,2024-11,Essex Police,Essex Police,0.889895,51.903450,On or near Bergholt Road,E01035177,Colchester 024F,Violence and sexual offences,Unable to prosecute suspect,
13e9004f542e2ec8d28cb30ca237c338db4bc60f022865c48bb0efd4dea32e9a,2024-11,Essex Police,Essex Police,0.885246,51.904175,On or near Little Wood Mews,E01035177,Colchester 024F,Other crime,Awaiting court outcome,
,2024-11,Essex Police,Essex Police,0.175179,51.885375,On or near Petrol Station,E01035590,East Hertfordshire 004D,Anti-social behaviour,,
,2024-11,Essex Police,Essex Police,0.188758,51.873838,On or near Woodside,E01023440,East Hertfordshire 005C,Anti-social behaviour,,
,2024-11,Essex Police,Essex Police,0.188758,51.873838,On or near Woodside,E01023440,East Hertfordshire 005C,Anti-social behaviour,,
,2024-11,Essex Police,Essex Police,0.078468,51.785987,On or near Eastwick Hall Lane,E01023492,East Hertfordshire 009B,Anti-social behaviour,,
,2024-11,Essex Police,Essex Police,0.192028,51.804419,On or near Sports/Recreation Area,E01021768,Epping Forest 001A,Anti-social behaviour,,
,2024-11,Essex Police,Essex Police,0.140846,51.755695,On or near Harlow Common,E01021768,Epping Forest 001A,Anti-social behaviour,,
,2024-11,Essex Police,Essex Police,0.192028,51.804419,On or near Sports/Recreation Area,E01021768,Epping Forest 001A,Anti-social behaviour,,
4a49a6037f8157914859610ce2e114421f8e513f57c3e821bfd4ee4df4fb4212,2024-11,Essex Police,Essex Police,0.192028,51.804419,On or near Sports/Recreation Area,E01021768,Epping Forest 001A,Burglary,Investigation complete; no suspect identified,
da927da7556c7904732e773dad0d50eb82312fcfd23822d0303c78980ce7e766,2024-11,Essex Police,Essex Police,0.154694,51.759867,On or near Foster Street,E01021768,Epping Forest 001A,Criminal damage and arson,Investigation complete; no suspect identified,
a6879b431272ce6612d1cadb36f4a7453bdd39386375f89c1e76debf87eef61d,2024-11,Essex Police,Essex Police,0.130274,51.738262,On or near Parking Area,E01021768,Epping Forest 001A,Drugs,Local resolution,
9890210aad7596e29aaf3b4ed0229463a515467a2f508ae5e5ba143d7314e8a0,2024-11,Essex Police,Essex Police,0.134598,51.751645,On or near Park Avenue,E01021768,Epping Forest 001A,Other theft,Investigation complete; no suspect identified,
a3931dda1371abd6a171b41800a62c4beda05d42b46b74a534933ff2d4572568,2024-11,Essex Police,Essex Police,0.149948,51.756356,On or near Hastingwood Park,E01021768,Epping Forest 001A,Other theft,Unable to prosecute suspect,
2c92938e2d22113de713819efe314de040291b9d4b25d5fe1cb3d9d9a0909514,2024-11,Essex Police,Essex Police,0.133710,51.749413,On or near Petrol Station,E01021768,Epping Forest 001A,Other theft,Investigation complete; no suspect identified,
7e98448e90f012c034424eca4bd8726eb10f539d700c9ec8febbaa8c190c6eda,2024-11,Essex Police,Essex Police,0.180894,51.805263,On or near Plashets,E01021768,Epping Forest 001A,Public order,Investigation complete; no suspect identified,
287df3abc524a987c0825ff040502200c74aa022276341baff6147a58c3a837f,2024-11,Essex Police,Essex Police,0.133710,51.749413,On or near Petrol Station,E01021768,Epping Forest 001A,Shoplifting,Investigation complete; no suspect identified,
510b25d6782b33aec48e28a006ffdc3042395c44c2b7625a0deae48d36fadac9,2024-11,Essex Police,Essex Police,0.133710,51.749413,On or near Petrol Station,E01021768,Epping Forest 001A,Shoplifting,Investigation complete; no suspect identified,
3ea1d5ca8453741fdd6da4740abf5fc13b80af69f363cf1bfe8a91a0add7b7b2,2024-11,Essex Police,Essex Police,0.133710,51.749413,On or near Petrol Station,E01021768,Epping Forest 001A,Shoplifting,Unable to prosecute suspect,
4b389740ab7a4afab50a32addbb8562b3d1cc0f7492ca20b1e44684dd0c48144,2024-11,Essex Police,Essex Police,0.133710,51.749413,On or near Petrol Station,E01021768,Epping Forest 001A,Shoplifting,Investigation complete; no suspect identified,
4dd4cf6987cafe7e084e6a4e5f03af03c6eed0e1cfc962d91ce7ee3b5b030b8a,2024-11,Essex Police,Essex Police,0.133710,51.749413,On or near Petrol Station,E01021768,Epping Forest 001A,Shoplifting,Investigation complete; no suspect identified,
06ba7d059d6ff722b4e58b64bb951fbee4ca461a8b6a74b40826278f8b94b1d9,2024-11,Essex Police,Essex Police,0.133710,51.749413,On or near Petrol Station,E01021768,Epping Forest 001A,Shoplifting,Investigation complete; no suspect identified,
2a73c531b492eff41a0429791080cf54c21b7c5cf6bee67821190e635088eb6e,2024-11,Essex Police,Essex Police,0.159711,51.760854,On or near Green Lane,E01021768,Epping Forest 001A,Vehicle crime,Status update unavailable,
61456608450ced0f0ec42f3cd33878bd77788f7803a7b3f251001bd4a4a6a54e,2024-11,Essex Police,Essex Police,0.134598,51.751645,On or near Park Avenue,E01021768,Epping Forest 001A,Vehicle crime,Investigation complete; no suspect identified,
a3db4ae399df4d884580805274b519cdbc5ce298d99be3aaf20bebaa227254ef,2024-11,Essex Police,Essex Police,0.179013,51.804768,On or near Primley Lane,E01021768,Epping Forest 001A,Violence and sexual offences,Local resolution,
bd8f99290f56c2779da58f05a46b54103d80ceac74d665975c4e1d248b6b9921,2024-11,Essex Police,Essex Police,0.179013,51.804768,On or near Primley Lane,E01021768,Epping Forest 001A,Violence and sexual offences,Local resolution,
0d759f91a0a95274146fe57460cb7b96b07df9f83894106b28da89f5fef4787c,2024-11,Essex Police,Essex Police,0.179013,51.804768,On or near Primley Lane,E01021768,Epping Forest 001A,Violence and sexual offences,Local resolution,
8836b13f3142e05ea2b976553279a63a03457c57426a3302e1190a8bec684c74,2024-11,Essex Police,Essex Police,0.179013,51.804768,On or near Primley Lane,E01021768,Epping Forest 001A,Violence and sexual offences,Local resolution,
45b8f8e77b535a2c5df21be6f9202a03fdc7eb9cf16db05e70520a217708aa09,2024-11,Essex Police,Essex Police,0.130274,51.738262,On or near Parking Area,E01021768,Epping Forest 001A,Violence and sexual offences,Unable to prosecute suspect,
9395105dd5d206aebab5e3f7dc90a4354a02f5bb7b4f387681c20e69f56b4a92,2024-11,Essex Police,Essex Police,0.144027,51.744855,On or near Mallards Place,E01021768,Epping Forest 001A,Violence and sexual offences,Unable to prosecute suspect,
151f2e207b873443edaa9004a3c500d8431a7fe23ba55e30799cfde3ca742463,2024-11,Essex Police,Essex Police,0.160699,51.809134,On or near Meadow Way,E01021795,Epping Forest 001B,Public order,Investigation complete; no suspect identified,
68c0e6b40487c24530c8de6bbb109fa50aa06e16df2c66e6399996c8c5946cd3,2024-11,Essex Police,Essex Police,0.151559,51.789330,On or near Marsh Lane,E01021795,Epping Forest 001B,Vehicle crime,Court result unavailable,
8e8f0f0160ee950ea432d4afe0f40508e36868e3ecaa638dbc653b60b495b153,2024-11,Essex Police,Essex Police,0.158592,51.809668,On or near Lawrence Moorings,E01021795,Epping Forest 001B,Vehicle crime,Investigation complete; no suspect identified,
264127bec5ec96c8669cbf5e036f7307fc52194aa44de1b562d79814ae32e503,2024-11,Essex Police,Essex Police,0.158592,51.809668,On or near Lawrence Moorings,E01021795,Epping Forest 001B,Violence and sexual offences,Status update unavailable,
80fa5cd0c124c228a701d602e0c36d43ec0f7bfc6ee90165888df04206f26bb9,2024-11,Essex Police,Essex Police,0.159775,51.807425,On or near Moorlands Reach,E01021795,Epping Forest 001B,Violence and sexual offences,Unable to prosecute suspect,
3cf72885fd04aba9b3c68815bdf636a156c3174c60ce9686ff6307c4c5499353,2024-11,Essex Police,Essex Police,0.160699,51.809134,On or near Meadow Way,E01021795,Epping Forest 001B,Other crime,Investigation complete; no suspect identified,
,2024-11,Essex Police,Essex Police,0.175720,51.720074,On or near Princes Close,E01021797,Epping Forest 001C,Anti-social behaviour,,
b375b98d2dc4060e3f47ba78ee83f261f2de9882cd83fa9cdfa68da1c4e107d1,2024-11,Essex Police,Essex Police,0.180816,51.727281,On or near Bluemans End,E01021797,Epping Forest 001C,Criminal damage and arson,Unable to prosecute suspect,
4c109f9bc10e8de82ee4657671a8bd01e1c326e152c54b06ab20888cdbd09fa6,2024-11,Essex Police,Essex Police,0.163363,51.724780,On or near Parking Area,E01021797,Epping Forest 001C,Other theft,Investigation complete; no suspect identified,
e839dda012d84165d22557ed761a51a28a03a1d527496eff77eecd1a5bf4287f,2024-11,Essex Police,Essex Police,0.174022,51.720591,On or near School Green Lane,E01021797,Epping Forest 001C,Other theft,Investigation complete; no suspect identified,
336d84d33dd77ce7f071fc1e92446c1a838c127fa003c91307bdf1f1c1c38264,2024-11,Essex Police,Essex Police,0.173489,51.722156,On or near The Pavilions,E01021797,Epping Forest 001C,Other theft,Investigation complete; no suspect identified,
32bd795e56e0839fa12a1187d0119af1b1752c85702cb4028a4eed236c796d0c,2024-11,Essex Police,Essex Police,0.181385,51.725868,On or near Hows Mead,E01021797,Epping Forest 001C,Public order,Unable to prosecute suspect,
dee89373c96ec6e4c767344a6be090918b0f23d25cfc36bbc2c80bb55137c25e,2024-11,Essex Police,Essex Police,0.181385,51.725868,On or near Hows Mead,E01021797,Epping Forest 001C,Violence and sexual offences,Unable to prosecute suspect,
4d59b602a813adb23ea93a13afee98cf8d45a39b80d4c5f5ffa98ac96c149938,2024-11,Essex Police,Essex Police,0.170733,51.719015,On or near Queens Road,E01021798,Epping Forest 001D,Vehicle crime,Investigation complete; no suspect identified,
40b06d503aaef6f8340d24081c1e0172541efafc969bb52cc1375637c1ecfec5,2024-11,Essex Police,Essex Police,0.170733,51.719015,On or near Queens Road,E01021798,Epping Forest 001D,Violence and sexual offences,Unable to prosecute suspect,
90c32e7958c812feaf7da7979a48a5b340430fa2d8cddac89f59f56f9953b630,2024-11,Essex Police,Essex Police,0.170733,51.719015,On or near Queens Road,E01021798,Epping Forest 001D,Violence and sexual offences,Investigation complete; no suspect identified,
86837a7457d06a2e94dff946c83377035d5f98ba364696261736bebc1504aac2,2024-11,Essex Police,Essex Police,0.166326,51.712235,On or near Tempest Mead,E01021798,Epping Forest 001D,Violence and sexual offences,Status update unavailable,
,2024-11,Essex Police,Essex Police,0.162101,51.715325,On or near Lancaster Road,E01021799,Epping Forest 001E,Anti-social behaviour,,
b5f42d9cd9e07e6edbc14202da8de2303a3169ca4b891fa6c83b00bdb9cf8627,2024-11,Essex Police,Essex Police,0.162219,51.713857,On or near Wellington Road,E01021799,Epping Forest 001E,Public order,Investigation complete; no suspect identified,
680fa444a7a484bfc438bd6510333df76f26ac7af2d6d8a27bbd4d9cc9857506,2024-11,Essex Police,Essex Police,0.157943,51.713432,On or near Blenheim Way,E01021799,Epping Forest 001E,Theft from the person,Investigation complete; no suspect identified,
e117e80851cb499d39dac3b2ed3c4c5a7460c16681ee5b40f1d20eb1703b80ff,2024-11,Essex Police,Essex Police,0.160058,51.713160,On or near York Road,E01021799,Epping Forest 001E,Vehicle crime,Investigation complete; no suspect identified,
e1fae95b2c6fa50c63b51b17b06eb8c0667320b2e302dd53b23ca742cd9f3ee1,2024-11,Essex Police,Essex Police,0.154737,51.712978,On or near Epping Road,E01021799,Epping Forest 001E,Violence and sexual offences,Unable to prosecute suspect,
1816ecc7401f3cdf63ce9a7c5f95d862daf36dd319e001c94f192aeeed776179,2024-11,Essex Police,Essex Police,0.161466,51.717792,On or near Siskin Way,E01021799,Epping Forest 001E,Violence and sexual offences,Status update unavailable,
,2024-11,Essex Police,Essex Police,0.063967,51.761801,On or near Old House Lane,E01021741,Epping Forest 002A,Anti-social behaviour,,
,2024-11,Essex Police,Essex Police,0.037724,51.725138,On or near Bumbles Green Lane,E01021741,Epping Forest 002A,Anti-social behaviour,,
02424947a43e146b669004b9b48586d9dc665a4459752d2224a7890baa4c5247,2024-11,Essex Police,Essex Police,0.078726,51.725661,On or near Chestnut Walk,E01021741,Epping Forest 002A,Burglary,Investigation complete; no suspect identified,
068214d01a35a5f9cfce6833c1a8ba2698018b6afd76b567197e9833fae84840,2024-11,Essex Police,Essex Police,0.036076,51.727451,On or near Middle Street,E01021741,Epping Forest 002A,Burglary,Investigation complete; no suspect identified,
ec61dcce03fc2528e1f18b22950bc6d2818db9c6dfffeb8572895680c0100204,2024-11,Essex Police,Essex Police,0.036076,51.727451,On or near Middle Street,E01021741,Epping Forest 002A,Burglary,Investigation complete; no suspect identified,
4ffc640b91f0a96a0c428cf23a8151cd6490b158ba46c3675ee89498dc2578fe,2024-11,Essex Police,Essex Police,0.060250,51.758143,On or near Old House Lane,E01021741,Epping Forest 002A,Criminal damage and arson,Investigation complete; no suspect identified,
fa4559acd71c76248804291deb1994bf60e8a8e686c028956150d6847a6d3e81,2024-11,Essex Police,Essex Police,0.075471,51.739630,On or near Epping Road,E01021741,Epping Forest 002A,Other theft,Investigation complete; no suspect identified,
5f686642a9b74956494c863a9985d8a68fcf7c8e050c5fa2b4579d7973a2acec,2024-11,Essex Police,Essex Police,0.040052,51.750780,On or near Barn Hill,E01021741,Epping Forest 002A,Other theft,Investigation complete; no suspect identified,
06ade6e2200f5038dbc81edf1c79512b891d256fba0258330d37bfbb9c40485f,2024-11,Essex Police,Essex Police,0.056804,51.745452,On or near Silverwood Close,E01021741,Epping Forest 002A,Vehicle crime,Investigation complete; no suspect identified,
5d385ac2012de47091da6e952f98a438861b0cb11a1fa122e7a47643797eb5ca,2024-11,Essex Police,Essex Police,0.045834,51.756255,On or near Epping Road,E01021741,Epping Forest 002A,Violence and sexual offences,Unable to prosecute suspect,
2701c885738f7aa672d8f705c12c803d5650c4767f4eae747393bdca3b498ede,2024-11,Essex Police,Essex Police,0.056804,51.745452,On or near Silverwood Close,E01021741,Epping Forest 002A,Violence and sexual offences,Unable to prosecute suspect,
00c532dc52bffca81413c39580117eeb107f4564b32c46fd38ae96c00444c960,2024-11,Essex Police,Essex Police,0.063967,51.761801,On or near Old House Lane,E01021741,Epping Forest 002A,Violence and sexual offences,Unable to prosecute suspect,
54db855537493723972a24ac41d513cdb51c4504e9be9562441cb05a2302c441,2024-11,Essex Police,Essex Police,0.040052,51.750780,On or near Barn Hill,E01021741,Epping Forest 002A,Violence and sexual offences,Unable to prosecute suspect,
6896287927919682bd6ec99c953fb875363e602e80dff823b410a1a4532a47f4,2024-11,Essex Police,Essex Police,0.077601,51.726085,On or near Carters Lane,E01021741,Epping Forest 002A,Violence and sexual offences,Unable to prosecute suspect,
732fe47797b05ea651aabadeff81fc443323715c62a852c2c8a89e65be85dc53,2024-11,Essex Police,Essex Police,0.059772,51.744807,On or near Park/Open Space,E01021741,Epping Forest 002A,Other crime,Unable to prosecute suspect,
996b905e0f265ef03e6f831b23715db073d2e4436cb25ba5c630be48c80f3d43,2024-11,Essex Police,Essex Police,0.045834,51.756255,On or near Epping Road,E01021741,Epping Forest 002A,Other crime,Unable to prosecute suspect,
e87b3cc92e888c7ee1ef1a57958562024026625950ec7abfb37b142a1dd00ed3,2024-11,Essex Police,Essex Police,-0.011591,51.741360,On or near Crownfield,E01021792,Epping Forest 002B,Burglary,Status update unavailable,
cc7cd520e4ccf31658bcd90c234be5a7be7ad063d065b7954c99a7237ef8a5a1,2024-11,Essex Police,Essex Police,-0.011591,51.741360,On or near Crownfield,E01021792,Epping Forest 002B,Vehicle crime,Investigation complete; no suspect identified,
cb4ed46e3758de35d019cf2869f5d2e7bf16decff1003d6db5e2f7984b8ae614,2024-11,Essex Police,Essex Police,0.008508,51.746773,On or near Park/Open Space,E01021792,Epping Forest 002B,Violence and sexual offences,Status update unavailable,
f24c43883f7cb624959e42c877b2e91693c7dfb2aea0c7a51e443950df32e739,2024-11,Essex Police,Essex Police,0.017896,51.749391,On or near Sedge Green,E01021792,Epping Forest 002B,Violence and sexual offences,Unable to prosecute suspect,
a48643b11a701b7e9fa3a33e7ee60f50470a96fa3e33feaa7006079917dba6ac,2024-11,Essex Police,Essex Police,0.013155,51.740849,On or near Lake Road,E01021792,Epping Forest 002B,Other crime,Formal action is not in the public interest,
99a784fb4e6504b9633514eff6cb64fd5355e94a58c9915659bf939bba8a3d4f,2024-11,Essex Police,Essex Police,0.014937,51.740530,On or near John Eliot Close,E01021793,Epping Forest 002C,Burglary,Investigation complete; no suspect identified,
3bce6f914b9c1838041aa204007b1c7262d088634e7e466bdd22544bc6ae3270,2024-11,Essex Police,Essex Police,0.011267,51.732248,On or near Tatsfield Avenue,E01021793,Epping Forest 002C,Burglary,Investigation complete; no suspect identified,
2261997a2fa44eccf6ad2120038363be84e47f4855261db404a997da808ddd18,2024-11,Essex Police,Essex Police,0.005677,51.735860,On or near Nazeing Road,E01021793,Epping Forest 002C,Violence and sexual offences,Unable to prosecute suspect,
f4506783b6f0663d22ffd1a200d5591c5f3eb7afdc42747502e1f8b2167ad1eb,2024-11,Essex Police,Essex Police,0.020652,51.736161,On or near Barnfield Close,E01021794,Epping Forest 002D,Burglary,Investigation complete; no suspect identified,
dbc286c94474018faf6d4b99efb69fe169df80c07a84cd7a8807f7d3491f26e7,2024-11,Essex Police,Essex Police,0.019143,51.736430,On or near Wheelers Close,E01021794,Epping Forest 002D,Criminal damage and arson,Investigation complete; no suspect identified,
43ea0c1bd8f7ba088ef7dfe0d657b59bb6f9ec005b4a3667d6ea345c4ddcf6bb,2024-11,Essex Police,Essex Police,0.032328,51.740734,On or near Hoe Lane,E01021794,Epping Forest 002D,Theft from the person,Unable to prosecute suspect,
5a4f519a2ab44203eb59107bcb3e44ff0c9f2c7a262521b4a6e167e4229225ab,2024-11,Essex Police,Essex Police,0.022632,51.738015,On or near Palmers Grove,E01021794,Epping Forest 002D,Vehicle crime,Investigation complete; no suspect identified,
5a14f0e97d1ab87168dfda4702c20714389eddb1c1a5708290cb2f968d3a1dd1,2024-11,Essex Police,Essex Police,0.022632,51.738015,On or near Palmers Grove,E01021794,Epping Forest 002D,Vehicle crime,Investigation complete; no suspect identified,
f9252330b4b75f57f64b5ea4bc7ba92e6829a47a4de6bb4dbd237198ae0f7fae,2024-11,Essex Police,Essex Police,0.020652,51.736161,On or near Barnfield Close,E01021794,Epping Forest 002D,Violence and sexual offences,Unable to prosecute suspect,
,2024-11,Essex Police,Essex Police,0.024434,51.755960,On or near Netherhall Road,E01021801,Epping Forest 002E,Anti-social behaviour,,
037d44bc214871daa3ac0b4873e87ba77922d6694535744d2d7d4ae8b404d216,2024-11,Essex Police,Essex Police,0.005919,51.754056,On or near Avenue Road,E01021801,Epping Forest 002E,Criminal damage and arson,Investigation complete; no suspect identified,
95d04c3ff1b4dfaf673635cd89b37154b95894a8139252babc96bda707f9307e,2024-11,Essex Police,Essex Police,0.005919,51.754056,On or near Avenue Road,E01021801,Epping Forest 002E,Drugs,Investigation complete; no suspect identified,
4f7c8aee60fb45c6c22a9912bcdb6966707e5968d7360200e8a0deadf546ab84,2024-11,Essex Police,Essex Police,0.035544,51.775551,On or near Parking Area,E01021801,Epping Forest 002E,Other theft,Investigation complete; no suspect identified,
ffc97b31ae4a57d743a6d40b0d48407b05109e5b509f2af0d55869ad49d45847,2024-11,Essex Police,Essex Police,0.031646,51.773317,On or near Mill Corner,E01021801,Epping Forest 002E,Public order,Unable to prosecute suspect,
3e8e0f920b7f020ff1072ef902aeba371bb7644a05bd9867c35cb5cf46031856,2024-11,Essex Police,Essex Police,0.038969,51.765016,On or near Woodredon Close,E01021801,Epping Forest 002E,Vehicle crime,Investigation complete; no suspect identified,
5fbacae22e93e549cb2f1928f4464f353effa528e58bf8cc1fc7735a30c8161f,2024-11,Essex Police,Essex Police,0.035822,51.767552,On or near Hansells Mead,E01021801,Epping Forest 002E,Vehicle crime,Investigation complete; no suspect identified,
e7fd12b452e992b033008ba8350e9cfc3f055a9a2541fd3194c3bf356cd260d2,2024-11,Essex Police,Essex Police,0.039643,51.770966,On or near Temple Mead,E01021801,Epping Forest 002E,Violence and sexual offences,Unable to prosecute suspect,
fb8d58e168b7eedbbbadfbff15836081874e16d321611f4aa4b4559d2a415b5c,2024-11,Essex Police,Essex Police,0.042350,51.769615,On or near Bakery Close,E01021801,Epping Forest 002E,Violence and sexual offences,Unable to prosecute suspect,
789d5a1976b66a42df569e6f7e1c8bd05992e6cc0ce61043031f507afa53b60f,2024-11,Essex Police,Essex Police,0.035544,51.775551,On or near Parking Area,E01021801,Epping Forest 002E,Violence and sexual offences,Court result unavailable,
dbbfa03a417ecd4139d91d07c95577bb0efb968d3b5ecdf1ecb1ef8dc3317694,2024-11,Essex Police,Essex Police,0.039643,51.770966,On or near Temple Mead,E01021801,Epping Forest 002E,Violence and sexual offences,Court result unavailable,
d2b8ccab91e29a9019abc2f3dfd7682dcbe289f36dea8720719450c834256585,2024-11,Essex Police,Essex Police,0.039643,51.770966,On or near Temple Mead,E01021801,Epping Forest 002E,Violence and sexual offences,Unable to prosecute suspect,
78172795c7a96df940519925db5dc0c33d430b2dcb076a5556258259892df9d0,2024-11,Essex Police,Essex Police,0.039643,51.770966,On or near Temple Mead,E01021801,Epping Forest 002E,Violence and sexual offences,Court result unavailable,
93316033d02fa547da371ea8487679447f132c49c18b71bc846e0b021e0b53c9,2024-11,Essex Police,Essex Police,0.262643,51.712128,On or near Chelmsford Road,E01021769,Epping Forest 003A,Burglary,Investigation complete; no suspect identified,
548bce9e36e7a6e985d8002d980e8e20527c356c461e1973d4db4664a6972ee3,2024-11,Essex Police,Essex Police,0.263130,51.706785,On or near Millfield,E01021769,Epping Forest 003A,Drugs,Investigation complete; no suspect identified,
76adab7e9ebe86432d7ab26665fcc1cf8fe850ba599e32ec45694d60156d5881,2024-11,Essex Police,Essex Police,0.315848,51.716468,On or near Norton Lane,E01021769,Epping Forest 003A,Public order,Unable to prosecute suspect,
45d6958cb7c4662c2ecd239093f76cdbb52551e6cf228d83a15a0d338c79d825,2024-11,Essex Police,Essex Police,0.320276,51.709645,On or near Little Ridings Lane,E01021769,Epping Forest 003A,Violence and sexual offences,Unable to prosecute suspect,
2837c7727b94df355f896f1350a9946cc8a2b0a0998f08006ee39448af68091c,2024-11,Essex Police,Essex Police,0.263130,51.706785,On or near Millfield,E01021769,Epping Forest 003A,Violence and sexual offences,Unable to prosecute suspect,
5d87650acfebd4c51313ae6d6c24aaf4bb51307102bd2b3f7605f4f2762fb545,2024-11,Essex Police,Essex Police,0.277953,51.777937,On or near School Lane,E01021769,Epping Forest 003A,Violence and sexual offences,Investigation complete; no suspect identified,
cc7981af442debec1c8f8314bb67181594becabdc5f7c002766654c5266512d2,2024-11,Essex Police,Essex Police,0.316082,51.712273,On or near Fingrith Hall Lane,E01021769,Epping Forest 003A,Violence and sexual offences,Unable to prosecute suspect,
21cd8b526cecf8947ad4b1748460439be6c5a661ccfc1a8a01885096e38c753b,2024-11,Essex Police,Essex Police,0.320276,51.709645,On or near Little Ridings Lane,E01021769,Epping Forest 003A,Violence and sexual offences,Investigation complete; no suspect identified,
20f533c1122611dfeeb7c0a81a63a080fb0f2d1d92a32f94af5fd5752233b6cd,2024-11,Essex Police,Essex Police,0.236179,51.759010,On or near Little Laver Road,E01021796,Epping Forest 003B,Criminal damage and arson,Investigation complete; no suspect identified,
a58b745f14f39c0a06a54fc892734eb62f39a8d910ea41898cf22251f39ff899,2024-11,Essex Police,Essex Police,0.230201,51.742091,On or near Maltings Hill,E01021796,Epping Forest 003B,Vehicle crime,Awaiting court outcome,
3c64bc7e8a07aa237862b499486ef8ce58e2750adf800659d9069be9ab901b75,2024-11,Essex Police,Essex Police,0.228067,51.774370,On or near Watery Lane,E01021796,Epping Forest 003B,Violence and sexual offences,Investigation complete; no suspect identified,
,2024-11,Essex Police,Essex Police,0.193299,51.702769,On or near Toot Hill Road,E01021800,Epping Forest 003C,Anti-social behaviour,,
,2024-11,Essex Police,Essex Police,0.153775,51.661630,On or near Park/Open Space,E01021800,Epping Forest 003C,Anti-social behaviour,,
0f7d42a80904a91763c83a3c3659a5337ce91f6d7fc879e026145b8cf35e2a7b,2024-11,Essex Police,Essex Police,0.228436,51.681478,On or near London Road,E01021800,Epping Forest 003C,Burglary,Investigation complete; no suspect identified,
6f3c2ce35222092596e4d155d471fa5ecda3d6c0d54b0f3dbc46b7a4763ed2b8,2024-11,Essex Police,Essex Police,0.182392,51.629160,On or near Kensington Park,E01021800,Epping Forest 003C,Burglary,Investigation complete; no suspect identified,
cee3237babebb37bcd1824c8361909d6c36eb6fed8fcdaa6655bd1153855ef11,2024-11,Essex Police,Essex Police,0.203053,51.668468,On or near London Road,E01021800,Epping Forest 003C,Criminal damage and arson,Investigation complete; no suspect identified,
bbaeb6f4ee16e0c1b1b01745e385327a82d0ab5e3da27c12f8a2f4a336497057,2024-11,Essex Police,Essex Police,0.203053,51.668468,On or near London Road,E01021800,Epping Forest 003C,Criminal damage and arson,Court result unavailable,
f7dd7d66682ff190d72fb55f766684fdb4682d3c9cd6c45185e72c3ab377bcf2,2024-11,Essex Police,Essex Police,0.158745,51.692276,On or near Banks Lane,E01021800,Epping Forest 003C,Criminal damage and arson,Investigation complete; no suspect identified,
83919df933af9901916f55d085e259cb5d49a59633f56921869829c9d7868827,2024-11,Essex Police,Essex Police,0.121439,51.671140,On or near Coopersale Lane,E01021800,Epping Forest 003C,Drugs,Local resolution,
7e608c505ea819047689a7e427ce205de07cfda2662f8234baca6c613c3e0300,2024-11,Essex Police,Essex Police,0.193961,51.635347,On or near The Paddocks,E01021800,Epping Forest 003C,Other theft,Investigation complete; no suspect identified,
e25231706d0e7de7044cc3934ed2564f52de18157ae63e0ddc661d38246a25d3,2024-11,Essex Police,Essex Police,0.170116,51.636545,On or near Gutteridge Lane,E01021800,Epping Forest 003C,Other theft,Status update unavailable,
d30e9a438c6a15407024d1a6bfe44fd56299a3016f6d381b9966d7a09c020342,2024-11,Essex Police,Essex Police,0.145601,51.684801,On or near Mount Road,E01021800,Epping Forest 003C,Public order,Investigation complete; no suspect identified,
e04dd722e4593aecd8c6fb9fe9ad3ec01c88f94003c9b5caea11bd7e05fc63bb,2024-11,Essex Police,Essex Police,0.145601,51.684801,On or near Mount Road,E01021800,Epping Forest 003C,Public order,Unable to prosecute suspect,
4991276c41be699c2576236e1832b3a28e4c8230bcc1a7ca528e7325cf4aa4da,2024-11,Essex Police,Essex Police,0.145601,51.684801,On or near Mount Road,E01021800,Epping Forest 003C,Vehicle crime,Status update unavailable,
03c3588ee32c5db7510edd8548c8bc81335b2e25d5aadded237b48c2ea299f3d,2024-11,Essex Police,Essex Police,0.173314,51.632403,On or near Blenheim Mews,E01021800,Epping Forest 003C,Violence and sexual offences,Unable to prosecute suspect,
d7d66c55c951faf9f8508d0299d4b38f20a38f8a84ef841e7816c1d255fbb4f2,2024-11,Essex Police,Essex Police,0.154358,51.679101,On or near Mount Road,E01021800,Epping Forest 003C,Violence and sexual offences,Unable to prosecute suspect,
db6ecfce0af063970ccff9e8d03476d260e20b0bae490a79915a6fdb40b03b50,2024-11,Essex Police,Essex Police,0.183533,51.628554,On or near Abbotts Way,E01021800,Epping Forest 003C,Other crime,Court result unavailable,
1a9bd119aec254b30360d158405832673da3c010a43208c2cc18e9b37d10dd06,2024-11,Essex Police,Essex Police,0.225832,51.679720,On or near Parking Area,E01021800,Epping Forest 003C,Other crime,Unable to prosecute suspect,
,2024-11,Essex Police,Essex Police,0.245325,51.704429,On or near Carters Yard,E01021753,Epping Forest 004A,Anti-social behaviour,,
f171a9ee4e34955e064b1a0bf03a80fe21bf9dc355cf77a3727f70369efadd70,2024-11,Essex Police,Essex Police,0.241122,51.701668,On or near Turners Close,E01021753,Epping Forest 004A,Other theft,Investigation complete; no suspect identified,
a18e85744116a890b3094cb73cca4c67a9c614bf97b9051f611650973dcb7952,2024-11,Essex Police,Essex Police,0.244403,51.706857,On or near Petrol Station,E01021753,Epping Forest 004A,Other theft,Unable to prosecute suspect,
a11a52860c34ad4b14a5da19bb742062d563d02e1ed373a9194c6ea917000f5f,2024-11,Essex Police,Essex Police,0.244403,51.706857,On or near Petrol Station,E01021753,Epping Forest 004A,Other theft,Investigation complete; no suspect identified,
288d6e1c4cbae61849b88572caf647c54f31a288626f9db29ae2152165a82f4e,2024-11,Essex Police,Essex Police,0.226615,51.703634,On or near Greensted Road,E01021753,Epping Forest 004A,Other theft,Unable to prosecute suspect,
eac207ae7dbd9a92924b19fa7abc28061cb653b7e031e86f106467f6fb0fe9a4,2024-11,Essex Police,Essex Police,0.226615,51.703634,On or near Greensted Road,E01021753,Epping Forest 004A,Public order,Court result unavailable,
427d3302b747d7cef1269b6e3ce254ac77546b0cc634f7e19c80d3f909f315bd,2024-11,Essex Police,Essex Police,0.242687,51.708149,On or near Victoria Road,E01021753,Epping Forest 004A,Public order,Unable to prosecute suspect,
487c6f4219f8d504ce7fc3ec9bd1b353fdbcee82eaee42136412e9a7e4529655,2024-11,Essex Police,Essex Police,0.239805,51.701972,On or near Fairfield Road,E01021753,Epping Forest 004A,Vehicle crime,Investigation complete; no suspect identified,
c4ca28a5dccd02c66d09a5048d9da004edecf99f8489e783e8b27a0fdc76017e,2024-11,Essex Police,Essex Police,0.244784,51.703154,On or near Lavender Mews,E01021753,Epping Forest 004A,Violence and sexual offences,Unable to prosecute suspect,
a73b9025852ee302fbc0929b94f88e538c0566361d5fc4627ea86ae27b5031c4,2024-11,Essex Police,Essex Police,0.245640,51.702310,On or near Battle Court,E01021753,Epping Forest 004A,Violence and sexual offences,Unable to prosecute suspect,
60bc4aa0e37f1390d0584eb30aab4c52a48c8718294999b0b3b4857d75686e99,2024-11,Essex Police,Essex Police,0.205655,51.706836,On or near Greensted Road,E01021753,Epping Forest 004A,Other crime,Status update unavailable,
cfb18eb8b3c049d7ee7bf8539d2d07b5753da5dcfce24414250a9d841ce0ee3b,2024-11,Essex Police,Essex Police,0.241587,51.699078,On or near Green Walk,E01021754,Epping Forest 004B,Other theft,Local resolution,
03a78c17608d4a13f4b17bd636e1f27fc8d3854ca0d2c97e53c7948635c30fb8,2024-11,Essex Police,Essex Police,0.243896,51.698656,On or near Coopers Hill,E01021754,Epping Forest 004B,Vehicle crime,Investigation complete; no suspect identified,
beb1e15846b077ea32cc717719c4a42e809d1de833b16ee99be0e9905a87e913,2024-11,Essex Police,Essex Police,0.243933,51.696479,On or near Sandon Place,E01021754,Epping Forest 004B,Violence and sexual offences,Local resolution,
eeede6cfe269e32e4c9485381c309f593e1ddad1a8394d957c5d804d5a5ca2bc,2024-11,Essex Police,Essex Police,0.244299,51.701526,On or near Bushy Lea,E01021754,Epping Forest 004B,Violence and sexual offences,Unable to prosecute suspect,
25fabdbd29274cf2fa3fd44cfc0258a01f30d67e172eb105a646cbe1726fa4de,2024-11,Essex Police,Essex Police,0.243933,51.696479,On or near Sandon Place,E01021754,Epping Forest 004B,Other crime,Court result unavailable,
36d14fb9effa6f23b50d6bf6e8282ae4ae9cf88de0ddb2ad6f492cad932c94c7,2024-11,Essex Police,Essex Police,0.245060,51.712231,On or near High Street,E01021755,Epping Forest 004C,Criminal damage and arson,Investigation complete; no suspect identified,
cfea2796824b2bb7a47cd45cceaf30e101193c070bdfba8f05cf6e590d37634e,2024-11,Essex Police,Essex Police,0.244123,51.708499,On or near Station Approach,E01021755,Epping Forest 004C,Drugs,Local resolution,
bc6ea6f5f40689f84a0a0ec7cc2a898e4e02813f377f39255ea83d7819ceb80a,2024-11,Essex Police,Essex Police,0.237618,51.715727,On or near Acres Avenue,E01021802,Epping Forest 004D,Burglary,Investigation complete; no suspect identified,
c121da75177a9cf355e9abc93b06ea0d9ec58da211436d763d6bb03820035952,2024-11,Essex Police,Essex Police,0.240335,51.715893,On or near Sports/Recreation Area,E01021802,Epping Forest 004D,Criminal damage and arson,Unable to prosecute suspect,
c38d961f92860456ac2634871fdcd758aaac86f37c364f696b20b502b0d069f1,2024-11,Essex Police,Essex Police,0.239839,51.717897,On or near Brookfields,E01021802,Epping Forest 004D,Criminal damage and arson,Investigation complete; no suspect identified,
b52d1ea44f79bb29eb81b7f5311663c66805d25e9a682f2391a46a036ad30c4b,2024-11,Essex Police,Essex Police,0.241757,51.715684,On or near Shelley Close,E01021802,Epping Forest 004D,Drugs,Investigation complete; no suspect identified,
cf84a768216dcfcf23291cb94e8d807bdb16de79de145d1ca38bb71843bda43e,2024-11,Essex Police,Essex Police,0.245262,51.713100,On or near Petrol Station,E01021802,Epping Forest 004D,Drugs,Investigation complete; no suspect identified,
1bed3aa111d17ff9358fd079dee2fdb1e3565ad1da7a1fbb94d1d529d1c3a79d,2024-11,Essex Police,Essex Police,0.244456,51.716110,On or near Coles Close,E01021802,Epping Forest 004D,Drugs,Local resolution,
3d993154fff7045236d1a0f63a1406d0d1c40cfce048538b7ed740d69d8c926f,2024-11,Essex Police,Essex Police,0.236682,51.716411,On or near Cripsey Avenue,E01021802,Epping Forest 004D,Other theft,Investigation complete; no suspect identified,
1d6e877f93706a11e3f7ed0f34f602da7a7ade74980536a46fbceae562c94ab1,2024-11,Essex Police,Essex Police,0.237807,51.714555,On or near Kimpton'S Close,E01021802,Epping Forest 004D,Robbery,Unable to prosecute suspect,
7ab9ce69dff15ac4ba733edafcb89ddb7c82198542d15ccc39c2ac78cd9ba2d4,2024-11,Essex Police,Essex Police,0.241839,51.714712,On or near Queensway,E01021802,Epping Forest 004D,Vehicle crime,Investigation complete; no suspect identified,
eaa3e6bc18fbb16b348c465eb3915565f6752e48456fb8c9f9ffbfd5cfa2bd3d,2024-11,Essex Police,Essex Police,0.243343,51.713226,On or near Walter Mead Close,E01021802,Epping Forest 004D,Violence and sexual offences,Unable to prosecute suspect,
cf2f8ebbeb854f212f8e18cf1bc039aaabeca286df960fde131b125dd9ecf218,2024-11,Essex Police,Essex Police,0.237807,51.714555,On or near Kimpton'S Close,E01021802,Epping Forest 004D,Violence and sexual offences,Unable to prosecute suspect,
d0516739bf407b0d691bada6b492055c7817a17c751ddb3bfb31804bbc14a675,2024-11,Essex Police,Essex Police,0.245173,51.714810,On or near Clare Mews,E01021802,Epping Forest 004D,Violence and sexual offences,Unable to prosecute suspect,
d0d50964e6363548869941bff097cce1b67f11517bc48443f7e48e69ff12ef48,2024-11,Essex Police,Essex Police,0.245173,51.714810,On or near Clare Mews,E01021802,Epping Forest 004D,Violence and sexual offences,Unable to prosecute suspect,
6f8652c386248d543bb169b1fd062f2b4f763b576f5132e699c8172c482da070,2024-11,Essex Police,Essex Police,0.254685,51.721210,On or near Elstar Road,E01021802,Epping Forest 004D,Violence and sexual offences,Offender given a caution,
5afda4a52bff4a4c1ea9df3bf1ea9ff8a82a8511f85a02d8a443f19dccd1d189,2024-11,Essex Police,Essex Police,0.239269,51.716613,On or near Shortlands Avenue,E01021802,Epping Forest 004D,Violence and sexual offences,Unable to prosecute suspect,
225be55ec6871edf155d61c757f258475dd776159d07a7a544af639775359107,2024-11,Essex Police,Essex Police,0.111291,51.705144,On or near Meadow Road,E01021760,Epping Forest 005A,Violence and sexual offences,Unable to prosecute suspect,
84f9d01e9759ea94dc39494f0e0d83e1f1c2a0cadbf044539d226f1e353e3b29,2024-11,Essex Police,Essex Police,0.112608,51.707611,On or near Frampton Road,E01021760,Epping Forest 005A,Violence and sexual offences,Unable to prosecute suspect,
786e08dea29a99ff8d5ba0913769bc9a4286ddf23954edcf15c2ad554774e036,2024-11,Essex Police,Essex Police,0.111286,51.705332,On or near Shaftesbury Road,E01021760,Epping Forest 005A,Violence and sexual offences,Unable to prosecute suspect,
d333ccaafb1447f6f27b5bed95e211eac478fa289ca34a9d4d004339a0ecc960,2024-11,Essex Police,Essex Police,0.122844,51.730852,On or near Rye Hill Road,E01021761,Epping Forest 005B,Other theft,Investigation complete; no suspect identified,
66ff5e3ce4ea8e45f4735b090390610f90675f7cedadfe9571cf58e6a8aac474,2024-11,Essex Police,Essex Police,0.121352,51.705178,On or near Winch View,E01021761,Epping Forest 005B,Public order,Investigation complete; no suspect identified,
23b3fb379f6a68a04432da91b3e44100779377148363b94027b9ccafb320a107,2024-11,Essex Police,Essex Police,0.135629,51.723129,On or near Thornbrook,E01021761,Epping Forest 005B,Vehicle crime,Investigation complete; no suspect identified,
cce0368fdd453ab87f7aa1678b25d7c677e1bac972a5b3590fd21d93dc8565a2,2024-11,Essex Police,Essex Police,0.132221,51.704541,On or near Epping Ongar Railway,E01021761,Epping Forest 005B,Violence and sexual offences,Unable to prosecute suspect,
ffd99c23aae712de3d98056d88d764028962cc6092e133f761df6d0f46624d01,2024-11,Essex Police,Essex Police,0.123930,51.704295,On or near Hospital,E01021761,Epping Forest 005B,Violence and sexual offences,Investigation complete; no suspect identified,
65d351d48a14e3aa29782c1b5982397cf1d164b091275eb9591c2714cdb92674,2024-11,Essex Police,Essex Police,0.134523,51.715326,On or near Woodside,E01021761,Epping Forest 005B,Violence and sexual offences,Investigation complete; no suspect identified,
c0a5372cdeef296284b550a7a76329c6a3868f528c74517c391221c3e0a32b27,2024-11,Essex Police,Essex Police,0.124871,51.705213,On or near Kings Wood Park,E01021761,Epping Forest 005B,Violence and sexual offences,Status update unavailable,
,2024-11,Essex Police,Essex Police,0.112304,51.700791,On or near Buttercross Lane,E01021762,Epping Forest 005C,Anti-social behaviour,,
,2024-11,Essex Police,Essex Police,0.110521,51.700095,On or near Cottis Lane,E01021762,Epping Forest 005C,Anti-social behaviour,,
,2024-11,Essex Police,Essex Police,0.112415,51.704107,On or near Beaconfield Road,E01021762,Epping Forest 005C,Anti-social behaviour,,
,2024-11,Essex Police,Essex Police,0.110521,51.700095,On or near Cottis Lane,E01021762,Epping Forest 005C,Anti-social behaviour,,
,2024-11,Essex Police,Essex Police,0.110521,51.700095,On or near Cottis Lane,E01021762,Epping Forest 005C,Anti-social behaviour,,
92d02b2b262156ecda2ac7d0b939c5acafe7ff4db2ffde0ab35432cc109c518a,2024-11,Essex Police,Essex Police,0.112415,51.704107,On or near Beaconfield Road,E01021762,Epping Forest 005C,Burglary,Investigation complete; no suspect identified,
681d3f8bba5d142d8529cfa90c7c848b5ffe391a9d4fc5514385a3c7573d44ae,2024-11,Essex Police,Essex Police,0.111546,51.703781,On or near Beaconfield Way,E01021762,Epping Forest 005C,Criminal damage and arson,Investigation complete; no suspect identified,
88df873c749a5d295820c603d86d942e47f08d4cfae0be7e747ec4a2e4bf9f81,2024-11,Essex Police,Essex Police,0.111052,51.698763,On or near High Street,E01021762,Epping Forest 005C,Criminal damage and arson,Investigation complete; no suspect identified,
e9eeeae0189a618e8661dd573ad0e18e550f8bbafc7ecbaa8c4b3f5d4fee3bf5,2024-11,Essex Police,Essex Police,0.111052,51.698763,On or near High Street,E01021762,Epping Forest 005C,Other theft,Investigation complete; no suspect identified,
90c8d57e28d7ee1110ac4880b3f4686f00ad24618b230a39a65a1bedfe926f23,2024-11,Essex Police,Essex Police,0.105603,51.696100,On or near Beech Place,E01021762,Epping Forest 005C,Public order,Status update unavailable,
b6680ab60355896725c23506d0fb59b283cef93d17deb5da6434b6319c8ee220,2024-11,Essex Police,Essex Police,0.106707,51.698985,On or near Crows Road,E01021762,Epping Forest 005C,Public order,Unable to prosecute suspect,
d5392a446cfe32b548910ab2eb014cdefba860dfd76d8808782fc24b76a4b3ff,2024-11,Essex Police,Essex Police,0.111052,51.698763,On or near High Street,E01021762,Epping Forest 005C,Robbery,Investigation complete; no suspect identified,
6b17dd40bd9fb82cec895d47de8bcc52eeedbf5027af5d6c58e7ec9f3506bc7d,2024-11,Essex Police,Essex Police,0.108071,51.697207,On or near Supermarket,E01021762,Epping Forest 005C,Shoplifting,Investigation complete; no suspect identified,
660341696cd12d07e4d5897473ad3749086407f3670dbe4572325c6b994a4b31,2024-11,Essex Police,Essex Police,0.108071,51.697207,On or near Supermarket,E01021762,Epping Forest 005C,Shoplifting,Investigation complete; no suspect identified,
be6d53f473b8c14d4a6d311138db3095c7b6be3cc9480a416e016c60c6c231f1,2024-11,Essex Police,Essex Police,0.111052,51.698763,On or near High Street,E01021762,Epping Forest 005C,Shoplifting,Investigation complete; no suspect identified,
47fe2ba8e45996f0b028d77e040e8db1e264723fb0032d26b95b6795e126452f,2024-11,Essex Police,Essex Police,0.111052,51.698763,On or near High Street,E01021762,Epping Forest 005C,Shoplifting,Investigation complete; no suspect identified,
14c61e52888326661e1ba25156490a48bb592e26472df852681a00ee0a034a84,2024-11,Essex Police,Essex Police,0.108071,51.697207,On or near Supermarket,E01021762,Epping Forest 005C,Shoplifting,Investigation complete; no suspect identified,
105393b9531b6d4817bb1dba75bd96605faeef988d2e4ee2e24c55b22d52dee3,2024-11,Essex Police,Essex Police,0.108071,51.697207,On or near Supermarket,E01021762,Epping Forest 005C,Shoplifting,Investigation complete; no suspect identified,
3b8965897e2c7010870c79f4335c8711be964412416006f88004ee19e45d305a,2024-11,Essex Police,Essex Police,0.112855,51.700178,On or near Star Lane,E01021762,Epping Forest 005C,Shoplifting,Investigation complete; no suspect identified,
1abbf5d4ab3edfe89864d2a547a05cd9d47ebbf6ffe9d84e96ce9157eea8d7b2,2024-11,Essex Police,Essex Police,0.112855,51.700178,On or near Star Lane,E01021762,Epping Forest 005C,Shoplifting,Investigation complete; no suspect identified,
d485046f2286037e0398bb4dfd2509f3abc3688d20b40ac5d2120f45c7babaec,2024-11,Essex Police,Essex Police,0.112855,51.700178,On or near Star Lane,E01021762,Epping Forest 005C,Shoplifting,Court result unavailable,
eaa21f5e2f45f18ac69246614996e971430fb7a8edb78f7ea15728cae0509dec,2024-11,Essex Police,Essex Police,0.112855,51.700178,On or near Star Lane,E01021762,Epping Forest 005C,Shoplifting,Investigation complete; no suspect identified,
3163ae49c050bbe507dfa421e7937a57620e21fb4d2b4e48311960106f12d1ea,2024-11,Essex Police,Essex Police,0.108654,51.701954,On or near Lincolns Field,E01021762,Epping Forest 005C,Vehicle crime,Investigation complete; no suspect identified,
633a2ff40aef4e539149b949edf1d47dedb7df420c8312351cdb0108997e0668,2024-11,Essex Police,Essex Police,0.108071,51.697207,On or near Supermarket,E01021762,Epping Forest 005C,Vehicle crime,Court result unavailable,
1decaad8413b4898b019c9f2c5072492b3849e26920b435a341956607081b9a9,2024-11,Essex Police,Essex Police,0.107527,51.702945,On or near Coronation Hill,E01021762,Epping Forest 005C,Vehicle crime,Unable to prosecute suspect,
ab74da7d9ddcb7387661cb07ff4b471eebf040705e69808466884a3c6f5f5507,2024-11,Essex Police,Essex Police,0.112855,51.700178,On or near Star Lane,E01021762,Epping Forest 005C,Violence and sexual offences,Unable to prosecute suspect,
832ea4eb40b4693445bb7283a638f3ae68017a45d247f8b01d5b8392c73a49f5,2024-11,Essex Police,Essex Police,0.112415,51.704107,On or near Beaconfield Road,E01021762,Epping Forest 005C,Violence and sexual offences,Action to be taken by another organisation,
6dbf325a37cd8b7ad3fee102eb32f26c13974efec41c61db10bd7124e5e12dd3,2024-11,Essex Police,Essex Police,0.111546,51.703781,On or near Beaconfield Way,E01021762,Epping Forest 005C,Violence and sexual offences,Unable to prosecute suspect,
36017e0cdeaf8af6bde6d69faac0de49e1c8c59e22f58dcdc5cc079100b04317,2024-11,Essex Police,Essex Police,0.111546,51.703781,On or near Beaconfield Way,E01021762,Epping Forest 005C,Violence and sexual offences,Unable to prosecute suspect,
b8f696c5f67ca5261b14ff3012d9d7531bd30a5a32fa027843533cb678de6090,2024-11,Essex Police,Essex Police,0.112855,51.700178,On or near Star Lane,E01021762,Epping Forest 005C,Violence and sexual offences,Investigation complete; no suspect identified,
,2024-11,Essex Police,Essex Police,0.106304,51.700917,On or near Ashlyns Road,E01021763,Epping Forest 005D,Anti-social behaviour,,
fa8faf268724c9bac56e676c6ddbeb8266150c553d352de1ec01374a55789546,2024-11,Essex Police,Essex Police,0.108250,51.701367,On or near Albany Court,E01021763,Epping Forest 005D,Burglary,Investigation complete; no suspect identified,
33fc0407599920a0792faa623ffb493c269be1d8e0b06d3eeec3bb747ba785fc,2024-11,Essex Police,Essex Police,0.105900,51.700636,On or near Chapel Road,E01021763,Epping Forest 005D,Burglary,Investigation complete; no suspect identified,
7dc5ae83ae2c7619dbbc0de67429d4aedb515230ffa8dfaf1ffaae762880e24c,2024-11,Essex Police,Essex Police,0.101859,51.695870,On or near Lower Bury Lane,E01021763,Epping Forest 005D,Criminal damage and arson,Investigation complete; no suspect identified,
6715a6efbc0fda960dd20a534ebac2a8e82aa57d9da2a329e71662ab6788446b,2024-11,Essex Police,Essex Police,0.101151,51.694336,On or near Highfield Place,E01021763,Epping Forest 005D,Other theft,Investigation complete; no suspect identified,
ca9c48f33d6111c02f9abd1740437448cf469d87941ffe147b01c3bf01a1f388,2024-11,Essex Police,Essex Police,0.101859,51.695870,On or near Lower Bury Lane,E01021763,Epping Forest 005D,Public order,Action to be taken by another organisation,
daf91dffb2e1c41b8bc04a6104bb4c0cb3f82e56ac121dc162108ef5ab58fb8b,2024-11,Essex Police,Essex Police,0.102744,51.695306,On or near Lower Bury Walk,E01021763,Epping Forest 005D,Public order,Investigation complete; no suspect identified,
1f44c1fa472af0a1b0de2c81040a90620b8aa9407f00bfab9309ec6507befeba,2024-11,Essex Police,Essex Police,0.108482,51.700140,On or near St John'S Road,E01021763,Epping Forest 005D,Public order,Unable to prosecute suspect,
08479b49c2cbf2f4e4ad8d906f41bc5ee188b3837b47ebd69147d67f14fa9404,2024-11,Essex Police,Essex Police,0.099589,51.694355,On or near Highfield Green,E01021763,Epping Forest 005D,Violence and sexual offences,Investigation complete; no suspect identified,
6323e2a3de8280b2854e11056ef0948beffac5d27c0704eb1820ba31a76b8a04,2024-11,Essex Police,Essex Police,0.101791,51.699091,On or near Ambrose Crescent,E01021763,Epping Forest 005D,Violence and sexual offences,Unable to prosecute suspect,
74525b1e4e891ad74a5f6d528bd12e5d3175184d181ea973ee1a38492af77387,2024-11,Essex Police,Essex Police,0.131877,51.690464,On or near Coopersale Street,E01021756,Epping Forest 006A,Vehicle crime,Investigation complete; no suspect identified,
2d6317c1aa2e9a8905bac0495c7bebbd935c1f293c920fcb77c707aa0a583c97,2024-11,Essex Police,Essex Police,0.129742,51.695836,On or near Stonards Hill,E01021756,Epping Forest 006A,Violence and sexual offences,Unable to prosecute suspect,
,2024-11,Essex Police,Essex Police,0.111957,51.698936,On or near Lion Court,E01021757,Epping Forest 006B,Anti-social behaviour,,
13c5954f854f03b2a0fd0e0fccc24a46b34b6940fbdf9268ede307276c1c1d2c,2024-11,Essex Police,Essex Police,0.111957,51.698936,On or near Lion Court,E01021757,Epping Forest 006B,Burglary,Unable to prosecute suspect,
032ddab6d0b77e8cb6a92eb1daad94a78c6571e294b0f9da578b897aedbd5d99,2024-11,Essex Police,Essex Police,0.109325,51.697095,On or near Clarks Lane,E01021757,Epping Forest 006B,Burglary,Investigation complete; no suspect identified,
f14bc7d5c1f0beb0b9550a67df7225758d15e96173de57d599f5b2a30d1c16bc,2024-11,Essex Police,Essex Police,0.113042,51.700137,On or near Police Station,E01021757,Epping Forest 006B,Drugs,Local resolution,
08ed21bc2a46478d725367db7b7965eebe34f74d72914f1b6dca52ca0ba8baab,2024-11,Essex Police,Essex Police,0.109325,51.697095,On or near Clarks Lane,E01021757,Epping Forest 006B,Public order,Unable to prosecute suspect,
463bdc246a460ab36be7c70775a62bb82987fada99c9d98f1a7804459e21285d,2024-11,Essex Police,Essex Police,0.111119,51.697719,On or near Hemnall Street,E01021757,Epping Forest 006B,Public order,Unable to prosecute suspect,
8ba7cc480757bccd26b486d63d5e7369d29cdd397200b10709d20c3a62ef1d56,2024-11,Essex Police,Essex Police,0.113042,51.700137,On or near Police Station,E01021757,Epping Forest 006B,Shoplifting,Court result unavailable,
22b2d7e4e3da6e9c22201d7333184e3427e13612ebfdf952454109899cd02ef7,2024-11,Essex Police,Essex Police,0.111957,51.698936,On or near Lion Court,E01021757,Epping Forest 006B,Shoplifting,Investigation complete; no suspect identified,
f45c892afdad4273824a7a8958fb19770f3f4be5d651f2c7a4d33dc673c3b24f,2024-11,Essex Police,Essex Police,0.111957,51.698936,On or near Lion Court,E01021757,Epping Forest 006B,Shoplifting,Investigation complete; no suspect identified,
116571972ed81aa5258d3adc8f862c2cc86d0eb3f36b34e368a7dd14c52d988f,2024-11,Essex Police,Essex Police,0.113270,51.693561,On or near Epping,E01021757,Epping Forest 006B,Vehicle crime,Investigation complete; no suspect identified,
94edd005d4197a743fda22d3bb84840716093ec3e4e23718a50db6dfa9557597,2024-11,Essex Police,Essex Police,0.113270,51.693561,On or near Epping,E01021757,Epping Forest 006B,Vehicle crime,Investigation complete; no suspect identified,
43fdc5033ee52870b0d887d225b6d5a176fce093ee3b4c327614c794ca438009,2024-11,Essex Police,Essex Police,0.113042,51.700137,On or near Police Station,E01021757,Epping Forest 006B,Violence and sexual offences,Investigation complete; no suspect identified,
613fba6d995671b64aa8d815e8b1c18aea03c72b88d1b11808382dc6c1c7a627,2024-11,Essex Police,Essex Police,0.113648,51.699184,On or near The Drummonds,E01021757,Epping Forest 006B,Violence and sexual offences,Unable to prosecute suspect,
2ba6cf99eaf8af5895a9d737b333131a66834bb153ca199b1e1a35999bb00b8f,2024-11,Essex Police,Essex Police,0.113042,51.700137,On or near Police Station,E01021757,Epping Forest 006B,Violence and sexual offences,Unable to prosecute suspect,
c5024d6898f260198fdf08b9f7cb89019169bb5ccd21a122a64275f7ab5afaa4,2024-11,Essex Police,Essex Police,0.113042,51.700137,On or near Police Station,E01021757,Epping Forest 006B,Violence and sexual offences,Unable to prosecute suspect,
046696a0d4770ade4c20ada86c70b94ce8b0467e79fc70ed238788b5e2a7333e,2024-11,Essex Police,Essex Police,0.113042,51.700137,On or near Police Station,E01021757,Epping Forest 006B,Violence and sexual offences,Investigation complete; no suspect identified,
76dcf3acf8c4deb8bb6f3861161768ddd96cf3a0f3b867fb48087e1b58646cd9,2024-11,Essex Police,Essex Police,0.108181,51.694273,On or near Madells,E01021758,Epping Forest 006C,Vehicle crime,Investigation complete; no suspect identified,
bb697ccebd4c26a6ab7b4705795b1b84eb52722753dbe301088153142dd507cd,2024-11,Essex Police,Essex Police,0.099913,51.692720,On or near Park/Open Space,E01021758,Epping Forest 006C,Violence and sexual offences,Action to be taken by another organisation,
47b71741e4c98b46bc3ea94d3581da7b327af5b85bbac9fad8f47024a8816c02,2024-11,Essex Police,Essex Police,0.099913,51.692720,On or near Park/Open Space,E01021758,Epping Forest 006C,Violence and sexual offences,Unable to prosecute suspect,
f6990871b8bd5aff4cfe701e9cac46777703a5aa83bcadee80fdd0f1596c28d7,2024-11,Essex Police,Essex Police,0.108191,51.695730,On or near Pelly Court,E01021758,Epping Forest 006C,Violence and sexual offences,Unable to prosecute suspect,
5acda25077813a1450ae70daf0554d8bef1db450adc1225ab1d3aa3167b4a189,2024-11,Essex Police,Essex Police,0.109698,51.692681,On or near Centre Drive,E01021758,Epping Forest 006C,Violence and sexual offences,Formal action is not in the public interest,
451274d1021c130259d61734b64675038568db7a25b281cc44903b043b468fe4,2024-11,Essex Police,Essex Police,0.112098,51.694176,On or near Addison Court,E01021758,Epping Forest 006C,Violence and sexual offences,Unable to prosecute suspect,
8cc9a368cdd523a0bfb9666a8c7d0f6282156c552d6a85ae632c20f5e5bd54c5,2024-11,Essex Police,Essex Police,0.108191,51.695730,On or near Pelly Court,E01021758,Epping Forest 006C,Violence and sexual offences,Investigation complete; no suspect identified,
e1aa3a1471ce086edbd42e38b4ad2df5e0f8144a50777dd594929d4377348610,2024-11,Essex Police,Essex Police,0.110207,51.690856,On or near Pantin Close,E01021759,Epping Forest 006D,Criminal damage and arson,Investigation complete; no suspect identified,
bf0d40d3139b45e8e7921db9536a7c7a219f6d523135e64df2f7ce6d0548b055,2024-11,Essex Police,Essex Police,0.112926,51.688658,On or near Allnutts Road,E01021759,Epping Forest 006D,Vehicle crime,Investigation complete; no suspect identified,
,2024-11,Essex Police,Essex Police,0.006240,51.690996,On or near Parvills,E01021811,Epping Forest 007A,Anti-social behaviour,,
,2024-11,Essex Police,Essex Police,0.013288,51.690714,On or near Smeaton Close,E01021811,Epping Forest 007A,Anti-social behaviour,,
,2024-11,Essex Police,Essex Police,0.006136,51.690611,On or near Pasfield,E01021811,Epping Forest 007A,Anti-social behaviour,,
,2024-11,Essex Police,Essex Police,0.011738,51.690677,On or near Old Oaks,E01021811,Epping Forest 007A,Anti-social behaviour,,
855be0ddcc6634904ba5518e7640e676f57947b69332cb24141b48a79c1baeaf,2024-11,Essex Police,Essex Police,0.006136,51.690611,On or near Pasfield,E01021811,Epping Forest 007A,Criminal damage and arson,Unable to prosecute suspect,
b3d7811496d663a4d1ae03d423a3484e5a5b1daa288326a32b74c86fad30f1d1,2024-11,Essex Police,Essex Police,0.013288,51.690714,On or near Smeaton Close,E01021811,Epping Forest 007A,Criminal damage and arson,Unable to prosecute suspect,
5c7be14cd6893d05e718f8bceeeae667bbf395466fcae51eb779e72e4c72ba31,2024-11,Essex Police,Essex Police,0.016011,51.690442,On or near Brookside,E01021811,Epping Forest 007A,Public order,Unable to prosecute suspect,
4451b6f4e7dd560d79988b03c64541dba5a5ac4fc803829c02597f15836cf0a3,2024-11,Essex Police,Essex Police,0.006136,51.690611,On or near Pasfield,E01021811,Epping Forest 007A,Violence and sexual offences,Offender given a caution,
392facffb7ca8a0391fc9a7149b7d7480a4e0aaee16e5eeb6da05408fb7b7c1c,2024-11,Essex Police,Essex Police,0.006136,51.690611,On or near Pasfield,E01021811,Epping Forest 007A,Violence and sexual offences,Unable to prosecute suspect,
45b32c7f75878f8905f48b006c5e8748856011fbe6ed9e0bdb487826459dde8a,2024-11,Essex Police,Essex Police,0.006136,51.690611,On or near Pasfield,E01021811,Epping Forest 007A,Violence and sexual offences,Unable to prosecute suspect,
cf22e6912009ca230f82f4888d14f2df0dd693e5aff30ccdd5a08842abd81868,2024-11,Essex Police,Essex Police,0.003468,51.690486,On or near South Weald Drive,E01021811,Epping Forest 007A,Violence and sexual offences,Unable to prosecute suspect,
3960bbe15960b788967259b0cb56ced83b4ab8e114307217340d2c791d1245d0,2024-11,Essex Police,Essex Police,0.008328,51.687822,On or near The Gladeway,E01021813,Epping Forest 007B,Burglary,Investigation complete; no suspect identified,
ad35c9f44712f467e4e04eccbc3e313b6308e587f1abb82c4ea4a873f07be87b,2024-11,Essex Police,Essex Police,0.007993,51.689419,On or near Quendon Drive,E01021813,Epping Forest 007B,Other theft,Investigation complete; no suspect identified,
3076a81ad69ba260224b8acd102a729944f1bf218b72fb34ba5ae456070e3417,2024-11,Essex Police,Essex Police,0.008328,51.687822,On or near The Gladeway,E01021813,Epping Forest 007B,Public order,Unable to prosecute suspect,
64932c50b625150e3f67a2a5d822405a8bd63c8fb5c1a5224969416ce72051fd,2024-11,Essex Police,Essex Police,0.006113,51.688121,On or near Monkswood Avenue,E01021813,Epping Forest 007B,Public order,Unable to prosecute suspect,
b69f773d821c5898f1822237d7f32f826c2bb5644bc5ef29e5eae81e1ead7d62,2024-11,Essex Police,Essex Police,0.005263,51.686580,On or near Farm Hill Road,E01021813,Epping Forest 007B,Public order,Investigation complete; no suspect identified,
699344a4eb251dd8cc7df49d7d90cb05348693652618d6b2cd1b09bc5b80ece0,2024-11,Essex Police,Essex Police,0.008328,51.687822,On or near The Gladeway,E01021813,Epping Forest 007B,Vehicle crime,Investigation complete; no suspect identified,
2cffc21052ec74ee24b7dfe516fe75dbe65747560af18cff7a2ea34aa73bc4e6,2024-11,Essex Police,Essex Police,0.006113,51.688121,On or near Monkswood Avenue,E01021813,Epping Forest 007B,Violence and sexual offences,Unable to prosecute suspect,
ce65da4be69d067b331a70c27b6429ef5ee674639ced5a4cc12cd8f0fde090d5,2024-11,Essex Police,Essex Police,0.003730,51.688215,On or near Norman Close,E01021813,Epping Forest 007B,Violence and sexual offences,Action to be taken by another organisation,
ebbad4dec19b8b85ff2e0f990d471fb56e07efe9c158c568068a3f1aeaec4589,2024-11,Essex Police,Essex Police,0.008328,51.687822,On or near The Gladeway,E01021813,Epping Forest 007B,Violence and sexual offences,Unable to prosecute suspect,
f04ee2d61e76d3db29a2407c0290754ddaea1e83fc81ee3f96346a67fa07252f,2024-11,Essex Police,Essex Police,0.007304,51.683982,On or near Elm Close,E01021813,Epping Forest 007B,Violence and sexual offences,Formal action is not in the public interest,
,2024-11,Essex Police,Essex Police,0.020682,51.689103,On or near Edward Court,E01021814,Epping Forest 007C,Anti-social behaviour,,
,2024-11,Essex Police,Essex Police,0.029827,51.690735,On or near Conybury Close,E01021814,Epping Forest 007C,Anti-social behaviour,,
21c8ca6ea7a738c899d2e5e3a1fb70be66101d3d75118c4c921e89bd1e78774c,2024-11,Essex Police,Essex Police,0.027974,51.693617,On or near Highfield Close,E01021814,Epping Forest 007C,Burglary,Investigation complete; no suspect identified,
baa7db765240a751222c2aa7ef511ca3c0d7df5778254ea1a742c054962fc23e,2024-11,Essex Police,Essex Police,0.029827,51.690735,On or near Conybury Close,E01021814,Epping Forest 007C,Criminal damage and arson,Investigation complete; no suspect identified,
8e63a262a3f97b0003b35c2baf2d560311396ab5a49fc850d14897e6c17aa4a6,2024-11,Essex Police,Essex Police,0.020682,51.689103,On or near Edward Court,E01021814,Epping Forest 007C,Theft from the person,Investigation complete; no suspect identified,
06fa4fb955e018d63aaee30e21137a2cf3c27000b9055b3dc9743b67e4df2049,2024-11,Essex Police,Essex Police,0.027498,51.693662,On or near Brookland Drive,E01021814,Epping Forest 007C,Violence and sexual offences,Unable to prosecute suspect,
8a14d2190a31727771197218c7433accebcb402f80cbb8494a41e57c0f1cdf16,2024-11,Essex Police,Essex Police,0.029827,51.690735,On or near Conybury Close,E01021814,Epping Forest 007C,Violence and sexual offences,Investigation complete; no suspect identified,
23d93cef360689f6d1ac0fa0a5dcc5ad3c1e2ae61f628a465cc8d123a3321e7d,2024-11,Essex Police,Essex Police,0.032423,51.689899,On or near Princesfield Road,E01021814,Epping Forest 007C,Violence and sexual offences,Unable to prosecute suspect,
d947f89c88e3a4d50cc921829de55b181f789aea6137e99cb857faa8ddfa9da2,2024-11,Essex Police,Essex Police,0.024931,51.691907,On or near Barnes Way,E01021814,Epping Forest 007C,Violence and sexual offences,Unable to prosecute suspect,
26c32e1a220663e230c76a2d7ed142ee59eee97e660f422dd131f1b1a44cdcb4,2024-11,Essex Police,Essex Police,0.020682,51.689103,On or near Edward Court,E01021814,Epping Forest 007C,Violence and sexual offences,Unable to prosecute suspect,
ca48eed89699076e98746e79e7bb810dc548c6b98d505892ec468767d727e213,2024-11,Essex Police,Essex Police,0.032423,51.689899,On or near Princesfield Road,E01021814,Epping Forest 007C,Violence and sexual offences,Unable to prosecute suspect,
807363d7acd910f4269724647431e536e775bcab657c38303ec8af38cadb4114,2024-11,Essex Police,Essex Police,0.026731,51.686211,On or near Tillingham Court,E01021815,Epping Forest 007D,Burglary,Investigation complete; no suspect identified,
1ebe33ab5f1788dbb4bb0fdafc47f1406b76995bcf1f31585ff97b1d811671ec,2024-11,Essex Police,Essex Police,0.028900,51.687163,On or near Geisthorp Court,E01021815,Epping Forest 007D,Drugs,Investigation complete; no suspect identified,
aaa5bb0383805a5ce4bb6b2311f74b22c8eb050831888a2916a7c1f0f34ef566,2024-11,Essex Police,Essex Police,0.030953,51.689393,On or near Supermarket,E01021815,Epping Forest 007D,Drugs,Investigation complete; no suspect identified,
7baf6c46d73802596c17223e7ebe7e5d07701bc73e0243f60a698e3d5187e582,2024-11,Essex Police,Essex Police,0.030953,51.689393,On or near Supermarket,E01021815,Epping Forest 007D,Other theft,Investigation complete; no suspect identified,
c1462a5a31837dbb767c7b1616b37fab31566e07d1d90c81b18ea5c3ba61f6a2,2024-11,Essex Police,Essex Police,0.030867,51.686490,On or near Theydon Court,E01021815,Epping Forest 007D,Other theft,Investigation complete; no suspect identified,
b3e4edb3dd19f3e5ffd1539cab33d852dd3a4231021f98a1f3dc4d69dede313e,2024-11,Essex Police,Essex Police,0.029684,51.686565,On or near Woodford Court,E01021815,Epping Forest 007D,Vehicle crime,Investigation complete; no suspect identified,
28019f78aa314a5a69bf8a02d028ec38d4dc5a171cf157959d2a6252b5dd22af,2024-11,Essex Police,Essex Police,0.037304,51.690030,On or near Parking Area,E01021815,Epping Forest 007D,Violence and sexual offences,Local resolution,
b5a0fe27c2cf596e60f69d793444bb6189af62c9ef03b784a4d4c45a9c5e59b8,2024-11,Essex Police,Essex Police,0.029104,51.685900,On or near Abbotts Drive,E01021815,Epping Forest 007D,Violence and sexual offences,Unable to prosecute suspect,
273c6f2b86ff26959eb616f5b8b319ee2f4b0ad385f596271a741619465d25e2,2024-11,Essex Police,Essex Police,0.027605,51.689586,On or near Upshire Road,E01021815,Epping Forest 007D,Violence and sexual offences,Unable to prosecute suspect,
8ec1b3f4f44626f39a74203a18539f2ec6fab1e2226871d8b4d509516a9d5ab1,2024-11,Essex Police,Essex Police,0.027605,51.689586,On or near Upshire Road,E01021815,Epping Forest 007D,Violence and sexual offences,Status update unavailable,
10c52db8aa9c84414b35de0f25adf62e7f0c7340a89eb75a53c05cac16b42bda,2024-11,Essex Police,Essex Police,0.029104,51.685900,On or near Abbotts Drive,E01021815,Epping Forest 007D,Violence and sexual offences,Unable to prosecute suspect,
32d665448d308bc9f3b231621758975ab1dee0886c418d62b809740647478594,2024-11,Essex Police,Essex Police,0.029104,51.685900,On or near Abbotts Drive,E01021815,Epping Forest 007D,Violence and sexual offences,Unable to prosecute suspect,
,2024-11,Essex Police,Essex Police,0.023086,51.688495,On or near Mallion Court,E01021816,Epping Forest 007E,Anti-social behaviour,,
,2024-11,Essex Police,Essex Police,0.016926,51.688898,On or near Amwell Court,E01021816,Epping Forest 007E,Anti-social behaviour,,
,2024-11,Essex Police,Essex Police,0.018233,51.688686,On or near Badburgham Court,E01021816,Epping Forest 007E,Anti-social behaviour,,
,2024-11,Essex Police,Essex Police,0.023086,51.688495,On or near Mallion Court,E01021816,Epping Forest 007E,Anti-social behaviour,,
e8c45288ca50ff791c2f0eaf03b7a011fca5e115fd4bca6a1fa4a0062e0bb62e,2024-11,Essex Police,Essex Police,0.023086,51.688495,On or near Mallion Court,E01021816,Epping Forest 007E,Criminal damage and arson,Investigation complete; no suspect identified,
aa197e467121283de1e11b3761b4b2d0dbba3c22cb80d0b84a90f65ac625b205,2024-11,Essex Police,Essex Police,0.021086,51.687441,On or near Hillhouse,E01021816,Epping Forest 007E,Criminal damage and arson,Investigation complete; no suspect identified,
b774097d4bd3c5eed9df1bee18b3956df1a6d932b9964860e3ef335cdc656e51,2024-11,Essex Police,Essex Police,0.023086,51.688495,On or near Mallion Court,E01021816,Epping Forest 007E,Criminal damage and arson,Investigation complete; no suspect identified,
99ef5deb71cd73369e5645f41a3feb7f5bdd212b31d1e9393300aa4ea19f24b1,2024-11,Essex Police,Essex Police,0.023086,51.688495,On or near Mallion Court,E01021816,Epping Forest 007E,Criminal damage and arson,Investigation complete; no suspect identified,
1f888ba16e3759991241f17d842a1d4066d6666eaaccab2b3d3aee51078162ed,2024-11,Essex Police,Essex Police,0.023086,51.688495,On or near Mallion Court,E01021816,Epping Forest 007E,Public order,Investigation complete; no suspect identified,
fe21a710c809e2b1d8189c6ff12f76c2b139bf59d8948f50c075305756c88d6b,2024-11,Essex Police,Essex Police,0.021983,51.687453,On or near Neal Court,E01021816,Epping Forest 007E,Vehicle crime,Investigation complete; no suspect identified,
083e4b48e3640984c79ee398775e740f787fcd1a1f4118deb2ead2b0e6638199,2024-11,Essex Police,Essex Police,0.021086,51.687441,On or near Hillhouse,E01021816,Epping Forest 007E,Vehicle crime,Investigation complete; no suspect identified,
84954c26d6720f170f1231bb09a14a4e8ecb6763ccc7344301b0da49a6f7785b,2024-11,Essex Police,Essex Police,0.025507,51.686340,On or near Stanford Court,E01021816,Epping Forest 007E,Vehicle crime,Investigation complete; no suspect identified,
a8d084be2ed21c84d185d1e0bf3d3bcc2901f5fb37531f570efcf5e850d4a3a4,2024-11,Essex Police,Essex Police,0.026863,51.688844,On or near Farmers Court,E01021816,Epping Forest 007E,Violence and sexual offences,Unable to prosecute suspect,
32e2f11627e78b3b48ca062a2697f18b0376e0fbf017104c52ab9c6118d7a527,2024-11,Essex Police,Essex Police,0.016926,51.688898,On or near Amwell Court,E01021816,Epping Forest 007E,Violence and sexual offences,Unable to prosecute suspect,
f62d75c3117ae75ef20f4201a65bec84f83a0b3a2ceb09591c4b858a93ba0767,2024-11,Essex Police,Essex Police,0.021983,51.687453,On or near Neal Court,E01021816,Epping Forest 007E,Violence and sexual offences,Local resolution,
58cb23e383d64f9166a8201b7a38b9b8ac1abcc9f95d218f42b4dd3ee1662706,2024-11,Essex Police,Essex Police,0.023086,51.688495,On or near Mallion Court,E01021816,Epping Forest 007E,Violence and sexual offences,Unable to prosecute suspect,
6dc4e53b79ec31eab5f20db7810b6e9e4f69d98f99377a016aa3cb2198510fd8,2024-11,Essex Police,Essex Police,0.026863,51.688844,On or near Farmers Court,E01021816,Epping Forest 007E,Violence and sexual offences,Unable to prosecute suspect,
3e93670e03f3c722ed1aaee97bf81db9957246bf09269f9114b6fbe1988a5140,2024-11,Essex Police,Essex Police,0.024846,51.687413,On or near Shingle Court,E01021816,Epping Forest 007E,Violence and sexual offences,Unable to prosecute suspect,
fcfd32484a830452723ab19c876b25199add87e3c3a20d3ec6e7088d7df6bdb3,2024-11,Essex Police,Essex Police,0.016926,51.688898,On or near Amwell Court,E01021816,Epping Forest 007E,Violence and sexual offences,Unable to prosecute suspect,
a8cb7685443fac7c846188a8417169eec720b53b0da1db0beb4f147a44d42670,2024-11,Essex Police,Essex Police,0.026863,51.688844,On or near Farmers Court,E01021816,Epping Forest 007E,Violence and sexual offences,Unable to prosecute suspect,
0529b6fbdd91f6e346eb4612e7514375e9d2d4b3209adaded3da615bdfce30c1,2024-11,Essex Police,Essex Police,0.026863,51.688844,On or near Farmers Court,E01021816,Epping Forest 007E,Violence and sexual offences,Unable to prosecute suspect,
adeab7e76b974309e2a3cbcafba4d5923ae1788626441588d1290e3a3e62e540,2024-11,Essex Police,Essex Police,0.012334,51.686153,On or near Rosebank,E01021807,Epping Forest 008A,Criminal damage and arson,Investigation complete; no suspect identified,
08ffdc301e79c985123d3b526a018648a3b97fd2699219a43eba4a75b9e6a1da,2024-11,Essex Police,Essex Police,0.012334,51.686153,On or near Rosebank,E01021807,Epping Forest 008A,Criminal damage and arson,Investigation complete; no suspect identified,
cabe7bb4a2088422d756989156643f1bb88cfc61e499c83e6abbff35ccfa1ed7,2024-11,Essex Police,Essex Police,0.017212,51.687202,On or near Newhall Court,E01021807,Epping Forest 008A,Drugs,Investigation complete; no suspect identified,
2067f69e2d44e0b03d8da22e417e9b0bc724de94a3aac064436e0ef403e597c3,2024-11,Essex Police,Essex Police,0.012005,51.687867,On or near Rounton Road,E01021807,Epping Forest 008A,Violence and sexual offences,Local resolution,
57139cfb532d1dd3bdcc9303633b41956ae5754508550cf9d41ac3f6120be43a,2024-11,Essex Police,Essex Police,0.012559,51.687327,On or near Woodbrook Gardens,E01021807,Epping Forest 008A,Violence and sexual offences,Unable to prosecute suspect,
e40092940da9d8bbd4846954702a7d6ce493661bb07c945786e52e15d4debbc4,2024-11,Essex Police,Essex Police,0.012005,51.687867,On or near Rounton Road,E01021807,Epping Forest 008A,Violence and sexual offences,Local resolution,
5c11b371c5b84491a53e69d05a2558dd4412665cb2dd166e175e14c53c798720,2024-11,Essex Police,Essex Police,0.018189,51.687042,On or near Brickenden Court,E01021807,Epping Forest 008A,Violence and sexual offences,Unable to prosecute suspect,
,2024-11,Essex Police,Essex Police,0.008587,51.683232,On or near Hockley Court,E01021808,Epping Forest 008B,Anti-social behaviour,,
,2024-11,Essex Police,Essex Police,0.009159,51.683393,On or near Parking Area,E01021808,Epping Forest 008B,Anti-social behaviour,,
67954a2c6beaf141ab447da2320a2246c17afe0ccd704768ec990c3181cc7000,2024-11,Essex Police,Essex Police,0.012148,51.683917,On or near Springfields,E01021808,Epping Forest 008B,Burglary,Investigation complete; no suspect identified,
60a42308a849b93b57ba256dd09664a880f2cd0d5a20140fdd1ba18c014676db,2024-11,Essex Police,Essex Police,0.009159,51.683393,On or near Parking Area,E01021808,Epping Forest 008B,Criminal damage and arson,Investigation complete; no suspect identified,
7f227b27e69083366a5b9d78a725c03768bd0ac7bbcb253134a4011bc9b0b578,2024-11,Essex Police,Essex Police,0.009909,51.681392,On or near Oakwood,E01021808,Epping Forest 008B,Criminal damage and arson,Investigation complete; no suspect identified,
a7161324e05e81b1863366f353b987cdd2f1595c54926d96f48daba3566a7e75,2024-11,Essex Police,Essex Police,0.009159,51.683393,On or near Parking Area,E01021808,Epping Forest 008B,Criminal damage and arson,Investigation complete; no suspect identified,
6ad2ce7af15b8aae6a8d2020495e3994114e4542aab2781fcf420e91b66707fc,2024-11,Essex Police,Essex Police,0.009909,51.681392,On or near Oakwood,E01021808,Epping Forest 008B,Criminal damage and arson,Investigation complete; no suspect identified,
c7823e9e22155989bfd3e005be91498e8c82789f8e5332fe33ec9d66b5401528,2024-11,Essex Police,Essex Police,0.012148,51.683917,On or near Springfields,E01021808,Epping Forest 008B,Drugs,Investigation complete; no suspect identified,
6d1b4e30b85b42b427380cc1352a146e435bb96c4bf4445620a35926111db4a2,2024-11,Essex Police,Essex Police,0.012148,51.683917,On or near Springfields,E01021808,Epping Forest 008B,Drugs,Investigation complete; no suspect identified,
535ed21e46c0f7bad73cf657b105449c0a822f82dc43786da3d21309735f17f3,2024-11,Essex Police,Essex Police,0.007892,51.681904,On or near Caldbeck,E01021808,Epping Forest 008B,Violence and sexual offences,Unable to prosecute suspect,
b0440bcf2f24a118303c7b385b5b0f9b001a072e3df2cb25fdfef6ea8a44f770,2024-11,Essex Police,Essex Police,0.007892,51.681904,On or near Caldbeck,E01021808,Epping Forest 008B,Violence and sexual offences,Unable to prosecute suspect,
edcd7263f8a4f4711d042e3f7302a40d4b112b079902f80fe685b4a866f65f8c,2024-11,Essex Police,Essex Police,0.007892,51.681904,On or near Caldbeck,E01021808,Epping Forest 008B,Violence and sexual offences,Status update unavailable,
,2024-11,Essex Police,Essex Police,0.018630,51.686234,On or near Lucas Court,E01021809,Epping Forest 008C,Anti-social behaviour,,
a4e766f0813ad7c2a264df12922771ddd220e0afb2970f46230cc9f080b871f5,2024-11,Essex Police,Essex Police,0.018238,51.682931,On or near Honey Mews,E01021809,Epping Forest 008C,Theft from the person,Investigation complete; no suspect identified,
12eeed19331e1f321947e6f8a01b8792647999a68a34d3b5855d2b24c521d699,2024-11,Essex Police,Essex Police,0.016978,51.684859,On or near Mason Close,E01021809,Epping Forest 008C,Vehicle crime,Investigation complete; no suspect identified,
c90162f0661cc3386af925c12256d466d5ac15fc25c2f0c3f3ef86af8b835124,2024-11,Essex Police,Essex Police,0.016978,51.684859,On or near Mason Close,E01021809,Epping Forest 008C,Violence and sexual offences,Unable to prosecute suspect,
,2024-11,Essex Police,Essex Police,0.029747,51.681834,On or near Old Shire Lane,E01021810,Epping Forest 008D,Anti-social behaviour,,
,2024-11,Essex Police,Essex Police,0.029747,51.681834,On or near Old Shire Lane,E01021810,Epping Forest 008D,Anti-social behaviour,,
fc072e539cfd0b9b204d58ec34403cf27dad939430a2864ea922b3af30293902,2024-11,Essex Police,Essex Police,0.023735,51.684230,On or near Haywood Court,E01021810,Epping Forest 008D,Criminal damage and arson,Unable to prosecute suspect,
729a96d8951510ad07a801f03706afc1eb8d86a332213b1d5d4ace720368706e,2024-11,Essex Police,Essex Police,0.022505,51.682930,On or near Shernbroke Road,E01021810,Epping Forest 008D,Drugs,Local resolution,
82b50f708dbb79254be19d391095f941b40c574cf2cd3a39cbae4837a59cb3a1,2024-11,Essex Police,Essex Police,0.029747,51.681834,On or near Old Shire Lane,E01021810,Epping Forest 008D,Drugs,Local resolution,
14fa0ef828b18d712aef15b84655dff936b515ae165dc76ffcc3d61ad709c646,2024-11,Essex Police,Essex Police,0.023735,51.684230,On or near Haywood Court,E01021810,Epping Forest 008D,Other theft,Unable to prosecute suspect,
1ef462e1132d06f8f8b1c64cb47faaea5428075be04e8b7fdb64c22ab6df4abb,2024-11,Essex Police,Essex Police,0.023735,51.684230,On or near Haywood Court,E01021810,Epping Forest 008D,Vehicle crime,Unable to prosecute suspect,
72b0a4d2ccce6d01129dd63e57111fc448d84ae26048668462e6ed3a76ccce44,2024-11,Essex Police,Essex Police,0.029747,51.681834,On or near Old Shire Lane,E01021810,Epping Forest 008D,Vehicle crime,Investigation complete; no suspect identified,
5391e13eec7988d1094236b5fa6ffa94d8f0bb88c35f1cb79562786f73560832,2024-11,Essex Police,Essex Police,0.022505,51.682930,On or near Shernbroke Road,E01021810,Epping Forest 008D,Vehicle crime,Investigation complete; no suspect identified,
5883018a2b17627f10762fc7ae31a3b13109ecdba7e671ea5023a3e4571cb178,2024-11,Essex Police,Essex Police,0.029747,51.681834,On or near Old Shire Lane,E01021810,Epping Forest 008D,Vehicle crime,Investigation complete; no suspect identified,
2a5b39484ea11546bffbf9b7e066a43ce62ea82a5d9abb3b3fea975724d8255a,2024-11,Essex Police,Essex Police,0.021102,51.681308,On or near Cobmead Grove,E01021810,Epping Forest 008D,Vehicle crime,Investigation complete; no suspect identified,
62a31c005a81bbefc38fb329b0801e8d449af28aaf06df44377e7ff2dbf4b317,2024-11,Essex Police,Essex Police,0.030475,51.683880,On or near Stoney Bridge Drive,E01021810,Epping Forest 008D,Vehicle crime,Investigation complete; no suspect identified,
43adb1ffe44fff63a0ea3d858f0e802da9c9537f84eb347002b32a162e39e614,2024-11,Essex Police,Essex Police,0.029747,51.681834,On or near Old Shire Lane,E01021810,Epping Forest 008D,Vehicle crime,Investigation complete; no suspect identified,
01f5e01291bd9ca900f3260bffbddaa27542b2743e757c7506566c9490bbe9db,2024-11,Essex Police,Essex Police,0.029747,51.681834,On or near Old Shire Lane,E01021810,Epping Forest 008D,Vehicle crime,Investigation complete; no suspect identified,
9d509243ad70d15201ffb958ed715c4236e5a540fb62b81c4ee2dfba0cb4aec6,2024-11,Essex Police,Essex Police,0.023735,51.684230,On or near Haywood Court,E01021810,Epping Forest 008D,Vehicle crime,Investigation complete; no suspect identified,
a9df8fcad3c66706aab4580c272286fc70714ff3d6965336221cdcb2eac43ffd,2024-11,Essex Police,Essex Police,0.023958,51.682428,On or near Margherita Place,E01021810,Epping Forest 008D,Violence and sexual offences,Unable to prosecute suspect,
ec9679fbfcc7462d48d91a2b53efc164060325ae57da16bc83616688152e2d1c,2024-11,Essex Police,Essex Police,0.023735,51.684230,On or near Haywood Court,E01021810,Epping Forest 008D,Violence and sexual offences,Unable to prosecute suspect,
701b2bdc6cd6929d9fb1ad302562c4f7787655f4203240cc71de752c05062261,2024-11,Essex Police,Essex Police,0.022505,51.682930,On or near Shernbroke Road,E01021810,Epping Forest 008D,Violence and sexual offences,Unable to prosecute suspect,
9190d7ed921c8299a4c2c6a9a1ea502deb80d5796edd519f3153a0c7b40ea1e2,2024-11,Essex Police,Essex Police,0.025798,51.683781,On or near Merlin Close,E01021810,Epping Forest 008D,Violence and sexual offences,Local resolution,
71d7c1a5d9f9efa034021f5a99a9377ff7ad69996f4e61e8cc042ac536a0d01e,2024-11,Essex Police,Essex Police,0.023735,51.684230,On or near Haywood Court,E01021810,Epping Forest 008D,Violence and sexual offences,Offender given a caution,
65aec172dbe52afec6ab7a19ed8214245dff2cd5fb81dd78d2fa44a98cefb6e7,2024-11,Essex Police,Essex Police,0.027592,51.683777,On or near Osprey Road,E01021810,Epping Forest 008D,Violence and sexual offences,Unable to prosecute suspect,
ca952ff5755af9de23d521c0f58fef621fabf99d115de146e9089cc77493f76d,2024-11,Essex Police,Essex Police,0.023735,51.684230,On or near Haywood Court,E01021810,Epping Forest 008D,Violence and sexual offences,Unable to prosecute suspect,
,2024-11,Essex Police,Essex Police,0.004155,51.677534,On or near Dowding Way,E01021817,Epping Forest 008E,Anti-social behaviour,,
,2024-11,Essex Police,Essex Police,0.001736,51.677458,On or near Foxwood Chase,E01021817,Epping Forest 008E,Anti-social behaviour,,
cffc33d79eea38f0112095a42d819dcb5ca1b37af0d942e45fa6b5b1670b5771,2024-11,Essex Police,Essex Police,-0.008474,51.677830,On or near Roman Way,E01021817,Epping Forest 008E,Bicycle theft,Unable to prosecute suspect,
9a2573a293785e8eb0a1d7131e187294115aab7c998c9313efa023cc5b7427b8,2024-11,Essex Police,Essex Police,-0.003667,51.677604,On or near Harrison Road,E01021817,Epping Forest 008E,Bicycle theft,Investigation complete; no suspect identified,
bf5ea59593f73398160d050efc14a166372312fb4e53a8034170637f25dbeec4,2024-11,Essex Police,Essex Police,-0.000499,51.683521,On or near Harveyfields,E01021817,Epping Forest 008E,Burglary,Investigation complete; no suspect identified,
2c740b7c485968ab5ea3e496f0761e7282752568aeb266f36798d35a93821455,2024-11,Essex Police,Essex Police,-0.003578,51.684896,On or near Town Mead Road,E01021817,Epping Forest 008E,Burglary,Investigation complete; no suspect identified,
8749cbf6633ad714461426d12826df63a457bfd409797041c88fded907b26ee3,2024-11,Essex Police,Essex Police,-0.005992,51.678022,On or near Howse Road,E01021817,Epping Forest 008E,Other theft,Investigation complete; no suspect identified,
ee4ea13d64248bb6f35cee139e48f6a02c7cd8dab49ac57400258311ddebd5d8,2024-11,Essex Police,Essex Police,-0.003520,51.684229,On or near Orchard Gardens,E01021817,Epping Forest 008E,Other theft,Investigation complete; no suspect identified,
4995bfd8f0d3173a087fe8dd336d4264e9e8833c7c7f179812360ce2ce648bbc,2024-11,Essex Police,Essex Police,-0.000025,51.682794,On or near Cartersfield Road,E01021817,Epping Forest 008E,Public order,Investigation complete; no suspect identified,
d679dc84f6a3a095a23ef3745d64315f7dc215d41d05267596336ede18084b9f,2024-11,Essex Police,Essex Police,-0.006974,51.682768,On or near Sports/Recreation Area,E01021817,Epping Forest 008E,Robbery,Investigation complete; no suspect identified,
690136581d392e04941540992ae81edbb306005656979500bbdac8b56b463f6c,2024-11,Essex Police,Essex Police,-0.003638,51.682532,On or near Brooker Road,E01021817,Epping Forest 008E,Robbery,Investigation complete; no suspect identified,
2e70ef92b49b92d63c46275deb378ddbfbd41bfaaa5acb2e4b1ea47cd4087ef8,2024-11,Essex Police,Essex Police,-0.000025,51.682794,On or near Cartersfield Road,E01021817,Epping Forest 008E,Shoplifting,Investigation complete; no suspect identified,
32316e8420e250193c9ea241134cd9bf38e729630b035be3eec5a7bcc2d8c043,2024-11,Essex Police,Essex Police,-0.003873,51.683786,On or near Audley Gardens,E01021817,Epping Forest 008E,Vehicle crime,Court result unavailable,
ae63e7275ab5f513dc6af354c312538f8958374313038bd2ff1d2f67fe1468be,2024-11,Essex Police,Essex Police,-0.003638,51.682532,On or near Brooker Road,E01021817,Epping Forest 008E,Vehicle crime,Investigation complete; no suspect identified,
a81bb774f62a5e6651918a31aa03f2d1c8eaac373e6a8c83a3a20549d1800ee7,2024-11,Essex Police,Essex Police,-0.007322,51.678044,On or near Christie Road,E01021817,Epping Forest 008E,Violence and sexual offences,Unable to prosecute suspect,
91ce30f3f6085ab087799b76264256cf0511058033d1feedf9f77d81f32a99e8,2024-11,Essex Police,Essex Police,-0.007322,51.678044,On or near Christie Road,E01021817,Epping Forest 008E,Violence and sexual offences,Unable to prosecute suspect,
010c85feb9939c32d13eff9dd2b76b05aa8522a5489b5a7a960ad840c64e6f49,2024-11,Essex Police,Essex Police,-0.000499,51.683521,On or near Harveyfields,E01021817,Epping Forest 008E,Violence and sexual offences,Investigation complete; no suspect identified,
90309c449e0f61f1a7181c27fe4e0c7a1c005ef509612d1df1e2f11757213ac8,2024-11,Essex Police,Essex Police,-0.007322,51.678044,On or near Christie Road,E01021817,Epping Forest 008E,Violence and sexual offences,Unable to prosecute suspect,
085714298faa7139a80471e82043d1795e3f893cb137e4eb762ae8e7119ba737,2024-11,Essex Police,Essex Police,-0.007322,51.678044,On or near Christie Road,E01021817,Epping Forest 008E,Violence and sexual offences,Unable to prosecute suspect,
f188c86f5199d8d21fbc70b34c555129d2733fda5a3c71124d8ce3e78d472169,2024-11,Essex Police,Essex Police,-0.008474,51.677830,On or near Roman Way,E01021817,Epping Forest 008E,Violence and sexual offences,Unable to prosecute suspect,
,2024-11,Essex Police,Essex Police,0.034099,51.665320,On or near Rat'S Lane,E01021806,Epping Forest 009A,Anti-social behaviour,,
,2024-11,Essex Police,Essex Police,0.038624,51.663371,On or near Paul'S Nursery Road,E01021806,Epping Forest 009A,Anti-social behaviour,,
,2024-11,Essex Police,Essex Police,0.038624,51.663371,On or near Paul'S Nursery Road,E01021806,Epping Forest 009A,Anti-social behaviour,,
,2024-11,Essex Police,Essex Police,0.038624,51.663371,On or near Paul'S Nursery Road,E01021806,Epping Forest 009A,Anti-social behaviour,,
6360531dbb5700f8d80acbf7d0e735d4e6d0a06485e5bc5f382047f322eefbcf,2024-11,Essex Police,Essex Police,0.009564,51.645482,On or near Bury Road,E01021806,Epping Forest 009A,Burglary,Investigation complete; no suspect identified,
2da1fe82ad1e71c1881a7540b63dfec75f5d89099766408edd024b35f44a38a5,2024-11,Essex Police,Essex Police,0.012498,51.643858,On or near Hornbeam Lane,E01021806,Epping Forest 009A,Burglary,Investigation complete; no suspect identified,
60bcb3f6a0fc81638e6e20da919fd94da770e1a0a78dbd0c4c74cb22263bcd92,2024-11,Essex Police,Essex Police,0.011139,51.643522,On or near Bury Road,E01021806,Epping Forest 009A,Burglary,Investigation complete; no suspect identified,
8cfbd97fdd4118649479de1f711dfa23441527ab947a336c53a651cdbdada37c,2024-11,Essex Police,Essex Police,0.012498,51.643858,On or near Hornbeam Lane,E01021806,Epping Forest 009A,Burglary,Investigation complete; no suspect identified,
75a6303aee6fe749ad62a153ff2f6704ab1bd4d7b81430ca934c3f1f121255b3,2024-11,Essex Police,Essex Police,0.038624,51.663371,On or near Paul'S Nursery Road,E01021806,Epping Forest 009A,Drugs,Local resolution,
9e1e9c17fa1f6a531449766d36cce0a5e3b9d5bb21855cb4b848e4ca3cf5ceb8,2024-11,Essex Police,Essex Police,0.051572,51.679512,On or near Woodredon Farm Lane,E01021806,Epping Forest 009A,Other theft,Investigation complete; no suspect identified,
cdd3b57535e5f58acf20b9f3b8c98bf4d0b782636c5c6be8e165f11590ba2385,2024-11,Essex Police,Essex Police,0.041421,51.684095,On or near Woodgreen Road,E01021806,Epping Forest 009A,Possession of weapons,Unable to prosecute suspect,
4529ab3d1a746a0a102a92af658ad5614c78bb44f423edd0e6a39f453a0821a5,2024-11,Essex Police,Essex Police,0.052584,51.685001,On or near Parking Area,E01021806,Epping Forest 009A,Public order,Investigation complete; no suspect identified,
3ef9ebb3b67d8defd91ae5cce3637aa01ed80133e24810038ecb3bc3036e039c,2024-11,Essex Police,Essex Police,0.035751,51.671199,On or near Forest Close,E01021806,Epping Forest 009A,Public order,Local resolution,
b97a6a03bdc0328a7bdc26b9f6c6c50c4389c812dba09bc9ab88d427af604c56,2024-11,Essex Police,Essex Police,0.035751,51.671199,On or near Forest Close,E01021806,Epping Forest 009A,Public order,Local resolution,
c4a1c439a136fdf37943e78e356032be41592fc59a806900e42cb730e596857f,2024-11,Essex Police,Essex Police,0.051572,51.679512,On or near Woodredon Farm Lane,E01021806,Epping Forest 009A,Public order,Investigation complete; no suspect identified,
f3bdd34b794a831855a9527973fb8b0522713614d188c53f0e1ab8110a650c99,2024-11,Essex Police,Essex Police,0.038624,51.663371,On or near Paul'S Nursery Road,E01021806,Epping Forest 009A,Public order,Investigation complete; no suspect identified,
6c95178fd183e7278383e550da2ef51eafdbfec7a38b51ef12918a4f9c188201,2024-11,Essex Police,Essex Police,0.003135,51.676373,On or near A112,E01021806,Epping Forest 009A,Robbery,Investigation complete; no suspect identified,
9d4b8e684fa0c96fa58b176a4fb43633c1c2f032a73791342a2a7f864c6c62c6,2024-11,Essex Police,Essex Police,0.002673,51.665581,On or near Mott Street,E01021806,Epping Forest 009A,Vehicle crime,Investigation complete; no suspect identified,
35369f249484f87edda18afc4dd11450ad6715da4c7bf4b0363fa03d0f0c79a0,2024-11,Essex Police,Essex Police,0.002673,51.665581,On or near Mott Street,E01021806,Epping Forest 009A,Vehicle crime,Investigation complete; no suspect identified,
9633fdb256249b16d7ee605f18437edc2f54ca6f2fac95bb0d9fd34abc6d6fc3,2024-11,Essex Police,Essex Police,0.051572,51.679512,On or near Woodredon Farm Lane,E01021806,Epping Forest 009A,Vehicle crime,Investigation complete; no suspect identified,
f6c06e44564bc0271ee56adeb822d30127df76b08df7a5352f3a5443882b39a5,2024-11,Essex Police,Essex Police,0.007647,51.673095,On or near Beechview Drive,E01021806,Epping Forest 009A,Vehicle crime,Unable to prosecute suspect,
bd7e6632992e881636a3216c00efeb5825079f5af437113bdeaf69151caab4fc,2024-11,Essex Police,Essex Police,0.022277,51.655399,On or near The Elms,E01021806,Epping Forest 009A,Violence and sexual offences,Unable to prosecute suspect,
e1174ee907a685156554e9d959527489bbb8f8b910004f2e65daf2873f8c000e,2024-11,Essex Police,Essex Police,-0.001587,51.665717,On or near Butlers Drive,E01021806,Epping Forest 009A,Violence and sexual offences,Unable to prosecute suspect,
7c1bfdac70399875cc83cda205cb47b20da7df600c1d58b5f6990fe24944e7b8,2024-11,Essex Police,Essex Police,-0.001587,51.665717,On or near Butlers Drive,E01021806,Epping Forest 009A,Violence and sexual offences,Unable to prosecute suspect,
2f08f4bf97a18c5d9a12c71968a25913c201e54962d841c4d941d1ab1ecf5154,2024-11,Essex Police,Essex Police,0.051572,51.679512,On or near Woodredon Farm Lane,E01021806,Epping Forest 009A,Violence and sexual offences,Unable to prosecute suspect,
3be4864ccce32dfac4c9a06765d0444dbf963f9063f2d7c633cc9aa923e2ca5e,2024-11,Essex Police,Essex Police,0.051572,51.679512,On or near Woodredon Farm Lane,E01021806,Epping Forest 009A,Violence and sexual offences,Unable to prosecute suspect,
e91957f40df10ceefb9d2d06c2ea0160c2bd9a8e6dcca2fb082ae8d45a5c0ef6,2024-11,Essex Police,Essex Police,0.024935,51.661522,On or near Mott Street,E01021806,Epping Forest 009A,Other crime,Investigation complete; no suspect identified,
3581453d3cb83330ffac774f6f00eb58ed7ef6ee51b1d1ab8b3a5a265bbdfd60,2024-11,Essex Police,Essex Police,0.001143,51.693205,On or near Marle Gardens,E01021812,Epping Forest 009B,Burglary,Investigation complete; no suspect identified,
d4fa7b7b37555fa2574ef38c2ca3eeef29b41418791cd4a76c8bfacef9d91451,2024-11,Essex Police,Essex Police,0.000672,51.695965,On or near Parking Area,E01021812,Epping Forest 009B,Other crime,Status update unavailable,
,2024-11,Essex Police,Essex Police,0.002073,51.684440,On or near Petrol Station,E01021818,Epping Forest 009C,Anti-social behaviour,,
,2024-11,Essex Police,Essex Police,-0.002150,51.686760,On or near Supermarket,E01021818,Epping Forest 009C,Anti-social behaviour,,
,2024-11,Essex Police,Essex Police,0.002073,51.684440,On or near Petrol Station,E01021818,Epping Forest 009C,Anti-social behaviour,,
,2024-11,Essex Police,Essex Police,-0.006276,51.687352,On or near Barge Yard,E01021818,Epping Forest 009C,Anti-social behaviour,,
,2024-11,Essex Police,Essex Police,0.002073,51.684440,On or near Petrol Station,E01021818,Epping Forest 009C,Anti-social behaviour,,
,2024-11,Essex Police,Essex Police,-0.002150,51.686760,On or near Supermarket,E01021818,Epping Forest 009C,Anti-social behaviour,,
,2024-11,Essex Police,Essex Police,-0.003293,51.687085,On or near Church Street,E01021818,Epping Forest 009C,Anti-social behaviour,,
b752149b72b06a9fc91d7cacadeb4a18a722b65c70b77e53d3000a618252f038,2024-11,Essex Police,Essex Police,-0.008559,51.686761,On or near Grove Court,E01021818,Epping Forest 009C,Criminal damage and arson,Local resolution,
f2f27f6d5c5ba833060e1c2fa8282e04186054177230639536ee7b4ee4ebcdad,2024-11,Essex Police,Essex Police,-0.008559,51.686761,On or near Grove Court,E01021818,Epping Forest 009C,Criminal damage and arson,Investigation complete; no suspect identified,
7f73cad927c2e04758d1b9e9229cd002cd6fbefaad3e96fcb9ba347e1a19d307,2024-11,Essex Police,Essex Police,-0.009044,51.690222,On or near Flagstaff Road,E01021818,Epping Forest 009C,Criminal damage and arson,Formal action is not in the public interest,
a209d46c015e81e25bb4610b432eeff7afcef80afd66a29922dce0170b5c905f,2024-11,Essex Police,Essex Police,-0.006276,51.687352,On or near Barge Yard,E01021818,Epping Forest 009C,Criminal damage and arson,Unable to prosecute suspect,
73e716f63c32a565cd122fe6e6cbe5e640b88adfccdc504c069016c62f54fadb,2024-11,Essex Police,Essex Police,0.003610,51.686158,On or near Joyce Court,E01021818,Epping Forest 009C,Drugs,Investigation complete; no suspect identified,
6bdc9c829de6159fc423ca8d741662fa676d6c924f426c6ffb0aaf5089277ecf,2024-11,Essex Police,Essex Police,-0.004722,51.686507,On or near Greenyard,E01021818,Epping Forest 009C,Drugs,Local resolution,
5cba68579f3909db6d5b937f4239182c5d3875e376720ccfe2abbde221fcc3fe,2024-11,Essex Police,Essex Police,-0.004840,51.687768,On or near Romeland,E01021818,Epping Forest 009C,Drugs,Investigation complete; no suspect identified,
1d0efc5d93161ec4a652e50f5cfdfcb14ff4419787cf3d6af60c2b019d187914,2024-11,Essex Police,Essex Police,-0.004722,51.686507,On or near Greenyard,E01021818,Epping Forest 009C,Drugs,Local resolution,
0a34db97610264a454c9099694beff2ec16f5b5cd2741af6b49ed3c10ca857f2,2024-11,Essex Police,Essex Police,-0.001299,51.685064,On or near Woollard Street,E01021818,Epping Forest 009C,Other theft,Investigation complete; no suspect identified,
16275c9f52ff711f677e652d807b0448114f6fb7269546bb9c365cbe10285682,2024-11,Essex Police,Essex Police,0.002419,51.685063,On or near Supermarket,E01021818,Epping Forest 009C,Other theft,Investigation complete; no suspect identified,
29709577b77b4689738de9772295a1dc66b0f50dad89da755094702a7977a46c,2024-11,Essex Police,Essex Police,0.002419,51.685063,On or near Supermarket,E01021818,Epping Forest 009C,Other theft,Investigation complete; no suspect identified,
830153142d1d1239c64f8ee229d84c459341e3877eee03a51471a3c48f563d63,2024-11,Essex Police,Essex Police,-0.002150,51.686760,On or near Supermarket,E01021818,Epping Forest 009C,Public order,Court result unavailable,
7d89c26f27a00d46b3a7102085ff4edb444ad4b59c2e8a0e66e2eb361e10058e,2024-11,Essex Police,Essex Police,-0.002150,51.686760,On or near Supermarket,E01021818,Epping Forest 009C,Public order,Court result unavailable,
844f1f9a915bc37dc8e7ac0bedd1024b29ab78d74da24d8fe72678ba7f14b445,2024-11,Essex Police,Essex Police,0.002419,51.685063,On or near Supermarket,E01021818,Epping Forest 009C,Public order,Unable to prosecute suspect,
c99302a96fd8417dd1df28ee5a9aa3b62f29c9a076024efd1420ae40d1c483f9,2024-11,Essex Police,Essex Police,-0.002150,51.686760,On or near Supermarket,E01021818,Epping Forest 009C,Public order,Court result unavailable,
93b75fb2dc64c0804e63e744b452f4532b62c27fc0a1e225725b32ca9c44dd6b,2024-11,Essex Police,Essex Police,-0.002150,51.686760,On or near Supermarket,E01021818,Epping Forest 009C,Public order,Court result unavailable,
8eac8f519119bd848f9d3b516c2bb7fa5834f8ecc400d2d0354bbecbf13a34ea,2024-11,Essex Police,Essex Police,-0.008559,51.686761,On or near Grove Court,E01021818,Epping Forest 009C,Robbery,Investigation complete; no suspect identified,
962771f582cd48a3b83d2f5636957fdc928aa1c697867e5ed09fdc0159b5cc92,2024-11,Essex Police,Essex Police,0.002419,51.685063,On or near Supermarket,E01021818,Epping Forest 009C,Shoplifting,Court result unavailable,
524f71a7b44f24eaf466894dcc1c1488c2ca3618398a1cabc9e53fb80f386976,2024-11,Essex Police,Essex Police,-0.002150,51.686760,On or near Supermarket,E01021818,Epping Forest 009C,Shoplifting,Court result unavailable,
f8eef2bc452c5bdd0a36e141a359944a25584106503ae1428984c5c4e7e67265,2024-11,Essex Police,Essex Police,-0.002150,51.686760,On or near Supermarket,E01021818,Epping Forest 009C,Shoplifting,Investigation complete; no suspect identified,
8c627d3d31214a83330b82cb1c5d6140d1d7bb7075899a631f739667a0ffd9e9,2024-11,Essex Police,Essex Police,-0.002150,51.686760,On or near Supermarket,E01021818,Epping Forest 009C,Shoplifting,Court result unavailable,
dc11e0850905e52c1dd06d9e7a76724502dece60984e5f751baff033b4f0ad93,2024-11,Essex Police,Essex Police,-0.002150,51.686760,On or near Supermarket,E01021818,Epping Forest 009C,Shoplifting,Court result unavailable,
fc5201a1266141b8cf4054a76c29142e0fa88a3830df8421ca25e5fa08c0a374,2024-11,Essex Police,Essex Police,-0.002150,51.686760,On or near Supermarket,E01021818,Epping Forest 009C,Shoplifting,Investigation complete; no suspect identified,
16cd2206ddcd96ba9d28877c8f2da8009ba049fc4485f91014c6bc2ed4ee4180,2024-11,Essex Police,Essex Police,-0.008559,51.686761,On or near Grove Court,E01021818,Epping Forest 009C,Shoplifting,Investigation complete; no suspect identified,
c8a59abbd2b90cc1f3386f79e7c569bf705d0f641f1e65ba934975c01d7c415c,2024-11,Essex Police,Essex Police,-0.002150,51.686760,On or near Supermarket,E01021818,Epping Forest 009C,Shoplifting,Investigation complete; no suspect identified,
e933ddf288a2889c3c6e0a05a56ce3ea61b5dec065dbf1f6a0db2670a78a1a2d,2024-11,Essex Police,Essex Police,-0.002150,51.686760,On or near Supermarket,E01021818,Epping Forest 009C,Shoplifting,Court result unavailable,
397c03ddbf2360bcff289fc61e205a82a6881582cad65fe5c3341150cebedc9c,2024-11,Essex Police,Essex Police,-0.003387,51.686277,On or near Silver Street,E01021818,Epping Forest 009C,Vehicle crime,Investigation complete; no suspect identified,
327453925186f32d21ebdfb76154ed80eb2ee288a69e458a06092b42d014c375,2024-11,Essex Police,Essex Police,-0.006276,51.687352,On or near Barge Yard,E01021818,Epping Forest 009C,Vehicle crime,Investigation complete; no suspect identified,
4722ee13e92ba5d7fbabd03c5f0bb4f490ac1a4d1adf9c80f5b4f44892299181,2024-11,Essex Police,Essex Police,-0.004722,51.686507,On or near Greenyard,E01021818,Epping Forest 009C,Violence and sexual offences,Unable to prosecute suspect,
64d40fdd01c2f8a17f6e0fc3ee198506de9884ff384e28c2d07ac4de93f4dc3f,2024-11,Essex Police,Essex Police,0.002419,51.685063,On or near Supermarket,E01021818,Epping Forest 009C,Violence and sexual offences,Investigation complete; no suspect identified,
89f4fffb5fea08840ec739ab2f0f5b3ac06242c9b8222f55b113db9ab9371708,2024-11,Essex Police,Essex Police,-0.002150,51.686760,On or near Supermarket,E01021818,Epping Forest 009C,Violence and sexual offences,Unable to prosecute suspect,
13b9b64916cdd44e99629896b7d5dd59d2b480dd08cdd81d4f0fb2274b667fb8,2024-11,Essex Police,Essex Police,-0.010027,51.688593,On or near Bernard Grove,E01021818,Epping Forest 009C,Violence and sexual offences,Unable to prosecute suspect,
76a4aac7c5d2d43f635e633c1e74808624bfa9f053bbbcb7cf10d29f467e9016,2024-11,Essex Police,Essex Police,-0.003387,51.686277,On or near Silver Street,E01021818,Epping Forest 009C,Violence and sexual offences,Investigation complete; no suspect identified,
e1e4bca8739f24224d5ca86533d948338146f249ed64e3115c006d4fac5761c0,2024-11,Essex Police,Essex Police,-0.008559,51.686761,On or near Grove Court,E01021818,Epping Forest 009C,Violence and sexual offences,Unable to prosecute suspect,
7937a8fb8a34d0e63809ca452aabedd292db3c03abb403cdc2771a8555e5056c,2024-11,Essex Police,Essex Police,-0.004722,51.686507,On or near Greenyard,E01021818,Epping Forest 009C,Violence and sexual offences,Unable to prosecute suspect,
ea9201c1e0f6c1463f462efc3dba5f0ebcd701d37f5abeb05c0681461d9d9691,2024-11,Essex Police,Essex Police,-0.000529,51.687110,On or near Darby Drive,E01021818,Epping Forest 009C,Violence and sexual offences,Local resolution,
9bd85fa839e5adc0296caf89f620d73b629fe8fe75a5b39b36cf66c4fa9daa92,2024-11,Essex Police,Essex Police,0.002419,51.685063,On or near Supermarket,E01021818,Epping Forest 009C,Violence and sexual offences,Investigation complete; no suspect identified,
a80a561ae2c5ba6bbc890d8f02ffba2dc1d8df48a4148fc2cdc339f5d1a71f41,2024-11,Essex Police,Essex Police,0.005639,51.685584,On or near Howard Close,E01021818,Epping Forest 009C,Violence and sexual offences,Court result unavailable,
23e24144f1b5f15da3689b5f8f065de6339f9e82d9a5cfd03c9f4b61fd143503,2024-11,Essex Police,Essex Police,0.005639,51.685584,On or near Howard Close,E01021818,Epping Forest 009C,Violence and sexual offences,Investigation complete; no suspect identified,
e26e21ae47e097d12b165933cb1443bb8c9b78c5f88242df863b8d074d04bd20,2024-11,Essex Police,Essex Police,0.005639,51.685584,On or near Howard Close,E01021818,Epping Forest 009C,Violence and sexual offences,Unable to prosecute suspect,
38ad80dab7afcdb0de6899b2cdc2c55439be3496cf1a3140695169af99aa55d2,2024-11,Essex Police,Essex Police,-0.002150,51.686760,On or near Supermarket,E01021818,Epping Forest 009C,Violence and sexual offences,Investigation complete; no suspect identified,
c2e4ec5ed8d925fb3e3d9f43c2056134b7aa74f5c8b451e52f6888c93e0d075d,2024-11,Essex Police,Essex Police,0.001355,51.685207,On or near The Green,E01021818,Epping Forest 009C,Violence and sexual offences,Local resolution,
2d7005462166ae1f622f424274c0a4f2e933590c13e0e4949046279b002711b5,2024-11,Essex Police,Essex Police,-0.003293,51.687085,On or near Church Street,E01021818,Epping Forest 009C,Violence and sexual offences,Unable to prosecute suspect,
,2024-11,Essex Police,Essex Police,0.118834,51.651268,On or near The Chestnuts,E01021770,Epping Forest 010A,Anti-social behaviour,,
,2024-11,Essex Police,Essex Police,0.136615,51.629741,On or near Manor Road,E01021770,Epping Forest 010A,Anti-social behaviour,,
fd822abf1e39608c753a40c9c113f72b9cd07c6c14868ba4648a83bc179a4179,2024-11,Essex Police,Essex Police,0.122434,51.650969,On or near Pancroft,E01021770,Epping Forest 010A,Burglary,Investigation complete; no suspect identified,
7434646b4cd03225d3f8e66ca4591c5dd9ad6034276aa24fa016fd915747d13d,2024-11,Essex Police,Essex Police,0.126015,51.649331,On or near New Farm Drive,E01021770,Epping Forest 010A,Criminal damage and arson,Local resolution,
de4248317fb68253ec6f7b9a1d8c80c02c1a112772357a98cdc0ca17ae4ceab9,2024-11,Essex Police,Essex Police,0.123182,51.652134,On or near Sawyer'S Chase,E01021770,Epping Forest 010A,Drugs,Local resolution,
04c6a76292a0731b538fb7401f4c0577d90a4fdd8d4022b8a3e139944ba976ee,2024-11,Essex Police,Essex Police,0.113275,51.648889,On or near Petrol Station,E01021770,Epping Forest 010A,Other theft,Investigation complete; no suspect identified,
ecd48d5f9ab540c3ee5d8352a82feba3a00079237c449e7d117dae2b56a09b51,2024-11,Essex Police,Essex Police,0.118834,51.651268,On or near The Chestnuts,E01021770,Epping Forest 010A,Other theft,Unable to prosecute suspect,
1a6ae8a4a2a431ac2abde360d4bc4f6b87e62e91eade8bfcf4d6350863f40011,2024-11,Essex Police,Essex Police,0.147429,51.633240,On or near Bournebridge Lane,E01021770,Epping Forest 010A,Vehicle crime,Investigation complete; no suspect identified,
f113055ce04c111bdbeb2765193eefdc6975b277373e14813cac8aea792916dd,2024-11,Essex Police,Essex Police,0.131921,51.632560,On or near Hoe Lane,E01021770,Epping Forest 010A,Violence and sexual offences,Status update unavailable,
47956034cfae151885008cc72fcba2a5a937528f5cbe4f31798b979661afff37,2024-11,Essex Police,Essex Police,0.147429,51.633240,On or near Bournebridge Lane,E01021770,Epping Forest 010A,Violence and sexual offences,Investigation complete; no suspect identified,
fcf78ee68ae19e0bd3e31186327f9e5763ba6bf91c84c0d7b4e7a05ae538bba0,2024-11,Essex Police,Essex Police,0.118439,51.650241,On or near The Poplars,E01021770,Epping Forest 010A,Violence and sexual offences,Unable to prosecute suspect,
352d969a0ad980552f3b9940637c2e9952dd3ca8afc38ea31f0117a9000edca6,2024-11,Essex Police,Essex Police,0.118439,51.650241,On or near The Poplars,E01021770,Epping Forest 010A,Violence and sexual offences,Unable to prosecute suspect,
9bd6d75815d429a43462a918ce5784d23eae9cf3030fa437db4702239fba2350,2024-11,Essex Police,Essex Police,0.136615,51.629741,On or near Manor Road,E01021770,Epping Forest 010A,Other crime,Investigation complete; no suspect identified,
c3d23264f32c1635c4f8815305067a5a6d8a7b9b937761ab624b69fadcf30ad6,2024-11,Essex Police,Essex Police,0.101819,51.670953,On or near Abridge Road,E01021803,Epping Forest 010B,Violence and sexual offences,Unable to prosecute suspect,
f03b288815c57d0460da5dd4ce9e44011cfa55290b123d83674b69137490cccb,2024-11,Essex Police,Essex Police,0.101819,51.670953,On or near Abridge Road,E01021803,Epping Forest 010B,Violence and sexual offences,Unable to prosecute suspect,
ea27723d0646a6cbe1a3d81e98759a862ef99c55fa7ca110eea1c783b94f413b,2024-11,Essex Police,Essex Police,0.101819,51.670953,On or near Abridge Road,E01021803,Epping Forest 010B,Violence and sexual offences,Unable to prosecute suspect,
59b931f4a3db060dfb139b0303a1c07b208768197cefa7840dcaa8efcd734242,2024-11,Essex Police,Essex Police,0.096577,51.674581,On or near Morgan Crescent,E01021804,Epping Forest 010C,Burglary,Investigation complete; no suspect identified,
bc5a04aa839321ab88df89cabe68b9c6a0ec60fadb90e6b36f4ffdd0aa54cb34,2024-11,Essex Police,Essex Police,0.097437,51.686301,On or near Great Gregories Lane,E01021804,Epping Forest 010C,Public order,Unable to prosecute suspect,
9ae6d4713754b5be546548a261d8d2bfcc33feebae577931788f05921046efa9,2024-11,Essex Police,Essex Police,0.102856,51.671806,On or near Parking Area,E01021804,Epping Forest 010C,Vehicle crime,Investigation complete; no suspect identified,
4071c1b4d2c68c8ef4995b382e7e49b3430b5e51b1a215ffed1b210c73df7a1c,2024-11,Essex Police,Essex Police,0.099012,51.672181,On or near Barnmead,E01021805,Epping Forest 010D,Criminal damage and arson,Unable to prosecute suspect,
1af0ffc973812ca13985fd8215c10872964e2008e2cb82a88055ae13cb275989,2024-11,Essex Police,Essex Police,0.100406,51.676670,On or near Purlieu Way,E01021805,Epping Forest 010D,Vehicle crime,Investigation complete; no suspect identified,
cafbb857a35a10bc014d08ed0a5b8bedc6e3aba0a9a1f3860d0bd5fb06664ef9,2024-11,Essex Police,Essex Police,0.102477,51.673288,On or near Forest Drive,E01021805,Epping Forest 010D,Vehicle crime,Investigation complete; no suspect identified,
f55f425c6a8bd03c0cfd694503040d22d59357b5c67247f0fbbd6f1f8913d838,2024-11,Essex Police,Essex Police,0.100877,51.674989,On or near The Weind,E01021805,Epping Forest 010D,Vehicle crime,Investigation complete; no suspect identified,
,2024-11,Essex Police,Essex Police,0.082715,51.661203,On or near Chester Close,E01021774,Epping Forest 011A,Anti-social behaviour,,
13d269a6b549167842d8fb07552edd1a8bf8921162968f8e730663ca75ee2026,2024-11,Essex Police,Essex Police,0.087211,51.657724,On or near Collard Avenue,E01021774,Epping Forest 011A,Burglary,Investigation complete; no suspect identified,
f46ea6342c5f230d2f3a6f4da9497b03160f7795a7cc3fb978c71351bf5d5db4,2024-11,Essex Police,Essex Police,0.087211,51.657724,On or near Collard Avenue,E01021774,Epping Forest 011A,Other theft,Unable to prosecute suspect,
7d1856239c844d24e176e92ad45e8e940c0f3470fc6b22a251049b83507eca5f,2024-11,Essex Police,Essex Police,0.082715,51.661203,On or near Chester Close,E01021774,Epping Forest 011A,Public order,Action to be taken by another organisation,
8aa41cd38ad404632f3d1f28ff2dd11a7e13f4d4a17b08523dfeed20a136c48d,2024-11,Essex Police,Essex Police,0.082715,51.661203,On or near Chester Close,E01021774,Epping Forest 011A,Violence and sexual offences,Investigation complete; no suspect identified,
43c0dce1929e500c3fffaf20d7ba43017976053498ee4181baf65f727faf91c6,2024-11,Essex Police,Essex Police,0.082715,51.661203,On or near Chester Close,E01021774,Epping Forest 011A,Other crime,Action to be taken by another organisation,
051e92b2392f08ab724de459399d5ea46a18774e440476d183c33bd9ff0ffaa6,2024-11,Essex Police,Essex Police,0.082155,51.650872,On or near Sandford Avenue,E01021775,Epping Forest 011B,Criminal damage and arson,Court result unavailable,
74b98f54771ca5f812f3673a34a5b628de8d6e26bda5c1cdae47bf495d496db4,2024-11,Essex Police,Essex Police,0.082155,51.650872,On or near Sandford Avenue,E01021775,Epping Forest 011B,Drugs,Court result unavailable,
7a57cafbf28bb2c1c3dfe19ec7547d7b64808a5e19aafaa11505cdb133130f03,2024-11,Essex Police,Essex Police,0.087744,51.656744,On or near Audley Gardens,E01021775,Epping Forest 011B,Other theft,Unable to prosecute suspect,
041e113f8b8eca40ef99b4f6b5e98630f9eabbdaf9ebad84ee0840bb8c4276ad,2024-11,Essex Police,Essex Police,0.083402,51.651290,On or near Rochford Avenue,E01021775,Epping Forest 011B,Public order,Unable to prosecute suspect,
0e89fdb1bc32b0b49214ab270fa3dd4641fa4200fc82e846196e2117453cd58e,2024-11,Essex Police,Essex Police,0.088569,51.650461,On or near Austen Close,E01021775,Epping Forest 011B,Vehicle crime,Investigation complete; no suspect identified,
a5f4fe462d3351ada943da1411941979c750e1b56e8d1e639dd9a902e64ba03c,2024-11,Essex Police,Essex Police,0.086154,51.649821,On or near Eversley Close,E01021775,Epping Forest 011B,Vehicle crime,Investigation complete; no suspect identified,
9dcdbe84a623ea2214d6bcbe340460f6b61bf7fb2d5e6ee3bc78933bd9355a5c,2024-11,Essex Police,Essex Police,0.087744,51.656744,On or near Audley Gardens,E01021775,Epping Forest 011B,Violence and sexual offences,Investigation complete; no suspect identified,
03ec2ae8961070e70ff9c278d1462011ce06e6d1da38f3d0c97535257cae50c4,2024-11,Essex Police,Essex Police,0.087649,51.654668,On or near Willingale Road,E01021775,Epping Forest 011B,Violence and sexual offences,Investigation complete; no suspect identified,
8bc5ce686e0baef719a83e73886f51f2e37e26464334504d7b8d7cc11e198937,2024-11,Essex Police,Essex Police,0.083402,51.651290,On or near Rochford Avenue,E01021775,Epping Forest 011B,Violence and sexual offences,Unable to prosecute suspect,
0d87bf1f4ec466be63a69ee2dab5ac8d2614b6226e8010e73d580e6e7f6b2576,2024-11,Essex Police,Essex Police,0.082155,51.650872,On or near Sandford Avenue,E01021775,Epping Forest 011B,Violence and sexual offences,Court result unavailable,
2b99350062d9108ba554c8a8a5169e7aae902577927e247819f980754e9a3e2e,2024-11,Essex Police,Essex Police,0.087744,51.656744,On or near Audley Gardens,E01021775,Epping Forest 011B,Other crime,Court result unavailable,
b3ef9ddeb751b183e714bd6958e3ca621a9c478193fc050abe33dbc89dd078e3,2024-11,Essex Police,Essex Police,0.087744,51.656744,On or near Audley Gardens,E01021775,Epping Forest 011B,Other crime,Court result unavailable,
,2024-11,Essex Police,Essex Police,0.083191,51.648255,On or near Vere Road,E01021776,Epping Forest 011C,Anti-social behaviour,,
,2024-11,Essex Police,Essex Police,0.086658,51.643578,On or near Shopping Area,E01021776,Epping Forest 011C,Anti-social behaviour,,
,2024-11,Essex Police,Essex Police,0.086658,51.643578,On or near Shopping Area,E01021776,Epping Forest 011C,Anti-social behaviour,,
,2024-11,Essex Police,Essex Police,0.085247,51.648641,On or near The Broadway,E01021776,Epping Forest 011C,Anti-social behaviour,,
adb7295a6bc68d39bb61254c6547505756871710ae81121c34ad112779996054,2024-11,Essex Police,Essex Police,0.081891,51.646389,On or near Supermarket,E01021776,Epping Forest 011C,Drugs,Local resolution,
ccb2771600c65479e4877c06a00bd1449caee89fcec4fcee081ba792f83dfbb9,2024-11,Essex Police,Essex Police,0.087822,51.649629,On or near Lytton Close,E01021776,Epping Forest 011C,Drugs,Investigation complete; no suspect identified,
425bad51a043ee90b9890f74fab55c652c90f133f9c30d7f4c90fd59301194aa,2024-11,Essex Police,Essex Police,0.081891,51.646389,On or near Supermarket,E01021776,Epping Forest 011C,Other theft,Unable to prosecute suspect,
3b6ba52c6a3f1c4243cb8d53043b59a247b258fcfec901cf141246403434dc04,2024-11,Essex Police,Essex Police,0.086658,51.643578,On or near Shopping Area,E01021776,Epping Forest 011C,Other theft,Unable to prosecute suspect,
5c3003c89276015d5bee1a92b3322f50a67850966bda6194f2cf806143fa5653,2024-11,Essex Police,Essex Police,0.086658,51.643578,On or near Shopping Area,E01021776,Epping Forest 011C,Public order,Unable to prosecute suspect,
ef7ae82d0b5ab80a2503ae722cde8d58636a5f898af1ff2191f067c52e56d463,2024-11,Essex Police,Essex Police,0.082697,51.647562,On or near Shopping Area,E01021776,Epping Forest 011C,Public order,Unable to prosecute suspect,
e4d11414f12d2a661f66624bace88d2212df83afb33f3c4baf40e9d13f54d34c,2024-11,Essex Police,Essex Police,0.086002,51.647144,On or near Torrington Drive,E01021776,Epping Forest 011C,Public order,Investigation complete; no suspect identified,
b612730d0962b4e6690770c7ec6e7c1d772b52567b94e3cb7fb61c83bc32a053,2024-11,Essex Police,Essex Police,0.082697,51.647562,On or near Shopping Area,E01021776,Epping Forest 011C,Robbery,Unable to prosecute suspect,
a4b2ce715822e7aa8db49f2686dffcf231f497993b11f4b8a5036fe4fae4e919,2024-11,Essex Police,Essex Police,0.086658,51.643578,On or near Shopping Area,E01021776,Epping Forest 011C,Robbery,Unable to prosecute suspect,
e9df883b27656c36d2fd6b3fc8ab13426d4c8365c136ab157164c68c24afc8fc,2024-11,Essex Police,Essex Police,0.082697,51.647562,On or near Shopping Area,E01021776,Epping Forest 011C,Robbery,Unable to prosecute suspect,
33c97940b7eaff7134a50b4e80e164a291760363acef9d1e5b40411e34c5765c,2024-11,Essex Police,Essex Police,0.086658,51.643578,On or near Shopping Area,E01021776,Epping Forest 011C,Shoplifting,Investigation complete; no suspect identified,
f94c3247d1c084392803fe223cab0b8b09b12e2c88c027f382ce6ddc431aa299,2024-11,Essex Police,Essex Police,0.086658,51.643578,On or near Shopping Area,E01021776,Epping Forest 011C,Shoplifting,Unable to prosecute suspect,
78a450a1d21c0ccbd8867e3ab6983ce518eff1f69a1234a38c4f1a940489ce9a,2024-11,Essex Police,Essex Police,0.082697,51.647562,On or near Shopping Area,E01021776,Epping Forest 011C,Shoplifting,Unable to prosecute suspect,
499a8c4ce54a61b9dbb952ca02fbc930d8cc9139a168f141c56320b52ba043b1,2024-11,Essex Police,Essex Police,0.086658,51.643578,On or near Shopping Area,E01021776,Epping Forest 011C,Shoplifting,Investigation complete; no suspect identified,
4c6cc08851ad714b152ad6fd9bb0e5c45db8f06e4df3c3f01be7e8ea50042bc7,2024-11,Essex Police,Essex Police,0.086658,51.643578,On or near Shopping Area,E01021776,Epping Forest 011C,Shoplifting,Investigation complete; no suspect identified,
ed46274de8b34b3900733a19a4799fa60987dc9f78dcaf2802f76b9d22367e32,2024-11,Essex Police,Essex Police,0.086658,51.643578,On or near Shopping Area,E01021776,Epping Forest 011C,Shoplifting,Investigation complete; no suspect identified,
5846ca46e1256c82505d001465017a764e306bed1037850215caecae7b277501,2024-11,Essex Police,Essex Police,0.081891,51.646389,On or near Supermarket,E01021776,Epping Forest 011C,Shoplifting,Local resolution,
c3d0e19b3282c98da9e06701c401a9ebbd4e0f3e5fcce01c36994c31d0e535df,2024-11,Essex Police,Essex Police,0.086658,51.643578,On or near Shopping Area,E01021776,Epping Forest 011C,Shoplifting,Investigation complete; no suspect identified,
fbc82d2723c1bf13dc4484d0ff58702e764656fa16a876d6842fa31e9d60d27a,2024-11,Essex Police,Essex Police,0.086658,51.643578,On or near Shopping Area,E01021776,Epping Forest 011C,Shoplifting,Investigation complete; no suspect identified,
c707c0ae19e349ee3677adff4899c94be665cbc976f1a320dcc52b2ea8975422,2024-11,Essex Police,Essex Police,0.086658,51.643578,On or near Shopping Area,E01021776,Epping Forest 011C,Shoplifting,Investigation complete; no suspect identified,
8b2a133b236137afbae5c79faef14ff1af3974c7eac902a1b1093a61c4d97612,2024-11,Essex Police,Essex Police,0.086658,51.643578,On or near Shopping Area,E01021776,Epping Forest 011C,Shoplifting,Investigation complete; no suspect identified,
e81df41fadb52abf42419119bb0312772b8eef9f5a75469964539214b4408faf,2024-11,Essex Police,Essex Police,0.086658,51.643578,On or near Shopping Area,E01021776,Epping Forest 011C,Shoplifting,Investigation complete; no suspect identified,
2b1556e23bfe9eb4bba5e12a75891054beb7ae0c982d34f95e26f73a58f58687,2024-11,Essex Police,Essex Police,0.086658,51.643578,On or near Shopping Area,E01021776,Epping Forest 011C,Shoplifting,Court result unavailable,
aa6fb547170d1f00d02fcd78bc559e5c46cd200927bf4460f6f4d9ed6aecd677,2024-11,Essex Police,Essex Police,0.086658,51.643578,On or near Shopping Area,E01021776,Epping Forest 011C,Shoplifting,Investigation complete; no suspect identified,
d296352f078b9450300ac8fe9d329ba81fcede29299d77d7c1a79eeacf7560f9,2024-11,Essex Police,Essex Police,0.086658,51.643578,On or near Shopping Area,E01021776,Epping Forest 011C,Shoplifting,Investigation complete; no suspect identified,
5a75dd816b7d706bb7ac19dc3769582074124aaebb6f0099a1a587ca6b463ee0,2024-11,Essex Police,Essex Police,0.086658,51.643578,On or near Shopping Area,E01021776,Epping Forest 011C,Shoplifting,Investigation complete; no suspect identified,
92e72bc2ec2d5f6efd20865b628581f86970c8ad33eac7721de793169d1e8f11,2024-11,Essex Police,Essex Police,0.081891,51.646389,On or near Supermarket,E01021776,Epping Forest 011C,Shoplifting,Court result unavailable,
b15fd290b492bb935ea8fc0fa22b377de014a86832028c36768efbc7948a3fb6,2024-11,Essex Police,Essex Police,0.082697,51.647562,On or near Shopping Area,E01021776,Epping Forest 011C,Vehicle crime,Investigation complete; no suspect identified,
4c2877a08ce75716beb8bdc593b27453de998d4fee7678033f2f7c8add01967d,2024-11,Essex Police,Essex Police,0.088080,51.646127,On or near Lenthall Road,E01021776,Epping Forest 011C,Vehicle crime,Investigation complete; no suspect identified,
29fdf2cf46a3f69250d43642210626c4f2b792dfcb1ea89cbea655a8873b13a0,2024-11,Essex Police,Essex Police,0.084945,51.647729,On or near Parking Area,E01021776,Epping Forest 011C,Vehicle crime,Investigation complete; no suspect identified,
2bbe5b782cb5ad559239f6e372211e8863b44d7ae20754fd0e33d4c5e7f83863,2024-11,Essex Police,Essex Police,0.084945,51.647729,On or near Parking Area,E01021776,Epping Forest 011C,Vehicle crime,Investigation complete; no suspect identified,
895c3242c300eb78725e2e67068bbf5aa0668ea1b6e3a9b6d4ba68a036fd55c0,2024-11,Essex Police,Essex Police,0.083410,51.645787,On or near Debden,E01021776,Epping Forest 011C,Vehicle crime,Investigation complete; no suspect identified,
8a647187a640dd10c00cc8d077082ff64b49b40b73dfc944713787e5b3b8106c,2024-11,Essex Police,Essex Police,0.083410,51.645787,On or near Debden,E01021776,Epping Forest 011C,Vehicle crime,Status update unavailable,
6806e5642cb3d98f0c2db8295a57c51a0747c5ba6ca0f59dcf7a5ec03495dd84,2024-11,Essex Police,Essex Police,0.081930,51.647558,On or near Parking Area,E01021776,Epping Forest 011C,Vehicle crime,Investigation complete; no suspect identified,
2ac2c2b4d0d73f54531310db3975a8dbd4e7ff8dc9348c023e1624043f6eb19d,2024-11,Essex Police,Essex Police,0.086002,51.647144,On or near Torrington Drive,E01021776,Epping Forest 011C,Violence and sexual offences,Unable to prosecute suspect,
64ce20912ef3bd07c111ccd01f02c69f487a4a9f22bb6a52acfbb377e19163b0,2024-11,Essex Police,Essex Police,0.086658,51.643578,On or near Shopping Area,E01021776,Epping Forest 011C,Violence and sexual offences,Unable to prosecute suspect,
49cb28216c6511a193385e5aba08562f2cf36f455440c175df49ddcaed886f5a,2024-11,Essex Police,Essex Police,0.084255,51.647507,On or near Burton Road,E01021776,Epping Forest 011C,Violence and sexual offences,Unable to prosecute suspect,
b9f43725bfdce9eaa802151e42dd2ec4ef8b8cd9f955dc76ea8acb97d5dc6e63,2024-11,Essex Police,Essex Police,0.082697,51.647562,On or near Shopping Area,E01021776,Epping Forest 011C,Violence and sexual offences,Local resolution,
165b2ef22acbefb470431abb87b5b3203e364a1fce237a25b5677d7865677302,2024-11,Essex Police,Essex Police,0.083410,51.645787,On or near Debden,E01021776,Epping Forest 011C,Violence and sexual offences,Unable to prosecute suspect,
47059202ebbfa09265d78e748a8327f8adfd16a0be9bace7100bbdbec0ce6eed,2024-11,Essex Police,Essex Police,0.086658,51.643578,On or near Shopping Area,E01021776,Epping Forest 011C,Violence and sexual offences,Investigation complete; no suspect identified,
f9540e733542cbdcbfff8b122ab1edbabdd9d396ce8dccec2eb0e86a5b123b8c,2024-11,Essex Police,Essex Police,0.081891,51.646389,On or near Supermarket,E01021776,Epping Forest 011C,Violence and sexual offences,Unable to prosecute suspect,
0be6b42abfe5db8a01fae74f659ae95a431c3358a1e4ccc279051066b760bff7,2024-11,Essex Police,Essex Police,0.086658,51.643578,On or near Shopping Area,E01021776,Epping Forest 011C,Other crime,Investigation complete; no suspect identified,
0a643425904953ea2fe339ababf911d2a0554ccf633a86c259ed1e6cc6947e42,2024-11,Essex Police,Essex Police,0.082448,51.659491,On or near Castell Road,E01021777,Epping Forest 011D,Public order,Court result unavailable,
0161e86c6e60851ce735fa5abe6bc2aee5f826088d1de616f947d17670d43040,2024-11,Essex Police,Essex Police,0.082448,51.659491,On or near Castell Road,E01021777,Epping Forest 011D,Other crime,Court result unavailable,
,2024-11,Essex Police,Essex Police,0.081602,51.652698,On or near Etheridge Road,E01021778,Epping Forest 011E,Anti-social behaviour,,
b0c0e47d69536844b0d09f5bef5475f38978d3367974788c5fe6ef128ed2d387,2024-11,Essex Police,Essex Police,0.079745,51.655393,On or near Colebrook Gardens,E01021778,Epping Forest 011E,Criminal damage and arson,Investigation complete; no suspect identified,
4d8a2ac5a0763512e0a896c7566d98f863e87cc54ecce28d06d3f79375c92488,2024-11,Essex Police,Essex Police,0.080011,51.656782,On or near Colebrook Lane,E01021778,Epping Forest 011E,Criminal damage and arson,Investigation complete; no suspect identified,
862dddc1c87f1b9fae79cecf3934783e5e081eea81d97189a11b1aedefc0bdad,2024-11,Essex Police,Essex Police,0.075041,51.653390,On or near Lawton Green,E01021778,Epping Forest 011E,Drugs,Investigation complete; no suspect identified,
3a8e9ce64f7cce2399c47f6f12cd6aaa052faff14f149b9f554289e0e95d099d,2024-11,Essex Police,Essex Police,0.078109,51.650287,On or near A1168,E01021778,Epping Forest 011E,Other theft,Investigation complete; no suspect identified,
1c87a5ed37a884fc38d2704bfdbc2859a9532113f5af8bce5fff97555a96cb77,2024-11,Essex Police,Essex Police,0.075041,51.653390,On or near Lawton Green,E01021778,Epping Forest 011E,Vehicle crime,Investigation complete; no suspect identified,
e44fab484d1ce8c7635e15f225175eefc9b73291fd03d85a91b1d5964dc01955,2024-11,Essex Police,Essex Police,0.075041,51.653390,On or near Lawton Green,E01021778,Epping Forest 011E,Violence and sexual offences,Unable to prosecute suspect,
2bd46a7bf2b2e4f401770481ac6a86848e33945631e32cbc05434f4a71d0ff57,2024-11,Essex Police,Essex Police,0.069364,51.656664,On or near The Croft,E01021779,Epping Forest 011F,Burglary,Investigation complete; no suspect identified,
875ab7ff74ae564cd933a3fc7c7698fe0695b7089815153615c7c3058aca7a8d,2024-11,Essex Police,Essex Police,0.076254,51.656192,On or near Pyrles Lane,E01021779,Epping Forest 011F,Burglary,Investigation complete; no suspect identified,
0387760070d958bf8725c022d3ec001af1717cb400458ed93fdedce64b5a508b,2024-11,Essex Police,Essex Police,0.076493,51.657950,On or near Pyrles Green,E01021779,Epping Forest 011F,Drugs,Investigation complete; no suspect identified,
9af0fcf80f5a744d1e4a50b04efe95df485e2e1a88de6bdc664d54f8be7966c6,2024-11,Essex Police,Essex Police,0.076254,51.656192,On or near Pyrles Lane,E01021779,Epping Forest 011F,Drugs,Investigation complete; no suspect identified,
54c3434d42bf9944683a9d65126381bd501bd619f8169ed60760de8b9bcd6f4e,2024-11,Essex Police,Essex Police,0.077827,51.656767,On or near Droveway,E01021779,Epping Forest 011F,Violence and sexual offences,Court result unavailable,
0e76ee45f9ba82b16e6bd0e5ec6f64eed1191558f509b40990c18dadf528f36b,2024-11,Essex Police,Essex Police,0.072304,51.656127,On or near Hillyfields,E01021779,Epping Forest 011F,Violence and sexual offences,Unable to prosecute suspect,
d63bac62d8f0cd54be189f716af0621c1ace5da7e00f32308d372a136a4e8110,2024-11,Essex Police,Essex Police,0.078086,51.655800,On or near Swanshope,E01021779,Epping Forest 011F,Violence and sexual offences,Unable to prosecute suspect,
1fb468cf3e659aab429f30198eca71d8a397bcf8fe83f2b145bb3abfd44d84d1,2024-11,Essex Police,Essex Police,0.069364,51.656664,On or near The Croft,E01021779,Epping Forest 011F,Violence and sexual offences,Unable to prosecute suspect,
4d62fe17e7fdb2e8707cdc7a471a22c5909649c71b22e3d12edfbc86c0b6039d,2024-11,Essex Police,Essex Police,0.068605,51.654583,On or near The Greens Close,E01021786,Epping Forest 012A,Drugs,Court result unavailable,
913c5370d98973cbb93655d47c1065b0a04ac759412b4863f489ebe95f92c695,2024-11,Essex Police,Essex Police,0.068605,51.654583,On or near The Greens Close,E01021786,Epping Forest 012A,Possession of weapons,Unable to prosecute suspect,
6aeb9e80458f0c35d7df6e1110f5c6908abe2d70ee5054cdf6b6c6e03a62d2cc,2024-11,Essex Police,Essex Police,0.068323,51.655379,On or near Maple Gate,E01021786,Epping Forest 012A,Violence and sexual offences,Local resolution,
8f7ecacec04424f422d23da793566495c41ce09338dd160610c05b5e50343649,2024-11,Essex Police,Essex Police,0.056478,51.652404,On or near Forest Way,E01021787,Epping Forest 012B,Criminal damage and arson,Unable to prosecute suspect,
bb95e5c2acdd6434fa4a85dbd1bbeb9dea489192ae846b1027a4377bae8a17ac,2024-11,Essex Police,Essex Police,0.056478,51.652404,On or near Forest Way,E01021787,Epping Forest 012B,Criminal damage and arson,Unable to prosecute suspect,
6d6d1a514e0937c33318e13fdd93dcab5b49622ef50185b1ee502f52de4fd8a8,2024-11,Essex Police,Essex Police,0.056478,51.652404,On or near Forest Way,E01021787,Epping Forest 012B,Drugs,Local resolution,
87ec9a8c3786baf4768ae7fc6feb0048f6eb435b9ddc4827f39630714a842073,2024-11,Essex Police,Essex Police,0.058134,51.650675,On or near King'S Green,E01021787,Epping Forest 012B,Other theft,Investigation complete; no suspect identified,
5d7514aa882fb7b2641bd7e0276e4465ade607d57d5b70255adb626d99e02be2,2024-11,Essex Police,Essex Police,0.058134,51.650675,On or near King'S Green,E01021787,Epping Forest 012B,Possession of weapons,Unable to prosecute suspect,
67b9eb29498d9fd34156bb2793385c3f15dac9413f20c69cd2a1ceda3e2ac3cc,2024-11,Essex Police,Essex Police,0.058134,51.650675,On or near King'S Green,E01021787,Epping Forest 012B,Robbery,Investigation complete; no suspect identified,
bd0341de3ee368aacf2b57e3ee2db1f4b37899a703c32f1a5175cb6e532fe0b8,2024-11,Essex Police,Essex Police,0.068666,51.663223,On or near Campions,E01021788,Epping Forest 012C,Burglary,Investigation complete; no suspect identified,
b66cbf9a0c3ceb2613c28d7b196a6f611d7cd6a76f831662de0692502b95eac4,2024-11,Essex Police,Essex Police,0.069085,51.662263,On or near Stanmore Way,E01021788,Epping Forest 012C,Burglary,Investigation complete; no suspect identified,
b1b451cfa57daf7785dd930a5250c83f452abe8cf44c488e68b8308b6345f6b1,2024-11,Essex Police,Essex Police,0.077803,51.664150,On or near Debden Road,E01021788,Epping Forest 012C,Burglary,Investigation complete; no suspect identified,
5dbd3f379c7a98be0f20c167161231327dffc72a59b4d42a21cbf40b24506381,2024-11,Essex Police,Essex Police,0.066641,51.662585,On or near Garden Way,E01021788,Epping Forest 012C,Burglary,Investigation complete; no suspect identified,
0bb68fd66acbaaad519f498ee39351b7b008696eeaece9d9c7c058f8e25e677d,2024-11,Essex Police,Essex Police,0.066022,51.661058,On or near The Summit,E01021788,Epping Forest 012C,Criminal damage and arson,Investigation complete; no suspect identified,
18aa591dbcd9ec8dbe9cb5f9aaae9ce15c50d07885522a31fad6a0b520236d27,2024-11,Essex Police,Essex Police,0.079998,51.663455,On or near Ripley View,E01021788,Epping Forest 012C,Drugs,Court result unavailable,
7e8a1d4ceb92d4e5c0210b4d5225eecbff7f76a140dc75d8aeebdf0f35bb0b67,2024-11,Essex Police,Essex Police,0.068170,51.664095,On or near Broadstrood,E01021788,Epping Forest 012C,Other theft,Investigation complete; no suspect identified,
8ee781fff5ce1677cc65d2fc03f2843f0b8c7e2353de35f88def7e5f650691e4,2024-11,Essex Police,Essex Police,0.069085,51.662263,On or near Stanmore Way,E01021788,Epping Forest 012C,Other theft,Investigation complete; no suspect identified,
b7fd2b0777e0d463d2e82a31c55e68d2de95306972e4f8bed25ff9235f559c2c,2024-11,Essex Police,Essex Police,0.069734,51.658735,On or near Goldings Road,E01021788,Epping Forest 012C,Vehicle crime,Investigation complete; no suspect identified,
ba39e70d8097fa1f94095d6a72fba5a04b407956aca574463d48134e1366e916,2024-11,Essex Police,Essex Police,0.067927,51.662562,On or near The Beacons,E01021788,Epping Forest 012C,Violence and sexual offences,Unable to prosecute suspect,
10e5233511fc1edef2913ae571690157da0e98dc9f257236070e8e9bf43a1b28,2024-11,Essex Police,Essex Police,0.069040,51.658747,On or near Copper Beech Court,E01021788,Epping Forest 012C,Violence and sexual offences,Investigation complete; no suspect identified,
,2024-11,Essex Police,Essex Police,0.058843,51.649955,On or near Sports/Recreation Area,E01021789,Epping Forest 012D,Anti-social behaviour,,
c618d90722a5498bc4eb68e6ff8b8a3a87d120723188ebb4b15a7cd249bed17d,2024-11,Essex Police,Essex Police,0.065949,51.649288,On or near Elmores,E01021789,Epping Forest 012D,Other theft,Investigation complete; no suspect identified,
2d8f2dbe400bb1c1c091ff2da190565c248e9be9e83dd770633f75facd0eba85,2024-11,Essex Police,Essex Police,0.058665,51.648669,On or near Parking Area,E01021789,Epping Forest 012D,Public order,Unable to prosecute suspect,
89411a633164f72b3e18dd8cd7a74497ef32cec3c372e5e22dc5277364ae477f,2024-11,Essex Police,Essex Police,0.061961,51.646139,On or near Spareleaze Hill,E01021789,Epping Forest 012D,Vehicle crime,Investigation complete; no suspect identified,
1f363e11bf4dc2b9e7f56be7dc5bb911e052e8addd0fc2b092d67d9436cbf239,2024-11,Essex Police,Essex Police,0.058665,51.648669,On or near Parking Area,E01021789,Epping Forest 012D,Vehicle crime,Investigation complete; no suspect identified,
d4f355a2083d91e751c58c0744dcf843491d6bee5923688b0f0204a597bc86c8,2024-11,Essex Police,Essex Police,0.070583,51.651679,On or near Wellfields,E01021790,Epping Forest 012E,Burglary,Investigation complete; no suspect identified,
b42ba029a35496371e1d3d63f97b08b9c8401a9d5f64dcca208fd6096485d834,2024-11,Essex Police,Essex Police,0.070487,51.649568,On or near Durnell Way,E01021790,Epping Forest 012E,Other theft,Investigation complete; no suspect identified,
808ee38469f7a18ed47b2c6fbd21151bac9fc1fecfe48d5d4dbf54c6cee0356d,2024-11,Essex Police,Essex Police,0.075844,51.651020,On or near Newpiece,E01021790,Epping Forest 012E,Public order,Investigation complete; no suspect identified,
345c83688e1a97d911789998da0cc703403c8eef13872606e3642dbb1db7ab67,2024-11,Essex Police,Essex Police,0.074562,51.648578,On or near College Close,E01021790,Epping Forest 012E,Theft from the person,Investigation complete; no suspect identified,
d9e11981f376e72e94096300988e8cc4752a9ab022a439bb6bd9a9671141f228,2024-11,Essex Police,Essex Police,0.074960,51.650667,On or near Hatfields,E01021790,Epping Forest 012E,Vehicle crime,Investigation complete; no suspect identified,
58f7f3b741d5949abe6b8cefb9581510ed0e3f56214c7a5ebf8c1a67decd9d92,2024-11,Essex Police,Essex Police,0.071037,51.650538,On or near Whitehills Road,E01021790,Epping Forest 012E,Violence and sexual offences,Unable to prosecute suspect,
50f0c316cc523911c7184588b5bab481670e3da402f88108eed4dda471dc3451,2024-11,Essex Police,Essex Police,0.074562,51.648578,On or near College Close,E01021790,Epping Forest 012E,Violence and sexual offences,Formal action is not in the public interest,
fc3e2d1f6035ff560db2d7bd0c96bbedf2d308f2f0a70174c22ffd133b230b93,2024-11,Essex Police,Essex Police,0.074562,51.648578,On or near College Close,E01021790,Epping Forest 012E,Violence and sexual offences,Unable to prosecute suspect,
48b14724e581d41ac147373323a3ef4346b7947a2df8c93cae8c19bd14ea3fbb,2024-11,Essex Police,Essex Police,0.074271,51.649501,On or near The Square,E01021790,Epping Forest 012E,Violence and sexual offences,Unable to prosecute suspect,
787cbe474de363dc79e1f8d5a816b82355a35e5bffdd7b9779bf4ea19727fd87,2024-11,Essex Police,Essex Police,0.074562,51.648578,On or near College Close,E01021790,Epping Forest 012E,Violence and sexual offences,Unable to prosecute suspect,
56f9a0c3d8c4eb3b4a1320459a8305cf286e9d9edc8e0ec1a559526330912286,2024-11,Essex Police,Essex Police,0.069249,51.648735,On or near St Nicholas Place,E01021790,Epping Forest 012E,Violence and sexual offences,Court result unavailable,
a2e42e0c67774e70541fc7ebd81bc1922827c3fe5de543bc83e3c69dfee987e8,2024-11,Essex Police,Essex Police,0.074271,51.649501,On or near The Square,E01021790,Epping Forest 012E,Violence and sexual offences,Unable to prosecute suspect,
da8bf6587c95ab15440ea858cdb7d0a7cab6710cef029c5790739f7216b56952,2024-11,Essex Police,Essex Police,0.073719,51.649753,On or near Abbess Terrace,E01021790,Epping Forest 012E,Violence and sexual offences,Unable to prosecute suspect,
9251381d195dcf574823d7700a3314fddd238ebded8977bec17359cf1474d774,2024-11,Essex Police,Essex Police,0.055736,51.649125,On or near Supermarket,E01021791,Epping Forest 012F,Other theft,Investigation complete; no suspect identified,
006310f72cf76766c9aa0c2a7fbac12b92719620c8b8178c0d32a8809f71d64f,2024-11,Essex Police,Essex Police,0.054686,51.647003,On or near A121,E01021791,Epping Forest 012F,Public order,Unable to prosecute suspect,
8b166bd78f158500bfbc0d59ce00520b9ce819fccbb89b6771d1d5c5ebaf22cc,2024-11,Essex Police,Essex Police,0.055736,51.649125,On or near Supermarket,E01021791,Epping Forest 012F,Shoplifting,Investigation complete; no suspect identified,
1d6a485eb1d2a0dc0f19fc6826f4f2b564c176fafb032f0a90afa90b165bec1d,2024-11,Essex Police,Essex Police,0.055736,51.649125,On or near Supermarket,E01021791,Epping Forest 012F,Shoplifting,Investigation complete; no suspect identified,
2b80a626c23e13e17528186624a9caa5759119746e79256e9a338c0259c1cff0,2024-11,Essex Police,Essex Police,0.055736,51.649125,On or near Supermarket,E01021791,Epping Forest 012F,Shoplifting,Investigation complete; no suspect identified,
602f4b50b5733ceddbb84e4851aaff0bdae38a055c5be68a8c1795c2f78e0404,2024-11,Essex Police,Essex Police,0.055736,51.649125,On or near Supermarket,E01021791,Epping Forest 012F,Shoplifting,Investigation complete; no suspect identified,
1338ee3dc2885f9866db4cedfa5603f2b9aae2959564de1bda2f3317d65651a8,2024-11,Essex Police,Essex Police,0.055736,51.649125,On or near Supermarket,E01021791,Epping Forest 012F,Shoplifting,Investigation complete; no suspect identified,
4328d5619a933c9b53cbc4fe9c43949ba8aa71eec88eb71868a2377f2d0a0675,2024-11,Essex Police,Essex Police,0.055736,51.649125,On or near Supermarket,E01021791,Epping Forest 012F,Shoplifting,Investigation complete; no suspect identified,
8fffa1e0da1afa72c57b9ed5a47083c999e81ca64001e94ecdca5f36effab651,2024-11,Essex Police,Essex Police,0.055736,51.649125,On or near Supermarket,E01021791,Epping Forest 012F,Shoplifting,Court result unavailable,
d6e45b8dec373708107c798def8365802dcb920817a40ae5b1efd32bb48ee983,2024-11,Essex Police,Essex Police,0.055736,51.649125,On or near Supermarket,E01021791,Epping Forest 012F,Shoplifting,Investigation complete; no suspect identified,
1024b9d25a7c0fee8356a6511b7f0f3a9227ff0f218df46a58cadb1caa588995,2024-11,Essex Police,Essex Police,0.055736,51.649125,On or near Supermarket,E01021791,Epping Forest 012F,Shoplifting,Investigation complete; no suspect identified,
1cf37fb4a72c8ef020c1bd2155dd9f2163a82df728f28b4b1cbaccf7f662da99,2024-11,Essex Police,Essex Police,0.055736,51.649125,On or near Supermarket,E01021791,Epping Forest 012F,Shoplifting,Investigation complete; no suspect identified,
638cce2da085a7139823c0813c0f9de404b6d0109362fa8983e1c3ee7e4e0f22,2024-11,Essex Police,Essex Police,0.055736,51.649125,On or near Supermarket,E01021791,Epping Forest 012F,Shoplifting,Investigation complete; no suspect identified,
8189e8f139faa97ea0730fe28c1ec3643e4ce18391fbe069375ce4ba4e27d575,2024-11,Essex Police,Essex Police,0.055736,51.649125,On or near Supermarket,E01021791,Epping Forest 012F,Shoplifting,Court result unavailable,
e31e8d3ea2fc246d02bfa51c2e948dfabe21549eb63f6174f6d1d35fbe17323f,2024-11,Essex Police,Essex Police,0.055736,51.649125,On or near Supermarket,E01021791,Epping Forest 012F,Shoplifting,Investigation complete; no suspect identified,
569ecb69c5dc1dae0d646be62e9d5ac8071545a2b24564e8a9717735c44fe544,2024-11,Essex Police,Essex Police,0.055736,51.649125,On or near Supermarket,E01021791,Epping Forest 012F,Shoplifting,Investigation complete; no suspect identified,
5a95c46a305bda56f93a0dbe31811ea797a038c1de178a3824da02be53552640,2024-11,Essex Police,Essex Police,0.055736,51.649125,On or near Supermarket,E01021791,Epping Forest 012F,Shoplifting,Investigation complete; no suspect identified,
55834add2a58e8ecc8b5cce7ca25d1e4feb06823ac51246ef316cf266849e1b5,2024-11,Essex Police,Essex Police,0.055736,51.649125,On or near Supermarket,E01021791,Epping Forest 012F,Shoplifting,Investigation complete; no suspect identified,
492238dc3f829c5652422d21b02ae3e9cedf2c6bdafae5cd423e28b4fd5fd73b,2024-11,Essex Police,Essex Police,0.055736,51.649125,On or near Supermarket,E01021791,Epping Forest 012F,Shoplifting,Investigation complete; no suspect identified,
c80eb1177628554706268504d45c660402cfeb552a3de49c0716f9b81c59f6c7,2024-11,Essex Police,Essex Police,0.055736,51.649125,On or near Supermarket,E01021791,Epping Forest 012F,Shoplifting,Investigation complete; no suspect identified,
8e2e12a38cda336c584cb401b4663b9b2d7253f2ed0bc05f604bdc3dbdf57243,2024-11,Essex Police,Essex Police,0.054212,51.647704,On or near Clifton Road,E01021791,Epping Forest 012F,Shoplifting,Investigation complete; no suspect identified,
7c7bdda5d595b0becbeaa76c225f08dcd190b32b08720f3767a680f5ea784ca9,2024-11,Essex Police,Essex Police,0.055736,51.649125,On or near Supermarket,E01021791,Epping Forest 012F,Shoplifting,Investigation complete; no suspect identified,
370185ae3edd3654deda0217d2c87bfe14fe4e4f1ade05ee65f325548da5d6fc,2024-11,Essex Police,Essex Police,0.055736,51.649125,On or near Supermarket,E01021791,Epping Forest 012F,Shoplifting,Investigation complete; no suspect identified,
fa8811a7bdd4f5caf759418574133a40257fec2071cb5eed0e700b5af4d15075,2024-11,Essex Police,Essex Police,0.055736,51.649125,On or near Supermarket,E01021791,Epping Forest 012F,Shoplifting,Investigation complete; no suspect identified,
d4393a3479d1b358b791390e9af963f679451da7d5a3ceacc898ceb4849896e9,2024-11,Essex Police,Essex Police,0.055736,51.649125,On or near Supermarket,E01021791,Epping Forest 012F,Shoplifting,Investigation complete; no suspect identified,
5d683c30c4abffb7377e097f3cecee6fce5d22fd65c83f9595dfca6e50a9ba47,2024-11,Essex Police,Essex Police,0.055736,51.649125,On or near Supermarket,E01021791,Epping Forest 012F,Shoplifting,Investigation complete; no suspect identified,
4789f1712df0596c4db2e5361b0ab4cd01a5e2f988e74bd7a718ba93077f014c,2024-11,Essex Police,Essex Police,0.055313,51.648719,On or near Parking Area,E01021791,Epping Forest 012F,Shoplifting,Investigation complete; no suspect identified,
5c3ebb421ff722b69eb5f3fcf0ef7caf2738adf1635fbdc533cd64a404ed0490,2024-11,Essex Police,Essex Police,0.054212,51.647704,On or near Clifton Road,E01021791,Epping Forest 012F,Shoplifting,Investigation complete; no suspect identified,
f2da6016d3d0a6beff956da280ced7f7898806f3982810a448f91435298fa728,2024-11,Essex Police,Essex Police,0.055736,51.649125,On or near Supermarket,E01021791,Epping Forest 012F,Shoplifting,Investigation complete; no suspect identified,
09ea356baf3ae9ae8975e26fa6e45bc6ec1a439568fbc0ef7b4144e8c4bd3aec,2024-11,Essex Police,Essex Police,0.055736,51.649125,On or near Supermarket,E01021791,Epping Forest 012F,Shoplifting,Investigation complete; no suspect identified,
0f749c2e393d094310c2a8726157b68e3a83b44bb8e2b5855f2d79115f00c106,2024-11,Essex Police,Essex Police,0.055736,51.649125,On or near Supermarket,E01021791,Epping Forest 012F,Shoplifting,Investigation complete; no suspect identified,
c344b933f7e20cbb92802cbab92c570941f10781c665d1c236f3f7db0e2b5ae4,2024-11,Essex Police,Essex Police,0.055736,51.649125,On or near Supermarket,E01021791,Epping Forest 012F,Shoplifting,Investigation complete; no suspect identified,
0d841d74d76fd666c7d4b7945ac92230adbea0e36a1b37c8b0586903a7e9cc46,2024-11,Essex Police,Essex Police,0.055736,51.649125,On or near Supermarket,E01021791,Epping Forest 012F,Shoplifting,Investigation complete; no suspect identified,
61ebe6e6287f35809ef98aa1690c968ff25ecd35bfd7335fda2065a41140d7ea,2024-11,Essex Police,Essex Police,0.055736,51.649125,On or near Supermarket,E01021791,Epping Forest 012F,Shoplifting,Investigation complete; no suspect identified,
b5b7e9aaa4cb2066a4a34328c284033f0a38e8e74320cd162e2c1d323ce0e0be,2024-11,Essex Police,Essex Police,0.055736,51.649125,On or near Supermarket,E01021791,Epping Forest 012F,Shoplifting,Investigation complete; no suspect identified,
c9df53f0a6975c466fb03ad78602b65f57f47ff3827721b00f66216b8f975617,2024-11,Essex Police,Essex Police,0.055736,51.649125,On or near Supermarket,E01021791,Epping Forest 012F,Shoplifting,Court result unavailable,
4670a0633895313f12b2fc77ee2c07ea2c4c89a3edbe5e26c91c4cf78f995b20,2024-11,Essex Police,Essex Police,0.055736,51.649125,On or near Supermarket,E01021791,Epping Forest 012F,Shoplifting,Investigation complete; no suspect identified,
d43ae3cd8cf7124dfad2d7515f160510f0376d4c394157473e6ae35a2eda3ece,2024-11,Essex Police,Essex Police,0.054686,51.647003,On or near A121,E01021791,Epping Forest 012F,Shoplifting,Investigation complete; no suspect identified,
73ced4c3b3a6a67c48a4a0c642b3d85522c7b705f2ee33fe6859d553266d89cf,2024-11,Essex Police,Essex Police,0.055736,51.649125,On or near Supermarket,E01021791,Epping Forest 012F,Shoplifting,Investigation complete; no suspect identified,
6dc5521c999d6cc1586fd6565534ba89bef5247f0ecad4b931cac83568c53de5,2024-11,Essex Police,Essex Police,0.055736,51.649125,On or near Supermarket,E01021791,Epping Forest 012F,Shoplifting,Investigation complete; no suspect identified,
5077656f53683be41ec5edc0dcae77809001883f537946d54ff55a7d169d3e90,2024-11,Essex Police,Essex Police,0.055313,51.648719,On or near Parking Area,E01021791,Epping Forest 012F,Shoplifting,Investigation complete; no suspect identified,
e9b1d031ec58f658917d9ce573ab3813b5fdc7702c96e6f779bf3b71560aa7e4,2024-11,Essex Police,Essex Police,0.055313,51.648719,On or near Parking Area,E01021791,Epping Forest 012F,Shoplifting,Investigation complete; no suspect identified,
d2642f0be65b9e26df3ee493cdb4c51b0339f8ff17d99747872fdeef41c861b5,2024-11,Essex Police,Essex Police,0.055736,51.649125,On or near Supermarket,E01021791,Epping Forest 012F,Shoplifting,Investigation complete; no suspect identified,
65b0aac14cfa630db05db5f4f8b602982e7f87048c163a7f7617b60ebf069ce9,2024-11,Essex Police,Essex Police,0.055736,51.649125,On or near Supermarket,E01021791,Epping Forest 012F,Shoplifting,Investigation complete; no suspect identified,
262daeac598943db6fb24bb5e1fc80f1c523913d0537648b471516c03abdfb4f,2024-11,Essex Police,Essex Police,0.055736,51.649125,On or near Supermarket,E01021791,Epping Forest 012F,Shoplifting,Investigation complete; no suspect identified,
bf4ab40082d41c7187f371c5af31c2fddeab108ab6c7f867811cccf94a6299a8,2024-11,Essex Police,Essex Police,0.055736,51.649125,On or near Supermarket,E01021791,Epping Forest 012F,Shoplifting,Investigation complete; no suspect identified,
3045aa4b7d10f546da658f59e92b7c9039620fb66d2681cdb7aaa345104cb43b,2024-11,Essex Police,Essex Police,0.055736,51.649125,On or near Supermarket,E01021791,Epping Forest 012F,Shoplifting,Investigation complete; no suspect identified,
17353292245305aa1fe75800a0015c6a4bb86c76eb1c60383b8f2200777fe42a,2024-11,Essex Police,Essex Police,0.055736,51.649125,On or near Supermarket,E01021791,Epping Forest 012F,Shoplifting,Investigation complete; no suspect identified,
d829ff32b17354e651b30e108b1359b2ad0810743eaab0c0f8d2752421776941,2024-11,Essex Police,Essex Police,0.055736,51.649125,On or near Supermarket,E01021791,Epping Forest 012F,Shoplifting,Investigation complete; no suspect identified,
ab007aaa7101ab1f3d46d81e059584858220574962d875fa23130cdec042a4b5,2024-11,Essex Police,Essex Police,0.055736,51.649125,On or near Supermarket,E01021791,Epping Forest 012F,Shoplifting,Investigation complete; no suspect identified,
5f92d1f94cd3325981a2c92676e04c57fa736330d72c8d103944ba3b94a50d6e,2024-11,Essex Police,Essex Police,0.055736,51.649125,On or near Supermarket,E01021791,Epping Forest 012F,Shoplifting,Investigation complete; no suspect identified,
5584c81b9517c741b5296ca85360dcf71644171282fa1163de2dbff538830efc,2024-11,Essex Police,Essex Police,0.056599,51.644551,On or near Brook Road,E01021791,Epping Forest 012F,Vehicle crime,Investigation complete; no suspect identified,
547caba709e636901776a57df0441f83902f8f766d178e806cdab8a63ddcbae3,2024-11,Essex Police,Essex Police,0.054686,51.647003,On or near A121,E01021791,Epping Forest 012F,Vehicle crime,Investigation complete; no suspect identified,
f667689cc44b28738f353bab1cce285a89dedb0884e6aadcfe69650d4e8ec9fa,2024-11,Essex Police,Essex Police,0.054686,51.647003,On or near A121,E01021791,Epping Forest 012F,Violence and sexual offences,Investigation complete; no suspect identified,
78e14a2c83a3255d65ecd5a06e3798f856fb6583cac05a8544d6a4c0410b1419,2024-11,Essex Police,Essex Police,0.055313,51.648719,On or near Parking Area,E01021791,Epping Forest 012F,Violence and sexual offences,Investigation complete; no suspect identified,
1c9dbce6e756d85693f7c39862886ad0407a23f0b9e75347c8dbca41ce46a6ed,2024-11,Essex Police,Essex Police,0.069707,51.641650,On or near Lower Alderton Hall Lane,E01021771,Epping Forest 013A,Criminal damage and arson,Investigation complete; no suspect identified,
4d25e565e80a0043e9f07bcf47c89447fd08627d51958212c9b45a1f530445d3,2024-11,Essex Police,Essex Police,0.076485,51.642906,On or near Parking Area,E01021771,Epping Forest 013A,Drugs,Investigation complete; no suspect identified,
12de5f690b553f243cabddb065b4fe38bcb93f2ebfaa651af8426dd9045d3ea4,2024-11,Essex Police,Essex Police,0.072034,51.641015,On or near Monksgrove,E01021771,Epping Forest 013A,Drugs,Investigation complete; no suspect identified,
edb44a465d84e124612233c9a0e9f56eb3cb926d3e473368c03a46893635ca50,2024-11,Essex Police,Essex Police,0.072135,51.640060,On or near Highwood Lane,E01021771,Epping Forest 013A,Vehicle crime,Investigation complete; no suspect identified,
a0ab22206e6aa58019463497282cea8be78fe6ba98dccaa1d6893ba5b70afcae,2024-11,Essex Police,Essex Police,0.070696,51.640832,On or near Highwood Lane,E01021771,Epping Forest 013A,Vehicle crime,Investigation complete; no suspect identified,
fc7f1c6aaa53aff02d38b5a148dba45239394a121eb241f1ef56d1371326d960,2024-11,Essex Police,Essex Police,0.074706,51.641301,On or near Marlescroft Way,E01021771,Epping Forest 013A,Vehicle crime,Investigation complete; no suspect identified,
58cec8c870f92c011d2ec9603b984c3a484fa3a8613a9c2382628380f03fae9c,2024-11,Essex Police,Essex Police,0.069707,51.641650,On or near Lower Alderton Hall Lane,E01021771,Epping Forest 013A,Vehicle crime,Unable to prosecute suspect,
3da91e76dcaaef9c026948632a78c27259e35606d0117130ef19bd27593be005,2024-11,Essex Police,Essex Police,0.072135,51.640060,On or near Highwood Lane,E01021771,Epping Forest 013A,Violence and sexual offences,Unable to prosecute suspect,
8282bab9474b4e4bbfa597a54a4e24b4bdc079614c6608478c5234d8acc61da7,2024-11,Essex Police,Essex Police,0.070696,51.640832,On or near Highwood Lane,E01021771,Epping Forest 013A,Violence and sexual offences,Unable to prosecute suspect,
32a1125aeae680793bc0291dcaccb2832120c2d6b33146f5e54bce8fa31504e0,2024-11,Essex Police,Essex Police,0.072135,51.640060,On or near Highwood Lane,E01021771,Epping Forest 013A,Other crime,Investigation complete; no suspect identified,
12438e1884f2bfe46ca2b3f9d51658fbdb51fdf249ce4d54adf170ccf556f782,2024-11,Essex Police,Essex Police,0.061600,51.642638,On or near Hogarth Reach,E01021772,Epping Forest 013B,Burglary,Investigation complete; no suspect identified,
c338539ae54197483a4de4e0676469309d51ed1e4cd9ee8c5024fe82930701df,2024-11,Essex Police,Essex Police,0.071666,51.647532,On or near Colson Path,E01021772,Epping Forest 013B,Burglary,Investigation complete; no suspect identified,
,2024-11,Essex Police,Essex Police,0.078276,51.644142,On or near Lushes Road,E01021773,Epping Forest 013C,Anti-social behaviour,,
d527ec7791a1852e0a0c3f7c70681f842e7303c426340b01814db5b18bf4176f,2024-11,Essex Police,Essex Police,0.074575,51.645709,On or near Colson Road,E01021773,Epping Forest 013C,Burglary,Investigation complete; no suspect identified,
7fbfa2c95d4560f3cce0b367f1ba238d83f48323e82cc0448176f9b2899670d0,2024-11,Essex Police,Essex Police,0.075786,51.646596,On or near Bryony Close,E01021773,Epping Forest 013C,Criminal damage and arson,Investigation complete; no suspect identified,
71075f7df75637bac48e9faae325c28a83fe2579dee504fb15998cda867afec3,2024-11,Essex Police,Essex Police,0.078276,51.644142,On or near Lushes Road,E01021773,Epping Forest 013C,Drugs,Local resolution,
78fe33dee4db024b9ce005c1dcfceea44818ffe654bfec22dad08b092a3367f7,2024-11,Essex Police,Essex Police,0.078276,51.644142,On or near Lushes Road,E01021773,Epping Forest 013C,Drugs,Investigation complete; no suspect identified,
abdc8fad5ab6b0c0221d3c7dd1e8296b34ac733c88650f79ea792d846e115278,2024-11,Essex Police,Essex Police,0.079850,51.645994,On or near Ladyfields,E01021773,Epping Forest 013C,Vehicle crime,Investigation complete; no suspect identified,
ae1cadb637ad73b1fef87a5902a755d904bbd09f71e5478b7f2d6ef1e225be47,2024-11,Essex Police,Essex Police,0.078276,51.644142,On or near Lushes Road,E01021773,Epping Forest 013C,Vehicle crime,Investigation complete; no suspect identified,
883b47c14476605b1545a08ad785113421371461562cf6a57a991ef458da82ab,2024-11,Essex Police,Essex Police,0.078276,51.644142,On or near Lushes Road,E01021773,Epping Forest 013C,Violence and sexual offences,Unable to prosecute suspect,
c411d93d113192ee8c2159ba047bca5dbe45bd1ed254d9bda08119a75a04f2f2,2024-11,Essex Police,Essex Police,0.078276,51.644142,On or near Lushes Road,E01021773,Epping Forest 013C,Violence and sexual offences,Unable to prosecute suspect,
ff4b251fcbf7b3652ab52de55ae478317ce795371406c84cfd4787fb78217062,2024-11,Essex Police,Essex Police,0.071890,51.645478,On or near Deepdene Road,E01021773,Epping Forest 013C,Violence and sexual offences,Unable to prosecute suspect,
8c20fb20b14abb30d56c24154e608e44975ce3ff76e2f7103c976ac1d6b238ae,2024-11,Essex Police,Essex Police,0.060114,51.639822,On or near Roding Road,E01021783,Epping Forest 013D,Violence and sexual offences,Investigation complete; no suspect identified,
9ef3d633d4afc0df1cd96ccc6b37efc2e5f010f084c9286e97175814733fa596,2024-11,Essex Police,Essex Police,0.066181,51.641029,On or near Barncroft Close,E01021783,Epping Forest 013D,Other crime,Unable to prosecute suspect,
30c25458d62803d3dd53e40b8725c041966e78f229844ccee7474557b5905234,2024-11,Essex Police,Essex Police,0.066181,51.641029,On or near Barncroft Close,E01021783,Epping Forest 013D,Other crime,Status update unavailable,
62eb7045098e24ffd050b0df5ee6437587c2a92e8a0118beccaf657f24000c7d,2024-11,Essex Police,Essex Police,0.056790,51.636301,On or near Valley Hill,E01021784,Epping Forest 013E,Public order,Investigation complete; no suspect identified,
35cc824668ec42edfede3a52dcab13151977918aeed06e6a8831dcd4dd0d5f39,2024-11,Essex Police,Essex Police,0.055445,51.635974,On or near Nevill Way,E01021784,Epping Forest 013E,Vehicle crime,Investigation complete; no suspect identified,
1695e6891917bdb86b6a3d376111732eff50923b5b2f57f1a2adb4860f37b521,2024-11,Essex Police,Essex Police,0.058483,51.637315,On or near Highland Avenue,E01021784,Epping Forest 013E,Vehicle crime,Unable to prosecute suspect,
2675c19bc79819c409f20454f7381e567e73f7c97a87031c40f83e9c4d931590,2024-11,Essex Police,Essex Police,0.056790,51.636301,On or near Valley Hill,E01021784,Epping Forest 013E,Violence and sexual offences,Unable to prosecute suspect,
89f0bfcc9b558186ed78be31afbc57206aa6d7dc20a3971f78fef4f6ffd1aaf5,2024-11,Essex Police,Essex Police,0.056790,51.636301,On or near Valley Hill,E01021784,Epping Forest 013E,Violence and sexual offences,Unable to prosecute suspect,
91626333a6baccdc9858903a52934388cf9f0aeb8c2aa57ef98743f9c4cbbc9b,2024-11,Essex Police,Essex Police,0.049513,51.636770,On or near Hillcrest Road,E01021780,Epping Forest 014A,Burglary,Investigation complete; no suspect identified,
626ee4af2ecb6536aa4e827b5dd77339e560d3f048864930173c0b9b8b7bc693,2024-11,Essex Police,Essex Police,0.044567,51.642810,On or near Albion Park,E01021780,Epping Forest 014A,Drugs,Local resolution,
,2024-11,Essex Police,Essex Police,0.043223,51.643445,On or near High View Close,E01021781,Epping Forest 014B,Anti-social behaviour,,
,2024-11,Essex Police,Essex Police,0.052286,51.645706,On or near Parking Area,E01021781,Epping Forest 014B,Anti-social behaviour,,
,2024-11,Essex Police,Essex Police,0.052286,51.645706,On or near Parking Area,E01021781,Epping Forest 014B,Anti-social behaviour,,
,2024-11,Essex Police,Essex Police,0.053412,51.646306,On or near Police Station,E01021781,Epping Forest 014B,Anti-social behaviour,,
,2024-11,Essex Police,Essex Police,0.053952,51.644822,On or near Station Road,E01021781,Epping Forest 014B,Anti-social behaviour,,
b3839cc43dffd2b2b69ca59986295a70dcbf085c7d4bf5bf2d650d6b234d731c,2024-11,Essex Police,Essex Police,0.053412,51.646306,On or near Police Station,E01021781,Epping Forest 014B,Criminal damage and arson,Formal action is not in the public interest,
7232d2fcff383dcabca0b0ed48140f149e0852d912f61af6e092c66df78d2295,2024-11,Essex Police,Essex Police,0.053391,51.642638,On or near Parking Area,E01021781,Epping Forest 014B,Possession of weapons,Status update unavailable,
51cd7abe7802c970a0ef29a9da7d285ab609e0b8d3c17b29e676dea7ad2a5ccf,2024-11,Essex Police,Essex Police,0.052426,51.643356,On or near Supermarket,E01021781,Epping Forest 014B,Robbery,Unable to prosecute suspect,
c8b6fbe1c1916bd5d4b2526e4bc8808a2656b389bcee2871836fe53251741dbd,2024-11,Essex Police,Essex Police,0.053376,51.644553,On or near Parking Area,E01021781,Epping Forest 014B,Shoplifting,Court result unavailable,
e423993ff82306b13e018960f65ccb40c82166419feb81ef148196e7f5636fb6,2024-11,Essex Police,Essex Police,0.053376,51.644553,On or near Parking Area,E01021781,Epping Forest 014B,Shoplifting,Court result unavailable,
1e29e1019231c2a0b647c9c60e6bb1081907f0308a3a6f6977572482b6a6fb8a,2024-11,Essex Police,Essex Police,0.052426,51.643356,On or near Supermarket,E01021781,Epping Forest 014B,Theft from the person,Investigation complete; no suspect identified,
1a8fa6bcdbdeeaf593cb3d884eade12996659348a0ce4130c176fb2c2532c383,2024-11,Essex Police,Essex Police,0.053412,51.646306,On or near Police Station,E01021781,Epping Forest 014B,Vehicle crime,Unable to prosecute suspect,
16a728b4e4a5d4274a38902885311f2498ec7b01d0ebcfb7f6737090c76e2e63,2024-11,Essex Police,Essex Police,0.053391,51.642638,On or near Parking Area,E01021781,Epping Forest 014B,Vehicle crime,Status update unavailable,
75432d5fbd7b92480f1ca3b064733d2731c2eb0a9e14ffb1e800d87c1078f914,2024-11,Essex Police,Essex Police,0.051961,51.645217,On or near Parking Area,E01021781,Epping Forest 014B,Vehicle crime,Local resolution,
1fb1815e18290eb298188b8db0d2a754a73ac3af0f064224ef16e40877568de8,2024-11,Essex Police,Essex Police,0.050733,51.648754,On or near Royal Oak Close,E01021781,Epping Forest 014B,Vehicle crime,Investigation complete; no suspect identified,
0ba3b0bd91f40f4d106d16f8824537659925761ff8908dc6dd1631bf47f4dca3,2024-11,Essex Police,Essex Police,0.052426,51.643356,On or near Supermarket,E01021781,Epping Forest 014B,Violence and sexual offences,Investigation complete; no suspect identified,
e1f92c27c0979278779201a626d6a057321f59c1693164a7beeb5753f0bd30fa,2024-11,Essex Police,Essex Police,0.053391,51.642638,On or near Parking Area,E01021781,Epping Forest 014B,Violence and sexual offences,Status update unavailable,
9becd0e9307e20036d6e8a5fcd46128347fcd9613b2deb668a3692640ecd908d,2024-11,Essex Police,Essex Police,0.053391,51.642638,On or near Parking Area,E01021781,Epping Forest 014B,Violence and sexual offences,Action to be taken by another organisation,
3654d717a688367973a695fa10b6c532a9f5ac34c7745566766ed2715d18522c,2024-11,Essex Police,Essex Police,0.053376,51.644553,On or near Parking Area,E01021781,Epping Forest 014B,Violence and sexual offences,Unable to prosecute suspect,
905087af9783251bf0827a457ba28325a9375a381d3ec3d0ab6847e179b42d84,2024-11,Essex Police,Essex Police,0.051961,51.645217,On or near Parking Area,E01021781,Epping Forest 014B,Violence and sexual offences,Unable to prosecute suspect,
d3867d13f4e4a824556f83acbd5e12e1153fc31e819e0c88ca7bd5b95552f9cb,2024-11,Essex Police,Essex Police,0.053412,51.646306,On or near Police Station,E01021781,Epping Forest 014B,Violence and sexual offences,Unable to prosecute suspect,
d528f1beeff5dc74aff757d88916f374707585b5250316550a178cab40726bf2,2024-11,Essex Police,Essex Police,0.051519,51.633831,On or near Felstead Road,E01021785,Epping Forest 014D,Criminal damage and arson,Unable to prosecute suspect,
f0700fdc700f4763e2728c23b566af8f649417a94773f3056980088b931e531e,2024-11,Essex Police,Essex Police,0.054654,51.639576,On or near The Sidings,E01021785,Epping Forest 014D,Drugs,Investigation complete; no suspect identified,
6b4f7889500fad7a61126a83e27539053c6398269f33e7181195415c4d4e04e8,2024-11,Essex Police,Essex Police,0.056410,51.632055,On or near Bradwell Road,E01021785,Epping Forest 014D,Drugs,Local resolution,
6db88c51ecfe7104c012ba12a2da71a8b81805cbb7680f558f85d7a143afc6a5,2024-11,Essex Police,Essex Police,0.060831,51.634401,On or near Sports/Recreation Area,E01021785,Epping Forest 014D,Drugs,Local resolution,
6b53f228a41bee486d5293347303507b78f33d26c86d1bcc27e5a9a2e3750455,2024-11,Essex Police,Essex Police,0.056410,51.632055,On or near Bradwell Road,E01021785,Epping Forest 014D,Other theft,Investigation complete; no suspect identified,
234839a8924d7dd35397c784929d40a35383e69eaa8fd243bb1e29b419fe0850,2024-11,Essex Police,Essex Police,0.060831,51.634401,On or near Sports/Recreation Area,E01021785,Epping Forest 014D,Vehicle crime,Investigation complete; no suspect identified,
867b5437ac7eff1322210dce5eec799ed001fad90b85db44d3f65c9664d0e147,2024-11,Essex Police,Essex Police,0.060831,51.634401,On or near Sports/Recreation Area,E01021785,Epping Forest 014D,Vehicle crime,Investigation complete; no suspect identified,
ec255ad25beb4988449ab1ecaec2d05607ebc2d575ab0a88514af67611119dd4,2024-11,Essex Police,Essex Police,0.055977,51.633987,On or near Sutton Close,E01021785,Epping Forest 014D,Violence and sexual offences,Unable to prosecute suspect,
7ee5f3fb0c13bf4960a73224511c3ad96ba0ad4ec961a9c3e76691da89df6842,2024-11,Essex Police,Essex Police,0.054391,51.636307,On or near Danbury Road,E01021785,Epping Forest 014D,Violence and sexual offences,Unable to prosecute suspect,
91cf8f35c5bbe7ef1766cca8efbe3d54fee29209428068198e69f4db17544258,2024-11,Essex Police,Essex Police,0.054391,51.636307,On or near Danbury Road,E01021785,Epping Forest 014D,Violence and sexual offences,Unable to prosecute suspect,
39977dca11dd466d75061d922dc89139197816a86912fb919bc949ef03785552,2024-11,Essex Police,Essex Police,0.050331,51.632476,On or near Thaxted Road,E01021742,Epping Forest 015A,Vehicle crime,Unable to prosecute suspect,
50bdfa40ad27d2e8415f1205f330b9a9d4fcffa720a9362d96150520f43e21e6,2024-11,Essex Police,Essex Police,0.055727,51.631653,On or near Bradwell Road,E01021742,Epping Forest 015A,Violence and sexual offences,Unable to prosecute suspect,
5ce86d1323ff74766b5532c5a8e0da1961993cf865145c8bf64e6744868a15d7,2024-11,Essex Police,Essex Police,0.050832,51.630462,On or near Loughton Way,E01021742,Epping Forest 015A,Violence and sexual offences,Unable to prosecute suspect,
ce8006b8a907dcd50d7f571286fee5cb2a783eb18c0d2105c8acca9234fc2372,2024-11,Essex Police,Essex Police,0.054524,51.632223,On or near Pentlow Way,E01021742,Epping Forest 015A,Violence and sexual offences,Investigation complete; no suspect identified,
84678c47c3c6969fbd25b7ce2f7af107118b7685372b32663d67f524336e7424,2024-11,Essex Police,Essex Police,0.051986,51.632977,On or near Blackmore Road,E01021742,Epping Forest 015A,Violence and sexual offences,Unable to prosecute suspect,
cb7aaadd3887dc316ddcfda655835c7e22a09736658e1d5a66a332a61a34c23c,2024-11,Essex Police,Essex Police,0.054245,51.630519,On or near Boxted Close,E01021742,Epping Forest 015A,Violence and sexual offences,Unable to prosecute suspect,
ccbdf93f7beb147c1eb582f05f649a077a355e5f5dfc6134beaa5eb87c9deb31,2024-11,Essex Police,Essex Police,0.050832,51.630462,On or near Loughton Way,E01021742,Epping Forest 015A,Violence and sexual offences,Unable to prosecute suspect,
7833a7a2caa613896982191045ca3fa84f7b09f15fdc1fff22e3fd7b0233891c,2024-11,Essex Police,Essex Police,0.051694,51.629700,On or near Rous Road,E01021742,Epping Forest 015A,Other crime,Court result unavailable,
b187b74095add78c0619450f9300590682c9e3767b55a8fdf04d4ae6351e9fe7,2024-11,Essex Police,Essex Police,0.051694,51.629700,On or near Rous Road,E01021742,Epping Forest 015A,Other crime,Court result unavailable,
2f23086956e1b7e3316638016e9ab4bc33b0411f6662927082a95470aa656513,2024-11,Essex Police,Essex Police,0.047679,51.625580,On or near Albert Road,E01021743,Epping Forest 015B,Burglary,Unable to prosecute suspect,
b1b886b336a34dc4d96d0ed9d010b9fac1f74efc7a0cb51dadc453cdba929539,2024-11,Essex Police,Essex Police,0.050175,51.629025,On or near Dene Road,E01021743,Epping Forest 015B,Drugs,Local resolution,
1f38dfde66fd1bdef5c1046e582608e66cd93e35a8895d722763aad5320dba92,2024-11,Essex Police,Essex Police,0.049631,51.622722,On or near Cascade Close,E01021743,Epping Forest 015B,Other theft,Investigation complete; no suspect identified,
12505285789ae146f3cf769ebd02c6bd7db58cd66c7ba0c274349a60dec2b53b,2024-11,Essex Police,Essex Police,0.047639,51.625967,On or near Yew Close,E01021743,Epping Forest 015B,Other theft,Investigation complete; no suspect identified,
643bba38637addf42037d84b490bd71e15cb3259f78cd31ef3d4ba0bee2e377d,2024-11,Essex Police,Essex Police,0.047679,51.625580,On or near Albert Road,E01021743,Epping Forest 015B,Public order,Investigation complete; no suspect identified,
f2d18be62093a56dff39f1ce969b5d5cd8f6a912f45b9d080135b9954025469f,2024-11,Essex Police,Essex Police,0.048298,51.625857,On or near Beatrice Court,E01021743,Epping Forest 015B,Vehicle crime,Investigation complete; no suspect identified,
5624cf5932d34edca685afff908e51255d8827739c2b2ed505c6135b0fe4a598,2024-11,Essex Police,Essex Police,0.048159,51.622442,On or near Chestnut Close,E01021743,Epping Forest 015B,Vehicle crime,Investigation complete; no suspect identified,
d70890465ae4148948856b1a4bb02c0d2f57081e9f6fbaf433dcf4148413d91f,2024-11,Essex Police,Essex Police,0.050175,51.629025,On or near Dene Road,E01021743,Epping Forest 015B,Violence and sexual offences,Action to be taken by another organisation,
474396f77b5ea69e6af31bae49186b3a50f3d1d163f7a11fc98d7840ced18f8f,2024-11,Essex Police,Essex Police,0.050175,51.629025,On or near Dene Road,E01021743,Epping Forest 015B,Violence and sexual offences,Unable to prosecute suspect,
c3f1a162c287d09824a6e98d68af3c32773cb3600cf5770cdb0ffc3355865053,2024-11,Essex Police,Essex Police,0.046746,51.624103,On or near Elgar Close,E01021743,Epping Forest 015B,Violence and sexual offences,Unable to prosecute suspect,
b76ff9f685e01223a993d1a8021fe09311efb37c1dc99c9e147bc7cf963fdf27,2024-11,Essex Police,Essex Police,0.050095,51.627255,On or near Roding Lane,E01021743,Epping Forest 015B,Violence and sexual offences,Unable to prosecute suspect,
d62c8bdb78817be9b58b94a445adf17fddc0bd5f5e2fc09b562196fba08d74cd,2024-11,Essex Police,Essex Police,0.048754,51.619932,On or near Hornbeam Road,E01021744,Epping Forest 015C,Drugs,Offender given a caution,
51ce6e025964e62e369692e1a46184de664c3cb5011ab946f3dd7f37d69a7d7e,2024-11,Essex Police,Essex Police,0.046499,51.623118,On or near Elm Close,E01021744,Epping Forest 015C,Other theft,Investigation complete; no suspect identified,
84aabe257e356e9643b8c90691aa8e1b425ba8d81e55d57dc0c5982acf6b6664,2024-11,Essex Police,Essex Police,0.045525,51.619763,On or near Holly Close,E01021744,Epping Forest 015C,Vehicle crime,Investigation complete; no suspect identified,
9df431df5d735237650ece050d1363fd4eab86d12a43e28df20c1f68d861a790,2024-11,Essex Police,Essex Police,0.045525,51.619763,On or near Holly Close,E01021744,Epping Forest 015C,Vehicle crime,Investigation complete; no suspect identified,
ae6fe7d867ffa2722662384903acc6027b88ae314996c14ce4452afa049b192a,2024-11,Essex Police,Essex Police,0.048299,51.618501,On or near Squirrel'S Lane,E01021744,Epping Forest 015C,Vehicle crime,Investigation complete; no suspect identified,
4dbebed0b99767860b38b59f4238d9cc4026e51a62ee0aed42e2a4eed24e5625,2024-11,Essex Police,Essex Police,0.046074,51.620410,On or near Willow Close,E01021744,Epping Forest 015C,Vehicle crime,Investigation complete; no suspect identified,
c616d27daeefc64803577c14a802285adb7ef95cb8542b3b0e9fdb1c96bd51dc,2024-11,Essex Police,Essex Police,0.048754,51.619932,On or near Hornbeam Road,E01021744,Epping Forest 015C,Violence and sexual offences,Unable to prosecute suspect,
d2ca44f82513ad6bcdf101219793201bb6d624cfcf17b4306081fe3857316681,2024-11,Essex Police,Essex Police,0.048754,51.619932,On or near Hornbeam Road,E01021744,Epping Forest 015C,Violence and sexual offences,Unable to prosecute suspect,
c424a488841a2ea3e69b6099862e64f6917680dfa4b6e130fdb0a96fe7b650ce,2024-11,Essex Police,Essex Police,0.026889,51.629807,On or near Heron Close,E01021745,Epping Forest 015D,Burglary,Investigation complete; no suspect identified,
bf26c31798e5782d0dca8fe3a2bc66a0b32276b7726c8555fe6ea874ba12f383,2024-11,Essex Police,Essex Police,0.033462,51.624928,On or near Duchess Grove,E01021745,Epping Forest 015D,Vehicle crime,Investigation complete; no suspect identified,
912619c8b6a525a69df4bcbd1511ce9dee46b81c6eb0634be534490e97d9235e,2024-11,Essex Police,Essex Police,0.033462,51.624928,On or near Duchess Grove,E01021745,Epping Forest 015D,Vehicle crime,Investigation complete; no suspect identified,
a7e0f651098b193f931ce02f56aa5002a2769bdaf4fb0b689a2a76124393f6ac,2024-11,Essex Police,Essex Police,0.033462,51.624928,On or near Duchess Grove,E01021745,Epping Forest 015D,Violence and sexual offences,Unable to prosecute suspect,
3857f12214c5b298173e5acb7f14246bcc373d469dcedb76177af2eb5cab4829,2024-11,Essex Police,Essex Police,0.033462,51.624928,On or near Duchess Grove,E01021745,Epping Forest 015D,Other crime,Unable to prosecute suspect,
,2024-11,Essex Police,Essex Police,0.039470,51.627134,On or near Palmerston Court,E01021746,Epping Forest 015E,Anti-social behaviour,,
,2024-11,Essex Police,Essex Police,0.035733,51.629178,On or near St John'S Court,E01021746,Epping Forest 015E,Anti-social behaviour,,
2d7d5bc6d8ab05e58dc3adb7508fc8732b3e4fd54556fc15be1fccc3dc7880b3,2024-11,Essex Police,Essex Police,0.035733,51.629178,On or near St John'S Court,E01021746,Epping Forest 015E,Drugs,Local resolution,
b02218b571f6c6f8ec7d185b92a66679ee183a3e30bb2c7104b6e4142f5f6c2a,2024-11,Essex Police,Essex Police,0.033601,51.631580,On or near Ardmore Lane,E01021746,Epping Forest 015E,Drugs,Local resolution,
c349db0c17d16663d70c4190490e8959201f79c0a61f98b48591f2e21c631f4c,2024-11,Essex Police,Essex Police,0.038252,51.628639,On or near Russell Road,E01021746,Epping Forest 015E,Drugs,Local resolution,
aca658ca1ebb7cacb38d025f201c429bdcdb6caab1b709a24f48e3d0c724ca74,2024-11,Essex Police,Essex Police,0.035733,51.629178,On or near St John'S Court,E01021746,Epping Forest 015E,Vehicle crime,Investigation complete; no suspect identified,
0e4ee7911bc628ffcb7595f21af1630a0e4b4b14efebeae0de0bc1a738efb638,2024-11,Essex Police,Essex Police,0.038673,51.627733,On or near Westbury Road,E01021746,Epping Forest 015E,Vehicle crime,Investigation complete; no suspect identified,
80d9a2aef98bb8eb47507e017d5e273243f837808c929da1a2589559d2696b04,2024-11,Essex Police,Essex Police,0.031490,51.629305,On or near Fernbank,E01021746,Epping Forest 015E,Violence and sexual offences,Unable to prosecute suspect,
55ea96941c87b3f4addb68f4d6e39df638c05fa2b8d5e31a06259cce65af5697,2024-11,Essex Police,Essex Police,0.043978,51.630033,On or near Little Pluckett'S Way,E01021747,Epping Forest 015F,Criminal damage and arson,Investigation complete; no suspect identified,
da0adce9769f4d04cce6d9ae4fb12e4668f9a950fa7d5854584fb3a21da51fc0,2024-11,Essex Police,Essex Police,0.038885,51.629564,On or near Ormonde Rise,E01021747,Epping Forest 015F,Vehicle crime,Investigation complete; no suspect identified,
02e80e24adfa016de165aa09d6ccd08dbc91efa1b21e47f7b32fa2ab0a8495db,2024-11,Essex Police,Essex Police,0.041389,51.629008,On or near Amberley Road,E01021747,Epping Forest 015F,Vehicle crime,Investigation complete; no suspect identified,
d1ea65ecd4bc59c2462f6ba26d94b0750d1ec4eab73f304d873e9e0f86f5a7aa,2024-11,Essex Police,Essex Police,0.038885,51.629564,On or near Ormonde Rise,E01021747,Epping Forest 015F,Vehicle crime,Investigation complete; no suspect identified,
e9c025a9c55248aa4d889e5afde56f8b426083876cbc0cd8e38a0a557c5e5797,2024-11,Essex Police,Essex Police,0.040152,51.632680,On or near The Drive,E01021747,Epping Forest 015F,Vehicle crime,Investigation complete; no suspect identified,
651aa5a48b83b78f9c76f62ab67e6129c374f5cc2342f53eb5aec2cf2cc6f22f,2024-11,Essex Police,Essex Police,0.042469,51.629897,On or near Roebuck Lane,E01021747,Epping Forest 015F,Violence and sexual offences,Unable to prosecute suspect,
e962ad4b82786dadcd3a2766c1e776af32a84672b5b2f5336a9bb1083bae31d9,2024-11,Essex Police,Essex Police,0.042844,51.624720,On or near Kings Place,E01021748,Epping Forest 015G,Burglary,Investigation complete; no suspect identified,
ad0784b22662d929a71dc3cb444735ba99355d8f2a16b6794e07c5b4e416a355,2024-11,Essex Police,Essex Police,0.040732,51.625961,On or near Andrews Close,E01021748,Epping Forest 015G,Burglary,Investigation complete; no suspect identified,
5a5cded33ff4f604d030868b3bcdaafa1cfcf5d800d23b22d8446c2d60455694,2024-11,Essex Police,Essex Police,0.035532,51.626304,On or near Parking Area,E01021748,Epping Forest 015G,Criminal damage and arson,Investigation complete; no suspect identified,
d1f8f8ac480dc877b8acfd9dcece520b61566780b6128dfb413541f41c1cb047,2024-11,Essex Police,Essex Police,0.036114,51.624792,On or near Wimborne Close,E01021748,Epping Forest 015G,Other theft,Investigation complete; no suspect identified,
c7dd949d1cb101311e837f6849084b886e2edfbd5cdfd1c9e534e6397a420c7e,2024-11,Essex Police,Essex Police,0.037464,51.625892,On or near Lily Mews,E01021748,Epping Forest 015G,Other theft,Investigation complete; no suspect identified,
34d527b6c1c45023fae3cc73fe7fd93e2f9916be89a4bf533ff4afd9546ddbad,2024-11,Essex Police,Essex Police,0.040732,51.625961,On or near Andrews Close,E01021748,Epping Forest 015G,Other theft,Investigation complete; no suspect identified,
8b9c8e87fac9e4e778c87e8a1c811343b4c8a160fec034fc788252ecd77964f4,2024-11,Essex Police,Essex Police,0.044986,51.625447,On or near Supermarket,E01021748,Epping Forest 015G,Shoplifting,Investigation complete; no suspect identified,
d4c4330b8daf9bcf3d020a2b088ce12f38081793891390455027a40fb31826dc,2024-11,Essex Police,Essex Police,0.038657,51.624469,On or near Princes Way,E01021748,Epping Forest 015G,Vehicle crime,Investigation complete; no suspect identified,
e135f4faccabea4a6ebfba8ad70626a98d757034734c7806e8fca112c7d7314a,2024-11,Essex Police,Essex Police,0.038657,51.624469,On or near Princes Way,E01021748,Epping Forest 015G,Vehicle crime,Investigation complete; no suspect identified,
ec4cae14d5b06e3c6ed5612a9d50ec267608d79ca8a73d52793dfc3b6db827c5,2024-11,Essex Police,Essex Police,0.045463,51.625447,On or near Parking Area,E01021748,Epping Forest 015G,Violence and sexual offences,Unable to prosecute suspect,
bd48be4d558add1803ba97639f720a2c6f7fa4fb9e5725e407c09145d7c07b69,2024-11,Essex Police,Essex Police,0.037464,51.625892,On or near Lily Mews,E01021748,Epping Forest 015G,Other crime,Investigation complete; no suspect identified,
,2024-11,Essex Police,Essex Police,0.122007,51.623243,On or near Millers Close,E01021749,Epping Forest 016A,Anti-social behaviour,,
adcf4042b85fb67e5dbd5050187d9ef4902643a06f8489a05171a631ac930909,2024-11,Essex Police,Essex Police,0.119872,51.622392,On or near Faversham Close,E01021749,Epping Forest 016A,Possession of weapons,Court result unavailable,
87e1bab03cb7cfa27610740ab5223b0eedc1eb41751303929f4221f64df68720,2024-11,Essex Police,Essex Police,0.119872,51.622392,On or near Faversham Close,E01021749,Epping Forest 016A,Possession of weapons,Court result unavailable,
bc3ae6d81fe5ca70bfef4b82cbf3b18c87838539e458318a101bf87f86fd3b3b,2024-11,Essex Police,Essex Police,0.119872,51.622392,On or near Faversham Close,E01021749,Epping Forest 016A,Possession of weapons,Court result unavailable,
a772a6235ddb2cea29743859d7449d6194a678b75068aef7643394d2fb882dcb,2024-11,Essex Police,Essex Police,0.119872,51.622392,On or near Faversham Close,E01021749,Epping Forest 016A,Robbery,Court result unavailable,
ad8d21c70daa8faf8fcc62643301410c9d274a0f298e05e9d338688606f5ed0f,2024-11,Essex Police,Essex Police,0.119872,51.622392,On or near Faversham Close,E01021749,Epping Forest 016A,Robbery,Court result unavailable,
1c1da9bec81c0cb48a3ec8fd67fb02d7e91b5dab8094da8dbeb03a4a64a915e7,2024-11,Essex Police,Essex Police,0.117975,51.620753,On or near Raymond Gardens,E01021749,Epping Forest 016A,Shoplifting,Investigation complete; no suspect identified,
8e399553a56c2393a145994e307a26e46ede30234a005a8ee6779b5403a00dc7,2024-11,Essex Police,Essex Police,0.106123,51.617819,On or near Gainsborough Place,E01021749,Epping Forest 016A,Violence and sexual offences,Court result unavailable,
76b9e931cb3dd143022447a3c4fe2d673a8427e3466692b24902c45dc22efac2,2024-11,Essex Police,Essex Police,0.117610,51.620049,On or near Retreat Way,E01021749,Epping Forest 016A,Violence and sexual offences,Unable to prosecute suspect,
695368ebddf86d586820d682575aa414a112eae0301555e996a96fbd2f8184f0,2024-11,Essex Police,Essex Police,0.116131,51.618071,On or near Daylop Drive,E01021749,Epping Forest 016A,Violence and sexual offences,Investigation complete; no suspect identified,
47ed3cd07153cfbecb0299004fe911633c38f584cf7212a4d0e7525c5b37b1cb,2024-11,Essex Police,Essex Police,0.112470,51.620727,On or near Gravel Lane,E01021749,Epping Forest 016A,Violence and sexual offences,Unable to prosecute suspect,
a20120b7ce1d684ffb1f29d1c970053099fe8f86e5c11858d1b96f46b2faccbb,2024-11,Essex Police,Essex Police,0.106123,51.617819,On or near Gainsborough Place,E01021749,Epping Forest 016A,Violence and sexual offences,Unable to prosecute suspect,
8e4eb08bc8401cecb9296c88fa2acd6b9ac84754c4f20a8caea15016a2ec9a5f,2024-11,Essex Police,Essex Police,0.117610,51.620049,On or near Retreat Way,E01021749,Epping Forest 016A,Violence and sexual offences,Unable to prosecute suspect,
76005e68e60964cbad775295fc956ef03eb2c8505f2b8085002bedd5e2db37ce,2024-11,Essex Police,Essex Police,0.112470,51.620727,On or near Gravel Lane,E01021749,Epping Forest 016A,Violence and sexual offences,Unable to prosecute suspect,
03e411b8a48d853a86c893dfcb4cbb653da95a47fded897677a8a9493a84e9b0,2024-11,Essex Police,Essex Police,0.116131,51.618071,On or near Daylop Drive,E01021749,Epping Forest 016A,Violence and sexual offences,Investigation complete; no suspect identified,
395e367042d6435e1edc4f8259a60d733a5bbb40f625a10740a9cf9ac2af913f,2024-11,Essex Police,Essex Police,0.112470,51.620727,On or near Gravel Lane,E01021749,Epping Forest 016A,Violence and sexual offences,Unable to prosecute suspect,
5f704e696a988654fec6792a013980bd7712bf64099d1b28b4e26a81b92dc792,2024-11,Essex Police,Essex Police,0.116423,51.619684,On or near Ingleby Gardens,E01021749,Epping Forest 016A,Violence and sexual offences,Unable to prosecute suspect,
3b2b3afcd81263a19b36cbde6b323e7c70a5efcb93dc46511e85f7b098064aa8,2024-11,Essex Police,Essex Police,0.117610,51.620049,On or near Retreat Way,E01021749,Epping Forest 016A,Violence and sexual offences,Unable to prosecute suspect,
c568fc12572054a2b76c6b30b95c76d6a4a24bff5795d7123c947aa9caa15c36,2024-11,Essex Police,Essex Police,0.121656,51.621604,On or near Lambourne Crescent,E01021749,Epping Forest 016A,Other crime,Awaiting court outcome,
c9e5e55b3b9bec7337d172e61d5481af5e40c9908927e6640b0a80b6b6862725,2024-11,Essex Police,Essex Police,0.118786,51.620784,On or near Lambourne Close,E01021749,Epping Forest 016A,Other crime,Unable to prosecute suspect,
e9c33d59d694d550004be2479c935befe4b72f32a287ef69ac0abefa893fc18a,2024-11,Essex Police,Essex Police,0.076114,51.618003,On or near Station Road,E01021750,Epping Forest 016B,Drugs,Local resolution,
5a69166fc8e938643f301eb193760141a14996659dbd7cd83985912c1cc9ae8e,2024-11,Essex Police,Essex Police,0.074152,51.619009,On or near High Road,E01021750,Epping Forest 016B,Other theft,Investigation complete; no suspect identified,
24bb522e76d36582df421166bbdf1ebb49039fa56d7cb98385a3fa5f44415fc5,2024-11,Essex Police,Essex Police,0.049621,51.613855,On or near Park/Open Space,E01021750,Epping Forest 016B,Public order,Unable to prosecute suspect,
2a91560f6348f52109fe3112f7a62a0c7e88858fdd5005ad46d537b04e50cbfd,2024-11,Essex Police,Essex Police,0.088234,51.639712,On or near Park/Open Space,E01021750,Epping Forest 016B,Public order,Investigation complete; no suspect identified,
60ec2f96f873feafd574dedbc12e5ad1698b5f69532cab7e657b268b506fb64b,2024-11,Essex Police,Essex Police,0.094899,51.642903,On or near Parking Area,E01021750,Epping Forest 016B,Vehicle crime,Investigation complete; no suspect identified,
6e048821fdcf8d0ce45aff6446ca7c3702367e480ae13574717bf815826ad03a,2024-11,Essex Police,Essex Police,0.094899,51.642903,On or near Parking Area,E01021750,Epping Forest 016B,Vehicle crime,Investigation complete; no suspect identified,
a2f3abab9a4118709e0c18834b80a5e9970437b22404c39feaa482160623fee0,2024-11,Essex Police,Essex Police,0.080500,51.623896,On or near King'S Mews,E01021750,Epping Forest 016B,Vehicle crime,Investigation complete; no suspect identified,
000a42e0aab772c9772685c543ff7a7f215a554dd8a3d6627fffd1312641c12c,2024-11,Essex Police,Essex Police,0.086389,51.627735,On or near Sports/Recreation Area,E01021750,Epping Forest 016B,Vehicle crime,Investigation complete; no suspect identified,
423c2897379c2b4a218b8f25a5c20ac5671db359085a3ffd16156dd2d4ada885,2024-11,Essex Police,Essex Police,0.094899,51.642903,On or near Parking Area,E01021750,Epping Forest 016B,Vehicle crime,Investigation complete; no suspect identified,
c27f6ca97cfac019609a8ff8b3348931a70c504d2f6ac49e1c16616c671c3f30,2024-11,Essex Police,Essex Police,0.094899,51.642903,On or near Parking Area,E01021750,Epping Forest 016B,Vehicle crime,Investigation complete; no suspect identified,
e4760dc8e074a2707f5ecc7b651bb67aec212e733e93cdf36d96a7cb9afed1de,2024-11,Essex Police,Essex Police,0.080118,51.630378,On or near Chigwell Grange,E01021750,Epping Forest 016B,Violence and sexual offences,Unable to prosecute suspect,
9e6800363b204bbf12ef8e880575e548c8f4d5e82f709c1282aeb864ff9853de,2024-11,Essex Police,Essex Police,0.080118,51.630378,On or near Chigwell Grange,E01021750,Epping Forest 016B,Violence and sexual offences,Action to be taken by another organisation,
13ef7eca7541cb87ef386986ec728b0fcf01cedd32d36a4d51a1f28f64e083ca,2024-11,Essex Police,Essex Police,0.049621,51.613855,On or near Park/Open Space,E01021750,Epping Forest 016B,Violence and sexual offences,Unable to prosecute suspect,
1d934c59a86140074771ea018d17804a5dd8bbc194e4cad5b08cb1d35afa19dc,2024-11,Essex Police,Essex Police,0.080118,51.630378,On or near Chigwell Grange,E01021750,Epping Forest 016B,Violence and sexual offences,Unable to prosecute suspect,
d038db52ffb5f164f49ec6afef6677e21c31f136a6a3e138521f27a3e473523c,2024-11,Essex Police,Essex Police,0.113758,51.633212,On or near Gravel Lane,E01021750,Epping Forest 016B,Other crime,Status update unavailable,
a21593963c54eb55f629042dfb0d5f4e69e34a2c74b1c94c9fb510d0317be4c1,2024-11,Essex Police,Essex Police,0.068561,51.619638,On or near Great Owl Road,E01021751,Epping Forest 016C,Burglary,Investigation complete; no suspect identified,
ac2e5a7a48c589cdcfd6c3e8c46693ba81474e9c2d436d70b7a681f8a65c6880,2024-11,Essex Police,Essex Police,0.074012,51.619740,On or near Dickens Rise,E01021751,Epping Forest 016C,Vehicle crime,Investigation complete; no suspect identified,
73bc10bcebbeb554d54793e06943f3808ac3a62798a4a012aebaaa1786f0a770,2024-11,Essex Police,Essex Police,0.069915,51.616377,On or near Lyndhurst Rise,E01021751,Epping Forest 016C,Violence and sexual offences,Unable to prosecute suspect,
cb6a117c62a05ba39a4287c547f207686a0ca5aa317b647b418b059c29a8eb26,2024-11,Essex Police,Essex Police,0.072970,51.620334,On or near Brook Way,E01021751,Epping Forest 016C,Violence and sexual offences,Unable to prosecute suspect,
fe2967dead909f6a1cc083c64912676de2948f78f38dd576b977c46c9b6ed112,2024-11,Essex Police,Essex Police,0.059931,51.609943,On or near Chigwell Road,E01021752,Epping Forest 016D,Other theft,Investigation complete; no suspect identified,
76e9306bdb7119cb1df4d0dff43f44c10c1694dc5703468241f7ea3b027224d2,2024-11,Essex Police,Essex Police,0.067457,51.612194,On or near Hatch Side,E01021752,Epping Forest 016D,Vehicle crime,Investigation complete; no suspect identified,
d61d6a373b95ca7776fa0a3e9a36753c5212965de5d38bfa183dfa6cd112699e,2024-11,Essex Police,Essex Police,0.058396,51.609538,On or near The Childers,E01021752,Epping Forest 016D,Violence and sexual offences,Unable to prosecute suspect,
d9bdabba645e230daa2846dcde64cecdb4a5e92b2300163f8aed81a57eaedc55,2024-11,Essex Police,Essex Police,0.060624,51.610264,On or near Smeaton Road,E01021752,Epping Forest 016D,Violence and sexual offences,Status update unavailable,
1f7d9006a5132be2c263381545698217fd11a6e6c097c649eed5d7743ac56026,2024-11,Essex Police,Essex Police,0.066933,51.610521,On or near Emmaus Way,E01021752,Epping Forest 016D,Violence and sexual offences,Unable to prosecute suspect,
c9ea15ebca9410b879bed3c29274a2264b7038facf3c3521d5a4775b5b3bcf39,2024-11,Essex Police,Essex Police,0.058396,51.609538,On or near The Childers,E01021752,Epping Forest 016D,Violence and sexual offences,Unable to prosecute suspect,
71ee034743d8bb0fc371300ed9e2a5bbedf7500a000a56d114547adc4b053c35,2024-11,Essex Police,Essex Police,0.088583,51.605156,On or near Amanda Close,E01021764,Epping Forest 017A,Criminal damage and arson,Investigation complete; no suspect identified,
269c22ac50fcb27ab2362cc2282002bcfb0b8bcf7d1e40e2f89475bd6f94db6d,2024-11,Essex Police,Essex Police,0.084762,51.607823,On or near Orange Grove,E01021764,Epping Forest 017A,Other theft,Investigation complete; no suspect identified,
095a9f7e4403eba76d27fe228080c76adca70ea392cac4d183850d77f5b27fa1,2024-11,Essex Police,Essex Police,0.088758,51.607410,On or near Copperfield,E01021764,Epping Forest 017A,Public order,Investigation complete; no suspect identified,
900c91b347c04e383a29a0d9fd0ddfc887d40f16619b21ba915864e144c4614b,2024-11,Essex Police,Essex Police,0.085121,51.607448,On or near Limes Avenue,E01021764,Epping Forest 017A,Violence and sexual offences,Unable to prosecute suspect,
99a8f900472da0b9e72d93a0c070a6dbb33758d8990f3d82b6a05dbc7c0db0cc,2024-11,Essex Police,Essex Police,0.088701,51.605226,On or near Copperfield,E01021764,Epping Forest 017A,Violence and sexual offences,Unable to prosecute suspect,
0e4d60323d33c483ac7d03ebfac7653567e8964521116be1b998574471c53c35,2024-11,Essex Police,Essex Police,0.088701,51.605226,On or near Copperfield,E01021764,Epping Forest 017A,Violence and sexual offences,Unable to prosecute suspect,
fd08afe589440057d17bd6ceff9740d85e48c5c34f0c5a12bcec0875c0ebab6e,2024-11,Essex Police,Essex Police,0.085121,51.607448,On or near Limes Avenue,E01021764,Epping Forest 017A,Violence and sexual offences,Unable to prosecute suspect,
,2024-11,Essex Police,Essex Police,0.090922,51.614584,On or near Willow Road,E01021765,Epping Forest 017B,Anti-social behaviour,,
,2024-11,Essex Police,Essex Police,0.090922,51.614584,On or near Willow Road,E01021765,Epping Forest 017B,Anti-social behaviour,,
cdd6a5fa493cb1fe56e8bdf4d320fdc3c62f19bd737273bcb3fa3813528b22d8,2024-11,Essex Police,Essex Police,0.089797,51.613048,On or near Warren Court,E01021765,Epping Forest 017B,Burglary,Court result unavailable,
286e7da6868bb16b139f38178d0b7d477e23c1e8d0873d338f156402b23c5730,2024-11,Essex Police,Essex Police,0.098020,51.615959,On or near High Elms,E01021765,Epping Forest 017B,Burglary,Investigation complete; no suspect identified,
d8389f586bf1a214cdd78167724d9b6afba8a79481c38d95cc0546334ecdc5ac,2024-11,Essex Police,Essex Police,0.089797,51.613048,On or near Warren Court,E01021765,Epping Forest 017B,Burglary,Investigation complete; no suspect identified,
2c250d0425ce5cf5aea6a0dff7ab1ddb2c4c98e27ddf474049902b9528b62b42,2024-11,Essex Police,Essex Police,0.092487,51.611552,On or near Grange Crescent,E01021765,Epping Forest 017B,Criminal damage and arson,Unable to prosecute suspect,
d02927cc7903f6004e4864fc5195c733ca5eacf5ef728b101cce0476f96a6014,2024-11,Essex Police,Essex Police,0.089797,51.613048,On or near Warren Court,E01021765,Epping Forest 017B,Criminal damage and arson,Investigation complete; no suspect identified,
29cc60f622bab3d917d1f7c30838ff1683161e31c5f7e07b28f709565215dc43,2024-11,Essex Police,Essex Police,0.092487,51.611552,On or near Grange Crescent,E01021765,Epping Forest 017B,Drugs,Unable to prosecute suspect,
cc9ab94a9a1b8f4f1d6736b335e9284cacef0aa6cffdcef0f862738c31246e54,2024-11,Essex Police,Essex Police,0.090328,51.611087,On or near Oak Lodge Avenue,E01021765,Epping Forest 017B,Vehicle crime,Investigation complete; no suspect identified,
2385bb5536c7679b7ef11664d09e9bc96b3ca7ac1b7234c4d8ca255f5cd680da,2024-11,Essex Police,Essex Police,0.092980,51.613783,On or near Froghall Lane,E01021765,Epping Forest 017B,Violence and sexual offences,Investigation complete; no suspect identified,
b577b9c4a441c18e174d474c105ac34e896709ca78ab8da08f751fbc483846ae,2024-11,Essex Police,Essex Police,0.092432,51.614116,On or near Sycamore Place,E01021765,Epping Forest 017B,Other crime,Unable to prosecute suspect,
,2024-11,Essex Police,Essex Police,0.081467,51.609024,On or near The Shrubberies,E01021766,Epping Forest 017C,Anti-social behaviour,,
9941e5b57ecb87b3019dd2c51461e746c1a07653ed4dc3f18efcb57970179cfe,2024-11,Essex Police,Essex Police,0.074141,51.607373,On or near Stradbroke Drive,E01021766,Epping Forest 017C,Burglary,Investigation complete; no suspect identified,
57d6c619df910d0738f0a3b712b2c3f353bbc212dcb000800fa8df558b758eb0,2024-11,Essex Police,Essex Police,0.085559,51.614499,On or near Great Oaks,E01021767,Epping Forest 017D,Burglary,Investigation complete; no suspect identified,
2e5688fb1d8dbf67e35fd3de38aa46caf3cf9d1e57a67dc371a0a30a94629cc5,2024-11,Essex Police,Essex Police,0.083532,51.613447,On or near Fontayne Avenue,E01021767,Epping Forest 017D,Burglary,Investigation complete; no suspect identified,
352d9f358d6eb4162a2d0cb49540758ed189c942605153450afb20de634c7e2b,2024-11,Essex Police,Essex Police,0.083532,51.613447,On or near Fontayne Avenue,E01021767,Epping Forest 017D,Burglary,Unable to prosecute suspect,
470410e3e0b465f733124d51af6d4d791a67d496b6199c7413a721f09ef4339a,2024-11,Essex Police,Essex Police,0.078483,51.616118,On or near The Chase,E01021767,Epping Forest 017D,Burglary,Investigation complete; no suspect identified,
1ad4f124ede6fb902d4b5419a6a34943f7ddd0e15523b9347c29728760a6d500,2024-11,Essex Police,Essex Police,0.078483,51.616118,On or near The Chase,E01021767,Epping Forest 017D,Burglary,Investigation complete; no suspect identified,
e8df9e3466ea0d3dc0c8479d7b0af90342eb49e9490a6f6ec820bd15d1df2837,2024-11,Essex Police,Essex Police,0.081253,51.611293,On or near Linkside,E01021767,Epping Forest 017D,Drugs,Local resolution,
ca7b8e09d2c23ea36e5b84adb58ac7db6f91ccd8e823ae98bf8fd62fcb8d871f,2024-11,Essex Police,Essex Police,0.084094,51.608356,On or near Clayside,E01021767,Epping Forest 017D,Violence and sexual offences,Unable to prosecute suspect,
,2024-11,Essex Police,Essex Police,0.148856,51.788588,On or near Kingfisher Way,E01021854,Harlow 001A,Anti-social behaviour,,
,2024-11,Essex Police,Essex Police,0.133654,51.795240,On or near Riverside Court,E01021854,Harlow 001A,Anti-social behaviour,,
8e9010046181d5a30cd5cdfe3d5af442e94f25540c04dbe6c3dfed397eb631b5,2024-11,Essex Police,Essex Police,0.137233,51.792415,On or near Wheatfields,E01021854,Harlow 001A,Public order,Action to be taken by another organisation,
bd6e1788c8f6e88b29a4673bc260e8ff9a24f858b0c9850f637b1df93cbc1c09,2024-11,Essex Police,Essex Police,0.139023,51.789774,On or near Guilfords,E01021854,Harlow 001A,Vehicle crime,Investigation complete; no suspect identified,
2a9c1dd15d998fdc8266ffc4e91e20a920e9d516f8050bfa73431b6ae4327457,2024-11,Essex Police,Essex Police,0.148856,51.788588,On or near Kingfisher Way,E01021854,Harlow 001A,Vehicle crime,Court result unavailable,
e80f56650e197a9858e3b8cdec2b7a7a6dbadde4b30c0ad9b2b6176ac69c6335,2024-11,Essex Police,Essex Police,0.145372,51.789119,On or near Wagtail Crescent,E01021854,Harlow 001A,Vehicle crime,Investigation complete; no suspect identified,
43ce650c9f7a79522d8b816d31cda441c4fbd42a3fc1e38c8520eb8e5d459d4d,2024-11,Essex Police,Essex Police,0.144788,51.788419,On or near Coot Lane,E01021854,Harlow 001A,Vehicle crime,Court result unavailable,
edda2854ca8c7c974a795a0bc19e586ab897db0a4d1d75db8a6449f8e627fea4,2024-11,Essex Police,Essex Police,0.148182,51.789967,On or near Plover Crescent,E01021854,Harlow 001A,Vehicle crime,Investigation complete; no suspect identified,
5263fa79f64581b5c67eb4f0d7533b14bcfb82d657384bf94f00b71fe8ddda64,2024-11,Essex Police,Essex Police,0.148856,51.788588,On or near Kingfisher Way,E01021854,Harlow 001A,Vehicle crime,Court result unavailable,
bea862f0df15e73565bb158267de6e56197afc75c324844d7f8bd6d894431d11,2024-11,Essex Police,Essex Police,0.141162,51.788413,On or near Curteys,E01021854,Harlow 001A,Vehicle crime,Investigation complete; no suspect identified,
ff83d1b4d6c4c7f22f2a5d295aac90dc3fbb19eda05d3a16b48d047eafe1c943,2024-11,Essex Police,Essex Police,0.144621,51.789807,On or near Brambling Crescent,E01021854,Harlow 001A,Vehicle crime,Court result unavailable,
04ccd6ff6051342201155d7f4bead31090a165625de54ef44f03e607528709a8,2024-11,Essex Police,Essex Police,0.145657,51.788709,On or near Gadwall Close,E01021854,Harlow 001A,Vehicle crime,Court result unavailable,
33d157642518043b63f5ea8d079813ef3d1a811fe80659c4d2ba0d1f98b1341a,2024-11,Essex Police,Essex Police,0.145697,51.788645,On or near Lark Lane,E01021854,Harlow 001A,Vehicle crime,Court result unavailable,
c9e053fc4bc127fe1977290fdf91a5de9df19784d02470e05436d91aca981a63,2024-11,Essex Police,Essex Police,0.145697,51.788645,On or near Lark Lane,E01021854,Harlow 001A,Vehicle crime,Court result unavailable,
16683744f408bc68e723135b6c0840c9c685e1c41b2541a44d313057b94003c5,2024-11,Essex Police,Essex Police,0.144621,51.789807,On or near Brambling Crescent,E01021854,Harlow 001A,Vehicle crime,Investigation complete; no suspect identified,
f96e51e37aaa46bffdfcaaf555839ccdf804ea31ccb50360e51c3e4026becfbd,2024-11,Essex Police,Essex Police,0.135194,51.789763,On or near The Hoo,E01021854,Harlow 001A,Violence and sexual offences,Unable to prosecute suspect,
ca6942abe058dda88b5e5b5b03cc87a3af28daf6ca575ac757a9dbe7aa562066,2024-11,Essex Police,Essex Police,0.135014,51.792716,On or near The Crescent,E01021854,Harlow 001A,Violence and sexual offences,Unable to prosecute suspect,
497309c4d1a91760232c8ae6a17c2de39efe4507bd8721e36e07a45849e50c9d,2024-11,Essex Police,Essex Police,0.148856,51.788588,On or near Kingfisher Way,E01021854,Harlow 001A,Violence and sexual offences,Investigation complete; no suspect identified,
e2bb11d00fa2c61c515f509c8a8b19a07243070bf3889832208c1e815177290e,2024-11,Essex Police,Essex Police,0.141162,51.788413,On or near Curteys,E01021854,Harlow 001A,Violence and sexual offences,Unable to prosecute suspect,
960a423799ea8e49e2d87901c59663737ff2be2f361a7e1f46a06b94196defe5,2024-11,Essex Police,Essex Police,0.145697,51.788645,On or near Lark Lane,E01021854,Harlow 001A,Violence and sexual offences,Court result unavailable,
9272991a9e8dc241687adb8c67d73a14e2493c9b1717eb0384764a66c0337849,2024-11,Essex Police,Essex Police,0.133737,51.788701,On or near Roman Vale,E01021854,Harlow 001A,Violence and sexual offences,Unable to prosecute suspect,
398bba3c433d72bfeeb546c01f73d17eb378bcede1fded366231d1a70eb6983f,2024-11,Essex Police,Essex Police,0.135194,51.789763,On or near The Hoo,E01021854,Harlow 001A,Violence and sexual offences,Unable to prosecute suspect,
e51b954a9b912d83ce3646dd8113b9ece791fda24503d9bef32e849ca82b91f8,2024-11,Essex Police,Essex Police,0.139023,51.789774,On or near Guilfords,E01021854,Harlow 001A,Violence and sexual offences,Unable to prosecute suspect,
1179650d22ddf727dc4e34b6c190f658858ed586549c3ddf63aa37576a764f9c,2024-11,Essex Police,Essex Police,0.135014,51.792716,On or near The Crescent,E01021854,Harlow 001A,Other crime,Formal action is not in the public interest,
3ec7a6eb6a841ca6db69a5418d4f93d5a33f19b4bd6381e3fe9f6857c7c42698,2024-11,Essex Police,Essex Police,0.133391,51.783510,On or near Supermarket,E01021855,Harlow 001B,Burglary,Investigation complete; no suspect identified,
9aab44b3bd7ae3dd2760463b1a91cc051fd0f251a23f4226923c6ce50cd31d44,2024-11,Essex Police,Essex Police,0.133391,51.783510,On or near Supermarket,E01021855,Harlow 001B,Burglary,Unable to prosecute suspect,
7952256bf5e039b40fb6b68cb691cbe91b474f130987bf31a3c90aa00069e41a,2024-11,Essex Police,Essex Police,0.133391,51.783510,On or near Supermarket,E01021855,Harlow 001B,Burglary,Unable to prosecute suspect,
c06ee30ce734b58b12ed556754ef027fac24cb7dc75357d3c0cc9fbbf67adb4b,2024-11,Essex Police,Essex Police,0.132670,51.783910,On or near Oakwood Mews,E01021855,Harlow 001B,Drugs,Court result unavailable,
778004f51c727f8ac8b5758e40da2bd52af13f163a4c0ac300c9c6970dba53a1,2024-11,Essex Police,Essex Police,0.132670,51.783910,On or near Oakwood Mews,E01021855,Harlow 001B,Drugs,Local resolution,
718529054e1a00f66bfb0590a96f5dea5bc86e025a4239a62929557400424ae7,2024-11,Essex Police,Essex Police,0.136007,51.784577,On or near Theatre/Concert Hall,E01021855,Harlow 001B,Possession of weapons,Unable to prosecute suspect,
c84a0a01d7915bdbd710a7e2e2c7ce9a451fd805e475de92968732db2d22e89a,2024-11,Essex Police,Essex Police,0.136007,51.784577,On or near Theatre/Concert Hall,E01021855,Harlow 001B,Public order,Investigation complete; no suspect identified,
eb33c73b2e5967ea7c3be5d2e082e702661a4d944abc4ee4b7f8b7b6801a2fd5,2024-11,Essex Police,Essex Police,0.132670,51.783910,On or near Oakwood Mews,E01021855,Harlow 001B,Public order,Investigation complete; no suspect identified,
a8bec99922a924454a87e74ab3676838911e2bbe74b393eb612244b9fa83c47f,2024-11,Essex Police,Essex Police,0.133688,51.783963,On or near Parking Area,E01021855,Harlow 001B,Public order,Unable to prosecute suspect,
ad5f1f1b732cdfd711a76a7919ecddfc5d0f2e9b1e1a9db9d58191a5af23f9a5,2024-11,Essex Police,Essex Police,0.133391,51.783510,On or near Supermarket,E01021855,Harlow 001B,Robbery,Court result unavailable,
2503effd6ff46d0aeba7d2644465aa51fcccb20b71f12456e4e0525826a69223,2024-11,Essex Police,Essex Police,0.138439,51.784785,On or near Bury Road,E01021855,Harlow 001B,Vehicle crime,Investigation complete; no suspect identified,
0d8582e8b9f7d4ac7a3a45565bdc0d807ad6b4eb7a5c105cc094d8fde05aeec3,2024-11,Essex Police,Essex Police,0.137004,51.785414,On or near St John'S Avenue,E01021855,Harlow 001B,Vehicle crime,Unable to prosecute suspect,
6d8be439948d16a62d5d28a56ee7abea561c905986e1105e64d363d8a7f32992,2024-11,Essex Police,Essex Police,0.135712,51.782002,On or near Chippingfield,E01021855,Harlow 001B,Violence and sexual offences,Unable to prosecute suspect,
c523e5814f9b740c769e082f096f42627cb59bde492c17aee99907334450cea8,2024-11,Essex Police,Essex Police,0.142002,51.784414,On or near Watlington Road,E01021855,Harlow 001B,Violence and sexual offences,Unable to prosecute suspect,
708141c38be5c12ca11b8f3f4596bd11501e3e3762cbb733c950dd0be47429d6,2024-11,Essex Police,Essex Police,0.137004,51.785414,On or near St John'S Avenue,E01021855,Harlow 001B,Violence and sexual offences,Unable to prosecute suspect,
6bcfac9b8bfc6fc1f851af8fb44c5730d795985ef8a91ab94b9602b633c6746c,2024-11,Essex Police,Essex Police,0.131349,51.785112,On or near Jocelyns,E01021855,Harlow 001B,Violence and sexual offences,Unable to prosecute suspect,
1d8823d9067e47adb6c11d37a8e353ae8c77bf9ab7975ec9212cda9929ad8158,2024-11,Essex Police,Essex Police,0.133688,51.783963,On or near Parking Area,E01021855,Harlow 001B,Violence and sexual offences,Unable to prosecute suspect,
5bd12d2c6435c765e17c91e8940141e1946bd7f64b091ba140c0e245d8ff1ce0,2024-11,Essex Police,Essex Police,0.135712,51.782002,On or near Chippingfield,E01021855,Harlow 001B,Violence and sexual offences,Unable to prosecute suspect,
b3fdad12a58da76f11abdb500928d091f2e436716bebc060dd171572ea3f9496,2024-11,Essex Police,Essex Police,0.138439,51.784785,On or near Bury Road,E01021855,Harlow 001B,Violence and sexual offences,Unable to prosecute suspect,
4690dce0951c910cb0739eb20a83d9cc57e9a6a5b4fe683f4a0e6c6d4249046a,2024-11,Essex Police,Essex Police,0.135712,51.782002,On or near Chippingfield,E01021855,Harlow 001B,Other crime,Unable to prosecute suspect,
b3459dab2e4e68b264627bbf41c81d26a505bfcc2b9fcdaf5d2734f453febccf,2024-11,Essex Police,Essex Police,0.131038,51.783741,On or near St Johns Walk,E01021856,Harlow 001C,Violence and sexual offences,Unable to prosecute suspect,
81f05f9c4d2eb665ed18b6eedb278eb311664c5419b7738d7acd214a7f0af869,2024-11,Essex Police,Essex Police,0.130248,51.781112,On or near East Park,E01021856,Harlow 001C,Violence and sexual offences,Unable to prosecute suspect,
b20d30f9d5c5786c5a2e4b1c7a30b3ab9deeece32f010bce0ec5db4081f188c8,2024-11,Essex Police,Essex Police,0.129434,51.782619,On or near Penshurst,E01021856,Harlow 001C,Violence and sexual offences,Court result unavailable,
f85160b6e9824231d3733bfc76c076f3789058ab84d50b7748a7cd61e9d3b233,2024-11,Essex Police,Essex Police,0.148708,51.786405,On or near Myrtle Close,E01034362,Harlow 001E,Public order,Formal action is not in the public interest,
f2ed3f71f6290f05c32445b554ba4420298ac78b12646795301d1e96cd35eeb4,2024-11,Essex Police,Essex Police,0.149174,51.787665,On or near Juniper Road,E01034362,Harlow 001E,Vehicle crime,Unable to prosecute suspect,
2361b495eff2d046a45d64538cc19d26f3d0e23487da22f60980c181841b3d70,2024-11,Essex Police,Essex Police,0.151277,51.787662,On or near Plumtree Drive,E01034362,Harlow 001E,Vehicle crime,Investigation complete; no suspect identified,
91da2af5c45225f3b983fb420ec04a234b434e4d0f1ca1e7661f8e4885d81247,2024-11,Essex Police,Essex Police,0.144932,51.785035,On or near The Oxleys,E01034362,Harlow 001E,Violence and sexual offences,Unable to prosecute suspect,
4ae87ebae805aa9ac4f2e4fb84d0b1af9b0a705fd086f20feae62945e51fc4df,2024-11,Essex Police,Essex Police,0.144932,51.785035,On or near The Oxleys,E01034362,Harlow 001E,Violence and sexual offences,Unable to prosecute suspect,
71394bf04ba6bfeeda69d590c4a1e464d791fba828f09a30b3312f1caad5e2c3,2024-11,Essex Police,Essex Police,0.148708,51.786405,On or near Myrtle Close,E01034362,Harlow 001E,Violence and sexual offences,Investigation complete; no suspect identified,
5b983a69ef2f5d6872b0f49b8a585fec53ffbd6b79a9621f64ee47ded5d18e80,2024-11,Essex Police,Essex Police,0.144932,51.785035,On or near The Oxleys,E01034362,Harlow 001E,Violence and sexual offences,Unable to prosecute suspect,
,2024-11,Essex Police,Essex Police,0.141271,51.782449,On or near Mulberry Gardens,E01034363,Harlow 001F,Anti-social behaviour,,
,2024-11,Essex Police,Essex Police,0.134407,51.774625,On or near Etchels Road,E01034363,Harlow 001F,Anti-social behaviour,,
,2024-11,Essex Police,Essex Police,0.148601,51.782612,On or near Churchgate Street,E01034363,Harlow 001F,Anti-social behaviour,,
e106e36acf66e0075fe5c9ee2a5b470b725950ddd5a60e278caaa0e8b4eebfa7,2024-11,Essex Police,Essex Police,0.134230,51.775788,On or near Dealings Road,E01034363,Harlow 001F,Bicycle theft,Investigation complete; no suspect identified,
644f5e505b73d3fcde47235f2fc04049939bc6c7a5bf93c251a8b3a8fea2c81b,2024-11,Essex Police,Essex Police,0.134230,51.775788,On or near Dealings Road,E01034363,Harlow 001F,Bicycle theft,Investigation complete; no suspect identified,
e17bfd46810d16910eb639dbc78edb530baffbc74d41daa804e8ca24749ef50a,2024-11,Essex Police,Essex Police,0.140503,51.783066,On or near The Courtyard,E01034363,Harlow 001F,Other theft,Investigation complete; no suspect identified,
40094f99bf918f3b8a773a44a2db4b99c390f4b8d421409a06a7b4a8df05325b,2024-11,Essex Police,Essex Police,0.134230,51.775788,On or near Dealings Road,E01034363,Harlow 001F,Shoplifting,Investigation complete; no suspect identified,
f5dda77fecb0464285c7c6947bd4a02d39f9049f247fe4cceec8552a6e07f1ba,2024-11,Essex Police,Essex Police,0.134230,51.775788,On or near Dealings Road,E01034363,Harlow 001F,Shoplifting,Investigation complete; no suspect identified,
d631d7b82d5f3bd144fb1838491d6013e58fe915a4b574d984bfdbe2d2498ea2,2024-11,Essex Police,Essex Police,0.134230,51.775788,On or near Dealings Road,E01034363,Harlow 001F,Shoplifting,Investigation complete; no suspect identified,
9a1646cad2ec21f3ddf1a8fa261f0264e5f84d423b6d0e2b107ac2bd09794574,2024-11,Essex Police,Essex Police,0.134230,51.775788,On or near Dealings Road,E01034363,Harlow 001F,Vehicle crime,Investigation complete; no suspect identified,
fe30a4b9ab0a280f413f24c0b5839a6608a9ea1dcfa8476c89e32748dc1c1909,2024-11,Essex Police,Essex Police,0.150317,51.780603,On or near Chantry Gardens,E01034363,Harlow 001F,Violence and sexual offences,Unable to prosecute suspect,
d82b5c04f7a458e772cbe75077d10b6859d81a2a2fd8e741243b834dfa0d4d82,2024-11,Essex Police,Essex Police,0.129681,51.779243,On or near First Avenue,E01034363,Harlow 001F,Violence and sexual offences,Unable to prosecute suspect,
849a3e0a8c8f9c807a97663d76f2917cdfc292e990388843994da78cff774a2d,2024-11,Essex Police,Essex Police,0.129681,51.779243,On or near First Avenue,E01034363,Harlow 001F,Violence and sexual offences,Unable to prosecute suspect,
da906dc0593612d57e6d4e69fb1bdbc1ce07a7306450f265827a4449feb6ede8,2024-11,Essex Police,Essex Police,0.141877,51.771368,On or near Sparrowhawk Way,E01034364,Harlow 001G,Criminal damage and arson,Investigation complete; no suspect identified,
318fc62c6940b9a6654f1bb1360f9c1b06f88002746b641c5d9d18b83d4f5b57,2024-11,Essex Police,Essex Police,0.144810,51.770254,On or near Kinglet Lane,E01034364,Harlow 001G,Drugs,Investigation complete; no suspect identified,
71f6f69241024950d889a6fb87f1ec1aaf8b881cf024cc4aa635b103581be844,2024-11,Essex Police,Essex Police,0.142537,51.774270,On or near High Chase,E01034364,Harlow 001G,Other theft,Unable to prosecute suspect,
,2024-11,Essex Police,Essex Police,0.130725,51.774620,On or near Newhall Way,E01034365,Harlow 001H,Anti-social behaviour,,
84427152972e55d349a5bf8979ac9a1ee06c296c9d1787244ce76e610c0f772e,2024-11,Essex Police,Essex Police,0.136434,51.770901,On or near Brickcroft Hoppit,E01034365,Harlow 001H,Other theft,Investigation complete; no suspect identified,
f7765b293313ce71a035646bc34031c8caa794ae0d7255eb68a8ebab66ba5fa7,2024-11,Essex Police,Essex Police,0.135286,51.771443,On or near Langdale Street,E01034365,Harlow 001H,Other theft,Investigation complete; no suspect identified,
297d6a0845f5b50e777688fdca08c046a95fedf91ee8d12038e2ef9dbfdf231a,2024-11,Essex Police,Essex Police,0.138368,51.773483,On or near New Pond Street,E01034365,Harlow 001H,Vehicle crime,Investigation complete; no suspect identified,
deb67040385feb2730fea461f21f819356bcf521464d6c979126d53cb6b3fb92,2024-11,Essex Police,Essex Police,0.133699,51.770987,On or near Maypole Street,E01034365,Harlow 001H,Violence and sexual offences,Unable to prosecute suspect,
226e785d08ee28236111e3fb93e26d9a40d8ad9aaa17db9b04b6b51a07e31b0e,2024-11,Essex Police,Essex Police,0.119665,51.774946,On or near Cooks Spinney,E01021844,Harlow 002A,Drugs,Investigation complete; no suspect identified,
5e0aa6921b60f2d907e9bb043600bd3b57d113ca8feec48ecd4dd849eefb8e46,2024-11,Essex Police,Essex Police,0.116980,51.775498,On or near Orchard Croft,E01021844,Harlow 002A,Public order,Local resolution,
87e49ac426165fdecba1247b6534f3d44fd206ffdcac29c1013fb17cb46178f7,2024-11,Essex Police,Essex Police,0.116980,51.775498,On or near Orchard Croft,E01021844,Harlow 002A,Public order,Court result unavailable,
9b7ad0ffc316c127ec96141f8fc643d6c72c2df0237ebb08107378df5063aba9,2024-11,Essex Police,Essex Police,0.116980,51.775498,On or near Orchard Croft,E01021844,Harlow 002A,Public order,Unable to prosecute suspect,
be55cad4f98c59937a410e971cfe6683c64b0ab19c5eb6f24384d8883b4e3321,2024-11,Essex Police,Essex Police,0.116980,51.775498,On or near Orchard Croft,E01021844,Harlow 002A,Public order,Court result unavailable,
45798b0cae3f6d5aebf3dd5e6e21903295bb331e50bdabd364f7b282a7fa6d63,2024-11,Essex Police,Essex Police,0.116980,51.775498,On or near Orchard Croft,E01021844,Harlow 002A,Public order,Court result unavailable,
4430eae30cf5bb8a3b9e06888029a79ee57156306993b8fc5732c4cb518d5789,2024-11,Essex Police,Essex Police,0.116980,51.775498,On or near Orchard Croft,E01021844,Harlow 002A,Robbery,Investigation complete; no suspect identified,
cf072c10b8556f76016f0361b17a3642334a66147959bb517f649912e79e3e90,2024-11,Essex Police,Essex Police,0.123240,51.774818,On or near Churchfield,E01021844,Harlow 002A,Vehicle crime,Investigation complete; no suspect identified,
28f1b24c9c21fab4320788b0cc50449835bda50966f1ca0a3c8b73b588dbe93b,2024-11,Essex Police,Essex Police,0.118278,51.778451,On or near The Chantry,E01021844,Harlow 002A,Violence and sexual offences,Investigation complete; no suspect identified,
ffc4d6d3d8612a81e9985b8d2f19c0444a79e5f0c0180791401aae79be1e7593,2024-11,Essex Police,Essex Police,0.118306,51.779358,On or near Mowbray Road,E01021844,Harlow 002A,Violence and sexual offences,Unable to prosecute suspect,
25cb71d2227d7bec29ca17955b4129d4887abb25ba2c13865b78901bc5a00924,2024-11,Essex Police,Essex Police,0.116980,51.775498,On or near Orchard Croft,E01021844,Harlow 002A,Violence and sexual offences,Unable to prosecute suspect,
0b05866c1d31755feb5dec1358a9ad5c13bf34a8e4b1c91d70a37a9b0f329e96,2024-11,Essex Police,Essex Police,0.116980,51.775498,On or near Orchard Croft,E01021844,Harlow 002A,Violence and sexual offences,Unable to prosecute suspect,
c0dc6a2089706c592dce841b388bbb997e4341602db66ad4edd357f583649cc1,2024-11,Essex Police,Essex Police,0.116980,51.775498,On or near Orchard Croft,E01021844,Harlow 002A,Violence and sexual offences,Unable to prosecute suspect,
d90d438c5265b862e76a58d11f8f5b283ffbc5a6b5e8211cc9844dcd64c8c951,2024-11,Essex Police,Essex Police,0.113065,51.777645,On or near Great Plumtree,E01021845,Harlow 002B,Criminal damage and arson,Investigation complete; no suspect identified,
0f3b19f30c79e6ce9218a06aef1a2546bf4e2c72dee945bf98937cea59544fd2,2024-11,Essex Police,Essex Police,0.113047,51.779750,On or near Glebelands,E01021845,Harlow 002B,Drugs,Local resolution,
ad369c98ff24e41ff4daaa8894135ad04e877c747e631d96c09b2294a4a87a49,2024-11,Essex Police,Essex Police,0.112394,51.776199,On or near Supermarket,E01021845,Harlow 002B,Other theft,Investigation complete; no suspect identified,
219433608e685aa66a25250b832a6062202a0210499bd9c2b7ae4c8c95b09fc0,2024-11,Essex Police,Essex Police,0.113917,51.775715,On or near The Stow,E01021845,Harlow 002B,Public order,Local resolution,
85022f60ebe5451375b60365fae802014d80e007067783b9e171e7a34a8acc30,2024-11,Essex Police,Essex Police,0.113047,51.779750,On or near Glebelands,E01021845,Harlow 002B,Shoplifting,Court result unavailable,
6e6f9e4a2ddabe5980eac30e11e245ae9d10f629eac14e52af97dbbec3148f26,2024-11,Essex Police,Essex Police,0.117041,51.783311,On or near West Road,E01021845,Harlow 002B,Shoplifting,Investigation complete; no suspect identified,
1b87efa69fcf566c369f5d56f9b1f8cc1e2fcb92ad75721e348d2ddcbfde88fe,2024-11,Essex Police,Essex Police,0.117041,51.783311,On or near West Road,E01021845,Harlow 002B,Shoplifting,Investigation complete; no suspect identified,
2f795eeb0ce1e4c7c550bee1936cb915ec1da94f77d9aa764a6e720a80856467,2024-11,Essex Police,Essex Police,0.113047,51.779750,On or near Glebelands,E01021845,Harlow 002B,Shoplifting,Investigation complete; no suspect identified,
b00d794f6f160ec951df2f1d33dd9e9e2a33b462209fe293e6d80c8f2e27d516,2024-11,Essex Police,Essex Police,0.113047,51.779750,On or near Glebelands,E01021845,Harlow 002B,Shoplifting,Investigation complete; no suspect identified,
00e14f1785cc4168ac1cb23e03110d2cd10612c83d11d331d97903e4e4fac6b5,2024-11,Essex Police,Essex Police,0.117041,51.783311,On or near West Road,E01021845,Harlow 002B,Shoplifting,Investigation complete; no suspect identified,
97fb5bc1d95d4ac5930cb537872c192d971a2cfd9f00652bede94008d7657122,2024-11,Essex Police,Essex Police,0.114376,51.776534,On or near Parking Area,E01021845,Harlow 002B,Shoplifting,Investigation complete; no suspect identified,
b17172f79987cc433b26a52f831118430e99676fd1e678fce8abe11c4842461c,2024-11,Essex Police,Essex Police,0.113047,51.779750,On or near Glebelands,E01021845,Harlow 002B,Shoplifting,Investigation complete; no suspect identified,
fb9a62473fcc5e0717fd85927f9bb2fb3ea826aee3c2d0b534b2266bc0a8f515,2024-11,Essex Police,Essex Police,0.113047,51.779750,On or near Glebelands,E01021845,Harlow 002B,Shoplifting,Investigation complete; no suspect identified,
4a44b5af60e83c7a5d5a882606c4d9f098e4e151918b9ed8954c9baa33ecc9fe,2024-11,Essex Police,Essex Police,0.114376,51.776534,On or near Parking Area,E01021845,Harlow 002B,Shoplifting,Investigation complete; no suspect identified,
ba392851f36f33d2ad1379250a1ad31398181d90d2c178e304ff5440b2ff5b5d,2024-11,Essex Police,Essex Police,0.116374,51.779573,On or near Tany'S Dell,E01021845,Harlow 002B,Vehicle crime,Investigation complete; no suspect identified,
cc814883920a2c0bd85b41fbc9a8f6808b3dda93d6ea7ee58ddfe030386da454,2024-11,Essex Police,Essex Police,0.113047,51.779750,On or near Glebelands,E01021845,Harlow 002B,Violence and sexual offences,Status update unavailable,
76b8d390ee67c3b8edb65b630a01a8aae21699c1804c70159e3912044e558033,2024-11,Essex Police,Essex Police,0.117041,51.783311,On or near West Road,E01021845,Harlow 002B,Violence and sexual offences,Unable to prosecute suspect,
c9bc24567200e2209e16c3b69f32d83f7155c1fb548039f6dbda2e0e8a569505,2024-11,Essex Police,Essex Police,0.113065,51.777645,On or near Great Plumtree,E01021845,Harlow 002B,Violence and sexual offences,Unable to prosecute suspect,
6afaef0b0853063dfa830d740fa5a6ff163c883af2eec9f7b956579c7149a655,2024-11,Essex Police,Essex Police,0.113065,51.777645,On or near Great Plumtree,E01021845,Harlow 002B,Violence and sexual offences,Investigation complete; no suspect identified,
36c3e9cdb97abfc0c3ca55dd8c17d24bf25f5f0855e325adfc921b83d06210ef,2024-11,Essex Police,Essex Police,0.119579,51.774659,On or near Mardyke Road,E01021846,Harlow 002C,Criminal damage and arson,Investigation complete; no suspect identified,
9e15e6bde396d29d74f72ca8e5e6e30cd6f2e4dca95a85cceafc14017804c523,2024-11,Essex Police,Essex Police,0.125446,51.773347,On or near Sports/Recreation Area,E01021846,Harlow 002C,Drugs,Local resolution,
0c5f237d391a549b83cbd891a064f14e1cd9d52dd59feb0a856bbff66b1fd272,2024-11,Essex Police,Essex Police,0.119579,51.774659,On or near Mardyke Road,E01021846,Harlow 002C,Public order,Unable to prosecute suspect,
1a0cbaa792ed7fc5539bdede9b455f1ecce10cfdfcdbaa2799a0cbfc083c5081,2024-11,Essex Police,Essex Police,0.117490,51.768735,On or near Quarry Spring,E01021846,Harlow 002C,Public order,Unable to prosecute suspect,
4a700050ecae3a0a37002105ce127362d798fc6b8e12ee908bb77b8d0edc4687,2024-11,Essex Police,Essex Police,0.120028,51.769705,On or near Pennymead,E01021846,Harlow 002C,Vehicle crime,Investigation complete; no suspect identified,
0d11d00c4005bd89b775dd8d6013e9a41fd6d3a038b3ddda27dcd41cc032eb97,2024-11,Essex Police,Essex Police,0.125446,51.773347,On or near Sports/Recreation Area,E01021846,Harlow 002C,Violence and sexual offences,Unable to prosecute suspect,
3b3233b85fa9bd21f93eb7f02834ac756d6113fe2c2abd4debd44bbfb0abd0d3,2024-11,Essex Police,Essex Police,0.119579,51.774659,On or near Mardyke Road,E01021846,Harlow 002C,Violence and sexual offences,Investigation complete; no suspect identified,
ce9cf3b5b485e6a91f81d94556bf88b576f072afb6acedbfc2c1db3072494b52,2024-11,Essex Police,Essex Police,0.117490,51.768735,On or near Quarry Spring,E01021846,Harlow 002C,Violence and sexual offences,Unable to prosecute suspect,
8495283c4a08edf7684c3394b3403b2adb9ce229ee5a33ba9ffbdfb960ab2969,2024-11,Essex Police,Essex Police,0.125446,51.773347,On or near Sports/Recreation Area,E01021846,Harlow 002C,Violence and sexual offences,Investigation complete; no suspect identified,
cfe23c374c0debc501b16ee35568a1c6c3cd2296ee510649baedba9201d1db3d,2024-11,Essex Police,Essex Police,0.117490,51.768735,On or near Quarry Spring,E01021846,Harlow 002C,Violence and sexual offences,Unable to prosecute suspect,
afc35c57cf0f3e4166c6aa9576b0603434e857e71fe3e8b0896b6206a4a4c0c0,2024-11,Essex Police,Essex Police,0.120028,51.769705,On or near Pennymead,E01021846,Harlow 002C,Violence and sexual offences,Action to be taken by another organisation,
2398dae4d2d76d22a064070a5a4ada37483f098814864876e0ef68ac9ed94449,2024-11,Essex Police,Essex Police,0.117490,51.768735,On or near Quarry Spring,E01021846,Harlow 002C,Violence and sexual offences,Unable to prosecute suspect,
cd76d738d269637ea9a2c2654732ca777ca0ecf2cafb093ca7f818b9fcab6074,2024-11,Essex Police,Essex Police,0.120028,51.769705,On or near Pennymead,E01021846,Harlow 002C,Violence and sexual offences,Unable to prosecute suspect,
,2024-11,Essex Police,Essex Police,0.122640,51.772536,On or near Ladyshot,E01021847,Harlow 002D,Anti-social behaviour,,
,2024-11,Essex Police,Essex Police,0.118378,51.771288,On or near Sports/Recreation Area,E01021847,Harlow 002D,Anti-social behaviour,,
,2024-11,Essex Police,Essex Police,0.114969,51.771865,On or near Vicarage Wood,E01021847,Harlow 002D,Anti-social behaviour,,
2d05a80aece2422370dd867a9cd78320b93b5cda3e491e2cded6211c0218aac0,2024-11,Essex Police,Essex Police,0.116448,51.772171,On or near Blackbush Springs,E01021847,Harlow 002D,Drugs,Investigation complete; no suspect identified,
2096ea02ff71a6949bc89b737af1894fee477b4e5dff98970d72cc751ae97050,2024-11,Essex Police,Essex Police,0.114969,51.771865,On or near Vicarage Wood,E01021847,Harlow 002D,Drugs,Formal action is not in the public interest,
87efebc8bbfad5b8c4c95fa46499bdcea1fc3706a9490bfc523f031dddaf869d,2024-11,Essex Police,Essex Police,0.116448,51.772171,On or near Blackbush Springs,E01021847,Harlow 002D,Drugs,Investigation complete; no suspect identified,
97001731eac16c8c78d0dabb81bc56ec2be5add194de921464b837bcd14ddbb6,2024-11,Essex Police,Essex Police,0.119495,51.771927,On or near Latton Hall Close,E01021847,Harlow 002D,Other theft,Investigation complete; no suspect identified,
fbccbfa29ce8a3c39ec544d2fc8b1c5e3ecde527d41c0732b0256042cfd4fd9c,2024-11,Essex Police,Essex Police,0.114723,51.774027,On or near Sewell Harris Close,E01021847,Harlow 002D,Vehicle crime,Investigation complete; no suspect identified,
6937153b91aac76e44037272064a01df0bd4fbfe08499dcb04b1a9a6cd43a316,2024-11,Essex Police,Essex Police,0.119495,51.771927,On or near Latton Hall Close,E01021847,Harlow 002D,Violence and sexual offences,Unable to prosecute suspect,
cbd4257e95a918372e5e288921ee607050168fa5711a8865d0655eb2bc048737,2024-11,Essex Police,Essex Police,0.122640,51.772536,On or near Ladyshot,E01021847,Harlow 002D,Violence and sexual offences,Unable to prosecute suspect,
7c0286d7d805c772629ade84934fd7560a5b94f94ee1282c3489aebd71e474ae,2024-11,Essex Police,Essex Police,0.119495,51.771927,On or near Latton Hall Close,E01021847,Harlow 002D,Violence and sexual offences,Unable to prosecute suspect,
5930528307340b91c07881bf9727211e6145959bc66bab0041c446ac2cc9b606,2024-11,Essex Police,Essex Police,0.118378,51.771288,On or near Sports/Recreation Area,E01021847,Harlow 002D,Violence and sexual offences,Local resolution,
,2024-11,Essex Police,Essex Police,0.117876,51.789375,On or near Park/Open Space,E01021848,Harlow 002E,Anti-social behaviour,,
,2024-11,Essex Police,Essex Police,0.132893,51.791711,On or near Cambridge Road,E01021848,Harlow 002E,Anti-social behaviour,,
7fca2cffd5447a6c6dade219c5e6b2a44d0d23ea7bc5990c166264646aa21f09,2024-11,Essex Police,Essex Police,0.117743,51.785906,On or near Edinburgh Place,E01021848,Harlow 002E,Bicycle theft,Investigation complete; no suspect identified,
ad539373bbca368673800b5b07d5f75fe6939f3d01b1439937133c7240c81f2b,2024-11,Essex Police,Essex Police,0.117876,51.789375,On or near Park/Open Space,E01021848,Harlow 002E,Bicycle theft,Investigation complete; no suspect identified,
6090b0dc949788cd37bf18d16698593eb6319840106bdfa0a1d83c8ab5936d40,2024-11,Essex Police,Essex Police,0.123852,51.785391,On or near East Road,E01021848,Harlow 002E,Criminal damage and arson,Unable to prosecute suspect,
c7c3b52a74949adb7008d66f2e850ba7300030a2de9c8efcd735a2df7e72ed07,2024-11,Essex Police,Essex Police,0.117876,51.789375,On or near Park/Open Space,E01021848,Harlow 002E,Drugs,Investigation complete; no suspect identified,
03d4ab9005dc6e690f45e776980842f7181450951ff19afc19dad715959a5f75,2024-11,Essex Police,Essex Police,0.125110,51.785314,On or near Supermarket,E01021848,Harlow 002E,Other theft,Investigation complete; no suspect identified,
3435d716bc5de8a5f9d87881b0c50a2bd62548ea7aa42e050b4b930a810eca8f,2024-11,Essex Police,Essex Police,0.117743,51.785906,On or near Edinburgh Place,E01021848,Harlow 002E,Other theft,Investigation complete; no suspect identified,
e78ed87f8050ac038a5f20b7e0a8995d749df2e7d0692456f4103f65c8071494,2024-11,Essex Police,Essex Police,0.125110,51.785314,On or near Supermarket,E01021848,Harlow 002E,Public order,Unable to prosecute suspect,
a1354b3d07ddbcc2eabb592739d563ca5dbb45b563873fc783b7c9b6f15dbb02,2024-11,Essex Police,Essex Police,0.117876,51.789375,On or near Park/Open Space,E01021848,Harlow 002E,Robbery,Investigation complete; no suspect identified,
e4ea954c8cec5dea0fbb7a35d2f806438c60d4c5669b83d2824aff37ed3a3d69,2024-11,Essex Police,Essex Police,0.117743,51.785906,On or near Edinburgh Place,E01021848,Harlow 002E,Shoplifting,Court result unavailable,
51cbc1eac9bd30f193976cd36c71ee8c8ed26c72679798fc4ebc48b4452b1575,2024-11,Essex Police,Essex Police,0.117743,51.785906,On or near Edinburgh Place,E01021848,Harlow 002E,Shoplifting,Court result unavailable,
87444ee5820b86587ac31b0f67112d4887b78f189621e5cfc442da8dbdfae68d,2024-11,Essex Police,Essex Police,0.117743,51.785906,On or near Edinburgh Place,E01021848,Harlow 002E,Shoplifting,Court result unavailable,
2aae4b2992d31e25dea0e57ee4ab46e936924b9b267fcc5d3288c5ba11097005,2024-11,Essex Police,Essex Police,0.125110,51.785314,On or near Supermarket,E01021848,Harlow 002E,Shoplifting,Investigation complete; no suspect identified,
34083539b7583b1ce9cab2af24bdfff918e9f5dffc7fdab52ae18c438f6ddb7f,2024-11,Essex Police,Essex Police,0.117743,51.785906,On or near Edinburgh Place,E01021848,Harlow 002E,Shoplifting,Court result unavailable,
a48fca0810962512b2937dc6cfca94f54b8e20321ff4b6b4221bb982fc86f3da,2024-11,Essex Police,Essex Police,0.117743,51.785906,On or near Edinburgh Place,E01021848,Harlow 002E,Shoplifting,Court result unavailable,
8902bd90ca9df31265ceb558e3d74e700c8f2477608cd5c1963f6b70e6fecde7,2024-11,Essex Police,Essex Police,0.117743,51.785906,On or near Edinburgh Place,E01021848,Harlow 002E,Shoplifting,Court result unavailable,
9f306ae03c87f266b1072abccb278fa3911292010e50d8c2832640f6b9fc5d79,2024-11,Essex Police,Essex Police,0.117743,51.785906,On or near Edinburgh Place,E01021848,Harlow 002E,Shoplifting,Court result unavailable,
8e1ada9202d487f1c0aa36fe8aa9c10709529e27bdd3bfb0be15f959af78fbda,2024-11,Essex Police,Essex Police,0.117743,51.785906,On or near Edinburgh Place,E01021848,Harlow 002E,Shoplifting,Court result unavailable,
56d84ce06820b5aa68355d95e51ee330d2b91ea844899ba59fb3727824fbf91e,2024-11,Essex Police,Essex Police,0.117743,51.785906,On or near Edinburgh Place,E01021848,Harlow 002E,Shoplifting,Court result unavailable,
fde06898981e8a09be0fd3385035e18dc75e017da416b1dd7f0643bb9657740d,2024-11,Essex Police,Essex Police,0.117743,51.785906,On or near Edinburgh Place,E01021848,Harlow 002E,Shoplifting,Court result unavailable,
7dc747a49d460754f2c598c7f592632a18601b78de09213435540ee8a33ed0b4,2024-11,Essex Police,Essex Police,0.125110,51.785314,On or near Supermarket,E01021848,Harlow 002E,Shoplifting,Investigation complete; no suspect identified,
cd412a424f876447fdf5e5009229a806e085b077279ec64cfa46b6e217745121,2024-11,Essex Police,Essex Police,0.125110,51.785314,On or near Supermarket,E01021848,Harlow 002E,Shoplifting,Court result unavailable,
577f65d9307b9f322819b6090eb036bc1cc9ea607a9a6de4aacc495348a03a23,2024-11,Essex Police,Essex Police,0.125110,51.785314,On or near Supermarket,E01021848,Harlow 002E,Shoplifting,Investigation complete; no suspect identified,
4d601caccb30ebb0975d2032d7f357754e9d68fdc8692a8016ec857123e9fef5,2024-11,Essex Police,Essex Police,0.117743,51.785906,On or near Edinburgh Place,E01021848,Harlow 002E,Shoplifting,Court result unavailable,
928b1bb24892e402ed44d63a6ae5c07ddc160de92be4572a13ee0e9ea045c1ac,2024-11,Essex Police,Essex Police,0.117743,51.785906,On or near Edinburgh Place,E01021848,Harlow 002E,Shoplifting,Court result unavailable,
ed8459cb7c12cb1608f12aee07a2e5c4f9c67315cb45c98f0fd6344f19d9044e,2024-11,Essex Police,Essex Police,0.117743,51.785906,On or near Edinburgh Place,E01021848,Harlow 002E,Shoplifting,Court result unavailable,
9f3f23186a3f24c132f1e22edb75fb79e58e2b0b5acf7208d98db7182b8670ab,2024-11,Essex Police,Essex Police,0.117743,51.785906,On or near Edinburgh Place,E01021848,Harlow 002E,Shoplifting,Court result unavailable,
2005a8b10d3564c3bd9b80a6c4ee07f400df4af05cf689077b4a0dc659e4df5b,2024-11,Essex Police,Essex Police,0.125110,51.785314,On or near Supermarket,E01021848,Harlow 002E,Shoplifting,Investigation complete; no suspect identified,
99a391a56fc7f669f75b61acbd8f85a81a95b18adb1dfdd99599acfa5941da77,2024-11,Essex Police,Essex Police,0.117743,51.785906,On or near Edinburgh Place,E01021848,Harlow 002E,Shoplifting,Court result unavailable,
2f9199b4e577375a6ad9cd39b954e153b36eac1155463e75c5e98a82c9ee2ee7,2024-11,Essex Police,Essex Police,0.117743,51.785906,On or near Edinburgh Place,E01021848,Harlow 002E,Shoplifting,Court result unavailable,
2e539ce5260dea2a05c4e7f00ddf76d17182b6b4b01a25724700f1facecf57b2,2024-11,Essex Police,Essex Police,0.117876,51.789375,On or near Park/Open Space,E01021848,Harlow 002E,Vehicle crime,Investigation complete; no suspect identified,
a20a25350d544991c9a494ae37d919dc975e2ead9311826e6dc8986fb50d0ce4,2024-11,Essex Police,Essex Police,0.117876,51.789375,On or near Park/Open Space,E01021848,Harlow 002E,Vehicle crime,Investigation complete; no suspect identified,
74d0aa0601f52b71a9e44929c35fb9cfe023663aa455bcc8c7be04e6b54c4883,2024-11,Essex Police,Essex Police,0.124649,51.781672,On or near Broomfield,E01021848,Harlow 002E,Vehicle crime,Investigation complete; no suspect identified,
a8ff28d09aef024717336b664ed622da99ea788ee592ce96ff39f57e4b987559,2024-11,Essex Police,Essex Police,0.124649,51.781672,On or near Broomfield,E01021848,Harlow 002E,Vehicle crime,Investigation complete; no suspect identified,
8ad6067e7bc701133c89cb56619154d2d0d5bfe96d3cd9d5c92583a656f22d8e,2024-11,Essex Police,Essex Police,0.128562,51.791187,On or near Temple Bank,E01021848,Harlow 002E,Vehicle crime,Unable to prosecute suspect,
788132f5300ffa8cdbae5746ec530dea2db82f685327b43fa42b68b6fe665d0c,2024-11,Essex Police,Essex Police,0.117876,51.789375,On or near Park/Open Space,E01021848,Harlow 002E,Violence and sexual offences,Unable to prosecute suspect,
e49a1dc79894ae7da550ddd2ef02f40d7173d95f98f651e128324807fcd9c8c1,2024-11,Essex Police,Essex Police,0.117876,51.789375,On or near Park/Open Space,E01021848,Harlow 002E,Violence and sexual offences,Investigation complete; no suspect identified,
658e7f596f5b83150c05b3ad913905c1cce53d4b6cff18090322612333cdb989,2024-11,Essex Police,Essex Police,0.125110,51.785314,On or near Supermarket,E01021848,Harlow 002E,Violence and sexual offences,Court result unavailable,
0037b0f042c2ffff01978e7747b53fd3b418076e931a3ebe2538fd6cdbee8c87,2024-11,Essex Police,Essex Police,0.117743,51.785906,On or near Edinburgh Place,E01021848,Harlow 002E,Violence and sexual offences,Unable to prosecute suspect,
d39027e8475b85b08dcde8b194d1d432b1dee091a5e1d26ec5bc798982c290c2,2024-11,Essex Police,Essex Police,0.117876,51.789375,On or near Park/Open Space,E01021848,Harlow 002E,Violence and sexual offences,Unable to prosecute suspect,
32ca2be04ec887cd84fca74af755107170382ee688da98493260f40214036b3d,2024-11,Essex Police,Essex Police,0.117743,51.785906,On or near Edinburgh Place,E01021848,Harlow 002E,Violence and sexual offences,Unable to prosecute suspect,
cafd7f385788a5f3018c9ec745c3fd2c24b3609cb731c84f1c4f93fcda04b496,2024-11,Essex Police,Essex Police,0.117743,51.785906,On or near Edinburgh Place,E01021848,Harlow 002E,Violence and sexual offences,Unable to prosecute suspect,
f0261abfd6c1c5ab90264b2f4a3f714c4fc3e06c31049a587c42bfe085eb14f8,2024-11,Essex Police,Essex Police,0.132893,51.791711,On or near Cambridge Road,E01021848,Harlow 002E,Violence and sexual offences,Status update unavailable,
0c9ab156c006289f065f86ba86584e258be5a267318ad291a8ea1e5ad2a39fc9,2024-11,Essex Police,Essex Police,0.132893,51.791711,On or near Cambridge Road,E01021848,Harlow 002E,Violence and sexual offences,Unable to prosecute suspect,
22ba57e4365c4948afbe7a3b042ab962c675024869bf044e57f7c758db8e1661,2024-11,Essex Police,Essex Police,0.125350,51.779627,On or near Fesants Croft,E01021848,Harlow 002E,Violence and sexual offences,Unable to prosecute suspect,
6abe3c7cc35548cb7f6baf579de928a4ecd798c66f04c6e4422460eae2eaf6eb,2024-11,Essex Police,Essex Police,0.124649,51.781672,On or near Broomfield,E01021848,Harlow 002E,Other crime,Action to be taken by another organisation,
0786c9499337cbf72fa8be3565eb35090a9ad8a4c8fd6d702be00908c5b0aee3,2024-11,Essex Police,Essex Police,0.117743,51.785906,On or near Edinburgh Place,E01021848,Harlow 002E,Other crime,Investigation complete; no suspect identified,
28fb68c9b3f8f9699952b04105e79106f9950c15c28c48332c105c3b9e54b090,2024-11,Essex Police,Essex Police,0.121219,51.783361,On or near South Road,E01021848,Harlow 002E,Other crime,Unable to prosecute suspect,
,2024-11,Essex Police,Essex Police,0.099152,51.770469,On or near Further/Higher Educational Building,E01021849,Harlow 003A,Anti-social behaviour,,
c61d958c6faaa93e5aa5644eefbd5c6d212cae0aa2713327031462bbdd3290de,2024-11,Essex Police,Essex Police,0.103080,51.768994,On or near Greenhills,E01021849,Harlow 003A,Bicycle theft,Unable to prosecute suspect,
e6f89552abe8113efe630fbb4a5dc1ae32730be86d23464c85e5a14c25b5cff6,2024-11,Essex Police,Essex Police,0.098922,51.767998,On or near Conference/Exhibition Centre,E01021849,Harlow 003A,Other theft,Investigation complete; no suspect identified,
efc3ef966280a1c79c9367035193f2c65c17669d16e39cb238b7660ef6e7702f,2024-11,Essex Police,Essex Police,0.105121,51.770486,On or near Maddox Road,E01021849,Harlow 003A,Public order,Unable to prosecute suspect,
7be56c64b3c00a5ede73bc83b6e705cf274490ab34d48650c7da4d8235660678,2024-11,Essex Police,Essex Police,0.098922,51.767998,On or near Conference/Exhibition Centre,E01021849,Harlow 003A,Public order,Unable to prosecute suspect,
da5b397b94792af87bef8a013f195594e7e94bd0ec4f8424204188742dc7860a,2024-11,Essex Police,Essex Police,0.105121,51.770486,On or near Maddox Road,E01021849,Harlow 003A,Public order,Unable to prosecute suspect,
9c390296882f16269d66a0bc9423a88138c0c78d8ba995da3ce58e8537db06d1,2024-11,Essex Police,Essex Police,0.106104,51.772294,On or near Lavender Close,E01021849,Harlow 003A,Public order,Unable to prosecute suspect,
335a87c81468b63bb3c66dbdd8daa3e565323e72db6365830e337bbf2d671189,2024-11,Essex Police,Essex Police,0.106487,51.771190,On or near St Michael'S Close,E01021849,Harlow 003A,Public order,Unable to prosecute suspect,
7791ecacb1a6fff4554c2bb7569c71b26c9e9d524d77acb2466f1e9b9c600414,2024-11,Essex Police,Essex Police,0.099152,51.770469,On or near Further/Higher Educational Building,E01021849,Harlow 003A,Public order,Unable to prosecute suspect,
7624fb86904d891d7bb9c1790a0ce6b71b0c7c2085945a8377f20e504aadba6f,2024-11,Essex Police,Essex Police,0.099152,51.770469,On or near Further/Higher Educational Building,E01021849,Harlow 003A,Public order,Unable to prosecute suspect,
750a2c2b14aa75aee005673e85d0216a142c090a14b3082b87482b60d0f79de1,2024-11,Essex Police,Essex Police,0.106104,51.772294,On or near Lavender Close,E01021849,Harlow 003A,Public order,Unable to prosecute suspect,
6eaab34bc825a9ddd5a1e2314c7c9c5ec927457fcfee453e091bd463a9dea696,2024-11,Essex Police,Essex Police,0.106487,51.771190,On or near St Michael'S Close,E01021849,Harlow 003A,Public order,Unable to prosecute suspect,
050d0cc9c5f0cf3b8b709dbd1d8aa4e45a809d7c2085c854484755319102d301,2024-11,Essex Police,Essex Police,0.103736,51.770304,On or near Broadfield,E01021849,Harlow 003A,Vehicle crime,Investigation complete; no suspect identified,
9871a489b637b97b4f06072547f83b05ac4c6a016eda254bc36cebfc632aa4e7,2024-11,Essex Police,Essex Police,0.105121,51.770486,On or near Maddox Road,E01021849,Harlow 003A,Vehicle crime,Investigation complete; no suspect identified,
d6e58827e060ef4c8041d59e83158f46b69d82304190d075cabe7b24749d428f,2024-11,Essex Police,Essex Police,0.105121,51.770486,On or near Maddox Road,E01021849,Harlow 003A,Violence and sexual offences,Unable to prosecute suspect,
6017284941dfca213f0284fd8e662d9d7d1c7d59d2c1a8f48f293943ca7ff533,2024-11,Essex Police,Essex Police,0.105121,51.770486,On or near Maddox Road,E01021849,Harlow 003A,Violence and sexual offences,Unable to prosecute suspect,
55149e74dfdaab65c0894081fef5072dae34515caa31d91915534b8f71fa21a8,2024-11,Essex Police,Essex Police,0.098922,51.767998,On or near Conference/Exhibition Centre,E01021849,Harlow 003A,Violence and sexual offences,Unable to prosecute suspect,
96a3cc00dfbd965629e07f43577e606b4fd8cef80a1872a347e07b091bdc20df,2024-11,Essex Police,Essex Police,0.105121,51.770486,On or near Maddox Road,E01021849,Harlow 003A,Violence and sexual offences,Unable to prosecute suspect,
8a56310687fe7e5ad439acf665ce2700a8d998bc3069fadb75882df4f2873e34,2024-11,Essex Police,Essex Police,0.099152,51.770469,On or near Further/Higher Educational Building,E01021849,Harlow 003A,Violence and sexual offences,Unable to prosecute suspect,
c6f59bfc47c419da3e49d5ddff4818e5078c24270a5737afa2ffa5a4e5417405,2024-11,Essex Police,Essex Police,0.105121,51.770486,On or near Maddox Road,E01021849,Harlow 003A,Violence and sexual offences,Action to be taken by another organisation,
,2024-11,Essex Police,Essex Police,0.112549,51.774040,On or near Howard Way,E01021850,Harlow 003B,Anti-social behaviour,,
c32e8b7d0e8731e3801f1b4e7b9be28c7d684686ca5593714fcd551924bd0efa,2024-11,Essex Police,Essex Police,0.111014,51.770974,On or near Arkwrights,E01021850,Harlow 003B,Criminal damage and arson,Investigation complete; no suspect identified,
05641ceea2b39da5369c9aeeeaa978dc1dd96da85ea03871fcef384b6d510d58,2024-11,Essex Police,Essex Police,0.109843,51.772272,On or near Monkswick Road,E01021850,Harlow 003B,Criminal damage and arson,Investigation complete; no suspect identified,
770eb50d11b7199565663be870bb6192602bb4139b4205e28f7f1e4845cfa8d3,2024-11,Essex Police,Essex Police,0.109666,51.772832,On or near Pittman'S Field,E01021850,Harlow 003B,Criminal damage and arson,Investigation complete; no suspect identified,
dd8daade98d9433214fcbc2208944d1977be163ad72bc087232a0d3a1853483d,2024-11,Essex Police,Essex Police,0.109666,51.772832,On or near Pittman'S Field,E01021850,Harlow 003B,Criminal damage and arson,Investigation complete; no suspect identified,
ff16817549e30ec21e992643ae68a406737829d5d558b1c99ac63ec6af3d6ef5,2024-11,Essex Police,Essex Police,0.109843,51.772272,On or near Monkswick Road,E01021850,Harlow 003B,Vehicle crime,Investigation complete; no suspect identified,
55e2f63aff5892071b1851b2fd30a20cdb6261cfb29f1a95fc0b70b8e06d892f,2024-11,Essex Police,Essex Police,0.111014,51.770974,On or near Arkwrights,E01021850,Harlow 003B,Violence and sexual offences,Unable to prosecute suspect,
98927a282add625c528e0b1b9cb013e5d5a29a96c98a251191257bb64f4544da,2024-11,Essex Police,Essex Police,0.109666,51.772832,On or near Pittman'S Field,E01021850,Harlow 003B,Violence and sexual offences,Status update unavailable,
,2024-11,Essex Police,Essex Police,0.103457,51.773348,On or near The Dashes,E01021851,Harlow 003C,Anti-social behaviour,,
9ec46492e1a9f0fbf88a7939e9295f7facf8a20b4fe5a2048e715094b514bcda,2024-11,Essex Police,Essex Police,0.097813,51.771992,On or near The Hides,E01021851,Harlow 003C,Bicycle theft,Investigation complete; no suspect identified,
e168435c4fdf29f6b64baa784186fea5cb2f2d7b7c52df72844fafaeadaccd28,2024-11,Essex Police,Essex Police,0.103457,51.773348,On or near The Dashes,E01021851,Harlow 003C,Drugs,Local resolution,
9e3b78d82b0ebdf8bef809249028ba8cd5e2180f89b1fe9a24d9dbf218c41693,2024-11,Essex Police,Essex Police,0.102567,51.771658,On or near Sports/Recreation Area,E01021851,Harlow 003C,Robbery,Investigation complete; no suspect identified,
3c44b166c0060f10f9c7e6c2ec84d38016697af4139098d8a40e43f1c4e93b5a,2024-11,Essex Police,Essex Police,0.096723,51.774107,On or near Netteswell Orchard,E01021851,Harlow 003C,Vehicle crime,Unable to prosecute suspect,
ac73224145f559e9296203376ce4f6207dc724661e327bf34d3b4f08de474f30,2024-11,Essex Police,Essex Police,0.103457,51.773348,On or near The Dashes,E01021851,Harlow 003C,Vehicle crime,Investigation complete; no suspect identified,
ed730bce40ce1b471c96a909cc7c71cd7ee67bf8220fc9e13a7b2e7bd1227a9b,2024-11,Essex Police,Essex Police,0.097813,51.771992,On or near The Hides,E01021851,Harlow 003C,Vehicle crime,Investigation complete; no suspect identified,
ffd540f6d4bfa374db57db39eb4561783e8b09f0de825f3dd42b9c26fa036c99,2024-11,Essex Police,Essex Police,0.097813,51.771992,On or near The Hides,E01021851,Harlow 003C,Violence and sexual offences,Unable to prosecute suspect,
2672e575bee8a47f80a632d89dc670c8f4d0d840ae5598c0c77d4fa0d4d8c65f,2024-11,Essex Police,Essex Police,0.103457,51.773348,On or near The Dashes,E01021851,Harlow 003C,Violence and sexual offences,Unable to prosecute suspect,
2ada86e1868f2913f53351ca26f890c10a848acba7d854d290a2546427256083,2024-11,Essex Police,Essex Police,0.099552,51.774470,On or near Park Court,E01021851,Harlow 003C,Violence and sexual offences,Unable to prosecute suspect,
f571af12079af73a45ca4b3407e8420b2960f5df2922d7143578962fddebb42c,2024-11,Essex Police,Essex Police,0.097813,51.771992,On or near The Hides,E01021851,Harlow 003C,Violence and sexual offences,Unable to prosecute suspect,
799311e8d37d236aa7f024c8d2cca31d2cb9f3b861d08aacc7fa31c33e2bc3c2,2024-11,Essex Police,Essex Police,0.097813,51.771992,On or near The Hides,E01021851,Harlow 003C,Violence and sexual offences,Unable to prosecute suspect,
d347299ac4438011e08efc4f13b8ca96dd41d2da14ecadf0579c781df8e44a33,2024-11,Essex Police,Essex Police,0.097813,51.771992,On or near The Hides,E01021851,Harlow 003C,Violence and sexual offences,Unable to prosecute suspect,
2017af91946e25501d0d74cba7fca7c04993169a498864f7237a84d5d2a921fd,2024-11,Essex Police,Essex Police,0.097813,51.771992,On or near The Hides,E01021851,Harlow 003C,Violence and sexual offences,Unable to prosecute suspect,
8b890e0b34c5227cbc8a72baf91638bbaeab9b0f831571aeedb9cc5d02a5c67d,2024-11,Essex Police,Essex Police,0.096723,51.774107,On or near Netteswell Orchard,E01021851,Harlow 003C,Violence and sexual offences,Unable to prosecute suspect,
8061193576dcc4c703f7c2d9c85d58f356c7d7c47aac1fcb0e95489282f9f597,2024-11,Essex Police,Essex Police,0.114667,51.769110,On or near Roselyn Gardens,E01021852,Harlow 003D,Criminal damage and arson,Investigation complete; no suspect identified,
75646561d803fcd853c6af0e6a3be50b1f6536658c7fe25c61d8b51e4cb9900e,2024-11,Essex Police,Essex Police,0.107473,51.770255,On or near Whitewaits,E01021852,Harlow 003D,Criminal damage and arson,Investigation complete; no suspect identified,
45eb4cf6d9a55d1f563ea4bf05ad351219459b1368dfb7fcb1ef6f6061a45ab7,2024-11,Essex Police,Essex Police,0.107473,51.770255,On or near Whitewaits,E01021852,Harlow 003D,Vehicle crime,Investigation complete; no suspect identified,
68b95d31f34697ad5b9af174a213324996c5d88f372c916650e889b157c4284f,2024-11,Essex Police,Essex Police,0.108501,51.768995,On or near Parsonage Leys,E01021852,Harlow 003D,Violence and sexual offences,Unable to prosecute suspect,
,2024-11,Essex Police,Essex Police,0.109080,51.778301,On or near Altham Grove,E01021853,Harlow 003E,Anti-social behaviour,,
,2024-11,Essex Police,Essex Police,0.101664,51.780314,On or near Arbour Mews,E01021853,Harlow 003E,Anti-social behaviour,,
,2024-11,Essex Police,Essex Police,0.101664,51.780314,On or near Arbour Mews,E01021853,Harlow 003E,Anti-social behaviour,,
,2024-11,Essex Police,Essex Police,0.097001,51.781044,On or near Parking Area,E01021853,Harlow 003E,Anti-social behaviour,,
,2024-11,Essex Police,Essex Police,0.109080,51.778301,On or near Altham Grove,E01021853,Harlow 003E,Anti-social behaviour,,
,2024-11,Essex Police,Essex Police,0.095032,51.781097,On or near Harlow Town,E01021853,Harlow 003E,Anti-social behaviour,,
,2024-11,Essex Police,Essex Police,0.103418,51.775939,On or near School Lane,E01021853,Harlow 003E,Anti-social behaviour,,
7f6659765a7a328c81e945e4719a96ee0a0cdb2f593e167903d758bf4edd88e4,2024-11,Essex Police,Essex Police,0.097731,51.780528,On or near Edinburgh Gate,E01021853,Harlow 003E,Bicycle theft,Investigation complete; no suspect identified,
692e1dfb5b5a65cdb9a4a9b2666afe41c822df03b2c379bfa813ddb3e32b438a,2024-11,Essex Police,Essex Police,0.097731,51.780528,On or near Edinburgh Gate,E01021853,Harlow 003E,Bicycle theft,Investigation complete; no suspect identified,
bf972ff00cecc3bea3174dece187feca70c7cfcafae879ca0e3218ce56e48151,2024-11,Essex Police,Essex Police,0.101664,51.780314,On or near Arbour Mews,E01021853,Harlow 003E,Criminal damage and arson,Unable to prosecute suspect,
875e656cd1c4f8d3c938de44e063fa5409dfa0e17369aa7a5baec043b4c979b7,2024-11,Essex Police,Essex Police,0.097731,51.780528,On or near Edinburgh Gate,E01021853,Harlow 003E,Criminal damage and arson,Investigation complete; no suspect identified,
e13fac932a225688eb8e44124dce0c401382cec6b3a3d32b3e6ab2602bf611c3,2024-11,Essex Police,Essex Police,0.097731,51.780528,On or near Edinburgh Gate,E01021853,Harlow 003E,Criminal damage and arson,Investigation complete; no suspect identified,
17a9aa1305b385e0d661feed4d7bca99ed1e31c075f361bae4896ecc8df610a4,2024-11,Essex Police,Essex Police,0.097731,51.780528,On or near Edinburgh Gate,E01021853,Harlow 003E,Drugs,Local resolution,
85bc66b65f02dd1ad8e7a50123bb179e966aa556f3fd7b03b909284444e8e7db,2024-11,Essex Police,Essex Police,0.097731,51.780528,On or near Edinburgh Gate,E01021853,Harlow 003E,Drugs,Local resolution,
8bf02087c47c5d2fa7bdcb3116e155d44e995e5203a48074dd6fb287f873c725,2024-11,Essex Police,Essex Police,0.101664,51.780314,On or near Arbour Mews,E01021853,Harlow 003E,Drugs,Local resolution,
788c3a66b302eb28284acb77c97b6f9e71d22eddd13b107fa45db95ced43da4a,2024-11,Essex Police,Essex Police,0.109080,51.778301,On or near Altham Grove,E01021853,Harlow 003E,Other theft,Investigation complete; no suspect identified,
f433f9cfa36ee77ae8bdcdc618821bd2c1b6e3cf84769cfe34bc86a3af076110,2024-11,Essex Police,Essex Police,0.097731,51.780528,On or near Edinburgh Gate,E01021853,Harlow 003E,Other theft,Investigation complete; no suspect identified,
8657ca2ca974c254d63ce96506100c7ef10656a43e176c9dc417d999a1ca6b6b,2024-11,Essex Police,Essex Police,0.105798,51.775069,On or near Oldhouse Croft,E01021853,Harlow 003E,Public order,Investigation complete; no suspect identified,
865d84d22ac3730ce18872e4284bd417bae7f2d6629264093f9ee9fe217b8e12,2024-11,Essex Police,Essex Police,0.109080,51.778301,On or near Altham Grove,E01021853,Harlow 003E,Public order,Local resolution,
ad7461423c6e6f577780ac06560c3fe118eb3c1b7920db9ac1208f5c70038376,2024-11,Essex Police,Essex Police,0.097001,51.781044,On or near Parking Area,E01021853,Harlow 003E,Public order,Investigation complete; no suspect identified,
4c23d893a40f4e5a76ce1119da068fe7d0aacd1eecde86412d19671a0cafb846,2024-11,Essex Police,Essex Police,0.101664,51.780314,On or near Arbour Mews,E01021853,Harlow 003E,Shoplifting,Investigation complete; no suspect identified,
a6f395438bf13dfd5d127e2779a299e4dd459729a6c2d6279cbffd5dbb0738c9,2024-11,Essex Police,Essex Police,0.101664,51.780314,On or near Arbour Mews,E01021853,Harlow 003E,Shoplifting,Investigation complete; no suspect identified,
fa8853cf1234b79e5f29df300216dc10e92dabb29064d92fb82013d98a3d52dd,2024-11,Essex Police,Essex Police,0.109080,51.778301,On or near Altham Grove,E01021853,Harlow 003E,Vehicle crime,Investigation complete; no suspect identified,
cfc79e4fa6c0c446e0e549e742268430ccf0ca2708a2bfbc0acbb07226641dda,2024-11,Essex Police,Essex Police,0.101664,51.780314,On or near Arbour Mews,E01021853,Harlow 003E,Vehicle crime,Investigation complete; no suspect identified,
4598fbedf4fc9fd2914bee5908a931fbe84f4f936fdba387229a778734337a56,2024-11,Essex Police,Essex Police,0.109080,51.778301,On or near Altham Grove,E01021853,Harlow 003E,Violence and sexual offences,Awaiting court outcome,
bb5de04caf40b16d6b3eb7c6833807727873fa1ebe1a743edd57736f7c5479c6,2024-11,Essex Police,Essex Police,0.109080,51.778301,On or near Altham Grove,E01021853,Harlow 003E,Violence and sexual offences,Unable to prosecute suspect,
103bd11506e0adc7e40abe02d1f3becdd63e24fceb5c035b1618e594f5b6c07d,2024-11,Essex Police,Essex Police,0.097731,51.780528,On or near Edinburgh Gate,E01021853,Harlow 003E,Violence and sexual offences,Unable to prosecute suspect,
dc835a096a4dd1fadb6294521e247b15da152f221bc18709366e045a1885f046,2024-11,Essex Police,Essex Police,0.098783,51.776013,On or near Park Lane,E01021853,Harlow 003E,Violence and sexual offences,Investigation complete; no suspect identified,
7e0042ae0384f4870e33d83be12bccc52ebfab084a1150b500544fddaac63b88,2024-11,Essex Police,Essex Police,0.095032,51.781097,On or near Harlow Town,E01021853,Harlow 003E,Violence and sexual offences,Status update unavailable,
351f6d2067af362b6be55b99e1c6751f2112af581e2b7fba81faf6a7ab6b6576,2024-11,Essex Police,Essex Police,0.097731,51.780528,On or near Edinburgh Gate,E01021853,Harlow 003E,Violence and sexual offences,Unable to prosecute suspect,
0a2215faf0002b3facd0ddbf7d443c59aa78e8a043f797e96df37e64a4030f4d,2024-11,Essex Police,Essex Police,0.109080,51.778301,On or near Altham Grove,E01021853,Harlow 003E,Violence and sexual offences,Unable to prosecute suspect,
28a9b295a5f8ebc34ea671efabc0f2820da06bc3135a474ad362fdae16a62a81,2024-11,Essex Police,Essex Police,0.085789,51.775264,On or near Hodings Road,E01021839,Harlow 004A,Criminal damage and arson,Unable to prosecute suspect,
03c62bd6b17186087bd7b78704a5b41c3e0a7a715b1df620ec933d5b4623a9ff,2024-11,Essex Police,Essex Police,0.086195,51.776857,On or near The Hornbeams,E01021839,Harlow 004A,Drugs,Investigation complete; no suspect identified,
9e217481b0a3f281070e79a186679ccbad578c6b873ccd82fd06a05eb501900c,2024-11,Essex Police,Essex Police,0.085789,51.775264,On or near Hodings Road,E01021839,Harlow 004A,Possession of weapons,Investigation complete; no suspect identified,
76929cb97e8dad6136c16278fbb7b1d92442ea72a1d7b2c68f2ddedb157dedae,2024-11,Essex Police,Essex Police,0.086195,51.776857,On or near The Hornbeams,E01021839,Harlow 004A,Public order,Investigation complete; no suspect identified,
0a2179bb7992822c3a55d37b4c1f89205e67ce0e7df317c5c04bb619586c9696,2024-11,Essex Police,Essex Police,0.092784,51.779204,On or near Fifth Avenue Allende Avenue,E01021839,Harlow 004A,Public order,Unable to prosecute suspect,
e81b1bbb109a227a2c0d38e15858b0d16db8909842e8265cef476fedf175f57f,2024-11,Essex Police,Essex Police,0.086195,51.776857,On or near The Hornbeams,E01021839,Harlow 004A,Robbery,Unable to prosecute suspect,
d23f86ffbfcb66421bb6e38cb63d6541bdcea4ac9dcbd76c8676699b9dba2df3,2024-11,Essex Police,Essex Police,0.081886,51.778337,On or near Huntley Road,E01021839,Harlow 004A,Violence and sexual offences,Action to be taken by another organisation,
38217eb19fb7880970ca95c9f9abc03017d82481d6858017f46ea81ec24a54c8,2024-11,Essex Police,Essex Police,0.081886,51.778337,On or near Huntley Road,E01021839,Harlow 004A,Violence and sexual offences,Unable to prosecute suspect,
6f36f89c958c29291822f858da6fbe57424fc83aa71b612a6fe997123fddcb28,2024-11,Essex Police,Essex Police,0.083732,51.778142,On or near Locke Close,E01021839,Harlow 004A,Violence and sexual offences,Unable to prosecute suspect,
110019d7b260439de0c9baeaf231f5f9cdc84630b965626cbd6ad3329e54dc57,2024-11,Essex Police,Essex Police,0.086195,51.776857,On or near The Hornbeams,E01021839,Harlow 004A,Violence and sexual offences,Unable to prosecute suspect,
5b1de46dd9a25293aab5506eae22de13217c8a9bdd1379402a0003a225b97e72,2024-11,Essex Police,Essex Police,0.083956,51.774181,On or near Park Mead,E01021839,Harlow 004A,Other crime,Unable to prosecute suspect,
2034a0dea0cf34cea66a8dd2693257ed62849f693253c120f3612358e410bc27,2024-11,Essex Police,Essex Police,0.081764,51.775380,On or near Ram Gorse,E01021839,Harlow 004A,Other crime,Formal action is not in the public interest,
,2024-11,Essex Police,Essex Police,0.060748,51.769411,On or near Sandringham Avenue,E01021840,Harlow 004B,Anti-social behaviour,,
,2024-11,Essex Police,Essex Police,0.078828,51.774263,On or near Spring Hills,E01021840,Harlow 004B,Anti-social behaviour,,
,2024-11,Essex Police,Essex Police,0.077275,51.771071,On or near Fold Croft,E01021840,Harlow 004B,Anti-social behaviour,,
,2024-11,Essex Police,Essex Police,0.078193,51.775578,On or near Ash Tree Field,E01021840,Harlow 004B,Anti-social behaviour,,
,2024-11,Essex Police,Essex Police,0.065679,51.765350,On or near Harold Close,E01021840,Harlow 004B,Anti-social behaviour,,
a034809083fb8516762ba0f96bec8e2d8105f9bbb6d07d8bd8ba7cceb32b390f,2024-11,Essex Police,Essex Police,0.065679,51.765350,On or near Harold Close,E01021840,Harlow 004B,Burglary,Unable to prosecute suspect,
51075b7446b51cd167619558d23f7374edf18faa8650059609221426e6836fa2,2024-11,Essex Police,Essex Police,0.065679,51.765350,On or near Harold Close,E01021840,Harlow 004B,Criminal damage and arson,Unable to prosecute suspect,
c76b89c1edae9bc4b87942103fd6bf7d1554bd1094f89a1d7d050a0afeb6bc2f,2024-11,Essex Police,Essex Police,0.065679,51.765350,On or near Harold Close,E01021840,Harlow 004B,Criminal damage and arson,Unable to prosecute suspect,
a1fafc6b4ba350b25afc9a7226c29f1c84b9772f2460a44ed4447644e24c9e5e,2024-11,Essex Police,Essex Police,0.078828,51.774263,On or near Spring Hills,E01021840,Harlow 004B,Drugs,Investigation complete; no suspect identified,
53580d61459a0ed456eb3cef938bf85914e95e22f5921810232daf8c74a59872,2024-11,Essex Police,Essex Police,0.065679,51.765350,On or near Harold Close,E01021840,Harlow 004B,Drugs,Local resolution,
64e836d2d5adf79f544e7921b231ddf472ee64db39ca9d4ac7ec95492a8399d0,2024-11,Essex Police,Essex Police,0.064514,51.763635,On or near Merring Way,E01021840,Harlow 004B,Drugs,Local resolution,
852c9a1c4557e3d42e2d250c442aff556ff778f10a50273a753433f2e9f13ad4,2024-11,Essex Police,Essex Police,0.064514,51.763635,On or near Merring Way,E01021840,Harlow 004B,Drugs,Unable to prosecute suspect,
227bd6678aed77de5e6a2dfeb00906bf9629c090a514489a225c4d53dc0aec9b,2024-11,Essex Police,Essex Police,0.060748,51.769411,On or near Sandringham Avenue,E01021840,Harlow 004B,Drugs,Investigation complete; no suspect identified,
e38f2f236fb7750e3e1bbd6e4766e3a94a63372c5577b4969e0d2d47792efe12,2024-11,Essex Police,Essex Police,0.064514,51.763635,On or near Merring Way,E01021840,Harlow 004B,Other theft,Unable to prosecute suspect,
0722bc1557f40d58d4e699ec1a90a8e5414a437362109e2b8cb01d914aa41846,2024-11,Essex Police,Essex Police,0.065679,51.765350,On or near Harold Close,E01021840,Harlow 004B,Other theft,Unable to prosecute suspect,
c30d54ad7fb332a5d429ecb1e764ff21a25d43d25d071389e675063820003781,2024-11,Essex Police,Essex Police,0.065679,51.765350,On or near Harold Close,E01021840,Harlow 004B,Other theft,Status update unavailable,
c8f463fa30c7cc9b74c5e25e6034306b72fa4e11f93e374c2af61980abc244ac,2024-11,Essex Police,Essex Police,0.075640,51.774598,On or near Canons Gate,E01021840,Harlow 004B,Other theft,Status update unavailable,
03101e1680d43ba13f4e7e9e5805bca4a48d2c5504a8511d4cfe34aa2c787e8d,2024-11,Essex Police,Essex Police,0.057022,51.766509,On or near Park/Open Space,E01021840,Harlow 004B,Other theft,Investigation complete; no suspect identified,
fd91af086a6b129d7a114c7f096bedd601efdf84e4177abe6e46b6459b2be6ce,2024-11,Essex Police,Essex Police,0.057022,51.766509,On or near Park/Open Space,E01021840,Harlow 004B,Other theft,Investigation complete; no suspect identified,
4586f9b43475ca37085b4c1b87831359f640b384cbd046dba59da5aef9e5762c,2024-11,Essex Police,Essex Police,0.065679,51.765350,On or near Harold Close,E01021840,Harlow 004B,Possession of weapons,Court result unavailable,
192d5ce2c885405378001c54769d990c228c5cea9add5170279fbb5cfe23b1ad,2024-11,Essex Police,Essex Police,0.080022,51.774701,On or near Supermarket,E01021840,Harlow 004B,Public order,Court result unavailable,
50870834afad97e1131d4e2510bf4b6bd681e5db025a7aaceb013873f040c2ab,2024-11,Essex Police,Essex Police,0.065679,51.765350,On or near Harold Close,E01021840,Harlow 004B,Public order,Unable to prosecute suspect,
c966a01227407cbf52658e37f7996f9c29fc55c29fe544b7b917acdb1abaa3ae,2024-11,Essex Police,Essex Police,0.064514,51.763635,On or near Merring Way,E01021840,Harlow 004B,Vehicle crime,Investigation complete; no suspect identified,
694ebca52b3887fb7ceaa79c6e9a93cdb3b49e3634e9604004f51d7e73c09484,2024-11,Essex Police,Essex Police,0.077275,51.771071,On or near Fold Croft,E01021840,Harlow 004B,Vehicle crime,Investigation complete; no suspect identified,
a0288c4f6183cd8404ab717d6dad06899b8dfdec3bc92c1117dd3df811c9b39d,2024-11,Essex Police,Essex Police,0.065679,51.765350,On or near Harold Close,E01021840,Harlow 004B,Vehicle crime,Investigation complete; no suspect identified,
0afbf1a6a343efced4f6013413e004bb744a8bfa5b2c881e61830599f86dea4c,2024-11,Essex Police,Essex Police,0.065679,51.765350,On or near Harold Close,E01021840,Harlow 004B,Violence and sexual offences,Awaiting court outcome,
08f919553ccfe9b11124ef8f59d60e341eb4402073393f4eabd9d17374a4d8b9,2024-11,Essex Police,Essex Police,0.065679,51.765350,On or near Harold Close,E01021840,Harlow 004B,Violence and sexual offences,Unable to prosecute suspect,
daf5a047fb112cc14232864bfe5819bd4ff2deab96b8b4604a9e7ac66fe0e1de,2024-11,Essex Police,Essex Police,0.065679,51.765350,On or near Harold Close,E01021840,Harlow 004B,Violence and sexual offences,Unable to prosecute suspect,
f15722fa11ac263f0fb17f728163c32d09233c0454152139c4b8682ccfafd99b,2024-11,Essex Police,Essex Police,0.065679,51.765350,On or near Harold Close,E01021840,Harlow 004B,Violence and sexual offences,Unable to prosecute suspect,
6b3f93b8846982492900f656c05359b3e519342dd8a666f984d90e7d8da0bf2b,2024-11,Essex Police,Essex Police,0.065679,51.765350,On or near Harold Close,E01021840,Harlow 004B,Violence and sexual offences,Unable to prosecute suspect,
286ac578d8433e98a33fc389638a021bdc6762ff07813bbeb200414587ea9f78,2024-11,Essex Police,Essex Police,0.065679,51.765350,On or near Harold Close,E01021840,Harlow 004B,Violence and sexual offences,Court result unavailable,
daa0e1eb287c0ceac2bed69d2bfaafd600e7a2ee64c8a93d8fae649523a8ce88,2024-11,Essex Police,Essex Police,0.078828,51.774263,On or near Spring Hills,E01021840,Harlow 004B,Violence and sexual offences,Investigation complete; no suspect identified,
adb7343f064feb787727e6aaee1a42b492335c0d6fc3bea6963ced01f2e136df,2024-11,Essex Police,Essex Police,0.076617,51.777309,On or near Sports/Recreation Area,E01021840,Harlow 004B,Violence and sexual offences,Investigation complete; no suspect identified,
a815c4d5d4ddddf8ac1dbcbabd451b3252da2ab2d9b2f9a09e19a27ca6aa738f,2024-11,Essex Police,Essex Police,0.065679,51.765350,On or near Harold Close,E01021840,Harlow 004B,Violence and sexual offences,Investigation complete; no suspect identified,
263cbfb8639ec64f2aca7068f58a4d464af02ac1a859de2d12d632ebb753903e,2024-11,Essex Police,Essex Police,0.080022,51.774701,On or near Supermarket,E01021840,Harlow 004B,Violence and sexual offences,Awaiting court outcome,
9fdc01caae3a64f05c65d1cf35b275682afa78f7527694a60578e9ad3366d6ac,2024-11,Essex Police,Essex Police,0.065679,51.765350,On or near Harold Close,E01021840,Harlow 004B,Violence and sexual offences,Unable to prosecute suspect,
63c89f269f8f1e080d2a6e960dc93847dcc1d448969d9a71e76d89816680ee10,2024-11,Essex Police,Essex Police,0.065679,51.765350,On or near Harold Close,E01021840,Harlow 004B,Violence and sexual offences,Unable to prosecute suspect,
1e5fee58942e3fa136727348f05687fd4e02bee223cbaf801021cc7463b25a37,2024-11,Essex Police,Essex Police,0.065679,51.765350,On or near Harold Close,E01021840,Harlow 004B,Violence and sexual offences,Unable to prosecute suspect,
55e284fd4b0d944f9e4d80280a23d9ba9edda5e15537c120b3221c6abea7c65f,2024-11,Essex Police,Essex Police,0.065679,51.765350,On or near Harold Close,E01021840,Harlow 004B,Violence and sexual offences,Unable to prosecute suspect,
3dbb21916d08d04a750e2520eadf478ebeb16a6519aeaa65244fdb3d72c0b87c,2024-11,Essex Police,Essex Police,0.065679,51.765350,On or near Harold Close,E01021840,Harlow 004B,Violence and sexual offences,Unable to prosecute suspect,
e9f05f184b80c413c51639b7db891e88d384059eef9d5db5e70d9e13a1e2cf09,2024-11,Essex Police,Essex Police,0.060748,51.769411,On or near Sandringham Avenue,E01021840,Harlow 004B,Violence and sexual offences,Investigation complete; no suspect identified,
08d2a845adfbdb3676879e4c4786b12e2ac99dad796cbdb03119f670a8bd165f,2024-11,Essex Police,Essex Police,0.065679,51.765350,On or near Harold Close,E01021840,Harlow 004B,Violence and sexual offences,Status update unavailable,
92c2df1f3975e593ff9247c9ec8e974720cff850d09ae608645ea9da1ca52b0c,2024-11,Essex Police,Essex Police,0.065679,51.765350,On or near Harold Close,E01021840,Harlow 004B,Violence and sexual offences,Unable to prosecute suspect,
abe765815bcb83e0541e8fb8b08a55ef4a9380a5cc847d3c60d17323e22fb098,2024-11,Essex Police,Essex Police,0.075640,51.774598,On or near Canons Gate,E01021840,Harlow 004B,Other crime,Court result unavailable,
8f688c081b5e03d2aa901441d81d360e4f169ecbcbb36086e2031619ec8bde59,2024-11,Essex Police,Essex Police,0.060748,51.769411,On or near Sandringham Avenue,E01021840,Harlow 004B,Other crime,Unable to prosecute suspect,
2ff949a72399e8dc9ebee0089e299d70149d6b8a996991dcf7bfc6fb1df5b6f4,2024-11,Essex Police,Essex Police,0.078545,51.767794,On or near Canons Brook,E01021841,Harlow 004C,Other theft,Action to be taken by another organisation,
69be5aa49eaeea2075ed12d1810108cc806c6484db82bef7dd53acca86251610,2024-11,Essex Police,Essex Police,0.074869,51.764432,On or near Parking Area,E01021841,Harlow 004C,Other theft,Investigation complete; no suspect identified,
9880cc44a99fcff1c090854185085b56cea013e975dee53a35e1f183259fbf82,2024-11,Essex Police,Essex Police,0.081387,51.765288,On or near Collins Meadow,E01021841,Harlow 004C,Vehicle crime,Investigation complete; no suspect identified,
639edc69f0ed46ff12e7be2a01a8eec99aadaee0a2506780e99fad3a19124de4,2024-11,Essex Police,Essex Police,0.080878,51.769353,On or near Fourth Avenue,E01021841,Harlow 004C,Vehicle crime,Investigation complete; no suspect identified,
fc9af1b6784e5c7edd6ae3e7635175b863b2084a938a76dc9b29e22358c0dc70,2024-11,Essex Police,Essex Police,0.080313,51.766836,On or near Helions Road,E01021841,Harlow 004C,Violence and sexual offences,Investigation complete; no suspect identified,
eb417369447d61e5ba10f296166bfd46d354f42ff905a650fb99bae07e3429fb,2024-11,Essex Police,Essex Police,0.080719,51.768421,On or near Wooding Grove,E01021841,Harlow 004C,Violence and sexual offences,Investigation complete; no suspect identified,
1ba98baa08caaf195b5f5e99fbd5de3d730c9412e828fd363f7f221ec5c3275a,2024-11,Essex Police,Essex Police,0.078545,51.767794,On or near Canons Brook,E01021841,Harlow 004C,Violence and sexual offences,Investigation complete; no suspect identified,
6a8a31a1ca030efca113d922e0d3a783f3646088f2e554736190cda099f7c2aa,2024-11,Essex Police,Essex Police,0.080313,51.766836,On or near Helions Road,E01021841,Harlow 004C,Violence and sexual offences,Formal action is not in the public interest,
,2024-11,Essex Police,Essex Police,0.089051,51.769325,On or near Turnors,E01021842,Harlow 004D,Anti-social behaviour,,
be7a918a4b873588f676ba10cb5e52c283a5b68d30e2a4e7feeddefd9d3e2c0c,2024-11,Essex Police,Essex Police,0.082896,51.768166,On or near Upper Stonyfield,E01021842,Harlow 004D,Burglary,Investigation complete; no suspect identified,
4f0fa362b5f7ac4aed50dc66b547702e5f93cb4b820e32ecfb12d30c96cda271,2024-11,Essex Police,Essex Police,0.088241,51.768404,On or near Wedhey,E01021842,Harlow 004D,Criminal damage and arson,Investigation complete; no suspect identified,
65018a55a8d89b83c8d2c4710dca9ea47cbfe65033a9d31a35156bd4e453fda3,2024-11,Essex Police,Essex Police,0.089051,51.769325,On or near Turnors,E01021842,Harlow 004D,Drugs,Investigation complete; no suspect identified,
6fd7dae39eeb331c4de85ffb6df55d03a6db77cd24abd8868dcb97e4178a2c61,2024-11,Essex Police,Essex Police,0.085834,51.767754,On or near Hare Street Springs,E01021842,Harlow 004D,Public order,Unable to prosecute suspect,
8bf44e58e2ca169f586f2127aceb2c021fcba5c3348e6f989dacce43d8cb074f,2024-11,Essex Police,Essex Police,0.085834,51.767754,On or near Hare Street Springs,E01021842,Harlow 004D,Public order,Unable to prosecute suspect,
c08ad4171c872ae16dd5f4d2099983f3724e5ce4692702df295a32fa9a3a040e,2024-11,Essex Police,Essex Police,0.084728,51.767675,On or near Hare Street,E01021842,Harlow 004D,Violence and sexual offences,Unable to prosecute suspect,
c53cdc7e3609fa5a1321b47ef774dd41db7108c53999734885ab3b2dba9422ee,2024-11,Essex Police,Essex Police,0.087523,51.767616,On or near Little Grove Field,E01021842,Harlow 004D,Violence and sexual offences,Unable to prosecute suspect,
d3ed942d9528650086e7f18465b8e8be97a2804775e76b973a0fab6bb4d1b301,2024-11,Essex Police,Essex Police,0.085834,51.767754,On or near Hare Street Springs,E01021842,Harlow 004D,Violence and sexual offences,Unable to prosecute suspect,
,2024-11,Essex Police,Essex Police,0.089780,51.771920,On or near Parking Area,E01021843,Harlow 004E,Anti-social behaviour,,
,2024-11,Essex Police,Essex Police,0.090334,51.772000,On or near Nightclub,E01021843,Harlow 004E,Anti-social behaviour,,
,2024-11,Essex Police,Essex Police,0.089780,51.771920,On or near Parking Area,E01021843,Harlow 004E,Anti-social behaviour,,
,2024-11,Essex Police,Essex Police,0.094150,51.777714,On or near Gladwin Way,E01021843,Harlow 004E,Anti-social behaviour,,
,2024-11,Essex Police,Essex Police,0.085457,51.771529,On or near Hospital,E01021843,Harlow 004E,Anti-social behaviour,,
,2024-11,Essex Police,Essex Police,0.089780,51.771920,On or near Parking Area,E01021843,Harlow 004E,Anti-social behaviour,,
66b5d40bfc5a8b08b1c988fa39de156fc6ec6a02af07705345e16a9392fc69e8,2024-11,Essex Police,Essex Police,0.093230,51.774745,On or near Hammarskjold Road,E01021843,Harlow 004E,Burglary,Court result unavailable,
ea1f0ce45dfe20b05ef77aa93938dc72725cf437eea1b487d286b6e109fc1c40,2024-11,Essex Police,Essex Police,0.094458,51.776216,On or near Torkildsen Way,E01021843,Harlow 004E,Burglary,Status update unavailable,
bb08f2f54fc4c1627dd322479d8eb24020e49e5067a0019792df53d646e2e59e,2024-11,Essex Police,Essex Police,0.094458,51.776216,On or near Torkildsen Way,E01021843,Harlow 004E,Burglary,Court result unavailable,
601db95f9291fb11e1bce170181bb45add100ee566b23398c5e8c35e1321745e,2024-11,Essex Police,Essex Police,0.085457,51.771529,On or near Hospital,E01021843,Harlow 004E,Criminal damage and arson,Unable to prosecute suspect,
9081dc2b68b5db9f0e5306e846952c3001c95bb79db3a31d29ae579d3e32ccf3,2024-11,Essex Police,Essex Police,0.091664,51.773487,On or near Bramble Rise,E01021843,Harlow 004E,Criminal damage and arson,Unable to prosecute suspect,
fc5cce6a4e1adfa8f1bce3ea046cebee9f3ae761a2ba416bd2bf317aee21494e,2024-11,Essex Police,Essex Police,0.085457,51.771529,On or near Hospital,E01021843,Harlow 004E,Criminal damage and arson,Investigation complete; no suspect identified,
538a146375786b425c342846f3b198d5f2b8f38005b6a4c8ed627c4c84bc1395,2024-11,Essex Police,Essex Police,0.085457,51.771529,On or near Hospital,E01021843,Harlow 004E,Criminal damage and arson,Court result unavailable,
a851ed613e1336e7cf3e5c653134a163d173949207864e4b61cb94dd30f76f7a,2024-11,Essex Police,Essex Police,0.092159,51.776661,On or near Parish Way,E01021843,Harlow 004E,Criminal damage and arson,Investigation complete; no suspect identified,
ede5ffda3254b7101d4bb1050cfbefed4f21d588fc437c5273d956f5c69dd7a5,2024-11,Essex Police,Essex Police,0.094150,51.777714,On or near Gladwin Way,E01021843,Harlow 004E,Drugs,Action to be taken by another organisation,
ab1d3e2696e4f518648121a3b6431e6e483ba5048cd2b02e2e4f6f094ffbb04a,2024-11,Essex Police,Essex Police,0.089752,51.777585,On or near Rivermill,E01021843,Harlow 004E,Other theft,Investigation complete; no suspect identified,
882db26367a3b80b7aa81423610f97ab605dd32157f3d418d37ffd76cd895387,2024-11,Essex Police,Essex Police,0.090560,51.772176,On or near Wych Elm,E01021843,Harlow 004E,Other theft,Investigation complete; no suspect identified,
dd51c2f8cf0641bcc2ac1a0a1d3c75c8b4bc459ed63574bdcee5dac0dabba937,2024-11,Essex Police,Essex Police,0.093180,51.773990,On or near Supermarket,E01021843,Harlow 004E,Other theft,Status update unavailable,
3cc2ed7a77c0ac495ad600b1705d94c92924611117f2583649165523f8642c2c,2024-11,Essex Police,Essex Police,0.085457,51.771529,On or near Hospital,E01021843,Harlow 004E,Other theft,Investigation complete; no suspect identified,
efd0e2147671aee0485113ea23e4aeff873ff14034021b5567b42276aae4f2d8,2024-11,Essex Police,Essex Police,0.093180,51.773990,On or near Supermarket,E01021843,Harlow 004E,Theft from the person,Investigation complete; no suspect identified,
84747bcb8bd9aca2c683eca5b7e5f901769f371d5ce52a81c8c7937630fdd997,2024-11,Essex Police,Essex Police,0.090560,51.772176,On or near Wych Elm,E01021843,Harlow 004E,Theft from the person,Investigation complete; no suspect identified,
4187f46b6b67af493400de0a0e533fc348e282f63910621ce7846114e4870553,2024-11,Essex Police,Essex Police,0.093180,51.773990,On or near Supermarket,E01021843,Harlow 004E,Theft from the person,Investigation complete; no suspect identified,
ec2ecead4162ca74d98dfa47a881ba1d5ecde3530a57771f52a6eb08a0233905,2024-11,Essex Police,Essex Police,0.092159,51.776661,On or near Parish Way,E01021843,Harlow 004E,Vehicle crime,Court result unavailable,
d92f4840bd36fb1bf764b14677ac8e5afc69aa840f4e49f6a272d2b8cb632016,2024-11,Essex Police,Essex Police,0.094458,51.776216,On or near Torkildsen Way,E01021843,Harlow 004E,Vehicle crime,Court result unavailable,
6ae8fca0ce2e2291ff3d38387869e6686982934ee82932ed801a744c774005f1,2024-11,Essex Police,Essex Police,0.092333,51.775417,On or near Bowhill Way,E01021843,Harlow 004E,Vehicle crime,Court result unavailable,
1eed1768b5442dec6c420134b251409627dab6f73d9a525232867558fc78b633,2024-11,Essex Police,Essex Police,0.085457,51.771529,On or near Hospital,E01021843,Harlow 004E,Violence and sexual offences,Action to be taken by another organisation,
c5ecd51441d0f05696ebb9de6f8d3e17375b07192f35303068325d470ff8876f,2024-11,Essex Police,Essex Police,0.085457,51.771529,On or near Hospital,E01021843,Harlow 004E,Violence and sexual offences,Investigation complete; no suspect identified,
cf9699eb35d96761b4d60e708548eda6ea35468b081ec0644bdad4fb51d3a352,2024-11,Essex Police,Essex Police,0.094150,51.777714,On or near Gladwin Way,E01021843,Harlow 004E,Violence and sexual offences,Investigation complete; no suspect identified,
f79a6d3a59610274e33d4b873965f2d27b6e4b70603d873ab4b695f0d013067d,2024-11,Essex Police,Essex Police,0.085457,51.771529,On or near Hospital,E01021843,Harlow 004E,Violence and sexual offences,Unable to prosecute suspect,
d2832998a313f8ed5ff35ea050e9603c9107724be909260767dbf0a9d4d9687e,2024-11,Essex Police,Essex Police,0.086734,51.771875,On or near Hospital,E01021843,Harlow 004E,Violence and sexual offences,Investigation complete; no suspect identified,
66ba30359f4a7ed59eb165c141871bf369b2b3f4bcfbcb56a17a8aa761ff25d5,2024-11,Essex Police,Essex Police,0.090482,51.774569,On or near Morley Grove,E01021843,Harlow 004E,Violence and sexual offences,Unable to prosecute suspect,
9fe01d7929bbd7333832afe15460b18e2683398876ab87b77f9e40711dcd95f7,2024-11,Essex Police,Essex Police,0.085457,51.771529,On or near Hospital,E01021843,Harlow 004E,Violence and sexual offences,Action to be taken by another organisation,
80746417c15d679d7d52702d7a5464d20d9fd4184d9d75e269869fa0a01ecfa4,2024-11,Essex Police,Essex Police,0.089780,51.771920,On or near Parking Area,E01021843,Harlow 004E,Violence and sexual offences,Unable to prosecute suspect,
135ec9737898dc43cc703b56a458a5885d20188a54cb383d7ed8412a0c06043a,2024-11,Essex Police,Essex Police,0.085457,51.771529,On or near Hospital,E01021843,Harlow 004E,Violence and sexual offences,Unable to prosecute suspect,
8da030afc0bd02e3bcb17623db7b3b3c2a03ddf7ce7d42de8d0b1e8e3d4e674d,2024-11,Essex Police,Essex Police,0.090482,51.774569,On or near Morley Grove,E01021843,Harlow 004E,Violence and sexual offences,Action to be taken by another organisation,
610c0f33ab5646016b787359220e0f3aa78ea17640c3c266f937b85a6cccb731,2024-11,Essex Police,Essex Police,0.090482,51.774569,On or near Morley Grove,E01021843,Harlow 004E,Violence and sexual offences,Unable to prosecute suspect,
975e64f1f77beea7d49137eca1b5677ba1fe9cd55317565cb7736fb0722f2c9b,2024-11,Essex Police,Essex Police,0.090482,51.774569,On or near Morley Grove,E01021843,Harlow 004E,Violence and sexual offences,Action to be taken by another organisation,
56bc81bbcc76cf2c46b29e2f5ddc219e4fa231faf98bad9d8db9790a3b7892e0,2024-11,Essex Police,Essex Police,0.085457,51.771529,On or near Hospital,E01021843,Harlow 004E,Violence and sexual offences,Unable to prosecute suspect,
4f87dc621e12e5afb3eb5f8ccd6d458ac9213a5e4d264ad8b416c8d64cbef36f,2024-11,Essex Police,Essex Police,0.085457,51.771529,On or near Hospital,E01021843,Harlow 004E,Violence and sexual offences,Investigation complete; no suspect identified,
22a6937ea2105cec8b0a63556dd8e2da618fd116449cd31fff1fbd0f3fedf69f,2024-11,Essex Police,Essex Police,0.085457,51.771529,On or near Hospital,E01021843,Harlow 004E,Violence and sexual offences,Unable to prosecute suspect,
40f022681eb9430bc203cbdf7d15da2a01ea70bed869b1599a12aff1f667cc0d,2024-11,Essex Police,Essex Police,0.085457,51.771529,On or near Hospital,E01021843,Harlow 004E,Violence and sexual offences,Action to be taken by another organisation,
12689fd168048d885d54680aff00e7536bad0f22cb36defa4214716fc6380f8b,2024-11,Essex Police,Essex Police,0.090482,51.774569,On or near Morley Grove,E01021843,Harlow 004E,Other crime,Action to be taken by another organisation,
d26052ac61ec1a345423ac76371eae00196e5b1d7d6f30e776323f67e4e367f8,2024-11,Essex Police,Essex Police,0.090482,51.774569,On or near Morley Grove,E01021843,Harlow 004E,Other crime,Action to be taken by another organisation,
6c4fa6f0a2285e31a9c4b60b0f569cec29b2fc95687beae16e1622546ea58204,2024-11,Essex Police,Essex Police,0.090482,51.774569,On or near Morley Grove,E01021843,Harlow 004E,Other crime,Action to be taken by another organisation,
d972ff47e2760b98d75573821644b2e81a2966a4501ed4cbebad933476aa8212,2024-11,Essex Police,Essex Police,0.146172,51.766578,On or near Denby Grange,E01021824,Harlow 005A,Criminal damage and arson,Unable to prosecute suspect,
e1633da7306e71d634efacb098e2e32b16d2974beba0c99fe6dd91261bd6ec41,2024-11,Essex Police,Essex Police,0.146172,51.766578,On or near Denby Grange,E01021824,Harlow 005A,Criminal damage and arson,Unable to prosecute suspect,
21ca69e03c6f769c9f75a91a6d9b2dc73b5ef926861e9e75904268b96fd7b52e,2024-11,Essex Police,Essex Police,0.146172,51.766578,On or near Denby Grange,E01021824,Harlow 005A,Criminal damage and arson,Unable to prosecute suspect,
71cd3ced3da37ecb4d521d7386bbea597b99e36d3377c1b84dc1067a5dc0aec9,2024-11,Essex Police,Essex Police,0.149388,51.767446,On or near Challinor,E01021824,Harlow 005A,Vehicle crime,Investigation complete; no suspect identified,
2bbbcb0263b779bec538701f2b343cb65eb725f10062018d38f5fedbbbb29107,2024-11,Essex Police,Essex Police,0.149388,51.767446,On or near Challinor,E01021824,Harlow 005A,Violence and sexual offences,Status update unavailable,
b5e5035ffbbb39e4568210bb2a5c5c2771626f4c52e5082e0aec88cdaa5ba271,2024-11,Essex Police,Essex Police,0.146432,51.765935,On or near Old Hall Rise,E01021824,Harlow 005A,Violence and sexual offences,Investigation complete; no suspect identified,
9102c588b85eaeeaefa455c09da72865858d2007219d34002fb8acaa47921719,2024-11,Essex Police,Essex Police,0.142744,51.762738,On or near Albert Gardens,E01021825,Harlow 005B,Public order,Local resolution,
6a778df209b73c52de210d9b6522f3a0ad4efe70fe75c55f72e40137d9cbe6b7,2024-11,Essex Police,Essex Police,0.135627,51.761483,On or near Coalport Close,E01021825,Harlow 005B,Vehicle crime,Investigation complete; no suspect identified,
,2024-11,Essex Police,Essex Police,0.144339,51.765811,On or near Sheldon Close,E01021826,Harlow 005C,Anti-social behaviour,,
f16aacff6d755673d14ceedd8edc6c14138951671ebb571df4b8b17461b721b2,2024-11,Essex Police,Essex Police,0.137566,51.764496,On or near Tickenhall Drive,E01021826,Harlow 005C,Public order,Unable to prosecute suspect,
f933ffa126dbd1eb603e93d422f2d8334acb6127ec5c198ad0ab2df0f15c11e8,2024-11,Essex Police,Essex Police,0.137701,51.765204,On or near Church Langley Way,E01021826,Harlow 005C,Public order,Investigation complete; no suspect identified,
d95c3146a13e3470b37dfe7d4b8af831f2903f9c107e784264e7485721821fce,2024-11,Essex Police,Essex Police,0.144339,51.765811,On or near Sheldon Close,E01021826,Harlow 005C,Violence and sexual offences,Unable to prosecute suspect,
97401ed14337a7c205e24203394cbbe67b9454d785f23707486a76436019168e,2024-11,Essex Police,Essex Police,0.133027,51.766575,On or near Minton Lane,E01021827,Harlow 005D,Criminal damage and arson,Investigation complete; no suspect identified,
b253931a66c99c03c24d36589aeeb6d4b1f2297757342537bcbacd26c8dd55ea,2024-11,Essex Police,Essex Police,0.130580,51.766637,On or near Petrol Station,E01021827,Harlow 005D,Other theft,Investigation complete; no suspect identified,
a6bbca0c7c5d4c79ebef1ba48eaa99a0296243963caaece3249d07e9088b6457,2024-11,Essex Police,Essex Police,0.130580,51.766637,On or near Petrol Station,E01021827,Harlow 005D,Other theft,Local resolution,
5a5f1813b1cb98ede31f245d693c562e735046fa0124dc4c87cbebb2557e506f,2024-11,Essex Police,Essex Police,0.133027,51.766575,On or near Minton Lane,E01021827,Harlow 005D,Public order,Investigation complete; no suspect identified,
d6cfe3fec9376227253a0b7a993d431f17727d208464cbcc202c6571536b4ceb,2024-11,Essex Police,Essex Police,0.133027,51.766575,On or near Minton Lane,E01021827,Harlow 005D,Public order,Investigation complete; no suspect identified,
d5ebd16a47ee215a2b11212248986b86ad3d1d0c7f123a1a99bb262790581405,2024-11,Essex Police,Essex Police,0.135056,51.766259,On or near Aynsley Gardens,E01021827,Harlow 005D,Violence and sexual offences,Unable to prosecute suspect,
1685d63a9bde8436d608bda7ca8ff559aad90503db62f75c9acfaa088f216044,2024-11,Essex Police,Essex Police,0.127670,51.765161,On or near The Gardiners,E01021827,Harlow 005D,Violence and sexual offences,Unable to prosecute suspect,
4d24bfca0799d99cb3d0c58de7bb477b8da9ca1dfdeae3160339b53f16024413,2024-11,Essex Police,Essex Police,0.127670,51.765161,On or near The Gardiners,E01021827,Harlow 005D,Violence and sexual offences,Unable to prosecute suspect,
77161797644650e10d2441d73457309a6a9ce24b38629d7aa0fef0fe96b947f3,2024-11,Essex Police,Essex Police,0.131382,51.763043,On or near Abbey Dale Close,E01021827,Harlow 005D,Violence and sexual offences,Unable to prosecute suspect,
,2024-11,Essex Police,Essex Police,0.143554,51.763937,On or near Wedgewood Drive,E01021828,Harlow 005E,Anti-social behaviour,,
,2024-11,Essex Police,Essex Police,0.146278,51.760551,On or near Malkin Drive,E01021828,Harlow 005E,Anti-social behaviour,,
e774b1867abfea55e12106a8bcde563ebb4eff1ce10153aae793869c205b87f4,2024-11,Essex Police,Essex Police,0.144630,51.762173,On or near Lane End,E01021828,Harlow 005E,Other theft,Investigation complete; no suspect identified,
0f63f7b0515024592f0ea8c9b5fe7a022043bf7f7f8b942e8c0bd91889d76855,2024-11,Essex Police,Essex Police,0.146544,51.762201,On or near Davenport,E01021828,Harlow 005E,Public order,Unable to prosecute suspect,
a37b5f259b6d1e45cd5099d965469a06820b4814250b9c6792dfaccc7d81495f,2024-11,Essex Police,Essex Police,0.146544,51.762201,On or near Davenport,E01021828,Harlow 005E,Vehicle crime,Investigation complete; no suspect identified,
bb42cac9a7749142a38f9afbe6b0b9352c9cc2e8bf3376916b876491704ff434,2024-11,Essex Police,Essex Police,0.146278,51.760551,On or near Malkin Drive,E01021828,Harlow 005E,Violence and sexual offences,Unable to prosecute suspect,
8eb5a1a310fbb553a5c89f6bb6c2d61113a010d3897e1e4cbb3dabb382d21572,2024-11,Essex Police,Essex Police,0.143554,51.763937,On or near Wedgewood Drive,E01021828,Harlow 005E,Violence and sexual offences,Unable to prosecute suspect,
78f152d05fe3aadf8ed7cb38804d219b0811bcd2892eeb190d12106e41c8d3ed,2024-11,Essex Police,Essex Police,0.119254,51.764315,On or near North Grove,E01021819,Harlow 006A,Criminal damage and arson,Investigation complete; no suspect identified,
2eaaa43fb1890fbf050892c33a46df2472d3380a507fed6ce232ccaf98e61d97,2024-11,Essex Police,Essex Police,0.119254,51.764315,On or near North Grove,E01021819,Harlow 006A,Drugs,Local resolution,
ab7fef2b9c94bb7ccac7fa5efe3308266b4febd53ebc940c9a8816f20a7804b0,2024-11,Essex Police,Essex Police,0.119254,51.764315,On or near North Grove,E01021819,Harlow 006A,Vehicle crime,Investigation complete; no suspect identified,
b10e700a5c9a475665dd3bb9a76eb502af55baf9a05ae43f874855b37f960267,2024-11,Essex Police,Essex Police,0.115664,51.763777,On or near Great Brays,E01021819,Harlow 006A,Vehicle crime,Investigation complete; no suspect identified,
9e970ed2596ffddca8947a7a066106b762dbcfb538848e9f06df9ec6719e0dfc,2024-11,Essex Police,Essex Police,0.118183,51.758777,On or near Stile Croft,E01021819,Harlow 006A,Violence and sexual offences,Unable to prosecute suspect,
4085038552d72d9a9a6cc2cacd39902a183f1e90467d5bbe0a17fe8dab26dda7,2024-11,Essex Police,Essex Police,0.116147,51.761089,On or near Little Brays,E01021820,Harlow 006B,Drugs,Investigation complete; no suspect identified,
45fc1ae316d2eb8cd4f37bea997250773b6efdd73314afad761fb7f2a0fa51fe,2024-11,Essex Police,Essex Police,0.109279,51.763919,On or near St Andrew'S Meadow,E01021820,Harlow 006B,Theft from the person,Status update unavailable,
a039ec28e1b4f99be2abb6005c2c62d3481ef4dcf4e81976e54f564d20bc09b3,2024-11,Essex Police,Essex Police,0.116933,51.763026,On or near Highfield,E01021820,Harlow 006B,Theft from the person,Investigation complete; no suspect identified,
06562cd36b83edb2c7ea2aa773e074ca1ac6cf19c01a411a4b3350456d38a78d,2024-11,Essex Police,Essex Police,0.109279,51.763919,On or near St Andrew'S Meadow,E01021820,Harlow 006B,Vehicle crime,Investigation complete; no suspect identified,
fcb0768486ed5ad11589098ec1c2f2c35141a9fc736516cf9c9a580b77a43cc9,2024-11,Essex Police,Essex Police,0.110305,51.761985,On or near Church Leys,E01021820,Harlow 006B,Violence and sexual offences,Unable to prosecute suspect,
2f7eb5e1a4ea8ff5671803a1a344097f960da18a1c825834f817347ac762c7e5,2024-11,Essex Police,Essex Police,0.116147,51.761089,On or near Little Brays,E01021820,Harlow 006B,Violence and sexual offences,Unable to prosecute suspect,
2b114c893cd7874e4ccf57a0138f263905d0abe3751dfc10bb498db1b1e778bd,2024-11,Essex Police,Essex Police,0.109279,51.763919,On or near St Andrew'S Meadow,E01021820,Harlow 006B,Violence and sexual offences,Unable to prosecute suspect,
,2024-11,Essex Police,Essex Police,0.107653,51.757941,On or near Hook Field,E01021822,Harlow 006C,Anti-social behaviour,,
0b64f813cc0fc291e8f5f305af22a62c6240b6c8d4f2b93cb48e6462cfcf7346,2024-11,Essex Police,Essex Police,0.105588,51.759660,On or near Rushes Mead,E01021822,Harlow 006C,Criminal damage and arson,Local resolution,
66f4a06e49816c499c2694564125117434f282d0658180392d2abeb0b9280a66,2024-11,Essex Police,Essex Police,0.105588,51.759660,On or near Rushes Mead,E01021822,Harlow 006C,Violence and sexual offences,Unable to prosecute suspect,
59f27a69c896c2fa058afa323e56e7116260c39d4dfe9944ce17cdc66e6847bf,2024-11,Essex Police,Essex Police,0.105588,51.759660,On or near Rushes Mead,E01021822,Harlow 006C,Violence and sexual offences,Offender given a caution,
35f86ad4dc0aaf3fab9fb44625f0fa9eff57b91f2fa4793456766c53c171f561,2024-11,Essex Police,Essex Police,0.107977,51.756802,On or near Upper Hook,E01021822,Harlow 006C,Other crime,Investigation complete; no suspect identified,
,2024-11,Essex Police,Essex Police,0.113052,51.758123,On or near Tilegate Road,E01021823,Harlow 006D,Anti-social behaviour,,
,2024-11,Essex Police,Essex Police,0.112361,51.756669,On or near Parking Area,E01021823,Harlow 006D,Anti-social behaviour,,
,2024-11,Essex Police,Essex Police,0.112383,51.757451,On or near Supermarket,E01021823,Harlow 006D,Anti-social behaviour,,
,2024-11,Essex Police,Essex Police,0.113052,51.758123,On or near Tilegate Road,E01021823,Harlow 006D,Anti-social behaviour,,
a2ebc10b7a7f4c1c1e0f7ade8bbe77f58dd9287de8b67ba0ba0c4a121818bd1b,2024-11,Essex Police,Essex Police,0.114526,51.758978,On or near Parking Area,E01021823,Harlow 006D,Criminal damage and arson,Unable to prosecute suspect,
c1bd534bce797ef33112ea11a04fb180f06ca16aacd2b224fdf7ff17f2b1ffb5,2024-11,Essex Police,Essex Police,0.112383,51.757451,On or near Supermarket,E01021823,Harlow 006D,Criminal damage and arson,Investigation complete; no suspect identified,
c75fefbe1030d9e2d3436d720833996ffae389aa3454b8483baf5831a0280bea,2024-11,Essex Police,Essex Police,0.114526,51.758978,On or near Parking Area,E01021823,Harlow 006D,Other theft,Unable to prosecute suspect,
6f9b25fc3c0119ad307ecb8947645578c40720db6d0e0dce4ec30802e4535cb5,2024-11,Essex Police,Essex Police,0.113052,51.758123,On or near Tilegate Road,E01021823,Harlow 006D,Public order,Unable to prosecute suspect,
f45f5051e87072c5446d94c1d7e09ddf2a40e6303c50af4f8b4197c8d782b1c5,2024-11,Essex Police,Essex Police,0.111105,51.758643,On or near Brays Mead,E01021823,Harlow 006D,Public order,Unable to prosecute suspect,
d2987fd08fe7935f2e7fa95a059f3485459a8c09f501fa31c81691c5818c6cda,2024-11,Essex Police,Essex Police,0.117880,51.757559,On or near Longfield,E01021823,Harlow 006D,Public order,Court result unavailable,
3d0b00d2dd5f83f6ed959cfad3d62c8990bd4a69874fd329504a3b1c624c2107,2024-11,Essex Police,Essex Police,0.117880,51.757559,On or near Longfield,E01021823,Harlow 006D,Public order,Investigation complete; no suspect identified,
706a492a3bf5abf218ddcddf39e28c13124f37fef7252d23c4c29d333a0bce15,2024-11,Essex Police,Essex Police,0.117880,51.757559,On or near Longfield,E01021823,Harlow 006D,Public order,Investigation complete; no suspect identified,
a29bf0f6095f5ae7fa2d48877e741fff99221d44ea1f337e2d9c946fea634b33,2024-11,Essex Police,Essex Police,0.112383,51.757451,On or near Supermarket,E01021823,Harlow 006D,Robbery,Unable to prosecute suspect,
a977f77010e4957fc2a82d24bda27e9779058c7fcc9698c90eee627e17527fed,2024-11,Essex Police,Essex Police,0.112383,51.757451,On or near Supermarket,E01021823,Harlow 006D,Shoplifting,Court result unavailable,
f99252e1428b366c4b4ce8004e155f6f131e8b720551038ac745d44328b1e6be,2024-11,Essex Police,Essex Police,0.112383,51.757451,On or near Supermarket,E01021823,Harlow 006D,Shoplifting,Court result unavailable,
a035d6ea33d9b9ca5ee084b3106cdb8483e8d5e3d5c1bb5a6e2917ca5d5551ad,2024-11,Essex Police,Essex Police,0.112383,51.757451,On or near Supermarket,E01021823,Harlow 006D,Shoplifting,Investigation complete; no suspect identified,
0a6c0a74bad4e00b83b60819c6c902123eac69ecfdb8245cfa26d580c2839711,2024-11,Essex Police,Essex Police,0.112383,51.757451,On or near Supermarket,E01021823,Harlow 006D,Shoplifting,Investigation complete; no suspect identified,
264a96f9310bb8643caf0f354cc9e473ee7ea0d3a48586c9d7e8dfbaebab290f,2024-11,Essex Police,Essex Police,0.112383,51.757451,On or near Supermarket,E01021823,Harlow 006D,Shoplifting,Local resolution,
f875dc26e346c3b753ad24b462b6ae1c87b539df25db327615c96065f199bbe6,2024-11,Essex Police,Essex Police,0.112383,51.757451,On or near Supermarket,E01021823,Harlow 006D,Shoplifting,Investigation complete; no suspect identified,
d568335c184f834dc032ceb4078d513aeec2d2834d5d7936b102ab8ec10ec26b,2024-11,Essex Police,Essex Police,0.111240,51.754702,On or near Sunny Croft,E01021823,Harlow 006D,Vehicle crime,Investigation complete; no suspect identified,
a162fe108cc73d46e330b4de894e0b2bb9ee5901c5bf8e555380458abf4b117e,2024-11,Essex Police,Essex Police,0.117880,51.757559,On or near Longfield,E01021823,Harlow 006D,Vehicle crime,Investigation complete; no suspect identified,
059ea700b0925b562efca892e71262c8ec369474360da13d768174c773eba54d,2024-11,Essex Police,Essex Police,0.117880,51.757559,On or near Longfield,E01021823,Harlow 006D,Violence and sexual offences,Action to be taken by another organisation,
0b50980797839e682f523cce2129bbfcadce7f54535159adfe916881a23ca358,2024-11,Essex Police,Essex Police,0.111105,51.758643,On or near Brays Mead,E01021823,Harlow 006D,Violence and sexual offences,Unable to prosecute suspect,
3e2516e397c7d7a5bc597e769d492eb98d920de254a0c30eba832bce4c868d0d,2024-11,Essex Police,Essex Police,0.114526,51.758978,On or near Parking Area,E01021823,Harlow 006D,Violence and sexual offences,Unable to prosecute suspect,
fdf3fa24c8ec9c0700c42aedd6b7d50207f58fa2fd667a953301b40b937e29a4,2024-11,Essex Police,Essex Police,0.114526,51.758978,On or near Parking Area,E01021823,Harlow 006D,Violence and sexual offences,Unable to prosecute suspect,
5394206847c6e4448c62f2bc313143c76f4b0ff1afad09f5e6ce13a1bdd9b5b8,2024-11,Essex Police,Essex Police,0.114338,51.756805,On or near The Fairway,E01021823,Harlow 006D,Violence and sexual offences,Unable to prosecute suspect,
12406ef924d29f105951892c55a0988f7f203d28d93ad63df34b6a750f3ad816,2024-11,Essex Police,Essex Police,0.114526,51.758978,On or near Parking Area,E01021823,Harlow 006D,Violence and sexual offences,Unable to prosecute suspect,
0924a277cbf50937d867c153ae56f43bb825e7586a7b5176de4142e08f24288e,2024-11,Essex Police,Essex Police,0.112361,51.756669,On or near Parking Area,E01021823,Harlow 006D,Violence and sexual offences,Status update unavailable,
0e934bacf4592d5688a00a3756fb05d07397420e164000acdeaeb6401a8ac49b,2024-11,Essex Police,Essex Police,0.114867,51.758522,On or near Petrol Station,E01021823,Harlow 006D,Violence and sexual offences,Investigation complete; no suspect identified,
98917101a07ce2deb02f0497da5218ebaf5fd78c16c7d03fa8e2296185ddbf0c,2024-11,Essex Police,Essex Police,0.105236,51.760817,On or near Bushey Croft,E01021870,Harlow 006E,Criminal damage and arson,Investigation complete; no suspect identified,
d7be83d4c9cb7e7e763714fed34f61b1bf55293f3d06532f5a3d12745f0297c7,2024-11,Essex Police,Essex Police,0.094014,51.760055,On or near Willowfield,E01021870,Harlow 006E,Criminal damage and arson,Investigation complete; no suspect identified,
15796a1ef34144bbabc244e93f1234ae847b3c3431f3defcd99e6052394be58b,2024-11,Essex Police,Essex Police,0.105236,51.760817,On or near Bushey Croft,E01021870,Harlow 006E,Drugs,Action to be taken by another organisation,
2d376be3ae51ad1e6a9278e12c101960ec086a9dd8c22998b659638992c5660f,2024-11,Essex Police,Essex Police,0.104578,51.763787,On or near Tripton Road,E01021870,Harlow 006E,Other theft,Investigation complete; no suspect identified,
33014145ff9ada3b27d8e54143b8da4bbe8cea2106262347fb4796ec4f90bbb9,2024-11,Essex Police,Essex Police,0.101264,51.762956,On or near Stony Wood,E01021870,Harlow 006E,Theft from the person,Investigation complete; no suspect identified,
c0a308eaa90ed7fe5212feb1d63671a4f2c9adabd121db3dfed8acbaaa503514,2024-11,Essex Police,Essex Police,0.104578,51.763787,On or near Tripton Road,E01021870,Harlow 006E,Violence and sexual offences,Investigation complete; no suspect identified,
bba3b0605de6fbf100972e79509ca84da39c477cc32be5501ce07c2b3b1315d6,2024-11,Essex Police,Essex Police,0.104578,51.763787,On or near Tripton Road,E01021870,Harlow 006E,Violence and sexual offences,Unable to prosecute suspect,
1879ad82f4421dc11c052a8716ca27b1e36c9a6aee0f572567eb1a2e8ce47359,2024-11,Essex Police,Essex Police,0.104204,51.762607,On or near Westfield,E01021870,Harlow 006E,Violence and sexual offences,Unable to prosecute suspect,
3e4a21523a991d0ce560960898fae0661f7481f697bc806e332f115eda103d30,2024-11,Essex Police,Essex Police,0.094014,51.760055,On or near Willowfield,E01021870,Harlow 006E,Violence and sexual offences,Unable to prosecute suspect,
b6877a6934e41b9c004307e0445779719020265e918443efeb7c554ec8d0c56a,2024-11,Essex Police,Essex Police,0.088109,51.754873,On or near Shawbridge,E01021831,Harlow 007A,Criminal damage and arson,Investigation complete; no suspect identified,
24df71cf2658f9cdc031a098e803962f0c8bc6599490217c6bfdf12bde62f714,2024-11,Essex Police,Essex Police,0.088109,51.754873,On or near Shawbridge,E01021831,Harlow 007A,Criminal damage and arson,Investigation complete; no suspect identified,
5a94ec94a3debcc5088c43f64e345fa6b816fd0c577f7ed44ae296c84ad173d3,2024-11,Essex Police,Essex Police,0.088109,51.754873,On or near Shawbridge,E01021831,Harlow 007A,Criminal damage and arson,Investigation complete; no suspect identified,
a695550646071e3905866dcf6001f7e389f6985fd14541e842a0125e33234b78,2024-11,Essex Police,Essex Police,0.088109,51.754873,On or near Shawbridge,E01021831,Harlow 007A,Criminal damage and arson,Investigation complete; no suspect identified,
41ea2020e9758a4aaa5d6abf6fa6fa54768ed6300d328c674d33647e9f75a588,2024-11,Essex Police,Essex Police,0.088109,51.754873,On or near Shawbridge,E01021831,Harlow 007A,Criminal damage and arson,Investigation complete; no suspect identified,
f62cb0b78d6ac637134b20784a97b0c342c21fcc4a9fd546fd0509ff68c4af17,2024-11,Essex Police,Essex Police,0.085359,51.758078,On or near Tylney Croft,E01021831,Harlow 007A,Criminal damage and arson,Investigation complete; no suspect identified,
018064497f9c1b0ea3ab3a7b2b3904d9ac84c3927b49d5a9af0701584e594cc5,2024-11,Essex Police,Essex Police,0.085952,51.756170,On or near Holly Field,E01021831,Harlow 007A,Public order,Unable to prosecute suspect,
3fa8015bab4d75493e6e4aa9f2313d1385a8786c55f968efb8c968b253fb92a9,2024-11,Essex Police,Essex Police,0.085952,51.756170,On or near Holly Field,E01021831,Harlow 007A,Public order,Unable to prosecute suspect,
514b26719e018e0dc61d2387217d869d80afa5581c6b4d4b0d0631ddef7780bc,2024-11,Essex Police,Essex Police,0.085952,51.756170,On or near Holly Field,E01021831,Harlow 007A,Public order,Unable to prosecute suspect,
b0a3fb57a54a01de3fdd27252ea12be3ada904162d407a8678ca7edaf0e5ad8b,2024-11,Essex Police,Essex Police,0.090215,51.755609,On or near Parking Area,E01021831,Harlow 007A,Vehicle crime,Investigation complete; no suspect identified,
1887249b1e64faa5ef67f737eeb0e17f94b5f9e09882d22b67f8e10e1a1983d2,2024-11,Essex Police,Essex Police,0.088109,51.754873,On or near Shawbridge,E01021831,Harlow 007A,Vehicle crime,Investigation complete; no suspect identified,
db941ac7606b231eeebb64a599f765c88c680df55287ba8575f1cea937390329,2024-11,Essex Police,Essex Police,0.089078,51.758282,On or near Abercrombie Way,E01021831,Harlow 007A,Violence and sexual offences,Unable to prosecute suspect,
21009ee38903e1d45ac01210b31678acd7de6b564f84603077835ff0542c18ef,2024-11,Essex Police,Essex Police,0.085952,51.756170,On or near Holly Field,E01021831,Harlow 007A,Violence and sexual offences,Awaiting court outcome,
b0f0e3add8636ccd6dbcdd60b667a3eabccfe1ad743dc68d4cfba848bf21308f,2024-11,Essex Police,Essex Police,0.085952,51.756170,On or near Holly Field,E01021831,Harlow 007A,Violence and sexual offences,Court result unavailable,
468066cfe34a3b01ed1f969d6dcf9675761193e3d7b794cf7df7189478c2a274,2024-11,Essex Police,Essex Police,0.088109,51.754873,On or near Shawbridge,E01021831,Harlow 007A,Violence and sexual offences,Unable to prosecute suspect,
57881f9823edf03eb6b6c21f37d7c9339eed4544951609382bd01424154a4b5d,2024-11,Essex Police,Essex Police,0.088109,51.754873,On or near Shawbridge,E01021831,Harlow 007A,Violence and sexual offences,Offender given a caution,
,2024-11,Essex Police,Essex Police,0.096462,51.768482,On or near Police Station,E01021868,Harlow 007B,Anti-social behaviour,,
bd91c396ce7cd8c592a755a603c50c60c79e66401cd14b291424e5e279506864,2024-11,Essex Police,Essex Police,0.096015,51.767276,On or near Supermarket,E01021868,Harlow 007B,Criminal damage and arson,Unable to prosecute suspect,
141ca6be8ba6134a0b404bbb8d955929f3c04f97ba5897def459c615e1cdb1c8,2024-11,Essex Police,Essex Police,0.096462,51.768482,On or near Police Station,E01021868,Harlow 007B,Drugs,Offender given a caution,
13a80571440012f48f4ffcd7a357481f7e5b6ab150ab631a16c02405d90f352b,2024-11,Essex Police,Essex Police,0.096462,51.768482,On or near Police Station,E01021868,Harlow 007B,Drugs,Local resolution,
4436bbd4bba4c5a58bf31d0db0551eba06d91c05db438879b5b8cde14a8b3ad3,2024-11,Essex Police,Essex Police,0.094767,51.766310,On or near Parking Area,E01021868,Harlow 007B,Other theft,Investigation complete; no suspect identified,
88686bc295f0c6e7cf8b0ab8c80ad9309bc917ce154d5a080ddf1bde319d6512,2024-11,Essex Police,Essex Police,0.096462,51.768482,On or near Police Station,E01021868,Harlow 007B,Public order,Court result unavailable,
fcb205328fc30d91247674da016d9660100b80bae290384e9aea0e4cc070468c,2024-11,Essex Police,Essex Police,0.094767,51.766310,On or near Parking Area,E01021868,Harlow 007B,Shoplifting,Investigation complete; no suspect identified,
23396eb8f1cb21b5f9839154ff1eeaf8358ac524abe4ccde7495c2866b76fc58,2024-11,Essex Police,Essex Police,0.096015,51.767276,On or near Supermarket,E01021868,Harlow 007B,Shoplifting,Court result unavailable,
d13392ed180ceee127ba46e9b966e78fe434d5e20a09d2f5874af86276582272,2024-11,Essex Police,Essex Police,0.094767,51.766310,On or near Parking Area,E01021868,Harlow 007B,Shoplifting,Local resolution,
1acfcfea9f377dde693e150505cb1d50bb1d345f8ccbc1a00797585f0e93c218,2024-11,Essex Police,Essex Police,0.094767,51.766310,On or near Parking Area,E01021868,Harlow 007B,Shoplifting,Investigation complete; no suspect identified,
96b958403f592031990b33d421fe2ba8c5b65f4fb5ead9961b3e8adc03c2b81e,2024-11,Essex Police,Essex Police,0.096015,51.767276,On or near Supermarket,E01021868,Harlow 007B,Shoplifting,Investigation complete; no suspect identified,
f65ba2718eaf954c058c2f9d0f0a4c4e4dc301231ff2527701e97be73ca09985,2024-11,Essex Police,Essex Police,0.096015,51.767276,On or near Supermarket,E01021868,Harlow 007B,Shoplifting,Court result unavailable,
4386961368a845a0e23df225adfeb8aac5efc340954779c6d4468857e051fc19,2024-11,Essex Police,Essex Police,0.096015,51.767276,On or near Supermarket,E01021868,Harlow 007B,Shoplifting,Court result unavailable,
ade377ec79167a270e284089c334a32f836d2cbbe13c0468bf8dd09bfd1aa3ce,2024-11,Essex Police,Essex Police,0.096015,51.767276,On or near Supermarket,E01021868,Harlow 007B,Shoplifting,Court result unavailable,
85d2491fbd346a2216467b083f546614baf9f099189908699039673789e0d194,2024-11,Essex Police,Essex Police,0.096015,51.767276,On or near Supermarket,E01021868,Harlow 007B,Shoplifting,Court result unavailable,
d96e6fc02ec82ed4bb839110e25aa71482eda1890f899ee72d474b81df4dd189,2024-11,Essex Police,Essex Police,0.094767,51.766310,On or near Parking Area,E01021868,Harlow 007B,Shoplifting,Investigation complete; no suspect identified,
a9f45cb391a8053cc3b8fb8ee36588b317b2e0e9a2eb4f1facaed33a1bd70a54,2024-11,Essex Police,Essex Police,0.094767,51.766310,On or near Parking Area,E01021868,Harlow 007B,Shoplifting,Investigation complete; no suspect identified,
e6a0ed666029b1f33e229f5756f2348305ffc64bc2d63ca942c88a8636259a3e,2024-11,Essex Police,Essex Police,0.096015,51.767276,On or near Supermarket,E01021868,Harlow 007B,Violence and sexual offences,Investigation complete; no suspect identified,
ddb34132f7ca9be0a2cbcd9ea0904a70b0f0a18f82a4208b7f475b54cf63477e,2024-11,Essex Police,Essex Police,0.096015,51.767276,On or near Supermarket,E01021868,Harlow 007B,Violence and sexual offences,Unable to prosecute suspect,
edbb90eb5ee31c45cc91c4de87730b116f0c97970d2a865ae29b934857b6111f,2024-11,Essex Police,Essex Police,0.096462,51.768482,On or near Police Station,E01021868,Harlow 007B,Violence and sexual offences,Unable to prosecute suspect,
00820ca1d09d11f6d5eed4350a3c4e9abfe5e35a89997d04224915ef49e4f5b4,2024-11,Essex Police,Essex Police,0.096462,51.768482,On or near Police Station,E01021868,Harlow 007B,Violence and sexual offences,Unable to prosecute suspect,
d42dd1ec85d063a78672f3be519ac87c1740554d24a0b311f46a253e8d2a0699,2024-11,Essex Police,Essex Police,0.096015,51.767276,On or near Supermarket,E01021868,Harlow 007B,Violence and sexual offences,Investigation complete; no suspect identified,
e8169d135e31d6b2491af1d92843c9607d7c64c84ccda44289bff0b4300a49d1,2024-11,Essex Police,Essex Police,0.096462,51.768482,On or near Police Station,E01021868,Harlow 007B,Violence and sexual offences,Unable to prosecute suspect,
5e5a374f06126c46a9bbd660cdf29cc5490d2e36570b741ad2b7d6e595158f0e,2024-11,Essex Police,Essex Police,0.096015,51.767276,On or near Supermarket,E01021868,Harlow 007B,Other crime,Unable to prosecute suspect,
f6afea075c8014517b22f6ec599bf6159257232225fb3cdf5230762801a9cacf,2024-11,Essex Police,Essex Police,0.096015,51.767276,On or near Supermarket,E01021868,Harlow 007B,Other crime,Unable to prosecute suspect,
993569220222319a584e3677289e4d97dc7fa58a77feec43f6aaa2b4cd3c5009,2024-11,Essex Police,Essex Police,0.093710,51.755061,On or near Finchmoor,E01021869,Harlow 007C,Other theft,Investigation complete; no suspect identified,
31d21df2548ecdadfcc3e7ea26b3d1c67958016ef6ae76b48d3f396c3243b1cf,2024-11,Essex Police,Essex Police,0.094371,51.758071,On or near Old Orchard,E01021869,Harlow 007C,Vehicle crime,Investigation complete; no suspect identified,
c46d2e54a9b263e362cf2ad609e3f3d2424b42b09f75fe376d093d1056dd0357,2024-11,Essex Police,Essex Police,0.099929,51.757926,On or near Partridge Court,E01021869,Harlow 007C,Vehicle crime,Investigation complete; no suspect identified,
1abcfd4ebe9c8d0d20e7ce89dd48ade73979d4926d3a1786a9cf08ad7060ccb7,2024-11,Essex Police,Essex Police,0.097389,51.755031,On or near Abbotsweld,E01021869,Harlow 007C,Vehicle crime,Investigation complete; no suspect identified,
75f4b41d5fadb8bf4fb76f6c48cbc4bb15b201c76c5257389899b90c600a2506,2024-11,Essex Police,Essex Police,0.094371,51.758071,On or near Old Orchard,E01021869,Harlow 007C,Violence and sexual offences,Unable to prosecute suspect,
740ded8a7b6ac12fdd995b35cea9ede3991e6166a98d0dd843ad6efbd87ab4f0,2024-11,Essex Police,Essex Police,0.099120,51.757662,On or near Barn Mead,E01021869,Harlow 007C,Violence and sexual offences,Unable to prosecute suspect,
b989fc5fc4f2654174d9cf253cd14055fb1d5e0bfb626c42f900ad569197489c,2024-11,Essex Police,Essex Police,0.093007,51.753940,On or near A1169,E01021869,Harlow 007C,Violence and sexual offences,Unable to prosecute suspect,
73204a7b13d723566522056e2850675a6bf4b25cc7b5c728e9c914ddfe0ceffd,2024-11,Essex Police,Essex Police,0.099119,51.756079,On or near Partridge Road,E01021871,Harlow 007D,Criminal damage and arson,Unable to prosecute suspect,
2f01b1e5e44407baffa5437d3900e691427bd575593c549506266242b5c3ac97,2024-11,Essex Police,Essex Police,0.099119,51.756079,On or near Partridge Road,E01021871,Harlow 007D,Criminal damage and arson,Court result unavailable,
446e01580717247b719d8b736633b404d9ea96ea0f0377a0b58f44439ad2bd0b,2024-11,Essex Police,Essex Police,0.102133,51.754533,On or near Five Acres,E01021871,Harlow 007D,Criminal damage and arson,Investigation complete; no suspect identified,
ec4c093e03f9677cb63c77e20d534732e6b864323f9d682fa3e5342597feb1a5,2024-11,Essex Police,Essex Police,0.102133,51.754533,On or near Five Acres,E01021871,Harlow 007D,Public order,Court result unavailable,
c92d53c7ca75c1c4d07e3d795b142f22aa1a5340cf09683f0ddb91567754c3df,2024-11,Essex Police,Essex Police,0.102133,51.754533,On or near Five Acres,E01021871,Harlow 007D,Vehicle crime,Investigation complete; no suspect identified,
14b2f3120d6b2d50625104f4a029065443b83cd2070044c07adde18a315564fc,2024-11,Essex Police,Essex Police,0.095931,51.753879,On or near Charters Cross,E01021871,Harlow 007D,Violence and sexual offences,Unable to prosecute suspect,
e326bb29bec4f0e76a5faa4112df16c28b897196380213eba9ab9adc3d0350ef,2024-11,Essex Police,Essex Police,0.102133,51.754533,On or near Five Acres,E01021871,Harlow 007D,Violence and sexual offences,Action to be taken by another organisation,
b6e94d89943712f8ccce0cad6a42d1f8d1268279349b71dd6bf8c57baeae8e1c,2024-11,Essex Police,Essex Police,0.099119,51.756079,On or near Partridge Road,E01021871,Harlow 007D,Other crime,Formal action is not in the public interest,
,2024-11,Essex Police,Essex Police,0.095343,51.769671,On or near Nightclub,E01034366,Harlow 007F,Anti-social behaviour,,
,2024-11,Essex Police,Essex Police,0.092291,51.771371,On or near North Gate,E01034366,Harlow 007F,Anti-social behaviour,,
268d059da4891ba9ff3191720412cae741f33e5961d9e608a1d2d4bb6260ebf5,2024-11,Essex Police,Essex Police,0.092291,51.771371,On or near North Gate,E01034366,Harlow 007F,Criminal damage and arson,Offender given a caution,
e744a475ccf87a3a0715182e46e6c309fbe7886f97395005d5cf6fef80b113e3,2024-11,Essex Police,Essex Police,0.096576,51.769065,On or near Crown Gate,E01034366,Harlow 007F,Criminal damage and arson,Unable to prosecute suspect,
94d3997012db77afe6a8b8b60f9575e52e475fa4c71a3311203a2ac95c69e801,2024-11,Essex Police,Essex Police,0.096576,51.769065,On or near Crown Gate,E01034366,Harlow 007F,Criminal damage and arson,Investigation complete; no suspect identified,
027480eed8a99c8d8754d1773111b73b4c94196f298e434d3b4e6b99df77604f,2024-11,Essex Police,Essex Police,0.093273,51.769106,On or near Shopping Area,E01034366,Harlow 007F,Criminal damage and arson,Investigation complete; no suspect identified,
03a587607356429b99b4620503dfe3868b29a3e86a75baa2404b51f5f192b3bf,2024-11,Essex Police,Essex Police,0.095346,51.770355,On or near Bus/Coach Station,E01034366,Harlow 007F,Drugs,Local resolution,
4e40f38124601d51fd88c057abfc92545bd269c8004482004b0a156fa21eba12,2024-11,Essex Police,Essex Police,0.096215,51.767839,On or near Luther King Road,E01034366,Harlow 007F,Drugs,Local resolution,
4ff1d792eb6bf3fd3ad4171d4c4e47ce345b47574b9713072172fb5c94e29ac2,2024-11,Essex Police,Essex Police,0.092743,51.768612,On or near Theatre/Concert Hall,E01034366,Harlow 007F,Drugs,Local resolution,
959a6a110c2e8ddea2ba6cd312a5fa230290fface12801749e7df631499636fe,2024-11,Essex Police,Essex Police,0.096083,51.768121,On or near South Gate,E01034366,Harlow 007F,Drugs,Local resolution,
4ec0af4bb246d17a9ff87656cd0681202fb9c0dcf4a0550575a3bdd03a9a84f6,2024-11,Essex Police,Essex Police,0.090116,51.770403,On or near Parking Area,E01034366,Harlow 007F,Other theft,Investigation complete; no suspect identified,
39f4fd53ee3d82abd8e9af5761111ddbf3d57b7200664209fc4ae2d04f531f8a,2024-11,Essex Police,Essex Police,0.094772,51.771102,On or near East Gate,E01034366,Harlow 007F,Other theft,Investigation complete; no suspect identified,
dc0f9886eef048aa2aad877d3938e62de09a1e67fe312d25313afbc25937be0b,2024-11,Essex Police,Essex Police,0.096576,51.769065,On or near Crown Gate,E01034366,Harlow 007F,Other theft,Investigation complete; no suspect identified,
8fb924f6ec4cdbf391ec67498c3b1020cf8bded567b4de7de75357bf4280cf6d,2024-11,Essex Police,Essex Police,0.095343,51.769671,On or near Nightclub,E01034366,Harlow 007F,Other theft,Status update unavailable,
826d9e8aec1d95f65143fdc3c694a57fad8bb2639e12017c164113faec8d61b4,2024-11,Essex Police,Essex Police,0.096215,51.767839,On or near Luther King Road,E01034366,Harlow 007F,Other theft,Investigation complete; no suspect identified,
17b3480c50253b6706403dcd137861dd2e5a31cc056ea21f65ce2d73bbc103e3,2024-11,Essex Police,Essex Police,0.096083,51.768121,On or near South Gate,E01034366,Harlow 007F,Public order,Local resolution,
d4ab9debd771921e1e70f1eb84e6672ed2ff841c53b633bfac68be87258f47f9,2024-11,Essex Police,Essex Police,0.093273,51.769106,On or near Shopping Area,E01034366,Harlow 007F,Public order,Unable to prosecute suspect,
2f6cf932f89dae0f81095c923e8239dda354b052ef8ab2bd06cec0fc631bcd5c,2024-11,Essex Police,Essex Police,0.093273,51.769106,On or near Shopping Area,E01034366,Harlow 007F,Public order,Unable to prosecute suspect,
0ae9cc9ec65c3786187e7b6b39447820ff43a86849e4d9ee69a81b5c81fdea3e,2024-11,Essex Police,Essex Police,0.094772,51.771102,On or near East Gate,E01034366,Harlow 007F,Public order,Investigation complete; no suspect identified,
bb4f814f67af19c50b3b394e89551ea2af0001a8f6199b74f8233f2f6fc0c166,2024-11,Essex Police,Essex Police,0.094436,51.771360,On or near Adams House,E01034366,Harlow 007F,Public order,Unable to prosecute suspect,
f5ddf35ac3855a5a711066c011cd5e9f99b473c11dd9c015bf5f874378027427,2024-11,Essex Police,Essex Police,0.094772,51.771102,On or near East Gate,E01034366,Harlow 007F,Public order,Investigation complete; no suspect identified,
3339e2bef327a91eedba1f7dc7e481e460bf3cfd5f385cf7628bc0ac10ee1e40,2024-11,Essex Police,Essex Police,0.093273,51.769106,On or near Shopping Area,E01034366,Harlow 007F,Public order,Unable to prosecute suspect,
6e4756b01f061187e67b6ad359cb923fad350d86d1f21c29222ba69695564467,2024-11,Essex Police,Essex Police,0.094436,51.771360,On or near Adams House,E01034366,Harlow 007F,Shoplifting,Local resolution,
c845d9cb19294561f9f23cc37d9d2fd1a53b32df59d8050f322c398bc274683b,2024-11,Essex Police,Essex Police,0.095343,51.769671,On or near Nightclub,E01034366,Harlow 007F,Shoplifting,Court result unavailable,
23e64bc52f20870e67f8ce4ce8adc6725edae33e93bb95f49d92d25d40faf56c,2024-11,Essex Police,Essex Police,0.093273,51.769106,On or near Shopping Area,E01034366,Harlow 007F,Shoplifting,Investigation complete; no suspect identified,
bcb4ce2118541036aa5fb8068e8f9e1d904f40ece398257d3a9fef0d0def1379,2024-11,Essex Police,Essex Police,0.093273,51.769106,On or near Shopping Area,E01034366,Harlow 007F,Shoplifting,Investigation complete; no suspect identified,
e78fc4e0c70a6fc5643bbea930d11d0e71529a382fd2bf935cfcc8e360a40275,2024-11,Essex Police,Essex Police,0.093273,51.769106,On or near Shopping Area,E01034366,Harlow 007F,Shoplifting,Investigation complete; no suspect identified,
68b979b3c509836de71b0471083e2ccc9d9a740df6246628171d95cf524b7035,2024-11,Essex Police,Essex Police,0.091028,51.769766,On or near West Gate,E01034366,Harlow 007F,Shoplifting,Court result unavailable,
829ae133c7dd5360f5938f47269db941b379bd88531e611f399536748da532a9,2024-11,Essex Police,Essex Police,0.095343,51.769671,On or near Nightclub,E01034366,Harlow 007F,Shoplifting,Court result unavailable,
ae32d1d938c38194855253657da806e936c2d36a8ae5af71fbac04e5fa9f42ce,2024-11,Essex Police,Essex Police,0.096215,51.767839,On or near Luther King Road,E01034366,Harlow 007F,Theft from the person,Investigation complete; no suspect identified,
3f5539b18cf96811d8ea0dcfd9485457b7d810b26fac22e1060268ce21be5591,2024-11,Essex Police,Essex Police,0.096215,51.767839,On or near Luther King Road,E01034366,Harlow 007F,Theft from the person,Investigation complete; no suspect identified,
e319d0d6046b9626e36840476f40e8ab20ffb04be56961e0425e69e3e1cffca4,2024-11,Essex Police,Essex Police,0.094772,51.771102,On or near East Gate,E01034366,Harlow 007F,Theft from the person,Investigation complete; no suspect identified,
ae23d60060f32d28519ac04489fc2821df9c484216677a825c67d68293eaaff4,2024-11,Essex Police,Essex Police,0.093273,51.769106,On or near Shopping Area,E01034366,Harlow 007F,Theft from the person,Investigation complete; no suspect identified,
4375c6913516208cfeb164a7de190c42f8ca4ff4ec528c5741f2f9f0dde35568,2024-11,Essex Police,Essex Police,0.095343,51.769671,On or near Nightclub,E01034366,Harlow 007F,Theft from the person,Court result unavailable,
4b7d5b7c1b5b1d423532aee25f43fa3ec057c6a9a05e95f77037ad1a23214aef,2024-11,Essex Police,Essex Police,0.096083,51.768121,On or near South Gate,E01034366,Harlow 007F,Theft from the person,Court result unavailable,
cd3b46a0f1b88610485ffec4b5575c15deb85a7b77259422a949c94d9d0a1b01,2024-11,Essex Police,Essex Police,0.094436,51.771360,On or near Adams House,E01034366,Harlow 007F,Theft from the person,Unable to prosecute suspect,
341443fee9124c078c42849f3929d7fa6e05bf22a45b38fd0d374e5f58a8e64f,2024-11,Essex Police,Essex Police,0.092291,51.771371,On or near North Gate,E01034366,Harlow 007F,Vehicle crime,Investigation complete; no suspect identified,
d2904599b2236e722dfedfa0e87308c36e5f2ffac50a6652908854f525404f66,2024-11,Essex Police,Essex Police,0.092699,51.767974,On or near College Square,E01034366,Harlow 007F,Vehicle crime,Status update unavailable,
6333fea5f883b37d15c78cc0d1f24358dfd3b986199dfc4680f9fb364b37f372,2024-11,Essex Police,Essex Police,0.095680,51.770376,On or near Terminus Street,E01034366,Harlow 007F,Vehicle crime,Investigation complete; no suspect identified,
1cebd64432c04a6082a2fd5bffbd10bfa5f17da680ceb6d4e588dd0d37608ab7,2024-11,Essex Police,Essex Police,0.091621,51.768785,On or near Shopping Area,E01034366,Harlow 007F,Violence and sexual offences,Unable to prosecute suspect,
2077aecdb8dd1c75102e3263015a4fa9182de79ea187f465a1a1e8d5a20491f3,2024-11,Essex Police,Essex Police,0.091621,51.768785,On or near Shopping Area,E01034366,Harlow 007F,Violence and sexual offences,Unable to prosecute suspect,
c82b41c6142f31cea3e4c19fab44de10aa2078b20aecbf50c29a9af2b957b111,2024-11,Essex Police,Essex Police,0.091028,51.769766,On or near West Gate,E01034366,Harlow 007F,Violence and sexual offences,Unable to prosecute suspect,
65fff07988ba82d76790759470ed875cfcca310ba96e0ac42f41b247df18671a,2024-11,Essex Police,Essex Police,0.093273,51.769106,On or near Shopping Area,E01034366,Harlow 007F,Violence and sexual offences,Unable to prosecute suspect,
73b3232f1c343d2720c0c49f071efa019b017ff12a48a5ec030366bce372635a,2024-11,Essex Police,Essex Police,0.091621,51.768785,On or near Shopping Area,E01034366,Harlow 007F,Violence and sexual offences,Unable to prosecute suspect,
7b64a2e65950b54b65ca91fd87869f807607208c9f04ff98b357157a12322620,2024-11,Essex Police,Essex Police,0.094772,51.771102,On or near East Gate,E01034366,Harlow 007F,Violence and sexual offences,Offender given a caution,
95ce6243a604c0ecfe91dd93c243fc5e0fb78c50dc626773719671aecded32ce,2024-11,Essex Police,Essex Police,0.094512,51.772060,On or near Post Office Road,E01034366,Harlow 007F,Violence and sexual offences,Investigation complete; no suspect identified,
c2a74f0123140bdc5cb56e37db332a86e1f3356a4c6e31824a2f1aca854195e0,2024-11,Essex Police,Essex Police,0.095680,51.770376,On or near Terminus Street,E01034366,Harlow 007F,Violence and sexual offences,Investigation complete; no suspect identified,
54ffcc6f320f4257c791b5029d6ad31448cc966b63fcde867c7b51d8dd9261bf,2024-11,Essex Police,Essex Police,0.095680,51.770376,On or near Terminus Street,E01034366,Harlow 007F,Violence and sexual offences,Investigation complete; no suspect identified,
cb83ab13149091a0be835d6f35f5b6fe3cd0d447e057d8ebaa6e95643ab11d61,2024-11,Essex Police,Essex Police,0.095343,51.769671,On or near Nightclub,E01034366,Harlow 007F,Violence and sexual offences,Unable to prosecute suspect,
121c1478693d52e16497dfea184573138ab745262cbefb572360476a26e97568,2024-11,Essex Police,Essex Police,0.094436,51.771360,On or near Adams House,E01034366,Harlow 007F,Violence and sexual offences,Unable to prosecute suspect,
92c380481ea0e6389bb4c097d382a7f306b4715a41d201189564e41c86649851,2024-11,Essex Police,Essex Police,0.092291,51.771371,On or near North Gate,E01034366,Harlow 007F,Violence and sexual offences,Awaiting court outcome,
70626d1a125a57ce07357a7ed68a884f5bc8a2ac9c7c50a1ecf52e9d76d9ef00,2024-11,Essex Police,Essex Police,0.094436,51.771360,On or near Adams House,E01034366,Harlow 007F,Violence and sexual offences,Unable to prosecute suspect,
0bde0f2b616a5ad20e64ef766c440a44eba5271f9ac0644635e6fb9f4bc5d2bc,2024-11,Essex Police,Essex Police,0.095680,51.770376,On or near Terminus Street,E01034366,Harlow 007F,Violence and sexual offences,Unable to prosecute suspect,
b9af57d3bc93d6ae254b1f655913fcc8aeb45033a9fbf6ed4a88945401352cda,2024-11,Essex Police,Essex Police,0.096840,51.770067,On or near Velizy Avenue,E01034366,Harlow 007F,Violence and sexual offences,Court result unavailable,
a8d391812a35544d9f2f539b493f5f46bbcaa0fd9a3329a70d3265a8291ac1cf,2024-11,Essex Police,Essex Police,0.094436,51.771360,On or near Adams House,E01034366,Harlow 007F,Violence and sexual offences,Unable to prosecute suspect,
1411f243258b2e351e6e04fdd9b554d4b81d4f3b1badb1c0b0be2747a666ec40,2024-11,Essex Police,Essex Police,0.094590,51.767115,On or near Shopping Area,E01034366,Harlow 007F,Violence and sexual offences,Unable to prosecute suspect,
35fd527a75fb0c59ef22baad6b4d4b432080a34cc6af08cca6454a2b77538c02,2024-11,Essex Police,Essex Police,0.091028,51.769766,On or near West Gate,E01034366,Harlow 007F,Violence and sexual offences,Unable to prosecute suspect,
408ee9dda648f2c14e0eaf519cdff3d5fb76abe4cb1f4463787e19bd2a7f075f,2024-11,Essex Police,Essex Police,0.094436,51.771360,On or near Adams House,E01034366,Harlow 007F,Violence and sexual offences,Formal action is not in the public interest,
bbbefd9c5c01e7c522aa57a25a5ff1e3a7436fac1161de7bd86e063f796df996,2024-11,Essex Police,Essex Police,0.095343,51.769671,On or near Nightclub,E01034366,Harlow 007F,Violence and sexual offences,Unable to prosecute suspect,
bd71be199e77b3dd37ea5d047f4958d696604008c2a8b13607bbf75473a54c8a,2024-11,Essex Police,Essex Police,0.095343,51.769671,On or near Nightclub,E01034366,Harlow 007F,Violence and sexual offences,Unable to prosecute suspect,
bad1f6ec099359b59e33b3d3e1e7fe097f02ab1a5513d3c573a33db05af2e95c,2024-11,Essex Police,Essex Police,0.092743,51.768612,On or near Theatre/Concert Hall,E01034366,Harlow 007F,Other crime,Unable to prosecute suspect,
c50f4ca7595a6bc7a497ed0235a32b67478f6702997631706a574da100b57fb7,2024-11,Essex Police,Essex Police,0.095343,51.769671,On or near Nightclub,E01034366,Harlow 007F,Other crime,Unable to prosecute suspect,
6cfcbe17616eb1e989a83efb264fc8005a830f017242231cb0f9014305a16e6b,2024-11,Essex Police,Essex Police,0.090863,51.770902,On or near Kitson Way,E01034366,Harlow 007F,Other crime,Court result unavailable,
ab6fabee5da52f8c6de5b713172595d7913dbda55bb0eef0b8debe7d572134ad,2024-11,Essex Police,Essex Police,0.096215,51.767839,On or near Luther King Road,E01034366,Harlow 007F,Other crime,Unable to prosecute suspect,
,2024-11,Essex Police,Essex Police,0.084339,51.763321,On or near Toddbrook,E01034367,Harlow 007G,Anti-social behaviour,,
,2024-11,Essex Police,Essex Police,0.084339,51.763321,On or near Toddbrook,E01034367,Harlow 007G,Anti-social behaviour,,
b077507889e1553702c9443fd5361b5795ae37fe4744efa2dec58e340aa0f8b5,2024-11,Essex Police,Essex Police,0.092507,51.767258,On or near Dads Wood,E01034367,Harlow 007G,Burglary,Investigation complete; no suspect identified,
9226c564bf2d8dbb7452ff0db6e522b248ca0fa45569548e6b4de82b60617860,2024-11,Essex Police,Essex Police,0.089803,51.767711,On or near Sharpecroft,E01034367,Harlow 007G,Drugs,Investigation complete; no suspect identified,
fe2ee68f3b4d35c5db12b272b3fcb511f0d5ff368715149ea0a2d69937213341,2024-11,Essex Police,Essex Police,0.089803,51.767711,On or near Sharpecroft,E01034367,Harlow 007G,Drugs,Investigation complete; no suspect identified,
737178a1839da914322ce141799f86ccf318b3669ed7da63e6b45bd5bcc47119,2024-11,Essex Police,Essex Police,0.092507,51.767258,On or near Dads Wood,E01034367,Harlow 007G,Other theft,Unable to prosecute suspect,
997781582e9130418dc715d83eca6a7e7bbdf587bae51ebab2ed2011a101e619,2024-11,Essex Police,Essex Police,0.092507,51.767258,On or near Dads Wood,E01034367,Harlow 007G,Public order,Court result unavailable,
76875d3667c9461fac79b19d45a9f7b60c7e0d6abe657773c00dbe925ce71702,2024-11,Essex Police,Essex Police,0.088530,51.764946,On or near Northbrooks,E01034367,Harlow 007G,Violence and sexual offences,Unable to prosecute suspect,
2e0b2189a71d413b79ca4c6fac135d7281fea23e125e7800f391d2cf677a6636,2024-11,Essex Police,Essex Police,0.088471,51.764281,On or near Appleton Close,E01034367,Harlow 007G,Violence and sexual offences,Unable to prosecute suspect,
6cddc00051a4b96f6560943712a69201b2122a288862a0f4f9a301de91c2f835,2024-11,Essex Police,Essex Police,0.084339,51.763321,On or near Toddbrook,E01034367,Harlow 007G,Violence and sexual offences,Investigation complete; no suspect identified,
b775fcab4e19e819cea6d7eb3c004434ef18bb3dcbf925ba17336f824cb2ce29,2024-11,Essex Police,Essex Police,0.092507,51.767258,On or near Dads Wood,E01034367,Harlow 007G,Violence and sexual offences,Unable to prosecute suspect,
92eb2ca02bfaebb724cc18431268f17c6e05a59af4a29345d3fb0d6b7aad45af,2024-11,Essex Police,Essex Police,0.084339,51.763321,On or near Toddbrook,E01034367,Harlow 007G,Violence and sexual offences,Investigation complete; no suspect identified,
8b6ddd99f07f5d464ed038fc8918c638289f9f9808bce6a3f293bc541019fc77,2024-11,Essex Police,Essex Police,0.092507,51.767258,On or near Dads Wood,E01034367,Harlow 007G,Violence and sexual offences,Unable to prosecute suspect,
,2024-11,Essex Police,Essex Police,0.122240,51.757526,On or near Tracyes Road,E01021821,Harlow 008A,Anti-social behaviour,,
9a503802c75a821681b51097c4fcfeefb0d4a65186f1d04c18964d0c837342df,2024-11,Essex Police,Essex Police,0.122240,51.757526,On or near Tracyes Road,E01021821,Harlow 008A,Other theft,Investigation complete; no suspect identified,
175e612b20732a1b3f3251d7b265aaf9811c1013e2d82541512f4c7e61b5b5d6,2024-11,Essex Police,Essex Police,0.122240,51.757526,On or near Tracyes Road,E01021821,Harlow 008A,Other theft,Investigation complete; no suspect identified,
e3031a4a2ff9d5f7ff0a5dc40937b79987e9cabe3792733a1f70d16caf21e376,2024-11,Essex Police,Essex Police,0.122240,51.757526,On or near Tracyes Road,E01021821,Harlow 008A,Vehicle crime,Investigation complete; no suspect identified,
279531e61a394ddbb15fd0e64953a4d31998d3f9557cd11a3c86c2551cbd6fcd,2024-11,Essex Police,Essex Police,0.122240,51.757526,On or near Tracyes Road,E01021821,Harlow 008A,Violence and sexual offences,Unable to prosecute suspect,
abf1e51ff30f2c7e5dcff819718f0b5d3fd625ca9179be347a0c2f03b497222a,2024-11,Essex Police,Essex Police,0.122240,51.757526,On or near Tracyes Road,E01021821,Harlow 008A,Violence and sexual offences,Formal action is not in the public interest,
c61a2a59d793159b6e062dff5a468007aa87f69dd91b3c5660ccf781c414df54,2024-11,Essex Police,Essex Police,0.122092,51.762411,On or near Nicholls Field,E01021821,Harlow 008A,Violence and sexual offences,Unable to prosecute suspect,
48131fa85a8aeceb738fb159126de70dee14d1c37f43b5a3518dc38002a6b299,2024-11,Essex Police,Essex Police,0.123240,51.759072,On or near Spencers Croft,E01021821,Harlow 008A,Violence and sexual offences,Unable to prosecute suspect,
582b8994da5eebafc2a57dbac1c6a6c0dc2323305e869bb3a85e129552f80692,2024-11,Essex Police,Essex Police,0.122092,51.762411,On or near Nicholls Field,E01021821,Harlow 008A,Violence and sexual offences,Unable to prosecute suspect,
9192cc7996016965be4f33f504492fc5584174adf29889768b0c81df841f198b,2024-11,Essex Police,Essex Police,0.136681,51.759548,On or near Perry Spring,E01021834,Harlow 008B,Violence and sexual offences,Unable to prosecute suspect,
65f3ba0175cf63f5152c09cf74bda3c8a8afb2a57dde1077ba2c8f0ee8b97643,2024-11,Essex Police,Essex Police,0.138018,51.757788,On or near Potters Field,E01021834,Harlow 008B,Violence and sexual offences,Court result unavailable,
70e416cf3a915cfaadcda4db563f7299ba70cc0941a93b71d79816b58beb8dcc,2024-11,Essex Police,Essex Police,0.133432,51.760407,On or near Fullers Mead,E01021834,Harlow 008B,Violence and sexual offences,Unable to prosecute suspect,
,2024-11,Essex Police,Essex Police,0.126702,51.755035,On or near Priory Court,E01021835,Harlow 008C,Anti-social behaviour,,
,2024-11,Essex Police,Essex Police,0.133710,51.757705,On or near Parking Area,E01021835,Harlow 008C,Anti-social behaviour,,
,2024-11,Essex Police,Essex Police,0.133710,51.757705,On or near Parking Area,E01021835,Harlow 008C,Anti-social behaviour,,
1fe3ce6da37f9c43d71eb769748f4506d73ce732549a014b60d0fe8f25beee03,2024-11,Essex Police,Essex Police,0.133710,51.757705,On or near Parking Area,E01021835,Harlow 008C,Burglary,Unable to prosecute suspect,
38b5670ec2cb9e43e9dd78094e33e847b8f0a307dd7d24b37c76a1c6fb8e5e65,2024-11,Essex Police,Essex Police,0.126702,51.755035,On or near Priory Court,E01021835,Harlow 008C,Public order,Unable to prosecute suspect,
51a0b7dafcd24c1421ff3c0a5d68a9a517bd5fec39a7ce2cde6240b1f4bcd8ef,2024-11,Essex Police,Essex Police,0.126702,51.755035,On or near Priory Court,E01021835,Harlow 008C,Public order,Unable to prosecute suspect,
b4890952b49f6ece4d262bbe60b1edc379399968b7c77a09ee5266b68343c754,2024-11,Essex Police,Essex Police,0.133710,51.757705,On or near Parking Area,E01021835,Harlow 008C,Vehicle crime,Investigation complete; no suspect identified,
b1ade8b4240a110d28bb8ff17d386d98de226c6620a47327e9c29112f5d9d3c4,2024-11,Essex Police,Essex Police,0.126702,51.755035,On or near Priory Court,E01021835,Harlow 008C,Vehicle crime,Investigation complete; no suspect identified,
e5e27a7a9881837f1f672b0e2f0feacc5963a0b7b6ca584d0eb16f8f9c4627e6,2024-11,Essex Police,Essex Police,0.126702,51.755035,On or near Priory Court,E01021835,Harlow 008C,Vehicle crime,Investigation complete; no suspect identified,
7744978a986b621c38a8b4774b58a54734b5e9e04c2316956ffaf1db460a1e74,2024-11,Essex Police,Essex Police,0.127639,51.756178,On or near A414,E01021835,Harlow 008C,Violence and sexual offences,Status update unavailable,
abe1b9be7f6594855dcdba3ce865b637200ca69db867c29c0a895edbc07c7389,2024-11,Essex Police,Essex Police,0.121065,51.755649,On or near Spinning Wheel Mead,E01021835,Harlow 008C,Violence and sexual offences,Unable to prosecute suspect,
d31b350869cd6e8c492477f1d8f2a5bbe242025fafd7e6a74807e92ccbcf8571,2024-11,Essex Police,Essex Police,0.133710,51.757705,On or near Parking Area,E01021835,Harlow 008C,Violence and sexual offences,Investigation complete; no suspect identified,
,2024-11,Essex Police,Essex Police,0.129215,51.759800,On or near Carters Mead,E01021836,Harlow 008D,Anti-social behaviour,,
7faf807d94b5d6cdfd403c99db7a1aafe14bf1bd72da576ae7eb61c939aff54e,2024-11,Essex Police,Essex Police,0.127040,51.762852,On or near Pytt Field,E01021836,Harlow 008D,Criminal damage and arson,Unable to prosecute suspect,
6bfec63ed1fe927db4b7069baa456cdd2cf9434b97ba393202dc209fe50c88b9,2024-11,Essex Police,Essex Police,0.132504,51.757331,On or near Chapel Lane,E01021836,Harlow 008D,Drugs,Local resolution,
c4c52214ec524775f5bdddfbd03aae8a622a45631b8f778989e1b241fae5321c,2024-11,Essex Police,Essex Police,0.127040,51.762852,On or near Pytt Field,E01021836,Harlow 008D,Other theft,Investigation complete; no suspect identified,
d665026e05fc416b08cca18c7ea42f752dbbe9e7aa1a9cca131ab5333ff5179f,2024-11,Essex Police,Essex Police,0.127627,51.760531,On or near Campbell Close,E01021836,Harlow 008D,Other theft,Unable to prosecute suspect,
24b54bc3d17ecad8cd3b33be781758a32e9b4e1f340a29365a86ccd4ba08354d,2024-11,Essex Police,Essex Police,0.129250,51.763001,On or near Oaklands Drive,E01021836,Harlow 008D,Other theft,Investigation complete; no suspect identified,
e293b195a3820f246051fe3afd4da1ce58f7c98b0def99b65c50f59e2ba1b9ce,2024-11,Essex Police,Essex Police,0.129250,51.763001,On or near Oaklands Drive,E01021836,Harlow 008D,Public order,Unable to prosecute suspect,
8fbed85fabaa07e3d04451b72acc0435a12af8219e23fed1299e6a3e55d3b092,2024-11,Essex Police,Essex Police,0.129250,51.763001,On or near Oaklands Drive,E01021836,Harlow 008D,Robbery,Investigation complete; no suspect identified,
04a3e003250cab29a0d46a9a987600b9267ad5680571c92ab55bc744a126161e,2024-11,Essex Police,Essex Police,0.132350,51.758988,On or near Florence Close,E01021836,Harlow 008D,Violence and sexual offences,Unable to prosecute suspect,
98e89b6b73002aa4e1240db0de7fb026e57f93247272d8e8c3f907b94e0d3f70,2024-11,Essex Police,Essex Police,0.131137,51.757841,On or near Meyrick Mead,E01021836,Harlow 008D,Violence and sexual offences,Unable to prosecute suspect,
3d230c83a09f3b652c66be9967329bdb8e3266046d8e96891b6b65e4e6c67122,2024-11,Essex Police,Essex Police,0.127627,51.760531,On or near Campbell Close,E01021836,Harlow 008D,Violence and sexual offences,Unable to prosecute suspect,
5dc82ade943b2aacf4604bb9de3807642116e3acbb5465bfb511e59cd96bcd68,2024-11,Essex Police,Essex Police,0.129215,51.759800,On or near Carters Mead,E01021836,Harlow 008D,Violence and sexual offences,Unable to prosecute suspect,
1001404a930b241f1c800a2978d2db05c3d83989ccb99aee3a34b4db14a983b5,2024-11,Essex Police,Essex Police,0.127627,51.760531,On or near Campbell Close,E01021836,Harlow 008D,Violence and sexual offences,Unable to prosecute suspect,
f3b4def33cc31a0077f09ece3f0135cf55a3cf76712a2d81b69ff9daf4b009e7,2024-11,Essex Police,Essex Police,0.118150,51.754668,On or near Trotters Road,E01021837,Harlow 008E,Criminal damage and arson,Investigation complete; no suspect identified,
567ac19c0cd7de5c2b7545d6e38f31137c148330e4b34982cc16a693797a3114,2024-11,Essex Police,Essex Police,0.066973,51.754320,On or near Red Willow,E01021829,Harlow 009A,Criminal damage and arson,Investigation complete; no suspect identified,
8f8c6d864d4e346578cacc63ffa6c03decc1f215dd7bbabba104d7fdb6f7ab70,2024-11,Essex Police,Essex Police,0.070392,51.755582,On or near Brookside,E01021829,Harlow 009A,Drugs,Local resolution,
56a821bbac87959d573369358e1d9e91d2b06cfc3e6c9e7f467b70cda333a817,2024-11,Essex Police,Essex Police,0.071170,51.755164,On or near Tithelands,E01021829,Harlow 009A,Public order,Investigation complete; no suspect identified,
30124148f27399d507f81fd6734dcd5503e2f9a232c18edfe93d9cc47c7ce3bb,2024-11,Essex Police,Essex Police,0.071170,51.755164,On or near Tithelands,E01021829,Harlow 009A,Violence and sexual offences,Unable to prosecute suspect,
04112ce7f50768f3230ed9ea8caae99043c94e23af2f2d997ca69b2b7a5f804c,2024-11,Essex Police,Essex Police,0.066973,51.754320,On or near Red Willow,E01021829,Harlow 009A,Violence and sexual offences,Unable to prosecute suspect,
88f98a9e1498eadd305f64440fd450c4ef2aed251ae3df0a1416f7d740c272e1,2024-11,Essex Police,Essex Police,0.066973,51.754320,On or near Red Willow,E01021829,Harlow 009A,Violence and sexual offences,Unable to prosecute suspect,
,2024-11,Essex Police,Essex Police,0.074276,51.756871,On or near Mercers,E01021830,Harlow 009B,Anti-social behaviour,,
e383c35fff1283ebeca88389ecf51fb55a14e94ebb62ce56a23826a47da7c9ad,2024-11,Essex Police,Essex Police,0.074276,51.756871,On or near Mercers,E01021830,Harlow 009B,Burglary,Investigation complete; no suspect identified,
eb8d606dc0e76871814d811a0af11826f427a68ef202228b420fd7c1ea58bdf4,2024-11,Essex Police,Essex Police,0.074276,51.756871,On or near Mercers,E01021830,Harlow 009B,Criminal damage and arson,Investigation complete; no suspect identified,
c2923619af5fb2a7ce896c83971c477b309d11c6f586fe6496e5b5b635bfc9c1,2024-11,Essex Police,Essex Police,0.080226,51.755174,On or near Kingsmoor Road,E01021830,Harlow 009B,Criminal damage and arson,Investigation complete; no suspect identified,
fad45078ec0e4466aa747b283f865bff99191b20d2948fa5d909f24206ba8f5c,2024-11,Essex Police,Essex Police,0.074276,51.756871,On or near Mercers,E01021830,Harlow 009B,Other theft,Investigation complete; no suspect identified,
49cb9de31bda47ea8acca0663652aff050932be0c9bf86f7cade5f6c240549ab,2024-11,Essex Police,Essex Police,0.079941,51.756232,On or near Sovereign Court,E01021830,Harlow 009B,Public order,Status update unavailable,
e8560da490e048cf1b68e200b30394813e9c4478e2852944c314213d7fd21a83,2024-11,Essex Police,Essex Police,0.079941,51.756232,On or near Sovereign Court,E01021830,Harlow 009B,Public order,Status update unavailable,
af91cd2d84f56223963b0d53d1f2420157ff849f5070dfa0d379d527e39148a4,2024-11,Essex Police,Essex Police,0.079941,51.756232,On or near Sovereign Court,E01021830,Harlow 009B,Public order,Unable to prosecute suspect,
e67f2f20ee5aa0967af60b521d2e27563fda6962aa3e3fad97edfe3b5b8a9a39,2024-11,Essex Police,Essex Police,0.077826,51.755909,On or near Greygoose Park,E01021830,Harlow 009B,Vehicle crime,Investigation complete; no suspect identified,
30b662f7b513a039eb0963692160dd939c6f39c9c8baa03744163c42d778e376,2024-11,Essex Police,Essex Police,0.074276,51.756871,On or near Mercers,E01021830,Harlow 009B,Vehicle crime,Investigation complete; no suspect identified,
82d96b2af620fdad5137e88c7471337fd6cc22f4b6926159ca10dedd7f46f4da,2024-11,Essex Police,Essex Police,0.080226,51.755174,On or near Kingsmoor Road,E01021830,Harlow 009B,Violence and sexual offences,Unable to prosecute suspect,
1f0c4a7a7a8e29ae5abf3d62d64867ced97ed7150830ab812858c5e2a9260f9d,2024-11,Essex Police,Essex Police,0.073653,51.758762,On or near Church End,E01021832,Harlow 009C,Violence and sexual offences,Local resolution,
bc65736c3c530695c87e2f6e1550b64664513a10b1f7b783a3eb986b67f50de1,2024-11,Essex Police,Essex Police,0.076712,51.761324,On or near Peldon Road,E01021832,Harlow 009C,Violence and sexual offences,Investigation complete; no suspect identified,
b5d54fa94aec32c0725a2c21fabb19d2eefff3bc6e9fd3bb55341ddcf2132623,2024-11,Essex Police,Essex Police,0.073653,51.758762,On or near Church End,E01021832,Harlow 009C,Other crime,Investigation complete; no suspect identified,
,2024-11,Essex Police,Essex Police,0.081485,51.759549,On or near Three Horseshoes Road,E01021833,Harlow 009D,Anti-social behaviour,,
7a6fe0c8fdb97ae7a53862277f6e8cd41fc9b32ef1d00b38af6c238947776312,2024-11,Essex Police,Essex Police,0.087101,51.758775,On or near Woodwards,E01021833,Harlow 009D,Burglary,Investigation complete; no suspect identified,
d59d492e3931b755f7d5f60270d99a964e3bc6691220fe6bbb4fe426672f6359,2024-11,Essex Police,Essex Police,0.082659,51.757982,On or near Jerounds,E01021833,Harlow 009D,Criminal damage and arson,Offender given a caution,
b6487000517b18dcaa63b15fe8fcf9820bf290b67c4ffe343ea05dbf2269f3b3,2024-11,Essex Police,Essex Police,0.087101,51.758775,On or near Woodwards,E01021833,Harlow 009D,Public order,Unable to prosecute suspect,
e2ccc83661afd3d0529bcce51365d673f9388c989445dfc89c96a08b09cb6a96,2024-11,Essex Police,Essex Police,0.087101,51.758775,On or near Woodwards,E01021833,Harlow 009D,Public order,Local resolution,
415bb8772cc42c3fc7d9639d642fb697911787c7816fa75b4e1f7120bf25eaa9,2024-11,Essex Police,Essex Police,0.078581,51.758468,On or near Hawkenbury,E01021833,Harlow 009D,Vehicle crime,Investigation complete; no suspect identified,
ea1ba0155b59c66ff3adf31099b44efe32dc3849ad323b1aca2fc297bdb5b8bd,2024-11,Essex Police,Essex Police,0.078581,51.758468,On or near Hawkenbury,E01021833,Harlow 009D,Violence and sexual offences,Formal action is not in the public interest,
1ff9a222bc1a3a66cdfadf4826475f6a89f843161a4f1dd234adf4425ed6c005,2024-11,Essex Police,Essex Police,0.078581,51.758468,On or near Hawkenbury,E01021833,Harlow 009D,Violence and sexual offences,Investigation complete; no suspect identified,
,2024-11,Essex Police,Essex Police,0.072211,51.747529,On or near Taylifers,E01021865,Harlow 009E,Anti-social behaviour,,
9cbc17fac0972373b4f8684fb323a68f1ebf5d53e94c0a41eb88831092979c72,2024-11,Essex Police,Essex Police,0.070977,51.750958,On or near Dunstalls,E01021865,Harlow 009E,Burglary,Unable to prosecute suspect,
47775e70154327451008795d32fcbc39f67d3d14017275c7039b82f2fc86cc3a,2024-11,Essex Police,Essex Police,0.071684,51.749615,On or near Broadley Road,E01021865,Harlow 009E,Criminal damage and arson,Investigation complete; no suspect identified,
7802d1c3099854e4530a40bb1e092211b88820e1dc4e903e4e2797f2eeaf2f9c,2024-11,Essex Police,Essex Police,0.069557,51.749041,On or near Little Cattins,E01021865,Harlow 009E,Criminal damage and arson,Investigation complete; no suspect identified,
3f04500c44414e8dedd24619e02506c18c84f3d1afe8115d0d948f763fe1e344,2024-11,Essex Police,Essex Police,0.069557,51.749041,On or near Little Cattins,E01021865,Harlow 009E,Drugs,Investigation complete; no suspect identified,
8b5c8d19e66977b814e8e876bdec8de56baba2c394b77b5919b3f21214e2c46c,2024-11,Essex Police,Essex Police,0.071684,51.749615,On or near Broadley Road,E01021865,Harlow 009E,Public order,Investigation complete; no suspect identified,
1d7b5680deb971f5512fd985e200e62f19e87bb35598698ad927e9189da90645,2024-11,Essex Police,Essex Police,0.071684,51.749615,On or near Broadley Road,E01021865,Harlow 009E,Vehicle crime,Investigation complete; no suspect identified,
c32a656ba3138b8900828b53abae4cdb6c63c7bab1ebc152872d28798c6ac931,2024-11,Essex Police,Essex Police,0.072211,51.747529,On or near Taylifers,E01021865,Harlow 009E,Violence and sexual offences,Unable to prosecute suspect,
af9000376db91b667bf1667738c6bd69e89744de08ebed494f39b0c6543a53b0,2024-11,Essex Police,Essex Police,0.072211,51.747529,On or near Taylifers,E01021865,Harlow 009E,Violence and sexual offences,Unable to prosecute suspect,
e04722e3dc5a381c821ff7cf4b07c34aae447810c5c34f33553899dcf0e24984,2024-11,Essex Police,Essex Police,0.070826,51.752094,On or near Sycamore Field,E01021865,Harlow 009E,Violence and sexual offences,Unable to prosecute suspect,
bce43b82b5bc9da18d64e2f5be165a6d5cc735d65f5cf393b5709dec1429ffbe,2024-11,Essex Police,Essex Police,0.070826,51.752094,On or near Sycamore Field,E01021865,Harlow 009E,Violence and sexual offences,Unable to prosecute suspect,
35a88516707316f238006b62449aa8eb6158146f6c5f2bf618bd0958a33b2d72,2024-11,Essex Police,Essex Police,0.113774,51.753721,On or near Wharley Hook,E01021838,Harlow 010A,Other theft,Unable to prosecute suspect,
1fb8a75db57c9d5c0f93d719e8d5c9440cac8abe5e63a2db1488db3f0337914b,2024-11,Essex Police,Essex Police,0.114689,51.750360,On or near Rundells,E01021838,Harlow 010A,Vehicle crime,Investigation complete; no suspect identified,
c7c96a0f9cb5a5e695381af8c9b15afd07840693ed7489cd2e046206ff4ac5d5,2024-11,Essex Police,Essex Police,0.115883,51.754835,On or near Regency Court,E01021838,Harlow 010A,Vehicle crime,Investigation complete; no suspect identified,
bc06cd64c3568093a6620943af86ce00b9f202b6255cf81476a95d67aa83d77f,2024-11,Essex Police,Essex Police,0.113417,51.747946,On or near Hawthorns,E01021838,Harlow 010A,Violence and sexual offences,Unable to prosecute suspect,
,2024-11,Essex Police,Essex Police,0.105030,51.749841,On or near Mosaic Lane,E01021858,Harlow 010B,Anti-social behaviour,,
,2024-11,Essex Police,Essex Police,0.100966,51.751856,On or near Woodhill,E01021858,Harlow 010B,Anti-social behaviour,,
,2024-11,Essex Police,Essex Police,0.105030,51.749841,On or near Mosaic Lane,E01021858,Harlow 010B,Anti-social behaviour,,
1853dec6e3e484c9e7eb229acc0a4a01f8bda15bfce7d5f70fd77e81ac2f0aad,2024-11,Essex Police,Essex Police,0.107217,51.747643,On or near Fern Hill Lane,E01021858,Harlow 010B,Burglary,Investigation complete; no suspect identified,
2d396dc7040fdc2d495f63a0c3d4a4d419e6be143d1454d8806d2f2a6a92e1db,2024-11,Essex Police,Essex Police,0.102669,51.752662,On or near Aylets Field,E01021858,Harlow 010B,Criminal damage and arson,Unable to prosecute suspect,
57e3d3a303ee3825f9e0130cc299996dab8dda584779394bfbe374226333d706,2024-11,Essex Police,Essex Police,0.102669,51.752662,On or near Aylets Field,E01021858,Harlow 010B,Criminal damage and arson,Investigation complete; no suspect identified,
e17694290cefd3a9c6d1979e518e89cbc872f66e9b4eeba20b0138456c93d9d8,2024-11,Essex Police,Essex Police,0.107217,51.747643,On or near Fern Hill Lane,E01021858,Harlow 010B,Criminal damage and arson,Unable to prosecute suspect,
5aab5733192e66e1786499a118de8acd6d094ecbef49d73c4a12c0a5d96bfd6a,2024-11,Essex Police,Essex Police,0.102525,51.751432,On or near Gladden Court,E01021858,Harlow 010B,Other theft,Investigation complete; no suspect identified,
f54aafebfd0445b8c8c7ff9b3a4e77ed7b68172138837e23e19a2112845e43d8,2024-11,Essex Police,Essex Police,0.100966,51.751856,On or near Woodhill,E01021858,Harlow 010B,Public order,Unable to prosecute suspect,
96f63e1195bcfe6200c1efc501b2bf8ed26e396784adc85cf690f11577da54f4,2024-11,Essex Police,Essex Police,0.103798,51.752012,On or near Rodin Drive,E01021858,Harlow 010B,Vehicle crime,Investigation complete; no suspect identified,
bcb4b325ce92315ddc6aa30b74538eb2b4acfe279333a2cb321e6e0650288a32,2024-11,Essex Police,Essex Police,0.103798,51.752012,On or near Rodin Drive,E01021858,Harlow 010B,Violence and sexual offences,Unable to prosecute suspect,
3c949400764c3ebb1a920e3eaab392007ad1b3505b71c479b285116f028085f4,2024-11,Essex Police,Essex Police,0.105030,51.749841,On or near Mosaic Lane,E01021858,Harlow 010B,Violence and sexual offences,Unable to prosecute suspect,
152237bb4a344464918543ce4d6b8788c128b886a75bea0a12f2a2d15a5f59bd,2024-11,Essex Police,Essex Police,0.102669,51.752662,On or near Aylets Field,E01021858,Harlow 010B,Violence and sexual offences,Action to be taken by another organisation,
ad8f0f2dfc829ffd9afe6c4050c3328d803dd69dcfa8b8c5a0e6733f3705f00f,2024-11,Essex Police,Essex Police,0.106661,51.747842,On or near Gibb Croft,E01021858,Harlow 010B,Violence and sexual offences,Unable to prosecute suspect,
1656a496a90d44a30bead89d1d9811b95193ddec4c0099f2456a9ce99c6632c4,2024-11,Essex Police,Essex Police,0.106661,51.747842,On or near Gibb Croft,E01021858,Harlow 010B,Violence and sexual offences,Unable to prosecute suspect,
cc959f96c1cc558de3e80aae3ad398d957d85e7693b25545620e9af5dd810299,2024-11,Essex Police,Essex Police,0.102669,51.752662,On or near Aylets Field,E01021858,Harlow 010B,Violence and sexual offences,Investigation complete; no suspect identified,
7e548efe92534c514ac0286f9f2a015784ef752d78ed73fce1c1a0bb96bed079,2024-11,Essex Police,Essex Police,0.106661,51.747842,On or near Gibb Croft,E01021858,Harlow 010B,Other crime,Unable to prosecute suspect,
,2024-11,Essex Police,Essex Police,0.090229,51.752884,On or near Shopping Area,E01021859,Harlow 010C,Anti-social behaviour,,
ea116f66bc707955ef048bf0911c1ea661b2a74eb77887a4ad92d49f085981e8,2024-11,Essex Police,Essex Police,0.095645,51.751465,On or near Long Banks,E01021859,Harlow 010C,Criminal damage and arson,Investigation complete; no suspect identified,
428307bfecce8e0a318d6d7c17d2ebb23f87154f3c8b5196ca1258e9a4e8399f,2024-11,Essex Police,Essex Police,0.092998,51.753437,On or near Supermarket,E01021859,Harlow 010C,Other theft,Unable to prosecute suspect,
91149a47d569800debced5f4da78fec087047498628d4edcd65fe7262cf301fd,2024-11,Essex Police,Essex Police,0.089868,51.752180,On or near Shenfield Court,E01021859,Harlow 010C,Public order,Investigation complete; no suspect identified,
aac10514f3c1077130c74fc647053f684a8a164c00cffcec1bbd74d9229e0e15,2024-11,Essex Police,Essex Police,0.094970,51.750650,On or near Parnall Road,E01021859,Harlow 010C,Public order,Formal action is not in the public interest,
9a4169a683b0fe51470851e23abdf8016db11eec3fd8dfbb9fd709527c6803c2,2024-11,Essex Police,Essex Police,0.092998,51.753437,On or near Supermarket,E01021859,Harlow 010C,Shoplifting,Investigation complete; no suspect identified,
ae30b67093e4fd03cd664f34f88642dbb75bc77937ca3252c264c5b5c40b4bfa,2024-11,Essex Police,Essex Police,0.092998,51.753437,On or near Supermarket,E01021859,Harlow 010C,Theft from the person,Unable to prosecute suspect,
373fd318c1ecd2e48b180cbd08c5ff98f9190a26604610c7ba4fff1fb773a3d6,2024-11,Essex Police,Essex Police,0.095645,51.751465,On or near Long Banks,E01021859,Harlow 010C,Vehicle crime,Investigation complete; no suspect identified,
84fd50f903a97db1ebb97024d3081505b89759bb1f37d03042b4ec94345352d4,2024-11,Essex Police,Essex Police,0.089868,51.752180,On or near Shenfield Court,E01021859,Harlow 010C,Vehicle crime,Investigation complete; no suspect identified,
2a8a6e1ebb453f446d33cdf91215ed189b7084d58b062d008b70dbe0065aed11,2024-11,Essex Police,Essex Police,0.095645,51.751465,On or near Long Banks,E01021859,Harlow 010C,Vehicle crime,Unable to prosecute suspect,
899b5282400482131b4f5305a30f93c793d2b2c54744b8cfacab2d298f6f1066,2024-11,Essex Police,Essex Police,0.095645,51.751465,On or near Long Banks,E01021859,Harlow 010C,Violence and sexual offences,Unable to prosecute suspect,
35f42d20730e1b6354befc7e0d8c90dc5c693dfbf2f85f419d990c8fae81cc14,2024-11,Essex Police,Essex Police,0.092998,51.753437,On or near Supermarket,E01021859,Harlow 010C,Violence and sexual offences,Investigation complete; no suspect identified,
469bc84ea413585c97f8559b04df8ce6025a601665c5176f408d868faaae2828,2024-11,Essex Police,Essex Police,0.095645,51.751465,On or near Long Banks,E01021859,Harlow 010C,Violence and sexual offences,Unable to prosecute suspect,
3393631f4336e0b48041847d570f53b178b75d0adc10f40688c8b4f7b850aa3c,2024-11,Essex Police,Essex Police,0.092998,51.753437,On or near Supermarket,E01021859,Harlow 010C,Violence and sexual offences,Unable to prosecute suspect,
9b100ee6bf54f15bafcdd5766acfc181bd145072ed114aca191e3f5a521a12b3,2024-11,Essex Police,Essex Police,0.092998,51.753437,On or near Supermarket,E01021859,Harlow 010C,Violence and sexual offences,Unable to prosecute suspect,
b42f70d321211480d7acf0b897daabdc163eae884fdd0fe097a9cae898bb3fdf,2024-11,Essex Police,Essex Police,0.090229,51.752884,On or near Shopping Area,E01021859,Harlow 010C,Violence and sexual offences,Investigation complete; no suspect identified,
adfb846ce85481aab6617075e016a7c7121f87d60f469f607808ea0f8a340954,2024-11,Essex Police,Essex Police,0.094970,51.750650,On or near Parnall Road,E01021859,Harlow 010C,Violence and sexual offences,Formal action is not in the public interest,
,2024-11,Essex Police,Essex Police,0.099143,51.748540,On or near Sports/Recreation Area,E01021860,Harlow 010D,Anti-social behaviour,,
0f87bcb866c2e607ec2ed88d6c0acae8ebcfcde7021b9fde300b4dcdf4d231fc,2024-11,Essex Police,Essex Police,0.096806,51.749008,On or near Peterswood,E01021860,Harlow 010D,Burglary,Status update unavailable,
da3da6f4c209e7a8f8d18b26092035b0f1c8e0fffce2b1c2dee01fde9ed894d2,2024-11,Essex Police,Essex Police,0.099316,51.750330,On or near Barley Croft,E01021860,Harlow 010D,Criminal damage and arson,Investigation complete; no suspect identified,
ba312900abc35670038acfa05e2fb282e6120535bbf72330a7bd19cf88ae319c,2024-11,Essex Police,Essex Police,0.101618,51.749371,On or near Lower Meadow,E01021860,Harlow 010D,Possession of weapons,Local resolution,
c6a1ac19c31d20a1cebc514b10de2361b1bd200ec493927466b91f655758f192,2024-11,Essex Police,Essex Police,0.099143,51.748540,On or near Sports/Recreation Area,E01021860,Harlow 010D,Public order,Investigation complete; no suspect identified,
64c23aa46a151c7edac60cc3be508bf32ce56705a976822c628d4dd53d23b992,2024-11,Essex Police,Essex Police,0.101618,51.749371,On or near Lower Meadow,E01021860,Harlow 010D,Public order,Unable to prosecute suspect,
d8c99f178321d8e7e4e88a0ca932e70969b5d1bf7db66313fc3e0e94c0fd64d9,2024-11,Essex Police,Essex Police,0.101126,51.747186,On or near Spruce Hill,E01021860,Harlow 010D,Vehicle crime,Investigation complete; no suspect identified,
f57337221c5ec48428fd1cc1ceaaad96a5bb4e4c68eef99a65902c8898089e31,2024-11,Essex Police,Essex Police,0.099316,51.750330,On or near Barley Croft,E01021860,Harlow 010D,Vehicle crime,Investigation complete; no suspect identified,
f8bf58ac230b73b10323291f4604e6b14910bd14eedf8f01aa1cd6ff6412fd71,2024-11,Essex Police,Essex Police,0.098786,51.747336,On or near Willow Close,E01021860,Harlow 010D,Vehicle crime,Investigation complete; no suspect identified,
0511889d73e7f83b1a6ae8878dd25f3317917c408b11ed85be1585585c7b6442,2024-11,Essex Police,Essex Police,0.098606,51.748139,On or near Supermarket,E01021860,Harlow 010D,Violence and sexual offences,Investigation complete; no suspect identified,
083e3434a48a0376f362a152069b5428485d2f820275f27ca23122ba5f41e777,2024-11,Essex Police,Essex Police,0.096806,51.749008,On or near Peterswood,E01021860,Harlow 010D,Violence and sexual offences,Unable to prosecute suspect,
519d6b182dfa15bcb7ca548663ae8f60d3c87a3a6b8d79a307cbf947067ef137,2024-11,Essex Police,Essex Police,0.099102,51.748211,On or near Maunds Hatch,E01021860,Harlow 010D,Violence and sexual offences,Investigation complete; no suspect identified,
0d922139a7ecc3adae9a08d1533d8d16725dc2787379f062e4977d5a8a4e5d41,2024-11,Essex Police,Essex Police,0.101126,51.747186,On or near Spruce Hill,E01021860,Harlow 010D,Violence and sexual offences,Unable to prosecute suspect,
ac1ed3387615d5c44bdb7763f85ffed6a3cfeeed2cf8debdd056b1bd729bf96e,2024-11,Essex Police,Essex Police,0.096806,51.749008,On or near Peterswood,E01021860,Harlow 010D,Violence and sexual offences,Status update unavailable,
50c89a361917463f95eb6514e63f4a965fb5cf692deb85298397bce6636fe713,2024-11,Essex Police,Essex Police,0.099316,51.750330,On or near Barley Croft,E01021860,Harlow 010D,Violence and sexual offences,Local resolution,
6a76bdbeb74ca92a0eefe3676623d91f3392cfefef14dee7667a03832cdb72a0,2024-11,Essex Police,Essex Police,0.096806,51.749008,On or near Peterswood,E01021860,Harlow 010D,Violence and sexual offences,Investigation complete; no suspect identified,
0606fede2c3f8edccd095e09031f211668fe78ef84d100e1d8e9ec6cbb6156d2,2024-11,Essex Police,Essex Police,0.096806,51.749008,On or near Peterswood,E01021860,Harlow 010D,Violence and sexual offences,Status update unavailable,
0fbcc371b2dc51fbfcc0f8425c9afc86ca2566279872afcb6dff1e462e9446d9,2024-11,Essex Police,Essex Police,0.096806,51.749008,On or near Peterswood,E01021860,Harlow 010D,Violence and sexual offences,Unable to prosecute suspect,
14775a9f8eb8da414df38153e93654afc2f4febee65edb73851b0f708d7963a6,2024-11,Essex Police,Essex Police,0.101126,51.747186,On or near Spruce Hill,E01021860,Harlow 010D,Other crime,Unable to prosecute suspect,
,2024-11,Essex Police,Essex Police,0.112147,51.751143,On or near Latton Green,E01021861,Harlow 010E,Anti-social behaviour,,
,2024-11,Essex Police,Essex Police,0.109665,51.753552,On or near Sakins Croft,E01021861,Harlow 010E,Anti-social behaviour,,
704a53649d488d97074d9e93f9e0e2fd15a4816eb3c61e48f00089a84edc7725,2024-11,Essex Police,Essex Police,0.104855,51.751687,On or near The Briars,E01021861,Harlow 010E,Bicycle theft,Investigation complete; no suspect identified,
6ab42654a079ed82b452827a6eb7c6cb98071962976ccf0addd7bcc9b3160345,2024-11,Essex Police,Essex Police,0.104855,51.751687,On or near The Briars,E01021861,Harlow 010E,Criminal damage and arson,Investigation complete; no suspect identified,
44eab575651738c362a532bd52b2a1bb4fac92a45e7d057b7874dad36449c26e,2024-11,Essex Police,Essex Police,0.104855,51.751687,On or near The Briars,E01021861,Harlow 010E,Criminal damage and arson,Unable to prosecute suspect,
a0c499c568407076fb7fc30d202f74267b9a40d0b6cf7c1159f8efd223e732d9,2024-11,Essex Police,Essex Police,0.103767,51.750727,On or near Shoal Drive,E01021861,Harlow 010E,Other theft,Investigation complete; no suspect identified,
91c7859596be1323a5f74d2a4dd370ac890a2938879daf84e884156f58d23b0b,2024-11,Essex Police,Essex Police,0.110201,51.752293,On or near The Readings,E01021861,Harlow 010E,Violence and sexual offences,Unable to prosecute suspect,
2194a0c0ac86d906ea62e2addd62a8b9eec75a9d2c1b1db1b9f15e38782ed244,2024-11,Essex Police,Essex Police,0.110201,51.752293,On or near The Readings,E01021861,Harlow 010E,Violence and sexual offences,Unable to prosecute suspect,
4d74dcbd2fe33f25fa92db6e374d9e8a84870f689483d8205f658181f5fe02b2,2024-11,Essex Police,Essex Police,0.110201,51.752293,On or near The Readings,E01021861,Harlow 010E,Violence and sexual offences,Investigation complete; no suspect identified,
bd69a9240c21947bf1eaed947815c1d09ac4ff7454d57249b82ace2d5dd001f9,2024-11,Essex Police,Essex Police,0.092780,51.746840,On or near Paringdon Road,E01021862,Harlow 011A,Criminal damage and arson,Investigation complete; no suspect identified,
e386c32f9cd3985b8d67ada255490d9a9e3bdd44a604c60902d1f8dfdb75fc03,2024-11,Essex Police,Essex Police,0.090092,51.747302,On or near Moorfields,E01021862,Harlow 011A,Criminal damage and arson,Investigation complete; no suspect identified,
690944c6503b5bcd8f2599c957a526ab33ad66ba2ab52af9fccfdba8ff5db337,2024-11,Essex Police,Essex Police,0.090092,51.747302,On or near Moorfields,E01021862,Harlow 011A,Drugs,Investigation complete; no suspect identified,
3a17ca7b72508c1175353eb2bc719f6a02ba92a5e157ae6a9674c6b6c11a6f41,2024-11,Essex Police,Essex Police,0.097916,51.747315,On or near Berecroft,E01021862,Harlow 011A,Public order,Court result unavailable,
085298946a3bcaff923f1c8f883a792f7d2b7f8dd268535729c527ce8d33575b,2024-11,Essex Police,Essex Police,0.090092,51.747302,On or near Moorfields,E01021862,Harlow 011A,Vehicle crime,Investigation complete; no suspect identified,
7e7619e34a1f13795ccc4cb67fd958b82e8d0caa9a6aefd86c41a617a4d49c28,2024-11,Essex Police,Essex Police,0.088928,51.749400,On or near Joyners Field,E01021862,Harlow 011A,Violence and sexual offences,Investigation complete; no suspect identified,
eb246e53ac9501cf1bf2fe08681acc89cf47c1b7ea45ee77131d88484ab37228,2024-11,Essex Police,Essex Police,0.097916,51.747315,On or near Berecroft,E01021862,Harlow 011A,Violence and sexual offences,Court result unavailable,
987540407afe80b002d38b516927a91afc6b3cc6ca6e9687ff2bfc60580ae092,2024-11,Essex Police,Essex Police,0.088928,51.749400,On or near Joyners Field,E01021862,Harlow 011A,Violence and sexual offences,Investigation complete; no suspect identified,
53d4a36db8fd2e8804fcc0f16ba40cc014701a004774815f4542bcd0e8fdb716,2024-11,Essex Police,Essex Police,0.088928,51.749400,On or near Joyners Field,E01021862,Harlow 011A,Violence and sexual offences,Investigation complete; no suspect identified,
5e6381d90575285a63bc7fce3b22349a9be477c9050313f3f0b09a38d5ab4abb,2024-11,Essex Police,Essex Police,0.090092,51.747302,On or near Moorfields,E01021862,Harlow 011A,Violence and sexual offences,Unable to prosecute suspect,
f2d53fa779a8294e26cb90d5a05a8b6c0b9b5fc964c8e6bae5fdd090093a9e01,2024-11,Essex Police,Essex Police,0.090092,51.747302,On or near Moorfields,E01021862,Harlow 011A,Violence and sexual offences,Court result unavailable,
dba895c788d190f2ab2d3f56bc80cbe4b5e4c3285e0beaba8caef88d9f508fc9,2024-11,Essex Police,Essex Police,0.083244,51.751794,On or near Watersmeet,E01021863,Harlow 011B,Burglary,Investigation complete; no suspect identified,
d1a0539fbfa944aa13232c7c7c60f0b23cfe4e0f0e2c5a479b4e6eaedfdbbc70,2024-11,Essex Police,Essex Police,0.085692,51.751157,On or near Brockles Mead,E01021863,Harlow 011B,Drugs,Investigation complete; no suspect identified,
aa17c20e7e855e7c5f08cdf7c014089df262a439911d039212c9c99e75565283,2024-11,Essex Police,Essex Police,0.085692,51.751157,On or near Brockles Mead,E01021863,Harlow 011B,Public order,Unable to prosecute suspect,
96609ab45cdd6884a10ef19a401c8fd415b4d91e39f14a29cc7bd0b2f635dd1b,2024-11,Essex Police,Essex Police,0.084428,51.749516,On or near Wissants,E01021863,Harlow 011B,Vehicle crime,Investigation complete; no suspect identified,
33cf3e259e4827989a0d232fc1d3c8022c1cad15c736f1750fb103249f73038f,2024-11,Essex Police,Essex Police,0.085692,51.751157,On or near Brockles Mead,E01021863,Harlow 011B,Violence and sexual offences,Unable to prosecute suspect,
56547b303f0ca0abdd0109c316d615a3b074e46150df860d736726deb82c96d2,2024-11,Essex Police,Essex Police,0.087899,51.749706,On or near Ployters Road,E01021863,Harlow 011B,Violence and sexual offences,Formal action is not in the public interest,
,2024-11,Essex Police,Essex Police,0.075320,51.747411,On or near Mallows Green,E01021864,Harlow 011C,Anti-social behaviour,,
6285a6f146d2392093a4bb0dc82bdb224e0fd87536d6ab27a01c0be8620ff3a2,2024-11,Essex Police,Essex Police,0.079993,51.750098,On or near Milwards,E01021864,Harlow 011C,Burglary,Unable to prosecute suspect,
05f518ce6b20ee71ef798efb34b3908f15e80d6b41d99236740fa5ce35016ba2,2024-11,Essex Police,Essex Police,0.075320,51.747411,On or near Mallows Green,E01021864,Harlow 011C,Criminal damage and arson,Investigation complete; no suspect identified,
dbb588c9d8240a49318f862a9f4b323c519bbc8bbca4ddfcc15b071aad208169,2024-11,Essex Police,Essex Police,0.079993,51.750098,On or near Milwards,E01021864,Harlow 011C,Other theft,Investigation complete; no suspect identified,
dce28b5a37055c68d995b127deb83d8e44988ad7f64e8ca982d757cf79a351b8,2024-11,Essex Police,Essex Police,0.075320,51.747411,On or near Mallows Green,E01021864,Harlow 011C,Other theft,Investigation complete; no suspect identified,
fec57143c4e1568c66bde3395b9076d37e2694c79bd8e9c529a96f836d65475f,2024-11,Essex Police,Essex Police,0.079993,51.750098,On or near Milwards,E01021864,Harlow 011C,Public order,Unable to prosecute suspect,
63a79f05e64d9d5149c6f7e50a96448a29ffcb3640b2d8c2bb266e3845d34792,2024-11,Essex Police,Essex Police,0.075320,51.747411,On or near Mallows Green,E01021864,Harlow 011C,Violence and sexual offences,Unable to prosecute suspect,
614dce4f1e4c05967b56e8d559b6dfc56cb913b54f69f5987df6c591d3ebdce4,2024-11,Essex Police,Essex Police,0.079993,51.750098,On or near Milwards,E01021864,Harlow 011C,Violence and sexual offences,Action to be taken by another organisation,
852a423cb4f83e00c2a41a7225294fcfc87e6843b95e88c7d2d2b34ecd345250,2024-11,Essex Police,Essex Police,0.075320,51.747411,On or near Mallows Green,E01021864,Harlow 011C,Violence and sexual offences,Offender given a caution,
5d01c30412d479408568bb0a7fa16ea258f1175c0b1a68979318511152c47501,2024-11,Essex Police,Essex Police,0.079993,51.750098,On or near Milwards,E01021864,Harlow 011C,Violence and sexual offences,Unable to prosecute suspect,
1c5c2cdec8bc0d8232a3c5669ac1ea97876e8c2379df6d91681e476c32f7a385,2024-11,Essex Police,Essex Police,0.079993,51.750098,On or near Milwards,E01021864,Harlow 011C,Other crime,Formal action is not in the public interest,
d3ce2fe96a3bc1dcc8cc79d9105281359e4b62df3e82805bce58d99b70fe5f48,2024-11,Essex Police,Essex Police,0.078397,51.744380,On or near Keefield,E01021866,Harlow 011D,Criminal damage and arson,Investigation complete; no suspect identified,
bab2d71c69d6e63097e2c42cc4a74824ad445c42b251b96890435107d4f14f12,2024-11,Essex Police,Essex Police,0.076707,51.744158,On or near Wellesley,E01021866,Harlow 011D,Other theft,Investigation complete; no suspect identified,
891f9f32b2c1b157f4b3b574c8080c7f0154401870b28443c2301df8ae45f312,2024-11,Essex Police,Essex Police,0.079927,51.743624,On or near Parsloe Road,E01021866,Harlow 011D,Vehicle crime,Investigation complete; no suspect identified,
d8695d80323bb5b89c74a3d7ba7720ba3151760a04b608fb7f14b88f43f659b7,2024-11,Essex Police,Essex Police,0.079927,51.743624,On or near Parsloe Road,E01021866,Harlow 011D,Vehicle crime,Unable to prosecute suspect,
a01d248defd8e33c43ac9c6905e9c79246c4a291c842ba61ea87f26cd5744dd5,2024-11,Essex Police,Essex Police,0.078397,51.744380,On or near Keefield,E01021866,Harlow 011D,Violence and sexual offences,Unable to prosecute suspect,
3236bf83332bb4f798cc82aec62a00007c1bf96e0bbadd32aa8f297aba1ef5a0,2024-11,Essex Police,Essex Police,0.073947,51.745888,On or near Hull Grove,E01021866,Harlow 011D,Violence and sexual offences,Unable to prosecute suspect,
1793d8635396b520eaa52167defbde0215154d3a119ae60c1e7bd18cc9f81cc5,2024-11,Essex Police,Essex Police,0.077012,51.745133,On or near Sumners Farm Close,E01021866,Harlow 011D,Violence and sexual offences,Unable to prosecute suspect,
2ad4c495a943dee5693ffc533f56afda1b69f8065cd621e43be2f32f9e198280,2024-11,Essex Police,Essex Police,0.093986,51.745668,On or near Long Wood,E01021867,Harlow 011E,Criminal damage and arson,Investigation complete; no suspect identified,
f407ea1862c127d8a6b08afb4ab2a96d57d731d52cfaa97cd1d744e087ddb678,2024-11,Essex Police,Essex Police,0.093986,51.745668,On or near Long Wood,E01021867,Harlow 011E,Public order,Unable to prosecute suspect,
2f18beba19a8467b411db06586b85a7c58b8c8cac6bcf9ffd66247a986e1aaa2,2024-11,Essex Police,Essex Police,0.086157,51.744584,On or near Fennells,E01021867,Harlow 011E,Vehicle crime,Investigation complete; no suspect identified,
1613dd695409240502ed4af20a216204780591814fe0cd74aca6db734a5558c5,2024-11,Essex Police,Essex Police,0.080638,51.742380,On or near Markwell Wood,E01021867,Harlow 011E,Violence and sexual offences,Action to be taken by another organisation,
22572ba6bee01ed1a88f6bd4059e945de32d117b4ff739304e79a8340d940f35,2024-11,Essex Police,Essex Police,0.082884,51.743602,On or near Sports/Recreation Area,E01021867,Harlow 011E,Violence and sexual offences,Unable to prosecute suspect,
dfa5009844cfa0bfa918ad64574dc80c0b328a1ab4b343f2d1650fbffa2b9fb4,2024-11,Essex Police,Essex Police,0.084398,51.745074,On or near Thurstans,E01021867,Harlow 011E,Violence and sexual offences,Status update unavailable,
7fe9219eebc3af8e6b2b26e264e487f8d06c3a332b0859756db78bde3a28e911,2024-11,Essex Police,Essex Police,0.093740,51.746374,On or near Sports/Recreation Area,E01021867,Harlow 011E,Violence and sexual offences,Court result unavailable,
a30c654d467e23dbbbaa772e331414837d3f9ef0985bd94f13e42bf7514e2cc6,2024-11,Essex Police,Essex Police,0.084398,51.745074,On or near Thurstans,E01021867,Harlow 011E,Violence and sexual offences,Unable to prosecute suspect,
ea4acf4eb552a197354ad6c8aeb2a7a1861a13e9918cdd9192acc95d5c62dfc8,2024-11,Essex Police,Essex Police,0.084398,51.745074,On or near Thurstans,E01021867,Harlow 011E,Violence and sexual offences,Court result unavailable,
58b9e3c83fbfbafd8dd75ecceac9facfca8efb9dbd56074cc5025fc64091a8b3,2024-11,Essex Police,Essex Police,0.248072,51.527541,On or near Parking Area,E01002385,Havering 024A,Violence and sexual offences,Status update unavailable,
80a719ea86e1531e84871e2b4b114d663aab9e31581db607f298052270faf444,2024-11,Essex Police,Essex Police,0.843039,51.756522,On or near Darnet Road,E01021908,Maldon 001A,Violence and sexual offences,Formal action is not in the public interest,
a6c83551e8a3d8065b6f2263c75e16f0b645cc3ef725fa764d00878dc6634585,2024-11,Essex Police,Essex Police,0.754037,51.748758,On or near Sorrell Close,E01021909,Maldon 001B,Other theft,Unable to prosecute suspect,
63497ecbf64e3468d86259388633a91c97c685100f7a5ba6c04fd8069e3d161f,2024-11,Essex Police,Essex Police,0.752758,51.747979,On or near Hall Estate,E01021909,Maldon 001B,Public order,Unable to prosecute suspect,
c65ce5fef53410def4b8c666dd3671dd1eeecc6c8e347da298114821a417a0b5,2024-11,Essex Police,Essex Police,0.749518,51.748072,On or near Blind Lane,E01021909,Maldon 001B,Violence and sexual offences,Investigation complete; no suspect identified,
8dfb8e7cc59afdf3b01620318ee304f9b5d289c5d8cafea5fbc8f9ff30d25026,2024-11,Essex Police,Essex Police,0.750690,51.767363,On or near Beckingham Street,E01021909,Maldon 001B,Violence and sexual offences,Unable to prosecute suspect,
00e653f5040905b6815477131bc3f7b10f458812bb0d05c7220104f9c0a94b4f,2024-11,Essex Police,Essex Police,0.790919,51.768384,On or near Maldon Road,E01021910,Maldon 001C,Burglary,Investigation complete; no suspect identified,
d9b1e017dd85b222cc89ef238cca8d56cf24ac96db8c6577413af9f7bd191b5e,2024-11,Essex Police,Essex Police,0.796724,51.773651,On or near North Street,E01021910,Maldon 001C,Other theft,Investigation complete; no suspect identified,
0a639aefd1fa74cd841c12c8ac75cc1d33b53394728461bbaac2da0019ef2800,2024-11,Essex Police,Essex Police,0.795045,51.772747,On or near Salter'S Meadow,E01021910,Maldon 001C,Violence and sexual offences,Unable to prosecute suspect,
,2024-11,Essex Police,Essex Police,0.676733,51.795934,On or near Lea Lane,E01021882,Maldon 002A,Anti-social behaviour,,
0021cc145c1dc4190e5087db6c356547261f8fb34fe399d75ca9afb86e4d9efc,2024-11,Essex Police,Essex Police,0.737178,51.770179,On or near School Road,E01021882,Maldon 002A,Burglary,Investigation complete; no suspect identified,
8bdecec261557aeda3f980599063900d0e69211a615966390181023782b24d39,2024-11,Essex Police,Essex Police,0.707845,51.787487,On or near Colchester Road,E01021882,Maldon 002A,Criminal damage and arson,Investigation complete; no suspect identified,
02311f10ecdc7d2f726009e1ce4b389991ec60435ebef0cb80140a2427218f4e,2024-11,Essex Police,Essex Police,0.688947,51.770861,On or near Maldon Road,E01021883,Maldon 002B,Criminal damage and arson,Investigation complete; no suspect identified,
57498493b59b75190e12ede03a59c9b0fefe5de0e98db6cd11ed4bf9630b84bb,2024-11,Essex Police,Essex Police,0.691704,51.772129,On or near Millways,E01021883,Maldon 002B,Vehicle crime,Investigation complete; no suspect identified,
f2f571249466d5154f0fc3b268d03b2fc3f7798629258177b80dd2c504a3217c,2024-11,Essex Police,Essex Police,0.687192,51.773761,On or near The Paddocks,E01021883,Maldon 002B,Violence and sexual offences,Unable to prosecute suspect,
,2024-11,Essex Police,Essex Police,0.654202,51.765446,On or near Langford Road,E01021912,Maldon 002C,Anti-social behaviour,,
752110b2b854c7606c40fd0311b0e9bdccee514e57f22e6aace20abff4a158ec,2024-11,Essex Police,Essex Police,0.662894,51.776949,On or near Church Close,E01021912,Maldon 002C,Criminal damage and arson,Investigation complete; no suspect identified,
aab08070d8f07925d0e7cec0dc99d59bdb0c08571da255826a6acb2db57a005c,2024-11,Essex Police,Essex Police,0.674625,51.780415,On or near Beech Green,E01021912,Maldon 002C,Possession of weapons,Status update unavailable,
47173794b36e2322013330ff64cbd03d62a794ba44b8f7e245ad6bebcd01b3f5,2024-11,Essex Police,Essex Police,0.673316,51.776910,On or near School Road,E01021912,Maldon 002C,Vehicle crime,Investigation complete; no suspect identified,
dacdc05fe6ae48787917c23fbec4a73dddda3444d4462e77019019373f57d104,2024-11,Essex Police,Essex Police,0.679074,51.781105,On or near Finch'S,E01021912,Maldon 002C,Vehicle crime,Investigation complete; no suspect identified,
7b09d953b8d1e3a15e3217b2c944cade5c2a642e1cd5ea0f38e3fb9c08076c6e,2024-11,Essex Police,Essex Police,0.674625,51.780415,On or near Beech Green,E01021912,Maldon 002C,Violence and sexual offences,Unable to prosecute suspect,
361444c14397822d0e224ba4bd34c2153255edbab2750d82b584d930a3b0ab40,2024-11,Essex Police,Essex Police,0.618533,51.737917,On or near Hoe Mill Road,E01021913,Maldon 002D,Vehicle crime,Investigation complete; no suspect identified,
df6b028582e1e55c542fe13f02790dd6c5734bee63e8ee7db5687b7f3c2de15b,2024-11,Essex Police,Essex Police,0.677560,51.761669,On or near Maypole Road,E01021913,Maldon 002D,Violence and sexual offences,Unable to prosecute suspect,
87586ac17b00e5a2a3d8baad073b285da148cf3488e23b3afe4118a2cfbd841d,2024-11,Essex Police,Essex Police,0.695601,51.742649,On or near Avocet Way,E01021884,Maldon 003A,Violence and sexual offences,Unable to prosecute suspect,
792d317335a850b1a3772c2329bd726a655ecf4f012ddf6be96aedf52bdaeaf6,2024-11,Essex Police,Essex Police,0.694327,51.742903,On or near Towers Road,E01021884,Maldon 003A,Violence and sexual offences,Unable to prosecute suspect,
,2024-11,Essex Police,Essex Police,0.702651,51.738917,On or near Ramsey Close,E01021886,Maldon 003C,Anti-social behaviour,,
31dd6e3ae7a9881410d637f6b01da7ff31114b708f73cfdfe84b20bb09e60554,2024-11,Essex Police,Essex Police,0.689427,51.738456,On or near Hall Road,E01021886,Maldon 003C,Burglary,Unable to prosecute suspect,
ed3ab2d63f26854fb15f7a592ce35cfbcc66ee331ea36ce6ecf85938e65f5be9,2024-11,Essex Police,Essex Police,0.691956,51.735916,On or near Stebbens Way,E01021886,Maldon 003C,Other theft,Investigation complete; no suspect identified,
3d31efe5f04bfce1d02bca81d2d7b6a47548bc46d8fb60e43e1bcb8870bc40b5,2024-11,Essex Police,Essex Police,0.699870,51.739169,On or near Mayland Close,E01021886,Maldon 003C,Public order,Investigation complete; no suspect identified,
d5f9d24789021bc7c866936d6bd0e6a52e0bf066961d0bf409fe02c9c255c383,2024-11,Essex Police,Essex Police,0.691322,51.737936,On or near Coates Close,E01021886,Maldon 003C,Violence and sexual offences,Unable to prosecute suspect,
5e5cbac89d10e7da8404350d50da17f4123a6d47f0898f1177fdafd3f43c6b30,2024-11,Essex Police,Essex Police,0.699870,51.739169,On or near Mayland Close,E01021886,Maldon 003C,Violence and sexual offences,Unable to prosecute suspect,
2791e110f1488daaf9d7077d039983da5d0afc088481aa09c97b14defd9bab26,2024-11,Essex Police,Essex Police,0.699870,51.739169,On or near Mayland Close,E01021886,Maldon 003C,Violence and sexual offences,Unable to prosecute suspect,
ebaaef2be9b59726272537b32f8290e9b43ffc85d012adeaaa8eb975a8ae0d73,2024-11,Essex Police,Essex Police,0.699870,51.739169,On or near Mayland Close,E01021886,Maldon 003C,Violence and sexual offences,Unable to prosecute suspect,
c0186c918bbed30704c61e96790fcbac29c1431acff201cc7117463b0101df7c,2024-11,Essex Police,Essex Police,0.691322,51.737936,On or near Coates Close,E01021886,Maldon 003C,Violence and sexual offences,Unable to prosecute suspect,
e819840d91ce58b276a5f71d25bedc5bfa5c7980e6d733690ebf468add57e7d1,2024-11,Essex Police,Essex Police,0.691322,51.737936,On or near Coates Close,E01021886,Maldon 003C,Violence and sexual offences,Unable to prosecute suspect,
e6dc78ad57046d14a72f14adf66bd36bbe6c1eb3007ed372dcceea2b64ea7233,2024-11,Essex Police,Essex Police,0.699870,51.739169,On or near Mayland Close,E01021886,Maldon 003C,Violence and sexual offences,Unable to prosecute suspect,
,2024-11,Essex Police,Essex Police,0.677203,51.745840,On or near Lewis Way,E01021887,Maldon 003D,Anti-social behaviour,,
ab1abe4efdc53dec9b3421b5e68b27ba4ddefeff96fcace076e45eb4d9c87b18,2024-11,Essex Police,Essex Police,0.678352,51.745418,On or near Myall Close,E01021887,Maldon 003D,Burglary,Investigation complete; no suspect identified,
de070698a79d0bcb489ede0ee05f9e02f6b849132d9d662f244081253e93fdbf,2024-11,Essex Police,Essex Police,0.678352,51.745418,On or near Myall Close,E01021887,Maldon 003D,Burglary,Investigation complete; no suspect identified,
7a6aa9b66d60d5f8249c3b397ea03a3d953c5b26a4f048f83648c9222abf7dd5,2024-11,Essex Police,Essex Police,0.678352,51.745418,On or near Myall Close,E01021887,Maldon 003D,Burglary,Investigation complete; no suspect identified,
eba412092d2a13c66322b48cbb597cd682a771d91c8f5d27a55072a402fc1406,2024-11,Essex Police,Essex Police,0.678352,51.745418,On or near Myall Close,E01021887,Maldon 003D,Burglary,Investigation complete; no suspect identified,
8c6baa1ef5d0e56f334ac5e44c796844d5432f9461d0f4b896ff0407411824f4,2024-11,Essex Police,Essex Police,0.678352,51.745418,On or near Myall Close,E01021887,Maldon 003D,Burglary,Investigation complete; no suspect identified,
3444756d5b8c3b30b8dd51a0d501eeee8e14969d26495a8c1fbf16847109f1f3,2024-11,Essex Police,Essex Police,0.678352,51.745418,On or near Myall Close,E01021887,Maldon 003D,Burglary,Unable to prosecute suspect,
,2024-11,Essex Police,Essex Police,0.684250,51.741299,On or near The Square,E01021888,Maldon 003E,Anti-social behaviour,,
6b4aff132b80b4e5f92721c4e15f86209e623fa13854cb8ebeeb5010229dffd4,2024-11,Essex Police,Essex Police,0.693453,51.746718,On or near Chestnut Mews,E01021888,Maldon 003E,Burglary,Investigation complete; no suspect identified,
8421f061443dc0bb6b880843a1769c76226ebc361825a32f7d494802959c6eb2,2024-11,Essex Police,Essex Police,0.687559,51.744074,On or near Everest Way,E01021888,Maldon 003E,Drugs,Local resolution,
cbc5359aca80676fb482e0fb2f1d47756b36c2cfdddae0a33d59c13ec274e396,2024-11,Essex Police,Essex Police,0.689866,51.742915,On or near Hillary Close,E01021888,Maldon 003E,Drugs,Court result unavailable,
be46256cc91ac29f1d1ea2ba212a70437c448169433f406766e1af90224ca19b,2024-11,Essex Police,Essex Police,0.693553,51.750107,On or near St Andrews Way,E01021888,Maldon 003E,Other theft,Investigation complete; no suspect identified,
6959c49f60d8530901b2fe63c33ee37c97bbdb0f78a2f14346f99b4694bac861,2024-11,Essex Police,Essex Police,0.692320,51.744487,On or near Hazelwood Court,E01021888,Maldon 003E,Other theft,Investigation complete; no suspect identified,
debd110c145cbcbfa35d0a5086d3b5ddf5d0a6004deae0c16bc5e4f2c807f7e0,2024-11,Essex Police,Essex Police,0.692417,51.742695,On or near Colchester Road,E01021888,Maldon 003E,Public order,Unable to prosecute suspect,
bbe6dd1701eb8adf817ae90752142418b11935567516d38af152222d5083be1b,2024-11,Essex Police,Essex Police,0.689639,51.741293,On or near Parking Area,E01021888,Maldon 003E,Public order,Investigation complete; no suspect identified,
58434c4ec8bffdddb6c2e0ecf7b1500171c2a4562a698347be292545e3bb1a0a,2024-11,Essex Police,Essex Police,0.693863,51.744110,On or near B1022,E01021888,Maldon 003E,Vehicle crime,Investigation complete; no suspect identified,
835d6ed1709a9399838199a0da684ee0b05e8a75d4f5355d17986c645df2d4df,2024-11,Essex Police,Essex Police,0.693527,51.749675,On or near Spickets Drive,E01021888,Maldon 003E,Vehicle crime,Investigation complete; no suspect identified,
1438894215a13a856c59fce19f9fe5e67297f59a8ad030049f985a67ed6b946e,2024-11,Essex Police,Essex Police,0.691929,51.749847,On or near Heybridge Woods View,E01021888,Maldon 003E,Vehicle crime,Investigation complete; no suspect identified,
e6e9e6c2c1f034ac03055f2fbb740fc339ccc175625478d2e0f2885564e49a7b,2024-11,Essex Police,Essex Police,0.692417,51.742695,On or near Colchester Road,E01021888,Maldon 003E,Violence and sexual offences,Investigation complete; no suspect identified,
cee9813b8b520e92d2c90b426529fbfdf61647c48b3f20c9f09ee8f50bbf9837,2024-11,Essex Police,Essex Police,0.692320,51.744487,On or near Hazelwood Court,E01021888,Maldon 003E,Violence and sexual offences,Unable to prosecute suspect,
dab45d120db52b86502fd0886ab12ee253454ef4cdc4fb0f3caee12fc205d527,2024-11,Essex Police,Essex Police,0.692417,51.742695,On or near Colchester Road,E01021888,Maldon 003E,Violence and sexual offences,Investigation complete; no suspect identified,
17653fcc50c14567bc8b0564320cab83bbda891da23139ae4933083e11d814af,2024-11,Essex Police,Essex Police,0.692347,51.748093,On or near River Ebro Road,E01021888,Maldon 003E,Violence and sexual offences,Unable to prosecute suspect,
3bff333ebcdbc983a6cd06b15169b4270053abae65dcc7628cfabcf67d114887,2024-11,Essex Police,Essex Police,0.692417,51.742695,On or near Colchester Road,E01021888,Maldon 003E,Violence and sexual offences,Unable to prosecute suspect,
ceb34fdd247005d34b6c0120cf757b3dd556aa7c926d9160206b7f2bd42654d0,2024-11,Essex Police,Essex Police,0.692320,51.744487,On or near Hazelwood Court,E01021888,Maldon 003E,Violence and sexual offences,Unable to prosecute suspect,
b09f9a94589e1dd749f866eb08bfd8c41779d4715099c92edaf2a25ff52d37e9,2024-11,Essex Police,Essex Police,0.693580,51.748127,On or near Scylla Close,E01021888,Maldon 003E,Violence and sexual offences,Unable to prosecute suspect,
0877272eeab48943cc583c82027a6ff127ddad75cecac2f36c42983433cbbe14,2024-11,Essex Police,Essex Police,0.691847,51.745532,On or near Wood Road,E01021888,Maldon 003E,Violence and sexual offences,Formal action is not in the public interest,
ac59556d39bfb2229625d7c55f5cbcab0703a05ef91a00d3647d8a22b22c3c77,2024-11,Essex Police,Essex Police,0.690151,51.741866,On or near Stock Chase,E01021888,Maldon 003E,Violence and sexual offences,Unable to prosecute suspect,
e0bf066a5f96fbd24b7e4b820dd5e1d25693df4c0fc7ca673b03afb79f883aec,2024-11,Essex Police,Essex Police,0.692919,51.749671,On or near Waring Avenue,E01021888,Maldon 003E,Other crime,Investigation complete; no suspect identified,
,2024-11,Essex Police,Essex Police,0.689813,51.727151,On or near Park/Open Space,E01021889,Maldon 004A,Anti-social behaviour,,
c14b547e7a8b841ff1318b8442d2744bbf226edb2545a1d06013be72eda033a2,2024-11,Essex Police,Essex Police,0.691136,51.716266,On or near South House Chase,E01021889,Maldon 004A,Criminal damage and arson,Investigation complete; no suspect identified,
c9a12d82157a715ce78b54abc0dd2591c74eedee0dac95d9160fe2d1a890044a,2024-11,Essex Police,Essex Police,0.681513,51.727854,On or near Barrell Close,E01021889,Maldon 004A,Drugs,Local resolution,
6a431259fe3576fe83fe18ff06aaf112995207b4d7fc1808dbaa3f91566efb44,2024-11,Essex Police,Essex Police,0.687061,51.723968,On or near Meadway,E01021889,Maldon 004A,Other theft,Investigation complete; no suspect identified,
e2c5a5eae6fb3a9f0fce4d1c745abf24c2b5f6f9da7daef9c0536eea9eb8fd00,2024-11,Essex Police,Essex Police,0.688676,51.722645,On or near Jersey Road,E01021889,Maldon 004A,Violence and sexual offences,Unable to prosecute suspect,
196fc6cd16224a891401407e5772302bbb2d106021f7f83b46fe091f71c9ed7b,2024-11,Essex Police,Essex Police,0.683279,51.724908,On or near Shopping Area,E01021889,Maldon 004A,Violence and sexual offences,Unable to prosecute suspect,
4218086e90336d2e7649b26ae5dc897328b36c68ae8b2434db12232f5d606657,2024-11,Essex Police,Essex Police,0.690515,51.721658,On or near Tideway,E01021889,Maldon 004A,Violence and sexual offences,Investigation complete; no suspect identified,
f82aa069323b83cf3e94a367cae068671b54f6f8c7a8aea7a8d41ea1602c09b8,2024-11,Essex Police,Essex Police,0.685504,51.726782,On or near Mill Road,E01021889,Maldon 004A,Violence and sexual offences,Investigation complete; no suspect identified,
cf1e0a98e8fceb986a1a937846ad65a8914de29c3d5f4423a4799a837dc15f75,2024-11,Essex Police,Essex Police,0.685504,51.726782,On or near Mill Road,E01021889,Maldon 004A,Violence and sexual offences,Unable to prosecute suspect,
98b12e01e5100e01922ccccae4bf1491409312b5d8c2e17f1a4450f708060959,2024-11,Essex Police,Essex Police,0.682003,51.727087,On or near Dyer'S Road,E01021889,Maldon 004A,Violence and sexual offences,Unable to prosecute suspect,
592605d4b18611dd38bc17d26b4fbe14a09a0878371db3187f8566a2cbb8af16,2024-11,Essex Police,Essex Police,0.688676,51.722645,On or near Jersey Road,E01021889,Maldon 004A,Violence and sexual offences,Unable to prosecute suspect,
ddb4d2288b4488a51cf3017deed7776b75f3dea7fa7a5c830e40fbb630e2b522,2024-11,Essex Police,Essex Police,0.683279,51.724908,On or near Shopping Area,E01021889,Maldon 004A,Violence and sexual offences,Unable to prosecute suspect,
723315483edf2506461ea84d04bfbf9ac98682b6d37be09a7c19749860666bc2,2024-11,Essex Police,Essex Police,0.681393,51.729008,On or near America Street,E01021889,Maldon 004A,Other crime,Unable to prosecute suspect,
,2024-11,Essex Police,Essex Police,0.679342,51.736204,On or near Petrol Station,E01021890,Maldon 004B,Anti-social behaviour,,
,2024-11,Essex Police,Essex Police,0.680797,51.730928,On or near High Street,E01021890,Maldon 004B,Anti-social behaviour,,
,2024-11,Essex Police,Essex Police,0.679516,51.730822,On or near Parking Area,E01021890,Maldon 004B,Anti-social behaviour,,
,2024-11,Essex Police,Essex Police,0.680963,51.736680,On or near B1018,E01021890,Maldon 004B,Anti-social behaviour,,
1a4942a7c6bf4139d3bba4235b49bac854ebf71b82408f2a266573081b15bf3f,2024-11,Essex Police,Essex Police,0.679551,51.731658,On or near Old Mill Close,E01021890,Maldon 004B,Burglary,Investigation complete; no suspect identified,
5b3ad48ff5925f71201ffecf085ae02c839ee6305cbb5a8ff23e60929db2132c,2024-11,Essex Police,Essex Police,0.680963,51.736680,On or near B1018,E01021890,Maldon 004B,Criminal damage and arson,Investigation complete; no suspect identified,
e58b2c0c056cc07babcd0673d6581fa492bcd2d55f77e7f76942c9d10c6d2a10,2024-11,Essex Police,Essex Police,0.679342,51.736204,On or near Petrol Station,E01021890,Maldon 004B,Criminal damage and arson,Investigation complete; no suspect identified,
e4d1f32a9ebf7d6c452a2d7d59cc7353e9bccba4cd97b68a7d94f4e2a0937e3c,2024-11,Essex Police,Essex Police,0.686136,51.729628,On or near North Street,E01021890,Maldon 004B,Drugs,Unable to prosecute suspect,
be479f8d8e9977de881ad60650a2e14b30bd5883c18a5dd35285f43fdff0e2d0,2024-11,Essex Police,Essex Police,0.683847,51.729617,On or near Tait Mews,E01021890,Maldon 004B,Drugs,Awaiting court outcome,
b0b0eff61a536013663f6fc26b97a8a359a4ad750055f8fdd7c9dfbc1df4983c,2024-11,Essex Police,Essex Police,0.680294,51.727818,On or near Wantz Haven,E01021890,Maldon 004B,Drugs,Local resolution,
325422aacec529a1740abd89ea62417e1d1c8a0ed776d7424c1ee2ec8eef54ea,2024-11,Essex Police,Essex Police,0.680508,51.729972,On or near Tenterfield Road,E01021890,Maldon 004B,Other theft,Investigation complete; no suspect identified,
8ebd9c32b6228dde0d7de75ce14f85925e796f0a0b72b0377f420ada3fb3d612,2024-11,Essex Police,Essex Police,0.677970,51.736280,On or near Supermarket,E01021890,Maldon 004B,Other theft,Investigation complete; no suspect identified,
d2d227d5f41944a5b00f2a16cf7c317c15f26a1f0a27be4ea090464daac0b7bf,2024-11,Essex Police,Essex Police,0.677970,51.736280,On or near Supermarket,E01021890,Maldon 004B,Other theft,Investigation complete; no suspect identified,
8fc131840ca43494736f29383758b938e2990c8fe550b537ab42e6b215ba9fc4,2024-11,Essex Police,Essex Police,0.680963,51.736680,On or near B1018,E01021890,Maldon 004B,Public order,Local resolution,
f8bc892e9ec9d3d3ef152e7bd1f995eff556d440a7b6ebb0a429b9083b753172,2024-11,Essex Police,Essex Police,0.686136,51.729628,On or near North Street,E01021890,Maldon 004B,Public order,Formal action is not in the public interest,
415239e0d9e299d17fef74a97de1d7a1f71122dff52099a068a91ce7bbd84b5b,2024-11,Essex Police,Essex Police,0.680508,51.729972,On or near Tenterfield Road,E01021890,Maldon 004B,Public order,Unable to prosecute suspect,
e69429e2cffeea6e8db977d4c012a914682269d7959839d8a500a029952e0872,2024-11,Essex Police,Essex Police,0.679169,51.734994,On or near Fullbridge,E01021890,Maldon 004B,Public order,Unable to prosecute suspect,
380c6ed4d79eaf5abe613e8cecf04b387c6a11f5485a83d8fe11436e965246f7,2024-11,Essex Police,Essex Police,0.677970,51.736280,On or near Supermarket,E01021890,Maldon 004B,Shoplifting,Investigation complete; no suspect identified,
2d792ae69b11a013605907fc71b0e94776e3a73d40c0daac526ba930387c0d03,2024-11,Essex Police,Essex Police,0.680963,51.736680,On or near B1018,E01021890,Maldon 004B,Shoplifting,Investigation complete; no suspect identified,
fe8282588f79cc90faf3e9d62adf38bb1febfd5f6ed76bd50ec295810fe60539,2024-11,Essex Police,Essex Police,0.679551,51.731658,On or near Old Mill Close,E01021890,Maldon 004B,Shoplifting,Investigation complete; no suspect identified,
0bcd5787c0f1a6359183731ce7f7fa0804037720678d460d58adcdb5b4089c1f,2024-11,Essex Police,Essex Police,0.680963,51.736680,On or near B1018,E01021890,Maldon 004B,Shoplifting,Investigation complete; no suspect identified,
67e8145cf29bd9060b0eeba5551db7098453a493d8f0678a9e06cd787c9641c9,2024-11,Essex Police,Essex Police,0.682047,51.734919,On or near Station Road,E01021890,Maldon 004B,Shoplifting,Investigation complete; no suspect identified,
8b37467c6b34e50b758f67c6136adc83a598b70a2a5dc528dcd3c78a4ed76437,2024-11,Essex Police,Essex Police,0.682047,51.734919,On or near Station Road,E01021890,Maldon 004B,Shoplifting,Investigation complete; no suspect identified,
7f4094beae23d16bb438a224435b88e8fdf42bd4c5558cfef4b68acd40be24d9,2024-11,Essex Police,Essex Police,0.682047,51.734919,On or near Station Road,E01021890,Maldon 004B,Shoplifting,Investigation complete; no suspect identified,
851e16522d0125e5f5c482993003e3b8bbcba73c798d8e23625f3cf3abba27b7,2024-11,Essex Police,Essex Police,0.680963,51.736680,On or near B1018,E01021890,Maldon 004B,Shoplifting,Investigation complete; no suspect identified,
b0ed7cb348d5301876d6f9f1b00ae9f3db7e61df7168b19da9b5826d065f3e86,2024-11,Essex Police,Essex Police,0.682047,51.734919,On or near Station Road,E01021890,Maldon 004B,Shoplifting,Investigation complete; no suspect identified,
8b1ed7689713340f6d324310e98da930c8985fde77f0ef97ec05404c64324615,2024-11,Essex Police,Essex Police,0.680963,51.736680,On or near B1018,E01021890,Maldon 004B,Shoplifting,Investigation complete; no suspect identified,
9efdc461abaeb8d5cef432b7a55c4587801e88b56930c0df3e03cfc5e61e7bb8,2024-11,Essex Police,Essex Police,0.680963,51.736680,On or near B1018,E01021890,Maldon 004B,Shoplifting,Investigation complete; no suspect identified,
42a689e3925f95d8f5c2a3f57a083915396f67ab55a500cc6b7f9c607c25bb27,2024-11,Essex Police,Essex Police,0.677970,51.736280,On or near Supermarket,E01021890,Maldon 004B,Shoplifting,Investigation complete; no suspect identified,
0ab1341fba6b98d07115c8079cb4f8b43d66b2a5cf9e7cea2b7aa5391f6d6ffe,2024-11,Essex Police,Essex Police,0.682047,51.734919,On or near Station Road,E01021890,Maldon 004B,Vehicle crime,Investigation complete; no suspect identified,
1cc1c53739abc0450f1138ec6dab3242643b4f2218ce50eab78b218d1ba7f909,2024-11,Essex Police,Essex Police,0.680963,51.736680,On or near B1018,E01021890,Maldon 004B,Vehicle crime,Court result unavailable,
d91683e6f153acbf4d39400b1bb6712a14ad5bc8706ba23a69b4e6d4b58ff325,2024-11,Essex Police,Essex Police,0.686743,51.730576,On or near Chelmer Terrace,E01021890,Maldon 004B,Violence and sexual offences,Court result unavailable,
00a80b70828b9a55171a8e4ca991b4d34fa686d7b98b32ae3b8c49d311ec25f3,2024-11,Essex Police,Essex Police,0.680955,51.731895,On or near Parking Area,E01021890,Maldon 004B,Violence and sexual offences,Unable to prosecute suspect,
4af60902c5d6eee0c3a82c6acd5b9bd3345566a38fff06d81f54f07588d40a6e,2024-11,Essex Police,Essex Police,0.683847,51.729617,On or near Tait Mews,E01021890,Maldon 004B,Violence and sexual offences,Unable to prosecute suspect,
e32f7cf133c61fc2f4c3bc6357782c938daa848dff11df6237d12e65b2ace7d9,2024-11,Essex Police,Essex Police,0.679551,51.731658,On or near Old Mill Close,E01021890,Maldon 004B,Violence and sexual offences,Action to be taken by another organisation,
aa2c3d2d12356c8929ed1734a48318c831dcb1ca49ffe7e667a87fc38a079fa5,2024-11,Essex Police,Essex Police,0.683429,51.730625,On or near Parking Area,E01021890,Maldon 004B,Violence and sexual offences,Action to be taken by another organisation,
39a72f664f7b0fddba10cebad7e58333a2ab62f34eb49db6dca96030ed318c84,2024-11,Essex Police,Essex Police,0.683847,51.729617,On or near Tait Mews,E01021890,Maldon 004B,Violence and sexual offences,Unable to prosecute suspect,
c25561712a8991ff0ba3a54c545918eae84d8abecfc3eb38dc40ec7264553a41,2024-11,Essex Police,Essex Police,0.679551,51.731658,On or near Old Mill Close,E01021890,Maldon 004B,Violence and sexual offences,Investigation complete; no suspect identified,
9f3d24460968d65e10e7927379a7faf791d4c85f739685ec4ba810ab88f5d9bb,2024-11,Essex Police,Essex Police,0.683429,51.730625,On or near Parking Area,E01021890,Maldon 004B,Violence and sexual offences,Investigation complete; no suspect identified,
0d7518a9e5b909fbf28324a0b409a921fa0cb11161bd25d2b896e0d2a5a9a6b7,2024-11,Essex Police,Essex Police,0.679169,51.734994,On or near Fullbridge,E01021890,Maldon 004B,Violence and sexual offences,Unable to prosecute suspect,
88ff1bec8ee0fa50cfb3ed318fc2b1cbd338f0ea0d7f5afe7c7409886808ed6a,2024-11,Essex Police,Essex Police,0.679169,51.734994,On or near Fullbridge,E01021890,Maldon 004B,Violence and sexual offences,Court result unavailable,
96c23d972593c892e670162d9f3a91197bdb7a3bfcd129e645beb1a50de63689,2024-11,Essex Police,Essex Police,0.688182,51.728951,On or near The Hythe,E01021890,Maldon 004B,Violence and sexual offences,Investigation complete; no suspect identified,
8c48b77caf28ba516bfd017a63a99eef4fc781e2982418707b82fb2c5e432137,2024-11,Essex Police,Essex Police,0.675782,51.731842,On or near Coach Lane,E01021891,Maldon 004C,Criminal damage and arson,Court result unavailable,
4a92aa9f9b1da0af983f314db0b808c349e56185dc9cfc0e04ecf90ebfa53dbe,2024-11,Essex Police,Essex Police,0.675782,51.731842,On or near Coach Lane,E01021891,Maldon 004C,Criminal damage and arson,Court result unavailable,
f129bcf5783c4c60b1678253484839a6c2c763350729ace93a3b2791a2261be5,2024-11,Essex Police,Essex Police,0.674269,51.729278,On or near Mount Pleasant,E01021891,Maldon 004C,Criminal damage and arson,Investigation complete; no suspect identified,
8a6f9348089a838b34fc383e69d59535ca24b2454afac99406bdea3d260d63af,2024-11,Essex Police,Essex Police,0.675782,51.731842,On or near Coach Lane,E01021891,Maldon 004C,Criminal damage and arson,Investigation complete; no suspect identified,
d45acce344545ec6f2d5e8f0f070336fb69fd730268068dc0868b523bebcf8de,2024-11,Essex Police,Essex Police,0.675229,51.730830,On or near Friars Lane,E01021891,Maldon 004C,Drugs,Local resolution,
6eef3cedf42379ae6cdf465f87debed5860636b78e457858735fe202143be38a,2024-11,Essex Police,Essex Police,0.676397,51.731954,On or near Silver Street,E01021891,Maldon 004C,Public order,Action to be taken by another organisation,
d0eca041750adf108c2fa06582b867fb2bc87db32c6ba3251ed5e995b829e92e,2024-11,Essex Police,Essex Police,0.677233,51.730910,On or near White Horse Lane,E01021891,Maldon 004C,Shoplifting,Investigation complete; no suspect identified,
23ce1abc78b170ae6e22cb84f92028c9ddcd8424daa2c9ea1aba302cf6bfe669,2024-11,Essex Police,Essex Police,0.670986,51.732311,On or near London Road,E01021891,Maldon 004C,Vehicle crime,Investigation complete; no suspect identified,
c50f298de418c84370c83c73d8e5ca444f95a5efaf8500d730155b63523ca3a4,2024-11,Essex Police,Essex Police,0.673940,51.728116,On or near Wentworth Meadows,E01021891,Maldon 004C,Violence and sexual offences,Unable to prosecute suspect,
7c7b7a19188e4fb53616a52500f4ec424f5ea2f033b28c0ecbf3263a1585bb97,2024-11,Essex Police,Essex Police,0.677233,51.730910,On or near White Horse Lane,E01021891,Maldon 004C,Violence and sexual offences,Investigation complete; no suspect identified,
076875891bed02a2d85ba8cdf113ca4edb30dea702c3e6dcc0d4564b68019bac,2024-11,Essex Police,Essex Police,0.676223,51.729017,On or near Parking Area,E01021891,Maldon 004C,Violence and sexual offences,Formal action is not in the public interest,
,2024-11,Essex Police,Essex Police,0.667632,51.728224,On or near St Giles Close,E01021892,Maldon 004D,Anti-social behaviour,,
93906a218ee979e940d203eaa8ae951f7a5339f13b3791d5383e26dcaa656d7f,2024-11,Essex Police,Essex Police,0.668793,51.727784,On or near Spital Road,E01021892,Maldon 004D,Burglary,Investigation complete; no suspect identified,
43d1e145fece972e16cdcf0b97a5d5e9a035db955096fc7da4cda79d9d277ff2,2024-11,Essex Police,Essex Police,0.668793,51.727784,On or near Spital Road,E01021892,Maldon 004D,Burglary,Investigation complete; no suspect identified,
1fb00a2e937d8458449ad1beac4b7c3e9f073ca544307d137a3938e9eeb5a4b9,2024-11,Essex Police,Essex Police,0.668364,51.729097,On or near Cherry Garden Road,E01021892,Maldon 004D,Criminal damage and arson,Local resolution,
0fb1aed9d3320278a340a03e152322d87813ed2dd16e4d591b19575c8504b201,2024-11,Essex Police,Essex Police,0.666460,51.725534,On or near Emneth Acre,E01021892,Maldon 004D,Other theft,Investigation complete; no suspect identified,
bbe6d7b15c67d5b295033834343b778cbb91a351460cad09e006d36a847a8652,2024-11,Essex Police,Essex Police,0.668364,51.729097,On or near Cherry Garden Road,E01021892,Maldon 004D,Violence and sexual offences,Unable to prosecute suspect,
edfe633bb28d6c3718bebc7434ed48ff8bff5cbe3fb0702dde7cef8980b11b0f,2024-11,Essex Police,Essex Police,0.665255,51.726470,On or near A414,E01021892,Maldon 004D,Violence and sexual offences,Unable to prosecute suspect,
247d220105423994b4eb3389809df352dfa369eef108d33a89acd888e9c6d2f2,2024-11,Essex Police,Essex Police,0.665255,51.726470,On or near A414,E01021892,Maldon 004D,Violence and sexual offences,Unable to prosecute suspect,
65392801850f41fcbf7ddaddf9c1520400427e22690396125413758890baf575,2024-11,Essex Police,Essex Police,0.665255,51.726470,On or near A414,E01021892,Maldon 004D,Violence and sexual offences,Action to be taken by another organisation,
b7614c3e6cab59adf81be2783b3db5acd4f9df77bff39eac873bfd1c2471fbb9,2024-11,Essex Police,Essex Police,0.665255,51.726470,On or near A414,E01021892,Maldon 004D,Violence and sexual offences,Action to be taken by another organisation,
40aff0891f16127e145df93c107058d219791ff69212846d6ac9c7845dae1692,2024-11,Essex Police,Essex Police,0.667708,51.731235,On or near Beacon Hill,E01021892,Maldon 004D,Violence and sexual offences,Unable to prosecute suspect,
399fc2c976a38655e564134e72bf4c32fd4844fb9c165c98bb041eb3c5709cd2,2024-11,Essex Police,Essex Police,0.667708,51.731235,On or near Beacon Hill,E01021892,Maldon 004D,Violence and sexual offences,Status update unavailable,
087d426f2f8cd125fa84235a9dd1e811c95d37db9a0d0450b3177b6cbafe12c0,2024-11,Essex Police,Essex Police,0.668364,51.729097,On or near Cherry Garden Road,E01021892,Maldon 004D,Violence and sexual offences,Unable to prosecute suspect,
7256ca54d32881e9bd9ffc7b31439efe2a563daee39eda6b7f4dd62a951e8cac,2024-11,Essex Police,Essex Police,0.668793,51.727784,On or near Spital Road,E01021892,Maldon 004D,Violence and sexual offences,Unable to prosecute suspect,
e76d325419a995662d05106aaf623b88ac2ec3e62023d0badea0de1a9822c43c,2024-11,Essex Police,Essex Police,0.680688,51.719545,On or near Johnston Way,E01021893,Maldon 005A,Violence and sexual offences,Investigation complete; no suspect identified,
aa2061ad5ef4021a6e8abbce941773738cbf8a4c7b91aae275320f41c7dbb8c4,2024-11,Essex Police,Essex Police,0.678522,51.724306,On or near Fambridge Close,E01021894,Maldon 005B,Violence and sexual offences,Formal action is not in the public interest,
10e03b889f20f9de154a4c69b80212930fca5fd973462f2e75050e546fa9821d,2024-11,Essex Police,Essex Police,0.678522,51.724306,On or near Fambridge Close,E01021894,Maldon 005B,Violence and sexual offences,Unable to prosecute suspect,
1dd003881a8f929a78e9849413125a79087b358883ba5dc7cb8865fead5caa34,2024-11,Essex Police,Essex Police,0.679177,51.723140,On or near Braeburn Drive,E01021894,Maldon 005B,Violence and sexual offences,Unable to prosecute suspect,
a34a2bcd72557a8ec9ad1e142b88d5f9006660b6569e93bd8bef5451b93e3a27,2024-11,Essex Police,Essex Police,0.680343,51.721540,On or near Dryden Close,E01021895,Maldon 005C,Other theft,Investigation complete; no suspect identified,
de9359eaf7e7f654cc0611e7f2cdf8028658cc1badb9c14ba7ba4037e8545906,2024-11,Essex Police,Essex Police,0.684121,51.721768,On or near Tennyson Road,E01021895,Maldon 005C,Violence and sexual offences,Action to be taken by another organisation,
f732164971973124389338267cf32bf0389957c7c42523570c9f9b6354110414,2024-11,Essex Police,Essex Police,0.680568,51.723882,On or near Cross Road,E01021895,Maldon 005C,Violence and sexual offences,Unable to prosecute suspect,
e2899fc604fb96a2bdf7bc6e8391ae1783300f3506cd62b87bbe48bcb644652f,2024-11,Essex Police,Essex Police,0.681491,51.722098,On or near Sassoon Way,E01021895,Maldon 005C,Violence and sexual offences,Unable to prosecute suspect,
bf1b6b237579a797d4a3278a3eb8bfb95b436abef919919d24d3f5274256423e,2024-11,Essex Police,Essex Police,0.678988,51.721904,On or near Milton Road,E01021895,Maldon 005C,Violence and sexual offences,Unable to prosecute suspect,
,2024-11,Essex Police,Essex Police,0.673569,51.716694,On or near Stirling Close,E01021896,Maldon 005D,Anti-social behaviour,,
,2024-11,Essex Police,Essex Police,0.661658,51.718251,On or near Embleton Close,E01021896,Maldon 005D,Anti-social behaviour,,
,2024-11,Essex Police,Essex Police,0.661658,51.718251,On or near Embleton Close,E01021896,Maldon 005D,Anti-social behaviour,,
b808084a2e3a4530f91648c6972725f76fccab214f6cd10b35cb6e2a5321f133,2024-11,Essex Police,Essex Police,0.665804,51.719065,On or near Crayford Close,E01021896,Maldon 005D,Other theft,Investigation complete; no suspect identified,
df0bb6b22d445fb1f6ecc928481126c75ebca00c36d042db858ab66d917874dc,2024-11,Essex Police,Essex Police,0.673569,51.716694,On or near Stirling Close,E01021896,Maldon 005D,Other theft,Formal action is not in the public interest,
fddf7977f69a7b37d2012a5e31f4d4a6be78ec72acd0039ab87061e247ddeb4b,2024-11,Essex Police,Essex Police,0.665804,51.719065,On or near Crayford Close,E01021896,Maldon 005D,Other theft,Investigation complete; no suspect identified,
b5b783651c3b02b544e59ed1a7d42f556957b96d29d9467a716f0ece8990b146,2024-11,Essex Police,Essex Police,0.667173,51.720428,On or near Narvik Close,E01021896,Maldon 005D,Shoplifting,Investigation complete; no suspect identified,
74f7788f5b1d4f86cded35388ced8be09a6f4cc3c24359820b35437eefaa20ce,2024-11,Essex Police,Essex Police,0.665804,51.719065,On or near Crayford Close,E01021896,Maldon 005D,Shoplifting,Investigation complete; no suspect identified,
4f84b84ae45525615ec83e9ed36edb8ee43bf9457b4beb2f3744d6ac5529cba9,2024-11,Essex Police,Essex Police,0.665804,51.719065,On or near Crayford Close,E01021896,Maldon 005D,Shoplifting,Investigation complete; no suspect identified,
8a57e7079e2f6a6a50e98675882d45d3525421bcf2a15089b3780490f4e8172c,2024-11,Essex Police,Essex Police,0.665804,51.719065,On or near Crayford Close,E01021896,Maldon 005D,Shoplifting,Investigation complete; no suspect identified,
83fb0239163205f23ccf570af9e7a1a0b1f503d612c5c82dd1cf7a52c437395f,2024-11,Essex Police,Essex Police,0.665804,51.719065,On or near Crayford Close,E01021896,Maldon 005D,Shoplifting,Investigation complete; no suspect identified,
4178462740b1692aa311e20d0c44c57a3b7783fbc617232a06ac1a460d2f3277,2024-11,Essex Police,Essex Police,0.665804,51.719065,On or near Crayford Close,E01021896,Maldon 005D,Shoplifting,Investigation complete; no suspect identified,
40faf5f619e4b0c12721bca3ce15bfa26ca46cc4cc878e94fbe8297660a7f771,2024-11,Essex Police,Essex Police,0.663239,51.724204,On or near Wycke Court,E01021896,Maldon 005D,Vehicle crime,Investigation complete; no suspect identified,
97cdee8175d45536956d4ae57a881be1d066e3ad0068e003b20bc261ada3f0e3,2024-11,Essex Police,Essex Police,0.667809,51.721160,On or near Hemmings Court,E01021896,Maldon 005D,Violence and sexual offences,Unable to prosecute suspect,
dd2f53a5ae397391547ba508971db06cdeaf0e26306a0d0ca58779dcb8a8dbd5,2024-11,Essex Police,Essex Police,0.657532,51.717022,On or near Carter Avenue,E01021896,Maldon 005D,Violence and sexual offences,Investigation complete; no suspect identified,
9fd023ec32f0c858476922c288f84d19553a5a15aafad857e39407b78d47d2f0,2024-11,Essex Police,Essex Police,0.672010,51.717017,On or near Whitley Place,E01021896,Maldon 005D,Violence and sexual offences,Investigation complete; no suspect identified,
9b8d7e007b619f40110e6de6a7488fdfc4078ed335e10f84e700035fdd24d926,2024-11,Essex Police,Essex Police,0.671116,51.715842,On or near Hereford Place,E01021896,Maldon 005D,Violence and sexual offences,Unable to prosecute suspect,
c5a4689e86b4dbbed12c0bfef611bedee8b161310ba3f9bd3d2a4596cbe2600a,2024-11,Essex Police,Essex Police,0.672717,51.716731,On or near Spitfire Road,E01021896,Maldon 005D,Violence and sexual offences,Investigation complete; no suspect identified,
8682f69c5e77c95b07ce827d05544b67bbd399cd72135cae188cf5b6fb31ec2a,2024-11,Essex Police,Essex Police,0.670770,51.721524,On or near Dorset Road,E01021897,Maldon 005E,Violence and sexual offences,Unable to prosecute suspect,
bcc7439cd8e9a19fab06ab0ccff4f17863407b2b2dccc1507ea78b9cd60634b3,2024-11,Essex Police,Essex Police,0.670668,51.727642,On or near Greenways,E01021898,Maldon 005F,Criminal damage and arson,Investigation complete; no suspect identified,
7f0676aaf18c21e51ffa332e0642f843833c2c1c6365505a52aea08604eeb369,2024-11,Essex Police,Essex Police,0.670668,51.727642,On or near Greenways,E01021898,Maldon 005F,Violence and sexual offences,Unable to prosecute suspect,
50d50d8d21189fb138ac701b3959ac0a6e834f50a0cc96ebdfd9ec8558863e8b,2024-11,Essex Police,Essex Police,0.674040,51.726135,On or near Granger Avenue,E01021898,Maldon 005F,Violence and sexual offences,Investigation complete; no suspect identified,
e009f974f42ca36f1d980b85ca9fb79bfe70fbcf5bb3220fa5658a4bc647450f,2024-11,Essex Police,Essex Police,0.668516,51.724309,On or near Suffolk Road,E01021898,Maldon 005F,Other crime,Court result unavailable,
3480ba89e2d157c47a02fffe5b06e9870d8e21b55fd8ef803904d94052cb1d2a,2024-11,Essex Police,Essex Police,0.804495,51.693441,On or near Bradwell Road,E01021901,Maldon 006A,Burglary,Investigation complete; no suspect identified,
88796bf27a2617d75585486be3ffdf538c45af631bf93f60181538b07c0654f0,2024-11,Essex Police,Essex Police,0.805867,51.674917,On or near Foxhall Road,E01021901,Maldon 006A,Drugs,Local resolution,
732d3477d8595468810d1dd88417646b1933ec5a2fba7ead0b48968c76979cbb,2024-11,Essex Police,Essex Police,0.826023,51.715409,On or near Main Road,E01021901,Maldon 006A,Possession of weapons,Unable to prosecute suspect,
fc2624ce502f6891feb8e34ffae230dc57d1176cc60976d149d60e716e4623fb,2024-11,Essex Police,Essex Police,0.791426,51.690361,On or near Maldon Road,E01021901,Maldon 006A,Vehicle crime,Unable to prosecute suspect,
b624ff826cdfb20251541f0e97ac19f5904b14ba400bdd707a58eb24fa5d7ba8,2024-11,Essex Police,Essex Police,0.828157,51.715726,On or near Moorhen Avenue,E01021901,Maldon 006A,Vehicle crime,Unable to prosecute suspect,
b9c20b59bc1e49dafb8034dfe067491c0aa9bcdd0248635a6bddab876693735e,2024-11,Essex Police,Essex Police,0.832407,51.713078,On or near The Spinnaker,E01021901,Maldon 006A,Violence and sexual offences,Unable to prosecute suspect,
214b925eca509131bfec53fa770a363778c638c2e4dacaa468351f1fa9a92365,2024-11,Essex Police,Essex Police,0.786655,51.685483,On or near Maldon Road,E01021901,Maldon 006A,Violence and sexual offences,Unable to prosecute suspect,
,2024-11,Essex Police,Essex Police,0.824733,51.659400,On or near Primrose Walk,E01021904,Maldon 006B,Anti-social behaviour,,
,2024-11,Essex Police,Essex Police,0.817327,51.664956,On or near Steeple Road,E01021904,Maldon 006B,Anti-social behaviour,,
ad297919cc837ef2c995addba891e981bae758864c5cc01228345cbce64c4992,2024-11,Essex Police,Essex Police,0.816621,51.662662,On or near Walnut End,E01021904,Maldon 006B,Criminal damage and arson,Status update unavailable,
adec4b362834b4b1f716fb758cb71b4d9faf94837878758767620357320b7b37,2024-11,Essex Police,Essex Police,0.816621,51.662662,On or near Walnut End,E01021904,Maldon 006B,Possession of weapons,Investigation complete; no suspect identified,
f484e0e3c3960cd18bcf921af99a8d82231bc09bff451b28397b9ba5b70451f9,2024-11,Essex Police,Essex Police,0.819784,51.661902,On or near Woodside,E01021904,Maldon 006B,Public order,Unable to prosecute suspect,
c9d317716429ca83e5eb036bc03884daf5365bcbb9f4fcd53be80c06888b3b18,2024-11,Essex Police,Essex Police,0.821332,51.663079,On or near Wonston Road,E01021904,Maldon 006B,Public order,Investigation complete; no suspect identified,
84eb4376ab50b9d9f998a87f6e65c3c6744f81291d408c751813fd5bdf24dcdf,2024-11,Essex Police,Essex Police,0.819784,51.661902,On or near Woodside,E01021904,Maldon 006B,Public order,Unable to prosecute suspect,
349a05f33b8fc004c4571b05466d8599c2a3b949d287a907fe88a26e0481e5d3,2024-11,Essex Police,Essex Police,0.816621,51.662662,On or near Walnut End,E01021904,Maldon 006B,Public order,Unable to prosecute suspect,
9de9dc72dde86477d1bb3e245686450a030303b2d4ea530d3226258d54241e59,2024-11,Essex Police,Essex Police,0.821332,51.663079,On or near Wonston Road,E01021904,Maldon 006B,Public order,Unable to prosecute suspect,
2998b31237409561f6d30cdab2e41782af5e126325166871a0b687043ae3ed8e,2024-11,Essex Police,Essex Police,0.821332,51.663079,On or near Wonston Road,E01021904,Maldon 006B,Violence and sexual offences,Unable to prosecute suspect,
0e7f8bccbffc7aa72cc55fdfab5f7d2f2a1cbacabf5c31f5f93e6560bb29f52d,2024-11,Essex Police,Essex Police,0.825415,51.662450,On or near West House Estate,E01021904,Maldon 006B,Violence and sexual offences,Unable to prosecute suspect,
70e6bd0c0240fcd5dde7b7aafe2525e727b2765872582421664265712a1d19c8,2024-11,Essex Police,Essex Police,0.821332,51.663079,On or near Wonston Road,E01021904,Maldon 006B,Violence and sexual offences,Unable to prosecute suspect,
77d7b710d421bea9cbb8590fffa138513850915a3e9189fca092fc0487cee63c,2024-11,Essex Police,Essex Police,0.820908,51.663935,On or near Devonshire Road,E01021904,Maldon 006B,Violence and sexual offences,Action to be taken by another organisation,
3d4f3cc5cedc0b60ce202e26125697f89196a0607b901ee1b21c7160f9375a8b,2024-11,Essex Police,Essex Police,0.824619,51.663144,On or near Pantile Hill,E01021904,Maldon 006B,Other crime,Formal action is not in the public interest,
7ed784de9fb7f56492a7911d4b414e885ba924e5c6e62b53c165b4d1ab9b6a70,2024-11,Essex Police,Essex Police,0.832376,51.662993,On or near Orchard Close,E01021905,Maldon 006C,Criminal damage and arson,Unable to prosecute suspect,
0dfa6a4f17c39fe926f791bf2cb1ed95a1001568a618bf45137f1d1563aa03e9,2024-11,Essex Police,Essex Police,0.830582,51.665303,On or near Police Station,E01021905,Maldon 006C,Violence and sexual offences,Unable to prosecute suspect,
bb0a6beeb245325e349cb94dccc39e51b7958e3a084f7bc6755f3bec297de769,2024-11,Essex Police,Essex Police,0.833473,51.664810,On or near North End,E01021905,Maldon 006C,Violence and sexual offences,Formal action is not in the public interest,
774f584b904db80eca0423f8b9bd1da67024edcb39bf2e14a20a4a28ffcc1020,2024-11,Essex Police,Essex Police,0.833473,51.664810,On or near North End,E01021905,Maldon 006C,Other crime,Formal action is not in the public interest,
ad88022cac30264c34a71bb98438f5bbb589bef369398dc370ba4c8d5fb12daf,2024-11,Essex Police,Essex Police,0.833473,51.664810,On or near North End,E01021905,Maldon 006C,Other crime,Formal action is not in the public interest,
b4ee73dd38b33f39e2af066878303adaba727c25c22e1e4e8c6270d1cf9cdc04,2024-11,Essex Police,Essex Police,0.833473,51.664810,On or near North End,E01021905,Maldon 006C,Other crime,Formal action is not in the public interest,
45d99c7016d523903ba15bd8ba512f26b52da8bd4e39a99dd1f86a2a7b1b058d,2024-11,Essex Police,Essex Police,0.833473,51.664810,On or near North End,E01021905,Maldon 006C,Other crime,Formal action is not in the public interest,
f358285ba3ea10d5aadcfd1101a0befc8d184b23c73503f89cf480d6e346f0a6,2024-11,Essex Police,Essex Police,0.833473,51.664810,On or near North End,E01021905,Maldon 006C,Other crime,Formal action is not in the public interest,
9589e5245d6b40b52ee52eb6d8b4417dbcfd6286be848ac9432a9128c5792939,2024-11,Essex Police,Essex Police,0.826387,51.659252,On or near The Wellingtons,E01021906,Maldon 006D,Public order,Investigation complete; no suspect identified,
2c8f328e1926e5ed8141a84e75a20210d9d7017f55b55c8275365b54626db36d,2024-11,Essex Police,Essex Police,0.829057,51.661256,On or near Elsden Chase,E01021906,Maldon 006D,Violence and sexual offences,Unable to prosecute suspect,
76994aba5287559b75fe6d8ffb7f401d42723fbbf4efa36819b8b38468987dcd,2024-11,Essex Police,Essex Police,0.826549,51.658142,On or near The Brambles,E01021906,Maldon 006D,Violence and sexual offences,Unable to prosecute suspect,
a94170cc664879de01d0207958d191fac199ac2a70e367017d7a27ba220ae34d,2024-11,Essex Police,Essex Police,0.826847,51.660833,On or near Princes Avenue,E01021906,Maldon 006D,Violence and sexual offences,Investigation complete; no suspect identified,
aa05dc2ac130967b4e27a07a1353c829164fcba88c586e807bd1f37628661baf,2024-11,Essex Police,Essex Police,0.828226,51.662535,On or near High Street,E01021906,Maldon 006D,Violence and sexual offences,Unable to prosecute suspect,
26eaea09f9aeca1cf2ce763d4e533da0b19939dd579bdeb90b584dbf82204d3b,2024-11,Essex Police,Essex Police,0.899748,51.722632,On or near South Street,E01021907,Maldon 006E,Criminal damage and arson,Unable to prosecute suspect,
ad40c38777a57c985a0ad174721cfb1dc7a72cc0c78e5ef0348e5c2876f0d1de,2024-11,Essex Police,Essex Police,0.873237,51.690276,On or near Southminster Road,E01021907,Maldon 006E,Vehicle crime,Investigation complete; no suspect identified,
c03957db6f0b3cd50517f9cca1cd2450b6e46463339e4f079b76901bb6ad9644,2024-11,Essex Police,Essex Police,0.880887,51.716387,On or near St Peter'S Court,E01021907,Maldon 006E,Vehicle crime,Investigation complete; no suspect identified,
7ff43e72ecba7ebaabe2c2fbb90c7a75ff2f9a2f3fa8bb5516b1d1472760bc61,2024-11,Essex Police,Essex Police,0.911999,51.724433,On or near Hockley Close,E01021907,Maldon 006E,Violence and sexual offences,Unable to prosecute suspect,
f21bddbeb1e695389a8ec98097b3eac7591fbf7ac4107c7b7609309bfb79fb0a,2024-11,Essex Police,Essex Police,0.750617,51.686504,On or near George Cardnell Way,E01021873,Maldon 007A,Criminal damage and arson,Investigation complete; no suspect identified,
,2024-11,Essex Police,Essex Police,0.728422,51.667992,On or near Willow Close,E01021874,Maldon 007B,Anti-social behaviour,,
5b1990d292540beb6acd8f436a031815d96e9aa8070f31cafbbb89ceb5acf497,2024-11,Essex Police,Essex Police,0.718534,51.702351,On or near New Hall Lane,E01021874,Maldon 007B,Burglary,Investigation complete; no suspect identified,
6f99df656d001bda0ad271c5e3d4bcbd70ede6f542e9c15253573973534f1bc5,2024-11,Essex Police,Essex Police,0.711820,51.674798,On or near Maldon Road,E01021874,Maldon 007B,Burglary,Investigation complete; no suspect identified,
4f98ed046015357f5eb5716d28ee56c514b5f523491a9aa3629940849d124b80,2024-11,Essex Police,Essex Police,0.718534,51.702351,On or near New Hall Lane,E01021874,Maldon 007B,Burglary,Investigation complete; no suspect identified,
9a2edb26fe9b48cc67028f1817b413c9ce76afab415b46d3adee97d6f5d9811d,2024-11,Essex Police,Essex Police,0.728422,51.667992,On or near Willow Close,E01021874,Maldon 007B,Other theft,Unable to prosecute suspect,
2715a9427e881fd67437c2ef7b5421dc6723cada4c0942f85bf2a0cfcb177f6d,2024-11,Essex Police,Essex Police,0.717633,51.671138,On or near Petrol Station,E01021874,Maldon 007B,Shoplifting,Investigation complete; no suspect identified,
aaddce73f9e3ffabedb8c70a5408ca491a4ae06dd661a1a6cc0858e3b66391b2,2024-11,Essex Police,Essex Police,0.727923,51.669802,On or near Lawlinge Road,E01021874,Maldon 007B,Vehicle crime,Investigation complete; no suspect identified,
9259683dd10084e3f686801d5c3313e9819a14687c29379bdb6da63aca14a636,2024-11,Essex Police,Essex Police,0.725028,51.670715,On or near Granary Close,E01021874,Maldon 007B,Vehicle crime,Investigation complete; no suspect identified,
504ef8be33ce0fd3d9ce8a27592773f2334f2734334256ed5674641ced56d7af,2024-11,Essex Police,Essex Police,0.727614,51.668982,On or near Heritage Way,E01021874,Maldon 007B,Violence and sexual offences,Local resolution,
e4d37531d7c8358753b3ed9f025d75658c24deae90e2d79a9869638fc50f35ac,2024-11,Essex Police,Essex Police,0.746127,51.655356,On or near Lower Burnham Road,E01021875,Maldon 007C,Drugs,Court result unavailable,
a372abf141e5ac7ae751c3efe2949b7534f07bf4d1943bc09cb8ec5dec8ba530,2024-11,Essex Police,Essex Police,0.762667,51.657711,On or near Oakwood Court,E01021875,Maldon 007C,Violence and sexual offences,Action to be taken by another organisation,
127276ae4c66d6d3b496dd9cd7ddc748d56979607622fc6a83a8fe127be50726,2024-11,Essex Police,Essex Police,0.731939,51.660103,On or near Rectory Lane,E01021875,Maldon 007C,Violence and sexual offences,Unable to prosecute suspect,
9bc9a71e7b644d376c231fbf18a3990ed72074dbef2adcd5abf896ee90d0b88a,2024-11,Essex Police,Essex Police,0.774797,51.680395,On or near Mill Road,E01021899,Maldon 007D,Criminal damage and arson,Investigation complete; no suspect identified,
266dbc59d7f8d50a4775ab9ee6c93699138dc3e7d4ac401c4b947ebf7f94be37,2024-11,Essex Police,Essex Police,0.775853,51.676602,On or near Grange Avenue,E01021900,Maldon 007E,Criminal damage and arson,Local resolution,
2c1e8e284ac8774dc82f9d106c79b51a57efbced474cd653857150fc95343ee1,2024-11,Essex Police,Essex Police,0.775853,51.676602,On or near Grange Avenue,E01021900,Maldon 007E,Vehicle crime,Formal action is not in the public interest,
588fda51fc3e20e2cab15b05aa141792069b6a7fd3e57b3d70c6550b606d2f51,2024-11,Essex Police,Essex Police,0.763426,51.681104,On or near Curlew Avenue,E01021900,Maldon 007E,Violence and sexual offences,Local resolution,
cf1180b72d690288932a032ab6808b18ba3384efe1668e58b1d15fcd3392829d,2024-11,Essex Police,Essex Police,0.766304,51.683464,On or near Nipsells Chase,E01021900,Maldon 007E,Violence and sexual offences,Unable to prosecute suspect,
969417c79b635871e133ec9efb37eb46ccf4bcced5f3375fbbff7962e092ecc8,2024-11,Essex Police,Essex Police,0.765315,51.680772,On or near Mallards,E01021900,Maldon 007E,Violence and sexual offences,Investigation complete; no suspect identified,
50cf86d758591df27ad6dce5658456fa92ce3b4796937bb9fb5811559decdab0,2024-11,Essex Police,Essex Police,0.662182,51.672202,On or near The Links,E01021902,Maldon 007F,Drugs,Court result unavailable,
e608de4765703fa81fa8e2701fe64060527afe79c31435f4a4a93b6335593062,2024-11,Essex Police,Essex Police,0.677664,51.644338,On or near Trinity Road,E01021902,Maldon 007F,Drugs,Formal action is not in the public interest,
87f010b04ff6f418825a3eae259e5884817729c1a39b395a7ec8b4f54ab7813e,2024-11,Essex Police,Essex Police,0.677664,51.644338,On or near Trinity Road,E01021902,Maldon 007F,Public order,Investigation complete; no suspect identified,
56d79a0cd9c2bf3cb0abecb72c2d66d47594b227f048a185e06976391dddd5ac,2024-11,Essex Police,Essex Police,0.662607,51.672534,On or near Stow Road,E01021902,Maldon 007F,Public order,Unable to prosecute suspect,
ee02fed364c8a264facfe8293cf94af524eb7709ec5b2b4ceeaf68f11493caac,2024-11,Essex Police,Essex Police,0.657238,51.669768,On or near Stow Road,E01021902,Maldon 007F,Vehicle crime,Unable to prosecute suspect,
fa8e10b9d08794bb60baaf4ea696c4176f297c0e02b7e77f41f23f123fc09144,2024-11,Essex Police,Essex Police,0.623010,51.694919,On or near Hawkins Close,E01021903,Maldon 007G,Bicycle theft,Investigation complete; no suspect identified,
98a17a1e45d50d1e02da1186a3b754e5f158dfd537b6e6962390d194a95104fd,2024-11,Essex Police,Essex Police,0.665035,51.686301,On or near The Street,E01021903,Maldon 007G,Burglary,Investigation complete; no suspect identified,
480733359685b5f5b1fab30bdc3e4447c1079daf04cf55e2cf801d43528ad5ea,2024-11,Essex Police,Essex Police,0.675272,51.672201,On or near Station Road,E01021903,Maldon 007G,Public order,Unable to prosecute suspect,
a109d7ad67fea885908f92b9f685e764fa81e56d35756cfa8b57e0e6f6ecc31a,2024-11,Essex Police,Essex Police,0.685671,51.687828,On or near Fambridge Road,E01021903,Maldon 007G,Violence and sexual offences,Investigation complete; no suspect identified,
3eb69e9c5444f7be7483caca0e0a53ee6bd2e9c4d17867ab777c1fd24a32968b,2024-11,Essex Police,Essex Police,0.623010,51.694919,On or near Hawkins Close,E01021903,Maldon 007G,Violence and sexual offences,Unable to prosecute suspect,
,2024-11,Essex Police,Essex Police,0.815073,51.633037,On or near Glynn Road,E01021878,Maldon 008C,Anti-social behaviour,,
8f7e38b57d883f138e621bc0c09862a80e5c931fc5dc52779bc568cd68707033,2024-11,Essex Police,Essex Police,0.815073,51.633037,On or near Glynn Road,E01021878,Maldon 008C,Public order,Investigation complete; no suspect identified,
b194df4233ee9f1c140874af5e7c92bfbf45b39453cf273c770ff8bdb7f0e610,2024-11,Essex Police,Essex Police,0.816247,51.633090,On or near Alexandra Road,E01021878,Maldon 008C,Violence and sexual offences,Unable to prosecute suspect,
338b2d292996e3d3875ce44bce34e61784be8194c765c2a50610ef55672f8cc6,2024-11,Essex Police,Essex Police,0.816247,51.633090,On or near Alexandra Road,E01021878,Maldon 008C,Violence and sexual offences,Unable to prosecute suspect,
a9e1416ac5be24c266a0ce25710069c892ee0b9f66843af69bed917c7f522302,2024-11,Essex Police,Essex Police,0.816247,51.633090,On or near Alexandra Road,E01021878,Maldon 008C,Violence and sexual offences,Unable to prosecute suspect,
bbe0749d11e06721e5db0ffe002c0fb051eb5c6961846abcd2fac72e916ddfb4,2024-11,Essex Police,Essex Police,0.812614,51.634158,On or near Beech Close,E01021878,Maldon 008C,Violence and sexual offences,Action to be taken by another organisation,
db3e3c7d1f676802c10b8f88cbeae4da7ba4a940e6f46b6a41deb39f5902de9d,2024-11,Essex Police,Essex Police,0.820954,51.626960,On or near Orchard Road,E01021879,Maldon 008D,Theft from the person,Status update unavailable,
e8702d036ca5cee958715581e0f95608772f9238d6e3460e071e1d9969662827,2024-11,Essex Police,Essex Police,0.817228,51.629793,On or near Crouch Road,E01021879,Maldon 008D,Vehicle crime,Investigation complete; no suspect identified,
eb13231d91973a9218435093c9bf446ce5bb0076f50e394df19f48825bb492e7,2024-11,Essex Police,Essex Police,0.815926,51.626506,On or near York Road,E01021879,Maldon 008D,Violence and sexual offences,Unable to prosecute suspect,
b9909eb3f1c3d0c38a499f9143ace586408fc9c6caa15bfb31868135ee4e4535,2024-11,Essex Police,Essex Police,0.821977,51.624822,On or near Belvedere Road,E01021880,Maldon 008E,Public order,Unable to prosecute suspect,
78f100879edd9a58cdbca0cbd909fe68d091bfaa3ba807578bd4d0be7d791d30,2024-11,Essex Police,Essex Police,0.813389,51.628239,On or near Parking Area,E01021880,Maldon 008E,Public order,Action to be taken by another organisation,
af2412df33b3ce95e1413c1be2829f4eb15d0133c4a10e7e1a4e0da4712be925,2024-11,Essex Police,Essex Police,0.813924,51.626383,On or near Coronation Road,E01021880,Maldon 008E,Violence and sexual offences,Unable to prosecute suspect,
4342583f60a16bacef7f019bcefbb8133d0fd850e6d4ba1c949f4a68176a6465,2024-11,Essex Police,Essex Police,0.819508,51.628569,On or near Alamein Road,E01021880,Maldon 008E,Violence and sexual offences,Unable to prosecute suspect,
bab9649351751e90d5d5d5f81eae2fff8cddcc89fe6fe00cc216de9171e479f7,2024-11,Essex Police,Essex Police,0.819508,51.628569,On or near Alamein Road,E01021880,Maldon 008E,Violence and sexual offences,Unable to prosecute suspect,
a2ead2bb1204c41443ea629879f7e920555c8c990603b86c0edbbe8ed2542c53,2024-11,Essex Police,Essex Police,0.804046,51.630226,On or near Parking Area,E01021881,Maldon 008F,Burglary,Investigation complete; no suspect identified,
0253b01a21cb8e9c0b654050e04825148c7439912dde23bc287a0f5137e6d168,2024-11,Essex Police,Essex Police,0.814863,51.632206,On or near Parking Area,E01021881,Maldon 008F,Other theft,Investigation complete; no suspect identified,
b6aa32840f4a541aa26c8ff8178303275cad853522ddaf087c091739c9341aa5,2024-11,Essex Police,Essex Police,0.809074,51.630897,On or near Fairway Drive,E01021881,Maldon 008F,Violence and sexual offences,Investigation complete; no suspect identified,
68187a9b684123be101684ada0ee0fde631a790ec87569a59f678186f8503fc0,2024-11,Essex Police,Essex Police,0.814863,51.632206,On or near Parking Area,E01021881,Maldon 008F,Violence and sexual offences,Court result unavailable,
301b87b54da831517bb97fa878f89b0bbfb384bfc8773f95f9ff1f53c47eed97,2024-11,Essex Police,Essex Police,0.817387,51.630257,On or near New Road,E01021881,Maldon 008F,Violence and sexual offences,Unable to prosecute suspect,
4b3f2f0601310cdce7fedfeb997733b153e2a816571926ef5fb5b33ef236bd17,2024-11,Essex Police,Essex Police,0.814830,51.644276,On or near Cobbins Chase,E01034093,Maldon 008H,Other theft,Investigation complete; no suspect identified,
274dfa10612be154176a08b7e4eec12b868d38f680b931ea524c2a7037a3df72,2024-11,Essex Police,Essex Police,0.798106,51.641016,On or near Maldon Road,E01034093,Maldon 008H,Violence and sexual offences,Unable to prosecute suspect,
ddecb2f8373b87f191cb7907e071485e015e21ab6850e380c2875b7c7fac1dbe,2024-11,Essex Police,Essex Police,0.791251,51.630594,On or near Park/Open Space,E01034093,Maldon 008H,Violence and sexual offences,Unable to prosecute suspect,
00dd46000f15b295601f7ce616b25f5ef48127861c8fda9184528d7f237c1599,2024-11,Essex Police,Essex Police,0.801517,51.636788,On or near Regatta Road,E01034093,Maldon 008H,Other crime,Unable to prosecute suspect,
3a2432927e82bdf6164db64c261bba82eb33abe3004ecfcc17027405ca65bfc7,2024-11,Essex Police,Essex Police,0.819226,51.631948,On or near Hester Place,E01034094,Maldon 008I,Criminal damage and arson,Unable to prosecute suspect,
9e529d8b9104561e7cf8cbeb3e51030c62dfdf8f5078d01b4e27aa28326aa747,2024-11,Essex Police,Essex Police,0.817869,51.636163,On or near Glendale Road,E01034094,Maldon 008I,Criminal damage and arson,Investigation complete; no suspect identified,
c85aae110e26a6cb91637058bd7ef7a7ad0512443384c7b7e3a89bbe1453bd0b,2024-11,Essex Police,Essex Police,0.817755,51.641328,On or near Romans Farm Chase,E01034094,Maldon 008I,Other theft,Investigation complete; no suspect identified,
db43788c2e3a2cafb11e884133ad8915bdddf3084ed8c0b46a1e2c6ca91dc2a6,2024-11,Essex Police,Essex Police,0.818922,51.634744,On or near D'Arcy Close,E01034094,Maldon 008I,Vehicle crime,Investigation complete; no suspect identified,
44c05e618af528c9490ebef3960e5671016fa3920d11508b429e2cef0bf75f0d,2024-11,Essex Police,Essex Police,0.817385,51.632793,On or near Blackwater Close,E01034094,Maldon 008I,Vehicle crime,Investigation complete; no suspect identified,
8eba54f60eef5b7c43c241fef2253ac15957c33d3a9e88de6f160581698e90b9,2024-11,Essex Police,Essex Police,0.819226,51.631948,On or near Hester Place,E01034094,Maldon 008I,Violence and sexual offences,Unable to prosecute suspect,
5a2614bdd52ebe12ac9f60ec565a3ee68474bdac9923cf585cb734cf65bf0644,2024-11,Essex Police,Essex Police,0.820543,51.636872,On or near The Leas,E01034094,Maldon 008I,Violence and sexual offences,Formal action is not in the public interest,
d0cc76b8263e9e671562db56453a923c7f60c16ab768a51e223a81caba3c64e6,2024-11,Essex Police,Essex Police,0.820543,51.636872,On or near The Leas,E01034094,Maldon 008I,Violence and sexual offences,Action to be taken by another organisation,
677a287e1e68a1a80810a7bb0211d31eb8199d8764af25983c9a94a6f2d4689b,2024-11,Essex Police,Essex Police,0.818412,51.637472,On or near Marsh Road,E01034094,Maldon 008I,Other crime,Unable to prosecute suspect,
f97082f3a187f0c8179ac24dd09c44ec30bce3f3fae543883c307ec641f3f37a,2024-11,Essex Police,Essex Police,0.031385,51.623057,On or near Knighton Lane,E01003744,Redbridge 001A,Vehicle crime,Investigation complete; no suspect identified,
7e4f531e6d6af24b10b1124545ec3b0aec5a9d2a789f5203f2ac807a508dcd44,2024-11,Essex Police,Essex Police,0.030544,51.623647,On or near High Road Buckhurst Hill,E01003744,Redbridge 001A,Vehicle crime,Investigation complete; no suspect identified,
0bc50098b310611908724ea82f17b9dbac019d065e9ee308390728bf8c89977c,2024-11,Essex Police,Essex Police,0.043850,51.616888,On or near Station Approach,E01003660,Redbridge 004D,Public order,Investigation complete; no suspect identified,
,2024-11,Essex Police,Essex Police,0.614241,51.628627,On or near Parking Area,E01021942,Rochford 001A,Anti-social behaviour,,
165001b68a02be18ca8be70377874032f15b0e8a578e5382590c4ebf9a56e032,2024-11,Essex Police,Essex Police,0.619428,51.623610,On or near Cherrydene Close,E01021942,Rochford 001A,Vehicle crime,Investigation complete; no suspect identified,
af08f143c20214eb99cd0f72ff0c982e71210ddd289ac5dca7b518dbab872b28,2024-11,Essex Police,Essex Police,0.613507,51.627672,On or near Riverview Walk,E01021942,Rochford 001A,Violence and sexual offences,Investigation complete; no suspect identified,
671066467ea547dc398c99e2384b1751347e6e75732f89308caac2eb4348aba0,2024-11,Essex Police,Essex Police,0.613446,51.627125,On or near Wallace Close,E01021942,Rochford 001A,Violence and sexual offences,Unable to prosecute suspect,
8aa870087a4a1a4d203af008a19deeb5063790c3b381a1433b30516447835e39,2024-11,Essex Police,Essex Police,0.614241,51.628627,On or near Parking Area,E01021942,Rochford 001A,Violence and sexual offences,Investigation complete; no suspect identified,
2b1e5d5fda9fb5f67af06a983a76e4536b161c3272846ec3d8bfb85d8e1295dc,2024-11,Essex Police,Essex Police,0.628534,51.630160,On or near Kingsmans Farm Road,E01021942,Rochford 001A,Violence and sexual offences,Unable to prosecute suspect,
2166b33a16b67f21cc5359713dd9007b442ba069e12001351870202d8ac3ff33,2024-11,Essex Police,Essex Police,0.612824,51.621832,On or near Supermarket,E01021943,Rochford 001B,Shoplifting,Investigation complete; no suspect identified,
0af8a34c9d1b1e86f0ef9aae5ba93f3d8eafb465e7811fe14e004fa25acdbb74,2024-11,Essex Police,Essex Police,0.613242,51.623316,On or near Ferry Road,E01021943,Rochford 001B,Violence and sexual offences,Unable to prosecute suspect,
4cd56717dad46a103766e0af168948284c8e8833037ccf34a28958fb1d583141,2024-11,Essex Police,Essex Police,0.612693,51.625082,On or near Rydal Close,E01021943,Rochford 001B,Violence and sexual offences,Formal action is not in the public interest,
56b3845ac920c50baed7c7d6387fa7fdc40259dee7ac4e33f7cf38234933d74a,2024-11,Essex Police,Essex Police,0.607556,51.627462,On or near Alfreda Avenue,E01021943,Rochford 001B,Violence and sexual offences,Action to be taken by another organisation,
c8bcace81c88b37c12670ac9cac211621cfa927540e28c05bb48ee6037607a54,2024-11,Essex Police,Essex Police,0.609405,51.623932,On or near Harrison Gardens,E01021943,Rochford 001B,Violence and sexual offences,Unable to prosecute suspect,
e23dcfd191ac6e2d968fa8655937d9e22f37965e7549b43a187d9b992c54aa17,2024-11,Essex Police,Essex Police,0.611946,51.620620,On or near Abbey Close,E01021945,Rochford 001D,Public order,Action to be taken by another organisation,
e7fd8aa9bb92866b5fb8349a8698d8f0e333ca2dd71fff69652d7654d269561f,2024-11,Essex Police,Essex Police,0.613818,51.617511,On or near Kendal Close,E01021945,Rochford 001D,Vehicle crime,Investigation complete; no suspect identified,
0efe9b8a9ec0d37e2155518ec1feee0010d3e56f5a7413f9d6cda68fd3468bf5,2024-11,Essex Police,Essex Police,0.613818,51.617511,On or near Kendal Close,E01021945,Rochford 001D,Violence and sexual offences,Unable to prosecute suspect,
d89205efda3b789d62f302b37f505da182e7eaf2e6276525c27f6b789462eaf4,2024-11,Essex Police,Essex Police,0.614176,51.619212,On or near High Elms Road,E01021945,Rochford 001D,Violence and sexual offences,Local resolution,
9e5f0d6bba809d58784d7ef11a767a2a8210e722d78ac4fa5bd0cb456f751e47,2024-11,Essex Police,Essex Police,0.685347,51.608980,On or near The Chase,E01021914,Rochford 002A,Burglary,Court result unavailable,
295370585e28763740c527fdf59a7143dd66faf1e58f776182f9e1f2c63e0025,2024-11,Essex Police,Essex Police,0.686515,51.614826,On or near Hillsboro Road,E01021914,Rochford 002A,Drugs,Local resolution,
065dc5138936b133e2f5158efeda4b56542a81dfb8810e046b0ef78fc3ce9675,2024-11,Essex Police,Essex Police,0.692024,51.609286,On or near Church Road,E01021914,Rochford 002A,Other theft,Investigation complete; no suspect identified,
aee7883343b13dad35008eef4d386c5ce8ab4d8a53aa7cdb6719daca9dd31cd4,2024-11,Essex Police,Essex Police,0.678241,51.617093,On or near New Hall Road,E01021914,Rochford 002A,Public order,Unable to prosecute suspect,
235d74b40ac1c9c4067195f68df85b8cbbe51c20250527f4a74564d7cbe1c81f,2024-11,Essex Police,Essex Police,0.677828,51.630934,On or near Fambridge Road,E01021914,Rochford 002A,Violence and sexual offences,Investigation complete; no suspect identified,
c5eb23e178af73907ee3aea8d10734fea41db1b7356629c501e74926b0fc8ab4,2024-11,Essex Police,Essex Police,0.686515,51.614826,On or near Hillsboro Road,E01021914,Rochford 002A,Violence and sexual offences,Unable to prosecute suspect,
8c975e44c75a05fb94f9ceca306046a92bfe5546bc8bcc0d0b19ca785845ac04,2024-11,Essex Police,Essex Police,0.678241,51.617093,On or near New Hall Road,E01021914,Rochford 002A,Violence and sexual offences,Status update unavailable,
11c828234a3618096576e558915203ae7b3621baace4066b2ddd4c509b8d765a,2024-11,Essex Police,Essex Police,0.670963,51.615415,On or near Cavendish Road,E01021914,Rochford 002A,Violence and sexual offences,Investigation complete; no suspect identified,
932700d7fd840d5d29a0e68c9a52e64de92211b199bddb134b817de5fbc6821b,2024-11,Essex Police,Essex Police,0.677828,51.630934,On or near Fambridge Road,E01021914,Rochford 002A,Other crime,Unable to prosecute suspect,
,2024-11,Essex Police,Essex Police,0.691509,51.600592,On or near Lascelles Gardens,E01021928,Rochford 002C,Anti-social behaviour,,
7a033fbe434a387d4d5012ceaa5288ec696b55298178a5a13340b43990fbf68f,2024-11,Essex Police,Essex Police,0.691509,51.600592,On or near Lascelles Gardens,E01021928,Rochford 002C,Violence and sexual offences,Unable to prosecute suspect,
fa3ca762471eb759a3bcb9910684a512f07dcdb8502b3ee419afc37c6c06d3c5,2024-11,Essex Police,Essex Police,0.686850,51.597749,On or near Parking Area,E01021928,Rochford 002C,Violence and sexual offences,Unable to prosecute suspect,
b41633d9e12ff3d92136f3cb61e632d48942b521417e6830d401e80f0818e155,2024-11,Essex Police,Essex Police,0.687169,51.607302,On or near Clifton Road,E01021929,Rochford 002D,Other theft,Investigation complete; no suspect identified,
19a8edcac1e145638ff0013060b3eba94c080e0b925b964340521b9d02ce91d3,2024-11,Essex Police,Essex Police,0.685849,51.604526,On or near Edward Close,E01021929,Rochford 002D,Other theft,Investigation complete; no suspect identified,
897d06371fe317e70bc694c81b957cdc090915466f29f1843af0b37b46b7a7fb,2024-11,Essex Police,Essex Police,0.690220,51.607124,On or near York Road,E01021929,Rochford 002D,Violence and sexual offences,Investigation complete; no suspect identified,
342ada0f07c097fde1cb6cb3c59a6b22c0f56ccace452bd94ad20118a2e460bb,2024-11,Essex Police,Essex Police,0.688795,51.601095,On or near Rectory Avenue,E01021929,Rochford 002D,Violence and sexual offences,Unable to prosecute suspect,
,2024-11,Essex Police,Essex Police,0.696830,51.596791,On or near Boswell Avenue,E01021931,Rochford 002E,Anti-social behaviour,,
,2024-11,Essex Police,Essex Police,0.696830,51.596791,On or near Boswell Avenue,E01021931,Rochford 002E,Anti-social behaviour,,
bc0858f72063801a135f4c10e5ce4acd54867f11d417b065dd48d5db99af990b,2024-11,Essex Police,Essex Police,0.699667,51.596663,On or near Vaughan Close,E01021931,Rochford 002E,Public order,Action to be taken by another organisation,
49490a88d926b5e5085a98e2f788e42d4d221c28040127dd4b8f054f269f1288,2024-11,Essex Police,Essex Police,0.702298,51.597934,On or near Shetland Crescent,E01021931,Rochford 002E,Violence and sexual offences,Unable to prosecute suspect,
11ff96c5801a8b514f1ccbd0ae936f78a02355494b8acf7a1544ced656c64887,2024-11,Essex Police,Essex Police,0.699667,51.596663,On or near Vaughan Close,E01021931,Rochford 002E,Violence and sexual offences,Action to be taken by another organisation,
2e6f7e70027fabd65fba9b22f8d2a5e960fc66c952ca800e86379c086cb7db64,2024-11,Essex Police,Essex Police,0.699667,51.596663,On or near Vaughan Close,E01021931,Rochford 002E,Violence and sexual offences,Formal action is not in the public interest,
c67f578ac6b054505ab0afd0951f27b493cfceed1ed8734905a86c03e27a13dd,2024-11,Essex Police,Essex Police,0.699667,51.596663,On or near Vaughan Close,E01021931,Rochford 002E,Violence and sexual offences,Investigation complete; no suspect identified,
1bb6e112f4a25dfd33b5478240d7fcf98362f9848bf4b53ecabbd9e2ae64bc50,2024-11,Essex Police,Essex Police,0.702298,51.597934,On or near Shetland Crescent,E01021931,Rochford 002E,Violence and sexual offences,Unable to prosecute suspect,
c890334508a7509c3aeb53ac17a20c9eddf0ea12f4ccea4efe88f72a0067a704,2024-11,Essex Police,Essex Police,0.702298,51.597934,On or near Shetland Crescent,E01021931,Rochford 002E,Violence and sexual offences,Unable to prosecute suspect,
beb77eafa30500308d3bbaf409ea44050f7a4cc287ba3b7a04ff003d9a44622e,2024-11,Essex Police,Essex Police,0.699667,51.596663,On or near Vaughan Close,E01021931,Rochford 002E,Violence and sexual offences,Action to be taken by another organisation,
c9f8ad926805e50b525ef700b1fcb4da262387b3b17671d75d022e041d828a2b,2024-11,Essex Police,Essex Police,0.794897,51.621981,On or near Ferry Terminal,E01021915,Rochford 004A,Burglary,Investigation complete; no suspect identified,
1262001a87928d78cd1e3b718ea61aef80da93c5d9138549af223db01d923b06,2024-11,Essex Police,Essex Police,0.729327,51.600519,On or near Apton Hall Road,E01021915,Rochford 004A,Burglary,Court result unavailable,
7da444ce14384aa331f888b4782abddd6271120e2274edf4d4f106cf777c9e91,2024-11,Essex Police,Essex Police,0.794897,51.621981,On or near Ferry Terminal,E01021915,Rochford 004A,Burglary,Investigation complete; no suspect identified,
8d74d5516b16ff285fc58f785e74b4708f88d1c7e7a2d310a78376527e2b6b76,2024-11,Essex Police,Essex Police,0.794897,51.621981,On or near Ferry Terminal,E01021915,Rochford 004A,Vehicle crime,Investigation complete; no suspect identified,
4c3c4d83acac593da332a49686828d62c1a5d22374a014709eee7c623d776bed,2024-11,Essex Police,Essex Police,0.736543,51.587845,On or near Sports/Recreation Area,E01021915,Rochford 004A,Violence and sexual offences,Unable to prosecute suspect,
198fe23efd97c386574143b0eb832966cba58c1c65e654a349e126bf4cced9a0,2024-11,Essex Police,Essex Police,0.742346,51.593686,On or near Cagefield Road,E01021915,Rochford 004A,Other crime,Offender given a caution,
b7c3ea4172722a30237ace8ff54d68210ce312e29dbe8da326a37d29976b2602,2024-11,Essex Police,Essex Police,0.738706,51.615733,On or near Paddocks Close,E01021916,Rochford 004B,Drugs,Status update unavailable,
495b307a171f17d5b8234cf5718a591bc9cc93346fe60880398eb3b5cc36e02e,2024-11,Essex Police,Essex Police,0.743719,51.616929,On or near Birch Close,E01021916,Rochford 004B,Public order,Unable to prosecute suspect,
2da5ab503cfad95d470eb9a9a738b6e27483e08682d98151c760fad216553d87,2024-11,Essex Police,Essex Police,0.708135,51.588032,On or near St Clare Meadow,E01021953,Rochford 004C,Other theft,Unable to prosecute suspect,
77747ef94c23efb931f7e4684e9541095a8b39208af049d0164db663c50572ee,2024-11,Essex Police,Essex Police,0.708135,51.588032,On or near St Clare Meadow,E01021953,Rochford 004C,Other theft,Unable to prosecute suspect,
5de89d66c7f13afae693f3a35305e24eaa71849652135622f0c1220aabc91859,2024-11,Essex Police,Essex Police,0.702319,51.589281,On or near Ormonde Avenue,E01021953,Rochford 004C,Vehicle crime,Investigation complete; no suspect identified,
bb2032c6ee8f33889a7c744b798823a9ff20889855345449eec2d1bfd2444d85,2024-11,Essex Police,Essex Police,0.708135,51.588032,On or near St Clare Meadow,E01021953,Rochford 004C,Violence and sexual offences,Investigation complete; no suspect identified,
c19cad25298c2f27d32ed799dff5122c6b2d164188307a0225907428ed343557,2024-11,Essex Police,Essex Police,0.707741,51.586269,On or near St Mark'S Field,E01021953,Rochford 004C,Violence and sexual offences,Unable to prosecute suspect,
5f65fc83914eaaedda73074b5f1abd9d3f824089ff4809ee126a2b6619405e1e,2024-11,Essex Police,Essex Police,0.702721,51.588031,On or near Rochford Garden Way,E01021953,Rochford 004C,Violence and sexual offences,Unable to prosecute suspect,
e84a64c08780c17579f61e4254502118135252719d48f09c564e5447c57376ed,2024-11,Essex Police,Essex Police,0.708135,51.588032,On or near St Clare Meadow,E01021953,Rochford 004C,Violence and sexual offences,Investigation complete; no suspect identified,
9d95e15ba7e2be610661416481645756d6840c1b521f014b1cbd754e4ea479ea,2024-11,Essex Police,Essex Police,0.706090,51.588844,On or near The Boulevard,E01021953,Rochford 004C,Violence and sexual offences,Unable to prosecute suspect,
aed33745675ef1951ddacad0c4276027bf517f631725545f7fed804749f54928,2024-11,Essex Police,Essex Police,0.713531,51.594275,On or near Doggetts Chase,E01021953,Rochford 004C,Violence and sexual offences,Unable to prosecute suspect,
9c9e2df1b8c3ff4b40ccf2fd47af6f32bbc753e74ec5fb3dfbfead2e94f288c0,2024-11,Essex Police,Essex Police,0.708135,51.588032,On or near St Clare Meadow,E01021953,Rochford 004C,Violence and sexual offences,Investigation complete; no suspect identified,
529a8d66b13b3e6e064ae761e1de9f205c07f9e84861d2641ab5383404f0305c,2024-11,Essex Police,Essex Police,0.708135,51.588032,On or near St Clare Meadow,E01021953,Rochford 004C,Violence and sexual offences,Investigation complete; no suspect identified,
17335d8abeaff4dcab9a389551a5d10984a51dea9f6df12385a0046d62677fc7,2024-11,Essex Police,Essex Police,0.708135,51.588032,On or near St Clare Meadow,E01021953,Rochford 004C,Violence and sexual offences,Unable to prosecute suspect,
511afd205da3d305c432cabe4f6501252112cd37f82d764c2717c2b2947d5c86,2024-11,Essex Police,Essex Police,0.708135,51.588032,On or near St Clare Meadow,E01021953,Rochford 004C,Violence and sexual offences,Unable to prosecute suspect,
,2024-11,Essex Police,Essex Police,0.705984,51.583423,On or near Roche Close,E01021955,Rochford 004D,Anti-social behaviour,,
,2024-11,Essex Police,Essex Police,0.705984,51.583423,On or near Roche Close,E01021955,Rochford 004D,Anti-social behaviour,,
9eab20bc4bcfdafda842cfac4bcf76a8f8553cff4a1c1663d73eef8f3dda069b,2024-11,Essex Police,Essex Police,0.712692,51.586730,On or near Stilwells,E01021955,Rochford 004D,Burglary,Unable to prosecute suspect,
5c918fd6a7e96db5111e67573e9d8856462311062af943fe7f1ffe67e25dd407,2024-11,Essex Police,Essex Police,0.710058,51.583958,On or near Greenways,E01021955,Rochford 004D,Drugs,Local resolution,
3bce6a58f610a88fecaf1e0e7785b76f56357add2f77f0825aa970a633715efd,2024-11,Essex Police,Essex Police,0.704372,51.584710,On or near Pollards Court,E01021955,Rochford 004D,Other theft,Investigation complete; no suspect identified,
d4e9f8834834acb1c565df776837d20095238f2b0fe70bdd90d0f3140aa2c631,2024-11,Essex Police,Essex Police,0.704843,51.584627,On or near Pollards Close,E01021955,Rochford 004D,Violence and sexual offences,Unable to prosecute suspect,
c2e6bd9ef11e41788ba0e93c7c06aa3571ef63005af5823e65fed25ab659dd57,2024-11,Essex Police,Essex Police,0.712692,51.586730,On or near Stilwells,E01021955,Rochford 004D,Violence and sexual offences,Unable to prosecute suspect,
1d9ad5e917a828fcda2d5a2300210d3209ef92fb2d1803cb6e22968c88662035,2024-11,Essex Police,Essex Police,0.707692,51.582763,On or near Old Ship Lane,E01021955,Rochford 004D,Violence and sexual offences,Court result unavailable,
0b0008342a2c439fc2f60dedaf1c145468a37979eae47ab4a838be18b0cd3a42,2024-11,Essex Police,Essex Police,0.707215,51.580579,On or near South Street,E01021955,Rochford 004D,Violence and sexual offences,Investigation complete; no suspect identified,
cdafbacc024aa11a6a095f06818562fbb4435c1f95c75e9ace79a1aed50c95e1,2024-11,Essex Police,Essex Police,0.705376,51.581692,On or near Parking Area,E01021955,Rochford 004D,Violence and sexual offences,Unable to prosecute suspect,
49a30ac0f5fc26c92054365fa54d01e311c119d8a736f518b5ba9587cbeb291e,2024-11,Essex Police,Essex Police,0.710587,51.587265,On or near Doggetts Close,E01021955,Rochford 004D,Violence and sexual offences,Court result unavailable,
d3795269a9709889cb5af3fc1b8f41b7c8be15eb833b8f17c96e470647913ad0,2024-11,Essex Police,Essex Police,0.707215,51.580579,On or near South Street,E01021955,Rochford 004D,Violence and sexual offences,Court result unavailable,
6f846916dd19c8b20c832a7b7303bf0adb046141528e542bddf3554a758f772a,2024-11,Essex Police,Essex Police,0.605695,51.597268,On or near Dene Close,E01021918,Rochford 005A,Criminal damage and arson,Investigation complete; no suspect identified,
a57f0591c7647c09feba4ad2a867e5531ec0d717fa30fc80f05be9d8c024739c,2024-11,Essex Police,Essex Police,0.602878,51.598257,On or near Canterbury Close,E01021918,Rochford 005A,Other theft,Investigation complete; no suspect identified,
c11c5ea8655ea9cb4b2bbe5af1864c7ac20c075da711a462e4fd01a1d51b6296,2024-11,Essex Police,Essex Police,0.603898,51.597650,On or near Deepdene Avenue,E01021918,Rochford 005A,Violence and sexual offences,Unable to prosecute suspect,
52ba3774ccc8b618088f1fe896fc58919b5b116f99e23a65a7b207adc4a8c0fd,2024-11,Essex Police,Essex Police,0.608592,51.601197,On or near Lubbards Close,E01021919,Rochford 005B,Public order,Unable to prosecute suspect,
29da884745f57bc1b52e00f351f147c2eea9204691e959600044576351d7d34b,2024-11,Essex Police,Essex Police,0.607678,51.598096,On or near Brooklyn Drive,E01021919,Rochford 005B,Violence and sexual offences,Unable to prosecute suspect,
,2024-11,Essex Police,Essex Police,0.600405,51.589840,On or near The Approach,E01021925,Rochford 005C,Anti-social behaviour,,
b246c725d51248f1565c749fb6294d9acd190c74dfe3c365ae0e24bbd064dcea,2024-11,Essex Police,Essex Police,0.603007,51.592930,On or near Marina Avenue,E01021925,Rochford 005C,Criminal damage and arson,Investigation complete; no suspect identified,
033771bd36b420bd070dbaec652a8885c029d0786e0b03ff3abbb8355dd87f25,2024-11,Essex Police,Essex Police,0.603580,51.592090,On or near Birch Close,E01021925,Rochford 005C,Violence and sexual offences,Unable to prosecute suspect,
2096fd56bfdff1478fa5b18cf27ef79bd24b7ece9183f44b386df021a88d74e4,2024-11,Essex Police,Essex Police,0.602992,51.591662,On or near Harper Way,E01021925,Rochford 005C,Violence and sexual offences,Investigation complete; no suspect identified,
4a30887501bbe8efda647263304fff1bbb639c7eb7110adff56f8d433ca7dc12,2024-11,Essex Police,Essex Police,0.603007,51.592930,On or near Marina Avenue,E01021925,Rochford 005C,Violence and sexual offences,Unable to prosecute suspect,
ec2423d376b5150bca7422b205776dc8e5eff0a1d8f5a147212f89ab0617f0fa,2024-11,Essex Police,Essex Police,0.607288,51.594813,On or near Gayleighs,E01021925,Rochford 005C,Violence and sexual offences,Unable to prosecute suspect,
661185ac1c4c25da27432085e3115daf07149bb4f3c912aca9c225d11334aab3,2024-11,Essex Police,Essex Police,0.603580,51.592090,On or near Birch Close,E01021925,Rochford 005C,Other crime,Investigation complete; no suspect identified,
7235034fce24259af7fa6872b235bd7981383c859f12a02b14e0d5f2a210a062,2024-11,Essex Police,Essex Police,0.614940,51.593042,On or near Homestead Close,E01021960,Rochford 005D,Violence and sexual offences,Unable to prosecute suspect,
14f2664f5d1efd79272598f2cfd7d869e2bd3c34e9bfda7669771c38130064b0,2024-11,Essex Police,Essex Police,0.608735,51.594125,On or near Cotswold Avenue,E01021961,Rochford 005E,Burglary,Investigation complete; no suspect identified,
4317c06bddcfa22acc875cf4a12a3dcb67b6f99129597a6cf80a1fad4bd50f4b,2024-11,Essex Police,Essex Police,0.608589,51.593336,On or near Malvern Close,E01021961,Rochford 005E,Violence and sexual offences,Unable to prosecute suspect,
,2024-11,Essex Police,Essex Police,0.574887,51.611168,On or near Chelmsford Road,E01021920,Rochford 006A,Anti-social behaviour,,
,2024-11,Essex Police,Essex Police,0.600950,51.601915,On or near Salisbury Close,E01021920,Rochford 006A,Anti-social behaviour,,
,2024-11,Essex Police,Essex Police,0.596881,51.602994,On or near Priory Chase,E01021920,Rochford 006A,Anti-social behaviour,,
,2024-11,Essex Police,Essex Police,0.596881,51.602994,On or near Priory Chase,E01021920,Rochford 006A,Anti-social behaviour,,
,2024-11,Essex Police,Essex Police,0.569540,51.591252,On or near Parking Area,E01021920,Rochford 006A,Anti-social behaviour,,
a82f270875b18ac29ead7b5be1dc43509c5105323452c04b142776fae6c971bc,2024-11,Essex Police,Essex Police,0.583976,51.621401,On or near Beeches Road,E01021920,Rochford 006A,Burglary,Unable to prosecute suspect,
9c3c1c210c1c883a36c5f8e717177dc310b20581078edba226e4114e58b919c8,2024-11,Essex Police,Essex Police,0.591368,51.605338,On or near Gowlett Mews,E01021920,Rochford 006A,Burglary,Investigation complete; no suspect identified,
ce2fe361f24cd8bac90b88c0cd2adc80cbc27f3cde0888d89dfebdb61cc6b467,2024-11,Essex Police,Essex Police,0.591943,51.600720,On or near Westfield Close,E01021920,Rochford 006A,Burglary,Investigation complete; no suspect identified,
e39636c7e4d4830b0b255cb5b2312e6dbecc785f771ccbc13ddbb6eecdbe8c0d,2024-11,Essex Police,Essex Police,0.576608,51.610195,On or near Rawreth Lane,E01021920,Rochford 006A,Criminal damage and arson,Unable to prosecute suspect,
166a27fb0483da75a589806e170412a89aaed3d0ce00041e5d0f14472e5ea38b,2024-11,Essex Police,Essex Police,0.573549,51.595954,On or near Beke Hall Chase South,E01021920,Rochford 006A,Criminal damage and arson,Unable to prosecute suspect,
66e9a392350bc91b738cc626ac7dfecb30680ead76e7121ea5c75320c0278bf2,2024-11,Essex Police,Essex Police,0.593817,51.603961,On or near Rowan Close,E01021920,Rochford 006A,Drugs,Investigation complete; no suspect identified,
7fb8a19b4fd323887a130c0db7c8e4a0aab79187f38ea0461302b286f236c70a,2024-11,Essex Police,Essex Police,0.569540,51.591252,On or near Parking Area,E01021920,Rochford 006A,Drugs,Local resolution,
5d96bd1caca594e31b232468831196c3bd2c62564f053100677e97ce9e2f76fc,2024-11,Essex Police,Essex Police,0.591943,51.600720,On or near Westfield Close,E01021920,Rochford 006A,Possession of weapons,Court result unavailable,
d6a4627fdb6ad92ac612359d922248924ced7b3dc391ea91d645bc0a8b392e98,2024-11,Essex Police,Essex Police,0.591943,51.600720,On or near Westfield Close,E01021920,Rochford 006A,Public order,Investigation complete; no suspect identified,
d0704651027d7d46c9dcff57eb98e3bc7688e793089589483f1ab84e7eb7f6e1,2024-11,Essex Police,Essex Police,0.596881,51.602994,On or near Priory Chase,E01021920,Rochford 006A,Theft from the person,Investigation complete; no suspect identified,
19b025cf336999d6335b0f765b431a9e3e45c34f6fad3c5e1848e3d06a846b39,2024-11,Essex Police,Essex Police,0.573323,51.597578,On or near Beke Hall Chase North,E01021920,Rochford 006A,Vehicle crime,Investigation complete; no suspect identified,
3ba9b58bc6329c3f508d323127068f266234a0aeb17a5ba115311fd64048b6b9,2024-11,Essex Police,Essex Police,0.569540,51.591252,On or near Parking Area,E01021920,Rochford 006A,Vehicle crime,Investigation complete; no suspect identified,
a455b3c3368f05bfa6bd392005b9ce51ec5abfcc4cd39c72ecf6804786326cc5,2024-11,Essex Police,Essex Police,0.574887,51.611168,On or near Chelmsford Road,E01021920,Rochford 006A,Vehicle crime,Investigation complete; no suspect identified,
399b949f08e31c38e11e8a7c3308fadd90e37366bf383776b4d9c352b00c7e93,2024-11,Essex Police,Essex Police,0.569540,51.591252,On or near Parking Area,E01021920,Rochford 006A,Vehicle crime,Investigation complete; no suspect identified,
2b71dacfc7df9fe909443de6c88a2b9025ab93e58038ad17c96e7da3d1ffea7c,2024-11,Essex Police,Essex Police,0.593817,51.603961,On or near Rowan Close,E01021920,Rochford 006A,Vehicle crime,Investigation complete; no suspect identified,
f3b1e1631096df5062205de4f2b6915b715b3c043dff6184435210f67e33989d,2024-11,Essex Police,Essex Police,0.574887,51.611168,On or near Chelmsford Road,E01021920,Rochford 006A,Vehicle crime,Investigation complete; no suspect identified,
791f051e9d5d1184aa1c791e7f53b82839d0708123bf041ac148c946c31c01a1,2024-11,Essex Police,Essex Police,0.573323,51.597578,On or near Beke Hall Chase North,E01021920,Rochford 006A,Vehicle crime,Investigation complete; no suspect identified,
cd65ea2104d324648ea75a2e173a5dd19bd00bf11ab849f15f0e29b7884cba49,2024-11,Essex Police,Essex Police,0.596482,51.605359,On or near Cheshunt Drive,E01021920,Rochford 006A,Violence and sexual offences,Unable to prosecute suspect,
ac2d01b616106b07b6dffb04157973b805c58f70770f5f71bb5cb13e786340ba,2024-11,Essex Police,Essex Police,0.591943,51.600720,On or near Westfield Close,E01021920,Rochford 006A,Violence and sexual offences,Court result unavailable,
dc918203464542dcc110da9b97b4c44c0505112c7c636601a83be99b21fdb2b6,2024-11,Essex Police,Essex Police,0.591943,51.600720,On or near Westfield Close,E01021920,Rochford 006A,Violence and sexual offences,Unable to prosecute suspect,
8b4cc97417fa62ad92dfe98abac5efc39bbbd92368d289de364c7232412c8f63,2024-11,Essex Police,Essex Police,0.600950,51.601915,On or near Salisbury Close,E01021920,Rochford 006A,Violence and sexual offences,Unable to prosecute suspect,
5f08c471855975aed4f83d6ebdbfd14b28c5cc97cb09b39eef9df855b8f7010c,2024-11,Essex Police,Essex Police,0.596482,51.605359,On or near Cheshunt Drive,E01021920,Rochford 006A,Violence and sexual offences,Unable to prosecute suspect,
f1f18b795ae39a4d611673dce42d382b1991cafc1bc6d5960b865e5177def4f7,2024-11,Essex Police,Essex Police,0.603888,51.599502,On or near Harberts Way,E01021920,Rochford 006A,Violence and sexual offences,Unable to prosecute suspect,
bbe9ae8de85bc02daf9d7a23e6736724ec3387ff04225b7ebcaee4b517071524,2024-11,Essex Police,Essex Police,0.591943,51.600720,On or near Westfield Close,E01021920,Rochford 006A,Violence and sexual offences,Court result unavailable,
8c8e9d475e722ffc9838cc22d40a2c8417735bd07a059b2ff5efbd009147291d,2024-11,Essex Police,Essex Police,0.591943,51.600720,On or near Westfield Close,E01021920,Rochford 006A,Violence and sexual offences,Unable to prosecute suspect,
ef9caf39a16fa32ef3e0a0cfe14e97a29980b29118a8ae77fc547366077ad9f0,2024-11,Essex Police,Essex Police,0.600950,51.601915,On or near Salisbury Close,E01021920,Rochford 006A,Violence and sexual offences,Unable to prosecute suspect,
8f7b3d96d7d7d8ad181ac26ac545568a9bce7e7c8a3b4628a7b09d61c64061e9,2024-11,Essex Police,Essex Police,0.591943,51.600720,On or near Westfield Close,E01021920,Rochford 006A,Violence and sexual offences,Court result unavailable,
d26d08ac026acf6041b762eebd240f238daee639f07f5fc2b93cf9be7e99969a,2024-11,Essex Police,Essex Police,0.591943,51.600720,On or near Westfield Close,E01021920,Rochford 006A,Violence and sexual offences,Unable to prosecute suspect,
657a5a9e66239f8e87a9a05bf7f2b76c1c12d9aedf9b23442415369c827fed8c,2024-11,Essex Police,Essex Police,0.600950,51.601915,On or near Salisbury Close,E01021920,Rochford 006A,Violence and sexual offences,Unable to prosecute suspect,
,2024-11,Essex Police,Essex Police,0.594144,51.593998,On or near London Road,E01021926,Rochford 006B,Anti-social behaviour,,
,2024-11,Essex Police,Essex Police,0.599635,51.589506,On or near Parking Area,E01021926,Rochford 006B,Anti-social behaviour,,
,2024-11,Essex Police,Essex Police,0.589115,51.597716,On or near Diamond Close,E01021957,Rochford 006C,Anti-social behaviour,,
,2024-11,Essex Police,Essex Police,0.589115,51.597716,On or near Diamond Close,E01021957,Rochford 006C,Anti-social behaviour,,
8dc8431faa27c62b8f8da4e63fd0313367270521da873fabe93fdaf39a039bfa,2024-11,Essex Police,Essex Police,0.587217,51.596094,On or near Gunn Close,E01021957,Rochford 006C,Criminal damage and arson,Unable to prosecute suspect,
8ea300aaa229227bad1a81e2396f8ff8d3c5278a18a82bdf3fbf16d5335191df,2024-11,Essex Police,Essex Police,0.588827,51.596463,On or near Claremont Crescent,E01021957,Rochford 006C,Violence and sexual offences,Unable to prosecute suspect,
3c66b6ead0ffd810a7a1621cec1b91b0458313f8a989c3e0c87ab011bb2c2120,2024-11,Essex Police,Essex Police,0.587217,51.596094,On or near Gunn Close,E01021957,Rochford 006C,Violence and sexual offences,Unable to prosecute suspect,
a272894322d380f540bf78d90bc95038ea997df0e1bdc700d1e729fd32638339,2024-11,Essex Police,Essex Police,0.588465,51.594681,On or near Ronald Drive,E01021957,Rochford 006C,Violence and sexual offences,Unable to prosecute suspect,
b50c7f26c17d5fed38ced057779f84093da171f9783627a7cebe302bfe605cae,2024-11,Essex Police,Essex Police,0.588763,51.590772,On or near Kelvedon Close,E01021957,Rochford 006C,Violence and sexual offences,Unable to prosecute suspect,
5382cf714a87e5ecd222a91277d37e494b49c341d75bcf191f2658be7727b05b,2024-11,Essex Police,Essex Police,0.587217,51.596094,On or near Gunn Close,E01021957,Rochford 006C,Violence and sexual offences,Unable to prosecute suspect,
867965f524d57d39ffb41d7da12264219aed8ad6e52c6cfa7c30447ea80d340f,2024-11,Essex Police,Essex Police,0.587820,51.590945,On or near Rettendon Close,E01021957,Rochford 006C,Violence and sexual offences,Unable to prosecute suspect,
,2024-11,Essex Police,Essex Police,0.584225,51.593498,On or near Newsum Gardens,E01021958,Rochford 006D,Anti-social behaviour,,
d16f03cdad6e2dee8ad669e2e1c13b13429b735833dcc697222d157af85c26ea,2024-11,Essex Police,Essex Police,0.585713,51.595803,On or near Petrol Station,E01021958,Rochford 006D,Shoplifting,Investigation complete; no suspect identified,
afdbcb8fb141c17dff09aed693052b645f951f33199d7467366e5be3d02598ee,2024-11,Essex Police,Essex Police,0.585713,51.595803,On or near Petrol Station,E01021958,Rochford 006D,Shoplifting,Investigation complete; no suspect identified,
00613401dc2257939ce833c3d240dc0a1151b195c0a83cc46384f2944784e534,2024-11,Essex Police,Essex Police,0.585713,51.595803,On or near Petrol Station,E01021958,Rochford 006D,Violence and sexual offences,Investigation complete; no suspect identified,
98cf77c0edf51d0ca4641c0feffb3261edc01770d5ac912bfd5fbe5ced274fec,2024-11,Essex Police,Essex Police,0.595763,51.594520,On or near Pearsons Avenue,E01021959,Rochford 006E,Criminal damage and arson,Investigation complete; no suspect identified,
13889427224f9fde437f8109c9cf9cd60bcd3e7c515fc0c51834ea7b5d33b05c,2024-11,Essex Police,Essex Police,0.595763,51.594520,On or near Pearsons Avenue,E01021959,Rochford 006E,Criminal damage and arson,Unable to prosecute suspect,
47c9ce8f46decf288fa613bc9b531ea0bb6005539360e0dafbeff5ffe98c72d6,2024-11,Essex Police,Essex Police,0.594960,51.595887,On or near Vernon Avenue,E01021959,Rochford 006E,Violence and sexual offences,Unable to prosecute suspect,
a51cd0686caeefe5347fae03488dbf3a7cbce7477fb8e94fb262aeefa64dff32,2024-11,Essex Police,Essex Police,0.595763,51.594520,On or near Pearsons Avenue,E01021959,Rochford 006E,Violence and sexual offences,Action to be taken by another organisation,
7d3adbaae5a05a7ea4233108d3ec6b79780da2bd400f5bab0eee63b23f5ff5c0,2024-11,Essex Police,Essex Police,0.597650,51.594452,On or near Sir Walter Raleigh Drive,E01021959,Rochford 006E,Violence and sexual offences,Investigation complete; no suspect identified,
,2024-11,Essex Police,Essex Police,0.698981,51.588504,On or near Petrol Station,E01021930,Rochford 007A,Anti-social behaviour,,
e204d75c165bdd9d758c44735b53126700be98e89979968603d02469887f518d,2024-11,Essex Police,Essex Police,0.696818,51.588553,On or near Lesney Gardens,E01021930,Rochford 007A,Criminal damage and arson,Investigation complete; no suspect identified,
c346af83400ceafd3868e7d5ce63f70411bfc64d507761b7b42aec751a5f8b8e,2024-11,Essex Police,Essex Police,0.698981,51.588504,On or near Petrol Station,E01021930,Rochford 007A,Other theft,Investigation complete; no suspect identified,
cabecd8a69e430318e77e3368702ecc79bc440b004d63684af5d6b11d4abaada,2024-11,Essex Police,Essex Police,0.698981,51.588504,On or near Petrol Station,E01021930,Rochford 007A,Other theft,Investigation complete; no suspect identified,
b6809a2121a975916697b6e687ebbac92edb73ba3f8994070548044759cfa7a2,2024-11,Essex Police,Essex Police,0.699321,51.584997,On or near Ironwell Close,E01021930,Rochford 007A,Public order,Investigation complete; no suspect identified,
0476be2da0bb5a6e2b76d6910955bfd9c39b0e6a618efb2fcc1155da09cda5b0,2024-11,Essex Police,Essex Police,0.696775,51.591720,On or near Marshalls,E01021930,Rochford 007A,Violence and sexual offences,Unable to prosecute suspect,
a5c20d70286eed5252573520002cd74cbcc8546b3b76b266d339fcbbbfc3e685,2024-11,Essex Police,Essex Police,0.696818,51.588553,On or near Lesney Gardens,E01021930,Rochford 007A,Violence and sexual offences,Investigation complete; no suspect identified,
03abf38da26da78f45debdfc92567ab3bc2d031a460dd60dc5cdfa8b54435a44,2024-11,Essex Police,Essex Police,0.696818,51.588553,On or near Lesney Gardens,E01021930,Rochford 007A,Violence and sexual offences,Unable to prosecute suspect,
1d20cb6837cd34d5e576e6599a5f93321f5937a1a56302d2f2bc60afc647183c,2024-11,Essex Police,Essex Police,0.697899,51.589734,On or near The Dales,E01021930,Rochford 007A,Other crime,Status update unavailable,
68805f55debedd5d450ace579e9e89afc39f3fbdac34191bafad297bf7132301,2024-11,Essex Police,Essex Police,0.691087,51.595646,On or near Wendon Close,E01021932,Rochford 007B,Criminal damage and arson,Investigation complete; no suspect identified,
7b0ababfdded578668c5ba54bb776b5e009df8197b2de6b522d0647930848fcd,2024-11,Essex Police,Essex Police,0.693251,51.595623,On or near Eastbury Avenue,E01021932,Rochford 007B,Drugs,Status update unavailable,
161744b427a1bcd8203dcd81992422649069a222c416a2d1721eeed4e635f1cc,2024-11,Essex Police,Essex Police,0.696374,51.594221,On or near Nutcombe Crescent,E01021932,Rochford 007B,Other theft,Unable to prosecute suspect,
022df92507fba993dbec9b39a434728a2d4623d2c3bc190c5f3ce04cffd3ea7c,2024-11,Essex Police,Essex Police,0.696460,51.596152,On or near Supermarket,E01021932,Rochford 007B,Shoplifting,Unable to prosecute suspect,
cc280c5e4ce43429e2f84002dccda684832fe7913f8b396073eec23117a5f624,2024-11,Essex Police,Essex Police,0.689727,51.595614,On or near Rectory Road,E01021932,Rochford 007B,Violence and sexual offences,Unable to prosecute suspect,
7c9ba846dd7af588e8550d044cc6de6cc8e4a84ffcebfc4e142f6035e5a98834,2024-11,Essex Police,Essex Police,0.696374,51.594221,On or near Nutcombe Crescent,E01021932,Rochford 007B,Violence and sexual offences,Unable to prosecute suspect,
3ef57af48fc3939449602b9a63433ec2cca72561b594cc5ab9597b75832c0bdf,2024-11,Essex Police,Essex Police,0.696374,51.594221,On or near Nutcombe Crescent,E01021932,Rochford 007B,Violence and sexual offences,Investigation complete; no suspect identified,
87de14ba7bf462d2381d4b0279b0e018143d14b2d344cbec1f3bfacbfb16679a,2024-11,Essex Police,Essex Police,0.696374,51.594221,On or near Nutcombe Crescent,E01021932,Rochford 007B,Violence and sexual offences,Unable to prosecute suspect,
dfd30ce95b378c4b4f1b07b5c5aab6fec7dd051c1e2d16a096d831fdf2ea7f5e,2024-11,Essex Police,Essex Police,0.690927,51.594660,On or near Westbury,E01021932,Rochford 007B,Violence and sexual offences,Unable to prosecute suspect,
c16d9756f368d87462937e77d24f6f960872eb1fdb1c853b5f37e892dec5fa86,2024-11,Essex Police,Essex Police,0.689727,51.595614,On or near Rectory Road,E01021932,Rochford 007B,Violence and sexual offences,Unable to prosecute suspect,
16b83a4b9181ff0c0c60eb0defbd384fd5f69939ccfc06d6a89ece1a751df005,2024-11,Essex Police,Essex Police,0.695866,51.596373,On or near Craven Close,E01021932,Rochford 007B,Violence and sexual offences,Court result unavailable,
6bc6af7b48ddd4598954228bde06a773786ba9bede84be993ddd712136bd0cd2,2024-11,Essex Police,Essex Police,0.689727,51.595614,On or near Rectory Road,E01021932,Rochford 007B,Violence and sexual offences,Unable to prosecute suspect,
67e70d1da2caca218f04dbff236b13d486930ae36c73c2ee7bc4c0396b05f674,2024-11,Essex Police,Essex Police,0.689727,51.595614,On or near Rectory Road,E01021932,Rochford 007B,Violence and sexual offences,Unable to prosecute suspect,
c6b2a07de894e76c1b7d1d8e4c9f7b3d30225277af82caed25878708cc7e2115,2024-11,Essex Police,Essex Police,0.696374,51.594221,On or near Nutcombe Crescent,E01021932,Rochford 007B,Violence and sexual offences,Unable to prosecute suspect,
59442b567e63721204629bb62df08f2c2d67abd3aeb851bc5381000ec5754e29,2024-11,Essex Police,Essex Police,0.712394,51.586342,On or near Parking Area,E01021952,Rochford 007C,Bicycle theft,Investigation complete; no suspect identified,
797551e69acd5290b4716b2c6133a0cfcee8c731f59c3035bc1f05201e0cee1a,2024-11,Essex Police,Essex Police,0.705947,51.578918,On or near The Ridings,E01021952,Rochford 007C,Possession of weapons,Court result unavailable,
bcd2f49db2a3fbc96e242d7b3d56c9132e3f5764af58f48d96782cb47df3e967,2024-11,Essex Police,Essex Police,0.705947,51.578918,On or near The Ridings,E01021952,Rochford 007C,Violence and sexual offences,Investigation complete; no suspect identified,
,2024-11,Essex Police,Essex Police,0.688962,51.582906,On or near Stephen Place,E01021954,Rochford 007D,Anti-social behaviour,,
1b176cf004a2230912f5bd7682a6e19d958b209285d1d9bfa25111037695ce8e,2024-11,Essex Police,Essex Police,0.702585,51.582827,On or near Petrol Station,E01021954,Rochford 007D,Burglary,Unable to prosecute suspect,
a339b8757cedca8f4c966a93f966efbda8f7eafc52c5646fb92c1b895a932b70,2024-11,Essex Police,Essex Police,0.690815,51.583484,On or near Alfred Gardens,E01021954,Rochford 007D,Criminal damage and arson,Investigation complete; no suspect identified,
947601e66196fa1df86da55e34167f7d24ea2348f7dc831b6aa02a5c6b455f27,2024-11,Essex Police,Essex Police,0.694336,51.582971,On or near Elizabeth Gardens,E01021954,Rochford 007D,Other theft,Unable to prosecute suspect,
cc52f1e2440cfbe5f8f407fe18a36ac9e1625c5a62875a05a9853c0c2fbf643a,2024-11,Essex Police,Essex Police,0.706320,51.587615,On or near The Drive,E01021954,Rochford 007D,Possession of weapons,Unable to prosecute suspect,
60c6a720c0e7c0aa547b6b117989677f318e2e6b434b08b43543cd1a05387837,2024-11,Essex Police,Essex Police,0.691244,51.582917,On or near Egbert Drive,E01021954,Rochford 007D,Public order,Unable to prosecute suspect,
4fb15ffa42787a254fb1b2aca279be5b774c4dfa50abcb8501c074bacac37ff5,2024-11,Essex Police,Essex Police,0.690045,51.584131,On or near Redwood Drive,E01021954,Rochford 007D,Public order,Formal action is not in the public interest,
1cb2b03526b4c9160bc3de681a63bb7e03f4e20e53e2d60fbe51de2f5049c007,2024-11,Essex Police,Essex Police,0.690045,51.584131,On or near Redwood Drive,E01021954,Rochford 007D,Public order,Formal action is not in the public interest,
4c3d8a65c88ed5259dba92b5aaab5ff82530b74bf028257e03395eef8be95c7f,2024-11,Essex Police,Essex Police,0.655975,51.573486,On or near Flemings Farm Road,E01021954,Rochford 007D,Vehicle crime,Investigation complete; no suspect identified,
cc3c79b99fdf0ceb7b00eea7e04fee338f298fdd432d37221fc227d478e3c74d,2024-11,Essex Police,Essex Police,0.703394,51.582835,On or near Station View,E01021954,Rochford 007D,Vehicle crime,Unable to prosecute suspect,
116cdf465e95a1fa087e4d074445c2e82b28782587ee83a861dfd2aef0af96bf,2024-11,Essex Police,Essex Police,0.703394,51.582835,On or near Station View,E01021954,Rochford 007D,Violence and sexual offences,Unable to prosecute suspect,
baa6829a1a3bd42f61f98952891339bd6228e7f7059aa25e8cade46417674fb5,2024-11,Essex Police,Essex Police,0.706320,51.587615,On or near The Drive,E01021954,Rochford 007D,Violence and sexual offences,Unable to prosecute suspect,
995ad7daf0bc85a4925ba2fe61047441795f47dbf42767923316afb06e196324,2024-11,Essex Police,Essex Police,0.689375,51.585496,On or near Alice Gardens,E01021954,Rochford 007D,Violence and sexual offences,Court result unavailable,
7e6b39436e7d2f80e00344bb4bcc0d8fb7824bffdfdfb5b7fee6df4387379443,2024-11,Essex Police,Essex Police,0.689375,51.585496,On or near Alice Gardens,E01021954,Rochford 007D,Violence and sexual offences,Unable to prosecute suspect,
f67d8033555c2d8d938055fb7e5f30a746747243962a06f7dc1d04aee2424ffd,2024-11,Essex Police,Essex Police,0.703394,51.582835,On or near Station View,E01021954,Rochford 007D,Violence and sexual offences,Unable to prosecute suspect,
28f6c385e6737d0b5f03d86a6d859fc10a87480660b1fd012a3b6b5eae192cd0,2024-11,Essex Police,Essex Police,0.706320,51.587615,On or near The Drive,E01021954,Rochford 007D,Violence and sexual offences,Unable to prosecute suspect,
faae73433e74114f16ba423a5cc7ad3c028a743ed15e6df31f91e68744353aa1,2024-11,Essex Police,Essex Police,0.690045,51.584131,On or near Redwood Drive,E01021954,Rochford 007D,Violence and sexual offences,Formal action is not in the public interest,
ecaf6bf53598f80144c4a58ef45aa192a86ee12a1bee96f65a6942c4713d7856,2024-11,Essex Police,Essex Police,0.702585,51.582827,On or near Petrol Station,E01021954,Rochford 007D,Violence and sexual offences,Formal action is not in the public interest,
1ddf534b6fda6ed9b9c16729637ebbd4c8ef1bcf19ca1303217d1f3764e21813,2024-11,Essex Police,Essex Police,0.703394,51.582835,On or near Station View,E01021954,Rochford 007D,Violence and sexual offences,Unable to prosecute suspect,
86943a3d089cfbabc4bfe3ec59a2462a816b9527d4a0905658015f26251c4552,2024-11,Essex Police,Essex Police,0.703394,51.582835,On or near Station View,E01021954,Rochford 007D,Violence and sexual offences,Unable to prosecute suspect,
34d80373b954f5272fedb6106b568d278b0a9398635a02823fd8c5b348f9a29c,2024-11,Essex Police,Essex Police,0.701739,51.585589,On or near Heritage Way,E01021954,Rochford 007D,Violence and sexual offences,Unable to prosecute suspect,
ea80a8fa6983ec394429e778aa38b48bb34bcd0423893a49b37f62b3b7b19d75,2024-11,Essex Police,Essex Police,0.703394,51.582835,On or near Station View,E01021954,Rochford 007D,Violence and sexual offences,Unable to prosecute suspect,
a2325764f127b39ba9980127bbfe2e1c23b30775cee47afc5e9c5efd7484402d,2024-11,Essex Police,Essex Police,0.693796,51.583595,On or near Henry Crescent,E01021954,Rochford 007D,Violence and sexual offences,Unable to prosecute suspect,
a451b67aadeb5b6f54e3ac8a88cc2dc6039bd88c00fe49ab23dfa45362c60000,2024-11,Essex Police,Essex Police,0.703394,51.582835,On or near Station View,E01021954,Rochford 007D,Violence and sexual offences,Local resolution,
9933f333613a9b1dd9cd35f552ce39a4e673d445ad2fc2d93b1cf4523950fd47,2024-11,Essex Police,Essex Police,0.703394,51.582835,On or near Station View,E01021954,Rochford 007D,Violence and sexual offences,Unable to prosecute suspect,
498758d5525e2906e82c56a45db176388175f4c94ea8d08480ab2353f1fb8c15,2024-11,Essex Police,Essex Police,0.702585,51.582827,On or near Petrol Station,E01021954,Rochford 007D,Violence and sexual offences,Unable to prosecute suspect,
0530f418b92a20fac976c05ae040d4bf2156cc43c0f7050a1980391e7f5005de,2024-11,Essex Police,Essex Police,0.702585,51.582827,On or near Petrol Station,E01021954,Rochford 007D,Violence and sexual offences,Awaiting court outcome,
,2024-11,Essex Police,Essex Police,0.718284,51.575449,On or near Magnolia Way,E01021956,Rochford 007E,Anti-social behaviour,,
,2024-11,Essex Police,Essex Police,0.709631,51.571449,On or near Sutton Court Drive,E01021956,Rochford 007E,Anti-social behaviour,,
,2024-11,Essex Police,Essex Police,0.701335,51.567359,On or near Parking Area,E01021956,Rochford 007E,Anti-social behaviour,,
,2024-11,Essex Police,Essex Police,0.701335,51.567359,On or near Parking Area,E01021956,Rochford 007E,Anti-social behaviour,,
,2024-11,Essex Police,Essex Police,0.701335,51.567359,On or near Parking Area,E01021956,Rochford 007E,Anti-social behaviour,,
,2024-11,Essex Police,Essex Police,0.701335,51.567359,On or near Parking Area,E01021956,Rochford 007E,Anti-social behaviour,,
524082c97d373a3be814fd8d855e8e5d8e8bd729cc36208de4de3ca850b5db2d,2024-11,Essex Police,Essex Police,0.716409,51.577399,On or near Featherby Way,E01021956,Rochford 007E,Burglary,Investigation complete; no suspect identified,
66310a1a1d64c0b909f127c882d8c42f954cb4583f441a18a7e345e3b59ca429,2024-11,Essex Police,Essex Police,0.717148,51.578416,On or near Welton Way,E01021956,Rochford 007E,Criminal damage and arson,Investigation complete; no suspect identified,
eeb506cb865222a9dbdfcd716e97cb14e1cfd2b6ce3ba5c9f982bc72cfad570d,2024-11,Essex Police,Essex Police,0.720414,51.578660,On or near Shopping Area,E01021956,Rochford 007E,Criminal damage and arson,Investigation complete; no suspect identified,
be1e61583c73aee9ef30a4fbc1129f6891d92a5f879525d861af17504db0846c,2024-11,Essex Police,Essex Police,0.711098,51.572324,On or near Warwick Drive,E01021956,Rochford 007E,Criminal damage and arson,Unable to prosecute suspect,
039e8ea42dd1ee2ac0eafe5917bc05dd995c043445b3c50ec95aa61ad2cae34c,2024-11,Essex Police,Essex Police,0.711098,51.572324,On or near Warwick Drive,E01021956,Rochford 007E,Criminal damage and arson,Investigation complete; no suspect identified,
1dea23b4ba6f0bbe21eaa3ddb87e37a40e3d2260d817db606610358dcd793366,2024-11,Essex Police,Essex Police,0.710068,51.573696,On or near Rochefort Drive,E01021956,Rochford 007E,Criminal damage and arson,Investigation complete; no suspect identified,
50d5cf1a0ee4b53824e6a521116b46dd3c844f9be8b76f85105b27668573b57e,2024-11,Essex Police,Essex Police,0.717148,51.578416,On or near Welton Way,E01021956,Rochford 007E,Criminal damage and arson,Unable to prosecute suspect,
6125aad84287fd96648b34563481716509ef18eab0df021a0be4b80b5049274f,2024-11,Essex Police,Essex Police,0.718284,51.575449,On or near Magnolia Way,E01021956,Rochford 007E,Criminal damage and arson,Local resolution,
d812d194927c540d5254f42b70c8b5374d4b7cd72e5e721a35f910acd26a85e0,2024-11,Essex Police,Essex Police,0.701335,51.567359,On or near Parking Area,E01021956,Rochford 007E,Criminal damage and arson,Court result unavailable,
40c7b00046b4efb58f9dcb1d5fb392e4849cc69739bb7562a65ac317cb0ec15f,2024-11,Essex Police,Essex Police,0.709631,51.571449,On or near Sutton Court Drive,E01021956,Rochford 007E,Criminal damage and arson,Investigation complete; no suspect identified,
3d5f572ba530f0ed0e3b47b290f221d77f44c687a4c5fff896cbb69630ac55a4,2024-11,Essex Police,Essex Police,0.701335,51.567359,On or near Parking Area,E01021956,Rochford 007E,Criminal damage and arson,Court result unavailable,
91cfd5e39a74ee096b6440e3cd987132384ac436aa6e5cac824c62f31f1a1dd2,2024-11,Essex Police,Essex Police,0.716409,51.577399,On or near Featherby Way,E01021956,Rochford 007E,Drugs,Investigation complete; no suspect identified,
b177748ffb044a727d2877fbb7215869fe37fbf35d5f190be2747e391260df24,2024-11,Essex Police,Essex Police,0.709631,51.571449,On or near Sutton Court Drive,E01021956,Rochford 007E,Drugs,Unable to prosecute suspect,
c082afe4e020c03cda9622cd3d480feecc8261b7857e72c5c5cf0592d2497834,2024-11,Essex Police,Essex Police,0.718284,51.575449,On or near Magnolia Way,E01021956,Rochford 007E,Drugs,Local resolution,
e5976e6f234f7c8918d99662bd7fb4aa72a8ec15c78976c226d7fac80bede120,2024-11,Essex Police,Essex Police,0.703863,51.569586,On or near Airport/Airfield,E01021956,Rochford 007E,Public order,Investigation complete; no suspect identified,
9fdbb29e7c0445c409177e6b4bdffbd3051e0136245c984dc14a5b7017dee29c,2024-11,Essex Police,Essex Police,0.718284,51.575449,On or near Magnolia Way,E01021956,Rochford 007E,Public order,Unable to prosecute suspect,
63c7365682f81ae77faa795adccfe5139db989d01c6130fa0a75cd43141be5b4,2024-11,Essex Police,Essex Police,0.701335,51.567359,On or near Parking Area,E01021956,Rochford 007E,Public order,Court result unavailable,
32a1c0193120c527c58083aed30e3baa418d072009619752b85461074632969d,2024-11,Essex Police,Essex Police,0.703818,51.568103,On or near Shopping Area,E01021956,Rochford 007E,Shoplifting,Investigation complete; no suspect identified,
47a2557be62153ffe3b0cd8dd6bf3209c5ab8b42400bcaf22e1fc35d31799b6e,2024-11,Essex Police,Essex Police,0.701915,51.567634,On or near Parking Area,E01021956,Rochford 007E,Vehicle crime,Investigation complete; no suspect identified,
ee4e0e27946bf84a74f2d489d3db838310e625edebd2292098b94f16046823fb,2024-11,Essex Police,Essex Police,0.707110,51.572739,On or near Queen Elizabeth Chase,E01021956,Rochford 007E,Violence and sexual offences,Local resolution,
03991450d2790effd34eba88f9d8e4b72767bcebf70a97fe67f816edd315e16a,2024-11,Essex Police,Essex Police,0.701335,51.567359,On or near Parking Area,E01021956,Rochford 007E,Violence and sexual offences,Court result unavailable,
e92c2f5e672e56dc7f35d5bdcaba8ed226c1b22636ee4ac90d3264c1a6b2f192,2024-11,Essex Police,Essex Police,0.701335,51.567359,On or near Parking Area,E01021956,Rochford 007E,Violence and sexual offences,Court result unavailable,
2cc8ffe70d1e1c14b46fa2d1eb72332a5c3c2e9ce97dbf7e3feb99f11ea9d44d,2024-11,Essex Police,Essex Police,0.711098,51.572324,On or near Warwick Drive,E01021956,Rochford 007E,Violence and sexual offences,Unable to prosecute suspect,
9532b7e44ed925d13cba0213dd570dad6ed400e9333a81c3ce4add96bc88e255,2024-11,Essex Police,Essex Police,0.718284,51.575449,On or near Magnolia Way,E01021956,Rochford 007E,Violence and sexual offences,Unable to prosecute suspect,
ad65bf4dbcfaf55ad63f8e759d28ee50819edfe6bea0a7102bc64cad7ac98dab,2024-11,Essex Police,Essex Police,0.710068,51.573696,On or near Rochefort Drive,E01021956,Rochford 007E,Violence and sexual offences,Unable to prosecute suspect,
9b6c0170264505d5369bb49538c6f48cff94aa7563cb1229a1ee7e8d741286de,2024-11,Essex Police,Essex Police,0.701335,51.567359,On or near Parking Area,E01021956,Rochford 007E,Violence and sexual offences,Court result unavailable,
62bb2b0500e93992ed49f530265da3746ccfe4d8557064f374aec9930c4e3165,2024-11,Essex Police,Essex Police,0.708675,51.573081,On or near Leicester Avenue,E01021956,Rochford 007E,Violence and sexual offences,Investigation complete; no suspect identified,
439f3795521fee8f3c561a08237bb93cb5560b232ab3351fbb64873695111c2c,2024-11,Essex Police,Essex Police,0.710068,51.573696,On or near Rochefort Drive,E01021956,Rochford 007E,Violence and sexual offences,Unable to prosecute suspect,
8484454386070ada20b59be95c235098b8fc7465255a865172d5b9ba4327053c,2024-11,Essex Police,Essex Police,0.710068,51.573696,On or near Rochefort Drive,E01021956,Rochford 007E,Violence and sexual offences,Unable to prosecute suspect,
63bc83e4a4f551ed18235333888da46781976253bbee9fd5655b6e44d112489e,2024-11,Essex Police,Essex Police,0.701335,51.567359,On or near Parking Area,E01021956,Rochford 007E,Other crime,Investigation complete; no suspect identified,
953010c4c2fce110a65805182c870e6f618becb647123929cf8ba9a9881bc0e8,2024-11,Essex Police,Essex Police,0.626127,51.580723,On or near Warwick Road,E01021950,Rochford 008A,Other theft,Investigation complete; no suspect identified,
e38e5d99e310be3d6dcdd165cf946c70755e4fe82870c0f85052324a6315251b,2024-11,Essex Police,Essex Police,0.626127,51.580723,On or near Warwick Road,E01021950,Rochford 008A,Violence and sexual offences,Status update unavailable,
4e99cbf7b68ac9b529501c9525443ef240a6c03fa43d5fa2deb5464793170bfc,2024-11,Essex Police,Essex Police,0.622369,51.580897,On or near Essex Close,E01021950,Rochford 008A,Violence and sexual offences,Unable to prosecute suspect,
2a4cb040cd0dfb6fe71fe3337c8025cba6f7ff1819a16934a6d0fe32b5da3555,2024-11,Essex Police,Essex Police,0.613849,51.585620,On or near Parklands Avenue,E01021950,Rochford 008A,Violence and sexual offences,Unable to prosecute suspect,
56bfabe93f36cbdfc0844273eaccc62035695eab955ea032f58753cdfcda154f,2024-11,Essex Police,Essex Police,0.613014,51.584146,On or near Broad Oak Way,E01021950,Rochford 008A,Violence and sexual offences,Unable to prosecute suspect,
b82797135bf12420511b4778c1ca473187794a268160b07765fbad038413ccfd,2024-11,Essex Police,Essex Police,0.613014,51.584146,On or near Broad Oak Way,E01021950,Rochford 008A,Violence and sexual offences,Unable to prosecute suspect,
b3e4623ea4e33ec820f3410d1e2a679cd704e615503cb5d310411a8ff1c50cc5,2024-11,Essex Police,Essex Police,0.623692,51.587325,On or near Grove Close,E01021951,Rochford 008B,Vehicle crime,Investigation complete; no suspect identified,
01e48ce852319ab51689c73de085313c948b9326948357c20a5937ce90a8fa63,2024-11,Essex Police,Essex Police,0.623692,51.587325,On or near Grove Close,E01021951,Rochford 008B,Violence and sexual offences,Unable to prosecute suspect,
,2024-11,Essex Police,Essex Police,0.607532,51.587235,On or near Nightclub,E01021962,Rochford 008C,Anti-social behaviour,,
,2024-11,Essex Police,Essex Police,0.605815,51.585919,On or near Bus/Coach Station,E01021962,Rochford 008C,Anti-social behaviour,,
ec7a0797dbf289c028490fb5dd83af90444130a0bed98e202b73a36bee60fc0b,2024-11,Essex Police,Essex Police,0.611562,51.586759,On or near Highfield Crescent,E01021962,Rochford 008C,Criminal damage and arson,Investigation complete; no suspect identified,
cd21d785a270556a10d1cfa98faf4272e901381219b376c7b904f6180f09d9d0,2024-11,Essex Police,Essex Police,0.607016,51.585538,On or near Parking Area,E01021962,Rochford 008C,Other theft,Investigation complete; no suspect identified,
a6cda0a106926ef950ad037414cf27953c15d0efbeb2fddc4e3cc5b9d4cb7c03,2024-11,Essex Police,Essex Police,0.615372,51.586989,On or near Jubilee Road,E01021962,Rochford 008C,Other theft,Investigation complete; no suspect identified,
e85a7fd204a38ad7661003f9b82da40ddc48415b1750e68d544de7366153143f,2024-11,Essex Police,Essex Police,0.606711,51.586013,On or near Websters Way,E01021962,Rochford 008C,Other theft,Investigation complete; no suspect identified,
435a20c6b799adfd5b077a9508d31102eaf259ec177953dd0ecfceef0e6a250a,2024-11,Essex Police,Essex Police,0.607532,51.587235,On or near Nightclub,E01021962,Rochford 008C,Possession of weapons,Court result unavailable,
f57678d98b5ef1aa5b9b6d6419cce5ec0bc970c7efccdae6a63de25a69ad9120,2024-11,Essex Police,Essex Police,0.608183,51.584235,On or near King George'S Close,E01021962,Rochford 008C,Public order,Unable to prosecute suspect,
b8e106ab839bba6025187f62086691fa470bb0f58a6a5a530ccd854d006e798f,2024-11,Essex Police,Essex Police,0.608183,51.584235,On or near King George'S Close,E01021962,Rochford 008C,Violence and sexual offences,Unable to prosecute suspect,
1bd1c944fc0b3998bacec93d302de103de374ddd9dfaa338792df51a2b1ab5d8,2024-11,Essex Police,Essex Police,0.608183,51.584235,On or near King George'S Close,E01021962,Rochford 008C,Violence and sexual offences,Unable to prosecute suspect,
8aa0bd44b565dd60c1413e1b1014b0d417e26fc8e6be9e6eed3b9c906d258da9,2024-11,Essex Police,Essex Police,0.608183,51.584235,On or near King George'S Close,E01021962,Rochford 008C,Violence and sexual offences,Unable to prosecute suspect,
adbc298856ee45dce0323238034ad4be29392d55fe55854ef2245272a60a9f06,2024-11,Essex Police,Essex Police,0.608183,51.584235,On or near King George'S Close,E01021962,Rochford 008C,Violence and sexual offences,Unable to prosecute suspect,
1975e85af5f32100ef4d0f3dca22c231b5dcd08d36092beb02937e09e066175f,2024-11,Essex Police,Essex Police,0.599531,51.583897,On or near Burrows Way,E01021963,Rochford 008D,Drugs,Court result unavailable,
75d131e82b9ca88366809e746706a20c90535f54c538682bbde3881bdb278f71,2024-11,Essex Police,Essex Police,0.599531,51.583897,On or near Burrows Way,E01021963,Rochford 008D,Drugs,Court result unavailable,
dee07ad228b49bdf1657daac2c833375d78a23b7bf696494235c1ccedc43438c,2024-11,Essex Police,Essex Police,0.605442,51.587543,On or near Parking Area,E01021964,Rochford 008E,Criminal damage and arson,Investigation complete; no suspect identified,
46ae97ba954b5af439e5edf891f1d98bb18826ebf72297ef92175b3f47d10791,2024-11,Essex Police,Essex Police,0.607934,51.587946,On or near Church Street,E01021964,Rochford 008E,Drugs,Local resolution,
e7fb6f6aaeee8c4aee67496226f592a9ba9102fb7513755d14592256f716d930,2024-11,Essex Police,Essex Police,0.605442,51.587543,On or near Parking Area,E01021964,Rochford 008E,Drugs,Local resolution,
91c367dbc8ffb63b81b6a4b16831d4d2b9f434a8aed163afba8b5ef6277f91ea,2024-11,Essex Police,Essex Police,0.609309,51.590523,On or near Elm Close,E01021964,Rochford 008E,Public order,Status update unavailable,
6ed92bdd690b4ac44df95b4fc55c0e8a10f2c03eeba7585526ad73c047d39fd6,2024-11,Essex Police,Essex Police,0.609309,51.590523,On or near Elm Close,E01021964,Rochford 008E,Public order,Court result unavailable,
691a0c5f5e25c7a495b7d6985c311601f829c0b38eec9fc1e298c7f13df1d8da,2024-11,Essex Police,Essex Police,0.606775,51.587630,On or near Bellingham Lane,E01021964,Rochford 008E,Theft from the person,Investigation complete; no suspect identified,
a123af97fe27e4d865de5d432a1592b9a022ac3fc30406c71c9703d458c0deef,2024-11,Essex Police,Essex Police,0.607934,51.587946,On or near Church Street,E01021964,Rochford 008E,Violence and sexual offences,Unable to prosecute suspect,
56972560562c4bbe3e6f68c2877f443961a50fec3805c2aab90dcfd94467ee6c,2024-11,Essex Police,Essex Police,0.604476,51.587060,On or near The Knoll,E01021964,Rochford 008E,Violence and sexual offences,Court result unavailable,
f8875a582f5e723c41d7abee20e7eacd23add9f8b8e1179350c85dd5757a4a01,2024-11,Essex Police,Essex Police,0.603586,51.589931,On or near Mount Avenue,E01021964,Rochford 008E,Violence and sexual offences,Investigation complete; no suspect identified,
841edf858444ed99af60b09100b240b5abff6348747b8728aac8606dfc209fc9,2024-11,Essex Police,Essex Police,0.607934,51.587946,On or near Church Street,E01021964,Rochford 008E,Violence and sexual offences,Investigation complete; no suspect identified,
595fa2ee13c97acd22fb8971997e4f5ebaf4b9042f92ec6b8ef900f56c0c0c79,2024-11,Essex Police,Essex Police,0.609309,51.590523,On or near Elm Close,E01021964,Rochford 008E,Other crime,Court result unavailable,
29d72b3db4fef0d503ffe66935f335eb0e42a03968512678a1b9c0e5f32bc006,2024-11,Essex Police,Essex Police,0.606364,51.588017,On or near Parking Area,E01021964,Rochford 008E,Other crime,Unable to prosecute suspect,
2241353e5ed8d1eefce63fe13179d716a79f6f397f7cfd66ad85e463f5c6df57,2024-11,Essex Police,Essex Police,0.610940,51.580702,On or near Hardwick Close,E01021966,Rochford 008F,Criminal damage and arson,Investigation complete; no suspect identified,
a091b00bc564663e1d10c078c087e10d792dc4016c0c3deff752403e6a4fada7,2024-11,Essex Police,Essex Police,0.602993,51.584602,On or near High Street,E01021966,Rochford 008F,Public order,Investigation complete; no suspect identified,
a6b766af6ad975a6e75e68f46f433d6f7a5cd28fe0b0412902f0fbee1ba0c6d5,2024-11,Essex Police,Essex Police,0.604450,51.584849,On or near Police Station,E01021966,Rochford 008F,Theft from the person,Investigation complete; no suspect identified,
2cc73f8eaef074ba2e1ac248b2a5fde02eb7622f1638846a9b732f8494e9f5f3,2024-11,Essex Police,Essex Police,0.606075,51.582708,On or near Sykes Mead,E01021966,Rochford 008F,Vehicle crime,Court result unavailable,
a3052a30ee23e84723d47f4fbfa1f7cf6bea70c94ea75ab2d3c9c3f574453111,2024-11,Essex Police,Essex Police,0.613105,51.580195,On or near Dobsons Close,E01021966,Rochford 008F,Vehicle crime,Investigation complete; no suspect identified,
00efc5053f7addb51784179f7c6a4cd5c0086d838d718b765ed3d21947779c01,2024-11,Essex Police,Essex Police,0.606007,51.584544,On or near Shopping Area,E01021966,Rochford 008F,Violence and sexual offences,Unable to prosecute suspect,
12175366d72bcfb23839e9e5d774663a15a0e97e4f5597d438f49e32284c38fb,2024-11,Essex Police,Essex Police,0.604450,51.584849,On or near Police Station,E01021966,Rochford 008F,Violence and sexual offences,Unable to prosecute suspect,
225bcfaa75e7f0ec6dc304c3fc596bf08a532a2fa9095591884743700555dd7b,2024-11,Essex Police,Essex Police,0.604450,51.584849,On or near Police Station,E01021966,Rochford 008F,Violence and sexual offences,Status update unavailable,
cb45936791cb22eef8d2ede700461bb853981420360819263ee5e97e66a1935e,2024-11,Essex Police,Essex Police,0.630278,51.579362,On or near Lancaster Road,E01021946,Rochford 009A,Burglary,Investigation complete; no suspect identified,
dd1cede65ad0615f560626776d5f0405bff5caa1cbd99bbf8f1352aa987fad00,2024-11,Essex Police,Essex Police,0.630278,51.579362,On or near Lancaster Road,E01021946,Rochford 009A,Burglary,Status update unavailable,
8e36b6446ff9017560f35364a81ee75c3b42ca955811be0047b4c3689f4ce6ce,2024-11,Essex Police,Essex Police,0.628524,51.577486,On or near Kennedy Close,E01021946,Rochford 009A,Other theft,Investigation complete; no suspect identified,
81a132e0643502bd19cffd2dea32a234d665b7d516fd2a969bfc8d13dccbe468,2024-11,Essex Police,Essex Police,0.635167,51.574800,On or near Eastwood Road,E01021946,Rochford 009A,Other theft,Investigation complete; no suspect identified,
f03666b8ad5b8d39946a56507ddbb2aac6f5aca91511c301d9e21a3b9bf8161e,2024-11,Essex Police,Essex Police,0.629149,51.583317,On or near Dorothy Farm Road,E01021947,Rochford 009B,Other theft,Investigation complete; no suspect identified,
e1d36f7e24348519f4c5a38cd08b4411cf8352f77559c4831d4393a727a89424,2024-11,Essex Police,Essex Police,0.629920,51.584415,On or near Bramfield Road East,E01021947,Rochford 009B,Possession of weapons,Court result unavailable,
9f96b9cb89e4732ef603969172b8259aa6ae767325eefcf30d685e7ac6d61c57,2024-11,Essex Police,Essex Police,0.629920,51.584415,On or near Bramfield Road East,E01021947,Rochford 009B,Possession of weapons,Court result unavailable,
48a041f25f289f5b492b1ee9c92fb41f7e772abfc17c80e81a1f01e652ec23bf,2024-11,Essex Police,Essex Police,0.629920,51.584415,On or near Bramfield Road East,E01021947,Rochford 009B,Possession of weapons,Court result unavailable,
730f89761d999c6223f9dd44d09b155bd8fe3255dc1c6cac376d9d171459e1a3,2024-11,Essex Police,Essex Police,0.625806,51.578410,On or near Lilian Place,E01021947,Rochford 009B,Public order,Investigation complete; no suspect identified,
6edb8f9489db3832ee888af6ff3d977c0fe216443bbae4bc3a137a387f16d261,2024-11,Essex Police,Essex Police,0.625806,51.578410,On or near Lilian Place,E01021947,Rochford 009B,Violence and sexual offences,Unable to prosecute suspect,
b48c7ed3c0a9832a95134397f6f2399f91e46584767033fd57a53724b6218378,2024-11,Essex Police,Essex Police,0.625806,51.578410,On or near Lilian Place,E01021947,Rochford 009B,Violence and sexual offences,Investigation complete; no suspect identified,
793951832ba8c0cee2d5a7f140e56c70738d0e99aa1cb44c1a22091cf78e7ade,2024-11,Essex Police,Essex Police,0.625806,51.578410,On or near Lilian Place,E01021947,Rochford 009B,Violence and sexual offences,Unable to prosecute suspect,
d45af35c64dc95b5a191dd9d8c0dc6d68d9876f87e4731c7b21fcb71536928bf,2024-11,Essex Police,Essex Police,0.625806,51.578410,On or near Lilian Place,E01021947,Rochford 009B,Violence and sexual offences,Unable to prosecute suspect,
ff6694e34c5152a159a6f0a1dff77f7d82279796959e87102913130762c02149,2024-11,Essex Police,Essex Police,0.622527,51.582386,On or near Lodgelands Close,E01021948,Rochford 009C,Possession of weapons,Unable to prosecute suspect,
58d62247b124611f4f769b4e8dd68a2ab9b6c4b11f49e72fc6ad58b87d5725e3,2024-11,Essex Police,Essex Police,0.627330,51.584069,On or near Shakespeare Avenue,E01021948,Rochford 009C,Vehicle crime,Investigation complete; no suspect identified,
38bd80dbb889bf954093c38f6ca3509c50ecf7642a884cc3e7932e737771c34f,2024-11,Essex Police,Essex Police,0.627330,51.584069,On or near Shakespeare Avenue,E01021948,Rochford 009C,Violence and sexual offences,Unable to prosecute suspect,
9875bfe9eaf6ec41fea8b8f4ec525fe37d1b70aed768b1fa00317aeabda40f64,2024-11,Essex Police,Essex Police,0.622527,51.582386,On or near Lodgelands Close,E01021948,Rochford 009C,Violence and sexual offences,Unable to prosecute suspect,
20267c146f062c6302bdb22b95f459be165d5a4133bfeb1ea81d3d3e31fc48c1,2024-11,Essex Police,Essex Police,0.622527,51.582386,On or near Lodgelands Close,E01021948,Rochford 009C,Violence and sexual offences,Unable to prosecute suspect,
66da3378fc2384749c95c5dd60db7e1871a90df7fa3a868c36c1581c6712f695,2024-11,Essex Police,Essex Police,0.617389,51.582150,On or near Windsor Way,E01021949,Rochford 009D,Drugs,Status update unavailable,
4f9d1c5a2c7351ce8cccfec4231d392e703dac37b785875c12de6fa8d19eec7a,2024-11,Essex Police,Essex Police,0.611362,51.584281,On or near Queens Road,E01021949,Rochford 009D,Other theft,Unable to prosecute suspect,
c4af048f762226ac57d723b5ba03ea0e9d2e6e496cc4641427c6e1aae59b872b,2024-11,Essex Police,Essex Police,0.617389,51.582150,On or near Windsor Way,E01021949,Rochford 009D,Violence and sexual offences,Unable to prosecute suspect,
274bb8d71339a34cc960adcb80c63085234e3157a4e5d9e60834d0f0c404ba4f,2024-11,Essex Police,Essex Police,0.621204,51.579457,On or near Cedar Close,E01021949,Rochford 009D,Violence and sexual offences,Unable to prosecute suspect,
232ab49ffada34b94d1547de11d597baa1f117abea539d4ce3d429604716200f,2024-11,Essex Police,Essex Police,0.615290,51.583555,On or near Trinity Road,E01021949,Rochford 009D,Other crime,Unable to prosecute suspect,
,2024-11,Essex Police,Essex Police,0.619110,51.579189,On or near Eastwood Road,E01021965,Rochford 009E,Anti-social behaviour,,
c6341c5df7c1bdb29d1768d8c9117060c86a32fe4cffb399140f4771ef8c21dd,2024-11,Essex Police,Essex Police,0.600604,51.577919,On or near St Martin'S Close,E01021965,Rochford 009E,Vehicle crime,Investigation complete; no suspect identified,
d22734aa190fc29ff58883b2a75012dd9e6678f0f6d0097abbe0cecaed2edf8f,2024-11,Essex Police,Essex Police,0.605888,51.577928,On or near Totman Crescent,E01021965,Rochford 009E,Vehicle crime,Investigation complete; no suspect identified,
109746868873861e49a6ec90736dabeb9844743f4eb01df8684c7ff62ffb8226,2024-11,Essex Police,Essex Police,0.613167,51.578512,On or near Wyburns Avenue,E01021965,Rochford 009E,Violence and sexual offences,Investigation complete; no suspect identified,
4d561718ef841c53721fbfb9a68da3f579b763ba55f8a9ed44fba826a03f8613,2024-11,Essex Police,Essex Police,0.621656,51.573278,On or near St Michael'S Road,E01021965,Rochford 009E,Violence and sexual offences,Unable to prosecute suspect,
33aa4443d3231768d536c7115e8529d6c0c3a214a57030ba30f406177730c85b,2024-11,Essex Police,Essex Police,0.600604,51.577919,On or near St Martin'S Close,E01021965,Rochford 009E,Violence and sexual offences,Investigation complete; no suspect identified,
,2024-11,Essex Police,Essex Police,0.785721,51.563686,On or near Kimberley Road,E01021917,Rochford 010A,Anti-social behaviour,,
dc204e35ea420bb65690247e46590eccaa4aa9c823961817f366185614dcd8f4,2024-11,Essex Police,Essex Police,0.730705,51.570771,On or near Shopland Road,E01021917,Rochford 010A,Burglary,Court result unavailable,
e1a5b9820efcbe3476b149bb8132291394b69bee587e97cc775576eeeca93cbe,2024-11,Essex Police,Essex Police,0.785721,51.563686,On or near Kimberley Road,E01021917,Rochford 010A,Possession of weapons,Unable to prosecute suspect,
d59e5d12ead053639f4f9d3702984d16f5a285e90694fb77da57a3b02c47b9d5,2024-11,Essex Police,Essex Police,0.730705,51.570771,On or near Shopland Road,E01021917,Rochford 010A,Vehicle crime,Investigation complete; no suspect identified,
695a0f1416c3f21699f80cac6beb79dac25eae3afb42f3e87cbd8e677162e727,2024-11,Essex Police,Essex Police,0.785721,51.563686,On or near Kimberley Road,E01021917,Rochford 010A,Violence and sexual offences,Unable to prosecute suspect,
9cb21bdcdeeeccaa29b6e2f2b2b2d8ceb7e9f338a157da750376cbd4639d1eb9,2024-11,Essex Police,Essex Police,0.785721,51.563686,On or near Kimberley Road,E01021917,Rochford 010A,Violence and sexual offences,Unable to prosecute suspect,
ec174362872b776d029e8d5719e47099a8bd82663d03f0c591763a238ad8338f,2024-11,Essex Police,Essex Police,0.778694,51.573871,On or near Mucking Hall Road,E01021917,Rochford 010A,Violence and sexual offences,Status update unavailable,
2c2921ff98b49786c232f31f800011a3f6210c3886d3b850c57a31ecb1374305,2024-11,Essex Police,Essex Police,0.782041,51.570536,On or near Barling Road,E01021917,Rochford 010A,Violence and sexual offences,Investigation complete; no suspect identified,
ad509e27f2a6305f864ae25e713b1f8c15b13d6ff3e7a262ec1e76add32db1e0,2024-11,Essex Police,Essex Police,0.785721,51.563686,On or near Kimberley Road,E01021917,Rochford 010A,Violence and sexual offences,Court result unavailable,
bf874983b3e43934a0a9917e111180b101777ff1a95a5de332f69d78283f87b2,2024-11,Essex Police,Essex Police,0.782041,51.570536,On or near Barling Road,E01021917,Rochford 010A,Violence and sexual offences,Investigation complete; no suspect identified,
,2024-11,Essex Police,Essex Police,0.808868,51.552935,On or near The Anchorage,E01021921,Rochford 010B,Anti-social behaviour,,
ce468db1e1f1c36d91fd1385a782596f2b574ff95da778ceb80e8478cf1cc2d3,2024-11,Essex Police,Essex Police,0.814123,51.545524,On or near Cupids Chase,E01021921,Rochford 010B,Public order,Unable to prosecute suspect,
41b85abcd68ab8677e40b2361267916e36baeba5e9865229dc10cb417e0bf22c,2024-11,Essex Police,Essex Police,0.805652,51.552724,On or near Red Lion Court,E01021921,Rochford 010B,Public order,Investigation complete; no suspect identified,
ec427d329b59cd7f94961c5145f405d397ab02dd1c793c87a83659466c870616,2024-11,Essex Police,Essex Police,0.805652,51.552724,On or near Red Lion Court,E01021921,Rochford 010B,Public order,Investigation complete; no suspect identified,
273ee911878c10d0613837865dd25e74b93e1e1f0e8414d7d8cd8a1242783a84,2024-11,Essex Police,Essex Police,0.805652,51.552724,On or near Red Lion Court,E01021921,Rochford 010B,Public order,Investigation complete; no suspect identified,
751c9cfd63aa1ec487fe8b1234ea86d96c9f48a453d32611601fd5c322a8173e,2024-11,Essex Police,Essex Police,0.818983,51.551802,On or near Glebe Close,E01021921,Rochford 010B,Vehicle crime,Investigation complete; no suspect identified,
26cb3454be1df8e6cd7dd76e83f3fbf5f669a23fc9c3ddca7dc0ea34121ce65c,2024-11,Essex Police,Essex Police,0.792267,51.554896,On or near Coronation Close,E01021922,Rochford 010C,Burglary,Investigation complete; no suspect identified,
31d2e959813aad661724b6fd18babc7752c079f5e56e183fba0618fd5c9f6d5e,2024-11,Essex Police,Essex Police,0.800140,51.554349,On or near Rushley Close,E01021922,Rochford 010C,Criminal damage and arson,Investigation complete; no suspect identified,
dc2a9d165aac253ec46e2e566543aef534a6a797d9df4410b78e317be0a6de6b,2024-11,Essex Police,Essex Police,0.790306,51.554916,On or near Little Wakering Road,E01021922,Rochford 010C,Violence and sexual offences,Unable to prosecute suspect,
21ba0162a3c2bae2391a9faeedfe54139ac52dc1781d20f9d01d9d0930253006,2024-11,Essex Police,Essex Police,0.810051,51.551764,On or near St John'S Road,E01021923,Rochford 010D,Criminal damage and arson,Investigation complete; no suspect identified,
033c4f96f1e7a9e28f8ca55bbfa15efd2cf4f20b1dee4814e9ba80e4b815df86,2024-11,Essex Police,Essex Police,0.808646,51.553309,On or near Supermarket,E01021923,Rochford 010D,Theft from the person,Investigation complete; no suspect identified,
d573a422351895536ad42c1bca7df3aafa9faeafaee0829797135faad427b2f9,2024-11,Essex Police,Essex Police,0.810051,51.551764,On or near St John'S Road,E01021923,Rochford 010D,Violence and sexual offences,Unable to prosecute suspect,
95a68df0390cde4f7eec13393bd10f33f12f3d29de7b95274d362e819059131c,2024-11,Essex Police,Essex Police,0.810051,51.551764,On or near St John'S Road,E01021923,Rochford 010D,Violence and sexual offences,Unable to prosecute suspect,
55a12dc9ee47958fff4d05fc8105c0238b58c30cf9df50c629d12ed80265a227,2024-11,Essex Police,Essex Police,0.810051,51.551764,On or near St John'S Road,E01021923,Rochford 010D,Other crime,Court result unavailable,
,2024-11,Essex Police,Essex Police,0.795992,51.552820,On or near Exhibition Lane,E01021924,Rochford 010E,Anti-social behaviour,,
125603bf03e46bac07ffb1c5d1f24323834c3adbcd4d0bd35372aa8ee55e8e66,2024-11,Essex Police,Essex Police,0.775853,51.552597,On or near Southend Road,E01021924,Rochford 010E,Burglary,Investigation complete; no suspect identified,
f8de8d252e5f606c36c9b924b023bcca9210a6fc0b70e214bc69b6aa5b2148cf,2024-11,Essex Police,Essex Police,0.803106,51.552371,On or near Crouchmans Avenue,E01021924,Rochford 010E,Criminal damage and arson,Offender given a caution,
9eaf4b9191c7c5e5c2727a154123a492f3b7f1c3460487eced76f0d7088cf914,2024-11,Essex Police,Essex Police,0.798412,51.553706,On or near Brougham Close,E01021924,Rochford 010E,Criminal damage and arson,Unable to prosecute suspect,
5ad2a8eb20f4de4ec0c4020133c7f40adcbe79f66b993947fd477c164a890307,2024-11,Essex Police,Essex Police,0.803106,51.552371,On or near Crouchmans Avenue,E01021924,Rochford 010E,Criminal damage and arson,Offender given a caution,
97fafc37092a9e00eec6b5b346184d0de1e3ee56041664eaeace0fe2f565cb44,2024-11,Essex Police,Essex Police,0.798412,51.553706,On or near Brougham Close,E01021924,Rochford 010E,Drugs,Court result unavailable,
eb86fd8b0c7b31c4eb2e79c26183ee61308f2e9f55b09fb93f92af889e384de0,2024-11,Essex Police,Essex Police,0.795992,51.552820,On or near Exhibition Lane,E01021924,Rochford 010E,Possession of weapons,Offender given a caution,
428d3d9ab90235cbff1b440ded8a80816ebb36a4e8c66564addf7afbab03beca,2024-11,Essex Police,Essex Police,0.795992,51.552820,On or near Exhibition Lane,E01021924,Rochford 010E,Public order,Unable to prosecute suspect,
20daf728b7483a9895f895bf866232cd9538483cbfa1030442f77e167046a614,2024-11,Essex Police,Essex Police,0.791988,51.551989,On or near Shallows Avenue,E01021924,Rochford 010E,Vehicle crime,Investigation complete; no suspect identified,
e8f7ba98f6d01f1867f3637e37cce7a35c748035eec30a8ef85fde758a5de2a9,2024-11,Essex Police,Essex Police,0.791988,51.551989,On or near Shallows Avenue,E01021924,Rochford 010E,Vehicle crime,Investigation complete; no suspect identified,
4d47845a14629116f73d04abcfa2cf28b410851f358c805b63bed6f4eb950eb9,2024-11,Essex Police,Essex Police,0.791988,51.551989,On or near Shallows Avenue,E01021924,Rochford 010E,Violence and sexual offences,Unable to prosecute suspect,
edcea31243250e523069801dbe8a5d3bf53e6c2f536a860568ba26ccab8fba3d,2024-11,Essex Police,Essex Police,0.803106,51.552371,On or near Crouchmans Avenue,E01021924,Rochford 010E,Violence and sexual offences,Unable to prosecute suspect,
a726e529b1dbbd2cca49941f8ff70d68a143d07a5e765c39e2798cc6aba2d481,2024-11,Essex Police,Essex Police,0.791988,51.551989,On or near Shallows Avenue,E01021924,Rochford 010E,Violence and sexual offences,Unable to prosecute suspect,
c5e35ae0ae17a9bd369b8dc4b3cc8cf41b7e0f3427a75814eceb240bcaab9760,2024-11,Essex Police,Essex Police,0.799897,51.553212,On or near High Street,E01021924,Rochford 010E,Violence and sexual offences,Unable to prosecute suspect,
736eb99da74b897ef5b01d8d3f94999c6e0131118326a03070b493e89d0848b1,2024-11,Essex Police,Essex Police,0.798412,51.553706,On or near Brougham Close,E01021924,Rochford 010E,Violence and sexual offences,Unable to prosecute suspect,
d6ece7614062cf8886c773ae384d2c7fb262f7cf2b45b0a609b3a9b65e82685f,2024-11,Essex Police,Essex Police,0.798412,51.553706,On or near Brougham Close,E01021924,Rochford 010E,Violence and sexual offences,Unable to prosecute suspect,
2c0215fa7ce5bf41d4966e37182e776609fc5c6bf120e5420347c3a749f2287f,2024-11,Essex Police,Essex Police,0.791988,51.551989,On or near Shallows Avenue,E01021924,Rochford 010E,Violence and sexual offences,Unable to prosecute suspect,
9dd082a6f43f520d414a13da93d5fdd6cc7226703b8dad09ab407586553c7647,2024-11,Essex Police,Essex Police,0.791988,51.551989,On or near Shallows Avenue,E01021924,Rochford 010E,Violence and sexual offences,Unable to prosecute suspect,
b75a833ad6338465c26220f56cfb96e4d768fd326450e67b0db3548cf2c1d81a,2024-11,Essex Police,Essex Police,0.803106,51.552371,On or near Crouchmans Avenue,E01021924,Rochford 010E,Violence and sexual offences,Unable to prosecute suspect,
e2d6cc952610e40cb2f9cb3a83bdf6e17e2c3f2bbfad6963efdc65be08a4f2b2,2024-11,Essex Police,Essex Police,0.791988,51.551989,On or near Shallows Avenue,E01021924,Rochford 010E,Violence and sexual offences,Unable to prosecute suspect,
19037bd409e26b915a7eea06ed27bede742cb9be0e2ea01bc4e83be84bfc96be,2024-11,Essex Police,Essex Police,0.661746,51.609239,On or near Cherry Close,E01021940,Rochford 011A,Other theft,Investigation complete; no suspect identified,
ac92bc5e9cffcc8dc859dd56505617f7717b3d7f73f463fca1cbc0f5d2a4659e,2024-11,Essex Police,Essex Police,0.661421,51.609858,On or near Orchard Avenue,E01021940,Rochford 011A,Public order,Offender given a caution,
4969b9a78e8abc01f3ee9927390cab3674cf4af979929056a75cdd725dfb36ff,2024-11,Essex Police,Essex Police,0.665044,51.606862,On or near Hampstead Gardens,E01021940,Rochford 011A,Violence and sexual offences,Action to be taken by another organisation,
01ee23841ece65f37ffc01229f67d3ffd39b0817eed92848680e13f3b79ac53f,2024-11,Essex Police,Essex Police,0.640290,51.600928,On or near Alderman'S Hill,E01021941,Rochford 011C,Vehicle crime,Unable to prosecute suspect,
d3869bb709b451f4948af34e741fd398d250c9048ac72f4baa95efb2fd765e99,2024-11,Essex Police,Essex Police,0.640290,51.600928,On or near Alderman'S Hill,E01021941,Rochford 011C,Vehicle crime,Investigation complete; no suspect identified,
9207c1eb5404183a513f41a151d0da943879e01c70fe2b30968bfa05ba305003,2024-11,Essex Police,Essex Police,0.670073,51.606172,On or near Mapleleaf Close,E01021939,Rochford 011D,Criminal damage and arson,Unable to prosecute suspect,
7d4e2c9e25eb8523a99a6a8ffce240fc9d1e0aa373691e830949392e55094706,2024-11,Essex Police,Essex Police,0.670073,51.606172,On or near Mapleleaf Close,E01021939,Rochford 011D,Robbery,Unable to prosecute suspect,
d850d687c3695798279da400352d005afaa70618dd2d598d88a5847188a56811,2024-11,Essex Police,Essex Police,0.662505,51.603457,On or near Broad Close,E01021939,Rochford 011D,Vehicle crime,Investigation complete; no suspect identified,
eabb362858269122661a1af8d376b1730e4e3f96734359ea6b4c0ae4ab15c42d,2024-11,Essex Police,Essex Police,0.666239,51.603840,On or near Brinkworth Close,E01021939,Rochford 011D,Vehicle crime,Investigation complete; no suspect identified,
1b6b74b20cad94eb6b007ea5bb3c72d636b5b7c3037ed1b73f422aa1ee403778,2024-11,Essex Police,Essex Police,0.670073,51.606172,On or near Mapleleaf Close,E01021939,Rochford 011D,Violence and sexual offences,Unable to prosecute suspect,
21f40e0af509fb69d6beb03bf2c614adff0952ff59bfd60a9084827cab72ac9c,2024-11,Essex Police,Essex Police,0.670073,51.606172,On or near Mapleleaf Close,E01021939,Rochford 011D,Violence and sexual offences,Investigation complete; no suspect identified,
9b55124f165f936a40913190caa6f55c90abcafde4439b891223d8f736562f82,2024-11,Essex Police,Essex Police,0.649714,51.605024,On or near Caernarvon Close,E01021937,Rochford 012A,Public order,Unable to prosecute suspect,
ea0e8387fc3d5af78c9c2d3cd951c0ec1b367e7d55491b7a661367d142e92b76,2024-11,Essex Police,Essex Police,0.648880,51.605097,On or near Westminster Drive,E01021937,Rochford 012A,Violence and sexual offences,Unable to prosecute suspect,
,2024-11,Essex Police,Essex Police,0.654248,51.601800,On or near Bramerton Road,E01021936,Rochford 012B,Anti-social behaviour,,
3aa038b8e014627f6fa757081ee3d860030ab0f6881fb57af0766c1b9631c426,2024-11,Essex Police,Essex Police,0.658572,51.603133,On or near Station Approach,E01021936,Rochford 012B,Criminal damage and arson,Investigation complete; no suspect identified,
078a5778dfac0ddf9663dc24e19e0c520a068c95b3e5d28c4698a99f47ee2983,2024-11,Essex Police,Essex Police,0.659294,51.599168,On or near Southend Road,E01021936,Rochford 012B,Criminal damage and arson,Investigation complete; no suspect identified,
769f4a91fad472618f3eab91e073fdc189260dd90a01ab7db20385b7eda5bea4,2024-11,Essex Police,Essex Police,0.654248,51.601800,On or near Bramerton Road,E01021936,Rochford 012B,Drugs,Local resolution,
151c418046cc0ff8c8f78960ce0be2ebbbf92ee51a27af5f1e064de02d1df09c,2024-11,Essex Police,Essex Police,0.654248,51.601800,On or near Bramerton Road,E01021936,Rochford 012B,Shoplifting,Investigation complete; no suspect identified,
f064383faa234188dacabfd8a2263813295781bd2ec8e185d48a3a728529a5d6,2024-11,Essex Police,Essex Police,0.657471,51.599110,On or near Hillcrest Road,E01021936,Rochford 012B,Violence and sexual offences,Unable to prosecute suspect,
32a344ba73b64125ad42470b88a7318ca1f2cd6a375ef0ad25b2b5ee211645cd,2024-11,Essex Police,Essex Police,0.653128,51.603894,On or near Althorpe Close,E01021936,Rochford 012B,Violence and sexual offences,Investigation complete; no suspect identified,
832c824256c578fb0955f89ec0b3a77f9fc470ebdbf646e6b41b3fff8af2debf,2024-11,Essex Police,Essex Police,0.657313,51.598386,On or near Hockley Rise,E01021935,Rochford 012C,Violence and sexual offences,Local resolution,
,2024-11,Essex Police,Essex Police,0.672074,51.595478,On or near Parking Area,E01021934,Rochford 012D,Anti-social behaviour,,
a0e90fc32021a7e179c2bc660eac623a5186b238c17304f9524482567221d628,2024-11,Essex Police,Essex Police,0.667778,51.601026,On or near Glencrofts,E01021934,Rochford 012D,Other theft,Investigation complete; no suspect identified,
b2bc7ba1bfb53126d1597797bb4eb5ec82becabb71131a1e9f54ff297038e8ad,2024-11,Essex Police,Essex Police,0.669317,51.602151,On or near White Hart Lane,E01021934,Rochford 012D,Vehicle crime,Investigation complete; no suspect identified,
467aef95a6d377913481e94d01ce9db44452730cfc0822430e2b72da8dc199d7,2024-11,Essex Police,Essex Police,0.676294,51.594060,On or near Englefield Close,E01021934,Rochford 012D,Violence and sexual offences,Investigation complete; no suspect identified,
b417d498a0829a10821a2e289b5157b8178258012725bd67331807e5bb47341a,2024-11,Essex Police,Essex Police,0.674159,51.592382,On or near Rectory Road,E01021934,Rochford 012D,Violence and sexual offences,Unable to prosecute suspect,
9be172dc75f711bd52cfd5e853eb2df1b91a0c2d745aca01598f8e443a50ac6b,2024-11,Essex Police,Essex Police,0.676294,51.594060,On or near Englefield Close,E01021934,Rochford 012D,Violence and sexual offences,Investigation complete; no suspect identified,
83ecf0d81c32217cd15d69d5df674dc335b5bd36c8e30ac7eb03f1731d651008,2024-11,Essex Police,Essex Police,0.667978,51.596066,On or near Briar Close,E01021933,Rochford 012E,Criminal damage and arson,Unable to prosecute suspect,
2a378f9b59eb0136b1ab8d5a29f90283dd8f54b9a6e0c995f8a4564cc25af9fb,2024-11,Essex Police,Essex Police,0.663323,51.568580,On or near Benvenue Avenue,E01015833,Southend-on-Sea 001A,Public order,Unable to prosecute suspect,
981309bd7bc3c3f8bb8b85fee31ae7a71e68e064243342f8b8777a5e7e15e89e,2024-11,Essex Police,Essex Police,0.661121,51.569673,On or near Fairfield Gardens,E01015833,Southend-on-Sea 001A,Violence and sexual offences,Unable to prosecute suspect,
071b4c7a1d76d550c2b049835969b83bdd67e949b84e66372a50e312e5b15288,2024-11,Essex Police,Essex Police,0.644835,51.570041,On or near Brunel Road,E01015834,Southend-on-Sea 001B,Shoplifting,Court result unavailable,
88c6d0c2e9e15a0bc2a5530cc8138de4adfca583cda7621e9eddcbeea629d132,2024-11,Essex Police,Essex Police,0.647219,51.570086,On or near Petrol Station,E01015834,Southend-on-Sea 001B,Shoplifting,Investigation complete; no suspect identified,
3ede9112500e112d9ca37934e7cb8c99b8afe67fbc9df1578aa4e0560e8e8467,2024-11,Essex Police,Essex Police,0.643752,51.567044,On or near Stephenson Road,E01015834,Southend-on-Sea 001B,Violence and sexual offences,Unable to prosecute suspect,
e3b96f0abac24bd7bb216ee78d73dce5c27ebe5593ade2228e24c4a6ba85b3f3,2024-11,Essex Police,Essex Police,0.654275,51.568578,On or near Steeplefield,E01015834,Southend-on-Sea 001B,Violence and sexual offences,Action to be taken by another organisation,
2b8bd60f222afdbc9ef3b1374b88544d680e16f117d675df3fb8946f6add54bc,2024-11,Essex Police,Essex Police,0.650135,51.566126,On or near The Crest,E01015834,Southend-on-Sea 001B,Violence and sexual offences,Unable to prosecute suspect,
98d558d6f7f58a11bdda4687f4e8867bf91f48401ea402f5067e52525194359a,2024-11,Essex Police,Essex Police,0.643752,51.567044,On or near Stephenson Road,E01015834,Southend-on-Sea 001B,Violence and sexual offences,Formal action is not in the public interest,
a821cdb22d09f9341ff53a3af8e8d2f456debcffc2c992c4da92687d28817d3f,2024-11,Essex Police,Essex Police,0.661145,51.565634,On or near Brooklands Avenue,E01015835,Southend-on-Sea 001C,Bicycle theft,Investigation complete; no suspect identified,
d0f4a5d2bebe1ca7cffabe1b4e058811e2b10c11b896de8dda289abe93c38c0c,2024-11,Essex Police,Essex Police,0.661145,51.565634,On or near Brooklands Avenue,E01015835,Southend-on-Sea 001C,Bicycle theft,Unable to prosecute suspect,
d715c533f5ca0beb130c429035db293bd25f352ae320c54a33fbde2b5b47df9c,2024-11,Essex Police,Essex Police,0.664784,51.563204,On or near Parking Area,E01015835,Southend-on-Sea 001C,Other theft,Investigation complete; no suspect identified,
cfd04f5958c5d7e2d7480ce438951c2284bbd05c90eee9170d851b8fdc9614d1,2024-11,Essex Police,Essex Police,0.664784,51.563204,On or near Parking Area,E01015835,Southend-on-Sea 001C,Public order,Unable to prosecute suspect,
6e7ae9c0ecf3f531734f61c7a719cfff7256d82fdc62d8069fbd515f8063b9bb,2024-11,Essex Police,Essex Police,0.664784,51.563204,On or near Parking Area,E01015835,Southend-on-Sea 001C,Shoplifting,Unable to prosecute suspect,
e413ccfa0160d192c7782b26d4febb38a4095c376d211ba959eccb36ac4cbbf7,2024-11,Essex Police,Essex Police,0.664784,51.563204,On or near Parking Area,E01015835,Southend-on-Sea 001C,Vehicle crime,Investigation complete; no suspect identified,
6c5f50d14049e227715daad93b9609db5b66e6be0ee846583702998e71c0762c,2024-11,Essex Police,Essex Police,0.652479,51.564257,On or near Southernhay,E01015835,Southend-on-Sea 001C,Violence and sexual offences,Unable to prosecute suspect,
ccdbcab7ceac8dd85794a03a7395e991fd3795bd72ff491d1abaf39673d19503,2024-11,Essex Police,Essex Police,0.655444,51.566357,On or near Mansel Close,E01015835,Southend-on-Sea 001C,Violence and sexual offences,Unable to prosecute suspect,
25c05bc39efb44e252ad771730e494f7e9dfffbb4381f1c2ccd1f394ee0feb8a,2024-11,Essex Police,Essex Police,0.656922,51.563490,On or near Airborne Close,E01015835,Southend-on-Sea 001C,Violence and sexual offences,Unable to prosecute suspect,
6ced22bdd0feb8489ca5743f0231d71eedead7cc46e58b64f0535498d30926d6,2024-11,Essex Police,Essex Police,0.648774,51.570276,On or near Rodings Close,E01015835,Southend-on-Sea 001C,Violence and sexual offences,Unable to prosecute suspect,
db2237bcdc273d7d144deccca6592909dba1376bbfdebb31ea22e7466456ca9a,2024-11,Essex Police,Essex Police,0.655483,51.568020,On or near Lambeth Road,E01015835,Southend-on-Sea 001C,Violence and sexual offences,Action to be taken by another organisation,
f385f1a24730bcf183ade3fc111178268eb7908671ecd4b2bc9b3a430643a15c,2024-11,Essex Police,Essex Police,0.658578,51.564415,On or near Priory Wood Crescent,E01015835,Southend-on-Sea 001C,Other crime,Investigation complete; no suspect identified,
66c975fb92d56eae592519439c75dd166175fedf6fa5f6305a1619dc08378a6e,2024-11,Essex Police,Essex Police,0.637946,51.574693,On or near Boundary Road,E01015836,Southend-on-Sea 001D,Criminal damage and arson,Investigation complete; no suspect identified,
564b810593098934918ae86771ddf5452c40fb8834ba76fbc358973e00027b37,2024-11,Essex Police,Essex Police,0.645110,51.572535,On or near Bosworth Road,E01015836,Southend-on-Sea 001D,Vehicle crime,Investigation complete; no suspect identified,
e7362679ccef99275f602cd7005c3966b36093220a4f141394d3caaf9f8882d4,2024-11,Essex Police,Essex Police,0.641482,51.575432,On or near Gravel Road,E01015836,Southend-on-Sea 001D,Violence and sexual offences,Status update unavailable,
5f973bb0aec25712170b24b5c617b755d80e7e41fee5b22e4bb3567159848097,2024-11,Essex Police,Essex Police,0.641482,51.575432,On or near Gravel Road,E01015836,Southend-on-Sea 001D,Violence and sexual offences,Status update unavailable,
8a1621032585e907afed5d8d6094101adf73887b8cfe777a1963e69784e80d0e,2024-11,Essex Police,Essex Police,0.644491,51.573305,On or near Tudor Road,E01015836,Southend-on-Sea 001D,Violence and sexual offences,Unable to prosecute suspect,
,2024-11,Essex Police,Essex Police,0.639511,51.568821,On or near Cornec Chase,E01015837,Southend-on-Sea 001E,Anti-social behaviour,,
,2024-11,Essex Police,Essex Police,0.639511,51.568821,On or near Cornec Chase,E01015837,Southend-on-Sea 001E,Anti-social behaviour,,
,2024-11,Essex Police,Essex Police,0.637206,51.571382,On or near Bramble Road,E01015837,Southend-on-Sea 001E,Anti-social behaviour,,
d4acf44fe71222d4d49686728b867890ab53380bd1bece8ec2cb3c5bf15b336a,2024-11,Essex Police,Essex Police,0.642693,51.568192,On or near Rutherford Close,E01015837,Southend-on-Sea 001E,Burglary,Unable to prosecute suspect,
a05a29dc90695e9482455e80903cbfff092e955dabe2f86a39eec0b2cf7ebe9c,2024-11,Essex Police,Essex Police,0.639347,51.572381,On or near Petrol Station,E01015837,Southend-on-Sea 001E,Possession of weapons,Local resolution,
1232a8eec71f2e8c0dd610deb021bd83e7948a0eda8db24dcd851147619770b9,2024-11,Essex Police,Essex Police,0.643130,51.568506,On or near Progress Road,E01015837,Southend-on-Sea 001E,Public order,Unable to prosecute suspect,
42db650cdca02a813a731561fbd21564c063ce88756dbb1706c748936686fc27,2024-11,Essex Police,Essex Police,0.635391,51.571441,On or near Grovewood Avenue,E01015837,Southend-on-Sea 001E,Vehicle crime,Investigation complete; no suspect identified,
a46f57dec3eb9005c499a0d03d0443541cf85f32d430db585e8f94fad344df4f,2024-11,Essex Police,Essex Police,0.676333,51.568940,On or near Lundy Close,E01015863,Southend-on-Sea 002A,Drugs,Local resolution,
81bee6dde4c6d2df31dd2501422a7f9d91e4676e0d7a977d61afe45cea114fe1,2024-11,Essex Police,Essex Police,0.676333,51.568940,On or near Lundy Close,E01015863,Southend-on-Sea 002A,Drugs,Formal action is not in the public interest,
e999ca0811f9064c1e96db69790f2946e7da329963ad1a8da61f2f824f5f033a,2024-11,Essex Police,Essex Police,0.672437,51.570675,On or near Old Mead,E01015863,Southend-on-Sea 002A,Other theft,Unable to prosecute suspect,
033af76756e814b09742d98e16fbaf1f82e4945831fd5fe2577480177f8d1495,2024-11,Essex Police,Essex Police,0.669830,51.569538,On or near Young Close,E01015863,Southend-on-Sea 002A,Public order,Investigation complete; no suspect identified,
830d0dccc3ddd186b81ad3172ce9678b4fde593968c03561d1ba828b1197b7f5,2024-11,Essex Police,Essex Police,0.671283,51.570926,On or near Supermarket,E01015863,Southend-on-Sea 002A,Shoplifting,Investigation complete; no suspect identified,
46f6b605df0b888248d72e125788c69ab47d359983735c33ae8a7b0e9b082e81,2024-11,Essex Police,Essex Police,0.671283,51.570926,On or near Supermarket,E01015863,Southend-on-Sea 002A,Shoplifting,Investigation complete; no suspect identified,
9ce2edc0e46c385a0be4dd283050c244ac41149f0fca1d24707c63741a8e1b41,2024-11,Essex Police,Essex Police,0.671283,51.570926,On or near Supermarket,E01015863,Southend-on-Sea 002A,Shoplifting,Investigation complete; no suspect identified,
f2e894e3f9bc2e11c1ed4dbb9ff0179acb1b632dcfb71b9784f164c0b425bee0,2024-11,Essex Police,Essex Police,0.671283,51.570926,On or near Supermarket,E01015863,Southend-on-Sea 002A,Shoplifting,Investigation complete; no suspect identified,
7359c549dfac4b113054c7fbe5d07a86cf5f4b7cce98b0f8d84b13fd5a5149d0,2024-11,Essex Police,Essex Police,0.671283,51.570926,On or near Supermarket,E01015863,Southend-on-Sea 002A,Shoplifting,Investigation complete; no suspect identified,
225972d89eb4e5bc655130ad339411189837b3c8dbf85dc478e2c0ba0cd23b97,2024-11,Essex Police,Essex Police,0.671283,51.570926,On or near Supermarket,E01015863,Southend-on-Sea 002A,Shoplifting,Investigation complete; no suspect identified,
136c3d8326053bafdcc32da17ea53025ad01b3856170bae45a8014ab052eaee1,2024-11,Essex Police,Essex Police,0.671283,51.570926,On or near Supermarket,E01015863,Southend-on-Sea 002A,Shoplifting,Investigation complete; no suspect identified,
dc6550ec693d8f68be89c8290da5f91db94b43aff86a6e48c2dfe2fa8aea308b,2024-11,Essex Police,Essex Police,0.671283,51.570926,On or near Supermarket,E01015863,Southend-on-Sea 002A,Shoplifting,Investigation complete; no suspect identified,
0898b7ed8890905748ad1565f275805bc194158399bfef9daf3be4315ed55fdb,2024-11,Essex Police,Essex Police,0.671283,51.570926,On or near Supermarket,E01015863,Southend-on-Sea 002A,Shoplifting,Investigation complete; no suspect identified,
b82f1cfc9ec9728e2593c3e7195f387d59548c10ee50d250cd73ccab5c417663,2024-11,Essex Police,Essex Police,0.671283,51.570926,On or near Supermarket,E01015863,Southend-on-Sea 002A,Shoplifting,Investigation complete; no suspect identified,
87e9f84864746e56efe561dc129d853b8e01ca1758abaf6b2d1bbcaf7b739673,2024-11,Essex Police,Essex Police,0.671283,51.570926,On or near Supermarket,E01015863,Southend-on-Sea 002A,Shoplifting,Investigation complete; no suspect identified,
c9f42289b106cdbffdfb983ea0decc40c53010e61f1740d42f2f6ac96e6da2b1,2024-11,Essex Police,Essex Police,0.671283,51.570926,On or near Supermarket,E01015863,Southend-on-Sea 002A,Shoplifting,Investigation complete; no suspect identified,
6549d8d3307e6e508494e9b2aff28cbac149593883f1bab2f7db625e7fadf628,2024-11,Essex Police,Essex Police,0.671283,51.570926,On or near Supermarket,E01015863,Southend-on-Sea 002A,Shoplifting,Investigation complete; no suspect identified,
172dcb317bdb757cefa03855ad0e6b215d0a90519a6eb5138896afc356705fcf,2024-11,Essex Police,Essex Police,0.671283,51.570926,On or near Supermarket,E01015863,Southend-on-Sea 002A,Shoplifting,Investigation complete; no suspect identified,
009d3e55b935ed86da0d7d1db14f92e6b344253514e37975f7fdf8e68391d1dc,2024-11,Essex Police,Essex Police,0.671283,51.570926,On or near Supermarket,E01015863,Southend-on-Sea 002A,Shoplifting,Investigation complete; no suspect identified,
454b8e1bad44790c0f7fd10b20d3e14a88a94e162d0ceec3e00e6ddf0864391e,2024-11,Essex Police,Essex Police,0.671283,51.570926,On or near Supermarket,E01015863,Southend-on-Sea 002A,Shoplifting,Investigation complete; no suspect identified,
5f2979d5f6d9bfc2025a55386ff3b3660404479c569a8205636197cc00e0a985,2024-11,Essex Police,Essex Police,0.671283,51.570926,On or near Supermarket,E01015863,Southend-on-Sea 002A,Shoplifting,Investigation complete; no suspect identified,
e7d74bf0727450b53e6476b3c54de9f02e8b74c901557b1ac63e289bfa939ee2,2024-11,Essex Police,Essex Police,0.671283,51.570926,On or near Supermarket,E01015863,Southend-on-Sea 002A,Shoplifting,Investigation complete; no suspect identified,
d6cc153f0c5e48b49f6b67302f2691c076eb6ba810116be0e097ce56e926efad,2024-11,Essex Police,Essex Police,0.671283,51.570926,On or near Supermarket,E01015863,Southend-on-Sea 002A,Shoplifting,Investigation complete; no suspect identified,
4389ff74b57e380b266ebcefaa088539d2da9b86d77a88657833b045562b9976,2024-11,Essex Police,Essex Police,0.671283,51.570926,On or near Supermarket,E01015863,Southend-on-Sea 002A,Shoplifting,Investigation complete; no suspect identified,
1785fb739cc3cd003ca212a81f4e902554a3568c0c84400cabfd0164f1b587c3,2024-11,Essex Police,Essex Police,0.671283,51.570926,On or near Supermarket,E01015863,Southend-on-Sea 002A,Shoplifting,Investigation complete; no suspect identified,
07b2b501bdb4ea731d9703904f2750114ff60d435179b328989a095c84788f3c,2024-11,Essex Police,Essex Police,0.671283,51.570926,On or near Supermarket,E01015863,Southend-on-Sea 002A,Shoplifting,Investigation complete; no suspect identified,
b3a9e02a0102d157642be24003d0f333c30e499672d07b397a179de1e1e66596,2024-11,Essex Police,Essex Police,0.674714,51.570380,On or near Western Approaches,E01015863,Southend-on-Sea 002A,Violence and sexual offences,Unable to prosecute suspect,
5e095e97bbb11b7b6627009625ec73547d4bce49e219ca64daa6a418d63c78e1,2024-11,Essex Police,Essex Police,0.674714,51.570380,On or near Western Approaches,E01015863,Southend-on-Sea 002A,Violence and sexual offences,Unable to prosecute suspect,
813ce48e64170c22de3ddfabec0191839d03edde0954815b476e09561856090d,2024-11,Essex Police,Essex Police,0.675086,51.566882,On or near Mayflower Close,E01015863,Southend-on-Sea 002A,Violence and sexual offences,Unable to prosecute suspect,
97dc4e784be02cc274c2d96ef26ad1a3fc2fcdb189ef59c564989368b80eb980,2024-11,Essex Police,Essex Police,0.671071,51.565597,On or near Parking Area,E01015863,Southend-on-Sea 002A,Violence and sexual offences,Unable to prosecute suspect,
94ad11bb0ce0048f2e526ac3d2ec6aa49be868793896fc00b16b1198821fd880,2024-11,Essex Police,Essex Police,0.669830,51.569538,On or near Young Close,E01015863,Southend-on-Sea 002A,Violence and sexual offences,Unable to prosecute suspect,
b957604763d79991f09118c345c95ad9d8ec2a5f0bb8c65c609ce0951e9156ee,2024-11,Essex Police,Essex Police,0.676333,51.568940,On or near Lundy Close,E01015863,Southend-on-Sea 002A,Other crime,Investigation complete; no suspect identified,
,2024-11,Essex Police,Essex Police,0.667371,51.564261,On or near Kent Elms Close,E01015864,Southend-on-Sea 002B,Anti-social behaviour,,
4c3ca316a14d73dbb1995c8c0b25f502658b88d73df33bd230bf4aeab11a7faf,2024-11,Essex Police,Essex Police,0.672448,51.564217,On or near Bideford Close,E01015864,Southend-on-Sea 002B,Public order,Unable to prosecute suspect,
f1b95bc492f96c6ec301231c0853086c02a2b5383bad4f08f7f9afa85fe84467,2024-11,Essex Police,Essex Police,0.669611,51.568751,On or near Stafford Close,E01015864,Southend-on-Sea 002B,Violence and sexual offences,Investigation complete; no suspect identified,
887d879df53bd5e0902f56709e48bdb234fb0e154297dee5153d6d26dd9e35ae,2024-11,Essex Police,Essex Police,0.667371,51.564261,On or near Kent Elms Close,E01015864,Southend-on-Sea 002B,Violence and sexual offences,Investigation complete; no suspect identified,
72c63972d89ba53f3d92a4620bc17c1f429bec81305b7976e1e563a069e18702,2024-11,Essex Police,Essex Police,0.676147,51.565870,On or near Sports/Recreation Area,E01015865,Southend-on-Sea 002C,Robbery,Investigation complete; no suspect identified,
d998aa135e252d0bb501a383ae34b19c734ccde2cd343947de6957f51378b6a1,2024-11,Essex Police,Essex Police,0.696350,51.562851,On or near Supermarket,E01015865,Southend-on-Sea 002C,Shoplifting,Local resolution,
c6b4afd58a08b20761ed083ece837c869174de42b84afcd594f83cacb941f9b8,2024-11,Essex Police,Essex Police,0.679571,51.564126,On or near Nestuda Way,E01015865,Southend-on-Sea 002C,Vehicle crime,Investigation complete; no suspect identified,
27d9a6b51a3e65710191ab6c47a4697a283c418195b4ace784749f42deace8f6,2024-11,Essex Police,Essex Police,0.679571,51.564126,On or near Nestuda Way,E01015865,Southend-on-Sea 002C,Vehicle crime,Investigation complete; no suspect identified,
d037aa8f818c7f725922c31f2e941a3696b02e6beb1cac74aaed5cbf44ec1478,2024-11,Essex Police,Essex Police,0.690644,51.566652,On or near Avro Road,E01015865,Southend-on-Sea 002C,Violence and sexual offences,Unable to prosecute suspect,
ef59498a3d893c4834827e0811588fba107df2e1b7ffb373997ad51e87c20f77,2024-11,Essex Police,Essex Police,0.696350,51.562851,On or near Supermarket,E01015865,Southend-on-Sea 002C,Violence and sexual offences,Action to be taken by another organisation,
c9c5d32ff6c8d21364f6ed7406bca01ff6ba593922d44a61b04d5bad8c5000a0,2024-11,Essex Police,Essex Police,0.696350,51.562851,On or near Supermarket,E01015865,Southend-on-Sea 002C,Violence and sexual offences,Unable to prosecute suspect,
237ad73735128b07929c307b028357d8bf1f414750d9777a424ea3695adaf78a,2024-11,Essex Police,Essex Police,0.690644,51.566652,On or near Avro Road,E01015865,Southend-on-Sea 002C,Violence and sexual offences,Formal action is not in the public interest,
11406f36a37e74bf119737f5f1ffdab9cdadc59749c99bf422f0d93a7848dd80,2024-11,Essex Police,Essex Police,0.694694,51.566334,On or near Vickers Road,E01015865,Southend-on-Sea 002C,Violence and sexual offences,Unable to prosecute suspect,
de84eb7e4d2caede6a597aaced36e7bd36ba511c431eccc9a13177b5cf652a3b,2024-11,Essex Police,Essex Police,0.704764,51.558512,On or near Britannia Close,E01015866,Southend-on-Sea 002D,Burglary,Investigation complete; no suspect identified,
d0a980debc3c779b024cb03a04bc57134f44dfad332bf43110a982da2e27654a,2024-11,Essex Police,Essex Police,0.705818,51.557300,On or near Gannet Close,E01015866,Southend-on-Sea 002D,Shoplifting,Unable to prosecute suspect,
4c92ca571e167333ad284bb43aa58234fc27851d49ef56948efad1aacca29946,2024-11,Essex Police,Essex Police,0.702961,51.561926,On or near Manners Way,E01015866,Southend-on-Sea 002D,Vehicle crime,Status update unavailable,
8ec9c554a42e1dbc569e4892b1ab5b8c17973b524cb8bf86ff0f1c4f76ce9577,2024-11,Essex Police,Essex Police,0.700096,51.562037,On or near Oaken Grange Drive,E01015866,Southend-on-Sea 002D,Vehicle crime,Investigation complete; no suspect identified,
bf7e16b4db83f933dc45b49b48cbc6ff5bb22c5ef0536f3c3a24ff67c2d40e1f,2024-11,Essex Police,Essex Police,0.698174,51.561011,On or near Keith Way,E01015866,Southend-on-Sea 002D,Violence and sexual offences,Unable to prosecute suspect,
066627b23ba45e63a00201f87ca03a6584b6bf43e541dca590ae0069a7054fd4,2024-11,Essex Police,Essex Police,0.706093,51.558292,On or near Cole Avenue,E01015866,Southend-on-Sea 002D,Violence and sexual offences,Unable to prosecute suspect,
,2024-11,Essex Police,Essex Police,0.699408,51.565767,On or near Nightingale Close,E01015867,Southend-on-Sea 002E,Anti-social behaviour,,
c87241743e83ee2fd8f2dbd8306628bcdb962c94bbbfa76459d1f266f59f01e9,2024-11,Essex Police,Essex Police,0.700753,51.566545,On or near Eastwoodbury Crescent,E01015867,Southend-on-Sea 002E,Burglary,Investigation complete; no suspect identified,
336ae103c22e78acdd6b1640f85481c073f4453376b08495a72c2507300c8624,2024-11,Essex Police,Essex Police,0.701372,51.564076,On or near Derek Gardens,E01015867,Southend-on-Sea 002E,Criminal damage and arson,Investigation complete; no suspect identified,
858f6f2da503d50818c372d5c6c440c77399f181df277699d7fc618656fce72c,2024-11,Essex Police,Essex Police,0.697850,51.565038,On or near Eastwoodbury Close,E01015867,Southend-on-Sea 002E,Criminal damage and arson,Court result unavailable,
a76153f67d8d4846a335fe13a6b5927022bcc417ae954c09c94b1465eefac5d6,2024-11,Essex Police,Essex Police,0.699420,51.564013,On or near Alton Gardens,E01015867,Southend-on-Sea 002E,Criminal damage and arson,Unable to prosecute suspect,
ef531d1023fc3172f74a016c5295235f23b46138d5e3d7ac2df523c202892fb6,2024-11,Essex Police,Essex Police,0.701372,51.564076,On or near Derek Gardens,E01015867,Southend-on-Sea 002E,Possession of weapons,Court result unavailable,
296145960042dd4ef6f867ab821b7ee9fd44998c7bd248d6b65cb310eef9da91,2024-11,Essex Police,Essex Police,0.697250,51.563433,On or near Rochford Road,E01015867,Southend-on-Sea 002E,Public order,Action to be taken by another organisation,
4a0e747b53425543c6e49d23189ef6228acccd4faf7e87c402822997db51cfd5,2024-11,Essex Police,Essex Police,0.697250,51.563433,On or near Rochford Road,E01015867,Southend-on-Sea 002E,Public order,Action to be taken by another organisation,
ad1bdba8e43be490a1f7910a575aa7b09cbfb7c5df6f12a7fd10060a649ca739,2024-11,Essex Police,Essex Police,0.699180,51.563380,On or near Audleys Close,E01015867,Southend-on-Sea 002E,Public order,Action to be taken by another organisation,
1084ecfdee95e82621a2699a51929433575fd08068785c2ac1682a39bf31df62,2024-11,Essex Police,Essex Police,0.700753,51.566545,On or near Eastwoodbury Crescent,E01015867,Southend-on-Sea 002E,Public order,Unable to prosecute suspect,
a48e2a5fd203985934baf7314c18e521cc72a1b14e2be89d1de7c1d83fea10e8,2024-11,Essex Police,Essex Police,0.703363,51.565541,On or near Warners Gardens,E01015867,Southend-on-Sea 002E,Shoplifting,Investigation complete; no suspect identified,
b66102fcfeddc58ebee8cefa6cc014435b727a9ecb9a187995ae8f8d23cfb6e7,2024-11,Essex Police,Essex Police,0.699408,51.565767,On or near Nightingale Close,E01015867,Southend-on-Sea 002E,Violence and sexual offences,Court result unavailable,
a052e79ef95df0217cdbae7abe50e4d5862c043a0ec12715e31addd0ee2d3031,2024-11,Essex Police,Essex Police,0.699408,51.565767,On or near Nightingale Close,E01015867,Southend-on-Sea 002E,Violence and sexual offences,Unable to prosecute suspect,
abfba12a29d5d6743256c927e7f9175be7abc14baa860eb4e5be3c7cfa11c08e,2024-11,Essex Police,Essex Police,0.697250,51.563433,On or near Rochford Road,E01015867,Southend-on-Sea 002E,Violence and sexual offences,Unable to prosecute suspect,
b2251e3ceb6386e1e31bf17c131a48d7a6a8e3cc0c4d3a19f7122f6c0437ec75,2024-11,Essex Police,Essex Police,0.697250,51.563433,On or near Rochford Road,E01015867,Southend-on-Sea 002E,Violence and sexual offences,Unable to prosecute suspect,
0f4bfdcc5c56889c42dd324351eee5e634b60db4caae29a706c1c9c624d20bcb,2024-11,Essex Police,Essex Police,0.699408,51.565767,On or near Nightingale Close,E01015867,Southend-on-Sea 002E,Violence and sexual offences,Unable to prosecute suspect,
b50b787602617a67c1f5ca52baf19a494903be8c612ee38f2f15093c63fcca09,2024-11,Essex Police,Essex Police,0.701372,51.564076,On or near Derek Gardens,E01015867,Southend-on-Sea 002E,Violence and sexual offences,Unable to prosecute suspect,
4cc5c641c6dc26e21c6eae645a5f6a27c538d2b24857f31b89811da2e15c936d,2024-11,Essex Police,Essex Police,0.699420,51.564013,On or near Alton Gardens,E01015867,Southend-on-Sea 002E,Other crime,Unable to prosecute suspect,
4baaa64d52a5fc7bc24e72724ed48af75884a89f5431de167e255935fbf9ce0c,2024-11,Essex Police,Essex Police,0.699420,51.564013,On or near Alton Gardens,E01015867,Southend-on-Sea 002E,Other crime,Status update unavailable,
cddd9bb8bbddfb50a23d98e1835ccca59172eefa81934c6449bf968a87aef80e,2024-11,Essex Police,Essex Police,0.686119,51.559911,On or near Prince Close,E01015868,Southend-on-Sea 002F,Criminal damage and arson,Unable to prosecute suspect,
63c73b89b5c579fd9e816555050e1ea61367a977692414dd03115909dc6e3fb8,2024-11,Essex Police,Essex Police,0.685924,51.560276,On or near Theatre/Concert Hall,E01015868,Southend-on-Sea 002F,Other theft,Investigation complete; no suspect identified,
c4fd7978029cfd137d3fa310f7ed825d5397bf6b43d0b8f5657293e1402176b6,2024-11,Essex Police,Essex Police,0.687251,51.561738,On or near Purley Way,E01015868,Southend-on-Sea 002F,Other theft,Unable to prosecute suspect,
71a1086d6a4d721ec3e04779490b06ca9da492d208eeb6a923dc6214ca0804cf,2024-11,Essex Police,Essex Police,0.686119,51.559911,On or near Prince Close,E01015868,Southend-on-Sea 002F,Violence and sexual offences,Unable to prosecute suspect,
d68562181f00b96532a8543fb6999e1925838615504b0abd8b919b61814c40ec,2024-11,Essex Police,Essex Police,0.692052,51.560936,On or near Hornby Avenue,E01015868,Southend-on-Sea 002F,Violence and sexual offences,Court result unavailable,
86b11b0a9cf3c22f15f8a063c6a6e0952a6f0322df33a558859eebbb87d302e6,2024-11,Essex Police,Essex Police,0.655101,51.548584,On or near Supermarket,E01015814,Southend-on-Sea 003A,Bicycle theft,Investigation complete; no suspect identified,
68c2fca6f13b094548be7b4c9347b0a6e66c0dc534d21825c16b2b639758d276,2024-11,Essex Police,Essex Police,0.652843,51.556622,On or near Flemming Crescent,E01015814,Southend-on-Sea 003A,Possession of weapons,Formal action is not in the public interest,
317e3f2e2009ca0d3f47878de03da0c1541aacf4af4b7b79342bf8e6be2f1e0a,2024-11,Essex Police,Essex Police,0.652804,51.555966,On or near Rayleigh Drive,E01015814,Southend-on-Sea 003A,Public order,Court result unavailable,
a0e26c81cd4006eaffa7b04b1795b1d701ea30144ba5622f38c5213f2c1f4a70,2024-11,Essex Police,Essex Police,0.655101,51.548584,On or near Supermarket,E01015814,Southend-on-Sea 003A,Shoplifting,Court result unavailable,
0dd0f9bda8b40d59337f4fad5918fe927e804893514dfa22aa2d93055e2c6c87,2024-11,Essex Police,Essex Police,0.655101,51.548584,On or near Supermarket,E01015814,Southend-on-Sea 003A,Shoplifting,Unable to prosecute suspect,
a2a820c4e679393cd75a58ef69fed477eff8892f12a4f9b5c58ca558f9748aa5,2024-11,Essex Police,Essex Police,0.655101,51.548584,On or near Supermarket,E01015814,Southend-on-Sea 003A,Violence and sexual offences,Court result unavailable,
3ccc9cd0e6c278ac60218ecd5ba461f81e6d44f7656b505bba32b374ac377f6c,2024-11,Essex Police,Essex Police,0.654078,51.549345,On or near Station Road,E01015814,Southend-on-Sea 003A,Violence and sexual offences,Investigation complete; no suspect identified,
980b2b962c32e82d6d1f89985b0f802c91f4625ac3d57f14b97d3cce2f25937e,2024-11,Essex Police,Essex Police,0.647601,51.551830,On or near Eastwood Road,E01015815,Southend-on-Sea 003B,Vehicle crime,Investigation complete; no suspect identified,
0d2c73b51ca464cf51552f1aa1861a8207b0662984cfb7c6cfbd7d198d1ff48e,2024-11,Essex Police,Essex Police,0.647601,51.551830,On or near Eastwood Road,E01015815,Southend-on-Sea 003B,Vehicle crime,Investigation complete; no suspect identified,
bd7a12954734ae71c60622a9910abc99874582525b44b94b7296b5dfde1a5e20,2024-11,Essex Police,Essex Police,0.648085,51.549732,On or near Belfairs Drive,E01015815,Southend-on-Sea 003B,Violence and sexual offences,Investigation complete; no suspect identified,
25f817d86e1b393ecdb2bdc4bb954e17c851369eea369e516063052ac3910d3c,2024-11,Essex Police,Essex Police,0.634339,51.569477,On or near Wayletts,E01015816,Southend-on-Sea 003C,Drugs,Local resolution,
5a2663178c73e35f67029627d9870eab727c4028b2d652c1b93b8c416d3f8602,2024-11,Essex Police,Essex Police,0.641685,51.564743,On or near Petrol Station,E01015816,Southend-on-Sea 003C,Other theft,Status update unavailable,
828f7e98a0439430cc8a49d52c20fecb196fa9e002691710adec819cc2fbe5cb,2024-11,Essex Police,Essex Police,0.639878,51.566178,On or near Rothwell Close,E01015816,Southend-on-Sea 003C,Public order,Unable to prosecute suspect,
52faa57864a26378c01ce344581b8e50a709dc100fd6830a689a8608e7c8dd12,2024-11,Essex Police,Essex Police,0.641029,51.565630,On or near Bradford Bury,E01015816,Southend-on-Sea 003C,Public order,Investigation complete; no suspect identified,
48689301aa98699051ed06aa75e192c44d54469c6724585692cf8725226872e3,2024-11,Essex Police,Essex Police,0.635676,51.567630,On or near Eastwood Old Road,E01015816,Southend-on-Sea 003C,Vehicle crime,Investigation complete; no suspect identified,
78733ee4028384ddd9e1945260ddf03648aba91d86ac648b34f8c4457260d837,2024-11,Essex Police,Essex Police,0.641685,51.564743,On or near Petrol Station,E01015816,Southend-on-Sea 003C,Violence and sexual offences,Unable to prosecute suspect,
ef0adfcb838870dfa8166e2e56c2afb25b432a445411b7dc3738c03fe3856e9f,2024-11,Essex Police,Essex Police,0.648972,51.561269,On or near Woodcutters Avenue,E01015817,Southend-on-Sea 003D,Other theft,Unable to prosecute suspect,
c6a1325dc4c68778a9f6605030f72a6c82628a937fda6fc79f6288a5f8c05d7a,2024-11,Essex Police,Essex Police,0.642126,51.561405,On or near Woodberry Close,E01015817,Southend-on-Sea 003D,Public order,Investigation complete; no suspect identified,
97af0228136356299dabb2ee25f2a721cc183a8fc4982cccf95ea4f1443c6063,2024-11,Essex Police,Essex Police,0.639668,51.560822,On or near Broadlawn,E01015817,Southend-on-Sea 003D,Vehicle crime,Investigation complete; no suspect identified,
ae24f1600600360bfcb9141808cff46a1accbef93d83766b2014318aa569a842,2024-11,Essex Police,Essex Police,0.651602,51.562819,On or near Briarwood Close,E01015818,Southend-on-Sea 003E,Other theft,Investigation complete; no suspect identified,
8406d5c4849bb44d5e7ef5dac7054982b85707454c97f3ab6d9b15bb41a20c6c,2024-11,Essex Police,Essex Police,0.662295,51.562343,On or near Petrol Station,E01015818,Southend-on-Sea 003E,Shoplifting,Investigation complete; no suspect identified,
11d2a5a16cff5f4a4dd0e492d245f3942dcc7bd1561df7ad704a68949800367c,2024-11,Essex Police,Essex Police,0.648100,51.563150,On or near Broadclyst Avenue,E01015818,Southend-on-Sea 003E,Violence and sexual offences,Formal action is not in the public interest,
7eb9c80757e822d33aba0c786335bfeaed9ff1138c783b43f5fa5093ef2896c2,2024-11,Essex Police,Essex Police,0.659453,51.561616,On or near Priory Mews,E01015818,Southend-on-Sea 003E,Violence and sexual offences,Unable to prosecute suspect,
9337c64b29dd36776e248364a5cf494456b732ff6640527ab3e97d8172533ce1,2024-11,Essex Police,Essex Police,0.651602,51.562819,On or near Briarwood Close,E01015818,Southend-on-Sea 003E,Violence and sexual offences,Court result unavailable,
750e6bc382fce2f199841518e2c305cc2f440f0ab5fdfa5fa8405c276a7eca69,2024-11,Essex Police,Essex Police,0.654869,51.562683,On or near Abbotts Close,E01015818,Southend-on-Sea 003E,Violence and sexual offences,Investigation complete; no suspect identified,
f566f2302b1a88c27f6e9e414bb5d03c85aeffa216b7279e17bf1690bf53a5fd,2024-11,Essex Police,Essex Police,0.651602,51.562819,On or near Briarwood Close,E01015818,Southend-on-Sea 003E,Violence and sexual offences,Unable to prosecute suspect,
67f5e19d0db67969cc1477b24aa27ba33314b6938ad34b550447109d28b9046b,2024-11,Essex Police,Essex Police,0.648100,51.563150,On or near Broadclyst Avenue,E01015818,Southend-on-Sea 003E,Violence and sexual offences,Formal action is not in the public interest,
2b12053a6de5242dd2a659cb0c2042e9b59c93d45058f34ca6c791462254692f,2024-11,Essex Police,Essex Police,0.653657,51.559949,On or near Eastwood Road North,E01015819,Southend-on-Sea 003F,Burglary,Investigation complete; no suspect identified,
3d35210357957a7337b1bd44cb467d6a966d4536869f42e7701f7935605de174,2024-11,Essex Police,Essex Police,0.648347,51.556472,On or near Tudor Gardens,E01015819,Southend-on-Sea 003F,Vehicle crime,Investigation complete; no suspect identified,
032576e61f34fedbc5846ffe2ab3a1a34b80f6f695eac613b9f01ef73c9eec10,2024-11,Essex Police,Essex Police,0.648525,51.560029,On or near Wood Farm Close,E01015819,Southend-on-Sea 003F,Violence and sexual offences,Unable to prosecute suspect,
efaa7f691187b571a80a0c9a4ed55337b0d230021136e994c9b8427433f65094,2024-11,Essex Police,Essex Police,0.653117,51.557614,On or near Danescroft Close,E01015819,Southend-on-Sea 003F,Violence and sexual offences,Unable to prosecute suspect,
be24913082de52f98f99f4131a4fba32e384ff7aa97790234bf9b8d6ffebc0bd,2024-11,Essex Police,Essex Police,0.655415,51.560161,On or near Kenholme,E01015819,Southend-on-Sea 003F,Violence and sexual offences,Unable to prosecute suspect,
f8375e4923592b939b938748bc065c7b3066dfd354f2d53dc288554945422799,2024-11,Essex Police,Essex Police,0.672405,51.554874,On or near Arundel Gardens,E01015857,Southend-on-Sea 004A,Bicycle theft,Unable to prosecute suspect,
ab4623444e6e0556f584a68bd1cf15d3ee4b4109b2ac3788adc4195c95577aaf,2024-11,Essex Police,Essex Police,0.677690,51.558153,On or near Somerset Crescent,E01015857,Southend-on-Sea 004A,Burglary,Unable to prosecute suspect,
98c38c7a7e1f0e478292e0a920d53620d08c023f7b928b6f5990793fef41ab12,2024-11,Essex Police,Essex Police,0.677690,51.558153,On or near Somerset Crescent,E01015857,Southend-on-Sea 004A,Public order,Unable to prosecute suspect,
,2024-11,Essex Police,Essex Police,0.688684,51.555212,On or near Carlingford Drive,E01015858,Southend-on-Sea 004B,Anti-social behaviour,,
,2024-11,Essex Police,Essex Police,0.688617,51.553838,On or near Hospital,E01015858,Southend-on-Sea 004B,Anti-social behaviour,,
c9a04ac6dad81d6775bd217b715a63c02ff9fb7eb7c40296e02afb4c3eb977ec,2024-11,Essex Police,Essex Police,0.678327,51.556222,On or near Southbourne Gardens,E01015858,Southend-on-Sea 004B,Bicycle theft,Unable to prosecute suspect,
0b846601c3db125de18efa452207ce724937ef874e24de43ccd024e8d12ce424,2024-11,Essex Police,Essex Police,0.688617,51.553838,On or near Hospital,E01015858,Southend-on-Sea 004B,Criminal damage and arson,Investigation complete; no suspect identified,
966e6f5a9bb785f9abe24a198b107bbbd28978314036b9a75dab101f9722fd76,2024-11,Essex Police,Essex Police,0.688617,51.553838,On or near Hospital,E01015858,Southend-on-Sea 004B,Criminal damage and arson,Unable to prosecute suspect,
a60a36b46d844cffb9a37fea2afcaefadea53624b46a20741f8abc6516bec176,2024-11,Essex Police,Essex Police,0.688617,51.553838,On or near Hospital,E01015858,Southend-on-Sea 004B,Other theft,Investigation complete; no suspect identified,
105323c6e5407f2ac449c6d34692bfc235a310b8dc69c645ffa5574b0f368acb,2024-11,Essex Police,Essex Police,0.688617,51.553838,On or near Hospital,E01015858,Southend-on-Sea 004B,Other theft,Investigation complete; no suspect identified,
0e83fd594061068f3658f1771d26a187a6842361f4006c4ff97fe193900f59ba,2024-11,Essex Police,Essex Police,0.684427,51.552746,On or near Further/Higher Educational Building,E01015858,Southend-on-Sea 004B,Possession of weapons,Action to be taken by another organisation,
7f53e182c96d3802bbe9ab4873e33ffbdbb5b983d08ff0829bd972880f147965,2024-11,Essex Police,Essex Police,0.688617,51.553838,On or near Hospital,E01015858,Southend-on-Sea 004B,Public order,Unable to prosecute suspect,
7b90f11a93ece96176e27091ceef173e3027201ecbd6c6c4e747ee6ef5fa3ff9,2024-11,Essex Police,Essex Police,0.688617,51.553838,On or near Hospital,E01015858,Southend-on-Sea 004B,Violence and sexual offences,Unable to prosecute suspect,
2b10a60862c9187d0d6fb07b5ea9025a4c2fc620a46c28de93a13ec70fc86d33,2024-11,Essex Police,Essex Police,0.688617,51.553838,On or near Hospital,E01015858,Southend-on-Sea 004B,Violence and sexual offences,Action to be taken by another organisation,
999c92f7f8d52f609178a655015f7261ec5a423910ec63b3c2a8f52e6b5ec9e1,2024-11,Essex Police,Essex Police,0.688617,51.553838,On or near Hospital,E01015858,Southend-on-Sea 004B,Violence and sexual offences,Unable to prosecute suspect,
52fc524567728e2b622fdc04ab076a5ae6d24a87bac3167b9eaf190321dd62e6,2024-11,Essex Police,Essex Police,0.688617,51.553838,On or near Hospital,E01015858,Southend-on-Sea 004B,Violence and sexual offences,Unable to prosecute suspect,
e2184f0eb63d560703ff19344c1dae2c67024144d9b4427b2f9a8fc42ecbce5c,2024-11,Essex Police,Essex Police,0.686523,51.556485,On or near Carlton Avenue,E01015858,Southend-on-Sea 004B,Violence and sexual offences,Action to be taken by another organisation,
7911e16637a92ee0127cf4915b4cfdffa3242d72b3dc27d877072198769be1e6,2024-11,Essex Police,Essex Police,0.688617,51.553838,On or near Hospital,E01015858,Southend-on-Sea 004B,Violence and sexual offences,Unable to prosecute suspect,
efe354a8369610fc9ee3d85d985a628156da7ec039763a83df49655de604f043,2024-11,Essex Police,Essex Police,0.686523,51.556485,On or near Carlton Avenue,E01015858,Southend-on-Sea 004B,Violence and sexual offences,Court result unavailable,
421b797acc685e78a10388c201198b605ac0390d0cb46c9cfbcdc0d60fdd21b9,2024-11,Essex Police,Essex Police,0.688617,51.553838,On or near Hospital,E01015858,Southend-on-Sea 004B,Violence and sexual offences,Unable to prosecute suspect,
812000acf1c3544996c8c508c9cbe9828f75fbdff1c43c04080f61f0a714096d,2024-11,Essex Police,Essex Police,0.688617,51.553838,On or near Hospital,E01015858,Southend-on-Sea 004B,Violence and sexual offences,Court result unavailable,
,2024-11,Essex Police,Essex Police,0.683487,51.559810,On or near Prince Avenue,E01015859,Southend-on-Sea 004C,Anti-social behaviour,,
3e53b7bc51da7840d9774702d6070b73b620a13fb188b0494b7ec9048c6064a9,2024-11,Essex Police,Essex Police,0.696045,51.558191,On or near Petrol Station,E01015859,Southend-on-Sea 004C,Criminal damage and arson,Investigation complete; no suspect identified,
fe311cd4912e7b07a05022f1e1f0587f814a3b228d6b8fd83c6c8999fb2ccfa5,2024-11,Essex Police,Essex Police,0.683487,51.559810,On or near Prince Avenue,E01015859,Southend-on-Sea 004C,Drugs,Court result unavailable,
838401170bd670a680f65a59a07799d43d27cb99c2f24e440ae7b100d3265fcf,2024-11,Essex Police,Essex Police,0.683487,51.559810,On or near Prince Avenue,E01015859,Southend-on-Sea 004C,Other theft,Court result unavailable,
df1c7b337a2d65bbffeff312b4c93c1647370af48aa670695d4d5d98a4b092a8,2024-11,Essex Police,Essex Police,0.683487,51.559810,On or near Prince Avenue,E01015859,Southend-on-Sea 004C,Other theft,Unable to prosecute suspect,
d2600f1238bf4fb7375e4c23a632dadad7bc26a7d12146e69f81561f1c47611e,2024-11,Essex Police,Essex Police,0.685868,51.557129,On or near Rochester Mews,E01015859,Southend-on-Sea 004C,Possession of weapons,Court result unavailable,
d5d1a5a7cfb237f17791d33c8afaae6690cd70bb6ab0eb824774a2e7d6c30892,2024-11,Essex Police,Essex Police,0.685868,51.557129,On or near Rochester Mews,E01015859,Southend-on-Sea 004C,Public order,Court result unavailable,
6d3bfcb2ce75744d02b95da09267f4bcbef6453ed2667c7e99b2a8a8001e1bbf,2024-11,Essex Police,Essex Police,0.683487,51.559810,On or near Prince Avenue,E01015859,Southend-on-Sea 004C,Shoplifting,Investigation complete; no suspect identified,
483db643c6cd048c2868c5158127736a6f7b75cbaa67463ae641575202e19d06,2024-11,Essex Police,Essex Police,0.696045,51.558191,On or near Petrol Station,E01015859,Southend-on-Sea 004C,Violence and sexual offences,Court result unavailable,
827a9b2f788af90361a0b1a40a733e46da0476d118c5fe5c431b30a6e85558f2,2024-11,Essex Police,Essex Police,0.685103,51.558091,On or near Queen Anne'S Mews,E01015859,Southend-on-Sea 004C,Violence and sexual offences,Unable to prosecute suspect,
293c8da8edfd0dd2c3d8c96c5ae21e875374a8e412283307c29758176e43c694,2024-11,Essex Police,Essex Police,0.698131,51.556623,On or near Mayfield Avenue,E01015860,Southend-on-Sea 004D,Other theft,Investigation complete; no suspect identified,
57cf9245b6c921e609333a7fb00d3ec51e95e09e33abb95fd9802dc5c17c788e,2024-11,Essex Police,Essex Police,0.701081,51.556006,On or near Earls Hall Parade,E01015860,Southend-on-Sea 004D,Public order,Unable to prosecute suspect,
3bc819ef96de7386142b47c8baffebd7d6f3614c3cd2d900fa0291e1b87d5732,2024-11,Essex Police,Essex Police,0.701081,51.556006,On or near Earls Hall Parade,E01015860,Southend-on-Sea 004D,Public order,Unable to prosecute suspect,
183f076a34648a03152b2061b2c0227987e402359e0af4921dee32b842032d60,2024-11,Essex Police,Essex Police,0.692570,51.555060,On or near Lavender Grove,E01015860,Southend-on-Sea 004D,Robbery,Unable to prosecute suspect,
298598f372477aa04263866bd9aeaca9cda1f70ea76bc14a75c870f8eb810070,2024-11,Essex Police,Essex Police,0.698131,51.556623,On or near Mayfield Avenue,E01015860,Southend-on-Sea 004D,Vehicle crime,Investigation complete; no suspect identified,
26fa16b6416f30655ab4913c0d47c23cd1f03e6d8bcf6352898c37bc42ca50f0,2024-11,Essex Police,Essex Police,0.699016,51.555253,On or near Beeleigh Close,E01015860,Southend-on-Sea 004D,Violence and sexual offences,Unable to prosecute suspect,
f40a74386060fd45e81117d0bfc24231eb7cfe2ef22330da0d06e454986dd563,2024-11,Essex Police,Essex Police,0.691655,51.555189,On or near Lavender Mews,E01015860,Southend-on-Sea 004D,Violence and sexual offences,Unable to prosecute suspect,
1312883574a954f4369d61b55803fa67562b3648f82e666ba78aeebae7e0a15d,2024-11,Essex Police,Essex Police,0.693673,51.551995,On or near Highfield Gardens,E01015860,Southend-on-Sea 004D,Violence and sexual offences,Unable to prosecute suspect,
,2024-11,Essex Police,Essex Police,0.702104,51.547709,On or near Petrol Station,E01015861,Southend-on-Sea 004E,Anti-social behaviour,,
315c7e50fcedc730b0a5c5fc97810634b0abcc1e888a36b11c299dd84f78ef0b,2024-11,Essex Police,Essex Police,0.710370,51.551124,On or near Prittlewell,E01015861,Southend-on-Sea 004E,Criminal damage and arson,Unable to prosecute suspect,
556ddec32d5c4268c19d9566adae7641415ce84a6d86a15c4410c574214fa4fb,2024-11,Essex Police,Essex Police,0.703244,51.548456,On or near Roots Hall Avenue,E01015861,Southend-on-Sea 004E,Drugs,Local resolution,
3eef8fcff0eab7f5c55d90c04b5c53a38b4d5d6c9eb09f1871dd9916a13d68b9,2024-11,Essex Police,Essex Police,0.706222,51.550267,On or near Edith Road,E01015861,Southend-on-Sea 004E,Other theft,Investigation complete; no suspect identified,
70d9ce0a1520670bf5250f01364ded9a4b4f8c3745ef918abb6f252d0d2dc6f4,2024-11,Essex Police,Essex Police,0.700142,51.552817,On or near Jones Close,E01015861,Southend-on-Sea 004E,Other theft,Investigation complete; no suspect identified,
45544a3464d5865b3d257dc4fdfeffb77104515cf4d764ed49dbebee61a5d349,2024-11,Essex Police,Essex Police,0.700142,51.552817,On or near Jones Close,E01015861,Southend-on-Sea 004E,Other theft,Investigation complete; no suspect identified,
ce3621b23ae13599ca3e0f31840b8bc5deaae9b5d026dbd83835329f00ef53c9,2024-11,Essex Police,Essex Police,0.700466,51.551964,On or near Burr Hill Chase,E01015861,Southend-on-Sea 004E,Other theft,Investigation complete; no suspect identified,
93041eff7674c8b6eee2b13fba1fdcadfd21c800fb0e7c3faaafc915612c37a4,2024-11,Essex Police,Essex Police,0.700142,51.552817,On or near Jones Close,E01015861,Southend-on-Sea 004E,Other theft,Investigation complete; no suspect identified,
5389381b3364785991dde7337652323a6b2351a524251e33a436fec26444cfcd,2024-11,Essex Police,Essex Police,0.702104,51.547709,On or near Petrol Station,E01015861,Southend-on-Sea 004E,Public order,Unable to prosecute suspect,
dbbe44777594d356a9d87c8d4981d4cee873e01aa555a46bb559685fb0a7386f,2024-11,Essex Police,Essex Police,0.708120,51.553317,On or near Priory Crescent,E01015861,Southend-on-Sea 004E,Public order,Unable to prosecute suspect,
88dc2581807a36f084dc6ef3485557407f88df668ba32405ee9e31444ffd0fa8,2024-11,Essex Police,Essex Police,0.700466,51.551964,On or near Burr Hill Chase,E01015861,Southend-on-Sea 004E,Public order,Investigation complete; no suspect identified,
870d098bd2a4d8fcedcd7f9e7639498a694eb4c895b9da7528ac15501aa64e59,2024-11,Essex Police,Essex Police,0.702104,51.547709,On or near Petrol Station,E01015861,Southend-on-Sea 004E,Shoplifting,Court result unavailable,
ebc89b769c3492eefb969c178b4a70ab05204d24f5638e41f529770c1f487882,2024-11,Essex Police,Essex Police,0.702104,51.547709,On or near Petrol Station,E01015861,Southend-on-Sea 004E,Shoplifting,Investigation complete; no suspect identified,
b6ae15b6ac918e44e0f0a716a690edf0d217d03fa2a0009233755fc30947484a,2024-11,Essex Police,Essex Police,0.702104,51.547709,On or near Petrol Station,E01015861,Southend-on-Sea 004E,Shoplifting,Investigation complete; no suspect identified,
ef865070191203aafa9492896c3f2851c3cf897d0587cf8a41d26691d77bff43,2024-11,Essex Police,Essex Police,0.702104,51.547709,On or near Petrol Station,E01015861,Southend-on-Sea 004E,Shoplifting,Court result unavailable,
a9f8e321149c984c690c3959345be30363fd0c449456335f358dff771aaf011f,2024-11,Essex Police,Essex Police,0.702104,51.547709,On or near Petrol Station,E01015861,Southend-on-Sea 004E,Shoplifting,Investigation complete; no suspect identified,
daf581baaff0760c62e12691962497434a6d510934a7569e986b8c15624ff27d,2024-11,Essex Police,Essex Police,0.702104,51.547709,On or near Petrol Station,E01015861,Southend-on-Sea 004E,Shoplifting,Investigation complete; no suspect identified,
6e8fde0759b214af7835c72981b8375a531a9e8ba016e216bb340e17bdcafabc,2024-11,Essex Police,Essex Police,0.702104,51.547709,On or near Petrol Station,E01015861,Southend-on-Sea 004E,Shoplifting,Investigation complete; no suspect identified,
1b0e4d58ee80d7abb561703e19c0d6551a52ee09367d2dcf6ccae09309e90ca9,2024-11,Essex Police,Essex Police,0.702104,51.547709,On or near Petrol Station,E01015861,Southend-on-Sea 004E,Shoplifting,Investigation complete; no suspect identified,
9bd2f604072d60582e997b357ed72024f4cfef998435a17901796f9475c31e41,2024-11,Essex Police,Essex Police,0.702104,51.547709,On or near Petrol Station,E01015861,Southend-on-Sea 004E,Shoplifting,Unable to prosecute suspect,
4402b9e7c07e648937344d736b8f875bc95685cdca327d95ac532dab4569e02c,2024-11,Essex Police,Essex Police,0.702104,51.547709,On or near Petrol Station,E01015861,Southend-on-Sea 004E,Shoplifting,Investigation complete; no suspect identified,
2de11397f1d2b8c37f8b47a0916df9046a439d8a5599eb4b0162b2eacdf2b6c6,2024-11,Essex Police,Essex Police,0.700142,51.552817,On or near Jones Close,E01015861,Southend-on-Sea 004E,Violence and sexual offences,Investigation complete; no suspect identified,
abbd18d5ef67e763a744d2975d97bec3bc6212294ce3bec6ba1309566a336132,2024-11,Essex Police,Essex Police,0.702104,51.547709,On or near Petrol Station,E01015861,Southend-on-Sea 004E,Violence and sexual offences,Unable to prosecute suspect,
c0baa7311bfbe9341b67b33ac7e0a9317628c88edeb7bada65cd7434399be1db,2024-11,Essex Police,Essex Police,0.700142,51.552817,On or near Jones Close,E01015861,Southend-on-Sea 004E,Violence and sexual offences,Unable to prosecute suspect,
ac084b63c9bbcddae72cbffea11ad2cbbeda24f91aa6694dc3c842cd6cd87fa7,2024-11,Essex Police,Essex Police,0.708046,51.550611,On or near St Benet'S Road,E01015861,Southend-on-Sea 004E,Violence and sexual offences,Investigation complete; no suspect identified,
66b96b48f4b3c839f0423ad2b621822896ba91cfb820e42604b2d64ad819ecf2,2024-11,Essex Police,Essex Police,0.708459,51.549298,On or near Penhurst Avenue,E01015861,Southend-on-Sea 004E,Violence and sexual offences,Unable to prosecute suspect,
4189603017fa7afba53ec96d06a6aeadd3ee094ff52b05fe018bf7b5287b8966,2024-11,Essex Police,Essex Police,0.700142,51.552817,On or near Jones Close,E01015861,Southend-on-Sea 004E,Violence and sexual offences,Investigation complete; no suspect identified,
206767e3dbc2a3d4763e1fa4f8ee509cbb10b69e354f33ef597673b6e6f4fef0,2024-11,Essex Police,Essex Police,0.700466,51.551964,On or near Burr Hill Chase,E01015861,Southend-on-Sea 004E,Violence and sexual offences,Status update unavailable,
cf8e133a08adfbfb118992c4f9287978daa4fd0abbad67fb5fd01f1da4c24fe8,2024-11,Essex Police,Essex Police,0.700142,51.552817,On or near Jones Close,E01015861,Southend-on-Sea 004E,Violence and sexual offences,Unable to prosecute suspect,
9e6dc07b692cc3cc051b3b95779db510d6d9b072e1b17a348f20d2d14569cf4e,2024-11,Essex Police,Essex Police,0.706222,51.550267,On or near Edith Road,E01015861,Southend-on-Sea 004E,Other crime,Further investigation is not in the public interest,
8419567dd6d0c41f0adae9c647c35d6378af670e90ca7591e4f8efb25778db3e,2024-11,Essex Police,Essex Police,0.702104,51.547709,On or near Petrol Station,E01015861,Southend-on-Sea 004E,Other crime,Status update unavailable,
,2024-11,Essex Police,Essex Police,0.697103,51.550477,On or near Shakespeare Avenue,E01015862,Southend-on-Sea 004F,Anti-social behaviour,,
e3e23779f3ce8b10ee65e38a2d04930609c5bfe7077ad0b8a623aa15d5b978cd,2024-11,Essex Police,Essex Police,0.700095,51.548618,On or near Shakespeare Drive,E01015862,Southend-on-Sea 004F,Burglary,Investigation complete; no suspect identified,
5144bbb6bcb5ed3aaf2addeff52cbf454a6c77daff830323ed04dc153171a193,2024-11,Essex Police,Essex Police,0.702021,51.550696,On or near Hospital,E01015862,Southend-on-Sea 004F,Drugs,Court result unavailable,
86f543275a083dfebfe8534ec6ddf47b4a8fc7401dccc2d5a45dc503bde4b0c0,2024-11,Essex Police,Essex Police,0.697889,51.547671,On or near Macdonald Avenue,E01015862,Southend-on-Sea 004F,Other theft,Investigation complete; no suspect identified,
8ccb9078d322d7e83c68efa44e1dbc0ca126cee27a1abff620a1a7c3101ec968,2024-11,Essex Police,Essex Police,0.700095,51.548618,On or near Shakespeare Drive,E01015862,Southend-on-Sea 004F,Public order,Unable to prosecute suspect,
15a39e86516687d8810e271a8061a550046dd26c767584314dd04a7e7d518685,2024-11,Essex Police,Essex Police,0.702021,51.550696,On or near Hospital,E01015862,Southend-on-Sea 004F,Vehicle crime,Investigation complete; no suspect identified,
ee9941debc84cfd4e42d86eec4097b2302546a9c05fc788eeaa60d9f68783edb,2024-11,Essex Police,Essex Police,0.698636,51.549066,On or near Gainsborough Drive,E01015862,Southend-on-Sea 004F,Violence and sexual offences,Unable to prosecute suspect,
f847efc7368315b62d254a5cf67e656cbec309c498f45772e747a4403ece539d,2024-11,Essex Police,Essex Police,0.697889,51.547671,On or near Macdonald Avenue,E01015862,Southend-on-Sea 004F,Violence and sexual offences,Unable to prosecute suspect,
f46d9fc6c3874a3a74c4f4592e138008782b9395c773d153116fc29d4661d7bd,2024-11,Essex Police,Essex Police,0.697924,51.545323,On or near West Road,E01015862,Southend-on-Sea 004F,Violence and sexual offences,Unable to prosecute suspect,
23c17002daa4072c16bd8d82d62681ce961b94a7a0c5c77151d8adb9d647bb9f,2024-11,Essex Police,Essex Police,0.702152,51.548274,On or near Roots Hall Drive,E01015862,Southend-on-Sea 004F,Violence and sexual offences,Investigation complete; no suspect identified,
914fad39e80f134dd0f1d7d8433f18708e5148327c9707b0e75cf91e7b24960d,2024-11,Essex Police,Essex Police,0.698636,51.549066,On or near Gainsborough Drive,E01015862,Southend-on-Sea 004F,Violence and sexual offences,Action to be taken by another organisation,
5ce3d4515eb6c3f0b1b49e4f3aaeb2687de100af984e96a127263239a28c55a0,2024-11,Essex Police,Essex Police,0.696958,51.551182,On or near St George'S Drive,E01015862,Southend-on-Sea 004F,Violence and sexual offences,Status update unavailable,
b6562932c0cd5bfefb26fd98fec8acfc9241b047d0280006db427437e3af9146,2024-11,Essex Police,Essex Police,0.697924,51.545323,On or near West Road,E01015862,Southend-on-Sea 004F,Violence and sexual offences,Unable to prosecute suspect,
b9734d1d4c62f4e670f05b41f2cbadbe4b4dc97cd38cd83cf8865a20696c586f,2024-11,Essex Police,Essex Police,0.697924,51.545323,On or near West Road,E01015862,Southend-on-Sea 004F,Violence and sexual offences,Unable to prosecute suspect,
a5507d98c0c482d83b0ea30be2f91949f3e86f0b7386cfc485c2eff1ae996230,2024-11,Essex Police,Essex Police,0.697924,51.545323,On or near West Road,E01015862,Southend-on-Sea 004F,Other crime,Court result unavailable,
c67ae079a5b0d3f3aefbcccd2b96e0fcfd3cf977d2ac46a224fec7cc8391bb57,2024-11,Essex Police,Essex Police,0.702152,51.548274,On or near Roots Hall Drive,E01015862,Southend-on-Sea 004F,Other crime,Unable to prosecute suspect,
8d6833a8513462b671571bf736b6d35080b939ab824fa8d3b11b70a4ac1fc5bd,2024-11,Essex Police,Essex Police,0.698636,51.549066,On or near Gainsborough Drive,E01015862,Southend-on-Sea 004F,Other crime,Unable to prosecute suspect,
f494ad628837feaa55a030e518524c14fbc6983d935a08e544bc0d9c75efdb16,2024-11,Essex Police,Essex Police,0.697924,51.545323,On or near West Road,E01015862,Southend-on-Sea 004F,Other crime,Court result unavailable,
1325df08f652780a7ca0baccebb14ba4852603f4d79ea7631b05e79638c7fc04,2024-11,Essex Police,Essex Police,0.668023,51.549280,On or near Darlinghurst Grove,E01015820,Southend-on-Sea 005A,Bicycle theft,Investigation complete; no suspect identified,
fe727262415eb67da2f88e91d209cca495825f015a4fa38a779e680e1aaa0543,2024-11,Essex Police,Essex Police,0.666705,51.552386,On or near Middlesex Avenue,E01015820,Southend-on-Sea 005A,Bicycle theft,Investigation complete; no suspect identified,
b43dd81b8a0b927b572676a31c7d2b6bcadf0279c5a532b3c540ef81ffadc6e6,2024-11,Essex Police,Essex Police,0.666705,51.552386,On or near Middlesex Avenue,E01015820,Southend-on-Sea 005A,Bicycle theft,Investigation complete; no suspect identified,
1c574645ae9877cd41c844b3213ab5310d65cf894d29f8e4e00deea01aa3a04c,2024-11,Essex Police,Essex Police,0.666705,51.552386,On or near Middlesex Avenue,E01015820,Southend-on-Sea 005A,Bicycle theft,Investigation complete; no suspect identified,
86f76fcc084aa38845967d9c1204d3bdafb4d516ec23639b4cab89efbc7b0b4d,2024-11,Essex Police,Essex Police,0.665264,51.551673,On or near Kent Avenue,E01015820,Southend-on-Sea 005A,Other theft,Investigation complete; no suspect identified,
ca168e356bb2f32eaaa42c561e8fbcaf1e04079972b783f158aac47ba1b269b3,2024-11,Essex Police,Essex Police,0.666705,51.552386,On or near Middlesex Avenue,E01015820,Southend-on-Sea 005A,Other theft,Investigation complete; no suspect identified,
419a95ce4b6ed3133513d1277ef231684883969dccc90198453ceaaa25e68de0,2024-11,Essex Police,Essex Police,0.659267,51.550999,On or near Greenacre Mews,E01015820,Southend-on-Sea 005A,Public order,Investigation complete; no suspect identified,
65ed0533f78be5a5df5e3eb7118994364d217da7515cc1a472ad9c82f0b95894,2024-11,Essex Police,Essex Police,0.666705,51.552386,On or near Middlesex Avenue,E01015820,Southend-on-Sea 005A,Theft from the person,Investigation complete; no suspect identified,
031a3038b77d4df2c76bb19a978dd0d9a8019e849c5a7435d637b09ce1456ad2,2024-11,Essex Police,Essex Police,0.666705,51.552386,On or near Middlesex Avenue,E01015820,Southend-on-Sea 005A,Vehicle crime,Investigation complete; no suspect identified,
ad8b92914758fc494cd07bfc967cc07040ea97f3d9115b4252534476430ee0b1,2024-11,Essex Police,Essex Police,0.672320,51.550478,On or near Manchester Drive,E01015820,Southend-on-Sea 005A,Violence and sexual offences,Action to be taken by another organisation,
2ee7ebaad953855dd2c22d03a88f78ddebda4215f4f4827ef4dc18828265e9bd,2024-11,Essex Police,Essex Police,0.665264,51.551673,On or near Kent Avenue,E01015820,Southend-on-Sea 005A,Violence and sexual offences,Status update unavailable,
,2024-11,Essex Police,Essex Police,0.662165,51.550736,On or near Manchester Drive,E01015821,Southend-on-Sea 005B,Anti-social behaviour,,
,2024-11,Essex Police,Essex Police,0.656788,51.550795,On or near Blenheim Crescent,E01015821,Southend-on-Sea 005B,Anti-social behaviour,,
9685da2774efd269e420afd809849ceb2758730fb3a98e2836f460d6659df03d,2024-11,Essex Police,Essex Police,0.664047,51.549371,On or near Pavilion Drive,E01015821,Southend-on-Sea 005B,Criminal damage and arson,Investigation complete; no suspect identified,
4a69f7e8a4415ed9aa6fb7822b85fed1be9f4db19ae7b2c8c87f7e4bae795fca,2024-11,Essex Police,Essex Police,0.655546,51.548053,On or near London Road,E01015821,Southend-on-Sea 005B,Other theft,Investigation complete; no suspect identified,
3006e55730df875ee7106722727684c081bf4858a477c5f00f02584f9205dbd3,2024-11,Essex Police,Essex Police,0.661061,51.548629,On or near Clova Road,E01015821,Southend-on-Sea 005B,Shoplifting,Investigation complete; no suspect identified,
4b42b40da8461b16d48ec7dbd8ab81b1bb6e2091b4fe0a2e27c37d243c672d21,2024-11,Essex Police,Essex Police,0.662165,51.550736,On or near Manchester Drive,E01015821,Southend-on-Sea 005B,Vehicle crime,Investigation complete; no suspect identified,
22d45ef990ce2ca65df90c9a4958bf18847a2cdd0bca5b901fc420223cdcb184,2024-11,Essex Police,Essex Police,0.666044,51.547500,On or near Grasmead Avenue,E01015821,Southend-on-Sea 005B,Other crime,Unable to prosecute suspect,
e81926d4eed59ed62c4d77127e90c465a7c72876c211457dd2ea1078137d1976,2024-11,Essex Police,Essex Police,0.678295,51.553471,On or near Southbourne Grove,E01015822,Southend-on-Sea 005C,Criminal damage and arson,Investigation complete; no suspect identified,
4fdc86220d5fe96f5e85baa9caa2ac22e8081a75c9004554b81345977e9d22a6,2024-11,Essex Police,Essex Police,0.675258,51.550384,On or near Cavendish Gardens,E01015822,Southend-on-Sea 005C,Vehicle crime,Investigation complete; no suspect identified,
25d13678b4c49987e30690b8251f02f0b264d57a978b794b9178bcad4d98d7fd,2024-11,Essex Police,Essex Police,0.676912,51.549078,On or near Sandown Avenue,E01015822,Southend-on-Sea 005C,Vehicle crime,Investigation complete; no suspect identified,
000f23566ccc0c16a0bd5a9db191d1ff72cb0c0af790fb422a97f441fec03d43,2024-11,Essex Police,Essex Police,0.678295,51.553471,On or near Southbourne Grove,E01015822,Southend-on-Sea 005C,Violence and sexual offences,Unable to prosecute suspect,
,2024-11,Essex Police,Essex Police,0.675147,51.546537,On or near Wellington Avenue,E01015823,Southend-on-Sea 005D,Anti-social behaviour,,
5e4d1f9049155ee9ca635255d739d2d0c08a6f06ce998d4988c1f3b69ea353f5,2024-11,Essex Police,Essex Police,0.675147,51.546537,On or near Wellington Avenue,E01015823,Southend-on-Sea 005D,Other theft,Investigation complete; no suspect identified,
0dee94d2e25faff173a06ab8f536912859f7b741a12c5a94cc7bc70f0a38470c,2024-11,Essex Police,Essex Police,0.674155,51.548304,On or near Southborough Drive,E01015823,Southend-on-Sea 005D,Other theft,Status update unavailable,
123bf5862cdea8e9d131f6d41e9b018b5e29b0a9629bb5c82762c1d2ba813bd6,2024-11,Essex Police,Essex Police,0.674155,51.548304,On or near Southborough Drive,E01015823,Southend-on-Sea 005D,Other theft,Investigation complete; no suspect identified,
2f056e5b040b25b43067b3f7ef0623c37be114a50c5a1fc3709ada016e6854c5,2024-11,Essex Police,Essex Police,0.675147,51.546537,On or near Wellington Avenue,E01015823,Southend-on-Sea 005D,Public order,Unable to prosecute suspect,
417c13079a00316b1b20512e193192e939a400c3eb48ac274426f419300664b0,2024-11,Essex Police,Essex Police,0.675544,51.548623,On or near Eastwood Lane South,E01015823,Southend-on-Sea 005D,Violence and sexual offences,Unable to prosecute suspect,
f9f58413d16e245351e81e6c180e7a8ab7682982030fdb3ef5eaacaf86ced572,2024-11,Essex Police,Essex Police,0.675147,51.546537,On or near Wellington Avenue,E01015823,Southend-on-Sea 005D,Violence and sexual offences,Court result unavailable,
f7f5fa258c2345416c9e49efdc45f3dedac3b79631b9cae9821fa108c1737744,2024-11,Essex Police,Essex Police,0.670233,51.560895,On or near Cheddar Avenue,E01015824,Southend-on-Sea 005E,Possession of weapons,Unable to prosecute suspect,
048820b820f502fb3d5c0cae1ba8710f7dface178e87ef3b4b238d64120f89d9,2024-11,Essex Police,Essex Police,0.670233,51.560895,On or near Cheddar Avenue,E01015824,Southend-on-Sea 005E,Possession of weapons,Court result unavailable,
4408f7d191a79d7e1536dd316dec7fb4353e651f2532eaa877afb83f7868f6bc,2024-11,Essex Police,Essex Police,0.673409,51.562648,On or near Charles Close,E01015824,Southend-on-Sea 005E,Vehicle crime,Investigation complete; no suspect identified,
804aeeaec9abb2654b6acdb6e7e0964f1703d62fc8fd272d7dc7502badb596fc,2024-11,Essex Police,Essex Police,0.667482,51.562459,On or near Elms Court,E01015824,Southend-on-Sea 005E,Vehicle crime,Investigation complete; no suspect identified,
320fb430acc50156a74ddd4aafc477c136e0b19f03f25aab3096991aa118e71c,2024-11,Essex Police,Essex Police,0.669787,51.561418,On or near Martock Avenue,E01015824,Southend-on-Sea 005E,Violence and sexual offences,Action to be taken by another organisation,
295fc876d05ef87aafba2be4f3ed3cb863c361b69b053495042418e3662c7eec,2024-11,Essex Police,Essex Police,0.667752,51.558199,On or near Treecot Drive,E01015824,Southend-on-Sea 005E,Violence and sexual offences,Unable to prosecute suspect,
682a03a4fab24d724966d7ea521b0f78880c66543d3c1af56987cc310dfe1fcb,2024-11,Essex Police,Essex Police,0.666868,51.560845,On or near Hurst Way,E01015824,Southend-on-Sea 005E,Violence and sexual offences,Unable to prosecute suspect,
1b0dc76e3989e21c8846a24dff4691b0d6d790a5a9303894c56f8ec132131299,2024-11,Essex Police,Essex Police,0.671590,51.561152,On or near Mendip Crescent,E01015824,Southend-on-Sea 005E,Violence and sexual offences,Status update unavailable,
5d45426c025f765c41071faf138ce0cfc9b864125179bbba90fa208ae462a564,2024-11,Essex Police,Essex Police,0.670233,51.560895,On or near Cheddar Avenue,E01015824,Southend-on-Sea 005E,Violence and sexual offences,Court result unavailable,
21453ff53a74f80c14451b7f95449a771a94a147ca699058a10b98dab309cb08,2024-11,Essex Police,Essex Police,0.666868,51.560845,On or near Hurst Way,E01015824,Southend-on-Sea 005E,Violence and sexual offences,Unable to prosecute suspect,
cde61f2b975d4541cb13ebcd004e54ba412f49943ff97be587716995e7962e90,2024-11,Essex Police,Essex Police,0.670042,51.562320,On or near Dunster Avenue,E01015824,Southend-on-Sea 005E,Violence and sexual offences,Status update unavailable,
0958a3507a33f7a2e3004842683049fa430b1059cd2f4b16a7e5c2459b52a1a2,2024-11,Essex Police,Essex Police,0.666868,51.560845,On or near Hurst Way,E01015824,Southend-on-Sea 005E,Violence and sexual offences,Awaiting court outcome,
4cb232b3bd17d89290d3995c0fae5b71e3143933fe11b8aaa8fee0bd2f04e525,2024-11,Essex Police,Essex Police,0.666868,51.560845,On or near Hurst Way,E01015824,Southend-on-Sea 005E,Violence and sexual offences,Unable to prosecute suspect,
c79c53e41c6ccde0d57c5a3e2423f90b7e946b66fc93dcb5a5aa19e02cc15770,2024-11,Essex Police,Essex Police,0.670042,51.562320,On or near Dunster Avenue,E01015824,Southend-on-Sea 005E,Violence and sexual offences,Status update unavailable,
fd49a89a1f02d2300358acf50e272ca2da02c30d686d4bc4f9e5b615da12466d,2024-11,Essex Police,Essex Police,0.671590,51.561152,On or near Mendip Crescent,E01015824,Southend-on-Sea 005E,Violence and sexual offences,Unable to prosecute suspect,
2625a7f0bc802fbfce2e582567d048d6da8d35c3b8780231c14a6389d029c3d0,2024-11,Essex Police,Essex Police,0.671590,51.561152,On or near Mendip Crescent,E01015824,Southend-on-Sea 005E,Violence and sexual offences,Investigation complete; no suspect identified,
ce26f362491bc65f5f9e5fb1652b6e3222170fe498b045ed6a7ad31882fb9c9c,2024-11,Essex Police,Essex Police,0.673409,51.562648,On or near Charles Close,E01015824,Southend-on-Sea 005E,Violence and sexual offences,Unable to prosecute suspect,
457c9e690b1dadd21f423bf66dbe844319f599aa2b1c35be64734954db8f33ab,2024-11,Essex Police,Essex Police,0.670042,51.562320,On or near Dunster Avenue,E01015824,Southend-on-Sea 005E,Violence and sexual offences,Unable to prosecute suspect,
,2024-11,Essex Police,Essex Police,0.662085,51.560720,On or near Stonehill Road,E01015825,Southend-on-Sea 005F,Anti-social behaviour,,
c132166376d44b67dd9230a717bec4aa37ed5c7a07ad9579c6912baec47a2a9d,2024-11,Essex Police,Essex Police,0.664511,51.560269,On or near Danbury Close,E01015825,Southend-on-Sea 005F,Burglary,Investigation complete; no suspect identified,
009617777630bf2c14bb0c63215655b0d6d24c7e429c8766994cee5343bc9415,2024-11,Essex Police,Essex Police,0.661021,51.559557,On or near Highwood Close,E01015825,Southend-on-Sea 005F,Criminal damage and arson,Investigation complete; no suspect identified,
2bfe77329dea6c50c9ce02336a82aa513d7a04fd3cab8247aefb4c29fa705cad,2024-11,Essex Police,Essex Police,0.664511,51.560269,On or near Danbury Close,E01015825,Southend-on-Sea 005F,Criminal damage and arson,Investigation complete; no suspect identified,
b01daf8b694d3a61b572c87aca64442b9d8dfea110833304e98a0433c044b68a,2024-11,Essex Police,Essex Police,0.662064,51.560361,On or near Stonehill Close,E01015825,Southend-on-Sea 005F,Drugs,Investigation complete; no suspect identified,
ad46441375985b2bd5e306e68802a961286368ea8c6859a3d26f9dd1665bdf85,2024-11,Essex Police,Essex Police,0.661021,51.559557,On or near Highwood Close,E01015825,Southend-on-Sea 005F,Other theft,Investigation complete; no suspect identified,
a81140f5d3a38daa245c749ec4c09432af05d9fbcdd400d9718afbc8605b5b9e,2024-11,Essex Police,Essex Police,0.665261,51.560019,On or near Hurst Way,E01015825,Southend-on-Sea 005F,Vehicle crime,Unable to prosecute suspect,
3588cd2870b5dc62d38a4549ee0601284e70c381b8c3c2348ecba55bb7489125,2024-11,Essex Police,Essex Police,0.664658,51.559070,On or near Sandhurst Close,E01015825,Southend-on-Sea 005F,Vehicle crime,Investigation complete; no suspect identified,
77a17b6b057da0be5d8f7a182df81a99ed403734dac8016104457761082fa31c,2024-11,Essex Police,Essex Police,0.668112,51.559918,On or near Bridgwater Drive,E01015825,Southend-on-Sea 005F,Violence and sexual offences,Unable to prosecute suspect,
d7ce9e66e43bd9cd80a4df782425ef80599810be07fbd84bd9397de25b0db345,2024-11,Essex Police,Essex Police,0.659366,51.556420,On or near Merryfield Approach,E01015826,Southend-on-Sea 005G,Burglary,Investigation complete; no suspect identified,
1fe3787690b0f0dda1a4c82cbd429266ac74de43b4645a48e7faaca7d324a5b6,2024-11,Essex Police,Essex Police,0.657724,51.555225,On or near Harridge Close,E01015826,Southend-on-Sea 005G,Violence and sexual offences,Unable to prosecute suspect,
1337cd2fd219966f29cd4db92218a330cf32eea785f5b2e81c1af6c84a1b1abd,2024-11,Essex Police,Essex Police,0.657724,51.555225,On or near Harridge Close,E01015826,Southend-on-Sea 005G,Violence and sexual offences,Unable to prosecute suspect,
d601ec4431914b12d8cc519bcbbd3cfe1ce4433467a146b15f618c252783b1ac,2024-11,Essex Police,Essex Police,0.725560,51.546761,On or near The Grove,E01015869,Southend-on-Sea 006A,Criminal damage and arson,Court result unavailable,
640fa6c68c3815d44c1e81905dbade98eb60a812e9b3b17e38e64fee5be431da,2024-11,Essex Police,Essex Police,0.727481,51.549460,On or near Norwich Close,E01015869,Southend-on-Sea 006A,Vehicle crime,Investigation complete; no suspect identified,
14308ee9927b4694a5515c5c00b85bb2c3601898738f6c200282efbbf393219f,2024-11,Essex Police,Essex Police,0.724389,51.546716,On or near Ely Road,E01015869,Southend-on-Sea 006A,Vehicle crime,Investigation complete; no suspect identified,
8725572f1c879a8a54c455402a5288d5e72365a3f60b4301bdf18fe3456dedca,2024-11,Essex Police,Essex Police,0.727481,51.549460,On or near Norwich Close,E01015869,Southend-on-Sea 006A,Violence and sexual offences,Unable to prosecute suspect,
84d9f08f34ec97c9b8b80a840e2c49d376eaf231cd02265b01082b2fcfe731c0,2024-11,Essex Police,Essex Police,0.725560,51.546761,On or near The Grove,E01015869,Southend-on-Sea 006A,Violence and sexual offences,Court result unavailable,
cd9caa185e69b5dfefa806fdb397f9fe5fc6dcbd0c44aa2f9f5c1b2f46d82fd0,2024-11,Essex Police,Essex Police,0.724389,51.546716,On or near Ely Road,E01015869,Southend-on-Sea 006A,Other crime,Further investigation is not in the public interest,
,2024-11,Essex Police,Essex Police,0.733339,51.547309,On or near Lonsdale Road,E01015870,Southend-on-Sea 006B,Anti-social behaviour,,
4093d0f26c17a0fd87f463e51821c60e037c95d0648298e485411c657862d46d,2024-11,Essex Police,Essex Police,0.729276,51.546909,On or near Selwyn Road,E01015870,Southend-on-Sea 006B,Drugs,Investigation complete; no suspect identified,
ecdc1d3be5ff874726dc4a4ae28b6c31b8a91e63dc779ec4ac649f19bb335d3c,2024-11,Essex Police,Essex Police,0.725913,51.545197,On or near Central Avenue,E01015870,Southend-on-Sea 006B,Other theft,Local resolution,
64901cca9e872284610d3cdb909e45285b208a7a1cdb1f9b3c8b0479e1707557,2024-11,Essex Police,Essex Police,0.732948,51.548982,On or near Rylands Road,E01015870,Southend-on-Sea 006B,Vehicle crime,Investigation complete; no suspect identified,
3687418a3ff10219b40028df855136e2c7bf68129ac01a3f49b6cba69ac9fd9e,2024-11,Essex Police,Essex Police,0.729276,51.546909,On or near Selwyn Road,E01015870,Southend-on-Sea 006B,Violence and sexual offences,Unable to prosecute suspect,
f29e8def3ded212fa7e6a55757bac77f3f3ff84d6132506e19e009d8aa88daad,2024-11,Essex Police,Essex Police,0.731696,51.547095,On or near Grovelands,E01015870,Southend-on-Sea 006B,Violence and sexual offences,Unable to prosecute suspect,
3a55cfc3d72b09745068e104847daf23ac8501347166946faa5954ce9149bb52,2024-11,Essex Police,Essex Police,0.731696,51.547095,On or near Grovelands,E01015870,Southend-on-Sea 006B,Violence and sexual offences,Unable to prosecute suspect,
,2024-11,Essex Police,Essex Police,0.726516,51.556245,On or near Petrol Station,E01015871,Southend-on-Sea 006C,Anti-social behaviour,,
,2024-11,Essex Police,Essex Police,0.718685,51.555293,On or near Sports/Recreation Area,E01015871,Southend-on-Sea 006C,Anti-social behaviour,,
6faec68eb1d5ff9995b8c82d1a3ff552ae109ba565e7e43f2475d1ae20cb339e,2024-11,Essex Police,Essex Police,0.725960,51.554172,On or near A1159,E01015871,Southend-on-Sea 006C,Bicycle theft,Investigation complete; no suspect identified,
db93dbc18e16efe685668bdf52a43ba8d0bf389694de19041dabd8285f7956dd,2024-11,Essex Police,Essex Police,0.722646,51.553520,On or near Weybourne Gardens,E01015871,Southend-on-Sea 006C,Burglary,Investigation complete; no suspect identified,
501c4b58e571b46fd78d63e34afa6fdd1613b8cff04135c71ddf8875170a99e8,2024-11,Essex Police,Essex Police,0.725422,51.550002,On or near St Luke'S Road,E01015871,Southend-on-Sea 006C,Criminal damage and arson,Investigation complete; no suspect identified,
7931a79a5f03a4f991fd3f8d0a60141c8eaa9763c396ea8ce4c411aa98a73fa4,2024-11,Essex Police,Essex Police,0.726516,51.556245,On or near Petrol Station,E01015871,Southend-on-Sea 006C,Other theft,Unable to prosecute suspect,
5ce4717edfc9685211737ed1b91c2176bd9e585443cca311587c3eb356bd2883,2024-11,Essex Police,Essex Police,0.726516,51.556245,On or near Petrol Station,E01015871,Southend-on-Sea 006C,Other theft,Unable to prosecute suspect,
33dbd2437850abe12548fb662b87151fcdbe06b4e085155718726480b5414017,2024-11,Essex Police,Essex Police,0.726516,51.556245,On or near Petrol Station,E01015871,Southend-on-Sea 006C,Other theft,Investigation complete; no suspect identified,
7ed84e3197e590960ad0a7299c4143924a5087271e880ffa2926bad671b41b44,2024-11,Essex Police,Essex Police,0.726516,51.556245,On or near Petrol Station,E01015871,Southend-on-Sea 006C,Other theft,Investigation complete; no suspect identified,
7fa1e6ec5032dff73358a609503d969a453080e718e736b57d4ce9c7a4682d9d,2024-11,Essex Police,Essex Police,0.725627,51.556329,On or near Fossetts Way,E01015871,Southend-on-Sea 006C,Shoplifting,Court result unavailable,
2d2c5aec682d61b7d44b9b4df6b6be99973dd3f2e9c1ec33f76a0b757e4be754,2024-11,Essex Police,Essex Police,0.725960,51.554172,On or near A1159,E01015871,Southend-on-Sea 006C,Shoplifting,Investigation complete; no suspect identified,
d063ed26f95ca136716a56b4c40eabcb981d6f226e47e36d20db0e03bcf0f162,2024-11,Essex Police,Essex Police,0.725960,51.554172,On or near A1159,E01015871,Southend-on-Sea 006C,Shoplifting,Investigation complete; no suspect identified,
3d2e1bbbb39f3b7773bebdfb9d480a0c30a45c9e7fa195655c848598ccf28e49,2024-11,Essex Police,Essex Police,0.725627,51.556329,On or near Fossetts Way,E01015871,Southend-on-Sea 006C,Shoplifting,Investigation complete; no suspect identified,
4a8c413b64c8a88f4deb7d312383dd98e79c6aa255ed1b63fdfa8d25ab82c730,2024-11,Essex Police,Essex Police,0.725960,51.554172,On or near A1159,E01015871,Southend-on-Sea 006C,Shoplifting,Unable to prosecute suspect,
e9df19fa43fbce39108d7159594d0d6cc3c299654f024bf3281ca69129c17a9d,2024-11,Essex Police,Essex Police,0.726516,51.556245,On or near Petrol Station,E01015871,Southend-on-Sea 006C,Shoplifting,Investigation complete; no suspect identified,
ff4a2a01f5a38b6e7ebe0f66378846c8ddddd7958c36cee17d12fcff22da6d45,2024-11,Essex Police,Essex Police,0.725627,51.556329,On or near Fossetts Way,E01015871,Southend-on-Sea 006C,Shoplifting,Investigation complete; no suspect identified,
af50b9f210a632330cae59754f53436063596094db7cefa243ae674763877e44,2024-11,Essex Police,Essex Police,0.726516,51.556245,On or near Petrol Station,E01015871,Southend-on-Sea 006C,Shoplifting,Investigation complete; no suspect identified,
03976ba2be36ca97e7f258763dc24f511f925da7b6e01920a3fa71fa1d3dc7ac,2024-11,Essex Police,Essex Police,0.725960,51.554172,On or near A1159,E01015871,Southend-on-Sea 006C,Violence and sexual offences,Investigation complete; no suspect identified,
836a8bd7a85bc385530bb95ec135ea7a5f40dd27f4882d31498d0e9ddcaf3047,2024-11,Essex Police,Essex Police,0.727185,51.551022,On or near Shopping Area,E01015871,Southend-on-Sea 006C,Violence and sexual offences,Unable to prosecute suspect,
,2024-11,Essex Police,Essex Police,0.732323,51.543600,On or near Stornoway Road,E01015873,Southend-on-Sea 006E,Anti-social behaviour,,
05f386c7e5df0fbc40476beefdf258c7059d5d4f9373c72637d12ae690a0f3a3,2024-11,Essex Police,Essex Police,0.736846,51.543018,On or near Beaufort Street,E01015873,Southend-on-Sea 006E,Criminal damage and arson,Investigation complete; no suspect identified,
a07d17e37fc31b37a0c5565fc33645ee003d98e6f18598ffb4e376da2c82ec06,2024-11,Essex Police,Essex Police,0.736175,51.541936,On or near Glenmore Street,E01015873,Southend-on-Sea 006E,Drugs,Investigation complete; no suspect identified,
50898a267576b45a90140dead1b108e70f2b0620fcb976c5021c8b348d1da3d1,2024-11,Essex Police,Essex Police,0.734959,51.543062,On or near Richmond Street,E01015873,Southend-on-Sea 006E,Vehicle crime,Investigation complete; no suspect identified,
aa6bf9a205526010c7957893b62e926fcd384eb249dff4ddce2231c48d210dd7,2024-11,Essex Police,Essex Police,0.734959,51.543062,On or near Richmond Street,E01015873,Southend-on-Sea 006E,Violence and sexual offences,Unable to prosecute suspect,
74e13907235ac8b46573b64f7aaf52db7df182c5b049c6ed7dbefd37639f7582,2024-11,Essex Police,Essex Police,0.734959,51.543062,On or near Richmond Street,E01015873,Southend-on-Sea 006E,Violence and sexual offences,Unable to prosecute suspect,
,2024-11,Essex Police,Essex Police,0.714716,51.555782,On or near Bentalls Close,E01015874,Southend-on-Sea 006F,Anti-social behaviour,,
,2024-11,Essex Police,Essex Police,0.716748,51.561796,On or near Coopers Way,E01015874,Southend-on-Sea 006F,Anti-social behaviour,,
4df0dd2d23e7353997f85db0850368f80c3f3dc717c87f5be269ca447a5ddca8,2024-11,Essex Police,Essex Police,0.710928,51.562929,On or near The Vintners,E01015874,Southend-on-Sea 006F,Burglary,Investigation complete; no suspect identified,
d02d2c20d09e37d9175ccc06ef62cbea083f863aa567b4ba33e89c0cd91fddf2,2024-11,Essex Police,Essex Police,0.716748,51.561796,On or near Coopers Way,E01015874,Southend-on-Sea 006F,Burglary,Investigation complete; no suspect identified,
ece48824603c5ceaad397935548d3c7beb687a8334214a56f833876eb4a108fb,2024-11,Essex Police,Essex Police,0.715610,51.550203,On or near Stuart Close,E01015874,Southend-on-Sea 006F,Criminal damage and arson,Unable to prosecute suspect,
85bf615fa052183542c3ed2dc7be4f99a9b12be5de56ba7ddefc879254fbe544,2024-11,Essex Police,Essex Police,0.715430,51.552266,On or near Sutton Road,E01015874,Southend-on-Sea 006F,Criminal damage and arson,Investigation complete; no suspect identified,
c3aef55e0cd37c7ac952b0ea5882622380ee4cac9b92f98b4a859488191c7b5d,2024-11,Essex Police,Essex Police,0.714508,51.562460,On or near Fletchers Square,E01015874,Southend-on-Sea 006F,Criminal damage and arson,Investigation complete; no suspect identified,
bde7947fbf912d76cd4ea66dce567ea35851f6afe6e052053de360e30dc70e7d,2024-11,Essex Police,Essex Police,0.716681,51.553649,On or near Cromwell Road,E01015874,Southend-on-Sea 006F,Other theft,Unable to prosecute suspect,
7a3a0e394885950edb9d830ea158ea096f4baebb1d4f84c8a72fdf7cbf111879,2024-11,Essex Police,Essex Police,0.715610,51.550203,On or near Stuart Close,E01015874,Southend-on-Sea 006F,Other theft,Investigation complete; no suspect identified,
f8fb89af91c66c02f2c44d2f1d71ccec1a599e5dacb8e8eab9ca649a5b86a9c3,2024-11,Essex Police,Essex Police,0.713256,51.561310,On or near Chandlers Way,E01015874,Southend-on-Sea 006F,Other theft,Unable to prosecute suspect,
0959ebc0ca8eb5849d9add2a9bec7596c55c08bd912bd80283ffe65b1ae76790,2024-11,Essex Police,Essex Police,0.716748,51.561796,On or near Coopers Way,E01015874,Southend-on-Sea 006F,Possession of weapons,Local resolution,
db8f84f9f3bf7f78f1444435a00df58058da60b39ab24e356e8bfba442f66126,2024-11,Essex Police,Essex Police,0.710872,51.562229,On or near Tailors Court,E01015874,Southend-on-Sea 006F,Possession of weapons,Unable to prosecute suspect,
075899c55cab0b227bede8e0c021202b80ac47ce632ce4ea41eddead42b9f787,2024-11,Essex Police,Essex Police,0.717498,51.552111,On or near Wentworth Road,E01015874,Southend-on-Sea 006F,Possession of weapons,Unable to prosecute suspect,
92ee197be815ad4f4b624fefd787a47525b535e0b4ed05e2a317487aaa8a63d2,2024-11,Essex Police,Essex Police,0.722157,51.554521,On or near Eastern Avenue,E01015874,Southend-on-Sea 006F,Possession of weapons,Court result unavailable,
fe03b5cdc8e28e4e8910b0758631376236db80affa3626fcd610bd15136a1d84,2024-11,Essex Police,Essex Police,0.717498,51.552111,On or near Wentworth Road,E01015874,Southend-on-Sea 006F,Public order,Formal action is not in the public interest,
15f1f25f309e111b06ff1fc0d5e024de9680c6b754f9cee333b9df25aa0b3332,2024-11,Essex Police,Essex Police,0.710598,51.554389,On or near Supermarket,E01015874,Southend-on-Sea 006F,Shoplifting,Investigation complete; no suspect identified,
3a943d35a554d0e2d542b3d95979e06f03e9a23c9874eee042fbd4b19046312c,2024-11,Essex Police,Essex Police,0.711158,51.550540,On or near Railway Terrace,E01015874,Southend-on-Sea 006F,Vehicle crime,Investigation complete; no suspect identified,
cea29e0c532be7815190829e66f2bf0c8ea111367e0fab4d3e814f10026ab9d5,2024-11,Essex Police,Essex Police,0.716748,51.561796,On or near Coopers Way,E01015874,Southend-on-Sea 006F,Violence and sexual offences,Unable to prosecute suspect,
cdf502f96d19456948fa5cfab5412b641d1cd843d97ec9968a51d8c02a4adc7c,2024-11,Essex Police,Essex Police,0.717498,51.552111,On or near Wentworth Road,E01015874,Southend-on-Sea 006F,Violence and sexual offences,Formal action is not in the public interest,
68941a7f2d7ffaef0db4920f24ad8f56acb8ceb0d985a6a8da635011612fab59,2024-11,Essex Police,Essex Police,0.717498,51.552111,On or near Wentworth Road,E01015874,Southend-on-Sea 006F,Violence and sexual offences,Action to be taken by another organisation,
e247ecd8e7af4534404f631c385f83cd78795e604b6a3548b009512c94b0979f,2024-11,Essex Police,Essex Police,0.714716,51.555782,On or near Bentalls Close,E01015874,Southend-on-Sea 006F,Violence and sexual offences,Unable to prosecute suspect,
53fae7a086d02f1a8aee4c0e3847fa2f9e9de359a881218a42f406f92eebdd8b,2024-11,Essex Police,Essex Police,0.717498,51.552111,On or near Wentworth Road,E01015874,Southend-on-Sea 006F,Violence and sexual offences,Unable to prosecute suspect,
6bb62c4802701bb4d7a29236bee0f110c63dc54ad0e50947c75bd2c2fe428e9e,2024-11,Essex Police,Essex Police,0.715854,51.550431,On or near Stuart Street,E01015874,Southend-on-Sea 006F,Violence and sexual offences,Action to be taken by another organisation,
,2024-11,Essex Police,Essex Police,0.728929,51.550523,On or near Pantile Avenue,E01015875,Southend-on-Sea 006G,Anti-social behaviour,,
,2024-11,Essex Police,Essex Police,0.730498,51.551899,On or near Lewes Road,E01015875,Southend-on-Sea 006G,Anti-social behaviour,,
,2024-11,Essex Police,Essex Police,0.726015,51.550299,On or near Sports/Recreation Area,E01015875,Southend-on-Sea 006G,Anti-social behaviour,,
,2024-11,Essex Police,Essex Police,0.730498,51.551899,On or near Lewes Road,E01015875,Southend-on-Sea 006G,Anti-social behaviour,,
b4b566890f072d6bf803c7e7f5dfccedec70037c521a748b04440e8e4b088b67,2024-11,Essex Police,Essex Police,0.732509,51.551753,On or near Lornes Close,E01015875,Southend-on-Sea 006G,Criminal damage and arson,Investigation complete; no suspect identified,
0890b6af1020fcc87e5494ecc47bc19644436ab7f4b1ce255e0ba8bca7f46bab,2024-11,Essex Police,Essex Police,0.732764,51.549759,On or near Cumberland Avenue,E01015875,Southend-on-Sea 006G,Criminal damage and arson,Unable to prosecute suspect,
07a33d3af4009ed798d45235af6408f95f2dfdd6dae715eb3789ad0ca0760598,2024-11,Essex Police,Essex Police,0.732509,51.551753,On or near Lornes Close,E01015875,Southend-on-Sea 006G,Other theft,Investigation complete; no suspect identified,
999a78406a8da3f5d7fe16fcadf73e762b33ab7c9b37995ad166648535c6034b,2024-11,Essex Police,Essex Police,0.726015,51.550299,On or near Sports/Recreation Area,E01015875,Southend-on-Sea 006G,Shoplifting,Investigation complete; no suspect identified,
d62d54dcf95a7281fc4c4b1c24c4a44b4a05fccee847add587bf87009572cc9f,2024-11,Essex Police,Essex Police,0.726015,51.550299,On or near Sports/Recreation Area,E01015875,Southend-on-Sea 006G,Violence and sexual offences,Investigation complete; no suspect identified,
49a3e1f81f7132f3420f6b21d1fc94966ec00b271a10f9417d9d8f78eab56ad1,2024-11,Essex Police,Essex Police,0.732509,51.551753,On or near Lornes Close,E01015875,Southend-on-Sea 006G,Violence and sexual offences,Unable to prosecute suspect,
0fde158466376882766f35df9d615b9d50585dba8d7a061109f458de7806e15d,2024-11,Essex Police,Essex Police,0.726015,51.550299,On or near Sports/Recreation Area,E01015875,Southend-on-Sea 006G,Violence and sexual offences,Unable to prosecute suspect,
18d5825a62b98ffca9940d95965feadef13c0e693d01a2c7ca3ffa0f41720443,2024-11,Essex Police,Essex Police,0.732764,51.549759,On or near Cumberland Avenue,E01015875,Southend-on-Sea 006G,Violence and sexual offences,Unable to prosecute suspect,
a40dc0ccb5909bf2c39662c436c8ff26fc44e74caaa6c3fc639442e3e4a3e0bd,2024-11,Essex Police,Essex Police,0.732020,51.551306,On or near Cokefield Avenue,E01015875,Southend-on-Sea 006G,Violence and sexual offences,Unable to prosecute suspect,
22dbe9733c41aaf85cbaf7e7a29aa2ae54c54c35dd4ab9ddb968b9bb1f88cdb8,2024-11,Essex Police,Essex Police,0.728929,51.550523,On or near Pantile Avenue,E01015875,Southend-on-Sea 006G,Violence and sexual offences,Investigation complete; no suspect identified,
59fa931d105bda9150350c0b23df8250daad737843097c4cf53e2df08cb20eff,2024-11,Essex Police,Essex Police,0.727242,51.550050,On or near Norwich Avenue,E01015875,Southend-on-Sea 006G,Violence and sexual offences,Unable to prosecute suspect,
f8f080650f160f8f513826d850c412ced9a329b9bd3fdf74394eb87113d300c6,2024-11,Essex Police,Essex Police,0.684502,51.547654,On or near Ronald Park Avenue,E01015901,Southend-on-Sea 007A,Drugs,Investigation complete; no suspect identified,
e0579679c23cd79ebb07e24b27307ac3acda76f5cf4829acd5ce7c74e7282cca,2024-11,Essex Police,Essex Police,0.682746,51.548945,On or near Hildaville Drive,E01015901,Southend-on-Sea 007A,Drugs,Local resolution,
08bfc486646c9cfbde04c21f1bb6dd9b2978b260ded9c94f15e6c6ee77919ed3,2024-11,Essex Police,Essex Police,0.685124,51.545958,On or near Tintern Mews,E01015901,Southend-on-Sea 007A,Drugs,Investigation complete; no suspect identified,
da31911d476f008afabf2799b7545014df5af858a86dd73844d84ff09c637e75,2024-11,Essex Police,Essex Police,0.683524,51.547704,On or near Fleetwood Avenue,E01015901,Southend-on-Sea 007A,Other theft,Status update unavailable,
418b63cae18e00046ba704f58f5477ae681c4e1fd648a50f9d0b353e43c3d23f,2024-11,Essex Police,Essex Police,0.682746,51.548945,On or near Hildaville Drive,E01015901,Southend-on-Sea 007A,Violence and sexual offences,Unable to prosecute suspect,
54c8e53ccca93b9d5ad3ee1f3f404c2fe6914192c864fe96601033d65cf68b26,2024-11,Essex Police,Essex Police,0.683524,51.547704,On or near Fleetwood Avenue,E01015901,Southend-on-Sea 007A,Violence and sexual offences,Unable to prosecute suspect,
0dfab3c6187484bf81bd0b45a89f8b8dfab63bfbcb469d553faf706dd6397c27,2024-11,Essex Police,Essex Police,0.683524,51.547704,On or near Fleetwood Avenue,E01015901,Southend-on-Sea 007A,Other crime,Further investigation is not in the public interest,
0e3f0f227207d593f57d09922ade6b3107e56618b8ebaba0cd16053e3441a17a,2024-11,Essex Police,Essex Police,0.691316,51.546518,On or near Ramuz Drive,E01015902,Southend-on-Sea 007B,Bicycle theft,Investigation complete; no suspect identified,
7ba5f64c13225e8f12ad4ab44ec0ee3ff3d4fb4d3c30806820baf361670f774c,2024-11,Essex Police,Essex Police,0.688361,51.546792,On or near Westborough Road,E01015902,Southend-on-Sea 007B,Burglary,Investigation complete; no suspect identified,
692ac132ed3c6c13ae83be694786feaa4608600dcc97f536a3c418a1bf5a88cf,2024-11,Essex Police,Essex Police,0.694254,51.546441,On or near Glenwood Avenue,E01015902,Southend-on-Sea 007B,Drugs,Court result unavailable,
8c4e5040985c691eb41e5cf09b1f875948d96865840105f10d0dee6c21c70c60,2024-11,Essex Police,Essex Police,0.688421,51.547079,On or near Northview Drive,E01015902,Southend-on-Sea 007B,Other theft,Unable to prosecute suspect,
ee14edef923e5e29a2a2b0dd9a0c7698f9071783652c7a17c14816ddcbe2bb40,2024-11,Essex Police,Essex Police,0.692295,51.546486,On or near Brightwell Avenue,E01015902,Southend-on-Sea 007B,Public order,Unable to prosecute suspect,
3fdccd2833714081bf54cb8fa359a96c5ef4c721731fecf822ce2a67de9540b7,2024-11,Essex Police,Essex Police,0.691165,51.544453,On or near Supermarket,E01015902,Southend-on-Sea 007B,Shoplifting,Investigation complete; no suspect identified,
5dd680e3f9ecafda99ce08e27f0719e245368ff1f6aed0da6a398a3c4725f5bd,2024-11,Essex Police,Essex Police,0.691165,51.544453,On or near Supermarket,E01015902,Southend-on-Sea 007B,Shoplifting,Court result unavailable,
33f1f12009ecddafb36deab4283a37a6e853f31d54e65c488a596c0a0e7b4b86,2024-11,Essex Police,Essex Police,0.691165,51.544453,On or near Supermarket,E01015902,Southend-on-Sea 007B,Shoplifting,Unable to prosecute suspect,
1cc0ae87623a14e3e55ae9b726601546a00f7d9688179c20e0e5b0d710813ddb,2024-11,Essex Police,Essex Police,0.691165,51.544453,On or near Supermarket,E01015902,Southend-on-Sea 007B,Shoplifting,Investigation complete; no suspect identified,
13bd984aa5bdb24578b079bcb2d8d41c58ce42205fe06a37c4b0b1a52713b157,2024-11,Essex Police,Essex Police,0.691165,51.544453,On or near Supermarket,E01015902,Southend-on-Sea 007B,Shoplifting,Investigation complete; no suspect identified,
1f91b87b223480dcf091b80e025c2a7d0418bfa016779540ec24d6139a0ccf22,2024-11,Essex Police,Essex Police,0.691165,51.544453,On or near Supermarket,E01015902,Southend-on-Sea 007B,Shoplifting,Court result unavailable,
2a4995500bbb7a8e370386339ff17542da49d79318a7539d7bc457b18f1b1347,2024-11,Essex Police,Essex Police,0.691165,51.544453,On or near Supermarket,E01015902,Southend-on-Sea 007B,Shoplifting,Unable to prosecute suspect,
e75b2888eaa0611b4126428e1ece0f4238f0769a4e8bc36e620b06874cc82199,2024-11,Essex Police,Essex Police,0.691165,51.544453,On or near Supermarket,E01015902,Southend-on-Sea 007B,Shoplifting,Court result unavailable,
cd03700bf0ba456dfb16244c67a8689f809df605e8b19ce967660c1cbb2ce00e,2024-11,Essex Police,Essex Police,0.694254,51.546441,On or near Glenwood Avenue,E01015902,Southend-on-Sea 007B,Violence and sexual offences,Unable to prosecute suspect,
96cd1762982d34722022e09859aa73bec6a0007bc682bbdb0176d0488c8ba4b6,2024-11,Essex Police,Essex Police,0.692295,51.546486,On or near Brightwell Avenue,E01015902,Southend-on-Sea 007B,Violence and sexual offences,Court result unavailable,
ea624d541ad2046937798419b101523be99efd0d620d62ae44f90f70e06092a4,2024-11,Essex Police,Essex Police,0.691316,51.546518,On or near Ramuz Drive,E01015902,Southend-on-Sea 007B,Violence and sexual offences,Court result unavailable,
f0ddd1223ccede617ae5f8b66045c37dd57e9b30790bf11c7734684b3d0d6664,2024-11,Essex Police,Essex Police,0.692295,51.546486,On or near Brightwell Avenue,E01015902,Southend-on-Sea 007B,Violence and sexual offences,Court result unavailable,
3aac584f3a94bee76064f033a90ce56da85c361107a27b61bb60ee3adb3075cd,2024-11,Essex Police,Essex Police,0.692295,51.546486,On or near Brightwell Avenue,E01015902,Southend-on-Sea 007B,Violence and sexual offences,Action to be taken by another organisation,
a719a4e2c1f7e70caff8debf8ede1e5e3bbcf34c6943e4a2d7b74b3f8040f4da,2024-11,Essex Police,Essex Police,0.693274,51.546455,On or near Hainault Avenue,E01015902,Southend-on-Sea 007B,Violence and sexual offences,Unable to prosecute suspect,
918dc330511f744948cd7fcb9ce61fcf0cf6624d468e8e44ebe038747a954879,2024-11,Essex Police,Essex Police,0.692295,51.546486,On or near Brightwell Avenue,E01015902,Southend-on-Sea 007B,Violence and sexual offences,Unable to prosecute suspect,
fa208bce2b8ffc9d2251b9c657323cb5e6e1e786899dd09645cfceff1e5c4f92,2024-11,Essex Police,Essex Police,0.692295,51.546486,On or near Brightwell Avenue,E01015902,Southend-on-Sea 007B,Violence and sexual offences,Unable to prosecute suspect,
139534563ff7ab479484cae778203b97a2c3505ac618f746b9b612472471dbdd,2024-11,Essex Police,Essex Police,0.694254,51.546441,On or near Glenwood Avenue,E01015902,Southend-on-Sea 007B,Violence and sexual offences,Unable to prosecute suspect,
f6ca4fa89d5b282c7fdd78ab1dbe74f0113dcaa83c99a09abb030371241f5b13,2024-11,Essex Police,Essex Police,0.691316,51.546518,On or near Ramuz Drive,E01015902,Southend-on-Sea 007B,Violence and sexual offences,Unable to prosecute suspect,
c30010f3f05117d396c1975a651708d67f1c05822432522dd31aed074bb6ff3d,2024-11,Essex Police,Essex Police,0.693274,51.546455,On or near Hainault Avenue,E01015902,Southend-on-Sea 007B,Violence and sexual offences,Investigation complete; no suspect identified,
3ae96afaed33783aa7501dd1cee21ad0a6d512b304096797a5e873a64907001c,2024-11,Essex Police,Essex Police,0.691316,51.546518,On or near Ramuz Drive,E01015902,Southend-on-Sea 007B,Violence and sexual offences,Unable to prosecute suspect,
275c473e2260dc4a258ed908627a86900009ab4661832ac0c70a6b960a3e7f41,2024-11,Essex Police,Essex Police,0.688421,51.547079,On or near Northview Drive,E01015902,Southend-on-Sea 007B,Violence and sexual offences,Unable to prosecute suspect,
d3d97f08f06a45901b926cc58d6e864aae5b703d1cd2ac9c35e315afe665fe5a,2024-11,Essex Police,Essex Police,0.693274,51.546455,On or near Hainault Avenue,E01015902,Southend-on-Sea 007B,Violence and sexual offences,Investigation complete; no suspect identified,
83aaa13666f18c089f59a0786983dcbfe600bd963a85cfce6958803514541e4d,2024-11,Essex Police,Essex Police,0.680751,51.548873,On or near Westminster Drive,E01015903,Southend-on-Sea 007C,Vehicle crime,Investigation complete; no suspect identified,
46f149d04e302150a9477d7fea0a221b9989b3623f76508462b0d9c33a361b41,2024-11,Essex Police,Essex Police,0.680751,51.548873,On or near Westminster Drive,E01015903,Southend-on-Sea 007C,Vehicle crime,Investigation complete; no suspect identified,
1fc0165b9e622cdd1179d7b7bfe014de6b792274e37b9446870a83d5f76e26a2,2024-11,Essex Police,Essex Police,0.680751,51.548873,On or near Westminster Drive,E01015903,Southend-on-Sea 007C,Violence and sexual offences,Unable to prosecute suspect,
,2024-11,Essex Police,Essex Police,0.687471,51.547847,On or near Electric Avenue,E01015904,Southend-on-Sea 007D,Anti-social behaviour,,
,2024-11,Essex Police,Essex Police,0.689581,51.550848,On or near Fielding Way,E01015904,Southend-on-Sea 007D,Anti-social behaviour,,
,2024-11,Essex Police,Essex Police,0.687471,51.547847,On or near Electric Avenue,E01015904,Southend-on-Sea 007D,Anti-social behaviour,,
438b58f82ab8a7a8d54927fe303664beb740f72ea117482eb32db048dc8106a1,2024-11,Essex Police,Essex Police,0.690594,51.550411,On or near Fairfax Drive,E01015904,Southend-on-Sea 007D,Burglary,Unable to prosecute suspect,
ed3542c30ebb0c4783cfe681ac32122672a3c00b95bafb77c72410b45111f141,2024-11,Essex Police,Essex Police,0.690594,51.550411,On or near Fairfax Drive,E01015904,Southend-on-Sea 007D,Drugs,Status update unavailable,
cb6bc65feff21b6b1f823c6f67997e932ea586f5bf5bffcd11e6512cd6bc4980,2024-11,Essex Police,Essex Police,0.685707,51.548760,On or near Tintern Avenue,E01015904,Southend-on-Sea 007D,Other theft,Unable to prosecute suspect,
7da22d90f656c0cbccbd49dcdeb9b52c366f32dd4a06c93dad33ea0383cec818,2024-11,Essex Police,Essex Police,0.690594,51.550411,On or near Fairfax Drive,E01015904,Southend-on-Sea 007D,Possession of weapons,Unable to prosecute suspect,
3688fcf127213dd4bf2e05cdfd87687eeeada8e615917f092fabcb9df32e7ae2,2024-11,Essex Police,Essex Police,0.691600,51.550603,On or near Brookside Crescent,E01015904,Southend-on-Sea 007D,Vehicle crime,Investigation complete; no suspect identified,
d20aba6ee6b31c275589d62cdfd80b3d78b01583b0a2abe2f21f75cd7ae0344b,2024-11,Essex Police,Essex Police,0.691600,51.550603,On or near Brookside Crescent,E01015904,Southend-on-Sea 007D,Vehicle crime,Investigation complete; no suspect identified,
886d99a552f63da174f2b54fb354f323e14de762471ef772327d511266b0ed35,2024-11,Essex Police,Essex Police,0.689424,51.546966,On or near Westcliff Park Drive,E01015904,Southend-on-Sea 007D,Violence and sexual offences,Unable to prosecute suspect,
285687f1b74df4f5019ef7f73032ca71783bffdec86154ec3ad42d2d35325deb,2024-11,Essex Police,Essex Police,0.687471,51.547847,On or near Electric Avenue,E01015904,Southend-on-Sea 007D,Violence and sexual offences,Unable to prosecute suspect,
7ce10e57a801ec4a80d4f18af03d032fb0f8addb54aba0436941d1914c143485,2024-11,Essex Police,Essex Police,0.686702,51.548755,On or near Southview Drive,E01015904,Southend-on-Sea 007D,Violence and sexual offences,Unable to prosecute suspect,
5e96a0d386764dfdd493669f4324c8d7b5f4f9e21e114b1f2a837d9aaa421bd5,2024-11,Essex Police,Essex Police,0.685707,51.548760,On or near Tintern Avenue,E01015904,Southend-on-Sea 007D,Violence and sexual offences,Local resolution,
f45b9354e20528796426fe928754d692d47ec068f56a0fc179ca91856b159a24,2024-11,Essex Police,Essex Police,0.691600,51.550603,On or near Brookside Crescent,E01015904,Southend-on-Sea 007D,Violence and sexual offences,Unable to prosecute suspect,
8a65d8623dee44dbde98e52fabd7849d6b78de64aeb420a13c49bb82fc50d76f,2024-11,Essex Police,Essex Police,0.685707,51.548760,On or near Tintern Avenue,E01015904,Southend-on-Sea 007D,Violence and sexual offences,Formal action is not in the public interest,
baacfbf2eb15dc17bddee9f65d33faa6769c3aaa4c612831078be087bc58d9b5,2024-11,Essex Police,Essex Police,0.691600,51.550603,On or near Brookside Crescent,E01015904,Southend-on-Sea 007D,Violence and sexual offences,Investigation complete; no suspect identified,
a9ddc31df458a81e5e82b6cbb37ca2049970cb0546b6a43ea2077ffe0d7c6758,2024-11,Essex Police,Essex Police,0.686702,51.548755,On or near Southview Drive,E01015904,Southend-on-Sea 007D,Violence and sexual offences,Unable to prosecute suspect,
71d5d973330392e7c103b30f2b9f514b793d8e291b9cc483a0efebf27dd5c176,2024-11,Essex Police,Essex Police,0.690594,51.550411,On or near Fairfax Drive,E01015904,Southend-on-Sea 007D,Violence and sexual offences,Local resolution,
dd08869c2667805d639a9dbab4f2fc6ddd71585c4b9f45431d3d408718f5c9b4,2024-11,Essex Police,Essex Police,0.685707,51.548760,On or near Tintern Avenue,E01015904,Southend-on-Sea 007D,Violence and sexual offences,Investigation complete; no suspect identified,
e2838693459309dec71a4d4ee43bfee15bac6121cd613dd2c8a5d3c2e24c0c08,2024-11,Essex Police,Essex Police,0.685707,51.548760,On or near Tintern Avenue,E01015904,Southend-on-Sea 007D,Violence and sexual offences,Local resolution,
54b306fa85a8b629c3c98b0055d9a450cfbe143e791a828024d1406dbe216d66,2024-11,Essex Police,Essex Police,0.685707,51.548760,On or near Tintern Avenue,E01015904,Southend-on-Sea 007D,Violence and sexual offences,Action to be taken by another organisation,
31625dcd403832fac1477b101081f38c97ca7c55604cf3be9ed75597b261f131,2024-11,Essex Police,Essex Police,0.691600,51.550603,On or near Brookside Crescent,E01015904,Southend-on-Sea 007D,Other crime,Unable to prosecute suspect,
558e75fc0874b2693b6dd66d9430e5ccc4527456bc22b578a24a9cc1341783b2,2024-11,Essex Police,Essex Police,0.691600,51.550603,On or near Brookside Crescent,E01015904,Southend-on-Sea 007D,Other crime,Court result unavailable,
,2024-11,Essex Police,Essex Police,0.678692,51.547697,On or near St Georges Park Avenue,E01015905,Southend-on-Sea 007E,Anti-social behaviour,,
5024e2f6c5cb9d7ec51d8d5e90b758302411a07bf5bf820ccef0790da0ce3ace,2024-11,Essex Police,Essex Police,0.678692,51.547697,On or near St Georges Park Avenue,E01015905,Southend-on-Sea 007E,Violence and sexual offences,Unable to prosecute suspect,
bf45e8f8bfd269dc0d075c9a0431e61a94925699896aa9e90a325701b32242b3,2024-11,Essex Police,Essex Police,0.694186,51.550166,On or near Highfield Crescent,E01015906,Southend-on-Sea 007F,Violence and sexual offences,Offender given a caution,
abcda41b7d8c53c3cb40d9ba8e630034cb8cc4e04a856fd8d792114f6e2de028,2024-11,Essex Police,Essex Police,0.695233,51.546410,On or near Inverness Avenue,E01015907,Southend-on-Sea 007G,Bicycle theft,Investigation complete; no suspect identified,
867e9bd4bbeebd8f8f3cc0c8c4a4099e85afcf81f414c49a714428827e5433d5,2024-11,Essex Police,Essex Police,0.695233,51.546410,On or near Inverness Avenue,E01015907,Southend-on-Sea 007G,Other theft,Unable to prosecute suspect,
26d9e41fe8376ae7015e5d50c85d61caf495fcde874453bbff438170b8a1f602,2024-11,Essex Police,Essex Police,0.695233,51.546410,On or near Inverness Avenue,E01015907,Southend-on-Sea 007G,Other theft,Investigation complete; no suspect identified,
d46e581ed18c33ee886e2d4623e641e12439839033455c9474a2c756d5b58e07,2024-11,Essex Police,Essex Police,0.695233,51.546410,On or near Inverness Avenue,E01015907,Southend-on-Sea 007G,Other theft,Investigation complete; no suspect identified,
f04e0e56336ab04b69745fb6508260f59eb80ae61ecfc44b52a23ed6a542a327,2024-11,Essex Police,Essex Police,0.697177,51.546356,On or near Wenham Drive,E01015907,Southend-on-Sea 007G,Violence and sexual offences,Action to be taken by another organisation,
2ed76462915d629ccf35d539cffa43c2a2c2a49bdc7fcd9a05fe3ad4b894bbb8,2024-11,Essex Police,Essex Police,0.697177,51.546356,On or near Wenham Drive,E01015907,Southend-on-Sea 007G,Violence and sexual offences,Unable to prosecute suspect,
4e1515a07e63570c7c7595077204d31b4daf19c540b58a424554bf8f48aa1306,2024-11,Essex Police,Essex Police,0.631905,51.547578,On or near Darenth Road,E01015908,Southend-on-Sea 008A,Criminal damage and arson,Investigation complete; no suspect identified,
063cb777e365f10fc2677034e950cba74008a410bf00b6046637349dde58645a,2024-11,Essex Police,Essex Police,0.635695,51.547763,On or near Park Road,E01015908,Southend-on-Sea 008A,Criminal damage and arson,Unable to prosecute suspect,
,2024-11,Essex Police,Essex Police,0.647057,51.548415,On or near A13,E01015909,Southend-on-Sea 008B,Anti-social behaviour,,
2831e44061528b7f2d09fff460b83a29b7eb32261e5aa12e7ddd508834d2d97d,2024-11,Essex Police,Essex Police,0.646255,51.547525,On or near Percy Road,E01015909,Southend-on-Sea 008B,Vehicle crime,Investigation complete; no suspect identified,
7f82faf6320e0c0ad0c75dc5986feb594e3a734aecbaafcd8402156e90f8a946,2024-11,Essex Police,Essex Police,0.647057,51.548415,On or near A13,E01015909,Southend-on-Sea 008B,Violence and sexual offences,Unable to prosecute suspect,
14a7d19b420a71b8720161b5767091a098a3d7b0c82b8d9a3b76c61c2952afd2,2024-11,Essex Police,Essex Police,0.646222,51.545215,On or near Westcliff Drive,E01015909,Southend-on-Sea 008B,Violence and sexual offences,Unable to prosecute suspect,
74f1bcde30eaa9ee21e92e1028024e816a864dc3126cd2eccd83e91397c50e99,2024-11,Essex Police,Essex Police,0.646255,51.547525,On or near Percy Road,E01015909,Southend-on-Sea 008B,Violence and sexual offences,Unable to prosecute suspect,
ea5143cddfaf73030340792f1837b01af83bd6f467162afe7b8b519c0f02970c,2024-11,Essex Police,Essex Police,0.646222,51.545215,On or near Westcliff Drive,E01015909,Southend-on-Sea 008B,Violence and sexual offences,Unable to prosecute suspect,
,2024-11,Essex Police,Essex Police,0.629555,51.537342,On or near Parking Area,E01015910,Southend-on-Sea 008C,Anti-social behaviour,,
cc4eed7019d4ca29a25c946e813a0bc14d39df9f4eb2c5bf5c1cb6b15d9802ed,2024-11,Essex Police,Essex Police,0.629358,51.548922,On or near Petrol Station,E01015910,Southend-on-Sea 008C,Other theft,Investigation complete; no suspect identified,
6d64332cab3724827f00c36245299590c9c6de1dbb0b6cd5c5d97c5e306d8a14,2024-11,Essex Police,Essex Police,0.629358,51.548922,On or near Petrol Station,E01015910,Southend-on-Sea 008C,Other theft,Investigation complete; no suspect identified,
ad9a19e7a2ec765bb827c21a03d3a875bdb98d9ebedb3d889c4ad97ab7b06936,2024-11,Essex Police,Essex Police,0.629358,51.548922,On or near Petrol Station,E01015910,Southend-on-Sea 008C,Other theft,Investigation complete; no suspect identified,
8304fc33fc2088ab848d1bf6869c9012e94929c4eeee3fd1d61bee1ad0165fd1,2024-11,Essex Police,Essex Police,0.629358,51.548922,On or near Petrol Station,E01015910,Southend-on-Sea 008C,Other theft,Local resolution,
77c58dd6ecb68fa778c711df249524942b0d809ae4bcbfc7367801c0f9a99a6c,2024-11,Essex Police,Essex Police,0.629358,51.548922,On or near Petrol Station,E01015910,Southend-on-Sea 008C,Other theft,Investigation complete; no suspect identified,
d4d4b8234dca9776e60d58891e6df72d4bd48ad50b301f7952761f796cdeba5b,2024-11,Essex Police,Essex Police,0.629358,51.548922,On or near Petrol Station,E01015910,Southend-on-Sea 008C,Other theft,Investigation complete; no suspect identified,
b4f614ab2f973f9d1de9c51af8f8586b7eac2f423ac90f652852ea280acfe0d5,2024-11,Essex Police,Essex Police,0.629358,51.548922,On or near Petrol Station,E01015910,Southend-on-Sea 008C,Other theft,Unable to prosecute suspect,
c3e5487ed9220bc09991e9a14b85186e556bea36aa29aab59745a6f4d83b8b5c,2024-11,Essex Police,Essex Police,0.629358,51.548922,On or near Petrol Station,E01015910,Southend-on-Sea 008C,Other theft,Investigation complete; no suspect identified,
8cec8aed77d8b48dfe17ee7de4e8f377d4fb3e501fb72fa63cc2f099fb3aa3c7,2024-11,Essex Police,Essex Police,0.629358,51.548922,On or near Petrol Station,E01015910,Southend-on-Sea 008C,Other theft,Investigation complete; no suspect identified,
cae15876df82dd5bcd58108129d3d40357118b21511f0293ff76fec3404b9faf,2024-11,Essex Police,Essex Police,0.629358,51.548922,On or near Petrol Station,E01015910,Southend-on-Sea 008C,Other theft,Court result unavailable,
b44bb6b11b4fb47ea1a5b69ddb58df5b99efc01fd7e5ae0676410c749d295431,2024-11,Essex Police,Essex Police,0.637313,51.539812,On or near Parking Area,E01015910,Southend-on-Sea 008C,Robbery,Investigation complete; no suspect identified,
a34bce88bf8c6f8645744edc2f1b2474b783ac711788c76e756845476ebf8334,2024-11,Essex Police,Essex Police,0.629283,51.546630,On or near Cottesmore Gardens,E01015910,Southend-on-Sea 008C,Violence and sexual offences,Unable to prosecute suspect,
952f422696bad7a079140a79cb99883bdf92a9bee4f75a5bf2beea5762dad8a5,2024-11,Essex Police,Essex Police,0.628632,51.549603,On or near Olive Avenue,E01015911,Southend-on-Sea 008D,Vehicle crime,Investigation complete; no suspect identified,
a07892f3e88322e57226a68a3e9c569a6000b18cf938641c4b13fd50cb00ac29,2024-11,Essex Police,Essex Police,0.632653,51.555035,On or near Cosgrove Avenue,E01015911,Southend-on-Sea 008D,Vehicle crime,Investigation complete; no suspect identified,
a7eb30601bba773a39f7dac78686522b83fe14b3ead5fd179287fc8f6a149c38,2024-11,Essex Police,Essex Police,0.628684,51.553505,On or near St Davids Terrace,E01015911,Southend-on-Sea 008D,Violence and sexual offences,Unable to prosecute suspect,
1b75a4922f26fd9ea0bdab661186b49a64528108bde8cf34a5dc76a47fedc330,2024-11,Essex Police,Essex Police,0.626328,51.553171,On or near St Davids Drive,E01015911,Southend-on-Sea 008D,Violence and sexual offences,Unable to prosecute suspect,
cd85af94f66d91d13d9d0dd6f00ceab9d9beb86d678c31c8b47efe83bee9f889,2024-11,Essex Police,Essex Police,0.628684,51.553505,On or near St Davids Terrace,E01015911,Southend-on-Sea 008D,Violence and sexual offences,Unable to prosecute suspect,
bdc816b399c5d577387b5172af7b305d7e61ca01557cf2fd2e5b9a1acd87e768,2024-11,Essex Police,Essex Police,0.627140,51.550743,On or near Hamilton Close,E01015911,Southend-on-Sea 008D,Other crime,Status update unavailable,
,2024-11,Essex Police,Essex Police,0.638617,51.550881,On or near Dundee Close,E01015912,Southend-on-Sea 008E,Anti-social behaviour,,
33ae061b86a073cc0a504ee76162bdcb7cdad41db8318db733d87f43001d91ca,2024-11,Essex Police,Essex Police,0.631401,51.550081,On or near Sutherland Boulevard,E01015912,Southend-on-Sea 008E,Other theft,Investigation complete; no suspect identified,
4bb99939eed316c8a1c190f5b5e128ff4dbebf190c8985b55f1bc20d4c323635,2024-11,Essex Police,Essex Police,0.638617,51.550881,On or near Dundee Close,E01015912,Southend-on-Sea 008E,Violence and sexual offences,Investigation complete; no suspect identified,
67c6e28c957d5bf14d06587041cc4e3d7827bb79eac9b5ef6215b67af2de969c,2024-11,Essex Police,Essex Police,0.632273,51.551194,On or near Highlands Boulevard,E01015912,Southend-on-Sea 008E,Violence and sexual offences,Unable to prosecute suspect,
,2024-11,Essex Police,Essex Police,0.637956,51.548684,On or near Barnard Road,E01015913,Southend-on-Sea 008F,Anti-social behaviour,,
7ea9a19c0c0ce35f5f580d1912d2ff96131e49fa64d9398135a7276d292d3688,2024-11,Essex Police,Essex Police,0.630927,51.548617,On or near Parking Area,E01015913,Southend-on-Sea 008F,Other theft,Investigation complete; no suspect identified,
ecf8ad5057284b3b406898eb05b95b2b293917c5f896fa932bab3064b6430795,2024-11,Essex Police,Essex Police,0.630927,51.548617,On or near Parking Area,E01015913,Southend-on-Sea 008F,Public order,Unable to prosecute suspect,
6881ce0b982ec4a7b78511bd1d1406d64c82abf0df0d1525a286837f09cbaa5a,2024-11,Essex Police,Essex Police,0.630927,51.548617,On or near Parking Area,E01015913,Southend-on-Sea 008F,Shoplifting,Unable to prosecute suspect,
99b3b2585ca1c9233faf69a997bf1254009a984258fdf084a3597a837e5cc241,2024-11,Essex Police,Essex Police,0.641794,51.549200,On or near Fairview Gardens,E01015913,Southend-on-Sea 008F,Violence and sexual offences,Unable to prosecute suspect,
094047625ca8f2217fa1a46b7a4bfad8435d54d4245065f6f037f5886fc4de14,2024-11,Essex Police,Essex Police,0.636552,51.548113,On or near Hospital,E01015913,Southend-on-Sea 008F,Violence and sexual offences,Unable to prosecute suspect,
04a0282e4e5df5bf5b4e4ceb746a61a12909564a6406ae46eab0b8b894f20f43,2024-11,Essex Police,Essex Police,0.757532,51.544251,On or near Albert Road,E01015883,Southend-on-Sea 009A,Drugs,Court result unavailable,
49953756eeca5b9babf985c12a23f49294034c9b9c129126e5ba0554a82881e6,2024-11,Essex Police,Essex Police,0.756425,51.543918,On or near Petrol Station,E01015883,Southend-on-Sea 009A,Other theft,Investigation complete; no suspect identified,
733abcbf91d1fc8ef77927e17541fb5da7952b7379db720fcf217789d0ccee1d,2024-11,Essex Police,Essex Police,0.757532,51.544251,On or near Albert Road,E01015883,Southend-on-Sea 009A,Public order,Formal action is not in the public interest,
fdedd42a9f7b11eecbc03cee8334c07cf9f0ccada4c5c7b27ed807eb909eb762,2024-11,Essex Police,Essex Police,0.754526,51.541776,On or near Waterhale,E01015883,Southend-on-Sea 009A,Violence and sexual offences,Unable to prosecute suspect,
d99c0a964d7bfacb1a5031ff0afb415ee21765caa7315fc21ba8e2ded3158b54,2024-11,Essex Police,Essex Police,0.751630,51.541592,On or near Coptfold Close,E01015883,Southend-on-Sea 009A,Violence and sexual offences,Unable to prosecute suspect,
b1d75ea68dca929dcb0f9c031d591bc8048405fc48caf5af3be03ec4984be1c4,2024-11,Essex Police,Essex Police,0.756425,51.543918,On or near Petrol Station,E01015883,Southend-on-Sea 009A,Violence and sexual offences,Unable to prosecute suspect,
3b9d34c63812fb370ae6027acea56cd8e7955c0943252fe3808dbd82785bcf22,2024-11,Essex Police,Essex Police,0.752387,51.542663,On or near Bovinger Way,E01015883,Southend-on-Sea 009A,Violence and sexual offences,Unable to prosecute suspect,
b54183f9fe0256969a10b4677b6c857b5fad7e1bf502ae555a8cdf31a29d9111,2024-11,Essex Police,Essex Police,0.756425,51.543918,On or near Petrol Station,E01015883,Southend-on-Sea 009A,Violence and sexual offences,Unable to prosecute suspect,
732e5e696f2ce180fdefd69b86036c04ac4dba02c6d051650e8cf6f18e26b296,2024-11,Essex Police,Essex Police,0.751630,51.541592,On or near Coptfold Close,E01015883,Southend-on-Sea 009A,Other crime,Local resolution,
,2024-11,Essex Police,Essex Police,0.737940,51.541301,On or near Parking Area,E01015884,Southend-on-Sea 009B,Anti-social behaviour,,
cee060104fc0ab5dc2c97e855ba74c81521b004cf25bf025d8be9b7f867364bd,2024-11,Essex Police,Essex Police,0.737940,51.541301,On or near Parking Area,E01015884,Southend-on-Sea 009B,Criminal damage and arson,Investigation complete; no suspect identified,
2da9ca87e32fc6138c5822305602343e13df6bdd3ea6cd64d6f660e4c72dfbda,2024-11,Essex Police,Essex Police,0.735579,51.540898,On or near Petrol Station,E01015884,Southend-on-Sea 009B,Other theft,Investigation complete; no suspect identified,
b7711da60f483250c403ff7739c171a0422f5ad7cbea9db08bbf5d0c87d166c6,2024-11,Essex Police,Essex Police,0.736078,51.539591,On or near Fernbrook Avenue,E01015884,Southend-on-Sea 009B,Public order,Unable to prosecute suspect,
30047720dfd6fe1b755a7f28531a474ff534f0351817388825652e334b9f9480,2024-11,Essex Police,Essex Police,0.735579,51.540898,On or near Petrol Station,E01015884,Southend-on-Sea 009B,Robbery,Court result unavailable,
4d048d67969654ddd157ddfedf204b967967d03a47ff5da853f1b8cc9453016f,2024-11,Essex Police,Essex Police,0.741116,51.539437,On or near Eros Avenue,E01015884,Southend-on-Sea 009B,Vehicle crime,Unable to prosecute suspect,
c04d99ade4fcec7cadb5753a4e520295d0c49a555a6e98b17e6ed10fd436194c,2024-11,Essex Police,Essex Police,0.737687,51.540930,On or near Dalmatia Road,E01015884,Southend-on-Sea 009B,Violence and sexual offences,Investigation complete; no suspect identified,
a62cec960a8738f08f5465df1e7ec92bc2db644fd949353db2b5a275a5517710,2024-11,Essex Police,Essex Police,0.737940,51.541301,On or near Parking Area,E01015884,Southend-on-Sea 009B,Violence and sexual offences,Investigation complete; no suspect identified,
190bf807d86577cfc30be825dd1669695b60c04307a884ed3be4a93d5d5538f8,2024-11,Essex Police,Essex Police,0.737687,51.540930,On or near Dalmatia Road,E01015884,Southend-on-Sea 009B,Violence and sexual offences,Unable to prosecute suspect,
65b52605ba97611a5842719778fe7449107bf38cacc1f0f6d7846752b443ac95,2024-11,Essex Police,Essex Police,0.737940,51.541301,On or near Parking Area,E01015884,Southend-on-Sea 009B,Violence and sexual offences,Unable to prosecute suspect,
10e8721bc7506d906015356be23ddd3712994442353ca38f1e8970f32ee5864b,2024-11,Essex Police,Essex Police,0.736078,51.539591,On or near Fernbrook Avenue,E01015884,Southend-on-Sea 009B,Violence and sexual offences,Unable to prosecute suspect,
df1f0d0e28fc4c3251f3ff5c88c456d3b40f5a611e41af640bf4dbc9fc68a7d3,2024-11,Essex Police,Essex Police,0.736078,51.539591,On or near Fernbrook Avenue,E01015884,Southend-on-Sea 009B,Violence and sexual offences,Unable to prosecute suspect,
63cc46778688495c216a70aa44c679824ccab788cddc32af32da5b29d8f1a5e2,2024-11,Essex Police,Essex Police,0.736078,51.539591,On or near Fernbrook Avenue,E01015884,Southend-on-Sea 009B,Violence and sexual offences,Unable to prosecute suspect,
da8c82fe106f654d0f93151ce8aa11e5ff82f9ddbd27fe3ea329012fac21597b,2024-11,Essex Police,Essex Police,0.736078,51.539591,On or near Fernbrook Avenue,E01015884,Southend-on-Sea 009B,Violence and sexual offences,Local resolution,
7f77dd33a2236c40c53964377d311245a613cc90354f3697feef70b6e19810d1,2024-11,Essex Police,Essex Police,0.737940,51.541301,On or near Parking Area,E01015884,Southend-on-Sea 009B,Violence and sexual offences,Investigation complete; no suspect identified,
a534177da71e6f8b4c7480c0fa74810ac80d005b4b24be2ff4fc48dfbe0606a4,2024-11,Essex Police,Essex Police,0.737940,51.541301,On or near Parking Area,E01015884,Southend-on-Sea 009B,Violence and sexual offences,Investigation complete; no suspect identified,
1a956d2892748b479bc17076802b972709a6ffd5d3196ae355f0b8c33271e164,2024-11,Essex Police,Essex Police,0.736202,51.540937,On or near Brighton Avenue,E01015884,Southend-on-Sea 009B,Other crime,Unable to prosecute suspect,
acfef732d04cd94f41e6646993f5ea8e9c762dceb0b333d19ad0ff942f4b1073,2024-11,Essex Police,Essex Police,0.741044,51.539907,On or near Athena Close,E01015884,Southend-on-Sea 009B,Other crime,Unable to prosecute suspect,
8cddba0b8165bbd7a2d9e865e710c9670d8fdc599128743debdd5eebf1d8dab8,2024-11,Essex Police,Essex Police,0.771854,51.542816,On or near Plymtree,E01015885,Southend-on-Sea 009C,Violence and sexual offences,Unable to prosecute suspect,
568e358a8f0b7243304e68b02c87d89cc47bd95f2bb5c475e1f4132243db3605,2024-11,Essex Police,Essex Police,0.769416,51.540445,On or near Burlescoombe Road,E01015885,Southend-on-Sea 009C,Violence and sexual offences,Unable to prosecute suspect,
4024b303b61fcbc25326486ee946825892ab5579602c62935f1171559c0088d8,2024-11,Essex Police,Essex Police,0.771854,51.542816,On or near Plymtree,E01015885,Southend-on-Sea 009C,Violence and sexual offences,Unable to prosecute suspect,
6816491e489ff5ddf6bd01cdab79f5468b8061f9580e001f9f1445fb59447137,2024-11,Essex Police,Essex Police,0.739770,51.550396,On or near Lincoln Chase,E01015886,Southend-on-Sea 009D,Other theft,Unable to prosecute suspect,
7015ecaddad45a93f25af800f5a58094df610f64b19959497da55e4163ec231e,2024-11,Essex Police,Essex Police,0.743800,51.549996,On or near Vallance Close,E01015886,Southend-on-Sea 009D,Other theft,Unable to prosecute suspect,
cb4754ee6b13f0273fc8e8d06856380d44b3b2c563d6a317ca3186edd71dcc19,2024-11,Essex Police,Essex Police,0.739770,51.550396,On or near Lincoln Chase,E01015886,Southend-on-Sea 009D,Possession of weapons,Court result unavailable,
da379672e344bb4ef69f6a4f94e0808071d4ecd35513cd5d8cd2f8f3c37cafce,2024-11,Essex Police,Essex Police,0.742955,51.550816,On or near Archer Close,E01015886,Southend-on-Sea 009D,Violence and sexual offences,Unable to prosecute suspect,
2ca66ef4666bb4266f5d03d1588282d2de9403088d1f10b6fa4486170d66556c,2024-11,Essex Police,Essex Police,0.741995,51.549256,On or near Sherwood Way,E01015886,Southend-on-Sea 009D,Violence and sexual offences,Court result unavailable,
7b9a1d57a37ca1e1ed3801891a8e2c047511d3e0fee77af00a61fb2c391a4793,2024-11,Essex Police,Essex Police,0.741995,51.549256,On or near Sherwood Way,E01015886,Southend-on-Sea 009D,Violence and sexual offences,Court result unavailable,
786afd498eedbd3eba37142a7d3449fef3083f808158d94ccfd97cc3b352c3eb,2024-11,Essex Police,Essex Police,0.741995,51.549256,On or near Sherwood Way,E01015886,Southend-on-Sea 009D,Violence and sexual offences,Court result unavailable,
8b3c689a3f628e7617b8d131166a1ede8606da3bd48fa413051fba1e0af94dde,2024-11,Essex Police,Essex Police,0.736073,51.551292,On or near Archer Avenue,E01015886,Southend-on-Sea 009D,Violence and sexual offences,Unable to prosecute suspect,
afa563779b397a176031c39acf76836f658516b9acff30dab62c2d1bade7bddb,2024-11,Essex Police,Essex Police,0.741995,51.549256,On or near Sherwood Way,E01015886,Southend-on-Sea 009D,Violence and sexual offences,Unable to prosecute suspect,
,2024-11,Essex Police,Essex Police,0.742304,51.547675,On or near Whittingham Avenue,E01015887,Southend-on-Sea 009E,Anti-social behaviour,,
,2024-11,Essex Police,Essex Police,0.742304,51.547675,On or near Whittingham Avenue,E01015887,Southend-on-Sea 009E,Anti-social behaviour,,
dfe6da2cd5e217bd74c51fc9710f3b2c02cff73d9e11fd69c7ae45197ee9cbc6,2024-11,Essex Police,Essex Police,0.736732,51.546897,On or near Hamstel Road,E01015887,Southend-on-Sea 009E,Other theft,Action to be taken by another organisation,
7bb0012980b46a8c42d08d97805909790f865afdaf550ade58e5f83710d37bf5,2024-11,Essex Police,Essex Police,0.736732,51.546897,On or near Hamstel Road,E01015887,Southend-on-Sea 009E,Possession of weapons,Court result unavailable,
7bdfe1f4e81fac9764c92d66f41c92a1b6f04e465165d95e9d53b7eac033e04d,2024-11,Essex Police,Essex Police,0.736077,51.548477,On or near Crossfield Road,E01015887,Southend-on-Sea 009E,Theft from the person,Status update unavailable,
b7ed02da1b7cd1d2f61d480be8391035bc9e541ba156c03185790fe6127d6619,2024-11,Essex Police,Essex Police,0.736077,51.548477,On or near Crossfield Road,E01015887,Southend-on-Sea 009E,Violence and sexual offences,Unable to prosecute suspect,
e20d8c122e61984b35875a18e73285aa7c6f9651769be1960ed75d241f91acc9,2024-11,Essex Police,Essex Police,0.745038,51.548528,On or near Wickmead Close,E01015887,Southend-on-Sea 009E,Violence and sexual offences,Unable to prosecute suspect,
906c5ea4412fd24ed5def596de4a56fce49dde095364c03ffb9286a307035c22,2024-11,Essex Police,Essex Police,0.736732,51.546897,On or near Hamstel Road,E01015887,Southend-on-Sea 009E,Violence and sexual offences,Unable to prosecute suspect,
047f251ddd2838878e923f15fbddec8f5f9ec773504068db09924559526e465b,2024-11,Essex Police,Essex Police,0.742304,51.547675,On or near Whittingham Avenue,E01015887,Southend-on-Sea 009E,Violence and sexual offences,Unable to prosecute suspect,
ea6a43f1bd2b02749f2fa6dce1f52686dc6ac2e0d330a9c1c9910706e506c9f5,2024-11,Essex Police,Essex Police,0.744808,51.549262,On or near Welch Close,E01015887,Southend-on-Sea 009E,Violence and sexual offences,Unable to prosecute suspect,
9cd4e16fa490397655c403be50c206915900d5ecbb573eff4aff0ae33f76f689,2024-11,Essex Police,Essex Police,0.742304,51.547675,On or near Whittingham Avenue,E01015887,Southend-on-Sea 009E,Violence and sexual offences,Unable to prosecute suspect,
373243c5968bacd28cfe7c4de81967555e3d9f9b7e4d930662ab6cf394bd7882,2024-11,Essex Police,Essex Police,0.749649,51.547476,On or near Boyden Close,E01015888,Southend-on-Sea 009F,Violence and sexual offences,Action to be taken by another organisation,
1752973ba9dc6d92a75114d5262ec0c0eb5505056f67a4b33287bda26d00d687,2024-11,Essex Police,Essex Police,0.747474,51.553993,On or near Rebels Lane,E01015888,Southend-on-Sea 009F,Violence and sexual offences,Unable to prosecute suspect,
,2024-11,Essex Police,Essex Police,0.701313,51.543617,On or near Albany Avenue,E01015896,Southend-on-Sea 010B,Anti-social behaviour,,
,2024-11,Essex Police,Essex Police,0.705898,51.543106,On or near Boston Avenue,E01015896,Southend-on-Sea 010B,Anti-social behaviour,,
3490ffc1684889f7306e348faa42dabafea421d259b13fa518bf954b8cd1fb1c,2024-11,Essex Police,Essex Police,0.701422,51.543021,On or near Cliff Avenue,E01015896,Southend-on-Sea 010B,Burglary,Investigation complete; no suspect identified,
b750aa17e6c05c9736c92ea1e45e7968ac5355dafc8dae316ada4b8a27d014e4,2024-11,Essex Police,Essex Police,0.705898,51.543106,On or near Boston Avenue,E01015896,Southend-on-Sea 010B,Criminal damage and arson,Investigation complete; no suspect identified,
532f4166cca27f59869b1a73666bb7605e75afb6dd718b76f2e928898d8269aa,2024-11,Essex Police,Essex Police,0.701422,51.543021,On or near Cliff Avenue,E01015896,Southend-on-Sea 010B,Criminal damage and arson,Unable to prosecute suspect,
f8e50bd1fee8af32870f253c2c0cdf7986bf8241b1286ab723635f2ab8cd5521,2024-11,Essex Police,Essex Police,0.707054,51.543619,On or near Baxter Avenue,E01015896,Southend-on-Sea 010B,Drugs,Local resolution,
c6b6feefccce9cca5ff89aa4a3d21a046682801860b79217422b5e1a760c5f22,2024-11,Essex Police,Essex Police,0.701422,51.543021,On or near Cliff Avenue,E01015896,Southend-on-Sea 010B,Drugs,Local resolution,
81dcd3d1703dc294e89dc5716770b08d5d59caccd7c56297a749203cb683aa15,2024-11,Essex Police,Essex Police,0.701422,51.543021,On or near Cliff Avenue,E01015896,Southend-on-Sea 010B,Drugs,Investigation complete; no suspect identified,
977425584840c03f3d775a6608dc1a1a74be044fa9f4ab3c1d69326dda72a563,2024-11,Essex Police,Essex Police,0.698179,51.541845,On or near Richmond Avenue,E01015896,Southend-on-Sea 010B,Drugs,Investigation complete; no suspect identified,
c5dad908829d47eb6e6e7a487600e8061a93530db4403ecff0af0032c01a28da,2024-11,Essex Police,Essex Police,0.707054,51.543619,On or near Baxter Avenue,E01015896,Southend-on-Sea 010B,Drugs,Local resolution,
91184fca468e1be9f26aa1cec6efa95b071e871d110a1a770f9b6e264ddc8f98,2024-11,Essex Police,Essex Police,0.699875,51.540772,On or near Summercourt Road,E01015896,Southend-on-Sea 010B,Other theft,Investigation complete; no suspect identified,
b22968444f7416e3068d04daa9a71ebb03d30f95212445092e4f636138f21cb8,2024-11,Essex Police,Essex Police,0.702098,51.540559,On or near Parking Area,E01015896,Southend-on-Sea 010B,Possession of weapons,Local resolution,
60d06d36a24c235bd27b749266493604b49af1f0bd3c8a8a30014c3b0782102e,2024-11,Essex Police,Essex Police,0.701422,51.543021,On or near Cliff Avenue,E01015896,Southend-on-Sea 010B,Public order,Investigation complete; no suspect identified,
923991ca2e00c4defd3499b8642ce69a7c7b0045236a32b9d738d0e4a945092a,2024-11,Essex Police,Essex Police,0.701422,51.543021,On or near Cliff Avenue,E01015896,Southend-on-Sea 010B,Public order,Action to be taken by another organisation,
7a7ff86fdf565341b6e0edd76f569adf9176cd8e84c5c4cc5a346db4c62a1d59,2024-11,Essex Police,Essex Police,0.701422,51.543021,On or near Cliff Avenue,E01015896,Southend-on-Sea 010B,Public order,Action to be taken by another organisation,
6f32d431ca4b2b576a5ac6a9aee5f81d2b1306c442e5027a71ea82cf322e6909,2024-11,Essex Police,Essex Police,0.701422,51.543021,On or near Cliff Avenue,E01015896,Southend-on-Sea 010B,Public order,Action to be taken by another organisation,
a6cfe6116a538c9bcdf7e14824452e16c337e9069799ac45c2ab3d97cb16a59e,2024-11,Essex Police,Essex Police,0.699875,51.540772,On or near Summercourt Road,E01015896,Southend-on-Sea 010B,Public order,Investigation complete; no suspect identified,
f921586d195fb0e25ae2d78082980484e3426ec47c48cee4f7b603253b1048c8,2024-11,Essex Police,Essex Police,0.707054,51.543619,On or near Baxter Avenue,E01015896,Southend-on-Sea 010B,Public order,Unable to prosecute suspect,
b42f2795d6d571cf9ac1a4d69ffce84f63e8304d975f5dcc67a38295429c0ef1,2024-11,Essex Police,Essex Police,0.699875,51.540772,On or near Summercourt Road,E01015896,Southend-on-Sea 010B,Robbery,Investigation complete; no suspect identified,
e76ab94b1ba2c7aa7f63b107b714d2946101be96493399309b93353889feee85,2024-11,Essex Police,Essex Police,0.699875,51.540772,On or near Summercourt Road,E01015896,Southend-on-Sea 010B,Shoplifting,Investigation complete; no suspect identified,
0c29e88061e9916082678962146c8a4129cbf8f3216333949961a3c6f7fc2174,2024-11,Essex Police,Essex Police,0.705898,51.543106,On or near Boston Avenue,E01015896,Southend-on-Sea 010B,Theft from the person,Unable to prosecute suspect,
a56a67728bfa73f2d14e149fa437b8068c89c4a5128228ea822dd2adf172cec6,2024-11,Essex Police,Essex Police,0.699875,51.540772,On or near Summercourt Road,E01015896,Southend-on-Sea 010B,Theft from the person,Investigation complete; no suspect identified,
b814eb6c1aa07232c0e4810fc20b1a4b9031fe6723ea77f6a62be642a0550f77,2024-11,Essex Police,Essex Police,0.703719,51.543813,On or near Sweyne Avenue,E01015896,Southend-on-Sea 010B,Violence and sexual offences,Formal action is not in the public interest,
f63aee6f3e62f81cba095e22adbd6be2ca2d39f49fdf36071b90ffb42ac7035d,2024-11,Essex Police,Essex Police,0.701422,51.543021,On or near Cliff Avenue,E01015896,Southend-on-Sea 010B,Violence and sexual offences,Investigation complete; no suspect identified,
fe535e1998b6bac3cd665ce53aaee72b6ed0486072f99919b35ec2d88227419c,2024-11,Essex Police,Essex Police,0.705898,51.543106,On or near Boston Avenue,E01015896,Southend-on-Sea 010B,Violence and sexual offences,Investigation complete; no suspect identified,
454b77819d14c71c71e4e30de061a9d5cd8608bb35afd4129467adf8d9fff1a4,2024-11,Essex Police,Essex Police,0.705898,51.543106,On or near Boston Avenue,E01015896,Southend-on-Sea 010B,Violence and sexual offences,Unable to prosecute suspect,
4066f1314aceddd2e554f77d815a7bbeab423fe16cd8524527dcf2e987ceae26,2024-11,Essex Police,Essex Police,0.702134,51.542860,On or near Further/Higher Educational Building,E01015896,Southend-on-Sea 010B,Violence and sexual offences,Unable to prosecute suspect,
12b27bb32b688b14c967bdc7ac988d7246a51c797869603b2cf3c4b67f2251d6,2024-11,Essex Police,Essex Police,0.699875,51.540772,On or near Summercourt Road,E01015896,Southend-on-Sea 010B,Violence and sexual offences,Unable to prosecute suspect,
2879e3d0e7e1e0c86dd3af2bea58f4be5d23991d88527938b16281c292a40d3d,2024-11,Essex Police,Essex Police,0.699875,51.540772,On or near Summercourt Road,E01015896,Southend-on-Sea 010B,Violence and sexual offences,Unable to prosecute suspect,
06711db7290b7b0dfeac838af714c66823105bf7ab43fde0e02d2b3999fb59d5,2024-11,Essex Police,Essex Police,0.699408,51.542869,On or near Balmoral Road,E01015896,Southend-on-Sea 010B,Violence and sexual offences,Unable to prosecute suspect,
98c7ec2fb1abbd3c612b46e17fc4436db6d3c4f4b4d4bbbb8929bc6d82f9a2cb,2024-11,Essex Police,Essex Police,0.705898,51.543106,On or near Boston Avenue,E01015896,Southend-on-Sea 010B,Violence and sexual offences,Unable to prosecute suspect,
33ae933d702ded7df7e8c682e2901cf2667a1f95d5cd189a92c831a135738f1b,2024-11,Essex Police,Essex Police,0.699875,51.540772,On or near Summercourt Road,E01015896,Southend-on-Sea 010B,Other crime,Unable to prosecute suspect,
111383d3fc7baa0c456736012c8213c41cd2f4192881a7d9e0c77cebe064a57f,2024-11,Essex Police,Essex Police,0.699875,51.540772,On or near Summercourt Road,E01015896,Southend-on-Sea 010B,Other crime,Unable to prosecute suspect,
784f335c1f51ab2217c86f3e3eb34c8b7339f9c8e27acc56ce7a5210547a89a7,2024-11,Essex Police,Essex Police,0.705898,51.543106,On or near Boston Avenue,E01015896,Southend-on-Sea 010B,Other crime,Unable to prosecute suspect,
,2024-11,Essex Police,Essex Police,0.718793,51.547944,On or near Sycamore Grove,E01015897,Southend-on-Sea 010C,Anti-social behaviour,,
e1eeca8ed10803c45ec1bacca15a79306b495fa91aff071aca185e3200db7577,2024-11,Essex Police,Essex Police,0.717473,51.549521,On or near Ruskin Avenue,E01015897,Southend-on-Sea 010C,Burglary,Court result unavailable,
242d09a7732c00d93ca70a85616cca35c835f8e70c90550d16d3b8959fc983e3,2024-11,Essex Police,Essex Police,0.720377,51.547907,On or near Shelley Square,E01015897,Southend-on-Sea 010C,Criminal damage and arson,Court result unavailable,
3461a31a2dd089faec2859816243795a18c71c7f51026868aab13b80c86fbc60,2024-11,Essex Police,Essex Police,0.720157,51.547120,On or near Byron Avenue,E01015897,Southend-on-Sea 010C,Criminal damage and arson,Investigation complete; no suspect identified,
57a28792b4b13575dde896f6baf6e92c84f798334a314530d31cf7587c0b56e1,2024-11,Essex Police,Essex Police,0.717244,51.547845,On or near Browning Avenue,E01015897,Southend-on-Sea 010C,Drugs,Court result unavailable,
9626f9bc56717650f3cf933378c27a985e640140797cf59ab2b038532eb23a28,2024-11,Essex Police,Essex Police,0.716228,51.548722,On or near Cedar Close,E01015897,Southend-on-Sea 010C,Vehicle crime,Investigation complete; no suspect identified,
c989686a0ff7c39b4008db7a4dbc3f19bb880e79623d213197ee4dbd9177d37b,2024-11,Essex Police,Essex Police,0.717571,51.548017,On or near Chestnut Grove,E01015897,Southend-on-Sea 010C,Violence and sexual offences,Unable to prosecute suspect,
478f6c9467542880f1254b0202332bf989f2ec07784823c5dddf99f4a541240a,2024-11,Essex Police,Essex Police,0.713278,51.546416,On or near Bircham Road,E01015897,Southend-on-Sea 010C,Violence and sexual offences,Offender given a caution,
5784d34c90832c88ad7ea9af4a910c2ca7dfaee2dbf5187705a481591ebf0540,2024-11,Essex Police,Essex Police,0.717244,51.547845,On or near Browning Avenue,E01015897,Southend-on-Sea 010C,Violence and sexual offences,Unable to prosecute suspect,
525e8b5b2b3125f25d342098887d310858e5fbfeb8efd58737919928f0fb4a84,2024-11,Essex Police,Essex Police,0.713703,51.548943,On or near Glenhurst Road,E01015897,Southend-on-Sea 010C,Violence and sexual offences,Unable to prosecute suspect,
86f468180a96eb6a228adc10b38aa5cb7ff3da5edf2256bfc90abbed7866a85a,2024-11,Essex Police,Essex Police,0.714105,51.547701,On or near Vale Avenue,E01015897,Southend-on-Sea 010C,Violence and sexual offences,Unable to prosecute suspect,
be54e5ad9224a97383c5704148544cadf56012acfe13fca53bfbaf5f48cddac1,2024-11,Essex Police,Essex Police,0.720122,51.548695,On or near Tennyson Avenue,E01015897,Southend-on-Sea 010C,Violence and sexual offences,Unable to prosecute suspect,
ad84ba53d5fbba4607af9f3164be2cd9e848d2d1f4361a0a2da2259d0a952fcb,2024-11,Essex Police,Essex Police,0.720377,51.547907,On or near Shelley Square,E01015897,Southend-on-Sea 010C,Violence and sexual offences,Unable to prosecute suspect,
,2024-11,Essex Police,Essex Police,0.719545,51.546046,On or near Dryden Avenue,E01015898,Southend-on-Sea 010D,Anti-social behaviour,,
3459df08684a0a25aa2e904e7244706c533146ee8af97f3adb68b53008f63628,2024-11,Essex Police,Essex Police,0.715239,51.546398,On or near Redstock Road,E01015898,Southend-on-Sea 010D,Criminal damage and arson,Local resolution,
228e76f6089d8b7ce736b1722aeface4f0410eb6eb2cee1f84e483b31c09ad7c,2024-11,Essex Police,Essex Police,0.713520,51.542966,On or near Milton Street,E01015898,Southend-on-Sea 010D,Criminal damage and arson,Investigation complete; no suspect identified,
a932f063c9b342dd7f271f539c0e55bf6bce8917560e434c0d54863774fcd044,2024-11,Essex Police,Essex Police,0.712799,51.543936,On or near Short Street,E01015898,Southend-on-Sea 010D,Drugs,Local resolution,
74768badc401cd5d33b2dbe242d40909f30351393d8bf9f4b6ef2c650743ab84,2024-11,Essex Police,Essex Police,0.715239,51.546398,On or near Redstock Road,E01015898,Southend-on-Sea 010D,Other theft,Unable to prosecute suspect,
bfb28b0169a9a53e606c7d94475436fd0d6ce6df2c1d557f66db067c04b98917,2024-11,Essex Police,Essex Police,0.715308,51.545857,On or near Stadium Road,E01015898,Southend-on-Sea 010D,Other theft,Investigation complete; no suspect identified,
8aa0b42d0890aff31fc66797d5e5ba917c3185c2719b02cce098d3ed359d04a4,2024-11,Essex Police,Essex Police,0.719545,51.546046,On or near Dryden Avenue,E01015898,Southend-on-Sea 010D,Other theft,Investigation complete; no suspect identified,
cf0532a8658e333123e4d744742257c59a7c994efb22e441077e5afb6ea19c41,2024-11,Essex Police,Essex Police,0.719545,51.546046,On or near Dryden Avenue,E01015898,Southend-on-Sea 010D,Public order,Unable to prosecute suspect,
638f13381ddbc49904fe4760247d02919e6b6cb9e2d8cea1a8092f77020fdf7d,2024-11,Essex Police,Essex Police,0.717210,51.547279,On or near Maple Square,E01015898,Southend-on-Sea 010D,Vehicle crime,Court result unavailable,
2fd9e5f64cf3fb5b12c3b6e909f1671ef7fdf6bd3bd07caf6f8cffab2d165c9c,2024-11,Essex Police,Essex Police,0.717210,51.547279,On or near Maple Square,E01015898,Southend-on-Sea 010D,Vehicle crime,Status update unavailable,
8707833c81e1fd1841b4f35f563418e9fff0ab793c218fa486e244cf2a87b23a,2024-11,Essex Police,Essex Police,0.712799,51.543936,On or near Short Street,E01015898,Southend-on-Sea 010D,Violence and sexual offences,Unable to prosecute suspect,
59d7c144845a29599ce4961b1e8d2c7a170365f8859c36beb080425e36fbf836,2024-11,Essex Police,Essex Police,0.715239,51.546398,On or near Redstock Road,E01015898,Southend-on-Sea 010D,Violence and sexual offences,Local resolution,
825c3d049e42988af7087d7cd2c4c375cdbac66438d2b2ff50f4bbd1c7aea72f,2024-11,Essex Police,Essex Police,0.715308,51.545857,On or near Stadium Road,E01015898,Southend-on-Sea 010D,Violence and sexual offences,Unable to prosecute suspect,
475aef3f52f949a5a3ba0fcd35fb6342440a90ed302ed96af732885f64e047e0,2024-11,Essex Police,Essex Police,0.715239,51.546398,On or near Redstock Road,E01015898,Southend-on-Sea 010D,Violence and sexual offences,Unable to prosecute suspect,
,2024-11,Essex Police,Essex Police,0.705314,51.545647,On or near Harcourt Avenue,E01015899,Southend-on-Sea 010E,Anti-social behaviour,,
5ba3087b534663516dacf9d1e518bcd0e28ce343655ffacab1f2299eb94c8621,2024-11,Essex Police,Essex Police,0.704281,51.547200,On or near Colchester Road,E01015899,Southend-on-Sea 010E,Criminal damage and arson,Investigation complete; no suspect identified,
cac81200e10fcc3669a6815f00a7f80fdc2d1236aeb856b9ec2945b45df285a3,2024-11,Essex Police,Essex Police,0.703532,51.544312,On or near Chelmsford Avenue,E01015899,Southend-on-Sea 010E,Other theft,Unable to prosecute suspect,
afc7cf2bb85934c6175c5b4adccd19470fea40ca0ad279e23d8b346d51ff14f8,2024-11,Essex Police,Essex Police,0.709573,51.549596,On or near East Street,E01015899,Southend-on-Sea 010E,Other theft,Unable to prosecute suspect,
f96a7945af4dc24cfab7cfe5133ff4aea9003cfe77a28baffd5c94e660a0bf23,2024-11,Essex Police,Essex Police,0.705314,51.545647,On or near Harcourt Avenue,E01015899,Southend-on-Sea 010E,Possession of weapons,Court result unavailable,
2368d48b0fc412c782cd51b9faac4261c121ba40b57af8e8f741c60973c0af2d,2024-11,Essex Police,Essex Police,0.705314,51.545647,On or near Harcourt Avenue,E01015899,Southend-on-Sea 010E,Public order,Unable to prosecute suspect,
1271982262ea03084bbceb124b61d1d487977d9fb108dbb7080c63972e985f47,2024-11,Essex Police,Essex Police,0.705314,51.545647,On or near Harcourt Avenue,E01015899,Southend-on-Sea 010E,Vehicle crime,Investigation complete; no suspect identified,
4c2326ef07df9adc6ea7967ed5a13e9dd0db41cdb8a33ba07218004a65ff40fb,2024-11,Essex Police,Essex Police,0.709453,51.547089,On or near Crowborough Road,E01015899,Southend-on-Sea 010E,Vehicle crime,Unable to prosecute suspect,
aba3403fa32a50b8478af4057eb86346104fcf67572e3ad3a9dd0e4786ab3b5b,2024-11,Essex Police,Essex Police,0.709573,51.549596,On or near East Street,E01015899,Southend-on-Sea 010E,Violence and sexual offences,Offender given a caution,
880f6c48806d6a9724194ab510dbabffc4145018f71ecdcef2227c49b3016909,2024-11,Essex Police,Essex Police,0.705314,51.545647,On or near Harcourt Avenue,E01015899,Southend-on-Sea 010E,Violence and sexual offences,Unable to prosecute suspect,
a4a6ec1e640ab92c15bc452d93b07fedb3d28307aa4f0c27c68f74a711f8d471,2024-11,Essex Police,Essex Police,0.705314,51.545647,On or near Harcourt Avenue,E01015899,Southend-on-Sea 010E,Violence and sexual offences,Investigation complete; no suspect identified,
96bbf6395a8aa16fea190279b0d8bceb7975377834e9e8daa471001cb721fb5a,2024-11,Essex Police,Essex Police,0.709453,51.547089,On or near Crowborough Road,E01015899,Southend-on-Sea 010E,Violence and sexual offences,Unable to prosecute suspect,
8165899144008fefd8afd97567f2d12c0604ece5e52c32691a2d3bd9939839d2,2024-11,Essex Police,Essex Police,0.709453,51.547089,On or near Crowborough Road,E01015899,Southend-on-Sea 010E,Violence and sexual offences,Unable to prosecute suspect,
de697f018472007aeb58603bf94b33aca7a908aa79dcf18a38fdc7ac6cb9924b,2024-11,Essex Police,Essex Police,0.704281,51.547200,On or near Colchester Road,E01015899,Southend-on-Sea 010E,Violence and sexual offences,Court result unavailable,
7daabc3b6b20f5ee2483bd807ca1625004048abf831d5258bdbb54cbd017a613,2024-11,Essex Police,Essex Police,0.709573,51.549596,On or near East Street,E01015899,Southend-on-Sea 010E,Violence and sexual offences,Unable to prosecute suspect,
ff44ffe9b3af6537023062c47c02ccfbe44dbb7167e36712d3c41ec6c5aa272b,2024-11,Essex Police,Essex Police,0.709453,51.547089,On or near Crowborough Road,E01015899,Southend-on-Sea 010E,Violence and sexual offences,Unable to prosecute suspect,
36ab1f6e0dce48857b7f40bcfc7943e0615fc2d47c2a58309d8a68892f8c83c0,2024-11,Essex Police,Essex Police,0.710098,51.548235,On or near Conference/Exhibition Centre,E01015899,Southend-on-Sea 010E,Violence and sexual offences,Court result unavailable,
308e97ea97460591961ab8ea17299a91d1e6a3fd7435845a3826d14ae5cf07e1,2024-11,Essex Police,Essex Police,0.705334,51.548183,On or near Victoria Avenue,E01015899,Southend-on-Sea 010E,Violence and sexual offences,Unable to prosecute suspect,
f7b1e273a71b4f1afbc325c33cb79c69faa920635f2f81f72e126fed599cbeaf,2024-11,Essex Police,Essex Police,0.709573,51.549596,On or near East Street,E01015899,Southend-on-Sea 010E,Violence and sexual offences,Action to be taken by another organisation,
aefae83f5529f0968014300a65953223a00ec7be34c1dd833ce58c2342e4777a,2024-11,Essex Police,Essex Police,0.702777,51.547136,On or near Howards Chase,E01015899,Southend-on-Sea 010E,Violence and sexual offences,Unable to prosecute suspect,
2ea449f7c8cd9310030075ef79f1257bd22c3b8973e7c01e3f49fba1f0f50b04,2024-11,Essex Police,Essex Police,0.705314,51.545647,On or near Harcourt Avenue,E01015899,Southend-on-Sea 010E,Other crime,Action to be taken by another organisation,
,2024-11,Essex Police,Essex Police,0.696502,51.542747,On or near Claremont Close,E01015900,Southend-on-Sea 010F,Anti-social behaviour,,
,2024-11,Essex Police,Essex Police,0.697538,51.543929,On or near Carisbrooke Road,E01015900,Southend-on-Sea 010F,Anti-social behaviour,,
,2024-11,Essex Police,Essex Police,0.700884,51.545138,On or near Sunlight Mews,E01015900,Southend-on-Sea 010F,Anti-social behaviour,,
,2024-11,Essex Police,Essex Police,0.696502,51.542747,On or near Claremont Close,E01015900,Southend-on-Sea 010F,Anti-social behaviour,,
0e82cb410beca62d1276b3e86c6ef1948796bb5d51074f78491f955537d9cb10,2024-11,Essex Police,Essex Police,0.696502,51.542747,On or near Claremont Close,E01015900,Southend-on-Sea 010F,Burglary,Unable to prosecute suspect,
8aa8d6a5d1f04a24304103881143d9b55636a940148cd1c4e63d8abdb3ed04b3,2024-11,Essex Police,Essex Police,0.693642,51.543825,On or near Police Station,E01015900,Southend-on-Sea 010F,Criminal damage and arson,Unable to prosecute suspect,
211947dfa73ed8ca97c3e0339c1f505460da86e08be77883b729a7153318c1a5,2024-11,Essex Police,Essex Police,0.696537,51.543583,On or near Albion Road,E01015900,Southend-on-Sea 010F,Criminal damage and arson,Investigation complete; no suspect identified,
55eb7b502d35054d343c951b338fde0030d5780d99f97ec469e12748f7d3ada8,2024-11,Essex Police,Essex Police,0.701582,51.546453,On or near Tudor Road,E01015900,Southend-on-Sea 010F,Drugs,Investigation complete; no suspect identified,
09f20b73337196d5235d19429afe738c186bf2713a3f6404a9f3a1d3e6e443d5,2024-11,Essex Police,Essex Police,0.700884,51.545138,On or near Sunlight Mews,E01015900,Southend-on-Sea 010F,Shoplifting,Investigation complete; no suspect identified,
5a8e2a284ef90865a1cf91927cf0b1bd4d704ba6cdc2516e6972774de7c2274c,2024-11,Essex Police,Essex Police,0.693642,51.543825,On or near Police Station,E01015900,Southend-on-Sea 010F,Theft from the person,Investigation complete; no suspect identified,
a5be51734150d6dd755b9197b7a730ad6fd3a53151efaabbc6f78110f3a6c4e3,2024-11,Essex Police,Essex Police,0.693642,51.543825,On or near Police Station,E01015900,Southend-on-Sea 010F,Vehicle crime,Investigation complete; no suspect identified,
a9bc492ffee528bd159412df246e3ff01483be87026bec12a9eb8378f6e64243,2024-11,Essex Police,Essex Police,0.701141,51.546310,On or near Avebury Road,E01015900,Southend-on-Sea 010F,Vehicle crime,Investigation complete; no suspect identified,
14a9ef16020d0e9c06bbd619253289ed7944d0cc4252d3e494e998c5ae5c9bfa,2024-11,Essex Police,Essex Police,0.696502,51.542747,On or near Claremont Close,E01015900,Southend-on-Sea 010F,Violence and sexual offences,Unable to prosecute suspect,
9ca2e52c833aec994fe36ce0c7fdac01b923add808a95e00def4314248cefea6,2024-11,Essex Police,Essex Police,0.698898,51.544734,On or near Rayleigh Avenue,E01015900,Southend-on-Sea 010F,Violence and sexual offences,Action to be taken by another organisation,
de6c86209da081ec30a1ed1b69e8f261a1c6e819f5510de05fcc6c42ada19fb6,2024-11,Essex Police,Essex Police,0.698898,51.544734,On or near Rayleigh Avenue,E01015900,Southend-on-Sea 010F,Violence and sexual offences,Action to be taken by another organisation,
a53f58ed2ece25c522d91533ebc9ec4949e809554f849e0fb7c555786806d9ef,2024-11,Essex Police,Essex Police,0.700884,51.545138,On or near Sunlight Mews,E01015900,Southend-on-Sea 010F,Violence and sexual offences,Unable to prosecute suspect,
ad5db203ecdf2a9f785acde7a45fe76b05a44729d7b9b86396c15dc1af63944a,2024-11,Essex Police,Essex Police,0.701582,51.546453,On or near Tudor Road,E01015900,Southend-on-Sea 010F,Violence and sexual offences,Local resolution,
bebf32afe07cd4f1464d686957540a5859815cebf8375ba1664ad00bece9b913,2024-11,Essex Police,Essex Police,0.698898,51.544734,On or near Rayleigh Avenue,E01015900,Southend-on-Sea 010F,Violence and sexual offences,Action to be taken by another organisation,
ffdb1045316def611886a1e1fa6b25c1ae0e90171490c99cb6515ceca9d576a4,2024-11,Essex Police,Essex Police,0.698898,51.544734,On or near Rayleigh Avenue,E01015900,Southend-on-Sea 010F,Violence and sexual offences,Action to be taken by another organisation,
36fb70da555b59e4a63733cce4f5be1b8bf73ee8a6ef19449deb3400dde3c079,2024-11,Essex Police,Essex Police,0.701582,51.546453,On or near Tudor Road,E01015900,Southend-on-Sea 010F,Violence and sexual offences,Unable to prosecute suspect,
49e3f9a23a2570fff20e80e129e48e6514c7a22713e78653c557bd94436d4203,2024-11,Essex Police,Essex Police,0.700884,51.545138,On or near Sunlight Mews,E01015900,Southend-on-Sea 010F,Other crime,Unable to prosecute suspect,
40af2540565124c81c0d4776ca7c25d7edd9b8149bd0733059b3daaf9a47b772,2024-11,Essex Police,Essex Police,0.700884,51.545138,On or near Sunlight Mews,E01015900,Southend-on-Sea 010F,Other crime,Unable to prosecute suspect,
,2024-11,Essex Police,Essex Police,0.707966,51.540765,On or near Parking Area,E01034095,Southend-on-Sea 010G,Anti-social behaviour,,
,2024-11,Essex Police,Essex Police,0.707966,51.540765,On or near Parking Area,E01034095,Southend-on-Sea 010G,Anti-social behaviour,,
18961d9ff114ce33b9179fd95e162a888b3712b3cbc3dd92da0df5e1367b6ac7,2024-11,Essex Police,Essex Police,0.708424,51.545314,On or near Parking Area,E01034095,Southend-on-Sea 010G,Bicycle theft,Investigation complete; no suspect identified,
37e6f55f6421907e7f90cd23718fe2eab424501e7e94a2de638044b821beef70,2024-11,Essex Police,Essex Police,0.708804,51.542239,On or near Parking Area,E01034095,Southend-on-Sea 010G,Bicycle theft,Investigation complete; no suspect identified,
5a003154c2a876f1c993d38ea5fe9a81de73f033cc64e4b3d0fc4829aa72c84d,2024-11,Essex Police,Essex Police,0.709095,51.540829,On or near Supermarket,E01034095,Southend-on-Sea 010G,Bicycle theft,Court result unavailable,
b78c9a141c9b892327a90a1f729d88afca9c420e409c72c27efe7d8c8db02ca3,2024-11,Essex Police,Essex Police,0.709095,51.540829,On or near Supermarket,E01034095,Southend-on-Sea 010G,Bicycle theft,Investigation complete; no suspect identified,
36b33a35a387c80fdad4e74424ace18498291a8ae9691ee2630ba23ba2e96e3b,2024-11,Essex Police,Essex Police,0.708804,51.542239,On or near Parking Area,E01034095,Southend-on-Sea 010G,Bicycle theft,Investigation complete; no suspect identified,
2b6281a35e385c1e1eb3f630eedcc3bcd34137438011eb57746d7bb7233a282b,2024-11,Essex Police,Essex Police,0.708804,51.542239,On or near Parking Area,E01034095,Southend-on-Sea 010G,Burglary,Investigation complete; no suspect identified,
474a4f3a588c8914723077bc8dd03c962c72fba6dcc5d2fa26c216e8d9c3f487,2024-11,Essex Police,Essex Police,0.708804,51.542239,On or near Parking Area,E01034095,Southend-on-Sea 010G,Burglary,Investigation complete; no suspect identified,
250d41454eabca5d26a439d495f3d3d6f133efc372a68da27cb296072fd39f16,2024-11,Essex Police,Essex Police,0.710850,51.544143,On or near Great Eastern Avenue,E01034095,Southend-on-Sea 010G,Criminal damage and arson,Unable to prosecute suspect,
aed40c307e942f8b57ec26ab1a3c54b1be15db8ea5702d35cab38c620dbcb2c1,2024-11,Essex Police,Essex Police,0.710850,51.544143,On or near Great Eastern Avenue,E01034095,Southend-on-Sea 010G,Criminal damage and arson,Court result unavailable,
c808790587dcaabf40fe54ceedb7dfad2fdab4f32d5d867067db22bf5d7948e1,2024-11,Essex Police,Essex Police,0.710850,51.544143,On or near Great Eastern Avenue,E01034095,Southend-on-Sea 010G,Criminal damage and arson,Investigation complete; no suspect identified,
bc9a36b2f6a39e014cf30c06592cbcf6a4db2480370b57da266fa3d498a4f2ea,2024-11,Essex Police,Essex Police,0.708424,51.545314,On or near Parking Area,E01034095,Southend-on-Sea 010G,Criminal damage and arson,Court result unavailable,
bc91f67ba5364fc20ab8f9838b8e5eb709def13ed58d95c534da699254327ec0,2024-11,Essex Police,Essex Police,0.710850,51.544143,On or near Great Eastern Avenue,E01034095,Southend-on-Sea 010G,Criminal damage and arson,Court result unavailable,
b22ba35ab9b097fe5d793ce27414f5e56620b4a8f772a98e1a044f05dd785c12,2024-11,Essex Police,Essex Police,0.707966,51.540765,On or near Parking Area,E01034095,Southend-on-Sea 010G,Drugs,Investigation complete; no suspect identified,
f1d58b07d429cff25de0a2f7ee409c8f84fc91761f86d19d38115a66feaf9a53,2024-11,Essex Police,Essex Police,0.710850,51.544143,On or near Great Eastern Avenue,E01034095,Southend-on-Sea 010G,Drugs,Court result unavailable,
a603075433e055218d44aeef7160c01ffc4ea1a01d0f69e6990a12a72505242b,2024-11,Essex Police,Essex Police,0.710503,51.543162,On or near Parking Area,E01034095,Southend-on-Sea 010G,Drugs,Court result unavailable,
1a3767ed24d2ca249c82e6cc64990a6f8f1efe29b3dc5fff07e93349b100ec39,2024-11,Essex Police,Essex Police,0.710850,51.544143,On or near Great Eastern Avenue,E01034095,Southend-on-Sea 010G,Drugs,Court result unavailable,
0c572e20e086695919b4c0557cadae61512a9841917b1accbe8d2024d32ad408,2024-11,Essex Police,Essex Police,0.708424,51.545314,On or near Parking Area,E01034095,Southend-on-Sea 010G,Drugs,Unable to prosecute suspect,
a034123268d128a968f151c6b543060bfca36d13658bbae02a7f15c71b31480e,2024-11,Essex Police,Essex Police,0.707966,51.540765,On or near Parking Area,E01034095,Southend-on-Sea 010G,Drugs,Investigation complete; no suspect identified,
a34512bb6a1700802fa7b140c12c85875c617692ac1427adad52a8844ee57a06,2024-11,Essex Police,Essex Police,0.710850,51.544143,On or near Great Eastern Avenue,E01034095,Southend-on-Sea 010G,Drugs,Court result unavailable,
41a45172b4d7542ac8397301a1c05049ab041fba691116479670aff132fc0653,2024-11,Essex Police,Essex Police,0.710850,51.544143,On or near Great Eastern Avenue,E01034095,Southend-on-Sea 010G,Drugs,Local resolution,
350786a3e21004586f7b46e0801b9432585d6bf756894b1148f993426047efd5,2024-11,Essex Police,Essex Police,0.709095,51.540829,On or near Supermarket,E01034095,Southend-on-Sea 010G,Other theft,Investigation complete; no suspect identified,
6c6cabba64c83ac56579d401d65fdcc3d968313ef7d86e6a2f8a5e52fd18d01c,2024-11,Essex Police,Essex Police,0.707966,51.540765,On or near Parking Area,E01034095,Southend-on-Sea 010G,Other theft,Investigation complete; no suspect identified,
4795a6dc6ed7e31287462c86059e1c46aa75332186337fc2125fc9c296ba2c76,2024-11,Essex Police,Essex Police,0.710850,51.544143,On or near Great Eastern Avenue,E01034095,Southend-on-Sea 010G,Other theft,Investigation complete; no suspect identified,
0639c381b0541f02d44d75b3adb6b9d4d554b3786e2daa9bbe00ffadf46c31d5,2024-11,Essex Police,Essex Police,0.708804,51.542239,On or near Parking Area,E01034095,Southend-on-Sea 010G,Other theft,Investigation complete; no suspect identified,
d5fb875a2c15085204a92cc7a8eb17358ce85a308419e5944cf21a85813874e5,2024-11,Essex Police,Essex Police,0.710850,51.544143,On or near Great Eastern Avenue,E01034095,Southend-on-Sea 010G,Other theft,Investigation complete; no suspect identified,
bac3c46876cf5a593322986ec4a27034f3539103156cfd22ff9fddb63684e197,2024-11,Essex Police,Essex Police,0.710850,51.544143,On or near Great Eastern Avenue,E01034095,Southend-on-Sea 010G,Other theft,Unable to prosecute suspect,
ae37d2be002a7334c8603b49795076c1285ac1b1df1d4f7b93ffe20246d5db5e,2024-11,Essex Police,Essex Police,0.708424,51.545314,On or near Parking Area,E01034095,Southend-on-Sea 010G,Other theft,Investigation complete; no suspect identified,
7220be292a3276de59abf9ac635539be1d1ff4782d4a2ac62ebfb36ae0935549,2024-11,Essex Police,Essex Police,0.710850,51.544143,On or near Great Eastern Avenue,E01034095,Southend-on-Sea 010G,Other theft,Unable to prosecute suspect,
96845edb8104702f175b874396911545ab58a6f36d6d79cf3917c20b310a72d4,2024-11,Essex Police,Essex Police,0.710850,51.544143,On or near Great Eastern Avenue,E01034095,Southend-on-Sea 010G,Possession of weapons,Unable to prosecute suspect,
801d7697cda0d46be5ce6cdaf66496d17920a3707d2fda186b2318fdb21957be,2024-11,Essex Police,Essex Police,0.710850,51.544143,On or near Great Eastern Avenue,E01034095,Southend-on-Sea 010G,Possession of weapons,Court result unavailable,
eebb94079bf7b0738f9447c98139f309229997a10a6648fb655be6f0590b9d15,2024-11,Essex Police,Essex Police,0.710850,51.544143,On or near Great Eastern Avenue,E01034095,Southend-on-Sea 010G,Possession of weapons,Court result unavailable,
d4f0bff6e26bb729e5547016b8ee29b5fc544f882853b1cd76bba681f691a5fb,2024-11,Essex Police,Essex Police,0.710850,51.544143,On or near Great Eastern Avenue,E01034095,Southend-on-Sea 010G,Possession of weapons,Court result unavailable,
58328bdf2322321fe11f9434af13c84dc51838206598bae02b3381184e0d39c2,2024-11,Essex Police,Essex Police,0.710850,51.544143,On or near Great Eastern Avenue,E01034095,Southend-on-Sea 010G,Public order,Court result unavailable,
ec29285df1adfdc4fc343b4c85ba91aee1addb555de3bd670df2b4ab2f450d14,2024-11,Essex Police,Essex Police,0.710850,51.544143,On or near Great Eastern Avenue,E01034095,Southend-on-Sea 010G,Public order,Court result unavailable,
2e92977fa44df4d2d8862a5f571026c6b46103c9869e1b9ca01aed571261988d,2024-11,Essex Police,Essex Police,0.707966,51.540765,On or near Parking Area,E01034095,Southend-on-Sea 010G,Public order,Unable to prosecute suspect,
d1593b1a4d860e88df361fd395dc92af4fee92fb03dcf27a3b35efced9e44b42,2024-11,Essex Police,Essex Police,0.710850,51.544143,On or near Great Eastern Avenue,E01034095,Southend-on-Sea 010G,Public order,Unable to prosecute suspect,
5388205ab35cc5e635484dbcb4d4d80037fde7fe6201496fd867342249970cb6,2024-11,Essex Police,Essex Police,0.710850,51.544143,On or near Great Eastern Avenue,E01034095,Southend-on-Sea 010G,Public order,Court result unavailable,
a9b982f699cec27ce1948dd10c93a3d5af77918da7161c1acd2bd935127beece,2024-11,Essex Police,Essex Police,0.710850,51.544143,On or near Great Eastern Avenue,E01034095,Southend-on-Sea 010G,Public order,Court result unavailable,
a67d26a1ba41874c2ee79c1ef086c75dc9accf14128dad21f5f3b0c6eab91ade,2024-11,Essex Police,Essex Police,0.710850,51.544143,On or near Great Eastern Avenue,E01034095,Southend-on-Sea 010G,Public order,Court result unavailable,
316dc192ccc3abf948f9796e84dd52dab332cdd678b8d96ce94a29e1b1c2844a,2024-11,Essex Police,Essex Police,0.710850,51.544143,On or near Great Eastern Avenue,E01034095,Southend-on-Sea 010G,Public order,Court result unavailable,
b5571cfa9c6b0a4758c291329ccb308322334f9d53a8c5713edc666ddc6a3547,2024-11,Essex Police,Essex Police,0.709095,51.540829,On or near Supermarket,E01034095,Southend-on-Sea 010G,Public order,Unable to prosecute suspect,
a4d48642386dc61acb085033bf1525f15a4077d03e690645256d17baca1e5ca2,2024-11,Essex Police,Essex Police,0.709095,51.540829,On or near Supermarket,E01034095,Southend-on-Sea 010G,Public order,Investigation complete; no suspect identified,
7aaabd4b6c3cc20c898dbf38464edcf8c0d61f38fa35178b84bab4ad91bbb056,2024-11,Essex Police,Essex Police,0.710850,51.544143,On or near Great Eastern Avenue,E01034095,Southend-on-Sea 010G,Public order,Court result unavailable,
78d9e797feb7de7d1ecf90f9093c8a3e42fdf1b854c3ed80504de0b2c498f8cf,2024-11,Essex Police,Essex Police,0.710850,51.544143,On or near Great Eastern Avenue,E01034095,Southend-on-Sea 010G,Robbery,Investigation complete; no suspect identified,
a630473214d5428d7b0c2125c6cf410e7005081fa39790f4943ce9289b839eae,2024-11,Essex Police,Essex Police,0.710850,51.544143,On or near Great Eastern Avenue,E01034095,Southend-on-Sea 010G,Robbery,Unable to prosecute suspect,
647054fbbec9b8b1d46ec8554a52f1e930270315850b48a2dedad10bbbc066fa,2024-11,Essex Police,Essex Police,0.709095,51.540829,On or near Supermarket,E01034095,Southend-on-Sea 010G,Shoplifting,Court result unavailable,
e383676438b6caa7477c5ee3c27442dd88bb0271fb344b21725d3a105e106c7a,2024-11,Essex Police,Essex Police,0.709095,51.540829,On or near Supermarket,E01034095,Southend-on-Sea 010G,Shoplifting,Unable to prosecute suspect,
04b7a196319722e4e9215a0a25a3f7e6fc98a60ed0d98f213e1320b1ff670446,2024-11,Essex Police,Essex Police,0.709095,51.540829,On or near Supermarket,E01034095,Southend-on-Sea 010G,Shoplifting,Action to be taken by another organisation,
bf81d82a658978526456711382f2a6336b23428a9d738d6c481cab5feae14fec,2024-11,Essex Police,Essex Police,0.709095,51.540829,On or near Supermarket,E01034095,Southend-on-Sea 010G,Shoplifting,Unable to prosecute suspect,
f10940fabafe62102a91bd314342050c24c10a34a0691fa03385953bfa97bd79,2024-11,Essex Police,Essex Police,0.707966,51.540765,On or near Parking Area,E01034095,Southend-on-Sea 010G,Theft from the person,Unable to prosecute suspect,
82e87b23519e3b2322024abc668d997025d1ad2b43e302b72c1d9ad1a6183c24,2024-11,Essex Police,Essex Police,0.709095,51.540829,On or near Supermarket,E01034095,Southend-on-Sea 010G,Vehicle crime,Investigation complete; no suspect identified,
f7a4ddaf9aa56c49fd3d36689e35ef1f5af3f807ea9c139d92281429609c5953,2024-11,Essex Police,Essex Police,0.707966,51.540765,On or near Parking Area,E01034095,Southend-on-Sea 010G,Violence and sexual offences,Unable to prosecute suspect,
ae832ac851f06802980a566bfa64054b3abaa314b86f94933db07b00ac119786,2024-11,Essex Police,Essex Police,0.710850,51.544143,On or near Great Eastern Avenue,E01034095,Southend-on-Sea 010G,Violence and sexual offences,Investigation complete; no suspect identified,
4ec8dddce8cefa77f32414192beaeb085308f7b2250b68e4e02a4e43ba3cd52c,2024-11,Essex Police,Essex Police,0.710850,51.544143,On or near Great Eastern Avenue,E01034095,Southend-on-Sea 010G,Violence and sexual offences,Court result unavailable,
764daf8421b016e4cf984495472fea004fba3f9d6f5923a02e2b519dc4efea33,2024-11,Essex Police,Essex Police,0.710850,51.544143,On or near Great Eastern Avenue,E01034095,Southend-on-Sea 010G,Violence and sexual offences,Status update unavailable,
d589d63de5921a7f6884158395347c848f653d38c8c38f6aa2534b3ed880829b,2024-11,Essex Police,Essex Police,0.710850,51.544143,On or near Great Eastern Avenue,E01034095,Southend-on-Sea 010G,Violence and sexual offences,Unable to prosecute suspect,
5413636b308b3b81059b69042ccca56b30fef2eb6d0150307b14f1691ba1f6be,2024-11,Essex Police,Essex Police,0.708424,51.545314,On or near Parking Area,E01034095,Southend-on-Sea 010G,Violence and sexual offences,Unable to prosecute suspect,
cd1a3983a41f3bcc35586d250eb0cea199ba0a5722768ff8322f9fcddd1ccbdd,2024-11,Essex Police,Essex Police,0.707966,51.540765,On or near Parking Area,E01034095,Southend-on-Sea 010G,Violence and sexual offences,Unable to prosecute suspect,
ea4f977e00685ace98b258b6e5d23915ce5606a24c1a20c97eb572ebc31b4683,2024-11,Essex Police,Essex Police,0.710850,51.544143,On or near Great Eastern Avenue,E01034095,Southend-on-Sea 010G,Violence and sexual offences,Court result unavailable,
0b3a1ec2ab624ff76e41e327a1aa934ca7eb5bf40f059c7f3dfcb209c26dbe73,2024-11,Essex Police,Essex Police,0.710109,51.545752,On or near Carnarvon Close,E01034095,Southend-on-Sea 010G,Violence and sexual offences,Investigation complete; no suspect identified,
5cf4878a166993a81d9bf7d9049500c23ba98e2bda0bdb46b8d2ec7e80f5bcf1,2024-11,Essex Police,Essex Police,0.707966,51.540765,On or near Parking Area,E01034095,Southend-on-Sea 010G,Violence and sexual offences,Unable to prosecute suspect,
eea2be613147debe2af06eef736733ff1f31e8dab1d978da9fc4d8dde8302d9f,2024-11,Essex Police,Essex Police,0.707966,51.540765,On or near Parking Area,E01034095,Southend-on-Sea 010G,Violence and sexual offences,Investigation complete; no suspect identified,
9b9ee1fc75670beefabb2f547e7c75c832e7584ad36b0ec94a4f961ead1b3298,2024-11,Essex Police,Essex Police,0.710850,51.544143,On or near Great Eastern Avenue,E01034095,Southend-on-Sea 010G,Violence and sexual offences,Status update unavailable,
ca40c2e2389d3a0e1506b9c9588ddaa7a0cf2a2dd0d1251b760e97412890d224,2024-11,Essex Police,Essex Police,0.709095,51.540829,On or near Supermarket,E01034095,Southend-on-Sea 010G,Violence and sexual offences,Unable to prosecute suspect,
3d313ca1d2b327dfe807b979446ab484a8d56f0b564e604d775bc49bc7a99c8b,2024-11,Essex Police,Essex Police,0.710850,51.544143,On or near Great Eastern Avenue,E01034095,Southend-on-Sea 010G,Violence and sexual offences,Unable to prosecute suspect,
1525d61ac67f77cfba7b95d138a1060da9080644efe692091762104c4e28333f,2024-11,Essex Police,Essex Police,0.710850,51.544143,On or near Great Eastern Avenue,E01034095,Southend-on-Sea 010G,Violence and sexual offences,Unable to prosecute suspect,
0121a0af5ed7cfceb2d5bb24bda51a84368badfc59e92925581f083d57da4557,2024-11,Essex Police,Essex Police,0.711102,51.541835,On or near Parking Area,E01034095,Southend-on-Sea 010G,Violence and sexual offences,Unable to prosecute suspect,
cb687a94fa23293fa1079e53dca3d68aa6ca5e7eb2474f3139a21324c4fd3ded,2024-11,Essex Police,Essex Police,0.710850,51.544143,On or near Great Eastern Avenue,E01034095,Southend-on-Sea 010G,Violence and sexual offences,Unable to prosecute suspect,
9a047bfb9c226459deddd5a30a1115976e7f9ca36b7a2cb1a1492edf07d7981d,2024-11,Essex Police,Essex Police,0.710850,51.544143,On or near Great Eastern Avenue,E01034095,Southend-on-Sea 010G,Violence and sexual offences,Unable to prosecute suspect,
b57713054ed8f2d1ba98aa25b6d84f71f55c9c2bf12c43d9fb20268783885245,2024-11,Essex Police,Essex Police,0.710850,51.544143,On or near Great Eastern Avenue,E01034095,Southend-on-Sea 010G,Violence and sexual offences,Court result unavailable,
37f917349b46132dc36d9a85202665a8081a0fc420e005933afaaacade12c16c,2024-11,Essex Police,Essex Police,0.710850,51.544143,On or near Great Eastern Avenue,E01034095,Southend-on-Sea 010G,Violence and sexual offences,Unable to prosecute suspect,
b4adb3a684effebd939fd8434621701ebc9aa8d200ab23fb203f369222e86a95,2024-11,Essex Police,Essex Police,0.710850,51.544143,On or near Great Eastern Avenue,E01034095,Southend-on-Sea 010G,Violence and sexual offences,Court result unavailable,
b91cd0e4fb8c74ef1fb2ca8028dd2f70346d523f7d6bae8c36981bb88ee447f8,2024-11,Essex Police,Essex Police,0.710850,51.544143,On or near Great Eastern Avenue,E01034095,Southend-on-Sea 010G,Violence and sexual offences,Formal action is not in the public interest,
d893495b300a67a684fae60458d1e4ec99526d3790a4884209f65e20609a3637,2024-11,Essex Police,Essex Police,0.708424,51.545314,On or near Parking Area,E01034095,Southend-on-Sea 010G,Violence and sexual offences,Unable to prosecute suspect,
e469f4cad0330eebca0c9002c354f8d25011d8c516f6eaf51ce80cb8613171cf,2024-11,Essex Police,Essex Police,0.710850,51.544143,On or near Great Eastern Avenue,E01034095,Southend-on-Sea 010G,Violence and sexual offences,Unable to prosecute suspect,
571be91838e521b7a60e3b97c66d4bfbd19b417104f8108607555a0327240173,2024-11,Essex Police,Essex Police,0.710850,51.544143,On or near Great Eastern Avenue,E01034095,Southend-on-Sea 010G,Violence and sexual offences,Unable to prosecute suspect,
0cae48ec0297b760e1eca4751a5e156bd25308a1aa0e29d41fc8a84e900ae035,2024-11,Essex Police,Essex Police,0.710850,51.544143,On or near Great Eastern Avenue,E01034095,Southend-on-Sea 010G,Violence and sexual offences,Court result unavailable,
d7bbba4ca0311c7aca5fad1f33a874460d3408aed1bbdcc057a3c47a37dfd29b,2024-11,Essex Police,Essex Police,0.710850,51.544143,On or near Great Eastern Avenue,E01034095,Southend-on-Sea 010G,Violence and sexual offences,Investigation complete; no suspect identified,
f008cd1bcb5877ad67f3db5d6835dc5270556c2504cac4b3c8a6d8ca9d4c5b52,2024-11,Essex Police,Essex Police,0.710850,51.544143,On or near Great Eastern Avenue,E01034095,Southend-on-Sea 010G,Violence and sexual offences,Court result unavailable,
08eeabf861dd3761d8ecc58a1132c999038eab4dccb62d23d695d2f0b001f090,2024-11,Essex Police,Essex Police,0.710850,51.544143,On or near Great Eastern Avenue,E01034095,Southend-on-Sea 010G,Other crime,Court result unavailable,
5b1da264c2cbec10ff06432861fdb86e9032c3a2ca6f3394fbdeb94c6afa17e0,2024-11,Essex Police,Essex Police,0.710850,51.544143,On or near Great Eastern Avenue,E01034095,Southend-on-Sea 010G,Other crime,Court result unavailable,
a2d52173b517caf1d66317c5dd9cd8ca128152ed220bf7c15acc504c40a063a9,2024-11,Essex Police,Essex Police,0.710850,51.544143,On or near Great Eastern Avenue,E01034095,Southend-on-Sea 010G,Other crime,Court result unavailable,
45c36e5e484bf9e09852ad24047033e7b41db5bc836940ec920ad0af4df22d4f,2024-11,Essex Police,Essex Police,0.709095,51.540829,On or near Supermarket,E01034095,Southend-on-Sea 010G,Other crime,Unable to prosecute suspect,
,2024-11,Essex Police,Essex Police,0.717998,51.542359,On or near Supermarket,E01034096,Southend-on-Sea 010H,Anti-social behaviour,,
,2024-11,Essex Police,Essex Police,0.715035,51.540548,On or near Essex Street,E01034096,Southend-on-Sea 010H,Anti-social behaviour,,
,2024-11,Essex Police,Essex Police,0.715035,51.540548,On or near Essex Street,E01034096,Southend-on-Sea 010H,Anti-social behaviour,,
,2024-11,Essex Police,Essex Police,0.714873,51.541712,On or near Prittlewell Street,E01034096,Southend-on-Sea 010H,Anti-social behaviour,,
,2024-11,Essex Police,Essex Police,0.716884,51.541809,On or near Coleman Street,E01034096,Southend-on-Sea 010H,Anti-social behaviour,,
cd951e82b669b57bf0db4ac58c298529080afef2e8c4b8c2d2645d004322814a,2024-11,Essex Police,Essex Police,0.716884,51.541809,On or near Coleman Street,E01034096,Southend-on-Sea 010H,Criminal damage and arson,Court result unavailable,
e1ac2f047b7178d7ed737aceb268939eb46d36327c25734c5bcee1af78decfbd,2024-11,Essex Police,Essex Police,0.717998,51.542359,On or near Supermarket,E01034096,Southend-on-Sea 010H,Criminal damage and arson,Unable to prosecute suspect,
c1b4810ff6356f4550c08e7f3ccf51633ce5c7dafa67a6046a18ae7e74fd7193,2024-11,Essex Police,Essex Police,0.716884,51.541809,On or near Coleman Street,E01034096,Southend-on-Sea 010H,Criminal damage and arson,Investigation complete; no suspect identified,
5ce8772aca733215b0d0afcf323cfdc82ef4784ff121f7de5e83e07821164578,2024-11,Essex Police,Essex Police,0.712785,51.540069,On or near Deeping,E01034096,Southend-on-Sea 010H,Criminal damage and arson,Investigation complete; no suspect identified,
804987b926b8987b0c7d83d935aa9bd6ce0d4baa35b6973de6bbc72a239e1404,2024-11,Essex Police,Essex Police,0.712785,51.540069,On or near Deeping,E01034096,Southend-on-Sea 010H,Other theft,Investigation complete; no suspect identified,
3281120ac1cf94bfc15f8d96e6dacc942616c2c7da416b0ccbbfed2a2c704059,2024-11,Essex Police,Essex Police,0.715035,51.540548,On or near Essex Street,E01034096,Southend-on-Sea 010H,Other theft,Investigation complete; no suspect identified,
675b031c0deee250303a92c8e3b548953157d6c8e69945079cd96e64ca4a9df9,2024-11,Essex Police,Essex Police,0.717998,51.542359,On or near Supermarket,E01034096,Southend-on-Sea 010H,Public order,Investigation complete; no suspect identified,
47d9732375cb5e023bc0ee1c334a6a2dc26dc62bdae458ec4bc74c0f82ee62db,2024-11,Essex Police,Essex Police,0.714842,51.540696,On or near Parking Area,E01034096,Southend-on-Sea 010H,Public order,Unable to prosecute suspect,
77d73f20ee86f47b909cab9009e06d010775a6c9985ef721b64a192d10a14e07,2024-11,Essex Police,Essex Police,0.712785,51.540069,On or near Deeping,E01034096,Southend-on-Sea 010H,Public order,Unable to prosecute suspect,
3849fd2e74166cf1e0c9eda4cc3a1cea0c134a05bab15d7a925a0b899e37b79e,2024-11,Essex Police,Essex Police,0.712785,51.540069,On or near Deeping,E01034096,Southend-on-Sea 010H,Robbery,Investigation complete; no suspect identified,
e7c665447e60b0b2185937a3ef64d4e8d5004b73181a287c4f111b2808323e31,2024-11,Essex Police,Essex Police,0.717998,51.542359,On or near Supermarket,E01034096,Southend-on-Sea 010H,Robbery,Court result unavailable,
301cba7bead447cc0de5703226482eb27e9165f366daf0873767885da69f1049,2024-11,Essex Police,Essex Police,0.714842,51.540696,On or near Parking Area,E01034096,Southend-on-Sea 010H,Robbery,Unable to prosecute suspect,
9625d7b61f5dce5f26578e9d57f5fdf545a1fb19c464e9080167c5604f921aff,2024-11,Essex Police,Essex Police,0.712785,51.540069,On or near Deeping,E01034096,Southend-on-Sea 010H,Shoplifting,Unable to prosecute suspect,
367384566a4cf8bc3ca6d6016f1e0bbf19b9f473b8e0392f7cc3ad7af675a328,2024-11,Essex Police,Essex Police,0.712785,51.540069,On or near Deeping,E01034096,Southend-on-Sea 010H,Shoplifting,Investigation complete; no suspect identified,
881080e9bea4b95b999e68e09efc9d9f2da3b3af9bf1495e8ca9b73561cf7277,2024-11,Essex Police,Essex Police,0.717998,51.542359,On or near Supermarket,E01034096,Southend-on-Sea 010H,Shoplifting,Unable to prosecute suspect,
c010373e970202a044be1124d893854a04f2d80ba4c4e33b9621ecb63cbc5778,2024-11,Essex Police,Essex Police,0.717998,51.542359,On or near Supermarket,E01034096,Southend-on-Sea 010H,Shoplifting,Court result unavailable,
108529a4c1a11585c761c5e52bdc82a1ef34946630382c781efbc3e158668318,2024-11,Essex Police,Essex Police,0.717998,51.542359,On or near Supermarket,E01034096,Southend-on-Sea 010H,Shoplifting,Investigation complete; no suspect identified,
dff578bb5138f59e031ed1ff4898db5f7011b6962241cd5b5f05ca9c805669a8,2024-11,Essex Police,Essex Police,0.712785,51.540069,On or near Deeping,E01034096,Southend-on-Sea 010H,Shoplifting,Investigation complete; no suspect identified,
3013a76697a228203c2cd0dc8d559a5cf05ee93c369041e0602c978792f9461c,2024-11,Essex Police,Essex Police,0.712785,51.540069,On or near Deeping,E01034096,Southend-on-Sea 010H,Shoplifting,Investigation complete; no suspect identified,
9cddcf2eb69bac0e69f91c280f35876fe1df5d0666781916b621407d15a2b0f2,2024-11,Essex Police,Essex Police,0.717998,51.542359,On or near Supermarket,E01034096,Southend-on-Sea 010H,Shoplifting,Investigation complete; no suspect identified,
7965d9d01d6de9eb623c2b18c61addd129a6fcf4ccadba02f902751082e2af44,2024-11,Essex Police,Essex Police,0.712785,51.540069,On or near Deeping,E01034096,Southend-on-Sea 010H,Shoplifting,Unable to prosecute suspect,
4592ade6a80d8c5ccd16dfe0e0162d8b7f7fe77e22a759d3a01d143095334b09,2024-11,Essex Police,Essex Police,0.717998,51.542359,On or near Supermarket,E01034096,Southend-on-Sea 010H,Shoplifting,Investigation complete; no suspect identified,
03456e790613946a1292e32008bd4452d26c52c6b3098eee764d8e73ab60ee57,2024-11,Essex Police,Essex Police,0.712785,51.540069,On or near Deeping,E01034096,Southend-on-Sea 010H,Shoplifting,Investigation complete; no suspect identified,
87f88583ba678d6718b4823bee0db466ff290fead817c49824fb85fffd5c7afc,2024-11,Essex Police,Essex Police,0.712785,51.540069,On or near Deeping,E01034096,Southend-on-Sea 010H,Shoplifting,Court result unavailable,
8e5e918cf2a0eff2e3b4ed58cafed82cc9c859eefbcf9253f3e3266d99db8a74,2024-11,Essex Police,Essex Police,0.717998,51.542359,On or near Supermarket,E01034096,Southend-on-Sea 010H,Shoplifting,Unable to prosecute suspect,
32836099897b18e5e6df5490ff48cb9a15186426b401e18a463261f83ada4b68,2024-11,Essex Police,Essex Police,0.717998,51.542359,On or near Supermarket,E01034096,Southend-on-Sea 010H,Shoplifting,Investigation complete; no suspect identified,
65c24f8d3e4f725070f437e78cb69b565a0f5a3eb9a743c5a25131bd1b2ab35f,2024-11,Essex Police,Essex Police,0.711381,51.542656,On or near Southend Victoria,E01034096,Southend-on-Sea 010H,Shoplifting,Investigation complete; no suspect identified,
05303b528f9b8bb936d22fb397e3d8132147cae57c94a2ce5304c99288d1e301,2024-11,Essex Police,Essex Police,0.717998,51.542359,On or near Supermarket,E01034096,Southend-on-Sea 010H,Shoplifting,Investigation complete; no suspect identified,
8d3025307340b4775e8755f0d834f329b0b6a4e2a6807865d77384ba2f19b8aa,2024-11,Essex Police,Essex Police,0.712785,51.540069,On or near Deeping,E01034096,Southend-on-Sea 010H,Theft from the person,Unable to prosecute suspect,
5c4caff38f423a1b0f0d56f02d6e5a964168fcebe8910f7f27b2cacad329b816,2024-11,Essex Police,Essex Police,0.716884,51.541809,On or near Coleman Street,E01034096,Southend-on-Sea 010H,Vehicle crime,Status update unavailable,
0b4e11655abd9cdca8c52c74ae686880e0c28c04ecb1f762e9207329462f7258,2024-11,Essex Police,Essex Police,0.717998,51.542359,On or near Supermarket,E01034096,Southend-on-Sea 010H,Vehicle crime,Investigation complete; no suspect identified,
ab9b67cec8af78125db30df2c74a64e9b02f5c9b5687c79d7bca8ea4b24a9525,2024-11,Essex Police,Essex Police,0.715884,51.542453,On or near Guildford Road,E01034096,Southend-on-Sea 010H,Violence and sexual offences,Unable to prosecute suspect,
e044d9fd27ebad0ec29c98364667e124321eaeedb1d5c0bec06d18f7e51e22eb,2024-11,Essex Police,Essex Police,0.712785,51.540069,On or near Deeping,E01034096,Southend-on-Sea 010H,Violence and sexual offences,Unable to prosecute suspect,
0dd5663f9051783e5b7b0bcec6a76f2cbbe36dff7c777da3dbe377320fcc97c9,2024-11,Essex Police,Essex Police,0.717998,51.542359,On or near Supermarket,E01034096,Southend-on-Sea 010H,Violence and sexual offences,Unable to prosecute suspect,
7ebc2966bcca6f075789b87e8b1aa1e5e0bf38acad435aaf94607becf7f8876a,2024-11,Essex Police,Essex Police,0.712785,51.540069,On or near Deeping,E01034096,Southend-on-Sea 010H,Violence and sexual offences,Unable to prosecute suspect,
3bc40028b7c2fc26c4f4cd45a00890ccc3cc71949af3caa3d20df44b99481c2e,2024-11,Essex Police,Essex Police,0.712785,51.540069,On or near Deeping,E01034096,Southend-on-Sea 010H,Violence and sexual offences,Local resolution,
49ed888c2ccea8fd18e1017216f04d7fe517d84c4eeb14a2f85d90026f29d12e,2024-11,Essex Police,Essex Police,0.712785,51.540069,On or near Deeping,E01034096,Southend-on-Sea 010H,Violence and sexual offences,Local resolution,
87f636176967ce51716a717542311aa11f43f2ef881eaf22a0cd2265204ef802,2024-11,Essex Police,Essex Police,0.714873,51.541712,On or near Prittlewell Street,E01034096,Southend-on-Sea 010H,Violence and sexual offences,Unable to prosecute suspect,
619d6cec7237034cead594d8099f9eb252dbbf1ac462a7f17cf4140ac9519607,2024-11,Essex Police,Essex Police,0.716884,51.541809,On or near Coleman Street,E01034096,Southend-on-Sea 010H,Violence and sexual offences,Action to be taken by another organisation,
ca86deac309a072a09e67a04e06de8d43dff4d605e3e995b49d626ba2297a260,2024-11,Essex Police,Essex Police,0.712785,51.540069,On or near Deeping,E01034096,Southend-on-Sea 010H,Violence and sexual offences,Investigation complete; no suspect identified,
25f616b28b8fdbb8630dfb17aeac7f761d3dd861cfb494057c37276df328510a,2024-11,Essex Police,Essex Police,0.717998,51.542359,On or near Supermarket,E01034096,Southend-on-Sea 010H,Violence and sexual offences,Investigation complete; no suspect identified,
46e4ae3000714ad31611abc5e2ad00ca895dbb94b7438a8478f97a047a822579,2024-11,Essex Police,Essex Police,0.716884,51.541809,On or near Coleman Street,E01034096,Southend-on-Sea 010H,Violence and sexual offences,Unable to prosecute suspect,
e47b7c5bfed262bbceb0011034597e72435beb4f971c86aabfddd22a8e890a43,2024-11,Essex Police,Essex Police,0.714842,51.540696,On or near Parking Area,E01034096,Southend-on-Sea 010H,Violence and sexual offences,Unable to prosecute suspect,
cbe23e633e87ab8c6ae1b9bcf52fc57c3f64d285762761a86fa754b9a70c2667,2024-11,Essex Police,Essex Police,0.715035,51.540548,On or near Essex Street,E01034096,Southend-on-Sea 010H,Violence and sexual offences,Local resolution,
1f0f04d01d4bc64e005fdec321facda9c8ec9d9f9a6e90d0c758a4e610c36178,2024-11,Essex Police,Essex Police,0.712785,51.540069,On or near Deeping,E01034096,Southend-on-Sea 010H,Violence and sexual offences,Unable to prosecute suspect,
e0eb165f7962541767a3cb854b26b349b19bf04383d7bc15ca134b592c1001cc,2024-11,Essex Police,Essex Police,0.716884,51.541809,On or near Coleman Street,E01034096,Southend-on-Sea 010H,Violence and sexual offences,Unable to prosecute suspect,
68160d29c8fd28031c69ae7edc9bdc24eb5369d1eac33c60b32575c1636a0981,2024-11,Essex Police,Essex Police,0.716884,51.541809,On or near Coleman Street,E01034096,Southend-on-Sea 010H,Violence and sexual offences,Local resolution,
c6b2d88c44455fd932246d5d3e0719842ff775d24622cbf5b1438696389fb89b,2024-11,Essex Police,Essex Police,0.714873,51.541712,On or near Prittlewell Street,E01034096,Southend-on-Sea 010H,Violence and sexual offences,Unable to prosecute suspect,
6291d2a52dd812867f37ff0e60a9f366f325d885c6dfd98a8e5647aa2c15b724,2024-11,Essex Police,Essex Police,0.717998,51.542359,On or near Supermarket,E01034096,Southend-on-Sea 010H,Violence and sexual offences,Unable to prosecute suspect,
229bdef43ab3d63e6eabd5ef7413e831b4ea0ceb1ffc29585f415309a1139ade,2024-11,Essex Police,Essex Police,0.712785,51.540069,On or near Deeping,E01034096,Southend-on-Sea 010H,Violence and sexual offences,Unable to prosecute suspect,
66a290945c4e605ccf080b63d243787422c1b07013f398c3fb3cd1bb9d0d5409,2024-11,Essex Police,Essex Police,0.712785,51.540069,On or near Deeping,E01034096,Southend-on-Sea 010H,Violence and sexual offences,Unable to prosecute suspect,
8fa5df22df619c41bf2bfb176ec68bd93cb23bc6b1fc9fbf24540e45d2d5b5fa,2024-11,Essex Police,Essex Police,0.712785,51.540069,On or near Deeping,E01034096,Southend-on-Sea 010H,Violence and sexual offences,Local resolution,
63383e788e37521a70d8760868853c40e6838e827dafa2ef5a1a4d210eef1ebd,2024-11,Essex Police,Essex Police,0.717998,51.542359,On or near Supermarket,E01034096,Southend-on-Sea 010H,Violence and sexual offences,Unable to prosecute suspect,
863c006f846d5aa4e134682fac302ab05cdaf8ab6248873b3aadcbf0e86cea22,2024-11,Essex Police,Essex Police,0.712785,51.540069,On or near Deeping,E01034096,Southend-on-Sea 010H,Violence and sexual offences,Unable to prosecute suspect,
924b971e86f0a770a42f9ddb87d3337027dfb9e68f5ef32a810ed143bd0a0fba,2024-11,Essex Police,Essex Police,0.714873,51.541712,On or near Prittlewell Street,E01034096,Southend-on-Sea 010H,Violence and sexual offences,Unable to prosecute suspect,
27752d4f8ee088d89ed86e102cc2897b807a4b329753661e80412bf42aa46891,2024-11,Essex Police,Essex Police,0.714873,51.541712,On or near Prittlewell Street,E01034096,Southend-on-Sea 010H,Violence and sexual offences,Unable to prosecute suspect,
fbb771b472c6d9fd771a72f6e003b549b8e519ebe33328630fa4cb641369336a,2024-11,Essex Police,Essex Police,0.717998,51.542359,On or near Supermarket,E01034096,Southend-on-Sea 010H,Other crime,Unable to prosecute suspect,
a8ca0b787bba89c8803db5a781ce08316a33c880a6165e72103a736d4afeb451,2024-11,Essex Police,Essex Police,0.651518,51.545014,On or near Southsea Avenue,E01015845,Southend-on-Sea 011A,Criminal damage and arson,Investigation complete; no suspect identified,
962c3506d56ed1b51cb034c530945acf12f3d70b3437ce0016b73b244d73ef5d,2024-11,Essex Police,Essex Police,0.648990,51.547437,On or near Ronald Hill Grove,E01015845,Southend-on-Sea 011A,Violence and sexual offences,Unable to prosecute suspect,
4b59231359dd7c57859e21181dffb7927d84c39175842bee67f64b72f93db472,2024-11,Essex Police,Essex Police,0.651093,51.548126,On or near Southsea Mews,E01015845,Southend-on-Sea 011A,Other crime,Awaiting court outcome,
,2024-11,Essex Police,Essex Police,0.661935,51.542350,On or near Maple Avenue,E01015846,Southend-on-Sea 011B,Anti-social behaviour,,
ff98cf1b9d50565ada6d9cc7b66f642f9439fa5d37317b6047be65b345573d8c,2024-11,Essex Police,Essex Police,0.661935,51.542350,On or near Maple Avenue,E01015846,Southend-on-Sea 011B,Burglary,Investigation complete; no suspect identified,
2569d0142298d78b9886e8bd5aea11d162e18142c9a382d40c6db441086b7e04,2024-11,Essex Police,Essex Police,0.661935,51.542350,On or near Maple Avenue,E01015846,Southend-on-Sea 011B,Public order,Investigation complete; no suspect identified,
ebec7f639f62b8eb9340c0e4e6f43ce32aa35182f8928e7ab8f65c254d0b73e0,2024-11,Essex Police,Essex Police,0.657552,51.541874,On or near Alexandra Road,E01015847,Southend-on-Sea 011C,Other theft,Unable to prosecute suspect,
bfeafcd67d41de709583b07bf09cf0d99d3b23a5948fe96dd03c6ee86dbc937e,2024-11,Essex Police,Essex Police,0.656885,51.543049,On or near Canonsleigh Crescent,E01015847,Southend-on-Sea 011C,Vehicle crime,Status update unavailable,
9265a27501f0fbfa1d8b5cec163a7e5cbf1bb483af0fb1b22d18edb0c8d44b0a,2024-11,Essex Police,Essex Police,0.657552,51.541874,On or near Alexandra Road,E01015847,Southend-on-Sea 011C,Violence and sexual offences,Unable to prosecute suspect,
9b5f4a60a7e07b3ba26a8610895a00ddf254c314223f558abf7b093e19b75a3a,2024-11,Essex Police,Essex Police,0.657437,51.540392,On or near Victoria Road,E01015847,Southend-on-Sea 011C,Violence and sexual offences,Unable to prosecute suspect,
b461371efc6ad72dac702d7aa4c73c27d381af7f57393aae0ee0a5a42ded602a,2024-11,Essex Police,Essex Police,0.659302,51.543696,On or near Pall Mall,E01015847,Southend-on-Sea 011C,Violence and sexual offences,Awaiting court outcome,
618bca96dee8d4365e9cfbb8b23df36f8c5d59ab4e02757834a4981563271c59,2024-11,Essex Police,Essex Police,0.659309,51.544802,On or near Oakleigh Park Drive,E01015847,Southend-on-Sea 011C,Violence and sexual offences,Unable to prosecute suspect,
6754be63491586ea64f76e5a296f8c2c6ee53844b3716129f95a4a77cc289b94,2024-11,Essex Police,Essex Police,0.659302,51.543696,On or near Pall Mall,E01015847,Southend-on-Sea 011C,Violence and sexual offences,Unable to prosecute suspect,
c9882dde356a43f1a5094f8ba9f0350ddc14da41c11e0d734b88efe2cd401f7d,2024-11,Essex Police,Essex Police,0.659302,51.543696,On or near Pall Mall,E01015847,Southend-on-Sea 011C,Violence and sexual offences,Unable to prosecute suspect,
9e0edb023e0749afb0d19eb2d4787da50a829c63260219a164cb256a3bad8e05,2024-11,Essex Police,Essex Police,0.659302,51.543696,On or near Pall Mall,E01015847,Southend-on-Sea 011C,Violence and sexual offences,Unable to prosecute suspect,
fccc92514b066e5a881ecfa386363b13814006acf6a84e24aa354dc2fd928427,2024-11,Essex Police,Essex Police,0.659787,51.541121,On or near Ashleigh Drive,E01015848,Southend-on-Sea 011D,Criminal damage and arson,Investigation complete; no suspect identified,
3d8935507860bb15cf6334f4a734a3db34efc97d1681a014fd64bf5045a02e53,2024-11,Essex Police,Essex Police,0.648630,51.541239,On or near Laurel Close,E01015848,Southend-on-Sea 011D,Criminal damage and arson,Investigation complete; no suspect identified,
7d55fd99ac2d8c50634a4493930cb26eae9e5103024db512b978fa1d9b69e791,2024-11,Essex Police,Essex Police,0.652031,51.542673,On or near Rectory Grove,E01015848,Southend-on-Sea 011D,Public order,Unable to prosecute suspect,
6e4bf3a8fb0de3d6071004788174cc221af7d46ec1823c3b5ffee45d71f2eca0,2024-11,Essex Police,Essex Police,0.653946,51.541623,On or near Church Hill,E01015848,Southend-on-Sea 011D,Public order,Unable to prosecute suspect,
208a71c82f100c6db73c520470ff73a4a2f9bdcc52bd88ce7d794d3039dbf14f,2024-11,Essex Police,Essex Police,0.649860,51.540060,On or near Alley Dock,E01015848,Southend-on-Sea 011D,Violence and sexual offences,Unable to prosecute suspect,
99bd8d921a91cae8e6f0205fbc88b19a208bebadf6be1cb4a231e67644661507,2024-11,Essex Police,Essex Police,0.649860,51.540060,On or near Alley Dock,E01015848,Southend-on-Sea 011D,Violence and sexual offences,Investigation complete; no suspect identified,
7fddf23c11d9f8aa48318182026850c8cdc2959786b4bee9d1b39199bbbe8314,2024-11,Essex Police,Essex Police,0.652031,51.542673,On or near Rectory Grove,E01015848,Southend-on-Sea 011D,Violence and sexual offences,Unable to prosecute suspect,
694c6c6776e1375c805dd37b45d83f6986962e7381cde828bb48ab2a379e16da,2024-11,Essex Police,Essex Police,0.652031,51.542673,On or near Rectory Grove,E01015848,Southend-on-Sea 011D,Violence and sexual offences,Unable to prosecute suspect,
d440b4f921b3035b805edfd71f1472595442dc90f395818c1ea2249116ea351d,2024-11,Essex Police,Essex Police,0.656013,51.541432,On or near Supermarket,E01015849,Southend-on-Sea 011E,Drugs,Court result unavailable,
9d3d6ef3d1f41642c536d4d329d0ea36c539f7e76606544687a4b3581a540c22,2024-11,Essex Police,Essex Police,0.655505,51.541902,On or near West Street,E01015849,Southend-on-Sea 011E,Drugs,Investigation complete; no suspect identified,
15c0587d0f63cea70508c1edea07b1c2cef064d2cf79edf2d0880a3843d4c8ad,2024-11,Essex Police,Essex Police,0.656013,51.541432,On or near Supermarket,E01015849,Southend-on-Sea 011E,Public order,Court result unavailable,
2b60ea69a02cb591aa0a5a43162b3289cbda0c147e1b725d1189f153b1d691a7,2024-11,Essex Police,Essex Police,0.657285,51.546206,On or near Queen'S Avenue,E01015849,Southend-on-Sea 011E,Public order,Unable to prosecute suspect,
f3109793b69d0d6a46d299a99c4d93bf33d9462db6ffcfc94dc5e60e9f34d16f,2024-11,Essex Police,Essex Police,0.656013,51.541432,On or near Supermarket,E01015849,Southend-on-Sea 011E,Violence and sexual offences,Court result unavailable,
5e189bc43d89f4429c5a4fe0aea2244ca53dec60e6bffba8f507dda5de0f4095,2024-11,Essex Police,Essex Police,0.655638,51.547889,On or near Parking Area,E01015849,Southend-on-Sea 011E,Violence and sexual offences,Investigation complete; no suspect identified,
9572d16c65b930a050701b55d79297d8a6e2c4d1f8d1470adf0fbd1ce67dd144,2024-11,Essex Police,Essex Police,0.657285,51.546206,On or near Queen'S Avenue,E01015849,Southend-on-Sea 011E,Violence and sexual offences,Unable to prosecute suspect,
4c3ebcf2f71da03153f4576a670be331236d1ae91425ea386a813a294b6413b1,2024-11,Essex Police,Essex Police,0.657285,51.546206,On or near Queen'S Avenue,E01015849,Southend-on-Sea 011E,Violence and sexual offences,Unable to prosecute suspect,
d9f2abed21e5d98c2e6290d3d37f4c48fee71b2b6de3a49f52eb767687670a61,2024-11,Essex Police,Essex Police,0.653520,51.543224,On or near Parking Area,E01015849,Southend-on-Sea 011E,Violence and sexual offences,Unable to prosecute suspect,
d5a3df9017df37abacaa2a70098d3f59465af31ac85a6c7e9c25184dc2157bb7,2024-11,Essex Police,Essex Police,0.656013,51.541432,On or near Supermarket,E01015849,Southend-on-Sea 011E,Violence and sexual offences,Action to be taken by another organisation,
109eae18cdaa463e2c3d1d10d71869066cad31fc45b70fef67c9028713f40411,2024-11,Essex Police,Essex Police,0.656387,51.541441,On or near Seaview Road,E01015849,Southend-on-Sea 011E,Violence and sexual offences,Court result unavailable,
2853b6a6f3097c46b46074baf2ee632a3e24d8bb03e7039c38c7baf9e40ce075,2024-11,Essex Police,Essex Police,0.656387,51.541441,On or near Seaview Road,E01015849,Southend-on-Sea 011E,Other crime,Unable to prosecute suspect,
a2854744025e5649ac2777b95958201b493fd15f2fca75a912fb6af35ab47bdd,2024-11,Essex Police,Essex Police,0.661171,51.545821,On or near Leigham Court Drive,E01015850,Southend-on-Sea 011F,Public order,Investigation complete; no suspect identified,
505fd0e9c2af0036835bcfe2ca8d79723ad03208f63b5326f61854293c7522a2,2024-11,Essex Police,Essex Police,0.661171,51.545821,On or near Leigham Court Drive,E01015850,Southend-on-Sea 011F,Violence and sexual offences,Unable to prosecute suspect,
8300c376ee164019a5a9f7095d223a5f4d529e130266bdbede9629dbcd84a8e9,2024-11,Essex Police,Essex Police,0.661171,51.545821,On or near Leigham Court Drive,E01015850,Southend-on-Sea 011F,Violence and sexual offences,Unable to prosecute suspect,
f043845297526329c9c8bdb6d6417dc27a50c98a7d352bd58cb3cfe938be606f,2024-11,Essex Police,Essex Police,0.679507,51.542669,On or near Kings Road,E01015827,Southend-on-Sea 012A,Public order,Local resolution,
fda647eb17c80a314740708646ef4f292e22784263d8913d13647b5e114e4570,2024-11,Essex Police,Essex Police,0.671190,51.538821,On or near Kent View Avenue,E01015827,Southend-on-Sea 012A,Robbery,Investigation complete; no suspect identified,
7dd116343793d19d222bc3c4a7261685810c2f4bc682897fcefc4851372ba148,2024-11,Essex Police,Essex Police,0.671190,51.538821,On or near Kent View Avenue,E01015827,Southend-on-Sea 012A,Violence and sexual offences,Unable to prosecute suspect,
3133226dd1c6f94f34bc843aea6b417a12cdfa558f8fdbab45b7542cb6d77413,2024-11,Essex Police,Essex Police,0.671190,51.538821,On or near Kent View Avenue,E01015827,Southend-on-Sea 012A,Violence and sexual offences,Court result unavailable,
c2d8957b03970a6bae7199ca7badbe4a19e621f81381a59102728d544624a6c6,2024-11,Essex Police,Essex Police,0.681812,51.537724,On or near Crowstone Avenue,E01015827,Southend-on-Sea 012A,Violence and sexual offences,Unable to prosecute suspect,
8b771b8dcacdcc4b2dbac8ad094efdd7f6b0c8038ee8dbdfb11f3a6ac3698ae0,2024-11,Essex Police,Essex Police,0.681701,51.540002,On or near Crosby Road,E01015827,Southend-on-Sea 012A,Other crime,Court result unavailable,
39dca76908dfb913ff9b870435cc4ab7f65601b72599c8a1a772f77466d464e3,2024-11,Essex Police,Essex Police,0.688517,51.538200,On or near Meteor Road,E01015828,Southend-on-Sea 012B,Burglary,Investigation complete; no suspect identified,
58819a8b371ca5d8f6c9a11b6f1b8c4b138b500d75bb39ee523896da1f26b0e7,2024-11,Essex Police,Essex Police,0.683656,51.537682,On or near Whitefriars Crescent,E01015828,Southend-on-Sea 012B,Theft from the person,Unable to prosecute suspect,
86b2c9fb2b99279417c3d42e578551a42b89e652e3640fd96720a9c4bfba2bda,2024-11,Essex Police,Essex Police,0.685974,51.538609,On or near Ailsa Road,E01015828,Southend-on-Sea 012B,Vehicle crime,Investigation complete; no suspect identified,
f52ef1fc26c9c32985bb50efc0adf8acd34a0c1ef522d8f09c3e8db5a284dc2d,2024-11,Essex Police,Essex Police,0.688490,51.536510,On or near Palmerston Road,E01015828,Southend-on-Sea 012B,Vehicle crime,Investigation complete; no suspect identified,
16f6b532307117f8a7fafeddb8ed9299ce1dc0210e56a605c95b4bcc4d01a7de,2024-11,Essex Police,Essex Police,0.688517,51.538200,On or near Meteor Road,E01015828,Southend-on-Sea 012B,Violence and sexual offences,Unable to prosecute suspect,
fb6d4eb48aaade889f8b05ab65c0d8686839df0646d29f728ab4792f28b3d3bf,2024-11,Essex Police,Essex Police,0.687907,51.539590,On or near Satanita Road,E01015828,Southend-on-Sea 012B,Violence and sexual offences,Unable to prosecute suspect,
477fe941683a6bc545767e28c765873a6f559b8f491c32836f26f457a066496e,2024-11,Essex Police,Essex Police,0.688517,51.538200,On or near Meteor Road,E01015828,Southend-on-Sea 012B,Violence and sexual offences,Court result unavailable,
d97d11b57baa9bc267552478d6a6a201b276ced14219c26fff016432eac81d1d,2024-11,Essex Police,Essex Police,0.688517,51.538200,On or near Meteor Road,E01015828,Southend-on-Sea 012B,Violence and sexual offences,Unable to prosecute suspect,
152ba9b4adb973cd9bf7103ff360d97bb9ca1e99a9fd2d43fd9699b62d29b7e7,2024-11,Essex Police,Essex Police,0.687219,51.536728,On or near Pembury Road,E01015828,Southend-on-Sea 012B,Violence and sexual offences,Unable to prosecute suspect,
846868bd1a58b91ad5ee1943097f2f0ca1778185b920f45759af95dbe9a54ca3,2024-11,Essex Police,Essex Police,0.687907,51.539590,On or near Satanita Road,E01015828,Southend-on-Sea 012B,Violence and sexual offences,Unable to prosecute suspect,
b8538d8f35bf037a4afe119a700d23a3725c8416457dec52ee4e99e31186f25f,2024-11,Essex Police,Essex Police,0.687232,51.538409,On or near Britannia Road,E01015828,Southend-on-Sea 012B,Violence and sexual offences,Offender given a caution,
dd69e5c12fd255349a4efdb35375b53010a35a1b05883daf6eebccf51f0f2044,2024-11,Essex Police,Essex Police,0.687232,51.538409,On or near Britannia Road,E01015828,Southend-on-Sea 012B,Violence and sexual offences,Unable to prosecute suspect,
,2024-11,Essex Police,Essex Police,0.668007,51.541106,On or near Woodfield Road,E01015829,Southend-on-Sea 012C,Anti-social behaviour,,
faeb7b0624e5c0585921b2b8f6a036d3c60c974ec60985475231f9830e2bd99d,2024-11,Essex Police,Essex Police,0.673261,51.545609,On or near Leigh Road,E01015829,Southend-on-Sea 012C,Public order,Investigation complete; no suspect identified,
ef1b3dd2281f48a73d7b3729c1e2209d6e4555f1673a39e22fa1e4d9000bf4df,2024-11,Essex Police,Essex Police,0.667471,51.543294,On or near Supermarket,E01015829,Southend-on-Sea 012C,Public order,Unable to prosecute suspect,
74049c4c9d320fe46329e3da560a6097314d9dc751b9154088abacd1cc6fa808,2024-11,Essex Police,Essex Police,0.667471,51.543294,On or near Supermarket,E01015829,Southend-on-Sea 012C,Shoplifting,Investigation complete; no suspect identified,
11a80c7f28980d27987927f4c8dae7b39cccff4623a10d217420e656939b9349,2024-11,Essex Police,Essex Police,0.667471,51.543294,On or near Supermarket,E01015829,Southend-on-Sea 012C,Shoplifting,Unable to prosecute suspect,
594b8a705f5345d7737fec5436b7bb52c04a8ad358e558830d31bf92ec3e6861,2024-11,Essex Police,Essex Police,0.667471,51.543294,On or near Supermarket,E01015829,Southend-on-Sea 012C,Shoplifting,Court result unavailable,
7d0c98c7391199784d94bfd3a97d53e8333b33fc036db640c1c126c23dc6f6c7,2024-11,Essex Police,Essex Police,0.667471,51.543294,On or near Supermarket,E01015829,Southend-on-Sea 012C,Shoplifting,Investigation complete; no suspect identified,
63eda03b4b8c14d0f6cb620efdfebaf4a36f894156f0dd67cf2337df762a0b10,2024-11,Essex Police,Essex Police,0.667471,51.543294,On or near Supermarket,E01015829,Southend-on-Sea 012C,Shoplifting,Unable to prosecute suspect,
387bf7e9e67592bf92a276e83a3e7a21850f7b8c4c5f2ab57683dfd843778058,2024-11,Essex Police,Essex Police,0.667471,51.543294,On or near Supermarket,E01015829,Southend-on-Sea 012C,Shoplifting,Investigation complete; no suspect identified,
73f48f717b5a06fbd465cc449d3499ca3b83015a4e05f5f77a0f09f44f9ee8c3,2024-11,Essex Police,Essex Police,0.668494,51.542282,On or near Upland Road,E01015829,Southend-on-Sea 012C,Vehicle crime,Investigation complete; no suspect identified,
461126960207f5f1c7ba8595a78b87b2fcceb60febba8c3b29a483c1283bb08c,2024-11,Essex Police,Essex Police,0.667471,51.543294,On or near Supermarket,E01015829,Southend-on-Sea 012C,Violence and sexual offences,Unable to prosecute suspect,
3173feff8aa950aba0794deaa69084518c0df6892402eac36c4141d6d6ca02c4,2024-11,Essex Police,Essex Police,0.669524,51.542393,On or near Cliff Road,E01015829,Southend-on-Sea 012C,Violence and sexual offences,Unable to prosecute suspect,
4cafaa450e75be3f3ba74025cc326d7d5c4cd72ae9970a940f8dfbcda66c5c00,2024-11,Essex Police,Essex Police,0.673973,51.541770,On or near The Drive,E01015830,Southend-on-Sea 012D,Criminal damage and arson,Investigation complete; no suspect identified,
9f7ea2b3463d82caa9872d0bca2e360170304f5fb945f89cb9c72e8365cdc233,2024-11,Essex Police,Essex Police,0.673137,51.544487,On or near Old Leigh Road,E01015830,Southend-on-Sea 012D,Other theft,Investigation complete; no suspect identified,
f035d1faf8595b35c7f436ae6a429f648889d389958d4d1f0dddeecb1fec819b,2024-11,Essex Police,Essex Police,0.676174,51.541423,On or near Leasway,E01015830,Southend-on-Sea 012D,Vehicle crime,Court result unavailable,
5a4f13acce8e93b19a0e7dfa59b02b6148cf3459b6ef0e37aa159f0ca7e47683,2024-11,Essex Police,Essex Police,0.672356,51.542482,On or near Park Side,E01015830,Southend-on-Sea 012D,Violence and sexual offences,Unable to prosecute suspect,
,2024-11,Essex Police,Essex Police,0.691733,51.543810,On or near Theatre/Concert Hall,E01015831,Southend-on-Sea 012E,Anti-social behaviour,,
,2024-11,Essex Police,Essex Police,0.691175,51.540459,On or near Valkyrie Road,E01015831,Southend-on-Sea 012E,Anti-social behaviour,,
,2024-11,Essex Police,Essex Police,0.689615,51.540180,On or near Genesta Road,E01015831,Southend-on-Sea 012E,Anti-social behaviour,,
78e827079f4974cc463494b820542e9a5b351ebb89086d5d1b27c0ab507569e1,2024-11,Essex Police,Essex Police,0.691733,51.543810,On or near Theatre/Concert Hall,E01015831,Southend-on-Sea 012E,Criminal damage and arson,Investigation complete; no suspect identified,
3887a3b0acd9ccc11bb2c33958f30ef9309e83717e908fec3be5f4199e6e3600,2024-11,Essex Police,Essex Police,0.688918,51.542058,On or near Cotswold Road,E01015831,Southend-on-Sea 012E,Drugs,Court result unavailable,
65dd9119d01e882170f9b72ba186884f3f7d60563c9195205d2a0e0dbdd61e46,2024-11,Essex Police,Essex Police,0.691733,51.543810,On or near Theatre/Concert Hall,E01015831,Southend-on-Sea 012E,Drugs,Local resolution,
734a202111873278499fb79d30795ad046050dc5a818af404a7542c791d80e00,2024-11,Essex Police,Essex Police,0.691733,51.543810,On or near Theatre/Concert Hall,E01015831,Southend-on-Sea 012E,Public order,Court result unavailable,
aa5f79999e8e873f2297306f6883aefe9c10cab876157513f9aaffac9b7f5b51,2024-11,Essex Police,Essex Police,0.691733,51.543810,On or near Theatre/Concert Hall,E01015831,Southend-on-Sea 012E,Public order,Investigation complete; no suspect identified,
0512a0d724d05e0928520a5e9c7790c52312960c5edd6158279368b468161b50,2024-11,Essex Police,Essex Police,0.691733,51.543810,On or near Theatre/Concert Hall,E01015831,Southend-on-Sea 012E,Vehicle crime,Investigation complete; no suspect identified,
db0bd5bfcc67de76d9b9d2b53d3b7fe9616a3db95030f66fc71cc6c00902bb1d,2024-11,Essex Police,Essex Police,0.691175,51.540459,On or near Valkyrie Road,E01015831,Southend-on-Sea 012E,Vehicle crime,Investigation complete; no suspect identified,
ce7fa2d960835497765e9ef68307ccd351889eebe9e11ebb621e2efe235e096e,2024-11,Essex Police,Essex Police,0.688918,51.542058,On or near Cotswold Road,E01015831,Southend-on-Sea 012E,Vehicle crime,Investigation complete; no suspect identified,
df52585aaec4211b26d0afa72adb2e74c3492d2e248e898b80c9ab0ecedde060,2024-11,Essex Police,Essex Police,0.689619,51.544407,On or near Shoe Lane,E01015831,Southend-on-Sea 012E,Vehicle crime,Investigation complete; no suspect identified,
1898037bedb9f17e0b67eddfefb8a91e7c7e9ed10fc0c663110ded7d187e532b,2024-11,Essex Police,Essex Police,0.689619,51.544407,On or near Shoe Lane,E01015831,Southend-on-Sea 012E,Vehicle crime,Investigation complete; no suspect identified,
0cdae7b3cb3127c4a353dc6d4551a8144bf6beb7cda8414ebdf7646c41c56869,2024-11,Essex Police,Essex Police,0.691732,51.543297,On or near Cranley Avenue,E01015831,Southend-on-Sea 012E,Violence and sexual offences,Unable to prosecute suspect,
a845ece4f4f87d08dc5fcc7bf733ff41b8a682e2244922b5e93d263854ae1243,2024-11,Essex Police,Essex Police,0.691732,51.543297,On or near Cranley Avenue,E01015831,Southend-on-Sea 012E,Violence and sexual offences,Unable to prosecute suspect,
57df79e045e92e300fbf8ded498560a4b188bd0df4523434302c2db1486d3068,2024-11,Essex Police,Essex Police,0.688918,51.542058,On or near Cotswold Road,E01015831,Southend-on-Sea 012E,Violence and sexual offences,Court result unavailable,
ac067b31ac06e67d8a55e4c1196fd9b370e599fc1eac4b25bcded91d641abae2,2024-11,Essex Police,Essex Police,0.689615,51.540180,On or near Genesta Road,E01015831,Southend-on-Sea 012E,Violence and sexual offences,Unable to prosecute suspect,
72897b401ea131fd1920b4dac1f7ea90965d01317dc1e197b99c28506f877f3f,2024-11,Essex Police,Essex Police,0.691733,51.543810,On or near Theatre/Concert Hall,E01015831,Southend-on-Sea 012E,Violence and sexual offences,Unable to prosecute suspect,
cd2238115cb6caba5f304d682e1a4d953c0d78d72402c13f15f35fc892a50d5a,2024-11,Essex Police,Essex Police,0.689912,51.542035,On or near Elderton Road,E01015831,Southend-on-Sea 012E,Violence and sexual offences,Formal action is not in the public interest,
e5f2ebf1ef2c4925ee81ca2303989eba98ef65c6a2f45ef3f0755fb1a3c71a24,2024-11,Essex Police,Essex Police,0.688168,51.544009,On or near Crowstone Close,E01015831,Southend-on-Sea 012E,Violence and sexual offences,Investigation complete; no suspect identified,
f928396d9e5040e34d957b3f169ee41f6d93c360990351ce49e8e076f9ecacdf,2024-11,Essex Police,Essex Police,0.692988,51.543565,On or near London Road,E01015831,Southend-on-Sea 012E,Violence and sexual offences,Unable to prosecute suspect,
797f83a5b800c26c6d1f27c55443b596e3e4d98caef51c0b0cde14032feafe28,2024-11,Essex Police,Essex Police,0.687839,51.542595,On or near Alleyn Place,E01015831,Southend-on-Sea 012E,Violence and sexual offences,Unable to prosecute suspect,
ff92a3c9416fa537efcfa720032606ca30a83368427ba5aff3a61d989842c66e,2024-11,Essex Police,Essex Police,0.684238,51.545367,On or near Petrol Station,E01015832,Southend-on-Sea 012F,Criminal damage and arson,Unable to prosecute suspect,
9a8eb7ee1063a4c33128c28496d4304ff04be0f231507275cc06703104264e73,2024-11,Essex Police,Essex Police,0.684238,51.545367,On or near Petrol Station,E01015832,Southend-on-Sea 012F,Other theft,Investigation complete; no suspect identified,
11006e0274f9a52c1d99f46ec63fba04d7e409e0b38412c775fce483e5036019,2024-11,Essex Police,Essex Police,0.681452,51.545341,On or near Supermarket,E01015832,Southend-on-Sea 012F,Public order,Investigation complete; no suspect identified,
ec38fbcb6d83bdbd3d3135ffdf340ac631edd67fabd1d33d4bd01a281c7ea14c,2024-11,Essex Police,Essex Police,0.684238,51.545367,On or near Petrol Station,E01015832,Southend-on-Sea 012F,Public order,Unable to prosecute suspect,
2ad3c8df7c26312137d525953ec471fa3cc3181ed00c33a8addea7f5ae6db909,2024-11,Essex Police,Essex Police,0.686503,51.541700,On or near Crowstone Road,E01015832,Southend-on-Sea 012F,Public order,Unable to prosecute suspect,
b09d29bac470d608af5da0f0d02b9a16b9566ba10a6e8506e893adbfb74fdc33,2024-11,Essex Police,Essex Police,0.681452,51.545341,On or near Supermarket,E01015832,Southend-on-Sea 012F,Shoplifting,Investigation complete; no suspect identified,
1f750df63fdcf163e9c34079562aac3e90ec6ae39cc3efbbed3d85c971b3dece,2024-11,Essex Police,Essex Police,0.683586,51.543844,On or near Imperial Avenue,E01015832,Southend-on-Sea 012F,Vehicle crime,Investigation complete; no suspect identified,
3f1a418f30dd40ca6a8f200515d255aeb8dd7d6da366ea252d55b27bbd3bfce2,2024-11,Essex Police,Essex Police,0.681452,51.545341,On or near Supermarket,E01015832,Southend-on-Sea 012F,Violence and sexual offences,Unable to prosecute suspect,
d10823baae182f480470fe91599033171a234b73c9d99f0246f9464d864af8ff,2024-11,Essex Police,Essex Police,0.681452,51.545341,On or near Supermarket,E01015832,Southend-on-Sea 012F,Violence and sexual offences,Unable to prosecute suspect,
c840e3f7bd805d519fac0b994c670188d49cbde29cc21fd10249e65d1767ff73,2024-11,Essex Police,Essex Police,0.682584,51.542014,On or near Chadwick Road,E01015832,Southend-on-Sea 012F,Violence and sexual offences,Action to be taken by another organisation,
d7464be46692361fad6c3abecf4e54622b13ad9ca541951addce25879f5d5ed5,2024-11,Essex Police,Essex Police,0.796451,51.533490,On or near Wakering Avenue,E01015876,Southend-on-Sea 013A,Other theft,Unable to prosecute suspect,
16b407f175f4a2fc4070ffd333ca2ab6a31a076678ab3b94be2f5a24ed30611b,2024-11,Essex Police,Essex Police,0.788033,51.527413,On or near Boundary Way,E01015876,Southend-on-Sea 013A,Public order,Unable to prosecute suspect,
3e5d9b08cc4504f78b17b56d95dd13262d1b4fed99876bbdf5aa5e7b603b04ad,2024-11,Essex Police,Essex Police,0.787203,51.527522,On or near Ashes Road,E01015876,Southend-on-Sea 013A,Violence and sexual offences,Unable to prosecute suspect,
947fd7599085c67411d11a74800b12a6f8bc185262adaa557382411bf4c1395d,2024-11,Essex Police,Essex Police,0.798073,51.536653,On or near Vermeer Crescent,E01015876,Southend-on-Sea 013A,Violence and sexual offences,Unable to prosecute suspect,
4ae9873a81480b98b56f4395e363c42a23efa448addddaed5947245826f273cf,2024-11,Essex Police,Essex Police,0.798073,51.536653,On or near Vermeer Crescent,E01015876,Southend-on-Sea 013A,Violence and sexual offences,Status update unavailable,
,2024-11,Essex Police,Essex Police,0.794380,51.530284,On or near Old School Court,E01015877,Southend-on-Sea 013B,Anti-social behaviour,,
,2024-11,Essex Police,Essex Police,0.791849,51.531342,On or near Rosewood Lane,E01015877,Southend-on-Sea 013B,Anti-social behaviour,,
c99e6f424d2bfb35f7314018c78c57516a467f32b4acc75d37779aebffe3fa28,2024-11,Essex Police,Essex Police,0.792563,51.530750,On or near Thorpe Green Mews,E01015877,Southend-on-Sea 013B,Criminal damage and arson,Unable to prosecute suspect,
bde2053f2390fd387af6d123ccc688367a75b44f43f7c94b3959cc26a308be64,2024-11,Essex Police,Essex Police,0.797112,51.533213,On or near Southchurch Avenue,E01015877,Southend-on-Sea 013B,Other theft,Investigation complete; no suspect identified,
61ea566f7c997e311d9fb9d6e2b84107747a2e6456ace5874562086454f2ce23,2024-11,Essex Police,Essex Police,0.797112,51.533213,On or near Southchurch Avenue,E01015877,Southend-on-Sea 013B,Other theft,Unable to prosecute suspect,
c719644ba04606f2cc1c736d465fa8a4da2b31d090958d7568903c7f0d06e8a9,2024-11,Essex Police,Essex Police,0.796912,51.529252,On or near George Street,E01015877,Southend-on-Sea 013B,Public order,Investigation complete; no suspect identified,
15b1f486f89fd427b7fa032e5f846e72934fe52cd24008d18826c4dac588224c,2024-11,Essex Police,Essex Police,0.783902,51.530848,On or near Grove Walk,E01015877,Southend-on-Sea 013B,Public order,Investigation complete; no suspect identified,
189ed1d03fae76b028599e4b1b89d28e66f9a6924b95ba6372cf379c7835316e,2024-11,Essex Police,Essex Police,0.795698,51.527797,On or near Parade Walk,E01015877,Southend-on-Sea 013B,Vehicle crime,Investigation complete; no suspect identified,
8767807de7f18a939c02e810a6daaa28d46a75a660cf69f7b337eded959723fa,2024-11,Essex Police,Essex Police,0.795199,51.532126,On or near Shoebury Avenue,E01015877,Southend-on-Sea 013B,Vehicle crime,Investigation complete; no suspect identified,
ec6c7f68d732a3ac34c2da68e0b8f4c3e08a8867a179d90399e3617574892644,2024-11,Essex Police,Essex Police,0.791796,51.528825,On or near Horseshoe Crescent,E01015877,Southend-on-Sea 013B,Vehicle crime,Investigation complete; no suspect identified,
fbf735bd037cab9fc0293ba01585745666e64ce22f12012b463d2f74a749d529,2024-11,Essex Police,Essex Police,0.783902,51.530848,On or near Grove Walk,E01015877,Southend-on-Sea 013B,Violence and sexual offences,Investigation complete; no suspect identified,
78192cbcb4c8e5d3bc45c29f66c6c12231f1dac1f36038bfa713eb3796421879,2024-11,Essex Police,Essex Police,0.792943,51.532962,On or near Wallace Street,E01015877,Southend-on-Sea 013B,Violence and sexual offences,Action to be taken by another organisation,
eded7a43106a779c4d19f6de2addd24d6636cd7b20883c6832f5438b908cb9ec,2024-11,Essex Police,Essex Police,0.788291,51.530231,On or near Campfield Road,E01015877,Southend-on-Sea 013B,Violence and sexual offences,Action to be taken by another organisation,
e402bfa59dca0d954e1459307c50ffb74495ef2f156f77ca64fef461a07d03b2,2024-11,Essex Police,Essex Police,0.792563,51.530750,On or near Thorpe Green Mews,E01015877,Southend-on-Sea 013B,Violence and sexual offences,Unable to prosecute suspect,
98e991254d30d2030224602ed80373bdfa7feaf8daaaf32718f986a9f712be4b,2024-11,Essex Police,Essex Police,0.793990,51.531453,On or near Shoeburyness,E01015877,Southend-on-Sea 013B,Violence and sexual offences,Unable to prosecute suspect,
47c20ff806fbe4a7c50464ff51700a41d28bdb0a26fb5ce6f90c88fa478f5caf,2024-11,Essex Police,Essex Police,0.784987,51.543422,On or near Maitland Place,E01015878,Southend-on-Sea 013C,Violence and sexual offences,Unable to prosecute suspect,
1b9e370b005416631dd71af6481c389fe3149875157fa06f5b9f8fa5334de2db,2024-11,Essex Police,Essex Police,0.786403,51.545817,On or near Kingston Avenue,E01015878,Southend-on-Sea 013C,Violence and sexual offences,Unable to prosecute suspect,
e5f82e6906b911063237f60a8d295739d5509fdeeccfc57b516505b27bf8cc6a,2024-11,Essex Police,Essex Police,0.782388,51.541487,On or near Weaverdale,E01015878,Southend-on-Sea 013C,Other crime,Local resolution,
,2024-11,Essex Police,Essex Police,0.788058,51.540804,On or near Falcon Way,E01015879,Southend-on-Sea 013D,Anti-social behaviour,,
,2024-11,Essex Police,Essex Police,0.788569,51.540900,On or near Osprey Close,E01015879,Southend-on-Sea 013D,Anti-social behaviour,,
f270ba6286f2a62f3c5278f230b89e628133019e4cc74a10b3534067086c085f,2024-11,Essex Police,Essex Police,0.788569,51.540900,On or near Osprey Close,E01015879,Southend-on-Sea 013D,Criminal damage and arson,Unable to prosecute suspect,
6a5729ca7b48a09b607a7024049bd5741f1a2a66b706a6683c45f81e51609a51,2024-11,Essex Police,Essex Police,0.783590,51.542034,On or near Midsummer Meadow,E01015879,Southend-on-Sea 013D,Possession of weapons,Court result unavailable,
b4e6da3511b7f6489c7b660b3eaa0258c4551c21cc54511f2ebff25d915a38fd,2024-11,Essex Police,Essex Police,0.790471,51.541340,On or near Watkins Way,E01015879,Southend-on-Sea 013D,Violence and sexual offences,Unable to prosecute suspect,
0720550412d188755cf8f8de3ceac740f548de7787428419baee6911bd99635e,2024-11,Essex Police,Essex Police,0.787909,51.543326,On or near Collingwood Way,E01015879,Southend-on-Sea 013D,Violence and sexual offences,Action to be taken by another organisation,
6f939570fac4ed5b450620b1b952bacddd5e565d1c610f88401a90ceef86f73a,2024-11,Essex Police,Essex Police,0.788058,51.540804,On or near Falcon Way,E01015879,Southend-on-Sea 013D,Violence and sexual offences,Unable to prosecute suspect,
f615678c061fd504098e11ff16066de2fcaddf2c88c6a7aec4e8baf8d159dbfd,2024-11,Essex Police,Essex Police,0.787024,51.542519,On or near Keyes Close,E01015879,Southend-on-Sea 013D,Violence and sexual offences,Action to be taken by another organisation,
b4d0da032a02cc761eeaef4e19c37ff4e9f61bf1edb8a60de5be77b78a13aa8f,2024-11,Essex Police,Essex Police,0.789968,51.540902,On or near Bowbank Close,E01015879,Southend-on-Sea 013D,Violence and sexual offences,Unable to prosecute suspect,
a2a7922da0f632cacf80f8c0eef598918675639655e3d163bbb5765506b6bf26,2024-11,Essex Police,Essex Police,0.787909,51.543326,On or near Collingwood Way,E01015879,Southend-on-Sea 013D,Violence and sexual offences,Action to be taken by another organisation,
d7f97d200f5627c8a4dd869842ac3b0449ea2e37fc8410fff5ccef04d4ae52f5,2024-11,Essex Police,Essex Police,0.787909,51.543326,On or near Collingwood Way,E01015879,Southend-on-Sea 013D,Violence and sexual offences,Unable to prosecute suspect,
46b509f6c1a6d8c7a9e19f6f2b611c5a339e663cbe2f642053508b18d6a61feb,2024-11,Essex Police,Essex Police,0.787909,51.543326,On or near Collingwood Way,E01015879,Southend-on-Sea 013D,Violence and sexual offences,Action to be taken by another organisation,
84d1a2c28c246155195441529f922f6b864c94008935f57cb6727902269ec565,2024-11,Essex Police,Essex Police,0.785836,51.541729,On or near Colne Drive,E01015879,Southend-on-Sea 013D,Violence and sexual offences,Unable to prosecute suspect,
2eb540892b87379867183afb2d3bb7b8fbbd5cc594cee0c27a97302af3d6429f,2024-11,Essex Police,Essex Police,0.783590,51.542034,On or near Midsummer Meadow,E01015879,Southend-on-Sea 013D,Violence and sexual offences,Court result unavailable,
24851cac9ceec9afd683d0e53829ce84858f9ce50701039c4e88d968107d71d4,2024-11,Essex Police,Essex Police,0.788569,51.540900,On or near Osprey Close,E01015879,Southend-on-Sea 013D,Violence and sexual offences,Unable to prosecute suspect,
6cce2724a1af0332a34fa76dc3759ab64558436168ad1a37e670e758f17dd736,2024-11,Essex Police,Essex Police,0.787909,51.543326,On or near Collingwood Way,E01015879,Southend-on-Sea 013D,Violence and sexual offences,Action to be taken by another organisation,
,2024-11,Essex Police,Essex Police,0.789991,51.539634,On or near Cunningham Close,E01015880,Southend-on-Sea 013E,Anti-social behaviour,,
,2024-11,Essex Police,Essex Police,0.789991,51.539634,On or near Cunningham Close,E01015880,Southend-on-Sea 013E,Anti-social behaviour,,
,2024-11,Essex Police,Essex Police,0.793316,51.539519,On or near Parking Area,E01015880,Southend-on-Sea 013E,Anti-social behaviour,,
c7e12c32d3a370c42c2bfbb0fafe24fee13d835c502cb65ea1f4f66cba54031b,2024-11,Essex Police,Essex Police,0.794735,51.539134,On or near Friars Mews,E01015880,Southend-on-Sea 013E,Burglary,Status update unavailable,
fd9a51d721cc3fe208d6f298bd3960fc9f99af67ac7391ef5186d6a63bd881da,2024-11,Essex Police,Essex Police,0.791565,51.539659,On or near Fraser Close,E01015880,Southend-on-Sea 013E,Other theft,Investigation complete; no suspect identified,
38eded8df3de45c075d8b3fc820d8ba0186d916ece43998f5097c1d86099ebf1,2024-11,Essex Police,Essex Police,0.791177,51.541332,On or near Carmania Close,E01015880,Southend-on-Sea 013E,Public order,Investigation complete; no suspect identified,
5c3898f2969a5588b84993747511f9d4e31e372e016ed1969ea78716d06ce054,2024-11,Essex Police,Essex Police,0.792808,51.540403,On or near Exeter Close,E01015880,Southend-on-Sea 013E,Violence and sexual offences,Unable to prosecute suspect,
6d7b84df0fa1244eb805cdcb8db8b1486a636b133b0b06b295983c66841c98b2,2024-11,Essex Police,Essex Police,0.792808,51.540403,On or near Exeter Close,E01015880,Southend-on-Sea 013E,Violence and sexual offences,Unable to prosecute suspect,
b5dd576757ec5f928c2900bcc837c04bcffa3e9dadf19c98b04f18169d76de52,2024-11,Essex Police,Essex Police,0.789486,51.537496,On or near Eagle Way,E01015880,Southend-on-Sea 013E,Violence and sexual offences,Unable to prosecute suspect,
af0b9e2c48e3bd90b3c03d538dc7d29164ec2af86bd97100f73940fa6982c69e,2024-11,Essex Police,Essex Police,0.791565,51.539659,On or near Fraser Close,E01015880,Southend-on-Sea 013E,Violence and sexual offences,Unable to prosecute suspect,
c1065718c81039160beca87bd5429988452f11b7af0de09adae9e385883b56a3,2024-11,Essex Police,Essex Police,0.789991,51.539634,On or near Cunningham Close,E01015880,Southend-on-Sea 013E,Violence and sexual offences,Unable to prosecute suspect,
d08b82d17bab84dc87b9acbf08656e2ad37eeb3ca80c98218236ca0f7ad315ca,2024-11,Essex Police,Essex Police,0.791565,51.539659,On or near Fraser Close,E01015880,Southend-on-Sea 013E,Violence and sexual offences,Action to be taken by another organisation,
6b4214c94924a7a4c7432cfa066094ac237cdcb3950b2140d62f7b270cd99751,2024-11,Essex Police,Essex Police,0.793316,51.539519,On or near Parking Area,E01015880,Southend-on-Sea 013E,Violence and sexual offences,Investigation complete; no suspect identified,
216826739bd1b6153c77d483d89c6082a939756ca94a6662a49d13f1a3423ffe,2024-11,Essex Police,Essex Police,0.791565,51.539659,On or near Fraser Close,E01015880,Southend-on-Sea 013E,Violence and sexual offences,Unable to prosecute suspect,
5fd10b884157e4606cb87549418bec2615394333d104f751bf4c529656030be4,2024-11,Essex Police,Essex Police,0.800675,51.538642,On or near Rembrandt Close,E01015881,Southend-on-Sea 013F,Violence and sexual offences,Unable to prosecute suspect,
0f8f037d26e3d5566aafab157b885ef4d35a4f13ae207e81b67e0e75ad2cd776,2024-11,Essex Police,Essex Police,0.801070,51.539909,On or near Picasso Way,E01015881,Southend-on-Sea 013F,Violence and sexual offences,Unable to prosecute suspect,
,2024-11,Essex Police,Essex Police,0.780741,51.539305,On or near Supermarket,E01015882,Southend-on-Sea 013G,Anti-social behaviour,,
,2024-11,Essex Police,Essex Police,0.781395,51.538201,On or near Mortar Close,E01015882,Southend-on-Sea 013G,Anti-social behaviour,,
ebb376ca29843cd49db1571a334d7af08b5d4c9c0c055b31f4a701ff669d8ef3,2024-11,Essex Police,Essex Police,0.785829,51.534768,On or near Parking Area,E01015882,Southend-on-Sea 013G,Other theft,Unable to prosecute suspect,
c5bacb84fad58c569350f948b982e069cc0c422bbd99c3d5867c264dcd3b43b6,2024-11,Essex Police,Essex Police,0.780741,51.539305,On or near Supermarket,E01015882,Southend-on-Sea 013G,Other theft,Investigation complete; no suspect identified,
89fcd9b7222596e5614050669cc79ab82d3d4ef16fd9c6b2ca89b7369d498511,2024-11,Essex Police,Essex Police,0.780741,51.539305,On or near Supermarket,E01015882,Southend-on-Sea 013G,Other theft,Investigation complete; no suspect identified,
b0f316f2b82b251dc71ca0c78b00dbf47dcbe563cdc5d6a9e2c2146aa6a368c8,2024-11,Essex Police,Essex Police,0.786475,51.536138,On or near Anson Chase,E01015882,Southend-on-Sea 013G,Other theft,Investigation complete; no suspect identified,
8923b90b2c60b4686d02eed528165a27f39af250a14705acb5495099253555cd,2024-11,Essex Police,Essex Police,0.784961,51.540158,On or near Dovecote,E01015882,Southend-on-Sea 013G,Other theft,Unable to prosecute suspect,
59a26056d806168c187fa98e878fe6a5ac3c650a195046b8f025684274d9c99a,2024-11,Essex Police,Essex Police,0.780741,51.539305,On or near Supermarket,E01015882,Southend-on-Sea 013G,Other theft,Status update unavailable,
8243dad4fd9100b2881186936d0bf27a75fecd62eefb25ee4c783d008fd33d6b,2024-11,Essex Police,Essex Police,0.782636,51.537749,On or near Military Close,E01015882,Southend-on-Sea 013G,Possession of weapons,Unable to prosecute suspect,
5954c2a574782022a59fcf9f3c51e9998d349f59003bfe25a0f68461b5398d77,2024-11,Essex Police,Essex Police,0.789654,51.536485,On or near Hermes Way,E01015882,Southend-on-Sea 013G,Public order,Unable to prosecute suspect,
b003ccfe8a2fc0a93a86f7a9a227ee45a14641eff839b62eb6910fdbc07ec7f2,2024-11,Essex Police,Essex Police,0.789654,51.536485,On or near Hermes Way,E01015882,Southend-on-Sea 013G,Public order,Unable to prosecute suspect,
315caf4fdf9202af4c0412dc2c7b941c75d026a2280b757ac3b17db08b6b4f4a,2024-11,Essex Police,Essex Police,0.789654,51.536485,On or near Hermes Way,E01015882,Southend-on-Sea 013G,Public order,Unable to prosecute suspect,
91bf9a93d6fbcf19694a52a84c046406aa074cd4fe826299143f108973c9a124,2024-11,Essex Police,Essex Police,0.789654,51.536485,On or near Hermes Way,E01015882,Southend-on-Sea 013G,Public order,Unable to prosecute suspect,
1c27fa045a0a88282733b38ad4d117931ff2127735db0147afcd6cadbd1e3bb3,2024-11,Essex Police,Essex Police,0.780741,51.539305,On or near Supermarket,E01015882,Southend-on-Sea 013G,Shoplifting,Unable to prosecute suspect,
0ba89b15d5ac6051c94d1c22c868d711dda825ab29e0827fa5fb6c5c74d4291e,2024-11,Essex Police,Essex Police,0.785888,51.539273,On or near Chaffinch Close,E01015882,Southend-on-Sea 013G,Violence and sexual offences,Unable to prosecute suspect,
dadf1e3b8325da4e31d3ed59e30af0c094be6f2df1381561e89f4fa6790a0688,2024-11,Essex Police,Essex Police,0.784209,51.538944,On or near The Drakes,E01015882,Southend-on-Sea 013G,Violence and sexual offences,Unable to prosecute suspect,
0ea5543f8ea375e3cece3bf47e828fc9d4d004162112f4c350c91be11a82372e,2024-11,Essex Police,Essex Police,0.785924,51.540567,On or near Puffin Place,E01015882,Southend-on-Sea 013G,Violence and sexual offences,Unable to prosecute suspect,
1547de12a9a732bca8860788170ff28dd29aa7eeb02c14cd4e75d05cb3a435c4,2024-11,Essex Police,Essex Police,0.784209,51.538944,On or near The Drakes,E01015882,Southend-on-Sea 013G,Violence and sexual offences,Unable to prosecute suspect,
b50f06385296a4f176517a20ac0cec762ef07a3caea756d21ddb43f78349b800,2024-11,Essex Police,Essex Police,0.781395,51.538201,On or near Mortar Close,E01015882,Southend-on-Sea 013G,Violence and sexual offences,Unable to prosecute suspect,
f2534b6e3114f7b96cc346b405716958ace4a06d83437d3afbfa2800d67d370e,2024-11,Essex Police,Essex Police,0.785829,51.534768,On or near Parking Area,E01015882,Southend-on-Sea 013G,Other crime,Unable to prosecute suspect,
,2024-11,Essex Police,Essex Police,0.724888,51.536731,On or near Honiton Road,E01015839,Southend-on-Sea 014A,Anti-social behaviour,,
,2024-11,Essex Police,Essex Police,0.728253,51.539225,On or near Chase Road,E01015839,Southend-on-Sea 014A,Anti-social behaviour,,
02cc54f7cc03e2beedffe7e4f2b68b2dbf9f8727e66e677361df9fc09b62e355,2024-11,Essex Police,Essex Police,0.733168,51.540378,On or near Lovelace Avenue,E01015839,Southend-on-Sea 014A,Burglary,Investigation complete; no suspect identified,
b069547a2abbccf1ddab97ae8d4eaa806d1884e571bbee87cf8dc35284e50686,2024-11,Essex Police,Essex Police,0.728253,51.539225,On or near Chase Road,E01015839,Southend-on-Sea 014A,Criminal damage and arson,Offender given a caution,
f250927e89ea2728c6f7fa68d09fa6c9dae2b00ad14bcac574dfda9304f904c2,2024-11,Essex Police,Essex Police,0.733168,51.540378,On or near Lovelace Avenue,E01015839,Southend-on-Sea 014A,Criminal damage and arson,Investigation complete; no suspect identified,
bc960ad66d57e56b4def0fd66dbc630b4426a63ba1520d7efe7e16f8e8bd2ab4,2024-11,Essex Police,Essex Police,0.725036,51.539201,On or near Stanier Close,E01015839,Southend-on-Sea 014A,Drugs,Local resolution,
cef8e1c971a2f3ae3597f865d2c0c6e259fb55828bab99ef5b8aa7aca2e2a261,2024-11,Essex Police,Essex Police,0.730207,51.539818,On or near Bellevue Avenue,E01015839,Southend-on-Sea 014A,Other theft,Unable to prosecute suspect,
9e3445b17760af16f33f2fa225ddcd011d1e9e0198c662dbb1c8a611350f3f17,2024-11,Essex Police,Essex Police,0.733168,51.540378,On or near Lovelace Avenue,E01015839,Southend-on-Sea 014A,Shoplifting,Investigation complete; no suspect identified,
8af37772880ad86a27093e90bcc7dd93c2b7fe340380f08d1cced70c57c4c475,2024-11,Essex Police,Essex Police,0.724888,51.536731,On or near Honiton Road,E01015839,Southend-on-Sea 014A,Vehicle crime,Investigation complete; no suspect identified,
87e47fc84206b4f7858dd32d0084e8297f869bfc8411c53cf63bf78f26fef649,2024-11,Essex Police,Essex Police,0.731715,51.539954,On or near Ilfracombe Avenue,E01015839,Southend-on-Sea 014A,Vehicle crime,Investigation complete; no suspect identified,
6a97aa9a7b3f85c570ad50c402a5e5940e52fc13cbbf5cb5c16d7dbde692b225,2024-11,Essex Police,Essex Police,0.725036,51.539201,On or near Stanier Close,E01015839,Southend-on-Sea 014A,Violence and sexual offences,Action to be taken by another organisation,
e61e00b85ce8b6ac6107bca22fe3e80809b2d6eaaaa63bd68b77f0839cc961f6,2024-11,Essex Police,Essex Police,0.733168,51.540378,On or near Lovelace Avenue,E01015839,Southend-on-Sea 014A,Violence and sexual offences,Investigation complete; no suspect identified,
ef6c8adb50de99f80f5bd8237bdaaef39f9c4d44ba545bbfa44b3bc28bfadef4,2024-11,Essex Police,Essex Police,0.725931,51.539459,On or near Windermere Road,E01015839,Southend-on-Sea 014A,Violence and sexual offences,Court result unavailable,
26dd9e9a9759a41c0a24bbf8ba1d88326f7443c5ed51f46bd0b930c4978f9c36,2024-11,Essex Police,Essex Police,0.725931,51.539459,On or near Windermere Road,E01015839,Southend-on-Sea 014A,Violence and sexual offences,Court result unavailable,
fd77a488b5f0fad8e687f111d929fb7db6793a9c02927f1bdbc649578716cfba,2024-11,Essex Police,Essex Police,0.726827,51.539249,On or near Fowler Close,E01015839,Southend-on-Sea 014A,Violence and sexual offences,Unable to prosecute suspect,
90a0c7a95a3fbd3e21f4c98828cedab7f6ffba2cbb71d0e41fa52287b5f6ee8f,2024-11,Essex Police,Essex Police,0.724888,51.536731,On or near Honiton Road,E01015839,Southend-on-Sea 014A,Violence and sexual offences,Investigation complete; no suspect identified,
3dd451f13fd29e15f1cdac6807aed1a18fc07fbe087b28c3a804c045ed25b18a,2024-11,Essex Police,Essex Police,0.725931,51.539459,On or near Windermere Road,E01015839,Southend-on-Sea 014A,Violence and sexual offences,Court result unavailable,
3666d170414a56c6a65b9bc425d8debea8d4252315b61918b354796688643a39,2024-11,Essex Police,Essex Police,0.733168,51.540378,On or near Lovelace Avenue,E01015839,Southend-on-Sea 014A,Violence and sexual offences,Investigation complete; no suspect identified,
bc891390c3cc864710698cf5fd787c89c867a3a48ddc1f563962460e99f59f30,2024-11,Essex Police,Essex Police,0.731949,51.539040,On or near Parking Area,E01015839,Southend-on-Sea 014A,Violence and sexual offences,Unable to prosecute suspect,
13fa2508257309f56f653180784424cf15114132ff939daf9e573f4cb30d6958,2024-11,Essex Police,Essex Police,0.725931,51.539459,On or near Windermere Road,E01015839,Southend-on-Sea 014A,Violence and sexual offences,Court result unavailable,
c4408143eefd5c8c8784c9e7c33093900a90a403d524499500c7346036e6479b,2024-11,Essex Police,Essex Police,0.728253,51.539225,On or near Chase Road,E01015839,Southend-on-Sea 014A,Violence and sexual offences,Unable to prosecute suspect,
35e164dbd6ec16779fbf7ece48ef9b6df28029ab643aa65aabbac24267ee78b1,2024-11,Essex Police,Essex Police,0.734686,51.540442,On or near Surbiton Avenue,E01015839,Southend-on-Sea 014A,Violence and sexual offences,Unable to prosecute suspect,
d8f13ce15c6532dd63a441551978a30b5887c761606589077c370c3c5aec7f42,2024-11,Essex Police,Essex Police,0.725931,51.539459,On or near Windermere Road,E01015839,Southend-on-Sea 014A,Violence and sexual offences,Court result unavailable,
989e8167822fd00d9aefd1a0c130eb5d4872a176f0c5f6fd0e17a8b4fc906ba2,2024-11,Essex Police,Essex Police,0.728253,51.539225,On or near Chase Road,E01015839,Southend-on-Sea 014A,Violence and sexual offences,Unable to prosecute suspect,
5ce2018639029278c24d5de793c4482a8c056e74182025b1d582015d91d8bd36,2024-11,Essex Police,Essex Police,0.728836,51.539805,On or near Bellevue Place,E01015839,Southend-on-Sea 014A,Violence and sexual offences,Court result unavailable,
bcf7d882a339f8bd5bc25066d0897d03c6066ab31e55bfb278804faa479b9ce9,2024-11,Essex Police,Essex Police,0.734686,51.540442,On or near Surbiton Avenue,E01015839,Southend-on-Sea 014A,Violence and sexual offences,Unable to prosecute suspect,
173aa858061515aa76a6bd4d4e3bf9e51709ae39430edcedc8b13e5f4991941a,2024-11,Essex Police,Essex Police,0.734686,51.540442,On or near Surbiton Avenue,E01015839,Southend-on-Sea 014A,Violence and sexual offences,Unable to prosecute suspect,
8587444e1b49f814b4e4fc30418f4d5858429a6682a202d98b5833817bdac217,2024-11,Essex Police,Essex Police,0.728253,51.539225,On or near Chase Road,E01015839,Southend-on-Sea 014A,Violence and sexual offences,Court result unavailable,
,2024-11,Essex Police,Essex Police,0.722623,51.536235,On or near Old Southend Road,E01015840,Southend-on-Sea 014B,Anti-social behaviour,,
c80d1af66839c46c82bce42807125847d45c7d4243ee080b68894bcd6b6ed622,2024-11,Essex Police,Essex Police,0.722623,51.536235,On or near Old Southend Road,E01015840,Southend-on-Sea 014B,Criminal damage and arson,Investigation complete; no suspect identified,
9cb90c53a0712b300323826837e163ddd626437c972a7b969c8aeedf73747aab,2024-11,Essex Police,Essex Police,0.722130,51.536921,On or near Cromer Road,E01015840,Southend-on-Sea 014B,Criminal damage and arson,Unable to prosecute suspect,
3303a7fa7d435c639c1c976682b16d9b2f3832afbd78a26f214e7c9c3b34da58,2024-11,Essex Police,Essex Police,0.722623,51.536235,On or near Old Southend Road,E01015840,Southend-on-Sea 014B,Other theft,Unable to prosecute suspect,
ff118fb0ae02cd7556e808c674baff676b99fe4adedcdad36e6506482a0f241f,2024-11,Essex Police,Essex Police,0.722623,51.536235,On or near Old Southend Road,E01015840,Southend-on-Sea 014B,Other theft,Unable to prosecute suspect,
9f83dfa9c0afcfc07e3973ab7a7fb1d017032aef175bfcfafcfd395e2edf6e63,2024-11,Essex Police,Essex Police,0.722623,51.536235,On or near Old Southend Road,E01015840,Southend-on-Sea 014B,Theft from the person,Court result unavailable,
9b4a5928ee25cda89f1338e332c72f62fbba4a65f436e1774e73637c1b659896,2024-11,Essex Police,Essex Police,0.722623,51.536235,On or near Old Southend Road,E01015840,Southend-on-Sea 014B,Theft from the person,Investigation complete; no suspect identified,
f411d8d21153b852250121e61ab31ec485cbf1d0a4d75c7453ae7d15d1219016,2024-11,Essex Police,Essex Police,0.726040,51.536704,On or near Cheltenham Road,E01015840,Southend-on-Sea 014B,Vehicle crime,Investigation complete; no suspect identified,
e6e970885ec6750e939a5d9719b92e5795acb3d63b4ed649ad850770e810d342,2024-11,Essex Police,Essex Police,0.727176,51.536642,On or near Leamington Road,E01015840,Southend-on-Sea 014B,Vehicle crime,Investigation complete; no suspect identified,
96c2a88ac33a050523cbdd875d6472d16a2e2e8c244c7a08ed4a318328b46663,2024-11,Essex Police,Essex Police,0.722130,51.536921,On or near Cromer Road,E01015840,Southend-on-Sea 014B,Violence and sexual offences,Unable to prosecute suspect,
b9aa65215a6f88a5b67cded1c63a81c2092ae56f9fc17cd9c0f5453fccdb92a5,2024-11,Essex Police,Essex Police,0.723684,51.536606,On or near Southchurch Avenue,E01015840,Southend-on-Sea 014B,Violence and sexual offences,Unable to prosecute suspect,
8af5c107a6d9a9b44fb870438d399e3ac1510e4e54348401904ee3a903297366,2024-11,Essex Police,Essex Police,0.722623,51.536235,On or near Old Southend Road,E01015840,Southend-on-Sea 014B,Violence and sexual offences,Investigation complete; no suspect identified,
,2024-11,Essex Police,Essex Police,0.729431,51.531184,On or near Parking Area,E01015841,Southend-on-Sea 014C,Anti-social behaviour,,
,2024-11,Essex Police,Essex Police,0.728941,51.531195,On or near Forge Way,E01015841,Southend-on-Sea 014C,Anti-social behaviour,,
,2024-11,Essex Police,Essex Police,0.730116,51.535161,On or near Supermarket,E01015841,Southend-on-Sea 014C,Anti-social behaviour,,
,2024-11,Essex Police,Essex Police,0.727506,51.532758,On or near Beresford Road,E01015841,Southend-on-Sea 014C,Anti-social behaviour,,
,2024-11,Essex Police,Essex Police,0.720764,51.536503,On or near York Road,E01015841,Southend-on-Sea 014C,Anti-social behaviour,,
,2024-11,Essex Police,Essex Police,0.720764,51.536503,On or near York Road,E01015841,Southend-on-Sea 014C,Anti-social behaviour,,
,2024-11,Essex Police,Essex Police,0.720783,51.532950,On or near Marine Parade,E01015841,Southend-on-Sea 014C,Anti-social behaviour,,
,2024-11,Essex Police,Essex Police,0.720764,51.536503,On or near York Road,E01015841,Southend-on-Sea 014C,Anti-social behaviour,,
,2024-11,Essex Police,Essex Police,0.720607,51.537496,On or near Hastings Road,E01015841,Southend-on-Sea 014C,Anti-social behaviour,,
,2024-11,Essex Police,Essex Police,0.727044,51.532265,On or near Burdett Road,E01015841,Southend-on-Sea 014C,Anti-social behaviour,,
,2024-11,Essex Police,Essex Police,0.723803,51.532331,On or near Parking Area,E01015841,Southend-on-Sea 014C,Anti-social behaviour,,
,2024-11,Essex Police,Essex Police,0.720980,51.535760,On or near Albert Road,E01015841,Southend-on-Sea 014C,Anti-social behaviour,,
,2024-11,Essex Police,Essex Police,0.720783,51.532950,On or near Marine Parade,E01015841,Southend-on-Sea 014C,Anti-social behaviour,,
,2024-11,Essex Police,Essex Police,0.721850,51.535848,On or near Wesley Road,E01015841,Southend-on-Sea 014C,Anti-social behaviour,,
4fd52c2b256be494336bb4af42dc61dc66072c66fe3c679c8b6907523b60223d,2024-11,Essex Police,Essex Police,0.720836,51.533830,On or near Hartington Road,E01015841,Southend-on-Sea 014C,Burglary,Court result unavailable,
b3457e9d7659c61b6fa17be5333f0b680536dd572f941d7fc4c62dd3c7385def,2024-11,Essex Police,Essex Police,0.727506,51.532758,On or near Beresford Road,E01015841,Southend-on-Sea 014C,Criminal damage and arson,Investigation complete; no suspect identified,
d018b8fbb50a9b60627f92f0e3fdd0694ffcf12fb909becfdb93f4e24578f36c,2024-11,Essex Police,Essex Police,0.720607,51.537496,On or near Hastings Road,E01015841,Southend-on-Sea 014C,Criminal damage and arson,Offender given a caution,
0c4f1598cf43324274d5232468e96d4c91479c429e6201bf09e678425e7d2591,2024-11,Essex Police,Essex Police,0.718463,51.536358,On or near A1160,E01015841,Southend-on-Sea 014C,Criminal damage and arson,Unable to prosecute suspect,
255f3a54a5dc786771d9479819547c09e58538871be23789c65967eb605e6b13,2024-11,Essex Police,Essex Police,0.730116,51.535161,On or near Supermarket,E01015841,Southend-on-Sea 014C,Drugs,Local resolution,
106899f6c7874d17ace6ce83788896666d4a636b8b4335f88427e07b50a5e79c,2024-11,Essex Police,Essex Police,0.718463,51.536358,On or near A1160,E01015841,Southend-on-Sea 014C,Drugs,Investigation complete; no suspect identified,
7512eac9237f96355b934995f3e0e96df9fec20335ed56340d668a8239bacb23,2024-11,Essex Police,Essex Police,0.718463,51.536358,On or near A1160,E01015841,Southend-on-Sea 014C,Drugs,Local resolution,
8ba2f2e4468b5a1bf8ba503db61ec01cb910b246c7bb25d97a05d808250060cb,2024-11,Essex Police,Essex Police,0.720783,51.532950,On or near Marine Parade,E01015841,Southend-on-Sea 014C,Drugs,Local resolution,
2c054c86b70d879e82033fc139654df845e8cf1dd91fefecb4f7401dc7671e1e,2024-11,Essex Police,Essex Police,0.720783,51.532950,On or near Marine Parade,E01015841,Southend-on-Sea 014C,Drugs,Local resolution,
7bcb551194ad70d2afeb6b42f8f6966cbb3430a71ad3d39a3b3bcd9eec4418d6,2024-11,Essex Police,Essex Police,0.730116,51.535161,On or near Supermarket,E01015841,Southend-on-Sea 014C,Drugs,Local resolution,
ca4899e5c32161cd886736c16597ba77b604311fc22876b38ae811ca667221d4,2024-11,Essex Police,Essex Police,0.720783,51.532950,On or near Marine Parade,E01015841,Southend-on-Sea 014C,Drugs,Court result unavailable,
e8e614aeb3802a446450024fd03188d8c125cd3515f4e2d3588e27dd3a91de64,2024-11,Essex Police,Essex Police,0.727044,51.532265,On or near Burdett Road,E01015841,Southend-on-Sea 014C,Drugs,Local resolution,
168ff5032683d91ac3c82d2394b7e8334433dd5bec22a1c291c4e728c857dfbf,2024-11,Essex Police,Essex Police,0.720764,51.536503,On or near York Road,E01015841,Southend-on-Sea 014C,Other theft,Investigation complete; no suspect identified,
df4caea63d98acc57495ccd8b0216ea8ff6dbde557c83ef7a778469982a2118d,2024-11,Essex Police,Essex Police,0.725473,51.532517,On or near Beach Road,E01015841,Southend-on-Sea 014C,Possession of weapons,Court result unavailable,
e6eaeaa58f526912c3db9cdf61615399117c003e9148e3b93da1d75d4a1028ab,2024-11,Essex Police,Essex Police,0.727044,51.532265,On or near Burdett Road,E01015841,Southend-on-Sea 014C,Public order,Court result unavailable,
7b4c2f64a1387cdc4e46d4c9789ac9ad9b969b8e9551b663ed39dbc4d4e2aa58,2024-11,Essex Police,Essex Police,0.725473,51.532517,On or near Beach Road,E01015841,Southend-on-Sea 014C,Public order,Unable to prosecute suspect,
f7e6331ddefceb9411cc8aaabfcaec209a7af8932173eb801fd89f0e59274782,2024-11,Essex Police,Essex Police,0.730116,51.535161,On or near Supermarket,E01015841,Southend-on-Sea 014C,Public order,Unable to prosecute suspect,
67c0cb41f0dee8f2df650182fde39093ed08a967e5a4231b3538e3338b00c201,2024-11,Essex Police,Essex Police,0.720607,51.537496,On or near Hastings Road,E01015841,Southend-on-Sea 014C,Robbery,Investigation complete; no suspect identified,
b23e6ab2464030a2c7eeedc0ad2a64dd4535f9c6c953d7a85ac23302b44f1122,2024-11,Essex Police,Essex Police,0.720764,51.536503,On or near York Road,E01015841,Southend-on-Sea 014C,Robbery,Investigation complete; no suspect identified,
8fbc29459a9ba694932a332eac5e759a76af23bc77c8019db1680012f4b290bd,2024-11,Essex Police,Essex Police,0.730116,51.535161,On or near Supermarket,E01015841,Southend-on-Sea 014C,Shoplifting,Unable to prosecute suspect,
be41236373fe1bf52310abcf44affa4fd088a0136503e1e79ad4cdc869dd7712,2024-11,Essex Police,Essex Police,0.730116,51.535161,On or near Supermarket,E01015841,Southend-on-Sea 014C,Shoplifting,Court result unavailable,
adf3b9dc2e9db7a0b81ee71a3ee63456232b323627b521b896312d0754db08f9,2024-11,Essex Police,Essex Police,0.725473,51.532517,On or near Beach Road,E01015841,Southend-on-Sea 014C,Shoplifting,Investigation complete; no suspect identified,
ee4426aa93760b4b1ee094a85217fb215f8370dd43a7a9bc5e1dac3f3d17aa66,2024-11,Essex Police,Essex Police,0.725473,51.532517,On or near Beach Road,E01015841,Southend-on-Sea 014C,Shoplifting,Investigation complete; no suspect identified,
2bf828a577bc5e3d98658853a1b83655efc252d81548526a77e393c77b65f414,2024-11,Essex Police,Essex Police,0.722087,51.534017,On or near Pleasant Mews,E01015841,Southend-on-Sea 014C,Vehicle crime,Investigation complete; no suspect identified,
c74b33b585d8421239183aeffd404a5b32aa5dda5ab69d4b3ce9abba613efdf1,2024-11,Essex Police,Essex Police,0.731157,51.531593,On or near Retort Close,E01015841,Southend-on-Sea 014C,Vehicle crime,Investigation complete; no suspect identified,
41f23656041a4c9f6c81701fedf38984b200f75edc72c2d7ee9a7785ffbd7513,2024-11,Essex Police,Essex Police,0.727044,51.532265,On or near Burdett Road,E01015841,Southend-on-Sea 014C,Vehicle crime,Investigation complete; no suspect identified,
070443cbc1627e877a00c99e0f48733b98851cb9d9e3ebb0f73bae477bd1c8f4,2024-11,Essex Police,Essex Police,0.730773,51.532412,On or near Collier Way,E01015841,Southend-on-Sea 014C,Vehicle crime,Investigation complete; no suspect identified,
5a82d3abea7d2daf8864106f82ada4e7682333885a02fa05da84f90b9c34e92c,2024-11,Essex Police,Essex Police,0.731439,51.533907,On or near Victoria Road,E01015841,Southend-on-Sea 014C,Vehicle crime,Investigation complete; no suspect identified,
db0b5c3f2fc2385ee7ddc02b01535ce7b1406a40b607a52181fc393dfae598d8,2024-11,Essex Police,Essex Police,0.720783,51.532950,On or near Marine Parade,E01015841,Southend-on-Sea 014C,Violence and sexual offences,Investigation complete; no suspect identified,
50509ca170f3e0ce5edcddbb3da8db216db5c005419b139137b6600c537142a7,2024-11,Essex Police,Essex Police,0.727506,51.532758,On or near Beresford Road,E01015841,Southend-on-Sea 014C,Violence and sexual offences,Unable to prosecute suspect,
2bddba570bffdd6f395bb2a63ac48f5af1b81c87df076c17413fc57962900af1,2024-11,Essex Police,Essex Police,0.727506,51.532758,On or near Beresford Road,E01015841,Southend-on-Sea 014C,Violence and sexual offences,Court result unavailable,
165904da9e334a148ea5c870250a3817bde9cd726d8e9f5dcef0cf9eb3cd3fae,2024-11,Essex Police,Essex Police,0.718463,51.536358,On or near A1160,E01015841,Southend-on-Sea 014C,Violence and sexual offences,Unable to prosecute suspect,
8e1d805b9779d6621c699e87cb31652e6ae1ec18de26b26fb2481ae73e689e2b,2024-11,Essex Police,Essex Police,0.718463,51.536358,On or near A1160,E01015841,Southend-on-Sea 014C,Violence and sexual offences,Unable to prosecute suspect,
75b590be7eeb359a13ee0c670a02baf6ee274f1c91fceacb35a74f6d34d83d1e,2024-11,Essex Police,Essex Police,0.720764,51.536503,On or near York Road,E01015841,Southend-on-Sea 014C,Violence and sexual offences,Unable to prosecute suspect,
91dc514fd52116b42bc1102ea4c1ce4ab85bbb8df258e7e216908a55d3255cbe,2024-11,Essex Police,Essex Police,0.722119,51.533836,On or near Pleasant Road,E01015841,Southend-on-Sea 014C,Violence and sexual offences,Unable to prosecute suspect,
ef4f9c9a99be204886548e3b3aab07e4704014f6318929482d7ca17ee4032e80,2024-11,Essex Police,Essex Police,0.720764,51.536503,On or near York Road,E01015841,Southend-on-Sea 014C,Violence and sexual offences,Unable to prosecute suspect,
9866c9dc7cb375788d3586ee774b19387d2dfe015f5fea1722f1b7d09419a258,2024-11,Essex Police,Essex Police,0.727506,51.532758,On or near Beresford Road,E01015841,Southend-on-Sea 014C,Violence and sexual offences,Unable to prosecute suspect,
c37e7f1a30e7ae3aca968f4658f04d448b432110d2f29362f67dcfd06ea0b391,2024-11,Essex Police,Essex Police,0.727506,51.532758,On or near Beresford Road,E01015841,Southend-on-Sea 014C,Violence and sexual offences,Court result unavailable,
4871d605849de720d6450d9d55406cda277873fc1391e7cfb05f74df1eb78475,2024-11,Essex Police,Essex Police,0.731439,51.533907,On or near Victoria Road,E01015841,Southend-on-Sea 014C,Violence and sexual offences,Action to be taken by another organisation,
8a7ed692b3abca7056125a6ab88af9a0cc18e5f9a6cb2ffe784c152f9344daf6,2024-11,Essex Police,Essex Police,0.718463,51.536358,On or near A1160,E01015841,Southend-on-Sea 014C,Violence and sexual offences,Status update unavailable,
43d69d7d6eb82267184b169971430d9a12a8ad1024f53cc9e86446832526b2dc,2024-11,Essex Police,Essex Police,0.720764,51.536503,On or near York Road,E01015841,Southend-on-Sea 014C,Violence and sexual offences,Unable to prosecute suspect,
059a7d68b005dd2c2ed1900a2217ef20832eb36f5f927661aaecc17518269845,2024-11,Essex Police,Essex Police,0.720764,51.536503,On or near York Road,E01015841,Southend-on-Sea 014C,Violence and sexual offences,Unable to prosecute suspect,
679915c0a77947709d8ba819ad0e0f68aabb2dcf5378c1d5c22d4ad9736e8180,2024-11,Essex Police,Essex Police,0.718837,51.536098,On or near Horace Road,E01015841,Southend-on-Sea 014C,Violence and sexual offences,Unable to prosecute suspect,
aa0067a129c58bd5e6842c9bcc762cd19b124f6fc241c8a77d752524695a59eb,2024-11,Essex Police,Essex Police,0.729431,51.531184,On or near Parking Area,E01015841,Southend-on-Sea 014C,Violence and sexual offences,Formal action is not in the public interest,
269828178f98e0c63b86ef75024dfd6102c50362a3a7527abf91fbcb69ec147a,2024-11,Essex Police,Essex Police,0.718837,51.536098,On or near Horace Road,E01015841,Southend-on-Sea 014C,Violence and sexual offences,Unable to prosecute suspect,
ed55bcd99033d3b57fd364a879d4123db6c4cbc23987a2a5e68c6456b191c167,2024-11,Essex Police,Essex Police,0.727506,51.532758,On or near Beresford Road,E01015841,Southend-on-Sea 014C,Violence and sexual offences,Unable to prosecute suspect,
0f1392cbd700ed22fb24a53703c60ae69736941e1ccc265a5b8b13ac2dd5c316,2024-11,Essex Police,Essex Police,0.720836,51.533830,On or near Hartington Road,E01015841,Southend-on-Sea 014C,Violence and sexual offences,Court result unavailable,
8daa3da515234fdaba6f27de7fd322a3b6eca6721f007dd42eee882a8c0fb00a,2024-11,Essex Police,Essex Police,0.724668,51.532086,On or near Parking Area,E01015841,Southend-on-Sea 014C,Violence and sexual offences,Unable to prosecute suspect,
a38ac8ca6f2feebc853424c7cbd688a3b48193b6d63b22266ec921aca7c2285b,2024-11,Essex Police,Essex Police,0.720243,51.535256,On or near St Leonard'S Road,E01015841,Southend-on-Sea 014C,Violence and sexual offences,Investigation complete; no suspect identified,
cab4b09ec16f7652866dc51407a78c2f89f5c35ab8b05ba2746f6bffdbec1518,2024-11,Essex Police,Essex Police,0.720764,51.536503,On or near York Road,E01015841,Southend-on-Sea 014C,Violence and sexual offences,Unable to prosecute suspect,
394963b2f804e35de808c17cbcdd92fdc22dcb6c967e8ae939a21274f31731f7,2024-11,Essex Police,Essex Police,0.730116,51.535161,On or near Supermarket,E01015841,Southend-on-Sea 014C,Violence and sexual offences,Investigation complete; no suspect identified,
005792bc00c55851e3a2838d1403531e9022c30b26ba895b1642fe71cb287a61,2024-11,Essex Police,Essex Police,0.720764,51.536503,On or near York Road,E01015841,Southend-on-Sea 014C,Violence and sexual offences,Investigation complete; no suspect identified,
1c20353028e8427053eddd30770d13e5bd77294f510f841203a6703fcb01a312,2024-11,Essex Police,Essex Police,0.727506,51.532758,On or near Beresford Road,E01015841,Southend-on-Sea 014C,Violence and sexual offences,Unable to prosecute suspect,
deec665995e6879caa5bb7cd27913994f1fb440df1193a6db70d9ba1f3f0ddae,2024-11,Essex Police,Essex Police,0.718837,51.536098,On or near Horace Road,E01015841,Southend-on-Sea 014C,Violence and sexual offences,Unable to prosecute suspect,
8b692c35fa438239804d16b8ecbf72bb8d19badecf00ab2aa64c2f1ab6fa3e39,2024-11,Essex Police,Essex Police,0.720764,51.536503,On or near York Road,E01015841,Southend-on-Sea 014C,Violence and sexual offences,Unable to prosecute suspect,
e1c3366b89ba2605925f3cc1d77f1af300ad732460153ccfe14387c2dfd97159,2024-11,Essex Police,Essex Police,0.723803,51.532331,On or near Parking Area,E01015841,Southend-on-Sea 014C,Violence and sexual offences,Unable to prosecute suspect,
3f10b37d6eb25503ebc3589ae92c9ed4d0c49b7181236024e5127b27d7862bf7,2024-11,Essex Police,Essex Police,0.720783,51.532950,On or near Marine Parade,E01015841,Southend-on-Sea 014C,Violence and sexual offences,Investigation complete; no suspect identified,
d0c92459c43455f3143a3c3d5297a84c1cc8cf187b5228c9c9805a5f25fc12f0,2024-11,Essex Police,Essex Police,0.727506,51.532758,On or near Beresford Road,E01015841,Southend-on-Sea 014C,Violence and sexual offences,Court result unavailable,
7efceb99fa15dd30fea80a909ffc8f8346b389ec284b191fca3743ec79fc8956,2024-11,Essex Police,Essex Police,0.727506,51.532758,On or near Beresford Road,E01015841,Southend-on-Sea 014C,Violence and sexual offences,Court result unavailable,
bf1647bccdf2cbe8f5278cbd23f471f77b632f84b2a98dec2c5dc2376dc63c75,2024-11,Essex Police,Essex Police,0.720764,51.536503,On or near York Road,E01015841,Southend-on-Sea 014C,Violence and sexual offences,Unable to prosecute suspect,
,2024-11,Essex Police,Essex Police,0.726889,51.533779,On or near Hawtree Close,E01015842,Southend-on-Sea 014D,Anti-social behaviour,,
,2024-11,Essex Police,Essex Police,0.728778,51.534257,On or near Prospect Close,E01015842,Southend-on-Sea 014D,Anti-social behaviour,,
,2024-11,Essex Police,Essex Police,0.729375,51.533865,On or near Arnold Avenue,E01015842,Southend-on-Sea 014D,Anti-social behaviour,,
,2024-11,Essex Police,Essex Police,0.729375,51.533865,On or near Arnold Avenue,E01015842,Southend-on-Sea 014D,Anti-social behaviour,,
,2024-11,Essex Police,Essex Police,0.726057,51.533601,On or near Kursaal Way,E01015842,Southend-on-Sea 014D,Anti-social behaviour,,
2c1b3df74016147bc6d188a21a07a42bc18017fa8e563ab7cafc91d1b710eddd,2024-11,Essex Police,Essex Police,0.726889,51.533779,On or near Hawtree Close,E01015842,Southend-on-Sea 014D,Criminal damage and arson,Unable to prosecute suspect,
5a2b7cb54cbea8f3127bba532eeb146a68ecab1a107d2e51e8b7633079c235a6,2024-11,Essex Police,Essex Police,0.728778,51.534257,On or near Prospect Close,E01015842,Southend-on-Sea 014D,Criminal damage and arson,Unable to prosecute suspect,
1416edfad3c0f5b3d3797f1afb07627e19905c1dea0080c5d8b72325069d34c9,2024-11,Essex Police,Essex Police,0.725956,51.534808,On or near Outing Close,E01015842,Southend-on-Sea 014D,Criminal damage and arson,Investigation complete; no suspect identified,
8c40bbc3417678400204b3e94b54fd1afe09a2ce359202872472aac1c9d41a0f,2024-11,Essex Police,Essex Police,0.729375,51.533865,On or near Arnold Avenue,E01015842,Southend-on-Sea 014D,Drugs,Investigation complete; no suspect identified,
74b9a58882f3d7b981b4ef226c2e078e5ad8fdd6631ffa11de0b233fa77c4778,2024-11,Essex Police,Essex Police,0.721994,51.535359,On or near Stanley Road,E01015842,Southend-on-Sea 014D,Drugs,Action to be taken by another organisation,
f491e043bdac71cce682b7ad5fad97750adee1955c8883b4d03cdbb612830230,2024-11,Essex Police,Essex Police,0.728778,51.534257,On or near Prospect Close,E01015842,Southend-on-Sea 014D,Other theft,Investigation complete; no suspect identified,
b6fefbde4b04d606659fcf6170e1fe7acf1ce95a9f049a9c2c533d0fb5833bc4,2024-11,Essex Police,Essex Police,0.725956,51.534808,On or near Outing Close,E01015842,Southend-on-Sea 014D,Vehicle crime,Investigation complete; no suspect identified,
b1ca20b68d0592755f04edadc25fd1df9e2817e93c6de621c9eaf323c88b80a3,2024-11,Essex Police,Essex Police,0.729375,51.533865,On or near Arnold Avenue,E01015842,Southend-on-Sea 014D,Violence and sexual offences,Court result unavailable,
3201bd46695212fa5c2c3c27bf78b82257a38c108f4fac7b375c008a24d5c770,2024-11,Essex Police,Essex Police,0.726889,51.533779,On or near Hawtree Close,E01015842,Southend-on-Sea 014D,Violence and sexual offences,Unable to prosecute suspect,
9180ef93bd5cb6cdcb4cb52151bd2f814af1ba699f4b293b66358965dcfb2a63,2024-11,Essex Police,Essex Police,0.726889,51.533779,On or near Hawtree Close,E01015842,Southend-on-Sea 014D,Violence and sexual offences,Offender given a caution,
ae2f66c78e8ae21c0828157c898469846489ce52d06089a43cd53d8497deb61f,2024-11,Essex Police,Essex Police,0.721994,51.535359,On or near Stanley Road,E01015842,Southend-on-Sea 014D,Violence and sexual offences,Court result unavailable,
7b4406991a71cb82e240bd97afed193379a001e325f5491f01857d13bf1e0186,2024-11,Essex Police,Essex Police,0.725956,51.534808,On or near Outing Close,E01015842,Southend-on-Sea 014D,Violence and sexual offences,Unable to prosecute suspect,
d78f124064c982ef8e7d99c831686735b60808ad45ed29eabd0573bb545c79aa,2024-11,Essex Police,Essex Police,0.726889,51.533779,On or near Hawtree Close,E01015842,Southend-on-Sea 014D,Violence and sexual offences,Unable to prosecute suspect,
ee356195e041c78cf805e95ba84414bddc59c4dde817bf5e9daee4c25df0c4c7,2024-11,Essex Police,Essex Police,0.726057,51.533601,On or near Kursaal Way,E01015842,Southend-on-Sea 014D,Violence and sexual offences,Unable to prosecute suspect,
192cff6dfdaabc53f498c32b2ae4cf26f2531453b9bbe56492e29f75a5882871,2024-11,Essex Police,Essex Police,0.728778,51.534257,On or near Prospect Close,E01015842,Southend-on-Sea 014D,Violence and sexual offences,Unable to prosecute suspect,
af56f65914540a8ba729e498849d09f06e36f873780ca27c929aeb13b8cd64bf,2024-11,Essex Police,Essex Police,0.725956,51.534808,On or near Outing Close,E01015842,Southend-on-Sea 014D,Violence and sexual offences,Investigation complete; no suspect identified,
,2024-11,Essex Police,Essex Police,0.726225,51.541718,On or near Christchurch Road,E01015843,Southend-on-Sea 014E,Anti-social behaviour,,
,2024-11,Essex Police,Essex Police,0.726225,51.541718,On or near Christchurch Road,E01015843,Southend-on-Sea 014E,Anti-social behaviour,,
32b9fd338cbf26efa8e2a409271a98d4363be70f57280183006d85b5bec86bf4,2024-11,Essex Police,Essex Police,0.728477,51.541999,On or near Stromness Road,E01015843,Southend-on-Sea 014E,Burglary,Unable to prosecute suspect,
064fc787b5831631e511da7f673ace98f480176435f8f0669df8298305c36b8b,2024-11,Essex Police,Essex Police,0.728477,51.541999,On or near Stromness Road,E01015843,Southend-on-Sea 014E,Criminal damage and arson,Unable to prosecute suspect,
cad446a5200289327246c06cd98bc8643c130b5f94f6f1276b904047ba3aaf3e,2024-11,Essex Police,Essex Police,0.728477,51.541999,On or near Stromness Road,E01015843,Southend-on-Sea 014E,Public order,Unable to prosecute suspect,
822d73afdbc3a4ad2b937c2f20e67ac2ce62f067378bdc637bfbe447df3153a6,2024-11,Essex Police,Essex Police,0.728597,51.541114,On or near Stromness Place,E01015843,Southend-on-Sea 014E,Vehicle crime,Unable to prosecute suspect,
b14814fb9e346c8d88252a940fee505855a7289282bfdea206add82d5f6ea45c,2024-11,Essex Police,Essex Police,0.724190,51.543393,On or near Branksome Road,E01015843,Southend-on-Sea 014E,Vehicle crime,Investigation complete; no suspect identified,
981976837e128933e1861b040687e8325cfdddd57a29a5606318b48c632a83d3,2024-11,Essex Police,Essex Police,0.724190,51.543393,On or near Branksome Road,E01015843,Southend-on-Sea 014E,Violence and sexual offences,Investigation complete; no suspect identified,
a0a41b401c8bc9599d766e76469df641d29c0d3997be634bb361795c97835f17,2024-11,Essex Police,Essex Police,0.724470,51.540842,On or near Ferndown Close,E01015843,Southend-on-Sea 014E,Violence and sexual offences,Court result unavailable,
889e391e337591d3b8c277a59aedd68572f8a360f83bd887f84b1328b6ee9a6b,2024-11,Essex Police,Essex Police,0.728597,51.541114,On or near Stromness Place,E01015843,Southend-on-Sea 014E,Violence and sexual offences,Unable to prosecute suspect,
94072afc8a0c765c3cdc96d3d19ffa1a92870205ce45d4b3f7151879c8e73527,2024-11,Essex Police,Essex Police,0.724470,51.540842,On or near Ferndown Close,E01015843,Southend-on-Sea 014E,Violence and sexual offences,Investigation complete; no suspect identified,
08e07ad6c01656f800c0beaf6c3891db94600b075e0cb4e311ac2c385d20d4e9,2024-11,Essex Police,Essex Police,0.726225,51.541718,On or near Christchurch Road,E01015843,Southend-on-Sea 014E,Violence and sexual offences,Investigation complete; no suspect identified,
,2024-11,Essex Police,Essex Police,0.720863,51.543237,On or near Swanage Road,E01015844,Southend-on-Sea 014F,Anti-social behaviour,,
,2024-11,Essex Police,Essex Police,0.721418,51.540454,On or near Glen Mews,E01015844,Southend-on-Sea 014F,Anti-social behaviour,,
,2024-11,Essex Police,Essex Police,0.721418,51.540454,On or near Glen Mews,E01015844,Southend-on-Sea 014F,Anti-social behaviour,,
ed6a7aa8406c960cbd1f4dacae767c67ea8440d27055b79acc54146688ae9895,2024-11,Essex Police,Essex Police,0.721418,51.540454,On or near Glen Mews,E01015844,Southend-on-Sea 014F,Criminal damage and arson,Unable to prosecute suspect,
1e0f2ff0d1e463da7f0a6969afc2afe8afc414a84b491eecf7dbc678d60bf22f,2024-11,Essex Police,Essex Police,0.730804,51.540293,On or near Petrol Station,E01015844,Southend-on-Sea 014F,Criminal damage and arson,Investigation complete; no suspect identified,
7671016f57545e3febcf0689b018ca249e92f6fc659fcd19a87aa80d808261d7,2024-11,Essex Police,Essex Police,0.721418,51.540454,On or near Glen Mews,E01015844,Southend-on-Sea 014F,Drugs,Court result unavailable,
b4d3a28af8bb305793ded438046d5c9b31506128f0bdeb93a74a350e13d7f3a0,2024-11,Essex Police,Essex Police,0.726594,51.540172,On or near Southchurch Road,E01015844,Southend-on-Sea 014F,Drugs,Court result unavailable,
299ea159608dea0b8b1ab502d75b687b624e9d108db1b2e90b0840d3c59c8331,2024-11,Essex Police,Essex Police,0.730804,51.540293,On or near Petrol Station,E01015844,Southend-on-Sea 014F,Other theft,Investigation complete; no suspect identified,
e0faf42c68a7d62cfa9dcb93527984d86660a29d12c6d85dbc01667d43da3a34,2024-11,Essex Police,Essex Police,0.730804,51.540293,On or near Petrol Station,E01015844,Southend-on-Sea 014F,Other theft,Investigation complete; no suspect identified,
8b9050ee0a9497273686f1655658dee62e13a5df80880bd90dfcec7cba7cf553,2024-11,Essex Police,Essex Police,0.730804,51.540293,On or near Petrol Station,E01015844,Southend-on-Sea 014F,Other theft,Investigation complete; no suspect identified,
0a88ce7d55e1e0f3e681d32c859ccfa8ae638d49e5355c72e032b3c54db62012,2024-11,Essex Police,Essex Police,0.721418,51.540454,On or near Glen Mews,E01015844,Southend-on-Sea 014F,Other theft,Investigation complete; no suspect identified,
271cc1831e387c3ced75773106bd729ddddb74e2320b43466c0236dd500c1a2f,2024-11,Essex Police,Essex Police,0.730804,51.540293,On or near Petrol Station,E01015844,Southend-on-Sea 014F,Other theft,Investigation complete; no suspect identified,
a44270cf72de8a3386e288190da62b2d8936b31aa890279df6bcee1c0db8501e,2024-11,Essex Police,Essex Police,0.730804,51.540293,On or near Petrol Station,E01015844,Southend-on-Sea 014F,Other theft,Investigation complete; no suspect identified,
9206dc0afd1a288190e8aeae474cb393ca9b329c74688a86efa0a034af3ecf3b,2024-11,Essex Police,Essex Police,0.730804,51.540293,On or near Petrol Station,E01015844,Southend-on-Sea 014F,Public order,Court result unavailable,
7169a6d4077793abc373f4300cd350075e4382ae45ef67fdc462008bedf8264e,2024-11,Essex Police,Essex Police,0.721418,51.540454,On or near Glen Mews,E01015844,Southend-on-Sea 014F,Public order,Investigation complete; no suspect identified,
45043439519107d2e530245068bc9d02bb1b93999279d64888de774c750a0c58,2024-11,Essex Police,Essex Police,0.730804,51.540293,On or near Petrol Station,E01015844,Southend-on-Sea 014F,Shoplifting,Investigation complete; no suspect identified,
6fdcaf35780e1e2b2deefa98387c453aeef0ddc620c7f5c915288cf0d3d46a69,2024-11,Essex Police,Essex Police,0.730804,51.540293,On or near Petrol Station,E01015844,Southend-on-Sea 014F,Shoplifting,Status update unavailable,
ad8bbc207908ad5fff41b034f0d15534b9b2db87c3d19654b7a67b8c78ae7ac0,2024-11,Essex Police,Essex Police,0.730804,51.540293,On or near Petrol Station,E01015844,Southend-on-Sea 014F,Shoplifting,Court result unavailable,
03c21e50349213125792630c0921c1e2f26f6747df48401eb3546eba710022f5,2024-11,Essex Police,Essex Police,0.730804,51.540293,On or near Petrol Station,E01015844,Southend-on-Sea 014F,Shoplifting,Investigation complete; no suspect identified,
8a47c4ef8c9bf85f07153f12c2cc532dbb86fce58cd5cdc864ce28f364e96d74,2024-11,Essex Police,Essex Police,0.730804,51.540293,On or near Petrol Station,E01015844,Southend-on-Sea 014F,Shoplifting,Investigation complete; no suspect identified,
7d42fe0a445bf6888022b275d506034bf6d3417b05b0a2904924804c507a2528,2024-11,Essex Police,Essex Police,0.730804,51.540293,On or near Petrol Station,E01015844,Southend-on-Sea 014F,Shoplifting,Court result unavailable,
548f4202887932c00114e568c73d7a89453f1818fdfcc7700fbb6d9c22eb851b,2024-11,Essex Police,Essex Police,0.730804,51.540293,On or near Petrol Station,E01015844,Southend-on-Sea 014F,Shoplifting,Investigation complete; no suspect identified,
dbabc345b6243216caf6d4565d342ee7dc5477a5e0e4731abd08fcd2d0e8b300,2024-11,Essex Police,Essex Police,0.730804,51.540293,On or near Petrol Station,E01015844,Southend-on-Sea 014F,Shoplifting,Investigation complete; no suspect identified,
4b8a4a0fc3fece81e2bc2ac517ff572126ec007e97b1c321e4d224a9db966626,2024-11,Essex Police,Essex Police,0.730804,51.540293,On or near Petrol Station,E01015844,Southend-on-Sea 014F,Shoplifting,Investigation complete; no suspect identified,
359d415bd8a92891d55277ce9840fe8f600c5b26c8ddacde6acc9ffab775a2f5,2024-11,Essex Police,Essex Police,0.730804,51.540293,On or near Petrol Station,E01015844,Southend-on-Sea 014F,Shoplifting,Unable to prosecute suspect,
2c699fdd98032641ae0f8470c914b157ca3780d37847eaef0bd5a61db224892f,2024-11,Essex Police,Essex Police,0.720616,51.539087,On or near Lancaster Gardens,E01015844,Southend-on-Sea 014F,Vehicle crime,Investigation complete; no suspect identified,
fd74931cffe124734b6a27996ac4b029605dfbf66ffc8605bf4598fffa0f37a2,2024-11,Essex Police,Essex Police,0.722795,51.542499,On or near Wimborne Road,E01015844,Southend-on-Sea 014F,Vehicle crime,Investigation complete; no suspect identified,
53cf7a0f5e3d663efe33ebc189a6b363bd8212bc28fd59739559997d519c1d8f,2024-11,Essex Police,Essex Police,0.724212,51.539175,On or near Fairburn Close,E01015844,Southend-on-Sea 014F,Vehicle crime,Investigation complete; no suspect identified,
54b548984032fc6f8dd2fe4885a30c3f6ad3eb700ba3766c2b63e3822e4ab932,2024-11,Essex Police,Essex Police,0.720863,51.543237,On or near Swanage Road,E01015844,Southend-on-Sea 014F,Vehicle crime,Unable to prosecute suspect,
c288aad6576415a81638fa1e7ecae1ee47e6c7081fa4a8789ca704520a944206,2024-11,Essex Police,Essex Police,0.721418,51.540454,On or near Glen Mews,E01015844,Southend-on-Sea 014F,Violence and sexual offences,Unable to prosecute suspect,
be73f6aa01614b293a64bce4a40fc6b1fed77207be4d4c6fe7d51f1354c90f78,2024-11,Essex Police,Essex Police,0.724212,51.539175,On or near Fairburn Close,E01015844,Southend-on-Sea 014F,Violence and sexual offences,Investigation complete; no suspect identified,
8ab5d1b60e583d1a443853d0cd5c9e16a19e49a5b8c6f6578744cb454a1713ea,2024-11,Essex Police,Essex Police,0.721418,51.540454,On or near Glen Mews,E01015844,Southend-on-Sea 014F,Violence and sexual offences,Unable to prosecute suspect,
f74dc8b934e8a41ada23a3e8108d023ec7beda4bc8583e6cf2995e2f433d31a5,2024-11,Essex Police,Essex Police,0.720863,51.543237,On or near Swanage Road,E01015844,Southend-on-Sea 014F,Violence and sexual offences,Unable to prosecute suspect,
06d54c1766ba53af3ff56bd70b2e1062dd5011627e66c6ae565aa25d5b7a310f,2024-11,Essex Police,Essex Police,0.726594,51.540172,On or near Southchurch Road,E01015844,Southend-on-Sea 014F,Violence and sexual offences,Investigation complete; no suspect identified,
94d5615248e91fad71f1ce869c031b474539e125154a88bae2d49decbf4f1240,2024-11,Essex Police,Essex Police,0.720007,51.539039,On or near Lancaster Crescent,E01015844,Southend-on-Sea 014F,Violence and sexual offences,Unable to prosecute suspect,
806c8e888c622fe8d1c8a23dfca6f3f0dd55b515fffe2f33f659735de0242b33,2024-11,Essex Police,Essex Police,0.730804,51.540293,On or near Petrol Station,E01015844,Southend-on-Sea 014F,Violence and sexual offences,Court result unavailable,
111abb305674a0ef5ea758ffb47ed9c13fddc00d90f2ce3ed066054b36451a10,2024-11,Essex Police,Essex Police,0.718596,51.539323,On or near Tyrrel Drive,E01015844,Southend-on-Sea 014F,Violence and sexual offences,Investigation complete; no suspect identified,
211aa6fdd815c268152170b78109a18636c2e3e8754995b481145cf5e8b05958,2024-11,Essex Police,Essex Police,0.730804,51.540293,On or near Petrol Station,E01015844,Southend-on-Sea 014F,Violence and sexual offences,Court result unavailable,
0d99d8a5edbcf49a9b765f952ca0db2a86948106923da0e2c59ee0bc7ecba50e,2024-11,Essex Police,Essex Police,0.724212,51.539175,On or near Fairburn Close,E01015844,Southend-on-Sea 014F,Violence and sexual offences,Unable to prosecute suspect,
7153b515071b7c38aa56418ec97e24a5a6731512a6b24953ae185252c9eee121,2024-11,Essex Police,Essex Police,0.722003,51.540107,On or near A13,E01015844,Southend-on-Sea 014F,Violence and sexual offences,Unable to prosecute suspect,
5a3fb22906782136c63ef65126d8cac43931c82b17640629f255965bff73d1ff,2024-11,Essex Police,Essex Police,0.720616,51.539087,On or near Lancaster Gardens,E01015844,Southend-on-Sea 014F,Violence and sexual offences,Unable to prosecute suspect,
5ada88c81db61598f7a1f3296b4327ff7d75c298f50a4df07fa8da766d0fbff8,2024-11,Essex Police,Essex Police,0.721418,51.540454,On or near Glen Mews,E01015844,Southend-on-Sea 014F,Violence and sexual offences,Unable to prosecute suspect,
a9ca8be80de8efed545b3bf637b449d237b4345699be2e765efb444cc2bd3388,2024-11,Essex Police,Essex Police,0.721418,51.540454,On or near Glen Mews,E01015844,Southend-on-Sea 014F,Violence and sexual offences,Investigation complete; no suspect identified,
227297a96d5233c412af7193a7dd9908ce08b4a1e3631a5abb8b84c057e160ca,2024-11,Essex Police,Essex Police,0.721418,51.540454,On or near Glen Mews,E01015844,Southend-on-Sea 014F,Violence and sexual offences,Unable to prosecute suspect,
880decf7ab84cd1459c1c66b576bbbbc98da4c208afb93a685dda37161e185bb,2024-11,Essex Police,Essex Police,0.722384,51.541646,On or near Boscombe Road,E01015844,Southend-on-Sea 014F,Violence and sexual offences,Investigation complete; no suspect identified,
f53711bb6e84e5fbc581253b3d35c8cb2d33d1525e2c1e319e7be51cdc16bedd,2024-11,Essex Police,Essex Police,0.720616,51.539087,On or near Lancaster Gardens,E01015844,Southend-on-Sea 014F,Violence and sexual offences,Unable to prosecute suspect,
2787e7366c33bcf1bcdf32395e40be53bf72bb8380fb079cb9dc60ba95903a41,2024-11,Essex Police,Essex Police,0.724212,51.539175,On or near Fairburn Close,E01015844,Southend-on-Sea 014F,Violence and sexual offences,Court result unavailable,
719ab2e5165f3de2e5c0d167847de7b904abc271089b306348ddaa11d6ee472b,2024-11,Essex Police,Essex Police,0.724212,51.539175,On or near Fairburn Close,E01015844,Southend-on-Sea 014F,Violence and sexual offences,Unable to prosecute suspect,
4e6e184928110f0588f7a9caabe5980c596ca804d56e1d51f9d1957e98c1e66b,2024-11,Essex Police,Essex Police,0.721418,51.540454,On or near Glen Mews,E01015844,Southend-on-Sea 014F,Violence and sexual offences,Unable to prosecute suspect,
a4f1f09da8dbaf7a26413ba4fab857ccdcdfdf3a46fa71f24a3a42a8efd56814,2024-11,Essex Police,Essex Police,0.720863,51.543237,On or near Swanage Road,E01015844,Southend-on-Sea 014F,Violence and sexual offences,Investigation complete; no suspect identified,
3944aa10eb0e46e928e02293c3533de57442499e610769fa6ac595bb3626b4c6,2024-11,Essex Police,Essex Police,0.721418,51.540454,On or near Glen Mews,E01015844,Southend-on-Sea 014F,Other crime,Unable to prosecute suspect,
,2024-11,Essex Police,Essex Police,0.694496,51.538341,On or near Preston Road,E01015851,Southend-on-Sea 015A,Anti-social behaviour,,
,2024-11,Essex Police,Essex Police,0.693787,51.535849,On or near Palmeira Avenue,E01015851,Southend-on-Sea 015A,Anti-social behaviour,,
,2024-11,Essex Police,Essex Police,0.712440,51.534025,On or near Royal Terrace,E01015851,Southend-on-Sea 015A,Anti-social behaviour,,
601e09577a0f02c314d4573bf98f7fb23f0b6972950d19fcfd5d290f0fc76907,2024-11,Essex Police,Essex Police,0.690107,51.536545,On or near Manor Road,E01015851,Southend-on-Sea 015A,Criminal damage and arson,Unable to prosecute suspect,
65b39a9b87ee0f28c95f2d807fd8d47735e2ce41a546d970fa8c84254ae0c1db,2024-11,Essex Police,Essex Police,0.694951,51.537009,On or near Leonard Road,E01015851,Southend-on-Sea 015A,Criminal damage and arson,Unable to prosecute suspect,
3a6548dd1f4b920ab52c5ce8572f52b290be5d1ae3aac793fe6a85ed267196e1,2024-11,Essex Police,Essex Police,0.694951,51.537009,On or near Leonard Road,E01015851,Southend-on-Sea 015A,Criminal damage and arson,Investigation complete; no suspect identified,
b109273f66c117f3e36fe742e5df33c842df6eb16b0686a781db57f91bc34b47,2024-11,Essex Police,Essex Police,0.691727,51.538819,On or near Ditton Court Road,E01015851,Southend-on-Sea 015A,Criminal damage and arson,Investigation complete; no suspect identified,
bd2d06043aae66534a8d0f038a3d57b15e0a4202dd4d1f1e52589c7f1cbc8363,2024-11,Essex Police,Essex Police,0.694951,51.537009,On or near Leonard Road,E01015851,Southend-on-Sea 015A,Criminal damage and arson,Investigation complete; no suspect identified,
05ec22b3ac5f4cc92be9c08f0ec92a4ef74a4da80039a2e8260474a9c1a719b0,2024-11,Essex Police,Essex Police,0.700720,51.534817,On or near Westcliff Parade,E01015851,Southend-on-Sea 015A,Other theft,Status update unavailable,
2e6cec7e8413ffcf82a7ab9855e64fe2ce4cdfb7c63ed2a6493805af4ca0d010,2024-11,Essex Police,Essex Police,0.691704,51.536472,On or near Seaforth Road,E01015851,Southend-on-Sea 015A,Other theft,Unable to prosecute suspect,
0dd42f00965800cfa3b201c66fcef1d089b63bf7620d4f1e285f3f6507109e56,2024-11,Essex Police,Essex Police,0.712440,51.534025,On or near Royal Terrace,E01015851,Southend-on-Sea 015A,Public order,Investigation complete; no suspect identified,
f3abd9698111b584e87bd646d2c13d1713effe70eada3059315af51046b8deb8,2024-11,Essex Police,Essex Police,0.690996,51.537181,On or near Station Road,E01015851,Southend-on-Sea 015A,Public order,Unable to prosecute suspect,
26981b729ca018ab14346aa653caa59f29731987969ff8fbcda75b485db709b3,2024-11,Essex Police,Essex Police,0.690107,51.536545,On or near Manor Road,E01015851,Southend-on-Sea 015A,Public order,Unable to prosecute suspect,
b499e4490d1a213b553a47720603704e8b82bb40dcf884606a658f3bd338d7b1,2024-11,Essex Police,Essex Police,0.712440,51.534025,On or near Royal Terrace,E01015851,Southend-on-Sea 015A,Public order,Unable to prosecute suspect,
d2710f80bd2c9b4c1cee415f96cb6f36b9ba65c368dc39085b02d7be6d8b31ab,2024-11,Essex Police,Essex Police,0.691315,51.537218,On or near Parking Area,E01015851,Southend-on-Sea 015A,Theft from the person,Investigation complete; no suspect identified,
8c41035e6bffbc16a6b7f40b9414913044d9c4f252f4df75d5b6da6316bf5c8e,2024-11,Essex Police,Essex Police,0.700720,51.534817,On or near Westcliff Parade,E01015851,Southend-on-Sea 015A,Vehicle crime,Investigation complete; no suspect identified,
ef550805e8f6a33ad1165d7bec199e2550d0c5d8fb8acd459625a8811bd89f78,2024-11,Essex Police,Essex Police,0.691727,51.538819,On or near Ditton Court Road,E01015851,Southend-on-Sea 015A,Violence and sexual offences,Unable to prosecute suspect,
2bf64f19cc58cfd7e8a4f9d7d7f347800d7398b5ac2e085f8c5870b6a30900b6,2024-11,Essex Police,Essex Police,0.700720,51.534817,On or near Westcliff Parade,E01015851,Southend-on-Sea 015A,Violence and sexual offences,Unable to prosecute suspect,
16f77834874a4fba1dc085153549b4680d884a32f52d38c3f7bfb554312a701c,2024-11,Essex Police,Essex Police,0.700720,51.534817,On or near Westcliff Parade,E01015851,Southend-on-Sea 015A,Violence and sexual offences,Investigation complete; no suspect identified,
2bdbdbc8814b4e6b4aa23fb738df5c2b0ed5eeb56790ee92d8b9469ccae842e0,2024-11,Essex Police,Essex Police,0.691727,51.538819,On or near Ditton Court Road,E01015851,Southend-on-Sea 015A,Violence and sexual offences,Unable to prosecute suspect,
eb5d1bc1ad2f859ea764ded1aca4f7b7cab13984771825d6d1a5eaf15ec7721b,2024-11,Essex Police,Essex Police,0.700720,51.534817,On or near Westcliff Parade,E01015851,Southend-on-Sea 015A,Violence and sexual offences,Unable to prosecute suspect,
231851942f87beeaf8c55b7df0a6aef7d211eac26031f87c13988d447ce12455,2024-11,Essex Police,Essex Police,0.700720,51.534817,On or near Westcliff Parade,E01015851,Southend-on-Sea 015A,Violence and sexual offences,Unable to prosecute suspect,
fc58e20545bc03e04ea25d833b258375ca8a341af1a94f187712493b5f87720e,2024-11,Essex Police,Essex Police,0.691727,51.538819,On or near Ditton Court Road,E01015851,Southend-on-Sea 015A,Violence and sexual offences,Unable to prosecute suspect,
9709b2d1def7ad155dafcd6f788f3a9e43fa9135b5eaf5d49d072d08466d61db,2024-11,Essex Police,Essex Police,0.700720,51.534817,On or near Westcliff Parade,E01015851,Southend-on-Sea 015A,Violence and sexual offences,Offender given a caution,
1a791273a908932f01edf36f399025b5e3bfaa922a5e03348cd002deda516069,2024-11,Essex Police,Essex Police,0.700720,51.534817,On or near Westcliff Parade,E01015851,Southend-on-Sea 015A,Violence and sexual offences,Action to be taken by another organisation,
0af068ccfa2c2b72275613afe873c65935ecd70dd88a17fe0db4bc17ff7b2c24,2024-11,Essex Police,Essex Police,0.691315,51.537218,On or near Parking Area,E01015851,Southend-on-Sea 015A,Violence and sexual offences,Status update unavailable,
1c6de982f9234326c2702b76c3aace01e3ebb82825a3164bba5e8e7922980689,2024-11,Essex Police,Essex Police,0.691315,51.537218,On or near Parking Area,E01015851,Southend-on-Sea 015A,Violence and sexual offences,Unable to prosecute suspect,
60ae0c6cb956ee240c4e9dc557af3d2862456e543ecf2da20837be75e51cb469,2024-11,Essex Police,Essex Police,0.700720,51.534817,On or near Westcliff Parade,E01015851,Southend-on-Sea 015A,Violence and sexual offences,Unable to prosecute suspect,
4566c21d76fcdb06d0052e1421dc685be4e56a97cdc13eab99a15fdf28226007,2024-11,Essex Police,Essex Police,0.700720,51.534817,On or near Westcliff Parade,E01015851,Southend-on-Sea 015A,Violence and sexual offences,Unable to prosecute suspect,
7523a2250c28a242621c50a615787ccf2e3a6c8b246cf386e196ea1d7a6c3049,2024-11,Essex Police,Essex Police,0.694467,51.535158,On or near Shorefield Road,E01015851,Southend-on-Sea 015A,Other crime,Court result unavailable,
,2024-11,Essex Police,Essex Police,0.712856,51.537864,On or near Nightclub,E01015852,Southend-on-Sea 015B,Anti-social behaviour,,
,2024-11,Essex Police,Essex Police,0.711528,51.536879,On or near Clifftown Road,E01015852,Southend-on-Sea 015B,Anti-social behaviour,,
,2024-11,Essex Police,Essex Police,0.714250,51.538273,On or near Chichester Road,E01015852,Southend-on-Sea 015B,Anti-social behaviour,,
,2024-11,Essex Police,Essex Police,0.717615,51.534966,On or near Herbert Grove,E01015852,Southend-on-Sea 015B,Anti-social behaviour,,
,2024-11,Essex Police,Essex Police,0.716206,51.535520,On or near Heygate Avenue,E01015852,Southend-on-Sea 015B,Anti-social behaviour,,
,2024-11,Essex Police,Essex Police,0.717471,51.533512,On or near Nightclub,E01015852,Southend-on-Sea 015B,Anti-social behaviour,,
,2024-11,Essex Police,Essex Police,0.712856,51.537864,On or near Nightclub,E01015852,Southend-on-Sea 015B,Anti-social behaviour,,
,2024-11,Essex Police,Essex Police,0.713891,51.535394,On or near High Street,E01015852,Southend-on-Sea 015B,Anti-social behaviour,,
,2024-11,Essex Police,Essex Police,0.716206,51.535520,On or near Heygate Avenue,E01015852,Southend-on-Sea 015B,Anti-social behaviour,,
,2024-11,Essex Police,Essex Police,0.713073,51.537391,On or near Parking Area,E01015852,Southend-on-Sea 015B,Anti-social behaviour,,
,2024-11,Essex Police,Essex Police,0.713891,51.535394,On or near High Street,E01015852,Southend-on-Sea 015B,Anti-social behaviour,,
,2024-11,Essex Police,Essex Police,0.713596,51.539394,On or near Nightclub,E01015852,Southend-on-Sea 015B,Anti-social behaviour,,
,2024-11,Essex Police,Essex Police,0.716206,51.535520,On or near Heygate Avenue,E01015852,Southend-on-Sea 015B,Anti-social behaviour,,
7a269251cc95f038f75dda561b900711bda54cd5f4b4b871215c0b7a1aa05b82,2024-11,Essex Police,Essex Police,0.712152,51.538150,On or near Bus/Coach Station,E01015852,Southend-on-Sea 015B,Bicycle theft,Unable to prosecute suspect,
bd7ba8af0b13ea261cd716c9d1730b7caf0541247bac92fba1edf6bf4f1ded02,2024-11,Essex Police,Essex Police,0.715335,51.534686,On or near Shopping Area,E01015852,Southend-on-Sea 015B,Burglary,Court result unavailable,
9998b949761565b6382859c7250d89543ee95134891ea666919e72fedac4ead1,2024-11,Essex Police,Essex Police,0.717663,51.538418,On or near Queensway,E01015852,Southend-on-Sea 015B,Burglary,Unable to prosecute suspect,
10e18ddcf966d6bd7932fad20cfe137c91ea3ce5f52f6df6fe628048fd3c707f,2024-11,Essex Police,Essex Police,0.713596,51.539394,On or near Nightclub,E01015852,Southend-on-Sea 015B,Criminal damage and arson,Unable to prosecute suspect,
dfc0cda402adde35363255b99733f974dd89ecdd8ee4c5a2041c21cbff8ac480,2024-11,Essex Police,Essex Police,0.715788,51.533578,On or near Pier Hill,E01015852,Southend-on-Sea 015B,Criminal damage and arson,Local resolution,
814c9ae3c52dd7ffddd43d89bdb1225a893ccc65f0fd11e12311975f5541d393,2024-11,Essex Police,Essex Police,0.713596,51.539394,On or near Nightclub,E01015852,Southend-on-Sea 015B,Criminal damage and arson,Unable to prosecute suspect,
05d18ba0616b74857ba2521c5b8cabad910dd943105d04d9163c16ddaf645de7,2024-11,Essex Police,Essex Police,0.714024,51.534198,On or near Nightclub,E01015852,Southend-on-Sea 015B,Criminal damage and arson,Unable to prosecute suspect,
cadd279615cd299d1291dc36061af315a3c4e8b9bec5db16cc496968aa600f7e,2024-11,Essex Police,Essex Police,0.714250,51.538273,On or near Chichester Road,E01015852,Southend-on-Sea 015B,Criminal damage and arson,Court result unavailable,
3bd0baf6631390bebfdf34ed30853738e7bdcbc63ea418677ed3506e931212a8,2024-11,Essex Police,Essex Police,0.713891,51.535394,On or near High Street,E01015852,Southend-on-Sea 015B,Criminal damage and arson,Investigation complete; no suspect identified,
2321135da79f7d22df427557a1eeffc4b3ea7d1ca1dfeaf5b060676417b28ae5,2024-11,Essex Police,Essex Police,0.715788,51.533578,On or near Pier Hill,E01015852,Southend-on-Sea 015B,Criminal damage and arson,Unable to prosecute suspect,
0aacc625013226c89d5df2301533bdc734684cf0054cb0839d03f16c2196fbfe,2024-11,Essex Police,Essex Police,0.716206,51.535520,On or near Heygate Avenue,E01015852,Southend-on-Sea 015B,Drugs,Local resolution,
7baef98ce21361671c5fbea35dc566920688f6d7e354a7bf27c6f0187478bd97,2024-11,Essex Police,Essex Police,0.710322,51.534784,On or near Devereux Road,E01015852,Southend-on-Sea 015B,Drugs,Court result unavailable,
81145ea7c64febb82a2c5685cf7b5f43a392dbaa6ce5806fa18062cc186bb8e8,2024-11,Essex Police,Essex Police,0.711918,51.537859,On or near Luker Road,E01015852,Southend-on-Sea 015B,Drugs,Local resolution,
12d8feb5ff5212e7b4598939e7060762d5fe6bd8d04985bf82bbe10bfe7543f8,2024-11,Essex Police,Essex Police,0.712958,51.536423,On or near Weston Road,E01015852,Southend-on-Sea 015B,Drugs,Court result unavailable,
44136288586806c8758de367e3d9b81d863234d1c5ad4ed078e9f90ba7535c2b,2024-11,Essex Police,Essex Police,0.712856,51.537864,On or near Nightclub,E01015852,Southend-on-Sea 015B,Drugs,Court result unavailable,
181168c9e61652fb03b505d2fd053de2c540110779de9ff7edd39e0f576dc775,2024-11,Essex Police,Essex Police,0.716206,51.535520,On or near Heygate Avenue,E01015852,Southend-on-Sea 015B,Drugs,Formal action is not in the public interest,
630d133d4c8e50e7dd87dbc9896b5a6d8a4b1b6535e7f4a8dbba7c32a0be12f8,2024-11,Essex Police,Essex Police,0.715307,51.539543,On or near Warrior Square North,E01015852,Southend-on-Sea 015B,Drugs,Investigation complete; no suspect identified,
502e327eeead0eb6176086a85e72d43093413960b2641bfcba00400f704d1e53,2024-11,Essex Police,Essex Police,0.715335,51.534686,On or near Shopping Area,E01015852,Southend-on-Sea 015B,Drugs,Local resolution,
99d3813ebcce5da25be01ab762fc87778e442dfd74a4b7ed17e75925d6215fd0,2024-11,Essex Police,Essex Police,0.716206,51.535520,On or near Heygate Avenue,E01015852,Southend-on-Sea 015B,Drugs,Local resolution,
46a29c44d01a84ae56ab0070b2b777c5cbd3ac4190bf7ebc20beaf2c4deca370,2024-11,Essex Police,Essex Police,0.713126,51.534890,On or near Market Place,E01015852,Southend-on-Sea 015B,Other theft,Investigation complete; no suspect identified,
8333c45745c613c70cefb42b613d220b7070e652f658e149f166c7e741286697,2024-11,Essex Police,Essex Police,0.712152,51.538150,On or near Bus/Coach Station,E01015852,Southend-on-Sea 015B,Other theft,Investigation complete; no suspect identified,
cd8a576058e0351c62cd47c3a04b14b3cd09d5fdffee92e0b42f0bb7b9175d7c,2024-11,Essex Police,Essex Police,0.714250,51.538273,On or near Chichester Road,E01015852,Southend-on-Sea 015B,Other theft,Investigation complete; no suspect identified,
ccc8790ccf600adab5c71eb7e47cc78e4cbbdb6ffcda9a0be0a30aa921e7752a,2024-11,Essex Police,Essex Police,0.716206,51.535520,On or near Heygate Avenue,E01015852,Southend-on-Sea 015B,Other theft,Unable to prosecute suspect,
2dfbc1f432d886117477bda53288e6c8edd635c5b37b502114a11cc6fff059f8,2024-11,Essex Police,Essex Police,0.712958,51.536423,On or near Weston Road,E01015852,Southend-on-Sea 015B,Other theft,Investigation complete; no suspect identified,
d97c26ff9e80235349e113d446d2d002ef10353dd141913e674996266e55a13e,2024-11,Essex Police,Essex Police,0.712958,51.536423,On or near Weston Road,E01015852,Southend-on-Sea 015B,Other theft,Investigation complete; no suspect identified,
7bb9e464624fc98f199c2cfea3d29c22be08111ad71d3e2d88503937c591ed81,2024-11,Essex Police,Essex Police,0.715335,51.534686,On or near Shopping Area,E01015852,Southend-on-Sea 015B,Other theft,Unable to prosecute suspect,
861a5a2bc9692e1b35d9446d21e3faa576fb74f1e642b4ef74ef315c727417fd,2024-11,Essex Police,Essex Police,0.716206,51.535520,On or near Heygate Avenue,E01015852,Southend-on-Sea 015B,Possession of weapons,Unable to prosecute suspect,
73ca3b791ba2c2b4bec31cd249ed4d71ff6f018437067bab40cfed250f1f2354,2024-11,Essex Police,Essex Police,0.711528,51.536879,On or near Clifftown Road,E01015852,Southend-on-Sea 015B,Possession of weapons,Action to be taken by another organisation,
4744de701e54028a28dc40ee2e19b543caae6c75f5fc84421def84f89d3a24c2,2024-11,Essex Police,Essex Police,0.715335,51.534686,On or near Shopping Area,E01015852,Southend-on-Sea 015B,Possession of weapons,Court result unavailable,
dcf82f2032054cba6ac243343f0f5d4ab75dba353cf672ebcc73be4d76f323a6,2024-11,Essex Police,Essex Police,0.716206,51.535520,On or near Heygate Avenue,E01015852,Southend-on-Sea 015B,Possession of weapons,Court result unavailable,
6c06c0613f3e31915574c85f8ccbfc2c1f81c8c267fe8ee0466926120ad0659a,2024-11,Essex Police,Essex Police,0.716206,51.535520,On or near Heygate Avenue,E01015852,Southend-on-Sea 015B,Public order,Court result unavailable,
4f4652bba2e443b865444ffb178e9447658739c2fb936406a32caf6614def2a1,2024-11,Essex Police,Essex Police,0.716206,51.535520,On or near Heygate Avenue,E01015852,Southend-on-Sea 015B,Public order,Action to be taken by another organisation,
1670abc5d7c82b97f241a275fc66451af1216ee803dc28a3fba79ed032d0d03b,2024-11,Essex Police,Essex Police,0.715781,51.538309,On or near Whitegate Road,E01015852,Southend-on-Sea 015B,Public order,Unable to prosecute suspect,
08635b1fc7286a07f728c52ffb33c9a3f48dbd93880c2feeed883891403f448d,2024-11,Essex Police,Essex Police,0.713596,51.539394,On or near Nightclub,E01015852,Southend-on-Sea 015B,Public order,Unable to prosecute suspect,
475d1d529def7b0fcae2cc6727f94ef9701926ec030632ff530759d1fc04c990,2024-11,Essex Police,Essex Police,0.716206,51.535520,On or near Heygate Avenue,E01015852,Southend-on-Sea 015B,Public order,Investigation complete; no suspect identified,
74d0902dcce8e71e822f78abb67e7f5d9227922e721c6269c044a3a4557a8f34,2024-11,Essex Police,Essex Police,0.715788,51.533578,On or near Pier Hill,E01015852,Southend-on-Sea 015B,Public order,Investigation complete; no suspect identified,
cec903bb7e30e73cb5887fd68d8637684110d1ff85a280cdd7a348832dc77a54,2024-11,Essex Police,Essex Police,0.713891,51.535394,On or near High Street,E01015852,Southend-on-Sea 015B,Public order,Unable to prosecute suspect,
fe5443a289880b263c78accdb3a75ec4299efee7e7cbab3c1bf445b163345173,2024-11,Essex Police,Essex Police,0.715335,51.534686,On or near Shopping Area,E01015852,Southend-on-Sea 015B,Public order,Unable to prosecute suspect,
5b95f7db8370b54d5062d4b184ced1d246c16d46617c1f2c18057640bdf3f089,2024-11,Essex Police,Essex Police,0.711918,51.537859,On or near Luker Road,E01015852,Southend-on-Sea 015B,Public order,Unable to prosecute suspect,
d77604a5304fde6e2645eb66f93d9222fb8ccf3823f4df9aa00dea78035a3291,2024-11,Essex Police,Essex Police,0.711528,51.536879,On or near Clifftown Road,E01015852,Southend-on-Sea 015B,Public order,Offender given a caution,
879f44c13beb6b13bb364297d6be6b9e32f7e93876e87b4934fafbb5bed25a7d,2024-11,Essex Police,Essex Police,0.716206,51.535520,On or near Heygate Avenue,E01015852,Southend-on-Sea 015B,Robbery,Investigation complete; no suspect identified,
1ed926ccc4172a480b6fbe6685dd0d9ea15527a547b2c3219b5bcf0c494d28db,2024-11,Essex Police,Essex Police,0.712958,51.536423,On or near Weston Road,E01015852,Southend-on-Sea 015B,Robbery,Status update unavailable,
a1b2cfb8249cba5fa7135068f275fd95bf4a7deafaff168ae81cca0f313e7d9e,2024-11,Essex Police,Essex Police,0.713596,51.539394,On or near Nightclub,E01015852,Southend-on-Sea 015B,Robbery,Unable to prosecute suspect,
a056ba4d588fd96b2c45e82f45af771f2aa22cb1c2ea2e32339a149f75b08197,2024-11,Essex Police,Essex Police,0.715335,51.534686,On or near Shopping Area,E01015852,Southend-on-Sea 015B,Shoplifting,Investigation complete; no suspect identified,
06a428f755fff3e371c4f25efd2e368beb1783ee54714800524e4150b8701d62,2024-11,Essex Police,Essex Police,0.715335,51.534686,On or near Shopping Area,E01015852,Southend-on-Sea 015B,Shoplifting,Investigation complete; no suspect identified,
ca1092c2cd6a16c2a8babb0b6f82b138406d816d493f7421b3a51d11e71409ca,2024-11,Essex Police,Essex Police,0.714250,51.538273,On or near Chichester Road,E01015852,Southend-on-Sea 015B,Shoplifting,Local resolution,
df5b28c685023640dd58f47d27d8aa0f2c4737d4b5c9edb18249d45a1c1c162e,2024-11,Essex Police,Essex Police,0.712152,51.538150,On or near Bus/Coach Station,E01015852,Southend-on-Sea 015B,Shoplifting,Local resolution,
f175c7d8124e8f84eefd03057e4f4c46306dbd37ee370c739ff47686d186d91c,2024-11,Essex Police,Essex Police,0.713891,51.535394,On or near High Street,E01015852,Southend-on-Sea 015B,Shoplifting,Investigation complete; no suspect identified,
d3b7b3acb26ae988c3687b5ea1fef9d1088bdce8002420a55aa0b61ac94d4cb7,2024-11,Essex Police,Essex Police,0.713891,51.535394,On or near High Street,E01015852,Southend-on-Sea 015B,Shoplifting,Unable to prosecute suspect,
bf8d4bef0fd3d93daceab202125709b4543aa0ffe4800d3313428928e865e4f0,2024-11,Essex Police,Essex Police,0.715335,51.534686,On or near Shopping Area,E01015852,Southend-on-Sea 015B,Shoplifting,Court result unavailable,
a8d7c692446154d4528fa9c9b22fc22c6e8df6b2d10328c0d2abc454fead4737,2024-11,Essex Police,Essex Police,0.715335,51.534686,On or near Shopping Area,E01015852,Southend-on-Sea 015B,Shoplifting,Investigation complete; no suspect identified,
b40d488e9acd66b5f651b5f0e85098a95c522d6abf16a2953cbbfc55d41806ab,2024-11,Essex Police,Essex Police,0.716206,51.535520,On or near Heygate Avenue,E01015852,Southend-on-Sea 015B,Shoplifting,Unable to prosecute suspect,
58959ef8a0465fc82a874e8dab37cafbec747a80c3bbfc4ed3a53eacd368d12d,2024-11,Essex Police,Essex Police,0.713891,51.535394,On or near High Street,E01015852,Southend-on-Sea 015B,Shoplifting,Investigation complete; no suspect identified,
827850954c52ee31ea45fa46a53c1f0712277096dabbb3c375355f1b33692c5c,2024-11,Essex Police,Essex Police,0.713891,51.535394,On or near High Street,E01015852,Southend-on-Sea 015B,Shoplifting,Local resolution,
c1137981043e260f30ab26e9f3ba36da6863299c65d8b70e9ffa5811d1cca7c1,2024-11,Essex Police,Essex Police,0.713891,51.535394,On or near High Street,E01015852,Southend-on-Sea 015B,Shoplifting,Investigation complete; no suspect identified,
a656aa20efa641c2305889975ca7313928488242b1bb52d728a49820466d4bd3,2024-11,Essex Police,Essex Police,0.713596,51.539394,On or near Nightclub,E01015852,Southend-on-Sea 015B,Shoplifting,Court result unavailable,
6a56bdb143c3b3cd800b6c7f3c2d00891a5f1e6776e298a48a5e359c7aeb0876,2024-11,Essex Police,Essex Police,0.715335,51.534686,On or near Shopping Area,E01015852,Southend-on-Sea 015B,Shoplifting,Unable to prosecute suspect,
df8ea6feccc48eeb4282be2072e38e79b2c9be833b42368d2ed90021c8ff2ca0,2024-11,Essex Police,Essex Police,0.715335,51.534686,On or near Shopping Area,E01015852,Southend-on-Sea 015B,Shoplifting,Local resolution,
7df817878ca0bf82b924d8a96f62847f02b64220a6ab6c11f30053662ca89bda,2024-11,Essex Police,Essex Police,0.713891,51.535394,On or near High Street,E01015852,Southend-on-Sea 015B,Shoplifting,Local resolution,
3e8e2989a197eb08148bb7791980e1323d641d94a91913c9bb8d49f005ff06e4,2024-11,Essex Police,Essex Police,0.713073,51.537391,On or near Parking Area,E01015852,Southend-on-Sea 015B,Shoplifting,Court result unavailable,
112df8f462d96cab0c9f3af6c2462682cab7e8ddd2567f69b3d29adcc6a75ff6,2024-11,Essex Police,Essex Police,0.712958,51.536423,On or near Weston Road,E01015852,Southend-on-Sea 015B,Shoplifting,Unable to prosecute suspect,
cec17f22c66fb816af9699a23908bcaa1718ea2286868e742d088f3ce16ac3cc,2024-11,Essex Police,Essex Police,0.713596,51.539394,On or near Nightclub,E01015852,Southend-on-Sea 015B,Shoplifting,Investigation complete; no suspect identified,
71e1f6102b480a94bc37fb3396de248e7ac1e915cf71fd7d206c0be8503e6f15,2024-11,Essex Police,Essex Police,0.713891,51.535394,On or near High Street,E01015852,Southend-on-Sea 015B,Shoplifting,Action to be taken by another organisation,
fa432ee9af3ad7596c8f44078902ef76ce3565685f165f28ed9ea0fbf7284078,2024-11,Essex Police,Essex Police,0.715335,51.534686,On or near Shopping Area,E01015852,Southend-on-Sea 015B,Shoplifting,Court result unavailable,
3cdf208d0b11cb27e88b63157210a1599ee5aff2562645e571d9e15e4204f5e5,2024-11,Essex Police,Essex Police,0.715335,51.534686,On or near Shopping Area,E01015852,Southend-on-Sea 015B,Shoplifting,Investigation complete; no suspect identified,
8ce5d62eba957635575d05b66a9e6c68d9152fac47865a268694bd8312d0c021,2024-11,Essex Police,Essex Police,0.715335,51.534686,On or near Shopping Area,E01015852,Southend-on-Sea 015B,Shoplifting,Investigation complete; no suspect identified,
1dcae274d9cbce2d2cb06424d5ba078f38ad5a6a7e6a52a480929095dc7933c8,2024-11,Essex Police,Essex Police,0.712958,51.536423,On or near Weston Road,E01015852,Southend-on-Sea 015B,Shoplifting,Investigation complete; no suspect identified,
54f93a4c5e95b6d0c0c6bd42b1bb4effd704876c034100420801984f6b402bc6,2024-11,Essex Police,Essex Police,0.713891,51.535394,On or near High Street,E01015852,Southend-on-Sea 015B,Shoplifting,Unable to prosecute suspect,
5d54ba24bd1bc0da8db9a42f9c1d6fbb1c67cf592ec244c17d5e3af4b941482e,2024-11,Essex Police,Essex Police,0.715335,51.534686,On or near Shopping Area,E01015852,Southend-on-Sea 015B,Shoplifting,Court result unavailable,
d781b3f7b0ffeaf0215676e85e1f078f88385250467a0dbe14e879ce15fda1d8,2024-11,Essex Police,Essex Police,0.712152,51.538150,On or near Bus/Coach Station,E01015852,Southend-on-Sea 015B,Theft from the person,Investigation complete; no suspect identified,
d347ef4cca69d4547b641dd1f63ae18d3dd17789f6b71b511436a86d27fb5d34,2024-11,Essex Police,Essex Police,0.713891,51.535394,On or near High Street,E01015852,Southend-on-Sea 015B,Theft from the person,Investigation complete; no suspect identified,
64640575aaf3e6a29b105a26910b92ece55db0cc84aed307207c1dee92bb3d9e,2024-11,Essex Police,Essex Police,0.713596,51.539394,On or near Nightclub,E01015852,Southend-on-Sea 015B,Theft from the person,Investigation complete; no suspect identified,
1fde11ffffe8116926a4b1c6785613eee468cc9f52f62629b8f4a1db0c817d0a,2024-11,Essex Police,Essex Police,0.715646,51.538708,On or near Parking Area,E01015852,Southend-on-Sea 015B,Vehicle crime,Investigation complete; no suspect identified,
9ce8112145defe65af34d86fe717c54b99de8244482c2d3cd96edee0f5bc98bf,2024-11,Essex Police,Essex Police,0.713596,51.539394,On or near Nightclub,E01015852,Southend-on-Sea 015B,Vehicle crime,Local resolution,
4f84f326d924a4e65f4320a346a2b482a713df43cd92c6d343c4e386232a4f6f,2024-11,Essex Police,Essex Police,0.710995,51.537767,On or near Further/Higher Educational Building,E01015852,Southend-on-Sea 015B,Vehicle crime,Unable to prosecute suspect,
8cc1246f965dcd31cc2a649d60b0bf54386a01a8f324c11f0711307c89f4007a,2024-11,Essex Police,Essex Police,0.713126,51.534890,On or near Market Place,E01015852,Southend-on-Sea 015B,Violence and sexual offences,Unable to prosecute suspect,
72a08c07d4e0a1324c51992edbc45274dc4370ef235f68421d4e8431bf469e10,2024-11,Essex Police,Essex Police,0.711402,51.535487,On or near Parking Area,E01015852,Southend-on-Sea 015B,Violence and sexual offences,Unable to prosecute suspect,
fd11ddca22ae757781b921288e7dce09d13dfe3478fa8eb0bb6387087525fa49,2024-11,Essex Police,Essex Police,0.713126,51.534890,On or near Market Place,E01015852,Southend-on-Sea 015B,Violence and sexual offences,Investigation complete; no suspect identified,
1bcfac767ac99eda086f1b5bd84f3416ec6b1ef7ef1ff7dd1c4c14778d35418a,2024-11,Essex Police,Essex Police,0.716206,51.535520,On or near Heygate Avenue,E01015852,Southend-on-Sea 015B,Violence and sexual offences,Unable to prosecute suspect,
5b29085b06ec07ec32ed99c8f4dcb326de38b2d8aca802e98ec162d28eb3e601,2024-11,Essex Police,Essex Police,0.713596,51.539394,On or near Nightclub,E01015852,Southend-on-Sea 015B,Violence and sexual offences,Unable to prosecute suspect,
65c2f2913f4fee29e565c73767d591282b9d49ca13029a9003f64f2b6db08bb8,2024-11,Essex Police,Essex Police,0.712958,51.536423,On or near Weston Road,E01015852,Southend-on-Sea 015B,Violence and sexual offences,Unable to prosecute suspect,
bf45f6a535c9723cf60d5f739bcd72fb14ef841b6395baf45311bf3a46ed417b,2024-11,Essex Police,Essex Police,0.714250,51.538273,On or near Chichester Road,E01015852,Southend-on-Sea 015B,Violence and sexual offences,Unable to prosecute suspect,
eedbff00099779b6ba74c747f2d9dadf136c89a677bcfba357b29f18a52487b4,2024-11,Essex Police,Essex Police,0.715335,51.534686,On or near Shopping Area,E01015852,Southend-on-Sea 015B,Violence and sexual offences,Unable to prosecute suspect,
2797f74902c4216928541172c3e9b6d715be7d7b1f6eb412b895ae7d5a794d7c,2024-11,Essex Police,Essex Police,0.716206,51.535520,On or near Heygate Avenue,E01015852,Southend-on-Sea 015B,Violence and sexual offences,Unable to prosecute suspect,
01ba3063ac0bbf4077e80c6d67d38ed5f2441c06f2834cfcaf418228b798f7bf,2024-11,Essex Police,Essex Police,0.716206,51.535520,On or near Heygate Avenue,E01015852,Southend-on-Sea 015B,Violence and sexual offences,Unable to prosecute suspect,
9ea46ce3cc1fb5707a8d233b7694ede00f51ff87f82c2aae1303c1c9e189886e,2024-11,Essex Police,Essex Police,0.713891,51.535394,On or near High Street,E01015852,Southend-on-Sea 015B,Violence and sexual offences,Unable to prosecute suspect,
8b50715e36aeaab99380789b287e6433ba9b4e2e7351a6c1da90f1b9591a2c43,2024-11,Essex Police,Essex Police,0.715781,51.538309,On or near Whitegate Road,E01015852,Southend-on-Sea 015B,Violence and sexual offences,Investigation complete; no suspect identified,
adbeec74fbcf567fbb29bdbf9cef46cb229aa269664eaf1e835c6cd16fd4530d,2024-11,Essex Police,Essex Police,0.713596,51.539394,On or near Nightclub,E01015852,Southend-on-Sea 015B,Violence and sexual offences,Unable to prosecute suspect,
13119db7d7dbbf9c19c45aa391b9cde23e7f40a5b23ef10a8dc4295fd5d9642a,2024-11,Essex Police,Essex Police,0.711402,51.535487,On or near Parking Area,E01015852,Southend-on-Sea 015B,Violence and sexual offences,Investigation complete; no suspect identified,
f9a4ebea4c62331c01b938203e97c48d230bdda40ca7a4614ea12b6f58ce8fb4,2024-11,Essex Police,Essex Police,0.717471,51.533512,On or near Nightclub,E01015852,Southend-on-Sea 015B,Violence and sexual offences,Unable to prosecute suspect,
da06d99322bfae4cd143f0be44b07a9678dcbb1df27ce5cd4d4d64ffc5e7b4fe,2024-11,Essex Police,Essex Police,0.717471,51.533512,On or near Nightclub,E01015852,Southend-on-Sea 015B,Violence and sexual offences,Local resolution,
3abbfa9ebc2b95e1dea8dd3e2fa4ad0ef5c69bcf82c8cf9933b29558b0dc0af7,2024-11,Essex Police,Essex Police,0.716301,51.536867,On or near Portland Avenue,E01015852,Southend-on-Sea 015B,Violence and sexual offences,Court result unavailable,
053f24787ff128c9a8ca42e29d426272487410fdc72df9d30042ded0e1aad459,2024-11,Essex Police,Essex Police,0.717471,51.533512,On or near Nightclub,E01015852,Southend-on-Sea 015B,Violence and sexual offences,Unable to prosecute suspect,
73ec4823b754173423a0cc20c004ac5b2077a423542d992806332b396bfdd574,2024-11,Essex Police,Essex Police,0.714250,51.538273,On or near Chichester Road,E01015852,Southend-on-Sea 015B,Violence and sexual offences,Local resolution,
b32c564fdc81a99526cf0dba6903b7a66f197eccf6ace01d92ec077e840f4588,2024-11,Essex Police,Essex Police,0.713596,51.539394,On or near Nightclub,E01015852,Southend-on-Sea 015B,Violence and sexual offences,Investigation complete; no suspect identified,
6d060245bf3c65feaea5e8ae5b8109bc200d01d36ff72ab989ca2ac009072a3d,2024-11,Essex Police,Essex Police,0.716206,51.535520,On or near Heygate Avenue,E01015852,Southend-on-Sea 015B,Violence and sexual offences,Action to be taken by another organisation,
e8eb52ba32c121d9df5dc32c5082093a44adcd994b97380c6aeaeea7bc226a0f,2024-11,Essex Police,Essex Police,0.713596,51.539394,On or near Nightclub,E01015852,Southend-on-Sea 015B,Violence and sexual offences,Unable to prosecute suspect,
6b3329fb4cbb44d84990fb57b932c9e7445bbd63ace509fb0ebe30d2fafd4f06,2024-11,Essex Police,Essex Police,0.717471,51.533512,On or near Nightclub,E01015852,Southend-on-Sea 015B,Violence and sexual offences,Investigation complete; no suspect identified,
134fa8892154d3f1aef8449650ad77e02d201b8e70908f9256688ca602183835,2024-11,Essex Police,Essex Police,0.715788,51.533578,On or near Pier Hill,E01015852,Southend-on-Sea 015B,Violence and sexual offences,Unable to prosecute suspect,
2c0e54361bf3a42db41889d42d4028f2298dbcf8ae89013af07a2b94519c0e53,2024-11,Essex Police,Essex Police,0.714250,51.538273,On or near Chichester Road,E01015852,Southend-on-Sea 015B,Violence and sexual offences,Court result unavailable,
95c29e662601ac4f7ad24976f2dcbe95fbac655f0143f440dbebb33eaf3741a5,2024-11,Essex Police,Essex Police,0.715335,51.534686,On or near Shopping Area,E01015852,Southend-on-Sea 015B,Violence and sexual offences,Unable to prosecute suspect,
1983400d8fa9af0b3414e10f9af3b400898cb170e8f08cb55b25f318bf457765,2024-11,Essex Police,Essex Police,0.712152,51.538150,On or near Bus/Coach Station,E01015852,Southend-on-Sea 015B,Violence and sexual offences,Investigation complete; no suspect identified,
54f5f74ed53d6391f5d39937ca95942409ca4a701735245abb62059c3c9eb9cf,2024-11,Essex Police,Essex Police,0.710322,51.534784,On or near Devereux Road,E01015852,Southend-on-Sea 015B,Violence and sexual offences,Unable to prosecute suspect,
69ee634cdb3af2c07c353fa61d6a53b8bb51678b0e1d6f4d536b734bf07f3c45,2024-11,Essex Police,Essex Police,0.716206,51.535520,On or near Heygate Avenue,E01015852,Southend-on-Sea 015B,Violence and sexual offences,Investigation complete; no suspect identified,
7767102fa5d0d3eeb04f9010b7cfcdf927b99e2fb2fa59d3d71ef449f8e4c941,2024-11,Essex Police,Essex Police,0.713126,51.534890,On or near Market Place,E01015852,Southend-on-Sea 015B,Violence and sexual offences,Unable to prosecute suspect,
67fc2e54662f5940435d3b5fba554f723ad16a653e846f1d31ee183c7731fbd9,2024-11,Essex Police,Essex Police,0.716206,51.535520,On or near Heygate Avenue,E01015852,Southend-on-Sea 015B,Violence and sexual offences,Unable to prosecute suspect,
6e91f11cd15c6cc6b3f846e78556bd4058d71b886f6d83edac13153894ad803e,2024-11,Essex Police,Essex Police,0.717430,51.535006,On or near Chancellor Road,E01015852,Southend-on-Sea 015B,Violence and sexual offences,Status update unavailable,
829908acaaca24fb49a34aa0ae815be55e6fa78f0f14c2d7749750d9f7ea1bfc,2024-11,Essex Police,Essex Police,0.714250,51.538273,On or near Chichester Road,E01015852,Southend-on-Sea 015B,Violence and sexual offences,Court result unavailable,
a3c65b8094bf1f6a3241b9877fe171a33ed2158918e4d6ed4a5c3ea3f4151d13,2024-11,Essex Police,Essex Police,0.717471,51.533512,On or near Nightclub,E01015852,Southend-on-Sea 015B,Violence and sexual offences,Unable to prosecute suspect,
4cb5e99ec89e2e1288b21da2b6c4d4dcfff8170519bca552532bd523d73214d9,2024-11,Essex Police,Essex Police,0.713596,51.539394,On or near Nightclub,E01015852,Southend-on-Sea 015B,Violence and sexual offences,Status update unavailable,
db6501a482c3aedd8e1c305c16d1ad58d3d4bd1b514f294dcf1b796baa2bf626,2024-11,Essex Police,Essex Police,0.717615,51.534966,On or near Herbert Grove,E01015852,Southend-on-Sea 015B,Violence and sexual offences,Unable to prosecute suspect,
38ceaf1bd4bd73e7cde5bc8c5790ec3af60ffa58e3a57e00698ec567e612ffea,2024-11,Essex Police,Essex Police,0.714250,51.538273,On or near Chichester Road,E01015852,Southend-on-Sea 015B,Violence and sexual offences,Unable to prosecute suspect,
5800c58d9f305cc7b6a33ce1d2247f2bf1b3d801da6e7916d93a194794bfa4d5,2024-11,Essex Police,Essex Police,0.713073,51.537391,On or near Parking Area,E01015852,Southend-on-Sea 015B,Violence and sexual offences,Court result unavailable,
8612165dde7b827193a20a185be4f62f3737656167c8c0485f4d5ea26e3a57c3,2024-11,Essex Police,Essex Police,0.713891,51.535394,On or near High Street,E01015852,Southend-on-Sea 015B,Violence and sexual offences,Unable to prosecute suspect,
9dd51be842402384c11b4c176884db1f68551c24c14e8aeb0f90f87efa00f006,2024-11,Essex Police,Essex Police,0.714024,51.534198,On or near Nightclub,E01015852,Southend-on-Sea 015B,Violence and sexual offences,Unable to prosecute suspect,
8968751ffe91dab1f70527065d60ccd9a7bca73ab86a7b6317212e7df9f7b8f4,2024-11,Essex Police,Essex Police,0.716206,51.535520,On or near Heygate Avenue,E01015852,Southend-on-Sea 015B,Violence and sexual offences,Unable to prosecute suspect,
c91f5617402c4260be7d0b45fb66014d4725a21cbd477517f1c15b4d50eaa246,2024-11,Essex Police,Essex Police,0.714250,51.538273,On or near Chichester Road,E01015852,Southend-on-Sea 015B,Violence and sexual offences,Unable to prosecute suspect,
e5e4523cac0aab164b20da03f5f78ce1ac127d50541ad7734a979590685b1414,2024-11,Essex Police,Essex Police,0.715335,51.534686,On or near Shopping Area,E01015852,Southend-on-Sea 015B,Violence and sexual offences,Unable to prosecute suspect,
b5113256c8c362e96a5c201db1b05df2440314a9f85532165c2725a1bf9b1582,2024-11,Essex Police,Essex Police,0.717471,51.533512,On or near Nightclub,E01015852,Southend-on-Sea 015B,Violence and sexual offences,Investigation complete; no suspect identified,
efeb03cf5f8e45c9fa9ca0853edd23437823277dfadac26deb1470aa97e7b424,2024-11,Essex Police,Essex Police,0.716301,51.536867,On or near Portland Avenue,E01015852,Southend-on-Sea 015B,Violence and sexual offences,Unable to prosecute suspect,
9877852758fa9283171715030a866f2c59aba173538cd82a0e7fad63ed540b28,2024-11,Essex Police,Essex Police,0.710995,51.537767,On or near Further/Higher Educational Building,E01015852,Southend-on-Sea 015B,Violence and sexual offences,Status update unavailable,
1c56d656c04bd5790fcb8cb20d738afbed31ba1dc5e130b5b63ad3397eb1d1cd,2024-11,Essex Police,Essex Police,0.712152,51.538150,On or near Bus/Coach Station,E01015852,Southend-on-Sea 015B,Violence and sexual offences,Unable to prosecute suspect,
82a58a2456ffe2b4cec0d491fce7770dac6eae561e923757bb981eaa559561b7,2024-11,Essex Police,Essex Police,0.712958,51.536423,On or near Weston Road,E01015852,Southend-on-Sea 015B,Violence and sexual offences,Investigation complete; no suspect identified,
5a404ff919396a33fc0a6e9f9fb7456d2e075a83a02b646d316c38d5be31b65c,2024-11,Essex Police,Essex Police,0.710995,51.537767,On or near Further/Higher Educational Building,E01015852,Southend-on-Sea 015B,Violence and sexual offences,Unable to prosecute suspect,
6b991af3d84202769d266f14c27101d04c93a1a83e4b649d4d3b824fd6638e69,2024-11,Essex Police,Essex Police,0.714250,51.538273,On or near Chichester Road,E01015852,Southend-on-Sea 015B,Violence and sexual offences,Unable to prosecute suspect,
865546d039cbebf375084096f16a4a32f3f8b83d11cb5614989dc5ff7bb059c3,2024-11,Essex Police,Essex Police,0.713126,51.534890,On or near Market Place,E01015852,Southend-on-Sea 015B,Violence and sexual offences,Investigation complete; no suspect identified,
8258ff15ea3ede5206b3883b20b9507350defb38bc44584ec0f14397523b9789,2024-11,Essex Police,Essex Police,0.714250,51.538273,On or near Chichester Road,E01015852,Southend-on-Sea 015B,Violence and sexual offences,Unable to prosecute suspect,
906a544b7e07aad92caba5513b13b22dee8a968931bf83e1ace8156bd9b5ce8f,2024-11,Essex Police,Essex Police,0.717430,51.535006,On or near Chancellor Road,E01015852,Southend-on-Sea 015B,Violence and sexual offences,Unable to prosecute suspect,
1baed8f24185c4ae68a748b0a8dad7221fe342cca5c1efe0976b736cdaec45c1,2024-11,Essex Police,Essex Police,0.712958,51.536423,On or near Weston Road,E01015852,Southend-on-Sea 015B,Violence and sexual offences,Unable to prosecute suspect,
4736b0b8dba975687fac15708a6f460ab836c4f1acfa22d03ebdae441af053d5,2024-11,Essex Police,Essex Police,0.713073,51.537391,On or near Parking Area,E01015852,Southend-on-Sea 015B,Violence and sexual offences,Investigation complete; no suspect identified,
afd4e4c4479ca47b891ee81f0b5dc16d715f1b9f43f7ec5d0264a92b751d41cf,2024-11,Essex Police,Essex Police,0.710322,51.534784,On or near Devereux Road,E01015852,Southend-on-Sea 015B,Violence and sexual offences,Investigation complete; no suspect identified,
2c783102fe29759fa30fb3c572da2d05e36d75f4e65583e88c57b008a059f202,2024-11,Essex Police,Essex Police,0.712438,51.535203,On or near Alexandra Street,E01015852,Southend-on-Sea 015B,Violence and sexual offences,Investigation complete; no suspect identified,
b08d052a2af10099966f4c4aaf49ba89d936849a72ea685bf376b15cba3f762f,2024-11,Essex Police,Essex Police,0.714250,51.538273,On or near Chichester Road,E01015852,Southend-on-Sea 015B,Violence and sexual offences,Court result unavailable,
9cab5bd6e333b9b6f02422c03d31f7767dd74e3b9c35603a92e5a972d93ef408,2024-11,Essex Police,Essex Police,0.714250,51.538273,On or near Chichester Road,E01015852,Southend-on-Sea 015B,Violence and sexual offences,Court result unavailable,
4ba80e71c977632cd854bd3e550834e3bb1e47a28085d5d7d1e6de55a967d270,2024-11,Essex Police,Essex Police,0.714250,51.538273,On or near Chichester Road,E01015852,Southend-on-Sea 015B,Violence and sexual offences,Court result unavailable,
d4f3c680047bd7e1dff6f408a410dac4c8a725187e3599c466dec4f51afb33e0,2024-11,Essex Police,Essex Police,0.712958,51.536423,On or near Weston Road,E01015852,Southend-on-Sea 015B,Violence and sexual offences,Court result unavailable,
f1bc7e3610cfdaf62086bf6557c53bee34080acf92cce7de91f65194dc0f2d83,2024-11,Essex Police,Essex Police,0.711528,51.536879,On or near Clifftown Road,E01015852,Southend-on-Sea 015B,Violence and sexual offences,Unable to prosecute suspect,
98fd0867ff343d2386844b2f935cb80d55b44d719c6838a6d3da2fbfd5494982,2024-11,Essex Police,Essex Police,0.714250,51.538273,On or near Chichester Road,E01015852,Southend-on-Sea 015B,Other crime,Court result unavailable,
7f4417e5320b0f600e4a63429a24cf8308e60e5ae938f772b9d0a4293d3fc1b8,2024-11,Essex Police,Essex Police,0.717430,51.535006,On or near Chancellor Road,E01015852,Southend-on-Sea 015B,Other crime,Unable to prosecute suspect,
,2024-11,Essex Police,Essex Police,0.699413,51.535647,On or near Trinity Avenue,E01015853,Southend-on-Sea 015C,Anti-social behaviour,,
,2024-11,Essex Police,Essex Police,0.696981,51.535244,On or near Theatre/Concert Hall,E01015853,Southend-on-Sea 015C,Anti-social behaviour,,
,2024-11,Essex Police,Essex Police,0.696981,51.535244,On or near Theatre/Concert Hall,E01015853,Southend-on-Sea 015C,Anti-social behaviour,,
2fb5a12cb445dd89ecc0c2167bb9fc0e28c37431c083b28ef67066635c58028f,2024-11,Essex Police,Essex Police,0.704458,51.536080,On or near Cambridge Road,E01015853,Southend-on-Sea 015C,Criminal damage and arson,Investigation complete; no suspect identified,
d02d77ecb77deecb4f07b3ebfc8df34943480c886f8f6be3042ff3b466d1cb47,2024-11,Essex Police,Essex Police,0.703757,51.535457,On or near Wilson Road,E01015853,Southend-on-Sea 015C,Criminal damage and arson,Investigation complete; no suspect identified,
1a6bccdb7e2ce19d555bbcc70878d29ed8bde08ea682e4b18a6bc57e1c67d4d1,2024-11,Essex Police,Essex Police,0.703757,51.535457,On or near Wilson Road,E01015853,Southend-on-Sea 015C,Drugs,Court result unavailable,
77f9b2cf2aa47beac2312a69360940333e1e32a09401799da00fe410e966bf6e,2024-11,Essex Police,Essex Police,0.703757,51.535457,On or near Wilson Road,E01015853,Southend-on-Sea 015C,Drugs,Court result unavailable,
7078361f5d048d225acc678d47176809af6284be388066bff2a08505f2b5b532,2024-11,Essex Police,Essex Police,0.703757,51.535457,On or near Wilson Road,E01015853,Southend-on-Sea 015C,Other theft,Unable to prosecute suspect,
35f855f6ba8bb1af604b58b03501677629f1c6135ebd0dbfbd5e6a4c27a05136,2024-11,Essex Police,Essex Police,0.698215,51.535621,On or near Westcliff Avenue,E01015853,Southend-on-Sea 015C,Possession of weapons,Investigation complete; no suspect identified,
a875e37789cf2393fa96d34ddbcf27764cf77a4d5c724eeaa79602ef2403be24,2024-11,Essex Police,Essex Police,0.699413,51.535647,On or near Trinity Avenue,E01015853,Southend-on-Sea 015C,Public order,Awaiting court outcome,
cac910637b0d322596e9fcfb798e6ef3dfd21d3abcac9acdee12df22f59590f1,2024-11,Essex Police,Essex Police,0.703757,51.535457,On or near Wilson Road,E01015853,Southend-on-Sea 015C,Vehicle crime,Investigation complete; no suspect identified,
34f3bb1cc36be2084f3e0a261d3d195e0b3f7f2a996f5dc803451102f319c1bb,2024-11,Essex Police,Essex Police,0.699413,51.535647,On or near Trinity Avenue,E01015853,Southend-on-Sea 015C,Vehicle crime,Investigation complete; no suspect identified,
3c1196313b6365cea2289877821624e41c9a99f39a12eb56aae8d299523e6d06,2024-11,Essex Police,Essex Police,0.698215,51.535621,On or near Westcliff Avenue,E01015853,Southend-on-Sea 015C,Vehicle crime,Investigation complete; no suspect identified,
5b07233b43d1111cec66714b48dae56ce4ea9b404706278e5f1d2ec40b6e6a1b,2024-11,Essex Police,Essex Police,0.700489,51.535541,On or near Tower Court Mews,E01015853,Southend-on-Sea 015C,Vehicle crime,Investigation complete; no suspect identified,
5367b3277c1f45910be0fbb74c9e0eeb97540b9550ece3f546820d863ee8367b,2024-11,Essex Police,Essex Police,0.697740,51.536855,On or near Hadleigh Road,E01015853,Southend-on-Sea 015C,Violence and sexual offences,Court result unavailable,
ea10dfe390472f7be0f434d8227a7e60f818ed763daefdb9677928286c91aaf6,2024-11,Essex Police,Essex Police,0.696981,51.535244,On or near Theatre/Concert Hall,E01015853,Southend-on-Sea 015C,Violence and sexual offences,Unable to prosecute suspect,
e4f6c70fa8a41d7471ece6c991b3e1dd1c1bcbccf313c83228bc44d7e22976e8,2024-11,Essex Police,Essex Police,0.696981,51.535244,On or near Theatre/Concert Hall,E01015853,Southend-on-Sea 015C,Violence and sexual offences,Unable to prosecute suspect,
6bc3cbd3c20a931417a4b3a7b7342ec3fd68c9a10e4ce07986ad926e71b714b9,2024-11,Essex Police,Essex Police,0.703757,51.535457,On or near Wilson Road,E01015853,Southend-on-Sea 015C,Violence and sexual offences,Unable to prosecute suspect,
808748e25c5c821489562636e1d2041c983cbd74dd4f312855a531e9496c0c56,2024-11,Essex Police,Essex Police,0.696981,51.535244,On or near Theatre/Concert Hall,E01015853,Southend-on-Sea 015C,Violence and sexual offences,Unable to prosecute suspect,
53a762f8f4885625a77f98babecbf9afd3a0539d3cc9c754bed73756ced99648,2024-11,Essex Police,Essex Police,0.707411,51.535787,On or near Runwell Terrace,E01015853,Southend-on-Sea 015C,Violence and sexual offences,Investigation complete; no suspect identified,
7c167f6f177b9656d9e10c808ce778bbf5b2ac6808ac432f2e2df87e96eac396,2024-11,Essex Police,Essex Police,0.701912,51.537406,On or near St. Vincents Mews,E01015853,Southend-on-Sea 015C,Violence and sexual offences,Unable to prosecute suspect,
6c46aaa5f1db3265d2b913f4bf6d9703fda73a77bc562ce4f18f873c68ef0853,2024-11,Essex Police,Essex Police,0.699413,51.535647,On or near Trinity Avenue,E01015853,Southend-on-Sea 015C,Violence and sexual offences,Investigation complete; no suspect identified,
5ccbd3c7b39a7dbe7273126b561a8a247ef48b20054a841f37387996e8e5c9ad,2024-11,Essex Police,Essex Police,0.710093,51.536021,On or near Nelson Street,E01015853,Southend-on-Sea 015C,Violence and sexual offences,Unable to prosecute suspect,
24c9b25fc11ea031687d3e21eff69b559b052acbb9846882690e0d2259655fd7,2024-11,Essex Police,Essex Police,0.703757,51.535457,On or near Wilson Road,E01015853,Southend-on-Sea 015C,Other crime,Court result unavailable,
,2024-11,Essex Police,Essex Police,0.706568,51.536894,On or near Hamlet Road,E01015854,Southend-on-Sea 015D,Anti-social behaviour,,
,2024-11,Essex Police,Essex Police,0.711075,51.539209,On or near Farringdon Service Road,E01015854,Southend-on-Sea 015D,Anti-social behaviour,,
,2024-11,Essex Police,Essex Police,0.710514,51.538989,On or near Elmer Avenue,E01015854,Southend-on-Sea 015D,Anti-social behaviour,,
,2024-11,Essex Police,Essex Police,0.711075,51.539209,On or near Farringdon Service Road,E01015854,Southend-on-Sea 015D,Anti-social behaviour,,
1f8745bd566e88573f38c87b41ab091e0093d68cb87b8f06340badc51cd3554f,2024-11,Essex Police,Essex Police,0.705425,51.538773,On or near Park Street,E01015854,Southend-on-Sea 015D,Burglary,Investigation complete; no suspect identified,
95926e3d337bd53ddeba6253286979857841847dfb515d0232addcda48de3c08,2024-11,Essex Police,Essex Police,0.711075,51.539209,On or near Farringdon Service Road,E01015854,Southend-on-Sea 015D,Criminal damage and arson,Unable to prosecute suspect,
db54eddc0efba1690b4aed082ea9b89b2fda1aeac63a17b37346c864b1192929,2024-11,Essex Police,Essex Police,0.711075,51.539209,On or near Farringdon Service Road,E01015854,Southend-on-Sea 015D,Criminal damage and arson,Investigation complete; no suspect identified,
6f323c225864e430c8939277748861240a08d7ee8e72848ff90df50a9e7d4f6f,2024-11,Essex Police,Essex Police,0.710091,51.539703,On or near Further/Higher Educational Building,E01015854,Southend-on-Sea 015D,Drugs,Offender given a caution,
e9b2198e6654a78cd8503fc77fb5e3ea8bb93802685d1c8b795a434e367ae6ab,2024-11,Essex Police,Essex Police,0.707343,51.536589,On or near Scratton Road,E01015854,Southend-on-Sea 015D,Drugs,Local resolution,
167d29a738e0b2e4393743b2efc25f940dce6f4ee3b8746975e3ae7053d46136,2024-11,Essex Police,Essex Police,0.709790,51.537971,On or near Gordon Place,E01015854,Southend-on-Sea 015D,Other theft,Investigation complete; no suspect identified,
b0dad55bb789ccedc63658667d49a3eca4a93e7a178b0bd9f62e4024d8a5f962,2024-11,Essex Police,Essex Police,0.706511,51.538847,On or near Princes Street,E01015854,Southend-on-Sea 015D,Other theft,Investigation complete; no suspect identified,
b30a1c4e88cf8fac5cf2bb918cdd315edaaa5af7607b129bc8de7c572f1885b9,2024-11,Essex Police,Essex Police,0.706511,51.538847,On or near Princes Street,E01015854,Southend-on-Sea 015D,Other theft,Unable to prosecute suspect,
172c9a6fd756f8b2c0d398274373fe6e262272daa526e8cd69c47238172ee5db,2024-11,Essex Police,Essex Police,0.708437,51.539216,On or near Queens Road,E01015854,Southend-on-Sea 015D,Possession of weapons,Court result unavailable,
02b8541cf1a1ffb194ec7a0855b1d05f77adc7aa1754ec3c7dbfbaa579aa54a3,2024-11,Essex Police,Essex Police,0.709095,51.539624,On or near Parking Area,E01015854,Southend-on-Sea 015D,Public order,Investigation complete; no suspect identified,
6ade78a48ad0395dccf27dfd0aed10aaaa4c0cbe84a2dd3f55c682d6d1381212,2024-11,Essex Police,Essex Police,0.710091,51.539703,On or near Further/Higher Educational Building,E01015854,Southend-on-Sea 015D,Public order,Investigation complete; no suspect identified,
aed4e1913649944c6ef4d5495bff8decb57f91cabfe70ba7628a77ca3257daf9,2024-11,Essex Police,Essex Police,0.710091,51.539703,On or near Further/Higher Educational Building,E01015854,Southend-on-Sea 015D,Public order,Investigation complete; no suspect identified,
c4b5b347f75b72e2ebb6c2c37678c0d0b9c41763f66efe28a4e79f33f1049388,2024-11,Essex Police,Essex Police,0.707561,51.539039,On or near Ashburnham Road,E01015854,Southend-on-Sea 015D,Vehicle crime,Investigation complete; no suspect identified,
35ec9cbf994859225aa1899a8b28df9525333ce932f4b1b41eafc25f3db9aa54,2024-11,Essex Police,Essex Police,0.709790,51.537971,On or near Gordon Place,E01015854,Southend-on-Sea 015D,Vehicle crime,Local resolution,
8bbc59f65e558cabeb7624f1789cc619253946e0c43636ba017ca89a95add3ee,2024-11,Essex Police,Essex Police,0.706656,51.535939,On or near Milton Place,E01015854,Southend-on-Sea 015D,Vehicle crime,Unable to prosecute suspect,
2f2bd864c52de797d6e6b9606bb262fe858bb6773af63b7aa5cdea9bad2ba6e1,2024-11,Essex Police,Essex Police,0.710514,51.538989,On or near Elmer Avenue,E01015854,Southend-on-Sea 015D,Violence and sexual offences,Local resolution,
8793d4c5673a9d4075aa7448630ca703f12c162e0d78dd06e480c32325815f78,2024-11,Essex Police,Essex Police,0.710514,51.538989,On or near Elmer Avenue,E01015854,Southend-on-Sea 015D,Violence and sexual offences,Investigation complete; no suspect identified,
0dda0e37df3a63dacceb0656dbc7ba44c8920a440b13823e16804124ed110356,2024-11,Essex Police,Essex Police,0.711075,51.539209,On or near Farringdon Service Road,E01015854,Southend-on-Sea 015D,Violence and sexual offences,Unable to prosecute suspect,
89698e9d1caa93e3604f175d2ede6d0f02eb635801aaec5c9e9ab931df635728,2024-11,Essex Police,Essex Police,0.710514,51.538989,On or near Elmer Avenue,E01015854,Southend-on-Sea 015D,Violence and sexual offences,Unable to prosecute suspect,
e44dc71e80d423d085b8346aa5506213745f3a3ecf1e4527d72320f9e48b0b55,2024-11,Essex Police,Essex Police,0.709790,51.537971,On or near Gordon Place,E01015854,Southend-on-Sea 015D,Violence and sexual offences,Unable to prosecute suspect,
cd660aadc2f8b91eee2e6cf29df03e23ac31daba7dc91e38ff3b801dbda98baa,2024-11,Essex Police,Essex Police,0.710091,51.539703,On or near Further/Higher Educational Building,E01015854,Southend-on-Sea 015D,Violence and sexual offences,Investigation complete; no suspect identified,
904f908d87cc3777e32bf5a9c770c1f422820c234beee432856a912bf7d627b8,2024-11,Essex Police,Essex Police,0.706568,51.536894,On or near Hamlet Road,E01015854,Southend-on-Sea 015D,Violence and sexual offences,Unable to prosecute suspect,
82c3bce01b20cb30bb630c59ab4c2de36ebc1b598a0998b3331623ff304252e2,2024-11,Essex Police,Essex Police,0.709790,51.537971,On or near Gordon Place,E01015854,Southend-on-Sea 015D,Violence and sexual offences,Unable to prosecute suspect,
c82d89df579c1e6ab1e4f63f968df131e03b83459a069b63809c2bb1c36831c9,2024-11,Essex Police,Essex Police,0.710091,51.539703,On or near Further/Higher Educational Building,E01015854,Southend-on-Sea 015D,Violence and sexual offences,Investigation complete; no suspect identified,
dd429c488dfafad663b2c30126934d1908a5a0edb28142a58a87b933f8db6778,2024-11,Essex Police,Essex Police,0.709790,51.537971,On or near Gordon Place,E01015854,Southend-on-Sea 015D,Violence and sexual offences,Action to be taken by another organisation,
c1453ed80f663dca394ee4a3aa1dada2f70732485320f46a9f46289a30d5a16e,2024-11,Essex Police,Essex Police,0.709790,51.537971,On or near Gordon Place,E01015854,Southend-on-Sea 015D,Violence and sexual offences,Court result unavailable,
2994dcdf9108102ec9e15ea25d39c5e9736a1f8f3f321054c665016523187c6c,2024-11,Essex Police,Essex Police,0.708437,51.539216,On or near Queens Road,E01015854,Southend-on-Sea 015D,Violence and sexual offences,Local resolution,
d3b689129a8d760a3c8b843818b163b1de072f37ef4b4e77ae23db38241bdc62,2024-11,Essex Police,Essex Police,0.707561,51.539039,On or near Ashburnham Road,E01015854,Southend-on-Sea 015D,Other crime,Unable to prosecute suspect,
,2024-11,Essex Police,Essex Police,0.695057,51.541000,On or near Supermarket,E01015855,Southend-on-Sea 015E,Anti-social behaviour,,
,2024-11,Essex Police,Essex Police,0.695256,51.540707,On or near Hamlet Court Road,E01015855,Southend-on-Sea 015E,Anti-social behaviour,,
,2024-11,Essex Police,Essex Police,0.695256,51.540707,On or near Hamlet Court Road,E01015855,Southend-on-Sea 015E,Anti-social behaviour,,
84d288f2338532c129d1a8cfdb45b60b9a931dc11f88167256bb4792dced632a,2024-11,Essex Police,Essex Police,0.697503,51.540656,On or near Burdett Avenue,E01015855,Southend-on-Sea 015E,Burglary,Investigation complete; no suspect identified,
44c794cfeca407f4504e267cb1415c1945623ea532f9ec57a22903247983e730,2024-11,Essex Police,Essex Police,0.695256,51.540707,On or near Hamlet Court Road,E01015855,Southend-on-Sea 015E,Drugs,Court result unavailable,
fd43c7d8b424ce0aea46231cbd8913b660da692a85d93643d7aa42e2f03c940f,2024-11,Essex Police,Essex Police,0.695256,51.540707,On or near Hamlet Court Road,E01015855,Southend-on-Sea 015E,Shoplifting,Investigation complete; no suspect identified,
6cd5b42e6a9a65125cd437ae5eb72b6adacfbeb85a4abb2bc6b18963d2f36f4b,2024-11,Essex Police,Essex Police,0.695256,51.540707,On or near Hamlet Court Road,E01015855,Southend-on-Sea 015E,Shoplifting,Court result unavailable,
8ba7f28332640eb49f295f6222c97369c68122c115e8b937377b82877fcc418e,2024-11,Essex Police,Essex Police,0.695256,51.540707,On or near Hamlet Court Road,E01015855,Southend-on-Sea 015E,Shoplifting,Unable to prosecute suspect,
14751bf7f9e740871cd1460207d1edf87f027ee692badc5542db291c7548a9a5,2024-11,Essex Police,Essex Police,0.695256,51.540707,On or near Hamlet Court Road,E01015855,Southend-on-Sea 015E,Shoplifting,Investigation complete; no suspect identified,
db8350a612a29aeae3a3a94c7681dc5d4bd24f1de297c3cea728721f03902d54,2024-11,Essex Police,Essex Police,0.692804,51.540935,On or near Anerley Road,E01015855,Southend-on-Sea 015E,Shoplifting,Court result unavailable,
58e57516528a1e608fe4d54a73f371f20aa391442bce9dd586595896c2261592,2024-11,Essex Police,Essex Police,0.695256,51.540707,On or near Hamlet Court Road,E01015855,Southend-on-Sea 015E,Shoplifting,Court result unavailable,
a7ccdc56e5f936977d499bbe27b9ae5ae98bc0736b527f73427b9b9c58240a12,2024-11,Essex Police,Essex Police,0.694667,51.541710,On or near Ceylon Road,E01015855,Southend-on-Sea 015E,Vehicle crime,Status update unavailable,
991631a00c22d36291b15fdb3228059de7602ecf56a1b69b927fe868a0bc015f,2024-11,Essex Police,Essex Police,0.695175,51.541519,On or near Parking Area,E01015855,Southend-on-Sea 015E,Vehicle crime,Unable to prosecute suspect,
3a562617b632532ae01e753adb052945d37ec9101727bf673e7d95ba493b6638,2024-11,Essex Police,Essex Police,0.695175,51.541519,On or near Parking Area,E01015855,Southend-on-Sea 015E,Vehicle crime,Investigation complete; no suspect identified,
5471bb45e023a2d434c3a3ca19f68758cc2e5c186a80bb67ef92f3e3e6c1ce97,2024-11,Essex Police,Essex Police,0.697503,51.540656,On or near Burdett Avenue,E01015855,Southend-on-Sea 015E,Violence and sexual offences,Unable to prosecute suspect,
6482f07f16c4d0915ba8c38b1c4132fbe5d87698c032fc6f5a5b48227e3d8b4d,2024-11,Essex Police,Essex Police,0.693412,51.541955,On or near Argyll Road,E01015855,Southend-on-Sea 015E,Violence and sexual offences,Investigation complete; no suspect identified,
2e7cf7d178b242bcabc3c8837ac04e767a32a96a4fecec64730d719c264c071f,2024-11,Essex Police,Essex Police,0.695256,51.540707,On or near Hamlet Court Road,E01015855,Southend-on-Sea 015E,Violence and sexual offences,Investigation complete; no suspect identified,
0cbd3ac2dffe9cf9ac10c6293dc0c50507f4a159be49dfae84065c2b43f4ea21,2024-11,Essex Police,Essex Police,0.693412,51.541955,On or near Argyll Road,E01015855,Southend-on-Sea 015E,Violence and sexual offences,Investigation complete; no suspect identified,
3d18cee6b2cbf20fd02d0147f2edc16b91ce3a7b870bbf7923aa2a849e379e4f,2024-11,Essex Police,Essex Police,0.695256,51.540707,On or near Hamlet Court Road,E01015855,Southend-on-Sea 015E,Violence and sexual offences,Unable to prosecute suspect,
defc9d8ca1a974d142e63fcbc54cf708cac7604f74ab18c19c9706bb73ae4ab2,2024-11,Essex Police,Essex Police,0.694667,51.541710,On or near Ceylon Road,E01015855,Southend-on-Sea 015E,Violence and sexual offences,Court result unavailable,
1ca6653d38a1b3cbca4785c13158210808ad75359f3769cb6d1c4034e782abd3,2024-11,Essex Police,Essex Police,0.692804,51.540935,On or near Anerley Road,E01015855,Southend-on-Sea 015E,Violence and sexual offences,Unable to prosecute suspect,
82519b370f752506e12f4d8307288c7f639b7ce3d69dc63d1f1c0e05587e7239,2024-11,Essex Police,Essex Police,0.695256,51.540707,On or near Hamlet Court Road,E01015855,Southend-on-Sea 015E,Violence and sexual offences,Unable to prosecute suspect,
61863321e5d0457ef61d9defa14e425a92cd8367c5a72e2ab03cddec8ecc0e9b,2024-11,Essex Police,Essex Police,0.693412,51.541955,On or near Argyll Road,E01015855,Southend-on-Sea 015E,Violence and sexual offences,Unable to prosecute suspect,
ab56d909f3ac543f55527c0ff7f63b4a1b8fd468e6c1f6100c6fb153a50738e8,2024-11,Essex Police,Essex Police,0.695256,51.540707,On or near Hamlet Court Road,E01015855,Southend-on-Sea 015E,Violence and sexual offences,Court result unavailable,
2609dbb8e170212b8cc99c08d83a679ba87b82772c2cb07cce2e4a7922869dff,2024-11,Essex Police,Essex Police,0.703441,51.539368,On or near Park Terrace,E01015856,Southend-on-Sea 015F,Other theft,Unable to prosecute suspect,
8ff14c0a5d73bff1c62697444205b9c398f24b5c4e86ccf3237f7ad4432913e3,2024-11,Essex Police,Essex Police,0.704612,51.538684,On or near Park Road,E01015856,Southend-on-Sea 015F,Vehicle crime,Investigation complete; no suspect identified,
f0dc4020155daa8354a783f82ef21b624cca659c1843d243d617790e0baea211,2024-11,Essex Police,Essex Police,0.703441,51.539368,On or near Park Terrace,E01015856,Southend-on-Sea 015F,Violence and sexual offences,Formal action is not in the public interest,
c7abd5c8496469032d973f7fea4665eb62404fee9af6f1a9d92595535b2fe661,2024-11,Essex Police,Essex Police,0.701232,51.538843,On or near Milton Gate Mews,E01015856,Southend-on-Sea 015F,Violence and sexual offences,Investigation complete; no suspect identified,
8c5401b871e840493f5b61fba7f230362209841fe0cee0e3ebbfeb1fd6196389,2024-11,Essex Police,Essex Police,0.701232,51.538843,On or near Milton Gate Mews,E01015856,Southend-on-Sea 015F,Violence and sexual offences,Unable to prosecute suspect,
c6b03ddb2582c2084a4d010ec58ca5442e4e6cb6948f4a042a41d7b5752cd5f7,2024-11,Essex Police,Essex Police,0.701232,51.538843,On or near Milton Gate Mews,E01015856,Southend-on-Sea 015F,Other crime,Unable to prosecute suspect,
ef27e26a6541c7cfa4353e05bfecb9b671c5886719bb88ea3b8cce0154cc5a7b,2024-11,Essex Police,Essex Police,0.750343,51.530776,On or near Lynton Road,E01015889,Southend-on-Sea 016A,Vehicle crime,Investigation complete; no suspect identified,
,2024-11,Essex Police,Essex Police,0.761899,51.537529,On or near Thorpe Bay,E01015890,Southend-on-Sea 016B,Anti-social behaviour,,
cf3dfd7f9ee8ce5ca3daf29d2cee761782440cf836495ecce5c348288c77bbac,2024-11,Essex Police,Essex Police,0.761816,51.536874,On or near Parking Area,E01015890,Southend-on-Sea 016B,Public order,Investigation complete; no suspect identified,
2ae7813bebdfdd02669433a00efaaa8b61daf6ebae54bc99b231ca6f5593ea87,2024-11,Essex Police,Essex Police,0.761816,51.536874,On or near Parking Area,E01015890,Southend-on-Sea 016B,Violence and sexual offences,Unable to prosecute suspect,
e8b3df1743b128c5806c2cd72b247c988fe98909c48c3dba453fd07d4ed1147f,2024-11,Essex Police,Essex Police,0.755774,51.536657,On or near Thorpe Hall Avenue,E01015890,Southend-on-Sea 016B,Violence and sexual offences,Unable to prosecute suspect,
9f8d53638825eddc919623426ca5c1552b6df0b036b9d400b4c17f2f470f2ef8,2024-11,Essex Police,Essex Police,0.749754,51.537751,On or near Thurlow Drive,E01015890,Southend-on-Sea 016B,Violence and sexual offences,Unable to prosecute suspect,
fefc7e5dc9676494eb33d5a96824971ff41984ee765025071bda027cddc1e674,2024-11,Essex Police,Essex Police,0.761816,51.536874,On or near Parking Area,E01015890,Southend-on-Sea 016B,Violence and sexual offences,Investigation complete; no suspect identified,
,2024-11,Essex Police,Essex Police,0.736214,51.533940,On or near Northumberland Crescent,E01015891,Southend-on-Sea 016C,Anti-social behaviour,,
cc3012e94814ee657d8b3c53f167441bf559bca303dc524193c25ea57934a02c,2024-11,Essex Police,Essex Police,0.742170,51.530815,On or near Plas Newydd Close,E01015891,Southend-on-Sea 016C,Burglary,Investigation complete; no suspect identified,
b95025a67e3752f2c19df79d4a4561135587f51de52f89a91cd2a4b3b84d3c30,2024-11,Essex Police,Essex Police,0.738803,51.530462,On or near Bryant Avenue,E01015891,Southend-on-Sea 016C,Criminal damage and arson,Unable to prosecute suspect,
86be3568a778e135633fd22824099f7c2bd441b9a9f25dad8eef0bbc223619e7,2024-11,Essex Police,Essex Police,0.743708,51.530734,On or near Capadocia Street,E01015891,Southend-on-Sea 016C,Criminal damage and arson,Investigation complete; no suspect identified,
e4e738d4f174bafe4be8f778a63894e5d688561f5f0665048f17b04f3337ce3d,2024-11,Essex Police,Essex Police,0.738803,51.530462,On or near Bryant Avenue,E01015891,Southend-on-Sea 016C,Criminal damage and arson,Unable to prosecute suspect,
37e107938386fe35d0a679911d543a68d49ab05b0907435e6ae46f3221f807d9,2024-11,Essex Police,Essex Police,0.737244,51.533547,On or near Parking Area,E01015891,Southend-on-Sea 016C,Other theft,Investigation complete; no suspect identified,
f92898f9b3a227959534a3467c5c1d1dd0a7d2ec80d644d057eb4a1f11fad7e1,2024-11,Essex Police,Essex Police,0.743708,51.530734,On or near Capadocia Street,E01015891,Southend-on-Sea 016C,Other theft,Investigation complete; no suspect identified,
215dae4c58b6d47ded32e722ee7b202db6bd7da3ffd6ee94f43befc0c3c9f1b3,2024-11,Essex Police,Essex Police,0.736214,51.533940,On or near Northumberland Crescent,E01015891,Southend-on-Sea 016C,Violence and sexual offences,Unable to prosecute suspect,
0c8d4f319ee30486e965dc574eda6005f32e751e8a57ce6be178a0f025283381,2024-11,Essex Police,Essex Police,0.734091,51.530023,On or near Eastern Esplanade,E01015891,Southend-on-Sea 016C,Violence and sexual offences,Unable to prosecute suspect,
963494f6afcffe3beec0346f9eebb938804805ea674cacb48c9dac0daa2e0ff2,2024-11,Essex Police,Essex Police,0.733704,51.536076,On or near Brunswick Road,E01015892,Southend-on-Sea 016D,Other theft,Investigation complete; no suspect identified,
d8cde4ab70cf9953dc9e3d4ff8c89a4b31997251356881e9d650feac40cad378,2024-11,Essex Police,Essex Police,0.731055,51.538332,On or near Ambleside Drive,E01015892,Southend-on-Sea 016D,Other theft,Investigation complete; no suspect identified,
c850b6147445459022eed5b90a0f928e60ed5d0a625dda8538b7e792f29619e3,2024-11,Essex Police,Essex Police,0.733704,51.536076,On or near Brunswick Road,E01015892,Southend-on-Sea 016D,Violence and sexual offences,Unable to prosecute suspect,
ce644a0e466b4c56bbd0974c44b8a90adb53b094c86ee0d2576bd96066c519c3,2024-11,Essex Police,Essex Police,0.731055,51.538332,On or near Ambleside Drive,E01015892,Southend-on-Sea 016D,Violence and sexual offences,Unable to prosecute suspect,
24d3683d1bc5a571a34add43316f4f348c4835e0a210e0d523745fa9d5834cef,2024-11,Essex Police,Essex Police,0.731055,51.538332,On or near Ambleside Drive,E01015892,Southend-on-Sea 016D,Other crime,Unable to prosecute suspect,
f7ce9164630054c573df8975e3c3535f1777ea442690e9df81dd594383a479da,2024-11,Essex Police,Essex Police,0.767512,51.530921,On or near Maplin Way,E01015893,Southend-on-Sea 016E,Other theft,Investigation complete; no suspect identified,
5d0aa6f4715fbf0087ab61825eadb3061aa3e0f758ffa495695a524559381862,2024-11,Essex Police,Essex Police,0.768729,51.536010,On or near Station Road,E01015893,Southend-on-Sea 016E,Robbery,Unable to prosecute suspect,
0ef8ac2ff09ac2ee957b7db64f24b777f1d5adb34e3723afc986a661565d2dea,2024-11,Essex Police,Essex Police,0.768729,51.536010,On or near Station Road,E01015893,Southend-on-Sea 016E,Robbery,Unable to prosecute suspect,
a4ac828496a35c0e9fa30e60be3370cdba769660676c052b9cb8e8923f5f85e5,2024-11,Essex Police,Essex Police,0.768595,51.527622,On or near Church Road,E01015893,Southend-on-Sea 016E,Violence and sexual offences,Investigation complete; no suspect identified,
15a14481821a3fdce337f030771f09ae7377813374f0032709460f4786e783fb,2024-11,Essex Police,Essex Police,0.768729,51.536010,On or near Station Road,E01015893,Southend-on-Sea 016E,Violence and sexual offences,Unable to prosecute suspect,
f38f263df6e69bff14b16d20b3e70de321e5ed88ebf0be16c4264124c0cd9b22,2024-11,Essex Police,Essex Police,0.767512,51.530921,On or near Maplin Way,E01015893,Southend-on-Sea 016E,Violence and sexual offences,Action to be taken by another organisation,
5771d4c0905288cf8392b259ffc8837824daf5da617f592b29f76b56c2719688,2024-11,Essex Police,Essex Police,0.767512,51.530921,On or near Maplin Way,E01015893,Southend-on-Sea 016E,Violence and sexual offences,Unable to prosecute suspect,
,2024-11,Essex Police,Essex Police,0.740436,51.536036,On or near Lifstan Way,E01015894,Southend-on-Sea 016F,Anti-social behaviour,,
d3880b7637cfbdf8d896dfa1fddd167e2f09319da63e3b8374ee0b17accbc05b,2024-11,Essex Police,Essex Police,0.732573,51.538863,On or near Southend East,E01015894,Southend-on-Sea 016F,Violence and sexual offences,Local resolution,
,2024-11,Essex Police,Essex Police,0.771652,51.535932,On or near Goldmer Close,E01015915,Southend-on-Sea 017B,Anti-social behaviour,,
,2024-11,Essex Police,Essex Police,0.771652,51.535932,On or near Goldmer Close,E01015915,Southend-on-Sea 017B,Anti-social behaviour,,
0102a2b57877b596d7838af9d0ba529742cde06743f774125dcf49d162adf3b2,2024-11,Essex Police,Essex Police,0.771652,51.535932,On or near Goldmer Close,E01015915,Southend-on-Sea 017B,Criminal damage and arson,Court result unavailable,
f4d23f1e66216e797c896715a931efcf7e8748cbab2f17debdab36e6a90e3399,2024-11,Essex Police,Essex Police,0.778514,51.536138,On or near Torrington,E01015915,Southend-on-Sea 017B,Public order,Unable to prosecute suspect,
73c57ef9b3fb9e233ed14f285b4136bb99e61202df82e4514307b8480083aaad,2024-11,Essex Police,Essex Police,0.777126,51.536072,On or near Holsworthy,E01015915,Southend-on-Sea 017B,Violence and sexual offences,Unable to prosecute suspect,
73f9a3a6edd8e5341d1dcb72f38229437113590a611680d59c613dc7a1fa3ec0,2024-11,Essex Police,Essex Police,0.771652,51.535932,On or near Goldmer Close,E01015915,Southend-on-Sea 017B,Violence and sexual offences,Unable to prosecute suspect,
7bb43d97d4bd171925f9612b27736db1988920da2597bb37600a368abe37029d,2024-11,Essex Police,Essex Police,0.771652,51.535932,On or near Goldmer Close,E01015915,Southend-on-Sea 017B,Violence and sexual offences,Formal action is not in the public interest,
d21710a6510cb054148697905162c2a17f0f1c6a42e444736f1762c3c3d15039,2024-11,Essex Police,Essex Police,0.778514,51.536138,On or near Torrington,E01015915,Southend-on-Sea 017B,Violence and sexual offences,Unable to prosecute suspect,
8a3170dac2acdeb9fc9c77db406aa3f9d5c0bd0961705bc4cd9bf898e6df86c5,2024-11,Essex Police,Essex Police,0.778514,51.536138,On or near Torrington,E01015915,Southend-on-Sea 017B,Violence and sexual offences,Unable to prosecute suspect,
161a246eacd5ca044c8b5825760ac03950eb0e726d073fdfb043ce00e76162fd,2024-11,Essex Police,Essex Police,0.771652,51.535932,On or near Goldmer Close,E01015915,Southend-on-Sea 017B,Violence and sexual offences,Unable to prosecute suspect,
011ecbf0bd749a0590b45c2a1a51164a6e583cad76146dd6c8c9fd474f47ae2e,2024-11,Essex Police,Essex Police,0.775129,51.535481,On or near Saxon Gardens,E01015916,Southend-on-Sea 017C,Public order,Unable to prosecute suspect,
ff63735d42a530d4abb87662171caafa5d665e7904bd625810f1ecd639e8c55c,2024-11,Essex Police,Essex Police,0.770309,51.532105,On or near Wicklow Walk,E01015916,Southend-on-Sea 017C,Vehicle crime,Court result unavailable,
c6f726f5c528a17432cf6ecdcea343727012a9decb11cfd26ad019bcc141297a,2024-11,Essex Police,Essex Police,0.769024,51.533269,On or near Blyth Avenue,E01015916,Southend-on-Sea 017C,Violence and sexual offences,Unable to prosecute suspect,
2f021e7c31abbe8949b38aa791380e3cb7978142a7e14ffadfec82ba4bc20f57,2024-11,Essex Police,Essex Police,0.780310,51.532705,On or near Trafalgar Road,E01015917,Southend-on-Sea 017D,Drugs,Local resolution,
615e7c202d8c7b3ee525a9889566c33aa2599859ffe3fbe264862175897ad754,2024-11,Essex Police,Essex Police,0.782806,51.532268,On or near Jena Close,E01015917,Southend-on-Sea 017D,Other theft,Action to be taken by another organisation,
86d3015408b0f09edb86ed65a8a872c367d516d9e386d8029a9a9a364a2351eb,2024-11,Essex Police,Essex Police,0.781678,51.530792,On or near Stour Close,E01015917,Southend-on-Sea 017D,Other theft,Unable to prosecute suspect,
861102b3da50ca92fbb71a446ff00341d48b87c8bc37998e964beb05a8037541,2024-11,Essex Police,Essex Police,0.781163,51.531560,On or near Chelmer Way,E01015917,Southend-on-Sea 017D,Possession of weapons,Court result unavailable,
3ffe61a10ecb3da42cd38e816b4eb150e7a9a0c298ae336cbf8c775a078ab3ec,2024-11,Essex Police,Essex Police,0.783295,51.534127,On or near Bridge Close,E01015917,Southend-on-Sea 017D,Public order,Formal action is not in the public interest,
a334a3ce1e6bbe5388cb65f330fe9d1d4ec389f946fa98166dd35d7b6cfab6fb,2024-11,Essex Police,Essex Police,0.780223,51.530332,On or near West Road,E01015917,Southend-on-Sea 017D,Vehicle crime,Investigation complete; no suspect identified,
e13d384c0a16412eb0160fe32f49bc875dac36e13133f2291bb5d1556c20f5cc,2024-11,Essex Police,Essex Police,0.782806,51.532268,On or near Jena Close,E01015917,Southend-on-Sea 017D,Vehicle crime,Investigation complete; no suspect identified,
92c2929fc6fc3604cb91ac2d5fb6eefd7394925593c4ed27e5965af2bd1da479,2024-11,Essex Police,Essex Police,0.780223,51.530332,On or near West Road,E01015917,Southend-on-Sea 017D,Violence and sexual offences,Unable to prosecute suspect,
a17aa726e75520204a47371fa2782fd4e24aebbe9f7bfaa776caff242f833c00,2024-11,Essex Police,Essex Police,0.782394,51.532592,On or near Maya Close,E01015917,Southend-on-Sea 017D,Violence and sexual offences,Unable to prosecute suspect,
040bcafe2c749b2d86ee71eb296d6eff585492f9f2a9a20b20a32b97c73a6467,2024-11,Essex Police,Essex Police,0.782394,51.532592,On or near Maya Close,E01015917,Southend-on-Sea 017D,Violence and sexual offences,Unable to prosecute suspect,
18b9e0c3f4222e2add96b829472825f700bafc1445f71b88c8ac2f00303baaa0,2024-11,Essex Police,Essex Police,0.781163,51.531560,On or near Chelmer Way,E01015917,Southend-on-Sea 017D,Violence and sexual offences,Action to be taken by another organisation,
99355fb6d5f1c3f029541f60a0107582c3c170569468af8f413bc30e198078a9,2024-11,Essex Police,Essex Police,0.780223,51.530332,On or near West Road,E01015917,Southend-on-Sea 017D,Violence and sexual offences,Unable to prosecute suspect,
74095f070d2e0379d838d0b5b1fc22bb16d6647e067618cc6121f782d1a228be,2024-11,Essex Police,Essex Police,0.782442,51.533383,On or near Vincent Close,E01015917,Southend-on-Sea 017D,Violence and sexual offences,Investigation complete; no suspect identified,
85e3dfcc735229dee02acacb7dbd4ed8b2dfe8edf3ba4be837c5794bbed69685,2024-11,Essex Police,Essex Police,0.777872,51.533176,On or near Antrim Road,E01015917,Southend-on-Sea 017D,Violence and sexual offences,Unable to prosecute suspect,
234b9c7af0958a1aede8753d51a2712acb5bf8a84a2d994ca8f0d13ee9388a98,2024-11,Essex Police,Essex Police,0.777872,51.533176,On or near Antrim Road,E01015917,Southend-on-Sea 017D,Violence and sexual offences,Formal action is not in the public interest,
4bb665514a1bb6d9e90f2863bc32ae0147fca00ac67cb85b76f9538279cbfb8b,2024-11,Essex Police,Essex Police,0.782394,51.532592,On or near Maya Close,E01015917,Southend-on-Sea 017D,Violence and sexual offences,Unable to prosecute suspect,
4968ec8b01c29ca492cf33486c011f6e568e6798e58d5d472e928f053e6a50d1,2024-11,Essex Police,Essex Police,0.781678,51.530792,On or near Stour Close,E01015917,Southend-on-Sea 017D,Violence and sexual offences,Unable to prosecute suspect,
876529fbd4c8eb1963e8c600c535f8a3e4d79fe67bd4c280c2c4568088c43306,2024-11,Essex Police,Essex Police,0.782394,51.532592,On or near Maya Close,E01015917,Southend-on-Sea 017D,Violence and sexual offences,Unable to prosecute suspect,
1659d931962bf3fe29e401b20f045431f3bcf6f38f224507559e3c802d098452,2024-11,Essex Police,Essex Police,0.781163,51.531560,On or near Chelmer Way,E01015917,Southend-on-Sea 017D,Violence and sexual offences,Unable to prosecute suspect,
8759e36a287094daf0daa89e8198fa279ab670f5900b233c26ffaebae17c6168,2024-11,Essex Police,Essex Police,0.774147,51.534757,On or near Delaware Road,E01015917,Southend-on-Sea 017D,Violence and sexual offences,Court result unavailable,
b3499483da62b172638bd48681f7b1c692451bca180616d7ebc25e4adcd0c148,2024-11,Essex Police,Essex Police,0.777127,51.529461,On or near St Andrews Road,E01015918,Southend-on-Sea 017E,Burglary,Investigation complete; no suspect identified,
471c19fa6766264ffee55951f8a206ce318d13dbfa99438e69f028d674b29d15,2024-11,Essex Police,Essex Police,0.779806,51.532006,On or near Waterloo Road,E01015918,Southend-on-Sea 017E,Other theft,Action to be taken by another organisation,
8751dd59d2986728e4f61c83d16cc7bfedba6e98dd87313b61f27e0b85cb34e8,2024-11,Essex Police,Essex Police,0.781439,51.528289,On or near Westway,E01015918,Southend-on-Sea 017E,Public order,Investigation complete; no suspect identified,
1b9219a1ba2b27d076e49d2ff4a3a6538e4611313b7407e9cc7d22eabe36f6d8,2024-11,Essex Police,Essex Police,0.779004,51.530442,On or near Richmond Avenue,E01015918,Southend-on-Sea 017E,Violence and sexual offences,Unable to prosecute suspect,
cdef81fcc6b3bbbe0ffa76643a6c34879f46a65ca08a0da563aafd08656cd674,2024-11,Essex Police,Essex Police,0.779004,51.530442,On or near Richmond Avenue,E01015918,Southend-on-Sea 017E,Violence and sexual offences,Unable to prosecute suspect,
55583f9ef0d833fe30777e4f0eb94c3e73454ad1b36c3a79ef37386f99c42249,2024-11,Essex Police,Essex Police,0.773976,51.531946,On or near Caulfield Road,E01015919,Southend-on-Sea 017F,Violence and sexual offences,Unable to prosecute suspect,
9ec5b73a718d456e313d27e35f5510dbe257fa84caa233fcc16b8a70eb2c75b6,2024-11,Essex Police,Essex Police,0.773976,51.531946,On or near Caulfield Road,E01015919,Southend-on-Sea 017F,Violence and sexual offences,Unable to prosecute suspect,
3632bb2b0e38a0c690e3ca2f6d9bcf93a8bfa4b45634cf732d90d6804bde1d3a,2024-11,Essex Police,Essex Police,0.773976,51.531946,On or near Caulfield Road,E01015919,Southend-on-Sea 017F,Violence and sexual offences,Unable to prosecute suspect,
920a2b02cdcf5b2c86b2cbafd4b140855def5a1a3f220fc7830a5652c571c5c7,2024-11,Essex Police,Essex Police,0.768950,51.529673,On or near Bunters Avenue,E01015919,Southend-on-Sea 017F,Violence and sexual offences,Investigation complete; no suspect identified,
6e352c93d6499ae82fd4d248eff4547dd4137b4015bf3f051e455c777cb10732,2024-11,Essex Police,Essex Police,0.774589,51.529458,On or near Stroma Gardens,E01015920,Southend-on-Sea 017G,Vehicle crime,Investigation complete; no suspect identified,
847822a48358270aaf1e30d4ce0f85986806fd9579419f55d08e5375468e5484,2024-11,Essex Police,Essex Police,0.771273,51.525903,On or near Lodwick,E01015920,Southend-on-Sea 017G,Vehicle crime,Investigation complete; no suspect identified,
f8af1e803c494ce91e152ee563bb1ec9174736274231f5e941b5cd734dfc45da,2024-11,Essex Police,Essex Police,0.774676,51.526848,On or near Ulster Avenue,E01015920,Southend-on-Sea 017G,Violence and sexual offences,Unable to prosecute suspect,
5cd3912c7371f520494ed7113cc9d610a12ee067ab6aba2678eedeb39c8f41ec,2024-11,Essex Police,Essex Police,0.774676,51.526848,On or near Ulster Avenue,E01015920,Southend-on-Sea 017G,Violence and sexual offences,Unable to prosecute suspect,
ea78862fa8ff42d792b2f5d90c93ffa68096c883735095555395ade558c4dd16,2024-11,Essex Police,Essex Police,0.777222,51.525817,On or near Waterford Road,E01015920,Southend-on-Sea 017G,Violence and sexual offences,Court result unavailable,
ad6316cf671dad0482e7e7bf280dabbdf4f0ae0fcde20af3a52584ffc8a03046,2024-11,Essex Police,Essex Police,0.779652,51.525939,On or near Fremantle,E01015920,Southend-on-Sea 017G,Violence and sexual offences,Unable to prosecute suspect,
4597e0e00c3358ea7d2a88d787d25b7b14fe35e156a14be2b633c4e6e36dcf54,2024-11,Essex Police,Essex Police,0.779652,51.525939,On or near Fremantle,E01015920,Southend-on-Sea 017G,Violence and sexual offences,Unable to prosecute suspect,
efb9ceba58b6d9aa64092684d27edffb2530565a8895e7ce1295b6a50a1ad85b,2024-11,Essex Police,Essex Police,0.778407,51.528217,On or near Church Close,E01015920,Southend-on-Sea 017G,Violence and sexual offences,Unable to prosecute suspect,
,2024-11,Essex Police,Essex Police,1.287280,51.946358,On or near Currents Lane,E01021997,Tendring 001A,Anti-social behaviour,,
,2024-11,Essex Police,Essex Police,1.287314,51.946420,On or near Church Street,E01021997,Tendring 001A,Anti-social behaviour,,
0971f14e5d020a7f9533f420b7ba7691313a25ba831812b9356ff07530efc8d6,2024-11,Essex Police,Essex Police,1.284746,51.942948,On or near Maria Street,E01021997,Tendring 001A,Criminal damage and arson,Unable to prosecute suspect,
2cb008acab20b7fcdef78e1aae0fe5f6aeac0cc4a556ff49f3a1e17ae2c76d85,2024-11,Essex Police,Essex Police,1.284686,51.943516,On or near Coke Street,E01021997,Tendring 001A,Drugs,Investigation complete; no suspect identified,
084a6237e96e59b5ea1b130eaab33595a7eb5ca3361abe14e896de3bbfe44427,2024-11,Essex Police,Essex Police,1.287315,51.947229,On or near St Austin'S Lane,E01021997,Tendring 001A,Other theft,Unable to prosecute suspect,
884c06f8a66a0e4e27990fcf5c4aed9b8defee14a4b429ab9018a876f4870f57,2024-11,Essex Police,Essex Police,1.287280,51.946358,On or near Currents Lane,E01021997,Tendring 001A,Other theft,Investigation complete; no suspect identified,
437f71e75266f7744988af922941a6e7648a26549851d0d72f7721938b5490ba,2024-11,Essex Police,Essex Police,1.286997,51.945871,On or near West Street,E01021997,Tendring 001A,Violence and sexual offences,Investigation complete; no suspect identified,
4f2c26fbc73e90ac75d89cdf077b685521686117f796e97b7d7ee25b1a2044fd,2024-11,Essex Police,Essex Police,1.284746,51.942948,On or near Maria Street,E01021997,Tendring 001A,Violence and sexual offences,Unable to prosecute suspect,
5baa04137e1511c7883b19f0095289b138646f735c4971d58821f209f498d340,2024-11,Essex Police,Essex Police,1.287476,51.943663,On or near Station Road,E01021997,Tendring 001A,Violence and sexual offences,Unable to prosecute suspect,
e8d5100afb6dc9c0813ac506f1f97199c98687e6b92056b419d4d8ae4abdb5d1,2024-11,Essex Police,Essex Police,1.284686,51.943516,On or near Coke Street,E01021997,Tendring 001A,Violence and sexual offences,Unable to prosecute suspect,
6ea431a43d6179e55530bb08ff2354574f1965a7c9a7282cfeff923003d7e732,2024-11,Essex Police,Essex Police,1.287280,51.946358,On or near Currents Lane,E01021997,Tendring 001A,Violence and sexual offences,Unable to prosecute suspect,
f1f2d553b111cba52ebb0dbebf4de0e3ff60d93824cfb89cc6d5148e05be6b0c,2024-11,Essex Police,Essex Police,1.287476,51.943663,On or near Station Road,E01021997,Tendring 001A,Violence and sexual offences,Unable to prosecute suspect,
10114333f0c6e45f1a75e1ab5cb20bc5483697782b642b4b67c61cc88c331016,2024-11,Essex Police,Essex Police,1.286754,51.943776,On or near Bus/Coach Station,E01021997,Tendring 001A,Violence and sexual offences,Investigation complete; no suspect identified,
2a1b40b27ecf54678dd688ad8e6f6231355a088fa56b072cfe03e07e50a07210,2024-11,Essex Police,Essex Police,1.288338,51.943702,On or near Bernard Mews,E01021997,Tendring 001A,Other crime,Status update unavailable,
6808bca000143d6daa05afa3b8aaa597ccd5d8b5c206d20ae151f16cf87c0470,2024-11,Essex Police,Essex Police,1.283487,51.940653,On or near Ingestre Street,E01021998,Tendring 001B,Criminal damage and arson,Investigation complete; no suspect identified,
2d13013a6ee07f7a76cc9ec928f38f59e266bdb5453d1841ecadb1ec8a1d5ee4,2024-11,Essex Police,Essex Police,1.283895,51.942063,On or near Canning Street,E01021998,Tendring 001B,Criminal damage and arson,Unable to prosecute suspect,
f026b4e05bc9e0a7c95fca11823199e3a9583b92904936bf92d5c4953f68be3b,2024-11,Essex Police,Essex Police,1.283487,51.940653,On or near Ingestre Street,E01021998,Tendring 001B,Criminal damage and arson,Unable to prosecute suspect,
f9ea1934809bf22aad5972849430b4d3664372aec4ef05deb15f083c951ad4b2,2024-11,Essex Police,Essex Police,1.283968,51.941467,On or near Alexandra Street,E01021998,Tendring 001B,Drugs,Investigation complete; no suspect identified,
eae2f8ac06dd25d81509e2389ef4a6fedd22470d8ce6c88e95d48a5bd77e3447,2024-11,Essex Police,Essex Police,1.285733,51.941121,On or near Fernlea Road,E01021998,Tendring 001B,Other theft,Investigation complete; no suspect identified,
179df07a16607fbc8391d946edd9e09886553e156f0ac91c1204b6d133364636,2024-11,Essex Police,Essex Police,1.284038,51.943417,On or near Stour Road,E01021998,Tendring 001B,Public order,Unable to prosecute suspect,
b8d2f8b19191ad809122804269fe93c59b52e433a356478ab71131b9455d0e12,2024-11,Essex Police,Essex Police,1.283487,51.940653,On or near Ingestre Street,E01021998,Tendring 001B,Robbery,Unable to prosecute suspect,
d6ea34ab18749ae941644dc4ecc594c0d45891fac840b4cdf4e19fe34e656baf,2024-11,Essex Police,Essex Police,1.283368,51.938822,On or near Gwynne Road,E01021998,Tendring 001B,Vehicle crime,Investigation complete; no suspect identified,
19fe9fcc6b90eff88b8ac1a27a1970e9399b541276de902d1a4d829733fd0b03,2024-11,Essex Police,Essex Police,1.283968,51.941467,On or near Alexandra Street,E01021998,Tendring 001B,Violence and sexual offences,Action to be taken by another organisation,
7dfb6d1a5e147181491c73614f72f39838328fa1df4b66415faca1d07f4abb3d,2024-11,Essex Police,Essex Police,1.286753,51.942532,On or near Ferndale Road,E01021998,Tendring 001B,Violence and sexual offences,Unable to prosecute suspect,
4d9baa412494d1486b5677e75775dbef159e9e309a95c612ad15f6ad7dee33c7,2024-11,Essex Police,Essex Police,1.283673,51.939614,On or near Grafton Road,E01021998,Tendring 001B,Violence and sexual offences,Offender given a caution,
ba99125af3da00aad134b8ebb48498747dde3c7b03b47783205df687d2a90b15,2024-11,Essex Police,Essex Police,1.283487,51.940653,On or near Ingestre Street,E01021998,Tendring 001B,Violence and sexual offences,Unable to prosecute suspect,
70c10db942cf69f0f9645aa242d3ef1abb346b7bc6c3364b1e7a96f1ee953bf5,2024-11,Essex Police,Essex Police,1.286753,51.942532,On or near Ferndale Road,E01021998,Tendring 001B,Violence and sexual offences,Investigation complete; no suspect identified,
0484b533217dad89c1793c26752f082ad51c090eba20280a1205b4a2c3057f8a,2024-11,Essex Police,Essex Police,1.283487,51.940653,On or near Ingestre Street,E01021998,Tendring 001B,Violence and sexual offences,Unable to prosecute suspect,
01918f31eca8a99561ef17997c126b154a0dbb68835a4f528138b7ac4977a352,2024-11,Essex Police,Essex Police,1.286925,51.937821,On or near Sports/Recreation Area,E01021998,Tendring 001B,Violence and sexual offences,Formal action is not in the public interest,
32152b9ebd23c9ae37b8dddc051fcef5bf236717d87593c0b238e77a3c48fb43,2024-11,Essex Police,Essex Police,1.282805,51.940681,On or near Talbot Street,E01021998,Tendring 001B,Violence and sexual offences,Unable to prosecute suspect,
6742ad5453ccbf16446eb686eb0fd9ca00ac1fb6b08392c8fd778f57dcb9336c,2024-11,Essex Police,Essex Police,1.283368,51.938822,On or near Gwynne Road,E01021998,Tendring 001B,Other crime,Formal action is not in the public interest,
8ffd331604e8bcde481173b5f3b7d98f41d3e9987e36cb3a840e24ee3dfeda7f,2024-11,Essex Police,Essex Police,1.274218,51.934085,On or near Langley Close,E01021999,Tendring 001C,Criminal damage and arson,Investigation complete; no suspect identified,
065426c10a13bdf7d04ac2658a5325980b43ad67a55257ad879d634731c6312e,2024-11,Essex Police,Essex Police,1.270456,51.933965,On or near Rowan Close,E01021999,Tendring 001C,Drugs,Local resolution,
3b38da0bacaccb894bd3cfa9c1af9863bab05ff85151ef17cb89f15e7ca598ef,2024-11,Essex Police,Essex Police,1.271367,51.931097,On or near St Michael'S Road,E01021999,Tendring 001C,Other theft,Unable to prosecute suspect,
3fb2beae8c67addf07e2b24552f76f12d906e4400993a8a699716aac61eaab98,2024-11,Essex Police,Essex Police,1.271408,51.934253,On or near Maple Close,E01021999,Tendring 001C,Public order,Investigation complete; no suspect identified,
c18dc31210ff2997ee523979cd77a5d22a822714c8c8f02b21b4a191ab929646,2024-11,Essex Police,Essex Police,1.275009,51.935151,On or near Portland Crescent,E01021999,Tendring 001C,Violence and sexual offences,Unable to prosecute suspect,
826d7959070636611f5a467975c1a15d04f5430a44472f21235baecbb9f293e2,2024-11,Essex Police,Essex Police,1.271408,51.934253,On or near Maple Close,E01021999,Tendring 001C,Violence and sexual offences,Unable to prosecute suspect,
1d16917c6da4289b0d3757b08d71df6a81fb7ae692cf5dac58648089a9cd5494,2024-11,Essex Police,Essex Police,1.271408,51.934253,On or near Maple Close,E01021999,Tendring 001C,Violence and sexual offences,Action to be taken by another organisation,
8c4a03bae1b83ba29da0e22417e21a95d5596225e46470c44dcb9b7c5565c323,2024-11,Essex Police,Essex Police,1.275302,51.933776,On or near Second Avenue,E01021999,Tendring 001C,Violence and sexual offences,Investigation complete; no suspect identified,
7687a2e62431d70de06a3fa4a279ca7eb45b1fdf2add5d9d1c519f6095a24c5e,2024-11,Essex Police,Essex Police,1.275009,51.935151,On or near Portland Crescent,E01021999,Tendring 001C,Violence and sexual offences,Unable to prosecute suspect,
eb1710a431be138f1504fe7dca9f659901080abe16cf899f4063a4d4d4dd3133,2024-11,Essex Police,Essex Police,1.275009,51.935151,On or near Portland Crescent,E01021999,Tendring 001C,Violence and sexual offences,Unable to prosecute suspect,
dbed69123d21a19f9108368fd8773e426a3f82335e1eb91d9dd48c0e82ef94b7,2024-11,Essex Police,Essex Police,1.275772,51.933844,On or near Lee Road,E01021999,Tendring 001C,Violence and sexual offences,Action to be taken by another organisation,
,2024-11,Essex Police,Essex Police,1.280541,51.935788,On or near Empire Road,E01022001,Tendring 001D,Anti-social behaviour,,
,2024-11,Essex Police,Essex Police,1.277281,51.936770,On or near Mill Close,E01022001,Tendring 001D,Anti-social behaviour,,
,2024-11,Essex Police,Essex Police,1.281797,51.938434,On or near Victoria Street,E01022001,Tendring 001D,Anti-social behaviour,,
,2024-11,Essex Police,Essex Police,1.279990,51.937405,On or near Shopping Area,E01022001,Tendring 001D,Anti-social behaviour,,
,2024-11,Essex Police,Essex Police,1.281267,51.936585,On or near Shopping Area,E01022001,Tendring 001D,Anti-social behaviour,,
d620468a0e9ecc3cbb57d64b3833519b228c76dfcc3173eca2eeec5876a3339a,2024-11,Essex Police,Essex Police,1.280279,51.936587,On or near Hordle Street,E01022001,Tendring 001D,Burglary,Investigation complete; no suspect identified,
79f4a1f161757920f62bf01822af449f0141dec3ca549a06455c142e8fd7c30b,2024-11,Essex Police,Essex Police,1.282961,51.938437,On or near Waddesdon Road,E01022001,Tendring 001D,Burglary,Investigation complete; no suspect identified,
a873bf872699ed4ec3e5350d81fb607958e4618ca633555f11e7c3b1574d752f,2024-11,Essex Police,Essex Police,1.278992,51.935895,On or near Cliff Road,E01022001,Tendring 001D,Criminal damage and arson,Investigation complete; no suspect identified,
65320eff25c7246f473953a09c7abc707f943bc5f60486a258278159c2631b29,2024-11,Essex Police,Essex Police,1.280541,51.935788,On or near Empire Road,E01022001,Tendring 001D,Criminal damage and arson,Unable to prosecute suspect,
f7f94ac1fc05687bdebda9ae8c7f61a0d7499e072d5f49b3fab06ae93bf1240f,2024-11,Essex Police,Essex Police,1.281422,51.938876,On or near East Street,E01022001,Tendring 001D,Criminal damage and arson,Investigation complete; no suspect identified,
7a287c5a4939ee68c28ae92ccdb5fbc0656908384f082f9008bd72a325050ce2,2024-11,Essex Police,Essex Police,1.281714,51.938094,On or near Crown Lane,E01022001,Tendring 001D,Drugs,Investigation complete; no suspect identified,
9cb9e1c2b3e0598e935c39315b9eb6d3affc5cb33d65bc7db0ce944cbd7a9241,2024-11,Essex Police,Essex Police,1.282993,51.937483,On or near Orwell Road,E01022001,Tendring 001D,Drugs,Offender given a caution,
993105afc3c5982ec28d6876d161bcc7e1aba3d0db2b3cac80396ccd3296a5cb,2024-11,Essex Police,Essex Police,1.281714,51.938094,On or near Crown Lane,E01022001,Tendring 001D,Drugs,Investigation complete; no suspect identified,
355fcabbf7db88248ba481f458d44b7ba9b4e73c8266cd8945d9cc92d2d4ec59,2024-11,Essex Police,Essex Police,1.279460,51.936727,On or near Hordle Place,E01022001,Tendring 001D,Other theft,Investigation complete; no suspect identified,
3e35e543c4207fda36007e59ab36f57e731d7d143bd094a12c0e37ddb0a145cf,2024-11,Essex Police,Essex Police,1.279460,51.936727,On or near Hordle Place,E01022001,Tendring 001D,Public order,Unable to prosecute suspect,
cd97360d0ed7e0b15ca9eb2d0a38046b8111c75fc9f6799c99f254f0f1537237,2024-11,Essex Police,Essex Police,1.274453,51.937109,On or near Heron Way,E01022001,Tendring 001D,Public order,Unable to prosecute suspect,
566aca2a0af0967287155d0b762ebe8499eeeb677f44f3e89882f74a247619ee,2024-11,Essex Police,Essex Police,1.281760,51.937526,On or near High Street,E01022001,Tendring 001D,Shoplifting,Unable to prosecute suspect,
e508149c97d3a79dd1b996e8d01b29f5a0f5abd00c504777e80df3e0a09d4adb,2024-11,Essex Police,Essex Police,1.277281,51.936770,On or near Mill Close,E01022001,Tendring 001D,Shoplifting,Investigation complete; no suspect identified,
9a240b462ef9a3cbd8de2e33cd5bba7d0cd93b73e72f8680b2f0098bf675abce,2024-11,Essex Police,Essex Police,1.274453,51.937109,On or near Heron Way,E01022001,Tendring 001D,Vehicle crime,Unable to prosecute suspect,
cfe6ef0c10d8c257b4e2418557938474c0db25c28a664f62622a29a8895ace82,2024-11,Essex Police,Essex Police,1.278992,51.935895,On or near Cliff Road,E01022001,Tendring 001D,Vehicle crime,Court result unavailable,
80d07d2b9e25eaea96cfae60904dc672ded096a3f204d68e74478b7e6f6d59c4,2024-11,Essex Police,Essex Police,1.282209,51.937109,On or near Bay Road,E01022001,Tendring 001D,Vehicle crime,Court result unavailable,
713d527baac2641d06b9e3bffd94349e616fd2ffec4c39a326aa57a4f239a235,2024-11,Essex Police,Essex Police,1.282993,51.937483,On or near Orwell Road,E01022001,Tendring 001D,Violence and sexual offences,Unable to prosecute suspect,
bf63bb8cd434cb0a8d6cbe9b2884ef4e017352fab4489315c9ff2b94e358f8ad,2024-11,Essex Police,Essex Police,1.280760,51.936790,On or near Bagshaw Road,E01022001,Tendring 001D,Violence and sexual offences,Unable to prosecute suspect,
78d3bbddf6f4dba627fb0d37886324037d5e111c83d2d2956166187273bb98a5,2024-11,Essex Police,Essex Police,1.282993,51.937483,On or near Orwell Road,E01022001,Tendring 001D,Violence and sexual offences,Unable to prosecute suspect,
9fd2a249473f079b042357524048bb2d006ccabc0c47a48030f6d06ff8b5c2f6,2024-11,Essex Police,Essex Police,1.280541,51.935788,On or near Empire Road,E01022001,Tendring 001D,Violence and sexual offences,Investigation complete; no suspect identified,
00a627ce6b58d9756a5069848c36e053ce203e876992abb5bc6dad4bef13bdef,2024-11,Essex Police,Essex Police,1.279460,51.936727,On or near Hordle Place,E01022001,Tendring 001D,Violence and sexual offences,Action to be taken by another organisation,
3a96f63886a69ab0e962c1a55bbf448f1cb1b80fdbd020e35daea8d101cb5866,2024-11,Essex Police,Essex Police,1.280541,51.935788,On or near Empire Road,E01022001,Tendring 001D,Violence and sexual offences,Formal action is not in the public interest,
6ac66f8a7a23a60a8ffa0ad0135e6307c781d7329efad8c94529ae3d12f44ab8,2024-11,Essex Police,Essex Police,1.281760,51.937526,On or near High Street,E01022001,Tendring 001D,Violence and sexual offences,Unable to prosecute suspect,
5801eedc1b9de1f59c98ef0150e2d22e5c52e4affcb63cc9f773cf195b50688c,2024-11,Essex Police,Essex Police,1.281267,51.936585,On or near Shopping Area,E01022001,Tendring 001D,Violence and sexual offences,Unable to prosecute suspect,
b79a6a84c2fb702138436fd2897d44617f206a8dece3b025f22e4450982f58a0,2024-11,Essex Police,Essex Police,1.281797,51.938434,On or near Victoria Street,E01022001,Tendring 001D,Violence and sexual offences,Unable to prosecute suspect,
d3b3fc28ab42d9925afdb579cdf91d786488a348c623d9ab6c72291666d22cbf,2024-11,Essex Police,Essex Police,1.280541,51.935788,On or near Empire Road,E01022001,Tendring 001D,Violence and sexual offences,Action to be taken by another organisation,
a36278dfad76e9861a769e1da208939c2e3fbb74a3f1c9b8762d83339ec25c40,2024-11,Essex Police,Essex Police,1.280279,51.936587,On or near Hordle Street,E01022001,Tendring 001D,Violence and sexual offences,Unable to prosecute suspect,
5d9bc233e427e464768ab334fa5457c894434ace548031cc247cb99b18cefa56,2024-11,Essex Police,Essex Police,1.280279,51.936587,On or near Hordle Street,E01022001,Tendring 001D,Violence and sexual offences,Unable to prosecute suspect,
943609a08a5b43c557be7c32264c4df4d3901cbed4381310cb39dd68e9c5956c,2024-11,Essex Police,Essex Police,1.282993,51.937483,On or near Orwell Road,E01022001,Tendring 001D,Violence and sexual offences,Unable to prosecute suspect,
df08dc5f77f5c5c2d1c323f32dbaa87888583474a971a8e4c7be9d3b78a1eb1d,2024-11,Essex Police,Essex Police,1.277811,51.935262,On or near Brooklyn Mews,E01022001,Tendring 001D,Violence and sexual offences,Awaiting court outcome,
689eff5434f5de29e3c709b151c204b0fda42273134f2c59b8b8ce9f81351f18,2024-11,Essex Police,Essex Police,1.281760,51.937526,On or near High Street,E01022001,Tendring 001D,Violence and sexual offences,Unable to prosecute suspect,
db5924c5fd8ca960d4cb25c8c28af13c1b1e71a28d6428a73d17fb42c128df72,2024-11,Essex Police,Essex Police,1.281760,51.937526,On or near High Street,E01022001,Tendring 001D,Violence and sexual offences,Investigation complete; no suspect identified,
13d1d26e0202594aeabfca5f6ff1e440c67bb100d6bf14579ecc4b67de97a4db,2024-11,Essex Police,Essex Police,1.280279,51.936587,On or near Hordle Street,E01022001,Tendring 001D,Violence and sexual offences,Unable to prosecute suspect,
ca8efe6a9a70ac7a0a9753d6f30cb7c6ba03104bb5ac1444690288f4be7f2c74,2024-11,Essex Police,Essex Police,1.282993,51.937483,On or near Orwell Road,E01022001,Tendring 001D,Violence and sexual offences,Investigation complete; no suspect identified,
6a5318a4941ffbc07cec6768e6e5cb708db88e1a4c3c3874999bcfaf9842adc6,2024-11,Essex Police,Essex Police,1.280515,51.935025,On or near Marine Parade,E01022001,Tendring 001D,Violence and sexual offences,Unable to prosecute suspect,
5b79b3e4e4aab3f4d763782b2a4fc1a3cfe3a2a7b13752cbfb0099c63f072b8e,2024-11,Essex Police,Essex Police,1.281025,51.938230,On or near Station Road,E01022001,Tendring 001D,Violence and sexual offences,Investigation complete; no suspect identified,
1d1c9da993ff13f3b97355d7f0d80179a4f9684220b7863f0ac544923749b61c,2024-11,Essex Police,Essex Police,1.280541,51.935788,On or near Empire Road,E01022001,Tendring 001D,Violence and sexual offences,Unable to prosecute suspect,
eb3624b3744ad333b9786bde713fb9c533e0b10ffc8c0182a0cd35db4b1e4074,2024-11,Essex Police,Essex Police,1.280541,51.935788,On or near Empire Road,E01022001,Tendring 001D,Violence and sexual offences,Unable to prosecute suspect,
0961ef0e9239f4ff29aea2d3a5d7167ede62285a11cf983b39c5334a232d216a,2024-11,Essex Police,Essex Police,1.281714,51.938094,On or near Crown Lane,E01022001,Tendring 001D,Violence and sexual offences,Unable to prosecute suspect,
69a5b3c5cdc6942bc5f2ff70a12ef6af437dcf32c2df0cfb59a8d56bfa178f28,2024-11,Essex Police,Essex Police,1.280541,51.935788,On or near Empire Road,E01022001,Tendring 001D,Other crime,Unable to prosecute suspect,
b8f1ba185565111ffe18fea68d42cfa3095355b0a63623f0f9e042ca817506b6,2024-11,Essex Police,Essex Police,1.282993,51.937483,On or near Orwell Road,E01022001,Tendring 001D,Other crime,Court result unavailable,
1d61d3944b994d0c436c0bb8d9dd360e01eed139d5db413c0bd176492b951809,2024-11,Essex Police,Essex Police,1.277136,51.934786,On or near Oakland Road,E01022001,Tendring 001D,Other crime,Investigation complete; no suspect identified,
,2024-11,Essex Police,Essex Police,1.267350,51.936470,On or near Douglas Road,E01022000,Tendring 002A,Anti-social behaviour,,
12ce0c310af61fe5bb3322522717cdc7088abbcd06e0b3dc5f96618f3b978796,2024-11,Essex Police,Essex Police,1.263608,51.937447,On or near Easterling Close,E01022000,Tendring 002A,Other theft,Unable to prosecute suspect,
c06026b723d84f2ab2a01651c7a4810070744ef4148c5c3a22e9c752f2ce871e,2024-11,Essex Police,Essex Police,1.271541,51.936876,On or near King George'S Avenue,E01022000,Tendring 002A,Other theft,Investigation complete; no suspect identified,
0d1eca9da8f954d3a57daecaddfbdff30803f0ff85697a87733ff3a7ec709d19,2024-11,Essex Police,Essex Police,1.271541,51.936876,On or near King George'S Avenue,E01022000,Tendring 002A,Public order,Unable to prosecute suspect,
d0109f2990bfdd8067d18930c685a02541e561e9a24e0b578f57326b9595cef3,2024-11,Essex Police,Essex Police,1.273098,51.936406,On or near Supermarket,E01022000,Tendring 002A,Public order,Unable to prosecute suspect,
d9b5cbeebaceacf58136627883c50a8b95981a6a640498013a96b7aa4ca5ae3c,2024-11,Essex Police,Essex Police,1.263608,51.937447,On or near Easterling Close,E01022000,Tendring 002A,Violence and sexual offences,Unable to prosecute suspect,
8bd16365753becde1d2960ac909fe366a0bea31c19a44f461d2f2bcca69cac72,2024-11,Essex Police,Essex Police,1.263608,51.937447,On or near Easterling Close,E01022000,Tendring 002A,Violence and sexual offences,Unable to prosecute suspect,
67b8dd50ae2523def20030fbaaac803f43b55299f7b6a58139928a66f35f8caa,2024-11,Essex Police,Essex Police,1.268136,51.937483,On or near Shaftesbury Avenue,E01022000,Tendring 002A,Violence and sexual offences,Unable to prosecute suspect,
d85b8d37f87fecb742d6eba970fe6ee8554b4be345325211bc5034f028cb41e4,2024-11,Essex Police,Essex Police,1.263039,51.936428,On or near Ray Avenue,E01022000,Tendring 002A,Violence and sexual offences,Investigation complete; no suspect identified,
ed4266196fde5aa16161f1a574c8a1ae520954d71b2e8c39a75f481a4dd7e67f,2024-11,Essex Police,Essex Police,1.271667,51.935019,On or near Elm Drive,E01022000,Tendring 002A,Violence and sexual offences,Unable to prosecute suspect,
,2024-11,Essex Police,Essex Police,1.257809,51.933128,On or near Supermarket,E01022006,Tendring 002C,Anti-social behaviour,,
,2024-11,Essex Police,Essex Police,1.264311,51.934108,On or near Manor Road,E01022006,Tendring 002C,Anti-social behaviour,,
8008242bc4f62634f9550e7e0cf25cb59122b78ab6eb147d1253602aa6613979,2024-11,Essex Police,Essex Police,1.262760,51.929375,On or near Hall Lane,E01022006,Tendring 002C,Criminal damage and arson,Investigation complete; no suspect identified,
c7976397614ccecfcfc0dfef2fd32be46dd4904035be83588a51b1fbd450f6ed,2024-11,Essex Police,Essex Police,1.254947,51.931984,On or near Laurel Avenue,E01022006,Tendring 002C,Criminal damage and arson,Unable to prosecute suspect,
867781d9042ac2dbf338e5918b1e0750d14257203ef3fd8996a3f67e1c898579,2024-11,Essex Police,Essex Police,1.260313,51.934552,On or near B1352,E01022006,Tendring 002C,Other theft,Unable to prosecute suspect,
cd40bee07ad1be32546e7d1f4fa5166655337193788c92585643294c141017fc,2024-11,Essex Police,Essex Police,1.260313,51.934552,On or near B1352,E01022006,Tendring 002C,Other theft,Unable to prosecute suspect,
b14766b1e159bdd1102ef0b2e5b72381287402e3f666e44b040b130ce56a3376,2024-11,Essex Police,Essex Police,1.256190,51.933074,On or near William Bleakley Mews,E01022006,Tendring 002C,Other theft,Unable to prosecute suspect,
baedc1f9c1f1dbcd08196c2c063176a332679cc63c62a257923871e7cb9be8d4,2024-11,Essex Police,Essex Police,1.254947,51.931984,On or near Laurel Avenue,E01022006,Tendring 002C,Other theft,Investigation complete; no suspect identified,
3ce2a2f181884173e4916652f14c3d92b23a7d722b72a349ace34bd9fb9944ac,2024-11,Essex Police,Essex Police,1.257809,51.933128,On or near Supermarket,E01022006,Tendring 002C,Shoplifting,Investigation complete; no suspect identified,
005e388bb7c51995fb3494df85fc60113cdb02fdfdb82c9476a8c8f28303c6b5,2024-11,Essex Police,Essex Police,1.260809,51.932560,On or near Grange Road,E01022006,Tendring 002C,Violence and sexual offences,Unable to prosecute suspect,
93a3f3549e29342e90ec31572e6cd5397f68c791c6e7596b44cc80613d846402,2024-11,Essex Police,Essex Police,1.263202,51.932664,On or near Elizabeth Road,E01022006,Tendring 002C,Violence and sexual offences,Unable to prosecute suspect,
8a06f703f5d48b001f6557538c2cc3032b839a07fa3f6ea80fe66df822b28d85,2024-11,Essex Police,Essex Police,1.257181,51.934495,On or near Rose Gardens,E01022006,Tendring 002C,Violence and sexual offences,Unable to prosecute suspect,
b1db20a8332b628c5cbe50b19807867bfa4c7a2337571fd4b9a4fc206e23f840,2024-11,Essex Police,Essex Police,1.264311,51.934108,On or near Manor Road,E01022006,Tendring 002C,Violence and sexual offences,Unable to prosecute suspect,
fea5b0cf96fee161ffb26ae605dfe7217cbff6f6c3b5dfad820a5259d2e327cb,2024-11,Essex Police,Essex Police,1.254947,51.931984,On or near Laurel Avenue,E01022006,Tendring 002C,Violence and sexual offences,Unable to prosecute suspect,
81b46a989ce50275c0df50a0d3245f2c356ffa84b18605a69612b2d80f2593a5,2024-11,Essex Police,Essex Police,1.262760,51.929375,On or near Hall Lane,E01022006,Tendring 002C,Violence and sexual offences,Investigation complete; no suspect identified,
632cc6b3e29f8d491bdfa14f1c1428c52da6450ef6519119308cf68b18de38a4,2024-11,Essex Police,Essex Police,1.254214,51.931303,On or near Willow Way,E01022006,Tendring 002C,Violence and sexual offences,Unable to prosecute suspect,
4358f2deb56b23b3a996e57429d8aa9095e747069d9e8b8f7926013f439dca0e,2024-11,Essex Police,Essex Police,1.254947,51.931984,On or near Laurel Avenue,E01022006,Tendring 002C,Violence and sexual offences,Unable to prosecute suspect,
fc9d47845419b05d3e82f5ed551e66a4be03ddfb306d7a366e75741e2284203c,2024-11,Essex Police,Essex Police,1.257809,51.933128,On or near Supermarket,E01022006,Tendring 002C,Violence and sexual offences,Unable to prosecute suspect,
fa1b32c4b6d5fb5641f8a1b22a6d3c3cf624c5e6d1e40cd94ce6d87809239018,2024-11,Essex Police,Essex Police,1.262760,51.929375,On or near Hall Lane,E01022006,Tendring 002C,Violence and sexual offences,Unable to prosecute suspect,
9cec574d34c03672e1ec20ec8025b37568fefb69755b5cbfea7e42c5798448e2,2024-11,Essex Police,Essex Police,1.263202,51.932664,On or near Elizabeth Road,E01022006,Tendring 002C,Other crime,Unable to prosecute suspect,
,2024-11,Essex Police,Essex Police,1.261504,51.940536,On or near Supermarket,E01022007,Tendring 002D,Anti-social behaviour,,
,2024-11,Essex Police,Essex Police,1.261178,51.937856,On or near Harcourt Avenue,E01022007,Tendring 002D,Anti-social behaviour,,
,2024-11,Essex Police,Essex Police,1.258507,51.938739,On or near Supermarket,E01022007,Tendring 002D,Anti-social behaviour,,
,2024-11,Essex Police,Essex Police,1.258507,51.938739,On or near Supermarket,E01022007,Tendring 002D,Anti-social behaviour,,
bf5cb3305f67aaae5dbf61aa894f527dad9ee8a20728494463743ce95057f278,2024-11,Essex Police,Essex Police,1.258507,51.938739,On or near Supermarket,E01022007,Tendring 002D,Criminal damage and arson,Unable to prosecute suspect,
fbedeb4f21ae3c8027a4f54bea744999451f0748cc0147f038674c054326c42c,2024-11,Essex Police,Essex Police,1.258516,51.936859,On or near Parkeston Road,E01022007,Tendring 002D,Criminal damage and arson,Unable to prosecute suspect,
5813e1c491d8cdf121de1466e305c40144ef48b4629f7d30c3fd8a6809ff418c,2024-11,Essex Police,Essex Police,1.261178,51.937856,On or near Harcourt Avenue,E01022007,Tendring 002D,Criminal damage and arson,Status update unavailable,
58ddb6230286d1f572fe4074d7dedb748a39b46ce336e485dcfca2830b6a6ccb,2024-11,Essex Police,Essex Police,1.261178,51.937856,On or near Harcourt Avenue,E01022007,Tendring 002D,Criminal damage and arson,Formal action is not in the public interest,
96a43d842816a9dcee2ad270268545a586e771480ee0e1a8308cb0aa8aab4f3f,2024-11,Essex Police,Essex Police,1.255636,51.935464,On or near Clarke'S Road,E01022007,Tendring 002D,Criminal damage and arson,Investigation complete; no suspect identified,
b45fb473a4d4099da1b0b658ed307d066ba0c144f3d0b1e6fbe4c150d6cc8571,2024-11,Essex Police,Essex Police,1.255111,51.936855,On or near Norway Crescent,E01022007,Tendring 002D,Criminal damage and arson,Unable to prosecute suspect,
425664c98a9708c73975f7fc169e275db7b605bbed0a1bede8e0ace5745930c4,2024-11,Essex Police,Essex Police,1.262529,51.939222,On or near Williamsburg Avenue,E01022007,Tendring 002D,Drugs,Investigation complete; no suspect identified,
dc64418bd0b7bdfc64c68e409f10d3d1aecb17b6158021a0c56b5daebc36898b,2024-11,Essex Police,Essex Police,1.257380,51.936243,On or near Pound Farm Drive,E01022007,Tendring 002D,Other theft,Unable to prosecute suspect,
ec196d82037754995e5e981eda8127fd5e4f4e4d97a271219a4f0c0ef8dff01e,2024-11,Essex Police,Essex Police,1.260564,51.935400,On or near Rosebank,E01022007,Tendring 002D,Other theft,Investigation complete; no suspect identified,
d10df7669692a2e93bd559b380d041ec11497a0811e2b3572fc3d0a80a4dde7c,2024-11,Essex Police,Essex Police,1.261178,51.937856,On or near Harcourt Avenue,E01022007,Tendring 002D,Public order,Unable to prosecute suspect,
aa8d153b3592d246b20285d924f0d3ed502aaef5021332021f052f130bec04a2,2024-11,Essex Police,Essex Police,1.258516,51.936859,On or near Parkeston Road,E01022007,Tendring 002D,Public order,Unable to prosecute suspect,
79a2442e7ebf15b88166d14be68abf878eb43cf9e6fd7df9c014925df1ec3164,2024-11,Essex Police,Essex Police,1.258625,51.940749,On or near Shopping Area,E01022007,Tendring 002D,Shoplifting,Investigation complete; no suspect identified,
b69e37e53c61aa7aa85bf7b2101243b5f03deaba64818963583ef4e6aa378f13,2024-11,Essex Police,Essex Police,1.261504,51.940536,On or near Supermarket,E01022007,Tendring 002D,Shoplifting,Investigation complete; no suspect identified,
8ef5f17ed65c76efc421cb3427246399d55da425aeb5b91eec2c53f5d5a7119b,2024-11,Essex Police,Essex Police,1.261504,51.940536,On or near Supermarket,E01022007,Tendring 002D,Shoplifting,Status update unavailable,
c7536eee74cc5d53230a378e1e0ed64759ae1c7da8441730582c728dce7f2943,2024-11,Essex Police,Essex Police,1.258507,51.938739,On or near Supermarket,E01022007,Tendring 002D,Vehicle crime,Investigation complete; no suspect identified,
4f06d6709cb222089814f104a98bc4bc691b2512cab4012b1e1a0c5db8bd1e4f,2024-11,Essex Police,Essex Police,1.258516,51.936859,On or near Parkeston Road,E01022007,Tendring 002D,Violence and sexual offences,Investigation complete; no suspect identified,
d998cad3d579d7aa939d3d31a75ed741a06065f8016d640381fee0fcb13269cc,2024-11,Essex Police,Essex Police,1.265036,51.940078,On or near A120,E01022007,Tendring 002D,Violence and sexual offences,Unable to prosecute suspect,
6a93b534cb0869db5edbf355abf2a0eb8d3ed960f7f8127683dfb9c9dbc5fa14,2024-11,Essex Police,Essex Police,1.266253,51.939199,On or near Yorktown Close,E01022007,Tendring 002D,Violence and sexual offences,Unable to prosecute suspect,
75628cd256ce6c51afff43ea74ee89781695bcb4d1de3622b42a2c033bcbddfa,2024-11,Essex Police,Essex Police,1.255111,51.936855,On or near Norway Crescent,E01022007,Tendring 002D,Violence and sexual offences,Unable to prosecute suspect,
006122075612df1704d6dc0bbc3f4406b0a2da50295ba356aa4cd4d27e118dfb,2024-11,Essex Police,Essex Police,1.258516,51.936859,On or near Parkeston Road,E01022007,Tendring 002D,Violence and sexual offences,Investigation complete; no suspect identified,
8b677d73d0f4afb0bb6589aa8d2a7711a62364970d8221ca5d945f2b9b3c0ffe,2024-11,Essex Police,Essex Police,1.258516,51.936859,On or near Parkeston Road,E01022007,Tendring 002D,Violence and sexual offences,Unable to prosecute suspect,
9f7b718229c6cbaaa0e046713e4e17aa48f9655e23e8f1bc7d53642b1811829c,2024-11,Essex Police,Essex Police,1.258516,51.936859,On or near Parkeston Road,E01022007,Tendring 002D,Violence and sexual offences,Unable to prosecute suspect,
1032796399eaae4b7707b7cbde7626e8ed477d63f8b9f0d5ba0140deb48bd1ce,2024-11,Essex Police,Essex Police,1.261178,51.937856,On or near Harcourt Avenue,E01022007,Tendring 002D,Violence and sexual offences,Unable to prosecute suspect,
6a2ffb0df01ea16bd3082e6e432b1dfad4a0677f20b9b15589c5c00afbb4bfd4,2024-11,Essex Police,Essex Police,1.260564,51.935400,On or near Rosebank,E01022007,Tendring 002D,Violence and sexual offences,Investigation complete; no suspect identified,
4c2fafa5fcfad6495669ea4560d7b7fc69b7ea32453ea6e5e79c110d1741f858,2024-11,Essex Police,Essex Police,1.258516,51.936859,On or near Parkeston Road,E01022007,Tendring 002D,Violence and sexual offences,Unable to prosecute suspect,
,2024-11,Essex Police,Essex Police,1.250323,51.944093,On or near Foster Road,E01033051,Tendring 002F,Anti-social behaviour,,
c096ebb3a0f252eeacd1a15efa3de6d1654fcab3ef251252b1c4a8745f6fc641,2024-11,Essex Police,Essex Police,1.252610,51.942914,On or near Adelaide Street,E01033051,Tendring 002F,Criminal damage and arson,Unable to prosecute suspect,
d82faaa6d5e1d8e5aa88841ce27c5eff9aa3f57618818508c79a15077e48a8a6,2024-11,Essex Police,Essex Police,1.252610,51.942914,On or near Adelaide Street,E01033051,Tendring 002F,Criminal damage and arson,Unable to prosecute suspect,
2a875065942794874da7ceb9bf64b2c6e7af3b69a02a099fc25ff29e6bbfbfaf,2024-11,Essex Police,Essex Police,1.253003,51.933270,On or near All Saints Close,E01033051,Tendring 002F,Criminal damage and arson,Unable to prosecute suspect,
a01bf1ae3d92ef766b1cc7c389af8d6d0e753170dd643eee0c974c3d81e1a598,2024-11,Essex Police,Essex Police,1.253035,51.933306,On or near All Saints Close,E01033051,Tendring 002F,Other theft,Unable to prosecute suspect,
fd5f3b3a2f81a500da9e7fef4696cbfdb7f6ecc510b35b6f3a7f665eaf894bc0,2024-11,Essex Police,Essex Police,1.254779,51.942917,On or near Garland Road,E01033051,Tendring 002F,Other theft,Investigation complete; no suspect identified,
2c37ccfc46568db5bdb9fb0f1350a2e6f5bcb03cff442d0c8bebd27955bab859,2024-11,Essex Police,Essex Police,1.253003,51.933270,On or near All Saints Close,E01033051,Tendring 002F,Other theft,Investigation complete; no suspect identified,
8e0a3f9e25f42609dfe7591549761ce3facf8485ca9d61372d4b466827314c90,2024-11,Essex Police,Essex Police,1.244575,51.929591,On or near Abdy Avenue,E01033051,Tendring 002F,Possession of weapons,Unable to prosecute suspect,
721c0b47c32f00f2aa0beb220048b4774168505e3ddc381640cd88587b4457e1,2024-11,Essex Police,Essex Police,1.255049,51.927970,On or near Kilmaine Road,E01033051,Tendring 002F,Public order,Unable to prosecute suspect,
6e4674f8b4a8d6acb69b47ac8e3fd435730ad2bd7d360b86e14e61453bcc82ba,2024-11,Essex Police,Essex Police,1.244575,51.929591,On or near Abdy Avenue,E01033051,Tendring 002F,Violence and sexual offences,Unable to prosecute suspect,
9ba0372a8a02e3990715541646d22cc53c0d9fb46e16aa54c9f1e446a8aaa47b,2024-11,Essex Police,Essex Police,1.244575,51.929591,On or near Abdy Avenue,E01033051,Tendring 002F,Violence and sexual offences,Action to be taken by another organisation,
f2bebe8dfa253ed6a2e04341bbb382369e4b57ad54f646a593affe93cd0ad7f3,2024-11,Essex Police,Essex Police,1.244575,51.929591,On or near Abdy Avenue,E01033051,Tendring 002F,Violence and sexual offences,Action to be taken by another organisation,
b62db59baa66eae267cbe31e41643e9755529bfb17405d77bd5b47176cb80f8b,2024-11,Essex Police,Essex Police,1.254779,51.942917,On or near Garland Road,E01033051,Tendring 002F,Violence and sexual offences,Investigation complete; no suspect identified,
66cf8ae4c637bb492ba66e6c1c468a908d84bc246851ce1c1d79f10f285f3152,2024-11,Essex Police,Essex Police,1.244575,51.929591,On or near Abdy Avenue,E01033051,Tendring 002F,Violence and sexual offences,Unable to prosecute suspect,
de62940c844b9147b4ee9039cf4006fad59aba34f56cea3038a46a6e833bfbb3,2024-11,Essex Police,Essex Police,1.245351,51.930667,On or near Chase Court,E01033051,Tendring 002F,Other crime,Action to be taken by another organisation,
d7a5f9745926543f2f89bb512ddae846105a7f4d955ab562e717a560028985b2,2024-11,Essex Police,Essex Police,1.103240,51.925454,On or near Dunning Close,E01021978,Tendring 003A,Violence and sexual offences,Unable to prosecute suspect,
cc75e6dd300ec85d9c359bb9a9191137dae491404d332847a1bf6f8bc20f6a41,2024-11,Essex Police,Essex Police,1.143952,51.916431,On or near Spinnel'S Lane,E01021978,Tendring 003A,Other crime,Investigation complete; no suspect identified,
02c909edbac3513f78b263a60ad73f3d8b7cfd30cb20582a58a8b33857f9f7b3,2024-11,Essex Police,Essex Police,1.045095,51.938108,On or near Petrol Station,E01022013,Tendring 003B,Other theft,Investigation complete; no suspect identified,
,2024-11,Essex Police,Essex Police,1.057573,51.940995,On or near The Beeches,E01022014,Tendring 003C,Anti-social behaviour,,
,2024-11,Essex Police,Essex Police,1.057573,51.940995,On or near The Beeches,E01022014,Tendring 003C,Anti-social behaviour,,
34b7129350a16b6a87dc9e9d40502ebdc9762413fa88ab07eb7eaee4bb651602,2024-11,Essex Police,Essex Police,1.053658,51.938848,On or near Waldegrave Close,E01022014,Tendring 003C,Burglary,Investigation complete; no suspect identified,
455796557fb750ed7246449571b0a6a3420bfb79728a6e74f9377d3260530e49,2024-11,Essex Police,Essex Police,1.053245,51.939839,On or near Merivale Road,E01022014,Tendring 003C,Criminal damage and arson,Unable to prosecute suspect,
48e5c3db6e1f9e99369a3be8f46b4e2c1ace08855ebf7f8f63a91c15e3ebc920,2024-11,Essex Police,Essex Police,1.055337,51.941080,On or near Colchester Road,E01022014,Tendring 003C,Public order,Unable to prosecute suspect,
70e0b25b84b28cab4c8b15e85118d61884abc437d2ad2c33b8fd0fb6372c714b,2024-11,Essex Police,Essex Police,1.055950,51.941109,On or near Colchester Road,E01022014,Tendring 003C,Violence and sexual offences,Unable to prosecute suspect,
,2024-11,Essex Police,Essex Police,1.055159,51.944242,On or near Taylor Drive,E01022015,Tendring 003D,Anti-social behaviour,,
95d205c579e72f65e4320c6a0950bf3d137518218aef099a0a4fc57b58b9b93d,2024-11,Essex Police,Essex Police,1.055391,51.946367,On or near Kings Close,E01022015,Tendring 003D,Burglary,Investigation complete; no suspect identified,
073e64894e64328cccd28e000dc1c6e258bc09f9b86219b9932b6f35821a231f,2024-11,Essex Police,Essex Police,1.055159,51.944242,On or near Taylor Drive,E01022015,Tendring 003D,Criminal damage and arson,Investigation complete; no suspect identified,
9e409df210ac7f42d8efeb07906bc1d2c6e54a8e5a6e39fcf0dc523108be52c5,2024-11,Essex Police,Essex Police,1.055159,51.944242,On or near Taylor Drive,E01022015,Tendring 003D,Criminal damage and arson,Investigation complete; no suspect identified,
abedc3dd5df143d07c19f5e712f7e20f56130025d154085c7ddc27bf971b292f,2024-11,Essex Police,Essex Police,1.056189,51.944188,On or near Skelton Close,E01022015,Tendring 003D,Other theft,Investigation complete; no suspect identified,
30b1e5a1862deed6e9e96621923091e1b4defc2952c5f4229e137ed798301738,2024-11,Essex Police,Essex Police,1.057692,51.943546,On or near Sports/Recreation Area,E01022015,Tendring 003D,Violence and sexual offences,Unable to prosecute suspect,
756455d4e09fa36dfe6469323a0603e0c8ccab79008b3cec9cdde2778c4058bd,2024-11,Essex Police,Essex Police,1.050745,51.946524,On or near Fitzgerald Close,E01022015,Tendring 003D,Violence and sexual offences,Unable to prosecute suspect,
21d2895d2dea4175392e4ac13651c42b7414cccdad42a5b3ea666cea19828807,2024-11,Essex Police,Essex Police,1.109291,51.889462,On or near Heath Road,E01022019,Tendring 003E,Burglary,Court result unavailable,
638b466ff0c943d60cbacdd7c5bd90e1b4a36f404a4c692fa400e5c3c0f517db,2024-11,Essex Police,Essex Police,1.100890,51.896016,On or near Hospital,E01022019,Tendring 003E,Public order,Unable to prosecute suspect,
3009dd32bfb832c63cba47056ddc96d5a6f50b4ab0c5e400a16c664fa63924c2,2024-11,Essex Police,Essex Police,1.074950,51.868474,On or near Petrol Station,E01022019,Tendring 003E,Violence and sexual offences,Unable to prosecute suspect,
c38cd6fbd09caa45f02bf38a83b09138963fe93f32ff9bfacc448c00130f67ad,2024-11,Essex Police,Essex Police,1.091410,51.861054,On or near Shair Lane,E01022019,Tendring 003E,Violence and sexual offences,Unable to prosecute suspect,
a08e690a87aba87369bc3e2b14bbc3f01d2db86e1346c9abbd399545d638c1af,2024-11,Essex Police,Essex Police,1.100890,51.896016,On or near Hospital,E01022019,Tendring 003E,Violence and sexual offences,Unable to prosecute suspect,
437d3bbce816acb563d45aa480d45db7af971b6be41db48b5983aec4424ccba0,2024-11,Essex Police,Essex Police,1.100890,51.896016,On or near Hospital,E01022019,Tendring 003E,Violence and sexual offences,Unable to prosecute suspect,
06004b86f095a42803a189633b8bd87c5ff6c2c8949bbed454a20b711a06ef6f,2024-11,Essex Police,Essex Police,1.100890,51.896016,On or near Hospital,E01022019,Tendring 003E,Violence and sexual offences,Unable to prosecute suspect,
3bb9580529208aefb282cf5cd4876f230dda146bdc405ed43f523648cf304e95,2024-11,Essex Police,Essex Police,1.100890,51.896016,On or near Hospital,E01022019,Tendring 003E,Violence and sexual offences,Action to be taken by another organisation,
c70b4b748e722900f181513acf3664c53816965b38141902196123bbc4671336,2024-11,Essex Police,Essex Police,1.085497,51.914274,On or near Clacton Road,E01022019,Tendring 003E,Other crime,Unable to prosecute suspect,
,2024-11,Essex Police,Essex Police,1.060616,51.947221,On or near Supermarket,E01022020,Tendring 003F,Anti-social behaviour,,
,2024-11,Essex Police,Essex Police,1.061710,51.945340,On or near Station Road,E01022020,Tendring 003F,Anti-social behaviour,,
c4d8cccbfc0ad143482a00b6b71058cdeff9624618239eb3afa772b717cd607b,2024-11,Essex Police,Essex Police,1.061710,51.945340,On or near Station Road,E01022020,Tendring 003F,Criminal damage and arson,Investigation complete; no suspect identified,
a1085188982509d8fd3aa0400bbea422f9ecc7ae1c3d364316657df7c0a91e6f,2024-11,Essex Police,Essex Police,1.064244,51.943223,On or near Parsons Yard,E01022020,Tendring 003F,Criminal damage and arson,Investigation complete; no suspect identified,
3bb111f0dd0d11952b6cb6a02844c10dcbe46c985384d0de54d45f1c432a5966,2024-11,Essex Police,Essex Police,1.059447,51.945443,On or near Lushington Road,E01022020,Tendring 003F,Criminal damage and arson,Investigation complete; no suspect identified,
06f4a83c11c25e4f3bb7f9bcebb576f628270466558aa91b23de743f52e9ae9a,2024-11,Essex Police,Essex Police,1.060447,51.944320,On or near Colchester Road,E01022020,Tendring 003F,Criminal damage and arson,Investigation complete; no suspect identified,
0641c85c63aae765910cf095c78d7b3d4b474e88355a59fd09fd3574407234cb,2024-11,Essex Police,Essex Police,1.065223,51.945851,On or near Quay Street,E01022020,Tendring 003F,Criminal damage and arson,Investigation complete; no suspect identified,
312b45b303060d80feafcb1f01957dccee0da3f88fca40151030bbbf37d2c77c,2024-11,Essex Police,Essex Police,1.062925,51.945866,On or near North Street,E01022020,Tendring 003F,Criminal damage and arson,Investigation complete; no suspect identified,
0386a9dd97e4afc9dcdc4490e99da08325fd66ee00490d9664bee538c91966e7,2024-11,Essex Police,Essex Police,1.066339,51.944068,On or near Malthouse Road,E01022020,Tendring 003F,Criminal damage and arson,Investigation complete; no suspect identified,
43c134cce9b400788cf2887b6a56bef6d5564e5034449ec2eaf90f4cf963bb64,2024-11,Essex Police,Essex Police,1.066192,51.943838,On or near Falklands Drive,E01022020,Tendring 003F,Other theft,Investigation complete; no suspect identified,
62afab84e9c1f58bf13452ab95ee78afb1668e43a08d04f4bf780b6274681883,2024-11,Essex Police,Essex Police,1.060447,51.944320,On or near Colchester Road,E01022020,Tendring 003F,Public order,Investigation complete; no suspect identified,
93b86ba9910b750944f55091e5d2b756dde05dd24cc87146f8d9ddc308b7f529,2024-11,Essex Police,Essex Police,1.064553,51.945409,On or near High Street,E01022020,Tendring 003F,Shoplifting,Investigation complete; no suspect identified,
fd36ed08a1c6eb01ba3b1589cecec1f488744fd0d155bb5969e0d05416b28eef,2024-11,Essex Police,Essex Police,1.064553,51.945409,On or near High Street,E01022020,Tendring 003F,Violence and sexual offences,Unable to prosecute suspect,
52a8ee507d92a4d4777e6ae3bdbafa30f5365760aecb048534c6ccc0ff7b3684,2024-11,Essex Police,Essex Police,1.064553,51.945409,On or near High Street,E01022020,Tendring 003F,Violence and sexual offences,Unable to prosecute suspect,
f9d30ff0e0328a18cf1ed2573a6c77f6f65736363a2692d2685f00782c284b5f,2024-11,Essex Police,Essex Police,1.083941,51.939322,On or near Sports/Recreation Area,E01022021,Tendring 003G,Criminal damage and arson,Unable to prosecute suspect,
2b577a5dcf8f560c7f878defe186c2e5e1ca2d67e1a17eb6f43a49d97c268edc,2024-11,Essex Police,Essex Police,1.086306,51.941963,On or near Kerridge'S Cut,E01022021,Tendring 003G,Other theft,Investigation complete; no suspect identified,
2840ce7ad91d541af32ebd1c22f159136abdfe13970a47d90be55c7281f5ff3a,2024-11,Essex Police,Essex Police,1.087746,51.943013,On or near Anchor End,E01022021,Tendring 003G,Other theft,Investigation complete; no suspect identified,
789260795e220b6164d1b0e6bf42f393b59e3f68891f3f2df3ea4c04c8564aa8,2024-11,Essex Police,Essex Police,1.087746,51.943013,On or near Anchor End,E01022021,Tendring 003G,Vehicle crime,Investigation complete; no suspect identified,
0f1988aec691f647bdcfb61aee0b804f7293f47e7f700b0d49e2175e763cf29a,2024-11,Essex Police,Essex Police,1.089036,51.941666,On or near Remercie Road,E01022021,Tendring 003G,Vehicle crime,Court result unavailable,
6279cd1d8836b1fdd20d701adfa4abfce6b7e32e2defc000d49bc741c49cb31a,2024-11,Essex Police,Essex Police,1.083310,51.942401,On or near Barley Close,E01022021,Tendring 003G,Violence and sexual offences,Unable to prosecute suspect,
c6e5e0aba1cc0d4de6e8e64685cbd4bccabea6f85616ba7eab5e1aa77d26a4f1,2024-11,Essex Police,Essex Police,1.088739,51.939039,On or near Rigby Avenue,E01022021,Tendring 003G,Violence and sexual offences,Court result unavailable,
5058ad361df74f797b66a835ae05047084d30b35e2938d3bfd5d6495471051f0,2024-11,Essex Police,Essex Police,1.092884,51.938372,On or near Firefly Close,E01022021,Tendring 003G,Violence and sexual offences,Investigation complete; no suspect identified,
7ffc1e4ead162376c4f460650f08d20fe2966c65670ab102376373f243e22ce2,2024-11,Essex Police,Essex Police,1.200732,51.907218,On or near Parking Area,E01021991,Tendring 004A,Criminal damage and arson,Investigation complete; no suspect identified,
fe3e54b5a833716db7f39c6862ee1ae9556b6869a3ddc8d3c088d39a00f1f338,2024-11,Essex Police,Essex Police,1.195103,51.906373,On or near Partridge Close,E01021991,Tendring 004A,Criminal damage and arson,Investigation complete; no suspect identified,
0416121c818cafb78efe84fce565a8fd388e7714082e84f682ef039513c681c1,2024-11,Essex Police,Essex Police,1.186944,51.902448,On or near Hamford Drive,E01021991,Tendring 004A,Violence and sexual offences,Unable to prosecute suspect,
bee8eeada69428435d082648885693c0288865eb2f71e6b5439bb5acb90e3630,2024-11,Essex Police,Essex Police,1.229541,51.917574,On or near Seaview Avenue,E01021992,Tendring 004B,Violence and sexual offences,Unable to prosecute suspect,
acffdf1e6e5b4797a6a4acd030fba60eafa5c195eb57079494539b8e5bb04304,2024-11,Essex Police,Essex Police,1.239767,51.930704,On or near Valley Road,E01022002,Tendring 004C,Public order,Unable to prosecute suspect,
d20479c400da40d7d227624626f3c1f8b3a4a7930df0729cd612516070d1d2c0,2024-11,Essex Police,Essex Police,1.241183,51.928344,On or near Devon Way,E01022002,Tendring 004C,Violence and sexual offences,Action to be taken by another organisation,
f9dfb41f19e74c1d24787cbcb96b0a6c7a096647162e86b54019b2c27b2c52a9,2024-11,Essex Police,Essex Police,1.241183,51.928344,On or near Devon Way,E01022002,Tendring 004C,Violence and sexual offences,Action to be taken by another organisation,
5b6d49bf6d6fe5235b0451334f2912053033a4b570d7b5e99d7406b2cf37081a,2024-11,Essex Police,Essex Police,1.247883,51.925443,On or near Bullfinch Close,E01022004,Tendring 004D,Violence and sexual offences,Unable to prosecute suspect,
c6f8f31a0e1d4e9bdea12967fd40e05727cc9265bba9d8a2a210d4a0b690554f,2024-11,Essex Police,Essex Police,1.247883,51.925443,On or near Bullfinch Close,E01022004,Tendring 004D,Violence and sexual offences,Investigation complete; no suspect identified,
,2024-11,Essex Police,Essex Police,1.271180,51.925922,On or near Promenade,E01022005,Tendring 004E,Anti-social behaviour,,
642918fa634cbd28c3157f261a3a94e3aa52e317e4ba7f74e27eafc347edc1a0,2024-11,Essex Police,Essex Police,1.262205,51.925730,On or near St Edmunds Close,E01022005,Tendring 004E,Criminal damage and arson,Status update unavailable,
fbfb69cad49fce3d4dedfe0f0391dd8c2cfe7c6a72926ef630e4633d69a54750,2024-11,Essex Police,Essex Police,1.265917,51.928577,On or near Richmond Crescent,E01022005,Tendring 004E,Criminal damage and arson,Investigation complete; no suspect identified,
b24f83034856dc91df829ba34dc0ec70b3f6f41746e535dfc4c9058658dfe449,2024-11,Essex Police,Essex Police,1.264957,51.926166,On or near West End Lane,E01022005,Tendring 004E,Violence and sexual offences,Investigation complete; no suspect identified,
9448c03fd10d308c664ef257f0302f7ad761f941b9af0c222b1e3b4f54f549e4,2024-11,Essex Police,Essex Police,1.219929,51.926949,On or near Windmill View,E01022028,Tendring 004F,Criminal damage and arson,Investigation complete; no suspect identified,
5d83ec138ff92010cb8b13d519e9e7f2b46b9ec19eb096380d5ea1161c5b4266,2024-11,Essex Police,Essex Police,1.229661,51.926538,On or near Burr Close,E01022028,Tendring 004F,Criminal damage and arson,Investigation complete; no suspect identified,
8114f27e08bfb1adbaf22b72a2c794d8291c263893e5b284803ec3d20ddf29b0,2024-11,Essex Police,Essex Police,1.233363,51.930070,On or near Clayton Road,E01022028,Tendring 004F,Criminal damage and arson,Unable to prosecute suspect,
e962e04eab275cd39c27d17abb79882276d82945cf1f0fb841b62ea1498a8ad0,2024-11,Essex Police,Essex Police,1.233042,51.930664,On or near Chevy Court,E01022028,Tendring 004F,Other theft,Unable to prosecute suspect,
b4b5798d17214b65732a7a014224e1f6c06c479eb8ccb970477669f8e7e78527,2024-11,Essex Police,Essex Police,1.234927,51.929767,On or near Rayhaven,E01022028,Tendring 004F,Public order,Unable to prosecute suspect,
7780d358db57d9017a590eb05c80046aea923c2e77e785d0b83314febd19fcca,2024-11,Essex Police,Essex Police,1.234927,51.929767,On or near Rayhaven,E01022028,Tendring 004F,Public order,Unable to prosecute suspect,
13f4ba56a1fa2be1642fc6854a89c79202784e9fb80d2a93c30fe9991bea3e1f,2024-11,Essex Police,Essex Police,1.234927,51.929767,On or near Rayhaven,E01022028,Tendring 004F,Public order,Unable to prosecute suspect,
b06182312f90c5af1a319db03f82a5b635e1ea2461d64dbb3a53fd1bed75c445,2024-11,Essex Police,Essex Police,1.234927,51.929767,On or near Rayhaven,E01022028,Tendring 004F,Public order,Unable to prosecute suspect,
f9311d7dc0a0b07382f60c8c97fe271a85e5d8aa20695ad646b4b3b63806168e,2024-11,Essex Police,Essex Police,1.234927,51.929767,On or near Rayhaven,E01022028,Tendring 004F,Public order,Unable to prosecute suspect,
3814c937021ddbc286837b2f22bd7ddc59d28cc491b179a29f45ca5f2a26238e,2024-11,Essex Police,Essex Police,1.234927,51.929767,On or near Rayhaven,E01022028,Tendring 004F,Violence and sexual offences,Unable to prosecute suspect,
25993feafced54166004fcc6d46248a6b07c860e3f22004ce588045846c57c6f,2024-11,Essex Police,Essex Police,1.215355,51.928495,On or near Back Lane,E01022028,Tendring 004F,Violence and sexual offences,Unable to prosecute suspect,
8ce218af88f51c4fa80164b7a76d9b854b68d04b61e9a0b85bdebad950478578,2024-11,Essex Police,Essex Police,1.234927,51.929767,On or near Rayhaven,E01022028,Tendring 004F,Violence and sexual offences,Unable to prosecute suspect,
57234c900b8b90e9cb0143b483f2de61f2f980446e0ff49af75a9696e40894bf,2024-11,Essex Police,Essex Police,1.233363,51.930070,On or near Clayton Road,E01022028,Tendring 004F,Violence and sexual offences,Unable to prosecute suspect,
e2220fd6c73d93d38bd2796c59617bf0a631a55fcaab6525f37ab0dab1cceea4,2024-11,Essex Police,Essex Police,0.995219,51.931411,On or near Home Farm Lane,E01021971,Tendring 005A,Criminal damage and arson,Investigation complete; no suspect identified,
173b53d3aecd17f6f5f50b768a16a7bc6f0a3672b6baf5b21418c0235d6cd38b,2024-11,Essex Police,Essex Police,0.972249,51.921975,On or near Petrol Station,E01021971,Tendring 005A,Other theft,Unable to prosecute suspect,
718d9ac53801a963d291a928bcf04b7ae233891340e4988b169092c398c3c64f,2024-11,Essex Police,Essex Police,0.972249,51.921975,On or near Petrol Station,E01021971,Tendring 005A,Other theft,Investigation complete; no suspect identified,
50af40dffb4995fa25242d2f11a02544f6a1e4c45bc6784745abf56532c69a00,2024-11,Essex Police,Essex Police,0.934607,51.919547,On or near Willow Close,E01021971,Tendring 005A,Other theft,Investigation complete; no suspect identified,
c9a25388a9a46db8d0ef987249b55a3d0cf9efd59fd96aa24ad6d32c754154c7,2024-11,Essex Police,Essex Police,0.941542,51.929285,On or near Turnpike Close,E01021971,Tendring 005A,Violence and sexual offences,Unable to prosecute suspect,
f74e70fc96667d604896666e711aada2bdff92fce0b6a4fec48cf762343f49c3,2024-11,Essex Police,Essex Police,0.967870,51.918443,On or near Colchester Road,E01021971,Tendring 005A,Violence and sexual offences,Unable to prosecute suspect,
c2f4216ab879d7152499c5bd8de82013a05142ff1e351a8a73a981d770652745,2024-11,Essex Police,Essex Police,0.980673,51.924855,On or near Gernon Road,E01021972,Tendring 005B,Criminal damage and arson,Investigation complete; no suspect identified,
ee0da560001b23df41f2cd87b567bb4712758f2b514ccdd0068c1e046b956518,2024-11,Essex Police,Essex Police,0.985247,51.922761,On or near Station Road,E01021972,Tendring 005B,Criminal damage and arson,Investigation complete; no suspect identified,
f20e530625b7f022207e8f7eb2674f3bbd16cb49c566dcdac791b1944dc3eb1c,2024-11,Essex Police,Essex Police,0.983983,51.924538,On or near Mary Warner Road,E01021972,Tendring 005B,Criminal damage and arson,Investigation complete; no suspect identified,
e78248ce0faeef4666ad93b50d24aa0b0471c0b50932417f8f0d5836247f44bc,2024-11,Essex Police,Essex Police,0.982363,51.926656,On or near Ingram'S Piece,E01021972,Tendring 005B,Other theft,Unable to prosecute suspect,
814c32ca313f40f98cca3e01c0ea4c70f720e8febf18fcaa5169ae9cfc8474bf,2024-11,Essex Police,Essex Police,0.985247,51.922761,On or near Station Road,E01021972,Tendring 005B,Public order,Formal action is not in the public interest,
6266458e7dd20fcf249d415ef67effa3e4c40c2fbf1b3fafff2a904c544d02c9,2024-11,Essex Police,Essex Police,0.982363,51.926656,On or near Ingram'S Piece,E01021972,Tendring 005B,Vehicle crime,Investigation complete; no suspect identified,
bfbfcbe8364514c1243bdc12c9cccf1379e0c2d4568f4deb43bc432f119aae62,2024-11,Essex Police,Essex Police,0.997038,51.912424,On or near Park Road,E01021972,Tendring 005B,Violence and sexual offences,Investigation complete; no suspect identified,
fd26d4e975f642122a9d9501c2c42e95e2496fc0f0b428178ca990ca78a7d481,2024-11,Essex Police,Essex Police,0.983983,51.924538,On or near Mary Warner Road,E01021972,Tendring 005B,Violence and sexual offences,Unable to prosecute suspect,
dd1467f50d9e1ec2eab00b75cdcf52d71d2572ecd1ea87db338aabf6acb38adc,2024-11,Essex Police,Essex Police,1.039217,51.882372,On or near Harwich Road,E01022051,Tendring 005C,Drugs,Local resolution,
046834fe72fddcbca046e2e4a96fffa7105599a2afbffe92bdca056b258f7812,2024-11,Essex Police,Essex Police,1.033098,51.881487,On or near Frating Road,E01022051,Tendring 005C,Other theft,Investigation complete; no suspect identified,
bd267b894c79af579591d0996fc00a2074bb858c2fdf5d6d8d363da123c89393,2024-11,Essex Police,Essex Police,0.984282,51.868535,On or near Parking Area,E01022051,Tendring 005C,Other theft,Unable to prosecute suspect,
6193352dd30d7b3604e53c0a06d604407004923a7a4851113658bb2ba35581a0,2024-11,Essex Police,Essex Police,1.001444,51.878621,On or near Clacton Road,E01022052,Tendring 005D,Burglary,Investigation complete; no suspect identified,
e5c6f65655f77ee782184cc3e7a926d5a569b156cb3cf3eae07ec13b404b4a04,2024-11,Essex Police,Essex Police,0.996653,51.881099,On or near Chapel Lane,E01022052,Tendring 005D,Criminal damage and arson,Formal action is not in the public interest,
070ca1feff7c9b41ad537d2a79cd2857d3f6bb7e41c94567ea6f64b92f45fe30,2024-11,Essex Police,Essex Police,0.996653,51.881099,On or near Chapel Lane,E01022052,Tendring 005D,Violence and sexual offences,Investigation complete; no suspect identified,
786ecacb8aed9aa8f400755de7fc032a4351c27c8427b38e10cfd8aae68c1a24,2024-11,Essex Police,Essex Police,0.996653,51.881099,On or near Chapel Lane,E01022052,Tendring 005D,Violence and sexual offences,Unable to prosecute suspect,
5b52f7206ec85e57650168eb6a4c3ef8cbe641e92fa5b24cb0cdb362862df78e,2024-11,Essex Police,Essex Police,1.259035,51.839014,On or near The Leas,E01021985,Tendring 006A,Burglary,Investigation complete; no suspect identified,
9115fabce387053c29c3b0ca9fdcb3aef2e41698271f1b66f76c0a85d6fab6c8,2024-11,Essex Police,Essex Police,1.259035,51.839014,On or near The Leas,E01021985,Tendring 006A,Burglary,Investigation complete; no suspect identified,
b06ec1f975f9365b5ae12504bd55062942075ce5b8e02e6d7147875d30336fd1,2024-11,Essex Police,Essex Police,1.259035,51.839014,On or near The Leas,E01021985,Tendring 006A,Burglary,Investigation complete; no suspect identified,
406fed4b8baa0cc7decafd269d64405d3b7f47a2424031469d2840985bc9170c,2024-11,Essex Police,Essex Police,1.261798,51.842085,On or near Easton Way,E01021985,Tendring 006A,Burglary,Investigation complete; no suspect identified,
95d5b4ad07744a5376f2662ead40cf5726176f06290b2de6270aeb8930d13588,2024-11,Essex Police,Essex Police,1.259035,51.839014,On or near The Leas,E01021985,Tendring 006A,Burglary,Investigation complete; no suspect identified,
4fab6700295d504b44cd8c1f65acf5025ba4854c5a27c59ccd80306dbd2169cb,2024-11,Essex Police,Essex Police,1.259035,51.839014,On or near The Leas,E01021985,Tendring 006A,Criminal damage and arson,Investigation complete; no suspect identified,
33912367c6c07281c578060b8f5678901aed357d2b01ae957310b8990f66cf1c,2024-11,Essex Police,Essex Police,1.259035,51.839014,On or near The Leas,E01021985,Tendring 006A,Criminal damage and arson,Investigation complete; no suspect identified,
2d426f5496d2ec67edb22f64372553258dc0a06e18b9381bbc02e48205119d08,2024-11,Essex Police,Essex Police,1.247666,51.829947,On or near Esplanade,E01021986,Tendring 006B,Burglary,Investigation complete; no suspect identified,
02c6e39561bad9b03a7e9e6856d2b35d4ebc4828ae42f423b21585bd96620e57,2024-11,Essex Police,Essex Police,1.249289,51.833131,On or near The Crescent,E01021986,Tendring 006B,Burglary,Investigation complete; no suspect identified,
aaea126c9fe931905d1e5eaf57a8b985d45580d0d6962effb052ce303bf136bd,2024-11,Essex Police,Essex Police,1.245123,51.834542,On or near Shopping Area,E01021986,Tendring 006B,Public order,Unable to prosecute suspect,
35c4c51a3b465b2a85acc6fe2514b91ad0fd90ed0badfbc44d3478b589209ed4,2024-11,Essex Police,Essex Police,1.245112,51.833787,On or near Supermarket,E01021986,Tendring 006B,Shoplifting,Investigation complete; no suspect identified,
0732f042397164aaf17c76daea1f37f56af210d5290b11c4fa06580eeae1db43,2024-11,Essex Police,Essex Police,1.245112,51.833787,On or near Supermarket,E01021986,Tendring 006B,Shoplifting,Investigation complete; no suspect identified,
f171c91d90a9386b6296703e426ba604969abeb83d46619d88fcbbf204d99fdd,2024-11,Essex Police,Essex Police,1.245112,51.833787,On or near Supermarket,E01021986,Tendring 006B,Shoplifting,Investigation complete; no suspect identified,
4df86e66e2c4e08450d780f1893ffc68e42c8cc637822dfbaf990f453ce41d60,2024-11,Essex Police,Essex Police,1.245112,51.833787,On or near Supermarket,E01021986,Tendring 006B,Shoplifting,Investigation complete; no suspect identified,
e2e124e1268a04719afc4f454a6ab652f8f2d4313b61f3ca2a57faf781bc1e3a,2024-11,Essex Police,Essex Police,1.245112,51.833787,On or near Supermarket,E01021986,Tendring 006B,Shoplifting,Investigation complete; no suspect identified,
39ccdf50d157078a6aa2bf818b169083b5eb053140abf85356a14de7462a4050,2024-11,Essex Police,Essex Police,1.245020,51.832107,On or near Shopping Area,E01021986,Tendring 006B,Shoplifting,Investigation complete; no suspect identified,
56b212a94872e4abdfcb74e2482fb8c26f43b0187ae48001b481a3fa4a653411,2024-11,Essex Police,Essex Police,1.245112,51.833787,On or near Supermarket,E01021986,Tendring 006B,Shoplifting,Investigation complete; no suspect identified,
f6594a0135682d932a697ec94d520f014ea9c1d6ba5d7287b4418c9274cc7c5e,2024-11,Essex Police,Essex Police,1.245112,51.833787,On or near Supermarket,E01021986,Tendring 006B,Shoplifting,Investigation complete; no suspect identified,
66f5c517c1d5abfd216c279bb8e413f5fc710159368228f203c303871a815635,2024-11,Essex Police,Essex Police,1.245112,51.833787,On or near Supermarket,E01021986,Tendring 006B,Shoplifting,Investigation complete; no suspect identified,
53f42a305744f09202f36400a4acd035d2113c26bd8c21b1849ee0d9e96f4c6f,2024-11,Essex Police,Essex Police,1.247666,51.829947,On or near Esplanade,E01021986,Tendring 006B,Violence and sexual offences,Unable to prosecute suspect,
5fb318bb70dd8299822951a9dbec74844a6c2b268d44044a64b7e3f59331932a,2024-11,Essex Police,Essex Police,1.246095,51.831511,On or near Harold Way,E01021986,Tendring 006B,Violence and sexual offences,Unable to prosecute suspect,
,2024-11,Essex Police,Essex Police,1.279624,51.854190,On or near East Terrace,E01022054,Tendring 006C,Anti-social behaviour,,
,2024-11,Essex Police,Essex Police,1.285262,51.859807,On or near Parking Area,E01022054,Tendring 006C,Anti-social behaviour,,
,2024-11,Essex Police,Essex Police,1.278438,51.856256,On or near Tudor Close,E01022054,Tendring 006C,Anti-social behaviour,,
95e44a51cf6c08c4b90ea1b7e0720fb502d57a6551319eff10153381787b24f5,2024-11,Essex Police,Essex Police,1.278438,51.856256,On or near Tudor Close,E01022054,Tendring 006C,Bicycle theft,Investigation complete; no suspect identified,
d55484e6990a09f41e3bbbf499762964e2599bce8da2ee00efc9958dca4a1a02,2024-11,Essex Police,Essex Police,1.279216,51.859166,On or near High Tree Lane,E01022054,Tendring 006C,Criminal damage and arson,Investigation complete; no suspect identified,
b2d527f1c23813ed3f658c2018b80043c53b1b58b7d6bf4d742538836dd520cf,2024-11,Essex Police,Essex Police,1.278438,51.856256,On or near Tudor Close,E01022054,Tendring 006C,Criminal damage and arson,Unable to prosecute suspect,
08caacf2dc2fb7e9e991b8536a7ad7b9022a943db8336ff1f5635981d3a0ed4e,2024-11,Essex Police,Essex Police,1.276685,51.852980,On or near Sports/Recreation Area,E01022054,Tendring 006C,Drugs,Local resolution,
2d0d7bd3346c75240d22cdd253c99409b85e25d0de5f70c70cb79fd612872539,2024-11,Essex Police,Essex Police,1.287198,51.861849,On or near Sunny Point,E01022054,Tendring 006C,Public order,Investigation complete; no suspect identified,
cc7b30db12a78a979c9702836097e9b19146dd413e56f8bc89968b958c73a83f,2024-11,Essex Police,Essex Police,1.287198,51.861849,On or near Sunny Point,E01022054,Tendring 006C,Public order,Unable to prosecute suspect,
f3aea61539bd713a99e796b1e42008e9324990e0c2aa43ad864ea111fb464414,2024-11,Essex Police,Essex Police,1.287198,51.861849,On or near Sunny Point,E01022054,Tendring 006C,Public order,Investigation complete; no suspect identified,
689c89807ffaa1b5a3fbd2f89f27a5680517642bb335c21b0cd5f9dd000f7c2b,2024-11,Essex Police,Essex Police,1.280481,51.856586,On or near Percival Road,E01022054,Tendring 006C,Violence and sexual offences,Unable to prosecute suspect,
8ff5c5482b22fa32e7e0a586ef3096eceacef04903009099cc8239f1d2285df3,2024-11,Essex Police,Essex Police,1.284629,51.860679,On or near Louise Close,E01022054,Tendring 006C,Violence and sexual offences,Investigation complete; no suspect identified,
ad6f0e472196de2ea91a765a1495019835bdfe776db1c44cd6ddebac34b3a83d,2024-11,Essex Police,Essex Police,1.266508,51.849582,On or near Supermarket,E01022055,Tendring 006D,Burglary,Investigation complete; no suspect identified,
8696195f15734b71bba280e318ebbc0446a82167e880a8d139472ac5b10f0579,2024-11,Essex Police,Essex Police,1.262419,51.847456,On or near Dairy Meadow Gardens,E01022055,Tendring 006D,Criminal damage and arson,Unable to prosecute suspect,
866bdbccf689cb1f78874b3e2b1b92574ba0f3d67cdaf3bee6290d78e403316f,2024-11,Essex Police,Essex Police,1.261986,51.849707,On or near Gouldings Avenue,E01022055,Tendring 006D,Criminal damage and arson,Court result unavailable,
8541304cdc9ece3bce4957d9bfde74d495b4b9abc8c5e495518c3d20997ec406,2024-11,Essex Police,Essex Police,1.262419,51.847456,On or near Dairy Meadow Gardens,E01022055,Tendring 006D,Criminal damage and arson,Action to be taken by another organisation,
2a749acd8edf3117cd313205b7e8d614d28013fd332caab0eea3aa75f4410e1b,2024-11,Essex Police,Essex Police,1.266017,51.850274,On or near Shopping Area,E01022055,Tendring 006D,Drugs,Status update unavailable,
6d01a66724c55d118bf2919302f6a2ae5451c35745fea3c267173ef01586b31e,2024-11,Essex Police,Essex Police,1.264887,51.850859,On or near Skippers Way,E01022055,Tendring 006D,Other theft,Investigation complete; no suspect identified,
17e88b28aedad66760c6ff927f907a0f4aae38b8c78739fd78abb557f8315e3c,2024-11,Essex Police,Essex Police,1.266508,51.849582,On or near Supermarket,E01022055,Tendring 006D,Shoplifting,Investigation complete; no suspect identified,
3cd3560462180c9557bdcd637e6d5a5154b71a1d10418dd27e70e99d1e54154d,2024-11,Essex Police,Essex Police,1.261801,51.848147,On or near Grove Avenue,E01022055,Tendring 006D,Vehicle crime,Unable to prosecute suspect,
979c2f813d6f4cbb680411b7de02fe61f80284b42eaf8c496f44159e174778c5,2024-11,Essex Police,Essex Police,1.261801,51.848147,On or near Grove Avenue,E01022055,Tendring 006D,Vehicle crime,Investigation complete; no suspect identified,
9c584cc94a5c09f55dc18f10e31ef4530c567fef13915f973d711f26762b381a,2024-11,Essex Police,Essex Police,1.266017,51.850274,On or near Shopping Area,E01022055,Tendring 006D,Violence and sexual offences,Action to be taken by another organisation,
9df8a4e0abca5dc3b8daa3dd3b7d5f502c9f6f6e86de0ee1cd7dce42437f3098,2024-11,Essex Police,Essex Police,1.266508,51.849582,On or near Supermarket,E01022055,Tendring 006D,Other crime,Action to be taken by another organisation,
,2024-11,Essex Police,Essex Police,1.274240,51.850455,On or near Kino Road,E01022056,Tendring 006E,Anti-social behaviour,,
,2024-11,Essex Police,Essex Police,1.272042,51.848789,On or near Suffolk Street,E01022056,Tendring 006E,Anti-social behaviour,,
9a9c4c1ff9edee862140c3cd342e87af3bc42c8f43a0f1b68f0195b67488a61c,2024-11,Essex Police,Essex Police,1.268327,51.845412,On or near Southcliff,E01022056,Tendring 006E,Burglary,Investigation complete; no suspect identified,
becb6420254b3bba8eef957d7ed8cc3d285c7783d234fe51ea717e46e9e8c788,2024-11,Essex Police,Essex Police,1.265891,51.844472,On or near Southview Drive,E01022056,Tendring 006E,Burglary,Investigation complete; no suspect identified,
9777c343471ffe37784709ba05145e7940917fbc5be73a97c7ce38459958b0dc,2024-11,Essex Police,Essex Police,1.274240,51.850455,On or near Kino Road,E01022056,Tendring 006E,Burglary,Investigation complete; no suspect identified,
97e1242eb3584669340fd1893a42f132ca00f854c10e1a1b830eb235c389d3bb,2024-11,Essex Police,Essex Police,1.269314,51.846607,On or near Agar Road Approach,E01022056,Tendring 006E,Burglary,Investigation complete; no suspect identified,
28f2f7f221c502c06200137e8034ae174e39c1623daf70a612c1b79199e14157,2024-11,Essex Police,Essex Police,1.268002,51.844134,On or near Southcliff Promenade,E01022056,Tendring 006E,Criminal damage and arson,Investigation complete; no suspect identified,
97a9c76526defa63d2f709c208548feab5f7401a789856a6365f61983e3cc8c6,2024-11,Essex Police,Essex Police,1.272213,51.850538,On or near North Street,E01022056,Tendring 006E,Other theft,Investigation complete; no suspect identified,
25d07ee125c92c0f89938b197dbcbc840c1fd9ee26bd4dd66571864efbebd741,2024-11,Essex Police,Essex Police,1.268719,51.847020,On or near Parking Area,E01022056,Tendring 006E,Public order,Unable to prosecute suspect,
74d7ab5496237c8cddcbafde748ac20253c263f92f11471aa5620e2e96ab44f7,2024-11,Essex Police,Essex Police,1.272758,51.849444,On or near Supermarket,E01022056,Tendring 006E,Shoplifting,Court result unavailable,
f0eb3fddb934b37e53f676aab98c74273ce88463059ca760bd3b21d03ca4838f,2024-11,Essex Police,Essex Police,1.269068,51.846821,On or near Agar Road,E01022056,Tendring 006E,Vehicle crime,Investigation complete; no suspect identified,
ded1eb47a01a63558abcf431127cd0b0df36fae2b8f785465db58180df39131a,2024-11,Essex Police,Essex Police,1.274240,51.850455,On or near Kino Road,E01022056,Tendring 006E,Violence and sexual offences,Unable to prosecute suspect,
7c22650260baf4a036accfe5bcad2ccb8b7e9b0f901bb05bbd2144f7d080ce9f,2024-11,Essex Police,Essex Police,1.164774,51.859281,On or near Argyle Road,E01021973,Tendring 007A,Drugs,Formal action is not in the public interest,
3609b7bea9a78d8e7adc65fcceb86c6301c0cb0386883db22796db3fb0bc60d7,2024-11,Essex Police,Essex Police,1.168385,51.859193,On or near Landermere Road,E01021973,Tendring 007A,Other theft,Investigation complete; no suspect identified,
79e84098b55b6e66df3aa4e227161c81ef168678aed61b3836bd05322d829e17,2024-11,Essex Police,Essex Police,1.166413,51.855945,On or near Abbey Street,E01021973,Tendring 007A,Violence and sexual offences,Unable to prosecute suspect,
4b066798717c7e674b5f5629b937c8836759e242b888d74e65ca30c0787132ab,2024-11,Essex Police,Essex Police,1.164774,51.859281,On or near Argyle Road,E01021973,Tendring 007A,Violence and sexual offences,Unable to prosecute suspect,
72dfb6fbcc818bb74218bcdd95d47b0b3b0620eb1e1b71cc4b2e35bbb015875e,2024-11,Essex Police,Essex Police,1.164774,51.859281,On or near Argyle Road,E01021973,Tendring 007A,Violence and sexual offences,Formal action is not in the public interest,
bad62efd8cce61f20b90a3c96ec4d5bd71594e0496c29c9a10dc10041eebabd5,2024-11,Essex Police,Essex Police,1.164774,51.859281,On or near Argyle Road,E01021973,Tendring 007A,Violence and sexual offences,Status update unavailable,
3634ab52a7d058aabd7e47346eb1d085d3abf3cbd00d0dc808d0375c963cc532,2024-11,Essex Police,Essex Police,1.164774,51.859281,On or near Argyle Road,E01021973,Tendring 007A,Violence and sexual offences,Formal action is not in the public interest,
603bf986728c731f864c30eab5586873d9eb70105bb19c30246b94f3b391caec,2024-11,Essex Police,Essex Police,1.160866,51.858244,On or near High Street,E01021974,Tendring 007B,Other theft,Investigation complete; no suspect identified,
154435a4ec893c56047d8b4258c5095159b03f4f5011a3462293492c6e373d81,2024-11,Essex Police,Essex Police,1.176254,51.855437,On or near Byng Crescent,E01021974,Tendring 007B,Vehicle crime,Investigation complete; no suspect identified,
bab9dfb02d9e5a25c51ddb3c2b94d56194d8d054b8c707a3007064bfd3e348fd,2024-11,Essex Police,Essex Police,1.164895,51.881898,On or near Harwich Road,E01021974,Tendring 007B,Violence and sexual offences,Unable to prosecute suspect,
571b9bb417947768d5154e5ba9592dd590a76b6c3327bf7339eb9b2513b93ea2,2024-11,Essex Police,Essex Police,1.171575,51.854169,On or near Hall Lane,E01021974,Tendring 007B,Violence and sexual offences,Unable to prosecute suspect,
7d19ff069391a34309bf1efb1dbe45ba5c215bb9fc596387ea1a82ee8b97bc3c,2024-11,Essex Police,Essex Police,1.141175,51.823593,On or near Sports/Recreation Area,E01022016,Tendring 007C,Public order,Investigation complete; no suspect identified,
b0b9dd5996374330eb54d0de20eb8442456cef5411db285493fcb1bf1fa079a2,2024-11,Essex Police,Essex Police,1.141788,51.821889,On or near London Road,E01022016,Tendring 007C,Violence and sexual offences,Unable to prosecute suspect,
230081e2193e0bf836554052479fca90129e609ce96c19a5f962b295756568f9,2024-11,Essex Police,Essex Police,1.140703,51.828619,On or near Galloway Drive,E01022016,Tendring 007C,Violence and sexual offences,Unable to prosecute suspect,
,2024-11,Essex Police,Essex Police,1.130058,51.840460,On or near Botany Lane,E01022017,Tendring 007D,Anti-social behaviour,,
2b884383b40b59588367f7cba9f893c550f17e07b7467b1d8dc8cd8b3ae13807,2024-11,Essex Police,Essex Police,1.130058,51.840460,On or near Botany Lane,E01022017,Tendring 007D,Criminal damage and arson,Unable to prosecute suspect,
5111d7a95f4a3a847eef7e77410040eb25d3a6dfc9371b1e4e7f9ad45cdf3457,2024-11,Essex Police,Essex Police,1.130058,51.840460,On or near Botany Lane,E01022017,Tendring 007D,Criminal damage and arson,Unable to prosecute suspect,
68c91c935563b6c42e5df6bd43db7ad66e7e31e69ac43cb829c5cc8f172aa6d1,2024-11,Essex Police,Essex Police,1.130058,51.840460,On or near Botany Lane,E01022017,Tendring 007D,Criminal damage and arson,Unable to prosecute suspect,
d6708de09166ea87278507965cc5458d3fac860a0706d6abc552c2e320f14602,2024-11,Essex Police,Essex Police,1.130058,51.840460,On or near Botany Lane,E01022017,Tendring 007D,Criminal damage and arson,Unable to prosecute suspect,
06b6cd323a510db651a2b79871975a69f4230a2a84101c5ddf9f9403ba6b279d,2024-11,Essex Police,Essex Police,1.130058,51.840460,On or near Botany Lane,E01022017,Tendring 007D,Criminal damage and arson,Unable to prosecute suspect,
ba564a5d176f232ac7d5ca31d2cdd8983de2ff6c56137d1cffd232e7866d3bc3,2024-11,Essex Police,Essex Police,1.130058,51.840460,On or near Botany Lane,E01022017,Tendring 007D,Criminal damage and arson,Unable to prosecute suspect,
dbd21565cbb92e8540b8bc23035104dcad71d9c0b1f8838889b1b9a5c6499f48,2024-11,Essex Police,Essex Police,1.130058,51.840460,On or near Botany Lane,E01022017,Tendring 007D,Criminal damage and arson,Unable to prosecute suspect,
7a7bb49f2928587350f36341a2f2bd9a629e537b6c038a5f938b93586123ce6f,2024-11,Essex Police,Essex Police,1.130058,51.840460,On or near Botany Lane,E01022017,Tendring 007D,Criminal damage and arson,Unable to prosecute suspect,
f5d7a38778a5898b36b4ca7c615cb824c51bb039c56548dfdaaf995b945c2b75,2024-11,Essex Police,Essex Police,1.138982,51.834960,On or near Amerells Road,E01022017,Tendring 007D,Criminal damage and arson,Investigation complete; no suspect identified,
31e18e86b8ffb62e39278bb7f582204ec4362ad1faf92dd987aa513a34fdac8c,2024-11,Essex Police,Essex Police,1.144801,51.837845,On or near Grove Road,E01022017,Tendring 007D,Criminal damage and arson,Investigation complete; no suspect identified,
684f03b08692dd509d08df574ea516922ac37d5edd62867529ae346fa4e95c04,2024-11,Essex Police,Essex Police,1.153481,51.839888,On or near Tan Lane,E01022017,Tendring 007D,Other theft,Investigation complete; no suspect identified,
bccd2063a6ddfcfdeda6178379d59eb3056750d5445b1126afed1bab0d1cd320,2024-11,Essex Police,Essex Police,1.130058,51.840460,On or near Botany Lane,E01022017,Tendring 007D,Violence and sexual offences,Unable to prosecute suspect,
cf0aff14a8d3ab7e2ec42fbb60b8161d51cc30c693d9e2e1e21edeb500f1fbe1,2024-11,Essex Police,Essex Police,1.130058,51.840460,On or near Botany Lane,E01022017,Tendring 007D,Violence and sexual offences,Unable to prosecute suspect,
40bb6c75ba94f8ce8dc8b1dce717aef117d3a72b55839dfa4729e2aee18df4c9,2024-11,Essex Police,Essex Police,1.130058,51.840460,On or near Botany Lane,E01022017,Tendring 007D,Violence and sexual offences,Unable to prosecute suspect,
dad22dd642cc8262f36f166f6afd0a7ceb1e1c6a1c0c6e7ca0a7eac3130fc6b4,2024-11,Essex Police,Essex Police,1.130058,51.840460,On or near Botany Lane,E01022017,Tendring 007D,Violence and sexual offences,Unable to prosecute suspect,
6c0f06d95d67f304db3b13944b1de558250eb69b89f4632aab29494a573f33c9,2024-11,Essex Police,Essex Police,1.130058,51.840460,On or near Botany Lane,E01022017,Tendring 007D,Violence and sexual offences,Unable to prosecute suspect,
6281b02a6608132bd2660793e3541dace6ee05b0363d262ebf0e92c585cd6d5c,2024-11,Essex Police,Essex Police,1.130058,51.840460,On or near Botany Lane,E01022017,Tendring 007D,Violence and sexual offences,Unable to prosecute suspect,
a042cd8044efdfff982c9ce395342af050031979bc6f1985b43bde444fff862e,2024-11,Essex Police,Essex Police,1.130058,51.840460,On or near Botany Lane,E01022017,Tendring 007D,Violence and sexual offences,Unable to prosecute suspect,
aa1b069d29e0ce428e16c9a55c73dcf56938368d0cc7f291a44c136cbe9a4926,2024-11,Essex Police,Essex Police,1.130058,51.840460,On or near Botany Lane,E01022017,Tendring 007D,Violence and sexual offences,Unable to prosecute suspect,
a31c99220636185fb56922c16beb2e733bada4449dad92ebb0e2c4d66f3fab2e,2024-11,Essex Police,Essex Police,1.130058,51.840460,On or near Botany Lane,E01022017,Tendring 007D,Violence and sexual offences,Unable to prosecute suspect,
3c5c221679cc5c59619df37fb1013fe6e04919596665f82221e19341e6a61e22,2024-11,Essex Police,Essex Police,1.130058,51.840460,On or near Botany Lane,E01022017,Tendring 007D,Violence and sexual offences,Unable to prosecute suspect,
f9c81821eb3da34cc38ab38c831346b105a2b6b65395377a70cd66890daf019b,2024-11,Essex Police,Essex Police,1.130058,51.840460,On or near Botany Lane,E01022017,Tendring 007D,Violence and sexual offences,Unable to prosecute suspect,
82d0d9a5ae893d7cffe8ef345398f617860709c006c6a37d63df734772b2ef9e,2024-11,Essex Police,Essex Police,1.130058,51.840460,On or near Botany Lane,E01022017,Tendring 007D,Violence and sexual offences,Unable to prosecute suspect,
79e9d5ff09513b6bfa7cbcbf5470ba658ea23eff010329f654e123843bdeffd6,2024-11,Essex Police,Essex Police,1.122072,51.844036,On or near Millers Green,E01022017,Tendring 007D,Violence and sexual offences,Action to be taken by another organisation,
85ff33140df3512b93c61d62495461c18416f867b2ef26e265b9e7a4ed7cd8bc,2024-11,Essex Police,Essex Police,1.130058,51.840460,On or near Botany Lane,E01022017,Tendring 007D,Violence and sexual offences,Action to be taken by another organisation,
77cac6d775e19cfd3824c19609470872ba01b50f8d7b8b9b1edc54965f76dddf,2024-11,Essex Police,Essex Police,1.130058,51.840460,On or near Botany Lane,E01022017,Tendring 007D,Violence and sexual offences,Unable to prosecute suspect,
d64d16338966891297d0420740669585f37e7d14345faf03c0c1211b2e924ad0,2024-11,Essex Police,Essex Police,1.130058,51.840460,On or near Botany Lane,E01022017,Tendring 007D,Violence and sexual offences,Unable to prosecute suspect,
cbfad328d61613603c08eb00f9651df19dedb6f62cc7bf18c62489442b1bd838,2024-11,Essex Police,Essex Police,1.130058,51.840460,On or near Botany Lane,E01022017,Tendring 007D,Violence and sexual offences,Unable to prosecute suspect,
82f7b4c6c80befefe3a013871733bbad558c4bf0f546dbf0d1b06c82b4008dec,2024-11,Essex Police,Essex Police,1.130058,51.840460,On or near Botany Lane,E01022017,Tendring 007D,Violence and sexual offences,Unable to prosecute suspect,
2a2ed801fac8d39b0cea0becb5077a355480c7efd45133ba7b9dee3284b6da51,2024-11,Essex Police,Essex Police,1.130058,51.840460,On or near Botany Lane,E01022017,Tendring 007D,Violence and sexual offences,Unable to prosecute suspect,
5f8313a0f68592dcf3df99ae2c6c5a70f9a69716bab9af8dc9cebe1f0817af6a,2024-11,Essex Police,Essex Police,1.110697,51.851956,On or near Oakleigh Close,E01022018,Tendring 007E,Criminal damage and arson,Unable to prosecute suspect,
c6683006b38704293a7d7bc5b50cbcf72dee8ae506a9f60d3abd8b3feb26a5f7,2024-11,Essex Police,Essex Police,1.097874,51.861270,On or near Colchester Road,E01022018,Tendring 007E,Other theft,Investigation complete; no suspect identified,
abde3b8f1619af55d43d06f626a5883ba4e633606f5fd08ea975cfe2f25c7a46,2024-11,Essex Police,Essex Police,1.097874,51.861270,On or near Colchester Road,E01022018,Tendring 007E,Other theft,Unable to prosecute suspect,
6fcb4dee0eae5d0d72708e53d5f6af6f90c11377465505359b3b025eac016946,2024-11,Essex Police,Essex Police,1.110697,51.851956,On or near Oakleigh Close,E01022018,Tendring 007E,Other theft,Unable to prosecute suspect,
b9b8b4c89f410a8011e7a9f97ac721933d44af015965c09b4fe2fbf69b1270fd,2024-11,Essex Police,Essex Police,1.122674,51.842239,On or near The Willows,E01022018,Tendring 007E,Public order,Unable to prosecute suspect,
d0fb1bf33c60465607fdd191f86a924d8971672eebebed6aa0c5e0ef4505af2b,2024-11,Essex Police,Essex Police,1.112343,51.859386,On or near Waylands Drive,E01022018,Tendring 007E,Violence and sexual offences,Unable to prosecute suspect,
dc656007f63a9b84cfc9a4596af3a14bacbeb45126fa05f43f1d9b00107277f7,2024-11,Essex Police,Essex Police,1.110697,51.851956,On or near Oakleigh Close,E01022018,Tendring 007E,Violence and sexual offences,Unable to prosecute suspect,
81d03152a2980864f5f37d312ea2c8dd3a6ce12a1159790b65d73c41736a4bcc,2024-11,Essex Police,Essex Police,1.097874,51.861270,On or near Colchester Road,E01022018,Tendring 007E,Violence and sexual offences,Unable to prosecute suspect,
713e1955998a036139731d215f2596eedbaadc20a934e2ce4486be443f4a260c,2024-11,Essex Police,Essex Police,1.097874,51.861270,On or near Colchester Road,E01022018,Tendring 007E,Violence and sexual offences,Unable to prosecute suspect,
62e30f4199f5c30c6eb1838ab795498277923db18dbb3fc247e8f5ead2b9b0a1,2024-11,Essex Police,Essex Police,1.113530,51.858482,On or near Woodlands Rise,E01022018,Tendring 007E,Violence and sexual offences,Local resolution,
d075aa10bb371ca3b7fecb3e53d2f14fcbf41f6ee317887700afa053a21977fd,2024-11,Essex Police,Essex Police,1.118142,51.850616,On or near Ruby Fields,E01022018,Tendring 007E,Violence and sexual offences,Unable to prosecute suspect,
33e1573bf53d0ce5db8169a0c7266e86e199906b30b2a5c951570e56615e1ea2,2024-11,Essex Police,Essex Police,1.113530,51.858482,On or near Woodlands Rise,E01022018,Tendring 007E,Violence and sexual offences,Unable to prosecute suspect,
3dbfc9768bd38e58b5de6e590da946dae0ad7138031d3a6fbceb82d72cadfaa2,2024-11,Essex Police,Essex Police,1.110697,51.851956,On or near Oakleigh Close,E01022018,Tendring 007E,Violence and sexual offences,Unable to prosecute suspect,
9432de554e625dcc653e9b8f46e4d8d050a0c9dab34e5aeed1f4ccdb322e3cd6,2024-11,Essex Police,Essex Police,1.113530,51.858482,On or near Woodlands Rise,E01022018,Tendring 007E,Violence and sexual offences,Unable to prosecute suspect,
f6955851187b1b721d1b675332add4c1227369b65f598180df5dd5d6796924bd,2024-11,Essex Police,Essex Police,1.110697,51.851956,On or near Oakleigh Close,E01022018,Tendring 007E,Violence and sexual offences,Unable to prosecute suspect,
6e4c4d39f8e13a7c99a8b1616240c2e35ecf0f26f2737fb4194ca24cee790f2b,2024-11,Essex Police,Essex Police,1.239043,51.837624,On or near Ken Gatward Close,E01021987,Tendring 008A,Violence and sexual offences,Unable to prosecute suspect,
44a9df49f46eea6475ea5a2015f9f0e2aea2530052290e88ea4a4c1589f8afbb,2024-11,Essex Police,Essex Police,1.248648,51.844176,On or near Supermarket,E01021994,Tendring 008B,Shoplifting,Investigation complete; no suspect identified,
a5e55b09267bf724eed829c0a74f6f5aae7d9c6cce4dd6fe57868a0ddb1bfd98,2024-11,Essex Police,Essex Police,1.246837,51.839199,On or near Jubilee Way,E01021994,Tendring 008B,Violence and sexual offences,Unable to prosecute suspect,
,2024-11,Essex Police,Essex Police,1.240284,51.843382,On or near Wavring Avenue,E01021995,Tendring 008C,Anti-social behaviour,,
ed40a689feffbb86b9f0764d131cceca1631e6cab96eef7497a299dc599684e9,2024-11,Essex Police,Essex Police,1.245982,51.841237,On or near Elm Tree Avenue,E01021995,Tendring 008C,Criminal damage and arson,Investigation complete; no suspect identified,
dc4f61f09b7176c7e9dfc6fcaa515d64d8ee27698a99a10d93900dbad3eb7e00,2024-11,Essex Police,Essex Police,1.241624,51.839190,On or near Stallards Crescent,E01021995,Tendring 008C,Violence and sexual offences,Unable to prosecute suspect,
,2024-11,Essex Police,Essex Police,1.240259,51.846054,On or near Brightside,E01021996,Tendring 008D,Anti-social behaviour,,
973e9c6ffedfab61598d7a1993b928d537bf4ac8da0d6c43b9b75c11b4d8d541,2024-11,Essex Police,Essex Police,1.245929,51.842713,On or near Ashmole Drive,E01021996,Tendring 008D,Violence and sexual offences,Investigation complete; no suspect identified,
98faa99fc20ffc5eb321cf5c04bfdf134e03ff8345aef805ca81dbc3452cd3a2,2024-11,Essex Police,Essex Police,1.241030,51.843451,On or near Chelmer Close,E01021996,Tendring 008D,Violence and sexual offences,Unable to prosecute suspect,
ff5b5bf7bf17cd6f44b6355b819216a66860479ea9ed202776fd9857cbd38530,2024-11,Essex Police,Essex Police,1.241030,51.843451,On or near Chelmer Close,E01021996,Tendring 008D,Violence and sexual offences,Unable to prosecute suspect,
8973b4e25e5bdaeb4866cf02fd11b0d22f504e55535bd3612f39510d15fcfc7e,2024-11,Essex Police,Essex Police,1.247746,51.846783,On or near Elm Tree Avenue,E01021996,Tendring 008D,Other crime,Unable to prosecute suspect,
c4c64440603ca5513766cbef9be0fcd9492fe258091f2ae42fa7d4d77e3f30f3,2024-11,Essex Police,Essex Police,1.224841,51.850984,On or near Halstead Road,E01022009,Tendring 008E,Violence and sexual offences,Action to be taken by another organisation,
3891628cba2f054520604bffcd40b72dda1ec01dde86ec7cb2694da845a5a042,2024-11,Essex Police,Essex Police,1.222470,51.844231,On or near Barley Road,E01022009,Tendring 008E,Violence and sexual offences,Unable to prosecute suspect,
143964aeec98d602a79d546a37c6e5264547c60f4fda214a9aea7897cae2a3eb,2024-11,Essex Police,Essex Police,1.224841,51.850984,On or near Halstead Road,E01022009,Tendring 008E,Violence and sexual offences,Unable to prosecute suspect,
c7e5f15f3a6d5ba806d7a55d79a9dba364d3d16a33eb7f7d42c8550cbb9b6240,2024-11,Essex Police,Essex Police,1.231300,51.843440,On or near Woburn Avenue,E01022010,Tendring 008F,Other theft,Investigation complete; no suspect identified,
2e9859674c424a6f1b231ff1ab3f330419f5a6716f81625e0cb832415070dc33,2024-11,Essex Police,Essex Police,1.228792,51.842070,On or near Elm Grove,E01022010,Tendring 008F,Vehicle crime,Investigation complete; no suspect identified,
f94e4b546dde5acfb2c8c463eb6e3c6689a157e1ea2ff5e3391102b72d3131c9,2024-11,Essex Police,Essex Police,1.226466,51.842440,On or near Chestnut Avenue,E01022010,Tendring 008F,Vehicle crime,Investigation complete; no suspect identified,
f909e3b20c1283240e9bf82d96a6c15ff4b5711c0618467633aaa4fc7f629c5f,2024-11,Essex Police,Essex Police,1.212098,51.828479,On or near Great Holland Court,E01022011,Tendring 008G,Burglary,Court result unavailable,
fcfefbda501fafdea9773892abe62757ea99f8d11d46c82e55903870b7ba8e8a,2024-11,Essex Police,Essex Police,1.224257,51.840998,On or near Bemerton Gardens,E01022011,Tendring 008G,Other theft,Investigation complete; no suspect identified,
f239c4d2510ed5f6c5bd997562d6646b071d03d118a12e47f42e33208bef03df,2024-11,Essex Police,Essex Police,1.211509,51.843659,On or near Blanchard Close,E01022011,Tendring 008G,Violence and sexual offences,Unable to prosecute suspect,
3a63f872ff53ab1567ef9e774b5ca9f386ad31d189cb965e158d47be4978c4ae,2024-11,Essex Police,Essex Police,1.224257,51.840998,On or near Bemerton Gardens,E01022011,Tendring 008G,Violence and sexual offences,Unable to prosecute suspect,
537f09083d9dac09422d4c2f251831d8588a3bb8548dce9bbab0d56b5d47277e,2024-11,Essex Police,Essex Police,1.220435,51.841355,On or near Crossfield Way,E01022011,Tendring 008G,Violence and sexual offences,Unable to prosecute suspect,
f35e1dd7b2f320d9e7a05a22ee28fe7d369ea6a98be3576d889fbaf7aeabe847,2024-11,Essex Police,Essex Police,1.211509,51.843659,On or near Blanchard Close,E01022011,Tendring 008G,Violence and sexual offences,Unable to prosecute suspect,
4fc4107cb157ebecd1b1ad6760ff87ceacaa2e40b463401579f488ef69f56fb6,2024-11,Essex Police,Essex Police,1.211410,51.835333,On or near Westbury Road,E01022011,Tendring 008G,Violence and sexual offences,Unable to prosecute suspect,
c52963457e576bc5c13ee9272272fab6e759c1a47f6eeea6105913b0d8aab5f4,2024-11,Essex Police,Essex Police,1.220435,51.841355,On or near Crossfield Way,E01022011,Tendring 008G,Violence and sexual offences,Unable to prosecute suspect,
ccfce59e769253a89442f054bd615fa270c10d69b1f145d39d1c6d43313b7b35,2024-11,Essex Police,Essex Police,1.224257,51.840998,On or near Bemerton Gardens,E01022011,Tendring 008G,Violence and sexual offences,Unable to prosecute suspect,
347f13981efc0c9a1035618dfee26a45a8249a8f33b9c1573a842111b561d7e1,2024-11,Essex Police,Essex Police,1.211509,51.843659,On or near Blanchard Close,E01022011,Tendring 008G,Other crime,Unable to prosecute suspect,
ffae3f9cdfc51576920388edfedf49b2fd3b81ff03fb956459fb77e712e158fa,2024-11,Essex Police,Essex Police,1.261453,51.844343,On or near Hervilly Way,E01022012,Tendring 008H,Vehicle crime,Unable to prosecute suspect,
dc3a3d4389f6b0131ee7b6710accf43cf04da083358ec409e76f7498c8e1518d,2024-11,Essex Police,Essex Police,1.252924,51.847890,On or near Pulpitfield Close,E01022012,Tendring 008H,Violence and sexual offences,Unable to prosecute suspect,
d8a7803cfdeebb39aebaf88b0ff22ef4ac54cec6e09744f4a032b7996da126dc,2024-11,Essex Police,Essex Police,1.256801,51.843069,On or near B1336,E01022012,Tendring 008H,Violence and sexual offences,Unable to prosecute suspect,
08581462277aaddc9bfd5cf4ae63de80a43c7807b5b7bd82288b3be849068ef9,2024-11,Essex Police,Essex Police,1.261453,51.844343,On or near Hervilly Way,E01022012,Tendring 008H,Violence and sexual offences,Unable to prosecute suspect,
d861f33e4ac7a5cf53f5fa20b83211f0dab1d8758667e07cfffcc1790df9ad04,2024-11,Essex Police,Essex Police,1.249693,51.846999,On or near Beaumont Close,E01022012,Tendring 008H,Violence and sexual offences,Court result unavailable,
fab629f679422edc4b34bc8131456876f7186ba32d2fb84d05c7d8ad1b3a7cd9,2024-11,Essex Police,Essex Police,1.256801,51.843069,On or near B1336,E01022012,Tendring 008H,Violence and sexual offences,Unable to prosecute suspect,
a37cbc3cfe20c9e76cdb4eb6b4a2a5cfb49932f19ee396634480916bedcdb8ea,2024-11,Essex Police,Essex Police,1.260637,51.843700,On or near Columbine Gardens,E01022012,Tendring 008H,Violence and sexual offences,Status update unavailable,
0148b173e73d614be50d76168f96d1d32b8d22f83314027f5faf12532bd32171,2024-11,Essex Police,Essex Police,1.000721,51.854257,On or near Laxton Road,E01021967,Tendring 009A,Criminal damage and arson,Awaiting court outcome,
c22eebb0b12315d7a08bf46774d8976f65fb4f9a38cecd96755c59f2ae8c2ac8,2024-11,Essex Police,Essex Police,1.009840,51.852270,On or near Tenpenny Hill,E01021967,Tendring 009A,Criminal damage and arson,Unable to prosecute suspect,
d46ff0a411263e90160a67af894fd993ad703e85ffeb432e1b1f617b22eb9ebf,2024-11,Essex Police,Essex Police,1.009840,51.852270,On or near Tenpenny Hill,E01021967,Tendring 009A,Criminal damage and arson,Unable to prosecute suspect,
f2ad0498de072eba02f32dddc559da19c57fc07b52066fe2531d38cb8c47b4b4,2024-11,Essex Police,Essex Police,0.993310,51.854851,On or near Woodford Walk,E01021967,Tendring 009A,Other theft,Unable to prosecute suspect,
123ca41b50601d29ef8fda481a0169bbe015f0ead14656724968bf0849744dec,2024-11,Essex Police,Essex Police,0.993310,51.854851,On or near Woodford Walk,E01021967,Tendring 009A,Vehicle crime,Investigation complete; no suspect identified,
c12fa27ca9337cf39653f1f4a696802dcd46ff0a997b6f369a0a6fe8f4579aa4,2024-11,Essex Police,Essex Police,0.989437,51.853609,On or near Conifer Close,E01021967,Tendring 009A,Violence and sexual offences,Unable to prosecute suspect,
a4d03b5d3d27418b6d97bb70b71219f4332bcca5e6bb61292bc5fccae76daa3b,2024-11,Essex Police,Essex Police,1.009840,51.852270,On or near Tenpenny Hill,E01021967,Tendring 009A,Violence and sexual offences,Investigation complete; no suspect identified,
e47b38e2c116a8e5d7c71b4d825866cec8e0b8f4062b43e1eb2bfddf746148b6,2024-11,Essex Police,Essex Police,0.996571,51.842509,On or near Ford Lane,E01021967,Tendring 009A,Violence and sexual offences,Investigation complete; no suspect identified,
926b3f9b2c8022ce81ee32137ae32b5241d3bdaf4437903636fdec271873291a,2024-11,Essex Police,Essex Police,1.000721,51.854257,On or near Laxton Road,E01021967,Tendring 009A,Violence and sexual offences,Court result unavailable,
6c396b1dd65cba83383d9d6cfd29b4a5299ffe47aba60af0ae1771a2804ba6d5,2024-11,Essex Police,Essex Police,1.000721,51.854257,On or near Laxton Road,E01021967,Tendring 009A,Violence and sexual offences,Unable to prosecute suspect,
b7b5668c4287b2505cea2de86755bbfbe7655524c9e3b7c92604e98f3b177d61,2024-11,Essex Police,Essex Police,0.998564,51.858944,On or near Little Acre,E01021967,Tendring 009A,Violence and sexual offences,Formal action is not in the public interest,
,2024-11,Essex Police,Essex Police,1.019687,51.818659,On or near Tudor Close,E01021983,Tendring 009B,Anti-social behaviour,,
76d3e84caffea352527c3fb5f666602cbc9805a38e83d0b19c0f48baa93f8e7c,2024-11,Essex Police,Essex Police,1.020200,51.819815,On or near Church Road,E01021983,Tendring 009B,Criminal damage and arson,Investigation complete; no suspect identified,
9f36fc4bbfe41737b9f5d092ec12a5343f5a75b089187806b2390ea4db9f629c,2024-11,Essex Police,Essex Police,1.021350,51.818356,On or near Pertwee Close,E01021983,Tendring 009B,Violence and sexual offences,Unable to prosecute suspect,
c834d8f29c977f34e10615db2e909b9fa4ae37ca052e5d3231089aa0ca35072c,2024-11,Essex Police,Essex Police,1.020200,51.819815,On or near Church Road,E01021983,Tendring 009B,Violence and sexual offences,Unable to prosecute suspect,
97ea91e0d02f180c6dcb9ef087ec236289179edf97d5dcccd2b4508936d33c0f,2024-11,Essex Police,Essex Police,1.063767,51.852298,On or near Morella Close,E01021993,Tendring 009C,Criminal damage and arson,Unable to prosecute suspect,
7cb752f274ec4e8d5894b1fadd1d28e16f14d379f556fa89f7c14443ebf743e6,2024-11,Essex Police,Essex Police,1.071293,51.853828,On or near Pine Close,E01021993,Tendring 009C,Drugs,Court result unavailable,
fc6747c90c7d04e02494eaa60177823f6961179bad00b1e5eb701ba45d4922b9,2024-11,Essex Police,Essex Police,1.059971,51.858423,On or near Abrey Close,E01021993,Tendring 009C,Vehicle crime,Investigation complete; no suspect identified,
12943a2c74b3d478c3b0a68efab37fb80cef6602addf07a44bbbac8a7fc8dd64,2024-11,Essex Police,Essex Police,1.062905,51.855639,On or near The Path,E01021993,Tendring 009C,Vehicle crime,Investigation complete; no suspect identified,
7ca900b3cee914a3a7b95568c37d25db2892a97e33733301c2ca283595e75512,2024-11,Essex Police,Essex Police,1.065331,51.852662,On or near Simmons Way,E01021993,Tendring 009C,Vehicle crime,Unable to prosecute suspect,
ec9a88a3982f4701ae478d3e99804dc316166af6a4c9746b103ba56e850a1b02,2024-11,Essex Police,Essex Police,1.062905,51.855639,On or near The Path,E01021993,Tendring 009C,Violence and sexual offences,Unable to prosecute suspect,
57c9ef70593eefa9d4e17f02d82941c7ec7b40c3ee6ddaf966cbdadc7c51a1c3,2024-11,Essex Police,Essex Police,1.063767,51.852298,On or near Morella Close,E01021993,Tendring 009C,Violence and sexual offences,Unable to prosecute suspect,
f4cfff16958e1d8a403174fb90a538835464bb2d2bb82e74ec1dbca5becade8c,2024-11,Essex Police,Essex Police,1.062620,51.856573,On or near Robin Close,E01021993,Tendring 009C,Violence and sexual offences,Unable to prosecute suspect,
8b6e1b6d88aa036ce2b28fdb05d44107aeed99969b8c2c0fa68dc9a908d0fb5e,2024-11,Essex Police,Essex Police,1.064518,51.852449,On or near New Cut,E01021993,Tendring 009C,Violence and sexual offences,Unable to prosecute suspect,
07db640a2c388fa5e6c34e6a1f5b10ed6a76abe20fae6cfe2728c3698002a9fc,2024-11,Essex Police,Essex Police,1.023551,51.844049,On or near Tenpenny Hill,E01022053,Tendring 009D,Burglary,Investigation complete; no suspect identified,
e8648048631bce89848212d20294a71de6766c131b4937d1bd4e961bb66995ea,2024-11,Essex Police,Essex Police,1.042481,51.852446,On or near Bus/Coach Station,E01022053,Tendring 009D,Drugs,Local resolution,
a1aff818c4b9558f64678ce0b37eccc78238fd04a7a82297e8e5a8e99141554e,2024-11,Essex Police,Essex Police,1.018035,51.846466,On or near Tenpenny Hill,E01022053,Tendring 009D,Drugs,Court result unavailable,
3131e59ea43ec9f971d795f7fbf3a02379330be81315bf05fec6b6e8d3b5f802,2024-11,Essex Police,Essex Police,1.023551,51.844049,On or near Tenpenny Hill,E01022053,Tendring 009D,Other theft,Investigation complete; no suspect identified,
d03e680e98b270548f5dd68f3ae5bc369ccf844a105fe41a1e435538e8fc196f,2024-11,Essex Police,Essex Police,1.023294,51.834153,On or near Brightlingsea Road,E01022053,Tendring 009D,Violence and sexual offences,Unable to prosecute suspect,
60bfbfb83ddc903d64c2f740414aadfc3fe58ad43606f906f21d0ffc154a6515,2024-11,Essex Police,Essex Police,1.165063,51.820985,On or near Tellin Way,E01021984,Tendring 010A,Criminal damage and arson,Investigation complete; no suspect identified,
22a63cdc06ed9b3f3d182ad15b925f5891ddb5a9fbfdfa1ef7d8e87ec3584254,2024-11,Essex Police,Essex Police,1.167306,51.817588,On or near Parking Area,E01021984,Tendring 010A,Public order,Unable to prosecute suspect,
2ae213f0deed4cde6b7d752621027d30bdf4fe2b77f1f8a8256d92b604bac6a3,2024-11,Essex Police,Essex Police,1.167306,51.817588,On or near Parking Area,E01021984,Tendring 010A,Public order,Unable to prosecute suspect,
985359329903ee6a01e4ac7db8e70bfbabfaa4dbbb8fe6cc77bf97dc4d4474f0,2024-11,Essex Police,Essex Police,1.170203,51.808417,On or near Pauline Close,E01021984,Tendring 010A,Public order,Unable to prosecute suspect,
6f62a8283f477d084a9ae4d9d5874f81d4b7c8085896ad0724b1f0dc1fde7129,2024-11,Essex Police,Essex Police,1.173602,51.813632,On or near Wilson Court,E01021984,Tendring 010A,Vehicle crime,Unable to prosecute suspect,
a880c9939f7a7e294232534e977c27100a71b229f873892f73ef9c6f57610019,2024-11,Essex Police,Essex Police,1.163578,51.821133,On or near Auger Road,E01021984,Tendring 010A,Violence and sexual offences,Unable to prosecute suspect,
107f93d0d898598e7592c8e49be13aa813fe10812b9319efff72972edf5b9a42,2024-11,Essex Police,Essex Police,1.163578,51.821133,On or near Auger Road,E01021984,Tendring 010A,Violence and sexual offences,Unable to prosecute suspect,
9fd2c116741152c93cdf89667a8e6d22b8ef07952eb2296b098bbcdded216833,2024-11,Essex Police,Essex Police,1.163578,51.821133,On or near Auger Road,E01021984,Tendring 010A,Violence and sexual offences,Unable to prosecute suspect,
f70cea67c3d45d95366e8a39102ae66abbeb7003818346bfbc07532bce04df76,2024-11,Essex Police,Essex Police,1.167306,51.817588,On or near Parking Area,E01021984,Tendring 010A,Violence and sexual offences,Unable to prosecute suspect,
c21d7e4abbd58a43e9355a052134dbb796be8a7cc220f7a191e64de6baa05ea1,2024-11,Essex Police,Essex Police,1.170203,51.808417,On or near Pauline Close,E01021984,Tendring 010A,Violence and sexual offences,Unable to prosecute suspect,
cc822e12169a8849041a2de385a93abdb4de1955b3c17802c8d667441e87f4c3,2024-11,Essex Police,Essex Police,1.163578,51.821133,On or near Auger Road,E01021984,Tendring 010A,Violence and sexual offences,Unable to prosecute suspect,
6c3071cf52517fef19e78e7b81ac81ef54a2864ebc254d93c022ce57d3496d94,2024-11,Essex Police,Essex Police,1.162893,51.816124,On or near Sandown Close,E01021984,Tendring 010A,Other crime,Unable to prosecute suspect,
,2024-11,Essex Police,Essex Police,1.145916,51.810940,On or near Petrol Station,E01022039,Tendring 010B,Anti-social behaviour,,
042d5b4b8ecba5d05cdf272bb937bd779a7da92105eed5eb8f3a81cff1978298,2024-11,Essex Police,Essex Police,1.153090,51.814975,On or near Jubilee Avenue,E01022039,Tendring 010B,Burglary,Investigation complete; no suspect identified,
c01cb6431121cfa1dd4fc51cf8afbdf306e9686f14b6f1b66b9653d0fe71fbca,2024-11,Essex Police,Essex Police,1.157684,51.817173,On or near Homerton Close,E01022039,Tendring 010B,Criminal damage and arson,Unable to prosecute suspect,
f2eb0e4bdf37e3fc9bcc47a8bc27d4de641c9ee7f948225a8ff57495d37f4b6f,2024-11,Essex Police,Essex Police,1.155921,51.814989,On or near Fairlop Close,E01022039,Tendring 010B,Criminal damage and arson,Unable to prosecute suspect,
0e2a148c8e0a7e7f2c72bb40d65b46317d4188888a8b8b3ce6e139c6d1fe8c1d,2024-11,Essex Police,Essex Police,1.150065,51.812178,On or near Supermarket,E01022039,Tendring 010B,Other theft,Investigation complete; no suspect identified,
1396139c11bdb8a7eff282435de38d4e336750b6572dea554d5f66dd0208ff9f,2024-11,Essex Police,Essex Police,1.145916,51.810940,On or near Petrol Station,E01022039,Tendring 010B,Public order,Local resolution,
4786a0fe7fdddd1d57c2f1a2844ced81862324a3a08b19081470695aa8381be8,2024-11,Essex Police,Essex Police,1.151473,51.819255,On or near Petrol Station,E01022039,Tendring 010B,Public order,Unable to prosecute suspect,
2fe1fd0089800020b66cc06d808f1fadaa31f9738926b5d45c726758cc3ea4f1,2024-11,Essex Police,Essex Police,1.149261,51.818748,On or near Supermarket,E01022039,Tendring 010B,Shoplifting,Investigation complete; no suspect identified,
be08f88809b68b3eb906a3661ff4b7bbf3604b408518399adf3b5469d496a924,2024-11,Essex Police,Essex Police,1.142517,51.813811,On or near Parking Area,E01022039,Tendring 010B,Shoplifting,Court result unavailable,
3727f8e32c668892aa1c25ed5c34b86f71e22cde0ea0f10653e3540bea114e67,2024-11,Essex Police,Essex Police,1.149261,51.818748,On or near Supermarket,E01022039,Tendring 010B,Shoplifting,Unable to prosecute suspect,
07506d56280f6a21cb86c96c81fdcbc540c02b00e96b18dc9ff6c62bc7197b70,2024-11,Essex Police,Essex Police,1.149261,51.818748,On or near Supermarket,E01022039,Tendring 010B,Shoplifting,Investigation complete; no suspect identified,
a5bfe8ac9ae78bf89f26378e3b9e9c4ac603aca779648ad2bb9e3d8c325603f8,2024-11,Essex Police,Essex Police,1.149261,51.818748,On or near Supermarket,E01022039,Tendring 010B,Shoplifting,Investigation complete; no suspect identified,
cca537b2c434738a585a7e6119d01e1a160c946210667679de4775476b3229ea,2024-11,Essex Police,Essex Police,1.149261,51.818748,On or near Supermarket,E01022039,Tendring 010B,Shoplifting,Investigation complete; no suspect identified,
2152b440214541d1e8836e98b0e115751eb932c71b5cb6ab45aabfb2296ca4c4,2024-11,Essex Police,Essex Police,1.142517,51.813811,On or near Parking Area,E01022039,Tendring 010B,Shoplifting,Investigation complete; no suspect identified,
c33d2c4994ae06fb137e68090a248b045d3ec4f280a3d48e1d5fd54bbdcd9f3c,2024-11,Essex Police,Essex Police,1.149261,51.818748,On or near Supermarket,E01022039,Tendring 010B,Shoplifting,Investigation complete; no suspect identified,
1ce4202c258277fc7bf88ecd760871b78cb67ae5aebe588af7e9f3929feb3e2f,2024-11,Essex Police,Essex Police,1.149261,51.818748,On or near Supermarket,E01022039,Tendring 010B,Shoplifting,Investigation complete; no suspect identified,
715a2b31cd6193e07c77781ffdbcab163ae9749d455c33f2c71b64b7f227d7b3,2024-11,Essex Police,Essex Police,1.142517,51.813811,On or near Parking Area,E01022039,Tendring 010B,Shoplifting,Court result unavailable,
93eee05a9d9ad93999c74576f2fde46ede40300623b76ee8d9cae79a732caf86,2024-11,Essex Police,Essex Police,1.149261,51.818748,On or near Supermarket,E01022039,Tendring 010B,Shoplifting,Investigation complete; no suspect identified,
557c7d936da6fd5bd160c9dc039d5361f493e647957f44e765f264e45c92fb15,2024-11,Essex Police,Essex Police,1.149261,51.818748,On or near Supermarket,E01022039,Tendring 010B,Shoplifting,Investigation complete; no suspect identified,
e6e9fa177006bf412221cc5bd0a1aa5aaadc8b69206717809e8cdb5a9ca23454,2024-11,Essex Police,Essex Police,1.149261,51.818748,On or near Supermarket,E01022039,Tendring 010B,Shoplifting,Investigation complete; no suspect identified,
c02c2d73cc8fd1456e70e9933e48d59c1b5904b605d0bff135b83dd1c5c01851,2024-11,Essex Police,Essex Police,1.142517,51.813811,On or near Parking Area,E01022039,Tendring 010B,Shoplifting,Court result unavailable,
b4474e4cc5df3f81ab264b112387b48f7cefef00f9def4b7b708023de0480151,2024-11,Essex Police,Essex Police,1.149261,51.818748,On or near Supermarket,E01022039,Tendring 010B,Shoplifting,Investigation complete; no suspect identified,
c304593c0c147133d52c03186c6a67e00707af3f513bb00eb6de47a2e3f1e432,2024-11,Essex Police,Essex Police,1.149261,51.818748,On or near Supermarket,E01022039,Tendring 010B,Shoplifting,Investigation complete; no suspect identified,
e66fecc53f410228cec4e1fa4f3910bdf8c9b9f6f0e1e71905a42ee91cee2bce,2024-11,Essex Police,Essex Police,1.149261,51.818748,On or near Supermarket,E01022039,Tendring 010B,Shoplifting,Investigation complete; no suspect identified,
bc6a7e89a981552add367265069bf4e1a8204b495bc79d00e28c89743d2d6d03,2024-11,Essex Police,Essex Police,1.142517,51.813811,On or near Parking Area,E01022039,Tendring 010B,Shoplifting,Investigation complete; no suspect identified,
379bb3a55b39cafa5ee99ab93415516302631727bf2d404b22ba59f233acb96b,2024-11,Essex Police,Essex Police,1.149261,51.818748,On or near Supermarket,E01022039,Tendring 010B,Shoplifting,Investigation complete; no suspect identified,
7768dea509dee0bfed188198397295d884e482398768c8b4c9e944527bf055ee,2024-11,Essex Police,Essex Police,1.149261,51.818748,On or near Supermarket,E01022039,Tendring 010B,Shoplifting,Investigation complete; no suspect identified,
7552ed501cb8031526dd86f7d39701fe1f77ca39feb6a087b8d9ac1fe4d62ec3,2024-11,Essex Police,Essex Police,1.149261,51.818748,On or near Supermarket,E01022039,Tendring 010B,Shoplifting,Investigation complete; no suspect identified,
7aadcf9c0049d1b4ce4fb5766a8f91a951488ba364df4c9984e67573bf5cbc57,2024-11,Essex Police,Essex Police,1.149261,51.818748,On or near Supermarket,E01022039,Tendring 010B,Shoplifting,Investigation complete; no suspect identified,
7c03777eed34da5065e9d65ea4862316c3c3e85a68c4aa6a5b4d6434d2f4a9ba,2024-11,Essex Police,Essex Police,1.149261,51.818748,On or near Supermarket,E01022039,Tendring 010B,Shoplifting,Investigation complete; no suspect identified,
424f5bb223cda1646d748aa994ecdf032b1a56bcb496da31e29e5c882841a84b,2024-11,Essex Police,Essex Police,1.149261,51.818748,On or near Supermarket,E01022039,Tendring 010B,Shoplifting,Investigation complete; no suspect identified,
0ac13e399805b313dcd5736f51c3562b3d1f937d058b9335a37026119179cde2,2024-11,Essex Police,Essex Police,1.149261,51.818748,On or near Supermarket,E01022039,Tendring 010B,Shoplifting,Investigation complete; no suspect identified,
a5b2d0d84a6e67743fbbc3127d7565df0e77d9733d871158d289255d686c8bc9,2024-11,Essex Police,Essex Police,1.149261,51.818748,On or near Supermarket,E01022039,Tendring 010B,Shoplifting,Investigation complete; no suspect identified,
aa6e51c382ade3f4514800322b783c7b65f7d3a96b1dfd95c92f9d4d9cc95203,2024-11,Essex Police,Essex Police,1.149261,51.818748,On or near Supermarket,E01022039,Tendring 010B,Shoplifting,Investigation complete; no suspect identified,
a2341c672b2702a3c22f4b3a21ee9ea2619da05783b38420806cfb81468a0c7c,2024-11,Essex Police,Essex Police,1.142517,51.813811,On or near Parking Area,E01022039,Tendring 010B,Shoplifting,Investigation complete; no suspect identified,
967cde1a0556e61b272e759b56a477790c2279ef64073ce2076287aecec00825,2024-11,Essex Police,Essex Police,1.149261,51.818748,On or near Supermarket,E01022039,Tendring 010B,Shoplifting,Investigation complete; no suspect identified,
280f2e88e5fd29e2316b9dddbdc99ad265df9572cd40259d9e2f7970f3e0bdff,2024-11,Essex Police,Essex Police,1.142517,51.813811,On or near Parking Area,E01022039,Tendring 010B,Shoplifting,Unable to prosecute suspect,
816de3ef7d92d718afa275f38bc1df6564ffb855d49ac6f189419446932e8bff,2024-11,Essex Police,Essex Police,1.149261,51.818748,On or near Supermarket,E01022039,Tendring 010B,Shoplifting,Investigation complete; no suspect identified,
364ec169a14f96b249bea49fe47dcca2fe31315563549fa58b4299789f767a39,2024-11,Essex Police,Essex Police,1.149261,51.818748,On or near Supermarket,E01022039,Tendring 010B,Shoplifting,Unable to prosecute suspect,
866c4c6ce7a8b8299474d83e6fb3430a405484491b2e74711e027fd32aeeca75,2024-11,Essex Police,Essex Police,1.149261,51.818748,On or near Supermarket,E01022039,Tendring 010B,Shoplifting,Investigation complete; no suspect identified,
a91170d8e4aed4488f4557a68c39d4a9d8ed8c9ab1df607807f1efcea9682557,2024-11,Essex Police,Essex Police,1.155430,51.811909,On or near Foxglove Close,E01022039,Tendring 010B,Vehicle crime,Investigation complete; no suspect identified,
da4327f1bc6d0a136cf1cbc66fdbb5036753965afaaa31b94b567cbc2f27c34c,2024-11,Essex Police,Essex Police,1.149261,51.818748,On or near Supermarket,E01022039,Tendring 010B,Violence and sexual offences,Court result unavailable,
cfc93d76b6a3f51ebe310180f19be438116cba46c8256e6e9e947cd633e27136,2024-11,Essex Police,Essex Police,1.153090,51.814975,On or near Jubilee Avenue,E01022039,Tendring 010B,Violence and sexual offences,Unable to prosecute suspect,
0380523a192bc7d2adcfb247daa6bbb0ef3eedcafe73fe88007086bf1c3bd05d,2024-11,Essex Police,Essex Police,1.149261,51.818748,On or near Supermarket,E01022039,Tendring 010B,Violence and sexual offences,Unable to prosecute suspect,
aac19858c0247c5182d41707d32280a225549001be6c2b11a1799a8b847ac825,2024-11,Essex Police,Essex Police,1.153090,51.814975,On or near Jubilee Avenue,E01022039,Tendring 010B,Violence and sexual offences,Unable to prosecute suspect,
239fcf4b1e6ce7d9acfbc24c74f4bedb852f633a9bfa26276d5de56752840a81,2024-11,Essex Police,Essex Police,1.150065,51.812178,On or near Supermarket,E01022039,Tendring 010B,Violence and sexual offences,Court result unavailable,
e16da04bd9912a86b061a3e97b20dd3d03fcbdc50fbc8ab63ef7f0896e6b10bc,2024-11,Essex Police,Essex Police,1.145916,51.810940,On or near Petrol Station,E01022039,Tendring 010B,Violence and sexual offences,Unable to prosecute suspect,
4748ed6676ba2c7b171098a9f85c595bd5f3dd980841fcf2130fcfd39452a609,2024-11,Essex Police,Essex Police,1.155921,51.814989,On or near Fairlop Close,E01022039,Tendring 010B,Violence and sexual offences,Unable to prosecute suspect,
709004f5eee92a69d3adc15c52afa321421cc286047601cd3a46692865bbb46f,2024-11,Essex Police,Essex Police,1.145916,51.810940,On or near Petrol Station,E01022039,Tendring 010B,Violence and sexual offences,Local resolution,
3f4723938534b51dc89b23f675224f0a81b16c9979bcbb87e364b4f045dd6a03,2024-11,Essex Police,Essex Police,1.150065,51.812178,On or near Supermarket,E01022039,Tendring 010B,Violence and sexual offences,Court result unavailable,
b720553de08b69bfe2b8e66fb634cebc1eb1d0271d2a39945f9de6770d21d2d2,2024-11,Essex Police,Essex Police,1.155430,51.811909,On or near Foxglove Close,E01022039,Tendring 010B,Violence and sexual offences,Unable to prosecute suspect,
fc663e1c511c1a9a64231b0b60aa258de7219a5e0f3008aade3e2673a53cd387,2024-11,Essex Police,Essex Police,1.150065,51.812178,On or near Supermarket,E01022039,Tendring 010B,Violence and sexual offences,Court result unavailable,
9fe05f5e3545c041cf833d8ea124dd5ba73eeba5631219531145c6f2078fd49d,2024-11,Essex Police,Essex Police,1.149261,51.818748,On or near Supermarket,E01022039,Tendring 010B,Violence and sexual offences,Unable to prosecute suspect,
fb25b28d90d6308a22ab123049d20eab094925693eb48168696acc2e925acbb6,2024-11,Essex Police,Essex Police,1.145916,51.810940,On or near Petrol Station,E01022039,Tendring 010B,Violence and sexual offences,Unable to prosecute suspect,
da1786132b679583ff2a9144b58f5373f4c44f729a6f8d10f244ffadff7c8114,2024-11,Essex Police,Essex Police,1.157210,51.814118,On or near Colthorpe Road,E01022040,Tendring 010C,Burglary,Investigation complete; no suspect identified,
fe7a50b8e4a55c999330e271447b0b580f655b5f397383d4d8dd790cba30ac25,2024-11,Essex Police,Essex Police,1.162215,51.813273,On or near Totlands Drive,E01022040,Tendring 010C,Violence and sexual offences,Unable to prosecute suspect,
ce1b95767487876360abac61025cffa381d60caddf939c0f4cfe24525815fe2a,2024-11,Essex Police,Essex Police,1.162215,51.813273,On or near Totlands Drive,E01022040,Tendring 010C,Violence and sexual offences,Unable to prosecute suspect,
58670783fdbca9b3fe635ca338695c24ced4cd08b60b8bed4b250ddecb77604d,2024-11,Essex Police,Essex Police,1.165063,51.805884,On or near Andover Close,E01022041,Tendring 010D,Burglary,Investigation complete; no suspect identified,
6bb8c4f6d81e4c495496a9c6427ea7b84ff277f89b63662244385f105ddfcee0,2024-11,Essex Police,Essex Police,1.165925,51.808856,On or near Burrs Road,E01022041,Tendring 010D,Criminal damage and arson,Investigation complete; no suspect identified,
88e01f053ba6826c573bc46dde07c37d637b5c628cf261949f6c69d476693739,2024-11,Essex Police,Essex Police,1.159176,51.806969,On or near Ospreys,E01022041,Tendring 010D,Public order,Unable to prosecute suspect,
37c8634d3e66d1e14dbb882afaf72a4c943be3612a525bbc0ab61bac17714019,2024-11,Essex Police,Essex Police,1.159176,51.806969,On or near Ospreys,E01022041,Tendring 010D,Public order,Unable to prosecute suspect,
a8ea0009c7885339436210a42de237efed588ce5ed9bc7426b022ee08d63eb23,2024-11,Essex Police,Essex Police,1.159176,51.806969,On or near Ospreys,E01022041,Tendring 010D,Public order,Unable to prosecute suspect,
cce5c4c848697a41c4bbf9a283e9082a4955b13649b79d9b0116638340761239,2024-11,Essex Police,Essex Police,1.159176,51.806969,On or near Ospreys,E01022041,Tendring 010D,Public order,Unable to prosecute suspect,
4ca64860d45385f42ddc53418b6dbc87a37a3ee9e55b142296e7a9ade6e9dcdd,2024-11,Essex Police,Essex Police,1.167289,51.808864,On or near Greenview Park,E01022041,Tendring 010D,Vehicle crime,Investigation complete; no suspect identified,
ec39deb995b5c9bce099b60b62439962de3079fc2cd4ddf09ee2efc947f9643d,2024-11,Essex Police,Essex Police,1.158572,51.803729,On or near Nightingale Way,E01022041,Tendring 010D,Vehicle crime,Investigation complete; no suspect identified,
62962b5870a42202d0f616d9d029a758febb515598c122c3feec49914cac6d1b,2024-11,Essex Police,Essex Police,1.165063,51.805884,On or near Andover Close,E01022041,Tendring 010D,Vehicle crime,Unable to prosecute suspect,
706ed22b115c043edd7c54e62cf0391391392412f9b6ab86bc4b6efe79b72359,2024-11,Essex Police,Essex Police,1.167289,51.808864,On or near Greenview Park,E01022041,Tendring 010D,Violence and sexual offences,Unable to prosecute suspect,
ff1eb394fca07efb2b98fe6f56fc15c89b9a176939ff94dd4b9b012e86642634,2024-11,Essex Police,Essex Police,1.158565,51.808811,On or near Curlew Close,E01022041,Tendring 010D,Violence and sexual offences,Unable to prosecute suspect,
5f594648bfd199bea863121ea2c93eba2d3f1bd41fed9b736b95b889280aecd0,2024-11,Essex Police,Essex Police,1.027481,51.817586,On or near Dover Road,E01021979,Tendring 011A,Burglary,Investigation complete; no suspect identified,
be371384e658700c47de6e186bec40d70f0b39d957bb111cdf96599095ec42e0,2024-11,Essex Police,Essex Police,1.028808,51.817903,On or near Hastings Place,E01021979,Tendring 011A,Other theft,Investigation complete; no suspect identified,
c770485ac861f714f5356afdd4bf1814898f9bde89af1dabeb467d2aad2f70a6,2024-11,Essex Police,Essex Police,1.026880,51.819230,On or near Red Barn Close,E01021979,Tendring 011A,Public order,Investigation complete; no suspect identified,
b927e26e5c90c3d664ce9bc5c7c5660e91d3fff259b05b7ac70b5169084f53df,2024-11,Essex Police,Essex Police,1.028253,51.819581,On or near Campernell Close,E01021979,Tendring 011A,Violence and sexual offences,Local resolution,
ff51d341068f1b72b1a080e902df2d6011ad8edc51d92bdae215f69f67695923,2024-11,Essex Police,Essex Police,1.030895,51.816986,On or near Bellfiled Close,E01021979,Tendring 011A,Violence and sexual offences,Investigation complete; no suspect identified,
38cefc97cac687c04d56aaef9cf0a7456dfcc11c76eb34a03aaee863c07913ea,2024-11,Essex Police,Essex Police,1.027228,51.816199,On or near Kent Close,E01021979,Tendring 011A,Violence and sexual offences,Unable to prosecute suspect,
f1cc8d5e836dff10f79320a52e52ed06327ec1e32226ac897c7b379f3cea48d2,2024-11,Essex Police,Essex Police,1.028626,51.818429,On or near Winchelsea Place,E01021979,Tendring 011A,Violence and sexual offences,Unable to prosecute suspect,
593e1a77cf1c7d284a6ad149aa430556d980b95a2cbd834c57e259e2391b4381,2024-11,Essex Police,Essex Police,1.028253,51.819581,On or near Campernell Close,E01021979,Tendring 011A,Violence and sexual offences,Status update unavailable,
1c286c7bbe6cce857edc0d5f3565857b1aedce3d4430bb1dafdb356880382f2d,2024-11,Essex Police,Essex Police,1.024113,51.815191,On or near Walmer Close,E01021979,Tendring 011A,Violence and sexual offences,Unable to prosecute suspect,
a4ae1a2f6c4e435f8684858e5dce10b7a473400bd6e8951ae0b1074235e98e6d,2024-11,Essex Police,Essex Police,1.028808,51.817903,On or near Hastings Place,E01021979,Tendring 011A,Violence and sexual offences,Formal action is not in the public interest,
435e28e9e8d889221220842d98cc39369b18d0f164549b12dc214dc1c08a16ac,2024-11,Essex Police,Essex Police,1.028253,51.819581,On or near Campernell Close,E01021979,Tendring 011A,Violence and sexual offences,Unable to prosecute suspect,
ddaee6c37b54d32769f3f20b7e17ffa8a3119085d195882723b821f696004aac,2024-11,Essex Police,Essex Police,1.019460,51.813745,On or near Walnut Way,E01021980,Tendring 011B,Burglary,Investigation complete; no suspect identified,
ae21258aae54d6ac2c40914abfb4b2fafe5a2b8388115e3fc033cf0dd4bcfeb8,2024-11,Essex Police,Essex Police,1.022547,51.814979,On or near B1029,E01021980,Tendring 011B,Public order,Unable to prosecute suspect,
5cc93143b9ef4a558f207a9ab8ea1ac6bc9b1422f572a206f7f7fc1eab8a09e8,2024-11,Essex Police,Essex Police,1.019460,51.813745,On or near Walnut Way,E01021980,Tendring 011B,Public order,Investigation complete; no suspect identified,
d195046d9374e60819c7e13a5983c3f6af5a88a537068ea67a33fd16378e4fee,2024-11,Essex Police,Essex Police,1.020854,51.810939,On or near Western Road,E01021980,Tendring 011B,Violence and sexual offences,Unable to prosecute suspect,
0f635bccdc699ebb4f80d57ab6f3a93cc551704ef234c041708f4f17d283a9a0,2024-11,Essex Police,Essex Police,1.023194,51.812732,On or near Ladysmith Avenue,E01021980,Tendring 011B,Violence and sexual offences,Unable to prosecute suspect,
9a4856d3a8412a828648eaf594a64b52d5e0d712549f05984ca6b0596b9ca323,2024-11,Essex Police,Essex Police,1.028581,51.810408,On or near High Street,E01021981,Tendring 011C,Criminal damage and arson,Unable to prosecute suspect,
ae8406816f039ae8ec3a8f4cc679a73d619678220e344342e0b1bfacdac9d1a2,2024-11,Essex Police,Essex Police,1.032018,51.812747,On or near Beaumont Avenue,E01021981,Tendring 011C,Other crime,Court result unavailable,
228ad196424b0ceb7e8f9fa04698980747f21f7c9c6383c4f539b8bd4624675e,2024-11,Essex Police,Essex Police,1.028438,51.809782,On or near Tower Cut,E01021982,Tendring 011D,Criminal damage and arson,Court result unavailable,
ae704ea6ca1dfae7e994727cdfaf2073835589cf5affd2056556d690042f0e0d,2024-11,Essex Police,Essex Police,1.023950,51.805382,On or near Ferry Terminal,E01021982,Tendring 011D,Other theft,Investigation complete; no suspect identified,
05dd46d9104e9e096fdc41a27bea4460e7d21d487723bd2a615bba8048180bd5,2024-11,Essex Police,Essex Police,1.023353,51.810992,On or near Parking Area,E01021982,Tendring 011D,Other theft,Investigation complete; no suspect identified,
50c4b4445de098bf5bae78777c51720172852eb82a37447399318da14e2acb73,2024-11,Essex Police,Essex Police,1.025217,51.809568,On or near James Street,E01021982,Tendring 011D,Other theft,Investigation complete; no suspect identified,
c69730862ae9f589a7d8e6e43d2ce22a8ffe646673086ac0f36d73ac8eeca8e7,2024-11,Essex Police,Essex Police,1.026115,51.810408,On or near Thomas Street,E01021982,Tendring 011D,Public order,Unable to prosecute suspect,
0607f062b8069561e372e15478c9d0e8c830cb7fbe2bb0bc7261f5f2b44ff945,2024-11,Essex Police,Essex Police,1.027404,51.805833,On or near Copperas Road,E01021982,Tendring 011D,Vehicle crime,Investigation complete; no suspect identified,
a3382a5297894e75770e213edba1f6a72df30ab0f2c22d87addfac881c7a9157,2024-11,Essex Police,Essex Police,1.026115,51.810408,On or near Thomas Street,E01021982,Tendring 011D,Violence and sexual offences,Unable to prosecute suspect,
382939b8654eb54d20e79225df6876019171e3bfe80a674423172edccccc1edd,2024-11,Essex Police,Essex Police,1.026115,51.810408,On or near Thomas Street,E01021982,Tendring 011D,Violence and sexual offences,Court result unavailable,
02b127209299972876036283919f6e98f3996074afa8417294a8a93adeed7466,2024-11,Essex Police,Essex Police,1.023754,51.810469,On or near Lower Green Gardens,E01021982,Tendring 011D,Violence and sexual offences,Court result unavailable,
973b31c0dea60ef5740f97bc3b672e243804bcff6cf5bfa1c1ca9db57e1c20d7,2024-11,Essex Police,Essex Police,1.026759,51.809196,On or near George Cut,E01021982,Tendring 011D,Violence and sexual offences,Unable to prosecute suspect,
1736b6fdf824af0b91ca3bb4a6d53ce5a1bef2ea96cca33b264ebce0edf18b74,2024-11,Essex Police,Essex Police,1.025622,51.807822,On or near Tower Street,E01021982,Tendring 011D,Violence and sexual offences,Status update unavailable,
7977e4c5199b60817e3dad32a2c66ac937a419523cf5c1105c6069cf56e6b45d,2024-11,Essex Police,Essex Police,1.026115,51.810408,On or near Thomas Street,E01021982,Tendring 011D,Violence and sexual offences,Unable to prosecute suspect,
38debe5b18a740ae784e518ef5047786fce36e2185198ea5cdc160bf89ce0427,2024-11,Essex Police,Essex Police,1.024527,51.810323,On or near Hall Cut,E01021982,Tendring 011D,Violence and sexual offences,Unable to prosecute suspect,
a20d7691d02568aa1754094877d6867e97f8ea6ceaf292f46a179c4217aac680,2024-11,Essex Police,Essex Police,1.023754,51.810469,On or near Lower Green Gardens,E01021982,Tendring 011D,Violence and sexual offences,Court result unavailable,
8be7b5ce363c66329d18f98338298b0ecd378349cda4a1cf3299977a4780abc2,2024-11,Essex Police,Essex Police,1.026115,51.810408,On or near Thomas Street,E01021982,Tendring 011D,Violence and sexual offences,Unable to prosecute suspect,
eccb6297dfe4b021cb16349fa31b937e3a59f0d6fa1251d04497cb9bbc964f20,2024-11,Essex Police,Essex Police,1.026759,51.809196,On or near George Cut,E01021982,Tendring 011D,Violence and sexual offences,Unable to prosecute suspect,
edd358a52eba7b894f8daddbd6f01505c853517ea4a4af84a06bef161f8cb144,2024-11,Essex Police,Essex Police,1.026115,51.810408,On or near Thomas Street,E01021982,Tendring 011D,Violence and sexual offences,Court result unavailable,
3dc365810607d2242ff7a8585dd8a954fe4a0da9f93ff7d49452c0880ff7f649,2024-11,Essex Police,Essex Police,1.023754,51.810469,On or near Lower Green Gardens,E01021982,Tendring 011D,Violence and sexual offences,Court result unavailable,
75f0cc6f0f199a3c30df9d7bc1bac86b86c9a9d1214313837687b5fae384b92c,2024-11,Essex Police,Essex Police,1.026759,51.809196,On or near George Cut,E01021982,Tendring 011D,Violence and sexual offences,Unable to prosecute suspect,
209086078c42336586476de3a27d4db18ba257bd68515a98d99da761d9892b30,2024-11,Essex Police,Essex Police,1.026115,51.810408,On or near Thomas Street,E01021982,Tendring 011D,Violence and sexual offences,Court result unavailable,
b4b41efb023a4f5f603851cb41d695acbf2c8019c72023ee2c72bad41aae0edf,2024-11,Essex Police,Essex Police,1.026759,51.809196,On or near George Cut,E01021982,Tendring 011D,Violence and sexual offences,Unable to prosecute suspect,
4bc0c43205108b69ae8ad79fccf620b3b3115a99b7c7c04f75034ee68914174f,2024-11,Essex Police,Essex Police,1.026115,51.810408,On or near Thomas Street,E01021982,Tendring 011D,Violence and sexual offences,Investigation complete; no suspect identified,
abb661d70e691c0bd5c4b1b8fe9ec6e71dbce6715e10159456fd6bc66a5b623f,2024-11,Essex Police,Essex Police,1.026115,51.810408,On or near Thomas Street,E01021982,Tendring 011D,Violence and sexual offences,Court result unavailable,
8a0a761225d292a528641203a5803ec6476633aa6e29dd34753b0146fe3878dd,2024-11,Essex Police,Essex Police,1.026115,51.810408,On or near Thomas Street,E01021982,Tendring 011D,Violence and sexual offences,Unable to prosecute suspect,
667a8d8e5f695c9bed7ec2d905f356f86c3a3c98537979995cdffdbccbf77ea3,2024-11,Essex Police,Essex Police,1.023353,51.810992,On or near Parking Area,E01021982,Tendring 011D,Violence and sexual offences,Unable to prosecute suspect,
4105b88733e0aeba46d810be4941f7abe2a05958dde4e07b944c24c055e5edee,2024-11,Essex Police,Essex Police,1.028233,51.797645,On or near Norman Way,E01022046,Tendring 011E,Drugs,Court result unavailable,
92b1fffa75d99d36ab25f0fd93e7c31cc92fcaf559d15dead95bed2eec89fed6,2024-11,Essex Police,Essex Police,1.031066,51.795764,On or near Mersea View,E01022046,Tendring 011E,Other theft,Investigation complete; no suspect identified,
27ca3bc1b0170a4a8d769684a51b283f038bc93a02356aacadbd332cec15b00e,2024-11,Essex Police,Essex Police,1.029442,51.797290,On or near Cruce Way,E01022046,Tendring 011E,Violence and sexual offences,Unable to prosecute suspect,
56a9424b63e822096ed6f30430bfbaa681b62226f75ecc96adf15971071db574,2024-11,Essex Police,Essex Police,1.036887,51.794967,On or near Oakmead Road,E01022046,Tendring 011E,Violence and sexual offences,Unable to prosecute suspect,
ef3238817f95735e77a680fa074d76af9f107351fd1add609fb961d9003657c8,2024-11,Essex Police,Essex Police,1.025439,51.799246,On or near Colne Way,E01022046,Tendring 011E,Violence and sexual offences,Investigation complete; no suspect identified,
fbd5253f22df217668c4002a025b682fee57e6280aa2eb0675704e7815341a29,2024-11,Essex Police,Essex Police,1.025439,51.799246,On or near Colne Way,E01022046,Tendring 011E,Violence and sexual offences,Unable to prosecute suspect,
65b398ac9ca5ed4adc6f310486d6079a297061c4042546b7960f8d3bb6f0d6cb,2024-11,Essex Police,Essex Police,1.025439,51.799246,On or near Colne Way,E01022046,Tendring 011E,Violence and sexual offences,Unable to prosecute suspect,
04f14ee20618230f2470323c3e3841ac34b32384dd5cf9fa4bb7f48c6813d707,2024-11,Essex Police,Essex Police,1.036887,51.794967,On or near Oakmead Road,E01022046,Tendring 011E,Other crime,Unable to prosecute suspect,
97d225435c6f07ce12e5e1b651756d9237bcd940948b5a46888e0733e4a52ac0,2024-11,Essex Police,Essex Police,1.055915,51.794716,On or near Greenland Grove,E01022046,Tendring 011E,Other crime,Court result unavailable,
faea7d6ce58c3e418193694376bded37180967531b32e3bc0bf479ef21b6417d,2024-11,Essex Police,Essex Police,1.201298,51.803517,On or near Bournemouth Road,E01022008,Tendring 012A,Criminal damage and arson,Investigation complete; no suspect identified,
e345c39404a1c1ae76049290d08190e61ea37fe453a81641f7921c64b9bef94f,2024-11,Essex Police,Essex Police,1.192460,51.808003,On or near Grenfell Avenue,E01022008,Tendring 012A,Criminal damage and arson,Unable to prosecute suspect,
82a4a0d770c38f8d8bb6ff3d2ead5e6c7a02e5f7096147b717756ce115add450,2024-11,Essex Police,Essex Police,1.194691,51.809993,On or near Devon Way,E01022008,Tendring 012A,Criminal damage and arson,Unable to prosecute suspect,
b55e2ae2c086917ef096bc969c07c3de2ebad489e2bb1c74c0147dde8cbe1178,2024-11,Essex Police,Essex Police,1.196706,51.807510,On or near Park Boulevard,E01022008,Tendring 012A,Violence and sexual offences,Action to be taken by another organisation,
e3607f0a42a89d11e71591ea3e98df2e3e644f8d3102b813f409b268a55991f6,2024-11,Essex Police,Essex Police,1.198532,51.807073,On or near Briarwood Avenue,E01022008,Tendring 012A,Violence and sexual offences,Unable to prosecute suspect,
34f89c5d234b8c083abab445756ea76e8fce12e123a0b29d6ffd6e9bf592d91f,2024-11,Essex Police,Essex Police,1.195477,51.805933,On or near Ingarfield Road,E01022008,Tendring 012A,Violence and sexual offences,Formal action is not in the public interest,
d5c07efaebf18baf64ac41785544ce2aa7ae15648dba990fc63e34ee2909f19c,2024-11,Essex Police,Essex Police,1.201315,51.806008,On or near Viking Way,E01022008,Tendring 012A,Violence and sexual offences,Local resolution,
0c8142a31c68eacaa893ee532baa7f707576636aa2d58edffb963aebd7a2222c,2024-11,Essex Police,Essex Police,1.194691,51.809993,On or near Devon Way,E01022008,Tendring 012A,Violence and sexual offences,Investigation complete; no suspect identified,
407accb704dd5f504d3d1df50f4d9c53a8e64726d4537f09290f87b0b52e50a3,2024-11,Essex Police,Essex Police,1.196706,51.807510,On or near Park Boulevard,E01022008,Tendring 012A,Violence and sexual offences,Action to be taken by another organisation,
d196bf3f3e91e56e1026540478d3b6a01d730045a628958bc4b27cf188fc7079,2024-11,Essex Police,Essex Police,1.196706,51.807510,On or near Park Boulevard,E01022008,Tendring 012A,Violence and sexual offences,Action to be taken by another organisation,
5e4659ea857e3111d7e704beed3f2e64b91e04c4a361829c4d32bf76e4365ce4,2024-11,Essex Police,Essex Police,1.198509,51.806337,On or near Aylesbury Drive,E01022008,Tendring 012A,Violence and sexual offences,Unable to prosecute suspect,
1edaebc9df040a559e33e64f001ba8f87c19532c0e5afef3860ee808e2a6be3a,2024-11,Essex Police,Essex Police,1.196706,51.807510,On or near Park Boulevard,E01022008,Tendring 012A,Violence and sexual offences,Action to be taken by another organisation,
54d28a65d22b2c18ed222b3b00fbd8924d8b4d809b68f0042b72f0f7a5c8640b,2024-11,Essex Police,Essex Police,1.201315,51.806008,On or near Viking Way,E01022008,Tendring 012A,Violence and sexual offences,Local resolution,
69eab27f9c89d633e46d20805fa5902f5b7c54bc1907f198019549f5ca8fce0d,2024-11,Essex Police,Essex Police,1.199772,51.805736,On or near Saxon Way,E01022008,Tendring 012A,Violence and sexual offences,Unable to prosecute suspect,
34e6b4259c376ac20cfb906c1209a5053f52707e8c0896368152e26790ac8a65,2024-11,Essex Police,Essex Police,1.198532,51.807073,On or near Briarwood Avenue,E01022008,Tendring 012A,Violence and sexual offences,Unable to prosecute suspect,
,2024-11,Essex Police,Essex Police,1.177597,51.806274,On or near Derwent Gardens,E01022033,Tendring 012B,Anti-social behaviour,,
246a1ec2bf8c4d0d90c8c19c736856e765037a29211c6e81d123378f89ae5626,2024-11,Essex Police,Essex Police,1.177597,51.806274,On or near Derwent Gardens,E01022033,Tendring 012B,Criminal damage and arson,Unable to prosecute suspect,
cd22ddbf3436835f13325679612223ee57ee11d70048dba8fdce54a3ab0328ad,2024-11,Essex Police,Essex Police,1.177215,51.805178,On or near Sladbury'S Lane,E01022033,Tendring 012B,Public order,Unable to prosecute suspect,
7a19b84fd913f0c4e46e5ced710ab1dfec89952ec7147a62692e08e218266645,2024-11,Essex Police,Essex Police,1.178001,51.805616,On or near Dovedale Gardens,E01022033,Tendring 012B,Violence and sexual offences,Unable to prosecute suspect,
ad4e2b74f828da5ab4f0998f13116fd86f76174b181b87b9f08c663025f91ae6,2024-11,Essex Police,Essex Police,1.177215,51.805178,On or near Sladbury'S Lane,E01022033,Tendring 012B,Violence and sexual offences,Unable to prosecute suspect,
97fdd0fc67f7f66ec8f421d59e77a200e92b5ce5055b24772afe6834b3f12ea4,2024-11,Essex Police,Essex Police,1.188466,51.807734,On or near Merrilees Crescent,E01022033,Tendring 012B,Violence and sexual offences,Unable to prosecute suspect,
ab1aed9b41b9b465175570ed0f9b4fe66ab665d3753de05303c55341e07de004,2024-11,Essex Police,Essex Police,1.182448,51.806548,On or near Slade Road,E01022033,Tendring 012B,Violence and sexual offences,Unable to prosecute suspect,
7b945bd97f8331042b100c3ac35a3fd8ee5af5fbc21ce278addd32ac897179e6,2024-11,Essex Police,Essex Police,1.182448,51.806548,On or near Slade Road,E01022033,Tendring 012B,Violence and sexual offences,Unable to prosecute suspect,
,2024-11,Essex Police,Essex Police,1.185368,51.799408,On or near Madeira Road,E01022034,Tendring 012C,Anti-social behaviour,,
ebf7184b5b73477bb2feca56772b415ab2d770cece0c2139c9dbd9aaab84b380,2024-11,Essex Police,Essex Police,1.180479,51.804137,On or near Windermere Road,E01022034,Tendring 012C,Other theft,Status update unavailable,
79ec73139d9987921c739a146f9dc329549c2c2e1688e272ece8914e2973e8e6,2024-11,Essex Police,Essex Police,1.178570,51.802372,On or near Turpins Close,E01022034,Tendring 012C,Violence and sexual offences,Unable to prosecute suspect,
720dc448ea27ceac0365fe8e9f5d33837573a11db75079e76b3c088c816e22b2,2024-11,Essex Police,Essex Police,1.182398,51.803365,On or near Supermarket,E01022034,Tendring 012C,Violence and sexual offences,Unable to prosecute suspect,
cf7ea05039c4845737d323c4c7d77929ff471c5fc63152a847f3d1ea1d343f94,2024-11,Essex Police,Essex Police,1.182398,51.803365,On or near Supermarket,E01022034,Tendring 012C,Violence and sexual offences,Investigation complete; no suspect identified,
fe9986472b1eb066f36a955bb7f5c7eb50e95f8b283ff85b03c3810577365d72,2024-11,Essex Police,Essex Police,1.178798,51.799631,On or near Seafields Road,E01022034,Tendring 012C,Violence and sexual offences,Unable to prosecute suspect,
f250661985652fb32654afc9e08ae4a18ac714b3197cba59c1fd8d523bf7c128,2024-11,Essex Police,Essex Police,1.193246,51.802486,On or near Canterbury Road,E01022035,Tendring 012D,Violence and sexual offences,Unable to prosecute suspect,
1e96de10d459f589ff656673ad349dab59ae768c51b7a3e560921777f8b71d00,2024-11,Essex Police,Essex Police,1.192069,51.803292,On or near Johnston Close,E01022035,Tendring 012D,Violence and sexual offences,Unable to prosecute suspect,
dc3f7db87bef3f2169acdc6cf59c5c0a054b13249e82aa00052b60e696df99da,2024-11,Essex Police,Essex Police,1.190636,51.804365,On or near Kenilworth Road,E01022035,Tendring 012D,Violence and sexual offences,Unable to prosecute suspect,
359bd1758b82b75aff9c6bc3dd74f99af6a72a2a1fd96be07271341c3a7f56ed,2024-11,Essex Police,Essex Police,1.146607,51.805031,On or near Yarmouth Close,E01021975,Tendring 013A,Criminal damage and arson,Investigation complete; no suspect identified,
039f6a7209e667bd122df3fca28cafc02394c52f26feafee905cfa4dc33cc5fe,2024-11,Essex Police,Essex Police,1.145243,51.807109,On or near Ladbrooke Road,E01021975,Tendring 013A,Possession of weapons,Court result unavailable,
96ebf1b39faccbe8d70002826ab848e2a7ab326fdb875bae44d800821f77eb07,2024-11,Essex Police,Essex Police,1.146607,51.805031,On or near Yarmouth Close,E01021975,Tendring 013A,Public order,Unable to prosecute suspect,
b034164d80b945d968fe83c8403fd0248123316e442688cb02faff7cadb68cf4,2024-11,Essex Police,Essex Police,1.143424,51.808705,On or near Sillett Close,E01021975,Tendring 013A,Violence and sexual offences,Unable to prosecute suspect,
eb707fb0ddee112a55f25b8b877281307a66a1c118f87d35fa4fcdb6bf8b3da4,2024-11,Essex Police,Essex Police,1.143424,51.808705,On or near Sillett Close,E01021975,Tendring 013A,Violence and sexual offences,Unable to prosecute suspect,
dec46416826bc8ec5b79d6f8fc1691d84dc31f1b7a1ceda70d79da30069c1839,2024-11,Essex Police,Essex Police,1.132729,51.806373,On or near Cottage Walk,E01021976,Tendring 013B,Public order,Unable to prosecute suspect,
bc499d867257795e97dab19b7d3a0094f0617db7418605fee86da41aa8bf71ad,2024-11,Essex Police,Essex Police,1.142598,51.806002,On or near Dupont Close,E01021976,Tendring 013B,Robbery,Investigation complete; no suspect identified,
3a5768b604a4e2ecd0fbff3f68648c17c038ea957843bcef4b792ce83f69f1de,2024-11,Essex Police,Essex Police,1.142598,51.806002,On or near Dupont Close,E01021976,Tendring 013B,Vehicle crime,Investigation complete; no suspect identified,
827be2964ee9e75ffa06d32de4db822c9b987a85b044d5bae0104bca3762c3b8,2024-11,Essex Police,Essex Police,1.142598,51.806002,On or near Dupont Close,E01021976,Tendring 013B,Vehicle crime,Investigation complete; no suspect identified,
4e8dc194022da15b9cc9d2b36decea3c75ea23158f192271f588ce1d3ce89325,2024-11,Essex Police,Essex Police,1.134645,51.805980,On or near Minsmere Drive,E01021976,Tendring 013B,Violence and sexual offences,Unable to prosecute suspect,
4bd97db9a2496b0efafa57fe27bd1b8e68dba8114ab34f9ed5e93baa3b6b441d,2024-11,Essex Police,Essex Police,1.142385,51.808364,On or near Middleton Close,E01021976,Tendring 013B,Violence and sexual offences,Action to be taken by another organisation,
b3c9a32498c3612d0903299d2e420cbdd744f6fedc94668bfc5790dede2099a8,2024-11,Essex Police,Essex Police,1.142385,51.808364,On or near Middleton Close,E01021976,Tendring 013B,Violence and sexual offences,Unable to prosecute suspect,
e442b0c706eb6b982466d9c01f0f08813d46e326d6f13406352fce77f6ef0ee6,2024-11,Essex Police,Essex Police,1.142385,51.808364,On or near Middleton Close,E01021976,Tendring 013B,Violence and sexual offences,Unable to prosecute suspect,
,2024-11,Essex Police,Essex Police,1.127238,51.806070,On or near Little Clacton Road,E01021977,Tendring 013C,Anti-social behaviour,,
c008fa6613b39ba434055fbe9a718fb497036c7592aaccb2a18a51f7dc7e65a6,2024-11,Essex Police,Essex Police,1.109677,51.800264,On or near Parking Area,E01021977,Tendring 013C,Bicycle theft,Investigation complete; no suspect identified,
cbb2e4ced68428bb5deddc218738a7ffed744169f11fc1d5c68e03a1cd14c1ec,2024-11,Essex Police,Essex Police,1.122541,51.799413,On or near Woodbridge Grove,E01021977,Tendring 013C,Burglary,Court result unavailable,
3dae351dc2bde47d7c29ac1f0b3e7cf990d5cd2d031a35a8c03957fec1101f83,2024-11,Essex Police,Essex Police,1.126245,51.804927,On or near Cross Road,E01021977,Tendring 013C,Criminal damage and arson,Investigation complete; no suspect identified,
7e161d7c9989ffe23f948d573c9d7b87ef14e3286573518e888fc8f9c9634d0d,2024-11,Essex Police,Essex Police,1.104087,51.801080,On or near Melinda Lane,E01021977,Tendring 013C,Criminal damage and arson,Unable to prosecute suspect,
d3a149d5bf3cfc42b536554854a70613d58498cb8332a61c49786d32506e6419,2024-11,Essex Police,Essex Police,1.129415,51.802729,On or near Waterworks Drive,E01021977,Tendring 013C,Other theft,Investigation complete; no suspect identified,
438b02348dc1cbd393637723080c429eb031d22bd0daab82b99d98859f236502,2024-11,Essex Police,Essex Police,1.121759,51.803427,On or near Salmon Close,E01021977,Tendring 013C,Public order,Unable to prosecute suspect,
ca71747860ca0057caccea56c2739d92db3fb7d7d16b8a16043c8ee87bc264c7,2024-11,Essex Police,Essex Police,1.098710,51.800943,On or near Petrol Station,E01021977,Tendring 013C,Shoplifting,Investigation complete; no suspect identified,
6b5ef36413aac51edc7c026543c593a55bddb3f60775dd72c49990d4aa0b8921,2024-11,Essex Police,Essex Police,1.121759,51.803427,On or near Salmon Close,E01021977,Tendring 013C,Vehicle crime,Investigation complete; no suspect identified,
92b6fcc20d5d54e9af60d173276574d77fe38926b6f4b4a877fb05f342de579e,2024-11,Essex Police,Essex Police,1.118337,51.792104,On or near Jaywick Lane,E01021977,Tendring 013C,Violence and sexual offences,Unable to prosecute suspect,
ac94179de3ab5ca28e10e4ba89fb17f9ea93c4e5436d88a2917315c8dc471b1b,2024-11,Essex Police,Essex Police,1.129415,51.802729,On or near Waterworks Drive,E01021977,Tendring 013C,Violence and sexual offences,Unable to prosecute suspect,
bab93e53d87abdb67cf2a0aef9f7662237ac2f660c7f477e42fa810bc1d04408,2024-11,Essex Police,Essex Police,1.120846,51.794826,On or near Harpers Way,E01021977,Tendring 013C,Violence and sexual offences,Unable to prosecute suspect,
bc305ce9b2838ac5da218232c0c6fac2dea7e0c53b1b399b4da41086d05d2781,2024-11,Essex Police,Essex Police,1.123268,51.801534,On or near Shelley Road,E01021977,Tendring 013C,Violence and sexual offences,Investigation complete; no suspect identified,
,2024-11,Essex Police,Essex Police,1.142496,51.798908,On or near Pathfields Road,E01022022,Tendring 013D,Anti-social behaviour,,
,2024-11,Essex Police,Essex Police,1.139604,51.800721,On or near Hoxton Close,E01022022,Tendring 013D,Anti-social behaviour,,
3c81630586b72396d3ca714bc9c7a322146f5a556e7f3e72298912d9f589f8ad,2024-11,Essex Police,Essex Police,1.142496,51.798908,On or near Pathfields Road,E01022022,Tendring 013D,Criminal damage and arson,Unable to prosecute suspect,
22e154c86ee8b46dfde1432876a6874c1ad63ceb61feb9d03495ac23426df6c6,2024-11,Essex Police,Essex Police,1.145110,51.799378,On or near Thomas Road,E01022022,Tendring 013D,Drugs,Investigation complete; no suspect identified,
60cce653dd4801dc861e5c3b436d579054dc457ad2e1be21825f168ad12bee2c,2024-11,Essex Police,Essex Police,1.145110,51.799378,On or near Thomas Road,E01022022,Tendring 013D,Vehicle crime,Investigation complete; no suspect identified,
54347e80b242a9e62970ede1c99f50c33156b9e502eff955a6f99b07ee53a1b2,2024-11,Essex Police,Essex Police,1.142496,51.798908,On or near Pathfields Road,E01022022,Tendring 013D,Violence and sexual offences,Formal action is not in the public interest,
6e209270e716f36cf757b283ea4f85597c2ecd26d636379ee7b4518e511c661b,2024-11,Essex Police,Essex Police,1.142496,51.798908,On or near Pathfields Road,E01022022,Tendring 013D,Violence and sexual offences,Formal action is not in the public interest,
852dbd3f49e7723f99026b938bb7b54b711140668fe0af3d361d19e3f306446d,2024-11,Essex Police,Essex Police,1.141609,51.797214,On or near Coppins Road,E01022022,Tendring 013D,Violence and sexual offences,Unable to prosecute suspect,
4716eb910f981a47bb5b0871651115b73aa3395ef309c4dc974c1a90443d287a,2024-11,Essex Police,Essex Police,1.145110,51.799378,On or near Thomas Road,E01022022,Tendring 013D,Violence and sexual offences,Unable to prosecute suspect,
2daa3f36c6a9dd6d9ab8efd30988efe5adc578855fdd55f06b25c87cf512f55b,2024-11,Essex Police,Essex Police,1.142496,51.798908,On or near Pathfields Road,E01022022,Tendring 013D,Violence and sexual offences,Unable to prosecute suspect,
4ca0dc914575e50a25a5b47e07f9391fafd67ecb666cb5cfaa794b5cac5c8679,2024-11,Essex Police,Essex Police,1.142496,51.798908,On or near Pathfields Road,E01022022,Tendring 013D,Violence and sexual offences,Action to be taken by another organisation,
0d3e96d741e5248a5054bd860eb4710f525b926d53187d19ffbeec863598db3f,2024-11,Essex Police,Essex Police,1.146079,51.799127,On or near Melbourne Road,E01022022,Tendring 013D,Violence and sexual offences,Unable to prosecute suspect,
65a207a89bffe4e4f400f3f17cb7c81dc45a1c20d2c9e918032e8a28b7adab40,2024-11,Essex Police,Essex Police,1.142496,51.798908,On or near Pathfields Road,E01022022,Tendring 013D,Violence and sexual offences,Action to be taken by another organisation,
1edfebed7af272fc0cc880cad5a98647135260dac331985d59b4f1155f137ad8,2024-11,Essex Police,Essex Police,1.142496,51.798908,On or near Pathfields Road,E01022022,Tendring 013D,Violence and sexual offences,Formal action is not in the public interest,
6927aa98b04fda6b7b1cd10d291ff98d418421f80917d026f7a422d713acb6fa,2024-11,Essex Police,Essex Police,1.142496,51.798908,On or near Pathfields Road,E01022022,Tendring 013D,Violence and sexual offences,Formal action is not in the public interest,
8e751a032d503508915c72f77b245d99ad132e71e49a72a682ccc2f096b8621e,2024-11,Essex Police,Essex Police,1.142398,51.803129,On or near Neasden Avenue,E01022022,Tendring 013D,Violence and sexual offences,Unable to prosecute suspect,
9956c09085d93cff77ef4a03ab9e9212adfc20b896c5694c84d5adc1b07fd8d4,2024-11,Essex Police,Essex Police,1.148691,51.807457,On or near Sherwood Drive,E01022044,Tendring 013E,Other theft,Investigation complete; no suspect identified,
c31463ccc3426c55addae643193ee87f48abffc430280a7ca5eb81507a7d9490,2024-11,Essex Police,Essex Police,1.151293,51.806686,On or near High View Avenue,E01022044,Tendring 013E,Vehicle crime,Investigation complete; no suspect identified,
3ea22501b4b553af7cd465e72439628f389f312af48c925e6a9a7f656cb6c1a5,2024-11,Essex Police,Essex Police,1.153768,51.810136,On or near Cypress Close,E01022044,Tendring 013E,Violence and sexual offences,Unable to prosecute suspect,
230d60bf17c57aee1bd3629c94a8964ec6d40d47d9730f1bb5dff169f855260a,2024-11,Essex Police,Essex Police,1.147374,51.806260,On or near Oak Close,E01022044,Tendring 013E,Violence and sexual offences,Unable to prosecute suspect,
99a102b4e7284faf0f463ff532457bbe77de7815ad6b587435df2aa4625a87ff,2024-11,Essex Police,Essex Police,1.147374,51.806260,On or near Oak Close,E01022044,Tendring 013E,Violence and sexual offences,Unable to prosecute suspect,
4e67c8f67dfa34a6ff04ac05a67d4a6a1b435266ecef113b801e5cd121c5966c,2024-11,Essex Police,Essex Police,1.152723,51.809931,On or near Pinewood Close,E01022044,Tendring 013E,Violence and sexual offences,Unable to prosecute suspect,
a8b9d47d148bbaf1f8a89257ade64164140f059b13475c5941cecc76ef8a9a58,2024-11,Essex Police,Essex Police,1.147013,51.808150,On or near Richards Walk,E01022044,Tendring 013E,Violence and sexual offences,Unable to prosecute suspect,
,2024-11,Essex Police,Essex Police,1.154792,51.804649,On or near B1369,E01022042,Tendring 014A,Anti-social behaviour,,
,2024-11,Essex Police,Essex Police,1.147262,51.803394,On or near Litchfield Close,E01022042,Tendring 014A,Anti-social behaviour,,
,2024-11,Essex Police,Essex Police,1.154792,51.804649,On or near B1369,E01022042,Tendring 014A,Anti-social behaviour,,
6ce4aab8a3639a4ae94b31a550b7b089e9b34b7dd67da9062b10523bcf3d57c3,2024-11,Essex Police,Essex Police,1.153771,51.804983,On or near Parking Area,E01022042,Tendring 014A,Bicycle theft,Investigation complete; no suspect identified,
e88352b5b3483b9c54b2ddb37c01df1277e5f084b16aee68ef451bea50df74f1,2024-11,Essex Police,Essex Police,1.153771,51.804983,On or near Parking Area,E01022042,Tendring 014A,Criminal damage and arson,Investigation complete; no suspect identified,
0dbe6ad65ba0c891f891a27ceb5e134679b7bdfc64ba7186ffe4d0bc5a735a48,2024-11,Essex Police,Essex Police,1.151244,51.802546,On or near Sports/Recreation Area,E01022042,Tendring 014A,Criminal damage and arson,Unable to prosecute suspect,
affb4352a9e1d2383d9ebd4fdc7219447fda24eb126428437834c9a2749ffde8,2024-11,Essex Police,Essex Police,1.151244,51.802546,On or near Sports/Recreation Area,E01022042,Tendring 014A,Criminal damage and arson,Unable to prosecute suspect,
a572f00a6d96b64682aa9f6d04293b0499418bf913e0464ebe701e93e3c3cebb,2024-11,Essex Police,Essex Police,1.149364,51.802960,On or near Orchard Place,E01022042,Tendring 014A,Drugs,Investigation complete; no suspect identified,
33e6d3c170419730a03443f75dd8d788952e1bb600d8d81c8365cf84d2faaf43,2024-11,Essex Police,Essex Police,1.149364,51.802960,On or near Orchard Place,E01022042,Tendring 014A,Other theft,Investigation complete; no suspect identified,
a998b6beb88facf29c3ec9b88e4fb3b1b89a491ed4a705be564b924ca68a73c8,2024-11,Essex Police,Essex Police,1.153771,51.804983,On or near Parking Area,E01022042,Tendring 014A,Other theft,Investigation complete; no suspect identified,
2d173c9294297a889d8d863c78e6e4a58ad197354a07b34ab9e9b882b3e2b0a4,2024-11,Essex Police,Essex Police,1.150417,51.801205,On or near Knox Gardens,E01022042,Tendring 014A,Vehicle crime,Investigation complete; no suspect identified,
abdca320f27ab5204ff9dcf1c419c3513d8547ea72123fe0f43592dda418438b,2024-11,Essex Police,Essex Police,1.149364,51.802960,On or near Orchard Place,E01022042,Tendring 014A,Violence and sexual offences,Unable to prosecute suspect,
abb45b0f7e82b04194b20149f1dfc4f81dba191f5562fcb82f38fa75943e4e05,2024-11,Essex Police,Essex Police,1.151495,51.803344,On or near Elmden Court,E01022042,Tendring 014A,Violence and sexual offences,Unable to prosecute suspect,
54d9db31f3fe32965c71f8005a70cfa37b6cb1d64184e7d00b51f1c0b58db982,2024-11,Essex Police,Essex Police,1.150417,51.801205,On or near Knox Gardens,E01022042,Tendring 014A,Violence and sexual offences,Unable to prosecute suspect,
525cc1a2fc435832cdeb045a236d868e7c6c256092c172c554ab891f2a96e78d,2024-11,Essex Police,Essex Police,1.151244,51.802546,On or near Sports/Recreation Area,E01022042,Tendring 014A,Violence and sexual offences,Unable to prosecute suspect,
,2024-11,Essex Police,Essex Police,1.155466,51.802248,On or near Windmill Park,E01022043,Tendring 014B,Anti-social behaviour,,
,2024-11,Essex Police,Essex Police,1.153539,51.796678,On or near Harrow Road,E01022043,Tendring 014B,Anti-social behaviour,,
4ac70c89e0b5c5d422d5075107aff862b7a6eeffbd9907a8226bb21690f0adc8,2024-11,Essex Police,Essex Police,1.154551,51.797874,On or near Oxford Crescent,E01022043,Tendring 014B,Criminal damage and arson,Unable to prosecute suspect,
2e7f112f7d1b4b47b57639d1accc3e525eecbf62766494a45ac609ec0300ddfa,2024-11,Essex Police,Essex Police,1.153518,51.799494,On or near Tewkesbury Road,E01022043,Tendring 014B,Criminal damage and arson,Investigation complete; no suspect identified,
a3c472b254ac14a83ef109c42179b0843a1bc84f694d22cf2b927d986f52ac34,2024-11,Essex Police,Essex Police,1.153539,51.796678,On or near Harrow Road,E01022043,Tendring 014B,Criminal damage and arson,Unable to prosecute suspect,
a1af0bd81f231be2accd4fb49812a31bdf80929fa4d22c58d8e9e8821d41a9ff,2024-11,Essex Police,Essex Police,1.154551,51.797874,On or near Oxford Crescent,E01022043,Tendring 014B,Criminal damage and arson,Unable to prosecute suspect,
769e184a982a1e7197c9dc43b4d3eba34e59d18c3a74bccd43f2076a56248fa3,2024-11,Essex Police,Essex Police,1.153518,51.799494,On or near Tewkesbury Road,E01022043,Tendring 014B,Criminal damage and arson,Local resolution,
e01b738e1acb98936c18de3cd9236a2ffcd1fb6fe79f3923b88a3ece328447bf,2024-11,Essex Police,Essex Police,1.153657,51.797332,On or near Eton Road,E01022043,Tendring 014B,Drugs,Investigation complete; no suspect identified,
ae4e377b9694d112f64c2456de035bbf2a37c25143b44b41e416868d08919a1f,2024-11,Essex Police,Essex Police,1.151279,51.800049,On or near Petrol Station,E01022043,Tendring 014B,Other theft,Investigation complete; no suspect identified,
990908d9291b4939dfccf082feeb541b6096cadd887797d2321d017e21baa932,2024-11,Essex Police,Essex Police,1.158396,51.801544,On or near Petrol Station,E01022043,Tendring 014B,Other theft,Investigation complete; no suspect identified,
1f6875c6ed248a937cfe50424b418d0dfac6a7ce93c30e1ecbff3464f65bda44,2024-11,Essex Police,Essex Police,1.155466,51.802248,On or near Windmill Park,E01022043,Tendring 014B,Other theft,Unable to prosecute suspect,
a7f792285213618658ff3fe32e855f7a2336291660124f22a4c3ee50340f86fa,2024-11,Essex Police,Essex Police,1.151279,51.800049,On or near Petrol Station,E01022043,Tendring 014B,Other theft,Investigation complete; no suspect identified,
da56b7014a0c1ba38c873d84ebd001799ae4b375460827275fcf89eeb8961edb,2024-11,Essex Police,Essex Police,1.153657,51.797332,On or near Eton Road,E01022043,Tendring 014B,Possession of weapons,Investigation complete; no suspect identified,
c1f1a087b32962157623628927d083b446fd8858aba2e3db7f74a22e42fe3bca,2024-11,Essex Police,Essex Police,1.153539,51.796678,On or near Harrow Road,E01022043,Tendring 014B,Robbery,Investigation complete; no suspect identified,
6ce4c68218e271102e965c21b0c88372ae06629fa75e90e3d6e40e1344540bb4,2024-11,Essex Police,Essex Police,1.158914,51.802191,On or near Petrol Station,E01022043,Tendring 014B,Shoplifting,Court result unavailable,
753580d9e95baa1e1e2b628e3fd3fb65dcdade72f6f497295176149abd9d1df8,2024-11,Essex Police,Essex Police,1.153657,51.797332,On or near Eton Road,E01022043,Tendring 014B,Theft from the person,Unable to prosecute suspect,
f2010220be66bb6306a58650061e8d95b17b3cdda4ee252e3e8a626c026eee7d,2024-11,Essex Police,Essex Police,1.154212,51.800294,On or near Berkeley Road,E01022043,Tendring 014B,Violence and sexual offences,Unable to prosecute suspect,
a8fff4cf102fbdbddea7d1a24e702b874893a605aad1b32645d8c817ae6f3ed6,2024-11,Essex Police,Essex Police,1.157117,51.798480,On or near Oxford Road,E01022043,Tendring 014B,Violence and sexual offences,Investigation complete; no suspect identified,
fdc275baa42a839eae72ea869c3592aac631569cd5cf971886c5b3bb54796672,2024-11,Essex Police,Essex Police,1.153657,51.797332,On or near Eton Road,E01022043,Tendring 014B,Violence and sexual offences,Investigation complete; no suspect identified,
476636a98d47989acb90ffc2bffc094ae51a50a09fd8bb8b2fcedb37dbf010d7,2024-11,Essex Police,Essex Police,1.157117,51.798480,On or near Oxford Road,E01022043,Tendring 014B,Violence and sexual offences,Unable to prosecute suspect,
1fa0793afbbd7e57e466c448966ccae9ae06217a31b20eb934251753551de3e7,2024-11,Essex Police,Essex Police,1.153539,51.796678,On or near Harrow Road,E01022043,Tendring 014B,Violence and sexual offences,Unable to prosecute suspect,
a1c08d4f533b518e4728765045f0cac22fc7f2d031737cac9ebfc6aacf28c878,2024-11,Essex Police,Essex Police,1.155466,51.802248,On or near Windmill Park,E01022043,Tendring 014B,Violence and sexual offences,Unable to prosecute suspect,
61433e8c7b569f863961899f406698dcba30fb1768387186374594c45ba28ab8,2024-11,Essex Police,Essex Police,1.154212,51.800294,On or near Berkeley Road,E01022043,Tendring 014B,Violence and sexual offences,Action to be taken by another organisation,
b599c272c002fb18cd1155d28f3b7c7341f6a9d160da96cb40f778b8059f1928,2024-11,Essex Police,Essex Police,1.165987,51.796919,On or near Lyon Close,E01022048,Tendring 014C,Criminal damage and arson,Action to be taken by another organisation,
7f08696acfd4147c06a08c30015ce15e9c09b0201ea49fcc460ab50ef219922a,2024-11,Essex Police,Essex Police,1.169296,51.801696,On or near Clarendon Park,E01022048,Tendring 014C,Public order,Status update unavailable,
9cfc1109a5c3484eb83df034cb779fa1b98ba2c1f3f1d85d8e20eb2c72e0a217,2024-11,Essex Police,Essex Police,1.164454,51.792014,On or near Ambleside Court,E01022048,Tendring 014C,Vehicle crime,Investigation complete; no suspect identified,
d309535b59ce3e54be8ac47397d37ab6e01000f7fdb5126d3dea68c0d7126198,2024-11,Essex Police,Essex Police,1.165987,51.796919,On or near Lyon Close,E01022048,Tendring 014C,Violence and sexual offences,Unable to prosecute suspect,
faad5c42561c4feb374bd36fc738c5e131b39eb79a209806ac644c5c083f5b3e,2024-11,Essex Police,Essex Police,1.165192,51.794053,On or near Victoria Road,E01022048,Tendring 014C,Violence and sexual offences,Unable to prosecute suspect,
249f2bb65fce68bb93eaaaf5e280e6345639d5e6b7a6dd48fd1a7321f96ccbfa,2024-11,Essex Police,Essex Police,1.167173,51.794387,On or near Lancaster Gardens East,E01022048,Tendring 014C,Violence and sexual offences,Unable to prosecute suspect,
f0c60253aa26d32304c781d46e7600129a449ee312577f4e30749163ad93ef94,2024-11,Essex Police,Essex Police,1.164454,51.792014,On or near Ambleside Court,E01022048,Tendring 014C,Violence and sexual offences,Investigation complete; no suspect identified,
,2024-11,Essex Police,Essex Police,1.163308,51.802774,On or near Valley Road,E01022049,Tendring 014D,Anti-social behaviour,,
0808f36299dbb89718dd779572744325380dd5d70efbc84c3196dee6208fcfec,2024-11,Essex Police,Essex Police,1.160012,51.797143,On or near Parking Area,E01022049,Tendring 014D,Bicycle theft,Investigation complete; no suspect identified,
15919eae4d5c5b0b7156ba25b7eee681f7c96860e12f88ed057961caec05bfbe,2024-11,Essex Police,Essex Police,1.158036,51.795442,On or near Recreation Road,E01022049,Tendring 014D,Criminal damage and arson,Investigation complete; no suspect identified,
514e205cc8951c76b0381485ef40b159ec6e591865418d8c6ba56e2d046ca585,2024-11,Essex Police,Essex Police,1.162567,51.791579,On or near St Paul'S Road,E01022049,Tendring 014D,Criminal damage and arson,Investigation complete; no suspect identified,
f566ff2d88bd7779baf36222277f11f25cccc6ae2412510914f206b800811bf6,2024-11,Essex Police,Essex Police,1.158036,51.795442,On or near Recreation Road,E01022049,Tendring 014D,Criminal damage and arson,Investigation complete; no suspect identified,
567091bccd8d6d8fbd422f4004ac04ae26acc32c2f20b2fb49a63fd939afdadd,2024-11,Essex Police,Essex Police,1.160012,51.797143,On or near Parking Area,E01022049,Tendring 014D,Public order,Formal action is not in the public interest,
b57e91ccdb9729049e494c0fbc6e5a6d6b7c556e94e7897291326a54f5e87505,2024-11,Essex Police,Essex Police,1.160012,51.797143,On or near Parking Area,E01022049,Tendring 014D,Theft from the person,Unable to prosecute suspect,
242b7920122e3fb524470b2901e11ff057773efc0af96cbc37e2ebc0022b62df,2024-11,Essex Police,Essex Police,1.162567,51.791579,On or near St Paul'S Road,E01022049,Tendring 014D,Vehicle crime,Investigation complete; no suspect identified,
42f33e8c7e05804ca3eb72c4e09d35165abfcacb0eabb7aac86bb9eba2179cd1,2024-11,Essex Police,Essex Police,1.162567,51.791579,On or near St Paul'S Road,E01022049,Tendring 014D,Vehicle crime,Investigation complete; no suspect identified,
46ab2aa9c16d4832fce8c26fe078c84594e47ed6e459b882e08d09a798fcf0dd,2024-11,Essex Police,Essex Police,1.164255,51.801391,On or near Archery Fields,E01022049,Tendring 014D,Violence and sexual offences,Unable to prosecute suspect,
e8c0742f7ae8af165e2df3e054d55940d98ab2c190076e74e59a6560346144d0,2024-11,Essex Police,Essex Police,1.161553,51.791183,On or near Church Road,E01022049,Tendring 014D,Violence and sexual offences,Unable to prosecute suspect,
96e8cd4e9bf213f73b3a4714abb8e76cb1d204640348245ccc04f6e2bde4f42c,2024-11,Essex Police,Essex Police,1.160012,51.797143,On or near Parking Area,E01022049,Tendring 014D,Violence and sexual offences,Investigation complete; no suspect identified,
332011a1877c446e01d16e613c94abe8986f93cb62550d62849e63cd2e8161be,2024-11,Essex Police,Essex Police,1.158036,51.795442,On or near Recreation Road,E01022049,Tendring 014D,Violence and sexual offences,Court result unavailable,
215ea891f2a393b524e7379204db08b67c05240d56f280d5cce00bbf41c9592a,2024-11,Essex Police,Essex Police,1.161003,51.795344,On or near Walton Road,E01022049,Tendring 014D,Violence and sexual offences,Unable to prosecute suspect,
bf8bfc20050c1234fb82a8096992ec3310360eb788bf849ad2444939fded19c6,2024-11,Essex Police,Essex Police,1.158036,51.795442,On or near Recreation Road,E01022049,Tendring 014D,Violence and sexual offences,Unable to prosecute suspect,
2a276c422aec783bdf31fc4633269b410722de12e1bd40faab6d8c75ae2044f3,2024-11,Essex Police,Essex Police,1.162696,51.800057,On or near Clay Hall Crescent,E01022049,Tendring 014D,Violence and sexual offences,Investigation complete; no suspect identified,
d86f77d2f59a02f4e2bd1a6704649a31da1590d7e716318f40956dadfc151abf,2024-11,Essex Police,Essex Police,1.161003,51.795344,On or near Walton Road,E01022049,Tendring 014D,Violence and sexual offences,Unable to prosecute suspect,
c9feba5030c4f4f70bbef80e88d1cc53a72a623fa235daa3fe3a0392447eb7c2,2024-11,Essex Police,Essex Police,1.160012,51.797143,On or near Parking Area,E01022049,Tendring 014D,Violence and sexual offences,Local resolution,
ee8922e9e8de639da670725d3b32ad2b16950a4b301d4e8a3cc2c832daaeaad5,2024-11,Essex Police,Essex Police,1.164651,51.798556,On or near Boley Drive,E01022049,Tendring 014D,Violence and sexual offences,Status update unavailable,
23d967d6984587f65070c3b62ee06a88b3e40cce425c78780df5d19ddb288158,2024-11,Essex Police,Essex Police,1.160012,51.797143,On or near Parking Area,E01022049,Tendring 014D,Violence and sexual offences,Formal action is not in the public interest,
b6cbefcde8fc252b0565f1ed4904464822ec92996e203e6d92df6d70fd806967,2024-11,Essex Police,Essex Police,1.162567,51.791579,On or near St Paul'S Road,E01022049,Tendring 014D,Violence and sexual offences,Investigation complete; no suspect identified,
077d773a462dc63f8b86c511f1b22bda96361337bfe578faa11b06a10f364b6c,2024-11,Essex Police,Essex Police,1.164784,51.800657,On or near Wyndham Crescent,E01022049,Tendring 014D,Violence and sexual offences,Unable to prosecute suspect,
,2024-11,Essex Police,Essex Police,1.164280,51.804017,On or near Valleybridge Road,E01022050,Tendring 014E,Anti-social behaviour,,
91d84b5000f0879650126bf876b78941651c5a9738296fdbc6671f268a1318db,2024-11,Essex Police,Essex Police,1.172095,51.798175,On or near Abbigail Gardens,E01022050,Tendring 014E,Bicycle theft,Investigation complete; no suspect identified,
3dbe4e1ed79ce4d5924a1641593c4cf7dbf3e3d34d4d3878b2e9b426d7e2e7ac,2024-11,Essex Police,Essex Police,1.164280,51.804017,On or near Valleybridge Road,E01022050,Tendring 014E,Criminal damage and arson,Unable to prosecute suspect,
d347977bb13ab9a93a84a78f9c4625d4ed28199cc7948fedac59ed7e76a3af1b,2024-11,Essex Police,Essex Police,1.171540,51.799557,On or near B1032,E01022050,Tendring 014E,Other theft,Investigation complete; no suspect identified,
12e9b4301fc91d17a414fd055b58788c471724904653e6bc4ec80e7319d538da,2024-11,Essex Police,Essex Police,1.171540,51.799557,On or near B1032,E01022050,Tendring 014E,Other theft,Investigation complete; no suspect identified,
681bc4ce8a0f33fc744b8e65e1c0e10582d8079c97cbcbdb8ee9b02e8d6d9870,2024-11,Essex Police,Essex Police,1.172793,51.802528,On or near Shrubland Court,E01022050,Tendring 014E,Violence and sexual offences,Unable to prosecute suspect,
94f6a23013bf921b0d89f0df07f685815d4fe595b37020f066b0cfa9ce7ac502,2024-11,Essex Police,Essex Police,1.164280,51.804017,On or near Valleybridge Road,E01022050,Tendring 014E,Violence and sexual offences,Unable to prosecute suspect,
c377e8da54612f276be643c549fff1c74faca7bccc8eb6b7d923df46689c265d,2024-11,Essex Police,Essex Police,1.167025,51.792268,On or near Marine Parade East,E01022050,Tendring 014E,Violence and sexual offences,Investigation complete; no suspect identified,
0ecc8d89a2b69ce949b785c36b043214da055c1fe9ef1c2de45ec7a2e6f0ccff,2024-11,Essex Police,Essex Police,1.164280,51.804017,On or near Valleybridge Road,E01022050,Tendring 014E,Violence and sexual offences,Unable to prosecute suspect,
0aea4dac43131fae138e31a1f3f6d22685b8fad9fbe4f4a5e7ad9a8ddf0f89a4,2024-11,Essex Police,Essex Police,1.133246,51.800450,On or near Camellia Crescent,E01022023,Tendring 015A,Drugs,Local resolution,
67b388d69c553465546591698cf8c45fbade60c4d55aedaec0ee540130cd3e86,2024-11,Essex Police,Essex Police,1.131950,51.799118,On or near Azalea Way,E01022023,Tendring 015A,Violence and sexual offences,Unable to prosecute suspect,
bc1a0436dd017ec536d94f294e9e3ee59768c5ba980c46e0bd5aca006760df46,2024-11,Essex Police,Essex Police,1.132771,51.798619,On or near Aster Close,E01022023,Tendring 015A,Violence and sexual offences,Court result unavailable,
e11a413339f9d0836cd23a77c4829732c0fc0f54629939f3eb6a8320089f02b0,2024-11,Essex Police,Essex Police,1.136498,51.798403,On or near Douglas Road,E01022023,Tendring 015A,Violence and sexual offences,Unable to prosecute suspect,
35022e69d1ced9bbb9907ef128b09713492fcae56d7fef480f9b7f16d74a2f02,2024-11,Essex Police,Essex Police,1.131179,51.799507,On or near Gardenia Place,E01022023,Tendring 015A,Violence and sexual offences,Local resolution,
7bfb79e549bbc4d00b13b632710f0236185c9c479f1b9f65edeeb6fd6fae7fec,2024-11,Essex Police,Essex Police,1.136461,51.800364,On or near Marigold Avenue,E01022023,Tendring 015A,Violence and sexual offences,Unable to prosecute suspect,
858396690210bb508d3bca3e2c5d40f9ec1ca86335ce5c4ca95afe9cc116bd69,2024-11,Essex Police,Essex Police,1.132771,51.798619,On or near Aster Close,E01022023,Tendring 015A,Violence and sexual offences,Unable to prosecute suspect,
ffd56d9c305ac5b5dad7129ccbd54ddcaf688adf8468a5d8dd75fd721fc8cb3d,2024-11,Essex Police,Essex Police,1.137989,51.803364,On or near Pollard Walk,E01022024,Tendring 015B,Criminal damage and arson,Unable to prosecute suspect,
1e06c4a5b3fbe3e55f5d8c2c6a456d6fa33fd65b28576148a319e8b4760437b5,2024-11,Essex Police,Essex Police,1.134711,51.801490,On or near Woolwich Road,E01022024,Tendring 015B,Drugs,Local resolution,
dbd9eda96e8b7312938e2eeb2dc3379a4ef2abbfce89f58669489ed0609f5f85,2024-11,Essex Police,Essex Police,1.137989,51.803364,On or near Pollard Walk,E01022024,Tendring 015B,Violence and sexual offences,Unable to prosecute suspect,
9f860325fc0ad4f35d203d45c84b22179488d6b9fcd1ece62bcf587b5be6e716,2024-11,Essex Police,Essex Police,1.125884,51.799513,On or near Lavenham Close,E01022030,Tendring 015C,Criminal damage and arson,Investigation complete; no suspect identified,
e384aad1ed3043dc47a2a3d651c36014ee65cd912d84bf6e4674ecd32e2ec615,2024-11,Essex Police,Essex Police,1.123163,51.797499,On or near Felixstowe Close,E01022030,Tendring 015C,Other theft,Investigation complete; no suspect identified,
f391344dd9425951ac7b3924755b164cfcf424ce563e542f953ff46cb9a3d5a2,2024-11,Essex Police,Essex Police,1.129760,51.801218,On or near Dedham Avenue,E01022030,Tendring 015C,Violence and sexual offences,Unable to prosecute suspect,
ebedbdc1de3c8df44897c2deca1d1cee78bd78b58b642a13761a94f86c4cf4cf,2024-11,Essex Police,Essex Police,1.129760,51.801218,On or near Dedham Avenue,E01022030,Tendring 015C,Violence and sexual offences,Unable to prosecute suspect,
8237ade90525bca4ba936c4384b7fdc54f163a6958e9362b92d95b0c845e885d,2024-11,Essex Police,Essex Police,1.127420,51.799490,On or near Nayland Drive,E01022030,Tendring 015C,Violence and sexual offences,Unable to prosecute suspect,
,2024-11,Essex Police,Essex Police,1.127626,51.796175,On or near Tanner Close,E01022031,Tendring 015D,Anti-social behaviour,,
,2024-11,Essex Police,Essex Police,1.129370,51.796641,On or near Langham Drive,E01022031,Tendring 015D,Anti-social behaviour,,
,2024-11,Essex Police,Essex Police,1.129370,51.796641,On or near Langham Drive,E01022031,Tendring 015D,Anti-social behaviour,,
7487507d6abf6da312b285e3448acba6d9d8a3d986d4f35ca0885137fc5188ab,2024-11,Essex Police,Essex Police,1.130326,51.798081,On or near Polstead Way,E01022031,Tendring 015D,Criminal damage and arson,Investigation complete; no suspect identified,
640ce39f98b5fda06abcffe7235661eb92f3323fae480eae1345866c99fb7b71,2024-11,Essex Police,Essex Police,1.130377,51.797154,On or near Trimley Close,E01022031,Tendring 015D,Drugs,Unable to prosecute suspect,
627c19e5c582502c8803ffa72cea85658b2b15068b3cc8d9e885eec07ca03f5d,2024-11,Essex Police,Essex Police,1.129370,51.796641,On or near Langham Drive,E01022031,Tendring 015D,Other theft,Unable to prosecute suspect,
ed9438a6703674ac1f7d3f775eee270ebe88b1b03854875f975128977d499896,2024-11,Essex Police,Essex Police,1.130377,51.797154,On or near Trimley Close,E01022031,Tendring 015D,Possession of weapons,Unable to prosecute suspect,
97f58d0ac0f7d7f2de5c9a297a46d09afcb4329e28a38d42b093c396156f9f1f,2024-11,Essex Police,Essex Police,1.125923,51.798190,On or near Mendlesham Close,E01022031,Tendring 015D,Vehicle crime,Unable to prosecute suspect,
730ad3a0a0490cc7dbc97c40294de06d6f1e17e8435019eea8b0c115dfc0fc3c,2024-11,Essex Police,Essex Police,1.125923,51.798190,On or near Mendlesham Close,E01022031,Tendring 015D,Violence and sexual offences,Unable to prosecute suspect,
fec8e4263361069fcb21a87a955460deaa39009727ed64d1afb8ea0c833872b3,2024-11,Essex Police,Essex Police,1.125923,51.798190,On or near Mendlesham Close,E01022031,Tendring 015D,Violence and sexual offences,Unable to prosecute suspect,
c7e0b23fb4f40031e4efbf0dc048b1a20257bb32b38673bd77175f8d5c30fc4c,2024-11,Essex Police,Essex Police,1.131308,51.797812,On or near Boxted Avenue,E01022031,Tendring 015D,Violence and sexual offences,Action to be taken by another organisation,
8d95dcf181b9608520ee5a6edeccd697e7d250eb4027bde5565e3fbdc00a45e6,2024-11,Essex Police,Essex Police,1.125923,51.798190,On or near Mendlesham Close,E01022031,Tendring 015D,Violence and sexual offences,Investigation complete; no suspect identified,
277efe14ed972201c06e7c71caa798070e3e8fe5acabd1e780bb76895a986f81,2024-11,Essex Police,Essex Police,1.125923,51.798190,On or near Mendlesham Close,E01022031,Tendring 015D,Violence and sexual offences,Unable to prosecute suspect,
0afb53794be26db8dd86f01be7d3af8a861eab169fee424c8a22d5b23fc9d5af,2024-11,Essex Police,Essex Police,1.125923,51.798190,On or near Mendlesham Close,E01022031,Tendring 015D,Violence and sexual offences,Unable to prosecute suspect,
ee22d8f4aea9e074137d352f60f11bf984a5cec6618cf07795de9acde0208f14,2024-11,Essex Police,Essex Police,1.126714,51.797242,On or near Maldon Way,E01022031,Tendring 015D,Violence and sexual offences,Court result unavailable,
4293cc70e21f29620790d167bc68596ac8ec8d1cb0d82c6367ef025c5ee87277,2024-11,Essex Police,Essex Police,1.127626,51.796175,On or near Tanner Close,E01022031,Tendring 015D,Violence and sexual offences,Unable to prosecute suspect,
dea71f4696fc6caa4751c4c24624732eca545dd9a09f0d3c3ee922736b990752,2024-11,Essex Police,Essex Police,1.125923,51.798190,On or near Mendlesham Close,E01022031,Tendring 015D,Violence and sexual offences,Unable to prosecute suspect,
946370d6b8ffc2193af2043853b2a04cbebe80b5ed959058652430895416e3b3,2024-11,Essex Police,Essex Police,1.125923,51.798190,On or near Mendlesham Close,E01022031,Tendring 015D,Violence and sexual offences,Unable to prosecute suspect,
efe159e5921ca1a10b37ac1d855b03d0dad38c2f471b876b3a8c68cd3985b809,2024-11,Essex Police,Essex Police,1.127376,51.797869,On or near Sports/Recreation Area,E01022031,Tendring 015D,Violence and sexual offences,Local resolution,
785ab59d9c5e5bdc82064535633fbfda143f0726fee90f997e85c1c1c1893f0a,2024-11,Essex Police,Essex Police,1.127626,51.796175,On or near Tanner Close,E01022031,Tendring 015D,Violence and sexual offences,Awaiting court outcome,
c4c792d3af4dd95fb2edcc27f29fc837c26351653b0607b39267aa06760fdcc2,2024-11,Essex Police,Essex Police,1.125923,51.798190,On or near Mendlesham Close,E01022031,Tendring 015D,Violence and sexual offences,Unable to prosecute suspect,
ae9c6f5538b1c1f9ae62242f33e7c9482729ebae83d9bae4a224c27b41adb9ba,2024-11,Essex Police,Essex Police,1.127376,51.797869,On or near Sports/Recreation Area,E01022031,Tendring 015D,Other crime,Action to be taken by another organisation,
40e3ab190286d95095514806bce0b835d5d1fc33a75b7cafaa66e5d37f955cc8,2024-11,Essex Police,Essex Police,1.130377,51.797154,On or near Trimley Close,E01022031,Tendring 015D,Other crime,Unable to prosecute suspect,
72cb74f7cf3f23afe5d829eba6f9797816e513efeeb884d6fa22af2f0b5fd555,2024-11,Essex Police,Essex Police,1.132463,51.792511,On or near Sycamore Way,E01022032,Tendring 015E,Criminal damage and arson,Unable to prosecute suspect,
46fa6ba9f3f160984eb6e4805baca7b7cd9deb7c4e8d8aa5ee6d1a14337aef61,2024-11,Essex Police,Essex Police,1.139907,51.794228,On or near St Osyth Road,E01022032,Tendring 015E,Drugs,Local resolution,
b188cd89380ed0716b4e97e7b1f307564c8a0594242ad0eaae2f87716fc5bbbc,2024-11,Essex Police,Essex Police,1.139907,51.794228,On or near St Osyth Road,E01022032,Tendring 015E,Other theft,Investigation complete; no suspect identified,
bc035b708c0c0cc6dab7df6161dc08fce54f93f3747dbac031eb96848ae08758,2024-11,Essex Police,Essex Police,1.133608,51.793119,On or near Lime Close,E01022032,Tendring 015E,Public order,Unable to prosecute suspect,
8b7e81c4149d63f8fc8c6be42e1357f751b44fa81848c0505438db9369dec67f,2024-11,Essex Police,Essex Police,1.129867,51.791456,On or near Poplar Close,E01022032,Tendring 015E,Vehicle crime,Investigation complete; no suspect identified,
5a56714e8fcb835ef8cba6f31835c7a1911b3e239890981083808bb62612190d,2024-11,Essex Police,Essex Police,1.131663,51.795617,On or near Birch Close,E01022032,Tendring 015E,Vehicle crime,Investigation complete; no suspect identified,
24d7538628a35d01d7506d4f2ad8d11a0973a1ddc12250e147920c604ff5c2c6,2024-11,Essex Police,Essex Police,1.131516,51.791817,On or near Walnut Way,E01022032,Tendring 015E,Violence and sexual offences,Unable to prosecute suspect,
1e0f596e925ebb09b93524ed2e4a53cd1a77460be93596cfecdc5213f18725a6,2024-11,Essex Police,Essex Police,1.131516,51.791817,On or near Walnut Way,E01022032,Tendring 015E,Violence and sexual offences,Unable to prosecute suspect,
7503ef72fa936a5b879ec6b8b23b5c6c0e367d48ef1d151d2ac933b7ff410784,2024-11,Essex Police,Essex Police,1.131663,51.795617,On or near Birch Close,E01022032,Tendring 015E,Violence and sexual offences,Unable to prosecute suspect,
b1ac3f387c2b93fce73732a1208e9b627eddfe03c1116df0773c2009071c0b47,2024-11,Essex Police,Essex Police,1.131311,51.793261,On or near The Lane,E01022032,Tendring 015E,Violence and sexual offences,Unable to prosecute suspect,
,2024-11,Essex Police,Essex Police,1.150330,51.797385,On or near Petrol Station,E01021970,Tendring 016A,Anti-social behaviour,,
,2024-11,Essex Police,Essex Police,1.150678,51.796215,On or near Fairfield Road,E01021970,Tendring 016A,Anti-social behaviour,,
5480cd9e36ec900a4e36bb48a3cc003f931c89552856093ab9ef36760482de17,2024-11,Essex Police,Essex Police,1.147345,51.796889,On or near Lodge Close,E01021970,Tendring 016A,Burglary,Awaiting court outcome,
48ae6eced6b22ddefdf1f33775981c64c4b0556eaa73c872e266ef4d60c7b2d1,2024-11,Essex Police,Essex Police,1.146153,51.796013,On or near Warwick Crescent,E01021970,Tendring 016A,Possession of weapons,Unable to prosecute suspect,
aeb470b90bb863fd53bd26393804c81a87354a5f51a0fb6197f6e74408ccbe6c,2024-11,Essex Police,Essex Police,1.150330,51.797385,On or near Petrol Station,E01021970,Tendring 016A,Possession of weapons,Unable to prosecute suspect,
89446ee6ce8acf88d68f2294984b6e32c7bb2a5ff4cd1cc20d4e0901c36c1011,2024-11,Essex Police,Essex Police,1.149346,51.798329,On or near St Anns Road,E01021970,Tendring 016A,Public order,Unable to prosecute suspect,
49a813e1ac11721fc30fc164d4fb9cd0fbc88b1f661331dea97b07c319cc8da8,2024-11,Essex Police,Essex Police,1.150678,51.796215,On or near Fairfield Road,E01021970,Tendring 016A,Theft from the person,Investigation complete; no suspect identified,
d1e512e6131aaea319c64183a211d7e55ac07986482f9e9a35eac2e12176096a,2024-11,Essex Police,Essex Police,1.149346,51.798329,On or near St Anns Road,E01021970,Tendring 016A,Violence and sexual offences,Unable to prosecute suspect,
4e331464ba85560702ba68ed2e5bdaa5423ade3696b620d91b9ec81e6a304e87,2024-11,Essex Police,Essex Police,1.146153,51.796013,On or near Warwick Crescent,E01021970,Tendring 016A,Violence and sexual offences,Unable to prosecute suspect,
0cd7e1829833214aaedf13df7817418f5b682616875aea88b6fd21cef9ce351f,2024-11,Essex Police,Essex Police,1.146153,51.796013,On or near Warwick Crescent,E01021970,Tendring 016A,Violence and sexual offences,Unable to prosecute suspect,
e9b175f0d9c9a0380d3f005d3e762613cf46d9a86c64d5e6ea81a2d7404fe608,2024-11,Essex Police,Essex Police,1.146153,51.796013,On or near Warwick Crescent,E01021970,Tendring 016A,Violence and sexual offences,Unable to prosecute suspect,
3b91482f05d4e6720da813e50f4785002f363c6ccca91ce2d83443761d490bcb,2024-11,Essex Police,Essex Police,1.150678,51.796215,On or near Fairfield Road,E01021970,Tendring 016A,Violence and sexual offences,Unable to prosecute suspect,
f178c68221418feb6389275b53b28e70e3a1468f8e450c349cf849815a970e58,2024-11,Essex Police,Essex Police,1.146153,51.796013,On or near Warwick Crescent,E01021970,Tendring 016A,Violence and sexual offences,Action to be taken by another organisation,
effca4bfa79e5d63efed14c1bbef6f6b9d1f7b27d7c88defa97a9dd779777bee,2024-11,Essex Police,Essex Police,1.148938,51.799140,On or near Groom Park,E01021970,Tendring 016A,Violence and sexual offences,Unable to prosecute suspect,
93def2a5b028cbeaa894cd28bc44e226ed35274ee71dc843f664d13200c4b715,2024-11,Essex Police,Essex Police,1.151408,51.796906,On or near Cambridge Road,E01021970,Tendring 016A,Other crime,Unable to prosecute suspect,
,2024-11,Essex Police,Essex Police,1.154041,51.788075,On or near Parking Area,E01022025,Tendring 016B,Anti-social behaviour,,
,2024-11,Essex Police,Essex Police,1.154263,51.789598,On or near Rosemary Road,E01022025,Tendring 016B,Anti-social behaviour,,
,2024-11,Essex Police,Essex Police,1.149261,51.789202,On or near Ellis Road,E01022025,Tendring 016B,Anti-social behaviour,,
,2024-11,Essex Police,Essex Police,1.152207,51.787774,On or near Agate Road,E01022025,Tendring 016B,Anti-social behaviour,,
,2024-11,Essex Police,Essex Police,1.152956,51.787493,On or near Parking Area,E01022025,Tendring 016B,Anti-social behaviour,,
,2024-11,Essex Police,Essex Police,1.154263,51.789598,On or near Rosemary Road,E01022025,Tendring 016B,Anti-social behaviour,,
,2024-11,Essex Police,Essex Police,1.154291,51.787097,On or near Pier Gap,E01022025,Tendring 016B,Anti-social behaviour,,
2f18bac48ac4ee45cc8f76c2d0c4511ee71d065c311623541d79ff6ce0a75a0d,2024-11,Essex Police,Essex Police,1.154041,51.788075,On or near Parking Area,E01022025,Tendring 016B,Bicycle theft,Investigation complete; no suspect identified,
6b5b1a0c6723f3e6a070c5fd93bb3a963a11cc2efb8b3f0237c2bf14557a6af9,2024-11,Essex Police,Essex Police,1.154344,51.788688,On or near Colne Road,E01022025,Tendring 016B,Burglary,Investigation complete; no suspect identified,
33bd0794aa136eaf65f028065474206984da1bd98d6c4da380847fa6f69990e6,2024-11,Essex Police,Essex Police,1.154263,51.789598,On or near Rosemary Road,E01022025,Tendring 016B,Burglary,Investigation complete; no suspect identified,
ac0804d4cbc2a0ebe8eb531ee5f68cc4b32269d015e8f90de20218f3b2fde3e8,2024-11,Essex Police,Essex Police,1.156340,51.788814,On or near Beach Road,E01022025,Tendring 016B,Criminal damage and arson,Investigation complete; no suspect identified,
769300fee7a44c6bc6e72059076f80c6e33f36f4673090b6b23816e52f25ba7d,2024-11,Essex Police,Essex Police,1.150797,51.786894,On or near Edith Road,E01022025,Tendring 016B,Criminal damage and arson,Investigation complete; no suspect identified,
28637206e40c094df4c7bf5e525a4441d94ffa11fd5e78ab7acb2729ff299379,2024-11,Essex Police,Essex Police,1.154041,51.788075,On or near Parking Area,E01022025,Tendring 016B,Criminal damage and arson,Court result unavailable,
ccff4f816656632ac58fd7afb4572d5d5baed43a4f703876d8bbf85465d1d178,2024-11,Essex Police,Essex Police,1.151935,51.788869,On or near Shopping Area,E01022025,Tendring 016B,Criminal damage and arson,Unable to prosecute suspect,
dfe30a8a442ba2a1d16e29bc4999fc0ba611e9604b5222a5f3dd5f7c46b6df84,2024-11,Essex Police,Essex Police,1.151935,51.788869,On or near Shopping Area,E01022025,Tendring 016B,Criminal damage and arson,Investigation complete; no suspect identified,
91cde2b2aea4ac04a9a23cd9733fbb726d4790eddf7a5db6b2336b1a1fb8d1a5,2024-11,Essex Police,Essex Police,1.155097,51.790745,On or near Supermarket,E01022025,Tendring 016B,Criminal damage and arson,Investigation complete; no suspect identified,
ba776fe8d2edf4f664812b7eb7b5d783d8089e9b31c6549f67edc2decf50d871,2024-11,Essex Police,Essex Police,1.152861,51.791336,On or near The Grove,E01022025,Tendring 016B,Criminal damage and arson,Investigation complete; no suspect identified,
944290ae6e72477c19fbdf71274485fe9c026541b989466a47d5c3bdfdd1b633,2024-11,Essex Police,Essex Police,1.155097,51.790745,On or near Supermarket,E01022025,Tendring 016B,Criminal damage and arson,Investigation complete; no suspect identified,
409bcb0258c42fa321ae026a94b3a50fbff40712cdc3e974b99c77408a9340e4,2024-11,Essex Police,Essex Police,1.152070,51.786860,On or near Penfold Road,E01022025,Tendring 016B,Drugs,Local resolution,
35d5c5fb97f2ca904757f62e703abb92514d77ff6a18f6ff51de56348259ed5b,2024-11,Essex Police,Essex Police,1.152070,51.786860,On or near Penfold Road,E01022025,Tendring 016B,Drugs,Local resolution,
80d36691f15d94c2e395070e7b83d74c7daae29f1408cb5845c47573ccdec2f1,2024-11,Essex Police,Essex Police,1.150797,51.786894,On or near Edith Road,E01022025,Tendring 016B,Drugs,Court result unavailable,
715e0eba4f618401ea6f4abb12908e15001482f6fc34c578ddb1af0aaf2dc92c,2024-11,Essex Police,Essex Police,1.154291,51.787097,On or near Pier Gap,E01022025,Tendring 016B,Other theft,Investigation complete; no suspect identified,
0a6bb06360f40e0a3d31b2400ff3f6dbaf68c7dc7a16f269e75a7826c8184653,2024-11,Essex Police,Essex Police,1.155844,51.788271,On or near Nightclub,E01022025,Tendring 016B,Other theft,Investigation complete; no suspect identified,
5406b255cca48aebba322a97d88207207082c09fc013a79d95d52604dc2933ee,2024-11,Essex Police,Essex Police,1.154263,51.789598,On or near Rosemary Road,E01022025,Tendring 016B,Other theft,Investigation complete; no suspect identified,
67acf7deac41724d261627514e2d7915921ee1f88efbebbd2d1f353125362c49,2024-11,Essex Police,Essex Police,1.150797,51.786894,On or near Edith Road,E01022025,Tendring 016B,Possession of weapons,Unable to prosecute suspect,
96be7bfe6ad3364069ce831211483b4ac9d9733400436f78a5a33d9111ac3953,2024-11,Essex Police,Essex Police,1.154041,51.788075,On or near Parking Area,E01022025,Tendring 016B,Possession of weapons,Court result unavailable,
938dd39da6d991a2203c2ad15af26554b0fc0ed541d911e693eef306a6b00424,2024-11,Essex Police,Essex Police,1.154291,51.787097,On or near Pier Gap,E01022025,Tendring 016B,Public order,Investigation complete; no suspect identified,
9b4239a68ca729252294c050a1b4b89b9de684092839a80486bfe6331556a80e,2024-11,Essex Police,Essex Police,1.157067,51.789046,On or near Rosemary Crescent,E01022025,Tendring 016B,Public order,Court result unavailable,
1692a6fdd700191774c0c4bf0c575050f339f73b42562db83f040d4b520fe81c,2024-11,Essex Police,Essex Police,1.155263,51.788762,On or near Orwell Road,E01022025,Tendring 016B,Public order,Unable to prosecute suspect,
9effda4051736b80ad31f2bbbe64c1a79bde4e705e140b5fc79148178e0b679c,2024-11,Essex Police,Essex Police,1.154041,51.788075,On or near Parking Area,E01022025,Tendring 016B,Public order,Offender given a caution,
ef117d97ae15959765847935d69fa114b9032330f502e03b80a3b4106dbf5a83,2024-11,Essex Police,Essex Police,1.151935,51.788869,On or near Shopping Area,E01022025,Tendring 016B,Public order,Unable to prosecute suspect,
480e506916cec7a63e7558755db025deddefac67ae2a93c595088b57b8d3dd2f,2024-11,Essex Police,Essex Police,1.154041,51.788075,On or near Parking Area,E01022025,Tendring 016B,Public order,Investigation complete; no suspect identified,
c92e6501e8baf4c38bfae0fdb83707e33ca1fba35d2d1f0cd569e6e5ed4e1352,2024-11,Essex Police,Essex Police,1.152070,51.786860,On or near Penfold Road,E01022025,Tendring 016B,Public order,Investigation complete; no suspect identified,
a10e6547fcddc763d2ecf5eb1b48b1fcb2226f8f15d8cd6c0faf0ef3844f4e0f,2024-11,Essex Police,Essex Police,1.153590,51.789311,On or near Shopping Area,E01022025,Tendring 016B,Public order,Investigation complete; no suspect identified,
8899cd534f18311de1998243b5775a33709e164f9ef6b7d605699f217bc8083d,2024-11,Essex Police,Essex Police,1.151935,51.788869,On or near Shopping Area,E01022025,Tendring 016B,Robbery,Unable to prosecute suspect,
019c653bed2588a2137f81b851434312dc0f087e263faebd9426b3c712361472,2024-11,Essex Police,Essex Police,1.152207,51.787774,On or near Agate Road,E01022025,Tendring 016B,Robbery,Unable to prosecute suspect,
97a5fff10b9e160159acf8978b3ea2edb91091f3158b00341c0ab4f401b3fa3d,2024-11,Essex Police,Essex Police,1.151124,51.789089,On or near Parking Area,E01022025,Tendring 016B,Shoplifting,Investigation complete; no suspect identified,
0b4d8bad2c290d8ef06e97407fe794561130593c38a536cc40dc3819962841a2,2024-11,Essex Police,Essex Police,1.151935,51.788869,On or near Shopping Area,E01022025,Tendring 016B,Theft from the person,Unable to prosecute suspect,
4568d5ace11135a3f4d03e3e188a0f893af089ab528e9d6de3961775d88adce5,2024-11,Essex Police,Essex Police,1.149673,51.786789,On or near Alton Road,E01022025,Tendring 016B,Vehicle crime,Investigation complete; no suspect identified,
def3a2a554edb0eb5c8d0ae5cf007049bad2833c03b2a77f6907bb216c35e710,2024-11,Essex Police,Essex Police,1.152070,51.786860,On or near Penfold Road,E01022025,Tendring 016B,Vehicle crime,Investigation complete; no suspect identified,
82e6f993e1baa85e0b4502f396ce58a2af27cf72ebcfbbbee83193538cc7849b,2024-11,Essex Police,Essex Police,1.154291,51.787097,On or near Pier Gap,E01022025,Tendring 016B,Vehicle crime,Investigation complete; no suspect identified,
57101009a9685eedb47aba91f5a04a1e9e0824d6d4ac94212cf4b409e12ca6f7,2024-11,Essex Police,Essex Police,1.152070,51.786860,On or near Penfold Road,E01022025,Tendring 016B,Violence and sexual offences,Investigation complete; no suspect identified,
c024b9529592c8cc6207ad33f5d3fed4180e91f06bc9f7d106999f77249dcc88,2024-11,Essex Police,Essex Police,1.152070,51.786860,On or near Penfold Road,E01022025,Tendring 016B,Violence and sexual offences,Unable to prosecute suspect,
6a309f10876a4a50d5fab41acc4c3d3fff699e01f4d1d56e34185d8552f91175,2024-11,Essex Police,Essex Police,1.150797,51.786894,On or near Edith Road,E01022025,Tendring 016B,Violence and sexual offences,Investigation complete; no suspect identified,
7f6697a14e8ac3aa58461d105f6cf5d573e8381e8b8d898470a8fd5c331b5429,2024-11,Essex Police,Essex Police,1.153590,51.789311,On or near Shopping Area,E01022025,Tendring 016B,Violence and sexual offences,Unable to prosecute suspect,
b6a7994d5bee4f248a825bdd980d8b59c7960930ec7f42d85d4af8d2b9acf500,2024-11,Essex Police,Essex Police,1.150797,51.786894,On or near Edith Road,E01022025,Tendring 016B,Violence and sexual offences,Unable to prosecute suspect,
18d55b681548709c10cbe7b08c9ecaccd286bed96e562f3809812b0f7e10ad5f,2024-11,Essex Police,Essex Police,1.153817,51.791310,On or near Station Road,E01022025,Tendring 016B,Violence and sexual offences,Unable to prosecute suspect,
b1046ab018e4a6df59d56df61a32bed9e62acdb517dca441fc59f1296f69ff87,2024-11,Essex Police,Essex Police,1.154263,51.789598,On or near Rosemary Road,E01022025,Tendring 016B,Violence and sexual offences,Unable to prosecute suspect,
6ee79230340f9b72080bb4ac8875801b5f09a4a81c5e6a0641e61b46c88e9789,2024-11,Essex Police,Essex Police,1.152956,51.787493,On or near Parking Area,E01022025,Tendring 016B,Violence and sexual offences,Court result unavailable,
0752312d40b69fb6580b17523bf93f92aab8228e372be56ba4def6ce0df850bb,2024-11,Essex Police,Essex Police,1.153531,51.791949,On or near Further/Higher Educational Building,E01022025,Tendring 016B,Violence and sexual offences,Investigation complete; no suspect identified,
5d5ab4311d125998a8c3d46d89e1b264eb536acd2dd115bbec11edbf540fe056,2024-11,Essex Police,Essex Police,1.154041,51.788075,On or near Parking Area,E01022025,Tendring 016B,Violence and sexual offences,Unable to prosecute suspect,
6a20aad0dac66a58454d68730ac795ddde68449db50c1adc12e8777c927573a3,2024-11,Essex Police,Essex Police,1.150797,51.786894,On or near Edith Road,E01022025,Tendring 016B,Violence and sexual offences,Unable to prosecute suspect,
371aab1d8a94d2b12c6b457f4ef5a404f771bbd850cc33e8ded11ff7ab7ee3e7,2024-11,Essex Police,Essex Police,1.154263,51.789598,On or near Rosemary Road,E01022025,Tendring 016B,Violence and sexual offences,Action to be taken by another organisation,
dab1001809ea51ce5a344c7cb6d74bcca66fa5c4be4ad714169629977f4d6d07,2024-11,Essex Police,Essex Police,1.156340,51.788814,On or near Beach Road,E01022025,Tendring 016B,Violence and sexual offences,Local resolution,
6023356fb52263d96f8f03c4ad4b10e8d7284eef5a9c0266cedbc4089c7ba068,2024-11,Essex Police,Essex Police,1.150534,51.788529,On or near Jackson Road,E01022025,Tendring 016B,Violence and sexual offences,Unable to prosecute suspect,
d4b05621117ef6712d6fb619730fa57460292723e6503ba2f6d390c9c4828416,2024-11,Essex Police,Essex Police,1.149261,51.789202,On or near Ellis Road,E01022025,Tendring 016B,Violence and sexual offences,Unable to prosecute suspect,
bf084d1496d8015b41e79134ed1267e62ab384ee966499b6827355ff10fb1499,2024-11,Essex Police,Essex Police,1.152956,51.787493,On or near Parking Area,E01022025,Tendring 016B,Violence and sexual offences,Investigation complete; no suspect identified,
75e5169ab741b74965e321d3d83e7dd0b83f59c53a2ad13bdbd930e50006e8d9,2024-11,Essex Police,Essex Police,1.154041,51.788075,On or near Parking Area,E01022025,Tendring 016B,Violence and sexual offences,Investigation complete; no suspect identified,
685e8ed589d9b8ce060d97f798af9f1c81ca6d0c2899d2659e78bb1ff2891df5,2024-11,Essex Police,Essex Police,1.152956,51.787493,On or near Parking Area,E01022025,Tendring 016B,Violence and sexual offences,Unable to prosecute suspect,
1f91a96122329972ad4dd2c26740b104cf3cfec920f12eb3673e95d1e80c11d6,2024-11,Essex Police,Essex Police,1.150797,51.786894,On or near Edith Road,E01022025,Tendring 016B,Violence and sexual offences,Unable to prosecute suspect,
b2e8addf60735674ccddfca799cdbfc3b953cb596eee1760c8a73d3382a74cd1,2024-11,Essex Police,Essex Police,1.151124,51.789089,On or near Parking Area,E01022025,Tendring 016B,Violence and sexual offences,Unable to prosecute suspect,
bca16bf606422b44f282f27a07a2b7b7130617ccc3a70618021b4ff3bd50ad87,2024-11,Essex Police,Essex Police,1.151124,51.789089,On or near Parking Area,E01022025,Tendring 016B,Violence and sexual offences,Unable to prosecute suspect,
44ec1984c9aef4a6d8edc3b34b608fee7626472ef28d087614ef981d10380fee,2024-11,Essex Police,Essex Police,1.149261,51.789202,On or near Ellis Road,E01022025,Tendring 016B,Violence and sexual offences,Unable to prosecute suspect,
0aeb82c7da854284ba33dc335e67722418387be0aed0c8c9ffe4e248bf6a45d6,2024-11,Essex Police,Essex Police,1.155263,51.788762,On or near Orwell Road,E01022025,Tendring 016B,Violence and sexual offences,Unable to prosecute suspect,
99d87e44ba3e8f332a780d24831d6deb3a3f94a6d3f16efa8e74b1f82dbe9425,2024-11,Essex Police,Essex Police,1.155263,51.788762,On or near Orwell Road,E01022025,Tendring 016B,Violence and sexual offences,Court result unavailable,
9911bd1cfa9493f567093920a03c40866816c00ffcef7b901999b11d9af00f50,2024-11,Essex Police,Essex Police,1.149109,51.788693,On or near West Avenue,E01022025,Tendring 016B,Violence and sexual offences,Unable to prosecute suspect,
8a8c6607179d5fdb5c2373a1b80954bc82f2e80a4607f9d5a368669646f19740,2024-11,Essex Police,Essex Police,1.153590,51.789311,On or near Shopping Area,E01022025,Tendring 016B,Violence and sexual offences,Court result unavailable,
be3254ba95f50c6d76a3d85f49224895963a7458e4e14734110ec02932c7e5ae,2024-11,Essex Police,Essex Police,1.152861,51.791336,On or near The Grove,E01022025,Tendring 016B,Violence and sexual offences,Unable to prosecute suspect,
cf472c472f49eaa910111b184107c19270569be5d0e6eb95a522cf0ac31d9291,2024-11,Essex Police,Essex Police,1.155263,51.788762,On or near Orwell Road,E01022025,Tendring 016B,Violence and sexual offences,Status update unavailable,
ea6fc490e6dd896676c8d097efc8cc4d6cd1312718617b565fc8b8fe43259d49,2024-11,Essex Police,Essex Police,1.153590,51.789311,On or near Shopping Area,E01022025,Tendring 016B,Violence and sexual offences,Status update unavailable,
37c25621d2983b71227e1528b561409b4f9cc53c9313779b1e794dd6e483cf92,2024-11,Essex Police,Essex Police,1.155097,51.790745,On or near Supermarket,E01022025,Tendring 016B,Violence and sexual offences,Unable to prosecute suspect,
61d385a6431c1fa165a82e4accd0958417e52d5de0bb1f31c0dfcdc940112ffd,2024-11,Essex Police,Essex Police,1.149109,51.788693,On or near West Avenue,E01022025,Tendring 016B,Violence and sexual offences,Unable to prosecute suspect,
16f46a6188fec683448c93e7c044359b706f87691a7e2aa48527ad95e5bc49b5,2024-11,Essex Police,Essex Police,1.154041,51.788075,On or near Parking Area,E01022025,Tendring 016B,Violence and sexual offences,Unable to prosecute suspect,
22d1a041f7dc8fced44d08d7529d62229fb1a860b495c9881b2b086ce439981a,2024-11,Essex Police,Essex Police,1.149261,51.789202,On or near Ellis Road,E01022025,Tendring 016B,Violence and sexual offences,Unable to prosecute suspect,
0d7fd615064bf59c6eb805507efec61bd7136fd83b37317ae1eb13ea19d40e62,2024-11,Essex Police,Essex Police,1.154263,51.789598,On or near Rosemary Road,E01022025,Tendring 016B,Violence and sexual offences,Unable to prosecute suspect,
4884c546247edf9405eadb22375e64fe07ce50eccbb6ac25739d1ad6a9556f3d,2024-11,Essex Police,Essex Police,1.151935,51.788869,On or near Shopping Area,E01022025,Tendring 016B,Violence and sexual offences,Investigation complete; no suspect identified,
1da2857f25592ba7f9594ce93495e3ff8e024a9a7972289dd836dc067da08c03,2024-11,Essex Police,Essex Police,1.154263,51.789598,On or near Rosemary Road,E01022025,Tendring 016B,Violence and sexual offences,Unable to prosecute suspect,
bbe3a3c957a684a0ab75a18f1240c0d3a8170c332768eb216556ebd24cf75f70,2024-11,Essex Police,Essex Police,1.151935,51.788869,On or near Shopping Area,E01022025,Tendring 016B,Violence and sexual offences,Unable to prosecute suspect,
0c4d1e7d82af05bc06d3c7c176588108b7c112e3c265b748efc773a01d7194ec,2024-11,Essex Police,Essex Police,1.150797,51.786894,On or near Edith Road,E01022025,Tendring 016B,Violence and sexual offences,Unable to prosecute suspect,
d9feca8f0dfddb4295f3f71946f4721e4102b0c6a83005f12ac719252951e70b,2024-11,Essex Police,Essex Police,1.151935,51.788869,On or near Shopping Area,E01022025,Tendring 016B,Violence and sexual offences,Unable to prosecute suspect,
15f183e2f8436ad27383c7b5ece09bba919fe753c2d819351ffdf02d4be40d60,2024-11,Essex Police,Essex Police,1.151935,51.788869,On or near Shopping Area,E01022025,Tendring 016B,Violence and sexual offences,Unable to prosecute suspect,
5ca9a27064a65a67b32018ac820630493dbecd6ccdf82bc5fe29140a8e71d257,2024-11,Essex Police,Essex Police,1.154263,51.789598,On or near Rosemary Road,E01022025,Tendring 016B,Violence and sexual offences,Unable to prosecute suspect,
01b00f1e8a30d50c6c38a7aa60a96639afe1f71d3f3809cbefb137af0d1d0db0,2024-11,Essex Police,Essex Police,1.152956,51.787493,On or near Parking Area,E01022025,Tendring 016B,Violence and sexual offences,Investigation complete; no suspect identified,
6bc42a4cb719d9b3a39d279e7fab1c3537e26f760a532f35823be3a2a552cceb,2024-11,Essex Police,Essex Police,1.150797,51.786894,On or near Edith Road,E01022025,Tendring 016B,Violence and sexual offences,Unable to prosecute suspect,
ae615d998dda12d01835bafc7efd38644826dec163c76d334e7d720a5acaf8e7,2024-11,Essex Police,Essex Police,1.150797,51.786894,On or near Edith Road,E01022025,Tendring 016B,Violence and sexual offences,Unable to prosecute suspect,
b14d2b90dcdca2e750641e91b41fc258ca5963d3f6c28024f213b04e7a0c1c41,2024-11,Essex Police,Essex Police,1.149261,51.789202,On or near Ellis Road,E01022025,Tendring 016B,Other crime,Unable to prosecute suspect,
e72921e1af383ca721f4cf1e9072949bad50b7fe3418705d8b4806bde4828811,2024-11,Essex Police,Essex Police,1.150534,51.788529,On or near Jackson Road,E01022025,Tendring 016B,Other crime,Unable to prosecute suspect,
,2024-11,Essex Police,Essex Police,1.152211,51.795104,On or near Wellesley Road,E01022026,Tendring 016C,Anti-social behaviour,,
5eac93c6d76ff89fa65e7bc1e3d297eb92643f154934991b2d5dc25d19166925,2024-11,Essex Police,Essex Police,1.150382,51.790719,On or near Pier Avenue,E01022026,Tendring 016C,Criminal damage and arson,Investigation complete; no suspect identified,
d5d8824dee4f9056faaca25f9ef9e173501bdb5643cec0792867501f9b3b0a02,2024-11,Essex Police,Essex Police,1.152211,51.795104,On or near Wellesley Road,E01022026,Tendring 016C,Criminal damage and arson,Unable to prosecute suspect,
b4dea380cc2d7decf004d1bc3f125949dc0ad12a37b695b328847dad309e05c8,2024-11,Essex Police,Essex Police,1.152211,51.795104,On or near Wellesley Road,E01022026,Tendring 016C,Criminal damage and arson,Unable to prosecute suspect,
7595f27979f66d6f5b9e8bb2a76fb354be664ae8d7b922f8a84de9d18706d387,2024-11,Essex Police,Essex Police,1.150382,51.790719,On or near Pier Avenue,E01022026,Tendring 016C,Criminal damage and arson,Investigation complete; no suspect identified,
80e58b5be5a39d3788bf255139558a7d3254dc5f387631929d76119ead3d8d9b,2024-11,Essex Police,Essex Police,1.150584,51.794455,On or near St Andrew'S Road,E01022026,Tendring 016C,Drugs,Investigation complete; no suspect identified,
3a22f384cc584d160ff68ae914765c6183a1b3c742fe2f16985d5e4bd9dc1f6a,2024-11,Essex Police,Essex Police,1.150382,51.790719,On or near Pier Avenue,E01022026,Tendring 016C,Drugs,Local resolution,
4214a09f4f520370cc52e7da8dc48df07e57d737919423f6a41d94024a3ab326,2024-11,Essex Police,Essex Police,1.150382,51.790719,On or near Pier Avenue,E01022026,Tendring 016C,Other theft,Unable to prosecute suspect,
85d0e7026c5a65325709dc283d3ed566edfb5d5512e31c64ebe936c8d8efb42f,2024-11,Essex Police,Essex Police,1.152211,51.795104,On or near Wellesley Road,E01022026,Tendring 016C,Other theft,Unable to prosecute suspect,
54f19cfe04716920a047cd3b7db2e1afaadc93e519b46e3c13277d1f8fff0644,2024-11,Essex Police,Essex Police,1.152537,51.792505,On or near Alexandra Road,E01022026,Tendring 016C,Possession of weapons,Unable to prosecute suspect,
2714d6f1f5d7b750e542725e750615f39ac3ec1d81b3de488e46877610bfcd6a,2024-11,Essex Police,Essex Police,1.150584,51.794455,On or near St Andrew'S Road,E01022026,Tendring 016C,Robbery,Investigation complete; no suspect identified,
3c8293da9d689b01a4e7a04d85811fbb7990f4642f342f17b9290c7fde42cdd3,2024-11,Essex Police,Essex Police,1.148823,51.795195,On or near Supermarket,E01022026,Tendring 016C,Shoplifting,Investigation complete; no suspect identified,
1bf173f0ad56f5269b79e5037895ee940d897fd6be713a2ed13c169c5c7585a4,2024-11,Essex Police,Essex Police,1.148760,51.792943,On or near Supermarket,E01022026,Tendring 016C,Shoplifting,Investigation complete; no suspect identified,
9abd27b5977a662c56691acb711c1736b5c4a734c8400fdc25a65680e0121662,2024-11,Essex Police,Essex Police,1.150121,51.793226,On or near Meredith Road,E01022026,Tendring 016C,Theft from the person,Investigation complete; no suspect identified,
d31f8753a498ce2e4dbc39f24667a203096f10063d9bc4e5d3a70fa68348c7d5,2024-11,Essex Police,Essex Police,1.148760,51.792943,On or near Supermarket,E01022026,Tendring 016C,Theft from the person,Unable to prosecute suspect,
e735cc36535cb64a4f3efaa190425e28c9a9367943d7e83b83f2fbe7a4b9e12a,2024-11,Essex Police,Essex Police,1.148760,51.792943,On or near Supermarket,E01022026,Tendring 016C,Violence and sexual offences,Unable to prosecute suspect,
229e7064844c7a1e9943c3f70cc1e18f3c387f7828b5a3d36d42b5d4cd4f7f7b,2024-11,Essex Police,Essex Police,1.152211,51.795104,On or near Wellesley Road,E01022026,Tendring 016C,Violence and sexual offences,Action to be taken by another organisation,
97aebcb68ba20f939227a9832bbbe8e48716764fc1918229b7590cbb3fc00f12,2024-11,Essex Police,Essex Police,1.148760,51.792943,On or near Supermarket,E01022026,Tendring 016C,Violence and sexual offences,Investigation complete; no suspect identified,
474d1cd2e302876bf61f698be8bd2f563bd7ee75f4339a62b9910648b3cd78f4,2024-11,Essex Police,Essex Police,1.150584,51.794455,On or near St Andrew'S Road,E01022026,Tendring 016C,Violence and sexual offences,Unable to prosecute suspect,
5dc99146a8e7d88abc087d0c5197bee1bdc7dd555bd39aee639c30e172489ca7,2024-11,Essex Police,Essex Police,1.152537,51.792505,On or near Alexandra Road,E01022026,Tendring 016C,Violence and sexual offences,Unable to prosecute suspect,
89baa2124450b426afd8611f7fb41077fb99cc065cb8d5fed9a989d262e0a20e,2024-11,Essex Police,Essex Police,1.149635,51.790406,On or near Rosemary Road West,E01022026,Tendring 016C,Violence and sexual offences,Unable to prosecute suspect,
6f0626983eee2e3c37810cfcc34aa161c726043d31d1b794030aaf6b41097a79,2024-11,Essex Police,Essex Police,1.150382,51.790719,On or near Pier Avenue,E01022026,Tendring 016C,Violence and sexual offences,Unable to prosecute suspect,
c55985c08054428bbe044c9ce1c2f13fe064cbcf79af34ef5bf026ed7e2a6d04,2024-11,Essex Police,Essex Police,1.150069,51.792688,On or near Parking Area,E01022026,Tendring 016C,Violence and sexual offences,Investigation complete; no suspect identified,
0f82d37193f64fa6b025d809d419a6389422190858aab89db5135d176b97c51f,2024-11,Essex Police,Essex Police,1.152537,51.792505,On or near Alexandra Road,E01022026,Tendring 016C,Violence and sexual offences,Unable to prosecute suspect,
760d1ffa80b4c34ef215af7b9029ebf9e010b5a1aae155399bcad01db91b26e3,2024-11,Essex Police,Essex Police,1.149635,51.790406,On or near Rosemary Road West,E01022026,Tendring 016C,Violence and sexual offences,Unable to prosecute suspect,
93acc49acd1cb007d8fed6186b7c36cd7d1f5ae9cae2962da50e80c139a8842c,2024-11,Essex Police,Essex Police,1.150382,51.790719,On or near Pier Avenue,E01022026,Tendring 016C,Violence and sexual offences,Unable to prosecute suspect,
2862d6b28c15d4b66463715693d4b16f67624d7d0f85c258185458ba352988b4,2024-11,Essex Police,Essex Police,1.149635,51.790406,On or near Rosemary Road West,E01022026,Tendring 016C,Violence and sexual offences,Unable to prosecute suspect,
ac37bd6f677daee7daaff0c1d8b81ae2a6c77d6eb87507e3a899ff7fda22a562,2024-11,Essex Police,Essex Police,1.152211,51.795104,On or near Wellesley Road,E01022026,Tendring 016C,Violence and sexual offences,Unable to prosecute suspect,
e98fd182fc18b408d7580153053fdde4c232194be8dead6589bba48fde25befc,2024-11,Essex Police,Essex Police,1.149635,51.790406,On or near Rosemary Road West,E01022026,Tendring 016C,Other crime,Unable to prosecute suspect,
373b368bb48c6c20c44f7ef150894cf0bec5d0865e709ef18f91d22acce816c3,2024-11,Essex Police,Essex Police,1.149635,51.790406,On or near Rosemary Road West,E01022026,Tendring 016C,Other crime,Unable to prosecute suspect,
,2024-11,Essex Police,Essex Police,1.159648,51.790488,On or near Harold Road,E01022027,Tendring 016D,Anti-social behaviour,,
,2024-11,Essex Police,Essex Police,1.154622,51.793699,On or near Chapman Road,E01022027,Tendring 016D,Anti-social behaviour,,
ae4efd568db24c073ae7be5724448579a70575da95f5521a7bcc347192e2efaa,2024-11,Essex Police,Essex Police,1.154481,51.792516,On or near Carnarvon Road,E01022027,Tendring 016D,Bicycle theft,Investigation complete; no suspect identified,
203e4c5e7ae4456f4fd76967f9514a2c77c4717ca7b4e7827f9753ca72e21390,2024-11,Essex Police,Essex Police,1.159648,51.790488,On or near Harold Road,E01022027,Tendring 016D,Criminal damage and arson,Investigation complete; no suspect identified,
230857ef3b21b7d869726b56edd2b2da36595810d1beff95b79de6e4879daf22,2024-11,Essex Police,Essex Police,1.154945,51.791469,On or near Parking Area,E01022027,Tendring 016D,Criminal damage and arson,Investigation complete; no suspect identified,
062896cec4075de2fc7a17199ef7b6a1f9e137fce313183851d125482b95293e,2024-11,Essex Police,Essex Police,1.154481,51.792516,On or near Carnarvon Road,E01022027,Tendring 016D,Criminal damage and arson,Unable to prosecute suspect,
ad10fd825392e3bd61f64108dc0a74c694fda5d5b0c017375eb3176f28509a1b,2024-11,Essex Police,Essex Police,1.154622,51.793699,On or near Chapman Road,E01022027,Tendring 016D,Drugs,Local resolution,
f1817b521aedf5b678cb0a84f501bd4c3b1f87c6654325ba81448015915095e6,2024-11,Essex Police,Essex Police,1.154622,51.793699,On or near Chapman Road,E01022027,Tendring 016D,Other theft,Investigation complete; no suspect identified,
12667efe28207b5dc8f5b63c335d2460bdf3d5eef2266297fe90c4904ee3f61a,2024-11,Essex Police,Essex Police,1.158354,51.789201,On or near Anglefield,E01022027,Tendring 016D,Possession of weapons,Investigation complete; no suspect identified,
e19a87862eb810feff39f76e10619fd909ac2c6b8a5e04face3baaf4d858a117,2024-11,Essex Police,Essex Police,1.156214,51.790949,On or near High Street,E01022027,Tendring 016D,Public order,Court result unavailable,
6bcd020f85d0794a0c9e2cfb8d3b1e579bab6437ac23c36b3b413d0af043d72a,2024-11,Essex Police,Essex Police,1.154481,51.792516,On or near Carnarvon Road,E01022027,Tendring 016D,Robbery,Investigation complete; no suspect identified,
fb029351d77d7c1553c32cc7db548b2a4bb26a7b1a82961b15966dfd997d12d2,2024-11,Essex Police,Essex Police,1.159616,51.792521,On or near Thoroughgood Road,E01022027,Tendring 016D,Shoplifting,Investigation complete; no suspect identified,
1d304ba6cfba035482a29dcbb24ea5e87a63a56c4337641c81e1fdd321c113f9,2024-11,Essex Police,Essex Police,1.154481,51.792516,On or near Carnarvon Road,E01022027,Tendring 016D,Shoplifting,Investigation complete; no suspect identified,
5079a82b18663e9285a3788245d066676777af0937522b22d338e22eb25b946a,2024-11,Essex Police,Essex Police,1.156214,51.790949,On or near High Street,E01022027,Tendring 016D,Violence and sexual offences,Court result unavailable,
139d318545474af6e7afec9f88c4a77e6dcad7827c90f8d637d60be3e9aca9e4,2024-11,Essex Police,Essex Police,1.158354,51.789201,On or near Anglefield,E01022027,Tendring 016D,Violence and sexual offences,Investigation complete; no suspect identified,
15757f1fcc4ccdf80b0e871f240fb6d8fec7ffa9f9a63974999be8adb38bc2ee,2024-11,Essex Police,Essex Police,1.154481,51.792516,On or near Carnarvon Road,E01022027,Tendring 016D,Violence and sexual offences,Unable to prosecute suspect,
a7beffdfec1351799298648cf3d1ade677405b8fdecdff0fd72330a39b46702b,2024-11,Essex Police,Essex Police,1.159616,51.792521,On or near Thoroughgood Road,E01022027,Tendring 016D,Violence and sexual offences,Unable to prosecute suspect,
236e54dc015e1dd2ac28acd4387f5f78c776ef894e6bf58f86a5cdf6175d1139,2024-11,Essex Police,Essex Police,1.158354,51.789201,On or near Anglefield,E01022027,Tendring 016D,Violence and sexual offences,Unable to prosecute suspect,
fa001e0cde4b9cfcf83256e541dde4dc43fa9356a6b8044b07fcdf8eaf39a672,2024-11,Essex Police,Essex Police,1.154622,51.793699,On or near Chapman Road,E01022027,Tendring 016D,Violence and sexual offences,Unable to prosecute suspect,
,2024-11,Essex Police,Essex Police,1.144715,51.792454,On or near Upper Park Road,E01021968,Tendring 017A,Anti-social behaviour,,
83a22faf4931b20d2c66b589755c68714aed1591072fd29557651c5905a198b9,2024-11,Essex Police,Essex Police,1.142368,51.797274,On or near Wargrave Road,E01021968,Tendring 017A,Burglary,Unable to prosecute suspect,
f4c9c9aed4e63dff29955be65d3537e5424cf3e5d13c11a0a4abddbe81fbd96b,2024-11,Essex Police,Essex Police,1.142698,51.794936,On or near Victory Road,E01021968,Tendring 017A,Drugs,Formal action is not in the public interest,
4633ff2c0e839d3cf0af8bddb261508d4d57c45d1a99c0f0abb4e45a21c5798b,2024-11,Essex Police,Essex Police,1.144282,51.796647,On or near Croft Road,E01021968,Tendring 017A,Drugs,Unable to prosecute suspect,
18328d5debd8ee674ee3ed15479b63706b1c101e94b447f4f14a404bc27630fe,2024-11,Essex Police,Essex Police,1.142793,51.792973,On or near Ford Road,E01021968,Tendring 017A,Other theft,Investigation complete; no suspect identified,
1813cb246b80ca459fe3c8ea0d6f1851c6dcf101c013adc3ed0b77cce356b7e0,2024-11,Essex Police,Essex Police,1.144282,51.796647,On or near Croft Road,E01021968,Tendring 017A,Robbery,Investigation complete; no suspect identified,
82c062b81ec21b2e1f230ef3742dfbe789082dc7b812d5ce635deb1080ab70ae,2024-11,Essex Police,Essex Police,1.142793,51.792973,On or near Ford Road,E01021968,Tendring 017A,Vehicle crime,Investigation complete; no suspect identified,
afacf46dab05ff46b3366c92113b23636db0a7300d441a5bf1f89bda7a828fc5,2024-11,Essex Police,Essex Police,1.144715,51.792454,On or near Upper Park Road,E01021968,Tendring 017A,Violence and sexual offences,Status update unavailable,
cd546cfcd36b9255372a51f507c67e9b404e46dd6989146ddd0639d5602e1333,2024-11,Essex Police,Essex Police,1.144282,51.796647,On or near Croft Road,E01021968,Tendring 017A,Violence and sexual offences,Unable to prosecute suspect,
89e9431dd0aa123065d3708942bed3a4a0b02056bf816537dc11a7e391c941cd,2024-11,Essex Police,Essex Police,1.144462,51.794862,On or near Dudley Road,E01021968,Tendring 017A,Violence and sexual offences,Investigation complete; no suspect identified,
8f5623c0be0f6b7a5f0adccda96ebbacf3656804d5ef21864cc26d7b47c9aab4,2024-11,Essex Police,Essex Police,1.143347,51.791969,On or near Alton Park Road,E01021968,Tendring 017A,Violence and sexual offences,Unable to prosecute suspect,
dcafab318b750d4285853b6300c53a6abb91b160dfdda5441d655870fb1abede,2024-11,Essex Police,Essex Police,1.144282,51.796647,On or near Croft Road,E01021968,Tendring 017A,Violence and sexual offences,Unable to prosecute suspect,
775228f8246cec476cfdc1e4b50d6ba6ab6972842e8397958a7be258a0ae30ce,2024-11,Essex Police,Essex Police,1.146735,51.792292,On or near Castle Road,E01021968,Tendring 017A,Violence and sexual offences,Unable to prosecute suspect,
db8575d679a4d58ff3017fc4d3323b195354c96dbbd914aa8c313a516fae115c,2024-11,Essex Police,Essex Police,1.144715,51.792454,On or near Upper Park Road,E01021968,Tendring 017A,Other crime,Unable to prosecute suspect,
ab40f2e8c93a06a8e2287ddc1dbe71a01c64a99c7f4b47f7f72ab36525d1fb74,2024-11,Essex Police,Essex Police,1.144282,51.796647,On or near Croft Road,E01021968,Tendring 017A,Other crime,Unable to prosecute suspect,
,2024-11,Essex Police,Essex Police,1.139850,51.795705,On or near Beaumont Avenue,E01021969,Tendring 017B,Anti-social behaviour,,
,2024-11,Essex Police,Essex Police,1.136816,51.793780,On or near Marlborough Close,E01021969,Tendring 017B,Anti-social behaviour,,
a44a9f8f758104631a276842b365bb10768866c655ebf157664066c85278cd56,2024-11,Essex Police,Essex Police,1.136816,51.793780,On or near Marlborough Close,E01021969,Tendring 017B,Criminal damage and arson,Unable to prosecute suspect,
c3e14d1c959a428382c610ec0f139ab70f6493eeef4eb5f98db48c017ad755cc,2024-11,Essex Police,Essex Police,1.136816,51.793780,On or near Marlborough Close,E01021969,Tendring 017B,Criminal damage and arson,Investigation complete; no suspect identified,
bbf36e1000d9acedb29ae4aab53611269a0953392ad0ff06ac252322bfb2f7b2,2024-11,Essex Police,Essex Police,1.137104,51.796255,On or near Coronation Road,E01021969,Tendring 017B,Drugs,Investigation complete; no suspect identified,
0787801091e9cb5524ae9bfcdc47d8fe518f1311339d276e7281711718c71f62,2024-11,Essex Police,Essex Police,1.140661,51.795260,On or near Carrs Road,E01021969,Tendring 017B,Violence and sexual offences,Court result unavailable,
18cf9871e26eb1b103f3e25618f11b37c3aef51c48872dcff2eaf7880700abc2,2024-11,Essex Police,Essex Police,1.140661,51.795260,On or near Carrs Road,E01021969,Tendring 017B,Violence and sexual offences,Unable to prosecute suspect,
881ce4dcd1061498c88aa257c07e1f826d8559fb2887260ba0c1e7ce72c2c391,2024-11,Essex Police,Essex Police,1.138240,51.795496,On or near Branston Road,E01021969,Tendring 017B,Violence and sexual offences,Unable to prosecute suspect,
b7e33eefe016823cef45654438b26211cc978ee564c37ba295b06365393e80e9,2024-11,Essex Police,Essex Police,1.137104,51.796255,On or near Coronation Road,E01021969,Tendring 017B,Violence and sexual offences,Unable to prosecute suspect,
e1f241178ef2efa0e77baafbe7f4d68e162e84097055dd71793deea463a277c0,2024-11,Essex Police,Essex Police,1.135211,51.780898,On or near Lulworth Close,E01022036,Tendring 017C,Criminal damage and arson,Investigation complete; no suspect identified,
8c2fea9c2417269319e6f8da118ece37cd2169d2e44cf21225835eadceb99ba6,2024-11,Essex Police,Essex Police,1.135211,51.780898,On or near Lulworth Close,E01022036,Tendring 017C,Drugs,Local resolution,
67d21773ea7765e80a25511c47615e3aa4920cfe1e69c26498554ff24bf20feb,2024-11,Essex Police,Essex Police,1.136909,51.785305,On or near Prince Charles Close,E01022036,Tendring 017C,Vehicle crime,Investigation complete; no suspect identified,
8f2d4096f60169868d8b6ad1d0771a9031961a62b4ec4304a00655a285a01418,2024-11,Essex Police,Essex Police,1.137710,51.782226,On or near Dover Close,E01022036,Tendring 017C,Violence and sexual offences,Unable to prosecute suspect,
c4d1b9973d12796e627e738d0176d5ce419d57738b7bebe0f3dfc6e4ef9d7939,2024-11,Essex Police,Essex Police,1.147995,51.787896,On or near Police Station,E01022037,Tendring 017D,Criminal damage and arson,Court result unavailable,
965a7bdd2ada69d28e4fd59c476556832ee28e5c131cde33a7d9a5a5222b6a6f,2024-11,Essex Police,Essex Police,1.147995,51.787896,On or near Police Station,E01022037,Tendring 017D,Criminal damage and arson,Court result unavailable,
0bbe9504cac0ceac32da16eccf59d97435b37a152d572e1ece2f00a1b31eebb4,2024-11,Essex Police,Essex Police,1.147995,51.787896,On or near Police Station,E01022037,Tendring 017D,Criminal damage and arson,Unable to prosecute suspect,
5b49b3f229b561bff446575f7fd86c600e71de8578e8c651e5ee49cb408483bf,2024-11,Essex Police,Essex Police,1.146970,51.784838,On or near Trafalgar Road,E01022037,Tendring 017D,Drugs,Local resolution,
f960c3f17a426af34dc504ff2abf555b4f74a31d78a321dc7199331e25a78373,2024-11,Essex Police,Essex Police,1.147995,51.787896,On or near Police Station,E01022037,Tendring 017D,Drugs,Court result unavailable,
41ca332954f804c9ac18df7ae94602e509ae828cb977745b85c8f2f14f6d0189,2024-11,Essex Police,Essex Police,1.147995,51.787896,On or near Police Station,E01022037,Tendring 017D,Drugs,Court result unavailable,
d568243b8205f38803900f5c6f266ae369c7751a661546a4659fe08e858058c8,2024-11,Essex Police,Essex Police,1.147995,51.787896,On or near Police Station,E01022037,Tendring 017D,Public order,Court result unavailable,
44a8955f98144880d25fbd75a226a860d1b960e5629387302704cda954898903,2024-11,Essex Police,Essex Police,1.148173,51.786083,On or near Hospital,E01022037,Tendring 017D,Public order,Unable to prosecute suspect,
8c9b4a61ed88fd963a52f06456e0533e0d109402832bcb009244b03e8caa1a89,2024-11,Essex Police,Essex Police,1.147995,51.787896,On or near Police Station,E01022037,Tendring 017D,Public order,Status update unavailable,
d16b97b5a38174acd399c501303e4e96a306f2419b474fe320dc1876f8a0bb2e,2024-11,Essex Police,Essex Police,1.147995,51.787896,On or near Police Station,E01022037,Tendring 017D,Public order,Unable to prosecute suspect,
a550a9d8c1baa91a3da3603e29c19a043bce2978d35802736b30279ca93f3ba6,2024-11,Essex Police,Essex Police,1.148267,51.786800,On or near Theatre/Concert Hall,E01022037,Tendring 017D,Public order,Investigation complete; no suspect identified,
44fbda15df9d319108543e5a9f0955e8380a4a7fe06252ab2103484057bd6164,2024-11,Essex Police,Essex Police,1.148173,51.786083,On or near Hospital,E01022037,Tendring 017D,Public order,Unable to prosecute suspect,
350dbe5fbd3cea58ff8f9b940f32a409d5cb00b6f8fe77a89c78c4e26ceb02a6,2024-11,Essex Police,Essex Police,1.147995,51.787896,On or near Police Station,E01022037,Tendring 017D,Public order,Investigation complete; no suspect identified,
ff8f47ef8ac4493aa7dbb003e3bbecc0d4cb376f4240a1998a8cd91d420a1c77,2024-11,Essex Police,Essex Police,1.147995,51.787896,On or near Police Station,E01022037,Tendring 017D,Violence and sexual offences,Unable to prosecute suspect,
38664730df6cd046fa468794918df8972931dfaf1f98259302db6c484a5a7f02,2024-11,Essex Police,Essex Police,1.145536,51.787989,On or near Vicarage Gardens,E01022037,Tendring 017D,Violence and sexual offences,Unable to prosecute suspect,
e3574c4f8ecc6f8d8e14aaf4e5c567795eb7a87f606e137d9bb6a1b75f4b3953,2024-11,Essex Police,Essex Police,1.147995,51.787896,On or near Police Station,E01022037,Tendring 017D,Violence and sexual offences,Investigation complete; no suspect identified,
6e9817219177beee41b0b1a348a570fc6f05e7ab373abeda4e4bdfce6f2c9f9d,2024-11,Essex Police,Essex Police,1.148267,51.786800,On or near Theatre/Concert Hall,E01022037,Tendring 017D,Violence and sexual offences,Investigation complete; no suspect identified,
4dc5b14a47e877ab8c7a7737ab86c157d8f207d86b3503136ed53320a5d2fa04,2024-11,Essex Police,Essex Police,1.147995,51.787896,On or near Police Station,E01022037,Tendring 017D,Violence and sexual offences,Unable to prosecute suspect,
c7e0c34cb659323f9dcf36ee82fa8d42912ad52d968ebdf07eaa247fa394f196,2024-11,Essex Police,Essex Police,1.147995,51.787896,On or near Police Station,E01022037,Tendring 017D,Violence and sexual offences,Unable to prosecute suspect,
af51a1d433ca11e8cda78e9b8920981e70fe6da5c0a62f5674225f85b810e860,2024-11,Essex Police,Essex Police,1.147995,51.787896,On or near Police Station,E01022037,Tendring 017D,Violence and sexual offences,Status update unavailable,
d80cf665146e2bbe2cdc2c69e7ad68427903ac61e408f7754ee05c9784fea48c,2024-11,Essex Police,Essex Police,1.147995,51.787896,On or near Police Station,E01022037,Tendring 017D,Violence and sexual offences,Court result unavailable,
d0403a40d6705edbdcb8c99071672d7f44309800df60fe5bc071d45b42ac7492,2024-11,Essex Police,Essex Police,1.147995,51.787896,On or near Police Station,E01022037,Tendring 017D,Violence and sexual offences,Unable to prosecute suspect,
cb470846200b5b0b3fe24a82cf7b3ba1c48da0c594edeb02df6707b49e6293ff,2024-11,Essex Police,Essex Police,1.147995,51.787896,On or near Police Station,E01022037,Tendring 017D,Violence and sexual offences,Unable to prosecute suspect,
d1f1bdf089681026c6da04dd8171a7ae760dcc337979f3583ece709618dbdf53,2024-11,Essex Police,Essex Police,1.148969,51.786269,On or near Tower Road,E01022037,Tendring 017D,Violence and sexual offences,Unable to prosecute suspect,
2191e06b426f01c6c78bf477fed5e792cb4b4b718237ca91cadc82d7e1f6ba73,2024-11,Essex Police,Essex Police,1.145314,51.790009,On or near Shopping Area,E01022038,Tendring 017E,Criminal damage and arson,Unable to prosecute suspect,
ab7cef330deaba1cf0980c537123ff55f3da8e53ae93d86c4fa00b61e3464964,2024-11,Essex Police,Essex Police,1.145314,51.790009,On or near Shopping Area,E01022038,Tendring 017E,Public order,Unable to prosecute suspect,
777ccda2df99fcda769604c3552f39649b540a56fd221578111066b0833957af,2024-11,Essex Police,Essex Police,1.145314,51.790009,On or near Shopping Area,E01022038,Tendring 017E,Shoplifting,Investigation complete; no suspect identified,
45a29cb702b7ff1de7db8f72e04c67da73ff9e73ecd77f667be924d0b5587dd8,2024-11,Essex Police,Essex Police,1.145314,51.790009,On or near Shopping Area,E01022038,Tendring 017E,Shoplifting,Investigation complete; no suspect identified,
1801957d073eded25bec67d4ae730eb01941e8e3114bdb522c7e7319ccc634f9,2024-11,Essex Police,Essex Police,1.145314,51.790009,On or near Shopping Area,E01022038,Tendring 017E,Shoplifting,Investigation complete; no suspect identified,
a079fde118b64b7b267f83ab153b55eca0dfade38fd0fb701966a58e5cc19387,2024-11,Essex Police,Essex Police,1.145314,51.790009,On or near Shopping Area,E01022038,Tendring 017E,Shoplifting,Investigation complete; no suspect identified,
39c50fe1fd2a3508edadd4cba210d1df0775ae0d8cb932bf0b84ad9878918a5f,2024-11,Essex Police,Essex Police,1.145314,51.790009,On or near Shopping Area,E01022038,Tendring 017E,Shoplifting,Investigation complete; no suspect identified,
17ef3e08b150b13ed501eaa8325e831468698ac4f158024f83ac1b4b38009228,2024-11,Essex Police,Essex Police,1.145314,51.790009,On or near Shopping Area,E01022038,Tendring 017E,Shoplifting,Investigation complete; no suspect identified,
95cbcb78cccde677cba7501f74fd90ed58669550ec69df9d19eafdb51114d440,2024-11,Essex Police,Essex Police,1.145314,51.790009,On or near Shopping Area,E01022038,Tendring 017E,Shoplifting,Investigation complete; no suspect identified,
1aef75d95451a60ed4fad60c461e950c8806d198460f7fb4d406865af4d05c29,2024-11,Essex Police,Essex Police,1.145314,51.790009,On or near Shopping Area,E01022038,Tendring 017E,Shoplifting,Investigation complete; no suspect identified,
ffd2ba92c2444b810942e3b1bc6b6af291c7b565643f430620eed63b9e83cb6f,2024-11,Essex Police,Essex Police,1.145314,51.790009,On or near Shopping Area,E01022038,Tendring 017E,Shoplifting,Investigation complete; no suspect identified,
164cad0df7a69b5622441dfc8490aabfa8e48f5fc64f8430fb6088af9acd5fca,2024-11,Essex Police,Essex Police,1.145314,51.790009,On or near Shopping Area,E01022038,Tendring 017E,Shoplifting,Investigation complete; no suspect identified,
0b836a8bfdde18c160d70a1907248c6c740cdf5350bb0a3ee5216524192f28e3,2024-11,Essex Police,Essex Police,1.145314,51.790009,On or near Shopping Area,E01022038,Tendring 017E,Shoplifting,Investigation complete; no suspect identified,
07d92813523b370717c93450751d43293f67d46155b781a29aa2794d27f4a9c1,2024-11,Essex Police,Essex Police,1.145314,51.790009,On or near Shopping Area,E01022038,Tendring 017E,Shoplifting,Court result unavailable,
6948eb4b42dd00b34442832ca292dd81cd0e28ca3da7adfc5da47c96ec665630,2024-11,Essex Police,Essex Police,1.145314,51.790009,On or near Shopping Area,E01022038,Tendring 017E,Shoplifting,Investigation complete; no suspect identified,
4f16750a31b657e1d487ecc4c66c593499170484d8eea9e7c32f62a93c9d7afe,2024-11,Essex Police,Essex Police,1.145314,51.790009,On or near Shopping Area,E01022038,Tendring 017E,Shoplifting,Investigation complete; no suspect identified,
e9ff6515b978e2deedd25867f80ace52e65276ed2d5ec1acdade7d5e4ac72bb2,2024-11,Essex Police,Essex Police,1.145314,51.790009,On or near Shopping Area,E01022038,Tendring 017E,Shoplifting,Investigation complete; no suspect identified,
141a6fcb16cdc75a8984d0b9d84e42997fdb3738875e98788746a8036ec63bb3,2024-11,Essex Police,Essex Police,1.145314,51.790009,On or near Shopping Area,E01022038,Tendring 017E,Shoplifting,Investigation complete; no suspect identified,
95bb7332cbef66a3223d73ceaa5d806ef306123b71a380fbc64c0802f0a81148,2024-11,Essex Police,Essex Police,1.145314,51.790009,On or near Shopping Area,E01022038,Tendring 017E,Vehicle crime,Action to be taken by another organisation,
2baec9f171f447ca886d2d92cb14d74d40c73a494da7bbf12a5a04bc82480efd,2024-11,Essex Police,Essex Police,1.145314,51.790009,On or near Shopping Area,E01022038,Tendring 017E,Violence and sexual offences,Unable to prosecute suspect,
2675d97277e11497da589e4e7e50a157e4450655bc915cc313bacdd9306800dd,2024-11,Essex Police,Essex Police,1.145314,51.790009,On or near Shopping Area,E01022038,Tendring 017E,Violence and sexual offences,Investigation complete; no suspect identified,
08c982ac4b20100d0227f52293e2a3ac720dae09c0389d44f44aab8ca272a49e,2024-11,Essex Police,Essex Police,1.145314,51.790009,On or near Shopping Area,E01022038,Tendring 017E,Violence and sexual offences,Investigation complete; no suspect identified,
,2024-11,Essex Police,Essex Police,1.118339,51.774899,On or near Lavender Walk,E01021988,Tendring 018A,Anti-social behaviour,,
,2024-11,Essex Police,Essex Police,1.112451,51.773184,On or near Broome Way,E01021988,Tendring 018A,Anti-social behaviour,,
,2024-11,Essex Police,Essex Police,1.112451,51.773184,On or near Broome Way,E01021988,Tendring 018A,Anti-social behaviour,,
,2024-11,Essex Police,Essex Police,1.117213,51.775387,On or near Willow Way,E01021988,Tendring 018A,Anti-social behaviour,,
,2024-11,Essex Police,Essex Police,1.101876,51.772465,On or near Riley Avenue,E01021988,Tendring 018A,Anti-social behaviour,,
,2024-11,Essex Police,Essex Police,1.098882,51.772778,On or near Belsize Avenue,E01021988,Tendring 018A,Anti-social behaviour,,
,2024-11,Essex Police,Essex Police,1.113979,51.773278,On or near Beach Way,E01021988,Tendring 018A,Anti-social behaviour,,
27b7dfa9ce7612cbef906c73733938921a74161d37fe5e7d6fcf240549e10584,2024-11,Essex Police,Essex Police,1.100857,51.774732,On or near Rover Avenue,E01021988,Tendring 018A,Bicycle theft,Investigation complete; no suspect identified,
500b0792bb38a33cb5c56325f2fa37450c63f99a9da5228edf3f3af652cf5890,2024-11,Essex Police,Essex Police,1.101876,51.772465,On or near Riley Avenue,E01021988,Tendring 018A,Burglary,Investigation complete; no suspect identified,
8bbf7df3771e66082f6b92208d61f90aa8045ad22a4a5cad08e54de87ffef2f3,2024-11,Essex Police,Essex Police,1.117213,51.775387,On or near Willow Way,E01021988,Tendring 018A,Burglary,Unable to prosecute suspect,
2eca3cabdf88c8bdb76bc27b83bc25b5d93f4fb6e36299a89af358826897e91a,2024-11,Essex Police,Essex Police,1.113979,51.773278,On or near Beach Way,E01021988,Tendring 018A,Burglary,Investigation complete; no suspect identified,
116b68cdea373e5d4af14f977308394beb1883e9d574c56909e8ca209a6ddde2,2024-11,Essex Police,Essex Police,1.113979,51.773278,On or near Beach Way,E01021988,Tendring 018A,Criminal damage and arson,Unable to prosecute suspect,
6fa3a49a881377f569f9350753fdb5f89d065e2e1633cc910c1b4afec72ee41b,2024-11,Essex Police,Essex Police,1.119011,51.774764,On or near Sea Flowers Way,E01021988,Tendring 018A,Criminal damage and arson,Unable to prosecute suspect,
c035cd1355fd551ce38ef623dee607ecc532bfcbb979233b034c07873a045607,2024-11,Essex Police,Essex Police,1.112752,51.773985,On or near Lake Way,E01021988,Tendring 018A,Criminal damage and arson,Unable to prosecute suspect,
fd6c6b3522dab3e1e560837e0043c8ced9151f09ce130bd8b1fde32e621d274b,2024-11,Essex Police,Essex Police,1.107746,51.773920,On or near Talbot Avenue,E01021988,Tendring 018A,Criminal damage and arson,Unable to prosecute suspect,
718daa76631ccecb6e2a7a97042d3769af78affafe5c4254a254e7035355643f,2024-11,Essex Police,Essex Police,1.112752,51.773985,On or near Lake Way,E01021988,Tendring 018A,Criminal damage and arson,Investigation complete; no suspect identified,
66bac2c469f31756c1ad74b339c7350a50b03ac65ce8c823477fe919b4fd0675,2024-11,Essex Police,Essex Police,1.112752,51.773985,On or near Lake Way,E01021988,Tendring 018A,Other theft,Investigation complete; no suspect identified,
64e077f770f85c2aeeb62096fb1db068ad183125cac095a10eb0eab345574120,2024-11,Essex Police,Essex Police,1.113979,51.773278,On or near Beach Way,E01021988,Tendring 018A,Other theft,Unable to prosecute suspect,
b0085849075d99f12a51678699a75a32c413e2c16a269c6bdab5210edc694490,2024-11,Essex Police,Essex Police,1.102063,51.774133,On or near Humber Avenue,E01021988,Tendring 018A,Possession of weapons,Status update unavailable,
230bc7b99465807c918e9895c060f025b20aa89cd58cb27ccdee93b513f4f6e9,2024-11,Essex Police,Essex Police,1.114682,51.774015,On or near Beach Crescent,E01021988,Tendring 018A,Public order,Investigation complete; no suspect identified,
444bc56115c7def15b498d06e0e8bf356fb2f32cf29d729a842f83fd99b039ff,2024-11,Essex Police,Essex Police,1.102576,51.774219,On or near Alvis Avenue,E01021988,Tendring 018A,Public order,Unable to prosecute suspect,
b5ee7018c87933a7e71710fea6d75c0b6c493b66cc63fe3b1638fb0302ef7bdb,2024-11,Essex Police,Essex Police,1.122629,51.776341,On or near The Close,E01021988,Tendring 018A,Public order,Unable to prosecute suspect,
d2b982547146f701c3279b5173c0384442272c902afa6e1f1d5f971e3853f341,2024-11,Essex Police,Essex Police,1.100857,51.774732,On or near Rover Avenue,E01021988,Tendring 018A,Public order,Unable to prosecute suspect,
e33b143289fa09ab87f39818746ae80355933ca4eb9895a4485880a57bc0b15a,2024-11,Essex Police,Essex Police,1.107746,51.773920,On or near Talbot Avenue,E01021988,Tendring 018A,Violence and sexual offences,Investigation complete; no suspect identified,
fa3463a0691ad013490384581f8cd283e28181664ccbfb3f2a8ab46d2a7a9602,2024-11,Essex Police,Essex Police,1.104573,51.773743,On or near Brooklands Gardens,E01021988,Tendring 018A,Violence and sexual offences,Investigation complete; no suspect identified,
f6dcd1e5013f41aff778a72f48700171455a99de110daf4c36a6b8bda0747a3a,2024-11,Essex Police,Essex Police,1.098882,51.772778,On or near Belsize Avenue,E01021988,Tendring 018A,Violence and sexual offences,Unable to prosecute suspect,
257e07bb0df9fe4246b50fdc5b72e35f22afe409fdf1986f1cff8f9bff6580c4,2024-11,Essex Police,Essex Police,1.102063,51.774133,On or near Humber Avenue,E01021988,Tendring 018A,Violence and sexual offences,Court result unavailable,
7cbf0b6e4d2af32da1a94d9a917d69e66ea0caf00ad3720180f5d9ee5e7966dc,2024-11,Essex Police,Essex Police,1.120171,51.775183,On or near Sea Rosemary Way,E01021988,Tendring 018A,Violence and sexual offences,Offender given a caution,
8183db8f9a060dd909fcd1eb248dbe92edd3f06a55195fe1a9c8ecd400e128a3,2024-11,Essex Police,Essex Police,1.101876,51.772465,On or near Riley Avenue,E01021988,Tendring 018A,Violence and sexual offences,Unable to prosecute suspect,
ecae3a527f8169ec83c4b131cbb425f105979b8a727fb5eeaf73b439e40b2ff1,2024-11,Essex Police,Essex Police,1.107746,51.773920,On or near Talbot Avenue,E01021988,Tendring 018A,Violence and sexual offences,Unable to prosecute suspect,
c77c07095484ad984b49c07b5c96e3e160b47d083cf46e357ebb69b9dfc84530,2024-11,Essex Police,Essex Police,1.101044,51.773872,On or near Essex Avenue,E01021988,Tendring 018A,Violence and sexual offences,Unable to prosecute suspect,
f5d77ab79cd401508c86fffd20bd82411d9525457f876cbfe36581b30dc914b4,2024-11,Essex Police,Essex Police,1.104928,51.774480,On or near Bentley Avenue,E01021988,Tendring 018A,Violence and sexual offences,Unable to prosecute suspect,
d177242514700eb416a2b85a29e6b2ec98607fe2db57a788b57850315141e255,2024-11,Essex Police,Essex Police,1.107746,51.773920,On or near Talbot Avenue,E01021988,Tendring 018A,Violence and sexual offences,Unable to prosecute suspect,
bb3bcd0e2c57d018fcfe0495ae48dd9fd232398f10b4c31516e7011582596153,2024-11,Essex Police,Essex Police,1.098882,51.772778,On or near Belsize Avenue,E01021988,Tendring 018A,Violence and sexual offences,Unable to prosecute suspect,
083f4250306e6b871e97f7df34597578951a278fa982c58e713c59cd72998362,2024-11,Essex Police,Essex Police,1.107746,51.773920,On or near Talbot Avenue,E01021988,Tendring 018A,Violence and sexual offences,Investigation complete; no suspect identified,
fb9228b4d9621c09118ec0c9572541696a5ba0831a581933652bb9aa0c8033e4,2024-11,Essex Police,Essex Police,1.111330,51.774176,On or near Sea Way,E01021988,Tendring 018A,Violence and sexual offences,Unable to prosecute suspect,
279fa2b0a093236b0f66eb537baea26e2a39bf2c4867053ffc66f0f57fdc9026,2024-11,Essex Police,Essex Police,1.119011,51.774764,On or near Sea Flowers Way,E01021988,Tendring 018A,Violence and sexual offences,Unable to prosecute suspect,
d022aba11b111bea842f5dfc80efb4e6acf0e9c3e3f0d2f919aff1a052ddc712,2024-11,Essex Police,Essex Police,1.120171,51.775183,On or near Sea Rosemary Way,E01021988,Tendring 018A,Violence and sexual offences,Unable to prosecute suspect,
e256c6ca792918ba83255c63d34c6b4711c5c6b262d042b8fc9eae38e49d4c5b,2024-11,Essex Police,Essex Police,1.112898,51.775052,On or near Gorse Way,E01021988,Tendring 018A,Violence and sexual offences,Unable to prosecute suspect,
fa23b024fa39333e4e390b102d42919a772d39e4059500067d412d455f71938d,2024-11,Essex Police,Essex Police,1.102063,51.774133,On or near Humber Avenue,E01021988,Tendring 018A,Violence and sexual offences,Unable to prosecute suspect,
caf147d067ac97ae05b814e242590a9db0fe0639d34021c8c695e39910a78d21,2024-11,Essex Police,Essex Police,1.102576,51.774219,On or near Alvis Avenue,E01021988,Tendring 018A,Violence and sexual offences,Unable to prosecute suspect,
82d5ef7ac3744179a1dcba152fc17ca13d49e71df0dfbfe357b5743dfc072afc,2024-11,Essex Police,Essex Police,1.107746,51.773920,On or near Talbot Avenue,E01021988,Tendring 018A,Violence and sexual offences,Unable to prosecute suspect,
0b936897df94c551483734c94beae8d367a3d652bcf8324d1c3e65a03a89fec9,2024-11,Essex Police,Essex Police,1.107746,51.773920,On or near Talbot Avenue,E01021988,Tendring 018A,Violence and sexual offences,Unable to prosecute suspect,
8b9ab30a16f4fdc065fb196f81c4968c8a8bb1d16123946a4b4674894d64127c,2024-11,Essex Police,Essex Police,1.099952,51.773586,On or near Buick Avenue,E01021988,Tendring 018A,Violence and sexual offences,Unable to prosecute suspect,
426b12ee327f975083c5a13babb52dd337f52e07d009f4d33160f3764f55f797,2024-11,Essex Police,Essex Police,1.112451,51.773184,On or near Broome Way,E01021988,Tendring 018A,Violence and sexual offences,Investigation complete; no suspect identified,
e3c106cd8d799347fc1c5cbce99e460357ed4ed0c28590ebd590fec010325743,2024-11,Essex Police,Essex Police,1.112752,51.773985,On or near Lake Way,E01021988,Tendring 018A,Violence and sexual offences,Unable to prosecute suspect,
fad9a6bee6bfc7106c54cc3f1d8cad2348252b2ebf1cb780cc0683f8688f89d1,2024-11,Essex Police,Essex Police,1.098882,51.772778,On or near Belsize Avenue,E01021988,Tendring 018A,Violence and sexual offences,Unable to prosecute suspect,
47e37ba64202c99caf073de0062bff4dda8c257ae1bb41a877553ab05061eae3,2024-11,Essex Police,Essex Police,1.119011,51.774764,On or near Sea Flowers Way,E01021988,Tendring 018A,Violence and sexual offences,Court result unavailable,
f10f845d23ee2f163ac1059d5cb801cc67caba26ec84865bcae360ee640f0e77,2024-11,Essex Police,Essex Police,1.101876,51.772465,On or near Riley Avenue,E01021988,Tendring 018A,Violence and sexual offences,Court result unavailable,
cd4445fe58bdcd6a37f609430b97afcb2c8b2bfb05e41a6c8f97d7167fa61cc4,2024-11,Essex Police,Essex Police,1.100857,51.774732,On or near Rover Avenue,E01021988,Tendring 018A,Violence and sexual offences,Unable to prosecute suspect,
5861287f1e4ee97925f8b72a6b9bf4a98f273173109c0f33b682832a31fb6f3b,2024-11,Essex Police,Essex Police,1.119011,51.774764,On or near Sea Flowers Way,E01021988,Tendring 018A,Violence and sexual offences,Unable to prosecute suspect,
be89e89455ba19959ed5c89c76a91efb600257772dbfd86dca89b8991bd7c657,2024-11,Essex Police,Essex Police,1.120171,51.775183,On or near Sea Rosemary Way,E01021988,Tendring 018A,Other crime,Unable to prosecute suspect,
5ba313f1e0a1c2fdac3bad769b526427dcdf826c5f8a6c652f019118340e1ea0,2024-11,Essex Police,Essex Police,1.107746,51.773920,On or near Talbot Avenue,E01021988,Tendring 018A,Other crime,Unable to prosecute suspect,
6f95228df806d3c8f5d3997f4ef6c8361d776908fe6d3d4280a3ca78075be9bd,2024-11,Essex Police,Essex Police,1.112451,51.773184,On or near Broome Way,E01021988,Tendring 018A,Other crime,Unable to prosecute suspect,
8229ba49dbbc49ca79ebb6cd030c656b76468e6d11b4b6aafaa5d60aa8beb831,2024-11,Essex Police,Essex Police,1.120171,51.775183,On or near Sea Rosemary Way,E01021988,Tendring 018A,Other crime,Unable to prosecute suspect,
93c8dd976e624b1ab97d048d6c5e81853797bffae733d57a3460cea0b04a0cfa,2024-11,Essex Police,Essex Police,1.120171,51.775183,On or near Sea Rosemary Way,E01021988,Tendring 018A,Other crime,Unable to prosecute suspect,
801ab3ace09ca2b8d1db7dae2f88b0536245c7cde77e5720544a40a17ea2b01b,2024-11,Essex Police,Essex Police,1.098882,51.772778,On or near Belsize Avenue,E01021988,Tendring 018A,Other crime,Status update unavailable,
5510688adb9503c68b3917ad3b473c659327db6a2c2c1dfa72cfde7e723d6dfb,2024-11,Essex Police,Essex Police,1.112913,51.787472,On or near Leicester Close,E01021989,Tendring 018B,Vehicle crime,Investigation complete; no suspect identified,
4d4e85463efeb72303ab7325af7193e2576f1e12866b5a855bb9e7ade111af36,2024-11,Essex Police,Essex Police,1.117771,51.784951,On or near Chaucer Close,E01021989,Tendring 018B,Violence and sexual offences,Unable to prosecute suspect,
bda48cfc3dff3765755d6b3efc95a5bdbb1708cc21b39a5d9b7719755da0e582,2024-11,Essex Police,Essex Police,1.117771,51.784951,On or near Chaucer Close,E01021989,Tendring 018B,Violence and sexual offences,Unable to prosecute suspect,
b4bf073fe57118bd572e6dbd5c7ffb3408f305baa4d9f6698e9e3a8d9a1b0ff1,2024-11,Essex Police,Essex Police,1.117270,51.786314,On or near Virginia Close,E01021989,Tendring 018B,Violence and sexual offences,Offender given a caution,
44fc0a963b38dad052c746642009d02d21f3a55a03c00ba16c69f2d8bcc09605,2024-11,Essex Police,Essex Police,1.117771,51.784951,On or near Chaucer Close,E01021989,Tendring 018B,Other crime,Offender given a caution,
,2024-11,Essex Police,Essex Police,1.120819,51.778898,On or near Golf Green Road,E01021990,Tendring 018C,Anti-social behaviour,,
,2024-11,Essex Police,Essex Police,1.119912,51.781090,On or near Petrol Station,E01021990,Tendring 018C,Anti-social behaviour,,
2db5cbe3799641244cc0cc552005c0eb67a8422cb3c226cc633cd8e1d6c29708,2024-11,Essex Police,Essex Police,1.119912,51.781090,On or near Petrol Station,E01021990,Tendring 018C,Criminal damage and arson,Investigation complete; no suspect identified,
8b35014ab78f3bd2a66c29e457d0b972dbf2921d8126c07704c24ac2df280228,2024-11,Essex Police,Essex Police,1.117200,51.776044,On or near Meadow Way,E01021990,Tendring 018C,Other theft,Investigation complete; no suspect identified,
5261e76972661c8e7d3ef780a4ad2be909b00d7c3a1c40d65bddd6f0d895d8dd,2024-11,Essex Police,Essex Police,1.118768,51.779919,On or near Sports/Recreation Area,E01021990,Tendring 018C,Violence and sexual offences,Unable to prosecute suspect,
16f7325f21720ffa7fcabcc8d19865e74b54c15877839792dd5b29fa201b8318,2024-11,Essex Police,Essex Police,1.118768,51.779919,On or near Sports/Recreation Area,E01021990,Tendring 018C,Violence and sexual offences,Unable to prosecute suspect,
8565d4b024a25ca2329eeff208d125eb33914ce933c891e1c90523b6f3408dba,2024-11,Essex Police,Essex Police,1.116949,51.780602,On or near Crossways,E01021990,Tendring 018C,Violence and sexual offences,Unable to prosecute suspect,
ac8c4bbb71aa14a5fc09c55bec76838a5bff98aa791f8ca86c3e0eb788242462,2024-11,Essex Police,Essex Police,1.119649,51.778542,On or near Jasmine Way,E01021990,Tendring 018C,Violence and sexual offences,Unable to prosecute suspect,
06e2c4a2eb08442a85393b743ba3a57c93992095b3191462d356baff32585c70,2024-11,Essex Police,Essex Police,1.113617,51.781275,On or near Boleyn Way,E01021990,Tendring 018C,Violence and sexual offences,Unable to prosecute suspect,
e1f0c2eb6a25ba4bf457c8bf5d2ccb9d822ed3a4ea1dc051f2e66dbb367e86bb,2024-11,Essex Police,Essex Police,1.119521,51.776486,On or near Rosemary Way,E01021990,Tendring 018C,Violence and sexual offences,Status update unavailable,
5cff81fb382eec454d3ff1b642014922603f7798705c880e1407ad713874bc62,2024-11,Essex Police,Essex Police,1.118768,51.779919,On or near Sports/Recreation Area,E01021990,Tendring 018C,Violence and sexual offences,Unable to prosecute suspect,
d77b3aa0f5f68479a5347789a2796b79507f538e9d620d1c45f012c269940bfb,2024-11,Essex Police,Essex Police,1.119649,51.778542,On or near Jasmine Way,E01021990,Tendring 018C,Violence and sexual offences,Unable to prosecute suspect,
5208a06ceb814c75e0202e50da8db660f5526a4780cf644fe81db78bcaee3747,2024-11,Essex Police,Essex Police,1.120266,51.776565,On or near Cornflower Road,E01021990,Tendring 018C,Violence and sexual offences,Investigation complete; no suspect identified,
ac2ec235d2f4d39330a3afeda870b9066f5e285797e9d2f9beab1d5de3e89f38,2024-11,Essex Police,Essex Police,1.113617,51.781275,On or near Boleyn Way,E01021990,Tendring 018C,Violence and sexual offences,Unable to prosecute suspect,
,2024-11,Essex Police,Essex Police,1.083591,51.775186,On or near Seawick Road,E01022045,Tendring 018D,Anti-social behaviour,,
,2024-11,Essex Police,Essex Police,1.081164,51.773613,On or near Club Parade,E01022045,Tendring 018D,Anti-social behaviour,,
7d00c4f396171dbe4c9ac8d87d8175ca898424a4f384e427efc2ea35842bc7f0,2024-11,Essex Police,Essex Police,1.086999,51.774341,On or near First Avenue,E01022045,Tendring 018D,Burglary,Investigation complete; no suspect identified,
3eec60a65efbec1acfdde0d3d667d155eafa60cec65db6b7ed8ad4df900e4f04,2024-11,Essex Police,Essex Police,1.086999,51.774341,On or near First Avenue,E01022045,Tendring 018D,Criminal damage and arson,Unable to prosecute suspect,
019e788f19624d9419149b61431052eae30bc7232fb489b40217930ae90f6f7b,2024-11,Essex Police,Essex Police,1.086999,51.774341,On or near First Avenue,E01022045,Tendring 018D,Criminal damage and arson,Unable to prosecute suspect,
b38375446d06fcd8ee38a42f38fd9badb03b0448707ede222b63555483c49e71,2024-11,Essex Police,Essex Police,1.081164,51.773613,On or near Club Parade,E01022045,Tendring 018D,Criminal damage and arson,Unable to prosecute suspect,
6cd08f8d684786aada73af95a58cc561941ace8c03d09aff98d044aea4134f07,2024-11,Essex Police,Essex Police,1.086587,51.775108,On or near Second Avenue,E01022045,Tendring 018D,Drugs,Court result unavailable,
40002add612a8887469217a26daf417f9a4e86aba55693124297e137b4fc496d,2024-11,Essex Police,Essex Police,1.084623,51.795405,On or near Beach Road,E01022045,Tendring 018D,Drugs,Investigation complete; no suspect identified,
50683a0c5a9e49b649a00108f35c7ea68e9635bd92c6216bcc880438f4990dda,2024-11,Essex Police,Essex Police,1.086587,51.775108,On or near Second Avenue,E01022045,Tendring 018D,Other theft,Investigation complete; no suspect identified,
e3d9b73b193736c285ef61ce2ef6b7db77998d4ede2334793f8c53b215c57a82,2024-11,Essex Police,Essex Police,1.080972,51.802480,On or near Broadstrood,E01022045,Tendring 018D,Other theft,Unable to prosecute suspect,
7b35397d33f36c3ceda4fd628272e3b69a8c2c86a37b09492b34652fe6151e98,2024-11,Essex Police,Essex Police,1.086598,51.776753,On or near Beach Road,E01022045,Tendring 018D,Public order,Court result unavailable,
be7f33fe170bec112f8b4726dc677c003c0ddcc8e6c8060faf9b09171ab8f720,2024-11,Essex Police,Essex Police,1.081096,51.803871,On or near Newton Way,E01022045,Tendring 018D,Vehicle crime,Investigation complete; no suspect identified,
59104d151fdefecfadc52cae33d6e37c337fdee65c89067f8c89891a9cde388b,2024-11,Essex Police,Essex Police,1.081164,51.773613,On or near Club Parade,E01022045,Tendring 018D,Violence and sexual offences,Unable to prosecute suspect,
ea62b1d06fd9bfb52672ac176f06705091acde8686ca875f4c75aff22fc54e0a,2024-11,Essex Police,Essex Police,1.086598,51.776753,On or near Beach Road,E01022045,Tendring 018D,Violence and sexual offences,Unable to prosecute suspect,
1a7e7eeb1cfc6c815d1ed58120d8609219066a9b62ddd66eeb6b532a530908b5,2024-11,Essex Police,Essex Police,1.086598,51.776753,On or near Beach Road,E01022045,Tendring 018D,Violence and sexual offences,Action to be taken by another organisation,
709a0d44dfd05442f94a4ab6a7e5228a6e3532d468e8aa10485a3b9a815c984f,2024-11,Essex Police,Essex Police,1.086598,51.776753,On or near Beach Road,E01022045,Tendring 018D,Violence and sexual offences,Unable to prosecute suspect,
1f7f85efdab197c4f6705499e6c33306953dda9b55a21ce620759476360b59a9,2024-11,Essex Police,Essex Police,1.086598,51.776753,On or near Beach Road,E01022045,Tendring 018D,Violence and sexual offences,Unable to prosecute suspect,
3f41d5dbe7a2a2473e800eee2f0280cba5a9149fde5b2d7ccc3250efde2cccc6,2024-11,Essex Police,Essex Police,1.086598,51.776753,On or near Beach Road,E01022045,Tendring 018D,Violence and sexual offences,Unable to prosecute suspect,
93b831d5c3e4d2de72d4963795fef9c383dd82d9289393d1981c20d1445e829d,2024-11,Essex Police,Essex Police,1.086999,51.774341,On or near First Avenue,E01022045,Tendring 018D,Violence and sexual offences,Unable to prosecute suspect,
50e11c796749fb26c5ce17ab6699a427f83f42cd3174c050c37833eb3f24483a,2024-11,Essex Police,Essex Police,1.083591,51.775186,On or near Seawick Road,E01022045,Tendring 018D,Violence and sexual offences,Unable to prosecute suspect,
9a36b07edd1c87187e63effd2ed36666c1dd1ad651c7bc24dacb426e60ec9659,2024-11,Essex Police,Essex Police,1.082516,51.773668,On or near Beach Approach,E01022045,Tendring 018D,Violence and sexual offences,Unable to prosecute suspect,
cae08971d16a91e38951b5dd61747c466a7e4d93f79c5ca53607e5f54e24ce41,2024-11,Essex Police,Essex Police,1.086598,51.776753,On or near Beach Road,E01022045,Tendring 018D,Violence and sexual offences,Unable to prosecute suspect,
bcb98e1277c82a517d5a90b146140859a110960710d201cbed2d59903051d62e,2024-11,Essex Police,Essex Police,1.086999,51.774341,On or near First Avenue,E01022045,Tendring 018D,Violence and sexual offences,Action to be taken by another organisation,
16261b906decd8464093d97a417835ffe534c00da6e990bb554170f7f90074cf,2024-11,Essex Police,Essex Police,1.082750,51.799411,On or near Johnson Road,E01022045,Tendring 018D,Violence and sexual offences,Unable to prosecute suspect,
a6ec695f1f3994369a8b2c732f6ad4181a605b9f8499e2460bf77c004bf44f63,2024-11,Essex Police,Essex Police,1.080155,51.799012,On or near Norman Close,E01022047,Tendring 018E,Burglary,Investigation complete; no suspect identified,
bb5f3eede86062107c10d584965ca94089dbf6e294ecb50b5fdc8a3e92f5b915,2024-11,Essex Police,Essex Police,1.090009,51.802674,On or near Park Chase,E01022047,Tendring 018E,Burglary,Investigation complete; no suspect identified,
8b1af0eeac9e6ad11263902ed0ef37daf8abe4ecc0da44e5f511a082b12ccfe9,2024-11,Essex Police,Essex Police,1.085476,51.803648,On or near Bypass Road,E01022047,Tendring 018E,Drugs,Investigation complete; no suspect identified,
070e5398dc83b14ced8b38556a617b2e1dc3a97309f63d62d6fcfef81094591f,2024-11,Essex Police,Essex Police,1.090009,51.802674,On or near Park Chase,E01022047,Tendring 018E,Vehicle crime,Investigation complete; no suspect identified,
449104f67b22f930c5a338fa9a27d00b875c84860c9c340e656e3280b0dc73ca,2024-11,Essex Police,Essex Police,1.073353,51.815658,On or near Parking Area,E01022047,Tendring 018E,Violence and sexual offences,Unable to prosecute suspect,
02c23cf140e0b136273060f7f085d8dbdec7cf12190ba05ac16309656327fe9b,2024-11,Essex Police,Essex Police,1.066463,51.797967,On or near Parking Area,E01022047,Tendring 018E,Violence and sexual offences,Investigation complete; no suspect identified,
32cabff588c7530f88e60611d635d4ab5478272593ac049904206613bcef4918,2024-11,Essex Police,Essex Police,1.078811,51.798453,On or near Chapel Lane,E01022047,Tendring 018E,Violence and sexual offences,Unable to prosecute suspect,
aefdd32cdc4b382c7a0e1ec8da4f274fa3361039fce4608fc38219fcf522bc2a,2024-11,Essex Police,Essex Police,1.073353,51.815658,On or near Parking Area,E01022047,Tendring 018E,Violence and sexual offences,Unable to prosecute suspect,
900ae1cbdf420a6fffc7af9c22cf934089956c9ab22e74d04fc367cf3be50bca,2024-11,Essex Police,Essex Police,0.451984,51.544247,On or near Park Gate Road,E01015943,Thurrock 001A,Drugs,Local resolution,
ec5afc32167fa99facd46d3e46f8397a6644eb2c48aa9e2f08936c47c0472e85,2024-11,Essex Police,Essex Police,0.451310,51.531437,On or near Brampton Close,E01015943,Thurrock 001A,Other theft,Investigation complete; no suspect identified,
cc6269160aa14453d3ed6b8f637a931743a4e8cda6e2b6debff52c7d8817fb72,2024-11,Essex Police,Essex Police,0.462133,51.552974,On or near Fort William Road,E01015943,Thurrock 001A,Vehicle crime,Investigation complete; no suspect identified,
a93cd3e777a4d7b8e87a00286af57c7c7b60845e0a1e9959bbe0a18a644f1818,2024-11,Essex Police,Essex Police,0.463912,51.549861,On or near Petrol Station,E01015943,Thurrock 001A,Vehicle crime,Investigation complete; no suspect identified,
62e5f4109173705df5561d946dd0656d963a341d97b5cd93119441b1ed86b998,2024-11,Essex Police,Essex Police,0.452642,51.533800,On or near Further/Higher Educational Building,E01015943,Thurrock 001A,Violence and sexual offences,Unable to prosecute suspect,
8aa47a8717ad778735e0ef9e767fa1d4263a4f9f738782b60e1bb9a92c41723d,2024-11,Essex Police,Essex Police,0.463912,51.549861,On or near Petrol Station,E01015943,Thurrock 001A,Other crime,Court result unavailable,
9e730eb57c1d0fbbab177a866c634329f8616ec6478f9f006c2b9fd32785f007,2024-11,Essex Police,Essex Police,0.459741,51.532708,On or near Weydale,E01015944,Thurrock 001B,Possession of weapons,Formal action is not in the public interest,
,2024-11,Essex Police,Essex Police,0.463254,51.521654,On or near Rookery Hill,E01015946,Thurrock 001C,Anti-social behaviour,,
,2024-11,Essex Police,Essex Police,0.474225,51.510757,On or near Ocean Boulevard,E01015946,Thurrock 001C,Anti-social behaviour,,
,2024-11,Essex Police,Essex Police,0.476544,51.527193,On or near Wharf Road,E01015946,Thurrock 001C,Anti-social behaviour,,
af3507f1ad30f659f26ad01f34cf039c4b622e90b04052291209e699846f652d,2024-11,Essex Police,Essex Police,0.474225,51.510757,On or near Ocean Boulevard,E01015946,Thurrock 001C,Burglary,Offender given a caution,
b9a51af071899f8b07abe30d25b0f9dd75225939bc9db4c2c2b261221b6db892,2024-11,Essex Police,Essex Police,0.464316,51.530643,On or near Finches Close,E01015946,Thurrock 001C,Burglary,Investigation complete; no suspect identified,
d6c5510f8a42b36348267feb6db502aacc17067d1d77c1874d033444ee195479,2024-11,Essex Police,Essex Police,0.466407,51.526903,On or near Fobbing Road,E01015946,Thurrock 001C,Drugs,Court result unavailable,
68d595a142b75e684efb36697c377c0688b92d6540203e04b3f76e4550d7ed30,2024-11,Essex Police,Essex Police,0.462133,51.526264,On or near Burr'S Way,E01015946,Thurrock 001C,Other theft,Investigation complete; no suspect identified,
bb5c112886e597e76d278edf916833c810addbe0cd985759450ed958ee02f969,2024-11,Essex Police,Essex Police,0.474225,51.510757,On or near Ocean Boulevard,E01015946,Thurrock 001C,Other theft,Investigation complete; no suspect identified,
ac6756f74cf2fa94c8cfb9c6c1ceb00d541356a22c938589a7a3bd2de3930caa,2024-11,Essex Police,Essex Police,0.474225,51.510757,On or near Ocean Boulevard,E01015946,Thurrock 001C,Other theft,Investigation complete; no suspect identified,
4f9d3650a2a8a73ae11ff1fa23670f49f46bd5ba8088553ffee27fbd215a4c2f,2024-11,Essex Police,Essex Police,0.465949,51.513108,On or near Pacific Avenue,E01015946,Thurrock 001C,Public order,Investigation complete; no suspect identified,
0b9f7e52ffc23dedc8fc73de5a5fb192b2847c3d8c778493497d6c1c4a67e573,2024-11,Essex Police,Essex Police,0.474225,51.510757,On or near Ocean Boulevard,E01015946,Thurrock 001C,Vehicle crime,Investigation complete; no suspect identified,
0791e95f9d2cb8e5c60d0ef9b8262882297aac0494ca6d71b6d94371fa3f5edf,2024-11,Essex Police,Essex Police,0.466407,51.526903,On or near Fobbing Road,E01015946,Thurrock 001C,Violence and sexual offences,Court result unavailable,
df51935743fb98e380230a497c5cc2b13b7f75f176c84e02df4ef26c04769292,2024-11,Essex Police,Essex Police,0.466407,51.526903,On or near Fobbing Road,E01015946,Thurrock 001C,Violence and sexual offences,Court result unavailable,
92d8ae3ee9768c5481d4796ac4760a1d49ce39ddc0cd6922f5708f6d7a49ffb9,2024-11,Essex Police,Essex Police,0.463675,51.529982,On or near Sheldon Close,E01015946,Thurrock 001C,Violence and sexual offences,Unable to prosecute suspect,
7b47b2ab2e1c41af0ff052c953220c3bf60cd5e29895e7000e154b92f9b26f9c,2024-11,Essex Police,Essex Police,0.466407,51.526903,On or near Fobbing Road,E01015946,Thurrock 001C,Violence and sexual offences,Unable to prosecute suspect,
5fc2a46b9bcd1ec43dff7fa88ba1bdd64efa2d3b03c3411709482a530ba724e6,2024-11,Essex Police,Essex Police,0.444934,51.534340,On or near Howell Road,E01015997,Thurrock 001D,Burglary,Investigation complete; no suspect identified,
,2024-11,Essex Police,Essex Police,0.439464,51.528321,On or near Havis Road,E01015999,Thurrock 001E,Anti-social behaviour,,
c1ccbe7978a72de53050e76e54f3b64d3b4fdcb424e375964c18c4aad97c3047,2024-11,Essex Police,Essex Police,0.435000,51.529771,On or near Oxley Gardens,E01015999,Thurrock 001E,Burglary,Unable to prosecute suspect,
c3654948296140968b63f44425c372cf266fb30ee9e8bd0278e1d53adb122c50,2024-11,Essex Police,Essex Police,0.439464,51.528321,On or near Havis Road,E01015999,Thurrock 001E,Burglary,Investigation complete; no suspect identified,
9f64e1b74dabe6ec10dbede30cb9c04c005d32261a64f97445b9722e163319ad,2024-11,Essex Police,Essex Police,0.435000,51.529771,On or near Oxley Gardens,E01015999,Thurrock 001E,Vehicle crime,Investigation complete; no suspect identified,
79361e7b4875dd58711555c92f05b83e9837be9272374a37c73b1bb485963c3e,2024-11,Essex Police,Essex Police,0.440174,51.530284,On or near Foxfield Drive,E01015999,Thurrock 001E,Other crime,Investigation complete; no suspect identified,
3eb1d2110f519c6578888b71b63d2b0aa0410f7f6614e6ba8d05e3ad2d7df675,2024-11,Essex Police,Essex Police,0.462223,51.524194,On or near Church Road,E01015945,Thurrock 002A,Criminal damage and arson,Unable to prosecute suspect,
7c74cc09a0bd1676c5c0d20c48e6f304861eb4c2d4efb8231a4f55197678059d,2024-11,Essex Police,Essex Police,0.462155,51.524798,On or near Petrol Station,E01015945,Thurrock 002A,Other theft,Investigation complete; no suspect identified,
48f47ffb6f02780b1441badb322adcd1e793a88023c752e75629925765f76d70,2024-11,Essex Police,Essex Police,0.456927,51.527299,On or near Carisbrooke Drive,E01015945,Thurrock 002A,Vehicle crime,Investigation complete; no suspect identified,
a71c2499d1b44376ea6c13229dd8310fa99af158a7503732c03302e969aa1144,2024-11,Essex Police,Essex Police,0.462155,51.524798,On or near Petrol Station,E01015945,Thurrock 002A,Violence and sexual offences,Status update unavailable,
d82d362db19c84cac784f895536e5876bbd19a9bbd4a2424fe5f9377b92742d5,2024-11,Essex Police,Essex Police,0.465305,51.525730,On or near Clarence Road,E01015945,Thurrock 002A,Violence and sexual offences,Investigation complete; no suspect identified,
,2024-11,Essex Police,Essex Police,0.447954,51.525868,On or near Springhouse Road,E01015983,Thurrock 002B,Anti-social behaviour,,
e179faf500a01fe498dc06b1d4ef7729701baa79f57e323eb937d302b2a484b8,2024-11,Essex Police,Essex Police,0.445982,51.524839,On or near Parking Area,E01015983,Thurrock 002B,Criminal damage and arson,Unable to prosecute suspect,
f3e13355c8e6b7c229c1acde05fa8c0033374153b87c0c1c879757edeb10865d,2024-11,Essex Police,Essex Police,0.446456,51.525360,On or near Supermarket,E01015983,Thurrock 002B,Criminal damage and arson,Formal action is not in the public interest,
94f87c7ada527446cacceafe5881edebc8dcc1b60edd53fc088b380d668818b4,2024-11,Essex Police,Essex Police,0.444411,51.521356,On or near The Sorrells,E01015983,Thurrock 002B,Other theft,Investigation complete; no suspect identified,
01c0efe9dd7f567bdc10fe77ed46ffff8946fa8a164ad0fa3f0f8521135ade85,2024-11,Essex Police,Essex Police,0.446456,51.525360,On or near Supermarket,E01015983,Thurrock 002B,Other theft,Investigation complete; no suspect identified,
b1eb10a2fb244d2f9f0107699feba87bf54433dfda62eb2a15ea069fe7b6e1d0,2024-11,Essex Police,Essex Police,0.446456,51.525360,On or near Supermarket,E01015983,Thurrock 002B,Shoplifting,Investigation complete; no suspect identified,
04f9a9ab006ba06606f8c243070aaba86aa2d3c1dac386890a58aed063451ae8,2024-11,Essex Police,Essex Police,0.446456,51.525360,On or near Supermarket,E01015983,Thurrock 002B,Shoplifting,Investigation complete; no suspect identified,
f8c43981fbbe6815ad80e4cfe2d90d50cea2337148e0d814e5aab087be12b6ce,2024-11,Essex Police,Essex Police,0.446456,51.525360,On or near Supermarket,E01015983,Thurrock 002B,Shoplifting,Investigation complete; no suspect identified,
67668d0810bc5dca5d5367495bfd2d1b8516a0c5e2e537ca59dc69ddcd14b3b5,2024-11,Essex Police,Essex Police,0.446456,51.525360,On or near Supermarket,E01015983,Thurrock 002B,Shoplifting,Investigation complete; no suspect identified,
374d48c292084b470ce2ce66c96c754353151aee03183bfd1fbe0b979e5a2c46,2024-11,Essex Police,Essex Police,0.446456,51.525360,On or near Supermarket,E01015983,Thurrock 002B,Shoplifting,Investigation complete; no suspect identified,
82eefdd052ec68648decda75839499704d7820ea565604722806a670fe094dae,2024-11,Essex Police,Essex Police,0.446456,51.525360,On or near Supermarket,E01015983,Thurrock 002B,Shoplifting,Investigation complete; no suspect identified,
8329f35b8459fe291bf12acdc86d42afb9342604b186de719d5b1689706cf9a5,2024-11,Essex Police,Essex Police,0.446456,51.525360,On or near Supermarket,E01015983,Thurrock 002B,Shoplifting,Investigation complete; no suspect identified,
5f374a6657a1bf85c0bb76068e778c913eb2235d2ca0799c20c5dbea4fededbe,2024-11,Essex Police,Essex Police,0.446456,51.525360,On or near Supermarket,E01015983,Thurrock 002B,Shoplifting,Investigation complete; no suspect identified,
e8648b79bc6e76f9168421a5b58d8680db11d7f9cdc68ab1994be08eaf900155,2024-11,Essex Police,Essex Police,0.446456,51.525360,On or near Supermarket,E01015983,Thurrock 002B,Shoplifting,Investigation complete; no suspect identified,
93f8fa3aa93c56f7d650163b5b44e8e87d169f74be8d56b1b0745b638206808f,2024-11,Essex Police,Essex Police,0.446456,51.525360,On or near Supermarket,E01015983,Thurrock 002B,Shoplifting,Investigation complete; no suspect identified,
d86035a7da9221b6e740157cddf9b8e8a804500c53109edfc5a95312985929fa,2024-11,Essex Police,Essex Police,0.446456,51.525360,On or near Supermarket,E01015983,Thurrock 002B,Shoplifting,Investigation complete; no suspect identified,
145f268e78d5623a3dfd92871a5907ae5ce58115b4cccb3cb1818e4a76bc8341,2024-11,Essex Police,Essex Police,0.446456,51.525360,On or near Supermarket,E01015983,Thurrock 002B,Shoplifting,Investigation complete; no suspect identified,
23f4a71e92d29dc75c7a8dd66d01b01cba3b944ff4c602b6459e2bf647ecdf4a,2024-11,Essex Police,Essex Police,0.446456,51.525360,On or near Supermarket,E01015983,Thurrock 002B,Shoplifting,Investigation complete; no suspect identified,
179431337ce08e8f3dc03f94e64e9f4b97eb85de5147cd1304f7c3a9b7aa9ccb,2024-11,Essex Police,Essex Police,0.446456,51.525360,On or near Supermarket,E01015983,Thurrock 002B,Shoplifting,Investigation complete; no suspect identified,
ed8ea8fa0a59bdc788d8bb1ed5cf6f5bf29cb94aa80d7241f59d9155cee02e89,2024-11,Essex Police,Essex Police,0.446456,51.525360,On or near Supermarket,E01015983,Thurrock 002B,Shoplifting,Investigation complete; no suspect identified,
6585cf17cd461a03a16f8685e705ffc199e5bf599370c4679e8f67cce5c52836,2024-11,Essex Police,Essex Police,0.446456,51.525360,On or near Supermarket,E01015983,Thurrock 002B,Shoplifting,Investigation complete; no suspect identified,
50d17246ad777fe861f946b8cff99711f0d902bccc56547fc35149e86621c52f,2024-11,Essex Police,Essex Police,0.446456,51.525360,On or near Supermarket,E01015983,Thurrock 002B,Shoplifting,Investigation complete; no suspect identified,
4c0d5bd2b35cffb1e1bf8930ad8fd8e052d1288950ea2bdced48debf202fa221,2024-11,Essex Police,Essex Police,0.446456,51.525360,On or near Supermarket,E01015983,Thurrock 002B,Shoplifting,Investigation complete; no suspect identified,
4c0055c3b0c5c4f6e2e0a118e0426a42f9389ef5aacfd8beb1bc38f8ac1bca96,2024-11,Essex Police,Essex Police,0.446456,51.525360,On or near Supermarket,E01015983,Thurrock 002B,Shoplifting,Investigation complete; no suspect identified,
773f1c1d156fcc466ed477428ca65e9118e1efa753abe700eec0fa06948f4944,2024-11,Essex Police,Essex Police,0.446456,51.525360,On or near Supermarket,E01015983,Thurrock 002B,Shoplifting,Investigation complete; no suspect identified,
d04cc93feaa4d8b7665f47c9885f573847345c753ba280c7378151dba9647514,2024-11,Essex Police,Essex Police,0.446456,51.525360,On or near Supermarket,E01015983,Thurrock 002B,Shoplifting,Investigation complete; no suspect identified,
97a5c7cd9acebc3acfebed369f884fe263c31da2ad4577dc9b7fc063bf1f97db,2024-11,Essex Police,Essex Police,0.446456,51.525360,On or near Supermarket,E01015983,Thurrock 002B,Shoplifting,Investigation complete; no suspect identified,
aac4b00d546fcc02252ac9e52f0a48d05c797838500e237ebb08d9aa26c212cd,2024-11,Essex Police,Essex Police,0.449024,51.524848,On or near Parking Area,E01015983,Thurrock 002B,Shoplifting,Court result unavailable,
12971e8edcd962c64953514ddc93395c720433421dbc0935f68bc2945066281f,2024-11,Essex Police,Essex Police,0.449024,51.524848,On or near Parking Area,E01015983,Thurrock 002B,Shoplifting,Investigation complete; no suspect identified,
d859c61d3ca382f1db4332b5997cab663d84bf0fc26cff99b11b448c07e53658,2024-11,Essex Police,Essex Police,0.446456,51.525360,On or near Supermarket,E01015983,Thurrock 002B,Shoplifting,Investigation complete; no suspect identified,
a96d763a716aba1cef3ee9347c53eb777487ea7078f8e5b9ccac6484da779578,2024-11,Essex Police,Essex Police,0.446456,51.525360,On or near Supermarket,E01015983,Thurrock 002B,Shoplifting,Investigation complete; no suspect identified,
7f3d3ddf25c52ed821d23c3094e078927191db7172e55f6be72057e6eb1564b9,2024-11,Essex Police,Essex Police,0.446456,51.525360,On or near Supermarket,E01015983,Thurrock 002B,Shoplifting,Investigation complete; no suspect identified,
5b05a6518a6a8a63cafde222a19bd62fcf5fcc55b874e79e4680ceac7edad339,2024-11,Essex Police,Essex Police,0.446456,51.525360,On or near Supermarket,E01015983,Thurrock 002B,Shoplifting,Unable to prosecute suspect,
29c293f8c596260251dc8d820d826af8912369e1a4cc70f038f2bfa468673cb4,2024-11,Essex Police,Essex Police,0.446456,51.525360,On or near Supermarket,E01015983,Thurrock 002B,Shoplifting,Investigation complete; no suspect identified,
21c5e040f5e0a449684558d7b1b75d19f7f48af0e7bc8e8c395c19fc9f596112,2024-11,Essex Police,Essex Police,0.446456,51.525360,On or near Supermarket,E01015983,Thurrock 002B,Shoplifting,Investigation complete; no suspect identified,
4e75de4cd879a0c0b926c7a4c7a808861d64fca935fb9bbed4650e9e2b4eb48a,2024-11,Essex Police,Essex Police,0.446456,51.525360,On or near Supermarket,E01015983,Thurrock 002B,Shoplifting,Investigation complete; no suspect identified,
2d556e88abac479c9f708928adf19673145fea70185d7d758069e66a94cc36ee,2024-11,Essex Police,Essex Police,0.446456,51.525360,On or near Supermarket,E01015983,Thurrock 002B,Shoplifting,Investigation complete; no suspect identified,
3940a5f782517e11225f45a15c5be22f0193f8ef5d7d6cb4b5acca5d28543e64,2024-11,Essex Police,Essex Police,0.446456,51.525360,On or near Supermarket,E01015983,Thurrock 002B,Shoplifting,Investigation complete; no suspect identified,
eafe8831a61bd179b92bf846fadf736baa62435996a547f93dfbcf61a912cceb,2024-11,Essex Police,Essex Police,0.446456,51.525360,On or near Supermarket,E01015983,Thurrock 002B,Shoplifting,Investigation complete; no suspect identified,
ab3edcfc2d32234947eb4a5d8c7bd2521b3d4cb8b37f33da768544c2dab3d46d,2024-11,Essex Police,Essex Police,0.446456,51.525360,On or near Supermarket,E01015983,Thurrock 002B,Shoplifting,Investigation complete; no suspect identified,
d510c8fbde530575b077869e0c620aff2a023807544a66aebafdffb60decf0a6,2024-11,Essex Police,Essex Police,0.446456,51.525360,On or near Supermarket,E01015983,Thurrock 002B,Shoplifting,Investigation complete; no suspect identified,
32fbb71ae08cd3bc06acb843a01948afa8318099bdc38f5fc09b18e348752615,2024-11,Essex Police,Essex Police,0.446456,51.525360,On or near Supermarket,E01015983,Thurrock 002B,Shoplifting,Investigation complete; no suspect identified,
f7e0d3b3d0fca4176ac1df006b8fae55b9e3a9e69d0ffd067ee7479af002c78f,2024-11,Essex Police,Essex Police,0.450803,51.522544,On or near Thames Close,E01015983,Thurrock 002B,Vehicle crime,Investigation complete; no suspect identified,
f6976c6f9451962993d4610491d14da23bde12eb53549a2493faa424cde87122,2024-11,Essex Police,Essex Police,0.449005,51.524219,On or near Berwood Road,E01015983,Thurrock 002B,Violence and sexual offences,Unable to prosecute suspect,
0c3a8d25afd50a3f1ef5b1060d912966c65b54f21e9885c986b7f68ea806fe9a,2024-11,Essex Police,Essex Police,0.447208,51.525119,On or near St John'S Way,E01015983,Thurrock 002B,Violence and sexual offences,Unable to prosecute suspect,
166fedf6654bcee02dee04c2a8d0d43e41f3f60ad3b9d18d9f6470092f659885,2024-11,Essex Police,Essex Police,0.448626,51.520926,On or near The Acres,E01015983,Thurrock 002B,Violence and sexual offences,Status update unavailable,
10f85478c1e747675a33806afc40496b6b0c1609f5c38a662c3923e9568b0293,2024-11,Essex Police,Essex Police,0.448626,51.520926,On or near The Acres,E01015983,Thurrock 002B,Other crime,Unable to prosecute suspect,
d1581e9829b8c42a62338d16f7e07c37f8d722e7033dabfcf52d3ec96b65115b,2024-11,Essex Police,Essex Police,0.450709,51.527223,On or near Ashley Close,E01015987,Thurrock 002C,Drugs,Investigation complete; no suspect identified,
bc15f42f34118c902bbb5b12778148d343dc0281ccff61a4356b76e95349fb66,2024-11,Essex Police,Essex Police,0.453914,51.523828,On or near Park Road,E01015987,Thurrock 002C,Other theft,Unable to prosecute suspect,
6f94a9f260f33e0d7fbb16ceecb2af49ba787d6f579c0c6804b95f740362b589,2024-11,Essex Police,Essex Police,0.453547,51.523701,On or near Princes Avenue,E01015987,Thurrock 002C,Violence and sexual offences,Unable to prosecute suspect,
92f9a4604073c7e0d8bdd1e2163a66a852a66d432d93c9fdb6b31b79ad00fb01,2024-11,Essex Police,Essex Police,0.451540,51.529274,On or near Newton Close,E01015987,Thurrock 002C,Violence and sexual offences,Unable to prosecute suspect,
d338ef02bb0ffa1a09bcdae38387b8101bf1e4434236ad5ec49074d2a8aed2ac,2024-11,Essex Police,Essex Police,0.453547,51.523701,On or near Princes Avenue,E01015987,Thurrock 002C,Other crime,Further investigation is not in the public interest,
93542b971cb013643ca8fd0b1af0fdc5d16a8a7124e7c22c5ff7197aad6a7cdb,2024-11,Essex Police,Essex Police,0.449333,51.527377,On or near Langland Close,E01015988,Thurrock 002D,Burglary,Investigation complete; no suspect identified,
2ff62ab47641dfb25650d1cd0346945d5495515647979337a1055c676e4a3efa,2024-11,Essex Police,Essex Police,0.441250,51.526395,On or near Rachael Clarke Close,E01015988,Thurrock 002D,Criminal damage and arson,Investigation complete; no suspect identified,
5b1c32bf4e062063255db85069ced64ffd74258edf7094e43580a2e40c5e2fca,2024-11,Essex Police,Essex Police,0.443462,51.529478,On or near Mackley Drive,E01015988,Thurrock 002D,Other theft,Unable to prosecute suspect,
53ebb0a9cd50ea4a993466f2e9a36ec859e3aff9b8e3f51810d4af8e6be4b9c8,2024-11,Essex Police,Essex Police,0.444899,51.527497,On or near Bellmaine Avenue,E01015988,Thurrock 002D,Public order,Unable to prosecute suspect,
2cd71289153b1d665473eb12a47d9faf8107a12223f8ffd5588b5c034654f32c,2024-11,Essex Police,Essex Police,0.443808,51.528680,On or near Lyndhurst Road,E01015988,Thurrock 002D,Vehicle crime,Investigation complete; no suspect identified,
d46c49ef7a59c00420dab3568f51fdb7b39b80468a6b47b1ee265f66b15b6e8f,2024-11,Essex Police,Essex Police,0.443462,51.529478,On or near Mackley Drive,E01015988,Thurrock 002D,Vehicle crime,Investigation complete; no suspect identified,
6357796d181b266c67f0311bb6282fe955c15d90f47d3cfe9ed0b04a39136344,2024-11,Essex Police,Essex Police,0.443808,51.528680,On or near Lyndhurst Road,E01015988,Thurrock 002D,Violence and sexual offences,Unable to prosecute suspect,
dd9f79474f399203cac0944f6e22a8d408de944c3fe4f77c12b6a6bb9392dd53,2024-11,Essex Police,Essex Police,0.445268,51.530628,On or near Supermarket,E01015998,Thurrock 002E,Shoplifting,Investigation complete; no suspect identified,
a1dcf44a5d55029e2d64bd666eb8406dfa8fc3e1f18c34ee65d3f0892d4767f6,2024-11,Essex Police,Essex Police,0.448280,51.531932,On or near Colville Close,E01015998,Thurrock 002E,Violence and sexual offences,Action to be taken by another organisation,
,2024-11,Essex Police,Essex Police,0.445965,51.523994,On or near Gordon Road,E01015984,Thurrock 003A,Anti-social behaviour,,
,2024-11,Essex Police,Essex Police,0.445965,51.523994,On or near Gordon Road,E01015984,Thurrock 003A,Anti-social behaviour,,
,2024-11,Essex Police,Essex Police,0.445965,51.523994,On or near Gordon Road,E01015984,Thurrock 003A,Anti-social behaviour,,
3edf6a53a5f1b2192f26777511815deac606acc317d98f0cd6daf6cdb64a4d20,2024-11,Essex Police,Essex Police,0.437515,51.523145,On or near St James Avenue West,E01015984,Thurrock 003A,Drugs,Investigation complete; no suspect identified,
1f6b08cf12c01976b7d1ae1a4af2afae2b5f4d86fa1762e5560dbc4e1e0d0bbd,2024-11,Essex Police,Essex Police,0.445965,51.523994,On or near Gordon Road,E01015984,Thurrock 003A,Possession of weapons,Unable to prosecute suspect,
f34874f3fba8da92f16918eb4a28ca4938ebf794ad1bac0c66fdb2d7b7b1d312,2024-11,Essex Police,Essex Police,0.437643,51.524464,On or near Balmoral Avenue,E01015984,Thurrock 003A,Violence and sexual offences,Unable to prosecute suspect,
6a83f2c0f982041b6cf1f9db380fe7c8ff9051aea1f47e178bd46321bde83631,2024-11,Essex Police,Essex Police,0.445965,51.523994,On or near Gordon Road,E01015984,Thurrock 003A,Other crime,Formal action is not in the public interest,
,2024-11,Essex Police,Essex Police,0.439926,51.520784,On or near Priory Road,E01015985,Thurrock 003B,Anti-social behaviour,,
62d2f6e32fd52c97d7a34bb77b8b1f4942a3e1d03be4073b52a7b57038a50a48,2024-11,Essex Police,Essex Police,0.435771,51.518837,On or near Armstrong Close,E01015985,Thurrock 003B,Criminal damage and arson,Unable to prosecute suspect,
542627bf9e5bcf6b7dfea53f643f2fea464e4a088be8593d956c795698679adf,2024-11,Essex Police,Essex Police,0.439602,51.518767,On or near Cloisters,E01015985,Thurrock 003B,Vehicle crime,Investigation complete; no suspect identified,
e69ed7cbf6c6abdd529545dd4d3d959eff1046d75676dd7799e9b44f392af1c0,2024-11,Essex Police,Essex Police,0.435771,51.518837,On or near Armstrong Close,E01015985,Thurrock 003B,Violence and sexual offences,Unable to prosecute suspect,
7cf638b369c096593a365b684bea717a73492dc11a11d5b5b43db4f7aad5b1d8,2024-11,Essex Police,Essex Police,0.435771,51.518837,On or near Armstrong Close,E01015985,Thurrock 003B,Violence and sexual offences,Unable to prosecute suspect,
4330444674248f46b305158f52345b55e6040d1e364642daa3977c8a10467eb5,2024-11,Essex Police,Essex Police,0.435771,51.518837,On or near Armstrong Close,E01015985,Thurrock 003B,Violence and sexual offences,Unable to prosecute suspect,
f2259a97db6b92d6f2b041a4aa707bbeb1f07e08cafe1bf4e5c49f64500ee72c,2024-11,Essex Police,Essex Police,0.435771,51.518837,On or near Armstrong Close,E01015985,Thurrock 003B,Other crime,Formal action is not in the public interest,
,2024-11,Essex Police,Essex Police,0.437509,51.521149,On or near Abbotts Drive,E01015986,Thurrock 003C,Anti-social behaviour,,
1b0ec6969e06b1f3030f4c013c74fecd6912b1d43ad52958b4f0303d39b3f7e4,2024-11,Essex Police,Essex Police,0.437509,51.521149,On or near Abbotts Drive,E01015986,Thurrock 003C,Drugs,Court result unavailable,
3adaa29f1dab815842a042d1e4cc41dbe2e814b115c023e6306b96f8c68e2c3a,2024-11,Essex Police,Essex Police,0.436707,51.521786,On or near Mountfield Close,E01015986,Thurrock 003C,Other theft,Investigation complete; no suspect identified,
8e62f53faaa43ba8a3b254256be4d5322db1c3fb7e4694271dad4066dbef8010,2024-11,Essex Police,Essex Police,0.437509,51.521149,On or near Abbotts Drive,E01015986,Thurrock 003C,Vehicle crime,Investigation complete; no suspect identified,
e5f7540127d6f120dae00b5554adf2378abfb5ee73f0b2c1dbd958351028ad02,2024-11,Essex Police,Essex Police,0.437509,51.521149,On or near Abbotts Drive,E01015986,Thurrock 003C,Vehicle crime,Investigation complete; no suspect identified,
7480cc78b3d2fdf562b835e7ada03e8168643934ff933f8761dfb765aa39c1d4,2024-11,Essex Police,Essex Police,0.437229,51.522378,On or near Cornwell Crescent,E01015986,Thurrock 003C,Violence and sexual offences,Unable to prosecute suspect,
74c4c076cf48406ba03daf43d2baed7511e694a110e0e097beff424e5f51138e,2024-11,Essex Police,Essex Police,0.436707,51.521786,On or near Mountfield Close,E01015986,Thurrock 003C,Violence and sexual offences,Unable to prosecute suspect,
9076c47770cf29781bdf157068ae4c86cb6b6b90b410de446000730ebfba43bc,2024-11,Essex Police,Essex Police,0.431625,51.515695,On or near Manor Road,E01015990,Thurrock 003D,Public order,Unable to prosecute suspect,
66087d523791253849c402d81882a2dcaef85a07df18a606ae616e3525339cd7,2024-11,Essex Police,Essex Police,0.441032,51.515598,On or near Conrad Road,E01015990,Thurrock 003D,Vehicle crime,Investigation complete; no suspect identified,
99899212dcf548bba8392d9155cbebd574688af4bb21f91957bf3c8498f79aa3,2024-11,Essex Police,Essex Police,0.438644,51.516754,On or near Levett Road,E01015990,Thurrock 003D,Violence and sexual offences,Unable to prosecute suspect,
ec249071571e5dde00c8df763d1ecac14e1274bd7d089b0a2c921023941ec203,2024-11,Essex Police,Essex Police,0.434373,51.516142,On or near Hassenbrook Road,E01015990,Thurrock 003D,Violence and sexual offences,Unable to prosecute suspect,
a50cd9482a770a4d869f89185311f84f7fa7a2bb8a4c7c6abbc718403c1e9cf9,2024-11,Essex Police,Essex Police,0.438153,51.525641,On or near Southend Road,E01016001,Thurrock 003E,Other theft,Unable to prosecute suspect,
f0638b51baeaa6d3419a813faa72414375c274984c11866a8f1a3ecd3220b462,2024-11,Essex Police,Essex Police,0.356872,51.499739,On or near Baker Street,E01015977,Thurrock 004A,Other theft,Investigation complete; no suspect identified,
726c2334bf7fad6ff05a6becedd683eafb469d5605ec25c291307b63c0add599,2024-11,Essex Police,Essex Police,0.363935,51.510361,On or near Medbree Court,E01015977,Thurrock 004A,Other theft,Investigation complete; no suspect identified,
0d67cc70858a18e52884304a59e1e62e1f111838faaeec56b52c94b0dc8b387c,2024-11,Essex Police,Essex Police,0.363935,51.510361,On or near Medbree Court,E01015977,Thurrock 004A,Vehicle crime,Investigation complete; no suspect identified,
93fe132b8913d11c468657db5e64edb7c8b54c7fe32091a9e70b896328b018ef,2024-11,Essex Police,Essex Police,0.353821,51.505681,On or near Baker Street,E01015977,Thurrock 004A,Vehicle crime,Investigation complete; no suspect identified,
ea099eb7e19a86db678b99b5ab441ab61688fb53f891870c08c2bd75f326e052,2024-11,Essex Police,Essex Police,0.367155,51.513543,On or near Ridgwell Avenue,E01015977,Thurrock 004A,Violence and sexual offences,Unable to prosecute suspect,
024f3293212c82b3101b60238d8babf89bef85af3753240ca55e1c62765a83f5,2024-11,Essex Police,Essex Police,0.402836,51.547369,On or near Farriers Way,E01015978,Thurrock 004B,Burglary,Unable to prosecute suspect,
9427b7dac72074e58d3cff135c1e428b1ddda4677fbad5df07838e55314e2617,2024-11,Essex Police,Essex Police,0.338120,51.542382,On or near Harrow Road,E01015978,Thurrock 004B,Criminal damage and arson,Investigation complete; no suspect identified,
5a0eaa9611ed469d88f524c87056e6c9eaaaf43fed833962a2df52bc30634707,2024-11,Essex Police,Essex Police,0.364835,51.548600,On or near Church Road,E01015978,Thurrock 004B,Drugs,Local resolution,
bf6ddd2d7dc73ea7ce7e8ac75fdb74741ef31eb968179f9339533d5d44f2479c,2024-11,Essex Police,Essex Police,0.369428,51.547878,On or near Pieris Place,E01015978,Thurrock 004B,Other theft,Investigation complete; no suspect identified,
909eb62e03c27e088d3ae1ea27b49cdd47be93377f04445c38f67e2e6ac3bdbd,2024-11,Essex Police,Essex Police,0.367765,51.552795,On or near Brentwood Road,E01015978,Thurrock 004B,Theft from the person,Investigation complete; no suspect identified,
637a2e0e4226e71994a4b5955d4a700bf2326621cda4a60bede9d4769cfdfb83,2024-11,Essex Police,Essex Police,0.361718,51.545785,On or near Fen Close,E01015978,Thurrock 004B,Vehicle crime,Investigation complete; no suspect identified,
80bfdb532129eb3e4320b717fdbf9478515849c271eaf72713c01209c4a4be4d,2024-11,Essex Police,Essex Police,0.367765,51.552795,On or near Brentwood Road,E01015978,Thurrock 004B,Violence and sexual offences,Unable to prosecute suspect,
23e0e3d4f5477614b598bb0ba12974c153c91b21d2e6f0370df4fb0c119e7b8d,2024-11,Essex Police,Essex Police,0.402836,51.547369,On or near Farriers Way,E01015978,Thurrock 004B,Violence and sexual offences,Unable to prosecute suspect,
95c422d06da4dbe8dd95addbe8d23f956ac2568758268668a8aa774c9f9ba3d7,2024-11,Essex Police,Essex Police,0.370316,51.539991,On or near Park/Open Space,E01015978,Thurrock 004B,Violence and sexual offences,Unable to prosecute suspect,
7426b53e93a0fabf8c51dede9b87b4a50947f4a816dd1103aa60e6eb424c0dfc,2024-11,Essex Police,Essex Police,0.402836,51.547369,On or near Farriers Way,E01015978,Thurrock 004B,Violence and sexual offences,Investigation complete; no suspect identified,
0dc7f505eb99c97ff49ff4f3720f8a8b5b8d619f0fb1e4f05da3be25623a515a,2024-11,Essex Police,Essex Police,0.402836,51.547369,On or near Farriers Way,E01015978,Thurrock 004B,Violence and sexual offences,Unable to prosecute suspect,
fc4cd08285e53cd11df0a517278c31558caa66464affdfa366644bc56cc456f0,2024-11,Essex Police,Essex Police,0.361077,51.544539,On or near Church Lane,E01015978,Thurrock 004B,Violence and sexual offences,Investigation complete; no suspect identified,
c36a9921ebfa5c8d3aa8a0b4dce4061326006bc97ba7b2001bbbd4cead32c0f6,2024-11,Essex Police,Essex Police,0.367765,51.552795,On or near Brentwood Road,E01015978,Thurrock 004B,Violence and sexual offences,Unable to prosecute suspect,
,2024-11,Essex Police,Essex Police,0.391129,51.505916,On or near Ashby Close,E01015979,Thurrock 004C,Anti-social behaviour,,
,2024-11,Essex Police,Essex Police,0.386785,51.506634,On or near Stanford Road,E01015979,Thurrock 004C,Anti-social behaviour,,
45896037807e976409940abf8192d25618917c5c383ed884f45512ca4945a78b,2024-11,Essex Police,Essex Police,0.391715,51.519313,On or near Orsett Road,E01015979,Thurrock 004C,Burglary,Investigation complete; no suspect identified,
7ad730f4e6b17f59c226db51324d0a3192c91bc010a05cf9e9f394d60b4e2ef3,2024-11,Essex Police,Essex Police,0.395641,51.508423,On or near Sandown Close,E01015979,Thurrock 004C,Public order,Investigation complete; no suspect identified,
913022e3867e020a53d8449f95bcc67b2ada352978535b698081e5d66f609d58,2024-11,Essex Police,Essex Police,0.395641,51.508423,On or near Sandown Close,E01015979,Thurrock 004C,Shoplifting,Investigation complete; no suspect identified,
9b5a1e88ae047c60308340f06423d14977ee65f0bb1d1c1f01bb122ea4fe22c9,2024-11,Essex Police,Essex Police,0.395641,51.508423,On or near Sandown Close,E01015979,Thurrock 004C,Shoplifting,Investigation complete; no suspect identified,
1715dc88275b257b4804ab9d72ff7c237fc9b1dca1bde8b4e42480e814826802,2024-11,Essex Police,Essex Police,0.395641,51.508423,On or near Sandown Close,E01015979,Thurrock 004C,Shoplifting,Investigation complete; no suspect identified,
d6155db89af040b534d495a474e3b209e63f1db170472f73fc9069b921a87cb9,2024-11,Essex Police,Essex Police,0.395641,51.508423,On or near Sandown Close,E01015979,Thurrock 004C,Shoplifting,Court result unavailable,
b0865fed68eba0eae34692efe08c5fea04083aa450ff5e769e8e58e775202a4c,2024-11,Essex Police,Essex Police,0.395641,51.508423,On or near Sandown Close,E01015979,Thurrock 004C,Shoplifting,Investigation complete; no suspect identified,
d9f29142a90b9f0a2bc0b779eff5bb7af09d29a83d968b5f54c8960e6a1d2697,2024-11,Essex Police,Essex Police,0.395641,51.508423,On or near Sandown Close,E01015979,Thurrock 004C,Shoplifting,Court result unavailable,
371fe76fcd07a85d7026ce92fd055ba0bfc7a24a548e38e72b38145e2ce8a652,2024-11,Essex Police,Essex Police,0.395641,51.508423,On or near Sandown Close,E01015979,Thurrock 004C,Shoplifting,Court result unavailable,
23479fe614f29da9de3e6573c04dcbfad18d94fed22a0d9b276d0c50c9ace43a,2024-11,Essex Police,Essex Police,0.395641,51.508423,On or near Sandown Close,E01015979,Thurrock 004C,Shoplifting,Investigation complete; no suspect identified,
0ab3c64adb97ccd6ceb5da2e450f08f115e31ac19a77786208eb33bd3df45429,2024-11,Essex Police,Essex Police,0.395641,51.508423,On or near Sandown Close,E01015979,Thurrock 004C,Shoplifting,Investigation complete; no suspect identified,
7e34d54a88bd14bc16af2df2a1571c2cf7823d9da94f57c323ba5b37ba0d1428,2024-11,Essex Police,Essex Police,0.395641,51.508423,On or near Sandown Close,E01015979,Thurrock 004C,Shoplifting,Court result unavailable,
525b53555f1cd04ed0b54236713179d8dc7e1aacbb9608e1d53e24ad51eaaa87,2024-11,Essex Police,Essex Police,0.395641,51.508423,On or near Sandown Close,E01015979,Thurrock 004C,Shoplifting,Investigation complete; no suspect identified,
02e0acfc58215c5f597334deedf3eddcda3b3e965095e1ac73c27af1486d0f58,2024-11,Essex Police,Essex Police,0.395641,51.508423,On or near Sandown Close,E01015979,Thurrock 004C,Shoplifting,Court result unavailable,
07a4a0351780fcd74534f5c077a9e7409cd43c26ece4fe3c3d039c55044707b2,2024-11,Essex Police,Essex Police,0.395641,51.508423,On or near Sandown Close,E01015979,Thurrock 004C,Shoplifting,Investigation complete; no suspect identified,
fc218a4e2d673f95c3b68a83516c505dcd5ec3f8b9fe2b0b81f3d92e3e981a7f,2024-11,Essex Police,Essex Police,0.395641,51.508423,On or near Sandown Close,E01015979,Thurrock 004C,Shoplifting,Investigation complete; no suspect identified,
61f74f92822beed51e752c80008a89b36824f45c63c0d50b15dd508a214cfc44,2024-11,Essex Police,Essex Police,0.395641,51.508423,On or near Sandown Close,E01015979,Thurrock 004C,Shoplifting,Local resolution,
60b791e23ea3497e5c2812de144655f4dd3823c4b0a134e17b8e5b448bbc9a84,2024-11,Essex Police,Essex Police,0.395641,51.508423,On or near Sandown Close,E01015979,Thurrock 004C,Shoplifting,Court result unavailable,
c00a68f04b3659ece1d8a622e8f79c855bfdf82199fc53a0b1bc195faaf0cd20,2024-11,Essex Police,Essex Police,0.395641,51.508423,On or near Sandown Close,E01015979,Thurrock 004C,Shoplifting,Court result unavailable,
974573ca0f2ecbdf48b73cea07c327433c16082db4c0ef23fce6630229c4dfb5,2024-11,Essex Police,Essex Police,0.395641,51.508423,On or near Sandown Close,E01015979,Thurrock 004C,Shoplifting,Investigation complete; no suspect identified,
02af66e17835d32ee0541ccea0236677faf6a0d16d42a24510cf14d7f587bb04,2024-11,Essex Police,Essex Police,0.395641,51.508423,On or near Sandown Close,E01015979,Thurrock 004C,Shoplifting,Court result unavailable,
60c7db1b334688b84a4d44d8d2c03586a2db157bceb1b9f13290d945c24368d2,2024-11,Essex Police,Essex Police,0.395641,51.508423,On or near Sandown Close,E01015979,Thurrock 004C,Shoplifting,Court result unavailable,
75291a274e3b3cb9d0887642e21cb1d0a55ab5cfe1519a87e406f3964f721b22,2024-11,Essex Police,Essex Police,0.395641,51.508423,On or near Sandown Close,E01015979,Thurrock 004C,Shoplifting,Investigation complete; no suspect identified,
4af908b77d2f79eaebee2f3228244ea5dc41e85c25d31ef546120a6566244b39,2024-11,Essex Police,Essex Police,0.395641,51.508423,On or near Sandown Close,E01015979,Thurrock 004C,Shoplifting,Investigation complete; no suspect identified,
3fdd67194313fce4953dbe3668147e5bd6f0ec7796de0c346b4c4c5ee8f8f3de,2024-11,Essex Police,Essex Police,0.395641,51.508423,On or near Sandown Close,E01015979,Thurrock 004C,Shoplifting,Investigation complete; no suspect identified,
92ca8f061a49f029e75883709b47df0f4d48018ff10daff58bf52740321471dd,2024-11,Essex Police,Essex Police,0.395641,51.508423,On or near Sandown Close,E01015979,Thurrock 004C,Shoplifting,Investigation complete; no suspect identified,
496e7fe7e30b7cfe92bfd5218f85a855328f1e10e5a391f2f33512283e6882c8,2024-11,Essex Police,Essex Police,0.395641,51.508423,On or near Sandown Close,E01015979,Thurrock 004C,Shoplifting,Investigation complete; no suspect identified,
e162aa0c2cc665a3b73dc19072acd15b8946bc95915e3b51f7b6da72c6957ccb,2024-11,Essex Police,Essex Police,0.395641,51.508423,On or near Sandown Close,E01015979,Thurrock 004C,Shoplifting,Investigation complete; no suspect identified,
e79a36198588ff302fe182040b8376f62da7ee98e53cad97c10f875f5b51451a,2024-11,Essex Police,Essex Police,0.395641,51.508423,On or near Sandown Close,E01015979,Thurrock 004C,Shoplifting,Investigation complete; no suspect identified,
f360aa66f5b545a3d5e5a6591758513459996415ef8e3ea0199c7290c1fddb93,2024-11,Essex Police,Essex Police,0.395641,51.508423,On or near Sandown Close,E01015979,Thurrock 004C,Shoplifting,Investigation complete; no suspect identified,
1decda4ecabe9983d4418f889100953258896c6448c0dba8c8b7b52e445fa17e,2024-11,Essex Police,Essex Police,0.395641,51.508423,On or near Sandown Close,E01015979,Thurrock 004C,Shoplifting,Investigation complete; no suspect identified,
0c09e4f4948c2f7d02db877f29e41c67bef3edd5ecde4a2984264e66452c70d1,2024-11,Essex Police,Essex Police,0.395641,51.508423,On or near Sandown Close,E01015979,Thurrock 004C,Shoplifting,Investigation complete; no suspect identified,
03d8ffc5c7f6fce83a17ddc07415dc43ab9cf628087e84a782a77d295a1cdf4a,2024-11,Essex Police,Essex Police,0.395641,51.508423,On or near Sandown Close,E01015979,Thurrock 004C,Shoplifting,Unable to prosecute suspect,
9132ad2e57e3ba7810b4670e71ffac4aebd6863cf0c630726ef96d9d8b52db9d,2024-11,Essex Police,Essex Police,0.395641,51.508423,On or near Sandown Close,E01015979,Thurrock 004C,Shoplifting,Investigation complete; no suspect identified,
3b0f5cf90dd3ac73a8331823b63e27f7d6bb3e16bd5c22be78afe98e8c8839b9,2024-11,Essex Police,Essex Police,0.395641,51.508423,On or near Sandown Close,E01015979,Thurrock 004C,Shoplifting,Investigation complete; no suspect identified,
2fbce2f88af52dda070f963a62699b3b52daf0cb792b444d7c2f32db83df5f75,2024-11,Essex Police,Essex Police,0.395641,51.508423,On or near Sandown Close,E01015979,Thurrock 004C,Shoplifting,Court result unavailable,
3357052a0c22910aaf3c70f1cf883e69eb1bf24afe6abb5248d1da233785adf1,2024-11,Essex Police,Essex Police,0.395641,51.508423,On or near Sandown Close,E01015979,Thurrock 004C,Shoplifting,Court result unavailable,
cf9fdc5a8d506782a617b4c324b0edc086518e54983b12aab0924478e2120c89,2024-11,Essex Police,Essex Police,0.395641,51.508423,On or near Sandown Close,E01015979,Thurrock 004C,Shoplifting,Investigation complete; no suspect identified,
28b5acd1fba94ff89470e23eb43ce3987ac528405b340ef0a2e65ff7bb27843d,2024-11,Essex Police,Essex Police,0.395641,51.508423,On or near Sandown Close,E01015979,Thurrock 004C,Shoplifting,Court result unavailable,
2bcbfeeb79f0be7ace1649d0ac9caf245e926fc35dc85bb6bca9278013599e21,2024-11,Essex Police,Essex Police,0.395641,51.508423,On or near Sandown Close,E01015979,Thurrock 004C,Shoplifting,Investigation complete; no suspect identified,
ee504fbc67080b99b04007c537878d4d14c00a388e313a06e9ee49856917d060,2024-11,Essex Police,Essex Police,0.395641,51.508423,On or near Sandown Close,E01015979,Thurrock 004C,Shoplifting,Investigation complete; no suspect identified,
10369861c9124e6838b4d405cd9ffda4825e2ca5d7e667b6eb6f1d17b5c59eb7,2024-11,Essex Police,Essex Police,0.395641,51.508423,On or near Sandown Close,E01015979,Thurrock 004C,Shoplifting,Local resolution,
455d17350016567946c3f2192e7aa7d066dd03cfe713acae88cea1fa0f704fc7,2024-11,Essex Police,Essex Police,0.395641,51.508423,On or near Sandown Close,E01015979,Thurrock 004C,Shoplifting,Unable to prosecute suspect,
f9ed3ffad493f585bc1ac232d8fb79f881e508c0aa5d604f4d96c907fb35c661,2024-11,Essex Police,Essex Police,0.395641,51.508423,On or near Sandown Close,E01015979,Thurrock 004C,Shoplifting,Court result unavailable,
032035e2d1fae0513cc7d866769037b7378e9fd984c90c948fda008a25525d4b,2024-11,Essex Police,Essex Police,0.395641,51.508423,On or near Sandown Close,E01015979,Thurrock 004C,Shoplifting,Unable to prosecute suspect,
7b3c647959b47128ad3c1914fe004a357364811dbc34ea62e0ac89a912aa630c,2024-11,Essex Police,Essex Police,0.395641,51.508423,On or near Sandown Close,E01015979,Thurrock 004C,Shoplifting,Unable to prosecute suspect,
d00c93beae8a1ca8067904f6b91f27e8fc58187991773f8696813961735cff7e,2024-11,Essex Police,Essex Police,0.391129,51.505916,On or near Ashby Close,E01015979,Thurrock 004C,Vehicle crime,Unable to prosecute suspect,
daa33e6d674ed75b3b34d652bcd4ec170d47d8b674a62b486e5658ceb6950907,2024-11,Essex Police,Essex Police,0.381488,51.505375,On or near Stanford Road,E01015979,Thurrock 004C,Vehicle crime,Investigation complete; no suspect identified,
f8df81c5b288ee5cb5e4225e5831ac1ebd36f2569e7c1d39e14bfff10bc2c902,2024-11,Essex Police,Essex Police,0.381488,51.505375,On or near Stanford Road,E01015979,Thurrock 004C,Violence and sexual offences,Unable to prosecute suspect,
ca4cde17d3c3fde4b6bc6d49edcb3c02dd532910f6e3d88fd20d56d0a0d809f1,2024-11,Essex Police,Essex Police,0.389376,51.504369,On or near Bristowe Drive,E01015979,Thurrock 004C,Violence and sexual offences,Status update unavailable,
d26cae448e03c2abb16e8f976ae11a839d766ac9b61fd362c9e7d721c6e7073b,2024-11,Essex Police,Essex Police,0.381488,51.505375,On or near Stanford Road,E01015979,Thurrock 004C,Violence and sexual offences,Investigation complete; no suspect identified,
,2024-11,Essex Police,Essex Police,0.400402,51.526878,On or near York Road,E01015980,Thurrock 004D,Anti-social behaviour,,
0f7d8e691494c6e4fb3ffa96ac3c19aa285913c5bfa1c9d4f00eea0823589b53,2024-11,Essex Police,Essex Police,0.374966,51.514635,On or near Prince Charles Avenue,E01015980,Thurrock 004D,Other theft,Investigation complete; no suspect identified,
ec7fe1a36cd81d8421a40b68dfd6c42f1e0c69773aec5ffeb3f1f6785129bd7f,2024-11,Essex Police,Essex Police,0.374966,51.514635,On or near Prince Charles Avenue,E01015980,Thurrock 004D,Other theft,Investigation complete; no suspect identified,
7cf1a114e915a055664faac78c0e7ee523dfde191d08dffc8ca2f8a26d7f949f,2024-11,Essex Police,Essex Police,0.374966,51.514635,On or near Prince Charles Avenue,E01015980,Thurrock 004D,Public order,Investigation complete; no suspect identified,
483949f34fa75adf029ae93e76edfb21b96a127ed46ca3f5850806327f019dad,2024-11,Essex Police,Essex Police,0.374966,51.514635,On or near Prince Charles Avenue,E01015980,Thurrock 004D,Vehicle crime,Investigation complete; no suspect identified,
cfedcd02b85efdf3281715916a6ad183a9e6217523cf3c7d76e3f64f373893e7,2024-11,Essex Police,Essex Police,0.376978,51.528084,On or near Parking Area,E01015980,Thurrock 004D,Vehicle crime,Investigation complete; no suspect identified,
ff1cfdcb280f0406ad46ba4104c272f049572c9b1f540a530f16640d26a65975,2024-11,Essex Police,Essex Police,0.401325,51.524422,On or near Victoria Road,E01015980,Thurrock 004D,Vehicle crime,Investigation complete; no suspect identified,
0c071d3583b0b8b42637b39ae10f8847497aeadee095990ab27fac145e4b81b6,2024-11,Essex Police,Essex Police,0.374966,51.514635,On or near Prince Charles Avenue,E01015980,Thurrock 004D,Violence and sexual offences,Unable to prosecute suspect,
96e749ffafb99f27a042bfd79b9a08517c2f9b304d317312786d678dedb49738,2024-11,Essex Police,Essex Police,0.374966,51.514635,On or near Prince Charles Avenue,E01015980,Thurrock 004D,Violence and sexual offences,Unable to prosecute suspect,
506208bb5208558f162f7a701f80b6b049651a6a3d85e9db4826c35ab8238ef1,2024-11,Essex Police,Essex Police,0.401593,51.526224,On or near Hillcrest Road,E01015980,Thurrock 004D,Other crime,Action to be taken by another organisation,
,2024-11,Essex Police,Essex Police,0.428753,51.518327,On or near Hardie Road,E01015989,Thurrock 005A,Anti-social behaviour,,
f17c7ce523547de13a88c9e52b73484ab6218b3855fd5a43c512830dfaadf46a,2024-11,Essex Police,Essex Police,0.428753,51.518327,On or near Hardie Road,E01015989,Thurrock 005A,Burglary,Investigation complete; no suspect identified,
24dd868f91cdb70659f4b24da3b9e2c31fb92ace63ee3c3449167b4d07789736,2024-11,Essex Police,Essex Police,0.426917,51.515514,On or near High Street,E01015989,Thurrock 005A,Drugs,Local resolution,
b893252e93028541abf9548e30ddb0c71dace0fd03dcd71bc036f8889706a274,2024-11,Essex Police,Essex Police,0.427462,51.516815,On or near Petrol Station,E01015989,Thurrock 005A,Public order,Unable to prosecute suspect,
3aeb7b2ae39e7644246a236af5a16896997450c61ed89c3d3ea8f6bd91d9fbca,2024-11,Essex Police,Essex Police,0.426917,51.515514,On or near High Street,E01015989,Thurrock 005A,Public order,Unable to prosecute suspect,
0e71eb3090861586144c4db795663d229f4a3e34e95197e57d01d681dada50c7,2024-11,Essex Police,Essex Police,0.426769,51.515184,On or near Supermarket,E01015989,Thurrock 005A,Shoplifting,Investigation complete; no suspect identified,
b67c3a574c4383ec2b857c6b36d687e369e731d6e62d24c294881c02f75b549f,2024-11,Essex Police,Essex Police,0.426769,51.515184,On or near Supermarket,E01015989,Thurrock 005A,Violence and sexual offences,Court result unavailable,
637f892fb6e4277a2249b20424e31de9e5da451be95dc86495bfd71d7f4e9b4e,2024-11,Essex Police,Essex Police,0.425895,51.517441,On or near The Ferns,E01015989,Thurrock 005A,Violence and sexual offences,Unable to prosecute suspect,
854a4065b280ff49095d1e68505e37573eb7b10a45b68162a10e74d8ff694bc2,2024-11,Essex Police,Essex Police,0.423095,51.513848,On or near Stanford-Le-Hope,E01015989,Thurrock 005A,Violence and sexual offences,Investigation complete; no suspect identified,
7cd106d2443f55992ed0a7405734438cfa108aff2a842043de68501e4f693071,2024-11,Essex Police,Essex Police,0.421879,51.515114,On or near Butts Road,E01015989,Thurrock 005A,Other crime,Investigation complete; no suspect identified,
975fa49fa7d74d45ee8f3c9f28951a8b4a937e590344c52e1d0dcbe55929dbf0,2024-11,Essex Police,Essex Police,0.417988,51.512937,On or near Valmar Avenue,E01015991,Thurrock 005B,Burglary,Investigation complete; no suspect identified,
a2753cbb7a7d4625df1dccffe52b337b2ec7215f69d19ec75d8b83e2fc820de6,2024-11,Essex Police,Essex Police,0.417434,51.516636,On or near Brookfield Drive,E01015991,Thurrock 005B,Criminal damage and arson,Investigation complete; no suspect identified,
7041acdb3f210a181878a6dd01c7e2ecac3727d0a8d2f638092bb59dfcc448d8,2024-11,Essex Police,Essex Police,0.420611,51.513755,On or near Ruskin Court,E01015991,Thurrock 005B,Criminal damage and arson,Investigation complete; no suspect identified,
ca0ebfb71d8151782f182de7abfbe574dec14aa3b53b6a06b7b3487e9e230f85,2024-11,Essex Police,Essex Police,0.420611,51.513755,On or near Ruskin Court,E01015991,Thurrock 005B,Other theft,Investigation complete; no suspect identified,
5e351b9e06a7b7882a841293724d72203db57507357e59541530427944d01880,2024-11,Essex Police,Essex Police,0.420611,51.513755,On or near Ruskin Court,E01015991,Thurrock 005B,Other theft,Local resolution,
c176c4afb404e8044379522cda1c0735b1de49de01b4f4e3c6c5b9cdaf132343,2024-11,Essex Police,Essex Police,0.420611,51.513755,On or near Ruskin Court,E01015991,Thurrock 005B,Other theft,Investigation complete; no suspect identified,
0c44d63af9f95ace2c1b3f9f5ff73a5ae951e3cc428ee71a33194b390ff9e61e,2024-11,Essex Police,Essex Police,0.420611,51.513755,On or near Ruskin Court,E01015991,Thurrock 005B,Other theft,Local resolution,
c6c27698f0b6df6506fc06c43a0dbbe255e7bec462a76881d5ffced2146954f9,2024-11,Essex Police,Essex Police,0.419688,51.513739,On or near Petrol Station,E01015991,Thurrock 005B,Shoplifting,Investigation complete; no suspect identified,
b68142c6f3b7bf8c17dffc01247ad1c63a319ea37729961fe845fbb2809eb1b8,2024-11,Essex Police,Essex Police,0.420611,51.513755,On or near Ruskin Court,E01015991,Thurrock 005B,Violence and sexual offences,Investigation complete; no suspect identified,
9a6c97bdd8d734049c134f57434cc01805352788a3763d320e19f501d6b45567,2024-11,Essex Police,Essex Police,0.417434,51.516636,On or near Brookfield Drive,E01015991,Thurrock 005B,Violence and sexual offences,Unable to prosecute suspect,
26f94952a489e2fc7cf21588715ae052ca2a19e55d22ec99b6ad295d11bd191a,2024-11,Essex Police,Essex Police,0.418158,51.509345,On or near St Andrews Way,E01015992,Thurrock 005C,Criminal damage and arson,Unable to prosecute suspect,
390d485feefba6dfb674707fdf97af6cf473ddae1128495c54788b6f2e6b50ee,2024-11,Essex Police,Essex Police,0.429320,51.513809,On or near Walkers Square,E01015992,Thurrock 005C,Other theft,Unable to prosecute suspect,
6d80fba985403b911d258157b40b3001cbaa93ba273896c7b1857fac15f60a8b,2024-11,Essex Police,Essex Police,0.416974,51.510134,On or near Woodbridge Way,E01015992,Thurrock 005C,Public order,Unable to prosecute suspect,
e447d6130a251fc13300bfcc05f2c44b2db9a3b8075705f0f0eadbf912b7ba13,2024-11,Essex Police,Essex Police,0.428664,51.515576,On or near Fetherston Road,E01015992,Thurrock 005C,Public order,Unable to prosecute suspect,
f68cb76819bccbc03637e975e12299c88fbe68ed2a29c89f5a926cc1d22d4cf7,2024-11,Essex Police,Essex Police,0.424808,51.511627,On or near Ryde Drive,E01015992,Thurrock 005C,Vehicle crime,Investigation complete; no suspect identified,
db189c9d5a93eae3f7daceeb05bddbc4d10e24406301ad91e8f6028e0521b124,2024-11,Essex Police,Essex Police,0.418800,51.508406,On or near Broadstone Road,E01015992,Thurrock 005C,Violence and sexual offences,Investigation complete; no suspect identified,
f539562efd4dc741f900a00d6e97dce70f0c4f942e4b010aae9037ba2eae20a1,2024-11,Essex Police,Essex Police,0.428556,51.515165,On or near Central Road,E01015992,Thurrock 005C,Violence and sexual offences,Unable to prosecute suspect,
68227d760e40faf3066c1c93e8589d49820a4c1251b42e9d4badd0c46408df2b,2024-11,Essex Police,Essex Police,0.429494,51.524130,On or near Worcester Close,E01016000,Thurrock 005D,Burglary,Investigation complete; no suspect identified,
91f6b1e8c7da216588760e1eef45b47c54ef6d325544f239bd9b8fa0c40ef740,2024-11,Essex Police,Essex Police,0.429494,51.524130,On or near Worcester Close,E01016000,Thurrock 005D,Burglary,Status update unavailable,
b55263d8fab904399af424dae24b137a119804a57b6ede5d416e25553534b3e1,2024-11,Essex Police,Essex Police,0.427005,51.521241,On or near Boyce Road,E01016000,Thurrock 005D,Drugs,Court result unavailable,
d0017d0bda1f9b5e08ff63e8a47f1a7eac466102411dd7e86ae46951cf589b4c,2024-11,Essex Police,Essex Police,0.428511,51.521371,On or near Arne Close,E01016000,Thurrock 005D,Possession of weapons,Court result unavailable,
b00f630a62f5a56dbe0e128ba7b6c776d00a4d45e3663c96c95c2c9e7fe7436c,2024-11,Essex Police,Essex Police,0.431676,51.521782,On or near Hudsons Close,E01016000,Thurrock 005D,Public order,Investigation complete; no suspect identified,
8fb33c9cb5956ce398e749d90bec5a5bba221dd05d0f16a2fc64c965d3eb9ea0,2024-11,Essex Police,Essex Police,0.425371,51.522767,On or near Weelkes Close,E01016000,Thurrock 005D,Vehicle crime,Investigation complete; no suspect identified,
4cd36926b9418d251a2201d6440de1a99111c706a2075a87636ea9e4bbbe3a5c,2024-11,Essex Police,Essex Police,0.435704,51.525134,On or near Gideons Way,E01016002,Thurrock 005E,Burglary,Investigation complete; no suspect identified,
45e81b61192ec8ce43db43dc6ca51d3c8e158a4eb088e9fa8e42169ffde29ede,2024-11,Essex Police,Essex Police,0.432164,51.524191,On or near Second Avenue,E01016002,Thurrock 005E,Burglary,Status update unavailable,
d013c2d7dce61a65e7a16be6a0dda8cf122f8e7b2895e69bdf16fc27b8bc0c2d,2024-11,Essex Police,Essex Police,0.432164,51.524191,On or near Second Avenue,E01016002,Thurrock 005E,Other theft,Status update unavailable,
055a2002ded030018afd50148f378e066b3d9d92a77d7fbf1a8765cca6a34975,2024-11,Essex Police,Essex Police,0.435704,51.525134,On or near Gideons Way,E01016002,Thurrock 005E,Vehicle crime,Investigation complete; no suspect identified,
9172b009425012a42df6727098c5476bfcded44c17af478271b2d27dabd862ee,2024-11,Essex Police,Essex Police,0.292743,51.515021,On or near Rose Gardens,E01015932,Thurrock 006A,Criminal damage and arson,Unable to prosecute suspect,
b65ea047e4d60b73a54ba7d821a760078df5e6044662e0382d5f0fbdead1785e,2024-11,Essex Police,Essex Police,0.289780,51.509126,On or near Bingham Close,E01015932,Thurrock 006A,Drugs,Local resolution,
65360409e568dc71daa8cac8fd5b26d5b7dfeddab21186585327d40ec8031335,2024-11,Essex Police,Essex Police,0.289780,51.509126,On or near Bingham Close,E01015932,Thurrock 006A,Public order,Unable to prosecute suspect,
a9f0420b4f5b20229aea624486072d7c5b7266de51e6f3371b5db47c969b549b,2024-11,Essex Police,Essex Police,0.289780,51.509126,On or near Bingham Close,E01015932,Thurrock 006A,Public order,Unable to prosecute suspect,
bd136e504273b76c2d2a0d0c5eb9212d2f4d051a8f38e9ff1f05b3ce13c6ed15,2024-11,Essex Police,Essex Police,0.291996,51.509622,On or near Foxglove Road,E01015932,Thurrock 006A,Vehicle crime,Investigation complete; no suspect identified,
17905036abca5848019921a7f02927f50f1462bea7e2e91cd1a9b4d2aaf0508e,2024-11,Essex Police,Essex Police,0.296508,51.510217,On or near Victoria'S Way,E01015932,Thurrock 006A,Violence and sexual offences,Investigation complete; no suspect identified,
a24b52d3b296ab74985ceb1610ec45c2c3b9448a47f8d589bcd606708914d044,2024-11,Essex Police,Essex Police,0.296508,51.510217,On or near Victoria'S Way,E01015932,Thurrock 006A,Violence and sexual offences,Status update unavailable,
f09a81ccb57593c5ee59f4db7354e741e7b955300185f6595715445bc79fdf00,2024-11,Essex Police,Essex Police,0.292313,51.508195,On or near Verbena Close,E01015932,Thurrock 006A,Violence and sexual offences,Unable to prosecute suspect,
d301148fe7b942fccaa433a00f04e2090b3ce5ad0ecd50b959f5ab4cada29392,2024-11,Essex Police,Essex Police,0.292313,51.508195,On or near Verbena Close,E01015932,Thurrock 006A,Violence and sexual offences,Unable to prosecute suspect,
,2024-11,Essex Police,Essex Police,0.275002,51.531267,On or near Park/Open Space,E01015971,Thurrock 006B,Anti-social behaviour,,
34e644f4b8045d16f4c4cc869f6176732ccef7440fbd4e0861ea7a6ed06d38ec,2024-11,Essex Police,Essex Police,0.297762,51.521398,On or near Cliff Place,E01015971,Thurrock 006B,Burglary,Unable to prosecute suspect,
2d2ea3492b9f8c59521a99c21ef80278592f594e7fa922a277587950a7135c35,2024-11,Essex Police,Essex Police,0.294914,51.523234,On or near Tyssen Place,E01015971,Thurrock 006B,Drugs,Action to be taken by another organisation,
1d0cbac8cd27d31fd33b664417d7285956c4ecf0aabc402973a6747ea442a900,2024-11,Essex Police,Essex Police,0.275002,51.531267,On or near Park/Open Space,E01015971,Thurrock 006B,Drugs,Investigation complete; no suspect identified,
6e1abda8c51f3b4dd5354d722c645df039b334cf6da57993eb694c2bcff123ae,2024-11,Essex Police,Essex Police,0.291994,51.522491,On or near West Road,E01015971,Thurrock 006B,Other theft,Status update unavailable,
16522a9c11ccd6d22087899ff385b53557e6add9146c17691f22536bb15567f3,2024-11,Essex Police,Essex Police,0.298017,51.524471,On or near Petrol Station,E01015971,Thurrock 006B,Other theft,Investigation complete; no suspect identified,
d6262655edf49c3cf8ffe1e689be74bbc0c3b73f3df8f175b780d29cda61b200,2024-11,Essex Police,Essex Police,0.291994,51.522491,On or near West Road,E01015971,Thurrock 006B,Public order,Unable to prosecute suspect,
d00ddba5b672f9ec655a8d6cb856e3de5ba5ccfd28eb7588ebdf4204ed10ba25,2024-11,Essex Police,Essex Police,0.298017,51.524471,On or near Petrol Station,E01015971,Thurrock 006B,Public order,Unable to prosecute suspect,
8832b7d73898a9401f016cf2938aa278a894ea3d7c873ca3df4b5129a7a37637,2024-11,Essex Police,Essex Police,0.292465,51.521826,On or near Rosemary Close,E01015971,Thurrock 006B,Robbery,Court result unavailable,
dc63ab2abf8da298f316b376cfffcd824f11d7566636a8fdbf41db68506b7918,2024-11,Essex Police,Essex Police,0.292465,51.521826,On or near Rosemary Close,E01015971,Thurrock 006B,Robbery,Court result unavailable,
35c17addf6174e20350df522be42932bd4565d91d3549e5f4f8918d0f6ad8f42,2024-11,Essex Police,Essex Police,0.296694,51.525367,On or near Nelson Road,E01015971,Thurrock 006B,Vehicle crime,Investigation complete; no suspect identified,
81d89a71659463489469f027558161c362af024a5a24a370efec717b591fa645,2024-11,Essex Police,Essex Police,0.292465,51.521826,On or near Rosemary Close,E01015971,Thurrock 006B,Violence and sexual offences,Unable to prosecute suspect,
b45e42f73792cd419d60526599d1af852f9020788dadc6cd0a6e20d89c1a6ce4,2024-11,Essex Police,Essex Police,0.292465,51.521826,On or near Rosemary Close,E01015971,Thurrock 006B,Violence and sexual offences,Unable to prosecute suspect,
7d8638290900a88c52e9b8f12c1f932919fa7dae26c513a5d91c36e5f5ff9fb4,2024-11,Essex Police,Essex Police,0.292465,51.521826,On or near Rosemary Close,E01015971,Thurrock 006B,Violence and sexual offences,Unable to prosecute suspect,
15886ca700ee6585f86fbdf8a04aba652043a992c44a487302ab9aa79c496c0a,2024-11,Essex Police,Essex Police,0.292465,51.521826,On or near Rosemary Close,E01015971,Thurrock 006B,Violence and sexual offences,Action to be taken by another organisation,
5aefb28fe447391fb9b3b963de79e0fcbc4ee084ddf42af9688ba32bba809953,2024-11,Essex Police,Essex Police,0.291994,51.522491,On or near West Road,E01015971,Thurrock 006B,Violence and sexual offences,Investigation complete; no suspect identified,
23df86cb089474161fe449aff1917547082d22793d8aa0123a21d71de642ca2f,2024-11,Essex Police,Essex Police,0.296349,51.523971,On or near Peartree Close,E01015971,Thurrock 006B,Violence and sexual offences,Awaiting court outcome,
9798394ce90094c88139edced45073ffe749bff68bcfaff1939a64239da2a661,2024-11,Essex Police,Essex Police,0.292465,51.521826,On or near Rosemary Close,E01015971,Thurrock 006B,Violence and sexual offences,Action to be taken by another organisation,
,2024-11,Essex Police,Essex Police,0.281538,51.510015,On or near Derry Avenue,E01015972,Thurrock 006C,Anti-social behaviour,,
,2024-11,Essex Police,Essex Police,0.274412,51.511619,On or near Hamble Lane,E01015972,Thurrock 006C,Anti-social behaviour,,
,2024-11,Essex Police,Essex Police,0.280057,51.510358,On or near Deveron Gardens,E01015972,Thurrock 006C,Anti-social behaviour,,
78ddfd77d7fbdbbc4e45a1e87ad9b2945c01d93b4622643c54640962c729b12a,2024-11,Essex Police,Essex Police,0.280039,51.512310,On or near Ernan Road,E01015972,Thurrock 006C,Criminal damage and arson,Investigation complete; no suspect identified,
74c9fd9aca4b26cf9bd623226333a7a7bd216caba0d98388d0cc1b5af7f2503a,2024-11,Essex Police,Essex Police,0.285532,51.517824,On or near Avontar Road,E01015972,Thurrock 006C,Drugs,Court result unavailable,
9702b18c359309d3ac2795047dc0a07988f819b0c5c0d63a0f5de7566d202809,2024-11,Essex Police,Essex Police,0.285532,51.517824,On or near Avontar Road,E01015972,Thurrock 006C,Drugs,Court result unavailable,
3051b9d6d519a2325315b27f8bcef27fa2704960238e7f2d3f33e68de107258e,2024-11,Essex Police,Essex Police,0.286362,51.517709,On or near Avontar Court,E01015972,Thurrock 006C,Vehicle crime,Investigation complete; no suspect identified,
4f689d7ae273d5c522343d19adb4a87e457390879846ecc454e3786ffb2337eb,2024-11,Essex Police,Essex Police,0.277409,51.508701,On or near Dene Path,E01015972,Thurrock 006C,Vehicle crime,Investigation complete; no suspect identified,
74f886df40eb8802b51a1f3f8f33614c312002c953d82a0354f7ce3667fe6b06,2024-11,Essex Police,Essex Police,0.281538,51.510015,On or near Derry Avenue,E01015972,Thurrock 006C,Violence and sexual offences,Investigation complete; no suspect identified,
d12150df2a65e0eedc3690e084ea733dc7ef56bfab54629648fd9a2106ca3bf3,2024-11,Essex Police,Essex Police,0.279771,51.508395,On or near Darenth Lane,E01015972,Thurrock 006C,Violence and sexual offences,Unable to prosecute suspect,
133baa9160e055c318b4322bb7f345e4ab528bf96767471649ae3dce9f2b054b,2024-11,Essex Police,Essex Police,0.280057,51.510358,On or near Deveron Gardens,E01015972,Thurrock 006C,Violence and sexual offences,Investigation complete; no suspect identified,
ee2df87f3d60f76ac166e13de887d065611ca2c6e965722bbc38eb0349568606,2024-11,Essex Police,Essex Police,0.304896,51.518497,On or near Lavender Close,E01015974,Thurrock 006E,Drugs,Investigation complete; no suspect identified,
59b7747b678950f3fa13be027c19b324bc01a953acea347c584251c2aa9af5d6,2024-11,Essex Police,Essex Police,0.296449,51.520794,On or near Copper Beech Road,E01015974,Thurrock 006E,Public order,Investigation complete; no suspect identified,
ab33255743bc04bcc1c8ce8f2f843344cc89f21def158cb410babae490232a11,2024-11,Essex Police,Essex Police,0.305739,51.520072,On or near Juniper Drive,E01015974,Thurrock 006E,Vehicle crime,Investigation complete; no suspect identified,
aa808d7cb1b32eeb7fc2ddd1c179cfeee815c0bf6db7728d208bb023224caf83,2024-11,Essex Police,Essex Police,0.296171,51.517274,On or near Nursery Close,E01015975,Thurrock 006F,Burglary,Investigation complete; no suspect identified,
5db9c2796281dbc75b8096855f9a051d08d1bf5c064b1e38fe6d992b708c7cb4,2024-11,Essex Police,Essex Police,0.292056,51.517706,On or near Mayflower Close,E01015975,Thurrock 006F,Burglary,Court result unavailable,
c47a26d8ca63ce87e15b788756eae1e7e994829287ce27163ab27b4b73ee8da0,2024-11,Essex Police,Essex Police,0.292042,51.519720,On or near Viola Close,E01015975,Thurrock 006F,Criminal damage and arson,Offender given a caution,
8cf434a3bf2bd158a4d6f6ce32fec213dd8b7fb2ef402bfc20dd4eab92eb892a,2024-11,Essex Police,Essex Police,0.299670,51.518060,On or near Nordmann Place,E01015975,Thurrock 006F,Violence and sexual offences,Investigation complete; no suspect identified,
3895af94e71f7f767d857ad24a12f1736cc6a64fb444c3d5f8b9eddc0d6b629e,2024-11,Essex Police,Essex Police,0.293918,51.518901,On or near Quince Tree Close,E01015975,Thurrock 006F,Violence and sexual offences,Unable to prosecute suspect,
f73d15ea668b7fb36cfd1c6c7097449cf04318527449da4574f2c90784c7cd7e,2024-11,Essex Police,Essex Police,0.292042,51.519720,On or near Viola Close,E01015975,Thurrock 006F,Violence and sexual offences,Offender given a caution,
,2024-11,Essex Police,Essex Police,0.288984,51.518530,On or near Falcon Way,E01034368,Thurrock 006G,Anti-social behaviour,,
,2024-11,Essex Police,Essex Police,0.289432,51.519987,On or near Falcon Way,E01034368,Thurrock 006G,Anti-social behaviour,,
,2024-11,Essex Police,Essex Police,0.288553,51.519708,On or near Verona Way,E01034368,Thurrock 006G,Anti-social behaviour,,
4393396510b9fcaac26a3e9744ea0cd7e45b5fd46a82d9a5f9d2020c715a586a,2024-11,Essex Police,Essex Police,0.291649,51.520807,On or near Larkspur Close,E01034368,Thurrock 006G,Criminal damage and arson,Local resolution,
9b22e1c418faac050af1e4ff02587291517173ecf331780b3e2927f8572f6757,2024-11,Essex Police,Essex Police,0.291649,51.520807,On or near Larkspur Close,E01034368,Thurrock 006G,Criminal damage and arson,Investigation complete; no suspect identified,
ecebe50e8363cd6c0f315bf242b52af90a549b85450a366969ca5c4f3cf43ba2,2024-11,Essex Police,Essex Police,0.288166,51.518024,On or near Maverick Drive,E01034368,Thurrock 006G,Public order,Unable to prosecute suspect,
922e88c010aecb78e44d4f791c6cb5a0793fe39464ca2e4fef8fd3a4e20fcacd,2024-11,Essex Police,Essex Police,0.289432,51.519987,On or near Falcon Way,E01034368,Thurrock 006G,Violence and sexual offences,Unable to prosecute suspect,
8aa5fd561ecd8b4f1ca34842aa90a2fe8ae3d980787116518601da406a20e868,2024-11,Essex Police,Essex Police,0.288171,51.516415,On or near Fairlane Drive,E01034368,Thurrock 006G,Violence and sexual offences,Unable to prosecute suspect,
dcd9a48c9e85e1efe9258fa948a9c76e348f0730a6e7e1ba6049ad129a779a60,2024-11,Essex Police,Essex Police,0.291649,51.520807,On or near Larkspur Close,E01034368,Thurrock 006G,Violence and sexual offences,Unable to prosecute suspect,
02b3f6b2f524930dfa15bf7ffb1a7626d8d28e06a8d91daef7b428508569d012,2024-11,Essex Police,Essex Police,0.284562,51.515712,On or near Aire Drive,E01034369,Thurrock 006H,Burglary,Investigation complete; no suspect identified,
20069266b9cadc069c54622a4bb518447c25fa9dfe77a4692312ad3c22963011,2024-11,Essex Police,Essex Police,0.282966,51.514079,On or near Eskley Gardens,E01034369,Thurrock 006H,Other theft,Investigation complete; no suspect identified,
5b63b6e7d24e551ac374736178fc72a9f853d6b0cf58420a01f4b60525a6ca92,2024-11,Essex Police,Essex Police,0.289067,51.514733,On or near Arcany Road,E01034369,Thurrock 006H,Violence and sexual offences,Unable to prosecute suspect,
88c85aac945d08ecefd706ba78a46248dea67cae1e82bb3e5cf0cf1d017cde53,2024-11,Essex Police,Essex Police,0.282966,51.514079,On or near Eskley Gardens,E01034369,Thurrock 006H,Violence and sexual offences,Investigation complete; no suspect identified,
,2024-11,Essex Police,Essex Police,0.286831,51.504039,On or near Broxburn Court,E01015927,Thurrock 007A,Anti-social behaviour,,
238febbfaf4b6e44a2df2731d1e1d6de74cf44c31a96f7c6e54f7068833fb500,2024-11,Essex Police,Essex Police,0.286831,51.504039,On or near Broxburn Court,E01015927,Thurrock 007A,Burglary,Status update unavailable,
1041c1c728a7e546dd19c3147d76e196c99b8605373b495b9588d16404824132,2024-11,Essex Police,Essex Police,0.284936,51.501306,On or near Clayburn Gardens,E01015927,Thurrock 007A,Criminal damage and arson,Investigation complete; no suspect identified,
2bf14bc7135c4177261046e7168b61d1b3498fbf00d464ae9c61bb882f860e79,2024-11,Essex Police,Essex Police,0.289273,51.506762,On or near Broxburn Drive,E01015927,Thurrock 007A,Public order,Unable to prosecute suspect,
db1be6e9e4a9bd38469410ea361efbf74f9984e91516c5d9829d4ea644d222f7,2024-11,Essex Police,Essex Police,0.284936,51.501306,On or near Clayburn Gardens,E01015927,Thurrock 007A,Robbery,Court result unavailable,
41f6cda9126b13e859241728dc496a1cbe5dc23688a495e38d4feba694fec8b9,2024-11,Essex Police,Essex Police,0.289273,51.506762,On or near Broxburn Drive,E01015927,Thurrock 007A,Vehicle crime,Investigation complete; no suspect identified,
0754bed9b002c4cbe94063ab5a4f25dd4029642e679d8a58bcbc6563a4a98265,2024-11,Essex Police,Essex Police,0.284936,51.501306,On or near Clayburn Gardens,E01015927,Thurrock 007A,Violence and sexual offences,Investigation complete; no suspect identified,
e5ddc13d5335a84dd9b8716d3fb3bda8746fb5037b28d8a22f2003f0b51e2a05,2024-11,Essex Police,Essex Police,0.289273,51.506762,On or near Broxburn Drive,E01015927,Thurrock 007A,Violence and sexual offences,Unable to prosecute suspect,
2ed84794387150af1526b042e10f609d61162960fefa05b8a06514e517f5eb3f,2024-11,Essex Police,Essex Police,0.284936,51.501306,On or near Clayburn Gardens,E01015927,Thurrock 007A,Violence and sexual offences,Awaiting court outcome,
a0e937014cb38ed821006c24c739d76965cdd67b863c7fd16302f747b8d5ed46,2024-11,Essex Police,Essex Police,0.289273,51.506762,On or near Broxburn Drive,E01015927,Thurrock 007A,Violence and sexual offences,Investigation complete; no suspect identified,
fcee12fc342f190ea5d81f2e49669ba05b598ab8d8490e2657b2d696ab1e0a2c,2024-11,Essex Police,Essex Police,0.272621,51.507184,On or near Humber Avenue,E01015928,Thurrock 007B,Burglary,Investigation complete; no suspect identified,
82512a0b7601a48bebd4817fb67a9aa5025b01c2ed877a4c3dcedf289145eca0,2024-11,Essex Police,Essex Police,0.274476,51.505368,On or near Fusedale Way,E01015928,Thurrock 007B,Criminal damage and arson,Investigation complete; no suspect identified,
2b8358b98c861f254389005bcbe87c4d075259ca00e8f37b9b97e4c9d9724bd3,2024-11,Essex Police,Essex Police,0.276259,51.507896,On or near Foyle Drive,E01015928,Thurrock 007B,Drugs,Offender given a caution,
5ed2e23c55d258db4df027991d09a429f203701ec5b5707286326a87e8ace5dc,2024-11,Essex Police,Essex Police,0.270208,51.504452,On or near Sports/Recreation Area,E01015928,Thurrock 007B,Public order,Investigation complete; no suspect identified,
82fcd704661a4da9f62a5851120215ec01ee80fdae23e4fed644d58c3a651770,2024-11,Essex Police,Essex Police,0.272621,51.507184,On or near Humber Avenue,E01015928,Thurrock 007B,Violence and sexual offences,Unable to prosecute suspect,
9c7b9109851c781e7dbbe993f95d3d62ae6c1e7d33f32cb28a21e7ca4b9cf163,2024-11,Essex Police,Essex Police,0.273189,51.505869,On or near Frances Gardens,E01015928,Thurrock 007B,Violence and sexual offences,Unable to prosecute suspect,
5aa326fa53818a5a3413dafcba637b9d60d593021aa6ea6e0702ca0a7ee7c100,2024-11,Essex Police,Essex Police,0.275231,51.507224,On or near Fullarton Crescent,E01015928,Thurrock 007B,Violence and sexual offences,Action to be taken by another organisation,
9cd0b802536797853722c62e24e5fb87457bce2a65354ef04c206aa4e296d4a3,2024-11,Essex Police,Essex Police,0.274476,51.505368,On or near Fusedale Way,E01015928,Thurrock 007B,Violence and sexual offences,Unable to prosecute suspect,
313289db70a645f97382eefade308420478fe1bf9ff0ebe1c36c2cf4036ff5e5,2024-11,Essex Police,Essex Police,0.273189,51.505869,On or near Frances Gardens,E01015928,Thurrock 007B,Violence and sexual offences,Unable to prosecute suspect,
3b0f89f61504ca9af5170fe09b855c8efba760a9f42e4d3c10a993da6a5e2a81,2024-11,Essex Police,Essex Police,0.272621,51.507184,On or near Humber Avenue,E01015928,Thurrock 007B,Violence and sexual offences,Investigation complete; no suspect identified,
1d3935722407353265d478caea928a977949bb42bf5e98aa3d94f0afe775f332,2024-11,Essex Police,Essex Police,0.280997,51.506392,On or near Faymore Gardens,E01015929,Thurrock 007C,Bicycle theft,Unable to prosecute suspect,
f910bf3be24db4e959e8080e29546c1e4610aebabe9a167a9ac93c27c8de0c5e,2024-11,Essex Police,Essex Police,0.282466,51.500608,On or near Cranell Green,E01015929,Thurrock 007C,Criminal damage and arson,Status update unavailable,
15d4df2db9ac38f0e846c76cfac1c078192b481ef66204ed6d3bf76c30792241,2024-11,Essex Police,Essex Police,0.282466,51.500608,On or near Cranell Green,E01015929,Thurrock 007C,Criminal damage and arson,Court result unavailable,
1ba21dded8fee0f8649f8c41334fe3f2090e99c5a3ec1c5a1201ced934cc2b03,2024-11,Essex Police,Essex Police,0.278748,51.504646,On or near Fortin Close,E01015929,Thurrock 007C,Other theft,Investigation complete; no suspect identified,
cf3e89fab43c4f7717fd6eaeb7807a6aca34c610348e2bbad53a77867e41288d,2024-11,Essex Police,Essex Police,0.283442,51.501398,On or near Corve Lane,E01015929,Thurrock 007C,Public order,Formal action is not in the public interest,
3e13e4094d74b90a5ccb587b9637598798cca0f05febb5e03ef4b6ab6809c34a,2024-11,Essex Police,Essex Police,0.282466,51.500608,On or near Cranell Green,E01015929,Thurrock 007C,Vehicle crime,Unable to prosecute suspect,
49ed7ccfdcf63d3f3bce03d55afdcecfd760da37a393956d6a5e7d5f6272e29f,2024-11,Essex Police,Essex Police,0.283442,51.501398,On or near Corve Lane,E01015929,Thurrock 007C,Violence and sexual offences,Court result unavailable,
c53aa1a39243044c14982c60c9053571cd129c185883dfb1e4f851c6e99fd1c2,2024-11,Essex Police,Essex Police,0.280115,51.504611,On or near Fortin Way,E01015929,Thurrock 007C,Violence and sexual offences,Unable to prosecute suspect,
2431d358f8ceee822d1a468d52a34cefd223b41be44273035c636e5ab316282f,2024-11,Essex Police,Essex Police,0.283442,51.501398,On or near Corve Lane,E01015929,Thurrock 007C,Violence and sexual offences,Unable to prosecute suspect,
f94e68e584bfa10d178b30c287be8282266e0e497c81a6cfd13bd8447f50d948,2024-11,Essex Police,Essex Police,0.282466,51.500608,On or near Cranell Green,E01015929,Thurrock 007C,Violence and sexual offences,Action to be taken by another organisation,
425a50494dc460969637495a229252e582adca222d16013f206ba93b7e72643e,2024-11,Essex Police,Essex Police,0.278748,51.504646,On or near Fortin Close,E01015929,Thurrock 007C,Violence and sexual offences,Status update unavailable,
a5b9c0e8404466e16d0936e71792b1ff3bd10cc283c84d4aa0370b4f76e0b07e,2024-11,Essex Police,Essex Police,0.283442,51.501398,On or near Corve Lane,E01015929,Thurrock 007C,Violence and sexual offences,Formal action is not in the public interest,
0ea02b26368705116ca7066a02c632b9caeac872ff8088b8f6b3c19ced0c5b1e,2024-11,Essex Police,Essex Police,0.283442,51.501398,On or near Corve Lane,E01015929,Thurrock 007C,Violence and sexual offences,Unable to prosecute suspect,
d6ef8e403ea21d00a2821b3c1694997aac030f8f1f3cbd77c369eb81c54690f1,2024-11,Essex Police,Essex Police,0.282466,51.500608,On or near Cranell Green,E01015929,Thurrock 007C,Violence and sexual offences,Action to be taken by another organisation,
314725e9c09a1df2ca4a0d57f4bd45f6d279a46ddea18546560b70a3087f8e01,2024-11,Essex Police,Essex Police,0.283442,51.501398,On or near Corve Lane,E01015929,Thurrock 007C,Violence and sexual offences,Unable to prosecute suspect,
c512848bbce27a5b9c33f39ce060445f7d226745ffbc9fcab39f9ef33d581e73,2024-11,Essex Police,Essex Police,0.280997,51.506392,On or near Faymore Gardens,E01015929,Thurrock 007C,Violence and sexual offences,Investigation complete; no suspect identified,
60f490772b3b0e3cab2b30ba8db29754110fe1dcc7a9be2aeaedf93a2b601c71,2024-11,Essex Police,Essex Police,0.278748,51.504646,On or near Fortin Close,E01015929,Thurrock 007C,Violence and sexual offences,Status update unavailable,
c289e3d5c29e89a5626c7429709476fdc596339046aaeaacb8836d385dd2cd83,2024-11,Essex Police,Essex Police,0.283442,51.501398,On or near Corve Lane,E01015929,Thurrock 007C,Violence and sexual offences,Unable to prosecute suspect,
27f29efe93f0bee97b5579baf93f2c08fd3338fba9dac84691afc3f725b7ffa0,2024-11,Essex Police,Essex Police,0.280115,51.504611,On or near Fortin Way,E01015929,Thurrock 007C,Violence and sexual offences,Unable to prosecute suspect,
23a8c2e6b1ff1bf172eaa853911c0e49feacf13a5349f6ad066361c5ee1a0646,2024-11,Essex Police,Essex Police,0.292781,51.504598,On or near Chelmer Drive,E01015930,Thurrock 007D,Criminal damage and arson,Investigation complete; no suspect identified,
374b92a172409555845d4a0bd20d96530749449de03c21e503f971038b28c938,2024-11,Essex Police,Essex Police,0.289814,51.503756,On or near Callan Grove,E01015930,Thurrock 007D,Violence and sexual offences,Unable to prosecute suspect,
d8d52e82303efc8ae84a6f34e6d4c3b57c4a5fe08b68e8578ec16069c27ecdd4,2024-11,Essex Police,Essex Police,0.286052,51.506051,On or near Danbury Crescent,E01015931,Thurrock 007E,Other theft,Investigation complete; no suspect identified,
88cd460326cc2cc84141283df55cba63b7d09cfdd50d3a62efcc3c67ede57449,2024-11,Essex Police,Essex Police,0.286299,51.508969,On or near Avon Green,E01015931,Thurrock 007E,Violence and sexual offences,Investigation complete; no suspect identified,
8f966b51c603367aa054319d863c75aea3b3d007844b6fa3d57f6ab89db61172,2024-11,Essex Police,Essex Police,0.286299,51.508969,On or near Avon Green,E01015931,Thurrock 007E,Violence and sexual offences,Unable to prosecute suspect,
03e7dc2e7702217d6d870bfd5cb2a8d7855e3abe868a78501046329210065e20,2024-11,Essex Police,Essex Police,0.286052,51.506051,On or near Danbury Crescent,E01015931,Thurrock 007E,Violence and sexual offences,Unable to prosecute suspect,
,2024-11,Essex Police,Essex Police,0.286539,51.510592,On or near Alwen Grove,E01015976,Thurrock 007F,Anti-social behaviour,,
a73f650d3b6ebeabbd837ed20b44b402f6c397c8bbc7874546f1cf78bd95167d,2024-11,Essex Police,Essex Police,0.283890,51.510644,On or near Daiglen Drive,E01015976,Thurrock 007F,Criminal damage and arson,Investigation complete; no suspect identified,
1989828535124cd34fb365d29382455e769dd819146640036a359bc291604f86,2024-11,Essex Police,Essex Police,0.285767,51.510139,On or near Galey Green,E01015976,Thurrock 007F,Drugs,Offender given a caution,
36396b4de232aa2fb34ce585f9c814d2cdd397af7afdc82ef21ef343426a8e71,2024-11,Essex Police,Essex Police,0.286568,51.511158,On or near Annalee Road,E01015976,Thurrock 007F,Drugs,Local resolution,
f92a9e2cdbf5affe8a6ba0c1898c1cbbd2b30b4a9a043053a62eef65c49c55c5,2024-11,Essex Police,Essex Police,0.285035,51.511053,On or near Bovey Way,E01015976,Thurrock 007F,Other theft,Investigation complete; no suspect identified,
568ac08a1194e1a69e5dfd39f36409c803ef5cc010c852384dc3acce8625d7e4,2024-11,Essex Police,Essex Police,0.282906,51.510564,On or near Supermarket,E01015976,Thurrock 007F,Public order,Investigation complete; no suspect identified,
6275a3399fb13ea1867ea000bcff14215827b0d9626ed7079588d99384d39d56,2024-11,Essex Police,Essex Police,0.282570,51.509033,On or near Delaware Road,E01015976,Thurrock 007F,Shoplifting,Investigation complete; no suspect identified,
19f089d63d18eaa5f037e07ba1bf26a3aecd9fa1050432a91a58f0c9199cdbb3,2024-11,Essex Police,Essex Police,0.282570,51.509033,On or near Delaware Road,E01015976,Thurrock 007F,Shoplifting,Unable to prosecute suspect,
cdd4dbaf7f6fa4f93f3e98ee9739892a8073856b65b8612ab7b8f37415c2064d,2024-11,Essex Police,Essex Police,0.284565,51.510307,On or near Eden Green,E01015976,Thurrock 007F,Vehicle crime,Investigation complete; no suspect identified,
31d3b551d4715bcf802c11d1dab3f6b39df3a0553051e2490fb00223c90289e4,2024-11,Essex Police,Essex Police,0.282478,51.512101,On or near Elan Road,E01015976,Thurrock 007F,Violence and sexual offences,Unable to prosecute suspect,
430e5cdfe6cca16d58d951f44427a55a244e62839ec5a9c523d64079d2c38f3c,2024-11,Essex Police,Essex Police,0.287142,51.509960,On or near Dart Green,E01015976,Thurrock 007F,Violence and sexual offences,Investigation complete; no suspect identified,
1e62d71dd885c5cce931c86dd0caa25445685fafb68c756aa7a03db7ad21ab3e,2024-11,Essex Police,Essex Police,0.286568,51.511158,On or near Annalee Road,E01015976,Thurrock 007F,Violence and sexual offences,Unable to prosecute suspect,
98edccda91dc0232bc865fdde882c375ce0aff7f4592efe399a483f9a9e59083,2024-11,Essex Police,Essex Police,0.287499,51.512210,On or near Annalee Gardens,E01015976,Thurrock 007F,Violence and sexual offences,Unable to prosecute suspect,
e8b017ff0562077b6c9947767842b41eb501f6fc90ee9b9466dc511163ecaba9,2024-11,Essex Police,Essex Police,0.282906,51.510564,On or near Supermarket,E01015976,Thurrock 007F,Violence and sexual offences,Unable to prosecute suspect,
65a3015dabd7c718a0da79c6155aad96e0c5dfa2818d47c0ff6dd45fb1b1c6a9,2024-11,Essex Police,Essex Police,0.287499,51.512210,On or near Annalee Gardens,E01015976,Thurrock 007F,Violence and sexual offences,Unable to prosecute suspect,
7b518a6e0f89b32346b9bf49e9cf38cb71f6784be1f9991832f45fc8a8b9ffe9,2024-11,Essex Police,Essex Police,0.282570,51.509033,On or near Delaware Road,E01015976,Thurrock 007F,Violence and sexual offences,Investigation complete; no suspect identified,
8c8c2c003c770bb2c2dd96d526f8f9916741120e2bf53b232a8463dc0180491b,2024-11,Essex Police,Essex Police,0.282570,51.509033,On or near Delaware Road,E01015976,Thurrock 007F,Violence and sexual offences,Unable to prosecute suspect,
3adafeb9060bacaada69dc0890a7fe5cb8f1dad47d7e3ed0aaaf7d3ea96e6f3f,2024-11,Essex Police,Essex Police,0.254684,51.495912,On or near Hall Terrace,E01015922,Thurrock 008A,Criminal damage and arson,Investigation complete; no suspect identified,
0830719277fd0ffcaba5a6d4a4627a67fa70d42e2d9b18fff1786ee826feb6e3,2024-11,Essex Police,Essex Police,0.254684,51.495912,On or near Hall Terrace,E01015922,Thurrock 008A,Criminal damage and arson,Unable to prosecute suspect,
43025fa6e3e87948056dcdb5eb759cbde2aae923d2fb07fce058a5a63e1d3e40,2024-11,Essex Police,Essex Police,0.254475,51.498668,On or near New Maltings,E01015922,Thurrock 008A,Possession of weapons,Local resolution,
0e60735d3fd24f80fedea006b44cf343c76f9a5af6c457b5de10cc191b211013,2024-11,Essex Police,Essex Police,0.249341,51.498577,On or near Manning Street,E01015922,Thurrock 008A,Vehicle crime,Investigation complete; no suspect identified,
32aab10b6ba3cc4af14a462128f2471f6673e00cc72c6b441fd939dba5e64e19,2024-11,Essex Police,Essex Police,0.248232,51.496836,On or near Myrtle Grove,E01015922,Thurrock 008A,Violence and sexual offences,Unable to prosecute suspect,
340c863a657e7ab6e55f9aeea31366d389b6f2db6a8e68b9a7548fb2a5e32430,2024-11,Essex Police,Essex Police,0.250436,51.495939,On or near Hall Crescent,E01015922,Thurrock 008A,Violence and sexual offences,Unable to prosecute suspect,
2debdf33e337004118e2d751e750070b3ccc5d51a62fc6f8c8977d6579f44649,2024-11,Essex Police,Essex Police,0.250218,51.495917,On or near Crescent Road,E01015922,Thurrock 008A,Violence and sexual offences,Unable to prosecute suspect,
78e78a21f1178e3bbe50bdbaa0cebfcf733a56092651b24c289f3a990c217e49,2024-11,Essex Police,Essex Police,0.250218,51.495917,On or near Crescent Road,E01015922,Thurrock 008A,Violence and sexual offences,Unable to prosecute suspect,
fa45f4cafa34201b1da1ab2c1f9a13d7a5ab87e43d5432aed72713fb4c7f5661,2024-11,Essex Police,Essex Police,0.250436,51.495939,On or near Hall Crescent,E01015922,Thurrock 008A,Violence and sexual offences,Action to be taken by another organisation,
21cf9eb1862f0dd8fd7718c97f7211feb7fe5ec055f31a0b17138707adbcf0a6,2024-11,Essex Police,Essex Police,0.254684,51.495912,On or near Hall Terrace,E01015922,Thurrock 008A,Violence and sexual offences,Unable to prosecute suspect,
5bbcaaa685fecffb2abe41cb0c21b90ec64194d38cde5824f2c2911c370c6fe0,2024-11,Essex Police,Essex Police,0.258230,51.501176,On or near Park View,E01015923,Thurrock 008B,Burglary,Investigation complete; no suspect identified,
482d665fe98c051e02fd4403ff4302c4bbfbce7ae14e90ff8bb30394969b864a,2024-11,Essex Police,Essex Police,0.257182,51.503589,On or near Aveley By-Pass,E01015923,Thurrock 008B,Criminal damage and arson,Investigation complete; no suspect identified,
cd87796d0b31c960284ccd52462481408d7ccfe33e04e3e795f84f0fa7527065,2024-11,Essex Police,Essex Police,0.256236,51.501655,On or near Martin Road,E01015923,Thurrock 008B,Criminal damage and arson,Offender given a caution,
f2d6af0f6080b2c2f05208c9f866cbe828212bb87b004453e96fb10d4ec1859e,2024-11,Essex Police,Essex Police,0.256236,51.501655,On or near Martin Road,E01015923,Thurrock 008B,Criminal damage and arson,Offender given a caution,
2b9cf6c358b52aad74b01fa96d834847187d917ea62faf746e463d86a17ed337,2024-11,Essex Police,Essex Police,0.250941,51.504725,On or near Nethan Drive,E01015923,Thurrock 008B,Other theft,Investigation complete; no suspect identified,
2f2c73047af41ed3d873452bbf7b659f5b4f6c529f21c7a6f32e0ce529d26b45,2024-11,Essex Police,Essex Police,0.259383,51.501775,On or near Park Lane,E01015923,Thurrock 008B,Possession of weapons,Status update unavailable,
a93ff37c9e901047d3b7ca83c8eda09ae32e8deb67a539eafb4c10e1cdade8a4,2024-11,Essex Police,Essex Police,0.259383,51.501775,On or near Park Lane,E01015923,Thurrock 008B,Violence and sexual offences,Unable to prosecute suspect,
037ae4a36a079ce799abfc53f7a416ed50e38bf630dc5888f3c2ffce1273adf8,2024-11,Essex Police,Essex Police,0.259383,51.501775,On or near Park Lane,E01015923,Thurrock 008B,Violence and sexual offences,Unable to prosecute suspect,
2c40896c7ea0db2b4c0b44695cb6c4b619686b8625dacab167f90c9582802861,2024-11,Essex Police,Essex Police,0.254204,51.503394,On or near Belhouse Avenue,E01015923,Thurrock 008B,Violence and sexual offences,Unable to prosecute suspect,
ebb23a0806c941c7da24a06ec5dcda7c3d9b5fbd7fd0d30750b60cfa942d7689,2024-11,Essex Police,Essex Police,0.249073,51.505426,On or near Nare Road,E01015923,Thurrock 008B,Violence and sexual offences,Unable to prosecute suspect,
e96e198d4b1dba4f5545590edffcb267882563f4bd4dbcf340014c9a3489e599,2024-11,Essex Police,Essex Police,0.252335,51.505543,On or near Monnow Road,E01015923,Thurrock 008B,Violence and sexual offences,Action to be taken by another organisation,
f1013a45fca3517af61555c652a362cf3f8ac479f79e23dad3f771515eb50745,2024-11,Essex Police,Essex Police,0.254958,51.502336,On or near Marshfoot Close,E01015923,Thurrock 008B,Violence and sexual offences,Unable to prosecute suspect,
1bc6d848bf2fef85617af53bd1c60c317d060e1a0fb5cb034b917f26c4f49886,2024-11,Essex Police,Essex Police,0.256236,51.501655,On or near Martin Road,E01015923,Thurrock 008B,Violence and sexual offences,Offender given a caution,
3b89dae076147f85d0338b7dc85f9412c0948235cf8f4ac039e4ad5eb4004e61,2024-11,Essex Police,Essex Police,0.254958,51.502336,On or near Marshfoot Close,E01015923,Thurrock 008B,Violence and sexual offences,Unable to prosecute suspect,
4c7b721daf73bc908b1ef5e2ed75de905023b8d80c125a23cdc83db9b9c8cc43,2024-11,Essex Police,Essex Police,0.250941,51.504725,On or near Nethan Drive,E01015923,Thurrock 008B,Violence and sexual offences,Action to be taken by another organisation,
0cd39c64d19a7f1712b1c4366864d3c847bc303af7286b0b6be956b6231101a2,2024-11,Essex Police,Essex Police,0.252121,51.510251,On or near Ravel Gardens,E01015924,Thurrock 008C,Criminal damage and arson,Unable to prosecute suspect,
9e1931ad7ef19c1b341553bb82f272dbc124b75b79299d194935a49053c420c1,2024-11,Essex Police,Essex Police,0.252789,51.511227,On or near Usk Road,E01015924,Thurrock 008C,Other theft,Investigation complete; no suspect identified,
77d87e4e62eef90c8b0444c8d7a834b14341a110369a7c2ed5d0789d70e48b48,2024-11,Essex Police,Essex Police,0.252789,51.511227,On or near Usk Road,E01015924,Thurrock 008C,Vehicle crime,Investigation complete; no suspect identified,
cf1437f602db90c18c3fd2d24f3afbad5ae5b2e913186aec6f78efd4b4cc2ec8,2024-11,Essex Police,Essex Police,0.253787,51.509841,On or near Ravel Road,E01015924,Thurrock 008C,Vehicle crime,Investigation complete; no suspect identified,
34c5c4fa3de5bec7b4925268fb008d19c89143a708ab93be58436d40d705217c,2024-11,Essex Police,Essex Police,0.253462,51.507644,On or near Teviot Avenue,E01015924,Thurrock 008C,Vehicle crime,Unable to prosecute suspect,
ba6723ee7143be3e01d76ee0925c78b91c66d83453659bee0c78674cc1f2e9dc,2024-11,Essex Police,Essex Police,0.252645,51.509198,On or near Severn Road,E01015924,Thurrock 008C,Violence and sexual offences,Unable to prosecute suspect,
,2024-11,Essex Police,Essex Police,0.249101,51.502485,On or near Rowan Grove,E01015925,Thurrock 008D,Anti-social behaviour,,
650abd08e3e0237db7afb9111bd2e8a790e4b411135f1118e5e64f298097d309,2024-11,Essex Police,Essex Police,0.235782,51.491786,On or near Tank Hill Road,E01015925,Thurrock 008D,Vehicle crime,Investigation complete; no suspect identified,
7cf0fd16d5561641b469cbb6f4699d3b147001ed471a0eeda8ba4c8a1515a0be,2024-11,Essex Police,Essex Police,0.228068,51.487230,On or near Parking Area,E01015925,Thurrock 008D,Violence and sexual offences,Investigation complete; no suspect identified,
,2024-11,Essex Police,Essex Police,0.251353,51.499636,On or near Petrol Station,E01015926,Thurrock 008E,Anti-social behaviour,,
,2024-11,Essex Police,Essex Police,0.260032,51.498875,On or near Aveley Close,E01015926,Thurrock 008E,Anti-social behaviour,,
4ca12a8e65f12aeb4bb2c80ef538a81287ea72e294dfa8a77fa8589fbdafadce,2024-11,Essex Police,Essex Police,0.249419,51.500752,On or near Manor Close,E01015926,Thurrock 008E,Burglary,Investigation complete; no suspect identified,
5c853013093409060c2a68babe2dd085c06463f19b263aa500e1b43d361cd19b,2024-11,Essex Police,Essex Police,0.261919,51.499441,On or near Stifford Road,E01015926,Thurrock 008E,Drugs,Court result unavailable,
25da2774d60038601835532469b449c4aca6d995fcc2402df4af028416a442b0,2024-11,Essex Police,Essex Police,0.251353,51.499636,On or near Petrol Station,E01015926,Thurrock 008E,Other theft,Unable to prosecute suspect,
f02a20859813d5ad94add3d4d7ecd06618d257a2b70ae291489ee23048e54fd4,2024-11,Essex Police,Essex Police,0.251353,51.499636,On or near Petrol Station,E01015926,Thurrock 008E,Other theft,Investigation complete; no suspect identified,
bd595fb36346c831dab0f9acfc225d477faf4ee4d7e08db10f63b81d375c559d,2024-11,Essex Police,Essex Police,0.256141,51.500902,On or near Dacre Crescent,E01015926,Thurrock 008E,Other theft,Investigation complete; no suspect identified,
206ff4ebc897e56fb74d3088d1fb92f063e9d5df1f00f74b46927c44d74bb45f,2024-11,Essex Police,Essex Police,0.260032,51.498875,On or near Aveley Close,E01015926,Thurrock 008E,Other theft,Investigation complete; no suspect identified,
0724eec9d6fbc5fcc5c010710da82929bbba195ef4cea4f377a1474f0726aa2c,2024-11,Essex Police,Essex Police,0.251353,51.499636,On or near Petrol Station,E01015926,Thurrock 008E,Other theft,Investigation complete; no suspect identified,
5698066f15c386e5d3f8f64c0c9bb8a70ff240e9b59e5c8a49f9d252a0d07b5f,2024-11,Essex Police,Essex Police,0.251353,51.499636,On or near Petrol Station,E01015926,Thurrock 008E,Other theft,Investigation complete; no suspect identified,
9c9163c1ad0f85d21b71b436d7b6920842b98a54b73431ec8d9c137cec05e26d,2024-11,Essex Police,Essex Police,0.262628,51.501244,On or near Belhus View,E01015926,Thurrock 008E,Possession of weapons,Investigation complete; no suspect identified,
0209b23dc88716c9332f2137b8d4e5561ff7569a29e0a982f350c8b6b2326a7a,2024-11,Essex Police,Essex Police,0.251353,51.499636,On or near Petrol Station,E01015926,Thurrock 008E,Public order,Unable to prosecute suspect,
0480a82e7a5ff770b240e2316033859457b387047b4b4acb7c6d0ba3d4f3e0c4,2024-11,Essex Police,Essex Police,0.261919,51.499441,On or near Stifford Road,E01015926,Thurrock 008E,Public order,Investigation complete; no suspect identified,
882be4709edff84535ef935acc7387792f81d90f9a9b7e5a15b96f07c800783c,2024-11,Essex Police,Essex Police,0.260032,51.498875,On or near Aveley Close,E01015926,Thurrock 008E,Public order,Investigation complete; no suspect identified,
c9d7f706e953104487eca8a1ea98be556f85ab189d17154fb0af46ff03ab9fa6,2024-11,Essex Police,Essex Police,0.251353,51.499636,On or near Petrol Station,E01015926,Thurrock 008E,Vehicle crime,Investigation complete; no suspect identified,
4c8ed75939b3a8f4b1ac4bea51dc64bd7a78013889207b965bc9821c5267fe6a,2024-11,Essex Police,Essex Police,0.248626,51.500740,On or near Grange Road,E01015926,Thurrock 008E,Vehicle crime,Status update unavailable,
c97368d7fa9bbdf91310b6b1e58f9c69aac8c8ddbeb5a5d6ba28fea990d49b22,2024-11,Essex Police,Essex Police,0.262628,51.501244,On or near Belhus View,E01015926,Thurrock 008E,Violence and sexual offences,Unable to prosecute suspect,
7749ad55a37850b4bf6e7545e1cec25ac60deb94cf0f20b1c242c38c553e571e,2024-11,Essex Police,Essex Police,0.256141,51.500902,On or near Dacre Crescent,E01015926,Thurrock 008E,Violence and sexual offences,Status update unavailable,
19eb7d2697a6fcd131145226dd6e74953ddbb427db75ec340696d93b14d23207,2024-11,Essex Police,Essex Police,0.261919,51.499441,On or near Stifford Road,E01015926,Thurrock 008E,Violence and sexual offences,Investigation complete; no suspect identified,
27403855db8e46048f38d8434c56c12b104f18ff138b62d31dcd2b50afebba5c,2024-11,Essex Police,Essex Police,0.262628,51.501244,On or near Belhus View,E01015926,Thurrock 008E,Violence and sexual offences,Unable to prosecute suspect,
7d8a891e417dbc0e6e621eb93cd8edd387b7d7d255e6e994fd89511a8cfdfe24,2024-11,Essex Police,Essex Police,0.253499,51.499631,On or near Chichester Close,E01015926,Thurrock 008E,Violence and sexual offences,Court result unavailable,
d048e5bcba8cc192ce20c63dba38483840b7de32ccc205bb788efbcfccd61d45,2024-11,Essex Police,Essex Police,0.249419,51.500752,On or near Manor Close,E01015926,Thurrock 008E,Violence and sexual offences,Unable to prosecute suspect,
0a1bc0a0cb73e92ae5f45fc8e9299a3e7314a6ca37210b29c65dddf9078838a6,2024-11,Essex Police,Essex Police,0.322691,51.492021,On or near Albemarle Close,E01015957,Thurrock 009A,Burglary,Investigation complete; no suspect identified,
158769ded0e0805f43fff2cbdf75ec903e3aae490a4f689c6e9b8d0e804e8669,2024-11,Essex Police,Essex Police,0.324174,51.490022,On or near Attlee Court,E01015957,Thurrock 009A,Criminal damage and arson,Unable to prosecute suspect,
dae1243403dafcd36ba944f114c8e2c9606e082f43fd0d4c733d6de396e16e5a,2024-11,Essex Police,Essex Police,0.320864,51.492066,On or near Dukes Avenue,E01015957,Thurrock 009A,Drugs,Local resolution,
4a6c8f4278d86c46c3f7d12a21296a8ecf097279c27a928d3fe715ab5dc117d8,2024-11,Essex Police,Essex Police,0.323100,51.487867,On or near Dexter Close,E01015957,Thurrock 009A,Vehicle crime,Investigation complete; no suspect identified,
b9e04b5374e42d99f32e6a385b31c08ca85552eae7ed3baa70eca0d32699042f,2024-11,Essex Police,Essex Police,0.322691,51.492021,On or near Albemarle Close,E01015957,Thurrock 009A,Violence and sexual offences,Unable to prosecute suspect,
fecb21317ba3cd4ba2fbac0ef03ab8c7d467b2e2fcd742fbbaa4f7c826fcadf6,2024-11,Essex Police,Essex Police,0.324202,51.490840,On or near Lucas Road,E01015957,Thurrock 009A,Violence and sexual offences,Court result unavailable,
122064c9f0c7c1ec7c85ac20eaad6b09b396448958b1eaf4637231015f8e125e,2024-11,Essex Police,Essex Police,0.320864,51.492066,On or near Dukes Avenue,E01015957,Thurrock 009A,Violence and sexual offences,Investigation complete; no suspect identified,
04c8906b1d3c9facfdce192222d5c1b0f2b7e23becb40cffabb91a50eb419564,2024-11,Essex Police,Essex Police,0.320864,51.492066,On or near Dukes Avenue,E01015957,Thurrock 009A,Violence and sexual offences,Unable to prosecute suspect,
5eaf4e8be6cc5612d5b14c087be9ae9cd431dc61b502c58d872b0e7fea55fe42,2024-11,Essex Police,Essex Police,0.320864,51.492066,On or near Dukes Avenue,E01015957,Thurrock 009A,Violence and sexual offences,Unable to prosecute suspect,
cceef2f2263e6c73473e9dc9948d99c2585cdfa5a58fadf7907663f04b4b6f0a,2024-11,Essex Police,Essex Police,0.324202,51.490840,On or near Lucas Road,E01015957,Thurrock 009A,Violence and sexual offences,Unable to prosecute suspect,
8b4ef450d4e54483a36ef750f78e275ce77c64f162d92f0f53d20efb439fc957,2024-11,Essex Police,Essex Police,0.325462,51.489556,On or near Ludlow Place,E01015957,Thurrock 009A,Violence and sexual offences,Investigation complete; no suspect identified,
8a7fa96bb7c3efc3903124c6a5d415c3aa1ed93a6fb4254bb4514ad1081d2156,2024-11,Essex Police,Essex Police,0.324758,51.485064,On or near Hathaway Road,E01015958,Thurrock 009B,Burglary,Investigation complete; no suspect identified,
75d0b35243765954f5392b52ea2e5dff0b8c490a7505cc88b1e5e3284ccd2613,2024-11,Essex Police,Essex Police,0.320494,51.488476,On or near Rushdon Close,E01015958,Thurrock 009B,Criminal damage and arson,Investigation complete; no suspect identified,
b3f4d0c7fad909a01aeeedb67eee4e4d691d92fa1e18a11fb4fa8cea8f7f4cd0,2024-11,Essex Police,Essex Police,0.323112,51.484710,On or near Sports/Recreation Area,E01015958,Thurrock 009B,Drugs,Local resolution,
1895c50dfa3e00cdc7839a54c4518e5ef1652290c372f9c1c251b5ff056b126b,2024-11,Essex Police,Essex Police,0.323307,51.486568,On or near Hollis Place,E01015958,Thurrock 009B,Public order,Local resolution,
051540508b2a874d45a589acdd91939d4d682691d8190a5b3b7ab4e9a927f59e,2024-11,Essex Police,Essex Police,0.323372,51.483869,On or near Russel Road,E01015958,Thurrock 009B,Vehicle crime,Investigation complete; no suspect identified,
03b6be4da61df7b6eb90a1a35654490e78d85e5213bc89619a3d883f33656946,2024-11,Essex Police,Essex Police,0.323372,51.483869,On or near Russel Road,E01015958,Thurrock 009B,Violence and sexual offences,Investigation complete; no suspect identified,
9d39859631476a3fcfaeacc70802a54ff4cb2816e87757bca44779114fa7601d,2024-11,Essex Police,Essex Police,0.323372,51.483869,On or near Russel Road,E01015958,Thurrock 009B,Violence and sexual offences,Investigation complete; no suspect identified,
07fc326b7a6efb37cb9dfdbef27054194fafdc4cefcfa6248f51aff7b02c4bf8,2024-11,Essex Police,Essex Police,0.323376,51.483671,On or near Ireton Place,E01015958,Thurrock 009B,Violence and sexual offences,Unable to prosecute suspect,
3128ec56f6a790179214643b849b312a3b2165f1e26048886838e3d7b00b0fa4,2024-11,Essex Police,Essex Police,0.322922,51.485191,On or near Sports/Recreation Area,E01015958,Thurrock 009B,Violence and sexual offences,Unable to prosecute suspect,
,2024-11,Essex Police,Essex Police,0.330820,51.498011,On or near Fairway,E01015993,Thurrock 009C,Anti-social behaviour,,
28dcddc59994cc7fcfaf535095482ae9e4524fcb59ae81b9f08bc68321253e45,2024-11,Essex Police,Essex Police,0.332037,51.499282,On or near Blackthorn Road,E01015993,Thurrock 009C,Criminal damage and arson,Investigation complete; no suspect identified,
2f9736ed660b21097738c59ab7207ee787050eac4c45259a8a1ede495eb28e69,2024-11,Essex Police,Essex Police,0.331578,51.500730,On or near Whitmore Avenue,E01015993,Thurrock 009C,Criminal damage and arson,Investigation complete; no suspect identified,
0032b5b019866418807b0c8a0beac219de5b0d489a267839a809942730ea9fac,2024-11,Essex Police,Essex Police,0.331578,51.500730,On or near Whitmore Avenue,E01015993,Thurrock 009C,Other theft,Investigation complete; no suspect identified,
bb6e37f86fa6efd336b7b52e58b4a6f9a1ca41822047e02535303060cd29d81a,2024-11,Essex Police,Essex Police,0.332035,51.498615,On or near Sports/Recreation Area,E01015993,Thurrock 009C,Robbery,Unable to prosecute suspect,
dc2f90f1e8fa4ea0727c0cd339aa72d6bfe144454f4033f4a4cd77d107942c56,2024-11,Essex Police,Essex Police,0.330820,51.498011,On or near Fairway,E01015993,Thurrock 009C,Violence and sexual offences,Investigation complete; no suspect identified,
87961fa94cd7207a1ddb52e9b6f5325f61e50d9ed30e4da9b990d98c691c7dd7,2024-11,Essex Police,Essex Police,0.330820,51.498011,On or near Fairway,E01015993,Thurrock 009C,Violence and sexual offences,Unable to prosecute suspect,
86d09dbc8f89e994fbba24e7a1f328446da1ff72ffa46709d83ba5340c2f7038,2024-11,Essex Police,Essex Police,0.330799,51.502976,On or near Stifford Clays Road,E01015993,Thurrock 009C,Other crime,Formal action is not in the public interest,
26b2996bb83fb7278c2439c6d14d89bd92d3c45f967729d65264ea247be664f3,2024-11,Essex Police,Essex Police,0.326174,51.497609,On or near Crammavill Street,E01015994,Thurrock 009D,Drugs,Unable to prosecute suspect,
ba4a9e7eeab31285737c5a403b1108244d0f09b81c4014504ee26f8c5d3de3c1,2024-11,Essex Police,Essex Police,0.326174,51.497609,On or near Crammavill Street,E01015994,Thurrock 009D,Drugs,Court result unavailable,
3f35b8adfd67fe66ba84f218678173c4d1f43f53abcf776c8889f5d7f5e386f1,2024-11,Essex Police,Essex Police,0.323632,51.494655,On or near Waverley Gardens,E01015994,Thurrock 009D,Drugs,Court result unavailable,
dbe997c424cb21e778ddb5800439a57e7872f1e10cbde830b6f9263047b1818c,2024-11,Essex Police,Essex Police,0.326174,51.497609,On or near Crammavill Street,E01015994,Thurrock 009D,Possession of weapons,Court result unavailable,
c0d5a90a51b8c53fbafa0ca01408a4c8e2d08d58051935fb422b6e75efd0483a,2024-11,Essex Police,Essex Police,0.324227,51.496442,On or near Fieldway,E01015994,Thurrock 009D,Violence and sexual offences,Unable to prosecute suspect,
6b58483f8ca8734b0e0defa5893c704b5a6fb3aa65e92f07ea73bee80702cfef,2024-11,Essex Police,Essex Police,0.326174,51.497609,On or near Crammavill Street,E01015994,Thurrock 009D,Violence and sexual offences,Court result unavailable,
7d30b36a35ce1ce108fcc76833154c6c906a2035f26aff8059353a9f5dcc9462,2024-11,Essex Police,Essex Police,0.326174,51.497609,On or near Crammavill Street,E01015994,Thurrock 009D,Violence and sexual offences,Court result unavailable,
000b8027ae504f9d826bbcd857ae14556639b6483716fad93a4fdbdbdc18718a,2024-11,Essex Police,Essex Police,0.327804,51.493395,On or near Windsor Avenue,E01015995,Thurrock 009E,Other theft,Investigation complete; no suspect identified,
475342db32e00ef66c90cc200ffabf8a5bc541c80b2d0be285fa32336aaa0d5c,2024-11,Essex Police,Essex Police,0.324968,51.492597,On or near Conrad Gardens,E01015995,Thurrock 009E,Other theft,Investigation complete; no suspect identified,
291b9149d8023ce1e2c92932700c6257f283d895d74d7a37713b2a98ffd54713,2024-11,Essex Police,Essex Police,0.329647,51.489986,On or near Lodge Lane,E01015995,Thurrock 009E,Vehicle crime,Investigation complete; no suspect identified,
7ba26054d78a0b14a5e3a6a2fa6698cc93e0f1ddf90e6efb98d0edcfa2c1ae0d,2024-11,Essex Police,Essex Police,0.332115,51.491492,On or near Woodcutters Avenue,E01015995,Thurrock 009E,Vehicle crime,Investigation complete; no suspect identified,
b1a77e7d34addf0127540874b0465ffee2ca92df35d0937e17df04e961334a68,2024-11,Essex Police,Essex Police,0.331012,51.494725,On or near Craftsman Close,E01015995,Thurrock 009E,Vehicle crime,Investigation complete; no suspect identified,
d91220701d6a0996ca6e0a9700d0c970021ab345929703bde9426b72262c026a,2024-11,Essex Police,Essex Police,0.327804,51.493395,On or near Windsor Avenue,E01015995,Thurrock 009E,Vehicle crime,Unable to prosecute suspect,
b4cf6de3167f3b893569a0f8beb3e2cf31b614df10310188be1cd307a8886cf3,2024-11,Essex Police,Essex Police,0.332115,51.491492,On or near Woodcutters Avenue,E01015995,Thurrock 009E,Violence and sexual offences,Unable to prosecute suspect,
bd064fb9780f5f1e670c99fa5838ce4aa9563f5addb4a0651358d16dfe8862d8,2024-11,Essex Police,Essex Police,0.332115,51.491492,On or near Woodcutters Avenue,E01015995,Thurrock 009E,Violence and sexual offences,Unable to prosecute suspect,
08e22c4fdbc8159d741e6c95a248ce5f4fc7c7aeb4608dbf88361f69b053d65a,2024-11,Essex Police,Essex Police,0.324968,51.492597,On or near Conrad Gardens,E01015995,Thurrock 009E,Violence and sexual offences,Status update unavailable,
1c0732be036b193199a093e075a7c81e55d576604702ccc93a4c3aaaafdf534d,2024-11,Essex Police,Essex Police,0.329647,51.489986,On or near Lodge Lane,E01015995,Thurrock 009E,Violence and sexual offences,Action to be taken by another organisation,
c1569ba487444b08cea045d76c3e34e21b8c51c5a945f4ffc26dcc796602b15e,2024-11,Essex Police,Essex Police,0.329647,51.489986,On or near Lodge Lane,E01015995,Thurrock 009E,Other crime,Investigation complete; no suspect identified,
9a0b4be4344b757c069d22efe3f57b07ff070b9569b224b451f1d5b23e54aa8b,2024-11,Essex Police,Essex Police,0.323521,51.498417,On or near Crammavill Close,E01015996,Thurrock 009F,Criminal damage and arson,Status update unavailable,
12585a42e2bcb0acb4a12f4a42fd1c68e0de6f24b7de1a36bd621a0aaf51b869,2024-11,Essex Police,Essex Police,0.319137,51.499187,On or near Westland View,E01015996,Thurrock 009F,Vehicle crime,Investigation complete; no suspect identified,
827747af1d91b9871a24b1e12a9b6feb79468bff198638ed097558d68f097350,2024-11,Essex Police,Essex Police,0.325693,51.500892,On or near Prince Philip Avenue,E01015996,Thurrock 009F,Vehicle crime,Investigation complete; no suspect identified,
ad6d4f4f4737bded7d8a3441b7bbacd9d82571bfd398a086d2456c5b1dd675ad,2024-11,Essex Police,Essex Police,0.323521,51.498417,On or near Crammavill Close,E01015996,Thurrock 009F,Violence and sexual offences,Unable to prosecute suspect,
,2024-11,Essex Police,Essex Police,0.345637,51.495602,On or near Jesmond Road,E01015963,Thurrock 010A,Anti-social behaviour,,
cf3c6ba148823db6d56454549dc76cbe6099b47c789bd1514a543ecb0dea6815,2024-11,Essex Police,Essex Police,0.347213,51.494860,On or near Springfield Road,E01015963,Thurrock 010A,Criminal damage and arson,Investigation complete; no suspect identified,
cc31f0bceaa82789b34aefdc5ee532f256e8c4940ac2263041ad6714c7879a61,2024-11,Essex Police,Essex Police,0.347213,51.494860,On or near Springfield Road,E01015963,Thurrock 010A,Criminal damage and arson,Investigation complete; no suspect identified,
a1ec840496b523863e519f95dd809a9f2aedcecbefcdc5363130c3af18b06f0b,2024-11,Essex Police,Essex Police,0.345637,51.495602,On or near Jesmond Road,E01015963,Thurrock 010A,Other theft,Investigation complete; no suspect identified,
56ad5e74ca195491bd76ddf1cc0d629bb87f172b5701324da0082d6e9172dd14,2024-11,Essex Police,Essex Police,0.350236,51.494196,On or near Sports/Recreation Area,E01015963,Thurrock 010A,Other theft,Investigation complete; no suspect identified,
e0cad139e11181e037730210feea6d39a52b5552397bfcc14de11f4e7c80d7ce,2024-11,Essex Police,Essex Police,0.347213,51.494860,On or near Springfield Road,E01015963,Thurrock 010A,Vehicle crime,Investigation complete; no suspect identified,
e5742e559f10aa54f25de0980115fed596389c424a8a61e0a749bb3b0ddaa46e,2024-11,Essex Police,Essex Police,0.343415,51.496654,On or near Cherrydown,E01015963,Thurrock 010A,Violence and sexual offences,Unable to prosecute suspect,
f0aeda4310ad9addc7a2b9d3922f9ec79d369d6ffa8d7aa1599dc2710fbb30f5,2024-11,Essex Police,Essex Police,0.346478,51.496548,On or near Milford Road,E01015963,Thurrock 010A,Violence and sexual offences,Unable to prosecute suspect,
54c93dff482e537f5ab17eec91a486d0860bcc1f87016d4d14207fce091213fa,2024-11,Essex Police,Essex Police,0.346478,51.496548,On or near Milford Road,E01015963,Thurrock 010A,Violence and sexual offences,Unable to prosecute suspect,
d20279a41aa49de10d0e7fc0b83ede78cf13f920d3f7389301634705411bd7ee,2024-11,Essex Police,Essex Police,0.342579,51.495528,On or near Highfield Gardens,E01015963,Thurrock 010A,Violence and sexual offences,Unable to prosecute suspect,
,2024-11,Essex Police,Essex Police,0.333234,51.495355,On or near Long Lane,E01015964,Thurrock 010B,Anti-social behaviour,,
18934dda0bc75555f0349284c9bff44b7bb710e2d71618e79edd167de3d3caf6,2024-11,Essex Police,Essex Police,0.333734,51.490183,On or near Albert Close,E01015964,Thurrock 010B,Burglary,Unable to prosecute suspect,
4c960753cefc39b2cfa47fae304b013a73ae6285854d027af2a1b5cc2c15cd08,2024-11,Essex Police,Essex Police,0.340581,51.489984,On or near Wentworth Place,E01015964,Thurrock 010B,Other theft,Unable to prosecute suspect,
7bb83d64400a04a13b40e29420fb4454bcf210a96644e986f13471958977cef5,2024-11,Essex Police,Essex Police,0.340581,51.489984,On or near Wentworth Place,E01015964,Thurrock 010B,Other theft,Investigation complete; no suspect identified,
bfae592f7acafe885b0e0139453080917edfde804bb114f119c887f77b9a61e9,2024-11,Essex Police,Essex Police,0.333234,51.495355,On or near Long Lane,E01015964,Thurrock 010B,Vehicle crime,Investigation complete; no suspect identified,
ab2e50d253226498a96b118e1891c35b2ced3e5bc2a172482eb1f635a81be758,2024-11,Essex Police,Essex Police,0.335012,51.491794,On or near Morelands Avenue,E01015964,Thurrock 010B,Violence and sexual offences,Unable to prosecute suspect,
a4201f88fe3d5b618a19d8d7c4e17831ab5d2ad2c674bc2640cfc5f22ba009f6,2024-11,Essex Police,Essex Police,0.350246,51.490528,On or near Woodlands Close,E01015965,Thurrock 010C,Criminal damage and arson,Investigation complete; no suspect identified,
e32380838e1614d2ebae59338dc65ebea0afdf742e9e8cba2831a8ce5dcc9810,2024-11,Essex Police,Essex Police,0.348958,51.487901,On or near Hazel Gardens,E01015965,Thurrock 010C,Criminal damage and arson,Investigation complete; no suspect identified,
6a261090127969eedd82b4db34d2e6c7b5b219821d73d7061e8211a701bf5bbe,2024-11,Essex Police,Essex Police,0.354589,51.485072,On or near Barnmead Meadows,E01015965,Thurrock 010C,Criminal damage and arson,Investigation complete; no suspect identified,
f5b0b51be7d28ba3cad7c46563276f93faae8e299abe79c380b2a9eb5dfe4648,2024-11,Essex Police,Essex Police,0.348958,51.487901,On or near Hazel Gardens,E01015965,Thurrock 010C,Criminal damage and arson,Investigation complete; no suspect identified,
d1e6ba8557c6132726cdfbfeb2738a8e6291b67d93652c4a066547e38af1a3b4,2024-11,Essex Police,Essex Police,0.343815,51.489002,On or near Petrol Station,E01015965,Thurrock 010C,Other theft,Investigation complete; no suspect identified,
70ec5fd8525776ffb330997ae40b4e8a302be5a8fa153b909419c6b3fc48f70d,2024-11,Essex Police,Essex Police,0.352138,51.486155,On or near Heathland Way,E01015965,Thurrock 010C,Public order,Court result unavailable,
49f8bf6253f50db35585d9799f6afc8b8234a69be7a02ddf9d1d5cb8f007374c,2024-11,Essex Police,Essex Police,0.353771,51.485978,On or near Torel Way,E01015965,Thurrock 010C,Public order,Action to be taken by another organisation,
da15fcc031a9f278625c6e294c7f54aab869ebcb8e6381aae562339a1e37c63e,2024-11,Essex Police,Essex Police,0.350666,51.488325,On or near King Edward Drive,E01015965,Thurrock 010C,Vehicle crime,Investigation complete; no suspect identified,
563ce4e19d251909b603706d044c6be19b26c351194aa1c347176b6e7516f369,2024-11,Essex Police,Essex Police,0.351533,51.492022,On or near Masefield Road,E01015965,Thurrock 010C,Vehicle crime,Investigation complete; no suspect identified,
8fb30eef4649e32ca5bcadb0fbc230274a5d0df6e8a98f548dc9b11c9876d6b1,2024-11,Essex Police,Essex Police,0.352767,51.487168,On or near Grangewick Road,E01015965,Thurrock 010C,Violence and sexual offences,Unable to prosecute suspect,
dd62b2fca21a5da63dbf4ed5f2cf6a51263d6bf9665f7abcb1b40285eec1cf59,2024-11,Essex Police,Essex Police,0.343815,51.489002,On or near Petrol Station,E01015965,Thurrock 010C,Violence and sexual offences,Court result unavailable,
1b2684a0e497a2f14dfbdba297f4b2d538e12944b22f56484adabc50d1128d93,2024-11,Essex Police,Essex Police,0.343815,51.489002,On or near Petrol Station,E01015965,Thurrock 010C,Violence and sexual offences,Unable to prosecute suspect,
2613d70bd11c1e5a6d3392c9173d599f9c4aafc7a38e705a5a0b32fb80bedef6,2024-11,Essex Police,Essex Police,0.352281,51.486692,On or near College Way,E01015965,Thurrock 010C,Violence and sexual offences,Unable to prosecute suspect,
4f0f1a533018d8322f69aa4d4269e4611969f7ba964a2f8f0088b084d241122d,2024-11,Essex Police,Essex Police,0.354589,51.485072,On or near Barnmead Meadows,E01015965,Thurrock 010C,Violence and sexual offences,Unable to prosecute suspect,
4fb6ab24e1293b7e4834ba2b8e34fcba06e020adb13d80b4bdf2a45dcbfe90b4,2024-11,Essex Police,Essex Police,0.352138,51.486155,On or near Heathland Way,E01015965,Thurrock 010C,Violence and sexual offences,Action to be taken by another organisation,
ff49410b56bbe3c373dd81ce08c1f5423f31d562ce9457dd6955d2615f5166be,2024-11,Essex Police,Essex Police,0.352767,51.487168,On or near Grangewick Road,E01015965,Thurrock 010C,Violence and sexual offences,Unable to prosecute suspect,
38974d94b49cb3ba74af11e09fda528455eceb2867dbd6d6eda534a9db965eeb,2024-11,Essex Police,Essex Police,0.343815,51.489002,On or near Petrol Station,E01015965,Thurrock 010C,Violence and sexual offences,Court result unavailable,
b52671343ddad429ec90fed561a2cc31629b03639ea05d13a93eb6d0ce0a6117,2024-11,Essex Police,Essex Police,0.350246,51.490528,On or near Woodlands Close,E01015965,Thurrock 010C,Other crime,Investigation complete; no suspect identified,
5831830f023a7ea2b2e5e63013cd1ecc0d2adc3424004180640ed73d80f32032,2024-11,Essex Police,Essex Police,0.338281,51.500507,On or near Farm Drive,E01015966,Thurrock 010D,Criminal damage and arson,Unable to prosecute suspect,
c2d05baf3ea27284617dade7d73effbf786aca0511c5f8111134d23951e8c188,2024-11,Essex Police,Essex Police,0.339458,51.495906,On or near Blackshots Lane,E01015966,Thurrock 010D,Drugs,Local resolution,
bb1852a1c09496418bba0ae062341bab0a82411cf5d89384d1c04e3fd81d6597,2024-11,Essex Police,Essex Police,0.338281,51.500507,On or near Farm Drive,E01015966,Thurrock 010D,Public order,Unable to prosecute suspect,
3c35fb6bc9282d5db735856139e1da02c077abd39879dc4ae57927a40f2155e8,2024-11,Essex Police,Essex Police,0.341638,51.491779,On or near Parking Area,E01015966,Thurrock 010D,Robbery,Unable to prosecute suspect,
0004fd170f803ff6bdb98f02f4abb3490decf89e353767eeeac97e8fe7ca80c6,2024-11,Essex Police,Essex Police,0.341638,51.491779,On or near Parking Area,E01015966,Thurrock 010D,Robbery,Status update unavailable,
115b7e98ccf2950b8fd4409b8e00194de8301e05ee0e579cb5938e7c0323bd39,2024-11,Essex Police,Essex Police,0.341638,51.491779,On or near Parking Area,E01015966,Thurrock 010D,Robbery,Status update unavailable,
9d4c3c48126fa1c84bedafaab01333ffb576e9d979d604c6e5bc7f6487b19217,2024-11,Essex Police,Essex Police,0.344236,51.494974,On or near Laird Avenue,E01015966,Thurrock 010D,Violence and sexual offences,Unable to prosecute suspect,
ee481d2a2027d91692c663d56d5f4795f047cbecb413cb93ebc6d20e136e8b7a,2024-11,Essex Police,Essex Police,0.344236,51.494974,On or near Laird Avenue,E01015966,Thurrock 010D,Violence and sexual offences,Unable to prosecute suspect,
187ad66e06830d955bd73558679b31db43bc5bf932ff1eb019fb373cb5d467d9,2024-11,Essex Police,Essex Police,0.344236,51.494974,On or near Laird Avenue,E01015966,Thurrock 010D,Violence and sexual offences,Court result unavailable,
,2024-11,Essex Police,Essex Police,0.374044,51.481091,On or near St Michaels Road,E01015933,Thurrock 012A,Anti-social behaviour,,
6b01a3ea913c9cc2bb0fa70f4cc1c4e42e4636cf3ce5995bc668e4853c60bf1b,2024-11,Essex Police,Essex Police,0.374552,51.481728,On or near St Cecilia Road,E01015933,Thurrock 012A,Vehicle crime,Investigation complete; no suspect identified,
5c07167733fa30588e0eb4ca1479e369f2403a17cbdc0a4f1d05f58e6f6af995,2024-11,Essex Police,Essex Police,0.376723,51.482485,On or near Sabina Road,E01015933,Thurrock 012A,Violence and sexual offences,Action to be taken by another organisation,
539382cd55e439d5e376addfa4d65dc1947387c5602b65974eb5255632b3ba90,2024-11,Essex Police,Essex Police,0.374552,51.481728,On or near St Cecilia Road,E01015933,Thurrock 012A,Violence and sexual offences,Action to be taken by another organisation,
0cf1838311cdd0ec73808764e3a9a28717936ff3870e511e56deedb462ffee44,2024-11,Essex Police,Essex Police,0.376723,51.482485,On or near Sabina Road,E01015933,Thurrock 012A,Violence and sexual offences,Unable to prosecute suspect,
6ffac2b74152ec3f0661e44a2e1916fc3863f207fd34131b158acf1c53ae9e72,2024-11,Essex Police,Essex Police,0.374552,51.481728,On or near St Cecilia Road,E01015933,Thurrock 012A,Violence and sexual offences,Unable to prosecute suspect,
3a6135d3657e9fa1e9b2b87fd93fd564a13be252a6b78516e8028ee4d14c8452,2024-11,Essex Police,Essex Police,0.374552,51.481728,On or near St Cecilia Road,E01015933,Thurrock 012A,Violence and sexual offences,Action to be taken by another organisation,
9967deb0658a3d96bae2c844efc724f881ac0c23f360f5353292cac263a17108,2024-11,Essex Police,Essex Police,0.374552,51.481728,On or near St Cecilia Road,E01015933,Thurrock 012A,Violence and sexual offences,Unable to prosecute suspect,
396a6659c434293738b3f498e450bcf6143e77bdd0a1748a32fd2e0f4420e12d,2024-11,Essex Police,Essex Police,0.373308,51.479964,On or near Oak Grove,E01015933,Thurrock 012A,Violence and sexual offences,Investigation complete; no suspect identified,
c93e65030d16ed6e5118ef7ec6e799c5b0b83f8c4865059322330e2867966fd3,2024-11,Essex Police,Essex Police,0.377296,51.481313,On or near Linford Road,E01015933,Thurrock 012A,Violence and sexual offences,Unable to prosecute suspect,
8efd967466b218c6b72112488a215cea906d3077712c42475c247fc08ddbfddb,2024-11,Essex Police,Essex Police,0.375592,51.483722,On or near Waterson Road,E01015933,Thurrock 012A,Violence and sexual offences,Unable to prosecute suspect,
,2024-11,Essex Police,Essex Police,0.371129,51.484864,On or near Philippa Way,E01015934,Thurrock 012B,Anti-social behaviour,,
f4aa1ad739cbc4e631d8e7da6144d30638ac04fe1e7336e5cc24bfeb2f411dfd,2024-11,Essex Police,Essex Police,0.363774,51.486700,On or near Sports/Recreation Area,E01015934,Thurrock 012B,Criminal damage and arson,Status update unavailable,
ac122bb13bd21639c22f7d6874fb0df742b49fd915c4090fa972e269633ce34c,2024-11,Essex Police,Essex Police,0.373014,51.483441,On or near Vigerons Way,E01015934,Thurrock 012B,Criminal damage and arson,Unable to prosecute suspect,
fce8814138d44b0ab1f1cdab3df7996b5d413be562478e0faa0c2dc2c842989f,2024-11,Essex Police,Essex Police,0.373014,51.483441,On or near Vigerons Way,E01015934,Thurrock 012B,Criminal damage and arson,Unable to prosecute suspect,
3fe63224bca0bbad07417996a74f89e880b1a1d2bb496ade0b6eccb436eb9783,2024-11,Essex Police,Essex Police,0.365262,51.487006,On or near Orsett Heath Crescent,E01015934,Thurrock 012B,Public order,Investigation complete; no suspect identified,
ceb4f7ca9e7e4dc51c8838ef298f5f327e9a69dc4b9d089f367aa468d60f567e,2024-11,Essex Police,Essex Police,0.363774,51.486700,On or near Sports/Recreation Area,E01015934,Thurrock 012B,Public order,Status update unavailable,
e1f81ae6884082fabff27d775db9bb13cc06429fccf297acd2ce06b760a26eb7,2024-11,Essex Police,Essex Police,0.373014,51.483441,On or near Vigerons Way,E01015934,Thurrock 012B,Public order,Unable to prosecute suspect,
e9bdbd0b0027f703cfcb06f5716e07e7aaab7c8b1c0edabe93b0cd2393e30467,2024-11,Essex Police,Essex Police,0.368423,51.482680,On or near Petrol Station,E01015934,Thurrock 012B,Shoplifting,Unable to prosecute suspect,
d4ccdcd950f87e9de74b197b8832ed3135a6f35f176fc0d902be66a4fc7d2df3,2024-11,Essex Police,Essex Police,0.371254,51.482011,On or near Aluric Close,E01015934,Thurrock 012B,Vehicle crime,Unable to prosecute suspect,
e0e6e6bd864810ce647dfdde063f4f051bf36372b76cbf022613e72664579f12,2024-11,Essex Police,Essex Police,0.371562,51.484613,On or near Felicia Way,E01015934,Thurrock 012B,Vehicle crime,Investigation complete; no suspect identified,
0ae9975a018a3ed6532db503fbc14577542ec1052d5009b00936df5373f30a05,2024-11,Essex Police,Essex Police,0.362433,51.486056,On or near Templer Avenue,E01015934,Thurrock 012B,Vehicle crime,Investigation complete; no suspect identified,
7176fbf2d22260c6efc46562381045894bbd21390de4a54cbbacc5ce692c0bdc,2024-11,Essex Police,Essex Police,0.371129,51.484864,On or near Philippa Way,E01015934,Thurrock 012B,Violence and sexual offences,Action to be taken by another organisation,
f9598ca2cf21e8903b09763387e0416202635407c685b0e35ece291acd5b4b3f,2024-11,Essex Police,Essex Police,0.364057,51.484036,On or near Scott Road,E01015934,Thurrock 012B,Violence and sexual offences,Formal action is not in the public interest,
3e087432b6e426bdd780250ac02bf06efdd770f276c4087749bef2e9a604e27d,2024-11,Essex Police,Essex Police,0.371129,51.484864,On or near Philippa Way,E01015934,Thurrock 012B,Violence and sexual offences,Action to be taken by another organisation,
8755f42b0858251514796c45169bf5a01bf4f58538e50dbc496388cb3bda8395,2024-11,Essex Police,Essex Police,0.363774,51.486700,On or near Sports/Recreation Area,E01015934,Thurrock 012B,Violence and sexual offences,Unable to prosecute suspect,
988e43c0d4fe944f73eef8970be96fbe003c1d5bf4d01e8a59d2c013e6e2b219,2024-11,Essex Police,Essex Police,0.363774,51.486700,On or near Sports/Recreation Area,E01015934,Thurrock 012B,Violence and sexual offences,Unable to prosecute suspect,
c0f596328b39ed5bc3b4da92a58224a584cd5161d042b68250e75ab26ec6c0d9,2024-11,Essex Police,Essex Police,0.363774,51.486700,On or near Sports/Recreation Area,E01015934,Thurrock 012B,Violence and sexual offences,Formal action is not in the public interest,
e3a62a45596a51579003b7c30e1ff2f97be87bdc003a29ebb3ded15603daaf9d,2024-11,Essex Police,Essex Police,0.363774,51.486700,On or near Sports/Recreation Area,E01015934,Thurrock 012B,Violence and sexual offences,Unable to prosecute suspect,
ed933ced7685786cde3dc1a6a68f86a967f5cb6633463541df42d5fde015f9b9,2024-11,Essex Police,Essex Police,0.371129,51.484864,On or near Philippa Way,E01015934,Thurrock 012B,Violence and sexual offences,Action to be taken by another organisation,
aa77d4af9285b50cb842c3f8bd164c534e9de8f7c387043223ede2104391caa9,2024-11,Essex Police,Essex Police,0.371129,51.484864,On or near Philippa Way,E01015934,Thurrock 012B,Violence and sexual offences,Action to be taken by another organisation,
6ef9f99154e1862b4802f6e6402652e67a98500aa42be3278e9aca2fdad6ee77,2024-11,Essex Police,Essex Police,0.371254,51.482011,On or near Aluric Close,E01015934,Thurrock 012B,Violence and sexual offences,Unable to prosecute suspect,
4b563355d68644314963005d02abb4bc206c51356cda6ec808a818ee3c5109dd,2024-11,Essex Police,Essex Police,0.373014,51.483441,On or near Vigerons Way,E01015934,Thurrock 012B,Violence and sexual offences,Court result unavailable,
cd7069d578476bd31347317436c9de5eabbb4b13e5a16a13d178f2b57eab2797,2024-11,Essex Police,Essex Police,0.369869,51.482794,On or near Marisco Close,E01015934,Thurrock 012B,Violence and sexual offences,Unable to prosecute suspect,
0f6b312d8c3dcc60b452696be16c1241197a98b40f6ba8862e12e588284a9817,2024-11,Essex Police,Essex Police,0.365657,51.478787,On or near Thames View,E01015935,Thurrock 012C,Bicycle theft,Investigation complete; no suspect identified,
730ff40a01bf25947c89b158737c393481f58469be1da915ef1cb301bdf3508c,2024-11,Essex Police,Essex Police,0.362372,51.485167,On or near Bowerman Road,E01015935,Thurrock 012C,Criminal damage and arson,Investigation complete; no suspect identified,
540280a94f4f34eb1373e6fd78830c3fd3043a62b265f63359cfc891227c248e,2024-11,Essex Police,Essex Police,0.364270,51.481477,On or near River View,E01015935,Thurrock 012C,Criminal damage and arson,Investigation complete; no suspect identified,
0e0dcd2493de61853a4eee78c74203abf0f414d8dad3875f3828eb1dbd6de704,2024-11,Essex Police,Essex Police,0.365657,51.478787,On or near Thames View,E01015935,Thurrock 012C,Criminal damage and arson,Investigation complete; no suspect identified,
84ec0838daa5b9f90f9f78820ac48b259e583cced759c200a3be2f5021e8f1c4,2024-11,Essex Police,Essex Police,0.365657,51.478787,On or near Thames View,E01015935,Thurrock 012C,Criminal damage and arson,Unable to prosecute suspect,
12cacd84dc00ae7871f1e726dec9063e3082d0867f9bdd283e7f832ed9d13805,2024-11,Essex Police,Essex Police,0.363593,51.480079,On or near Crouch Road,E01015935,Thurrock 012C,Criminal damage and arson,Unable to prosecute suspect,
b7e2b716785f579a2ae45d937b98d4741b0a8fd4d0a6c6cff7a151b6155c9d2b,2024-11,Essex Police,Essex Police,0.362372,51.485167,On or near Bowerman Road,E01015935,Thurrock 012C,Criminal damage and arson,Investigation complete; no suspect identified,
e8e34d5a309d75051b3defe1723089a7febaf80c76ee3a20574921827f35a623,2024-11,Essex Police,Essex Police,0.365657,51.478787,On or near Thames View,E01015935,Thurrock 012C,Criminal damage and arson,Unable to prosecute suspect,
6b6d4d539ebfedf139755ab70668a663ded35d3403291b7c576432e4357430d3,2024-11,Essex Police,Essex Police,0.364276,51.481603,On or near Kingsley Walk,E01015935,Thurrock 012C,Drugs,Local resolution,
5751360ef9b29681cf371e33c3393ec7534841a782ee37f413608e12ffaacbaf,2024-11,Essex Police,Essex Police,0.365657,51.478787,On or near Thames View,E01015935,Thurrock 012C,Other theft,Investigation complete; no suspect identified,
25836841a67a8c74d31df400fb350cd0f1fbd420b95682e42faab22b7235776a,2024-11,Essex Police,Essex Police,0.362236,51.482804,On or near Meredith Road,E01015935,Thurrock 012C,Other theft,Investigation complete; no suspect identified,
b4ec76db9ec06604108dbfabb11fb75221bd3d72a5c7b9578561687a80d15d47,2024-11,Essex Police,Essex Police,0.365657,51.478787,On or near Thames View,E01015935,Thurrock 012C,Public order,Court result unavailable,
cc46932d394cdf799eee8fbaa2892ad26ea60a3817845bb93c1cf26a2d993221,2024-11,Essex Police,Essex Police,0.368324,51.481324,On or near St Stephens Crescent,E01015935,Thurrock 012C,Vehicle crime,Unable to prosecute suspect,
53de744673fd9d68de5975e5eaab32dda9992a05ed0f6ebcbd6f47f9bcb41318,2024-11,Essex Police,Essex Police,0.362236,51.482804,On or near Meredith Road,E01015935,Thurrock 012C,Vehicle crime,Investigation complete; no suspect identified,
f8d901b6001f97499af5f4c24490ce49f46ef3c033047e7c628029374e224ad4,2024-11,Essex Police,Essex Police,0.362372,51.485167,On or near Bowerman Road,E01015935,Thurrock 012C,Violence and sexual offences,Investigation complete; no suspect identified,
fdeee9ce369827895aa458fe52a4b161ecc4dd0be8d2b4096bf4b72214e3bd0f,2024-11,Essex Police,Essex Police,0.362372,51.485167,On or near Bowerman Road,E01015935,Thurrock 012C,Violence and sexual offences,Investigation complete; no suspect identified,
306023c9ed16dc9cc13c1de10c73f1290dc51bc5a722b7bf1eb6dce55d229bf2,2024-11,Essex Police,Essex Police,0.362372,51.485167,On or near Bowerman Road,E01015935,Thurrock 012C,Violence and sexual offences,Court result unavailable,
cb392e3b219b10b1f4d51044bc64b9f7b4455ecf0249583110dc22b5672e9a42,2024-11,Essex Police,Essex Police,0.362372,51.485167,On or near Bowerman Road,E01015935,Thurrock 012C,Violence and sexual offences,Court result unavailable,
75a2b2298619772c3085cdec734b0e1a3a84ecc4f59d40ff4c69071a9ff4d7fd,2024-11,Essex Police,Essex Police,0.365657,51.478787,On or near Thames View,E01015935,Thurrock 012C,Violence and sexual offences,Unable to prosecute suspect,
71c4a776b7766df3a6636fa8878fba9f3fc83af95b77b5fdfc28deda440bf063,2024-11,Essex Police,Essex Police,0.362372,51.485167,On or near Bowerman Road,E01015935,Thurrock 012C,Violence and sexual offences,Court result unavailable,
1fbe56abef03961e45f8d937b4e27039cc3637c18c83912e3cad74b15189eb8b,2024-11,Essex Police,Essex Police,0.364276,51.481603,On or near Kingsley Walk,E01015935,Thurrock 012C,Violence and sexual offences,Unable to prosecute suspect,
5124c8f9e223e4ca07e48f965021f42a4530e00cb9dc4e0d71f412b0453467da,2024-11,Essex Police,Essex Police,0.365657,51.478787,On or near Thames View,E01015935,Thurrock 012C,Other crime,Further investigation is not in the public interest,
,2024-11,Essex Police,Essex Police,0.371816,51.487836,On or near Delargy Close,E01015936,Thurrock 012D,Anti-social behaviour,,
,2024-11,Essex Police,Essex Police,0.371816,51.487836,On or near Delargy Close,E01015936,Thurrock 012D,Anti-social behaviour,,
0b507e22d489797e2143e2a4f9afe426f6447dfa727fda07f2874b70bc2263c1,2024-11,Essex Police,Essex Police,0.378826,51.486624,On or near Saint Francis Way,E01015936,Thurrock 012D,Criminal damage and arson,Unable to prosecute suspect,
e3896cbad0aef1b7c62162eab2efdf46460c9e61c4386249bbe18d6afef0e506,2024-11,Essex Police,Essex Police,0.371816,51.487836,On or near Delargy Close,E01015936,Thurrock 012D,Shoplifting,Investigation complete; no suspect identified,
38e195a6b92441428022f65eaa101ab7a815e2425fc6f127222c9073616703aa,2024-11,Essex Police,Essex Police,0.373098,51.488952,On or near Longhouse Road,E01015936,Thurrock 012D,Vehicle crime,Investigation complete; no suspect identified,
d4a8b6ab57728fc5447bc2ba55e922f438173a6fa62f6f68e4ab1d3d00bb1577,2024-11,Essex Police,Essex Police,0.371816,51.487836,On or near Delargy Close,E01015936,Thurrock 012D,Violence and sexual offences,Investigation complete; no suspect identified,
23787b3f68f76184c1df1c8813e141724373584af3f8a78fd88d2786468b4bb7,2024-11,Essex Police,Essex Police,0.376904,51.485674,On or near Seaborough Road,E01015936,Thurrock 012D,Violence and sexual offences,Unable to prosecute suspect,
ccb749d556e72d4cae742e35f63825c5bafc790c0dbf5f9186ea3d0ffd5758a4,2024-11,Essex Police,Essex Police,0.376904,51.485674,On or near Seaborough Road,E01015936,Thurrock 012D,Violence and sexual offences,Unable to prosecute suspect,
8073a9edf31aa62fa838d4f05d546dffaee64a27d3795a7c241143e2ccd59229,2024-11,Essex Police,Essex Police,0.374086,51.488006,On or near Tasker Road,E01015936,Thurrock 012D,Violence and sexual offences,Unable to prosecute suspect,
0d420d749c044088856e4fe06ba4dc7e95584680dd160b5678d8170c438b8535,2024-11,Essex Police,Essex Police,0.374086,51.488006,On or near Tasker Road,E01015936,Thurrock 012D,Violence and sexual offences,Local resolution,
c3ea4715fd0dfb4780844c29bbe521353bbfa6c025326e1f9630b3cbfcc63530,2024-11,Essex Police,Essex Police,0.376904,51.485674,On or near Seaborough Road,E01015936,Thurrock 012D,Violence and sexual offences,Unable to prosecute suspect,
,2024-11,Essex Police,Essex Police,0.364348,51.488562,On or near Loewen Road,E01015937,Thurrock 012E,Anti-social behaviour,,
9d7c321e1da88fd38ab6285a58fa564d9280c8fe90e28ceb218e7cd3dafe7db8,2024-11,Essex Police,Essex Police,0.361509,51.494114,On or near Squirrel'S Chase,E01015937,Thurrock 012E,Public order,Investigation complete; no suspect identified,
8d897a999f0da48870812c49b1aacebebc59f66e90766fbb0774d2bd72247667,2024-11,Essex Police,Essex Police,0.363614,51.490232,On or near Harding Road,E01015937,Thurrock 012E,Vehicle crime,Investigation complete; no suspect identified,
99e7b86d236748bfd96486a94474405b26cd023f0429a7658977ca2be7543754,2024-11,Essex Police,Essex Police,0.370232,51.488956,On or near Nevell Road,E01015937,Thurrock 012E,Vehicle crime,Investigation complete; no suspect identified,
0db22891b7e7b72f89697387becabce9bb557caa5586b3f9e1413f33d26d3d4f,2024-11,Essex Police,Essex Police,0.368841,51.489632,On or near Errington Close,E01015937,Thurrock 012E,Violence and sexual offences,Status update unavailable,
4b9828b25bd27493937f624a8924c942003eb408d136093ced8e772c1717e27d,2024-11,Essex Police,Essex Police,0.361509,51.494114,On or near Squirrel'S Chase,E01015937,Thurrock 012E,Violence and sexual offences,Investigation complete; no suspect identified,
a789752c3c8c19346254bf03dbc07296434dee99092b081c802c883e736ca395,2024-11,Essex Police,Essex Police,0.365916,51.488783,On or near Heath Road,E01015937,Thurrock 012E,Other crime,Status update unavailable,
e089225bfee49d781bb298b153142efba0a1938a6cfb4f35721cf84dc01012ce,2024-11,Essex Police,Essex Police,0.377119,51.491200,On or near Semper Road,E01015938,Thurrock 012F,Burglary,Investigation complete; no suspect identified,
9acdb3bf8dcc7d661aec4defbee8b272868ceaa2200868fb79ca7eb68257773f,2024-11,Essex Police,Essex Police,0.377119,51.491200,On or near Semper Road,E01015938,Thurrock 012F,Criminal damage and arson,Investigation complete; no suspect identified,
2e75e9169defec11cbfe210c59c5e9dae156a1aa1f053ceb72c4c77eb286a369,2024-11,Essex Police,Essex Police,0.375023,51.492448,On or near Ravencroft,E01015938,Thurrock 012F,Criminal damage and arson,Investigation complete; no suspect identified,
81e50601979ec128c48411282a9d34beab2bd7dc19009c972a48b9de18c9fc48,2024-11,Essex Police,Essex Police,0.375023,51.492448,On or near Ravencroft,E01015938,Thurrock 012F,Criminal damage and arson,Unable to prosecute suspect,
be08896a5da9c0a1d01a599c336a884ae8e017218aba27050b75a3167369fa1d,2024-11,Essex Police,Essex Police,0.375023,51.492448,On or near Ravencroft,E01015938,Thurrock 012F,Criminal damage and arson,Investigation complete; no suspect identified,
ce7b75aae7e1c4f2604cf9021a79c7948a8536bc681636d48ce3d977dd52e12f,2024-11,Essex Police,Essex Police,0.375023,51.492448,On or near Ravencroft,E01015938,Thurrock 012F,Public order,Investigation complete; no suspect identified,
379852b07aaad9220f696a322de6261ee4541dd732a6a0eccd67054a4d46f0ad,2024-11,Essex Police,Essex Police,0.375023,51.492448,On or near Ravencroft,E01015938,Thurrock 012F,Public order,Court result unavailable,
c391731c9c4fad51e0eb224d4d5dd824eebe9ff6e72ddb54b3225e8407ecd6ca,2024-11,Essex Police,Essex Police,0.379280,51.481794,On or near Atherton Gardens,E01015938,Thurrock 012F,Vehicle crime,Investigation complete; no suspect identified,
60271e02500be0afa3651c5ab8e4c0b114999cd179ff093e011f43dc63eca737,2024-11,Essex Police,Essex Police,0.375023,51.492448,On or near Ravencroft,E01015938,Thurrock 012F,Violence and sexual offences,Investigation complete; no suspect identified,
bed95b4230f7a08a59d5f9d730e4f626dc3aa3f94fce3c1685c5640df40f7d43,2024-11,Essex Police,Essex Police,0.375023,51.492448,On or near Ravencroft,E01015938,Thurrock 012F,Violence and sexual offences,Unable to prosecute suspect,
bfd7e7f5f76937ea341add7d60eb8d2e8bd8b25172e126e0e18ef64267cef06a,2024-11,Essex Police,Essex Police,0.375023,51.492448,On or near Ravencroft,E01015938,Thurrock 012F,Violence and sexual offences,Unable to prosecute suspect,
f11b5d0292ee8de517ad4d58820cf09de2e798d6b8a090760b779482222cecc9,2024-11,Essex Police,Essex Police,0.375023,51.492448,On or near Ravencroft,E01015938,Thurrock 012F,Violence and sexual offences,Unable to prosecute suspect,
142bee6c292b90fa198b74ae95560ce2dd11542c77f64ad847eda8a685063529,2024-11,Essex Police,Essex Police,0.375023,51.492448,On or near Ravencroft,E01015938,Thurrock 012F,Violence and sexual offences,Unable to prosecute suspect,
c21d9cb899d78b3fa01d42100442d3d09fcd6a45f232e4ba03c6c504d1611d0f,2024-11,Essex Police,Essex Police,0.379280,51.481794,On or near Atherton Gardens,E01015938,Thurrock 012F,Other crime,Court result unavailable,
2a3b01787f476a88ec8ab446f4ec9d19e53958fa6762f9f7c2a85124e154c5d9,2024-11,Essex Police,Essex Police,0.421638,51.486107,On or near Colne,E01015947,Thurrock 013A,Violence and sexual offences,Unable to prosecute suspect,
00b29e2c572d0719ea567d447fb5b1d7261a1524c27ffd4371ac25832e443b03,2024-11,Essex Police,Essex Police,0.420295,51.485496,On or near Solway,E01015947,Thurrock 013A,Violence and sexual offences,Local resolution,
f3160248085d3d4eb6d319940c63ace873a35d45685bea6b20c76cbbf81da262,2024-11,Essex Police,Essex Police,0.418367,51.484996,On or near Waldon,E01015947,Thurrock 013A,Violence and sexual offences,Unable to prosecute suspect,
b6701da13a84d20e18d319d204271297b02d6409586bc21738f4ecb11f1aec84,2024-11,Essex Police,Essex Police,0.421638,51.486107,On or near Colne,E01015947,Thurrock 013A,Violence and sexual offences,Unable to prosecute suspect,
c20408935050892e3c24bd55f1e3599f67bffcce250bba7a3ccee352e8e6fea1,2024-11,Essex Police,Essex Police,0.421638,51.486107,On or near Colne,E01015947,Thurrock 013A,Violence and sexual offences,Unable to prosecute suspect,
0e8bc214f8446cfddecea1032cf2863752d9a690e8745a84d94c77e1652f2367,2024-11,Essex Police,Essex Police,0.421638,51.486107,On or near Colne,E01015947,Thurrock 013A,Violence and sexual offences,Unable to prosecute suspect,
,2024-11,Essex Police,Essex Police,0.417833,51.480628,On or near Supermarket,E01015948,Thurrock 013B,Anti-social behaviour,,
,2024-11,Essex Police,Essex Police,0.414494,51.479842,On or near Bata Avenue,E01015948,Thurrock 013B,Anti-social behaviour,,
,2024-11,Essex Police,Essex Police,0.414494,51.479842,On or near Bata Avenue,E01015948,Thurrock 013B,Anti-social behaviour,,
,2024-11,Essex Police,Essex Police,0.417833,51.480628,On or near Supermarket,E01015948,Thurrock 013B,Anti-social behaviour,,
b6c03241068b9f3af4c001844a16850ba8553f8c724526177ce3d5f9037d65a1,2024-11,Essex Police,Essex Police,0.413044,51.481293,On or near Turnstone Close,E01015948,Thurrock 013B,Criminal damage and arson,Investigation complete; no suspect identified,
375220e93dcbca1ed86aae1873764bf8cffd1624e3fb566e72c6c21964269ae5,2024-11,Essex Police,Essex Police,0.420003,51.481608,On or near Queen Mary Avenue,E01015948,Thurrock 013B,Criminal damage and arson,Investigation complete; no suspect identified,
7d0e33a6a85cd138709822d6cf0ca70c91c8359c5d5f7d324e5aa7351eefdd67,2024-11,Essex Police,Essex Police,0.416293,51.482827,On or near Thomas Bata Avenue,E01015948,Thurrock 013B,Criminal damage and arson,Unable to prosecute suspect,
f2ca2c391b7a6160bde4f16591f19f189098344adeb3423d1f29f8c01f808082,2024-11,Essex Police,Essex Police,0.416293,51.482827,On or near Thomas Bata Avenue,E01015948,Thurrock 013B,Criminal damage and arson,Action to be taken by another organisation,
aeb6a01d7362e1e504fa3d4348b390f97c8ffdfed0cd90b7e39243cc3de62df4,2024-11,Essex Police,Essex Police,0.416293,51.482827,On or near Thomas Bata Avenue,E01015948,Thurrock 013B,Criminal damage and arson,Investigation complete; no suspect identified,
ad3e5a4a8b8c465fcb8e87e38a756f2018423b62224f4108c9755d4a47c67791,2024-11,Essex Police,Essex Police,0.417833,51.480628,On or near Supermarket,E01015948,Thurrock 013B,Drugs,Investigation complete; no suspect identified,
ac080b92890569e574f6d775bf6ec9df382aa03f9286e87b4ddc9d25f044080f,2024-11,Essex Police,Essex Police,0.416293,51.482827,On or near Thomas Bata Avenue,E01015948,Thurrock 013B,Public order,Unable to prosecute suspect,
80cadcb0e95610cbe3af3c3ae936c0e9ad7a0ef8aeb8c4c70ce07cc4b6cbe2b6,2024-11,Essex Police,Essex Police,0.416293,51.482827,On or near Thomas Bata Avenue,E01015948,Thurrock 013B,Public order,Unable to prosecute suspect,
260f65d13ea8078257facacccf19bac0c36da1163f071b8fd27dc688a79db884,2024-11,Essex Police,Essex Police,0.414494,51.479842,On or near Bata Avenue,E01015948,Thurrock 013B,Vehicle crime,Status update unavailable,
cb4a68a4d276b33301227ecdddb40b36892fe3a2c6cdb0b4f634e2c27f787d2b,2024-11,Essex Police,Essex Police,0.414494,51.479842,On or near Bata Avenue,E01015948,Thurrock 013B,Vehicle crime,Court result unavailable,
88e01289dd01eb557841460f916fb4eccc15665cecc11008f5704f3c4a059c63,2024-11,Essex Police,Essex Police,0.416293,51.482827,On or near Thomas Bata Avenue,E01015948,Thurrock 013B,Violence and sexual offences,Unable to prosecute suspect,
0ca163bec604ef907af135fd2764312ebb4b29fc5cec972289aaa2d4a16ba7a4,2024-11,Essex Police,Essex Police,0.416293,51.482827,On or near Thomas Bata Avenue,E01015948,Thurrock 013B,Violence and sexual offences,Unable to prosecute suspect,
badc7542749d26f4d448ba2358df0b1400eef522850732af77fb29518c101c2d,2024-11,Essex Police,Essex Police,0.419752,51.480417,On or near Gloucester Avenue,E01015948,Thurrock 013B,Violence and sexual offences,Unable to prosecute suspect,
157c423f822eec71cfd8bfadcf08beb6929583e48694707b6bfa0a050e5c7377,2024-11,Essex Police,Essex Police,0.413444,51.482058,On or near Sanderling Close,E01015948,Thurrock 013B,Violence and sexual offences,Investigation complete; no suspect identified,
205cc5a1d5e25466722ad2a33ffbca03a14f40490c44ef4fcdf67ba40153aced,2024-11,Essex Police,Essex Police,0.416293,51.482827,On or near Thomas Bata Avenue,E01015948,Thurrock 013B,Violence and sexual offences,Unable to prosecute suspect,
33a3569b8edf3ee71bf80d6a5c64ce6dfbead9c6ced7cabc9a37a81650c293ae,2024-11,Essex Police,Essex Police,0.417833,51.480628,On or near Supermarket,E01015948,Thurrock 013B,Violence and sexual offences,Investigation complete; no suspect identified,
a1b221c5925dc83290c9d54465d40e23d422c22a37beb11593acda57121a11a8,2024-11,Essex Police,Essex Police,0.419752,51.480417,On or near Gloucester Avenue,E01015948,Thurrock 013B,Violence and sexual offences,Unable to prosecute suspect,
ee1613518d72c03185da14a07d5f7f9d4e79ff42a43fc15eb64a9fe4c9ea8712,2024-11,Essex Police,Essex Police,0.420003,51.481608,On or near Queen Mary Avenue,E01015948,Thurrock 013B,Violence and sexual offences,Action to be taken by another organisation,
6ed95a31bbd321ad5a442877aa9da27977068b5a9bca84bcc9ce6622f03213ba,2024-11,Essex Police,Essex Police,0.416293,51.482827,On or near Thomas Bata Avenue,E01015948,Thurrock 013B,Violence and sexual offences,Unable to prosecute suspect,
edbbe67d74b1eb777aac97617f1cd5585d7298e8fa639f3e97d4882ff8dc088d,2024-11,Essex Police,Essex Police,0.417833,51.480628,On or near Supermarket,E01015948,Thurrock 013B,Other crime,Status update unavailable,
ce3dec00af2f5150e79b6e1daee8114fae672b7f1356d36b7f3a5eb805f8f830,2024-11,Essex Police,Essex Police,0.417833,51.480628,On or near Supermarket,E01015948,Thurrock 013B,Other crime,Unable to prosecute suspect,
89043b34baed5659086d86bcf612d79f44a0d1b1d2e61fb6fba867709de60a3c,2024-11,Essex Police,Essex Police,0.424213,51.481962,On or near Arun,E01015949,Thurrock 013C,Criminal damage and arson,Unable to prosecute suspect,
81cac99c4256c606ddd7413613aa96ecc9d8ab742cccb8776163dc332f5bc42f,2024-11,Essex Police,Essex Police,0.432279,51.463826,On or near Park/Open Space,E01015949,Thurrock 013C,Drugs,Local resolution,
c381038ba7513413921ead797dbdfea2fde5c8577acebd4d9a772b1f8dd0fedf,2024-11,Essex Police,Essex Police,0.424213,51.481962,On or near Arun,E01015949,Thurrock 013C,Other theft,Unable to prosecute suspect,
b518a9ead099c2c9d8d024babdf96bce8fbad5740902bc4fd34eb5b6f649d423,2024-11,Essex Police,Essex Police,0.423063,51.481203,On or near Trent,E01015949,Thurrock 013C,Other theft,Investigation complete; no suspect identified,
c0cc94c5c137b06fbf566b1cc59127a4fa2fe9137571f936708c0c7b1241262e,2024-11,Essex Police,Essex Police,0.420582,51.484123,On or near Roman,E01015949,Thurrock 013C,Public order,Investigation complete; no suspect identified,
c6c28be9b50d99c64508644c758373ca90bd80c51559012d033e54cbb804bc65,2024-11,Essex Police,Essex Police,0.423146,51.471345,On or near Station Road,E01015949,Thurrock 013C,Vehicle crime,Investigation complete; no suspect identified,
a2e5092cd247421078345fc0e0e7f4989dc2525d933f72e75b80c90f8715cab7,2024-11,Essex Police,Essex Police,0.424213,51.481962,On or near Arun,E01015949,Thurrock 013C,Violence and sexual offences,Status update unavailable,
a9cafd45e48d4ee53f8f5c75041c798b882e208f02fa52bab9654eba2e31a248,2024-11,Essex Police,Essex Police,0.412954,51.471141,On or near Station Road,E01015949,Thurrock 013C,Other crime,Investigation complete; no suspect identified,
,2024-11,Essex Police,Essex Police,0.388987,51.476543,On or near Rectory Road,E01015950,Thurrock 013D,Anti-social behaviour,,
079c18937a88337975bbc01c8ace036f9a036a0a189ed9fb129125d375f61391,2024-11,Essex Police,Essex Police,0.374190,51.479235,On or near Shopping Area,E01015950,Thurrock 013D,Drugs,Offender given a caution,
0c6e6121d27a76030603014af002b1b228cd63d98a48b415ffeb20651676b712,2024-11,Essex Police,Essex Police,0.415698,51.496086,On or near Walton'S Hall Road,E01015950,Thurrock 013D,Other theft,Investigation complete; no suspect identified,
fa38994743e156e72c8933db348675669e43ae300da35c2ae91a2307ca70d377,2024-11,Essex Police,Essex Police,0.376058,51.479108,On or near Sandy Lane,E01015950,Thurrock 013D,Vehicle crime,Unable to prosecute suspect,
52392899b02768034a8d0615dcf2a807d181a501aef64c9ecd3d68ba7c8f2518,2024-11,Essex Police,Essex Police,0.406688,51.490255,On or near Somerset Road,E01015950,Thurrock 013D,Vehicle crime,Investigation complete; no suspect identified,
d7cf7523157924ad0172bd124fdc8770a6fa2c050e9c596f082b65e38075b978,2024-11,Essex Police,Essex Police,0.374943,51.474822,On or near Biggin Lane,E01015950,Thurrock 013D,Violence and sexual offences,Action to be taken by another organisation,
24b5c649edce02489b61d7f9d6302aae4fd6c3eb4868462161bdfe136b8694c8,2024-11,Essex Police,Essex Police,0.374190,51.479235,On or near Shopping Area,E01015950,Thurrock 013D,Other crime,Offender given a caution,
84ac221280ce223f682663790d28a66b13f562407b8b63222baa79746aaeffab,2024-11,Essex Police,Essex Police,0.374943,51.474822,On or near Biggin Lane,E01015950,Thurrock 013D,Other crime,Investigation complete; no suspect identified,
dc14f08b48f768508967a425e0017f5612b2e60da1d3b387d4952714839e8e3a,2024-11,Essex Police,Essex Police,0.374943,51.474822,On or near Biggin Lane,E01015950,Thurrock 013D,Other crime,Unable to prosecute suspect,
,2024-11,Essex Police,Essex Police,0.333940,51.484639,On or near St George'S Avenue,E01015960,Thurrock 014A,Anti-social behaviour,,
f46912b69304a2497d2b83f0352f3c23b1e6ce2ca0bd49be641076c2468cc93f,2024-11,Essex Police,Essex Police,0.335496,51.484816,On or near Petrol Station,E01015960,Thurrock 014A,Other theft,Unable to prosecute suspect,
1307c6c92c2f7d9375fcd3d78293001ce4e795185a29d5ad6a2592ac4dd013da,2024-11,Essex Police,Essex Police,0.331939,51.488051,On or near Tennyson Avenue,E01015960,Thurrock 014A,Vehicle crime,Investigation complete; no suspect identified,
62d123bb212b695bfa8b6533b1d39df49152949fc0d336a2a058b15d8e2b2d5d,2024-11,Essex Police,Essex Police,0.335849,51.485348,On or near A1013,E01015960,Thurrock 014A,Violence and sexual offences,Unable to prosecute suspect,
,2024-11,Essex Police,Essex Police,0.348993,51.486335,On or near B149,E01015967,Thurrock 014B,Anti-social behaviour,,
ac716b71b254a2711e87faac3f9b536c3bc43f29b3e11156af95f70fbd7fbdcf,2024-11,Essex Police,Essex Police,0.341931,51.482052,On or near Medina Road,E01015967,Thurrock 014B,Criminal damage and arson,Unable to prosecute suspect,
1d64819ad934644bd417fad4c9232dad5a07a583ea42af780fa90dcb279ab77c,2024-11,Essex Police,Essex Police,0.342990,51.483586,On or near Boscombe Avenue,E01015967,Thurrock 014B,Criminal damage and arson,Investigation complete; no suspect identified,
d5db573166140b772b3e26b9fcbb046542e9d762a7fb9d98a24662ceff9dd2c2,2024-11,Essex Police,Essex Police,0.339762,51.483561,On or near Macleod Close,E01015967,Thurrock 014B,Drugs,Investigation complete; no suspect identified,
eedaab3cae047314bfa6d430260084c408f5f856a1e2b4500a853ed2eb5a4c64,2024-11,Essex Police,Essex Police,0.345876,51.484815,On or near Chadwell Road,E01015967,Thurrock 014B,Other theft,Investigation complete; no suspect identified,
0466334a2d8bb77f86a86e8434bb6e57dd55e944affb0443ace96dca4616563c,2024-11,Essex Police,Essex Police,0.341931,51.482052,On or near Medina Road,E01015967,Thurrock 014B,Vehicle crime,Investigation complete; no suspect identified,
a551cb7c4244be66098865c1eb38f0251c3b38141463f9589e0dfcc7d27bd688,2024-11,Essex Police,Essex Police,0.342990,51.483586,On or near Boscombe Avenue,E01015967,Thurrock 014B,Vehicle crime,Investigation complete; no suspect identified,
53d5fcea935ef834dc28efee2409551371d1f72a01fae32d5fc3e8d13ad5cdaa,2024-11,Essex Police,Essex Police,0.345876,51.484815,On or near Chadwell Road,E01015967,Thurrock 014B,Violence and sexual offences,Unable to prosecute suspect,
c839de58e8ccede2747aad43812d01d13bbfb1ba665b103140636e00fb22e357,2024-11,Essex Police,Essex Police,0.348781,51.486411,On or near Wood View,E01015967,Thurrock 014B,Violence and sexual offences,Unable to prosecute suspect,
79a309bbf39257228cf01a4b8ad2b7b3150ef9d72d1f2d4a0f6b51d840d96e3e,2024-11,Essex Police,Essex Police,0.341867,51.480515,On or near Maycroft Avenue,E01015967,Thurrock 014B,Other crime,Court result unavailable,
,2024-11,Essex Police,Essex Police,0.338902,51.485619,On or near Ingram Road,E01015968,Thurrock 014C,Anti-social behaviour,,
d2a6a4f88a3111003ea8b3088f8c782ee053c9ce7fcfb6ac391964822c721706,2024-11,Essex Police,Essex Police,0.336997,51.484416,On or near College Road,E01015968,Thurrock 014C,Burglary,Investigation complete; no suspect identified,
6f07317768f0d5563b09c8ff0b6ed26bc36e0ef107454e488fab8f13804a3a79,2024-11,Essex Police,Essex Police,0.336997,51.484416,On or near College Road,E01015968,Thurrock 014C,Criminal damage and arson,Unable to prosecute suspect,
bb1469311ce8a3b385d0b593e31527d11282cc6eba1549b872cc52bee3027a13,2024-11,Essex Police,Essex Police,0.340269,51.479396,On or near Newburgh Road,E01015968,Thurrock 014C,Criminal damage and arson,Investigation complete; no suspect identified,
cd83b76b60a0d0005b5135d2dafd4d6b045c9bd5b1e02b3a6d35ef2870440d4a,2024-11,Essex Police,Essex Police,0.340763,51.485393,On or near Eastern Road,E01015968,Thurrock 014C,Criminal damage and arson,Investigation complete; no suspect identified,
b5a0c264e0bfca404d2b9561fd66be80ad7c149dffcf6d1f2b715087ace86918,2024-11,Essex Police,Essex Police,0.337410,51.482924,On or near Walpole Close,E01015968,Thurrock 014C,Drugs,Local resolution,
dd85dd9b88e4339e5abe0e6fad8ace586e2dc6d9a1d83d17c204d9fa3ff5107d,2024-11,Essex Police,Essex Police,0.339412,51.481230,On or near Overcliff Road,E01015968,Thurrock 014C,Drugs,Investigation complete; no suspect identified,
e1b1e1cca4fe50ca5f2aee58a80ee91aba391eeca194ad4e309dbce109d60aca,2024-11,Essex Police,Essex Police,0.338959,51.479413,On or near Gunning Road,E01015968,Thurrock 014C,Vehicle crime,Investigation complete; no suspect identified,
e0c33fddfdbe4bde8e1a7cf73dade8468bd5632f73b2173c017bddadff80f4c7,2024-11,Essex Police,Essex Police,0.338959,51.479413,On or near Gunning Road,E01015968,Thurrock 014C,Vehicle crime,Investigation complete; no suspect identified,
8b21c529e00e297704186d789a9f19488ba94da635ed2c2b591b7d9d9989e84f,2024-11,Essex Police,Essex Police,0.340269,51.479396,On or near Newburgh Road,E01015968,Thurrock 014C,Violence and sexual offences,Unable to prosecute suspect,
,2024-11,Essex Police,Essex Police,0.340437,51.477900,On or near Crescent Avenue,E01015969,Thurrock 014D,Anti-social behaviour,,
,2024-11,Essex Police,Essex Police,0.337966,51.476339,On or near Spurgeon Close,E01015969,Thurrock 014D,Anti-social behaviour,,
4ed4095e21e522e538ca0f756ed8b452012f88f15112a49f21959877029589ca,2024-11,Essex Police,Essex Police,0.336594,51.476528,On or near Blockhouse Road,E01015969,Thurrock 014D,Criminal damage and arson,Investigation complete; no suspect identified,
ff830f4341872fd56204a5dce8ec39b83232b2e4509389f0108dcc885b6a309a,2024-11,Essex Police,Essex Police,0.345259,51.476724,On or near The Willows,E01015969,Thurrock 014D,Criminal damage and arson,Investigation complete; no suspect identified,
db27f256de99d0b81e1976d88f10aa196725bfcd08e7c98b484ea983ed8f8f2f,2024-11,Essex Police,Essex Police,0.337966,51.476339,On or near Spurgeon Close,E01015969,Thurrock 014D,Criminal damage and arson,Investigation complete; no suspect identified,
36e3f5c7c69bc36a5948e236752b161fe2cffab5a4a056a06a8b2feb6989de53,2024-11,Essex Police,Essex Police,0.344122,51.478141,On or near Rookery View,E01015969,Thurrock 014D,Drugs,Status update unavailable,
4200bc1d6302c755220be1543e5fe97a665c63e4c48aa6294fbacf6f1a25bd06,2024-11,Essex Police,Essex Police,0.337966,51.476339,On or near Spurgeon Close,E01015969,Thurrock 014D,Drugs,Court result unavailable,
b81a87bef7a153c1e50ad899c1eaab2c66778aa8b32f5dbb68b2b4b352781bc4,2024-11,Essex Police,Essex Police,0.341514,51.476160,On or near Martello Close,E01015969,Thurrock 014D,Other theft,Investigation complete; no suspect identified,
47f197eaf302cdb4bb9a931f6b4dc220e461c0f3ddd60c740a33af1d36cd5ade,2024-11,Essex Police,Essex Police,0.345259,51.476724,On or near The Willows,E01015969,Thurrock 014D,Vehicle crime,Investigation complete; no suspect identified,
2daef25d53384ab16eb59730ee69d89836254fad43395aa990386626fc4737f5,2024-11,Essex Police,Essex Police,0.343606,51.477908,On or near Lander Road,E01015969,Thurrock 014D,Vehicle crime,Investigation complete; no suspect identified,
f1a2a100dcee539517baad79d3fd33e259bb8efd31d1c6766e6aad63af3d2a2e,2024-11,Essex Police,Essex Police,0.345259,51.476724,On or near The Willows,E01015969,Thurrock 014D,Violence and sexual offences,Formal action is not in the public interest,
df1547bb51da66a96b6c118e518f911d5619232111a09e6fb4bfec21646b7b30,2024-11,Essex Police,Essex Police,0.336594,51.476528,On or near Blockhouse Road,E01015969,Thurrock 014D,Violence and sexual offences,Investigation complete; no suspect identified,
de964d7f9650548c3616317fb2afa0d1329fbd36c33aa172d925a03e93ce2e2e,2024-11,Essex Police,Essex Police,0.340437,51.477900,On or near Crescent Avenue,E01015969,Thurrock 014D,Violence and sexual offences,Unable to prosecute suspect,
a3194642ea28400b811e556864c6ce632f6c1442674eb4106cf6e1441316c0e3,2024-11,Essex Police,Essex Police,0.344656,51.487150,On or near Sports/Recreation Area,E01015970,Thurrock 014E,Criminal damage and arson,Investigation complete; no suspect identified,
155c4643c115e04e84c6be218d44ce8f728e2a6cd78f12d199cbc1809a834e2c,2024-11,Essex Police,Essex Police,0.341754,51.488422,On or near Denecroft Gardens,E01015970,Thurrock 014E,Criminal damage and arson,Investigation complete; no suspect identified,
da912dd728a3e4861a1c99d2158d48c27f6f2ec53928f65344e640f376dcc4e1,2024-11,Essex Police,Essex Police,0.341754,51.488422,On or near Denecroft Gardens,E01015970,Thurrock 014E,Other theft,Investigation complete; no suspect identified,
f7a154c8c8a3abcab3fde8cf8786fbd13c8ac7fa2cb6fe3748210f33147e76df,2024-11,Essex Police,Essex Police,0.338482,51.488946,On or near Supermarket,E01015970,Thurrock 014E,Robbery,Investigation complete; no suspect identified,
8e9d265bfb1af3c65b0ed4ddb4c33ea6b89a38999b22464b51a7ce5c1f6bc274,2024-11,Essex Police,Essex Police,0.338482,51.488946,On or near Supermarket,E01015970,Thurrock 014E,Theft from the person,Investigation complete; no suspect identified,
1fa79e3a8782ff5a026ee9821106563f134e3e1def07bb82b1a909fc48c07a71,2024-11,Essex Police,Essex Police,0.342540,51.485493,On or near Hollowfield Avenue,E01015970,Thurrock 014E,Vehicle crime,Investigation complete; no suspect identified,
030b6cc1dbafc0ca01e40ac2ae48c21616df114b7b07c64b2181458108d0999b,2024-11,Essex Police,Essex Police,0.342540,51.485493,On or near Hollowfield Avenue,E01015970,Thurrock 014E,Vehicle crime,Investigation complete; no suspect identified,
6a1baf1bf30a9939ce0cc7c11b2e0c7140d8d32dd8d7e984a60d4c370af3c422,2024-11,Essex Police,Essex Police,0.338482,51.488946,On or near Supermarket,E01015970,Thurrock 014E,Violence and sexual offences,Local resolution,
6d763696f189bfb137c36dfff70fc32d9acb24aa1aa50789dab7fc43cf627b0d,2024-11,Essex Police,Essex Police,0.337648,51.487857,On or near Oval Gardens,E01015970,Thurrock 014E,Violence and sexual offences,Unable to prosecute suspect,
,2024-11,Essex Police,Essex Police,0.313191,51.479942,On or near Helleborine,E01015955,Thurrock 016A,Anti-social behaviour,,
51f1d6c23ed0e4632df9ebb68bc54039d1da96946bc759126e32263a28a23890,2024-11,Essex Police,Essex Police,0.316777,51.483343,On or near Bersham Lane,E01015955,Thurrock 016A,Violence and sexual offences,Unable to prosecute suspect,
,2024-11,Essex Police,Essex Police,0.324008,51.478253,On or near Conference/Exhibition Centre,E01015956,Thurrock 016B,Anti-social behaviour,,
,2024-11,Essex Police,Essex Police,0.325098,51.478439,On or near Derby Road,E01015956,Thurrock 016B,Anti-social behaviour,,
37cca04fc66179939dd1e458b0b75ee922625ba45bd2593c11489a71cddb24f7,2024-11,Essex Police,Essex Police,0.324168,51.478574,On or near Shopping Area,E01015956,Thurrock 016B,Bicycle theft,Investigation complete; no suspect identified,
10495b7ff0051ab97e18419760e115f2d69c89ca0352523be294f6ab8292515f,2024-11,Essex Police,Essex Police,0.324008,51.478253,On or near Conference/Exhibition Centre,E01015956,Thurrock 016B,Burglary,Investigation complete; no suspect identified,
d39981ac029ee27541bb24927c81b2aa364d9b475454767db659944398a6bb47,2024-11,Essex Police,Essex Police,0.322355,51.479168,On or near Police Station,E01015956,Thurrock 016B,Criminal damage and arson,Investigation complete; no suspect identified,
ee2e2c1bb820238eb5835a3abd05f8f0c6ee0d6c56b65eebb51a928cac20ad39,2024-11,Essex Police,Essex Police,0.322355,51.479168,On or near Police Station,E01015956,Thurrock 016B,Drugs,Court result unavailable,
d10d844bc16263a6cfd44444a3f796f1f29717975ff7c3a377eaafe443456f4c,2024-11,Essex Police,Essex Police,0.322355,51.479168,On or near Police Station,E01015956,Thurrock 016B,Drugs,Court result unavailable,
63a5ce089260d54325d0a5b883dbe0ffbbc9e528f11561618700db8613865c75,2024-11,Essex Police,Essex Police,0.322355,51.479168,On or near Police Station,E01015956,Thurrock 016B,Drugs,Unable to prosecute suspect,
183b47fbaf3e4dffed84a039a3d80a50fefddb03fb2d8cf4648d483e179aaaa2,2024-11,Essex Police,Essex Police,0.322355,51.479168,On or near Police Station,E01015956,Thurrock 016B,Drugs,Court result unavailable,
60b2a2df7916e0d4c6508416e8964f7502da224ec13062d937c25f9089a78117,2024-11,Essex Police,Essex Police,0.326621,51.477806,On or near Stanley Road,E01015956,Thurrock 016B,Other theft,Investigation complete; no suspect identified,
1f5741d18391840e7b062c1bd737638c99dac86f766ded6625091926557d39a7,2024-11,Essex Police,Essex Police,0.319216,51.480987,On or near Petrol Station,E01015956,Thurrock 016B,Other theft,Investigation complete; no suspect identified,
a92342a717a206260b07fab9fc9f322e9b544e85d933db154800b96f5a8ae43a,2024-11,Essex Police,Essex Police,0.324008,51.478253,On or near Conference/Exhibition Centre,E01015956,Thurrock 016B,Other theft,Investigation complete; no suspect identified,
be2a3838db58ed0ac163049d00a882ab9915b16e4319e30d00ab61683d6eedcd,2024-11,Essex Police,Essex Police,0.320376,51.478757,On or near Argyll Road,E01015956,Thurrock 016B,Other theft,Investigation complete; no suspect identified,
6f63d5298d645a3fe7c9e893028c9c40e6eb5aa7ba96825519859eb3cfcd35b5,2024-11,Essex Police,Essex Police,0.324008,51.478253,On or near Conference/Exhibition Centre,E01015956,Thurrock 016B,Other theft,Unable to prosecute suspect,
80b7826cf4e156d6b2a059caa3d829896022097a918853621ec70085868e33d9,2024-11,Essex Police,Essex Police,0.324008,51.478253,On or near Conference/Exhibition Centre,E01015956,Thurrock 016B,Possession of weapons,Unable to prosecute suspect,
3ad0a10759dbc46852d4e74ee0b86e488757f2d7bfe2c32f0634e5c829af43b2,2024-11,Essex Police,Essex Police,0.322355,51.479168,On or near Police Station,E01015956,Thurrock 016B,Public order,Unable to prosecute suspect,
54a7a8a06df512f4e6f4124a4173c2ba1d8c3688238869e2f5d86f3ac62387b4,2024-11,Essex Police,Essex Police,0.322355,51.479168,On or near Police Station,E01015956,Thurrock 016B,Public order,Unable to prosecute suspect,
aac33767738dd9251d5a75a4714840024448aca12a8ea79f9394ef15568db1c6,2024-11,Essex Police,Essex Police,0.320376,51.478757,On or near Argyll Road,E01015956,Thurrock 016B,Public order,Investigation complete; no suspect identified,
34c237839a885caf35af9f2baa4fca8888465024ee8ab1918cc4d7d6467e0721,2024-11,Essex Police,Essex Police,0.326621,51.477806,On or near Stanley Road,E01015956,Thurrock 016B,Public order,Investigation complete; no suspect identified,
01c3e9a617491df0db5e06f1e384d41cbf875694385dbf9ba5c80d28fe68af51,2024-11,Essex Police,Essex Police,0.322203,51.478721,On or near Quarry Hill,E01015956,Thurrock 016B,Robbery,Investigation complete; no suspect identified,
9f11613b891f38cb2c868a53dbdd438643b82780a8d53261eeebbbc7e6470f40,2024-11,Essex Police,Essex Police,0.325098,51.478439,On or near Derby Road,E01015956,Thurrock 016B,Robbery,Unable to prosecute suspect,
dbda9b7da5c781c152f7c53c0e4616257b608563b0f02783237fee80fd979e92,2024-11,Essex Police,Essex Police,0.320376,51.478757,On or near Argyll Road,E01015956,Thurrock 016B,Shoplifting,Investigation complete; no suspect identified,
9f2499c90d65301a808a697fed613c5a9f99ba92ece8331de8ff3a5e30205e6c,2024-11,Essex Police,Essex Police,0.320376,51.478757,On or near Argyll Road,E01015956,Thurrock 016B,Shoplifting,Investigation complete; no suspect identified,
f161a596b6584d9b2968af58f4b8e47e749215bedf61f358d60f8ea5a47d3cd4,2024-11,Essex Police,Essex Police,0.320376,51.478757,On or near Argyll Road,E01015956,Thurrock 016B,Shoplifting,Unable to prosecute suspect,
9275ce9e3b816e513c96ae630e6347820d2105dbfd809ba1f22f66f4c9af69b9,2024-11,Essex Police,Essex Police,0.320376,51.478757,On or near Argyll Road,E01015956,Thurrock 016B,Shoplifting,Investigation complete; no suspect identified,
40dbce68d88192ab8ef2d9b97f5634e5e77d1354c81c233c1ef88704d9dc7231,2024-11,Essex Police,Essex Police,0.320376,51.478757,On or near Argyll Road,E01015956,Thurrock 016B,Shoplifting,Investigation complete; no suspect identified,
8f1701c97e88ecfcb323e9b4db035a845480967b2c26d8b944745beace609548,2024-11,Essex Police,Essex Police,0.320376,51.478757,On or near Argyll Road,E01015956,Thurrock 016B,Shoplifting,Investigation complete; no suspect identified,
ac962f110684e28cb55f5300193d231e7754615687f0d7bf611781be8f980d19,2024-11,Essex Police,Essex Police,0.320376,51.478757,On or near Argyll Road,E01015956,Thurrock 016B,Shoplifting,Investigation complete; no suspect identified,
03fe7922edfb6d2484d782b50b5a8e01b25e598aa1744815965891c94e7100c1,2024-11,Essex Police,Essex Police,0.320376,51.478757,On or near Argyll Road,E01015956,Thurrock 016B,Shoplifting,Investigation complete; no suspect identified,
e42b53c6d971b8dca35cd97e37883a79d6263fac3b6eb3c4e7d11e8cbdf464b4,2024-11,Essex Police,Essex Police,0.320376,51.478757,On or near Argyll Road,E01015956,Thurrock 016B,Shoplifting,Investigation complete; no suspect identified,
4990a2442af2151390281f70d123cf8d4adfc3a5df1ba43c0585023ca98b2d8c,2024-11,Essex Police,Essex Police,0.320376,51.478757,On or near Argyll Road,E01015956,Thurrock 016B,Shoplifting,Investigation complete; no suspect identified,
6bdbd35904fa84c67236c521dddae7ca9c7b60fa3b3f6688dae55571e84a361d,2024-11,Essex Police,Essex Police,0.320376,51.478757,On or near Argyll Road,E01015956,Thurrock 016B,Shoplifting,Investigation complete; no suspect identified,
94652a091430b9f488d24076731160a3cf12efc004ff365866e8da7ff5a014df,2024-11,Essex Police,Essex Police,0.320376,51.478757,On or near Argyll Road,E01015956,Thurrock 016B,Shoplifting,Investigation complete; no suspect identified,
1dd5ed024fd94057cc82ad049999caa26d49e3e47b7fee7a798e38c9dcb94a0f,2024-11,Essex Police,Essex Police,0.320376,51.478757,On or near Argyll Road,E01015956,Thurrock 016B,Shoplifting,Investigation complete; no suspect identified,
4aca1790cdd8b546a3dc700f43c20f2a2812a8d639e92bb67ba8cea9fb57feaa,2024-11,Essex Police,Essex Police,0.320376,51.478757,On or near Argyll Road,E01015956,Thurrock 016B,Shoplifting,Investigation complete; no suspect identified,
15babcb2c3685ec861af14c503c7dce4a36548e69423e1e1d71108a3a7777914,2024-11,Essex Police,Essex Police,0.320376,51.478757,On or near Argyll Road,E01015956,Thurrock 016B,Shoplifting,Investigation complete; no suspect identified,
a8d4d93e0a9307e2009269ca264ad5ff33cfae0a86f96af2ea7dfb25358a25a8,2024-11,Essex Police,Essex Police,0.320376,51.478757,On or near Argyll Road,E01015956,Thurrock 016B,Shoplifting,Investigation complete; no suspect identified,
9f564a465da1f72f0af4f8726d1d58b5fb19adb5477ee14ac71dddb24568bf25,2024-11,Essex Police,Essex Police,0.320376,51.478757,On or near Argyll Road,E01015956,Thurrock 016B,Shoplifting,Investigation complete; no suspect identified,
bf73cc6050bf8f767096fd6845a911ce7e59f6b80b00de8d050a4903c74e0825,2024-11,Essex Police,Essex Police,0.320376,51.478757,On or near Argyll Road,E01015956,Thurrock 016B,Shoplifting,Investigation complete; no suspect identified,
043b44c8bc5169614c1024b0804b828f386dfc5ace377fd68de29c3411bc78b8,2024-11,Essex Police,Essex Police,0.320376,51.478757,On or near Argyll Road,E01015956,Thurrock 016B,Shoplifting,Investigation complete; no suspect identified,
b71fae5c05eb2517ec9189171378d1833db9c860b81d1d471c2f875e8a3d185a,2024-11,Essex Police,Essex Police,0.320376,51.478757,On or near Argyll Road,E01015956,Thurrock 016B,Shoplifting,Investigation complete; no suspect identified,
69dfd0d74da43bc7c619ec6e191db6276d05b5293351389d18d6824d05b822b0,2024-11,Essex Police,Essex Police,0.320376,51.478757,On or near Argyll Road,E01015956,Thurrock 016B,Shoplifting,Investigation complete; no suspect identified,
8f8813bea46c018d715399d9be7075e1dacb2b9d703e953dface91906cf90ad3,2024-11,Essex Police,Essex Police,0.320376,51.478757,On or near Argyll Road,E01015956,Thurrock 016B,Shoplifting,Investigation complete; no suspect identified,
70c4b85cd06f6817148e35438028adc633d172e19481084bda08d43cc71052c4,2024-11,Essex Police,Essex Police,0.320376,51.478757,On or near Argyll Road,E01015956,Thurrock 016B,Shoplifting,Investigation complete; no suspect identified,
7d2561b77740fc98a84923ce42a3b77dc753272f9dd2d2340e3637eacbf5b5f6,2024-11,Essex Police,Essex Police,0.320376,51.478757,On or near Argyll Road,E01015956,Thurrock 016B,Shoplifting,Investigation complete; no suspect identified,
da33d31ce841742bbd6e1b02167f23c72c9704ac6a6c4213590a21c31c960a97,2024-11,Essex Police,Essex Police,0.320376,51.478757,On or near Argyll Road,E01015956,Thurrock 016B,Shoplifting,Investigation complete; no suspect identified,
8d3d52bfb4d512ae832aae69ddfe72d54a650820e2d84c9a0eae66b14fd0f416,2024-11,Essex Police,Essex Police,0.320376,51.478757,On or near Argyll Road,E01015956,Thurrock 016B,Shoplifting,Investigation complete; no suspect identified,
e9f5cabe7f33ac763660a13e4e6644859b41cc3a5d77d241a0233e65f75c5532,2024-11,Essex Police,Essex Police,0.320376,51.478757,On or near Argyll Road,E01015956,Thurrock 016B,Shoplifting,Investigation complete; no suspect identified,
cf8146a4e9c8a2294aaef690ebc2ccd7c9207e062b2a681fc97056b5bbeb92f6,2024-11,Essex Police,Essex Police,0.320376,51.478757,On or near Argyll Road,E01015956,Thurrock 016B,Shoplifting,Investigation complete; no suspect identified,
b5acd93b458bc543978b068e652ed2204c9bea25c93de59551e91ad96130ae70,2024-11,Essex Police,Essex Police,0.320376,51.478757,On or near Argyll Road,E01015956,Thurrock 016B,Shoplifting,Investigation complete; no suspect identified,
a201f6a290832db9c9ddd8e9678e250183e1c3467e46b70d7e277480dda4eda4,2024-11,Essex Police,Essex Police,0.320376,51.478757,On or near Argyll Road,E01015956,Thurrock 016B,Shoplifting,Investigation complete; no suspect identified,
0d947874a4707381ec2832ead3e9a2f70a928fdbc2eb9b1ac3a5817256681664,2024-11,Essex Police,Essex Police,0.320376,51.478757,On or near Argyll Road,E01015956,Thurrock 016B,Shoplifting,Investigation complete; no suspect identified,
995de9122ef20df0f73c1950779d69b3de0bd97dc0096fc0f27e6a89785ea64d,2024-11,Essex Police,Essex Police,0.320376,51.478757,On or near Argyll Road,E01015956,Thurrock 016B,Shoplifting,Investigation complete; no suspect identified,
a36bd469ca8b7cbcc5b67197b2bf48c55b964cbf987ca2ac6791ae6b2695e601,2024-11,Essex Police,Essex Police,0.320376,51.478757,On or near Argyll Road,E01015956,Thurrock 016B,Shoplifting,Investigation complete; no suspect identified,
9accb3a0aa9a106f3f89e4ba88f3eb3bc90e768bdbfe32a26c11363c80472e62,2024-11,Essex Police,Essex Police,0.320376,51.478757,On or near Argyll Road,E01015956,Thurrock 016B,Shoplifting,Investigation complete; no suspect identified,
fd9f664b7075c6ee4ccc6badaded932b267931384cc559ce13f995b120ed6cf9,2024-11,Essex Police,Essex Police,0.320376,51.478757,On or near Argyll Road,E01015956,Thurrock 016B,Shoplifting,Court result unavailable,
879dbc93ee8f7d010e464ebc75df853d5abd756ed450e8fe50a17e50dc3bcdd0,2024-11,Essex Police,Essex Police,0.320376,51.478757,On or near Argyll Road,E01015956,Thurrock 016B,Shoplifting,Investigation complete; no suspect identified,
e30068ae6f27585c8b0e15d2aa2fa9d2d4d51711180d5bd97136a15a37d2caac,2024-11,Essex Police,Essex Police,0.320376,51.478757,On or near Argyll Road,E01015956,Thurrock 016B,Shoplifting,Investigation complete; no suspect identified,
600a806911f23623aab92a51c323fc6a870e1f200d7afbb5a1f272d3c1d8b4b1,2024-11,Essex Police,Essex Police,0.320376,51.478757,On or near Argyll Road,E01015956,Thurrock 016B,Shoplifting,Investigation complete; no suspect identified,
bfce1a30f3308d1e0e186c929f42db8e85647abccda6a1a178d20ecfe33d9090,2024-11,Essex Police,Essex Police,0.320376,51.478757,On or near Argyll Road,E01015956,Thurrock 016B,Shoplifting,Investigation complete; no suspect identified,
87a312fee5bf7a5d8e247de1ba640a8903bf0e6bbb2e786aa6253e41e0371264,2024-11,Essex Police,Essex Police,0.320376,51.478757,On or near Argyll Road,E01015956,Thurrock 016B,Shoplifting,Investigation complete; no suspect identified,
ae01e701594f1f315d0fb638e97b29671a3a46ad06808bb16a32f29fc6253526,2024-11,Essex Police,Essex Police,0.320376,51.478757,On or near Argyll Road,E01015956,Thurrock 016B,Shoplifting,Investigation complete; no suspect identified,
ccb2c495873928ec8ed3e8802c92b570b659c05e4bc800ec73df7168b3667cec,2024-11,Essex Police,Essex Police,0.320376,51.478757,On or near Argyll Road,E01015956,Thurrock 016B,Shoplifting,Investigation complete; no suspect identified,
f9cf10bf9c47cfea7d1a6d8de6f0770923cdc876b0dd3fab5220ea90448b2c01,2024-11,Essex Police,Essex Police,0.320376,51.478757,On or near Argyll Road,E01015956,Thurrock 016B,Shoplifting,Investigation complete; no suspect identified,
fab6f7fe7401d9d56d3da1271af25c3897db35313724d728881fdb57f709258b,2024-11,Essex Police,Essex Police,0.320376,51.478757,On or near Argyll Road,E01015956,Thurrock 016B,Shoplifting,Investigation complete; no suspect identified,
4a379e2ec9732adea35db32029fb58c5802bbc764b8c86183bc11f3008226bf3,2024-11,Essex Police,Essex Police,0.320376,51.478757,On or near Argyll Road,E01015956,Thurrock 016B,Shoplifting,Investigation complete; no suspect identified,
1427a33e9a256fbb61578b7a1b6a2f050291f4d4e3a7d43e3e1e646f83737088,2024-11,Essex Police,Essex Police,0.320376,51.478757,On or near Argyll Road,E01015956,Thurrock 016B,Shoplifting,Investigation complete; no suspect identified,
75c472583ad4ba8793a832a97fe09026b73e6b62463fdf1084f35979954ff68b,2024-11,Essex Police,Essex Police,0.320376,51.478757,On or near Argyll Road,E01015956,Thurrock 016B,Shoplifting,Investigation complete; no suspect identified,
db62b5ab64f376b3171bb16cd0e51dffe4fdfb8ac799753577af63972f90c7ec,2024-11,Essex Police,Essex Police,0.320376,51.478757,On or near Argyll Road,E01015956,Thurrock 016B,Shoplifting,Investigation complete; no suspect identified,
dbf8795ca661c7e2939399f4c596aa6fcbd461d3368c217ef2083c3aa4f8ede2,2024-11,Essex Police,Essex Police,0.320376,51.478757,On or near Argyll Road,E01015956,Thurrock 016B,Shoplifting,Investigation complete; no suspect identified,
768affd0ad1858ffa2dd2dff0f2e7bb733b0cca5b712fce444b4befacdfd17d4,2024-11,Essex Police,Essex Police,0.320376,51.478757,On or near Argyll Road,E01015956,Thurrock 016B,Shoplifting,Investigation complete; no suspect identified,
eb26cdb0613edf1ad0a7315f63199bcdc1a8c161a39b63e629f353085436ebf1,2024-11,Essex Police,Essex Police,0.320376,51.478757,On or near Argyll Road,E01015956,Thurrock 016B,Shoplifting,Investigation complete; no suspect identified,
aa1c426608bd3e43d18777e3d0c721da78b6c3e935d2ed44337fcae07fa14d4e,2024-11,Essex Police,Essex Police,0.320376,51.478757,On or near Argyll Road,E01015956,Thurrock 016B,Shoplifting,Investigation complete; no suspect identified,
9a254a8e8c8a05142d79b203f342aae033f3c4bf3eaf6dc093acd1f79e5731a4,2024-11,Essex Police,Essex Police,0.320376,51.478757,On or near Argyll Road,E01015956,Thurrock 016B,Shoplifting,Investigation complete; no suspect identified,
a128e2162dd3eed9ed469fe18e9d3247fbdf840acad586ee5da970eea0076dca,2024-11,Essex Police,Essex Police,0.320376,51.478757,On or near Argyll Road,E01015956,Thurrock 016B,Shoplifting,Investigation complete; no suspect identified,
b3ebcc9a862c3295fd60764e8f437023ccfccd1392a2007b62717d49a4999049,2024-11,Essex Police,Essex Police,0.320376,51.478757,On or near Argyll Road,E01015956,Thurrock 016B,Shoplifting,Investigation complete; no suspect identified,
58e32928e58efe9764a9d1b6bcfc7332544d068842de51f6eae5f331360a6a30,2024-11,Essex Police,Essex Police,0.320376,51.478757,On or near Argyll Road,E01015956,Thurrock 016B,Shoplifting,Investigation complete; no suspect identified,
56d31bb2a2fa899feb889974355eaadb3d91ae51429a379c9f6d33f6a504e652,2024-11,Essex Police,Essex Police,0.320376,51.478757,On or near Argyll Road,E01015956,Thurrock 016B,Shoplifting,Investigation complete; no suspect identified,
616c8170d08c21d1e3a46a5bd8bdf9ebb2db272250aec0d6bfa7e16bc3cff471,2024-11,Essex Police,Essex Police,0.320376,51.478757,On or near Argyll Road,E01015956,Thurrock 016B,Shoplifting,Investigation complete; no suspect identified,
f5fb4b5795deafda7ddcb33d63d4b101595cc9712ba2ef1718729591310b87aa,2024-11,Essex Police,Essex Police,0.322203,51.478721,On or near Quarry Hill,E01015956,Thurrock 016B,Violence and sexual offences,Unable to prosecute suspect,
d1ad2985cd84ba77698ca17991476f2bbb6d2a59919f798c443c895c7301dde1,2024-11,Essex Police,Essex Police,0.322355,51.479168,On or near Police Station,E01015956,Thurrock 016B,Violence and sexual offences,Unable to prosecute suspect,
5f5f87f88352a81410b31a672de3acf83477a7ec58a2fb8333523781d44b8345,2024-11,Essex Police,Essex Police,0.320376,51.478757,On or near Argyll Road,E01015956,Thurrock 016B,Violence and sexual offences,Investigation complete; no suspect identified,
800d49df351ebb65e07ea1f1cff11a32038903d1a8200e085bda50ae7ee2f280,2024-11,Essex Police,Essex Police,0.317194,51.480493,On or near Bankfoot,E01015956,Thurrock 016B,Violence and sexual offences,Status update unavailable,
71a4483b5155ff0a73851ae885a034346e93efcc7fb9081ed6812ba66787bb82,2024-11,Essex Police,Essex Police,0.325098,51.478439,On or near Derby Road,E01015956,Thurrock 016B,Violence and sexual offences,Unable to prosecute suspect,
d925eeda8e5b41c2779187ed28abddde67bfa199d407d23fdca8a347e426b497,2024-11,Essex Police,Essex Police,0.320376,51.478757,On or near Argyll Road,E01015956,Thurrock 016B,Violence and sexual offences,Investigation complete; no suspect identified,
,2024-11,Essex Police,Essex Police,0.333615,51.481651,On or near Palmer'S Avenue,E01015959,Thurrock 016C,Anti-social behaviour,,
,2024-11,Essex Police,Essex Police,0.324394,51.481313,On or near Cromwell Road,E01015959,Thurrock 016C,Anti-social behaviour,,
,2024-11,Essex Police,Essex Police,0.327444,51.482367,On or near Rookwood Close,E01015959,Thurrock 016C,Anti-social behaviour,,
6cdec7b7d3768304c056275fea1c34d4b9054e6bd7eb17894f1a231602807ecb,2024-11,Essex Police,Essex Police,0.327444,51.482367,On or near Rookwood Close,E01015959,Thurrock 016C,Burglary,Investigation complete; no suspect identified,
38343e479be45a7d449f2e6c7e3b760225cc0d4e736455062fd127c2bf816894,2024-11,Essex Police,Essex Police,0.326351,51.482982,On or near Dell Road,E01015959,Thurrock 016C,Burglary,Investigation complete; no suspect identified,
dd50808d39bf9f91479cf63e389e443dbfb278dec9e8857323dd8203b70bb530,2024-11,Essex Police,Essex Police,0.326358,51.479430,On or near A126,E01015959,Thurrock 016C,Criminal damage and arson,Investigation complete; no suspect identified,
d9f019a637bc3f2c7a81d897428b06bae4cf785c5b812462a765091b473493f3,2024-11,Essex Police,Essex Police,0.326351,51.482982,On or near Dell Road,E01015959,Thurrock 016C,Other theft,Unable to prosecute suspect,
6138655d5378631ebbd329f785a2a5c114865ff5c2ee44fce92f9e7cbc132389,2024-11,Essex Police,Essex Police,0.328400,51.484453,On or near Woodward Heights,E01015959,Thurrock 016C,Other theft,Investigation complete; no suspect identified,
52867ac38b2dcf33f2064b61a5f54e6a8427110009a00d7193a0f5b4cfa30f33,2024-11,Essex Police,Essex Police,0.333615,51.481651,On or near Palmer'S Avenue,E01015959,Thurrock 016C,Other theft,Investigation complete; no suspect identified,
bc8cc77966d404827a4040eba131a596b05ece76389f51792bb313973fcf4260,2024-11,Essex Police,Essex Police,0.326358,51.479430,On or near A126,E01015959,Thurrock 016C,Public order,Unable to prosecute suspect,
f43f66dd38120a0cbaa9132172eea65ea6e0b794d9bfea962bbd50e90684940f,2024-11,Essex Police,Essex Police,0.327105,51.479676,On or near Orsett Road,E01015959,Thurrock 016C,Public order,Unable to prosecute suspect,
19419446a281cfe39ffc11ebf3294d939a19159c45acde9fd8ecff69e1b86467,2024-11,Essex Police,Essex Police,0.324394,51.481313,On or near Cromwell Road,E01015959,Thurrock 016C,Public order,Unable to prosecute suspect,
6594624396cf3ddc2ce3eb5fca4be6f633f5247dacec0165194a34e7020bee7f,2024-11,Essex Police,Essex Police,0.326351,51.482982,On or near Dell Road,E01015959,Thurrock 016C,Vehicle crime,Investigation complete; no suspect identified,
4527eccf0be6d321ed6a0bb7b6f5cbe0aa8133018e6b464a139d3838883b55fe,2024-11,Essex Police,Essex Police,0.328400,51.484453,On or near Woodward Heights,E01015959,Thurrock 016C,Vehicle crime,Investigation complete; no suspect identified,
fedcc552c4229a1ced850e4ad19afd7d26991ef3e5da955095004da2e2a973ee,2024-11,Essex Police,Essex Police,0.324394,51.481313,On or near Cromwell Road,E01015959,Thurrock 016C,Violence and sexual offences,Unable to prosecute suspect,
16d316b47be417668a29907e60037225a53a0324e28269765ee90f55524b07cf,2024-11,Essex Police,Essex Police,0.324394,51.481313,On or near Cromwell Road,E01015959,Thurrock 016C,Violence and sexual offences,Investigation complete; no suspect identified,
926fe2078c393d376e5d301de136db67a82f8001f15002a9a9ca4c17faaf693a,2024-11,Essex Police,Essex Police,0.335068,51.482180,On or near Theobalds Avenue,E01015959,Thurrock 016C,Violence and sexual offences,Unable to prosecute suspect,
b6bd1e0599cb656d182013d15eb459680ce3876f412600fa62f73662443cab60,2024-11,Essex Police,Essex Police,0.327105,51.479676,On or near Orsett Road,E01015959,Thurrock 016C,Violence and sexual offences,Investigation complete; no suspect identified,
5d91ab7689334ac4c439182ef656f612de902a38c2e733963c1965a9f045e830,2024-11,Essex Police,Essex Police,0.327105,51.479676,On or near Orsett Road,E01015959,Thurrock 016C,Violence and sexual offences,Unable to prosecute suspect,
28f2b033644064b2feeb13216606411304c13d13f16b53e90d335163b7dc9264,2024-11,Essex Police,Essex Police,0.327105,51.479676,On or near Orsett Road,E01015959,Thurrock 016C,Violence and sexual offences,Unable to prosecute suspect,
2bc266c134798b391f24d53540c905bb01787a879bd1e1e448594a8623c08d61,2024-11,Essex Police,Essex Police,0.326358,51.479430,On or near A126,E01015959,Thurrock 016C,Violence and sexual offences,Investigation complete; no suspect identified,
39e84934f072cfc52df4543de4edcad9752085bee5fd555fd59439dc3691699d,2024-11,Essex Police,Essex Police,0.327444,51.482367,On or near Rookwood Close,E01015959,Thurrock 016C,Other crime,Unable to prosecute suspect,
32db8af237ae3d2c257ffc3a6d1efc01b2cc36b0b179c9bbc08766e660742a4c,2024-11,Essex Police,Essex Police,0.331524,51.479903,On or near Allenby Crescent,E01015961,Thurrock 016D,Criminal damage and arson,Court result unavailable,
97650fa83614e89b827305ca99123f0e9c761ebd4cf0f829c4a4d97291eb1fe9,2024-11,Essex Police,Essex Police,0.332810,51.476613,On or near East Thurrock Road,E01015961,Thurrock 016D,Drugs,Unable to prosecute suspect,
42bc1883c2a0835e56973e2e8f0efe66ce05387965bd1a78a781444a5488751e,2024-11,Essex Police,Essex Police,0.332810,51.476613,On or near East Thurrock Road,E01015961,Thurrock 016D,Drugs,Unable to prosecute suspect,
0cdad83abff5fa11bdd98a31107b7d253635cdfcb6e642f767b142712b756272,2024-11,Essex Police,Essex Police,0.331710,51.477066,On or near Benson Road,E01015961,Thurrock 016D,Public order,Unable to prosecute suspect,
87394bca0236068ccc41d45a6dfe20a39f71220fa03202338ba09ac6be78148e,2024-11,Essex Police,Essex Police,0.336120,51.479667,On or near Whitehall Lane,E01015961,Thurrock 016D,Vehicle crime,Investigation complete; no suspect identified,
5b1cfd07db5671f64800ea0992fd74936f58a359db9532bf1a9474b3d39033ee,2024-11,Essex Police,Essex Police,0.331524,51.479903,On or near Allenby Crescent,E01015961,Thurrock 016D,Violence and sexual offences,Offender given a caution,
48ffa5593a25eec4cbc309dfcb9aee69dd8c30262cfaa3f3a952d584fcc6d221,2024-11,Essex Police,Essex Police,0.335525,51.480138,On or near High View Gardens,E01015961,Thurrock 016D,Violence and sexual offences,Investigation complete; no suspect identified,
89025238dca1de3331927cde891de840ae4002e1f86ebb7c60c1fbdfded208cc,2024-11,Essex Police,Essex Police,0.332810,51.476613,On or near East Thurrock Road,E01015961,Thurrock 016D,Violence and sexual offences,Unable to prosecute suspect,
d6840b2600004a205b0a68c4eeaece248021359183dfafbd0104507f866f9760,2024-11,Essex Police,Essex Police,0.336926,51.474579,On or near Manor Road,E01015962,Thurrock 016E,Criminal damage and arson,Action to be taken by another organisation,
964eb94ce5fd7b8ceb1157fe42cc5efa0f3a0f7d3c3550557b8a0457c4215fe1,2024-11,Essex Police,Essex Police,0.331311,51.475177,On or near Parking Area,E01015962,Thurrock 016E,Other theft,Investigation complete; no suspect identified,
5675ee743df71bfd6fb35d836c6113d1a20275e863f3b528f758f915cf9ce93e,2024-11,Essex Police,Essex Police,0.331940,51.475929,On or near Parking Area,E01015962,Thurrock 016E,Vehicle crime,Investigation complete; no suspect identified,
15f76efca671da1bf52f6e500990731cfe73c805d2b52cb5497f322ae4d38168,2024-11,Essex Police,Essex Police,0.333616,51.473782,On or near Elm Road,E01015962,Thurrock 016E,Vehicle crime,Investigation complete; no suspect identified,
e9df601928433a6963ecbd7ead86fd4a974754bdab93058dae987807e1931157,2024-11,Essex Police,Essex Police,0.335161,51.474417,On or near Maple Road,E01015962,Thurrock 016E,Vehicle crime,Investigation complete; no suspect identified,
1f8bd70fb66e773445c37af961e8c6e1c8fec4e5b6dcdf07e82314369c46ced6,2024-11,Essex Police,Essex Police,0.336926,51.474579,On or near Manor Road,E01015962,Thurrock 016E,Violence and sexual offences,Action to be taken by another organisation,
b994835ccfb0049ab493b01eec7d519a5de234391671fd220d31f3c9c923c2da,2024-11,Essex Police,Essex Police,0.333616,51.473782,On or near Elm Road,E01015962,Thurrock 016E,Violence and sexual offences,Local resolution,
d19882dd248134181ba58d281be2f1e9e7eb0458453dc207f2ffff356e49cb0c,2024-11,Essex Police,Essex Police,0.333616,51.473782,On or near Elm Road,E01015962,Thurrock 016E,Violence and sexual offences,Unable to prosecute suspect,
4189389a2a0c4a93983cdf16e0d3d7f7e36cfd4c19860544b8ff97a211f5db38,2024-11,Essex Police,Essex Police,0.336926,51.474579,On or near Manor Road,E01015962,Thurrock 016E,Violence and sexual offences,Formal action is not in the public interest,
c8880a5b21150f0a465e8005961743912ee06a6d7cd7f80a0174ba1c26e8c66c,2024-11,Essex Police,Essex Police,0.336926,51.474579,On or near Manor Road,E01015962,Thurrock 016E,Violence and sexual offences,Formal action is not in the public interest,
ded940fc6f34d3ada12ed748ded69f5cd281e3852dd18ed8dad5434a71ce2a79,2024-11,Essex Police,Essex Police,0.331732,51.476364,On or near St Thomas'S Place,E01015962,Thurrock 016E,Violence and sexual offences,Unable to prosecute suspect,
fb393a22be612de8327f11840a9433d4d66c0509db2b5e5d2d38e1d67aaa78e8,2024-11,Essex Police,Essex Police,0.335161,51.474417,On or near Maple Road,E01015962,Thurrock 016E,Violence and sexual offences,Investigation complete; no suspect identified,
82dcef525a42bd79187671e5bbd9342c1c96dc258c828e223fe88b75f524413e,2024-11,Essex Police,Essex Police,0.331898,51.475381,On or near Parking Area,E01015962,Thurrock 016E,Violence and sexual offences,Unable to prosecute suspect,
3caf952f759ac5e1c4a7a0561d8d618ece9bdcc120c9cde6c20c4b825c694260,2024-11,Essex Police,Essex Police,0.333616,51.473782,On or near Elm Road,E01015962,Thurrock 016E,Violence and sexual offences,Unable to prosecute suspect,
bc3e11812c0ab7c321fe30bc0eed77b8250255c4153c25cdb60b2aea0607a564,2024-11,Essex Police,Essex Police,0.335161,51.474417,On or near Maple Road,E01015962,Thurrock 016E,Violence and sexual offences,Unable to prosecute suspect,
,2024-11,Essex Police,Essex Police,0.309580,51.475166,On or near Bexhill Drive,E01015951,Thurrock 017A,Anti-social behaviour,,
e17f4b008c5df596be552b03566e3a6547a5781f187398fe5fcca7b4ed66e54a,2024-11,Essex Police,Essex Police,0.314611,51.476119,On or near Wharf Road,E01015951,Thurrock 017A,Public order,Unable to prosecute suspect,
cb7d89a377ed4d01a1c072fac4563cf79c82ec02bd69ded9c25662e697d495de,2024-11,Essex Police,Essex Police,0.310345,51.477193,On or near Castle Road,E01015951,Thurrock 017A,Vehicle crime,Investigation complete; no suspect identified,
b9dcd14aafec4d011003a948621dace7fdcea1ac9681be6db16975fd8139b361,2024-11,Essex Police,Essex Police,0.309580,51.475166,On or near Bexhill Drive,E01015951,Thurrock 017A,Violence and sexual offences,Unable to prosecute suspect,
726fcc56f91df7feaf522066fca4b5e31d375495373c12d1c0f2e522b648200b,2024-11,Essex Police,Essex Police,0.332273,51.472289,On or near Curzon Drive,E01015952,Thurrock 017B,Burglary,Investigation complete; no suspect identified,
29320e124d573b3a59134975f833ee40e3cadc01c170b9dfddb84daaa39fb1fe,2024-11,Essex Police,Essex Police,0.330605,51.477133,On or near Bridge Road,E01015952,Thurrock 017B,Drugs,Court result unavailable,
8c9346c5db881bf800c368eb22c21f098896d8f167d87eaded97589bd8b19250,2024-11,Essex Police,Essex Police,0.332273,51.472289,On or near Curzon Drive,E01015952,Thurrock 017B,Vehicle crime,Investigation complete; no suspect identified,
c6c32c324f2d632550624204d7c0ed807f2a5ebb84fc44c4b5393848363076d7,2024-11,Essex Police,Essex Police,0.327560,51.472490,On or near Conway Gardens,E01015952,Thurrock 017B,Violence and sexual offences,Unable to prosecute suspect,
,2024-11,Essex Police,Essex Police,0.318670,51.478647,On or near Seally Road,E01015953,Thurrock 017C,Anti-social behaviour,,
,2024-11,Essex Police,Essex Police,0.318670,51.478647,On or near Seally Road,E01015953,Thurrock 017C,Anti-social behaviour,,
8df3add35044fb88f9e8b156330967fbf2f3e9c0bb52315ed2eb18724bbb7838,2024-11,Essex Police,Essex Police,0.314359,51.477968,On or near Malthouse Drive,E01015953,Thurrock 017C,Criminal damage and arson,Investigation complete; no suspect identified,
4adbd11bcd607cb468c960b34dbbc23ca54a9b6a354defe044962d9e93b76a63,2024-11,Essex Police,Essex Police,0.314272,51.476818,On or near London Road,E01015953,Thurrock 017C,Criminal damage and arson,Investigation complete; no suspect identified,
3ea8bb521e392744670dfc2281d10a7e1173925f92ccaf288e45ec6a6c0d1bb7,2024-11,Essex Police,Essex Police,0.315025,51.474924,On or near Wharf Road South,E01015953,Thurrock 017C,Drugs,Local resolution,
8e34c0ac62162f93e116aa282ed5876b69d1ea7e19720265a71176fc11d496e2,2024-11,Essex Police,Essex Police,0.317878,51.478078,On or near Eastern Way,E01015953,Thurrock 017C,Drugs,Local resolution,
23a2b4cfa3f8a5c2218b9ca3be2820e04c211961a7f67f45e25a91e3fa0a4561,2024-11,Essex Police,Essex Police,0.319593,51.475265,On or near Bruces Wharf Road,E01015953,Thurrock 017C,Public order,Investigation complete; no suspect identified,
96907afd7fc8e369f19fd288a3ee13409560ddd73463d4c31a940122638b8f20,2024-11,Essex Police,Essex Police,0.317878,51.478078,On or near Eastern Way,E01015953,Thurrock 017C,Shoplifting,Investigation complete; no suspect identified,
11f25332bdb4588e065c1f8f9a56126b03f8dd7d2f39edb8f73a66842e6367b2,2024-11,Essex Police,Essex Police,0.316746,51.476818,On or near Supermarket,E01015953,Thurrock 017C,Shoplifting,Investigation complete; no suspect identified,
14414c8910017b51cebb01d4b74975ec40d6cf0541f72250ced8157a926b1617,2024-11,Essex Police,Essex Police,0.316746,51.476818,On or near Supermarket,E01015953,Thurrock 017C,Shoplifting,Investigation complete; no suspect identified,
ff96e13b0cba7ddc0c36d7b28f47663ed6577d89dbb7e9f55b12f356728ccf99,2024-11,Essex Police,Essex Police,0.316746,51.476818,On or near Supermarket,E01015953,Thurrock 017C,Shoplifting,Investigation complete; no suspect identified,
da59dbe4817898b3b55122ac91e904c8afec0cb2a4d86c7d5add945a19cb3cee,2024-11,Essex Police,Essex Police,0.316746,51.476818,On or near Supermarket,E01015953,Thurrock 017C,Shoplifting,Investigation complete; no suspect identified,
f734c539e83907c463bd1dbd4be95355240421363dd4912b9f3847e520b48e88,2024-11,Essex Police,Essex Police,0.316746,51.476818,On or near Supermarket,E01015953,Thurrock 017C,Shoplifting,Investigation complete; no suspect identified,
71aead978d474b0a121e55433d906a6fab3696d088aa4629961d8b141a8da65c,2024-11,Essex Police,Essex Police,0.317878,51.478078,On or near Eastern Way,E01015953,Thurrock 017C,Shoplifting,Investigation complete; no suspect identified,
a16e87c7b3bc86f52179bc878f8231c8bf12b2465baa7d47828ca61571a1863a,2024-11,Essex Police,Essex Police,0.316746,51.476818,On or near Supermarket,E01015953,Thurrock 017C,Shoplifting,Investigation complete; no suspect identified,
f820428c9901bffcd451292f1a6b16db23baa4adbdb7ae07d3c8d9f2e1f4ebc5,2024-11,Essex Police,Essex Police,0.316746,51.476818,On or near Supermarket,E01015953,Thurrock 017C,Shoplifting,Investigation complete; no suspect identified,
326ffafa0ac985faa06bcf22a9d6e9b2ed7af1407e0f6389f96f4fa508048324,2024-11,Essex Police,Essex Police,0.316746,51.476818,On or near Supermarket,E01015953,Thurrock 017C,Shoplifting,Investigation complete; no suspect identified,
67c4e6ea672917dbad351260a8daaa9b260de7fd1e6611b45ec256681288f6a4,2024-11,Essex Police,Essex Police,0.316746,51.476818,On or near Supermarket,E01015953,Thurrock 017C,Shoplifting,Investigation complete; no suspect identified,
29cbcdfdd9c624babffa4d9c20024f02dd02ccaaee9dfedb0a00377717f6f2b1,2024-11,Essex Police,Essex Police,0.316746,51.476818,On or near Supermarket,E01015953,Thurrock 017C,Vehicle crime,Investigation complete; no suspect identified,
1a80acad2f4c85c89907e12e7580ff7128db0a48997d791ae0d012b6d69b5b42,2024-11,Essex Police,Essex Police,0.319594,51.474150,On or near Columbia Wharf Road,E01015953,Thurrock 017C,Violence and sexual offences,Unable to prosecute suspect,
,2024-11,Essex Police,Essex Police,0.322011,51.476081,On or near Station Approach,E01015954,Thurrock 017D,Anti-social behaviour,,
,2024-11,Essex Police,Essex Police,0.322011,51.476081,On or near Station Approach,E01015954,Thurrock 017D,Anti-social behaviour,,
,2024-11,Essex Police,Essex Police,0.324051,51.477119,On or near Shopping Area,E01015954,Thurrock 017D,Anti-social behaviour,,
,2024-11,Essex Police,Essex Police,0.324051,51.477119,On or near Shopping Area,E01015954,Thurrock 017D,Anti-social behaviour,,
,2024-11,Essex Police,Essex Police,0.321840,51.473845,On or near Parking Area,E01015954,Thurrock 017D,Anti-social behaviour,,
,2024-11,Essex Police,Essex Police,0.321840,51.473845,On or near Parking Area,E01015954,Thurrock 017D,Anti-social behaviour,,
,2024-11,Essex Police,Essex Police,0.324949,51.476940,On or near Parking Area,E01015954,Thurrock 017D,Anti-social behaviour,,
,2024-11,Essex Police,Essex Police,0.322929,51.477430,On or near High Street,E01015954,Thurrock 017D,Anti-social behaviour,,
,2024-11,Essex Police,Essex Police,0.322011,51.476081,On or near Station Approach,E01015954,Thurrock 017D,Anti-social behaviour,,
,2024-11,Essex Police,Essex Police,0.325996,51.472315,On or near Thames Road,E01015954,Thurrock 017D,Anti-social behaviour,,
,2024-11,Essex Police,Essex Police,0.326183,51.474020,On or near Seabrooke Rise,E01015954,Thurrock 017D,Anti-social behaviour,,
,2024-11,Essex Police,Essex Police,0.322011,51.476081,On or near Station Approach,E01015954,Thurrock 017D,Anti-social behaviour,,
,2024-11,Essex Police,Essex Police,0.322929,51.477430,On or near High Street,E01015954,Thurrock 017D,Anti-social behaviour,,
,2024-11,Essex Police,Essex Police,0.325264,51.475198,On or near New Road,E01015954,Thurrock 017D,Anti-social behaviour,,
,2024-11,Essex Police,Essex Police,0.325814,51.472129,On or near Parking Area,E01015954,Thurrock 017D,Anti-social behaviour,,
,2024-11,Essex Police,Essex Police,0.322929,51.477430,On or near High Street,E01015954,Thurrock 017D,Anti-social behaviour,,
,2024-11,Essex Police,Essex Police,0.321840,51.473845,On or near Parking Area,E01015954,Thurrock 017D,Anti-social behaviour,,
0102ad1a8019986210bbbcddd79cf28de0c3fcd343cac15d50691934c5e1f17e,2024-11,Essex Police,Essex Police,0.323125,51.476472,On or near Crown Road,E01015954,Thurrock 017D,Bicycle theft,Investigation complete; no suspect identified,
6508c94495e4a3504771ba1dc4c8db3806a4291d5615ffdcba7992d76e4b60a4,2024-11,Essex Police,Essex Police,0.322011,51.476081,On or near Station Approach,E01015954,Thurrock 017D,Bicycle theft,Investigation complete; no suspect identified,
acfb33d46eeb431e63f81425cbe85380b991be399974ace00a9824d6a4c42e17,2024-11,Essex Police,Essex Police,0.322929,51.477430,On or near High Street,E01015954,Thurrock 017D,Burglary,Court result unavailable,
1b06c5d4814d79d6391a9caccc264f3ad0dc5824ff2ad08a7cd281a27d46140b,2024-11,Essex Police,Essex Police,0.324051,51.477119,On or near Shopping Area,E01015954,Thurrock 017D,Burglary,Investigation complete; no suspect identified,
2eac62cdba098c6ba0e9b77dedae9c3a4d564d36719879ba748baf2763e50cc1,2024-11,Essex Police,Essex Police,0.322929,51.477430,On or near High Street,E01015954,Thurrock 017D,Criminal damage and arson,Unable to prosecute suspect,
5bbb3de5853a8a5322a42568483cef038b0656e260892b12478c06c40885065b,2024-11,Essex Police,Essex Police,0.324051,51.477119,On or near Shopping Area,E01015954,Thurrock 017D,Criminal damage and arson,Investigation complete; no suspect identified,
4c2e57fa619f5a0aec9cad5638d3963118fe6cdd37f9cf69a1d2c4728d5e7f9b,2024-11,Essex Police,Essex Police,0.323394,51.474955,On or near Further/Higher Educational Building,E01015954,Thurrock 017D,Criminal damage and arson,Investigation complete; no suspect identified,
4cf6cc1d86a466c134c2d87231baff149d8bd684da11b92d932c6743fb4586a5,2024-11,Essex Police,Essex Police,0.324949,51.476940,On or near Parking Area,E01015954,Thurrock 017D,Criminal damage and arson,Court result unavailable,
6332889ee6d4644372e0a21eb25ddb6cb7ac2f09bcfde425b64ace98e0e52465,2024-11,Essex Police,Essex Police,0.322929,51.477430,On or near High Street,E01015954,Thurrock 017D,Criminal damage and arson,Investigation complete; no suspect identified,
22b41c3da3376947514391d916e15c1ccce9195b773a02163abf5813464f32c8,2024-11,Essex Police,Essex Police,0.322929,51.477430,On or near High Street,E01015954,Thurrock 017D,Criminal damage and arson,Unable to prosecute suspect,
cdec3c8400bde78aa4c17543bba8eb50744b6b074f5f13ceb3748e5e73f6000a,2024-11,Essex Police,Essex Police,0.325814,51.472129,On or near Parking Area,E01015954,Thurrock 017D,Criminal damage and arson,Investigation complete; no suspect identified,
86c20110c456a56487e174c7b9a83e013c9d84270b09aa0c2bf06a0d61575c61,2024-11,Essex Police,Essex Police,0.324949,51.476940,On or near Parking Area,E01015954,Thurrock 017D,Criminal damage and arson,Investigation complete; no suspect identified,
63ff3df18cce6f99073aaaf7ad2c805afec098e648817099e963307b90d89e82,2024-11,Essex Police,Essex Police,0.325398,51.473576,On or near Sherfield Road,E01015954,Thurrock 017D,Criminal damage and arson,Offender given a caution,
e3575384409258b9f41e8ee2d4814ba41fae14846df8e141b575b0667daed924,2024-11,Essex Police,Essex Police,0.322929,51.477430,On or near High Street,E01015954,Thurrock 017D,Criminal damage and arson,Unable to prosecute suspect,
ec34c31aca0161c9442e9863eac8fa07cb8b8b202e0f4ec74d3dcd8286c7fa5c,2024-11,Essex Police,Essex Police,0.325398,51.473576,On or near Sherfield Road,E01015954,Thurrock 017D,Criminal damage and arson,Status update unavailable,
6c5563cbc1e850215665ca7ba7e2029bf0eadc319f605bbc41f467cce2e36005,2024-11,Essex Police,Essex Police,0.325398,51.473576,On or near Sherfield Road,E01015954,Thurrock 017D,Drugs,Local resolution,
cbc10e325815950a75767fd90b2ae5ab4d2f7c9653a2c6bb890abab03e081dd5,2024-11,Essex Police,Essex Police,0.322011,51.476081,On or near Station Approach,E01015954,Thurrock 017D,Drugs,Formal action is not in the public interest,
184dd19397c853ad0aace86e01215c31f6c2a08f9c12b53edd6a736cd930e04d,2024-11,Essex Police,Essex Police,0.322929,51.477430,On or near High Street,E01015954,Thurrock 017D,Drugs,Court result unavailable,
bd92dece27fe5d3c61adec77565eed2ce5c74c53f1cc85dcc9501a4fc63d532f,2024-11,Essex Police,Essex Police,0.328360,51.474066,On or near Exmouth Road,E01015954,Thurrock 017D,Other theft,Unable to prosecute suspect,
9c95f4cd764d00b8cd6c2124ee69ac7c1ffe53119de56ea2adea3a6193d6afee,2024-11,Essex Police,Essex Police,0.322011,51.476081,On or near Station Approach,E01015954,Thurrock 017D,Other theft,Investigation complete; no suspect identified,
90056ca377108c30bdca94e7122914c1a45658c6870a20c3d184204e0643e454,2024-11,Essex Police,Essex Police,0.328360,51.474066,On or near Exmouth Road,E01015954,Thurrock 017D,Other theft,Investigation complete; no suspect identified,
a9ea4083c3d7298bf18f25b34c577d306cdd45ba8d9e8823341ee38200b07733,2024-11,Essex Police,Essex Police,0.324051,51.477119,On or near Shopping Area,E01015954,Thurrock 017D,Public order,Investigation complete; no suspect identified,
7045d15e3306a8a8514a68a0a15b1dd4b408223721e3df195ccfd846c42009c1,2024-11,Essex Police,Essex Police,0.322011,51.476081,On or near Station Approach,E01015954,Thurrock 017D,Public order,Unable to prosecute suspect,
643f4a46d2945f84953ae47329cb094fdce6f54e125c547fbcf3bda0222c9119,2024-11,Essex Police,Essex Police,0.325264,51.475198,On or near New Road,E01015954,Thurrock 017D,Public order,Offender given a caution,
a7c19332edbca2ba05337267c620746acf00b9966a701f0ddea01a2c91c335c9,2024-11,Essex Police,Essex Police,0.322929,51.477430,On or near High Street,E01015954,Thurrock 017D,Public order,Unable to prosecute suspect,
17d29ef3a1566c4fd80a6b4e27cdad5dc95db4a168b28a300f702b725b1c3779,2024-11,Essex Police,Essex Police,0.325264,51.475198,On or near New Road,E01015954,Thurrock 017D,Public order,Offender given a caution,
0846eec969abc9cc126da93b961f573bd809f4b433e610e070055419cdd3c381,2024-11,Essex Police,Essex Police,0.322011,51.476081,On or near Station Approach,E01015954,Thurrock 017D,Public order,Investigation complete; no suspect identified,
f37ec97cef631449d775e063cdd05a030a6e5aed97b5ab4f6965d54312d7ed8d,2024-11,Essex Police,Essex Police,0.325264,51.475198,On or near New Road,E01015954,Thurrock 017D,Public order,Offender given a caution,
1115abc59176acc7620e39b601b8aae1a4e31018fdf01e02ff4d9daba39d89f7,2024-11,Essex Police,Essex Police,0.324051,51.477119,On or near Shopping Area,E01015954,Thurrock 017D,Public order,Investigation complete; no suspect identified,
df33f4646716f6bbff57caa562dc6cb166c69866174b37da12ba1ad90e1b6adc,2024-11,Essex Police,Essex Police,0.324949,51.476940,On or near Parking Area,E01015954,Thurrock 017D,Public order,Investigation complete; no suspect identified,
b681d3ca25ad8a9e00ff4cccfeb63c8da2ad6b91f5de95f3338622c5a8bcf336,2024-11,Essex Police,Essex Police,0.322929,51.477430,On or near High Street,E01015954,Thurrock 017D,Robbery,Investigation complete; no suspect identified,
1d8f9da5f2f5b0d500bc7474d156d63e24abbbdd4768dbc5d3f1c4163f6241ae,2024-11,Essex Police,Essex Police,0.324051,51.477119,On or near Shopping Area,E01015954,Thurrock 017D,Robbery,Investigation complete; no suspect identified,
636620414ca0319e4dbae45007ac1860c8012506b4883db4153ecc6695329245,2024-11,Essex Police,Essex Police,0.322929,51.477430,On or near High Street,E01015954,Thurrock 017D,Shoplifting,Unable to prosecute suspect,
9bc0b54d6ef7f3ae10e47dbe7a080640cc0df06b7de3106a67630652bde59e53,2024-11,Essex Police,Essex Police,0.324051,51.477119,On or near Shopping Area,E01015954,Thurrock 017D,Shoplifting,Investigation complete; no suspect identified,
9e19960bc95e743886af086684828d9e373c92ecb52232b83384fab86ed6d054,2024-11,Essex Police,Essex Police,0.322929,51.477430,On or near High Street,E01015954,Thurrock 017D,Shoplifting,Investigation complete; no suspect identified,
2d56c72c02265e6ae33098c3d7c3dcc9631d511bae1daa13bdac2ec7609aa039,2024-11,Essex Police,Essex Police,0.324949,51.476940,On or near Parking Area,E01015954,Thurrock 017D,Shoplifting,Investigation complete; no suspect identified,
d3d62ca27cc4798db1d4dd3ef8631b4d14ac81f04cb17e9a6ada4230de397542,2024-11,Essex Police,Essex Police,0.324051,51.477119,On or near Shopping Area,E01015954,Thurrock 017D,Shoplifting,Unable to prosecute suspect,
8ce1027b918a2d6cd4ed8c4c8956a4bb315a86f3ffdd06384659a22c0b044357,2024-11,Essex Police,Essex Police,0.325264,51.475198,On or near New Road,E01015954,Thurrock 017D,Shoplifting,Court result unavailable,
d8d4cbde5e33f8ff35d019b9df98899530e6811a4ce0a55d02b8d4f09a9e11fd,2024-11,Essex Police,Essex Police,0.324949,51.476940,On or near Parking Area,E01015954,Thurrock 017D,Shoplifting,Unable to prosecute suspect,
1d7543e8b9d87099561d31b2b104e6e42b90176698eb5bbd8e8c7bd057406389,2024-11,Essex Police,Essex Police,0.322929,51.477430,On or near High Street,E01015954,Thurrock 017D,Shoplifting,Investigation complete; no suspect identified,
7180a086a8f343fbc21bd72851b249699c0f3da1ed9c55ca5d8df894e210d5a5,2024-11,Essex Police,Essex Police,0.324051,51.477119,On or near Shopping Area,E01015954,Thurrock 017D,Shoplifting,Investigation complete; no suspect identified,
19d40390de83ccfb64e2effd7f02e9b03da462467950a238520c437390ed3e75,2024-11,Essex Police,Essex Police,0.324051,51.477119,On or near Shopping Area,E01015954,Thurrock 017D,Shoplifting,Investigation complete; no suspect identified,
9fb134b86d77a337265db0bd99bf34c12bdba82d6c5f2f1d3c9418e250d75807,2024-11,Essex Police,Essex Police,0.322929,51.477430,On or near High Street,E01015954,Thurrock 017D,Shoplifting,Investigation complete; no suspect identified,
f41aa41f69e5416a2f350c37242f8e4448e99ac09c5f770d0fd9837e66921bb9,2024-11,Essex Police,Essex Police,0.322929,51.477430,On or near High Street,E01015954,Thurrock 017D,Shoplifting,Investigation complete; no suspect identified,
f6f3cb651fb9f52c9c9e7a2cf583d668baa9611890eeb99d32f086bd32066889,2024-11,Essex Police,Essex Police,0.324051,51.477119,On or near Shopping Area,E01015954,Thurrock 017D,Shoplifting,Investigation complete; no suspect identified,
95e280bb75846a0117882c8e59dc245015bb168d275d862f534b96cfdde85c3f,2024-11,Essex Police,Essex Police,0.325264,51.475198,On or near New Road,E01015954,Thurrock 017D,Vehicle crime,Investigation complete; no suspect identified,
ffabc477a716e0d021f94c168b699359d68b5737bf91c7e4dd19a2364958928b,2024-11,Essex Police,Essex Police,0.328360,51.474066,On or near Exmouth Road,E01015954,Thurrock 017D,Vehicle crime,Investigation complete; no suspect identified,
14388d148d96d98318e87445227f90c420f73441be0ec98a232eab0ba5df07f9,2024-11,Essex Police,Essex Police,0.323394,51.474955,On or near Further/Higher Educational Building,E01015954,Thurrock 017D,Violence and sexual offences,Unable to prosecute suspect,
e3ad7c84e52131074056a7a8aac35017b5a74532ace627052d8c25bbb3fe6551,2024-11,Essex Police,Essex Police,0.325264,51.475198,On or near New Road,E01015954,Thurrock 017D,Violence and sexual offences,Investigation complete; no suspect identified,
9d971a3b9ad00a5e3f5bdd2aedfd21abd257cb1d6d9a9a122463b861ae4300ee,2024-11,Essex Police,Essex Police,0.322011,51.476081,On or near Station Approach,E01015954,Thurrock 017D,Violence and sexual offences,Unable to prosecute suspect,
7383b275ec2403a0c4fcfcee54260435705513dbec558054a31244f3a2c0d383,2024-11,Essex Police,Essex Police,0.328360,51.474066,On or near Exmouth Road,E01015954,Thurrock 017D,Violence and sexual offences,Status update unavailable,
6b15f3ea323c3382b790a1dd1a3d6c77120205eab0d1373c7a40aa15183225c0,2024-11,Essex Police,Essex Police,0.322929,51.477430,On or near High Street,E01015954,Thurrock 017D,Violence and sexual offences,Unable to prosecute suspect,
b72660df5bed0ee9fae3f08115625980f45f5683ab46137b679f3606e95ec243,2024-11,Essex Police,Essex Police,0.325398,51.473576,On or near Sherfield Road,E01015954,Thurrock 017D,Violence and sexual offences,Investigation complete; no suspect identified,
5667234715d328efff3b541ef2ee141aac03e6020f3a963352580a793f928f22,2024-11,Essex Police,Essex Police,0.322011,51.476081,On or near Station Approach,E01015954,Thurrock 017D,Violence and sexual offences,Unable to prosecute suspect,
7e0acec72d81b817545e2c324816f795d0403a42faf136012452468c83d4920a,2024-11,Essex Police,Essex Police,0.324051,51.477119,On or near Shopping Area,E01015954,Thurrock 017D,Violence and sexual offences,Investigation complete; no suspect identified,
891cd7735777cfeab873b4e6a4751c2764c68d956746fd184377c65d684b18a7,2024-11,Essex Police,Essex Police,0.322929,51.477430,On or near High Street,E01015954,Thurrock 017D,Violence and sexual offences,Investigation complete; no suspect identified,
e07d3ff78d521dbb087163612e7989e749848a112990f954b0df050c7deeea96,2024-11,Essex Police,Essex Police,0.325264,51.475198,On or near New Road,E01015954,Thurrock 017D,Violence and sexual offences,Investigation complete; no suspect identified,
33aa87da043093f0a616957f7b60e2a6254d5de1c67252f98c6ce994fb00ed49,2024-11,Essex Police,Essex Police,0.325264,51.475198,On or near New Road,E01015954,Thurrock 017D,Violence and sexual offences,Court result unavailable,
bc697a6d8f4f3505622a7be1253ab4207bd2a027b0cb923f37c2397a6da59556,2024-11,Essex Police,Essex Police,0.326183,51.474020,On or near Seabrooke Rise,E01015954,Thurrock 017D,Violence and sexual offences,Investigation complete; no suspect identified,
4aa425a168dd9f612bf35f2e134c117723b6cae5c8c6c945ca0c999ab8186e01,2024-11,Essex Police,Essex Police,0.322011,51.476081,On or near Station Approach,E01015954,Thurrock 017D,Violence and sexual offences,Local resolution,
6ae5997f92211b9fb6b837c3d2ddde7756833c704979a3ec70d82cd82aaebae3,2024-11,Essex Police,Essex Police,0.323394,51.474955,On or near Further/Higher Educational Building,E01015954,Thurrock 017D,Violence and sexual offences,Local resolution,
ccaaaa0067caf633a2d63f7f2f393ae46b603dd0bc05d9393376c72d366bb245,2024-11,Essex Police,Essex Police,0.328360,51.474066,On or near Exmouth Road,E01015954,Thurrock 017D,Violence and sexual offences,Unable to prosecute suspect,
370fab85b466610ce19cb170159ba265d36e3aa3e909e6d9d205391b6e102b12,2024-11,Essex Police,Essex Police,0.325996,51.472315,On or near Thames Road,E01015954,Thurrock 017D,Violence and sexual offences,Unable to prosecute suspect,
e056cc19c590302c0fd869a2a0727546cb1e4a28b90678046a6b1e199595843d,2024-11,Essex Police,Essex Police,0.322011,51.476081,On or near Station Approach,E01015954,Thurrock 017D,Violence and sexual offences,Investigation complete; no suspect identified,
a032a8823ecb720cceed881abefc21cba18e0ea68c0dd66bbc575af5050cb671,2024-11,Essex Police,Essex Police,0.326183,51.474020,On or near Seabrooke Rise,E01015954,Thurrock 017D,Violence and sexual offences,Status update unavailable,
c53569345c886d1c2a2c1eecee46bda5ff283e68e49c1d758ecaffe71a8931aa,2024-11,Essex Police,Essex Police,0.328360,51.474066,On or near Exmouth Road,E01015954,Thurrock 017D,Violence and sexual offences,Unable to prosecute suspect,
6d411e830a359ba5eda8ac8b30bfbf8515724e84cc27d22d37860295f32cf8aa,2024-11,Essex Police,Essex Police,0.324051,51.477119,On or near Shopping Area,E01015954,Thurrock 017D,Violence and sexual offences,Investigation complete; no suspect identified,
a0d3e59b93345c50ec173e22b66e48976a5a4f7c1d716570a3cf69eede8d035b,2024-11,Essex Police,Essex Police,0.325398,51.473576,On or near Sherfield Road,E01015954,Thurrock 017D,Violence and sexual offences,Unable to prosecute suspect,
b8892f59ca8073e9f43ea43a6cb7d5820ec41002cd9933b34bc5e03378b9936e,2024-11,Essex Police,Essex Police,0.325264,51.475198,On or near New Road,E01015954,Thurrock 017D,Violence and sexual offences,Investigation complete; no suspect identified,
3e78adb9408172ecdf71497fa871827c910ff9e8140a42615f4a4cbb0c6228b8,2024-11,Essex Police,Essex Police,0.325264,51.475198,On or near New Road,E01015954,Thurrock 017D,Violence and sexual offences,Unable to prosecute suspect,
74f3551eaf9e165e079111dd7ab0eacc9e38ff3441bd0d8e3ffa17fd6c1d2898,2024-11,Essex Police,Essex Police,0.323394,51.474955,On or near Further/Higher Educational Building,E01015954,Thurrock 017D,Other crime,Formal action is not in the public interest,
91e67d7a31bf621596f0cd7cf4fc4e3282c66d8ef18604bc3b9dc0fffb40b7bf,2024-11,Essex Police,Essex Police,0.326183,51.474020,On or near Seabrooke Rise,E01015954,Thurrock 017D,Other crime,Further investigation is not in the public interest,
,2024-11,Essex Police,Essex Police,0.345535,51.470028,On or near Supermarket,E01016003,Thurrock 018A,Anti-social behaviour,,
,2024-11,Essex Police,Essex Police,0.360540,51.461956,On or near Parking Area,E01016003,Thurrock 018A,Anti-social behaviour,,
,2024-11,Essex Police,Essex Police,0.345535,51.470028,On or near Supermarket,E01016003,Thurrock 018A,Anti-social behaviour,,
,2024-11,Essex Police,Essex Police,0.360540,51.461956,On or near Parking Area,E01016003,Thurrock 018A,Anti-social behaviour,,
8ecd7057ac15630ce0461bbf8ffd68cb7a68766f60aac50ac46d34d737529b08,2024-11,Essex Police,Essex Police,0.356243,51.463500,On or near Dunlop Close,E01016003,Thurrock 018A,Criminal damage and arson,Investigation complete; no suspect identified,
6835f5b61415e009f3b9c05350455f907dd41459e96cd89c8a6a88d694d98581,2024-11,Essex Police,Essex Police,0.359018,51.461214,On or near Malta Road,E01016003,Thurrock 018A,Criminal damage and arson,Investigation complete; no suspect identified,
ec3f807f11a0444e6d1eda4482f6215482b160631f985487455dfb46e63f280b,2024-11,Essex Police,Essex Police,0.345535,51.470028,On or near Supermarket,E01016003,Thurrock 018A,Criminal damage and arson,Investigation complete; no suspect identified,
71edce4cf867bff7a8deb860bbe3593f0ad15f875dfeaa8399144f0507b08e74,2024-11,Essex Police,Essex Police,0.345535,51.470028,On or near Supermarket,E01016003,Thurrock 018A,Criminal damage and arson,Investigation complete; no suspect identified,
bbc41b9adc363dbc92670c5b76f83753617d95bf330bcdf2f33dc6d76c1a54ca,2024-11,Essex Police,Essex Police,0.351805,51.464839,On or near Russell Road,E01016003,Thurrock 018A,Criminal damage and arson,Investigation complete; no suspect identified,
3ad78e980c0a62870f3ba9083633b96276a041f54bfc48619ae9f92a892a16c6,2024-11,Essex Police,Essex Police,0.354691,51.462721,On or near Broadway,E01016003,Thurrock 018A,Criminal damage and arson,Status update unavailable,
53342310cd116c1737704857446fd6ccca23e8ba2ccaf1f536dca83b083aa274,2024-11,Essex Police,Essex Police,0.343174,51.474257,On or near Coltsfoot Court,E01016003,Thurrock 018A,Criminal damage and arson,Unable to prosecute suspect,
da5c4ff6992f0b31971d003919a58982bea55a5cf7a641c72b8f5a5ce070a50e,2024-11,Essex Police,Essex Police,0.356041,51.460977,On or near A1089,E01016003,Thurrock 018A,Other theft,Investigation complete; no suspect identified,
c77ee847b651a9c4e6edf44c7faba66f1c67b10ba7009b9c40fd056d73131248,2024-11,Essex Police,Essex Police,0.359884,51.460962,On or near Bermuda Road,E01016003,Thurrock 018A,Other theft,Investigation complete; no suspect identified,
05394e7f09ed0a11f6c7660a94240dd8c9bc9a99dbd7dfe616334e212ca5ec7d,2024-11,Essex Police,Essex Police,0.354691,51.462721,On or near Broadway,E01016003,Thurrock 018A,Other theft,Investigation complete; no suspect identified,
958c3bf41976d6755deecfe9e9aac5e19de7f0791acefeab60614d418d44abd8,2024-11,Essex Police,Essex Police,0.359884,51.460962,On or near Bermuda Road,E01016003,Thurrock 018A,Other theft,Investigation complete; no suspect identified,
9609ffe4856bb6fb41c4ac031ed745afb38595a5bd2635b8fb1c6eb851065cb6,2024-11,Essex Police,Essex Police,0.343882,51.469539,On or near Thurrock Park Way,E01016003,Thurrock 018A,Other theft,Investigation complete; no suspect identified,
8af30cc59278e492fadb356a34601601a644498da17227453da6bd5c271c7606,2024-11,Essex Police,Essex Police,0.355886,51.462167,On or near Dock Road,E01016003,Thurrock 018A,Other theft,Unable to prosecute suspect,
9bce255ce0158cfb442981c982004ca01468463a7813f16c64b405ea956e2658,2024-11,Essex Police,Essex Police,0.354691,51.462721,On or near Broadway,E01016003,Thurrock 018A,Public order,Unable to prosecute suspect,
c06c2de89957254a2ed6a3b461ebee564f243cbdd216e638a7c4dbb17c89481d,2024-11,Essex Police,Essex Police,0.356034,51.462802,On or near Parking Area,E01016003,Thurrock 018A,Robbery,Investigation complete; no suspect identified,
abd9e5c9a68248f8af1fa7f7c43c438b9e656701e0df8a7a0ee75d3f5b3db668,2024-11,Essex Police,Essex Police,0.345535,51.470028,On or near Supermarket,E01016003,Thurrock 018A,Shoplifting,Investigation complete; no suspect identified,
5a0ef5ad701e6594415a51359a27412e81ac8b8318a846c14b2acf9d55dccdaf,2024-11,Essex Police,Essex Police,0.345535,51.470028,On or near Supermarket,E01016003,Thurrock 018A,Shoplifting,Local resolution,
d0bb247e148584a480c27ba9e3f6070fc8ea9fedee3594b6acfbebb08e5cf1b3,2024-11,Essex Police,Essex Police,0.344936,51.473232,On or near Salix Road,E01016003,Thurrock 018A,Vehicle crime,Investigation complete; no suspect identified,
472de8f90b3bcdad0998d62f10d81354b0282ad5f6d7d2b4851d3ef1f0b80ad3,2024-11,Essex Police,Essex Police,0.345535,51.470028,On or near Supermarket,E01016003,Thurrock 018A,Vehicle crime,Investigation complete; no suspect identified,
ddc0229e4b3458efcc8cc1fbc4cdb14cbab5daf0031c4db09e1b6f1d37e6bf2b,2024-11,Essex Police,Essex Police,0.356243,51.463500,On or near Dunlop Close,E01016003,Thurrock 018A,Vehicle crime,Investigation complete; no suspect identified,
c3dd9cbb49586360221b9985100a56514a55e6d21fd8237e405431695138c959,2024-11,Essex Police,Essex Police,0.355886,51.462167,On or near Dock Road,E01016003,Thurrock 018A,Vehicle crime,Investigation complete; no suspect identified,
7a005d9819b4c12ad187346f45900fad1c412bb3622e18940ccbb245ae233d38,2024-11,Essex Police,Essex Police,0.345535,51.470028,On or near Supermarket,E01016003,Thurrock 018A,Vehicle crime,Investigation complete; no suspect identified,
9a323b396b3816d1532bbdd1552d390a1c3fedef9b3f918fb3b2ba28ebc0f595,2024-11,Essex Police,Essex Police,0.346298,51.468906,On or near Petrol Station,E01016003,Thurrock 018A,Vehicle crime,Court result unavailable,
f91077ac3919e44fa9fea9e44a9cefb8d0dc19321d3a717249ba72e976999c2f,2024-11,Essex Police,Essex Police,0.346298,51.468906,On or near Petrol Station,E01016003,Thurrock 018A,Vehicle crime,Investigation complete; no suspect identified,
d0bfae8f2deb1781b92c4ec6b4b66c01e52e9aa1868cbc325251338618587bd1,2024-11,Essex Police,Essex Police,0.348013,51.467541,On or near St Andrew'S Road,E01016003,Thurrock 018A,Vehicle crime,Investigation complete; no suspect identified,
2ebb6381fde73115095ffc199cc39eb4e91ea826ef92f1ab872ab00746659fd1,2024-11,Essex Police,Essex Police,0.355886,51.462167,On or near Dock Road,E01016003,Thurrock 018A,Violence and sexual offences,Status update unavailable,
3919adc94dfa04e97583c8f6a04d4e62d609ea642863e197faec88e81fdb48fc,2024-11,Essex Police,Essex Police,0.345535,51.470028,On or near Supermarket,E01016003,Thurrock 018A,Violence and sexual offences,Investigation complete; no suspect identified,
22e9375904017cd72e3899a1e40872d0f431911e277c93f2b3ab199bb0fb34fe,2024-11,Essex Police,Essex Police,0.356041,51.460977,On or near A1089,E01016003,Thurrock 018A,Violence and sexual offences,Status update unavailable,
e169281b72a975049c9cf02832c2d5c45b4b492a3836e419e8fb0cec7f29cc86,2024-11,Essex Police,Essex Police,0.354029,51.463292,On or near Parking Area,E01016003,Thurrock 018A,Violence and sexual offences,Investigation complete; no suspect identified,
f04c9605ba828899a682401caf42d4d9c6a8871dbdab02148b877255008acdfd,2024-11,Essex Police,Essex Police,0.360540,51.461956,On or near Parking Area,E01016003,Thurrock 018A,Violence and sexual offences,Unable to prosecute suspect,
59d77d7b41a37105c4f1e93cd7941314e1f44d8e25b9a329b48009659bbc1bf4,2024-11,Essex Police,Essex Police,0.345357,51.474141,On or near Mullein Court,E01016003,Thurrock 018A,Violence and sexual offences,Investigation complete; no suspect identified,
6810d7df8e4ab98402bdb688547ecdf3643494d081adc1a9c923aa9f4a9abf36,2024-11,Essex Police,Essex Police,0.344936,51.473232,On or near Salix Road,E01016003,Thurrock 018A,Violence and sexual offences,Unable to prosecute suspect,
05879b9532656acbe9398c96243b62d0b751624de9ecf24d4dd3b5e26cc751a9,2024-11,Essex Police,Essex Police,0.360540,51.461956,On or near Parking Area,E01016003,Thurrock 018A,Violence and sexual offences,Investigation complete; no suspect identified,
9b4bd0193a5925ad72302ef1c728fc971b616a76ad7a4a0c18bc34a18c4bfec0,2024-11,Essex Police,Essex Police,0.353283,51.464458,On or near Church Road,E01016003,Thurrock 018A,Other crime,Unable to prosecute suspect,
,2024-11,Essex Police,Essex Police,0.361187,51.461116,On or near Canberra Square,E01016004,Thurrock 018B,Anti-social behaviour,,
,2024-11,Essex Police,Essex Police,0.361187,51.461116,On or near Canberra Square,E01016004,Thurrock 018B,Anti-social behaviour,,
,2024-11,Essex Police,Essex Police,0.363513,51.460422,On or near Montreal Road,E01016004,Thurrock 018B,Anti-social behaviour,,
,2024-11,Essex Police,Essex Police,0.367189,51.461642,On or near Parking Area,E01016004,Thurrock 018B,Anti-social behaviour,,
,2024-11,Essex Police,Essex Police,0.361187,51.461116,On or near Canberra Square,E01016004,Thurrock 018B,Anti-social behaviour,,
eddf5d69d80c6f6590113813ddae54211009211c3cd3353013c6113df57dcae4,2024-11,Essex Police,Essex Police,0.361187,51.461116,On or near Canberra Square,E01016004,Thurrock 018B,Burglary,Investigation complete; no suspect identified,
525d28810573f0e3c7b437c4716e4f9ddb58ad211f1fc0290ff75889cc62dfdb,2024-11,Essex Police,Essex Police,0.361187,51.461116,On or near Canberra Square,E01016004,Thurrock 018B,Burglary,Investigation complete; no suspect identified,
9eedf87a1348de179828b2965b6e1e765b159a3f610f6d7cbc7a8a915665309d,2024-11,Essex Police,Essex Police,0.367189,51.461642,On or near Parking Area,E01016004,Thurrock 018B,Criminal damage and arson,Investigation complete; no suspect identified,
3a1ffdb44bc1c3ff54ad31a0237d0cb8ea0ed8b0ef7c07253ec4533209dda4b5,2024-11,Essex Police,Essex Police,0.361640,51.459560,On or near Auckland Close,E01016004,Thurrock 018B,Criminal damage and arson,Investigation complete; no suspect identified,
f501829b1afab0598e89477b618a3cbe722716d599eaf0598759c4fe922a9d18,2024-11,Essex Police,Essex Police,0.361640,51.459560,On or near Auckland Close,E01016004,Thurrock 018B,Criminal damage and arson,Investigation complete; no suspect identified,
ce689794f23a685af6d52ced48ddcbd2fe2fc5a3b9d9b8b7ec967c9276b20910,2024-11,Essex Police,Essex Police,0.367189,51.461642,On or near Parking Area,E01016004,Thurrock 018B,Criminal damage and arson,Investigation complete; no suspect identified,
b9f42f511d076ead363960ac49a339b6267f9122a4a159a9a84af86ee753c57f,2024-11,Essex Police,Essex Police,0.369676,51.461574,On or near Parkside Avenue,E01016004,Thurrock 018B,Criminal damage and arson,Investigation complete; no suspect identified,
b8eb06d4e86d88888ec6749c7a5fa3b8b1bf63658c49f64de42bccefa5a25784,2024-11,Essex Police,Essex Police,0.365255,51.461268,On or near Civic Square,E01016004,Thurrock 018B,Criminal damage and arson,Unable to prosecute suspect,
d7ac1220f9b803884fe0a0ff7458ce821665db63a4c9899128f72f9f87d081bd,2024-11,Essex Police,Essex Police,0.361187,51.461116,On or near Canberra Square,E01016004,Thurrock 018B,Criminal damage and arson,Investigation complete; no suspect identified,
3e8a8d541cd4123009513aa4f236c68ee0a44c774154eae16031dfc8903bd6bb,2024-11,Essex Police,Essex Police,0.361187,51.461116,On or near Canberra Square,E01016004,Thurrock 018B,Criminal damage and arson,Investigation complete; no suspect identified,
dfd978f5bfe9aa352cab176c6d9793ed29b6584644e20a5e427719e4cb3df0bd,2024-11,Essex Police,Essex Police,0.367189,51.461642,On or near Parking Area,E01016004,Thurrock 018B,Drugs,Local resolution,
b8329e4aa44d3ed2b14911ec4ba5ff976e6dcdcd3c14b160d7496cecb90fce2c,2024-11,Essex Police,Essex Police,0.361187,51.461116,On or near Canberra Square,E01016004,Thurrock 018B,Other theft,Investigation complete; no suspect identified,
0e4d7d6af0f4c6b23adde669ea1fbd7be72d50168710f2301edc84b448236b96,2024-11,Essex Police,Essex Police,0.361187,51.461116,On or near Canberra Square,E01016004,Thurrock 018B,Shoplifting,Investigation complete; no suspect identified,
0d3765f2599b96858f0612d3fef68ce4c5d820fdd9058d9700708c008673386e,2024-11,Essex Police,Essex Police,0.367177,51.459745,On or near Monarch Close,E01016004,Thurrock 018B,Vehicle crime,Unable to prosecute suspect,
5e6e173c99679dbc2d20f316b75d7dcd4f488a66551e4d9dc03cfe6e663220ef,2024-11,Essex Police,Essex Police,0.367631,51.459322,On or near Hume Avenue,E01016004,Thurrock 018B,Vehicle crime,Unable to prosecute suspect,
92fdce2958fae2c6d0d5a7b9a2227e4f92dcc2bfcbfe4230740c474f252bcca1,2024-11,Essex Police,Essex Police,0.365829,51.460681,On or near Kelvin Road,E01016004,Thurrock 018B,Vehicle crime,Investigation complete; no suspect identified,
9d0b28706adc550eee482aa911f1230b276d9fb6560cfd7cf3e1c9adbf739281,2024-11,Essex Police,Essex Police,0.367189,51.461642,On or near Parking Area,E01016004,Thurrock 018B,Violence and sexual offences,Unable to prosecute suspect,
216b6cc4bb6554884a39172054b87f2000c8869886e3d098ea709a1b905e994f,2024-11,Essex Police,Essex Police,0.361187,51.461116,On or near Canberra Square,E01016004,Thurrock 018B,Violence and sexual offences,Unable to prosecute suspect,
58daa0cb9bbfb65b3d22c938c7eb3c41d78e1dd259676fe6bb634396adbad260,2024-11,Essex Police,Essex Police,0.361640,51.459560,On or near Auckland Close,E01016004,Thurrock 018B,Violence and sexual offences,Status update unavailable,
d042edcecdc3d82a1b44d5fbec56fa2bff945bcb5f8213d343150147af0a6847,2024-11,Essex Police,Essex Police,0.362510,51.459677,On or near Wellington Road,E01016004,Thurrock 018B,Violence and sexual offences,Unable to prosecute suspect,
b7a5d34a9b349902b617ffc861fba7ffd9b8d8b98d911c71307cd44eddf6dc60,2024-11,Essex Police,Essex Police,0.362510,51.459677,On or near Wellington Road,E01016004,Thurrock 018B,Violence and sexual offences,Unable to prosecute suspect,
590d53a81b98186e559c1d33578bd239baf2ecfcef80533d0dd39b2eae106951,2024-11,Essex Police,Essex Police,0.365255,51.461268,On or near Civic Square,E01016004,Thurrock 018B,Violence and sexual offences,Offender given a caution,
486f2a74b80fece94b161f26ac395f19a8da479033db0d691889aaaaf01cf24b,2024-11,Essex Police,Essex Police,0.369676,51.461574,On or near Parkside Avenue,E01016004,Thurrock 018B,Violence and sexual offences,Unable to prosecute suspect,
9dff6b394244dbeec91908708905f0828c439b779e8ef601adecb9d17487e5cd,2024-11,Essex Police,Essex Police,0.361640,51.459560,On or near Auckland Close,E01016004,Thurrock 018B,Violence and sexual offences,Unable to prosecute suspect,
,2024-11,Essex Police,Essex Police,0.371732,51.460121,On or near Elizabeth Close,E01016005,Thurrock 018C,Anti-social behaviour,,
229f491c78ccec03a214dc623ba2f8294ab8a9451f69c95fbcea33cdc5f7286c,2024-11,Essex Police,Essex Police,0.375581,51.462992,On or near Bronte Close,E01016005,Thurrock 018C,Burglary,Investigation complete; no suspect identified,
819319304ef63c89b8edc3eddc5b00e85eb61dc95963ece1eadf26722a7e47b5,2024-11,Essex Police,Essex Police,0.375581,51.462992,On or near Bronte Close,E01016005,Thurrock 018C,Criminal damage and arson,Unable to prosecute suspect,
485db91863aa9b078054f5edebbdfbbbc685d3549c32c90a72e764710c6bfc49,2024-11,Essex Police,Essex Police,0.375581,51.462992,On or near Bronte Close,E01016005,Thurrock 018C,Criminal damage and arson,Investigation complete; no suspect identified,
f92128ace0166463c706cbb71c948c06ae2d2c9da232780a192cf46abeb29c2a,2024-11,Essex Police,Essex Police,0.375581,51.462992,On or near Bronte Close,E01016005,Thurrock 018C,Other theft,Unable to prosecute suspect,
c14c34b25c18266167c6a143b3894dc4bf5453b05c80af9097041412a06e137d,2024-11,Essex Police,Essex Police,0.375581,51.462992,On or near Bronte Close,E01016005,Thurrock 018C,Possession of weapons,Court result unavailable,
61b92f4831b3b8769479dad35f0832675e8f50d509f2129ca5ab90608d83d438,2024-11,Essex Police,Essex Police,0.372251,51.462080,On or near Tennyson Walk,E01016005,Thurrock 018C,Vehicle crime,Investigation complete; no suspect identified,
53cc45a0c500a6dd7bad3e10e56a6f576988977f3976d2f3037590be4571896b,2024-11,Essex Police,Essex Police,0.377132,51.462925,On or near Bryanston Road,E01016005,Thurrock 018C,Violence and sexual offences,Unable to prosecute suspect,
88fc398b077716f20f9ce1c3f05e9a7dfac5fcc081e2cb9490ba083d8586f9e3,2024-11,Essex Police,Essex Police,0.375692,51.462082,On or near Chaucer Close,E01016005,Thurrock 018C,Violence and sexual offences,Action to be taken by another organisation,
,2024-11,Essex Police,Essex Police,0.358229,51.466284,On or near Parking Area,E01016006,Thurrock 018D,Anti-social behaviour,,
,2024-11,Essex Police,Essex Police,0.359928,51.465170,On or near Hobart Road,E01016006,Thurrock 018D,Anti-social behaviour,,
,2024-11,Essex Police,Essex Police,0.359928,51.465170,On or near Hobart Road,E01016006,Thurrock 018D,Anti-social behaviour,,
,2024-11,Essex Police,Essex Police,0.357737,51.464000,On or near Adelaide Road,E01016006,Thurrock 018D,Anti-social behaviour,,
,2024-11,Essex Police,Essex Police,0.358229,51.466284,On or near Parking Area,E01016006,Thurrock 018D,Anti-social behaviour,,
,2024-11,Essex Police,Essex Police,0.358229,51.466284,On or near Parking Area,E01016006,Thurrock 018D,Anti-social behaviour,,
3f350ebd2cb6ab31449dffbdfdf9031a5a997fc6baa86938323d532bd0d3f1aa,2024-11,Essex Police,Essex Police,0.359928,51.465170,On or near Hobart Road,E01016006,Thurrock 018D,Criminal damage and arson,Investigation complete; no suspect identified,
da6a8859237a69c27f9533b03ab12c4644ccef87edfdafb461f2d03166ae40ec,2024-11,Essex Police,Essex Police,0.358547,51.465390,On or near Sports/Recreation Area,E01016006,Thurrock 018D,Criminal damage and arson,Investigation complete; no suspect identified,
a572d7a3d6d12e4f04ccb59b2607fc7edd2e5033ab7a0adeb45b9354822cf71b,2024-11,Essex Police,Essex Police,0.352421,51.466184,On or near Gaylor Road,E01016006,Thurrock 018D,Other theft,Investigation complete; no suspect identified,
16e9e0230b96dbebd8067ea3d8e99acd4f02d4c00b3046a07b70c0d83697290e,2024-11,Essex Police,Essex Police,0.359928,51.465170,On or near Hobart Road,E01016006,Thurrock 018D,Other theft,Investigation complete; no suspect identified,
8507d5689cd9e2696bf2a22f7cb8dc3e0706b23ff886c2680a958f5b2b7fe4e3,2024-11,Essex Police,Essex Police,0.358229,51.466284,On or near Parking Area,E01016006,Thurrock 018D,Other theft,Investigation complete; no suspect identified,
f08f7b5464f84d16e7ea8084eb6dd20d6d023380fa85e6d0e9b4553bb9061f0a,2024-11,Essex Police,Essex Police,0.358229,51.466284,On or near Parking Area,E01016006,Thurrock 018D,Public order,Unable to prosecute suspect,
3b2bdfbd00b9c8ef841fa6f2845f0773b538bcb1aebd6e8d9ee2f98e9715b02e,2024-11,Essex Police,Essex Police,0.358229,51.466284,On or near Parking Area,E01016006,Thurrock 018D,Vehicle crime,Investigation complete; no suspect identified,
a2806ef47a6bf3f839a6f1ca7893b4d8835322ebde27aea76d0ced8e5683111b,2024-11,Essex Police,Essex Police,0.357737,51.464000,On or near Adelaide Road,E01016006,Thurrock 018D,Vehicle crime,Status update unavailable,
6bf8ee23b75d57bf01558d61e8d9afa1f0e9aa735b87f7a539aa71066e1a3e33,2024-11,Essex Police,Essex Police,0.359928,51.465170,On or near Hobart Road,E01016006,Thurrock 018D,Violence and sexual offences,Unable to prosecute suspect,
589f33c77b7d3558402051c99e04ecb7aee9e0283256826d34d7b04587a39dd2,2024-11,Essex Police,Essex Police,0.358229,51.466284,On or near Parking Area,E01016006,Thurrock 018D,Violence and sexual offences,Court result unavailable,
dc05ee92eadba36bc8b6eb1d67544aff6890b0e5217fe0542d1f570639d06f51,2024-11,Essex Police,Essex Police,0.358229,51.466284,On or near Parking Area,E01016006,Thurrock 018D,Violence and sexual offences,Unable to prosecute suspect,
571cca99d12436dad32ece6ded9a26d00e24378b6366d4deba80c22849d061bd,2024-11,Essex Police,Essex Police,0.358229,51.466284,On or near Parking Area,E01016006,Thurrock 018D,Violence and sexual offences,Unable to prosecute suspect,
a8a130b58d9980c1f6b43218b21a0739b6a6910041ebf50d597c5f2fab50de1b,2024-11,Essex Police,Essex Police,0.358229,51.466284,On or near Parking Area,E01016006,Thurrock 018D,Violence and sexual offences,Unable to prosecute suspect,
f0f90187a7d85b001c64e86a64c3043f6acf630ea174a294d4adc43fc463ce04,2024-11,Essex Police,Essex Police,0.359928,51.465170,On or near Hobart Road,E01016006,Thurrock 018D,Violence and sexual offences,Unable to prosecute suspect,
7f8685c842b3657cf3260e2cbf3781c8172ea3bbfb578739a9dd9fad10beb79f,2024-11,Essex Police,Essex Police,0.356767,51.465863,On or near Sexton Road,E01016006,Thurrock 018D,Violence and sexual offences,Unable to prosecute suspect,
511948e206f3cbd924dd54b9e1e4bbd329428a14a2e1f954273cff40ea361220,2024-11,Essex Police,Essex Police,0.358229,51.466284,On or near Parking Area,E01016006,Thurrock 018D,Violence and sexual offences,Action to be taken by another organisation,
a4c8f8af447269c888f02ffd1d60acc0807be31cc6534003a236d71bf2d856a3,2024-11,Essex Police,Essex Police,0.359928,51.465170,On or near Hobart Road,E01016006,Thurrock 018D,Violence and sexual offences,Unable to prosecute suspect,
7e4e3755ee9902ae3dee326df55e63a2ded09730284094414db7f4a1d4ff3462,2024-11,Essex Police,Essex Police,0.359928,51.465170,On or near Hobart Road,E01016006,Thurrock 018D,Violence and sexual offences,Unable to prosecute suspect,
c6998d5ce33aa32c6ad2a360169270a3c864a68dc9fb7473f1ac95b1d48c922a,2024-11,Essex Police,Essex Police,0.358229,51.466284,On or near Parking Area,E01016006,Thurrock 018D,Violence and sexual offences,Unable to prosecute suspect,
70b976f8432a9d6bd020d3d99c608e22a7359284c77a532bfd1eb3f4285b2132,2024-11,Essex Police,Essex Police,0.358229,51.466284,On or near Parking Area,E01016006,Thurrock 018D,Violence and sexual offences,Action to be taken by another organisation,
8f54c5f85a5a7bb4a4b0c447f2baf0d60110ad30d9e7debb056f157d8bdab46b,2024-11,Essex Police,Essex Police,0.358229,51.466284,On or near Parking Area,E01016006,Thurrock 018D,Violence and sexual offences,Unable to prosecute suspect,
b2e9b8e9fb41cf4021fd766b01717cf19810ba801938179be802a7e685c7baee,2024-11,Essex Police,Essex Police,0.358229,51.466284,On or near Parking Area,E01016006,Thurrock 018D,Violence and sexual offences,Unable to prosecute suspect,
91e3807e2cced74f80e7ed24717448e5541f68a589aaa839619e6bfb492df769,2024-11,Essex Police,Essex Police,0.356086,51.464942,On or near Fairfax Road,E01016006,Thurrock 018D,Other crime,Unable to prosecute suspect,
,2024-11,Essex Police,Essex Police,0.368620,51.467594,On or near Poynder Road,E01016007,Thurrock 018E,Anti-social behaviour,,
,2024-11,Essex Police,Essex Police,0.363280,51.467072,On or near Queen Elizabeth Place,E01016007,Thurrock 018E,Anti-social behaviour,,
f1074aab8b543cb91c90fb9ec9c4b606ba2e8beaf464c80a617fb3868e32ba59,2024-11,Essex Police,Essex Police,0.349323,51.468648,On or near Windrush Road,E01016007,Thurrock 018E,Burglary,Investigation complete; no suspect identified,
b83ea2f863434d359ee5e8df373ba90b56fab8ec27f7fda7588864b40b0fe560,2024-11,Essex Police,Essex Police,0.368620,51.467594,On or near Poynder Road,E01016007,Thurrock 018E,Criminal damage and arson,Unable to prosecute suspect,
2eb678b173342c3b501b11c4bdc21985d5226142bddabcaf7ba61be8f3453d3c,2024-11,Essex Police,Essex Police,0.362980,51.466269,On or near Central Avenue,E01016007,Thurrock 018E,Criminal damage and arson,Investigation complete; no suspect identified,
b8c7c11a42d27b2e3a29e63329646d8a0b3fff5aab2883aa7317ce8c893e05c3,2024-11,Essex Police,Essex Police,0.362268,51.466715,On or near North View Avenue,E01016007,Thurrock 018E,Criminal damage and arson,Investigation complete; no suspect identified,
e47a0b6fd42e63cc2272a2f01ecaf5d94cdb23a77f064f898e374166b14c665a,2024-11,Essex Police,Essex Police,0.362980,51.466269,On or near Central Avenue,E01016007,Thurrock 018E,Drugs,Unable to prosecute suspect,
61122c4ff7c5be3f034846291cde364da014fa27ca90dc04e71a56f5de853860,2024-11,Essex Police,Essex Police,0.366779,51.469007,On or near Melba Gardens,E01016007,Thurrock 018E,Other theft,Investigation complete; no suspect identified,
163721cba14ebdbbb079a2d8462ff4814c345a6b5959eed577d4b723433d8500,2024-11,Essex Police,Essex Police,0.349323,51.468648,On or near Windrush Road,E01016007,Thurrock 018E,Other theft,Investigation complete; no suspect identified,
e61dc2f0ccdd0551ee0483e27dea2259e19301a133c507dc33c5f6bc7bc7ac44,2024-11,Essex Police,Essex Police,0.349323,51.468648,On or near Windrush Road,E01016007,Thurrock 018E,Public order,Investigation complete; no suspect identified,
02b968bbc8c1f390ded43a1f4b2f65230fa65aa32ffb0632d90fc0c103dda34b,2024-11,Essex Police,Essex Police,0.364564,51.469061,On or near Berkeley Terrace,E01016007,Thurrock 018E,Public order,Investigation complete; no suspect identified,
6eebc76c0b6e099abeca55e0a94025a1e15580cb6a1ee360c7209f596f6896eb,2024-11,Essex Police,Essex Police,0.370225,51.465772,On or near Burns Place,E01016007,Thurrock 018E,Vehicle crime,Investigation complete; no suspect identified,
81c7b7bb821d83c00f104800b52684e812f422e302069cd37a4e3159dacf3c1c,2024-11,Essex Police,Essex Police,0.362745,51.467856,On or near Tilbury Gardens,E01016007,Thurrock 018E,Vehicle crime,Investigation complete; no suspect identified,
f49387900c56a76fdedeaa14286f3f5f205f22a5c470577ee3646caf316384fb,2024-11,Essex Police,Essex Police,0.350293,51.465679,On or near Sports/Recreation Area,E01016007,Thurrock 018E,Vehicle crime,Investigation complete; no suspect identified,
890c05ba915df7a46510302965ff27ed126d3d6d652bb0908c4b113ff0435ba3,2024-11,Essex Police,Essex Police,0.370225,51.465772,On or near Burns Place,E01016007,Thurrock 018E,Vehicle crime,Investigation complete; no suspect identified,
b156e7658215889f6f8cf8fad025b97f0d798719423270c4ecdc58d054c2ddcc,2024-11,Essex Police,Essex Police,0.349323,51.468648,On or near Windrush Road,E01016007,Thurrock 018E,Vehicle crime,Investigation complete; no suspect identified,
f0ed806d006b70aa37926e67d9a02550961b92ddd852729827b9dc8c631f0805,2024-11,Essex Police,Essex Police,0.364541,51.470006,On or near Spindles,E01016007,Thurrock 018E,Violence and sexual offences,Unable to prosecute suspect,
2483d98e395f78523c69f894d32c9a800612013968ecd0e7ef6b56e26e22f172,2024-11,Essex Police,Essex Police,0.366630,51.470314,On or near Handel Crescent,E01016007,Thurrock 018E,Violence and sexual offences,Unable to prosecute suspect,
392b7468ec699056e8b32190f991bf77a3b7ecc48499e7fe9e7c74da55202f28,2024-11,Essex Police,Essex Police,0.371898,51.467213,On or near Dickens Avenue,E01016007,Thurrock 018E,Violence and sexual offences,Unable to prosecute suspect,
2ef7777005b39d552df04278abae9a041c37268fd30e80229d2af35021fb8cde,2024-11,Essex Police,Essex Police,0.362745,51.467856,On or near Tilbury Gardens,E01016007,Thurrock 018E,Violence and sexual offences,Unable to prosecute suspect,
eac5238bb8beb6d767f9454b8d5d29fbcef73b1f8635cbacb1bdaabc672f0a97,2024-11,Essex Police,Essex Police,0.364541,51.470006,On or near Spindles,E01016007,Thurrock 018E,Violence and sexual offences,Action to be taken by another organisation,
a7176de36c64075d9a92ee887f41634baa1ecf03ec43fe20569b9156b4877577,2024-11,Essex Police,Essex Police,0.363574,51.468298,On or near Chapel Road,E01016007,Thurrock 018E,Violence and sexual offences,Court result unavailable,
1df289c25162056591478fc3e1bc7d0a06e0eef3fc80a32a4778fdca9aad35a5,2024-11,Essex Police,Essex Police,0.364041,51.467030,On or near St Chad'S Road,E01016007,Thurrock 018E,Violence and sexual offences,Local resolution,
396dcd01be57ecf60ee651a458860eb7c367dabc740dac4517432fc5d188442b,2024-11,Essex Police,Essex Police,0.367323,51.471172,On or near Lawrence Gardens,E01016007,Thurrock 018E,Violence and sexual offences,Unable to prosecute suspect,
19335ab4a0a31da1135197052b3080119031ad8e2f77276909dc44b9d84d7bea,2024-11,Essex Police,Essex Police,0.364541,51.470006,On or near Spindles,E01016007,Thurrock 018E,Other crime,Action to be taken by another organisation,
69211ff0fdf5dc932c334d3867d2bfd5f0dd34736eca0c90a5ccb7c88cd15006,2024-11,Essex Police,Essex Police,0.364041,51.467030,On or near St Chad'S Road,E01016007,Thurrock 018E,Other crime,Formal action is not in the public interest,
54fcfce91a7720d223ec34fcf16a59474f3c5d746a16738f9aa36f0ba90e637f,2024-11,Essex Police,Essex Police,0.362268,51.466715,On or near North View Avenue,E01016007,Thurrock 018E,Other crime,Status update unavailable,
c2e7a444ffaa4a50d5e45c3116ef04fe374bba4ed939eda72cd4dfafff338c82,2024-11,Essex Police,Essex Police,0.370225,51.465772,On or near Burns Place,E01016007,Thurrock 018E,Other crime,Court result unavailable,
3bab8fa928280fb0c1738b179801d85362be550ebffbb93e5db73e136d0ab3cf,2024-11,Essex Police,Essex Police,0.376338,51.463436,On or near Supermarket,E01016008,Thurrock 018F,Criminal damage and arson,Investigation complete; no suspect identified,
1a4a7e3b08267c9635a0ca2e426a29cc2986d1a1911d16eca74f48d63ad4554c,2024-11,Essex Police,Essex Police,0.377796,51.463793,On or near Byron Gardens,E01016008,Thurrock 018F,Drugs,Unable to prosecute suspect,
dd658a852a2a590d96bb354f39af10f9fe27f02377d7c9e9bab0c1be0c34e03e,2024-11,Essex Police,Essex Police,0.376965,51.465258,On or near Fleming Gardens,E01016008,Thurrock 018F,Other theft,Unable to prosecute suspect,
219dbc9155ac19fd434bbbdcdb1d0ab967ea7d009c86ee48830c3190642caefa,2024-11,Essex Police,Essex Police,0.376338,51.463436,On or near Supermarket,E01016008,Thurrock 018F,Shoplifting,Investigation complete; no suspect identified,
b1df466baf067ad85622b87c88525816ab2b889975262f26f1c00372d608848b,2024-11,Essex Police,Essex Police,0.376338,51.463436,On or near Supermarket,E01016008,Thurrock 018F,Shoplifting,Status update unavailable,
12045d92900f06d3402acfffa5884c94088f30f887c0fda3db9746ef20371225,2024-11,Essex Police,Essex Police,0.372784,51.465693,On or near Dryden Place,E01016008,Thurrock 018F,Vehicle crime,Investigation complete; no suspect identified,
548bc1d0a9a6c51077b4cd90db2bd94f73e0270c016d1019ec62b6273614e466,2024-11,Essex Police,Essex Police,0.376965,51.465258,On or near Fleming Gardens,E01016008,Thurrock 018F,Vehicle crime,Investigation complete; no suspect identified,
4af22796bb279172c2e1c1e6e5b5701320d7b5ec4299a03373df981b4452adb9,2024-11,Essex Police,Essex Police,0.376338,51.463436,On or near Supermarket,E01016008,Thurrock 018F,Vehicle crime,Investigation complete; no suspect identified,
4ff9bddd1d42ff707c0c660ce8aa40954ab5016fbbeac0a4e811e9b3309def88,2024-11,Essex Police,Essex Police,0.376338,51.463436,On or near Supermarket,E01016008,Thurrock 018F,Violence and sexual offences,Investigation complete; no suspect identified,
0a40fab3a1e002c71fccc50a6760e62fbd2cd32039afbaa73663895e1bc4bad2,2024-11,Essex Police,Essex Police,0.376338,51.463436,On or near Supermarket,E01016008,Thurrock 018F,Violence and sexual offences,Investigation complete; no suspect identified,
,2024-11,Essex Police,Essex Police,0.362448,51.461837,On or near Supermarket,E01016009,Thurrock 018G,Anti-social behaviour,,
,2024-11,Essex Police,Essex Police,0.362448,51.461837,On or near Supermarket,E01016009,Thurrock 018G,Anti-social behaviour,,
,2024-11,Essex Police,Essex Police,0.362448,51.461837,On or near Supermarket,E01016009,Thurrock 018G,Anti-social behaviour,,
c39df93447420bfbe2fdc1c6fe2bd5b5e73c091c56d03d9c4ce2fdb74c470131,2024-11,Essex Police,Essex Police,0.362448,51.461837,On or near Supermarket,E01016009,Thurrock 018G,Bicycle theft,Investigation complete; no suspect identified,
f53a853829c704b2b65ae03073ac8897d397dda2234dd3925208975bb8b0242d,2024-11,Essex Police,Essex Police,0.362448,51.461837,On or near Supermarket,E01016009,Thurrock 018G,Criminal damage and arson,Investigation complete; no suspect identified,
01b9ff7ec23e226215906d024829fc233f86931c84a654e90cd270081c0eb967,2024-11,Essex Police,Essex Police,0.369149,51.463338,On or near Swinburne Gardens,E01016009,Thurrock 018G,Criminal damage and arson,Investigation complete; no suspect identified,
9e6f142dbb6bcd9fef7fe0c82456c5e376d18c673d52cbc8cfcbb163d6a3c982,2024-11,Essex Police,Essex Police,0.369149,51.463338,On or near Swinburne Gardens,E01016009,Thurrock 018G,Public order,Unable to prosecute suspect,
e2d4c09ea982c2f59d53d9db2ace30e9880994076904d5d7788f3cb5db4e1e3b,2024-11,Essex Police,Essex Police,0.362448,51.461837,On or near Supermarket,E01016009,Thurrock 018G,Public order,Awaiting court outcome,
167933f467f2e93a665eb4357bca9153945ff7c67f4501788585b0a1f8c659a4,2024-11,Essex Police,Essex Police,0.364728,51.463608,On or near Manor Road,E01016009,Thurrock 018G,Public order,Investigation complete; no suspect identified,
a7c04692e77e7a7dff548b085f68e3f56450d82647677cf63fa5f52177049d84,2024-11,Essex Police,Essex Police,0.362448,51.461837,On or near Supermarket,E01016009,Thurrock 018G,Public order,Investigation complete; no suspect identified,
49f6a249c38ce9119e000c2b3e19566bb716961478fee48c6a4e42c5616c47d7,2024-11,Essex Police,Essex Police,0.362448,51.461837,On or near Supermarket,E01016009,Thurrock 018G,Public order,Investigation complete; no suspect identified,
3d8fa7508ac5bcc98e53a82abef1dea4604ae0eebfc0c808c854a89fd0340c22,2024-11,Essex Police,Essex Police,0.362448,51.461837,On or near Supermarket,E01016009,Thurrock 018G,Public order,Awaiting court outcome,
c93b36f4e6fe87d6ef4a169f8fdac88b194c719511451e79cff8690562b4e5ec,2024-11,Essex Police,Essex Police,0.362448,51.461837,On or near Supermarket,E01016009,Thurrock 018G,Shoplifting,Investigation complete; no suspect identified,
7d9327266949a36d295fd8f7d3a65379922a588582a62edc66c8ab9a5c800cf0,2024-11,Essex Police,Essex Police,0.362448,51.461837,On or near Supermarket,E01016009,Thurrock 018G,Shoplifting,Investigation complete; no suspect identified,
3600bc83c66fe642f0cc89cf36c3d0ee6906bf8e9759cdfb71ccc5ca01bd2939,2024-11,Essex Police,Essex Police,0.362448,51.461837,On or near Supermarket,E01016009,Thurrock 018G,Shoplifting,Investigation complete; no suspect identified,
9db51bbfcc3111e78ad546a3334e14309ad1e021b27f25f30435041e3e275645,2024-11,Essex Police,Essex Police,0.362448,51.461837,On or near Supermarket,E01016009,Thurrock 018G,Shoplifting,Investigation complete; no suspect identified,
d44b464fa1e2c010d1433ff6e3c8248630c2a0c6a4b8a23e1255ad53ce1a7b82,2024-11,Essex Police,Essex Police,0.362448,51.461837,On or near Supermarket,E01016009,Thurrock 018G,Shoplifting,Investigation complete; no suspect identified,
544acc2567ebaa636ff4de5e0250761cf160864afb8d06452d35e4083c7d8cd4,2024-11,Essex Police,Essex Police,0.362448,51.461837,On or near Supermarket,E01016009,Thurrock 018G,Shoplifting,Investigation complete; no suspect identified,
1fcfe47f918fed48a72a95ee83aad6d03f4fe793ed82c7ed36b83f9d319f5349,2024-11,Essex Police,Essex Police,0.362448,51.461837,On or near Supermarket,E01016009,Thurrock 018G,Shoplifting,Investigation complete; no suspect identified,
4cdce7ed186fd434700612de5c3f2042f44f180154610716a03fb08eaee1ba43,2024-11,Essex Police,Essex Police,0.362448,51.461837,On or near Supermarket,E01016009,Thurrock 018G,Shoplifting,Investigation complete; no suspect identified,
cd0f199214b8af65144fc44644bb0229a46200f259ea25ab36e7ab675f3739b8,2024-11,Essex Police,Essex Police,0.369149,51.463338,On or near Swinburne Gardens,E01016009,Thurrock 018G,Violence and sexual offences,Unable to prosecute suspect,
d8483e7d5c76e1ceed42c1cd5add8dc5e5e9937c02ca52d8afe3623d730180cc,2024-11,Essex Police,Essex Police,0.369149,51.463338,On or near Swinburne Gardens,E01016009,Thurrock 018G,Violence and sexual offences,Unable to prosecute suspect,
23a294021de3f2fbd5d255784ff971be8f971fd2c9bd530a0165b18345b0a003,2024-11,Essex Police,Essex Police,0.371756,51.464761,On or near Cowper Avenue,E01016009,Thurrock 018G,Violence and sexual offences,Unable to prosecute suspect,
de6c985eba02306fab8d9da072ee25e2fb403d2d096e999d0d90820573541cd9,2024-11,Essex Police,Essex Police,0.362448,51.461837,On or near Supermarket,E01016009,Thurrock 018G,Violence and sexual offences,Action to be taken by another organisation,
cbf501d4267d97f0361a303517dbb5b7be2ee03cb446d6910837119b4a9eb3c2,2024-11,Essex Police,Essex Police,0.364728,51.463608,On or near Manor Road,E01016009,Thurrock 018G,Violence and sexual offences,Unable to prosecute suspect,
53952038572ac101d7d332bf4324c562255656ae41a78f7dd2fc3276f6ebca26,2024-11,Essex Police,Essex Police,0.362448,51.461837,On or near Supermarket,E01016009,Thurrock 018G,Violence and sexual offences,Investigation complete; no suspect identified,
7ef85b2c50259decadc0b524c3c0baef659a3d8748cce60f8c237da9f79dd79f,2024-11,Essex Police,Essex Police,0.371756,51.464761,On or near Cowper Avenue,E01016009,Thurrock 018G,Violence and sexual offences,Action to be taken by another organisation,
52d330df305430f9f4e4d79365bef70a2521adc288bb9ebf488b3785da3c2ded,2024-11,Essex Police,Essex Police,0.362448,51.461837,On or near Supermarket,E01016009,Thurrock 018G,Violence and sexual offences,Investigation complete; no suspect identified,
bc03dfe7b24fa18dd42b1222e1503b0046f574befa6623976061e52e3c4cd9ba,2024-11,Essex Police,Essex Police,0.370970,51.463481,On or near Shakespeare Avenue,E01016009,Thurrock 018G,Violence and sexual offences,Unable to prosecute suspect,
a4894a9248673040b11e154311c5c7fbc61a87c5c834f27a50aa944dafef22e2,2024-11,Essex Police,Essex Police,0.362448,51.461837,On or near Supermarket,E01016009,Thurrock 018G,Violence and sexual offences,Unable to prosecute suspect,
5e7c5232a75def4ca41ce8d05c0dac0a298c059ec1d4683d64cac8b0e3e640a1,2024-11,Essex Police,Essex Police,0.362448,51.461837,On or near Supermarket,E01016009,Thurrock 018G,Violence and sexual offences,Formal action is not in the public interest,
af80a9cc65bf67983f97bae88f3b1c54f4530f2216744df2c15bbc170a1eec00,2024-11,Essex Police,Essex Police,0.364728,51.463608,On or near Manor Road,E01016009,Thurrock 018G,Violence and sexual offences,Unable to prosecute suspect,
d1c15414e56c455dfeeed7e57c7252a0f2772249ac89aba060310ff77067fa49,2024-11,Essex Police,Essex Police,0.362448,51.461837,On or near Supermarket,E01016009,Thurrock 018G,Violence and sexual offences,Investigation complete; no suspect identified,
7b3623d3a7322db87525e9daf3286d929058591945a2bad8335bb0513e8d5781,2024-11,Essex Police,Essex Police,0.364728,51.463608,On or near Manor Road,E01016009,Thurrock 018G,Other crime,Unable to prosecute suspect,
0fe752363ec4613bb5230dbac061942f96c9f60e452f697abb77bbceda1f0764,2024-11,Essex Police,Essex Police,0.360161,51.463826,On or near Albany Road,E01016010,Thurrock 018H,Criminal damage and arson,Unable to prosecute suspect,
dcf2e43937827938280f5c9ec5d77da9c5756c389273f1e2ab80ff8f698ceda9,2024-11,Essex Police,Essex Police,0.360161,51.463826,On or near Albany Road,E01016010,Thurrock 018H,Criminal damage and arson,Investigation complete; no suspect identified,
f1fe05cfdf54ead8df2418e718ce780e971ee82276ab8bf87376e103ae23b807,2024-11,Essex Police,Essex Police,0.360161,51.463826,On or near Albany Road,E01016010,Thurrock 018H,Criminal damage and arson,Unable to prosecute suspect,
b5721f0d2158f88730d256e443317ac85a97a2960c61f49718ca6c9b6208def7,2024-11,Essex Police,Essex Police,0.366743,51.464709,On or near Stephenson Avenue,E01016010,Thurrock 018H,Drugs,Offender given a caution,
a49358ba097b1c99a889d127a2185003c438e88af07cdcf1d33539e511e6109c,2024-11,Essex Police,Essex Police,0.363509,51.465089,On or near A126,E01016010,Thurrock 018H,Other theft,Unable to prosecute suspect,
c959e6adc4bde9b8453e1eab8f18d44c43638d9d2f7ba27743310937d6517e0e,2024-11,Essex Police,Essex Police,0.366999,51.467429,On or near Elgar Gardens,E01016010,Thurrock 018H,Robbery,Unable to prosecute suspect,
9291c542e653b11a604a16a280cb72677ed6abcb7a6112d75b6ded87557c5612,2024-11,Essex Police,Essex Police,0.366743,51.464709,On or near Stephenson Avenue,E01016010,Thurrock 018H,Violence and sexual offences,Unable to prosecute suspect,
6b20b3d89b980158d26711580eaa8a3df6f729a129132f9f7d8a2945787d5d6e,2024-11,Essex Police,Essex Police,0.366743,51.464709,On or near Stephenson Avenue,E01016010,Thurrock 018H,Violence and sexual offences,Unable to prosecute suspect,
79d1e4349b663d05b3a0e040fb92acabe128fa03ab7d5b7e2babf8bf2c8fa3b9,2024-11,Essex Police,Essex Police,0.366743,51.464709,On or near Stephenson Avenue,E01016010,Thurrock 018H,Violence and sexual offences,Unable to prosecute suspect,
7f56e0192b619de9df9344da5abfe000e9f14d351ecfa4f5eca8c0214fda6181,2024-11,Essex Police,Essex Police,0.366856,51.466883,On or near Gainsborough Avenue,E01016010,Thurrock 018H,Violence and sexual offences,Unable to prosecute suspect,
fdab8ac493f8feee3fba93879be0ddd120eea8cfcef0378190cf13ae0a077453,2024-11,Essex Police,Essex Police,0.361474,51.464707,On or near The Circle,E01016010,Thurrock 018H,Violence and sexual offences,Unable to prosecute suspect,
3580ae3d9ad839fd99c1ce81739ff547aa4ec1639e705a2ae5b45155cd6c3f19,2024-11,Essex Police,Essex Police,0.361474,51.464707,On or near The Circle,E01016010,Thurrock 018H,Violence and sexual offences,Unable to prosecute suspect,
5d3166aed22568c6d3f1e9a8d1899d9668ce7230c520eaed7db23848922892e5,2024-11,Essex Police,Essex Police,0.366999,51.467429,On or near Elgar Gardens,E01016010,Thurrock 018H,Violence and sexual offences,Unable to prosecute suspect,
5ca497fcdc8858488bf81dace0a4b64090b811484dceb31cf1cbadc203336b59,2024-11,Essex Police,Essex Police,0.366999,51.467429,On or near Elgar Gardens,E01016010,Thurrock 018H,Violence and sexual offences,Unable to prosecute suspect,
5426141173bac0c0575f33acc40a8a0ddc20e9de05b73be8ad51e9748015db02,2024-11,Essex Police,Essex Police,0.366999,51.467429,On or near Elgar Gardens,E01016010,Thurrock 018H,Violence and sexual offences,Unable to prosecute suspect,
,2024-11,Essex Police,Essex Police,0.294172,51.490676,On or near Burghley Road,E01015982,Thurrock 019A,Anti-social behaviour,,
,2024-11,Essex Police,Essex Police,0.290993,51.490774,On or near Howard Road,E01015982,Thurrock 019A,Anti-social behaviour,,
7544226f2dbb7a34b63b9b1c339352147f8709543738f727a433ae67a149cb3e,2024-11,Essex Police,Essex Police,0.289627,51.488535,On or near Francisco Close,E01015982,Thurrock 019A,Criminal damage and arson,Investigation complete; no suspect identified,
e82fa61495591bb82b4ec70232111bdbb853cea21f3039fe5406041a831e5f27,2024-11,Essex Police,Essex Police,0.289627,51.488535,On or near Francisco Close,E01015982,Thurrock 019A,Drugs,Local resolution,
6a59adf5a691fc0a226d126a95c413832d52a46dba69d021dd6b65f8b3708833,2024-11,Essex Police,Essex Police,0.289627,51.488535,On or near Francisco Close,E01015982,Thurrock 019A,Other theft,Investigation complete; no suspect identified,
5e268ec50cbdd8d252332fa615fecc29930338c2a59b4a3c2cfa99578554cd19,2024-11,Essex Police,Essex Police,0.290993,51.490774,On or near Howard Road,E01015982,Thurrock 019A,Other theft,Investigation complete; no suspect identified,
f994d4b15dad1a6ce08b287368e373eeeb89a46528b9eaf829e823d113fb9abb,2024-11,Essex Police,Essex Police,0.288847,51.487911,On or near Fleming Road,E01015982,Thurrock 019A,Other theft,Investigation complete; no suspect identified,
94440fe0a95e2bc3b41f72544727126ba5d805c5aa35dcdb7d66b780949e13c9,2024-11,Essex Police,Essex Police,0.290993,51.490774,On or near Howard Road,E01015982,Thurrock 019A,Other theft,Investigation complete; no suspect identified,
6e86174e20e79ed0540be8953c90edf70063099d59d2230040b756b520962b87,2024-11,Essex Police,Essex Police,0.289627,51.488535,On or near Francisco Close,E01015982,Thurrock 019A,Possession of weapons,Court result unavailable,
87a35a19fbf0d82505ceed9e51d4efd0266c958177a66c54931c7b985376372e,2024-11,Essex Police,Essex Police,0.290993,51.490774,On or near Howard Road,E01015982,Thurrock 019A,Public order,Investigation complete; no suspect identified,
6ecde7ecaad96dd83874165eb728d3bf048351886a503d381af7f096a3260f3b,2024-11,Essex Police,Essex Police,0.290993,51.490774,On or near Howard Road,E01015982,Thurrock 019A,Vehicle crime,Investigation complete; no suspect identified,
a2296c72176bdfaf08885fcad9d38ac6f7d782979877738bceb15508c260b8f0,2024-11,Essex Police,Essex Police,0.290993,51.490774,On or near Howard Road,E01015982,Thurrock 019A,Vehicle crime,Investigation complete; no suspect identified,
139bb4c3369654af4872f73df26f2be2e9cd839e028b8b89a8f343698c17fa05,2024-11,Essex Police,Essex Police,0.289627,51.488535,On or near Francisco Close,E01015982,Thurrock 019A,Vehicle crime,Investigation complete; no suspect identified,
e388692dd3fc5994789db2e3f3a8547608961ee22b0e00dabe3336cf0acc583a,2024-11,Essex Police,Essex Police,0.294172,51.490676,On or near Burghley Road,E01015982,Thurrock 019A,Vehicle crime,Investigation complete; no suspect identified,
aa46c3b6f30fab7b4ac8f9083ac94e1b9cf7d85f4e06c07ebd62d6bcc3ec52c9,2024-11,Essex Police,Essex Police,0.289627,51.488535,On or near Francisco Close,E01015982,Thurrock 019A,Vehicle crime,Investigation complete; no suspect identified,
629449051f5d6955e6390d69d5daaff7fcd4cb9f58a408a72812851154f2f0d9,2024-11,Essex Police,Essex Police,0.290993,51.490774,On or near Howard Road,E01015982,Thurrock 019A,Vehicle crime,Investigation complete; no suspect identified,
b1fb265c59e7c39d73cd8599a2c65a16f9f1744c4bb3c90b5e67e25ff8aca57e,2024-11,Essex Police,Essex Police,0.290993,51.490774,On or near Howard Road,E01015982,Thurrock 019A,Vehicle crime,Investigation complete; no suspect identified,
ebf9439b8df8b0f5a5133c1c123c86b829ca9099bc6661e1f96d14f175c490c0,2024-11,Essex Police,Essex Police,0.290993,51.490774,On or near Howard Road,E01015982,Thurrock 019A,Vehicle crime,Investigation complete; no suspect identified,
bd44456c9edd4cda6e72d83a196f9bd150ea92c97df65e5ef26bcbb9c326a4de,2024-11,Essex Police,Essex Police,0.290993,51.490774,On or near Howard Road,E01015982,Thurrock 019A,Vehicle crime,Investigation complete; no suspect identified,
38376e49026f41967b185ff0b8f00fbdf9f7dba0d14c36416895086e8ca343b6,2024-11,Essex Police,Essex Police,0.290993,51.490774,On or near Howard Road,E01015982,Thurrock 019A,Vehicle crime,Investigation complete; no suspect identified,
cf010f4015dbab81a15756c5162f840928ac8472dbc16fff9f4402026799c12e,2024-11,Essex Police,Essex Police,0.289627,51.488535,On or near Francisco Close,E01015982,Thurrock 019A,Vehicle crime,Unable to prosecute suspect,
c6650c308ad6c8991ddeb60929a71d6d853c11ad541474ac464e4819740cae53,2024-11,Essex Police,Essex Police,0.290993,51.490774,On or near Howard Road,E01015982,Thurrock 019A,Vehicle crime,Investigation complete; no suspect identified,
1b9e8bc194a9ce2e64b296e4319c23155cc10f5c78d96f762f360446c0e8b365,2024-11,Essex Police,Essex Police,0.299140,51.484068,On or near Maunder Close,E01015982,Thurrock 019A,Violence and sexual offences,Unable to prosecute suspect,
add08dedd6507e68b27f5beb0bdda4875a08d46f1c5b5f59ef3d5de66073a50b,2024-11,Essex Police,Essex Police,0.289627,51.488535,On or near Francisco Close,E01015982,Thurrock 019A,Other crime,Unable to prosecute suspect,
e66b3cf301fc4b150c7e9d1d38f3f643506fda8bf5028a62b4888b7591b6470e,2024-11,Essex Police,Essex Police,0.289627,51.488535,On or near Francisco Close,E01015982,Thurrock 019A,Other crime,Court result unavailable,
4f7ba5ed1f96afb157710ac723c7d18687a129a95d5deafd45f14c614278ee29,2024-11,Essex Police,Essex Police,0.301748,51.482083,On or near Weymouth Drive,E01033610,Thurrock 019B,Criminal damage and arson,Investigation complete; no suspect identified,
ea95b1fcc2e834c663e44070cd657aad032181df8f150d73538a682f3ba8d67c,2024-11,Essex Police,Essex Police,0.297226,51.482370,On or near Hodges Close,E01033610,Thurrock 019B,Other theft,Investigation complete; no suspect identified,
2002e1ac5ddb3547cfab1954ced36a3d48fb5529d3ee41f6a3e7e250ff434798,2024-11,Essex Police,Essex Police,0.295994,51.481647,On or near Santiago Way,E01033610,Thurrock 019B,Other theft,Local resolution,
6730bfeb9727ee690ff7fedf77c0fad61f9d1cd72218f3a206f015d434792bb7,2024-11,Essex Police,Essex Police,0.293434,51.482300,On or near Mayflower Road,E01033610,Thurrock 019B,Possession of weapons,Action to be taken by another organisation,
00304035e558ec4da2005b7e72c9c95d5f3dd0f623fec60f9b381e787cb240a6,2024-11,Essex Police,Essex Police,0.289921,51.482333,On or near Parnell Close,E01033610,Thurrock 019B,Vehicle crime,Investigation complete; no suspect identified,
6857d96636caf3688427e5115deb05839df14fec42df572eb30e2a54de19ab86,2024-11,Essex Police,Essex Police,0.301748,51.482083,On or near Weymouth Drive,E01033610,Thurrock 019B,Vehicle crime,Investigation complete; no suspect identified,
70702a183fec67eae7a2430fff1cb2c2b0d5db72434e20be186e2667320450d4,2024-11,Essex Police,Essex Police,0.293434,51.482300,On or near Mayflower Road,E01033610,Thurrock 019B,Violence and sexual offences,Action to be taken by another organisation,
72198ad2d89e2d94c34358aa3b1a9ff092d5021534d252d340380832547d16e8,2024-11,Essex Police,Essex Police,0.293034,51.484088,On or near Mary Rose Close,E01033610,Thurrock 019B,Violence and sexual offences,Unable to prosecute suspect,
008edf4135653550695c3c48b4323db843ee6e1d3122d48ce77fcaa1448518bd,2024-11,Essex Police,Essex Police,0.293034,51.484088,On or near Mary Rose Close,E01033610,Thurrock 019B,Violence and sexual offences,Unable to prosecute suspect,
19fccf3b2854c07ff37fe4dd38b33256849c2052f4276dd40d1a2489234d6797,2024-11,Essex Police,Essex Police,0.293034,51.484088,On or near Mary Rose Close,E01033610,Thurrock 019B,Violence and sexual offences,Unable to prosecute suspect,
,2024-11,Essex Police,Essex Police,0.289683,51.480170,On or near Southwell Close,E01033611,Thurrock 019C,Anti-social behaviour,,
ae86caabf1cce5cb45b420db42bdaea8470d6e8144962ff08d5755d419afa254,2024-11,Essex Police,Essex Police,0.289753,51.481266,On or near Hedingham Road,E01033611,Thurrock 019C,Criminal damage and arson,Unable to prosecute suspect,
6c412b1b5225b6a1aea199fa69061c6b96d46155f63fc5c1517ba54a516298ec,2024-11,Essex Police,Essex Police,0.288031,51.483116,On or near Grenville Road,E01033611,Thurrock 019C,Vehicle crime,Investigation complete; no suspect identified,
8d65a197544557ff86247fc280cf5cebd69c96f9655f81441fa98b77cdaa2a00,2024-11,Essex Police,Essex Police,0.291955,51.480090,On or near Sewell Close,E01033611,Thurrock 019C,Violence and sexual offences,Unable to prosecute suspect,
9900c13f44515c31ee181079e743e39e6d8dcd1e9a69b9fdf68d2e5bf78e3413,2024-11,Essex Police,Essex Police,0.291306,51.481226,On or near Harper Close,E01033611,Thurrock 019C,Violence and sexual offences,Unable to prosecute suspect,
,2024-11,Essex Police,Essex Police,0.288589,51.485920,On or near Flemming Road,E01033613,Thurrock 019D,Anti-social behaviour,,
,2024-11,Essex Police,Essex Police,0.290884,51.483438,On or near Plymouth Road,E01033613,Thurrock 019D,Anti-social behaviour,,
,2024-11,Essex Police,Essex Police,0.288589,51.485920,On or near Flemming Road,E01033613,Thurrock 019D,Anti-social behaviour,,
1bb4129de4329b4fa4aa9db896aa53e8c3fd0a25c69e0006df30206bcb2433ab,2024-11,Essex Police,Essex Police,0.317052,51.494732,On or near A1012,E01015939,Thurrock 020A,Criminal damage and arson,Investigation complete; no suspect identified,
a9a0feccf05529443c1a3020bd79dd572dfb542b47cf52146b2b11f6d1cc6fdf,2024-11,Essex Police,Essex Police,0.318198,51.492623,On or near Advice Avenue,E01015939,Thurrock 020A,Drugs,Local resolution,
afeaa1d415964e48af72d1ccbd3b07b8204441591b8866140063bdb450cb757f,2024-11,Essex Police,Essex Police,0.319313,51.487043,On or near Hogg Lane,E01015939,Thurrock 020A,Drugs,Local resolution,
f234c57140466b7b8434d577e5fc6d00a6bb8b4922d8cf2119528b5265799df1,2024-11,Essex Police,Essex Police,0.317052,51.494732,On or near A1012,E01015939,Thurrock 020A,Drugs,Court result unavailable,
5a59827939d9203cf88321da12542f92745a43b70e2a7ccc70bf9fbc38028cbe,2024-11,Essex Police,Essex Police,0.318598,51.493694,On or near Andrea Avenue,E01015939,Thurrock 020A,Other theft,Investigation complete; no suspect identified,
83a0b0379fc0f19e797a2bddf61f5ff710f4c409a49a305708e8a454922b94e1,2024-11,Essex Police,Essex Police,0.316250,51.493686,On or near Brandon Close,E01015939,Thurrock 020A,Public order,Unable to prosecute suspect,
e839f163958f41485d72a0553cb6105a0a92e6475109c431111c439ef8dd6ff9,2024-11,Essex Police,Essex Police,0.315567,51.489887,On or near Chance Close,E01015939,Thurrock 020A,Public order,Unable to prosecute suspect,
e42822e40d520aa572150aaaddc210d09c94768ce8c0bf95bde7fdf043eb3853,2024-11,Essex Police,Essex Police,0.319313,51.487043,On or near Hogg Lane,E01015939,Thurrock 020A,Robbery,Investigation complete; no suspect identified,
15146ff38f3b5ab79fb26f179bbd7278c04dabd8b78baaf8a5a379f1edc7ad7d,2024-11,Essex Police,Essex Police,0.316250,51.493686,On or near Brandon Close,E01015939,Thurrock 020A,Violence and sexual offences,Local resolution,
b936845414d6122bcb3b9c8d4996dffdcbdadda08cbe35773f419d85a6db2298,2024-11,Essex Police,Essex Police,0.315179,51.493591,On or near Catalina Avenue,E01015939,Thurrock 020A,Violence and sexual offences,Unable to prosecute suspect,
ca2d36131f5b0503838708c2d1fb4080c281e2c11ba16e2efdae576eb6603ef6,2024-11,Essex Police,Essex Police,0.316250,51.493686,On or near Brandon Close,E01015939,Thurrock 020A,Violence and sexual offences,Local resolution,
ba3a75ea613db6097a2874dfe7429fc492501119efbb554fd84b4e51d6c8f996,2024-11,Essex Police,Essex Police,0.318198,51.492623,On or near Advice Avenue,E01015939,Thurrock 020A,Violence and sexual offences,Investigation complete; no suspect identified,
b7e8b70377fce8b69123688c4264aae7de85f08d5562e57c9881cdc0c27a19f6,2024-11,Essex Police,Essex Police,0.317704,51.494242,On or near A1012,E01015939,Thurrock 020A,Violence and sexual offences,Investigation complete; no suspect identified,
ce6c5cac1b18781e940b48e975252b70438994907a00edcc9c7ec3aa5520d2f9,2024-11,Essex Police,Essex Police,0.316250,51.493686,On or near Brandon Close,E01015939,Thurrock 020A,Violence and sexual offences,Local resolution,
4a3c6d809ad3e117227be77c600e75ad0881e33ea167e43508dc2220e75248cb,2024-11,Essex Police,Essex Police,0.316250,51.493686,On or near Brandon Close,E01015939,Thurrock 020A,Violence and sexual offences,Local resolution,
49334668a62c257f8a7dbce5a7a14f357336fbcfdf219ade39a055ab93c78bbf,2024-11,Essex Police,Essex Police,0.301177,51.492472,On or near Edmund Road,E01015941,Thurrock 020B,Other theft,Unable to prosecute suspect,
eeac427ff823c42bfd7bd1d0944622bdd9cd6efd1d59d895c58fa40fcbfe8c19,2024-11,Essex Police,Essex Police,0.304080,51.490617,On or near Merlin Close,E01015941,Thurrock 020B,Public order,Investigation complete; no suspect identified,
422fcc68688f5c9d6422a0ac4070b6e966955faeb7e6d7509dff3c01ab3521df,2024-11,Essex Police,Essex Police,0.304080,51.490617,On or near Merlin Close,E01015941,Thurrock 020B,Public order,Investigation complete; no suspect identified,
043048f848e482b80599eb58a7437e88613cf80d3e468be84550ed25c698f705,2024-11,Essex Police,Essex Police,0.302124,51.492679,On or near Hawkins Drive,E01015941,Thurrock 020B,Violence and sexual offences,Unable to prosecute suspect,
5e812881401512bd0ad782468f27218fb06b747a1e70a901165c6b1d6f725433,2024-11,Essex Police,Essex Police,0.307871,51.493528,On or near Dudley Close,E01015941,Thurrock 020B,Violence and sexual offences,Unable to prosecute suspect,
dc3e106af9a2ed74b26c12b7c4212ebd94326ad00a3c3f9588afa2706c5e02e9,2024-11,Essex Police,Essex Police,0.301177,51.492472,On or near Edmund Road,E01015941,Thurrock 020B,Violence and sexual offences,Investigation complete; no suspect identified,
,2024-11,Essex Police,Essex Police,0.302889,51.497853,On or near Stifford Hill,E01015942,Thurrock 020C,Anti-social behaviour,,
463d6597289adb4e43972caee6720ae64d1e1262038b744d3b5bee77f1787235,2024-11,Essex Police,Essex Police,0.303991,51.496293,On or near Clockhouse Lane,E01015942,Thurrock 020C,Drugs,Court result unavailable,
e64c3cdbf067b009aacac983906663ba2bffa2fb4b040b5b7529c29a80d91396,2024-11,Essex Police,Essex Police,0.303991,51.496293,On or near Clockhouse Lane,E01015942,Thurrock 020C,Other theft,Court result unavailable,
860b75c91f1a73912771e955b21b82a00ed0f20e175da01c25396ac66ab0e320,2024-11,Essex Police,Essex Police,0.307621,51.498551,On or near High Road,E01015942,Thurrock 020C,Robbery,Investigation complete; no suspect identified,
5ab2ebc8f2c3db8d0f9b450e414568d0d5937c7584bd6821d780613cce3d4fea,2024-11,Essex Police,Essex Police,0.312495,51.499201,On or near Cuckoo Lane,E01015942,Thurrock 020C,Vehicle crime,Investigation complete; no suspect identified,
aa4da4fe2b7079ae58c4c8c7fe78165b695b2dd94bcef3daa3cdcbf82cb2076a,2024-11,Essex Police,Essex Police,0.312495,51.499201,On or near Cuckoo Lane,E01015942,Thurrock 020C,Vehicle crime,Investigation complete; no suspect identified,
5591cef29240ba0a2538ff9b58f7179796f8dd837c3e73c0188e82e9b9a3cd72,2024-11,Essex Police,Essex Police,0.312495,51.499201,On or near Cuckoo Lane,E01015942,Thurrock 020C,Vehicle crime,Investigation complete; no suspect identified,
989a737692be93301663fbcfb215b817669a64e960aa7de1cb329a8a5d7ccc98,2024-11,Essex Police,Essex Police,0.311550,51.493338,On or near Calshot Avenue,E01015942,Thurrock 020C,Violence and sexual offences,Offender given a caution,
fa783f4d79faad7ca4ce5d214325473c4a8e4986092a2c16f16b5b08ddea2dea,2024-11,Essex Police,Essex Police,0.311550,51.493338,On or near Calshot Avenue,E01015942,Thurrock 020C,Violence and sexual offences,Court result unavailable,
ed3049bffd5f446bae233892cfd4a90c7ee88286125161302f7eb7953d0f7cd2,2024-11,Essex Police,Essex Police,0.311550,51.493338,On or near Calshot Avenue,E01015942,Thurrock 020C,Violence and sexual offences,Unable to prosecute suspect,
,2024-11,Essex Police,Essex Police,0.309212,51.487557,On or near Sachfield Drive,E01033612,Thurrock 020D,Anti-social behaviour,,
d92f3b967f24db67d66f811a69ce6ff8d3e6bb3a0542c2c285e571813fbdf407,2024-11,Essex Police,Essex Police,0.307522,51.491745,On or near Chester Close,E01033612,Thurrock 020D,Other theft,Investigation complete; no suspect identified,
bea06f91a471d0f50d73c143f52ba170f5a748d3bd4751fcec2314a69505585f,2024-11,Essex Police,Essex Police,0.315801,51.491078,On or near Clifford Road,E01033612,Thurrock 020D,Public order,Unable to prosecute suspect,
e0c3012cf4e562de710bf25e3b3aed5e737762e23cc54cd0445707f5ef8d27f9,2024-11,Essex Police,Essex Police,0.311460,51.488151,On or near Duarte Place,E01033612,Thurrock 020D,Violence and sexual offences,Unable to prosecute suspect,
b9e727c751683b9fbcef4fdb438867e2175b353af3ac7dc7d63d9ab4dc23a919,2024-11,Essex Police,Essex Police,0.311749,51.489018,On or near Davis Road,E01033614,Thurrock 020E,Burglary,Investigation complete; no suspect identified,
37fade09ddabecb58c466ff96764988b2d554b4e8956975ed487075ad016c8c6,2024-11,Essex Police,Essex Police,0.311559,51.491522,On or near Drake Road,E01033614,Thurrock 020E,Vehicle crime,Investigation complete; no suspect identified,
1c0a397ea19ae9adf77ecdb31839a74067f83f63c2888c1ef8a28ba13ec8afe0,2024-11,Essex Police,Essex Police,0.307555,51.488975,On or near Frobisher Gardens,E01033614,Thurrock 020E,Violence and sexual offences,Unable to prosecute suspect,
9e64cb1a011e8630f4bf9953ba348e5d64f7cba75ca77d2d240474e2b4442d69,2024-11,Essex Police,Essex Police,0.308300,51.490318,On or near Dove Close,E01033614,Thurrock 020E,Violence and sexual offences,Local resolution,
021293fea4ed3a755b5905ad619ee2a5a2395895e88621f3271360bba01e2329,2024-11,Essex Police,Essex Police,0.307555,51.488975,On or near Frobisher Gardens,E01033614,Thurrock 020E,Violence and sexual offences,Investigation complete; no suspect identified,
a1ce85100a17626c39faf522f22ca21adb7be451aa0fcfccf3d7ba64665f1426,2024-11,Essex Police,Essex Police,0.307555,51.488975,On or near Frobisher Gardens,E01033614,Thurrock 020E,Violence and sexual offences,Unable to prosecute suspect,
215cc9aec74f79668652565f72b76ac2aa11756069ce1f1559b20c4de93f15bd,2024-11,Essex Police,Essex Police,0.307555,51.488975,On or near Frobisher Gardens,E01033614,Thurrock 020E,Violence and sexual offences,Investigation complete; no suspect identified,
9c3c53d48d8b15b6f58dab3a529bc61d1c9a9529de2e87f59a91f3a1e9af0d2d,2024-11,Essex Police,Essex Police,0.254643,51.485445,On or near Brevet Close,E01015921,Thurrock 021A,Burglary,Investigation complete; no suspect identified,
5650b7c7ce9754d7cb71bb535bdb23185ccd95eaf83dd932771c1ac71be594a3,2024-11,Essex Police,Essex Police,0.256756,51.485647,On or near Bailey Close,E01015921,Thurrock 021A,Criminal damage and arson,Investigation complete; no suspect identified,
356b16b9f04e0652f773e131ee6e69955c7a12fcbfcd25dcd4e3cc11b979480c,2024-11,Essex Police,Essex Police,0.255495,51.498900,On or near High Street,E01015921,Thurrock 021A,Drugs,Local resolution,
5d4fd70d79978077ce93c17972651405230fed1c3ef9c8e20f710c14bb5898b9,2024-11,Essex Police,Essex Police,0.255845,51.499001,On or near Supermarket,E01015921,Thurrock 021A,Public order,Investigation complete; no suspect identified,
5b2c6040ac26646641436aa8099c7e59e11a7d8371b4c35113d31b69d51819c2,2024-11,Essex Police,Essex Police,0.255845,51.499001,On or near Supermarket,E01015921,Thurrock 021A,Shoplifting,Investigation complete; no suspect identified,
5377ed74a06dcfa937ca29fc7935d198e182283d1aa678300606cfd0d69ee884,2024-11,Essex Police,Essex Police,0.255845,51.499001,On or near Supermarket,E01015921,Thurrock 021A,Shoplifting,Investigation complete; no suspect identified,
1f9defb1261ef3cfc75ad37198696bca1f1d6f6f16e814c0713deb5629b74938,2024-11,Essex Police,Essex Police,0.255845,51.499001,On or near Supermarket,E01015921,Thurrock 021A,Shoplifting,Investigation complete; no suspect identified,
3d4ea25a4a698da0e2e94b304cc7ac27eba7894302613fd2c6587ab2195c3251,2024-11,Essex Police,Essex Police,0.255845,51.499001,On or near Supermarket,E01015921,Thurrock 021A,Shoplifting,Investigation complete; no suspect identified,
d2118cc02d92b645a51c893070fa9f6e81436c052a8fe941916d02b80ea6f724,2024-11,Essex Police,Essex Police,0.255845,51.499001,On or near Supermarket,E01015921,Thurrock 021A,Shoplifting,Investigation complete; no suspect identified,
6d4689b6805ec422b776a7f197eb7249fc26e75db422a93771f6abcc80b6d442,2024-11,Essex Police,Essex Police,0.255845,51.499001,On or near Supermarket,E01015921,Thurrock 021A,Shoplifting,Investigation complete; no suspect identified,
7ebe076f9833c824ab7a415a70425b3f396ab44a575b30a7b76bdf540bbfd261,2024-11,Essex Police,Essex Police,0.255845,51.499001,On or near Supermarket,E01015921,Thurrock 021A,Shoplifting,Investigation complete; no suspect identified,
e619595af2ac8f3586554e2c0541cb2ebd32997d0787ff00e3ec99e60634ce5a,2024-11,Essex Police,Essex Police,0.255845,51.499001,On or near Supermarket,E01015921,Thurrock 021A,Shoplifting,Investigation complete; no suspect identified,
11d384c1c66a9ea0380501854d72d57b3f347dd398968863fdba83cf7a2ca2a5,2024-11,Essex Police,Essex Police,0.255845,51.499001,On or near Supermarket,E01015921,Thurrock 021A,Shoplifting,Investigation complete; no suspect identified,
2e8a40d30a1c945563b707aff0d61326d7355cef1fa47386e335e656d3cca219,2024-11,Essex Police,Essex Police,0.255845,51.499001,On or near Supermarket,E01015921,Thurrock 021A,Shoplifting,Investigation complete; no suspect identified,
c7daa3cf86c49f61ca9d6101b4565146e854b94c3cb7d49a321920d71c45e14e,2024-11,Essex Police,Essex Police,0.255845,51.499001,On or near Supermarket,E01015921,Thurrock 021A,Shoplifting,Investigation complete; no suspect identified,
a197bc93539520225e10fede5563a9b6afeb92a1b9fb26d2d79534654f39d76b,2024-11,Essex Police,Essex Police,0.255845,51.499001,On or near Supermarket,E01015921,Thurrock 021A,Shoplifting,Court result unavailable,
be97220598aa95611746df0037e442de9014730e7f1279f6da05e61c079ee757,2024-11,Essex Police,Essex Police,0.255845,51.499001,On or near Supermarket,E01015921,Thurrock 021A,Shoplifting,Investigation complete; no suspect identified,
839ad343c98f1f498fada2f487fa020245a7983d82a037a52d8bd2cbce4cea44,2024-11,Essex Police,Essex Police,0.255845,51.499001,On or near Supermarket,E01015921,Thurrock 021A,Shoplifting,Investigation complete; no suspect identified,
28f0d286fe29e6e2043d754cbc35f99fb030b23b4db94e6d027c4a08a74bd409,2024-11,Essex Police,Essex Police,0.255845,51.499001,On or near Supermarket,E01015921,Thurrock 021A,Shoplifting,Investigation complete; no suspect identified,
4d198de1e62d8f72a6daa1d167e4eca180f92c255ff830e30d70b978660eafd6,2024-11,Essex Police,Essex Police,0.255845,51.499001,On or near Supermarket,E01015921,Thurrock 021A,Shoplifting,Investigation complete; no suspect identified,
e29fad0dfc5ca3324622a829c10e70f05c1a0b495abbf3fa271dd52706c3b848,2024-11,Essex Police,Essex Police,0.256756,51.485647,On or near Bailey Close,E01015921,Thurrock 021A,Violence and sexual offences,Unable to prosecute suspect,
d5b3020b1fedc372fa057cb1d7ba81a84ed0c891472919b17445e37cc5d2990c,2024-11,Essex Police,Essex Police,0.250357,51.485275,On or near South Gate,E01015921,Thurrock 021A,Violence and sexual offences,Court result unavailable,
88043f53e3beac37ba802b031d8e09939a8f1535432ef8c833d7ef523390cb82,2024-11,Essex Police,Essex Police,0.254935,51.484648,On or near Banner Close,E01015921,Thurrock 021A,Violence and sexual offences,Investigation complete; no suspect identified,
997df19712c91c690eb3c0fce5df2c6851786eb885d01ce461285f6ea8014463,2024-11,Essex Police,Essex Police,0.250357,51.485275,On or near South Gate,E01015921,Thurrock 021A,Violence and sexual offences,Court result unavailable,
9ccc7f88660c032f59b6746c2b9b73543f2b4d49efb6061a16d67aaadaef66a6,2024-11,Essex Police,Essex Police,0.256423,51.484727,On or near Vexil Close,E01015921,Thurrock 021A,Violence and sexual offences,Unable to prosecute suspect,
,2024-11,Essex Police,Essex Police,0.235385,51.483979,On or near Caspian Close,E01016014,Thurrock 021B,Anti-social behaviour,,
,2024-11,Essex Police,Essex Police,0.230053,51.486275,On or near Marine Court,E01016014,Thurrock 021B,Anti-social behaviour,,
,2024-11,Essex Police,Essex Police,0.231989,51.482569,On or near High Street,E01016014,Thurrock 021B,Anti-social behaviour,,
8abb558ed772c53db356ea855016523365d61a86deaee9fceffc205b3d9fe77a,2024-11,Essex Police,Essex Police,0.230053,51.486275,On or near Marine Court,E01016014,Thurrock 021B,Criminal damage and arson,Unable to prosecute suspect,
3402b10cd45ce1108d3d0f71aa20468a3a27e51e38f8dca97e38a65b98da4fdb,2024-11,Essex Police,Essex Police,0.232477,51.486948,On or near Crusader Close,E01016014,Thurrock 021B,Other theft,Investigation complete; no suspect identified,
30c4944ba509a7ca8334c750c7d7793f6288e2f444e9a05a5cc25e3c7325cd66,2024-11,Essex Police,Essex Police,0.231029,51.486508,On or near Rapier Close,E01016014,Thurrock 021B,Other theft,Unable to prosecute suspect,
f0bca239a89a46e173cdb05af9dccf94edcc9f93b399ddfef7a20193fc1d4c96,2024-11,Essex Police,Essex Police,0.233878,51.484961,On or near Tank Lane,E01016014,Thurrock 021B,Other theft,Unable to prosecute suspect,
f204d9248b7841ba1578e8a4d9bd1472c26b3e8a529e12b233ca33ff494b2200,2024-11,Essex Police,Essex Police,0.231730,51.485811,On or near Chieftan Drive,E01016014,Thurrock 021B,Public order,Investigation complete; no suspect identified,
da875736dffc158425a642777bd33fb86464ba4ca2e66e95c9193cc7837264e0,2024-11,Essex Police,Essex Police,0.232868,51.482273,On or near London Road,E01016014,Thurrock 021B,Public order,Unable to prosecute suspect,
d762e518c1706e146380f14ed5de4329f94a999a4dff15aa3d6eb7ff1ebaa385,2024-11,Essex Police,Essex Police,0.231880,51.485350,On or near Comet Close,E01016014,Thurrock 021B,Shoplifting,Investigation complete; no suspect identified,
553dd847783c0043ff7746ea49ef7005a47e2ea9c973e56708309b7637f5af2f,2024-11,Essex Police,Essex Police,0.231223,51.483689,On or near The Limes,E01016014,Thurrock 021B,Vehicle crime,Investigation complete; no suspect identified,
8adb01426872efc76b2cc41a93761e0efc0cd3b9f420453d378b57b60bb0c347,2024-11,Essex Police,Essex Police,0.233518,51.487333,On or near Tank Hill Road,E01016014,Thurrock 021B,Vehicle crime,Investigation complete; no suspect identified,
c7d02e8ff21a35c5053c6a4843e3d0dc01c211f5bcea629065a69bfb505405ed,2024-11,Essex Police,Essex Police,0.235058,51.483472,On or near Caspian Way,E01016014,Thurrock 021B,Vehicle crime,Investigation complete; no suspect identified,
6f1fd67dfbfc88aa4e655736e07ab39864f780dc553da2f9713a5f3c9b7c2a32,2024-11,Essex Police,Essex Police,0.232868,51.482273,On or near London Road,E01016014,Thurrock 021B,Vehicle crime,Investigation complete; no suspect identified,
d6030488a19762e9301cc6b8d94de101d93e1384c4565857f8bdba194da40e8d,2024-11,Essex Police,Essex Police,0.231223,51.483689,On or near The Limes,E01016014,Thurrock 021B,Vehicle crime,Investigation complete; no suspect identified,
3f0352b8646d62673ae7f67ef24bb2ff122c97e87d6991842eb0b7f84a97aa29,2024-11,Essex Police,Essex Police,0.231223,51.483689,On or near The Limes,E01016014,Thurrock 021B,Violence and sexual offences,Investigation complete; no suspect identified,
a651f4fe5faefde36ca226dfbcbfbabbb91f52610d4bc1c6e9f03d570594ec0a,2024-11,Essex Police,Essex Police,0.231223,51.483689,On or near The Limes,E01016014,Thurrock 021B,Violence and sexual offences,Investigation complete; no suspect identified,
982c4bf57392428899f06370657a3783df876585ed00a072fb440ad8da116aff,2024-11,Essex Police,Essex Police,0.232855,51.485853,On or near Saladin Drive,E01016014,Thurrock 021B,Violence and sexual offences,Unable to prosecute suspect,
7e6582d8c6e3fabea736311be949e313d92fa48a5a221465437819e837013e4c,2024-11,Essex Police,Essex Police,0.232855,51.485853,On or near Saladin Drive,E01016014,Thurrock 021B,Violence and sexual offences,Unable to prosecute suspect,
28ea15d0b82d307b69654b7e2b20c0f2123da6e07253f86290fec25f433b994d,2024-11,Essex Police,Essex Police,0.231989,51.482569,On or near High Street,E01016014,Thurrock 021B,Violence and sexual offences,Unable to prosecute suspect,
114e09bba44979f7d6cb82a215cde8fe6ca1323ebabffb1ff89f9b2868dac23a,2024-11,Essex Police,Essex Police,0.231029,51.486508,On or near Rapier Close,E01016014,Thurrock 021B,Violence and sexual offences,Unable to prosecute suspect,
d345deadde4062b6309c007984f2776d68c8c8176e2ffc1be45877ee12ada6fc,2024-11,Essex Police,Essex Police,0.231029,51.486508,On or near Rapier Close,E01016014,Thurrock 021B,Violence and sexual offences,Status update unavailable,
7d853ad4e7085ff717fed46142b700a6d8f6918e88745ad9d9c168e8aefb643b,2024-11,Essex Police,Essex Police,0.231029,51.486508,On or near Rapier Close,E01016014,Thurrock 021B,Violence and sexual offences,Unable to prosecute suspect,
daedc0ef6ae47bafc271b5148332010985a28fda07b199d9916ab18fc13d549f,2024-11,Essex Police,Essex Police,0.231029,51.486508,On or near Rapier Close,E01016014,Thurrock 021B,Violence and sexual offences,Further investigation is not in the public interest,
73f8c3bfc07b4e71eaa388782c5ca30dd895f92417193167bf27b3557db55d32,2024-11,Essex Police,Essex Police,0.235058,51.483472,On or near Caspian Way,E01016014,Thurrock 021B,Violence and sexual offences,Unable to prosecute suspect,
,2024-11,Essex Police,Essex Police,0.236832,51.481154,On or near Purfleet,E01016013,Thurrock 021C,Anti-social behaviour,,
3a8983daf425546cc355d0d20dac65b66c55653f6add2a361e37e0140fdfc2ce,2024-11,Essex Police,Essex Police,0.247050,51.480132,On or near Kendal,E01016013,Thurrock 021C,Burglary,Investigation complete; no suspect identified,
d246f19d2df0692312c7a5579352654d284550370803b83c66d9164ac0474161,2024-11,Essex Police,Essex Police,0.240141,51.480210,On or near Wingrove Drive,E01016013,Thurrock 021C,Criminal damage and arson,Investigation complete; no suspect identified,
fa4aa6c774e513c7c98f9e759c82e0c8974210d7bd316ef871b8ec27620b8ebb,2024-11,Essex Police,Essex Police,0.236814,51.486092,On or near St Clements Court,E01016013,Thurrock 021C,Criminal damage and arson,Action to be taken by another organisation,
d271d5c8eeff305bb7a7da7a86975fd1b1b934cf9c2bc2ed78518a4994aa05ed,2024-11,Essex Police,Essex Police,0.237894,51.487267,On or near Water Lane,E01016013,Thurrock 021C,Criminal damage and arson,Investigation complete; no suspect identified,
628215c85e8e8e1126a0ee802baf7ed6c5cd0a5ef8c8bd5e7dfbe16b1e026809,2024-11,Essex Police,Essex Police,0.236290,51.487757,On or near Fanns Rise,E01016013,Thurrock 021C,Other theft,Investigation complete; no suspect identified,
1d2570afa430ee917f2f92ea3c9cbe968fc34058c86b37bf427ec3c5471b0725,2024-11,Essex Police,Essex Police,0.240141,51.480210,On or near Wingrove Drive,E01016013,Thurrock 021C,Vehicle crime,Investigation complete; no suspect identified,
24d05289c192ba8ccb42562b9d07ae2489bf1477893e582a7604f533e635f8bb,2024-11,Essex Police,Essex Police,0.247247,51.479741,On or near Coniston Avenue,E01016013,Thurrock 021C,Vehicle crime,Investigation complete; no suspect identified,
41cee0f62eb86afb66b1f72173b2b0b904905de47d8614d44131b32676658787,2024-11,Essex Police,Essex Police,0.242885,51.479780,On or near Linnet Way,E01016013,Thurrock 021C,Vehicle crime,Investigation complete; no suspect identified,
9f3f72289b8f7253bcb0452457fca2e7fa47aacc8e3241beb5c3e078c0384cba,2024-11,Essex Police,Essex Police,0.236594,51.481006,On or near Parking Area,E01016013,Thurrock 021C,Vehicle crime,Investigation complete; no suspect identified,
441151fdc002e1cd0acba0b824210092bc9bc5eec4e18c9ff1e2094f13048fea,2024-11,Essex Police,Essex Police,0.242885,51.479780,On or near Linnet Way,E01016013,Thurrock 021C,Vehicle crime,Investigation complete; no suspect identified,
17bb91ea5affc2404cdb9e0b25fb658ee0eaa357b8aa8ebdcd3b11ea7766a16f,2024-11,Essex Police,Essex Police,0.243640,51.480188,On or near Oakhill Road,E01016013,Thurrock 021C,Vehicle crime,Investigation complete; no suspect identified,
39a58953149b3c9642d3e445d9549f2ba0f608306c2b8e18c7420111b97ae6d8,2024-11,Essex Police,Essex Police,0.249155,51.484561,On or near North Road,E01016013,Thurrock 021C,Vehicle crime,Investigation complete; no suspect identified,
e415423711d8a46750e73c6bb94d455ad777eec44515d4753eaff4f17c8ec7b1,2024-11,Essex Police,Essex Police,0.237894,51.487267,On or near Water Lane,E01016013,Thurrock 021C,Violence and sexual offences,Investigation complete; no suspect identified,
73662bf073c238a1d62a318d9c576e06ead358555173ba58716be80c51926608,2024-11,Essex Police,Essex Police,0.236290,51.487757,On or near Fanns Rise,E01016013,Thurrock 021C,Violence and sexual offences,Unable to prosecute suspect,
b1f335048d9f13cbe874ae1161f008073aeda930fb075132b0cba3bade8861d3,2024-11,Essex Police,Essex Police,0.240141,51.480210,On or near Wingrove Drive,E01016013,Thurrock 021C,Other crime,Status update unavailable,
,2024-11,Essex Police,Essex Police,0.283498,51.486379,On or near Shopping Area,E01016011,Thurrock 022A,Anti-social behaviour,,
,2024-11,Essex Police,Essex Police,0.292037,51.475978,On or near Oakley Close,E01016011,Thurrock 022A,Anti-social behaviour,,
848930d6bc1b7d203012ea318d17f6d8be9046b10ef7e8d97fd2e014f5e43dc6,2024-11,Essex Police,Essex Police,0.284445,51.485731,On or near Shopping Area,E01016011,Thurrock 022A,Burglary,Investigation complete; no suspect identified,
be9f1c73e9780b776e5b99f9cf97b8f89bf1e31a4ecb1595b03eeb7e9b80fa8b,2024-11,Essex Police,Essex Police,0.283498,51.486379,On or near Shopping Area,E01016011,Thurrock 022A,Criminal damage and arson,Investigation complete; no suspect identified,
114f8dadc34ebe90bec273d0a6cfd1449434cd19cf96392f72b7f24ef65091c0,2024-11,Essex Police,Essex Police,0.283090,51.481675,On or near Heron Way,E01016011,Thurrock 022A,Criminal damage and arson,Unable to prosecute suspect,
53c4f4e788225ccaef4f5fd7052a8fa46c21a148980f08ed0e4a386bf776992e,2024-11,Essex Police,Essex Police,0.283498,51.486379,On or near Shopping Area,E01016011,Thurrock 022A,Criminal damage and arson,Awaiting court outcome,
c60b756183d0b4d1fa8adf530a41e9aa0ee90b6e43f5bf4b849ee456cb5c531c,2024-11,Essex Police,Essex Police,0.283058,51.486555,On or near Shopping Area,E01016011,Thurrock 022A,Criminal damage and arson,Court result unavailable,
dbf7d204afe450e7dfbf156d6eb47ce33c6536562b4d74bf484477e40b4a8ccf,2024-11,Essex Police,Essex Police,0.283058,51.486555,On or near Shopping Area,E01016011,Thurrock 022A,Criminal damage and arson,Unable to prosecute suspect,
399104a9d9e248f394ed4e2c0fc0c92b1cbf6561b750b7726bf9eb116638f640,2024-11,Essex Police,Essex Police,0.283058,51.486555,On or near Shopping Area,E01016011,Thurrock 022A,Criminal damage and arson,Court result unavailable,
bb02a16b97886c4a22200d8d8dc6ad50f7aa9f4c0b008674c56e584c2193aa13,2024-11,Essex Police,Essex Police,0.282413,51.479483,On or near Shopping Area,E01016011,Thurrock 022A,Criminal damage and arson,Investigation complete; no suspect identified,
db1bfc3f9f3e6f5c5edbb6b87d0a3bd92d538466da497a6e8caecd4cc4df1662,2024-11,Essex Police,Essex Police,0.283498,51.486379,On or near Shopping Area,E01016011,Thurrock 022A,Criminal damage and arson,Unable to prosecute suspect,
579cfaf3f60476337f26c6de80d9e8a9f15e797e213632b631090527f8eefecb,2024-11,Essex Police,Essex Police,0.282413,51.479483,On or near Shopping Area,E01016011,Thurrock 022A,Criminal damage and arson,Investigation complete; no suspect identified,
6ba2fce98b91e9a7f12382f2505eb6873549b562c33cc3b5381d1695742538cc,2024-11,Essex Police,Essex Police,0.282413,51.479483,On or near Shopping Area,E01016011,Thurrock 022A,Criminal damage and arson,Investigation complete; no suspect identified,
60b255a2215b52cbfcd3d697b28e7c5bd1fd5e85a4bd12dc0c11f583d5a91c4e,2024-11,Essex Police,Essex Police,0.284083,51.484542,On or near Parking Area,E01016011,Thurrock 022A,Criminal damage and arson,Investigation complete; no suspect identified,
e9160107d9fec3b7e235c274881d7e3a582ded06fd3c983f8d70c84f44accc34,2024-11,Essex Police,Essex Police,0.282413,51.479483,On or near Shopping Area,E01016011,Thurrock 022A,Criminal damage and arson,Investigation complete; no suspect identified,
b2058af40454f61c73cd385a8f58d47c3a2b940a082e3b054793810e762fc817,2024-11,Essex Police,Essex Police,0.283058,51.486555,On or near Shopping Area,E01016011,Thurrock 022A,Criminal damage and arson,Investigation complete; no suspect identified,
c664d3d64fa5623f82a651e35b692271d0f4c99f103ddaa14ffc406fd84799ff,2024-11,Essex Police,Essex Police,0.283058,51.486555,On or near Shopping Area,E01016011,Thurrock 022A,Drugs,Local resolution,
ba63cb60375685adf567b0351ececdbe1cfff4d021c2e6a724c794e0761c2355,2024-11,Essex Police,Essex Police,0.283058,51.486555,On or near Shopping Area,E01016011,Thurrock 022A,Drugs,Local resolution,
66c4052734622a1be66efb866c4144dbb474309a14c83767c3d8b09f1b07730c,2024-11,Essex Police,Essex Police,0.283058,51.486555,On or near Shopping Area,E01016011,Thurrock 022A,Drugs,Local resolution,
c894eab26e6781a911fd0ee412934a3427417b1f17049d2e7202650ab12a89fd,2024-11,Essex Police,Essex Police,0.283058,51.486555,On or near Shopping Area,E01016011,Thurrock 022A,Drugs,Local resolution,
13712f6f6925d3c88ddc254148450544c6732a5941c52f7beaa244cca2cdf541,2024-11,Essex Police,Essex Police,0.283058,51.486555,On or near Shopping Area,E01016011,Thurrock 022A,Other theft,Investigation complete; no suspect identified,
3b2f94cffbecbf723719ecaa4873b1c7482290018474713836287975b6b6beba,2024-11,Essex Police,Essex Police,0.283058,51.486555,On or near Shopping Area,E01016011,Thurrock 022A,Other theft,Offender given a caution,
f75ba955bd43b608a6a6060cb8fcbc294ed7cf6d78029f3f8e75b443ee362db2,2024-11,Essex Police,Essex Police,0.283058,51.486555,On or near Shopping Area,E01016011,Thurrock 022A,Other theft,Investigation complete; no suspect identified,
8974bfda880b960f63dc10da24e6c94b2cfdbbc6a600f710e8d22cf7c3fab0cd,2024-11,Essex Police,Essex Police,0.283058,51.486555,On or near Shopping Area,E01016011,Thurrock 022A,Other theft,Investigation complete; no suspect identified,
7dc0e1879da50baa1d7bd2aebd5e6230da3b5fe028c5264cf51ea9ebf6fc7bbb,2024-11,Essex Police,Essex Police,0.283058,51.486555,On or near Shopping Area,E01016011,Thurrock 022A,Other theft,Investigation complete; no suspect identified,
07c56253ce0b6c06a29eb5b23267835d5ba929827f82c936f053d22aee41dd53,2024-11,Essex Police,Essex Police,0.283058,51.486555,On or near Shopping Area,E01016011,Thurrock 022A,Other theft,Investigation complete; no suspect identified,
4832a856b427a3907730fd68645ecef92d969dcbf678e450e9962ba5a87ca730,2024-11,Essex Police,Essex Police,0.283058,51.486555,On or near Shopping Area,E01016011,Thurrock 022A,Other theft,Investigation complete; no suspect identified,
ee8240593dccfc2398cc29411058abf8efdbd51a621956fee84d3ddb261c54bf,2024-11,Essex Police,Essex Police,0.283058,51.486555,On or near Shopping Area,E01016011,Thurrock 022A,Other theft,Investigation complete; no suspect identified,
c1dfe553639dd83cd1ad90f16510abb45fa3775fd8bf0c3de77cb47daaab14ba,2024-11,Essex Police,Essex Police,0.283058,51.486555,On or near Shopping Area,E01016011,Thurrock 022A,Other theft,Unable to prosecute suspect,
6d46b295dae576b77abb03e65389650461d0e441160ba79a96dc8133c2423df1,2024-11,Essex Police,Essex Police,0.283058,51.486555,On or near Shopping Area,E01016011,Thurrock 022A,Other theft,Investigation complete; no suspect identified,
bf0938531e0f58a5db68cb3bf0c2ee0e4d6653aa03042b4c0490fd81053a1548,2024-11,Essex Police,Essex Police,0.283058,51.486555,On or near Shopping Area,E01016011,Thurrock 022A,Robbery,Unable to prosecute suspect,
db263d403247100929d92540fd3b0683ec8e4834a6ec85022a894336030e4dde,2024-11,Essex Police,Essex Police,0.286704,51.477611,On or near Sandy Lane,E01016011,Thurrock 022A,Robbery,Investigation complete; no suspect identified,
b302985a07a208042dfca4cf240ea584666cf063f2e0a4a4196905a6582946e7,2024-11,Essex Police,Essex Police,0.283498,51.486379,On or near Shopping Area,E01016011,Thurrock 022A,Shoplifting,Court result unavailable,
0ac993cd905ba26e3cc97c74886e852664fef5b59552c3801f15225baa532507,2024-11,Essex Police,Essex Police,0.283498,51.486379,On or near Shopping Area,E01016011,Thurrock 022A,Shoplifting,Investigation complete; no suspect identified,
71e0c7fb6f291d12b49e7c39461b62f53507194682c11e6029c9ed336d0d5853,2024-11,Essex Police,Essex Police,0.283058,51.486555,On or near Shopping Area,E01016011,Thurrock 022A,Shoplifting,Investigation complete; no suspect identified,
5f8d9ecc373117061087d1730adb791d6f9789786199b49e9e0e24cda7777875,2024-11,Essex Police,Essex Police,0.283498,51.486379,On or near Shopping Area,E01016011,Thurrock 022A,Shoplifting,Local resolution,
ddbaf4064b4ac3807471f2a75db623b02b78811fe1dab7c40767e6ce4d5103fb,2024-11,Essex Police,Essex Police,0.283058,51.486555,On or near Shopping Area,E01016011,Thurrock 022A,Shoplifting,Investigation complete; no suspect identified,
c766e3075444f52926e5639f03eea4578d4b91104f257df6ffeb26dc3bafcc2d,2024-11,Essex Police,Essex Police,0.283058,51.486555,On or near Shopping Area,E01016011,Thurrock 022A,Shoplifting,Unable to prosecute suspect,
d4319f3ed624076087b45b2f154ab10515ddb03acdc304f9e76628f02d8f2c53,2024-11,Essex Police,Essex Police,0.283058,51.486555,On or near Shopping Area,E01016011,Thurrock 022A,Shoplifting,Investigation complete; no suspect identified,
8bb14fe95e2cbc2cf284bc6cfadc98c3d828b8d44fe6ee63a77f0651393389a5,2024-11,Essex Police,Essex Police,0.283498,51.486379,On or near Shopping Area,E01016011,Thurrock 022A,Shoplifting,Offender given a caution,
8799e40625a1d3527bb3141594cb1ce11b01c68b4434169b7bbb79485f26dac2,2024-11,Essex Police,Essex Police,0.283058,51.486555,On or near Shopping Area,E01016011,Thurrock 022A,Shoplifting,Investigation complete; no suspect identified,
a991f9b3f3226d72035960688f120aa66238560e8c92f147716f43110fc3be7b,2024-11,Essex Police,Essex Police,0.284445,51.485731,On or near Shopping Area,E01016011,Thurrock 022A,Shoplifting,Court result unavailable,
17a322f6d04cc3b448030e78644f5be10cb2533ac0eb129caf89d4b28474b541,2024-11,Essex Police,Essex Police,0.283498,51.486379,On or near Shopping Area,E01016011,Thurrock 022A,Shoplifting,Unable to prosecute suspect,
e5440f8d3970f7ab2a37833c76cb2f1297044527405862925ede02c673f9a933,2024-11,Essex Police,Essex Police,0.283058,51.486555,On or near Shopping Area,E01016011,Thurrock 022A,Shoplifting,Local resolution,
1f310401d30b3954c504e93f7ca14940759d31c91ace0300e6859b46cac848a3,2024-11,Essex Police,Essex Police,0.283058,51.486555,On or near Shopping Area,E01016011,Thurrock 022A,Shoplifting,Investigation complete; no suspect identified,
a12bb521283c128f49c4253474c59679c599f903b357dbd438c99226c446bb9e,2024-11,Essex Police,Essex Police,0.283058,51.486555,On or near Shopping Area,E01016011,Thurrock 022A,Shoplifting,Investigation complete; no suspect identified,
6cf3ecee6dccd465da48ed92c8e99b8db8a0e2e62c305a18d79bf47b0a14f5ab,2024-11,Essex Police,Essex Police,0.283058,51.486555,On or near Shopping Area,E01016011,Thurrock 022A,Shoplifting,Local resolution,
b40a9581571bd5bacdc492a6925ff4aa00ae49494b318e442e6049b5a791b7d4,2024-11,Essex Police,Essex Police,0.283498,51.486379,On or near Shopping Area,E01016011,Thurrock 022A,Shoplifting,Investigation complete; no suspect identified,
8fdc6f0a6ca7d1810c6bcff04231757558f04450af0ed0dedef725e02ce435e7,2024-11,Essex Police,Essex Police,0.283058,51.486555,On or near Shopping Area,E01016011,Thurrock 022A,Shoplifting,Investigation complete; no suspect identified,
b0f779b88259a01a767bc5ef29d472a8673f571c7906238a6ba483a400936a2f,2024-11,Essex Police,Essex Police,0.283058,51.486555,On or near Shopping Area,E01016011,Thurrock 022A,Shoplifting,Investigation complete; no suspect identified,
463fc8840e42035fbc435f9e8c9a2bc57a3c6c22bd9273a466bd21904b1b1f92,2024-11,Essex Police,Essex Police,0.283058,51.486555,On or near Shopping Area,E01016011,Thurrock 022A,Shoplifting,Investigation complete; no suspect identified,
19d9a4d02de0b0f8e73bb7637fa9cc594f3fe2c2fdc08c850af3ea5aace04e49,2024-11,Essex Police,Essex Police,0.283058,51.486555,On or near Shopping Area,E01016011,Thurrock 022A,Shoplifting,Investigation complete; no suspect identified,
23015d887044fd8683f0b0faf8798fe87b74acbade886d47ac83c9e8549b461f,2024-11,Essex Police,Essex Police,0.283058,51.486555,On or near Shopping Area,E01016011,Thurrock 022A,Shoplifting,Investigation complete; no suspect identified,
557f496c0f776f41bd3890c3669a9289d8167cf7611eb871c9a0edf3e89ed214,2024-11,Essex Police,Essex Police,0.283058,51.486555,On or near Shopping Area,E01016011,Thurrock 022A,Shoplifting,Investigation complete; no suspect identified,
3da2431ceba894e305fe3d85af05eef52a3898bf6dfeded764b22c0959c191f1,2024-11,Essex Police,Essex Police,0.283058,51.486555,On or near Shopping Area,E01016011,Thurrock 022A,Shoplifting,Investigation complete; no suspect identified,
747a037cc38b14c26a32d3c0793a8a20bb1c12aa6ef3ed57b61f302386a14c5b,2024-11,Essex Police,Essex Police,0.283058,51.486555,On or near Shopping Area,E01016011,Thurrock 022A,Shoplifting,Investigation complete; no suspect identified,
8b3845275519e45fb3fbe2004775e263c050e3ecfa266bfbfaeab3840df6c787,2024-11,Essex Police,Essex Police,0.283090,51.481675,On or near Heron Way,E01016011,Thurrock 022A,Shoplifting,Unable to prosecute suspect,
ab09908b5fd4f40693a0f923081b36c6ca2184a0170fc8de200093d5408d96c9,2024-11,Essex Police,Essex Police,0.283058,51.486555,On or near Shopping Area,E01016011,Thurrock 022A,Shoplifting,Investigation complete; no suspect identified,
798a6e187f455bbe715c08ee9304ac2ede3efaccc320284e114321179262bb05,2024-11,Essex Police,Essex Police,0.283058,51.486555,On or near Shopping Area,E01016011,Thurrock 022A,Shoplifting,Local resolution,
ebc446e6120e496e49808d3279531d43d5975b251aec0df86eceabbf3690b2b3,2024-11,Essex Police,Essex Police,0.283058,51.486555,On or near Shopping Area,E01016011,Thurrock 022A,Shoplifting,Unable to prosecute suspect,
d83b31833fd898fac6d73264393acbd68096307722bdc4f517077997b5082408,2024-11,Essex Police,Essex Police,0.283058,51.486555,On or near Shopping Area,E01016011,Thurrock 022A,Shoplifting,Investigation complete; no suspect identified,
6dfb7b8d1023e451074edc6a276091b6ac1963cdeac658e29ca1e6e6d2d62c85,2024-11,Essex Police,Essex Police,0.283498,51.486379,On or near Shopping Area,E01016011,Thurrock 022A,Shoplifting,Local resolution,
627c0a522992a3a11942773d5cd9e217b69f8021a22c2ec3a44fdae066c392d9,2024-11,Essex Police,Essex Police,0.283058,51.486555,On or near Shopping Area,E01016011,Thurrock 022A,Theft from the person,Investigation complete; no suspect identified,
24d0c4420ea209105328786035afc8c75389f0d656b6a1f9804af93c7e3d7d01,2024-11,Essex Police,Essex Police,0.283058,51.486555,On or near Shopping Area,E01016011,Thurrock 022A,Theft from the person,Investigation complete; no suspect identified,
24e1cf122c3a1a93546b93d965306c04ae6794b8b269b9ab413e8a8277566adb,2024-11,Essex Police,Essex Police,0.283058,51.486555,On or near Shopping Area,E01016011,Thurrock 022A,Theft from the person,Investigation complete; no suspect identified,
8614a753e49c51784fd74ecbac7c8b713086ba27cf043f204555aa47a7dde837,2024-11,Essex Police,Essex Police,0.283090,51.481675,On or near Heron Way,E01016011,Thurrock 022A,Vehicle crime,Investigation complete; no suspect identified,
4d435388e62ef38031b9527628c676066b19fe0e63bb202e769202fcad7bdc58,2024-11,Essex Police,Essex Police,0.283090,51.481675,On or near Heron Way,E01016011,Thurrock 022A,Vehicle crime,Unable to prosecute suspect,
ff867411884d2bc7720d7266404f354f676cd2c2e8915c41883f9948307127cc,2024-11,Essex Police,Essex Police,0.282413,51.479483,On or near Shopping Area,E01016011,Thurrock 022A,Vehicle crime,Investigation complete; no suspect identified,
068ac47de26bc91a7fb54431540450fffeec286c0f88ae4e16f94d96664c6375,2024-11,Essex Police,Essex Police,0.283058,51.486555,On or near Shopping Area,E01016011,Thurrock 022A,Vehicle crime,Investigation complete; no suspect identified,
4991d5f009850a55b5de9bba1bb4d94a68a186574f33e24d029a81075fc3d7de,2024-11,Essex Police,Essex Police,0.291190,51.477173,On or near South View Road,E01016011,Thurrock 022A,Vehicle crime,Investigation complete; no suspect identified,
69a3d6361430b04f562fcc2e5f5e73bc5a21e32a8bbbe242203e92772570e56f,2024-11,Essex Police,Essex Police,0.283058,51.486555,On or near Shopping Area,E01016011,Thurrock 022A,Vehicle crime,Investigation complete; no suspect identified,
8c12cb3f2585d63458aa2cb4ad31bc160e32ecb12ffad0877dbd0d2ec2b506e1,2024-11,Essex Police,Essex Police,0.282413,51.479483,On or near Shopping Area,E01016011,Thurrock 022A,Vehicle crime,Investigation complete; no suspect identified,
dc57a22decc2b3de684a7cf8079b9de1970a3cbb00c6d8cf5a3b5baf87e428df,2024-11,Essex Police,Essex Police,0.283498,51.486379,On or near Shopping Area,E01016011,Thurrock 022A,Vehicle crime,Investigation complete; no suspect identified,
e6c1a010fe3e1b3f008a81c6ee6433300a9433be6d8ae4926fcc1ddfdf2b4ae8,2024-11,Essex Police,Essex Police,0.283090,51.481675,On or near Heron Way,E01016011,Thurrock 022A,Vehicle crime,Investigation complete; no suspect identified,
38c2d264df313595fe7a15aff03c44498f5882398c73be00d4ac9f552e79025a,2024-11,Essex Police,Essex Police,0.284083,51.484542,On or near Parking Area,E01016011,Thurrock 022A,Vehicle crime,Investigation complete; no suspect identified,
b7067ac46ad52ab43906c1948dfe982d795a702bb93081018b7886c07324497f,2024-11,Essex Police,Essex Police,0.282413,51.479483,On or near Shopping Area,E01016011,Thurrock 022A,Vehicle crime,Investigation complete; no suspect identified,
e128aa1fece7560094492034f46c556702120312b57c86906a8a33d364441f63,2024-11,Essex Police,Essex Police,0.282413,51.479483,On or near Shopping Area,E01016011,Thurrock 022A,Vehicle crime,Investigation complete; no suspect identified,
5314edc0c54b515b6f0391dc25e11aa7330e3dd665c8082942ed2bb5b07f52bb,2024-11,Essex Police,Essex Police,0.284083,51.484542,On or near Parking Area,E01016011,Thurrock 022A,Vehicle crime,Investigation complete; no suspect identified,
f50d520aa7d095f14830bc836d390e49aa30871c475dc1a53a6c33afc53f0a07,2024-11,Essex Police,Essex Police,0.283058,51.486555,On or near Shopping Area,E01016011,Thurrock 022A,Vehicle crime,Investigation complete; no suspect identified,
70e26fce923a6064ed4aba4750407303e20c710ded6d1cdae5b3da46815c7767,2024-11,Essex Police,Essex Police,0.282413,51.479483,On or near Shopping Area,E01016011,Thurrock 022A,Vehicle crime,Investigation complete; no suspect identified,
750706b5204af411c4745b2c872a01b41168d2247f9ce93e848ea6b46ed4e9ee,2024-11,Essex Police,Essex Police,0.284083,51.484542,On or near Parking Area,E01016011,Thurrock 022A,Violence and sexual offences,Unable to prosecute suspect,
dcd4d398ea1f807cf2c69ca00c4ab842f3e8fe80b1fd844b8fd3549d2b74ac60,2024-11,Essex Police,Essex Police,0.283058,51.486555,On or near Shopping Area,E01016011,Thurrock 022A,Violence and sexual offences,Investigation complete; no suspect identified,
6b0d831f6f493bbaf5ceeab4c478dc609225fd71e4cf3c67a689a541688e1525,2024-11,Essex Police,Essex Police,0.283058,51.486555,On or near Shopping Area,E01016011,Thurrock 022A,Violence and sexual offences,Unable to prosecute suspect,
dc2d1bdac97e5b5ef95bcc70b9fefbb13bf94d418881891b0465fcc06cadac42,2024-11,Essex Police,Essex Police,0.283058,51.486555,On or near Shopping Area,E01016011,Thurrock 022A,Violence and sexual offences,Unable to prosecute suspect,
923ff0a8e0a1daa671a190161209e0999ed30fa3968b338f698681dd02f6f471,2024-11,Essex Police,Essex Police,0.283090,51.481675,On or near Heron Way,E01016011,Thurrock 022A,Violence and sexual offences,Unable to prosecute suspect,
e83b68202e617cfe8966a9d1c2db65a2dce674889551fa4a81c0557bfed7c029,2024-11,Essex Police,Essex Police,0.283058,51.486555,On or near Shopping Area,E01016011,Thurrock 022A,Violence and sexual offences,Investigation complete; no suspect identified,
ca2fb32ebe2be59267d835dae648d6e724b17b00b3a4fbf830e9a1037a446dc9,2024-11,Essex Police,Essex Police,0.283090,51.481675,On or near Heron Way,E01016011,Thurrock 022A,Violence and sexual offences,Unable to prosecute suspect,
adbdb23a43685fd0963d40f5b015770af3727a4fa4bbdc8413c401272f7a7d8e,2024-11,Essex Police,Essex Police,0.284083,51.484542,On or near Parking Area,E01016011,Thurrock 022A,Violence and sexual offences,Investigation complete; no suspect identified,
3070c9638faecaae61ccbdca2318d2c853563ffca15624f3673049bd55bb22cb,2024-11,Essex Police,Essex Police,0.291190,51.477173,On or near South View Road,E01016011,Thurrock 022A,Violence and sexual offences,Investigation complete; no suspect identified,
a2c819ed4cad4ea7bc4d85d7a9e4d08f8e203b6422e45670ce9fd29d83b428ab,2024-11,Essex Police,Essex Police,0.283058,51.486555,On or near Shopping Area,E01016011,Thurrock 022A,Violence and sexual offences,Unable to prosecute suspect,
b46b8c9d2847e83286d5f88ee18c369905ee97328ea6c645b8163259e89244a4,2024-11,Essex Police,Essex Police,0.283058,51.486555,On or near Shopping Area,E01016011,Thurrock 022A,Violence and sexual offences,Investigation complete; no suspect identified,
e6a7c33bbb82edb97cd398dfd742916e68815bc1d93cbd75d5b41f16eebd0758,2024-11,Essex Police,Essex Police,0.283058,51.486555,On or near Shopping Area,E01016011,Thurrock 022A,Violence and sexual offences,Investigation complete; no suspect identified,
033e6900ff119e715a5df6306a3a9a8504cf6782ed7febab9f39aaed8d703830,2024-11,Essex Police,Essex Police,0.284445,51.485731,On or near Shopping Area,E01016011,Thurrock 022A,Violence and sexual offences,Investigation complete; no suspect identified,
5c2a965581e2786752b7bfaefed653850b7360a6212276bc6155632c3c06ceb7,2024-11,Essex Police,Essex Police,0.283058,51.486555,On or near Shopping Area,E01016011,Thurrock 022A,Violence and sexual offences,Investigation complete; no suspect identified,
39d89921772a4016e2e261622772592219ab85623958b85e2017d4a639ef4897,2024-11,Essex Police,Essex Police,0.283058,51.486555,On or near Shopping Area,E01016011,Thurrock 022A,Violence and sexual offences,Unable to prosecute suspect,
,2024-11,Essex Police,Essex Police,0.300185,51.475639,On or near Gumley Close,E01016015,Thurrock 022B,Anti-social behaviour,,
16106893f2bff05eeafbeeb37639a208da23878f3c63894b2750db8cb220c70d,2024-11,Essex Police,Essex Police,0.296015,51.476323,On or near Angle Road,E01016015,Thurrock 022B,Criminal damage and arson,Unable to prosecute suspect,
4ebf73dabdfc109ea3cf327882f8b4fc919b08e905edd171565abfe7f0a5fa58,2024-11,Essex Police,Essex Police,0.305722,51.480053,On or near Devonshire Road,E01016015,Thurrock 022B,Other theft,Investigation complete; no suspect identified,
dea46f82ce21e5e4bce7e2af0247529bd0b9433277eb341551e7da08f8c08655,2024-11,Essex Police,Essex Police,0.300185,51.475639,On or near Gumley Close,E01016015,Thurrock 022B,Violence and sexual offences,Status update unavailable,
eccfdf9831da8bfa26cf36210eaa439c86445497d284c8a4b5b7f142da88defe,2024-11,Essex Police,Essex Police,0.300185,51.475639,On or near Gumley Close,E01016015,Thurrock 022B,Violence and sexual offences,Court result unavailable,
79942f79be0e8f7c716d032b91ce0a2f63ecf23440a16ac3326036ccd10d8b33,2024-11,Essex Police,Essex Police,0.296015,51.476323,On or near Angle Road,E01016015,Thurrock 022B,Violence and sexual offences,Unable to prosecute suspect,
1d0ec5e3b31cf4482a89a533615007fc1f5f615371845022efe04cf7cc5dfe47,2024-11,Essex Police,Essex Police,0.300185,51.475639,On or near Gumley Close,E01016015,Thurrock 022B,Violence and sexual offences,Unable to prosecute suspect,
d4afb6629f15c1b56df6d88cfd2960ffe960d8db05836cd3bd95faf8fb5a9e00,2024-11,Essex Police,Essex Police,0.300185,51.475639,On or near Gumley Close,E01016015,Thurrock 022B,Violence and sexual offences,Unable to prosecute suspect,
01dc21e8ae2f2d16ab1b420c5c9fd7019fdc25fcde44768d3da7f7b13772e73f,2024-11,Essex Police,Essex Police,0.300185,51.475639,On or near Gumley Close,E01016015,Thurrock 022B,Violence and sexual offences,Unable to prosecute suspect,
3540954a899c706bc771d289aaa623574941fdc510e84155435df2196a452870,2024-11,Essex Police,Essex Police,0.300185,51.475639,On or near Gumley Close,E01016015,Thurrock 022B,Violence and sexual offences,Unable to prosecute suspect,
,2024-11,Essex Police,Essex Police,0.279953,51.483741,On or near West Thurrock Way,E01034370,Thurrock 022C,Anti-social behaviour,,
,2024-11,Essex Police,Essex Police,0.271792,51.467640,On or near Oliver Road,E01034370,Thurrock 022C,Anti-social behaviour,,
,2024-11,Essex Police,Essex Police,0.279953,51.483741,On or near West Thurrock Way,E01034370,Thurrock 022C,Anti-social behaviour,,
,2024-11,Essex Police,Essex Police,0.274933,51.481276,On or near Killarney Crescent,E01034370,Thurrock 022C,Anti-social behaviour,,
,2024-11,Essex Police,Essex Police,0.279751,51.487198,On or near Park/Open Space,E01034370,Thurrock 022C,Anti-social behaviour,,
,2024-11,Essex Police,Essex Police,0.277629,51.487114,On or near Shopping Area,E01034370,Thurrock 022C,Anti-social behaviour,,
,2024-11,Essex Police,Essex Police,0.276730,51.475134,On or near Fox Field Close,E01034370,Thurrock 022C,Anti-social behaviour,,
2a590a3207a5f7d106c331f76aa54b2a3ce60533810544355c687c4e04e04add,2024-11,Essex Police,Essex Police,0.272832,51.484509,On or near Parking Area,E01034370,Thurrock 022C,Bicycle theft,Investigation complete; no suspect identified,
b753bd63bcac765c2ab01a241b98335961da4376f41c6fb2c5b18fee5871586c,2024-11,Essex Police,Essex Police,0.276730,51.475134,On or near Fox Field Close,E01034370,Thurrock 022C,Burglary,Investigation complete; no suspect identified,
1e11e6877befc940adf1918a4d8706a18194da2b0c4d145c1c85ac04dd5f6c81,2024-11,Essex Police,Essex Police,0.275620,51.488996,On or near Supermarket,E01034370,Thurrock 022C,Criminal damage and arson,Investigation complete; no suspect identified,
cd36aef1cd4b53c6bb2788fb2c6e429d656137fcb2a550fd608bd2f4e164f113,2024-11,Essex Police,Essex Police,0.275123,51.482792,On or near Dovestone Close,E01034370,Thurrock 022C,Criminal damage and arson,Investigation complete; no suspect identified,
e070120d30106c7397539cc6ae2dcc676fa6dc7b181d70f23f3eee7793d869bd,2024-11,Essex Police,Essex Police,0.279751,51.487198,On or near Park/Open Space,E01034370,Thurrock 022C,Criminal damage and arson,Court result unavailable,
8bc5d0c6bc96ff85e6b36b8ebb02fd0d887811932a4dc3a9b83c310c1520bde7,2024-11,Essex Police,Essex Police,0.275620,51.488996,On or near Supermarket,E01034370,Thurrock 022C,Drugs,Local resolution,
2601816d67e48f3f033a5931f5c139aa4e6445ef4654bb5b0a990bb2788e2c42,2024-11,Essex Police,Essex Police,0.276730,51.475134,On or near Fox Field Close,E01034370,Thurrock 022C,Drugs,Investigation complete; no suspect identified,
ef3a806cea4ae729a9bca6526f0810d197cea3c5cdbc8dca5c9315b3208abe0d,2024-11,Essex Police,Essex Police,0.272267,51.492288,On or near Motorway Service Area,E01034370,Thurrock 022C,Other theft,Investigation complete; no suspect identified,
2eef189c0ed68daec4c1fa9397fa7d3de555b53262ced475b756630d028f7dcb,2024-11,Essex Police,Essex Police,0.272832,51.484509,On or near Parking Area,E01034370,Thurrock 022C,Other theft,Investigation complete; no suspect identified,
5b4d98610f77111b51559d18b9dd85de798ba3e530534476865e391287431be1,2024-11,Essex Police,Essex Police,0.279751,51.487198,On or near Park/Open Space,E01034370,Thurrock 022C,Other theft,Investigation complete; no suspect identified,
1198348bc5a58fd596f36f08cb0f3f517559404cc27292ade450c026c1e80ceb,2024-11,Essex Police,Essex Police,0.291604,51.472515,On or near St Clement'S Road,E01034370,Thurrock 022C,Other theft,Unable to prosecute suspect,
97374cd186705f9ad0db457f9249b069574864c19e9d0df96082bbd31bccdd7f,2024-11,Essex Police,Essex Police,0.275620,51.488996,On or near Supermarket,E01034370,Thurrock 022C,Other theft,Investigation complete; no suspect identified,
abad1bde5d44cb58409061924df480c133bbc532fd866a3f3e2237c96f0ce961,2024-11,Essex Police,Essex Police,0.274933,51.481276,On or near Killarney Crescent,E01034370,Thurrock 022C,Other theft,Local resolution,
310d92c26b68adf2af8ff0e544722bde2f2cf69bbfa8b611f7bc1f344fd82e2d,2024-11,Essex Police,Essex Police,0.275123,51.482792,On or near Dovestone Close,E01034370,Thurrock 022C,Possession of weapons,Court result unavailable,
c2c04ff2bf8b62cfdb3b6db91903bc32624d888ec518384d9dfc0321925830ed,2024-11,Essex Police,Essex Police,0.277629,51.487114,On or near Shopping Area,E01034370,Thurrock 022C,Public order,Unable to prosecute suspect,
c7e890dfba55ade75e818416e32d4ef80dce1e4c2bfb223a175619393f379eb2,2024-11,Essex Police,Essex Police,0.275620,51.488996,On or near Supermarket,E01034370,Thurrock 022C,Public order,Court result unavailable,
ec0c12223585b6bf2130bf25bed6256fab12b80f53bd30a69efd30a9f8a88c64,2024-11,Essex Police,Essex Police,0.272832,51.484509,On or near Parking Area,E01034370,Thurrock 022C,Public order,Court result unavailable,
1823f612e00cff571710c12625158d2c923428dbe639261f3041cf1b840fd748,2024-11,Essex Police,Essex Police,0.250083,51.478823,On or near Keswick Gardens,E01034370,Thurrock 022C,Public order,Unable to prosecute suspect,
36566f2964c08ff708cbb3c3853f24e7c2481fda87db9c8c38626ec15804c48d,2024-11,Essex Police,Essex Police,0.273869,51.487393,On or near Petrol Station,E01034370,Thurrock 022C,Public order,Investigation complete; no suspect identified,
b955db1784a122045ecc4d6432c946a2d318c173f4efa41df18b6e1c2f50422f,2024-11,Essex Police,Essex Police,0.277195,51.485917,On or near Shopping Area,E01034370,Thurrock 022C,Public order,Investigation complete; no suspect identified,
669880f07e435dd8b1eff08066b297bd4f273602ce15bae54811ceed0eb5963c,2024-11,Essex Police,Essex Police,0.279953,51.483741,On or near West Thurrock Way,E01034370,Thurrock 022C,Public order,Investigation complete; no suspect identified,
91648f05479a81ac209b48de5922cbc034454f0340089b0bdf315e69d3154ee0,2024-11,Essex Police,Essex Police,0.275620,51.488996,On or near Supermarket,E01034370,Thurrock 022C,Shoplifting,Investigation complete; no suspect identified,
c5f7855832e9e1ab1399a3597ffccebe8dab00bdd65ea03702529dd0622f7670,2024-11,Essex Police,Essex Police,0.273869,51.487393,On or near Petrol Station,E01034370,Thurrock 022C,Shoplifting,Investigation complete; no suspect identified,
46fbb90b2f52645eb716d7851f4729bd9d60708673a343115ee40a0067cbe34b,2024-11,Essex Police,Essex Police,0.272832,51.484509,On or near Parking Area,E01034370,Thurrock 022C,Shoplifting,Investigation complete; no suspect identified,
c87a5af69ae8c6b8475af001646933e6cd352bc80a590e7956851f91c1a7b567,2024-11,Essex Police,Essex Police,0.278077,51.479910,On or near Motherwell Way,E01034370,Thurrock 022C,Shoplifting,Unable to prosecute suspect,
a119ceb72fb02078b0e5dd7c4ecd63d43d3ccf6911f2b1a1e07562c031b46599,2024-11,Essex Police,Essex Police,0.273869,51.487393,On or near Petrol Station,E01034370,Thurrock 022C,Shoplifting,Investigation complete; no suspect identified,
6f02f58cb0b25fd2df5b7d3d5d12b2f821c4601063da813be422d7d1c7613813,2024-11,Essex Police,Essex Police,0.275620,51.488996,On or near Supermarket,E01034370,Thurrock 022C,Shoplifting,Court result unavailable,
fdc370508a3df0b61d1453280b286a2ac6aab97aac3734700a78eb418efa2921,2024-11,Essex Police,Essex Police,0.273869,51.487393,On or near Petrol Station,E01034370,Thurrock 022C,Shoplifting,Unable to prosecute suspect,
f2ac5396f1e9e5e863b09f0fd7de8d0e672fce16ca509456c9d2de020f859413,2024-11,Essex Police,Essex Police,0.273794,51.486642,On or near Shopping Area,E01034370,Thurrock 022C,Shoplifting,Local resolution,
af21265e48bff4ed3e5533fb1bda22ba0126610db67df734386e4be0483e7fd3,2024-11,Essex Police,Essex Police,0.272832,51.484509,On or near Parking Area,E01034370,Thurrock 022C,Shoplifting,Investigation complete; no suspect identified,
eedcca2d3860ea4ef2606bcb4c58dcf803fc1665e05ad3b11b21ec372b2d7c0d,2024-11,Essex Police,Essex Police,0.272832,51.484509,On or near Parking Area,E01034370,Thurrock 022C,Shoplifting,Investigation complete; no suspect identified,
00dc182d01982103f97b7bd79672dbac9ba187e7be02532573b68dea4475aefe,2024-11,Essex Police,Essex Police,0.273869,51.487393,On or near Petrol Station,E01034370,Thurrock 022C,Shoplifting,Investigation complete; no suspect identified,
d923cde0d91ef9a453cc928cea2ed23a5009da953e8bea4572b61859b6b426ec,2024-11,Essex Police,Essex Police,0.279953,51.483741,On or near West Thurrock Way,E01034370,Thurrock 022C,Shoplifting,Unable to prosecute suspect,
8c2e5b00b0242597c585757913f953e6d725e67fc0f96d7c77a4246817814861,2024-11,Essex Police,Essex Police,0.275620,51.488996,On or near Supermarket,E01034370,Thurrock 022C,Shoplifting,Court result unavailable,
14bf26d737db06bfa2c59cebb33079554b0eda72ae224256b9b72e2a6f8ede89,2024-11,Essex Police,Essex Police,0.275413,51.486006,On or near Lake Rise,E01034370,Thurrock 022C,Shoplifting,Investigation complete; no suspect identified,
71abdbc7a2dbcef14a927d80f61e1a6d939e9f71910fa35ddd17c084d462a19a,2024-11,Essex Police,Essex Police,0.272832,51.484509,On or near Parking Area,E01034370,Thurrock 022C,Shoplifting,Investigation complete; no suspect identified,
f571895636184a1ae053d78f4584faa733715a65fff94b2aa6967fa0a905d5a4,2024-11,Essex Police,Essex Police,0.272832,51.484509,On or near Parking Area,E01034370,Thurrock 022C,Shoplifting,Court result unavailable,
f6cf14a74b087f4d3af06070e42a2f42f5b338b7ecf9e183ff757a3f20703d52,2024-11,Essex Police,Essex Police,0.277195,51.485917,On or near Shopping Area,E01034370,Thurrock 022C,Shoplifting,Investigation complete; no suspect identified,
ae354569c5c616493f456e7d045b4692f5403db2353ca1bebc85abbee035b983,2024-11,Essex Police,Essex Police,0.272832,51.484509,On or near Parking Area,E01034370,Thurrock 022C,Shoplifting,Court result unavailable,
759ff90047bab4cf380b44d693002447ee24c0d6389d4ee86f8a2923d0b6b802,2024-11,Essex Police,Essex Police,0.279953,51.483741,On or near West Thurrock Way,E01034370,Thurrock 022C,Shoplifting,Unable to prosecute suspect,
cab596afea68d8400515d68bb39217b6b924c490c906a84b9b8fd7a8743ac1fd,2024-11,Essex Police,Essex Police,0.275620,51.488996,On or near Supermarket,E01034370,Thurrock 022C,Shoplifting,Court result unavailable,
c85cf3b246f986f0e23978fdf7415bd9c0afccfceaf669b0c448746ede142066,2024-11,Essex Police,Essex Police,0.274933,51.481276,On or near Killarney Crescent,E01034370,Thurrock 022C,Shoplifting,Status update unavailable,
af795946b4994efa7d4c18ccfdbd2cb98a07738ffa6d7dfd11c8a8aaa9d3b209,2024-11,Essex Police,Essex Police,0.279751,51.487198,On or near Park/Open Space,E01034370,Thurrock 022C,Shoplifting,Unable to prosecute suspect,
4d8db7e2e032a27847f14ad403696a3f4c1c77b4509bb537da7311047d802794,2024-11,Essex Police,Essex Police,0.272267,51.492288,On or near Motorway Service Area,E01034370,Thurrock 022C,Vehicle crime,Investigation complete; no suspect identified,
aed449bdb48d514a0a61b85731e2ca26ae1be3c70a27dcdba8a2ca5b0078c5a0,2024-11,Essex Police,Essex Police,0.279953,51.483741,On or near West Thurrock Way,E01034370,Thurrock 022C,Vehicle crime,Investigation complete; no suspect identified,
48c16556af1b12a21933a2d38af570aa9d0e2fa6d3ea8e7e4ad8cf948893de6d,2024-11,Essex Police,Essex Police,0.272267,51.492288,On or near Motorway Service Area,E01034370,Thurrock 022C,Vehicle crime,Investigation complete; no suspect identified,
c2d49dbfbd7d565f6bbda48bd6149def258fae23e7f6e7fbb8fb5580d8ca45b3,2024-11,Essex Police,Essex Police,0.279953,51.483741,On or near West Thurrock Way,E01034370,Thurrock 022C,Vehicle crime,Investigation complete; no suspect identified,
e944357ba447ac2077af75049d5963de2024c8436d66dc0151d36a37883163a7,2024-11,Essex Police,Essex Police,0.272267,51.492288,On or near Motorway Service Area,E01034370,Thurrock 022C,Vehicle crime,Investigation complete; no suspect identified,
43da16a1af3d0aaeebfe412f0690e449aa866a5f4b503af2c9e77b4364ce446a,2024-11,Essex Police,Essex Police,0.275620,51.488996,On or near Supermarket,E01034370,Thurrock 022C,Vehicle crime,Investigation complete; no suspect identified,
fb19a1e6fc639faf80a8cbde96d24ec776207516b27804a4498189ed854862e8,2024-11,Essex Police,Essex Police,0.272267,51.492288,On or near Motorway Service Area,E01034370,Thurrock 022C,Vehicle crime,Investigation complete; no suspect identified,
96d296c8a9f26dd0a8b9c6a076c4a83c7924929a9ed9fdcbdb67039de545c31f,2024-11,Essex Police,Essex Police,0.272267,51.492288,On or near Motorway Service Area,E01034370,Thurrock 022C,Vehicle crime,Investigation complete; no suspect identified,
2b795fbad9bc203fc6db863b87134de852de799f33c43399c9d29b7c00669dd2,2024-11,Essex Police,Essex Police,0.277195,51.485917,On or near Shopping Area,E01034370,Thurrock 022C,Vehicle crime,Investigation complete; no suspect identified,
86ac9de50f0788c56a985730ae0855cd5cd533e0c226f4eda50b35cb060b0ac5,2024-11,Essex Police,Essex Police,0.279953,51.483741,On or near West Thurrock Way,E01034370,Thurrock 022C,Vehicle crime,Unable to prosecute suspect,
6e7de533c0c28650a36f428cf490f02907b4087130d585c2c6faa4add756de07,2024-11,Essex Police,Essex Police,0.277195,51.485917,On or near Shopping Area,E01034370,Thurrock 022C,Vehicle crime,Investigation complete; no suspect identified,
9c5e71e96f0e97ee2d7e06179829cf47fb3b79de30346e11ef8206cdf17197ee,2024-11,Essex Police,Essex Police,0.279751,51.487198,On or near Park/Open Space,E01034370,Thurrock 022C,Vehicle crime,Unable to prosecute suspect,
050a0b3c1aba2e68feab7b8b3ae1f4f6cab47deb68b0272e0ed88cf2f5116229,2024-11,Essex Police,Essex Police,0.252283,51.479348,On or near Joslin Road,E01034370,Thurrock 022C,Vehicle crime,Investigation complete; no suspect identified,
865a84d0dd98aa4445230cd0ba78d57cbab16cd56b4c90febf6104a1b39258e9,2024-11,Essex Police,Essex Police,0.272267,51.492288,On or near Motorway Service Area,E01034370,Thurrock 022C,Vehicle crime,Investigation complete; no suspect identified,
36f7dadd0de531f3bf8675f3a8ff84b70d2e9d60b54fe89cff774ade68e179e5,2024-11,Essex Police,Essex Police,0.274746,51.469120,On or near Oliver Road,E01034370,Thurrock 022C,Vehicle crime,Investigation complete; no suspect identified,
b8518a7d911325f0ec5d5dba395e3e2663ed7c6bf1c4fd1b5c790cbedb215aa7,2024-11,Essex Police,Essex Police,0.274933,51.481276,On or near Killarney Crescent,E01034370,Thurrock 022C,Vehicle crime,Investigation complete; no suspect identified,
cdd2e4e60580ef1f8bcfec8abc03d61ff16d7b8234454d03185205a5ae5fbb4f,2024-11,Essex Police,Essex Police,0.279953,51.483741,On or near West Thurrock Way,E01034370,Thurrock 022C,Vehicle crime,Investigation complete; no suspect identified,
543e624669d70e7c0064adc61e1f03416e77d7de1b258f7f792b2e827bcd34f5,2024-11,Essex Police,Essex Police,0.279953,51.483741,On or near West Thurrock Way,E01034370,Thurrock 022C,Vehicle crime,Investigation complete; no suspect identified,
4eb10c14bfb111b471024f2073316c9e22fded57ab76ac153b7a80b5d45a76bf,2024-11,Essex Police,Essex Police,0.279751,51.487198,On or near Park/Open Space,E01034370,Thurrock 022C,Violence and sexual offences,Status update unavailable,
c390291b0e4fbc6db7ff5c20c49ccee7655d0b95361f4c08086cbceb7061f02c,2024-11,Essex Police,Essex Police,0.273999,51.486824,On or near Cygnet View,E01034370,Thurrock 022C,Violence and sexual offences,Investigation complete; no suspect identified,
ea67db3aeebe75e5ba39716fdff6f6277cc57904f2caad3bfaa8f9e4971c0351,2024-11,Essex Police,Essex Police,0.277629,51.487114,On or near Shopping Area,E01034370,Thurrock 022C,Violence and sexual offences,Investigation complete; no suspect identified,
c91417df3808147fc2b5d5085d26b3d7af7198ab53012a67806fed14efe6d153,2024-11,Essex Police,Essex Police,0.275413,51.486006,On or near Lake Rise,E01034370,Thurrock 022C,Violence and sexual offences,Investigation complete; no suspect identified,
9634f629390a3c7497e8aeb408a3da9953418babe8ce49c46fa30335d1b849e7,2024-11,Essex Police,Essex Police,0.272267,51.492288,On or near Motorway Service Area,E01034370,Thurrock 022C,Violence and sexual offences,Unable to prosecute suspect,
804838ac7f113e6063403c2cd00cd8fdcf5970b7e01f405b0519f5f18a38a8bb,2024-11,Essex Police,Essex Police,0.277629,51.487114,On or near Shopping Area,E01034370,Thurrock 022C,Violence and sexual offences,Investigation complete; no suspect identified,
37fea532c8d0e11456d542021164d578801a8355a69a6d519ffe8321601af1f7,2024-11,Essex Police,Essex Police,0.275620,51.488996,On or near Supermarket,E01034370,Thurrock 022C,Violence and sexual offences,Court result unavailable,
9a654c03c7bd764b75a0c32d56d6e01a7035f67c03beba9fb833ebfff9c8d850,2024-11,Essex Police,Essex Police,0.275620,51.488996,On or near Supermarket,E01034370,Thurrock 022C,Violence and sexual offences,Court result unavailable,
2d3547ef01c744b3d3aee87a37e569dad0a24d03ef6b5d94c5b1c6a4d5732251,2024-11,Essex Police,Essex Police,0.252283,51.479348,On or near Joslin Road,E01034370,Thurrock 022C,Violence and sexual offences,Offender given a caution,
05d28835802b3000a517a13fb197e6b52b163a007de38ccd1c6073937bf3bd8c,2024-11,Essex Police,Essex Police,0.250083,51.478823,On or near Keswick Gardens,E01034370,Thurrock 022C,Violence and sexual offences,Unable to prosecute suspect,
68d8d0f2269c2eb680fd16c230d7acd7e2e18b2e3a3af29cf4652adb3c3d774e,2024-11,Essex Police,Essex Police,0.275413,51.486006,On or near Lake Rise,E01034370,Thurrock 022C,Violence and sexual offences,Investigation complete; no suspect identified,
8d5a498c9ad46b75082fb99d7e3347482f0f347ffa5fe38371ae35fbbb31d2b0,2024-11,Essex Police,Essex Police,0.275413,51.486006,On or near Lake Rise,E01034370,Thurrock 022C,Violence and sexual offences,Investigation complete; no suspect identified,
913b904bcfcebec88f23c1fa1e7aceea95fb3c42b52d008b5dee202cb1c6303e,2024-11,Essex Police,Essex Police,0.277693,51.474810,On or near Sartoria Close,E01034370,Thurrock 022C,Violence and sexual offences,Status update unavailable,
37221624f243ec2857ca7853ee52a7251a237624fc519b57660a9b80539733e2,2024-11,Essex Police,Essex Police,0.272267,51.492288,On or near Motorway Service Area,E01034370,Thurrock 022C,Other crime,Investigation complete; no suspect identified,
32ac8d51b7d87171a3f156dd2cce24a4afdef1a235ca21b7cabe669e0531f48e,2024-11,Essex Police,Essex Police,0.272267,51.492288,On or near Motorway Service Area,E01034370,Thurrock 022C,Other crime,Investigation complete; no suspect identified,
f70fd8385b21b11a543d1624e240a9d73be61874eca6b949dcdf20a7dd8297f9,2024-11,Essex Police,Essex Police,0.272267,51.492288,On or near Motorway Service Area,E01034370,Thurrock 022C,Other crime,Investigation complete; no suspect identified,
195c7f4e500cffeda0823a9c817157c340e3b0a3fb50357209a078c5f250bb36,2024-11,Essex Police,Essex Police,0.275620,51.488996,On or near Supermarket,E01034370,Thurrock 022C,Other crime,Unable to prosecute suspect,
,2024-11,Essex Police,Essex Police,0.282035,51.477270,On or near Hilltop Road,E01034371,Thurrock 022D,Anti-social behaviour,,
,2024-11,Essex Police,Essex Police,0.282131,51.476594,On or near Jubilee Road,E01034371,Thurrock 022D,Anti-social behaviour,,
,2024-11,Essex Police,Essex Police,0.282035,51.477270,On or near Hilltop Road,E01034371,Thurrock 022D,Anti-social behaviour,,
,2024-11,Essex Police,Essex Police,0.275806,51.476825,On or near First Avenue,E01034371,Thurrock 022D,Anti-social behaviour,,
,2024-11,Essex Police,Essex Police,0.284004,51.476045,On or near Elm Terrace,E01034371,Thurrock 022D,Anti-social behaviour,,
19e178ef82819e53c6e2744634165ed057ad91e822d0e559b57cd4953670bf3a,2024-11,Essex Police,Essex Police,0.279338,51.476612,On or near The Rookery,E01034371,Thurrock 022D,Burglary,Investigation complete; no suspect identified,
06380ea6288b2f4ec16d70bbd2bb03093252d910b253ca94d2fefd0689975477,2024-11,Essex Police,Essex Police,0.282264,51.475503,On or near Fox Manor Way,E01034371,Thurrock 022D,Burglary,Investigation complete; no suspect identified,
2758a36b73e9f3906f296badcdbc2e7fd862a5c26141bfe4ab6292a1d41a3dd3,2024-11,Essex Police,Essex Police,0.282264,51.475503,On or near Fox Manor Way,E01034371,Thurrock 022D,Burglary,Investigation complete; no suspect identified,
401bced2b21887ee52aad2166aabf38ed83b6b6b0e2b053a71bcdccd901e5fd8,2024-11,Essex Police,Essex Police,0.275806,51.476825,On or near First Avenue,E01034371,Thurrock 022D,Criminal damage and arson,Unable to prosecute suspect,
b2ef7e754e4a290886950a2a8664a07563db8186700071cd0fe45c2b73ac5e00,2024-11,Essex Police,Essex Police,0.277352,51.476633,On or near Third Avenue,E01034371,Thurrock 022D,Criminal damage and arson,Investigation complete; no suspect identified,
04bcd2741f894b35e6777701cbee4d9ff35d2b7b82cd180a1569546c2258bb58,2024-11,Essex Police,Essex Police,0.278580,51.475566,On or near Essex Road,E01034371,Thurrock 022D,Drugs,Court result unavailable,
fe23ec7339f7ca6cb7d44899439b95ccbde3e4c62d8a4081f3f993379f281231,2024-11,Essex Police,Essex Police,0.278580,51.475566,On or near Essex Road,E01034371,Thurrock 022D,Drugs,Court result unavailable,
4d354065523eb62ae9f15689a37f1d9bc1c579a8d4b84d16922f2fb99d47d95b,2024-11,Essex Police,Essex Police,0.278580,51.475566,On or near Essex Road,E01034371,Thurrock 022D,Possession of weapons,Court result unavailable,
13313cc539db5a1c45e5531f81862de08b06e87c31339711b41c1d42feac007a,2024-11,Essex Police,Essex Police,0.282131,51.476594,On or near Jubilee Road,E01034371,Thurrock 022D,Public order,Unable to prosecute suspect,
f54a8139ea0aaf2cc151994f688206e4d7c0a2be2065a892d8b01099d734237f,2024-11,Essex Police,Essex Police,0.279246,51.474771,On or near Schoolfield Road,E01034371,Thurrock 022D,Public order,Investigation complete; no suspect identified,
3e9454d4f7d6581126aa66d3afb5874f6ae7dca7e00cbc21dd92428539d9ae86,2024-11,Essex Police,Essex Police,0.275806,51.476825,On or near First Avenue,E01034371,Thurrock 022D,Vehicle crime,Investigation complete; no suspect identified,
cbf5f1e62469d66335727798ec29b0c80e7dc23bc9a8ba13e15c872c03376152,2024-11,Essex Police,Essex Police,0.284004,51.476045,On or near Elm Terrace,E01034371,Thurrock 022D,Violence and sexual offences,Local resolution,
7184c03e7bd4829c79c26fa43317cee894e97ad285df6a54dfb918b88ea2060a,2024-11,Essex Police,Essex Police,0.282131,51.476594,On or near Jubilee Road,E01034371,Thurrock 022D,Violence and sexual offences,Action to be taken by another organisation,
dc9f98ac317bcd007e37dd596d3a890f989a93003d9b784de4dbf3af4df354dd,2024-11,Essex Police,Essex Police,0.282131,51.476594,On or near Jubilee Road,E01034371,Thurrock 022D,Violence and sexual offences,Action to be taken by another organisation,
49b8f8791bf8c2a67b0eb721856be5604efc295a3549ac29ad53a168c97eb68f,2024-11,Essex Police,Essex Police,0.277352,51.476633,On or near Third Avenue,E01034371,Thurrock 022D,Violence and sexual offences,Unable to prosecute suspect,
67c49f6cd5d732565cbce7f573cc11ccde57760e3d9f1d4a34145a01513ca122,2024-11,Essex Police,Essex Police,0.275806,51.476825,On or near First Avenue,E01034371,Thurrock 022D,Violence and sexual offences,Unable to prosecute suspect,
16da1a33a81cdbd922314d2267c6a8fa8bdf02789bd3caef9da6316a080ec88a,2024-11,Essex Police,Essex Police,0.278580,51.475566,On or near Essex Road,E01034371,Thurrock 022D,Violence and sexual offences,Unable to prosecute suspect,
f653c5fb2f521610696bb5cafe37b6909be1458903386413c03538e81f68414c,2024-11,Essex Police,Essex Police,0.281023,51.478064,On or near Hillcrest Avenue,E01034371,Thurrock 022D,Violence and sexual offences,Unable to prosecute suspect,
47864700ef34811ee4ee5217263616eddbdb6f398aa2f92b2ee31625e31cecf6,2024-11,Essex Police,Essex Police,0.282131,51.476594,On or near Jubilee Road,E01034371,Thurrock 022D,Violence and sexual offences,Action to be taken by another organisation,
5738e9935cef81a6357da907948e7187bd9779b5a5664b48431468c3d04b35e6,2024-11,Essex Police,Essex Police,0.276456,51.478017,On or near Fifth Avenue,E01034371,Thurrock 022D,Violence and sexual offences,Unable to prosecute suspect,
5ec5ee50726a911a843e18435160ae76423b4b69b2c46e2b29548ef5ee92bf13,2024-11,Essex Police,Essex Police,0.281023,51.478064,On or near Hillcrest Avenue,E01034371,Thurrock 022D,Violence and sexual offences,Unable to prosecute suspect,
8b19aa137622d5751715b31f93b796cfc50fb5d3cdd50c6616a3d86c512e96be,2024-11,Essex Police,Essex Police,0.282131,51.476594,On or near Jubilee Road,E01034371,Thurrock 022D,Violence and sexual offences,Action to be taken by another organisation,
026723336a429726060e284588aa84ed13ddcea45742310a099a9057ee92233f,2024-11,Essex Police,Essex Police,0.284004,51.476045,On or near Elm Terrace,E01034371,Thurrock 022D,Violence and sexual offences,Unable to prosecute suspect,
79be69d8e121d1d2d6e7242122f6c2347e7d3e278204758015bed342eafe3ed7,2024-11,Essex Police,Essex Police,0.282131,51.476594,On or near Jubilee Road,E01034371,Thurrock 022D,Violence and sexual offences,Unable to prosecute suspect,
a8fce68d92dba7fdef31fa777d92e941482fd01cae5f152117f57079679ee551,2024-11,Essex Police,Essex Police,0.284004,51.476045,On or near Elm Terrace,E01034371,Thurrock 022D,Violence and sexual offences,Local resolution,
4895f0b039a3d069fab1534ffc68795a7b6374fa0eba4211f8bcac92eba82e9d,2024-11,Essex Police,Essex Police,0.282035,51.477270,On or near Hilltop Road,E01034371,Thurrock 022D,Violence and sexual offences,Unable to prosecute suspect,
d46f74afa1c62386535c5c4f926aa0ab9255510e2f391474dafbcb82ef8d6d45,2024-11,Essex Police,Essex Police,0.282131,51.476594,On or near Jubilee Road,E01034371,Thurrock 022D,Violence and sexual offences,Action to be taken by another organisation,
10ab5c461ace2e773af17bbf497ea6c4528713e283703e497aedf81bc1d2db93,2024-11,Essex Police,Essex Police,0.275806,51.476825,On or near First Avenue,E01034371,Thurrock 022D,Violence and sexual offences,Unable to prosecute suspect,
012ba3ab4ac6e673dc3170aa4174a8dd5ac31de2cfc13d49bda20b3a9326255d,2024-11,Essex Police,Essex Police,0.314062,52.057233,On or near Carters Croft,E01022057,Uttlesford 001A,Other theft,Investigation complete; no suspect identified,
88f7de59492f7d9b786df74ce8d306173159cfda3fff208d1650347724e51ff2,2024-11,Essex Police,Essex Police,0.311808,52.054823,On or near Rectory Lane,E01022057,Uttlesford 001A,Violence and sexual offences,Investigation complete; no suspect identified,
6ce61da02488148567724d6a4250c7656ecce551e62e3898d41f76977c91a4e0,2024-11,Essex Police,Essex Police,0.314062,52.057233,On or near Carters Croft,E01022057,Uttlesford 001A,Other crime,Unable to prosecute suspect,
c42bfc6d93b7adc34f336e9e2b6d4ac44156ac0c538f84654eff3c0afcd56a36,2024-11,Essex Police,Essex Police,0.243665,52.017968,On or near West Fields,E01022075,Uttlesford 001B,Burglary,Investigation complete; no suspect identified,
5678d5fc9354f27d84256f410b1b15d433a95d0c17cb6fbe197175dfcd16b373,2024-11,Essex Police,Essex Police,0.244307,52.018558,On or near Corn Mill Court,E01022075,Uttlesford 001B,Burglary,Investigation complete; no suspect identified,
e842fd094fbb370f1b12c49f004bd5630c9b81e3165478a389aca661e5d6c426,2024-11,Essex Police,Essex Police,0.239876,52.016224,On or near Crawley Hobbs Close,E01022075,Uttlesford 001B,Burglary,Investigation complete; no suspect identified,
62634dd7d2ba12b229f1ede06f892c9b848d4c8fd4dca8f8965efc48b94c3860,2024-11,Essex Police,Essex Police,0.244307,52.018558,On or near Corn Mill Court,E01022075,Uttlesford 001B,Criminal damage and arson,Investigation complete; no suspect identified,
a93d3c21f94fbcd0d49c6dd349bdbfcfd4966a3e5bd16be9661b0e7484b48be1,2024-11,Essex Police,Essex Police,0.240830,52.028021,On or near Whitehill Place,E01022077,Uttlesford 001C,Possession of weapons,Status update unavailable,
7a38328fa283995f7916973e67c6c7c8a8e64338627f4b2a5be7e9591fe90b88,2024-11,Essex Police,Essex Police,0.251346,52.054537,On or near Petts Lane,E01022077,Uttlesford 001C,Public order,Investigation complete; no suspect identified,
8a912b143429487d1c1cca4601b42a31047979a5b4c0b699521dbddc23ab58fb,2024-11,Essex Police,Essex Police,0.261379,52.028780,On or near Mapletoft Avenue,E01022077,Uttlesford 001C,Shoplifting,Unable to prosecute suspect,
4dba6dad162aff07fad5530d09c49c9c24aabd1decd23fb8bb5ebd06b458fcd1,2024-11,Essex Police,Essex Police,0.261775,52.027369,On or near Miller Street,E01022077,Uttlesford 001C,Violence and sexual offences,Unable to prosecute suspect,
0eb1772f70f25e35ff3be2a6f884b69723cb0283220a87b8f41807369bbec71b,2024-11,Essex Police,Essex Police,0.261379,52.028780,On or near Mapletoft Avenue,E01022077,Uttlesford 001C,Violence and sexual offences,Unable to prosecute suspect,
90c584fbee9117d4325e57fb40330beb5e2ee9aa0cc6eff0c3019ebfc98e7c45,2024-11,Essex Police,Essex Police,0.261720,52.029169,On or near Fiske Close,E01022077,Uttlesford 001C,Violence and sexual offences,Action to be taken by another organisation,
f977590647bf3f4503db92a982dcfa4eb521dd80d606ed573f5098b56f37a294,2024-11,Essex Police,Essex Police,0.210899,52.053972,On or near High Street,E01022094,Uttlesford 001D,Burglary,Investigation complete; no suspect identified,
5c43591be164b4e8d6149d6b1739c48646450e5218a6ce3d98639884ceea4eeb,2024-11,Essex Police,Essex Police,0.198551,52.062719,On or near South Street,E01022094,Uttlesford 001D,Other theft,Investigation complete; no suspect identified,
d5b5afb6923baa21cac0645bccbd8732e0d382c1318d8ab14096174f5ece0ed3,2024-11,Essex Police,Essex Police,0.202106,52.063812,On or near High Street,E01022094,Uttlesford 001D,Vehicle crime,Investigation complete; no suspect identified,
aad71c3d36bcac69061acfce337f4b3a96d0f6df69baefe0fd4843dc0f662034,2024-11,Essex Police,Essex Police,0.194648,52.060786,On or near London Road,E01022094,Uttlesford 001D,Vehicle crime,Investigation complete; no suspect identified,
a5581855da7a8c3c139bde5b6b36a597514e2f9d3cf0cf54031771658d00312b,2024-11,Essex Police,Essex Police,0.198866,52.062902,On or near St. Johns Close,E01022094,Uttlesford 001D,Vehicle crime,Investigation complete; no suspect identified,
b00122e17d2c9efcab3bf60ccd9da6501ad26171df6329bd6b6388c6e7c54dbf,2024-11,Essex Police,Essex Police,0.194965,52.059800,On or near Icknield Rise,E01022094,Uttlesford 001D,Violence and sexual offences,Unable to prosecute suspect,
79bd3da4deac9750708f64b2ced64f9dfefd542f057cafcd2d4c90123e6cc473,2024-11,Essex Police,Essex Police,0.239542,52.013928,On or near Birdbush Avenue,E01022074,Uttlesford 002A,Other theft,Investigation complete; no suspect identified,
e8e43cdf6add5e0417eaa4bc5592dfac4d516b64c7f020cc4273153e5f16a471,2024-11,Essex Police,Essex Police,0.234708,52.012833,On or near Gallows Hill,E01022074,Uttlesford 002A,Violence and sexual offences,Local resolution,
,2024-11,Essex Police,Essex Police,0.240097,52.023278,On or near Cross Street,E01022076,Uttlesford 002B,Anti-social behaviour,,
,2024-11,Essex Police,Essex Police,0.240930,52.023901,On or near Market Hill,E01022076,Uttlesford 002B,Anti-social behaviour,,
,2024-11,Essex Police,Essex Police,0.240930,52.023901,On or near Market Hill,E01022076,Uttlesford 002B,Anti-social behaviour,,
,2024-11,Essex Police,Essex Police,0.239333,52.022870,On or near Central Arcade,E01022076,Uttlesford 002B,Anti-social behaviour,,
060c33914ee949c4cb5d969da0c71a4be1d4fa48097c817bcaece558be662e39,2024-11,Essex Police,Essex Police,0.237281,52.018845,On or near Parking Area,E01022076,Uttlesford 002B,Drugs,Court result unavailable,
3fb394dfef843c09e94d7ff740cea0d6bad716782c1f9dbb3feadf6512d70a14,2024-11,Essex Police,Essex Police,0.240930,52.023901,On or near Market Hill,E01022076,Uttlesford 002B,Other theft,Investigation complete; no suspect identified,
ca5c822be29bef22682ffc85e106086fa667128b5ab88b31b4d5292d898aa89f,2024-11,Essex Police,Essex Police,0.241652,52.023483,On or near Market Street,E01022076,Uttlesford 002B,Other theft,Unable to prosecute suspect,
8f899f4096896e194ee2098ed0507225242de5cce3ae8aec78b262cb957eda04,2024-11,Essex Police,Essex Police,0.241652,52.023483,On or near Market Street,E01022076,Uttlesford 002B,Other theft,Investigation complete; no suspect identified,
d184b423ffa04417cc4bc0e00436f67916730a33200fa14dd92ca93498254842,2024-11,Essex Police,Essex Police,0.240930,52.023901,On or near Market Hill,E01022076,Uttlesford 002B,Public order,Unable to prosecute suspect,
66a74c8e399a4033a2eef6297aee297f541cceb6743c29019b0b9b630d546d97,2024-11,Essex Police,Essex Police,0.239424,52.022653,On or near George Street,E01022076,Uttlesford 002B,Shoplifting,Investigation complete; no suspect identified,
f285b369ade0d5220dfce123cd16ce7be5aed034af266a91c3f7655b7c759f37,2024-11,Essex Police,Essex Police,0.240930,52.023901,On or near Market Hill,E01022076,Uttlesford 002B,Shoplifting,Investigation complete; no suspect identified,
58423ef75ee5fec7501de9052c91db457d525d6cf6b3067460c82bbcd2ed2b25,2024-11,Essex Police,Essex Police,0.240221,52.023420,On or near King Street,E01022076,Uttlesford 002B,Theft from the person,Investigation complete; no suspect identified,
078cee7144d5cb1654b37480f72ad6076b757ce8b9f92cfac9b04569c33de4ab,2024-11,Essex Police,Essex Police,0.240914,52.024756,On or near Johnsons Yard,E01022076,Uttlesford 002B,Violence and sexual offences,Investigation complete; no suspect identified,
f6ffaf37adcfd7fd7be10cd0c5e33c11efbfa0f3a377950e719a13fbf7a172dd,2024-11,Essex Police,Essex Police,0.239424,52.022653,On or near George Street,E01022076,Uttlesford 002B,Violence and sexual offences,Unable to prosecute suspect,
33ac4400cf7a4a3a495f80afc99cfb4354f66fd726cad966a48337e1b4a857a5,2024-11,Essex Police,Essex Police,0.239850,52.025046,On or near Museum Street,E01022076,Uttlesford 002B,Violence and sexual offences,Investigation complete; no suspect identified,
83509e3c94208521d97d4dd926da738b981ea716bdbae974b08833d7562d2503,2024-11,Essex Police,Essex Police,0.240914,52.024756,On or near Johnsons Yard,E01022076,Uttlesford 002B,Violence and sexual offences,Investigation complete; no suspect identified,
,2024-11,Essex Police,Essex Police,0.244536,52.027510,On or near Brooke Avenue,E01022078,Uttlesford 002C,Anti-social behaviour,,
,2024-11,Essex Police,Essex Police,0.247641,52.028368,On or near Usterdale Road,E01022078,Uttlesford 002C,Anti-social behaviour,,
,2024-11,Essex Police,Essex Police,0.244536,52.027510,On or near Brooke Avenue,E01022078,Uttlesford 002C,Anti-social behaviour,,
a5cb97074857bebd173d0272b91aee643def8b55c3c911960c4af5f89b30059e,2024-11,Essex Police,Essex Police,0.244499,52.032016,On or near Crocus Fields,E01022078,Uttlesford 002C,Other theft,Unable to prosecute suspect,
d3aa3a443ca5f84ff2d22a821a1fe147d020d6aefed801808ce6d3031d8ab260,2024-11,Essex Police,Essex Police,0.252447,52.026829,On or near Thorncroft,E01022078,Uttlesford 002C,Violence and sexual offences,Local resolution,
98be002c3c88c48aa56b4b7d907e9f3d8d561549e0078c3e2b1a4659807a1236,2024-11,Essex Police,Essex Police,0.245703,52.027524,On or near Castle Cross,E01022078,Uttlesford 002C,Violence and sexual offences,Unable to prosecute suspect,
871ac2b582e002d4269e5510c495f92550c4e2231372702b95768a783022f08b,2024-11,Essex Police,Essex Police,0.244536,52.027510,On or near Brooke Avenue,E01022078,Uttlesford 002C,Violence and sexual offences,Unable to prosecute suspect,
77bffd45ea8a3ef04d881ec47c5dffb2dbaae86163ab57be2c23169b539c0caf,2024-11,Essex Police,Essex Police,0.246717,52.027981,On or near Cornwallis Place,E01022078,Uttlesford 002C,Violence and sexual offences,Investigation complete; no suspect identified,
61d999acfaa0156d47a21bf6af49ea9c4b226e44b3c1162bd5748e9651f3ff92,2024-11,Essex Police,Essex Police,0.244536,52.027510,On or near Brooke Avenue,E01022078,Uttlesford 002C,Violence and sexual offences,Unable to prosecute suspect,
b2d0438ef50dd7ee333dd0cc5ce3c85943efd0714faba2f42e61f97b2a6b9678,2024-11,Essex Police,Essex Police,0.244499,52.032016,On or near Crocus Fields,E01022078,Uttlesford 002C,Violence and sexual offences,Investigation complete; no suspect identified,
debb93ddf7a29ecea69fcd30b6db127ab4bbe047894ed4125f308ea2c025a437,2024-11,Essex Police,Essex Police,0.250203,52.028014,On or near Buckenhoe Road,E01022078,Uttlesford 002C,Violence and sexual offences,Unable to prosecute suspect,
d63ed8b36bcd65fb1ae7e40755a037ae7139a4c57c7ae716dcc40d62d04fc2dc,2024-11,Essex Police,Essex Police,0.254482,52.024398,On or near Hamilton Mews,E01022079,Uttlesford 002D,Burglary,Investigation complete; no suspect identified,
1783df587f803070124afb0200a25d30e7d9694efd1b8c3cd0daec00838dad2a,2024-11,Essex Police,Essex Police,0.260178,52.023164,On or near Smallbridge Road,E01022079,Uttlesford 002D,Other theft,Investigation complete; no suspect identified,
b90072c720577637ddb57422b6240c79ab855d92944a6efe12a8f69553a64dc5,2024-11,Essex Police,Essex Police,0.256182,52.024581,On or near Elizabeth Way,E01022079,Uttlesford 002D,Shoplifting,Investigation complete; no suspect identified,
5a04c82fa317180da57ac7b409615075547ea109b5dc6f9b9b12e4c14d8e4e93,2024-11,Essex Police,Essex Police,0.259969,52.025102,On or near Strachey Close,E01022079,Uttlesford 002D,Vehicle crime,Investigation complete; no suspect identified,
45c627b78c3491a66198db78c2c870bafe1fd4f0bb84d8eca7b3e25d3918e1e8,2024-11,Essex Police,Essex Police,0.244632,52.009344,On or near Plantation Close,E01022080,Uttlesford 002E,Criminal damage and arson,Unable to prosecute suspect,
dd5a5710faa244d5ebaa1f014094418b0a5992fcd0da738f8ce8eec09040af28,2024-11,Essex Police,Essex Police,0.248260,52.012809,On or near Mannings Close,E01022080,Uttlesford 002E,Violence and sexual offences,Unable to prosecute suspect,
20591e113c6b5b4f7e2c4bba5d9159be6a9ef5999d8d5986bd268127ad27fd3f,2024-11,Essex Police,Essex Police,0.245777,52.010095,On or near Long Horse Croft,E01022080,Uttlesford 002E,Violence and sexual offences,Formal action is not in the public interest,
3418b57ab2771ee913d9d5f74ae06bfd304c20917ea82187b8972a0d1f5316f1,2024-11,Essex Police,Essex Police,0.254216,52.019691,On or near Shire Hill,E01022081,Uttlesford 002F,Drugs,Local resolution,
e0407ae1261fde6d55c25204176325d51bfc6bfe5cf9e1d57658e28a02edcc49,2024-11,Essex Police,Essex Police,0.243084,52.023257,On or near Cates Corner,E01022081,Uttlesford 002F,Other theft,Local resolution,
3e64f0179431e1eb6251e086e790b65bcbc3c95505bf19aa8d9291efd5518089,2024-11,Essex Police,Essex Police,0.257021,52.016346,On or near Shire Hill Lane,E01022081,Uttlesford 002F,Other theft,Investigation complete; no suspect identified,
d0c02b50771a03d51a5a5060d338b2001ce1a03a34acd99112286992f994b591,2024-11,Essex Police,Essex Police,0.258470,52.021956,On or near Supermarket,E01022081,Uttlesford 002F,Shoplifting,Investigation complete; no suspect identified,
ce3205175896ee4e390ac07fc61cea7484058f792c341d6e713d4b31e3072498,2024-11,Essex Police,Essex Police,0.258470,52.021956,On or near Supermarket,E01022081,Uttlesford 002F,Shoplifting,Investigation complete; no suspect identified,
a655432cf3f359a0b348fa58832cf989426092031a34216748b68c3cf358012c,2024-11,Essex Police,Essex Police,0.254829,52.016226,On or near Eastby Close,E01022081,Uttlesford 002F,Violence and sexual offences,Investigation complete; no suspect identified,
5e4ee82e01f1586b4709541e0e51fbdf017aac6d1421ca8220dbf58b9bb473ca,2024-11,Essex Police,Essex Police,0.250511,52.021947,On or near Harris Yard,E01022081,Uttlesford 002F,Violence and sexual offences,Unable to prosecute suspect,
04b0ed69b97e2770fb71930033f4b60742933b9dbf805bad282717eda41b7090,2024-11,Essex Police,Essex Police,0.246816,52.021811,On or near Farmadine,E01022081,Uttlesford 002F,Other crime,Court result unavailable,
662160b2cc10883a30235a0c9625aa6b751f74612047cd2124400372bb05ba2c,2024-11,Essex Police,Essex Police,0.242752,52.016906,On or near Mount Pleasant Road,E01022082,Uttlesford 002G,Burglary,Investigation complete; no suspect identified,
b41ac30d8056c333f33f874797a9e50752ab8884e42ddeedd45c0d60f039fc47,2024-11,Essex Police,Essex Police,0.257418,52.012774,On or near Supermarket,E01022082,Uttlesford 002G,Other theft,Investigation complete; no suspect identified,
b794782c8ac5f6bc3722c6e19e1c652bf1690b2f7d4c1d18c465036c53dcfdf2,2024-11,Essex Police,Essex Police,0.257418,52.012774,On or near Supermarket,E01022082,Uttlesford 002G,Violence and sexual offences,Unable to prosecute suspect,
69eff0bea3d84e7bd89409a210e1718f2b87c4b7ed75915ef37b835a488fb346,2024-11,Essex Police,Essex Police,0.263495,52.021311,On or near Griffin Place,E01022082,Uttlesford 002G,Violence and sexual offences,Unable to prosecute suspect,
4c6aa5b8258e3d7a7c6d42711c6173b91887af7f535c8461b5215b848eaeae13,2024-11,Essex Police,Essex Police,0.155935,51.974196,On or near Clatterbury Lane,E01022061,Uttlesford 003A,Burglary,Investigation complete; no suspect identified,
52d9265dd41abf594d49763cd3df21d21624763438ec21bb180d70aca4fea09e,2024-11,Essex Police,Essex Police,0.127388,51.976145,On or near Valance Road,E01022061,Uttlesford 003A,Violence and sexual offences,Investigation complete; no suspect identified,
,2024-11,Essex Police,Essex Police,0.211636,52.034634,On or near Walden Road,E01022071,Uttlesford 003B,Anti-social behaviour,,
c2b1d8780a3b5211c742648103dc3edc8c37b5ef375dffea45ac7857d1fd7fca,2024-11,Essex Police,Essex Police,0.169627,52.024301,On or near Thomas Walk,E01022071,Uttlesford 003B,Burglary,Investigation complete; no suspect identified,
d0c7e0834989f4dca76a9c10a7b263d389ab284096333df3c93bb82f2ad295a2,2024-11,Essex Police,Essex Police,0.182273,52.029265,On or near Park/Open Space,E01022071,Uttlesford 003B,Burglary,Investigation complete; no suspect identified,
b03c73669a46ed4df0ef5e36aa6c4b642d783da207500a28cc0da7addcc488e8,2024-11,Essex Police,Essex Police,0.210412,52.005981,On or near Mutlow Close,E01022071,Uttlesford 003B,Criminal damage and arson,Investigation complete; no suspect identified,
a4379f14bcaf0df55b2dfca5573ef2caf95a2dfa191e99eff9e5161f5b80813c,2024-11,Essex Police,Essex Police,0.210412,52.005981,On or near Mutlow Close,E01022071,Uttlesford 003B,Criminal damage and arson,Investigation complete; no suspect identified,
2cc69164753e48d86e445d8ddfdfcce25167dfcdbe9f1353e7dd42399e6ec390,2024-11,Essex Police,Essex Police,0.210412,52.005981,On or near Mutlow Close,E01022071,Uttlesford 003B,Criminal damage and arson,Investigation complete; no suspect identified,
cc5a3e7926f027665ad785c121a3b939d6f9ca32e29df3bb6e83968d3d28f39c,2024-11,Essex Police,Essex Police,0.153581,51.990065,On or near Hampit Road,E01022071,Uttlesford 003B,Other theft,Investigation complete; no suspect identified,
c2a9a3665a550236109b79d54591224a54c35781a029b53e4557a526930766a9,2024-11,Essex Police,Essex Police,0.210412,52.005981,On or near Mutlow Close,E01022071,Uttlesford 003B,Possession of weapons,Unable to prosecute suspect,
4360cda030f0bae1f9f1047cefce397f82a32f2d46e045e40ddf3d27ab5408a5,2024-11,Essex Police,Essex Police,0.169627,52.024301,On or near Thomas Walk,E01022071,Uttlesford 003B,Violence and sexual offences,Unable to prosecute suspect,
e89e31b1966bcf024fc22b4338e414cc9107e3b95d1d96d0ed581ff31981d6ca,2024-11,Essex Police,Essex Police,0.169627,52.024301,On or near Thomas Walk,E01022071,Uttlesford 003B,Violence and sexual offences,Unable to prosecute suspect,
a4ff09e773788af72943cef5c8dfc5b117b7840eba66ac316d9dc70af0ea4374,2024-11,Essex Police,Essex Police,0.210412,52.005981,On or near Mutlow Close,E01022071,Uttlesford 003B,Violence and sexual offences,Court result unavailable,
296bca468e4fba39495ce03c1d805cc36cdd96745758992a381b41cceba5dd3c,2024-11,Essex Police,Essex Police,0.215125,51.986343,On or near White Horse Lane,E01022072,Uttlesford 003C,Burglary,Investigation complete; no suspect identified,
5f8987ba6636ef113adc81b27e1ffb16017cb7801717e331e99b9ee244b40b48,2024-11,Essex Police,Essex Police,0.210409,51.986701,On or near Bury Water Lane,E01022073,Uttlesford 003D,Other theft,Investigation complete; no suspect identified,
,2024-11,Essex Police,Essex Police,0.150272,52.046543,On or near Royston Lane,E01022098,Uttlesford 003E,Anti-social behaviour,,
d7d689b7a1c67049dd3a12c3aa8cea4a5adc11302c99039f46174baed5312076,2024-11,Essex Police,Essex Police,0.138662,52.007710,On or near Park/Open Space,E01022098,Uttlesford 003E,Criminal damage and arson,Investigation complete; no suspect identified,
bc6268422f9cd882a691ed09b60e49860136e0222afe963441511c1f50d99dc2,2024-11,Essex Police,Essex Police,0.333478,51.917170,On or near Wolseys Chase,E01022092,Uttlesford 004A,Public order,Unable to prosecute suspect,
556510744207dc467280b9b6d036e329b5b81c11f8e3425bfdec8adff5f29d83,2024-11,Essex Police,Essex Police,0.333478,51.917170,On or near Wolseys Chase,E01022092,Uttlesford 004A,Public order,Unable to prosecute suspect,
b6ab8f586094a150b30a31c2fc3461cade6555657c6dffe075142e03eb3aa1c2,2024-11,Essex Police,Essex Police,0.344846,51.953076,On or near B1051,E01022092,Uttlesford 004A,Public order,Court result unavailable,
7493014702d53752b174bbecf7f43710eec5adf282d23000577262cede8b0910,2024-11,Essex Police,Essex Police,0.329461,51.916809,On or near Abbey View,E01022092,Uttlesford 004A,Vehicle crime,Investigation complete; no suspect identified,
69e719578fd0eaaab9fefc13d6245d897372b4be47edbbe5943dbf7abed2a32d,2024-11,Essex Police,Essex Police,0.343087,51.953947,On or near Stoney Lane,E01022092,Uttlesford 004A,Vehicle crime,Investigation complete; no suspect identified,
95f3cd1e0193121df28ea1ce22ea086c277f644e0a7248a1db2ecba2e66900b4,2024-11,Essex Police,Essex Police,0.344750,51.960155,On or near Bellrope Meadow,E01022092,Uttlesford 004A,Violence and sexual offences,Action to be taken by another organisation,
b19d105cf8f28a6b104eb1def5044a38a4534c2d16048ad56478cf62edcb13b2,2024-11,Essex Police,Essex Police,0.344750,51.960155,On or near Bellrope Meadow,E01022092,Uttlesford 004A,Violence and sexual offences,Action to be taken by another organisation,
0107e1d383738319fc8f0b6a0ce7089add930112b311b2dd945aac5204dde7aa,2024-11,Essex Police,Essex Police,0.351556,51.963518,On or near Parking Area,E01022092,Uttlesford 004A,Violence and sexual offences,Unable to prosecute suspect,
3f59c21a9dea5b2529651ece9e93e68972944778ab5dc84e2bea91b6c8069581,2024-11,Essex Police,Essex Police,0.344750,51.960155,On or near Bellrope Meadow,E01022092,Uttlesford 004A,Violence and sexual offences,Action to be taken by another organisation,
d9e3993ab8d3b5e81d177ad46562879ffd7f8c9901e8a030ee09a37d15542e03,2024-11,Essex Police,Essex Police,0.344750,51.960155,On or near Bellrope Meadow,E01022092,Uttlesford 004A,Violence and sexual offences,Action to be taken by another organisation,
66a250436911409721e4906a52d98a023464b6aa887261b6d5fafaf051f10880,2024-11,Essex Police,Essex Police,0.344750,51.960155,On or near Bellrope Meadow,E01022092,Uttlesford 004A,Violence and sexual offences,Action to be taken by another organisation,
460ba3fb0a59b847c4855909133856c7a128c723c794f07a4d0de10245124970,2024-11,Essex Police,Essex Police,0.344750,51.960155,On or near Bellrope Meadow,E01022092,Uttlesford 004A,Violence and sexual offences,Action to be taken by another organisation,
f94607223af58c301293f784c8e5b90530d54f8fea016d447ed05ea305a170dd,2024-11,Essex Police,Essex Police,0.344750,51.960155,On or near Bellrope Meadow,E01022092,Uttlesford 004A,Violence and sexual offences,Action to be taken by another organisation,
8240366f21da42eabb933f08dcacf3d1527705473558787fe9c4036dd987c5ad,2024-11,Essex Police,Essex Police,0.344750,51.960155,On or near Bellrope Meadow,E01022092,Uttlesford 004A,Violence and sexual offences,Action to be taken by another organisation,
2c790071d08055e51c389ca5c63e603650e39def2ea8a64aaf1c16810c004bef,2024-11,Essex Police,Essex Police,0.344750,51.960155,On or near Bellrope Meadow,E01022092,Uttlesford 004A,Violence and sexual offences,Action to be taken by another organisation,
97cfe026dfe429611993f5834f20048e9b4a65f42e0bc4003f057893e557e4e0,2024-11,Essex Police,Essex Police,0.345841,51.960700,On or near The Pightle,E01022093,Uttlesford 004B,Criminal damage and arson,Investigation complete; no suspect identified,
049835a47a032018d3ce967788869a60ba83f0ac3b58d93f25eba1e5cf035cc8,2024-11,Essex Police,Essex Police,0.332785,51.971424,On or near Parking Area,E01022093,Uttlesford 004B,Other theft,Investigation complete; no suspect identified,
d87417de5dfa85639bea20422b81601b7f65f5f9654676881ff3cf69d6c4d080,2024-11,Essex Police,Essex Police,0.348008,51.957599,On or near Holst Lane,E01022093,Uttlesford 004B,Violence and sexual offences,Status update unavailable,
dd2e8451c1260116f3701541d9c07f1d699124dd3cb0417f3cfea553817dd1ab,2024-11,Essex Police,Essex Police,0.349172,51.953143,On or near Magdalen Green,E01022093,Uttlesford 004B,Violence and sexual offences,Unable to prosecute suspect,
29fcb8285cab827ea1613ff2bb343004db1528b6c1aad272b53e44c737474a02,2024-11,Essex Police,Essex Police,0.386267,52.025956,On or near Witchtree Lane,E01022097,Uttlesford 004C,Criminal damage and arson,Investigation complete; no suspect identified,
b6b524c9a10591c21dbda2e428bbc234b2f0031af7dfba34539ba2c8737adc0d,2024-11,Essex Police,Essex Police,0.342440,52.012708,On or near Gillon Way,E01022097,Uttlesford 004C,Violence and sexual offences,Status update unavailable,
fef1eb9044b128648900b5c60d901ada6d65a2eb89f60d3e92a70e9715cce5fd,2024-11,Essex Police,Essex Police,0.342440,52.012708,On or near Gillon Way,E01022097,Uttlesford 004C,Violence and sexual offences,Unable to prosecute suspect,
6f9758bf526c9e243e64bf32e37bba378c8cf99cdd7cc89297416d5b2577cd52,2024-11,Essex Police,Essex Police,0.342440,52.012708,On or near Gillon Way,E01022097,Uttlesford 004C,Violence and sexual offences,Unable to prosecute suspect,
0b4dadb49eb87c58a9809545373606461db15539a56a9fcd233b051d0a72eaf3,2024-11,Essex Police,Essex Police,0.270296,51.972540,On or near Rook End Lane,E01022099,Uttlesford 004D,Criminal damage and arson,Investigation complete; no suspect identified,
6e2bfb64986416cccfd856dd9764fba398809fb745812b90b6f70b75df83ae43,2024-11,Essex Police,Essex Police,0.286300,52.007184,On or near Cole End Road,E01022099,Uttlesford 004D,Violence and sexual offences,Status update unavailable,
ec01bc0d391257b999ebb6ed26ed79b62175055341ce1edf92bf252a66b841ae,2024-11,Essex Police,Essex Police,0.277018,51.996823,On or near Parking Area,E01022099,Uttlesford 004D,Other crime,Investigation complete; no suspect identified,
,2024-11,Essex Police,Essex Police,0.245854,51.890156,On or near Airport/Airfield,E01022062,Uttlesford 005A,Anti-social behaviour,,
,2024-11,Essex Police,Essex Police,0.245854,51.890156,On or near Airport/Airfield,E01022062,Uttlesford 005A,Anti-social behaviour,,
,2024-11,Essex Police,Essex Police,0.245854,51.890156,On or near Airport/Airfield,E01022062,Uttlesford 005A,Anti-social behaviour,,
,2024-11,Essex Police,Essex Police,0.245854,51.890156,On or near Airport/Airfield,E01022062,Uttlesford 005A,Anti-social behaviour,,
,2024-11,Essex Police,Essex Police,0.245854,51.890156,On or near Airport/Airfield,E01022062,Uttlesford 005A,Anti-social behaviour,,
,2024-11,Essex Police,Essex Police,0.245854,51.890156,On or near Airport/Airfield,E01022062,Uttlesford 005A,Anti-social behaviour,,
,2024-11,Essex Police,Essex Police,0.245854,51.890156,On or near Airport/Airfield,E01022062,Uttlesford 005A,Anti-social behaviour,,
,2024-11,Essex Police,Essex Police,0.245854,51.890156,On or near Airport/Airfield,E01022062,Uttlesford 005A,Anti-social behaviour,,
f5340533b31c18a743e3096119f809a119b3ad445352c7cd2aa568c4c574d79c,2024-11,Essex Police,Essex Police,0.282658,51.927564,On or near Chickney Lane,E01022062,Uttlesford 005A,Criminal damage and arson,Investigation complete; no suspect identified,
4243d29c061ac2c69f5151b2b0cd3723f471a88c02c8cbde482179da97f9c75e,2024-11,Essex Police,Essex Police,0.278986,51.941223,On or near Sibleys Lane,E01022062,Uttlesford 005A,Criminal damage and arson,Investigation complete; no suspect identified,
887146c23a5b23cd518b3e5177c1122ef03b837ad080f5c0ab1c43b72cd0d6f8,2024-11,Essex Police,Essex Police,0.257038,51.934119,On or near Chickney Road,E01022062,Uttlesford 005A,Other theft,Investigation complete; no suspect identified,
7b69b2f5aabdbaf1473bbc604108ffef0ec29abd5f2f561b40eaac6cd910f9f6,2024-11,Essex Police,Essex Police,0.241129,51.915845,On or near Catt'S Lane,E01022062,Uttlesford 005A,Other theft,Investigation complete; no suspect identified,
18dd893f25e529e634f04571312cca8166a3cdd249d75d156b5ca8698de6723a,2024-11,Essex Police,Essex Police,0.263777,51.907606,On or near Eastend Lane,E01022062,Uttlesford 005A,Public order,Unable to prosecute suspect,
13781a95407fdd54851f8deccbbe223449c8273e13a775a70f1394b1ee31a683,2024-11,Essex Police,Essex Police,0.229871,51.915501,On or near The Croft,E01022062,Uttlesford 005A,Vehicle crime,Investigation complete; no suspect identified,
bd72d9d699bbc9a3699505db9a702285859fa3779bb436bfb37a6a8bf8409288,2024-11,Essex Police,Essex Police,0.226569,51.915213,On or near Sports/Recreation Area,E01022063,Uttlesford 005B,Criminal damage and arson,Investigation complete; no suspect identified,
20d306ce7a7925eef30f3314a1637f6bc81fcace151121a84f399807879ddceb,2024-11,Essex Police,Essex Police,0.228574,51.914563,On or near Fourways,E01022063,Uttlesford 005B,Public order,Investigation complete; no suspect identified,
5b0f9593f7e26c63eca4a53d1c2277bf97e79e2038d7abc4e520315d14673509,2024-11,Essex Police,Essex Police,0.224420,51.921134,On or near Spencer Close,E01022063,Uttlesford 005B,Violence and sexual offences,Investigation complete; no suspect identified,
d3fb4d011a53e1e572b8431d82435fe724ccc872a2f48c95d0d65312eebb0732,2024-11,Essex Police,Essex Police,0.226258,51.918312,On or near Orchard Crescent,E01022063,Uttlesford 005B,Other crime,Unable to prosecute suspect,
e05ac31d6ad3585efaa701873cbc22041ddf0bfcad6773746d98b2e90d520f59,2024-11,Essex Police,Essex Police,0.226258,51.918312,On or near Orchard Crescent,E01022063,Uttlesford 005B,Other crime,Status update unavailable,
bc2e54f800da2544073717829d2b47da11a0179599096eaea66c8b76bb71921c,2024-11,Essex Police,Essex Police,0.200933,51.932124,On or near Vicarage Lane,E01022083,Uttlesford 005C,Other theft,Unable to prosecute suspect,
aa59b8531832f9e2a99c50b91b6906e6da1a34b7eaaa066e607f5a5c17e97bfc,2024-11,Essex Police,Essex Police,0.200162,51.902086,On or near Supermarket,E01022083,Uttlesford 005C,Shoplifting,Investigation complete; no suspect identified,
e2346945f50193423bb2c47bbe81c6c01b1fab8b36f384f6a1465666e81f05ee,2024-11,Essex Police,Essex Police,0.200162,51.902086,On or near Supermarket,E01022083,Uttlesford 005C,Shoplifting,Investigation complete; no suspect identified,
4ad940440a92498a94fd9709947c8d51a8c0c41f23d00bb486712070000a8a10,2024-11,Essex Police,Essex Police,0.200162,51.902086,On or near Supermarket,E01022083,Uttlesford 005C,Shoplifting,Investigation complete; no suspect identified,
9dffe7167f84d83b38c6bf761f9d1786718e4a476db3cd19deac0457708dddec,2024-11,Essex Police,Essex Police,0.221366,51.920536,On or near Bedwell Road,E01022083,Uttlesford 005C,Vehicle crime,Investigation complete; no suspect identified,
7b298c76c562c4c1cb43c4c0d5bd10838ff577a6d69b7db0b0fc1396b6cd0535,2024-11,Essex Police,Essex Police,0.199727,51.908074,On or near Highmead,E01022083,Uttlesford 005C,Violence and sexual offences,Unable to prosecute suspect,
c324ab62eff4b88df4da76aa29424a0424a832fc04df6ebb952b9dbe16c5fc31,2024-11,Essex Police,Essex Police,0.197815,51.904639,On or near St John'S Road,E01022084,Uttlesford 005D,Other theft,Unable to prosecute suspect,
e4456bcbe204e8f993f65f845a98e99b8a674ffe87f8b87f6c185a39ab681e67,2024-11,Essex Police,Essex Police,0.194808,51.911547,On or near Oxlip Road,E01022084,Uttlesford 005D,Violence and sexual offences,Unable to prosecute suspect,
8b7875fe2fb52ecd7d5796a08d68f322512be351e551dbcd90f8e3dc6cb10b79,2024-11,Essex Police,Essex Police,0.194513,51.905195,On or near B1383,E01022084,Uttlesford 005D,Violence and sexual offences,Unable to prosecute suspect,
,2024-11,Essex Police,Essex Police,0.192084,51.902498,On or near Spindles Lane,E01022085,Uttlesford 005E,Anti-social behaviour,,
c49e78518793d51c1238110e81337f43543e796136ed79e0d57c99cc481dc0ce,2024-11,Essex Police,Essex Police,0.196008,51.902775,On or near Chapel Hill,E01022085,Uttlesford 005E,Vehicle crime,Investigation complete; no suspect identified,
c95b6187b03ab3d2d69ab54698b814957936ab3a838e41a5e44667483a9d562f,2024-11,Essex Police,Essex Police,0.192601,51.898774,On or near Old Bell Close,E01022085,Uttlesford 005E,Violence and sexual offences,Unable to prosecute suspect,
,2024-11,Essex Police,Essex Police,0.190251,51.883027,On or near Harrisons,E01022087,Uttlesford 005F,Anti-social behaviour,,
ba365de649baa710800c8894e30763fdba520afe90f07b8b9b56308fabe33476,2024-11,Essex Police,Essex Police,0.194787,51.870848,On or near Birchanger Green Services,E01022087,Uttlesford 005F,Criminal damage and arson,Status update unavailable,
69b1346e6b647470f2d78d4a80b28223a7c79063f77d66a9fc3b518df7784c6a,2024-11,Essex Police,Essex Police,0.191974,51.882303,On or near Birchanger Lane,E01022087,Uttlesford 005F,Criminal damage and arson,Unable to prosecute suspect,
b6971e54ff8db5f048316739a7288ea69ec4989c8a622ea3641c1a65fcef05cb,2024-11,Essex Police,Essex Police,0.194894,51.871565,On or near Motorway Service Area,E01022087,Uttlesford 005F,Criminal damage and arson,Investigation complete; no suspect identified,
dba3301f2f9b41d27089742fb681a4d2a00cf04962572ef5100bdf856cbfbc2c,2024-11,Essex Police,Essex Police,0.199471,51.895382,On or near Clarke Close,E01022087,Uttlesford 005F,Criminal damage and arson,Unable to prosecute suspect,
bd7c34b56a2cd1c74ed6ef07b049c45ef5ba60a3ce40f502784aef6ea8abf493,2024-11,Essex Police,Essex Police,0.195132,51.869286,On or near Petrol Station,E01022087,Uttlesford 005F,Drugs,Local resolution,
5a55dad1dc691b2948481f5ff0b6b35328b4f0c9d4d431f6cc9e3eed3647c589,2024-11,Essex Police,Essex Police,0.194894,51.871565,On or near Motorway Service Area,E01022087,Uttlesford 005F,Drugs,Unable to prosecute suspect,
389ea0e06074321b4113154faa77ad5c818851d50e75b4254e615ca3c89c8846,2024-11,Essex Police,Essex Police,0.192434,51.881907,On or near Birchanger Lane,E01022087,Uttlesford 005F,Public order,Investigation complete; no suspect identified,
519a11e4457c693d9721fffd48e3ae6f1ad077bc55e079f441e35d3575f8bde6,2024-11,Essex Police,Essex Police,0.194894,51.871565,On or near Motorway Service Area,E01022087,Uttlesford 005F,Public order,Unable to prosecute suspect,
3ddbf3b53303c552014ee6297e925df42dc60dac7ace19097997199cc570b9bc,2024-11,Essex Police,Essex Police,0.194782,51.871639,On or near Supermarket,E01022087,Uttlesford 005F,Vehicle crime,Investigation complete; no suspect identified,
8de003434c7684088674c3eff6eee139db333cd0ef6156b77e3cd65c42b8bf47,2024-11,Essex Police,Essex Police,0.195132,51.869286,On or near Petrol Station,E01022087,Uttlesford 005F,Vehicle crime,Investigation complete; no suspect identified,
43313f2b7da2a82ff6d32d3be6c164017e5cd36a6a1b6d82143e4773c8fe4262,2024-11,Essex Police,Essex Police,0.185386,51.886391,On or near Bradley Common,E01022087,Uttlesford 005F,Violence and sexual offences,Investigation complete; no suspect identified,
0265dea359cf53ecbe1414c8eea993ecb1a853ace85f79f3cb98eac281b1be50,2024-11,Essex Police,Essex Police,0.198434,51.893791,On or near Forest Hall Road,E01022087,Uttlesford 005F,Violence and sexual offences,Unable to prosecute suspect,
a9fd204e70c93ec064c24801e420f538142b155241a01c5ef24ed92cd9ad1514,2024-11,Essex Police,Essex Police,0.196510,51.894888,On or near Reeve Road,E01022087,Uttlesford 005F,Violence and sexual offences,Unable to prosecute suspect,
42ceba0584f6a8ef7e1b14637a3862f936065ffdae0ff0f54f8280e0002159b3,2024-11,Essex Police,Essex Police,0.167498,51.919013,On or near Pinchpools Road,E01022089,Uttlesford 005G,Violence and sexual offences,Local resolution,
1c91bc9ba0a2fb2b198ec3c14728ac7c6cb99875e743bd30f92a38359864efe2,2024-11,Essex Police,Essex Police,0.144146,51.902284,On or near Rectory Lane,E01022089,Uttlesford 005G,Violence and sexual offences,Unable to prosecute suspect,
,2024-11,Essex Police,Essex Police,0.199448,51.901767,On or near Station Road,E01022086,Uttlesford 006A,Anti-social behaviour,,
,2024-11,Essex Police,Essex Police,0.197955,51.897982,On or near Mount Drive,E01022086,Uttlesford 006A,Anti-social behaviour,,
2ad2f76052df98fcf160ade99fcc174838045f5d47d82524cf23fef17c2d300b,2024-11,Essex Police,Essex Police,0.201785,51.889214,On or near Parsonage Lane,E01022086,Uttlesford 006A,Criminal damage and arson,Investigation complete; no suspect identified,
ba385e531518d5089d4ec791ed9012af45e72a673fc36b1a372212c216574dce,2024-11,Essex Police,Essex Police,0.224163,51.870907,On or near Bury Lodge Lane,E01022086,Uttlesford 006A,Criminal damage and arson,Investigation complete; no suspect identified,
79b201c9e3797a0914b5ba58e9e4ea8df9c4535dfdc984ab9d8fd21aec6e8569,2024-11,Essex Police,Essex Police,0.212470,51.887197,On or near Bury Lodge Lane,E01022086,Uttlesford 006A,Drugs,Court result unavailable,
84b5f6c499b82a7391bb69870308f4f3b1f20caa3bb3c71749c481067342fcf7,2024-11,Essex Police,Essex Police,0.196394,51.898766,On or near The Spinney,E01022086,Uttlesford 006A,Other theft,Investigation complete; no suspect identified,
bc3f64b1d3417bfa4f27b9bb86fde402106256f8e9954cc7cd9205dcc8eee44e,2024-11,Essex Police,Essex Police,0.212470,51.887197,On or near Bury Lodge Lane,E01022086,Uttlesford 006A,Other theft,Local resolution,
66cc2541fc14611f93d4d97233e84c48b829ddd747b469cf327a640afedaad89,2024-11,Essex Police,Essex Police,0.212470,51.887197,On or near Bury Lodge Lane,E01022086,Uttlesford 006A,Other theft,Unable to prosecute suspect,
41ab9d15bafb6e9aaf3c6ea5634a35295fc878a284e305737d48dba18f198776,2024-11,Essex Police,Essex Police,0.212470,51.887197,On or near Bury Lodge Lane,E01022086,Uttlesford 006A,Other theft,Status update unavailable,
ec76e74bf1fbd8c8170d66d761d2226516b1f269462d67d2b9dd3dc911949403,2024-11,Essex Police,Essex Police,0.212470,51.887197,On or near Bury Lodge Lane,E01022086,Uttlesford 006A,Other theft,Investigation complete; no suspect identified,
9e41852920a66ffb324ca99489201be6b13fc625cd44be646b532e7a8a7c6a8f,2024-11,Essex Police,Essex Police,0.212470,51.887197,On or near Bury Lodge Lane,E01022086,Uttlesford 006A,Possession of weapons,Local resolution,
352f429c6ec825e98fcc8684de9a6e82e54d99bfc97e518b3c53a27a9c111e03,2024-11,Essex Police,Essex Police,0.212470,51.887197,On or near Bury Lodge Lane,E01022086,Uttlesford 006A,Possession of weapons,Court result unavailable,
fdea7fdadfca45d435484335c52d18a5a3e8bf813864d576fc21b1bea78191aa,2024-11,Essex Police,Essex Police,0.231282,51.873569,On or near Thremhall Avenue,E01022086,Uttlesford 006A,Public order,Investigation complete; no suspect identified,
796a7baa7d507c825b24c8e4b3fdd879682e75dda2b98dbf67d75e71fe92560e,2024-11,Essex Police,Essex Police,0.231282,51.873569,On or near Thremhall Avenue,E01022086,Uttlesford 006A,Public order,Local resolution,
28ec9267de752bae7c35e5ffeeb29a59f170e89773a59e9172a23b149e373b7f,2024-11,Essex Police,Essex Police,0.212470,51.887197,On or near Bury Lodge Lane,E01022086,Uttlesford 006A,Vehicle crime,Investigation complete; no suspect identified,
0cb3ca62f4023afd5f5a4bb11cbd670cdec12f17418f355558256f8885f57248,2024-11,Essex Police,Essex Police,0.199448,51.901767,On or near Station Road,E01022086,Uttlesford 006A,Violence and sexual offences,Investigation complete; no suspect identified,
1eb0c28e06f39d8210597901a5de452dd65f7221f97ac64d5b6195f175a732d8,2024-11,Essex Police,Essex Police,0.212470,51.887197,On or near Bury Lodge Lane,E01022086,Uttlesford 006A,Violence and sexual offences,Unable to prosecute suspect,
dea608c9d95e7df57c008cceae902aa9ffadf6e8d770b0bdcb39d927191da567,2024-11,Essex Police,Essex Police,0.199448,51.901767,On or near Station Road,E01022086,Uttlesford 006A,Violence and sexual offences,Investigation complete; no suspect identified,
e5abb2bfa35d6da8416ec8e8b5d5b8e8877a5ceff44cc49297ca7460e0dfece3,2024-11,Essex Police,Essex Police,0.212470,51.887197,On or near Bury Lodge Lane,E01022086,Uttlesford 006A,Violence and sexual offences,Unable to prosecute suspect,
6b7d9afa4970f3ef249426448bb4efa5067cf7d6fae483639b04e845af7d6710,2024-11,Essex Police,Essex Police,0.211129,51.893338,On or near Old Burylodge Lane,E01022086,Uttlesford 006A,Violence and sexual offences,Unable to prosecute suspect,
bfdb419149f4b5cc782df63b2fae204a3af7bc75809a5b30a57ccc87f455f006,2024-11,Essex Police,Essex Police,0.212470,51.887197,On or near Bury Lodge Lane,E01022086,Uttlesford 006A,Other crime,Investigation complete; no suspect identified,
3d5fc0719c16b126dfff4e9210b5792931c7adf508a8b8241e837331510cc140,2024-11,Essex Police,Essex Police,0.295186,51.922806,On or near St. Mary'S Mews,E01022095,Uttlesford 006D,Criminal damage and arson,Investigation complete; no suspect identified,
3762de775dc08a981e3a7afee888955e5c7a6fce85fabc7cf8bdea235302870b,2024-11,Essex Police,Essex Police,0.295186,51.922806,On or near St. Mary'S Mews,E01022095,Uttlesford 006D,Criminal damage and arson,Investigation complete; no suspect identified,
30d3ac321e7f1a10b45bd25ae3a7a3d31bd5349e7a51c037e007707a3bb89767,2024-11,Essex Police,Essex Police,0.341894,51.888865,On or near Park Road,E01022095,Uttlesford 006D,Drugs,Local resolution,
015540e8b3183b432636d263c1651f011743ebd8ae50ad502956d4046ad0e9c7,2024-11,Essex Police,Essex Police,0.295186,51.922806,On or near St. Mary'S Mews,E01022095,Uttlesford 006D,Theft from the person,Investigation complete; no suspect identified,
99435bf39edd2e3c09ce96ebdb0956c923c2c76f813de6c4ddf16f3c51713cd9,2024-11,Essex Police,Essex Police,0.329450,51.886828,On or near Park Road,E01022095,Uttlesford 006D,Vehicle crime,Unable to prosecute suspect,
0f7ecb09885999ba9eda7fabb7a93f552519a0ed3e1ab4ff94c3e2f5c7288c69,2024-11,Essex Police,Essex Police,0.333367,51.904358,On or near The Endway,E01022095,Uttlesford 006D,Violence and sexual offences,Investigation complete; no suspect identified,
,2024-11,Essex Police,Essex Police,0.250069,51.885540,On or near Pincey Road,E01035178,Uttlesford 006E,Anti-social behaviour,,
,2024-11,Essex Police,Essex Police,0.268499,51.895141,On or near Parking Area,E01035178,Uttlesford 006E,Anti-social behaviour,,
,2024-11,Essex Police,Essex Police,0.258873,51.882602,On or near Coopers Villas,E01035178,Uttlesford 006E,Anti-social behaviour,,
,2024-11,Essex Police,Essex Police,0.268499,51.895141,On or near Parking Area,E01035178,Uttlesford 006E,Anti-social behaviour,,
,2024-11,Essex Police,Essex Police,0.268499,51.895141,On or near Parking Area,E01035178,Uttlesford 006E,Anti-social behaviour,,
,2024-11,Essex Police,Essex Police,0.268499,51.895141,On or near Parking Area,E01035178,Uttlesford 006E,Anti-social behaviour,,
,2024-11,Essex Police,Essex Police,0.252651,51.882829,On or near Coopers End Road,E01035178,Uttlesford 006E,Anti-social behaviour,,
,2024-11,Essex Police,Essex Police,0.250069,51.885540,On or near Pincey Road,E01035178,Uttlesford 006E,Anti-social behaviour,,
,2024-11,Essex Police,Essex Police,0.250069,51.885540,On or near Pincey Road,E01035178,Uttlesford 006E,Anti-social behaviour,,
,2024-11,Essex Police,Essex Police,0.268499,51.895141,On or near Parking Area,E01035178,Uttlesford 006E,Anti-social behaviour,,
,2024-11,Essex Police,Essex Police,0.268499,51.895141,On or near Parking Area,E01035178,Uttlesford 006E,Anti-social behaviour,,
,2024-11,Essex Police,Essex Police,0.268499,51.895141,On or near Parking Area,E01035178,Uttlesford 006E,Anti-social behaviour,,
,2024-11,Essex Police,Essex Police,0.268499,51.895141,On or near Parking Area,E01035178,Uttlesford 006E,Anti-social behaviour,,
,2024-11,Essex Police,Essex Police,0.268499,51.895141,On or near Parking Area,E01035178,Uttlesford 006E,Anti-social behaviour,,
,2024-11,Essex Police,Essex Police,0.268499,51.895141,On or near Parking Area,E01035178,Uttlesford 006E,Anti-social behaviour,,
,2024-11,Essex Police,Essex Police,0.268499,51.895141,On or near Parking Area,E01035178,Uttlesford 006E,Anti-social behaviour,,
,2024-11,Essex Police,Essex Police,0.268499,51.895141,On or near Parking Area,E01035178,Uttlesford 006E,Anti-social behaviour,,
,2024-11,Essex Police,Essex Police,0.268499,51.895141,On or near Parking Area,E01035178,Uttlesford 006E,Anti-social behaviour,,
,2024-11,Essex Police,Essex Police,0.267123,51.871274,On or near North Road,E01035178,Uttlesford 006E,Anti-social behaviour,,
,2024-11,Essex Police,Essex Police,0.268499,51.895141,On or near Parking Area,E01035178,Uttlesford 006E,Anti-social behaviour,,
,2024-11,Essex Police,Essex Police,0.268499,51.895141,On or near Parking Area,E01035178,Uttlesford 006E,Anti-social behaviour,,
,2024-11,Essex Police,Essex Police,0.268499,51.895141,On or near Parking Area,E01035178,Uttlesford 006E,Anti-social behaviour,,
9ce399d59e4449d84435c87b36f6f2a5b46c3108ca48864da189484f53d51e2a,2024-11,Essex Police,Essex Police,0.263606,51.871810,On or near Garnetts,E01035178,Uttlesford 006E,Burglary,Investigation complete; no suspect identified,
73d8f17b9f58e8e9b7a0f6206659fbcd6c5080d2a7c53440d2b2973bc00663db,2024-11,Essex Police,Essex Police,0.267123,51.871274,On or near North Road,E01035178,Uttlesford 006E,Criminal damage and arson,Investigation complete; no suspect identified,
8ff38c13f7d3e39dc8fd7cc212f9703017028571b4dbe6ef474455f7ca20384d,2024-11,Essex Police,Essex Police,0.249116,51.876062,On or near Parking Area,E01035178,Uttlesford 006E,Criminal damage and arson,Local resolution,
0e08def03fa559fa9738d42f3fc1b8d0817323a6e4e41693d2732622bd3e3848,2024-11,Essex Police,Essex Police,0.248748,51.867814,On or near Kingfisher Meadow,E01035178,Uttlesford 006E,Criminal damage and arson,Unable to prosecute suspect,
62d1f7e83d7eafe21377df0cf1abb07c9f8844f3ca02290bfec31da1c5b39726,2024-11,Essex Police,Essex Police,0.265788,51.870715,On or near Parsonage Road,E01035178,Uttlesford 006E,Criminal damage and arson,Investigation complete; no suspect identified,
33b97527a682829fbdcabdf8501f930ed9adf2d85cb62f7e7700964a0e4a81ad,2024-11,Essex Police,Essex Police,0.268499,51.895141,On or near Parking Area,E01035178,Uttlesford 006E,Criminal damage and arson,Unable to prosecute suspect,
caab82897e7ceefb318ec631ede2f15d1f4417e1e86808d20073e508fdab1de8,2024-11,Essex Police,Essex Police,0.268499,51.895141,On or near Parking Area,E01035178,Uttlesford 006E,Drugs,Local resolution,
53164d6e1879626ac5d5898537697b880fb5cd44e2f50917daf2d043aeee8147,2024-11,Essex Police,Essex Police,0.268499,51.895141,On or near Parking Area,E01035178,Uttlesford 006E,Drugs,Local resolution,
30521fb40078f571e21da787170514c5c6e1baf017f6c713455fb2b6d8798581,2024-11,Essex Police,Essex Police,0.268499,51.895141,On or near Parking Area,E01035178,Uttlesford 006E,Drugs,Local resolution,
580bb7f8cb5327adc6fa559c099b3bf761d73047a9c419ecc74051afd442b9c5,2024-11,Essex Police,Essex Police,0.268499,51.895141,On or near Parking Area,E01035178,Uttlesford 006E,Drugs,Local resolution,
114a303b1a0cbcfd8fd134e91fdd458a0439fce4a85e3e5c8af8c2d707deda7f,2024-11,Essex Police,Essex Police,0.253010,51.878092,On or near Stansted Airport,E01035178,Uttlesford 006E,Drugs,Local resolution,
4ad2154b7651af6ba5fec54b6ac3ee4ebf9cc3c5d5e4902a4c4e1f06fe72ab12,2024-11,Essex Police,Essex Police,0.268499,51.895141,On or near Parking Area,E01035178,Uttlesford 006E,Drugs,Local resolution,
f1a957d155e0dca037faf0bcadc4c10ebab6203f28b16d1a8db95a3987fd1a27,2024-11,Essex Police,Essex Police,0.268499,51.895141,On or near Parking Area,E01035178,Uttlesford 006E,Drugs,Local resolution,
f6aab18f492edb31853adec368e3954d0b22b030fcab9f512348676b2f830587,2024-11,Essex Police,Essex Police,0.247784,51.875575,On or near Petrol Station,E01035178,Uttlesford 006E,Drugs,Local resolution,
b7fcbaa850d51ef8d93336f4dcafd48aed78c2627f0569ff19965aa59b0691fe,2024-11,Essex Police,Essex Police,0.268499,51.895141,On or near Parking Area,E01035178,Uttlesford 006E,Drugs,Court result unavailable,
57f32f861093d6306958719108ef7806090f6766d7d66d349c4e3dd8d85817ea,2024-11,Essex Police,Essex Police,0.268499,51.895141,On or near Parking Area,E01035178,Uttlesford 006E,Drugs,Local resolution,
c4bb9779ee9aec61a99655c2b2b2164c68cc0f6a995756bfea8bea8aa4df9723,2024-11,Essex Police,Essex Police,0.252691,51.883916,On or near Bassingbourn Road,E01035178,Uttlesford 006E,Other theft,Unable to prosecute suspect,
3c97988ac8ef6a686483b19613f9dc1932b6ec37d27176198f378899328bcb7b,2024-11,Essex Police,Essex Police,0.235566,51.869423,On or near Windmill Place,E01035178,Uttlesford 006E,Other theft,Investigation complete; no suspect identified,
3b69b49c2fb16f3cbac614d3826d58bb1164f6c269b15ecbee79e02c6419192f,2024-11,Essex Police,Essex Police,0.268499,51.895141,On or near Parking Area,E01035178,Uttlesford 006E,Other theft,Investigation complete; no suspect identified,
330fdf6aba2278138705f6a673f3bca98b097a2415524ff836699d83f7959c66,2024-11,Essex Police,Essex Police,0.268499,51.895141,On or near Parking Area,E01035178,Uttlesford 006E,Other theft,Investigation complete; no suspect identified,
6f3057c2d8f28afd23c1dd06108b4b39c8f8e71b4335f955e47c6d39ffcf7bb3,2024-11,Essex Police,Essex Police,0.268499,51.895141,On or near Parking Area,E01035178,Uttlesford 006E,Other theft,Unable to prosecute suspect,
f6236d7dddd8af144e834daa6dd76af20c7b4a59f0d5cacd8f759a6430970131,2024-11,Essex Police,Essex Police,0.268499,51.895141,On or near Parking Area,E01035178,Uttlesford 006E,Other theft,Investigation complete; no suspect identified,
eb86a3c0ddd3509edc4cd9c08804ff366e58b66a86d0ebe0a93f85bfc896bf69,2024-11,Essex Police,Essex Police,0.268499,51.895141,On or near Parking Area,E01035178,Uttlesford 006E,Other theft,Investigation complete; no suspect identified,
6f3587d65cd2ce30b72723a53132de497a49fd4ee526597813d9b7829013b608,2024-11,Essex Police,Essex Police,0.235566,51.869423,On or near Windmill Place,E01035178,Uttlesford 006E,Other theft,Investigation complete; no suspect identified,
30bf7b38330bedd87b1a0ca66e9a3f9de64912b0e0950df6b2c391dc4301eea7,2024-11,Essex Police,Essex Police,0.268499,51.895141,On or near Parking Area,E01035178,Uttlesford 006E,Other theft,Offender given a caution,
912002bd3c9674997f01f53b5e7a5e623a6e269aa89bc1be5cfe6baadb8bbbfa,2024-11,Essex Police,Essex Police,0.268499,51.895141,On or near Parking Area,E01035178,Uttlesford 006E,Other theft,Investigation complete; no suspect identified,
8c78f7d0a5933ccd0e9b6ba6def0fd7a3275bd110a9b5921619716dbd7deae6d,2024-11,Essex Police,Essex Police,0.268499,51.895141,On or near Parking Area,E01035178,Uttlesford 006E,Other theft,Investigation complete; no suspect identified,
08b0d9a46858c2cbbf92e7e813a40b514f55978c2a39141db83c0ef10e9ace3a,2024-11,Essex Police,Essex Police,0.268499,51.895141,On or near Parking Area,E01035178,Uttlesford 006E,Other theft,Unable to prosecute suspect,
0e96913122b8689e0adacd718ec461fc0897b57bebe0156b127a53dbc5533fbc,2024-11,Essex Police,Essex Police,0.268499,51.895141,On or near Parking Area,E01035178,Uttlesford 006E,Other theft,Investigation complete; no suspect identified,
e96bef2f627d69a5a3792e3b2c9a6cdc6e195dd7ed0941a34818f523f26db4ce,2024-11,Essex Police,Essex Police,0.268499,51.895141,On or near Parking Area,E01035178,Uttlesford 006E,Other theft,Investigation complete; no suspect identified,
85a8ad3c8ea2c4d19672801562df8113be4e2e5d39448baff00fe15831207324,2024-11,Essex Police,Essex Police,0.268499,51.895141,On or near Parking Area,E01035178,Uttlesford 006E,Other theft,Investigation complete; no suspect identified,
0edadd16c0406e3af1abac8aa6f3ccb399c4e33cdfd60baaa055fb6c87f9f076,2024-11,Essex Police,Essex Police,0.268499,51.895141,On or near Parking Area,E01035178,Uttlesford 006E,Other theft,Investigation complete; no suspect identified,
5b03fff40e085272ee6034d0c32d2e38cd1a26afd996e106b9c0927ed2084f52,2024-11,Essex Police,Essex Police,0.268499,51.895141,On or near Parking Area,E01035178,Uttlesford 006E,Other theft,Investigation complete; no suspect identified,
e5f9e3f4c1fb493587ffc69ef4013644cf8ffa79632adefea8e4abd58fb38074,2024-11,Essex Police,Essex Police,0.268499,51.895141,On or near Parking Area,E01035178,Uttlesford 006E,Other theft,Investigation complete; no suspect identified,
cbc207ab14412b8a393b547c2b9882daee9a8f461e90b6dd546080f0945b7b3e,2024-11,Essex Police,Essex Police,0.268499,51.895141,On or near Parking Area,E01035178,Uttlesford 006E,Other theft,Investigation complete; no suspect identified,
c94c59cb242e10c0da1ffbf8fcb518d001b575c0f9ea79c8d5607f8c724c8188,2024-11,Essex Police,Essex Police,0.252691,51.883916,On or near Bassingbourn Road,E01035178,Uttlesford 006E,Other theft,Investigation complete; no suspect identified,
c18265b84783656927a6e351512f4d5beed3e0d6125da4b3560420caf6ea0b50,2024-11,Essex Police,Essex Police,0.268499,51.895141,On or near Parking Area,E01035178,Uttlesford 006E,Possession of weapons,Formal action is not in the public interest,
2f039495e90957ac3aaeae2ccc673867e118172cfb86fa0c77e7ccd36d668442,2024-11,Essex Police,Essex Police,0.268499,51.895141,On or near Parking Area,E01035178,Uttlesford 006E,Possession of weapons,Court result unavailable,
bae27cb92793ca7abe96fae205f62fcb2fa4207cfd1f8afc177812d7284b93b3,2024-11,Essex Police,Essex Police,0.268499,51.895141,On or near Parking Area,E01035178,Uttlesford 006E,Possession of weapons,Local resolution,
6763cf9fde84e17b35330cf8f4168a1725343b33a8dcacf937f772e8fb71643c,2024-11,Essex Police,Essex Police,0.268503,51.870402,On or near Prior'S Wood Road,E01035178,Uttlesford 006E,Public order,Unable to prosecute suspect,
8435d839a14e36ed9e8d010f256743b9d4ce294eadd7d5268b8d2c2d406fc740,2024-11,Essex Police,Essex Police,0.268499,51.895141,On or near Parking Area,E01035178,Uttlesford 006E,Public order,Court result unavailable,
70f627c95b3b36c892a303fa07a509454bfb797ec2de6583431d4b958e73add4,2024-11,Essex Police,Essex Police,0.249116,51.876062,On or near Parking Area,E01035178,Uttlesford 006E,Public order,Local resolution,
794ed8d45549c7c6b00f83975bc15ad8a8c1e48a4b8668853ee683e368e884a5,2024-11,Essex Police,Essex Police,0.268503,51.870402,On or near Prior'S Wood Road,E01035178,Uttlesford 006E,Public order,Unable to prosecute suspect,
56191be29472fadad4ae35268cc530b827782ad0c73fba8fa31dae83f9d64c1b,2024-11,Essex Police,Essex Police,0.246341,51.875774,On or near Parking Area,E01035178,Uttlesford 006E,Public order,Unable to prosecute suspect,
f89947837bf0a7d04a13d349a6fd3bdd70ef0bf0d2365531127142826127f5b2,2024-11,Essex Police,Essex Police,0.268499,51.895141,On or near Parking Area,E01035178,Uttlesford 006E,Public order,Investigation complete; no suspect identified,
259eea7a95734acff54bf37b5ca4adb999ce21a838fb3d2d351dea0c636db096,2024-11,Essex Police,Essex Police,0.252691,51.883916,On or near Bassingbourn Road,E01035178,Uttlesford 006E,Public order,Investigation complete; no suspect identified,
8e62f1b394727293692bfa7c25fe14c48825ef5ffce11be0dca6b66c13580062,2024-11,Essex Police,Essex Police,0.268499,51.895141,On or near Parking Area,E01035178,Uttlesford 006E,Public order,Unable to prosecute suspect,
acc31ac275b65c3ed611f81dce3a0a19515e3ae2290836c309ecfd667be31a16,2024-11,Essex Police,Essex Police,0.268499,51.895141,On or near Parking Area,E01035178,Uttlesford 006E,Shoplifting,Local resolution,
9ed2fa4e631ec7c9e919774b094d3baef4e889308b74edbf1a8ca16d52f8592c,2024-11,Essex Police,Essex Police,0.268499,51.895141,On or near Parking Area,E01035178,Uttlesford 006E,Shoplifting,Investigation complete; no suspect identified,
aac2c84b63874ce7acf2fd8acd1efe5589acdca384a11023798716976a0f65fc,2024-11,Essex Police,Essex Police,0.247784,51.875575,On or near Petrol Station,E01035178,Uttlesford 006E,Shoplifting,Court result unavailable,
bb80750bc8b1825e44b6a8724623a0f07529bd956302ae7be62ede21b6669c8a,2024-11,Essex Police,Essex Police,0.247784,51.875575,On or near Petrol Station,E01035178,Uttlesford 006E,Shoplifting,Investigation complete; no suspect identified,
12a989dfb66ab2886539740f85b31153266b80fa075e85022a44cd41bcdcb6ff,2024-11,Essex Police,Essex Police,0.268499,51.895141,On or near Parking Area,E01035178,Uttlesford 006E,Shoplifting,Local resolution,
08cc55da79a76308b6c9f76ad308ce01a6e6bb42b4977b7b7c4bca6656f8117a,2024-11,Essex Police,Essex Police,0.247784,51.875575,On or near Petrol Station,E01035178,Uttlesford 006E,Shoplifting,Court result unavailable,
30c2fa95d2eae98e3ab63badf2e835629c33ce333f901ba8090c5a795b42b250,2024-11,Essex Police,Essex Police,0.268499,51.895141,On or near Parking Area,E01035178,Uttlesford 006E,Shoplifting,Local resolution,
f8e4ceec1e3766d339647a50f3088ec7ef6727157382c40a2e4500899b908f30,2024-11,Essex Police,Essex Police,0.268499,51.895141,On or near Parking Area,E01035178,Uttlesford 006E,Shoplifting,Offender given a caution,
4f0d62aeadb669f5a8011a6f2e1753353c685f029bedc766832280c63f7393f8,2024-11,Essex Police,Essex Police,0.268499,51.895141,On or near Parking Area,E01035178,Uttlesford 006E,Shoplifting,Local resolution,
b836c028a8bf54f622ded40a6905cdd87cc6f91254de266861f6d370e884eca0,2024-11,Essex Police,Essex Police,0.268499,51.895141,On or near Parking Area,E01035178,Uttlesford 006E,Shoplifting,Local resolution,
a7d89d4fb09ec83f7ad82cd8e2fc39684e5b4a3d64a8835ecffa8d3e733f9359,2024-11,Essex Police,Essex Police,0.268499,51.895141,On or near Parking Area,E01035178,Uttlesford 006E,Shoplifting,Unable to prosecute suspect,
3f2c84d11da470b4fd7d6e3c683dc813ad0b409f80d4bc24f6368c59e73b40e1,2024-11,Essex Police,Essex Police,0.268499,51.895141,On or near Parking Area,E01035178,Uttlesford 006E,Shoplifting,Local resolution,
be085d9a8859e575123097bdffa9d18eabab912f5a5fc4ec6c2f98e264bb7341,2024-11,Essex Police,Essex Police,0.268499,51.895141,On or near Parking Area,E01035178,Uttlesford 006E,Shoplifting,Local resolution,
d7bbe6d32d40b9e26f583505fa27c71f94258b1c40b8d786565a5cce70cfae1e,2024-11,Essex Police,Essex Police,0.268499,51.895141,On or near Parking Area,E01035178,Uttlesford 006E,Shoplifting,Court result unavailable,
7950872031b14027b709c3dfa4540fb69696ace4323299a8d2c26e9d187f9042,2024-11,Essex Police,Essex Police,0.268499,51.895141,On or near Parking Area,E01035178,Uttlesford 006E,Shoplifting,Local resolution,
a046a146251eedcb2ad3a6c120795508db3e4057a3fccd59ce9bd41a29896dcc,2024-11,Essex Police,Essex Police,0.268499,51.895141,On or near Parking Area,E01035178,Uttlesford 006E,Shoplifting,Unable to prosecute suspect,
2e55f9da32d1580b30d06c84fe2eec657827d7a962f2c7d1a2f3cff7b0377a75,2024-11,Essex Police,Essex Police,0.268499,51.895141,On or near Parking Area,E01035178,Uttlesford 006E,Shoplifting,Offender given a caution,
bba727aad2c1c51fbf220e02862ae73fa1fea0c1ed00727b153afe390d88053c,2024-11,Essex Police,Essex Police,0.268499,51.895141,On or near Parking Area,E01035178,Uttlesford 006E,Theft from the person,Investigation complete; no suspect identified,
d5a43ad794de2a32c2fb965224690ddbbc65a79f3ee586cdefb3b2d8b7900530,2024-11,Essex Police,Essex Police,0.268499,51.895141,On or near Parking Area,E01035178,Uttlesford 006E,Theft from the person,Unable to prosecute suspect,
0642ab4f99e8586a5e63854f6d6f210d4298fb4ebbdc13c903802a6418debb1d,2024-11,Essex Police,Essex Police,0.268499,51.895141,On or near Parking Area,E01035178,Uttlesford 006E,Theft from the person,Investigation complete; no suspect identified,
1b8428126c4695cf683d06db218bf20c1aa6c0c2d65ed692da2ed0be1eb8fa30,2024-11,Essex Police,Essex Police,0.268499,51.895141,On or near Parking Area,E01035178,Uttlesford 006E,Theft from the person,Investigation complete; no suspect identified,
e7227200a6569dcab4603c83bb4d33c5f329271a1dc9e441fb0b5dc603620a8f,2024-11,Essex Police,Essex Police,0.258873,51.882602,On or near Coopers Villas,E01035178,Uttlesford 006E,Vehicle crime,Investigation complete; no suspect identified,
a6fd9b45de235ca6695bd95281cc24428ab9bb955153c3206099b2335b0ae4d4,2024-11,Essex Police,Essex Police,0.252691,51.883916,On or near Bassingbourn Road,E01035178,Uttlesford 006E,Vehicle crime,Investigation complete; no suspect identified,
05279dd954fa8efdfb140de2930bc7a3cb2b60898e511aaf3a7422c4934d6ada,2024-11,Essex Police,Essex Police,0.252651,51.882829,On or near Coopers End Road,E01035178,Uttlesford 006E,Vehicle crime,Investigation complete; no suspect identified,
40e8ac5bfc1f16f48264868908d1dbe48d90ec896740d792708aa7d3baebd430,2024-11,Essex Police,Essex Police,0.252651,51.882829,On or near Coopers End Road,E01035178,Uttlesford 006E,Vehicle crime,Action to be taken by another organisation,
ddf12bb7e027e1bb17faec1a1735bf36945e076fdc4a502d808d635524c563df,2024-11,Essex Police,Essex Police,0.268499,51.895141,On or near Parking Area,E01035178,Uttlesford 006E,Vehicle crime,Investigation complete; no suspect identified,
52ba084c9af64611b1f84f429d5cf4129ab47fd2b45151b2c80814e5b7ead383,2024-11,Essex Police,Essex Police,0.268499,51.895141,On or near Parking Area,E01035178,Uttlesford 006E,Vehicle crime,Investigation complete; no suspect identified,
e58909f10d785efdb4a69b251cbc2124450510156d94b0c77d7c2f26ca733427,2024-11,Essex Police,Essex Police,0.268499,51.895141,On or near Parking Area,E01035178,Uttlesford 006E,Violence and sexual offences,Local resolution,
541abdae013b433c92cf9b42edb108748e28640f59ff2d5607ba6bf4778a196d,2024-11,Essex Police,Essex Police,0.268499,51.895141,On or near Parking Area,E01035178,Uttlesford 006E,Violence and sexual offences,Unable to prosecute suspect,
a50e04f2b4e314d6e8fe2e1492091e9092cac7f8ef44d072009db45b92d960bd,2024-11,Essex Police,Essex Police,0.253010,51.878092,On or near Stansted Airport,E01035178,Uttlesford 006E,Violence and sexual offences,Unable to prosecute suspect,
97f58f7692577c1967d132fc412f8bc1c12701427b29be9031a41d449cb31aa5,2024-11,Essex Police,Essex Police,0.268499,51.895141,On or near Parking Area,E01035178,Uttlesford 006E,Violence and sexual offences,Unable to prosecute suspect,
c70d44d289116667d4d903ff1eb11c2fc150ce4c679f6033121265a7b909045c,2024-11,Essex Police,Essex Police,0.258873,51.882602,On or near Coopers Villas,E01035178,Uttlesford 006E,Violence and sexual offences,Unable to prosecute suspect,
28b7774cd8676a51661cbabb7c6e0828049660ce3fb2f8ba541a8b62a24f2c2a,2024-11,Essex Police,Essex Police,0.268499,51.895141,On or near Parking Area,E01035178,Uttlesford 006E,Violence and sexual offences,Local resolution,
77fb00b314dcc79b26fd1c82938b4c2ae239a2e263566e8e329e8490564a742f,2024-11,Essex Police,Essex Police,0.276869,51.898549,On or near School Lane,E01035178,Uttlesford 006E,Violence and sexual offences,Investigation complete; no suspect identified,
bdcccd81e386c57510314164546c4b2d0c35e0e429e715ee6b61dea6e02ebc04,2024-11,Essex Police,Essex Police,0.268499,51.895141,On or near Parking Area,E01035178,Uttlesford 006E,Violence and sexual offences,Local resolution,
562d8b0ca38e4c9860a505223ea8a586c8c9dd47958d8f2ef4e200035f72dffe,2024-11,Essex Police,Essex Police,0.247779,51.867896,On or near Westwood Mews,E01035178,Uttlesford 006E,Violence and sexual offences,Unable to prosecute suspect,
84add093cca9c8a776bfd7794bbbbd295c2d33cdb07a3926d443ce86aa03e536,2024-11,Essex Police,Essex Police,0.268503,51.870402,On or near Prior'S Wood Road,E01035178,Uttlesford 006E,Violence and sexual offences,Unable to prosecute suspect,
6b8a701bc350c5332c15d33747f8094f4f665488db872ee14585181e22359264,2024-11,Essex Police,Essex Police,0.268499,51.895141,On or near Parking Area,E01035178,Uttlesford 006E,Violence and sexual offences,Local resolution,
ff056499ecb2e186ddc5fb1d6814e37a5034e954a5f52937b842e4f2f4b25dc2,2024-11,Essex Police,Essex Police,0.268499,51.895141,On or near Parking Area,E01035178,Uttlesford 006E,Violence and sexual offences,Local resolution,
81e8e161be193481bac6878ad6a91a83a07d7b29a1664c166c8b19b5b999808c,2024-11,Essex Police,Essex Police,0.268499,51.895141,On or near Parking Area,E01035178,Uttlesford 006E,Violence and sexual offences,Investigation complete; no suspect identified,
d0ada673cfd687119b1e0288453a1fadda44d51cf010ad0e93c203ddb1f541fc,2024-11,Essex Police,Essex Police,0.248748,51.867814,On or near Kingfisher Meadow,E01035178,Uttlesford 006E,Violence and sexual offences,Unable to prosecute suspect,
5dad226113000fb3625e448625500fc8f2a6dede07229f1b1ddeadb0c4168a5a,2024-11,Essex Police,Essex Police,0.267123,51.871274,On or near North Road,E01035178,Uttlesford 006E,Violence and sexual offences,Unable to prosecute suspect,
e73f8602b134b7047e7ac8cb06aaae9b553fc205bccc564d4902b40851495bc3,2024-11,Essex Police,Essex Police,0.268499,51.895141,On or near Parking Area,E01035178,Uttlesford 006E,Violence and sexual offences,Unable to prosecute suspect,
6abfa0a4391a4c69845dbb5a14cc92d22201a6885ce84c90f1123f79451ce52f,2024-11,Essex Police,Essex Police,0.268499,51.895141,On or near Parking Area,E01035178,Uttlesford 006E,Violence and sexual offences,Unable to prosecute suspect,
249f9ab3bc52b6634f30213a461b24e909283f55fe82c22d26a732779bce6c64,2024-11,Essex Police,Essex Police,0.268499,51.895141,On or near Parking Area,E01035178,Uttlesford 006E,Violence and sexual offences,Unable to prosecute suspect,
229e6a7a53d0d485c3a16d04c300000c0debb4ca344dc097331895183cbe6d3d,2024-11,Essex Police,Essex Police,0.268499,51.895141,On or near Parking Area,E01035178,Uttlesford 006E,Violence and sexual offences,Unable to prosecute suspect,
67bb2f0e76206c92f4e5a33d4fc32793236de56ccd7bb7fb8bb421d2a2c1445e,2024-11,Essex Police,Essex Police,0.268499,51.895141,On or near Parking Area,E01035178,Uttlesford 006E,Violence and sexual offences,Unable to prosecute suspect,
5ca8a2a72665010bda76f265e976d20ae845f00c7df6a480c14e9f9f0b54ca18,2024-11,Essex Police,Essex Police,0.267869,51.870801,On or near Beech Close,E01035178,Uttlesford 006E,Violence and sexual offences,Unable to prosecute suspect,
14d91a6eec2b6a9d3169ce54665bf67135fa01775308a63693e838de1a7711d4,2024-11,Essex Police,Essex Police,0.282880,51.869171,On or near Garrett Road,E01035179,Uttlesford 006F,Criminal damage and arson,Unable to prosecute suspect,
319adb20b285bfa8893d0f8a5536f8030040b56035406fd88c00dbab5cbd0462,2024-11,Essex Police,Essex Police,0.281461,51.871546,On or near Farmer Close,E01035179,Uttlesford 006F,Public order,Investigation complete; no suspect identified,
43647761b235061ea3b89ae615e740fce2f92e20751ced5743d7887927407a1e,2024-11,Essex Police,Essex Police,0.282666,51.869823,On or near Bennet Canfield,E01035179,Uttlesford 006F,Shoplifting,Investigation complete; no suspect identified,
d08737d6abb5ac219001f365a0c5611bf7667bca49e8ede70bb0e15217888f8a,2024-11,Essex Police,Essex Police,0.282598,51.870759,On or near Garden Drive,E01035179,Uttlesford 006F,Violence and sexual offences,Unable to prosecute suspect,
7ec3b400c7fad121e6a0dfa2bcbc860fc9e9ba8bc32b1b9fe595f4d3b137d988,2024-11,Essex Police,Essex Police,0.284746,51.871014,On or near Chapmans Close,E01035179,Uttlesford 006F,Violence and sexual offences,Unable to prosecute suspect,
,2024-11,Essex Police,Essex Police,0.258435,51.867197,On or near Godfrey Crescent,E01035180,Uttlesford 006G,Anti-social behaviour,,
,2024-11,Essex Police,Essex Police,0.258435,51.867197,On or near Godfrey Crescent,E01035180,Uttlesford 006G,Anti-social behaviour,,
,2024-11,Essex Police,Essex Police,0.258435,51.867197,On or near Godfrey Crescent,E01035180,Uttlesford 006G,Anti-social behaviour,,
,2024-11,Essex Police,Essex Police,0.258435,51.867197,On or near Godfrey Crescent,E01035180,Uttlesford 006G,Anti-social behaviour,,
b973af2cf77c03a75d42b856e9177424d51c4adebb9a2b66ddbf5893311fd44a,2024-11,Essex Police,Essex Police,0.258435,51.867197,On or near Godfrey Crescent,E01035180,Uttlesford 006G,Public order,Unable to prosecute suspect,
23df00257b9f9f6fca3ba3f8ab82d39a62ff47afb8a5914ffc8efcc69b5d09e9,2024-11,Essex Police,Essex Police,0.266686,51.867200,On or near Elm Close Extension,E01035180,Uttlesford 006G,Public order,Unable to prosecute suspect,
9abadf00875c35740d1a8e3773117f892556228a4f2ad3c285df02fbc809bc7d,2024-11,Essex Police,Essex Police,0.258395,51.869005,On or near Church View Close,E01035180,Uttlesford 006G,Vehicle crime,Investigation complete; no suspect identified,
7affea0e255de03455ac9f8794a9b5d0eb0de04e1ff8480fc5a11ec9f44f9866,2024-11,Essex Police,Essex Police,0.265008,51.867044,On or near Hawthorn Close,E01035180,Uttlesford 006G,Violence and sexual offences,Action to be taken by another organisation,
6095bb7a3bfdccffeae171eff94e16b04e8e4c3205f8c9af43be8be313d42c76,2024-11,Essex Police,Essex Police,0.266686,51.867200,On or near Elm Close Extension,E01035180,Uttlesford 006G,Violence and sexual offences,Unable to prosecute suspect,
17c642ab666697d4ea66ce39d8b5415841acd72da783ac1bd7d65a7ddffc4a65,2024-11,Essex Police,Essex Police,0.258435,51.867197,On or near Godfrey Crescent,E01035180,Uttlesford 006G,Violence and sexual offences,Action to be taken by another organisation,
1c0240381a74ffa198ba7e48007e6f1654dd8c93ab6ded22ba4d5ead730e406d,2024-11,Essex Police,Essex Police,0.265008,51.867044,On or near Hawthorn Close,E01035180,Uttlesford 006G,Violence and sexual offences,Formal action is not in the public interest,
d4627d37dd2778cf5ff4523d7f1dfe9855bc45b627fcc9a7ace1ad05d8e2dcc2,2024-11,Essex Police,Essex Police,0.265417,51.869697,On or near Chestnut Way,E01035180,Uttlesford 006G,Violence and sexual offences,Local resolution,
0dc90296df0d3fb96aa8565c4fc55c1ff4d8c2c56e24ec66a3a3abc1c5ce3530,2024-11,Essex Police,Essex Police,0.259375,51.867700,On or near Russell Francis Way,E01035180,Uttlesford 006G,Other crime,Formal action is not in the public interest,
37361d87fb1b9453131d37d822bee0baebcdf272c9050b971bd8cc0d5339ba04,2024-11,Essex Police,Essex Police,0.284837,51.868225,On or near Rumbles Way,E01035181,Uttlesford 006H,Drugs,Action to be taken by another organisation,
fe5e32f1fac547a00aeb7a47c538a77998970ad6d586833768a8eecb902e2dbf,2024-11,Essex Police,Essex Police,0.288715,51.867924,On or near Walnut Close,E01035181,Uttlesford 006H,Violence and sexual offences,Unable to prosecute suspect,
57dbfc4ad7b130636138fe9069492228d8f26ac5bc20774664f0db7d52124295,2024-11,Essex Police,Essex Police,0.286501,51.866942,On or near Turner Close,E01035181,Uttlesford 006H,Violence and sexual offences,Unable to prosecute suspect,
088f580ac6bee5fca1874bc0efc8abd276bd3b27d58eecd14518ebf0b622af9f,2024-11,Essex Police,Essex Police,0.275237,51.867395,On or near Copper Beech Avenue,E01035182,Uttlesford 006I,Criminal damage and arson,Investigation complete; no suspect identified,
be02cc25c876e08f140c482953182bb6e74072a0f40718a9c0309a4449e9004d,2024-11,Essex Police,Essex Police,0.267877,51.866323,On or near Sycamore Close,E01035182,Uttlesford 006I,Criminal damage and arson,Investigation complete; no suspect identified,
6ecaf802a0e782b12b544ba52bb4d68a3655b4b0dd5f5c4f44cfae21c267c9a4,2024-11,Essex Police,Essex Police,0.281024,51.860322,On or near Nursery Grove,E01035182,Uttlesford 006I,Public order,Unable to prosecute suspect,
2ad90b4158143eb99d4b202503451a1353abb4d555046f414167e0d1859417fe,2024-11,Essex Police,Essex Police,0.275237,51.867395,On or near Copper Beech Avenue,E01035182,Uttlesford 006I,Violence and sexual offences,Unable to prosecute suspect,
,2024-11,Essex Police,Essex Police,0.363457,51.872444,On or near White Street,E01022067,Uttlesford 007B,Anti-social behaviour,,
,2024-11,Essex Police,Essex Police,0.364530,51.871290,On or near White Hart Way,E01022067,Uttlesford 007B,Anti-social behaviour,,
,2024-11,Essex Police,Essex Police,0.363909,51.872192,On or near Supermarket,E01022067,Uttlesford 007B,Anti-social behaviour,,
,2024-11,Essex Police,Essex Police,0.363909,51.872192,On or near Supermarket,E01022067,Uttlesford 007B,Anti-social behaviour,,
9bf884ca174882d15eb9bb032039d2be24188ce01595c49f79e99b0e467ca9b8,2024-11,Essex Police,Essex Police,0.368904,51.868558,On or near White Post Field,E01022067,Uttlesford 007B,Other theft,Investigation complete; no suspect identified,
a28b7dc8adee1be2d0714f46fdf8efc802a83a184c868e0d76c8d30384021801,2024-11,Essex Police,Essex Police,0.362689,51.871929,On or near Angel Lane,E01022067,Uttlesford 007B,Shoplifting,Unable to prosecute suspect,
b8fe93382fc2b7cb0c7e753fcd916dc6a6ae9d659b0a3f2651c23b212a49363e,2024-11,Essex Police,Essex Police,0.368897,51.867317,On or near Harris Green,E01022067,Uttlesford 007B,Violence and sexual offences,Unable to prosecute suspect,
7dd146ab8aec1876de8e8294209582a3b9c3295361efc68322063b70eca6e6c5,2024-11,Essex Police,Essex Police,0.368897,51.867317,On or near Harris Green,E01022067,Uttlesford 007B,Violence and sexual offences,Unable to prosecute suspect,
954310d90a1a6e4c86a7785ca446dfce97579d92b35769f47d05f6859e27b234,2024-11,Essex Police,Essex Police,0.363908,51.870241,On or near Parking Area,E01022067,Uttlesford 007B,Violence and sexual offences,Investigation complete; no suspect identified,
3d745af0f45b4454b9f5759f2dfd036a2bd58db04bd3820c763c28281638818c,2024-11,Essex Police,Essex Police,0.363399,51.869946,On or near New Street,E01022067,Uttlesford 007B,Violence and sexual offences,Investigation complete; no suspect identified,
,2024-11,Essex Police,Essex Police,0.358609,51.870590,On or near High Fields,E01022068,Uttlesford 007C,Anti-social behaviour,,
,2024-11,Essex Police,Essex Police,0.354668,51.870777,On or near South View,E01022068,Uttlesford 007C,Anti-social behaviour,,
88969cf7f99ce468a900092e4166b1f56091d7852ada10ef3eac9a6f39fdd796,2024-11,Essex Police,Essex Police,0.371195,51.864888,On or near Chelmsford Road,E01022068,Uttlesford 007C,Burglary,Investigation complete; no suspect identified,
3215c4750fa4e60047ca82764abcde0c685c679565ac09d623b80376d0ce3329,2024-11,Essex Police,Essex Police,0.354359,51.872105,On or near Stortford Road,E01022068,Uttlesford 007C,Criminal damage and arson,Action to be taken by another organisation,
22d2f637078f45162957630a0ae7d991fa8ac633125b2a5cf4e1c4ac914d17ef,2024-11,Essex Police,Essex Police,0.354668,51.870777,On or near South View,E01022068,Uttlesford 007C,Criminal damage and arson,Status update unavailable,
3181719c3fc55d6e853154a3d71b9c96f054672f4ce8e7b0dba465ced98fd424,2024-11,Essex Police,Essex Police,0.375074,51.861320,On or near Petrol Station,E01022068,Uttlesford 007C,Other theft,Unable to prosecute suspect,
b72894693dd6a770c444a9a8705e29bdab977114c4560c296228f52f22b8f0fa,2024-11,Essex Police,Essex Police,0.375074,51.861320,On or near Petrol Station,E01022068,Uttlesford 007C,Vehicle crime,Investigation complete; no suspect identified,
d5af6e46c3a1a69f6921b1556868a43cbe3aa9f6ce1a7f198cefab80540f1ebf,2024-11,Essex Police,Essex Police,0.365252,51.866518,On or near Ash Grove,E01022068,Uttlesford 007C,Violence and sexual offences,Status update unavailable,
ec7a84967811a2309a8d8f917b51f29349ed474ca661df807ef9cf096e53cfa0,2024-11,Essex Police,Essex Police,0.354359,51.872105,On or near Stortford Road,E01022068,Uttlesford 007C,Violence and sexual offences,Unable to prosecute suspect,
5bd03329b8583644778c755b8123fad2791f73ec4bcefc832b5f3a2be5453e02,2024-11,Essex Police,Essex Police,0.375074,51.861320,On or near Petrol Station,E01022068,Uttlesford 007C,Violence and sexual offences,Investigation complete; no suspect identified,
675697cdf983ff5491d1bc5978666b1dfbe424e50b6685f7c04beddbcd39e49d,2024-11,Essex Police,Essex Police,0.336833,51.865261,On or near Buttleys Lane,E01022068,Uttlesford 007C,Violence and sexual offences,Unable to prosecute suspect,
188f6a0cb4ffff8bba7cc3ab5d157b5dff6d976bbcf48c8728faafdbca4ce86e,2024-11,Essex Police,Essex Police,0.371195,51.864888,On or near Chelmsford Road,E01022068,Uttlesford 007C,Other crime,Investigation complete; no suspect identified,
fd6e2e6dc485aceef5716547fe9b7bb49f6cb6fb060942759fa0372645003e60,2024-11,Essex Police,Essex Police,0.354359,51.872105,On or near Stortford Road,E01022068,Uttlesford 007C,Other crime,Formal action is not in the public interest,
0ffe69e0ec9c6336ed055be2e99de7b3b8811fa719fa4768a1f505a7c1b3c2f2,2024-11,Essex Police,Essex Police,0.355303,51.875989,On or near Conifer Way,E01033054,Uttlesford 007D,Public order,Awaiting court outcome,
0a49e581b8a2b4253079944f806c1cebff63618b15a305a18e867df80d3ec59a,2024-11,Essex Police,Essex Police,0.351679,51.877806,On or near Birch Road,E01033054,Uttlesford 007D,Vehicle crime,Investigation complete; no suspect identified,
677530180e2e2e387e12ce31f8e3f9469f0f7bac3542aca3d0ff53869c7724dc,2024-11,Essex Police,Essex Police,0.356008,51.876416,On or near Stacy Court,E01033054,Uttlesford 007D,Violence and sexual offences,Unable to prosecute suspect,
923c26e9d463a252a6336c60569065456e620498a65ed0f3b514c9458bfc806e,2024-11,Essex Police,Essex Police,0.354698,51.875255,On or near Willow Road,E01033054,Uttlesford 007D,Violence and sexual offences,Unable to prosecute suspect,
,2024-11,Essex Police,Essex Police,0.347114,51.873041,On or near Supermarket,E01033055,Uttlesford 007E,Anti-social behaviour,,
,2024-11,Essex Police,Essex Police,0.347114,51.873041,On or near Supermarket,E01033055,Uttlesford 007E,Anti-social behaviour,,
,2024-11,Essex Police,Essex Police,0.344201,51.873990,On or near Cedar Close,E01033055,Uttlesford 007E,Anti-social behaviour,,
a9581bfae76303ea821951b77855a41d786f199fd09d31c54e99584fe3ccf917,2024-11,Essex Police,Essex Police,0.358821,51.881575,On or near Adare Close,E01033055,Uttlesford 007E,Burglary,Investigation complete; no suspect identified,
fb9d0190b0554af0bcdbb1b7379c1f01c8cc9922eef50861ebf2cd54553ad4a6,2024-11,Essex Police,Essex Police,0.356837,51.878369,On or near Bradley Close,E01033055,Uttlesford 007E,Criminal damage and arson,Investigation complete; no suspect identified,
18b8aed44d75d7eed96b1dfad727355eab7ac63f1e3bacfb5a579cad2e9095df,2024-11,Essex Police,Essex Police,0.344784,51.876253,On or near Guelder Rose,E01033055,Uttlesford 007E,Other theft,Investigation complete; no suspect identified,
a6a38e5cc57079eddbcc2a26c3cd408d8fe6657382c1a1ff136f0d1d44a37c22,2024-11,Essex Police,Essex Police,0.347114,51.873041,On or near Supermarket,E01033055,Uttlesford 007E,Public order,Investigation complete; no suspect identified,
d942e8e04f83ebc924eefbe0b38b68de2f8ca15ae688ed3cd459cfaec9d1ee48,2024-11,Essex Police,Essex Police,0.347114,51.873041,On or near Supermarket,E01033055,Uttlesford 007E,Shoplifting,Investigation complete; no suspect identified,
11a569927af657666dfffa8bfb88f7187e8fd0dda326498425a6b178bb666bcd,2024-11,Essex Police,Essex Police,0.348610,51.874675,On or near Spruce Avenue,E01033055,Uttlesford 007E,Theft from the person,Unable to prosecute suspect,
7205e68d5d8479caf26044f6bb3d1d8ec1cb8ecde9887aa17e1b84772f7099f3,2024-11,Essex Police,Essex Police,0.344917,51.872959,On or near Petrol Station,E01033055,Uttlesford 007E,Vehicle crime,Investigation complete; no suspect identified,
a471ae39ca3fcce470eb2f378564fda761a8a8a00f9c169c092f312a9f6edb5c,2024-11,Essex Police,Essex Police,0.344201,51.873990,On or near Cedar Close,E01033055,Uttlesford 007E,Vehicle crime,Investigation complete; no suspect identified,
c2b68c1b5da0356a85296e803d3c53f433b4a258c03881a7e2f21b29968c956f,2024-11,Essex Police,Essex Police,0.344784,51.876253,On or near Guelder Rose,E01033055,Uttlesford 007E,Vehicle crime,Investigation complete; no suspect identified,
fd65aefa01ed871c1699b5ff933f83720d3cbd772b68bb21e1e6373066224c8a,2024-11,Essex Police,Essex Police,0.344201,51.873990,On or near Cedar Close,E01033055,Uttlesford 007E,Vehicle crime,Investigation complete; no suspect identified,
9be3b9a4fa8dacecdb54291528526e6ec2e9a73b1a446860ca0aca2eff4363c0,2024-11,Essex Police,Essex Police,0.347509,51.876415,On or near Snowberry Road,E01033055,Uttlesford 007E,Violence and sexual offences,Unable to prosecute suspect,
2ebe9de864fb037001bc99d4b04cfbca06bc8439785af872c033661faf23ae52,2024-11,Essex Police,Essex Police,0.344917,51.872959,On or near Petrol Station,E01033055,Uttlesford 007E,Violence and sexual offences,Court result unavailable,
b6caa13d3c7a4773c109e71f673bea492827ca4cf0aa8c37398b710747b1c2cf,2024-11,Essex Police,Essex Police,0.344201,51.873990,On or near Cedar Close,E01033055,Uttlesford 007E,Violence and sexual offences,Unable to prosecute suspect,
4f6a45334327ea170ca575f0a24c2fa485f6101ccd80edaefce973b352576c80,2024-11,Essex Police,Essex Police,0.349566,51.876572,On or near Almond Road,E01033055,Uttlesford 007E,Violence and sexual offences,Unable to prosecute suspect,
19002d776d788342a166a2f70584110110b7705fedf17f960e9558a7c4f699d9,2024-11,Essex Police,Essex Police,0.344917,51.872959,On or near Petrol Station,E01033055,Uttlesford 007E,Violence and sexual offences,Unable to prosecute suspect,
ddadb32719228bf908527c1afa85c85ff0c7adac3b918118ebbea1d2112a480d,2024-11,Essex Police,Essex Police,0.344917,51.872959,On or near Petrol Station,E01033055,Uttlesford 007E,Violence and sexual offences,Unable to prosecute suspect,
,2024-11,Essex Police,Essex Police,0.365444,51.880687,On or near Church Gardens,E01033056,Uttlesford 007F,Anti-social behaviour,,
9d00d62ffb4f5124e46072d81b6c4a2d8307d36fe0cdde278cf45efa071cba2e,2024-11,Essex Police,Essex Police,0.355594,51.873492,On or near Jubilee Court,E01033056,Uttlesford 007F,Public order,Unable to prosecute suspect,
ff4cb5908c7ede5420070df220110ac564d770bff1c6286aaa941e475f7d6c48,2024-11,Essex Police,Essex Police,0.365513,51.880344,On or near Church Street,E01033056,Uttlesford 007F,Public order,Formal action is not in the public interest,
93499a853f09e5132ed57c08fe7247b419242c518bcabe35c65f99a4a9a6eb25,2024-11,Essex Police,Essex Police,0.362589,51.876949,On or near Parking Area,E01033056,Uttlesford 007F,Violence and sexual offences,Investigation complete; no suspect identified,
9d1786531fdf2a983d85e19fd5179b2b2b3d9bba8701666e6d14e5ac25c4c711,2024-11,Essex Police,Essex Police,0.369121,51.879318,On or near St Edmunds Fields,E01033056,Uttlesford 007F,Violence and sexual offences,Investigation complete; no suspect identified,
02ba39a7c09431b1433768354aaac82200cc5e7691c98b3348f67f8d3c33ba7d,2024-11,Essex Police,Essex Police,0.365513,51.880344,On or near Church Street,E01033056,Uttlesford 007F,Violence and sexual offences,Formal action is not in the public interest,
,2024-11,Essex Police,Essex Police,0.389031,51.853906,On or near Watts Close,E01022058,Uttlesford 008A,Anti-social behaviour,,
436b04f9b911d82b0bbf595dbd6e7ab9088b554e63a321a86b3529eb16a450d0,2024-11,Essex Police,Essex Police,0.372504,51.808872,On or near The Street,E01022058,Uttlesford 008A,Other theft,Investigation complete; no suspect identified,
5f17f5a3bc1ca19a4da81d0d5ae326106746052fcd6f4b9d29292bbabefc80cd,2024-11,Essex Police,Essex Police,0.353684,51.809302,On or near Sports/Recreation Area,E01022058,Uttlesford 008A,Violence and sexual offences,Unable to prosecute suspect,
3fdeefbff1dafc78c6a73dc3af6d5c493eb7ae75023ab25457199ec8dcb7c42d,2024-11,Essex Police,Essex Police,0.448003,51.830328,On or near Ridley Green,E01022064,Uttlesford 008B,Public order,Action to be taken by another organisation,
5f3ffbd899a71ad2d1c03cd6218c2a056515df54feb022bbc486cb6ccddbc499,2024-11,Essex Police,Essex Police,0.440887,51.850917,On or near Jollyboys Lane South,E01022064,Uttlesford 008B,Theft from the person,Investigation complete; no suspect identified,
f4f7ab9e5fefb3acfb8e93e32badcb8b61ddce3da38ed4df385a587de6736b82,2024-11,Essex Police,Essex Police,0.439877,51.857476,On or near Braintree Road,E01022064,Uttlesford 008B,Violence and sexual offences,Unable to prosecute suspect,
4df68fc5d9aae1cd9bdc25a47dac593e3ac969a4a5a8311386f15b660d60585c,2024-11,Essex Police,Essex Police,0.494611,51.869475,On or near Drapers Chase,E01022064,Uttlesford 008B,Violence and sexual offences,Investigation complete; no suspect identified,
,2024-11,Essex Police,Essex Police,0.362103,51.873227,On or near Market Place,E01022069,Uttlesford 008D,Anti-social behaviour,,
afb3984ca311e88c18b5def3dbd5b161fa009dc65b308c2d61e36fe71260c1a7,2024-11,Essex Police,Essex Police,0.379554,51.873280,On or near Braintree Road,E01022069,Uttlesford 008D,Violence and sexual offences,Unable to prosecute suspect,
92aa9a0eaacaa51d465a698096d288915aa29d89631623061b5cec71bfdc05bd,2024-11,Essex Police,Essex Police,0.362115,51.871779,On or near Parking Area,E01022069,Uttlesford 008D,Other crime,Unable to prosecute suspect,
69ef82e15ccc14d5e6c5f85a6a95345fd64a5e1aba1de45f52bb4e470a2a8d10,2024-11,Essex Police,Essex Police,0.404945,51.899319,On or near Brookfields,E01022088,Uttlesford 008E,Criminal damage and arson,Investigation complete; no suspect identified,
b295397e23a5aa23d758e9fe03bc3928a59fe8a4c179dd215afa3a08e4612085,2024-11,Essex Police,Essex Police,0.386382,51.917691,On or near Gallows Green Road,E01022088,Uttlesford 008E,Vehicle crime,Investigation complete; no suspect identified,
b33e3b75321812debb20735a175cda558b857670ae7e8e880f2b26b727285476,2024-11,Essex Police,Essex Police,0.386649,51.920815,On or near Daisyley Road,E01022088,Uttlesford 008E,Vehicle crime,Investigation complete; no suspect identified,
71e1bb2d518c8d57d81266f735214fa0d956a4f6d6cdf1517c00f8c80234e6c5,2024-11,Essex Police,Essex Police,0.386382,51.917691,On or near Gallows Green Road,E01022088,Uttlesford 008E,Vehicle crime,Investigation complete; no suspect identified,
b18dcc4ef7a39248c1ec481b4ae0260c1a30333316a130bcff96e7254ef4e4ea,2024-11,Essex Police,Essex Police,0.396525,51.924922,On or near Daisyley Road,E01022088,Uttlesford 008E,Violence and sexual offences,Unable to prosecute suspect,
1ac93249521cd5e6f762dadd54cb81ff1ef27f37b14592886bc0d285c7802ad8,2024-11,Essex Police,Essex Police,0.396525,51.924922,On or near Daisyley Road,E01022088,Uttlesford 008E,Violence and sexual offences,Unable to prosecute suspect,
88d9621967569c609bb4b4be86dc3e394d386d6247e72cade12c30a24b141af6,2024-11,Essex Police,Essex Police,0.470417,51.878376,On or near Petrol Station,E01022088,Uttlesford 008E,Violence and sexual offences,Unable to prosecute suspect,
fe43ada317b0f871fe3d067840e898a90c7be23121ca705d01a509e9224e7a8f,2024-11,Essex Police,Essex Police,0.396525,51.924922,On or near Daisyley Road,E01022088,Uttlesford 008E,Violence and sexual offences,Unable to prosecute suspect,
8e72ff70144904a044a40f11f0a712ab862fb9110fd2fb62ea6093a562176a0d,2024-11,Essex Police,Essex Police,0.396525,51.924922,On or near Daisyley Road,E01022088,Uttlesford 008E,Violence and sexual offences,Investigation complete; no suspect identified,
7d10ef57b1ae88437661332a5b7d5c6ee48c19730ca1d6d900c750e3413ed111,2024-11,Essex Police,Essex Police,0.379861,51.917320,On or near Gallows Green Road,E01022088,Uttlesford 008E,Violence and sexual offences,Unable to prosecute suspect,
1c696bfb592e6db93f158a1938cfb8c8af1145e03b06bd8ad951c006876eb52f,2024-11,Essex Police,Essex Police,0.443816,51.858887,On or near Braintree Road,E01033052,Uttlesford 008F,Burglary,Investigation complete; no suspect identified,
601aa80b41b864a25ade6cbbcc338dab58f8b5cff799ad7d2081d9562c4521a6,2024-11,Essex Police,Essex Police,0.427725,51.856738,On or near Station Road,E01033052,Uttlesford 008F,Other theft,Investigation complete; no suspect identified,
7a323658f189281a330087fb74f93a2fcc386e40e00414855a030daa989e207e,2024-11,Essex Police,Essex Police,0.430414,51.857051,On or near Bury Fields,E01033052,Uttlesford 008F,Other theft,Investigation complete; no suspect identified,
69418f876ede62ba516611e7d58dfa80cd085608296c88d60f6bae10d29b989f,2024-11,Essex Police,Essex Police,0.412383,51.868025,On or near Parking Area,E01033052,Uttlesford 008F,Vehicle crime,Investigation complete; no suspect identified,
0a3d858f902851f9b4c69173d3de0ffa0553461384252deff7edc6ff1a386c27,2024-11,Essex Police,Essex Police,0.415720,51.865240,On or near Harrisons Road,E01033052,Uttlesford 008F,Violence and sexual offences,Unable to prosecute suspect,
f6f8e7cd1cab3e62e7e33aadb0a85f9b994241eed49afecc398fbf7620325a8b,2024-11,Essex Police,Essex Police,0.415414,51.863610,On or near Mildmay Close,E01033052,Uttlesford 008F,Violence and sexual offences,Investigation complete; no suspect identified,
e833de839d7580b454b3ab7c1d5b20bea97aeef3f347bd78ee23e6348efb2d5d,2024-11,Essex Police,Essex Police,0.406194,51.863943,On or near Brook Street,E01033052,Uttlesford 008F,Violence and sexual offences,Action to be taken by another organisation,
70c147b8627e6766a597fe18ded02d182aeb43ccc118302229ea122220b8edd6,2024-11,Essex Police,Essex Police,0.417842,51.862823,On or near St Augustine Close,E01033053,Uttlesford 008G,Violence and sexual offences,Investigation complete; no suspect identified,
9171a96c28580be40caaf0ff9249c83d53234b6fda9384a27c597147e9dd6273,2024-11,Essex Police,Essex Police,0.250966,51.825246,On or near Barnfield,E01022059,Uttlesford 009A,Criminal damage and arson,Unable to prosecute suspect,
358e3ac5af795181f4514a01b06ecd070d05e263597f67c3de267b332b5653c3,2024-11,Essex Police,Essex Police,0.246447,51.824253,On or near Cannons Lane,E01022059,Uttlesford 009A,Other theft,Unable to prosecute suspect,
b0836569b4ecb454dad7d62ea5c7d09b6f8fe7012a3d348c775b422ba85ae4d7,2024-11,Essex Police,Essex Police,0.210876,51.869836,On or near Start Hill,E01022059,Uttlesford 009A,Violence and sexual offences,Unable to prosecute suspect,
c29ef33ccbd0442890df5ec84d4debcd87a270d087f5d02faebd46975ec248a6,2024-11,Essex Police,Essex Police,0.246585,51.826724,On or near Dukes Orchard,E01022059,Uttlesford 009A,Violence and sexual offences,Court result unavailable,
c4dd22c2064ab68510f61d7b5235c779e80735c4c0bf36e69a9ad6473ed27712,2024-11,Essex Police,Essex Police,0.243171,51.825503,On or near Tawny Grove,E01022059,Uttlesford 009A,Violence and sexual offences,Investigation complete; no suspect identified,
310854951d899d753864fb89be6eb11d885774b1e873de701a63b6d1244f3336,2024-11,Essex Police,Essex Police,0.187711,51.831907,On or near Wrights Green Lane,E01022060,Uttlesford 009B,Criminal damage and arson,Investigation complete; no suspect identified,
38ed041598fdc79dae8c7bd86498c283ff882638ae95ac62cef83ca5f1df60f0,2024-11,Essex Police,Essex Police,0.171868,51.840186,On or near Staddles,E01022060,Uttlesford 009B,Drugs,Investigation complete; no suspect identified,
10c9dc408c3a56bf3dc73b9c368c607a3a1b801a7b692f4dcabf793bfcd04eb8,2024-11,Essex Police,Essex Police,0.171708,51.846214,On or near Port Lane,E01022060,Uttlesford 009B,Vehicle crime,Investigation complete; no suspect identified,
f7e8c3b122a620007b1a58206f77bc499c8d4d077ed1c84db5350a12e7aba7dc,2024-11,Essex Police,Essex Police,0.177179,51.835619,On or near Sawbridgeworth Road,E01022060,Uttlesford 009B,Violence and sexual offences,Investigation complete; no suspect identified,
34ea05641f68bdd454ee0f05ee8fbc84c8837a975387cdfd49c49da0d1448594,2024-11,Essex Police,Essex Police,0.202337,51.851454,On or near Park/Open Space,E01022060,Uttlesford 009B,Violence and sexual offences,Investigation complete; no suspect identified,
7d78d51577c86852d0e2a97698ff54c5cc92f6088756da19b7ba607d3dae995a,2024-11,Essex Police,Essex Police,0.174849,51.838782,On or near Hatch Green,E01022060,Uttlesford 009B,Violence and sexual offences,Status update unavailable,
002a76925c706643e3d567d262918b205d737a3e72529181355044275cd1c1d5,2024-11,Essex Police,Essex Police,0.181451,51.830009,On or near Grinstead Lane,E01022060,Uttlesford 009B,Violence and sexual offences,Investigation complete; no suspect identified,
708a306d4aac4a805ed4344f7f9861b477c172af4396151cc4a56ec298749fbc,2024-11,Essex Police,Essex Police,0.188088,51.825920,On or near Oak Tree Close,E01022060,Uttlesford 009B,Violence and sexual offences,Court result unavailable,
5819cbb08ba975b290856eb43cb35dd7616a8892617089b352cb5b3a334ff90c,2024-11,Essex Police,Essex Police,0.205521,51.835199,On or near Goose Lane,E01022060,Uttlesford 009B,Other crime,Unable to prosecute suspect,
,2024-11,Essex Police,Essex Police,0.214824,51.811787,On or near Park Drive,E01022070,Uttlesford 009C,Anti-social behaviour,,
c38b765865062cfda8c219fbffe2a8b05aad2b831ae66770b8a756c881b8e319,2024-11,Essex Police,Essex Police,0.208211,51.813323,On or near Beehive Court,E01022070,Uttlesford 009C,Vehicle crime,Unable to prosecute suspect,
5cbecc5cfe9b52e771ac7156420dc940493639346e5355a2c38b7807af6dc5a9,2024-11,Essex Police,Essex Police,0.203533,51.815578,On or near Little Heath,E01022070,Uttlesford 009C,Vehicle crime,Investigation complete; no suspect identified,
44d20541380169fa74bec3233edcf1d4f46f7f36003c0f61d191357f9d7bb8ce,2024-11,Essex Police,Essex Police,0.209570,51.812929,On or near Supermarket,E01022070,Uttlesford 009C,Violence and sexual offences,Local resolution,
095f86ead11ca0a2f3d5121a15bc493cf6f4dd7cfc8502aba7099ef68055a8a7,2024-11,Essex Police,Essex Police,0.204199,51.816438,On or near Home Pastures,E01022070,Uttlesford 009C,Violence and sexual offences,Unable to prosecute suspect,
2b7049e4e5d07039913a638b7daed961a32444145da65ecfe59190c1d842b9d8,2024-11,Essex Police,Essex Police,0.220677,51.812810,On or near Chelmsford Road,E01022070,Uttlesford 009C,Violence and sexual offences,Investigation complete; no suspect identified,
7b82ecdc4de55be108c9db16654dcf0f41e645c74558cb5438f629e5d1ff34e4,2024-11,Essex Police,Essex Police,0.325673,51.831669,On or near The Street,E01022096,Uttlesford 009D,Criminal damage and arson,Unable to prosecute suspect,
92b07a0f6ac91794a96a091013ddad2b9e4abe33c3b0ec8e6c556e367c5a4d65,2024-11,Essex Police,Essex Police,0.325673,51.831669,On or near The Street,E01022096,Uttlesford 009D,Other theft,Investigation complete; no suspect identified,
9316cf8c341ef040681a3d1517ccde83d315931ce725c35b855bf38f10c538b1,2024-11,Essex Police,Essex Police,0.324488,51.829517,On or near The Paddocks,E01022096,Uttlesford 009D,Public order,Investigation complete; no suspect identified,
eb1723f8d5f998e1f8baac0bf05c36de1e972ca3862af04ca5b5cbb3c8d5b8aa,2024-11,Essex Police,Essex Police,0.316243,51.804320,On or near Wood Lane,E01022096,Uttlesford 009D,Violence and sexual offences,Investigation complete; no suspect identified,
1ee293b7e4fa110abf6e62ada11cfd9449536d2aadb5c28c2dca5c4991f4cc49,2024-11,Essex Police,Essex Police,0.266453,51.800420,On or near Sports/Recreation Area,E01022096,Uttlesford 009D,Violence and sexual offences,Unable to prosecute suspect,
d79a9e89476dace1cae80b2e02ca588ce029dac097663f5c5929212b612ebc9d,2024-11,Essex Police,Essex Police,0.322175,51.779743,On or near The Gossetts,E01022096,Uttlesford 009D,Violence and sexual offences,Unable to prosecute suspect,
ff9a83f1a42971efcf36a3d77027868256edfbea73d43fddf6d1c30d5a504083,2024-11,Essex Police,Essex Police,0.504023,52.058493,On or near Church Terrace,E01034575,West Suffolk 018D,Other theft,Unable to prosecute suspect,
d376caf1efb75d31338abfb86aec98f265ab71645c9bfd2ff9599bd72b80c30b,2024-11,Essex Police,Essex Police,,,No Location,,,Bicycle theft,Court result unavailable,
449ffdb9bd52940b2459bedc88f88ff23c3e95e7208dd6754c4ff0c2021eae74,2024-11,Essex Police,Essex Police,,,No Location,,,Bicycle theft,Investigation complete; no suspect identified,
a2f107fb85a4e0ef9201d7ea1326cbf324c8f9d1463ba57772dd953646ab45a5,2024-11,Essex Police,Essex Police,,,No Location,,,Bicycle theft,Investigation complete; no suspect identified,
76c8f32098a1e9863783a6c608f6cd9b33e9354f797570089598f459ac95c7ac,2024-11,Essex Police,Essex Police,,,No Location,,,Bicycle theft,Investigation complete; no suspect identified,
b8fe58820b5ff56a530fa323f3253f9e2bb9578f6026f0147f36924a155ee36f,2024-11,Essex Police,Essex Police,,,No Location,,,Bicycle theft,Investigation complete; no suspect identified,
d35664cd9b0f957e034f32b7ec912d0b8df1625b17077078d44069644ae2e990,2024-11,Essex Police,Essex Police,,,No Location,,,Burglary,Unable to prosecute suspect,
2f6162c4a965798f2c67366e9f52690636eec56833a67296fd82e0d06fc38678,2024-11,Essex Police,Essex Police,,,No Location,,,Burglary,Action to be taken by another organisation,
ef86a7dbfc6054ca11cad5d2797768fb119426022a9ec0c5d93bd20fbe56564e,2024-11,Essex Police,Essex Police,,,No Location,,,Burglary,Investigation complete; no suspect identified,
50cf7e79a0e3fad09c4d7388f0b761c31eab86cedc1af9654d88a83b7e262034,2024-11,Essex Police,Essex Police,,,No Location,,,Burglary,Investigation complete; no suspect identified,
4d5803e9424c21650aded13dd5aaa412c86a4f4ac7cb1b6409b6951434fe51b7,2024-11,Essex Police,Essex Police,,,No Location,,,Burglary,Unable to prosecute suspect,
d2998ad3221295d0fe17e536c91e257fb7cca96078ccf45305c016b9eb42f861,2024-11,Essex Police,Essex Police,,,No Location,,,Burglary,Investigation complete; no suspect identified,
5f79e808624e164beee6980a16936699f28137eb43ba7b56285c683146f6bc6e,2024-11,Essex Police,Essex Police,,,No Location,,,Criminal damage and arson,Investigation complete; no suspect identified,
f63ad4e2b380f7ed31f246236f3972f109d7eb4a12ec73dcab2dfb31b4dc2a3f,2024-11,Essex Police,Essex Police,,,No Location,,,Criminal damage and arson,Offender given a caution,
d3e48ba5dd16098c364e0df4ac4fab8ac018e408cc8a38f544a157b9b029846b,2024-11,Essex Police,Essex Police,,,No Location,,,Criminal damage and arson,Court result unavailable,
e1f5678879b75050f949a996bb7d0fc33308055c50874ab16b87e163abad2d08,2024-11,Essex Police,Essex Police,,,No Location,,,Criminal damage and arson,Investigation complete; no suspect identified,
595a57923a1c936f0dfaeb7eb23ccbccb2e44dc1eaab6c09b5feae6873a72026,2024-11,Essex Police,Essex Police,,,No Location,,,Criminal damage and arson,Court result unavailable,
6845d579f74cdb1afd89f7c3f354d517e9cf32daf085d5d148db08579d5c0422,2024-11,Essex Police,Essex Police,,,No Location,,,Criminal damage and arson,Investigation complete; no suspect identified,
48de9360d63f4d5d0527c4db23693924ad1fcdda57efa728e6028327aeb17132,2024-11,Essex Police,Essex Police,,,No Location,,,Criminal damage and arson,Investigation complete; no suspect identified,
bc50d0f1d64b55b7ccda0671b2bfa60d9495c639c4c024a242e8cbde52d4499e,2024-11,Essex Police,Essex Police,,,No Location,,,Criminal damage and arson,Investigation complete; no suspect identified,
2249f15e6e2c1131032f632a0623caf36004b33b6eac7a7d48e8243089e73228,2024-11,Essex Police,Essex Police,,,No Location,,,Criminal damage and arson,Investigation complete; no suspect identified,
59089aed3ac3e88506f49dd91a6c16e9332bb568627abcfc84996a396f8596d6,2024-11,Essex Police,Essex Police,,,No Location,,,Criminal damage and arson,Investigation complete; no suspect identified,
d951c8e57353e6130a335e8b2d0b1f7ff9ada16d8a66da792e80ae15dbfceca3,2024-11,Essex Police,Essex Police,,,No Location,,,Criminal damage and arson,Local resolution,
cd3856bf2ea0e074b120b9c349a9483a9d718a3ccfad4fc59422e47654f59a2f,2024-11,Essex Police,Essex Police,,,No Location,,,Criminal damage and arson,Investigation complete; no suspect identified,
d9b63c0c53a99396102567288913bed2b8639a478461ae8dedfc7a8a0ac24a83,2024-11,Essex Police,Essex Police,,,No Location,,,Criminal damage and arson,Investigation complete; no suspect identified,
092f66a87b36178fd58d1f938f3b0cd92eae0261db4c3d7906e2ebf82fa34367,2024-11,Essex Police,Essex Police,,,No Location,,,Drugs,Local resolution,
c58c432fd5ce2eca494f4ec7b6d6fd90be765d43d78ffae9abb911cc0b89adf6,2024-11,Essex Police,Essex Police,,,No Location,,,Drugs,Status update unavailable,
d9f9d0b52b68bb0fc19d40d49eef576eb2af1094b35eec27d1c1b53edb6907a6,2024-11,Essex Police,Essex Police,,,No Location,,,Drugs,Local resolution,
fed7af8dc3f696c98554b1c5a0bcbe308af7b0f9867cee659fc63d55453c4030,2024-11,Essex Police,Essex Police,,,No Location,,,Drugs,Court result unavailable,
7b20a83f76877cd01f5360e203338ee1f986967d03e859caca586e2bc9cdca32,2024-11,Essex Police,Essex Police,,,No Location,,,Drugs,Local resolution,
73c1831a42aa2065331d9402f86521f4e7f3c3bd16c1f9b6c4552f95a92f7d71,2024-11,Essex Police,Essex Police,,,No Location,,,Drugs,Local resolution,
a6b044f04f4b5a36896f0231d8516c1ccba397f0561faaddbccbc28cd98bd9b8,2024-11,Essex Police,Essex Police,,,No Location,,,Drugs,Offender given a caution,
8bdcd5d1eec01eb81fe311376dc9eae4e10b6d89782b34c9db3e664d9d07fe78,2024-11,Essex Police,Essex Police,,,No Location,,,Other theft,Investigation complete; no suspect identified,
9c7bde9dc2412caa3bc03e1b8bf186e80a4a454de7d91899b6579608354b3f78,2024-11,Essex Police,Essex Police,,,No Location,,,Other theft,Court result unavailable,
f4a63ac45eb8bed5678957cc0fcd064a03669c5bbf403c8940061574c52bc11d,2024-11,Essex Police,Essex Police,,,No Location,,,Other theft,Investigation complete; no suspect identified,
4f577a7ac9a538880092726c4e7c2d97acffc4f29f08a389bfdc4a0ac1a8d660,2024-11,Essex Police,Essex Police,,,No Location,,,Other theft,Investigation complete; no suspect identified,
fc3b54a4c37f7226f46771eb94fbd74ad38d092791dcbd6a3bcb2512a979d640,2024-11,Essex Police,Essex Police,,,No Location,,,Other theft,Investigation complete; no suspect identified,
677a530938bb569ac6555880ee29cbb1722e2037db23d4b67cc8d26b9f67666d,2024-11,Essex Police,Essex Police,,,No Location,,,Other theft,Unable to prosecute suspect,
a5ea9507cd1688f035173f5f3600f4ff5337d0b9ce9a52f9eb59a0e9ece1e5fb,2024-11,Essex Police,Essex Police,,,No Location,,,Other theft,Investigation complete; no suspect identified,
b326e2ae252f76f804be2e0b92ee15bf770bfa3d1b2cb696ef39b3ab42dacd5d,2024-11,Essex Police,Essex Police,,,No Location,,,Other theft,Investigation complete; no suspect identified,
075611d6202efe17ebed35896283353e7ad7d150cb452dc18aaf3df471fcfa64,2024-11,Essex Police,Essex Police,,,No Location,,,Other theft,Investigation complete; no suspect identified,
c61f449521f72dd35d32ac6bac60a030e8091c04afa25cc5268e505ccc87d9a8,2024-11,Essex Police,Essex Police,,,No Location,,,Other theft,Status update unavailable,
9987b1149731da1b2eabf7954734559de178d2fc251789627f4415bab0708713,2024-11,Essex Police,Essex Police,,,No Location,,,Other theft,Unable to prosecute suspect,
804574b706f751cc7a2e7b4fb0d3a4ec7ca8ccc5210e7e8c3151e7df1b8a0341,2024-11,Essex Police,Essex Police,,,No Location,,,Other theft,Investigation complete; no suspect identified,
ed80023e939cbebbb21e7ad85e333fc43ebb07e72598106955c757891bebb8a3,2024-11,Essex Police,Essex Police,,,No Location,,,Other theft,Unable to prosecute suspect,
c1d177736b290d45ae5738b821574c07562f4942529b2a1d8a9413e34c8dd9e7,2024-11,Essex Police,Essex Police,,,No Location,,,Possession of weapons,Local resolution,
6c8f493b884da85f60400c6ef09b7d22c2cdf8b72fdb8d943dcd669326662c14,2024-11,Essex Police,Essex Police,,,No Location,,,Possession of weapons,Local resolution,
120e1f61c2143bd9e360746a0456ca230a30e2199bfa750eea2220ef566279ba,2024-11,Essex Police,Essex Police,,,No Location,,,Public order,Unable to prosecute suspect,
32283dbac767511b0fa56c1d8352a37859dcbb7a037e9cae3c0e6a2e88ef393a,2024-11,Essex Police,Essex Police,,,No Location,,,Public order,Action to be taken by another organisation,
9e86eb0ce3257e73bdcfb48c122113b9bb6dbe91420b764aab5914dbd385a9f4,2024-11,Essex Police,Essex Police,,,No Location,,,Public order,Unable to prosecute suspect,
469fccd97171b0a38804572fc3c938f02653402a4c1e4df661eaf2acbadf240d,2024-11,Essex Police,Essex Police,,,No Location,,,Public order,Unable to prosecute suspect,
9d5c33d8f84f70b4b472fdcf5191dc4760a3c1c13f14c0747a9cb31bc34581c3,2024-11,Essex Police,Essex Police,,,No Location,,,Public order,Action to be taken by another organisation,
8cb8ead835a709066ac2ba659bdeb617e5d0279b3db8d2b5186989840ec2552a,2024-11,Essex Police,Essex Police,,,No Location,,,Public order,Unable to prosecute suspect,
8beac8de36518a5a6e9fd4b025bfcd5ee481b6e62383046380c0848d0322c9e8,2024-11,Essex Police,Essex Police,,,No Location,,,Public order,Investigation complete; no suspect identified,
5dc6e9b77b3f50b7a5fded2a1f86a2f377411ee420e9e32c94a6db99c1cbee6a,2024-11,Essex Police,Essex Police,,,No Location,,,Public order,Unable to prosecute suspect,
d9c80f2405c3ea132a231498cda018d611bf6f5629fa048ed5d98c0389e27bc7,2024-11,Essex Police,Essex Police,,,No Location,,,Public order,Investigation complete; no suspect identified,
4b32fda2fde0786c6126e875db2a1bd4f1f5c7ac6dd0ab5166c2a7fb1544e650,2024-11,Essex Police,Essex Police,,,No Location,,,Public order,Status update unavailable,
0ab65577a8b5b16eb1332c333a636ef1578ab69c58e5d9b17414e5109b6c6044,2024-11,Essex Police,Essex Police,,,No Location,,,Public order,Court result unavailable,
8fcbe13aaca373e171a0aaef4c33f62eaabeac8c0e585b1b050cbac5417f84cd,2024-11,Essex Police,Essex Police,,,No Location,,,Public order,Investigation complete; no suspect identified,
772f97e11584dc1b02c4426dd5e622f66914f5d17558da92415dcb261e269d94,2024-11,Essex Police,Essex Police,,,No Location,,,Public order,Unable to prosecute suspect,
8f82f066765dc5adeb507a0566d96225b060f4936315a75d02349757f98de7fb,2024-11,Essex Police,Essex Police,,,No Location,,,Public order,Unable to prosecute suspect,
9ed0498936af2ae7679ddf13ee95d53602084e2701112e47efb520a5b2391ec9,2024-11,Essex Police,Essex Police,,,No Location,,,Public order,Court result unavailable,
9aa1bbe50a5f9680c6e9dbbd6f8e49d54112ac18100136f700a0531044bee028,2024-11,Essex Police,Essex Police,,,No Location,,,Public order,Action to be taken by another organisation,
fbb68040af622f84c34c14a53c2fb6951137db9e866411f5a64026092f3d9d13,2024-11,Essex Police,Essex Police,,,No Location,,,Public order,Awaiting court outcome,
4d6821ab68b0c4217920bad78fcba3f24b729abf7d707fd5ea21712cb0502610,2024-11,Essex Police,Essex Police,,,No Location,,,Public order,Unable to prosecute suspect,
b20db34eba9e7b17c1375ddff35f4a7d60795c6c92b9d92fe285d07272fefac7,2024-11,Essex Police,Essex Police,,,No Location,,,Public order,Unable to prosecute suspect,
c2d90252c991d0a6a667c3e2bd13ed773fe68b69dab0a3cde4b07b85877c1fa9,2024-11,Essex Police,Essex Police,,,No Location,,,Robbery,Status update unavailable,
7e3b44ef60f3daaecc12b06ab711c94f6dc0b97f94076424960c3706ac02d4f1,2024-11,Essex Police,Essex Police,,,No Location,,,Shoplifting,Investigation complete; no suspect identified,
e50e61049b2e66d2c138e51e8c462e997b49678e2ee9c3b5d03d0f87f7ed00aa,2024-11,Essex Police,Essex Police,,,No Location,,,Shoplifting,Investigation complete; no suspect identified,
985144ce04c90361cd122316eb9584f69b6bb009141e19445e7ba45f6ae41a65,2024-11,Essex Police,Essex Police,,,No Location,,,Shoplifting,Offender given a caution,
0f02af5465296fed46aa1edcd4832b7544968f6c04ed2748b541e9b2be379e4d,2024-11,Essex Police,Essex Police,,,No Location,,,Shoplifting,Investigation complete; no suspect identified,
97d32e641a0c1286c3f6c1004173c6455ea994255f5751b503f400bd7c9c14ab,2024-11,Essex Police,Essex Police,,,No Location,,,Shoplifting,Local resolution,
00bb07553403a7a37c3628da898f01e0efb1ef93195fbb795b599d14282fe436,2024-11,Essex Police,Essex Police,,,No Location,,,Shoplifting,Court result unavailable,
acb81cff7349713bb8465f66b1406735a434148fc44bfb2737b8b51b5c54392f,2024-11,Essex Police,Essex Police,,,No Location,,,Shoplifting,Court result unavailable,
35fb8f2b26254ef6bc9d386966b01c70bb711ef4d1f2b1404a5da6f3b249ffd2,2024-11,Essex Police,Essex Police,,,No Location,,,Shoplifting,Investigation complete; no suspect identified,
5d68805e503d19be5678212a160f9d1c955a467cc4e0309ab64b2830b3040a9d,2024-11,Essex Police,Essex Police,,,No Location,,,Shoplifting,Investigation complete; no suspect identified,
b0115c73733039ac6b5cfd325f4f65bf9a83278e6b03b6df61470c4b5165d1c9,2024-11,Essex Police,Essex Police,,,No Location,,,Shoplifting,Local resolution,
a28efa0ae9565d6721d32ecf9e8cdc828470aed3ced54e252b67829ae368cdb6,2024-11,Essex Police,Essex Police,,,No Location,,,Shoplifting,Investigation complete; no suspect identified,
0586a3cd69f481c6437e71356d8c868129d43522a31607c6ac637095af2bb4ce,2024-11,Essex Police,Essex Police,,,No Location,,,Shoplifting,Local resolution,
df696f45e210f2acbd938dcb890ab688789455e5b0ac3cb1199998d55c29b1d7,2024-11,Essex Police,Essex Police,,,No Location,,,Shoplifting,Investigation complete; no suspect identified,
9c8f8fcd444f4e8ba2480ba1aae27228d85f7525b0e9469403b34969d7e7f418,2024-11,Essex Police,Essex Police,,,No Location,,,Shoplifting,Investigation complete; no suspect identified,
ce6362e2247da3c818b9efd3b43c06a8d8a78ac1fbe998c1258041c6b35a4785,2024-11,Essex Police,Essex Police,,,No Location,,,Shoplifting,Investigation complete; no suspect identified,
1a9b216146ae8bf0868651960f20e3f78b28141077c761427088aa9360e77211,2024-11,Essex Police,Essex Police,,,No Location,,,Shoplifting,Investigation complete; no suspect identified,
6ed42069c15b658cb10e04e7ca42742fa9341ced7e21d7f98b6f0c100e15ae5e,2024-11,Essex Police,Essex Police,,,No Location,,,Shoplifting,Investigation complete; no suspect identified,
6b764966d5c3b62c969d01e71c44ab56d92753b8ea6fa4984d7e4d56f938bf9a,2024-11,Essex Police,Essex Police,,,No Location,,,Shoplifting,Unable to prosecute suspect,
09f348c491e81333363679fb8ee526d220847f558daac8d68383fe999896c383,2024-11,Essex Police,Essex Police,,,No Location,,,Shoplifting,Investigation complete; no suspect identified,
3fe370008b6beab6c822b4cf0de1fcb78a5e4d081333388f6f8adad1d7539da4,2024-11,Essex Police,Essex Police,,,No Location,,,Shoplifting,Investigation complete; no suspect identified,
b699cd04d295c2a1d478e0b5091b46190724657da7848d82cf193d3714ff098f,2024-11,Essex Police,Essex Police,,,No Location,,,Shoplifting,Investigation complete; no suspect identified,
4adb5b35dc4272c44bdc8496e64a83a1536b5dafe65f20bc7cf425e026766d27,2024-11,Essex Police,Essex Police,,,No Location,,,Shoplifting,Investigation complete; no suspect identified,
9cb844b575496ee120739c6118984f08546e293466d7dec40136ae797fb0438f,2024-11,Essex Police,Essex Police,,,No Location,,,Shoplifting,Court result unavailable,
0f0176a7f983505eaf5b3eeb6a081ee6ec14c32133a1582c37c8cff7d639f154,2024-11,Essex Police,Essex Police,,,No Location,,,Shoplifting,Investigation complete; no suspect identified,
10226043a6e97ad8dee83ec7676c0238b34821dae22c827cff87815f3387b224,2024-11,Essex Police,Essex Police,,,No Location,,,Shoplifting,Investigation complete; no suspect identified,
24109ec23cbea6b7a0ae1882f13a82ebeef1ab30be9b7bbc905fe324c03cd441,2024-11,Essex Police,Essex Police,,,No Location,,,Shoplifting,Investigation complete; no suspect identified,
9b45e522def67c6d478d6464b56fa3df58acb0829d852b45c26f215404e12451,2024-11,Essex Police,Essex Police,,,No Location,,,Shoplifting,Court result unavailable,
80fb81e68ae51a9e5a09b554a153c5a624ae842737e8d45bfa64569c17143152,2024-11,Essex Police,Essex Police,,,No Location,,,Shoplifting,Investigation complete; no suspect identified,
468edd513cde72dca488c8bf8b5598abd2ee7d8aaa074bb2c577e85806b3ff10,2024-11,Essex Police,Essex Police,,,No Location,,,Shoplifting,Investigation complete; no suspect identified,
0e9cfa01d771047b434593edc7dc0c30bac15cfdfc0dcd50e48912f09a3a9e6e,2024-11,Essex Police,Essex Police,,,No Location,,,Shoplifting,Investigation complete; no suspect identified,
333985552c51f13e48c88e9533f431f9cb18fdaca5a6e29c48289603f7047fee,2024-11,Essex Police,Essex Police,,,No Location,,,Shoplifting,Unable to prosecute suspect,
6febbcc23df03b2a3ae9b3fddd42d2a660df41fbe3c3bef6ca5d5fa55fb68f03,2024-11,Essex Police,Essex Police,,,No Location,,,Shoplifting,Investigation complete; no suspect identified,
ce71cbb21cc1b61895f1af9450c906b92a8b860d72d2f1512792b05788474072,2024-11,Essex Police,Essex Police,,,No Location,,,Shoplifting,Local resolution,
97690ebba04d5f87e480b68fbc0af4152482fc5753fa05de4fe5bff3e746e647,2024-11,Essex Police,Essex Police,,,No Location,,,Shoplifting,Investigation complete; no suspect identified,
7a9619d886cf838b3de5ed9d4a6ce20036ac898bf0768804a7eb788e04c2ab3f,2024-11,Essex Police,Essex Police,,,No Location,,,Shoplifting,Investigation complete; no suspect identified,
03c8be79b1591264e864f5a3c5e96672f20e16167fdb73152d48594303f32c0d,2024-11,Essex Police,Essex Police,,,No Location,,,Shoplifting,Investigation complete; no suspect identified,
a61aebbefdedf208f8dbda8be3d945726aba2f44c5178ca119cd81ab80345ec7,2024-11,Essex Police,Essex Police,,,No Location,,,Shoplifting,Local resolution,
0b4b7cb680d9ff66c10b58e0689eb17218049e0eb78f0b5b423364a73a35552c,2024-11,Essex Police,Essex Police,,,No Location,,,Shoplifting,Investigation complete; no suspect identified,
34a824d9cfccc22436233f61c7f0910da1ee64f12c9ad912d753b24cb4a34368,2024-11,Essex Police,Essex Police,,,No Location,,,Shoplifting,Court result unavailable,
8dbcf0ca2e1c838cad4ef2950469e5f5e7acbb65d6cd599155bf77d5fd9426d9,2024-11,Essex Police,Essex Police,,,No Location,,,Shoplifting,Investigation complete; no suspect identified,
5cf9a7bffa5b250491dd9d9c7fefe51807ee4e0adfb6339309aa331184a0e2db,2024-11,Essex Police,Essex Police,,,No Location,,,Shoplifting,Investigation complete; no suspect identified,
01da043838492bb0a9de5700aacac20fcd42535363a5660a93e704152d1f4329,2024-11,Essex Police,Essex Police,,,No Location,,,Theft from the person,Unable to prosecute suspect,
f79ff152852ef1e30be58aa72a2447c0c4d169b4664218836434f6508574b120,2024-11,Essex Police,Essex Police,,,No Location,,,Vehicle crime,Investigation complete; no suspect identified,
fe73539fd74f3579024180ce76377fc9e20eeca52c7e6f2059ea44413ac7ec47,2024-11,Essex Police,Essex Police,,,No Location,,,Vehicle crime,Investigation complete; no suspect identified,
a655d6ea85e42c234cad4a653c3951b3f8d162bc871b6f0fa0d4bd9f4ef70e5b,2024-11,Essex Police,Essex Police,,,No Location,,,Vehicle crime,Investigation complete; no suspect identified,
0ed1376fe47a67d612c264128a9746afec9d645153dfa6b6c67c220aa19a4f59,2024-11,Essex Police,Essex Police,,,No Location,,,Vehicle crime,Investigation complete; no suspect identified,
d7b41a24685b477a74fc6f328f054898c58453813de8e7b25c146093dc9147db,2024-11,Essex Police,Essex Police,,,No Location,,,Vehicle crime,Investigation complete; no suspect identified,
51e44a44208ee734b3ab6af7b540ee0e7f211e2d960dc02f1b77b3a72bbc6247,2024-11,Essex Police,Essex Police,,,No Location,,,Vehicle crime,Investigation complete; no suspect identified,
dd610cbe423ded3be8509588e11ca7ae9f9b30f851dcfd765949eade007e9431,2024-11,Essex Police,Essex Police,,,No Location,,,Vehicle crime,Unable to prosecute suspect,
3fb5da0971c71fd5cfe915578c45a56788c4a6a168717a0b9a4e2c68fd86d8ab,2024-11,Essex Police,Essex Police,,,No Location,,,Vehicle crime,Investigation complete; no suspect identified,
cdcfc8ce8485c32a2c77d3aa1063e46e497174a20d0df1f8083213b5801900fd,2024-11,Essex Police,Essex Police,,,No Location,,,Vehicle crime,Investigation complete; no suspect identified,
9a3df8bbbf59aabbb8b092f73620de37f17fff029e2781e7e92dbc97ca2a5f8e,2024-11,Essex Police,Essex Police,,,No Location,,,Vehicle crime,Investigation complete; no suspect identified,
cbf2fc6e69b453a46a543fcd16c2966e4ca2fc55b2e3c46e6f8dcc54fc245021,2024-11,Essex Police,Essex Police,,,No Location,,,Vehicle crime,Investigation complete; no suspect identified,
45c6a5c70658e88b3e1a88c0521af75d1f83336f8874d36f77151e0b23172dd8,2024-11,Essex Police,Essex Police,,,No Location,,,Vehicle crime,Investigation complete; no suspect identified,
0b11124221d5980b70eb13f1074b9fc4ff941e04aa4d1f29fbb729f6397344e9,2024-11,Essex Police,Essex Police,,,No Location,,,Vehicle crime,Investigation complete; no suspect identified,
01e8e3fa835b783e828185a12518d96d644e19bda9ccc1b80eae838e8e348ade,2024-11,Essex Police,Essex Police,,,No Location,,,Vehicle crime,Investigation complete; no suspect identified,
c4517a1e001079ad759f51b09ddb8b66444ff603ceb698f3aabfa272d8b6105d,2024-11,Essex Police,Essex Police,,,No Location,,,Violence and sexual offences,Court result unavailable,
0b4433fe045b99b0cea0af3ca25a036341959fa272d3572288d06c4d2b665ee6,2024-11,Essex Police,Essex Police,,,No Location,,,Violence and sexual offences,Unable to prosecute suspect,
c1be86367867bb275c3c558b1ea67b588e891e06f9a40f081d8a549cae376a64,2024-11,Essex Police,Essex Police,,,No Location,,,Violence and sexual offences,Unable to prosecute suspect,
23130018ba55970b84f8644a7f5ec08b4f98871054dc89fde218b8b2a3b576c1,2024-11,Essex Police,Essex Police,,,No Location,,,Violence and sexual offences,Action to be taken by another organisation,
fd4b013e3db3fc2142099034ed03388f18b6bdcfc6b3b57bd1501ee0ab68f310,2024-11,Essex Police,Essex Police,,,No Location,,,Violence and sexual offences,Unable to prosecute suspect,
eda9971e2c8b87b1b5ddd4dc3e40fc112286ddcb614a3bc0034b781b3c5d473a,2024-11,Essex Police,Essex Police,,,No Location,,,Violence and sexual offences,Local resolution,
f96042a8aa35c84feec0e068b88923067a6958bf2308eca6e05cd651d285063a,2024-11,Essex Police,Essex Police,,,No Location,,,Violence and sexual offences,Unable to prosecute suspect,
d67c1a4f2def7b62a6c4151f13b0c42f40d6a695cfff3a050a0e4f321b58859a,2024-11,Essex Police,Essex Police,,,No Location,,,Violence and sexual offences,Status update unavailable,
b5fa5198dff9b20aad20d2086053122391c4d4137ebbd4ed951dc86cdb328ea1,2024-11,Essex Police,Essex Police,,,No Location,,,Violence and sexual offences,Unable to prosecute suspect,
e47e4e5d9271fe8f426a98c87484fd625f22a1dd146d6bef974adb11489e7a51,2024-11,Essex Police,Essex Police,,,No Location,,,Violence and sexual offences,Unable to prosecute suspect,
17fa546e7d7e9c9ba797dd718d8439c514d957d6db1ffc482e5a56644f82dd98,2024-11,Essex Police,Essex Police,,,No Location,,,Violence and sexual offences,Unable to prosecute suspect,
81054becd2119bf223d9ab64ef72f4a39e310810869f15c7be09960ce5b76a89,2024-11,Essex Police,Essex Police,,,No Location,,,Violence and sexual offences,Investigation complete; no suspect identified,
338dc8cdd3924eaa09899e4f48a1e594ac5388192d7be24fe5f03d129a092cbe,2024-11,Essex Police,Essex Police,,,No Location,,,Violence and sexual offences,Unable to prosecute suspect,
58b9e46095c290adfcc13ac6b9b3e1eeff8aae26dcba5c1226474d91014c57a0,2024-11,Essex Police,Essex Police,,,No Location,,,Violence and sexual offences,Unable to prosecute suspect,
0c4c8b46d39e8c03eb524990ac479f05811d085579f591b980104f1870ac370a,2024-11,Essex Police,Essex Police,,,No Location,,,Violence and sexual offences,Unable to prosecute suspect,
dfa867ed9c4820ae0f32337844bedb1a0b7285bdaa4ccd64dc7b9dbdeff56108,2024-11,Essex Police,Essex Police,,,No Location,,,Violence and sexual offences,Investigation complete; no suspect identified,
ac5de757ca0bbb6fd06b55821deeaa4c770877292cfb3387b5da2093c141bfa9,2024-11,Essex Police,Essex Police,,,No Location,,,Violence and sexual offences,Unable to prosecute suspect,
069f88e4bf9de6d70e7d61b8537c33a85bf684e15aec7d239a35f19b24b06f68,2024-11,Essex Police,Essex Police,,,No Location,,,Violence and sexual offences,Unable to prosecute suspect,
ede86c4533d34416ff95dfcad9d9677136a7cbdb0865ca9b606292153369f977,2024-11,Essex Police,Essex Police,,,No Location,,,Violence and sexual offences,Unable to prosecute suspect,
3880b6b808b1c204f30b18b65c3fad818566743f3a1e46028c1ae60c91304932,2024-11,Essex Police,Essex Police,,,No Location,,,Violence and sexual offences,Investigation complete; no suspect identified,
caf728e4d7c898147f2064773fe6c81b528da1f94b1607ff1b801ccdce0c0b9b,2024-11,Essex Police,Essex Police,,,No Location,,,Violence and sexual offences,Court result unavailable,
d81fd8e011a5ee547a12accebc6fa2e8c4ffc43df886bca95d38ebafad312c82,2024-11,Essex Police,Essex Police,,,No Location,,,Violence and sexual offences,Local resolution,
ed8e4c9a678cd85bbe67c0178afdb1656654d2bc27a5eb6f0d23fb44abb425cb,2024-11,Essex Police,Essex Police,,,No Location,,,Violence and sexual offences,Unable to prosecute suspect,
aea4d0712cc470e9772ea702c226c12bacf5cf8b4e77184f6915582470cb4d2e,2024-11,Essex Police,Essex Police,,,No Location,,,Violence and sexual offences,Awaiting court outcome,
52e10e9dcc7be7c3c75c168166b4b563a6802b1bc38994ba9d0413f68dd8a4be,2024-11,Essex Police,Essex Police,,,No Location,,,Violence and sexual offences,Unable to prosecute suspect,
1c155b7593b47210c8d2be74b1d1bac3f1cbb09efdf6b4312e04c658fc2a846d,2024-11,Essex Police,Essex Police,,,No Location,,,Violence and sexual offences,Investigation complete; no suspect identified,
5b5df5122198590321f6f5ae24f14695afcb592ceb28fbeeaf211f9df6bfbe48,2024-11,Essex Police,Essex Police,,,No Location,,,Violence and sexual offences,Unable to prosecute suspect,
a527fa7b117637b6819edbdf1a0c80b545bad816230b9406b761e7c9f8378c9c,2024-11,Essex Police,Essex Police,,,No Location,,,Violence and sexual offences,Action to be taken by another organisation,
c46c848fdc0c93a630d9826259a5dd973216daaf9156482c0fc999076341ba66,2024-11,Essex Police,Essex Police,,,No Location,,,Violence and sexual offences,Unable to prosecute suspect,
ea2e1eef415f3ce253947b97dc7d20690e7e6ff60482e69eefc6a487291991ed,2024-11,Essex Police,Essex Police,,,No Location,,,Violence and sexual offences,Unable to prosecute suspect,
ac41a835a57c317922975d002d243638b2e29f137af25f779344328317cbbd4d,2024-11,Essex Police,Essex Police,,,No Location,,,Violence and sexual offences,Investigation complete; no suspect identified,
15841e4aee9ae72fd2800396f86e91481d2294249d3df73702494c7f331ad97b,2024-11,Essex Police,Essex Police,,,No Location,,,Violence and sexual offences,Investigation complete; no suspect identified,
25104be15b0daf7ad78557d98e4a65020be2d08ba9190348a0540efd1b05bdc9,2024-11,Essex Police,Essex Police,,,No Location,,,Violence and sexual offences,Unable to prosecute suspect,
837e09120734637ecc7efe550e4d12675fc23964c8b24ef6e0475d6289eac36a,2024-11,Essex Police,Essex Police,,,No Location,,,Violence and sexual offences,Investigation complete; no suspect identified,
93f8631e45ce23cf14cb954c8ae55cd9d065e611c864d835d75f2f5b2ee91e0f,2024-11,Essex Police,Essex Police,,,No Location,,,Violence and sexual offences,Court result unavailable,
9d93ceaaab677aca17a278e38d4391fe57f870dab2ba70629fe0155ca4d13b28,2024-11,Essex Police,Essex Police,,,No Location,,,Violence and sexual offences,Investigation complete; no suspect identified,
e1007ebe9ebe96cc33fefa12c30667b986afd1d22e088133c0d6c639987c87f7,2024-11,Essex Police,Essex Police,,,No Location,,,Violence and sexual offences,Local resolution,
2a4bbd04252de1d4781058522575fc2f62cf77cefde77770bd910a074941dbf0,2024-11,Essex Police,Essex Police,,,No Location,,,Violence and sexual offences,Unable to prosecute suspect,
d05aebe5043b07f0d4e300ee1e10003578f7b3de48f1671a405eca8888f784fc,2024-11,Essex Police,Essex Police,,,No Location,,,Violence and sexual offences,Investigation complete; no suspect identified,
d6e532499fa8551bc2194022de7cf60d7e49086547d82d24ee9096f855540071,2024-11,Essex Police,Essex Police,,,No Location,,,Violence and sexual offences,Unable to prosecute suspect,
f9ac4f74960dd14de1ff1fcc910ccd27341084f29f369032e63a35d365f8ccd5,2024-11,Essex Police,Essex Police,,,No Location,,,Violence and sexual offences,Local resolution,
57a796e4fe65f92cb6d7cca7503cfe155256b6c03a1c5effab23020dfa0f8df7,2024-11,Essex Police,Essex Police,,,No Location,,,Violence and sexual offences,Unable to prosecute suspect,
00979fa4b9c8b6045ed2bdbdfef3bbfb4332d876a57957916e0083b8dd43b241,2024-11,Essex Police,Essex Police,,,No Location,,,Violence and sexual offences,Court result unavailable,
c0716f83220768ba4730f5f920bf712d2c581c90a4cc8229f72f918686eeb8b7,2024-11,Essex Police,Essex Police,,,No Location,,,Violence and sexual offences,Unable to prosecute suspect,
a3977164aaaefe0028dd70e7dfb6b1fbdaf76934e8125cfee8464ffcc2e661be,2024-11,Essex Police,Essex Police,,,No Location,,,Violence and sexual offences,Court result unavailable,
1a6226a674a0d792ceca089df8e1926b2ae0d94a0ea6a02f778ea60f6b72775a,2024-11,Essex Police,Essex Police,,,No Location,,,Violence and sexual offences,Status update unavailable,
27036bb6137a29d2457af292a2e34b739bf036d40e7c889e6c0c8b98bba68ada,2024-11,Essex Police,Essex Police,,,No Location,,,Violence and sexual offences,Investigation complete; no suspect identified,
2184689d18f7f31d786394f46878bb2629d00a60e2cad85d0b33aea6ca44debc,2024-11,Essex Police,Essex Police,,,No Location,,,Violence and sexual offences,Unable to prosecute suspect,
42d2eb5ff39160e20a241c435ae22c30204af041149715a60ba9382d5d08a529,2024-11,Essex Police,Essex Police,,,No Location,,,Violence and sexual offences,Court result unavailable,
baf9908e45194157eff3ea77d79cc5f92dd3875f8be059a7ac77adff6af08181,2024-11,Essex Police,Essex Police,,,No Location,,,Violence and sexual offences,Unable to prosecute suspect,
90653ad26500ccd2570547eee9cdecdf1747ed1daf3e1ab53a60c8c787249cb2,2024-11,Essex Police,Essex Police,,,No Location,,,Violence and sexual offences,Unable to prosecute suspect,
f494186bf474cac86eee1578a95894bc99395bcd7abce78d9e8757d6eac020ad,2024-11,Essex Police,Essex Police,,,No Location,,,Violence and sexual offences,Unable to prosecute suspect,
70b3a21bcb5b1ed45051f2e09743cb56b839a28f5eb602cf716b0852f0185e7e,2024-11,Essex Police,Essex Police,,,No Location,,,Violence and sexual offences,Investigation complete; no suspect identified,
7ce5585a9e90a0c38cc7dac0f649dedf304eb47cabf57c2fb7f50a482864a963,2024-11,Essex Police,Essex Police,,,No Location,,,Violence and sexual offences,Court result unavailable,
229e7a5c3f20a22af8f692485725358ca6e90615a0b121ffcf41b52cb3b8dfff,2024-11,Essex Police,Essex Police,,,No Location,,,Other crime,Status update unavailable,
