Crime ID,Month,Reported by,Falls within,Longitude,Latitude,Location,LSOA code,LSOA name,Crime type,Last outcome category,Context
,2024-11,Sussex Police,Sussex Police,-0.231786,50.837038,On or near Milton Drive,E01031349,Adur 001A,Anti-social behaviour,,
729e63d996ec70768a66339bc6d53bf0a68f1efd7281395a0eb472de433a81ca,2024-11,Sussex Police,Sussex Police,-0.224424,50.839417,On or near St Louie Close,E01031350,Adur 001B,Violence and sexual offences,Unable to prosecute suspect,
,2024-11,Sussex Police,Sussex Police,-0.240066,50.845347,On or near Hill Farm Way,E01031351,Adur 001C,Anti-social behaviour,,
,2024-11,Sussex Police,Sussex Police,-0.248279,50.844526,On or near Shopping Area,E01031351,Adur 001C,Anti-social behaviour,,
,2024-11,Sussex Police,Sussex Police,-0.248804,50.843032,On or near Petrol Station,E01031351,Adur 001C,Anti-social behaviour,,
42758d7c86fb0b02b34a0d38728c74d9cd88c1820ebb68e3e60d8c33dad7d3b3,2024-11,Sussex Police,Sussex Police,-0.249764,50.844684,On or near Supermarket,E01031351,Adur 001C,Criminal damage and arson,Investigation complete; no suspect identified,
68fb8b3b72a3e23293343dd8bdb156df4d431a070ec6da26d4db8f513874947e,2024-11,Sussex Police,Sussex Police,-0.249764,50.844684,On or near Supermarket,E01031351,Adur 001C,Criminal damage and arson,Investigation complete; no suspect identified,
64b842841e436113feda8c50bd7c4fef2ced6699a207e7d8783d5ba7c04b72be,2024-11,Sussex Police,Sussex Police,-0.249764,50.844684,On or near Supermarket,E01031351,Adur 001C,Criminal damage and arson,Investigation complete; no suspect identified,
8dde1b527bfb07565c7656046ca32b7b2a0780e278dc2288b2b3e7e1a1cde3b8,2024-11,Sussex Police,Sussex Police,-0.249764,50.844684,On or near Supermarket,E01031351,Adur 001C,Other theft,Investigation complete; no suspect identified,
92c6615f434e86c983175e1a801a501d7808835b5cafe9aa1b4a3e0fe6711f94,2024-11,Sussex Police,Sussex Police,-0.249764,50.844684,On or near Supermarket,E01031351,Adur 001C,Other theft,Investigation complete; no suspect identified,
0965cf97e165b64668556fede12e815d836b94b4bf4658c6f15a2acbff3e8569,2024-11,Sussex Police,Sussex Police,-0.248804,50.843032,On or near Petrol Station,E01031351,Adur 001C,Other theft,Unable to prosecute suspect,
740beedba8e5cc8cb0149d835345a19371b1053b56efe0831e8af2094e452a4a,2024-11,Sussex Police,Sussex Police,-0.248279,50.844526,On or near Shopping Area,E01031351,Adur 001C,Other theft,Investigation complete; no suspect identified,
649c0f751ddb5778a91fecc1dd834ba5097e3719cc1819040311f2d733ba8b05,2024-11,Sussex Police,Sussex Police,-0.248279,50.844526,On or near Shopping Area,E01031351,Adur 001C,Other theft,Unable to prosecute suspect,
e586080206b394a11de04967e5b926e4ba0e4a1dca6a9eb3b4293f1170e6618f,2024-11,Sussex Police,Sussex Police,-0.238150,50.841541,On or near Downland Avenue,E01031351,Adur 001C,Public order,Unable to prosecute suspect,
a33d23b5f186eac2cebf174dea0da4dae4cf84cd78550b432e7dd23b8ca70601,2024-11,Sussex Police,Sussex Police,-0.248130,50.842438,On or near Kingston Broadway,E01031351,Adur 001C,Public order,Investigation complete; no suspect identified,
b1d5bea349062c7215fde508c33ab89dcc42a7d5a1e06142e8eb9f0a58d37f1d,2024-11,Sussex Police,Sussex Police,-0.248279,50.844526,On or near Shopping Area,E01031351,Adur 001C,Shoplifting,Investigation complete; no suspect identified,
0a5ec55e660e28cd8c446a4681c462a2bd377b09a0716add33d22651f7428706,2024-11,Sussex Police,Sussex Police,-0.248279,50.844526,On or near Shopping Area,E01031351,Adur 001C,Shoplifting,Investigation complete; no suspect identified,
57024ace933cb01d36dcf85eac25ae864f92dd47a9a393ae5014968df412cabe,2024-11,Sussex Police,Sussex Police,-0.248279,50.844526,On or near Shopping Area,E01031351,Adur 001C,Shoplifting,Investigation complete; no suspect identified,
f6ef876c64a44003b7e3d6ec729a390b4d0f2133b2899a962e11d4cd590b14fa,2024-11,Sussex Police,Sussex Police,-0.249764,50.844684,On or near Supermarket,E01031351,Adur 001C,Theft from the person,Unable to prosecute suspect,
68591fe497ed0d809c0e026c545653f91a3371f6af85bf141571238df35e7419,2024-11,Sussex Police,Sussex Police,-0.245770,50.842870,On or near Hawkins Road,E01031351,Adur 001C,Vehicle crime,Investigation complete; no suspect identified,
46ee256cc70d70dc0edbd82762dbc8a646d2248d06f9e9fc3d35dc1f43b371c1,2024-11,Sussex Police,Sussex Police,-0.241628,50.842340,On or near Downland Close,E01031351,Adur 001C,Violence and sexual offences,Unable to prosecute suspect,
712be171666236b78d83d0dd026d8834ef12cf5378a4ad05e19b62dbd3584d45,2024-11,Sussex Police,Sussex Police,-0.234613,50.846056,On or near Cromleigh Way,E01031351,Adur 001C,Violence and sexual offences,Awaiting court outcome,
fc6e5ffe6b54f5efe08b749540b5bf30ceb5ac5558d8e79aa00353833cd80e67,2024-11,Sussex Police,Sussex Police,-0.234613,50.846056,On or near Cromleigh Way,E01031351,Adur 001C,Violence and sexual offences,Unable to prosecute suspect,
646069b8baec13aa0c840f03dc886d8cec26f4a81524f050cd76d0efb8c387fe,2024-11,Sussex Police,Sussex Police,-0.241628,50.842340,On or near Downland Close,E01031351,Adur 001C,Violence and sexual offences,Unable to prosecute suspect,
d0bedda0b06b66847660f8d41d3c6a228309661ef5e8a66a28ffd8929832a826,2024-11,Sussex Police,Sussex Police,-0.234613,50.846056,On or near Cromleigh Way,E01031351,Adur 001C,Violence and sexual offences,Unable to prosecute suspect,
,2024-11,Sussex Police,Sussex Police,-0.233612,50.840222,On or near Old Shoreham Road,E01031352,Adur 001D,Anti-social behaviour,,
6c727ffd18a8084a63d8c4fa6b4179a55886bf0b4afe5ff4cf11bcb7213d8dab,2024-11,Sussex Police,Sussex Police,-0.236042,50.840547,On or near A270,E01031352,Adur 001D,Burglary,Investigation complete; no suspect identified,
57716649239d13c71fab4c61f831bae7a017e24a06da87d1f04d4b3079718713,2024-11,Sussex Police,Sussex Police,-0.236042,50.840547,On or near A270,E01031352,Adur 001D,Burglary,Investigation complete; no suspect identified,
d1be6b76750fefffd07a76e1677fa6105245e2437832ceccfb32428a700db164,2024-11,Sussex Police,Sussex Police,-0.232945,50.841327,On or near Hillside,E01031352,Adur 001D,Other theft,Investigation complete; no suspect identified,
c90d458d57149a8732875619f5afb07d2a6f2dc6d05190a95bd28d69dc81c321,2024-11,Sussex Police,Sussex Police,-0.230561,50.842406,On or near Eastbank,E01031352,Adur 001D,Public order,Investigation complete; no suspect identified,
,2024-11,Sussex Police,Sussex Police,-0.254462,50.840230,On or near Hammy Close,E01031370,Adur 001E,Anti-social behaviour,,
77280051ff92084743da18308d515dc98dbf44776e4ff185c32cfd3577dd5e05,2024-11,Sussex Police,Sussex Police,-0.254462,50.840230,On or near Hammy Close,E01031370,Adur 001E,Other theft,Unable to prosecute suspect,
a81c96bb825fbd70641c126c560a4cec19cac762f757c412f352fc78f81185ea,2024-11,Sussex Police,Sussex Police,-0.246554,50.839761,On or near King George Road,E01031370,Adur 001E,Other theft,Investigation complete; no suspect identified,
5eb0e13bb0140144cb2f91e7aa91058df521b86c6e525df35230ef66f2e98501,2024-11,Sussex Police,Sussex Police,-0.243701,50.840860,On or near Kingston Way,E01031370,Adur 001E,Public order,Unable to prosecute suspect,
53cb38bf3ab8a53119cd5052a0ea7ba2eff3ab67ea59156d723d2a2aaf8904cf,2024-11,Sussex Police,Sussex Police,-0.250139,50.841137,On or near Supermarket,E01031370,Adur 001E,Shoplifting,Investigation complete; no suspect identified,
82ff5d3794c0dab540477dd46a09f54746bfdf8b17291587b3bcf437ce0b00b6,2024-11,Sussex Police,Sussex Police,-0.246571,50.838160,On or near Clarendon Road,E01031370,Adur 001E,Violence and sexual offences,Offender given a caution,
8936b1efcaf5ee8383549a72bb0271d238b9546b403ce85618c969dec98ff2e3,2024-11,Sussex Police,Sussex Police,-0.244174,50.837342,On or near Kingston Lane,E01031370,Adur 001E,Violence and sexual offences,Unable to prosecute suspect,
859b8eb2b97b1d2259e05517e65a966d968f29b852a930673fb989fc47648c7a,2024-11,Sussex Police,Sussex Police,-0.236045,50.837453,On or near Roman Crescent,E01031374,Adur 001F,Burglary,Status update unavailable,
25519c8270563e018c793d4a71329540e9a339eae0b3b525bcfaac07a1108d6a,2024-11,Sussex Police,Sussex Police,-0.236045,50.837453,On or near Roman Crescent,E01031374,Adur 001F,Burglary,Investigation complete; no suspect identified,
d3b396d23cbb2cb4ef60527a54a1f8ceefda9b69b8122c88ecfd6bb684c4bb76,2024-11,Sussex Police,Sussex Police,-0.244042,50.837808,On or near Westmount Close,E01031374,Adur 001F,Public order,Investigation complete; no suspect identified,
ef833dea494add243721db2b6b928c7090f0dd7fadad2b6282cb5ca2f278f470,2024-11,Sussex Police,Sussex Police,-0.239538,50.839376,On or near Underdown Road,E01031374,Adur 001F,Vehicle crime,Unable to prosecute suspect,
,2024-11,Sussex Police,Sussex Police,-0.260372,50.841721,On or near Garden Close,E01031338,Adur 002A,Anti-social behaviour,,
,2024-11,Sussex Police,Sussex Police,-0.278699,50.844314,On or near Mill Hill,E01031340,Adur 002C,Anti-social behaviour,,
24cfd5965ec675d805a7446fccbfa14a85bcdc254a5ad201f30620adfdc4de06,2024-11,Sussex Police,Sussex Police,-0.259851,50.843512,On or near Ashlings Way,E01031340,Adur 002C,Burglary,Status update unavailable,
3acb93cd1e0722ae63eafc516bb6804e1064168a5b304133655a3662a8e66294,2024-11,Sussex Police,Sussex Police,-0.278600,50.857820,On or near Mill Hill,E01031340,Adur 002C,Violence and sexual offences,Status update unavailable,
,2024-11,Sussex Police,Sussex Police,-0.260090,50.839001,On or near Amber Close,E01031365,Adur 002D,Anti-social behaviour,,
,2024-11,Sussex Police,Sussex Police,-0.260537,50.837677,On or near St Giles Close,E01031365,Adur 002D,Anti-social behaviour,,
,2024-11,Sussex Police,Sussex Police,-0.270652,50.834527,On or near Parking Area,E01031365,Adur 002D,Anti-social behaviour,,
fe8ada5ed330a77f178419968f2982c39f793d72348257e2426e021c8544fc3a,2024-11,Sussex Police,Sussex Police,-0.269531,50.837568,On or near The Cygnets,E01031365,Adur 002D,Burglary,Status update unavailable,
503c092a45f17ffb94aff4c0eda3f86209a363bd81c45dc5106066e8a5f67290,2024-11,Sussex Police,Sussex Police,-0.269531,50.837568,On or near The Cygnets,E01031365,Adur 002D,Burglary,Status update unavailable,
534a7ac7b73efff982da8cce287420c2b021e4fd88b95acee2295ebb74d92294,2024-11,Sussex Police,Sussex Police,-0.262058,50.838788,On or near Park Avenue,E01031365,Adur 002D,Criminal damage and arson,Offender given a caution,
db7279ee54dc5b896ba4e747d21923f44cb8008b8eb41d7469b27d857e1b09a5,2024-11,Sussex Police,Sussex Police,-0.269613,50.837263,On or near Nicolson Drive,E01031365,Adur 002D,Criminal damage and arson,Local resolution,
5a1b0110767b524391a859d5f34e05ea1772e51b6e1813a06913b3c71877d4fc,2024-11,Sussex Police,Sussex Police,-0.263279,50.837250,On or near Sullington Way,E01031365,Adur 002D,Vehicle crime,Investigation complete; no suspect identified,
1dc3265a973292f46ed9f07a37f44c1c3be3260f7e85ab0850ef15616143d5fe,2024-11,Sussex Police,Sussex Police,-0.260537,50.837677,On or near St Giles Close,E01031365,Adur 002D,Violence and sexual offences,Unable to prosecute suspect,
b0aedff4ab74dddeca8fbbb54975432e5274a01000259af09b743a4425208912,2024-11,Sussex Police,Sussex Police,-0.259394,50.840897,On or near Southlands Way,E01031365,Adur 002D,Violence and sexual offences,Investigation complete; no suspect identified,
341ff0151d20e84cd514b92161e33ec8d2b3ddf472dfd6e489f87c8938744549,2024-11,Sussex Police,Sussex Police,-0.275313,50.839056,On or near Northbourne Close,E01031367,Adur 002E,Criminal damage and arson,Investigation complete; no suspect identified,
30eb660cf4ef554044a0b4847578cfffb27ac8aa6e317ccfa8f453923c76b697,2024-11,Sussex Police,Sussex Police,-0.271322,50.837531,On or near Buckingham Road,E01031367,Adur 002E,Other theft,Investigation complete; no suspect identified,
08f3ca74397fa128c0bd4da0008753d6cfa56ae86084ddc43d0aa9d0f2a07009,2024-11,Sussex Police,Sussex Police,-0.271322,50.837531,On or near Buckingham Road,E01031367,Adur 002E,Violence and sexual offences,Investigation complete; no suspect identified,
65b1a61f89099eb1115b425414747be9d4cbaf1f0864385dae7c7fccaaad2a4f,2024-11,Sussex Police,Sussex Police,-0.333942,50.839890,On or near Halewick Lane,E01031345,Adur 003A,Burglary,Investigation complete; no suspect identified,
760365d991643914145ba66e7ebf144996b5a30b6e2d5c244d3c8e05c6757cf7,2024-11,Sussex Police,Sussex Police,-0.331449,50.842472,On or near Highview,E01031345,Adur 003A,Public order,Status update unavailable,
bc3b04843e752d695b891bb54a56a430079c21ca8d8b379065f4ba2963be9ad6,2024-11,Sussex Police,Sussex Police,-0.331449,50.842472,On or near Highview,E01031345,Adur 003A,Public order,Further investigation is not in the public interest,
,2024-11,Sussex Police,Sussex Police,-0.310890,50.838695,On or near Dew Pond Close,E01031353,Adur 003B,Anti-social behaviour,,
,2024-11,Sussex Police,Sussex Police,-0.313664,50.837809,On or near Old Shoreham Road,E01031353,Adur 003B,Anti-social behaviour,,
,2024-11,Sussex Police,Sussex Police,-0.313664,50.837809,On or near Old Shoreham Road,E01031353,Adur 003B,Anti-social behaviour,,
8bbd4cde54a9737ca457cecc3af2713faedf3691df95d1a6b61e46e517d5adc1,2024-11,Sussex Police,Sussex Police,-0.317513,50.841741,On or near Ring Road,E01031353,Adur 003B,Criminal damage and arson,Investigation complete; no suspect identified,
ed49350b5dd47912edecdc273d7f8fa36135084b39fc08a6eae26042a77f1b3d,2024-11,Sussex Police,Sussex Police,-0.300828,50.844359,On or near The Drive,E01031353,Adur 003B,Other theft,Investigation complete; no suspect identified,
7ca5279e22c0f4ae2b219230e95d553e397bfbb4133977bf4461f9c3188b89b7,2024-11,Sussex Police,Sussex Police,-0.313664,50.837809,On or near Old Shoreham Road,E01031353,Adur 003B,Vehicle crime,Investigation complete; no suspect identified,
748ce388ca3f1b19525331c810f24edc5ab5b1e6a9d59423537f589a39212685,2024-11,Sussex Police,Sussex Police,-0.318417,50.839119,On or near The Street,E01031353,Adur 003B,Violence and sexual offences,Unable to prosecute suspect,
6539dc29260136dd585ca167a9033411cd7af950c51cc24b9a3d7a5b886b1713,2024-11,Sussex Police,Sussex Police,-0.328494,50.837735,On or near Petrol Station,E01031354,Adur 003C,Criminal damage and arson,Investigation complete; no suspect identified,
81b51ee6139e9de405bd4e275be5a602c812ea923a154b6d9954d1a6d0df9a96,2024-11,Sussex Police,Sussex Police,-0.328494,50.837735,On or near Petrol Station,E01031354,Adur 003C,Other theft,Investigation complete; no suspect identified,
0ee8ddacff2a8178924fefdb8c14216357e3b3d450bc153c116fb40fcd311953,2024-11,Sussex Police,Sussex Police,-0.328494,50.837735,On or near Petrol Station,E01031354,Adur 003C,Other theft,Investigation complete; no suspect identified,
3509e36fe08861840d7380058310b8a21660025ca77117e8fea60b94e606eef9,2024-11,Sussex Police,Sussex Police,-0.321314,50.837137,On or near Seventh Avenue,E01031354,Adur 003C,Violence and sexual offences,Unable to prosecute suspect,
c0e4ca7851b9fb44e4aab04d7d0cb8955452021e3c9b6ef63a338e622e049587,2024-11,Sussex Police,Sussex Police,-0.328728,50.834366,On or near Greet Road,E01031355,Adur 003D,Burglary,Investigation complete; no suspect identified,
d5fe8584ba08548a9063dc48bc4029cc6d5d62cf58c233af94a9ce4b9f529505,2024-11,Sussex Police,Sussex Police,-0.324179,50.835263,On or near Pemberton Close,E01031355,Adur 003D,Criminal damage and arson,Investigation complete; no suspect identified,
1bbc881cba1cd49f75dc6666e75003545ab44325e06b3b9376c1f8e6a3be3831,2024-11,Sussex Police,Sussex Police,-0.328984,50.837121,On or near Pende Close,E01031355,Adur 003D,Public order,Unable to prosecute suspect,
c95de3e184f21df4a03c1de8ef20c118728ba0f5e28c3ba834abf506a7d401bf,2024-11,Sussex Police,Sussex Police,-0.324260,50.832611,On or near Wraysbury Gardens,E01031355,Adur 003D,Vehicle crime,Investigation complete; no suspect identified,
8466c4b825cd3198c78e84e986eac94075815376a3b1fcbbb857007b0d64846b,2024-11,Sussex Police,Sussex Police,-0.329577,50.834432,On or near Hamilton Road,E01031355,Adur 003D,Violence and sexual offences,Status update unavailable,
cfb5a1c13fee9221760b634cb05bed078badbed45d6c25e57fbde19981cc94ec,2024-11,Sussex Police,Sussex Police,-0.329577,50.834432,On or near Hamilton Road,E01031355,Adur 003D,Violence and sexual offences,Action to be taken by another organisation,
0ac19d6a923c08b7783fbadbcd6157d546502a5a4a7545e32b3430e39fa994fa,2024-11,Sussex Police,Sussex Police,-0.320142,50.831023,On or near Grinstead Avenue,E01031359,Adur 003E,Other theft,Investigation complete; no suspect identified,
9785c69e4a2f5d7ce039e2d881a2c5d93f59f5daf89d9d329c86f5248d81e4e5,2024-11,Sussex Police,Sussex Police,-0.320142,50.831023,On or near Grinstead Avenue,E01031359,Adur 003E,Other theft,Unable to prosecute suspect,
d6a632868ab43f470f37b2934090c4f7d1a74b303e0a97ff9c7f1620f378a80b,2024-11,Sussex Police,Sussex Police,-0.321750,50.832503,On or near Second Avenue,E01031359,Adur 003E,Public order,Investigation complete; no suspect identified,
97ad982f2c2cbe96f50f4f8960a7b809bf48baead221020615ce61817e1e8b4b,2024-11,Sussex Police,Sussex Police,-0.318853,50.836077,On or near Eighth Avenue,E01031359,Adur 003E,Public order,Unable to prosecute suspect,
b18df33010d64cd6daac911f903c0285f03347b6ae0ca7e4c0341f0ce0012dea,2024-11,Sussex Police,Sussex Police,-0.234392,50.828965,On or near Parking Area,E01031347,Adur 004A,Criminal damage and arson,Investigation complete; no suspect identified,
cdd1e3c7033b79499229c9c332898c7aee87ca5c8621362c8e18e8b13acc3a1f,2024-11,Sussex Police,Sussex Police,-0.235461,50.832228,On or near Spring Gardens,E01031347,Adur 004A,Criminal damage and arson,Investigation complete; no suspect identified,
6dc8d75d539d5975e608115e8835bf3a2d650b9b74c918f53513ed9a0d87bc71,2024-11,Sussex Police,Sussex Police,-0.226869,50.828878,On or near Basin Road South,E01031347,Adur 004A,Other theft,Investigation complete; no suspect identified,
f519d1023d0551af9aa9ea391182774a2950cd9e5901126c72953e4b8a1a45f2,2024-11,Sussex Police,Sussex Police,-0.234392,50.828965,On or near Parking Area,E01031347,Adur 004A,Public order,Investigation complete; no suspect identified,
26d9aa72ca2bdbb02725d2511f57733e9cb4075826ccd893b4add23cfb701b08,2024-11,Sussex Police,Sussex Police,-0.237130,50.832406,On or near Southwick,E01031347,Adur 004A,Vehicle crime,Unable to prosecute suspect,
8552fbf1fcb978ef68b3fd82e3e11417cfe6f3a899defab1057a2c1040f2a329,2024-11,Sussex Police,Sussex Police,-0.235461,50.832228,On or near Spring Gardens,E01031347,Adur 004A,Violence and sexual offences,Unable to prosecute suspect,
b3e2a463631a24b8bb0f1cbafb657000b664d67ae2895191d08d7b2f34bf2712,2024-11,Sussex Police,Sussex Police,-0.234392,50.828965,On or near Parking Area,E01031347,Adur 004A,Violence and sexual offences,Investigation complete; no suspect identified,
71757c915d4772820ef87c1af8fcd9bbcfa2855dd77e456eb554b833476e9788,2024-11,Sussex Police,Sussex Police,-0.235461,50.832228,On or near Spring Gardens,E01031347,Adur 004A,Violence and sexual offences,Unable to prosecute suspect,
056cce14439e507b4b2785a61014fafc6fa60338b669465f89fa0ad18ee405f9,2024-11,Sussex Police,Sussex Police,-0.225525,50.832860,On or near Eastbrook Way,E01031347,Adur 004A,Violence and sexual offences,Offender given a caution,
067b32f8ab31a087acfeaed176a795f205654e9b7bd48b3f50a50ca19809fb9a,2024-11,Sussex Police,Sussex Police,-0.225525,50.832860,On or near Eastbrook Way,E01031347,Adur 004A,Violence and sexual offences,Unable to prosecute suspect,
2da9209081403f831a0d4e5bbca6780d09ac335114f2f0c2f4da5befc8972af3,2024-11,Sussex Police,Sussex Police,-0.225525,50.832860,On or near Eastbrook Way,E01031347,Adur 004A,Other crime,Further action is not in the public interest,
,2024-11,Sussex Police,Sussex Police,-0.219408,50.828288,On or near Basin Road South,E01031348,Adur 004B,Anti-social behaviour,,
c47270b1b18289ca1bcdee071e7a808e5a9380be8624ba6c70aa63cd1fde90c6,2024-11,Sussex Police,Sussex Police,-0.218356,50.833902,On or near Gardner Road,E01031348,Adur 004B,Criminal damage and arson,Unable to prosecute suspect,
b685af3b2387cee13f237563a253054c8836a8eedacb95ef89baa03480c786c0,2024-11,Sussex Police,Sussex Police,-0.219655,50.832986,On or near St Aubyn'S Road,E01031348,Adur 004B,Drugs,Investigation complete; no suspect identified,
8bee805672859dfeb9c37b8cfb2efea80025b10eb6307f4fa9345ed74f2d8953,2024-11,Sussex Police,Sussex Police,-0.222651,50.833760,On or near Fishersgate Close,E01031348,Adur 004B,Other theft,Investigation complete; no suspect identified,
5072faae9f09f0facb27c56d6d1effa491f6d0d195fc504028462ebfd6f3d80d,2024-11,Sussex Police,Sussex Police,-0.219576,50.834325,On or near Fishergate,E01031348,Adur 004B,Other theft,Investigation complete; no suspect identified,
c9794f843e7cf0e1de06bed1d5af3708e464c8badb10484f8578f0d3af43998e,2024-11,Sussex Police,Sussex Police,-0.226107,50.835864,On or near Meadow Close,E01031348,Adur 004B,Violence and sexual offences,Investigation complete; no suspect identified,
b8c91911b069e912ddbf9dbdc44a1cd890e0d981ce1d4241443ecdb72b92abc6,2024-11,Sussex Police,Sussex Police,-0.219576,50.834325,On or near Fishergate,E01031348,Adur 004B,Violence and sexual offences,Investigation complete; no suspect identified,
48c56b34cba818adbf10fd784e73f6f508314278d8fed2dd58234d04e9ed7ea9,2024-11,Sussex Police,Sussex Police,-0.221373,50.832635,On or near Laylands Road,E01031348,Adur 004B,Violence and sexual offences,Unable to prosecute suspect,
bf35ad0d9839e6e470cce1fe4215541eb78b3960034a203f4c4d12e48d1a3df3,2024-11,Sussex Police,Sussex Police,-0.217025,50.830833,On or near Fishersgate Terrace,E01031348,Adur 004B,Violence and sexual offences,Unable to prosecute suspect,
6990d99799d835504835f1f15f80fbf51dba26870bad9ea3c76c8618cd623445,2024-11,Sussex Police,Sussex Police,-0.218031,50.833501,On or near St Aubyn'S Crescent,E01031348,Adur 004B,Violence and sexual offences,Unable to prosecute suspect,
47d2103e236dd756171b3ca4170ce6323e63b10cfb0b688377e95b1486c53da6,2024-11,Sussex Police,Sussex Police,-0.223061,50.832687,On or near Parking Area,E01031348,Adur 004B,Violence and sexual offences,Status update unavailable,
3beab1ebae74a3326578493bf35b1c3285faf0245719d1756713961306827522,2024-11,Sussex Police,Sussex Police,-0.217025,50.830833,On or near Fishersgate Terrace,E01031348,Adur 004B,Violence and sexual offences,Unable to prosecute suspect,
a487423e1c913e6e784d2a09766fd4549fd62276b75de3f8d46f00c014ba5bac,2024-11,Sussex Police,Sussex Police,-0.218031,50.833501,On or near St Aubyn'S Crescent,E01031348,Adur 004B,Other crime,Unable to prosecute suspect,
,2024-11,Sussex Police,Sussex Police,-0.261798,50.833928,On or near Corbyn Crescent,E01031366,Adur 004C,Anti-social behaviour,,
d7ecaa3c1fa68a373d58ad56317717c22d6d69dd46cbe0d72674f8214e7b89d1,2024-11,Sussex Police,Sussex Police,-0.261798,50.833928,On or near Corbyn Crescent,E01031366,Adur 004C,Drugs,Investigation complete; no suspect identified,
79005acf40fbeb1780645cbec9c9110d18153e375c719124139b35fbb34f1adf,2024-11,Sussex Police,Sussex Police,-0.267917,50.836663,On or near The Finches,E01031366,Adur 004C,Other theft,Investigation complete; no suspect identified,
85eb38636f05e080ce44022f84e4cd43f84d868806b9d2e7257ebf97a70d3b1a,2024-11,Sussex Police,Sussex Police,-0.256815,50.832360,On or near Supermarket,E01031366,Adur 004C,Shoplifting,Unable to prosecute suspect,
,2024-11,Sussex Police,Sussex Police,-0.250117,50.837908,On or near Arundel Close,E01031371,Adur 004D,Anti-social behaviour,,
cea5f03009a50737ed7705e2c2cf182d77d251f4f7f2fe80aef67300462eb96f,2024-11,Sussex Police,Sussex Police,-0.250117,50.837908,On or near Arundel Close,E01031371,Adur 004D,Criminal damage and arson,Investigation complete; no suspect identified,
a0f7838b004808f82f5c7272f81a07abd2a7a60edc95239722b39b596ce55245,2024-11,Sussex Police,Sussex Police,-0.250117,50.837908,On or near Arundel Close,E01031371,Adur 004D,Possession of weapons,Unable to prosecute suspect,
077f9d760c9bad4a200099744c256e297f90b33f748eb44c35409489a01cb6d9,2024-11,Sussex Police,Sussex Police,-0.254807,50.837834,On or near Mansell Road,E01031371,Adur 004D,Vehicle crime,Investigation complete; no suspect identified,
450b74eaa084abb0607bc7c6199fb05bd57d2acd8972711a458a81dcb33e26ea,2024-11,Sussex Police,Sussex Police,-0.250117,50.837908,On or near Arundel Close,E01031371,Adur 004D,Violence and sexual offences,Unable to prosecute suspect,
aced76e6f0ad16b6f55bd08ca44321340bd8637b3bf41a6a36ab664340efe612,2024-11,Sussex Police,Sussex Police,-0.255813,50.838281,On or near Hammy Lane,E01031371,Adur 004D,Violence and sexual offences,Investigation complete; no suspect identified,
b3bcf9630f14d1722e228ea05b14bbadd3acf9fac1b810b58c27af53bdf7e805,2024-11,Sussex Police,Sussex Police,-0.255813,50.838281,On or near Hammy Lane,E01031371,Adur 004D,Violence and sexual offences,Unable to prosecute suspect,
26653e60346b96c1face6b3b6dce9fd877e9d4811c49b825427deb00b8ce09ae,2024-11,Sussex Police,Sussex Police,-0.255813,50.838281,On or near Hammy Lane,E01031371,Adur 004D,Violence and sexual offences,Unable to prosecute suspect,
609d7eedeed383b485ee73cca2ceb9ec6630f3fe462e71631b53a8a10e6c8736,2024-11,Sussex Police,Sussex Police,-0.252265,50.835935,On or near Southview Close,E01031371,Adur 004D,Violence and sexual offences,Unable to prosecute suspect,
8e4da158adfd97bb0714bd6c2a7cd1d069ffe6edf62f5ffc89028a1abdebda12,2024-11,Sussex Police,Sussex Police,-0.252271,50.838803,On or near Wilmot Road,E01031371,Adur 004D,Violence and sexual offences,Unable to prosecute suspect,
,2024-11,Sussex Police,Sussex Police,-0.254186,50.834677,On or near Kingsland Close,E01031372,Adur 004E,Anti-social behaviour,,
1517a0550ffbc8ee00e4b6fdc36766513858956a7a1828d49779b532c4079072,2024-11,Sussex Police,Sussex Police,-0.254186,50.834677,On or near Kingsland Close,E01031372,Adur 004E,Burglary,Unable to prosecute suspect,
5b108329bb2f76a9633c77283f857eb99809d768d21ac459de2725187b1a5c03,2024-11,Sussex Police,Sussex Police,-0.258435,50.840721,On or near Monarch Way,E01031372,Adur 004E,Violence and sexual offences,Unable to prosecute suspect,
1d1cb25448d01087592519734a0c38ff9b3453d3ac487146493d95e3e08d27de,2024-11,Sussex Police,Sussex Police,-0.254186,50.834677,On or near Kingsland Close,E01031372,Adur 004E,Violence and sexual offences,Status update unavailable,
302d071c3527c4571904d6d61e89850b81dc052623b93b8208716d2efba197a7,2024-11,Sussex Police,Sussex Police,-0.254186,50.834677,On or near Kingsland Close,E01031372,Adur 004E,Violence and sexual offences,Unable to prosecute suspect,
82f9e99e49de6daf2ae46e969ea29ed3111229fa9c0aa7ec672ea3ce678f14e7,2024-11,Sussex Police,Sussex Police,-0.242024,50.833685,On or near Park Lane,E01031373,Adur 004F,Other theft,Investigation complete; no suspect identified,
ab3d64df8501286496ee6646a050ba55c771c33e948464875092636b57b53487,2024-11,Sussex Police,Sussex Police,-0.251084,50.835602,On or near St Julians Close,E01031373,Adur 004F,Other theft,Investigation complete; no suspect identified,
5646a5f705aa43fe13a65b515cfada92c68ae45d4070f20204083df48db53d7f,2024-11,Sussex Police,Sussex Police,-0.245023,50.830969,On or near Brighton Road,E01031373,Adur 004F,Other theft,Investigation complete; no suspect identified,
a4a566e90e0f94bf1ec2e7e15ac9fe5ac8388e73bbd99c0784a2d7ef1307ca9f,2024-11,Sussex Police,Sussex Police,-0.245023,50.830969,On or near Brighton Road,E01031373,Adur 004F,Vehicle crime,Investigation complete; no suspect identified,
be04a9c326509e98176057a359e9e76af48614cd4c74c7e360d3325fbd2ada08,2024-11,Sussex Police,Sussex Police,-0.242024,50.833685,On or near Park Lane,E01031373,Adur 004F,Vehicle crime,Unable to prosecute suspect,
5d15ff6f9a8c1d367bac42426c188d05eb035665e7576eb2037c57f30e279e84,2024-11,Sussex Police,Sussex Police,-0.251858,50.834265,On or near Sports/Recreation Area,E01031373,Adur 004F,Violence and sexual offences,Unable to prosecute suspect,
71a04186e2c9b30d2fb096c6248f7d161da24c642f52a60d41c70c3e6f3c69e9,2024-11,Sussex Police,Sussex Police,-0.245023,50.830969,On or near Brighton Road,E01031373,Adur 004F,Violence and sexual offences,Investigation complete; no suspect identified,
234bbafc83083934368aeee7e6798d691190e042fef709a59ef747ba952c3db8,2024-11,Sussex Police,Sussex Police,-0.249568,50.833601,On or near Church Green,E01031373,Adur 004F,Violence and sexual offences,Investigation complete; no suspect identified,
,2024-11,Sussex Police,Sussex Police,-0.235686,50.834626,On or near Supermarket,E01031375,Adur 004G,Anti-social behaviour,,
,2024-11,Sussex Police,Sussex Police,-0.238815,50.834428,On or near The Green,E01031375,Adur 004G,Anti-social behaviour,,
,2024-11,Sussex Police,Sussex Police,-0.235686,50.834626,On or near Supermarket,E01031375,Adur 004G,Anti-social behaviour,,
,2024-11,Sussex Police,Sussex Police,-0.235686,50.834626,On or near Supermarket,E01031375,Adur 004G,Anti-social behaviour,,
,2024-11,Sussex Police,Sussex Police,-0.235686,50.834626,On or near Supermarket,E01031375,Adur 004G,Anti-social behaviour,,
,2024-11,Sussex Police,Sussex Police,-0.236231,50.834794,On or near Parking Area,E01031375,Adur 004G,Anti-social behaviour,,
,2024-11,Sussex Police,Sussex Police,-0.234380,50.836412,On or near Southwick Street,E01031375,Adur 004G,Anti-social behaviour,,
3612c4368cc2f06bc6229478dc344d867238fd4b14c545166a3f22f29255d8ac,2024-11,Sussex Police,Sussex Police,-0.235686,50.834626,On or near Supermarket,E01031375,Adur 004G,Bicycle theft,Investigation complete; no suspect identified,
9db56e2b67abcb0a2cd01288d103d47d134d802fd7a650076d3594ea06263a51,2024-11,Sussex Police,Sussex Police,-0.240684,50.834951,On or near Albert Road,E01031375,Adur 004G,Other theft,Unable to prosecute suspect,
013ab2870db850ab78ae2f9e3df42112863475d4589517e14384afd85ee39f6a,2024-11,Sussex Police,Sussex Police,-0.235686,50.834626,On or near Supermarket,E01031375,Adur 004G,Other theft,Investigation complete; no suspect identified,
283384431f6d121d22e1287fed5ecdc456c983c4b5ce18f13123f63ed6246060,2024-11,Sussex Police,Sussex Police,-0.235686,50.834626,On or near Supermarket,E01031375,Adur 004G,Shoplifting,Investigation complete; no suspect identified,
259c6d9da6c6efe345d368181445ca4f3769b35ff8fd5d8e7cff475daf5fbba8,2024-11,Sussex Police,Sussex Police,-0.235686,50.834626,On or near Supermarket,E01031375,Adur 004G,Shoplifting,Investigation complete; no suspect identified,
d785819335023a4027e1ebdd678ca9ee9481ec2962709d080cd9289ac495b252,2024-11,Sussex Police,Sussex Police,-0.235686,50.834626,On or near Supermarket,E01031375,Adur 004G,Shoplifting,Investigation complete; no suspect identified,
dd10019c2813696416cbe240aa4197558f06e6b4c4f52c141bc3ea94d2ae49ef,2024-11,Sussex Police,Sussex Police,-0.235686,50.834626,On or near Supermarket,E01031375,Adur 004G,Shoplifting,Investigation complete; no suspect identified,
bd619cccb676747a9b35c4f5f8daeba24930978e0d842991c04dfd7711392c9e,2024-11,Sussex Police,Sussex Police,-0.235686,50.834626,On or near Supermarket,E01031375,Adur 004G,Shoplifting,Investigation complete; no suspect identified,
c7ab4d9b14d8595a01f66c7e42b7bef1fff5e250b215187805ba7659d7753f6c,2024-11,Sussex Police,Sussex Police,-0.235686,50.834626,On or near Supermarket,E01031375,Adur 004G,Shoplifting,Court result unavailable,
2aba6479e1cf72722cab159a52e0a26118c4af5bc61d1430b66f5b64927c510c,2024-11,Sussex Police,Sussex Police,-0.235686,50.834626,On or near Supermarket,E01031375,Adur 004G,Shoplifting,Investigation complete; no suspect identified,
7e3cf6f15758da04daa7104df9c57c9d08c875dd077aaa33919d49d194361187,2024-11,Sussex Police,Sussex Police,-0.235686,50.834626,On or near Supermarket,E01031375,Adur 004G,Shoplifting,Unable to prosecute suspect,
48f0e3eba320027f3a8ad4f28363557f018f9c74a5709347d7eef9b6c903dcdd,2024-11,Sussex Police,Sussex Police,-0.235686,50.834626,On or near Supermarket,E01031375,Adur 004G,Shoplifting,Investigation complete; no suspect identified,
9482028be562f1d0c0b3d5ca6642fbf5230ea423ceff5bd50306cd84029d5899,2024-11,Sussex Police,Sussex Police,-0.235686,50.834626,On or near Supermarket,E01031375,Adur 004G,Shoplifting,Investigation complete; no suspect identified,
bd1aa60c06366d2b1073459cc0bba7159374d82994c986b48ed4e6720aa56b53,2024-11,Sussex Police,Sussex Police,-0.235686,50.834626,On or near Supermarket,E01031375,Adur 004G,Shoplifting,Investigation complete; no suspect identified,
d56c2444a77a938bf7fdf73a5fb187e588ddf331359034bf7de8310696698ac5,2024-11,Sussex Police,Sussex Police,-0.235686,50.834626,On or near Supermarket,E01031375,Adur 004G,Shoplifting,Unable to prosecute suspect,
ffab06c3647ebe2026990baa03490c438206cb78efd6042c182d6bb602f33842,2024-11,Sussex Police,Sussex Police,-0.235686,50.834626,On or near Supermarket,E01031375,Adur 004G,Shoplifting,Investigation complete; no suspect identified,
234a03424c1af209d1650a83699dd7c1040fd5c5055fb30d4801b30495f24979,2024-11,Sussex Police,Sussex Police,-0.235724,50.835443,On or near Southdown Road,E01031375,Adur 004G,Vehicle crime,Investigation complete; no suspect identified,
2db3888c56f0842036e0d75a51a04205243220034e752ac54852b03388815c21,2024-11,Sussex Police,Sussex Police,-0.239100,50.835530,On or near The Cotswolds,E01031375,Adur 004G,Violence and sexual offences,Status update unavailable,
6700d2d2070b64c73a6772e1e81d60016a176bb2353646649347708d4a23a172,2024-11,Sussex Police,Sussex Police,-0.236591,50.834287,On or near Southwick Square,E01031375,Adur 004G,Violence and sexual offences,Investigation complete; no suspect identified,
aca099f0359c4393a2236bd9a52e93109cc9ba12a321bd5f51507aa85797f28a,2024-11,Sussex Police,Sussex Police,-0.236591,50.834287,On or near Southwick Square,E01031375,Adur 004G,Violence and sexual offences,Investigation complete; no suspect identified,
7138f0cbf1b968dfdf302418e6c12c345e40b390d5e62628146f0647216a6589,2024-11,Sussex Police,Sussex Police,-0.236591,50.834287,On or near Southwick Square,E01031375,Adur 004G,Violence and sexual offences,Status update unavailable,
,2024-11,Sussex Police,Sussex Police,-0.256652,50.829858,On or near Harriet Place,E01031356,Adur 005A,Anti-social behaviour,,
,2024-11,Sussex Police,Sussex Police,-0.256652,50.829858,On or near Harriet Place,E01031356,Adur 005A,Anti-social behaviour,,
2c20bafc34d9303c123cf06acf45d0d32b186281fc7b182636dca86a42b08cd7,2024-11,Sussex Police,Sussex Police,-0.256652,50.829858,On or near Harriet Place,E01031356,Adur 005A,Bicycle theft,Investigation complete; no suspect identified,
70a0eeee28457940ec22782e852a5a9d533224b7e108fd2389bf1556094cf05a,2024-11,Sussex Police,Sussex Police,-0.260608,50.830789,On or near Bluebird Close,E01031356,Adur 005A,Criminal damage and arson,Investigation complete; no suspect identified,
a83e599723009d9020c16b6e2e8dbcb7998d60e2e4c65436493507eb705bbcd6,2024-11,Sussex Police,Sussex Police,-0.257409,50.830121,On or near Seaford Avenue,E01031356,Adur 005A,Other theft,Investigation complete; no suspect identified,
0bf0e013171e0948718d9181bc6e5860f20203e2c4b42c0697972996e8db97ce,2024-11,Sussex Police,Sussex Police,-0.256652,50.829858,On or near Harriet Place,E01031356,Adur 005A,Public order,Unable to prosecute suspect,
cc402eb796a072c99377ae7666b4c39bf36b264244bf620821b66cb67127452f,2024-11,Sussex Police,Sussex Police,-0.256652,50.829858,On or near Harriet Place,E01031356,Adur 005A,Public order,Investigation complete; no suspect identified,
318174eb884f7cafc5461eb008a5dea36994e8b1ff890feb498c1ab1e681f78f,2024-11,Sussex Police,Sussex Police,-0.268471,50.828604,On or near The Meadway,E01031356,Adur 005A,Violence and sexual offences,Investigation complete; no suspect identified,
,2024-11,Sussex Police,Sussex Police,-0.285192,50.831175,On or near Sports/Recreation Area,E01031357,Adur 005B,Anti-social behaviour,,
,2024-11,Sussex Police,Sussex Police,-0.282510,50.827561,On or near Havenside,E01031357,Adur 005B,Anti-social behaviour,,
,2024-11,Sussex Police,Sussex Police,-0.277973,50.828538,On or near River Close,E01031357,Adur 005B,Anti-social behaviour,,
dce94990a02f790b5edd1ef5d4d43a6e04226a35a36919e8b6bb83e2e6a6f40f,2024-11,Sussex Police,Sussex Police,-0.284060,50.827881,On or near Mardyke,E01031357,Adur 005B,Vehicle crime,Investigation complete; no suspect identified,
835e6b2bcef8b80f986e7ecac9bbce987b26b7e584ee961dba476c820274076e,2024-11,Sussex Police,Sussex Police,-0.265581,50.830719,On or near Park/Open Space,E01031357,Adur 005B,Violence and sexual offences,Unable to prosecute suspect,
c042dd3e8a6cb2fcb1f594da2afb51b48acdda32a8c38f70766c2f37af680692,2024-11,Sussex Police,Sussex Police,-0.280935,50.828689,On or near Parking Area,E01031357,Adur 005B,Violence and sexual offences,Unable to prosecute suspect,
440c5622ab620b86da7bf398839ebc1bc804b69def013c152a236b172ad9b601,2024-11,Sussex Police,Sussex Police,-0.282510,50.827561,On or near Havenside,E01031357,Adur 005B,Violence and sexual offences,Unable to prosecute suspect,
81fb5f8635b810890df35ebb47f3073a822efa26e7adfd578df322da81dde8dd,2024-11,Sussex Police,Sussex Police,-0.281637,50.828124,On or near Beach Green,E01031357,Adur 005B,Violence and sexual offences,Unable to prosecute suspect,
1ef8949277b3d462cfd27ca2f544fce34cac4cba75ca4c1db802791511cc7ff1,2024-11,Sussex Police,Sussex Police,-0.281637,50.828124,On or near Beach Green,E01031357,Adur 005B,Violence and sexual offences,Unable to prosecute suspect,
c9647d7e56ce243d1e21add429236a557cbbc36abad19f17e0d20ce69842ffbe,2024-11,Sussex Police,Sussex Police,-0.281637,50.828124,On or near Beach Green,E01031357,Adur 005B,Violence and sexual offences,Unable to prosecute suspect,
,2024-11,Sussex Police,Sussex Police,-0.272294,50.832743,On or near Tarmount Lane,E01031364,Adur 005C,Anti-social behaviour,,
,2024-11,Sussex Police,Sussex Police,-0.272294,50.832743,On or near Tarmount Lane,E01031364,Adur 005C,Anti-social behaviour,,
,2024-11,Sussex Police,Sussex Police,-0.279767,50.833816,On or near Ropetackle,E01031364,Adur 005C,Anti-social behaviour,,
5487dd5484900d371712a1b86af7648f32a9b0cee99cdf278cf34e719cb673a2,2024-11,Sussex Police,Sussex Police,-0.267242,50.832633,On or near Humphrey'S Gap,E01031364,Adur 005C,Criminal damage and arson,Investigation complete; no suspect identified,
54924cac3e77d9e15bc359f7310823135e61460bf703c7cd044d3b6f4fc8d538,2024-11,Sussex Police,Sussex Police,-0.276957,50.832219,On or near Shopping Area,E01031364,Adur 005C,Criminal damage and arson,Investigation complete; no suspect identified,
b1b7f7a4de3b8d7f46f1efe08eea488dbe5b6cadf626a1db3833d8bd6f3610ab,2024-11,Sussex Police,Sussex Police,-0.276836,50.832037,On or near High Street,E01031364,Adur 005C,Criminal damage and arson,Unable to prosecute suspect,
82b435b999505ad1e9d0cfce18e26906ad78f575923367cb1258bd3e54dcfa5f,2024-11,Sussex Police,Sussex Police,-0.274052,50.832428,On or near East Street,E01031364,Adur 005C,Criminal damage and arson,Local resolution,
aeac7a471ebf590092d907453f8c545f51707d29258b2ab905904fa1a23e1e60,2024-11,Sussex Police,Sussex Police,-0.268458,50.832794,On or near A259,E01031364,Adur 005C,Other theft,Investigation complete; no suspect identified,
43f6c7b03116a36e0740eb0a7f8800b37723b2671563584d73fa7c8ffc8bcc39,2024-11,Sussex Police,Sussex Police,-0.275634,50.831893,On or near Supermarket,E01031364,Adur 005C,Possession of weapons,Unable to prosecute suspect,
4601e01ea19ff71e25aafd7eb8a2db9bf53275f6599314df95f6f9e76df15367,2024-11,Sussex Police,Sussex Police,-0.275634,50.831893,On or near Supermarket,E01031364,Adur 005C,Public order,Status update unavailable,
3e0548e6618086238fdca6eadfb73992263f00debf385ae480bd5bd3a1a3804c,2024-11,Sussex Police,Sussex Police,-0.267242,50.832633,On or near Humphrey'S Gap,E01031364,Adur 005C,Public order,Investigation complete; no suspect identified,
c299c9909ab4fca5d3276d4ebd62f8e754977cbd4bde21bd2c41fd41359008bf,2024-11,Sussex Police,Sussex Police,-0.272081,50.833743,On or near Police Station,E01031364,Adur 005C,Public order,Investigation complete; no suspect identified,
1fc826494b715babf3cab3e1d03bbd038bf64e03d9704905812ab9103dbab810,2024-11,Sussex Police,Sussex Police,-0.274038,50.832050,On or near Petrol Station,E01031364,Adur 005C,Public order,Court result unavailable,
570f5eb105b60d3b3db01d1f57bd52cf5d5ee2112ec1eea763282ba8df102c32,2024-11,Sussex Police,Sussex Police,-0.274038,50.832050,On or near Petrol Station,E01031364,Adur 005C,Public order,Court result unavailable,
aaa1a5571415ffcc064f8243ca799113f9cb5ef807bb55c2c00e6cdac1b3c112,2024-11,Sussex Police,Sussex Police,-0.274038,50.832050,On or near Petrol Station,E01031364,Adur 005C,Public order,Court result unavailable,
418e950418635243505a42f7071c792f734c18fc9a6ea221fe481f0f548e276e,2024-11,Sussex Police,Sussex Police,-0.274038,50.832050,On or near Petrol Station,E01031364,Adur 005C,Public order,Status update unavailable,
900893cff34564b8d2d3a51b5148e289ee5e05c9f0354ff20aea22c9c9b10598,2024-11,Sussex Police,Sussex Police,-0.275634,50.831893,On or near Supermarket,E01031364,Adur 005C,Public order,Unable to prosecute suspect,
b61dc0160f279b7d0af83e6d26d215e2aa3a28f167d27a7ac4bbbb9120c5647b,2024-11,Sussex Police,Sussex Police,-0.272081,50.833743,On or near Police Station,E01031364,Adur 005C,Shoplifting,Unable to prosecute suspect,
4d4c5206f3c155906d9c40bd1910bbbfe8c00d8af039851750f88b7f9b3aea54,2024-11,Sussex Police,Sussex Police,-0.275634,50.831893,On or near Supermarket,E01031364,Adur 005C,Shoplifting,Court result unavailable,
8cf49756a229268ca332c3185dcd8482a58ed62fbded0eaae71c9ce2828ff6a7,2024-11,Sussex Police,Sussex Police,-0.275634,50.831893,On or near Supermarket,E01031364,Adur 005C,Shoplifting,Investigation complete; no suspect identified,
8d27b6d207072a5d9f90025d556758375bb9550e382076ce09b2c60655c64f0c,2024-11,Sussex Police,Sussex Police,-0.275634,50.831893,On or near Supermarket,E01031364,Adur 005C,Shoplifting,Court result unavailable,
b1e0ba3cd17c57f02c46ab7f22a3f55c3ac3ac14e937fc192e515a57cd9b49d4,2024-11,Sussex Police,Sussex Police,-0.275634,50.831893,On or near Supermarket,E01031364,Adur 005C,Shoplifting,Investigation complete; no suspect identified,
5439ed227fcf7d6e730ee215ee92baf300e710ce847ac2abb04c2f5640c82350,2024-11,Sussex Police,Sussex Police,-0.275634,50.831893,On or near Supermarket,E01031364,Adur 005C,Shoplifting,Investigation complete; no suspect identified,
18d0c1b97296f10de9ac8681a295504ab8b64b7423154ff96d39617b2a31c29e,2024-11,Sussex Police,Sussex Police,-0.275634,50.831893,On or near Supermarket,E01031364,Adur 005C,Shoplifting,Investigation complete; no suspect identified,
460284376024b8f831102ed8a85ab4c2b404078dd8f8fa63d57c2fc05fcf5445,2024-11,Sussex Police,Sussex Police,-0.275634,50.831893,On or near Supermarket,E01031364,Adur 005C,Shoplifting,Investigation complete; no suspect identified,
d0d7d2b91e861a58d17888a1c6c739fe6dd9c02c6ccdb4641f9b7faf119d4e4d,2024-11,Sussex Police,Sussex Police,-0.275634,50.831893,On or near Supermarket,E01031364,Adur 005C,Shoplifting,Investigation complete; no suspect identified,
baeb579aa95de4c256952fe2cca7b9c26c8c777f7a8d65750473f946177fc30f,2024-11,Sussex Police,Sussex Police,-0.276957,50.832219,On or near Shopping Area,E01031364,Adur 005C,Shoplifting,Investigation complete; no suspect identified,
b4d99e21ee01dcf42b872372b7d0830185f4dc1d63198da3bdfc0a58e798871e,2024-11,Sussex Police,Sussex Police,-0.275634,50.831893,On or near Supermarket,E01031364,Adur 005C,Shoplifting,Investigation complete; no suspect identified,
06ce4b882fb3a3850dfe6fd6a1e97c547e50d4b25332097b0277750063a35c9b,2024-11,Sussex Police,Sussex Police,-0.275634,50.831893,On or near Supermarket,E01031364,Adur 005C,Shoplifting,Investigation complete; no suspect identified,
4036d1b69970c56c7ada4ff078f1ec891db8bdc28edbf3b388a85d39bc3cb4c8,2024-11,Sussex Police,Sussex Police,-0.275634,50.831893,On or near Supermarket,E01031364,Adur 005C,Shoplifting,Investigation complete; no suspect identified,
05d5c382e1550f2435dac941d7dfc42a497dbbe09e3738b0478251a9ac2ca140,2024-11,Sussex Police,Sussex Police,-0.279767,50.833816,On or near Ropetackle,E01031364,Adur 005C,Theft from the person,Unable to prosecute suspect,
19ed473c7601c354209e2f8c68b0d98bf0af311fb3fe185fc8f19d3dc5f57cba,2024-11,Sussex Police,Sussex Police,-0.267242,50.832633,On or near Humphrey'S Gap,E01031364,Adur 005C,Violence and sexual offences,Investigation complete; no suspect identified,
fb6214acf22ea572e21642d3d7701bc3d392f99e7e8c211bc8a9146cf7fa5699,2024-11,Sussex Police,Sussex Police,-0.276957,50.832219,On or near Shopping Area,E01031364,Adur 005C,Violence and sexual offences,Unable to prosecute suspect,
adc24e9a39ce6e745baaf886fffc0882fe6e2035e3da63511bb2a0914bdc74ed,2024-11,Sussex Police,Sussex Police,-0.275634,50.831893,On or near Supermarket,E01031364,Adur 005C,Violence and sexual offences,Investigation complete; no suspect identified,
f5d8981e9a1a23890628547e953def20dd1a0f19485384eb75baaef725d4d680,2024-11,Sussex Police,Sussex Police,-0.274038,50.832050,On or near Petrol Station,E01031364,Adur 005C,Violence and sexual offences,Investigation complete; no suspect identified,
3fe8a79b4a64af8cf45032c8db9729c89fe1c4ac29dc9fd94b8deaacd18720f8,2024-11,Sussex Police,Sussex Police,-0.276836,50.832037,On or near High Street,E01031364,Adur 005C,Violence and sexual offences,Unable to prosecute suspect,
e5f1e8640514267c3a401a4a8d9543a8bec06daa9e549b9b62f80249a993aae0,2024-11,Sussex Police,Sussex Police,-0.275634,50.831893,On or near Supermarket,E01031364,Adur 005C,Violence and sexual offences,Investigation complete; no suspect identified,
9abe6ea0d5c91eb52ff957f721ee5660e38408c7cea5c84c4f62b06e5f812714,2024-11,Sussex Police,Sussex Police,-0.268458,50.832794,On or near A259,E01031364,Adur 005C,Violence and sexual offences,Unable to prosecute suspect,
fc0c4c3f35e94632585289181add13555c5fb8b4acb17a312403a33fb8946314,2024-11,Sussex Police,Sussex Police,-0.275634,50.831893,On or near Supermarket,E01031364,Adur 005C,Violence and sexual offences,Investigation complete; no suspect identified,
5d4ef665fe95ae81fc87eece388fbebf45a77f262787191eb215b47dae78743e,2024-11,Sussex Police,Sussex Police,-0.276999,50.833002,On or near Ship Street,E01031364,Adur 005C,Violence and sexual offences,Unable to prosecute suspect,
0d163896411d45fdc289f06958710af64f884e15ce2612547003c52f868d37ab,2024-11,Sussex Police,Sussex Police,-0.274038,50.832050,On or near Petrol Station,E01031364,Adur 005C,Violence and sexual offences,Unable to prosecute suspect,
6353df34460df7dd8dda5610677f35916bb1149234e0b74087d0d793bc3a1c58,2024-11,Sussex Police,Sussex Police,-0.279074,50.832574,On or near Theatre/Concert Hall,E01031364,Adur 005C,Other crime,Unable to prosecute suspect,
,2024-11,Sussex Police,Sussex Police,-0.281948,50.835134,On or near Salt Marsh Road,E01031368,Adur 005D,Anti-social behaviour,,
,2024-11,Sussex Police,Sussex Police,-0.281948,50.835134,On or near Salt Marsh Road,E01031368,Adur 005D,Anti-social behaviour,,
,2024-11,Sussex Police,Sussex Police,-0.281948,50.835134,On or near Salt Marsh Road,E01031368,Adur 005D,Anti-social behaviour,,
,2024-11,Sussex Police,Sussex Police,-0.281948,50.835134,On or near Salt Marsh Road,E01031368,Adur 005D,Anti-social behaviour,,
,2024-11,Sussex Police,Sussex Police,-0.283514,50.837343,On or near A283,E01031368,Adur 005D,Anti-social behaviour,,
a936ad2544d7c5b96db596bdb20001820a17012ad0b7f8ed049eed597c0b1b28,2024-11,Sussex Police,Sussex Police,-0.280702,50.835799,On or near Freehold Street,E01031368,Adur 005D,Burglary,Unable to prosecute suspect,
475248cda52e34ec8907c8fe3cacbd95db6c012a139a267409caabd1a8c82484,2024-11,Sussex Police,Sussex Police,-0.283309,50.839462,On or near Colvill Avenue,E01031368,Adur 005D,Other theft,Investigation complete; no suspect identified,
fdc44277db063c393e8f254072700a99d658c699e34fcf7b844889cb09312968,2024-11,Sussex Police,Sussex Police,-0.280702,50.835799,On or near Freehold Street,E01031368,Adur 005D,Other theft,Investigation complete; no suspect identified,
43f9137d7ab56da1ed115012066c8474445b24a06e73066a385816777dd76ec3,2024-11,Sussex Police,Sussex Police,-0.283514,50.837343,On or near A283,E01031368,Adur 005D,Violence and sexual offences,Investigation complete; no suspect identified,
5fe35015cb4f45c9b4d56d68606bcb717ebdb2ad23a59e13cdfecb93f46ed80c,2024-11,Sussex Police,Sussex Police,-0.279794,50.835013,On or near Buckingham Street,E01031368,Adur 005D,Violence and sexual offences,Unable to prosecute suspect,
7eb17da1ea81ae92cc2d02fe1630f44ce6c60d8fac45b6187315bd5fe852a684,2024-11,Sussex Police,Sussex Police,-0.272888,50.835486,On or near Queen'S Place,E01031369,Adur 005E,Other theft,Investigation complete; no suspect identified,
a1f22980ce4d3f03ba52d1eed298de01db429669eb5e803069d3da2a65a37503,2024-11,Sussex Police,Sussex Police,-0.278644,50.836609,On or near Sports/Recreation Area,E01031369,Adur 005E,Public order,Unable to prosecute suspect,
,2024-11,Sussex Police,Sussex Police,-0.337607,50.831075,On or near Edwin Close,E01031346,Adur 006B,Anti-social behaviour,,
46c630f10e22603dcfa92ebf649921dd05cc2f3cbe713cda2f414b0a031c9115,2024-11,Sussex Police,Sussex Police,-0.337739,50.832561,On or near Osborne Drive,E01031346,Adur 006B,Violence and sexual offences,Unable to prosecute suspect,
,2024-11,Sussex Police,Sussex Police,-0.341117,50.830595,On or near Maytree Close,E01031361,Adur 006C,Anti-social behaviour,,
,2024-11,Sussex Police,Sussex Police,-0.341377,50.831291,On or near Supermarket,E01031361,Adur 006C,Anti-social behaviour,,
,2024-11,Sussex Police,Sussex Police,-0.345941,50.832327,On or near Loose Lane,E01031361,Adur 006C,Anti-social behaviour,,
ca9e0269e7eb61dee24a44cb9e75bb3be0dd58d82e28a51c3284f010a5f1ca2b,2024-11,Sussex Police,Sussex Police,-0.341117,50.830595,On or near Maytree Close,E01031361,Adur 006C,Criminal damage and arson,Investigation complete; no suspect identified,
1559f1c359ffc8efcecedd3e546ec2eeba2077d3b84260791c8e915ac79e4cbb,2024-11,Sussex Police,Sussex Police,-0.344794,50.830611,On or near Sylvan Road,E01031361,Adur 006C,Criminal damage and arson,Investigation complete; no suspect identified,
ca1b1b3810fad42901b4cda69b3a750b3cc453599e66b2e602da8dffad9f4448,2024-11,Sussex Police,Sussex Police,-0.344794,50.830611,On or near Sylvan Road,E01031361,Adur 006C,Criminal damage and arson,Investigation complete; no suspect identified,
ea12157734b2df5c62fb2a362568bd6fc73afe288bac35c503bac7069df3f7fd,2024-11,Sussex Police,Sussex Police,-0.338785,50.826694,On or near Bowness Avenue,E01031361,Adur 006C,Drugs,Offender given a caution,
987ddbc8179546f539f6f8e2d304a5a3865d5084eb885cb84ead4748aa8a1a61,2024-11,Sussex Police,Sussex Police,-0.347088,50.831624,On or near Peveril Close,E01031361,Adur 006C,Other theft,Investigation complete; no suspect identified,
55250bb02803ee3812a9a6abafdbdf521b5d6c3a39871abf6cbc42bda766097a,2024-11,Sussex Police,Sussex Police,-0.345204,50.831084,On or near Avon Close,E01031361,Adur 006C,Other theft,Investigation complete; no suspect identified,
155e0f27222cc61f8893dfd6d61cb8171d4ee86cad08f1b472a7a3e7266bc8c5,2024-11,Sussex Police,Sussex Police,-0.347088,50.831624,On or near Peveril Close,E01031361,Adur 006C,Public order,Investigation complete; no suspect identified,
bfa05b2aaec9a53910fba5d0b232cc05f57a65e4e843aef01bcd005f1daca723,2024-11,Sussex Police,Sussex Police,-0.341377,50.831291,On or near Supermarket,E01031361,Adur 006C,Shoplifting,Investigation complete; no suspect identified,
2a3ef13371a2842f4e7b6a92a0548dd95c9d79068252092dbe28bc3804bc1219,2024-11,Sussex Police,Sussex Police,-0.341377,50.831291,On or near Supermarket,E01031361,Adur 006C,Shoplifting,Investigation complete; no suspect identified,
f02509db0b1e9d446a2fce99d33a23b165257a7877559175cb5a250381c99b67,2024-11,Sussex Police,Sussex Police,-0.341377,50.831291,On or near Supermarket,E01031361,Adur 006C,Shoplifting,Investigation complete; no suspect identified,
5ae7dbe18739885a6fd440c9cbb3d7c5b7dd5a647c09466bb5c2704982d77673,2024-11,Sussex Police,Sussex Police,-0.341377,50.831291,On or near Supermarket,E01031361,Adur 006C,Shoplifting,Investigation complete; no suspect identified,
735b54e810357d04f4c7a33f0076088507ee66e902f629bb822a041d8576cdd7,2024-11,Sussex Police,Sussex Police,-0.341377,50.831291,On or near Supermarket,E01031361,Adur 006C,Shoplifting,Investigation complete; no suspect identified,
0a973cfa5c130827a02e2eaccd9257bda77d858fff5a5fd7a2ebd8fffeb14503,2024-11,Sussex Police,Sussex Police,-0.341377,50.831291,On or near Supermarket,E01031361,Adur 006C,Shoplifting,Investigation complete; no suspect identified,
fd1396b73d7ee908a462995b390186dba044d1afe17ad853b2665482231abed8,2024-11,Sussex Police,Sussex Police,-0.341377,50.831291,On or near Supermarket,E01031361,Adur 006C,Shoplifting,Investigation complete; no suspect identified,
fb11988e89501b2e2dd5eacc35e3fde87b7210ee27288779ce2f982b39f0f373,2024-11,Sussex Police,Sussex Police,-0.341377,50.831291,On or near Supermarket,E01031361,Adur 006C,Shoplifting,Unable to prosecute suspect,
fc69b03b2b36025e0805ebcef9b0cab9af2d8f562a76c810dd7ff7643403fa40,2024-11,Sussex Police,Sussex Police,-0.347088,50.831624,On or near Peveril Close,E01031361,Adur 006C,Violence and sexual offences,Status update unavailable,
21a584e193d11bba4fa327e49c6d3656c3978b830830e079287135edfed65a48,2024-11,Sussex Police,Sussex Police,-0.341377,50.831291,On or near Supermarket,E01031361,Adur 006C,Violence and sexual offences,Unable to prosecute suspect,
3a02293a43264be447aaac7358b69b1ce46325baa34631e62a9e2eacab424ff4,2024-11,Sussex Police,Sussex Police,-0.341377,50.831291,On or near Supermarket,E01031361,Adur 006C,Violence and sexual offences,Investigation complete; no suspect identified,
310b653532a742daf6e9e6919495535f3b4ab4b42b5a9d90a1302bf571fce5fc,2024-11,Sussex Police,Sussex Police,-0.340769,50.828791,On or near Grasmere Avenue,E01031361,Adur 006C,Violence and sexual offences,Status update unavailable,
92730ac5f00fd7f389c87c1adfd5fe65dde0704638c5e66b2a5e2543c4032ba9,2024-11,Sussex Police,Sussex Police,-0.342069,50.832200,On or near Templars Mews,E01031361,Adur 006C,Other crime,Further investigation is not in the public interest,
c23af1ff2b3d9ea610c1589d6109d48c0a582162833cfb593a6d692576f39e26,2024-11,Sussex Police,Sussex Police,-0.344645,50.834844,On or near Malthouse Close,E01031362,Adur 006D,Other theft,Investigation complete; no suspect identified,
,2024-11,Sussex Police,Sussex Police,-0.337361,50.822798,On or near Commerce Way,E01031363,Adur 006E,Anti-social behaviour,,
,2024-11,Sussex Police,Sussex Police,-0.334701,50.828920,On or near Grafton Drive,E01031363,Adur 006E,Anti-social behaviour,,
3658f9f85923e2233c1b283699bf16c719b9600a0a25a32ca4914ee82fc32f62,2024-11,Sussex Police,Sussex Police,-0.336424,50.827209,On or near Elizabeth Place,E01031363,Adur 006E,Violence and sexual offences,Unable to prosecute suspect,
,2024-11,Sussex Police,Sussex Police,-0.313855,50.836841,On or near Manor Close,E01031358,Adur 007A,Anti-social behaviour,,
,2024-11,Sussex Police,Sussex Police,-0.312635,50.832848,On or near Mash Barn Lane,E01031358,Adur 007A,Anti-social behaviour,,
,2024-11,Sussex Police,Sussex Police,-0.286931,50.835181,On or near Parking Area,E01031358,Adur 007A,Anti-social behaviour,,
,2024-11,Sussex Police,Sussex Police,-0.312635,50.832848,On or near Mash Barn Lane,E01031358,Adur 007A,Anti-social behaviour,,
,2024-11,Sussex Police,Sussex Police,-0.312635,50.832848,On or near Mash Barn Lane,E01031358,Adur 007A,Anti-social behaviour,,
,2024-11,Sussex Police,Sussex Police,-0.312635,50.832848,On or near Mash Barn Lane,E01031358,Adur 007A,Anti-social behaviour,,
b29be66e50ca0a04326d0a7c075b9c9d6037e78db072a5c4fbd112abf7c2155f,2024-11,Sussex Police,Sussex Police,-0.313942,50.835196,On or near Lisher Road,E01031358,Adur 007A,Criminal damage and arson,Investigation complete; no suspect identified,
aabe44050fa934efe0702aaa2f18bd56767fe834f107b389f36782ad20070b36,2024-11,Sussex Police,Sussex Police,-0.313942,50.835196,On or near Lisher Road,E01031358,Adur 007A,Criminal damage and arson,Investigation complete; no suspect identified,
f13abb900f95d3a32505ac198aaef65dddd42066d2f8245c89a4277785164eca,2024-11,Sussex Police,Sussex Police,-0.315940,50.836502,On or near Manor Way,E01031358,Adur 007A,Other theft,Investigation complete; no suspect identified,
20bf3cf8d49afb56cef1fe62f5451feccc505210abcfd01a2b64937741be8dfe,2024-11,Sussex Police,Sussex Police,-0.313942,50.835196,On or near Lisher Road,E01031358,Adur 007A,Possession of weapons,Unable to prosecute suspect,
11dd1cdbf3b2fc93ae8a8e04e307188bea2dd310b34585d098f72daf5c02797c,2024-11,Sussex Police,Sussex Police,-0.313942,50.835196,On or near Lisher Road,E01031358,Adur 007A,Public order,Unable to prosecute suspect,
2be83d4a9892da68b86dc8cd54ac8cd1b01470d66cee895d42765390e89b25c8,2024-11,Sussex Police,Sussex Police,-0.312635,50.832848,On or near Mash Barn Lane,E01031358,Adur 007A,Public order,Investigation complete; no suspect identified,
cd2339111319a2c751f674d0fa2291bd1d536febc1fb59175208783a2bdb6b15,2024-11,Sussex Police,Sussex Police,-0.316684,50.833194,On or near Shadwells Close,E01031358,Adur 007A,Violence and sexual offences,Status update unavailable,
1004b4f6cc5ca58eadfc9dd76966b55de5f37ed55e0ccecd8eaf66698bbfdb5b,2024-11,Sussex Police,Sussex Police,-0.313977,50.833434,On or near Shadwells Road,E01031358,Adur 007A,Violence and sexual offences,Status update unavailable,
0bff507335cfa574b590815451d51804cb28828bb95f142f5efb26dd25e14d15,2024-11,Sussex Police,Sussex Police,-0.313855,50.836841,On or near Manor Close,E01031358,Adur 007A,Violence and sexual offences,Unable to prosecute suspect,
,2024-11,Sussex Police,Sussex Police,-0.321320,50.828675,On or near Parking Area,E01031360,Adur 007B,Anti-social behaviour,,
5e4883db5adbf6ed9dddbeef00d3a3bad3a8bc1a52407fb716c84a5f241ca909,2024-11,Sussex Police,Sussex Police,-0.321320,50.828675,On or near Parking Area,E01031360,Adur 007B,Criminal damage and arson,Investigation complete; no suspect identified,
d5895fef6b40f61b315dc1a6c4b5dc3323bcbc33d452f98ebe8f52eac3cfdb4b,2024-11,Sussex Police,Sussex Police,-0.321320,50.828675,On or near Parking Area,E01031360,Adur 007B,Criminal damage and arson,Unable to prosecute suspect,
50b1e239b96eb28c4610416ea1d249258cb2dfe4cb1fffa625fc242e2b8a412f,2024-11,Sussex Police,Sussex Police,-0.322147,50.829766,On or near Supermarket,E01031360,Adur 007B,Public order,Court result unavailable,
d5029d8b25a6007213532993de4b3e4fbbf743d151774604fcbbfe4d30199a69,2024-11,Sussex Police,Sussex Police,-0.321320,50.828675,On or near Parking Area,E01031360,Adur 007B,Public order,Investigation complete; no suspect identified,
fc9476a8094845dd43e627cf762f35b0c29521e482c475124cec7adc90f7ebc6,2024-11,Sussex Police,Sussex Police,-0.322147,50.829766,On or near Supermarket,E01031360,Adur 007B,Public order,Court result unavailable,
b2765295e41a39cfd1c7a60a67ae9c42de2a81de8f3c857ec274233c8c7b15ed,2024-11,Sussex Police,Sussex Police,-0.322147,50.829766,On or near Supermarket,E01031360,Adur 007B,Public order,Court result unavailable,
cd4c0fcce8c9ff7e0678bb8441f5169c9fa94563f5312a13ef1467b0b63e6373,2024-11,Sussex Police,Sussex Police,-0.322147,50.829766,On or near Supermarket,E01031360,Adur 007B,Public order,Unable to prosecute suspect,
be3e6cc75fd1fc3bdb575ce56d870969d768fc344cbbc4b3eb5444a4c31ec1a0,2024-11,Sussex Police,Sussex Police,-0.321320,50.828675,On or near Parking Area,E01031360,Adur 007B,Public order,Investigation complete; no suspect identified,
df45f5747402a7374c44ee6fd6382c11d159cba252ee67ee057e1f1d3fcd8b28,2024-11,Sussex Police,Sussex Police,-0.322147,50.829766,On or near Supermarket,E01031360,Adur 007B,Public order,Court result unavailable,
0fb599ec71225b209985c6098197cf38951039e23767f117d523cc4f14a0d1a9,2024-11,Sussex Police,Sussex Police,-0.322147,50.829766,On or near Supermarket,E01031360,Adur 007B,Shoplifting,Unable to prosecute suspect,
9ce359bb356bb3dc1fefd85589dc96d712564be4bc2e7fb10ba0aa0dee916c73,2024-11,Sussex Police,Sussex Police,-0.322147,50.829766,On or near Supermarket,E01031360,Adur 007B,Shoplifting,Investigation complete; no suspect identified,
4ff48650269f9513dd718128888becaf2c916119cdb0ab10c8f78e29a6325e84,2024-11,Sussex Police,Sussex Police,-0.322147,50.829766,On or near Supermarket,E01031360,Adur 007B,Shoplifting,Investigation complete; no suspect identified,
ee5bcd8e5b8a2572fab44b0bc7376ff6242d24169cea25e89d004e232fd67852,2024-11,Sussex Police,Sussex Police,-0.322147,50.829766,On or near Supermarket,E01031360,Adur 007B,Shoplifting,Investigation complete; no suspect identified,
5746d33f473cdbdf6571e9ce2635a1d3f28331aed2c188570d71aea9ffeaab93,2024-11,Sussex Police,Sussex Police,-0.322147,50.829766,On or near Supermarket,E01031360,Adur 007B,Shoplifting,Investigation complete; no suspect identified,
5d3febfde69f6eab3b4dec710250fa367c872f7c4c428c96391b1a3381993416,2024-11,Sussex Police,Sussex Police,-0.322147,50.829766,On or near Supermarket,E01031360,Adur 007B,Shoplifting,Investigation complete; no suspect identified,
798635d4772d4a9c5420ab9ea82b23b57ee5c6159bf55f05a20309d26e73ee93,2024-11,Sussex Police,Sussex Police,-0.322147,50.829766,On or near Supermarket,E01031360,Adur 007B,Shoplifting,Investigation complete; no suspect identified,
7b9cb1df585916f3adbd5cf6d8ddf2f6d38c805c56566d0919d1581ccbaca8c9,2024-11,Sussex Police,Sussex Police,-0.322147,50.829766,On or near Supermarket,E01031360,Adur 007B,Shoplifting,Investigation complete; no suspect identified,
de476a95368a18d1a5b25b0b0155b5cd1126c24f366a0075408750fb37cc1919,2024-11,Sussex Police,Sussex Police,-0.322147,50.829766,On or near Supermarket,E01031360,Adur 007B,Shoplifting,Investigation complete; no suspect identified,
7ce7c005bae147f5fc49c5ac6cc4a8a5ef86bf33a663a38819a506577e971a63,2024-11,Sussex Police,Sussex Police,-0.322147,50.829766,On or near Supermarket,E01031360,Adur 007B,Shoplifting,Unable to prosecute suspect,
c8ffa0b0d9d5a55c77ccf8f17d8ca5562019cfa66f0ab421d0c1370e5b2e943d,2024-11,Sussex Police,Sussex Police,-0.322147,50.829766,On or near Supermarket,E01031360,Adur 007B,Shoplifting,Unable to prosecute suspect,
5621aae49f2344e1897feb01c4cdbfb2394a9b2a5be333b3685575e7d5856e30,2024-11,Sussex Police,Sussex Police,-0.322147,50.829766,On or near Supermarket,E01031360,Adur 007B,Shoplifting,Investigation complete; no suspect identified,
4dec4d4164b12e2fdb4057dcce60e907d43614048b4079b2dc52238b86388d29,2024-11,Sussex Police,Sussex Police,-0.322147,50.829766,On or near Supermarket,E01031360,Adur 007B,Shoplifting,Court result unavailable,
13bd97e9e5860c23005142ea0ce2ba8e13243dff22aa4f40afef0b2898f1535e,2024-11,Sussex Police,Sussex Police,-0.322147,50.829766,On or near Supermarket,E01031360,Adur 007B,Shoplifting,Investigation complete; no suspect identified,
a0c8d692775aefa588590e4c8e47bbe57e582c548f0f20c5791d524b716606d0,2024-11,Sussex Police,Sussex Police,-0.322147,50.829766,On or near Supermarket,E01031360,Adur 007B,Shoplifting,Unable to prosecute suspect,
5da53675ccf707aaea94f3cd9d9a9c53cf317791a1d4097ab0ac6738df4419f7,2024-11,Sussex Police,Sussex Police,-0.322147,50.829766,On or near Supermarket,E01031360,Adur 007B,Shoplifting,Investigation complete; no suspect identified,
cb87b28ccbd713d005e4d60378cb397bc33583c662ae261d8d6ebf1ab4989fe2,2024-11,Sussex Police,Sussex Police,-0.322147,50.829766,On or near Supermarket,E01031360,Adur 007B,Shoplifting,Investigation complete; no suspect identified,
ced86003a39fd360b9e92d8134b50f67b71cad1be3a02a175a14bd4cb5cd5681,2024-11,Sussex Police,Sussex Police,-0.322147,50.829766,On or near Supermarket,E01031360,Adur 007B,Shoplifting,Investigation complete; no suspect identified,
50de9cf10a59a6464fa0a596bbfa2abbf00ac4bfc12785ee373f4a90c49e8c62,2024-11,Sussex Police,Sussex Police,-0.322147,50.829766,On or near Supermarket,E01031360,Adur 007B,Shoplifting,Investigation complete; no suspect identified,
87b0f872fe3c372ac1b488d21c810a888f14e462261d05a9fe32778e14e56aa7,2024-11,Sussex Police,Sussex Police,-0.322147,50.829766,On or near Supermarket,E01031360,Adur 007B,Shoplifting,Investigation complete; no suspect identified,
47a7913c2ab95cfd680e8aa65b2efdd32781749a1257645ff4917682593bb9f9,2024-11,Sussex Police,Sussex Police,-0.322147,50.829766,On or near Supermarket,E01031360,Adur 007B,Shoplifting,Investigation complete; no suspect identified,
c7bf7195ee2a042dc7b73b1285fa6b2687b5342a2a5322481e6a2b6fb175d0b5,2024-11,Sussex Police,Sussex Police,-0.322147,50.829766,On or near Supermarket,E01031360,Adur 007B,Shoplifting,Investigation complete; no suspect identified,
24488e8b2a7544ce388d0c741a3e393aeaacd560c488db2157b6f9c36d9a2c08,2024-11,Sussex Police,Sussex Police,-0.322147,50.829766,On or near Supermarket,E01031360,Adur 007B,Shoplifting,Investigation complete; no suspect identified,
5a4e62c327c2a6ddfb94c5f262f47a53d7c6e1ac4c12b25d4c008a75b646ed81,2024-11,Sussex Police,Sussex Police,-0.322147,50.829766,On or near Supermarket,E01031360,Adur 007B,Shoplifting,Investigation complete; no suspect identified,
e1220f8950b4ce4d83247be8029af4a5bce1741a706984148d2da3eab6e2d78a,2024-11,Sussex Police,Sussex Police,-0.322147,50.829766,On or near Supermarket,E01031360,Adur 007B,Shoplifting,Investigation complete; no suspect identified,
885d084880425f700ba04619eca57331b5f7f549da2a843fb61c0fabb0cbb8ff,2024-11,Sussex Police,Sussex Police,-0.322147,50.829766,On or near Supermarket,E01031360,Adur 007B,Shoplifting,Investigation complete; no suspect identified,
6bbc35afdfa0f557e3603dfaba430fe9da2bb9479f670fb3519739a4e71a3ad0,2024-11,Sussex Police,Sussex Police,-0.322147,50.829766,On or near Supermarket,E01031360,Adur 007B,Shoplifting,Investigation complete; no suspect identified,
333100c6ddb5ab1b33853a410226d2a68f3aaecc523085fd51681dc79ccff92b,2024-11,Sussex Police,Sussex Police,-0.322147,50.829766,On or near Supermarket,E01031360,Adur 007B,Shoplifting,Investigation complete; no suspect identified,
b3e93552c5c1b61763d2f723ee593781efb7d74d72be1a1d287032835ef5f77d,2024-11,Sussex Police,Sussex Police,-0.322147,50.829766,On or near Supermarket,E01031360,Adur 007B,Shoplifting,Investigation complete; no suspect identified,
8edbeb478329f2478ad5e5605f7079c32c1bf2cdd87b2484ac6636a46bee37ac,2024-11,Sussex Police,Sussex Police,-0.322147,50.829766,On or near Supermarket,E01031360,Adur 007B,Shoplifting,Investigation complete; no suspect identified,
835fa264eb5d4ce54940891c5a2cfc6723f0c7815aa4a9f603ea741cef93ce79,2024-11,Sussex Police,Sussex Police,-0.322147,50.829766,On or near Supermarket,E01031360,Adur 007B,Shoplifting,Unable to prosecute suspect,
6c449c85cc0d5f7302f3a58f01cca028a740a1c4b11b453f1079ba7dab676db5,2024-11,Sussex Police,Sussex Police,-0.322147,50.829766,On or near Supermarket,E01031360,Adur 007B,Shoplifting,Court result unavailable,
ef771ce0cba0935a5b337beb2b7fd6c77f09354fbd4b6f1629257ef755f59a01,2024-11,Sussex Police,Sussex Police,-0.322147,50.829766,On or near Supermarket,E01031360,Adur 007B,Shoplifting,Unable to prosecute suspect,
26df80d90dde79e558e951f7f0a5a2af4ac8680fb28fb6aa224743824272cb91,2024-11,Sussex Police,Sussex Police,-0.322147,50.829766,On or near Supermarket,E01031360,Adur 007B,Shoplifting,Investigation complete; no suspect identified,
3c1787cf5f8803ca1225d6f9ff92674593d3fe2ed323f52219773bda5d2a840c,2024-11,Sussex Police,Sussex Police,-0.322147,50.829766,On or near Supermarket,E01031360,Adur 007B,Shoplifting,Court result unavailable,
c07a4c8d9d9c401e412195a7f0ca84b9d72b777d1a4ffabb75145a7d2e02623b,2024-11,Sussex Police,Sussex Police,-0.322147,50.829766,On or near Supermarket,E01031360,Adur 007B,Shoplifting,Investigation complete; no suspect identified,
f0bf369c865e0009e5f9fb93454e7b9e8f99340c107e8e18ae1ea4bf8a65e129,2024-11,Sussex Police,Sussex Police,-0.322147,50.829766,On or near Supermarket,E01031360,Adur 007B,Shoplifting,Unable to prosecute suspect,
152af2bd2ad4b6d43730beb679e895b5eb204f5b44f38f548ccb69caafd1c6ba,2024-11,Sussex Police,Sussex Police,-0.322147,50.829766,On or near Supermarket,E01031360,Adur 007B,Shoplifting,Investigation complete; no suspect identified,
d5f4d12bf50fb6041648bf07a73f0d3a1057fa48eb6987634b90bda9f66aa9ec,2024-11,Sussex Police,Sussex Police,-0.322147,50.829766,On or near Supermarket,E01031360,Adur 007B,Shoplifting,Investigation complete; no suspect identified,
3e5b89adcdf27c6d21898cf087197405df8fba0c6fe9b7dca31b1ae1d48528c3,2024-11,Sussex Police,Sussex Police,-0.322147,50.829766,On or near Supermarket,E01031360,Adur 007B,Shoplifting,Investigation complete; no suspect identified,
3afb2dcadec643ed38aaf205ed789367863a9beab38a132951f56f862dfa8239,2024-11,Sussex Police,Sussex Police,-0.322147,50.829766,On or near Supermarket,E01031360,Adur 007B,Shoplifting,Unable to prosecute suspect,
fcc766156bf57051028cc0b9c4065c2c6828c702c3cd573ae98cf76f3651164c,2024-11,Sussex Police,Sussex Police,-0.322147,50.829766,On or near Supermarket,E01031360,Adur 007B,Shoplifting,Investigation complete; no suspect identified,
93b0605f6eafe2ac92ad3b807b0fb4667db245d7f67c7308d85ea6265fc26734,2024-11,Sussex Police,Sussex Police,-0.322147,50.829766,On or near Supermarket,E01031360,Adur 007B,Shoplifting,Unable to prosecute suspect,
939963c4e6ca39bae87a1793c16361dc9e11120307f35a7ef9366019562801a4,2024-11,Sussex Police,Sussex Police,-0.322147,50.829766,On or near Supermarket,E01031360,Adur 007B,Shoplifting,Investigation complete; no suspect identified,
887fb9c41ef8ffa227268c75fdf06bc7374eb6b072ab59b96f37e85f11586ab9,2024-11,Sussex Police,Sussex Police,-0.322147,50.829766,On or near Supermarket,E01031360,Adur 007B,Shoplifting,Court result unavailable,
5316e34e1b477d24ce8e61e26b399171c388a41faface2c6a9dabe966062a813,2024-11,Sussex Police,Sussex Police,-0.322147,50.829766,On or near Supermarket,E01031360,Adur 007B,Shoplifting,Unable to prosecute suspect,
c5811e8f0097bbff2bd1daa407b6b5c3f39083adc5407f86efc9eb30de2d625b,2024-11,Sussex Police,Sussex Police,-0.322147,50.829766,On or near Supermarket,E01031360,Adur 007B,Shoplifting,Unable to prosecute suspect,
37c82dc4e9d2c9d3339a21bf478c284942ea2899af9aa7a1aa807f5c19b1962a,2024-11,Sussex Police,Sussex Police,-0.322147,50.829766,On or near Supermarket,E01031360,Adur 007B,Shoplifting,Investigation complete; no suspect identified,
0c5745a4bdf1cf49f9c6cb595815a1e0d390910975a2d1205d9135832a52da74,2024-11,Sussex Police,Sussex Police,-0.322147,50.829766,On or near Supermarket,E01031360,Adur 007B,Shoplifting,Investigation complete; no suspect identified,
75dbb860a0812cd358260062c0d437e92ae47e3750128a4f933d81deea2989a1,2024-11,Sussex Police,Sussex Police,-0.322147,50.829766,On or near Supermarket,E01031360,Adur 007B,Shoplifting,Investigation complete; no suspect identified,
8ec89aad0d031b9975b64c2b72e8408aeb827af5486251b5438b7293350eee80,2024-11,Sussex Police,Sussex Police,-0.322147,50.829766,On or near Supermarket,E01031360,Adur 007B,Shoplifting,Local resolution,
2d6f570a7e4de48a485391fa00718dab20cf1a7e87762b92f78174558337ff91,2024-11,Sussex Police,Sussex Police,-0.322147,50.829766,On or near Supermarket,E01031360,Adur 007B,Shoplifting,Investigation complete; no suspect identified,
9ee5c576f0ab6081b1ad15b30f828e8899259bfa213c311db383dcf3b0577828,2024-11,Sussex Police,Sussex Police,-0.322147,50.829766,On or near Supermarket,E01031360,Adur 007B,Shoplifting,Investigation complete; no suspect identified,
33286f4d98beabaa0d93232b1f94ecab23c91afc6f57c04a4f0ca20386a2ff48,2024-11,Sussex Police,Sussex Police,-0.322147,50.829766,On or near Supermarket,E01031360,Adur 007B,Shoplifting,Investigation complete; no suspect identified,
7903fe92e15112baf40858932d11033f39f0fc56266c43eaea2600d39da4bb90,2024-11,Sussex Police,Sussex Police,-0.322147,50.829766,On or near Supermarket,E01031360,Adur 007B,Shoplifting,Court result unavailable,
e6215a7c897bba90570271ca28b585adc248af8e797c68602045179992d4a0ca,2024-11,Sussex Police,Sussex Police,-0.322147,50.829766,On or near Supermarket,E01031360,Adur 007B,Shoplifting,Unable to prosecute suspect,
86fc5f385fb778be0eec5bb9ae262d27e38dc41e71c6b89f0b3bfff4e4c4317f,2024-11,Sussex Police,Sussex Police,-0.322147,50.829766,On or near Supermarket,E01031360,Adur 007B,Shoplifting,Investigation complete; no suspect identified,
73749843bf8e7c017cf7a035bcdf157a9c8f933528c800b953c0677f25d11dde,2024-11,Sussex Police,Sussex Police,-0.322147,50.829766,On or near Supermarket,E01031360,Adur 007B,Shoplifting,Investigation complete; no suspect identified,
c6aa0d920893f8f798fb939ba710eafcd315d48298765a1b3818c52e3f5454e9,2024-11,Sussex Police,Sussex Police,-0.322147,50.829766,On or near Supermarket,E01031360,Adur 007B,Shoplifting,Investigation complete; no suspect identified,
91587a09b375d42aed519d85604b788c547a69c02aee52f44837b58e8bafb5a3,2024-11,Sussex Police,Sussex Police,-0.322147,50.829766,On or near Supermarket,E01031360,Adur 007B,Shoplifting,Investigation complete; no suspect identified,
3c565d94e27da7df94af45b11b872ba06f0db1334211f9e1220fb3078b1c94a8,2024-11,Sussex Police,Sussex Police,-0.321841,50.829590,On or near North Road,E01031360,Adur 007B,Vehicle crime,Investigation complete; no suspect identified,
16ee65293ae87b4e7f3c2a7900d53dc5056232a75dbafd650ae15529d98a3837,2024-11,Sussex Police,Sussex Police,-0.321320,50.828675,On or near Parking Area,E01031360,Adur 007B,Violence and sexual offences,Investigation complete; no suspect identified,
24af1a26373ad5ce6f6841cf2b1f43d6450691844bab52cfbc427ae0a96b5161,2024-11,Sussex Police,Sussex Police,-0.321930,50.830353,On or near Police Station,E01031360,Adur 007B,Violence and sexual offences,Unable to prosecute suspect,
c26a7dbfbae42c8fa430a765022c5cb07a027489ee5e4427cbe2bad984f66cde,2024-11,Sussex Police,Sussex Police,-0.318968,50.830907,On or near Grinstead Lane,E01031360,Adur 007B,Violence and sexual offences,Unable to prosecute suspect,
05004ca73302acb589132b8b150d8a66dec45674e99ce690b94bcc4154a565e9,2024-11,Sussex Police,Sussex Police,-0.322147,50.829766,On or near Supermarket,E01031360,Adur 007B,Violence and sexual offences,Unable to prosecute suspect,
861e87afa9569d44c89e40804f2bbcc6d65868abb524d8273983ed5b492606e2,2024-11,Sussex Police,Sussex Police,-0.321320,50.828675,On or near Parking Area,E01031360,Adur 007B,Violence and sexual offences,Unable to prosecute suspect,
5ad090e71454d5ce8810110a8a6a710e27fd80b8c31b19f7b8e6a25e737ef7d7,2024-11,Sussex Police,Sussex Police,-0.321930,50.830353,On or near Police Station,E01031360,Adur 007B,Violence and sexual offences,Unable to prosecute suspect,
4f2eb1a1a5787716c042f12e74cd755fc282f8accc8636ab15912ccc311e2507,2024-11,Sussex Police,Sussex Police,-0.313893,50.821993,On or near Shopsdam Road,E01031376,Adur 007C,Burglary,Investigation complete; no suspect identified,
fb9ec96fbded63c1d98710351285c0cb2195cb8886eb0966f3240f66f2e7ea9d,2024-11,Sussex Police,Sussex Police,-0.313893,50.821993,On or near Shopsdam Road,E01031376,Adur 007C,Other theft,Investigation complete; no suspect identified,
15f66ebc3bf7fbeaea0420cd549dfe870a9c19a9b86bd6c7ad6d4473818980d2,2024-11,Sussex Police,Sussex Police,-0.315159,50.823100,On or near The Close,E01031376,Adur 007C,Violence and sexual offences,Action to be taken by another organisation,
ce02d3a54d194fc8ae0941c7e68f30df94b4629d12e1dab2d03dfc594f71a1be,2024-11,Sussex Police,Sussex Police,-0.307051,50.823513,On or near Brighton Road,E01031376,Adur 007C,Violence and sexual offences,Unable to prosecute suspect,
,2024-11,Sussex Police,Sussex Police,-0.297119,50.826849,On or near Orient Road,E01031378,Adur 007D,Anti-social behaviour,,
611398976644bc89f17b8de30829545c89501c0d97ff8cc25a94ae8a2d936e6b,2024-11,Sussex Police,Sussex Police,-0.302355,50.825378,On or near West Way,E01031378,Adur 007D,Burglary,Investigation complete; no suspect identified,
7d8fbffb95bdcdfdad56fd68b2147d3718b7f434382bfd927f2548c1a93177a0,2024-11,Sussex Police,Sussex Police,-0.299951,50.826288,On or near Bristol Avenue,E01031378,Adur 007D,Burglary,Investigation complete; no suspect identified,
412e0d993bd0ad4a0d9c5e304b46c95081aba28749fbc8e32a0d287c9d4370f8,2024-11,Sussex Police,Sussex Police,-0.294428,50.826666,On or near Swallows Close,E01031378,Adur 007D,Criminal damage and arson,Investigation complete; no suspect identified,
30dbb8c38ef041329b4e9978f8b260e7d6dfe487c5516bdf9df732ee69de4569,2024-11,Sussex Police,Sussex Police,-0.302355,50.825378,On or near West Way,E01031378,Adur 007D,Other theft,Unable to prosecute suspect,
09895885eb36766c1a6818277d4eb578536a1accc51684056c1748551b0f2a22,2024-11,Sussex Police,Sussex Police,-0.299951,50.826288,On or near Bristol Avenue,E01031378,Adur 007D,Public order,Court result unavailable,
12d543ec687e6756652ecfc7228514dd8dcbd9e73e3ce299826244de2073da76,2024-11,Sussex Police,Sussex Police,-0.299951,50.826288,On or near Bristol Avenue,E01031378,Adur 007D,Public order,Court result unavailable,
69bdf82cb4058d011b851d15eb032ca81f4e3d8628cf8f42a2ff781e4998a985,2024-11,Sussex Police,Sussex Police,-0.299951,50.826288,On or near Bristol Avenue,E01031378,Adur 007D,Public order,Court result unavailable,
b0590ff73ab8166b4a875947d2895d02a45d9d3129fff468f9ac1aeb3fdd296a,2024-11,Sussex Police,Sussex Police,-0.299951,50.826288,On or near Bristol Avenue,E01031378,Adur 007D,Public order,Awaiting court outcome,
8a1cbee9b6ef57551de35b7a5bc46ee52fa901b734e5ed2ffe36f17386e978bc,2024-11,Sussex Police,Sussex Police,-0.302355,50.825378,On or near West Way,E01031378,Adur 007D,Vehicle crime,Investigation complete; no suspect identified,
d073a9588333f8a75895a51791ec9b7ed96dfa0c0b42b5027f72724a1036f66f,2024-11,Sussex Police,Sussex Police,-0.299736,50.827885,On or near Tudor Close,E01031378,Adur 007D,Violence and sexual offences,Offender given a caution,
0f1775dea2508e5d03d11b99d2f422cd2d1043d05197c2ac5b0388506ff28d88,2024-11,Sussex Police,Sussex Police,-0.302355,50.825378,On or near West Way,E01031378,Adur 007D,Violence and sexual offences,Unable to prosecute suspect,
a3ac2b71133b04b40a22083f940b6e876d93984d2060b9cb744173c2d6574e2e,2024-11,Sussex Police,Sussex Police,-0.299951,50.826288,On or near Bristol Avenue,E01031378,Adur 007D,Violence and sexual offences,Court result unavailable,
bd15136bf942d3e02442e87edbb336fd94538d23f5757d830167b3cc3f8f6ead,2024-11,Sussex Police,Sussex Police,-0.299951,50.826288,On or near Bristol Avenue,E01031378,Adur 007D,Violence and sexual offences,Unable to prosecute suspect,
c98b0b49cc14381ee34545b89209077cdc73a61ba82f87bb720292f90e9acb99,2024-11,Sussex Police,Sussex Police,-0.324347,50.826605,On or near Supermarket,E01031341,Adur 008A,Criminal damage and arson,Investigation complete; no suspect identified,
a148fc159e3c5beb1cb53dd16253bc02dce06c4c2bd3d49baade870604a2b79d,2024-11,Sussex Police,Sussex Police,-0.324347,50.826605,On or near Supermarket,E01031341,Adur 008A,Criminal damage and arson,Investigation complete; no suspect identified,
4d37f37928082d25a01b185b281a938c7f28e04492e696aef2844b96c9c2aa61,2024-11,Sussex Police,Sussex Police,-0.324347,50.826605,On or near Supermarket,E01031341,Adur 008A,Drugs,Court result unavailable,
f107a476cef0949c986a3f770a2cfde53f7a969d276e74d01b6aae1d2065c265,2024-11,Sussex Police,Sussex Police,-0.333686,50.826738,On or near Leconfield Road,E01031341,Adur 008A,Drugs,Investigation complete; no suspect identified,
6b60caee1d02c0dec04712acb1025a0a0fda635e17d429a39b45a06bccedf3a3,2024-11,Sussex Police,Sussex Police,-0.324761,50.827339,On or near Rosecroft Close,E01031341,Adur 008A,Other theft,Investigation complete; no suspect identified,
ca4f860e17251a15ff896e0a7f84a30d8a2105b7c785215be2016f49e35f6b5b,2024-11,Sussex Police,Sussex Police,-0.324347,50.826605,On or near Supermarket,E01031341,Adur 008A,Other theft,Investigation complete; no suspect identified,
50373521639a2d8c2ab28895a93aa5efb5a05c70a350976f44eca6d671cc79bd,2024-11,Sussex Police,Sussex Police,-0.323652,50.828573,On or near Parking Area,E01031341,Adur 008A,Public order,Local resolution,
f43a14527cd80a172a1054c8893e3c5c465e91ace0cf99f71a6c3fcb52fe11ec,2024-11,Sussex Police,Sussex Police,-0.333043,50.826855,On or near Myrtle Crescent,E01031341,Adur 008A,Public order,Status update unavailable,
ba021efea25b16a6a17e17ff36755b6914f22ea01a7cf24d0059b252f106c50d,2024-11,Sussex Police,Sussex Police,-0.324347,50.826605,On or near Supermarket,E01031341,Adur 008A,Shoplifting,Court result unavailable,
32d7ec7c0497978386b66e9138c8ea38bdc79df57e6f41ccf00f3adc6100e650,2024-11,Sussex Police,Sussex Police,-0.323652,50.828573,On or near Parking Area,E01031341,Adur 008A,Shoplifting,Investigation complete; no suspect identified,
8657cbe16359edbc071ab3182ea2706bea4e7e1854e2e3e845b5e21027916b6c,2024-11,Sussex Police,Sussex Police,-0.323652,50.828573,On or near Parking Area,E01031341,Adur 008A,Shoplifting,Investigation complete; no suspect identified,
daf1c005d39dfd354ba631556acf999a37fb19fc01163bca875747bdbd894738,2024-11,Sussex Police,Sussex Police,-0.324347,50.826605,On or near Supermarket,E01031341,Adur 008A,Violence and sexual offences,Unable to prosecute suspect,
d65ef221038b65676a9ac5fbf56cab47702fb473deebc57d5484868d4305688f,2024-11,Sussex Police,Sussex Police,-0.323652,50.828573,On or near Parking Area,E01031341,Adur 008A,Violence and sexual offences,Unable to prosecute suspect,
,2024-11,Sussex Police,Sussex Police,-0.326020,50.825100,On or near The Tynings,E01031342,Adur 008B,Anti-social behaviour,,
,2024-11,Sussex Police,Sussex Police,-0.326020,50.825100,On or near The Tynings,E01031342,Adur 008B,Anti-social behaviour,,
ee2420b1d51e52f908a3bc9ca9677f305db2ef42002e2d619b9f8000853111db,2024-11,Sussex Police,Sussex Police,-0.328602,50.823167,On or near Orme Close,E01031342,Adur 008B,Public order,Investigation complete; no suspect identified,
b4e06beddd9efa5f0e0ccb5977026882f68058706caa863a41c1baa72f669141,2024-11,Sussex Police,Sussex Police,-0.327444,50.821415,On or near Birch Close,E01031342,Adur 008B,Vehicle crime,Investigation complete; no suspect identified,
c3236b395c2c5ed8eb93fcd4eb165dcbfbe8403bf3c9757395fa3d5cbb9ee3ec,2024-11,Sussex Police,Sussex Police,-0.334005,50.819755,On or near Western Close,E01031342,Adur 008B,Violence and sexual offences,Awaiting court outcome,
3d62b6f853137548718acaffa099dbecde7c627dbcae911dce158274ed7263f0,2024-11,Sussex Police,Sussex Police,-0.326020,50.825100,On or near The Tynings,E01031342,Adur 008B,Violence and sexual offences,Unable to prosecute suspect,
728cb346db369f33d13954a94cd89a2d74aebd08dbdb95ac5abb2fd66f9b4056,2024-11,Sussex Police,Sussex Police,-0.323346,50.826806,On or near Parking Area,E01031342,Adur 008B,Violence and sexual offences,Unable to prosecute suspect,
,2024-11,Sussex Police,Sussex Police,-0.325471,50.830911,On or near Annweir Avenue,E01031343,Adur 008C,Anti-social behaviour,,
3c4b908bd41f70ece8d5e4b3e00cd1631958afeb71325c5037b177a757717697,2024-11,Sussex Police,Sussex Police,-0.328988,50.829459,On or near Freshfields Close,E01031343,Adur 008C,Burglary,Investigation complete; no suspect identified,
5f6b1693fa07c8bc878d487f70ac26d3d9bc9732c6f7fde5dccac2af4ff15bbe,2024-11,Sussex Police,Sussex Police,-0.330588,50.830390,On or near Elms Drive,E01031343,Adur 008C,Vehicle crime,Investigation complete; no suspect identified,
fa7ac3c9bdefab18cb30a1189d2ae4d1630ee620f9854319e833f8a27bf9b690,2024-11,Sussex Police,Sussex Police,-0.326045,50.829174,On or near Penstone Close,E01031343,Adur 008C,Violence and sexual offences,Investigation complete; no suspect identified,
4c71d4b0133427313d10d2096b68d907afd220355e66edf3117bd70a4f425ec5,2024-11,Sussex Police,Sussex Police,-0.328231,50.827982,On or near Sompting Road,E01031343,Adur 008C,Violence and sexual offences,Investigation complete; no suspect identified,
df97ef91eef58284f5a0c20848ee4a0ca4fe7ce9d3b54b1245461e8fa77bc42d,2024-11,Sussex Police,Sussex Police,-0.328231,50.827982,On or near Sompting Road,E01031343,Adur 008C,Violence and sexual offences,Unable to prosecute suspect,
9f022f578e9d2dc3aa4bd145c698ec4f1e052a8b02462d3f6cfc52e78a0114a5,2024-11,Sussex Police,Sussex Police,-0.326045,50.829174,On or near Penstone Close,E01031343,Adur 008C,Violence and sexual offences,Unable to prosecute suspect,
,2024-11,Sussex Police,Sussex Police,-0.323214,50.823756,On or near South Street,E01031377,Adur 008D,Anti-social behaviour,,
,2024-11,Sussex Police,Sussex Police,-0.321534,50.822310,On or near Cecil Road,E01031377,Adur 008D,Anti-social behaviour,,
20ea990eb4f196364dbb875819e07e87da07e3233002b63f615b43351ccadf4c,2024-11,Sussex Police,Sussex Police,-0.319690,50.823840,On or near Penhill Road,E01031377,Adur 008D,Criminal damage and arson,Investigation complete; no suspect identified,
f542aead6036663252be1dba53d5b0bd9492a539797a234f034d6798d9966aee,2024-11,Sussex Police,Sussex Police,-0.323357,50.822148,On or near Alma Street,E01031377,Adur 008D,Other theft,Investigation complete; no suspect identified,
40bb30af4f9811fab2bc897dd5b0ac7d7aa173535cd56cb35645eabc2cd20d5c,2024-11,Sussex Police,Sussex Police,-0.323214,50.823756,On or near South Street,E01031377,Adur 008D,Other theft,Investigation complete; no suspect identified,
260aec48e224290bdfb565d2810294b6ff60410c8f45987b547103dff04d188c,2024-11,Sussex Police,Sussex Police,-0.319690,50.823840,On or near Penhill Road,E01031377,Adur 008D,Other theft,Investigation complete; no suspect identified,
c41fce315bc612acf08b4e9328424549d1694b8cfc66129955c9141de69a07c5,2024-11,Sussex Police,Sussex Police,-0.321534,50.822310,On or near Cecil Road,E01031377,Adur 008D,Public order,Unable to prosecute suspect,
2f5b407f3629b7b129a311dd0a68b614b8df34eca059782ff9eb4f24332e33cd,2024-11,Sussex Police,Sussex Police,-0.323549,50.821143,On or near The Terrace,E01031377,Adur 008D,Robbery,Unable to prosecute suspect,
fed2bcd6d3ffd60c79f6d29da190ba2a581d80bcee84658846f9b3b8c452a5ae,2024-11,Sussex Police,Sussex Police,-0.323214,50.823756,On or near South Street,E01031377,Adur 008D,Shoplifting,Investigation complete; no suspect identified,
abc353cf01805c4057203c9a1058168c7fab62e8f9dfcd2b2629ddd6b493bd0e,2024-11,Sussex Police,Sussex Police,-0.318977,50.822741,On or near Beachcroft Place,E01031377,Adur 008D,Theft from the person,Unable to prosecute suspect,
9a3328f94d4101f37e71fd69a4215540004cff01971e2f2bce5681ac29b0d250,2024-11,Sussex Police,Sussex Police,-0.322845,50.824946,On or near Yew Tree Close,E01031377,Adur 008D,Violence and sexual offences,Unable to prosecute suspect,
6147b226ae2e1512231da2431a7db699c27c8458d3a06b2ae8a628fb7517e726,2024-11,Sussex Police,Sussex Police,-0.319690,50.823840,On or near Penhill Road,E01031377,Adur 008D,Violence and sexual offences,Status update unavailable,
9f723f83beda790d431f31d50ee1717756022a4cd64fa570dc3c980bde41a1e4,2024-11,Sussex Police,Sussex Police,-0.321534,50.822310,On or near Cecil Road,E01031377,Adur 008D,Violence and sexual offences,Investigation complete; no suspect identified,
30ebe69634cc80b73cd74296e2236a4d817c1cd1b539745f44f86a965d909bc1,2024-11,Sussex Police,Sussex Police,-0.324389,50.821866,On or near East Street,E01031377,Adur 008D,Violence and sexual offences,Unable to prosecute suspect,
c8ee2d99af3d3c81a9f4c2acbde2cf06a250d035eda042a87dbfc77798387dfc,2024-11,Sussex Police,Sussex Police,-0.323549,50.821143,On or near The Terrace,E01031377,Adur 008D,Violence and sexual offences,Unable to prosecute suspect,
fa9c3278ff9b7d1a1569b1f6355a8e254076e3b69c11bf82dec70b3960b9ac87,2024-11,Sussex Police,Sussex Police,-0.316759,50.827575,On or near Freshbrook Road,E01031379,Adur 008E,Violence and sexual offences,Action to be taken by another organisation,
,2024-11,Sussex Police,Sussex Police,-0.567812,50.852752,On or near Green Lane Close,E01031390,Arun 001A,Anti-social behaviour,,
c8c4b071112e353ff9178256c302f74cf547d0b6759c019011a1313e71b522e3,2024-11,Sussex Police,Sussex Police,-0.567691,50.853452,On or near Canada Road,E01031390,Arun 001A,Violence and sexual offences,Unable to prosecute suspect,
0eddd8f794106e85b9c63345ad45b6db403a8c963a90e431dd70e0f8681d7b23,2024-11,Sussex Police,Sussex Police,-0.567214,50.851423,On or near Torton Hill Road,E01031390,Arun 001A,Violence and sexual offences,Unable to prosecute suspect,
6897a6472e4149bf0584a380f2a93fdc1cf91d8890625294944bbb6b852fef8c,2024-11,Sussex Police,Sussex Police,-0.567214,50.851423,On or near Torton Hill Road,E01031390,Arun 001A,Violence and sexual offences,Unable to prosecute suspect,
6b770fd572a0820e37597bbeead7272a21f63547dd12e5d2b503f38d5f00a9ad,2024-11,Sussex Police,Sussex Police,-0.569495,50.853456,On or near Ellis Close,E01031390,Arun 001A,Violence and sexual offences,Local resolution,
54a7fa72fa2abbea49baae6cf3d8fb9126d282728f4150da3845af7b44f40797,2024-11,Sussex Police,Sussex Police,-0.565449,50.850601,On or near Wood View,E01031390,Arun 001A,Violence and sexual offences,Unable to prosecute suspect,
8be8a10f7763ea7ab9a4055d8917cd42940059ec48703801db01798ba6def93a,2024-11,Sussex Police,Sussex Police,-0.572659,50.852659,On or near Herington Road,E01031390,Arun 001A,Violence and sexual offences,Unable to prosecute suspect,
1332c461e9af53681a89fb0c2c1eba9250fc9dbaeb2d40594feea749fcbe3edf,2024-11,Sussex Police,Sussex Police,-0.557352,50.852884,On or near Tarrant Wharf,E01031391,Arun 001B,Bicycle theft,Investigation complete; no suspect identified,
b6634de10234c87a8f8bf7271738d516f9caede03d1a4de57f08d026043a1cd2,2024-11,Sussex Police,Sussex Police,-0.563578,50.850002,On or near Penfolds Place,E01031391,Arun 001B,Bicycle theft,Unable to prosecute suspect,
94e5b24a5f03dc940455b89323948a92aa12894f212b722135267370e7fc7664,2024-11,Sussex Police,Sussex Police,-0.560307,50.851032,On or near Daltons Place,E01031391,Arun 001B,Burglary,Awaiting court outcome,
5a09cefc974ed01ef487e94cfc604e121ea6ee4a2fa2c23d7258b55a16e48ba6,2024-11,Sussex Police,Sussex Police,-0.559007,50.852644,On or near Surrey Wharf,E01031391,Arun 001B,Criminal damage and arson,Status update unavailable,
5fd8b2f70e2e5c453334d9a1e5839bc19f8584b8638bd48ded2e0dedd8597b1b,2024-11,Sussex Police,Sussex Police,-0.555242,50.852202,On or near Fitzalan Mews,E01031391,Arun 001B,Vehicle crime,Investigation complete; no suspect identified,
8f3106d1411c28497fbf6057d0f4958a3f4dacb7eb4e63f05931c5545ba9905e,2024-11,Sussex Police,Sussex Police,-0.550684,50.852568,On or near Parking Area,E01031391,Arun 001B,Vehicle crime,Investigation complete; no suspect identified,
ceafe07b62c31919dd1451775291c7a1853c3ea25dcaf08b7bbba67e78d6cc10,2024-11,Sussex Police,Sussex Police,-0.557050,50.852988,On or near Arun Street,E01031391,Arun 001B,Violence and sexual offences,Unable to prosecute suspect,
501ed2fa074b20ae9ce0b8e95f2bd405048943bc4cbba745fce3b665b88f788d,2024-11,Sussex Police,Sussex Police,-0.568817,50.848700,On or near Maxwell Road,E01031391,Arun 001B,Other crime,Unable to prosecute suspect,
,2024-11,Sussex Police,Sussex Police,-0.554517,50.854054,On or near Crown Yard,E01031392,Arun 001C,Anti-social behaviour,,
,2024-11,Sussex Police,Sussex Police,-0.552279,50.852920,On or near Supermarket,E01031392,Arun 001C,Anti-social behaviour,,
,2024-11,Sussex Police,Sussex Police,-0.552328,50.853155,On or near Queen Street,E01031392,Arun 001C,Anti-social behaviour,,
,2024-11,Sussex Police,Sussex Police,-0.552328,50.853155,On or near Queen Street,E01031392,Arun 001C,Anti-social behaviour,,
,2024-11,Sussex Police,Sussex Police,-0.554188,50.854581,On or near High Street,E01031392,Arun 001C,Anti-social behaviour,,
,2024-11,Sussex Police,Sussex Police,-0.543014,50.833380,On or near Lyminster Road,E01031392,Arun 001C,Anti-social behaviour,,
,2024-11,Sussex Police,Sussex Police,-0.552279,50.852920,On or near Supermarket,E01031392,Arun 001C,Anti-social behaviour,,
,2024-11,Sussex Police,Sussex Police,-0.552279,50.852920,On or near Supermarket,E01031392,Arun 001C,Anti-social behaviour,,
,2024-11,Sussex Police,Sussex Police,-0.552279,50.852920,On or near Supermarket,E01031392,Arun 001C,Anti-social behaviour,,
b2e4aac707ccadf3b2db05458705292b4388a0d5b5225f4f977ba781221d1d21,2024-11,Sussex Police,Sussex Police,-0.552279,50.852920,On or near Supermarket,E01031392,Arun 001C,Burglary,Unable to prosecute suspect,
0abea82fac80429f2f5a39f518943c4eba357476f32027f86a9026c3816da73d,2024-11,Sussex Police,Sussex Police,-0.555992,50.855053,On or near New Cut,E01031392,Arun 001C,Burglary,Investigation complete; no suspect identified,
db03f294eb2359b87d669965e5b343a1bc38599ab4f04986d32a9d1541d06a34,2024-11,Sussex Police,Sussex Police,-0.540689,50.845546,On or near Lyminster Road,E01031392,Arun 001C,Criminal damage and arson,Investigation complete; no suspect identified,
7f7ad016748ade7af303a4589d3d59fe976a147d51f831575a20749e6d3d38b4,2024-11,Sussex Police,Sussex Police,-0.553285,50.854372,On or near Mill Lane,E01031392,Arun 001C,Criminal damage and arson,Investigation complete; no suspect identified,
44849a3e8ddf6ea38a36fe4873207c6941c4f7a29bcc21f1023f5a10c21f80de,2024-11,Sussex Police,Sussex Police,-0.546828,50.847754,On or near Arundel,E01031392,Arun 001C,Criminal damage and arson,Unable to prosecute suspect,
ed2ddf01485cca0e57139576431b8fe61074ff9e3c420a6247311309d0e5cc4f,2024-11,Sussex Police,Sussex Police,-0.559343,50.852819,On or near School Lane,E01031392,Arun 001C,Criminal damage and arson,Unable to prosecute suspect,
a1cce72b355abde5bc887c934fd9ada3cb771173435f12d23d0c28d4aa5b4240,2024-11,Sussex Police,Sussex Police,-0.541382,50.866580,On or near Parking Area,E01031392,Arun 001C,Other theft,Investigation complete; no suspect identified,
ca0b76c402589a4e4bc8550ab779b25addea364cfe95602d911ec7c241a952a0,2024-11,Sussex Police,Sussex Police,-0.552279,50.852920,On or near Supermarket,E01031392,Arun 001C,Shoplifting,Investigation complete; no suspect identified,
31272adededbac4ab931ba9eef85529504b17d7dd57fe86e263f4546904a3f5f,2024-11,Sussex Police,Sussex Police,-0.552328,50.853155,On or near Queen Street,E01031392,Arun 001C,Shoplifting,Status update unavailable,
43e37873a797c9590c2504e9ffe1dfe62848b64150526a351e9943c050da8250,2024-11,Sussex Police,Sussex Police,-0.553285,50.854372,On or near Mill Lane,E01031392,Arun 001C,Shoplifting,Investigation complete; no suspect identified,
cead0da0cffdec3b324bd1cacb527e0819f3a5d603ce1ff39d6985a9dfb39884,2024-11,Sussex Police,Sussex Police,-0.552279,50.852920,On or near Supermarket,E01031392,Arun 001C,Shoplifting,Court result unavailable,
62c1abeb924bd44d62ad8bd11d85fb7416501b340360ac7c349ebbf2415ef0e5,2024-11,Sussex Police,Sussex Police,-0.552328,50.853155,On or near Queen Street,E01031392,Arun 001C,Shoplifting,Investigation complete; no suspect identified,
3d32d52c66ba6e4e0996f3660a80d6466c615d7efe43c504e445be21d0a70f79,2024-11,Sussex Police,Sussex Police,-0.552279,50.852920,On or near Supermarket,E01031392,Arun 001C,Shoplifting,Investigation complete; no suspect identified,
5171aaddfc51e17a507c9ffb2ba0f1b107f59420f4f0350bf53d4e0e58c294e2,2024-11,Sussex Police,Sussex Police,-0.552279,50.852920,On or near Supermarket,E01031392,Arun 001C,Shoplifting,Local resolution,
e7a0fce5d7793156f513f050e0a3b3e67099cc56acd8ef90c02be981986af557,2024-11,Sussex Police,Sussex Police,-0.554517,50.854054,On or near Crown Yard,E01031392,Arun 001C,Theft from the person,Unable to prosecute suspect,
9e0aa9fe7c4ba46b138dcc5127482bae9fbb6f1b69454728cebbb8274e938e6b,2024-11,Sussex Police,Sussex Police,-0.554188,50.854581,On or near High Street,E01031392,Arun 001C,Violence and sexual offences,Unable to prosecute suspect,
db47258f37be0e968500687512a03848532356934d2b0faf99c9a6e0c554b461,2024-11,Sussex Police,Sussex Police,-0.559343,50.852819,On or near School Lane,E01031392,Arun 001C,Violence and sexual offences,Unable to prosecute suspect,
88a56c46e2bef62624d2b20affd14ab7ab4e6792883b69cb992e585e91205fe6,2024-11,Sussex Police,Sussex Police,-0.546828,50.847754,On or near Arundel,E01031392,Arun 001C,Violence and sexual offences,Unable to prosecute suspect,
680896e1bcb549380eaccbcd68e03397c67a5f3e90d3467c10d98386e21e087e,2024-11,Sussex Police,Sussex Police,-0.546828,50.847754,On or near Arundel,E01031392,Arun 001C,Violence and sexual offences,Unable to prosecute suspect,
fb1c5113889119b496915a86c86da7d38557bb804608ff1759c679fe701feb12,2024-11,Sussex Police,Sussex Police,-0.561599,50.856606,On or near London Road,E01031392,Arun 001C,Violence and sexual offences,Unable to prosecute suspect,
73239218f9a34bc8c656a6edd99bbdd455cf4d9e1f7078236268d02dba9fc2d5,2024-11,Sussex Police,Sussex Police,-0.546828,50.847754,On or near Arundel,E01031392,Arun 001C,Violence and sexual offences,Unable to prosecute suspect,
752f133103d2e8fbf8639f4d4bc9fc07d3b8eeabe3db20a7053de658ffbbe6b2,2024-11,Sussex Police,Sussex Police,-0.546828,50.847754,On or near Arundel,E01031392,Arun 001C,Violence and sexual offences,Unable to prosecute suspect,
7c51d1180b99458ebbfe544edca2c0d28e4de8fbb9ae181b31b69ff226e29d4d,2024-11,Sussex Police,Sussex Police,-0.637109,50.868960,On or near Butt Lane,E01031465,Arun 001D,Burglary,Investigation complete; no suspect identified,
379b36965dd1b502e6eeca6443b8052ef05320aa1423fd6f3249db6cf5c98386,2024-11,Sussex Police,Sussex Police,-0.647772,50.854560,On or near Fontwell Close,E01031465,Arun 001D,Other theft,Investigation complete; no suspect identified,
b895d35d2b060d03f0d26a92d4eb1b2d8f21bd14f3c34005eb91ad66f59581b8,2024-11,Sussex Police,Sussex Police,-0.614230,50.850192,On or near Yapton Lane,E01031465,Arun 001D,Other theft,Investigation complete; no suspect identified,
5935bdf9affb72eccfff1a30986b76d23f063ab90e9e820c3d74e41039d18dc5,2024-11,Sussex Police,Sussex Police,-0.647099,50.855236,On or near The Chase,E01031465,Arun 001D,Other theft,Investigation complete; no suspect identified,
50536f2bbf2b360e647c375b27483245b89eae3530d9c80df4e2f385d1ff73e8,2024-11,Sussex Police,Sussex Police,-0.647772,50.854560,On or near Fontwell Close,E01031465,Arun 001D,Public order,Investigation complete; no suspect identified,
d89bf36432fcc1be32dfc49c0fe2b0dc0d3960b92407b7dcc9bca8124288e2bc,2024-11,Sussex Police,Sussex Police,-0.647772,50.854560,On or near Fontwell Close,E01031465,Arun 001D,Shoplifting,Investigation complete; no suspect identified,
cd797ab20676ad6698795858b6191c49a4e24a5ec294090e5ceb838852d9edc4,2024-11,Sussex Police,Sussex Police,-0.647772,50.854560,On or near Fontwell Close,E01031465,Arun 001D,Shoplifting,Court result unavailable,
9e9bfcd830d14d846670f4e79fef9ea261eacd4ac1bd829520754a611bb2ef05,2024-11,Sussex Police,Sussex Police,-0.623087,50.849506,On or near Tye Lane,E01031465,Arun 001D,Violence and sexual offences,Further investigation is not in the public interest,
12c6686be91506579f30396137c765ea6afe1bc18c89a5e1f873f46218d4757a,2024-11,Sussex Police,Sussex Police,-0.623087,50.849506,On or near Tye Lane,E01031465,Arun 001D,Violence and sexual offences,Unable to prosecute suspect,
714e5d686a4467e938256156dc24b8a426ed3128ec230c334e9fa962b116aec5,2024-11,Sussex Police,Sussex Police,-0.647772,50.854560,On or near Fontwell Close,E01031465,Arun 001D,Violence and sexual offences,Unable to prosecute suspect,
7d84ecd7c1ee3a8927e5d326af0c548ff51f1323df972f67a8b651924c9e9bfe,2024-11,Sussex Police,Sussex Police,-0.647772,50.854560,On or near Fontwell Close,E01031465,Arun 001D,Violence and sexual offences,Court result unavailable,
b682f9e04d96bc10ba1a18820f8c6173a6ebf4de319755e758b08e06446f9ae9,2024-11,Sussex Police,Sussex Police,-0.647772,50.854560,On or near Fontwell Close,E01031465,Arun 001D,Violence and sexual offences,Unable to prosecute suspect,
22bf156b7098b8038d2eed634f540a7a27df4e4f6bd812bc8629c11402b87de0,2024-11,Sussex Police,Sussex Police,-0.647772,50.854560,On or near Fontwell Close,E01031465,Arun 001D,Violence and sexual offences,Court result unavailable,
5d777a53610175588135a4901b8ae8cc272c7607cc13d96a5923b1b507e6a53b,2024-11,Sussex Police,Sussex Police,-0.592992,50.878068,On or near Parking Area,E01031465,Arun 001D,Violence and sexual offences,Local resolution,
,2024-11,Sussex Police,Sussex Police,-0.478218,50.834154,On or near Dapper'S Lane,E01031386,Arun 002A,Anti-social behaviour,,
,2024-11,Sussex Police,Sussex Police,-0.478218,50.834154,On or near Dapper'S Lane,E01031386,Arun 002A,Anti-social behaviour,,
7671acdb94263f109c7a931daf05b78193e92d9662891b4bd3bc231c524e9cf9,2024-11,Sussex Police,Sussex Police,-0.479373,50.833144,On or near Ferndale Walk,E01031386,Arun 002A,Criminal damage and arson,Investigation complete; no suspect identified,
d5fd6770deb50a4fef8525f894f696dc871820039d50a49fdf5dd70a5ae0ef50,2024-11,Sussex Police,Sussex Police,-0.487644,50.835149,On or near Decoy Drive,E01031386,Arun 002A,Public order,Investigation complete; no suspect identified,
d3bc85fd4a2dc0b5a5f817d87162138e343468fd4054714f18c0986a91ea0ca9,2024-11,Sussex Police,Sussex Police,-0.479428,50.835375,On or near Woodlands Close,E01031386,Arun 002A,Public order,Unable to prosecute suspect,
9f3cb04e015c5068b19eb00c7084f967c5e55a840f68e193252fc78d56904815,2024-11,Sussex Police,Sussex Police,-0.516317,50.842774,On or near Arundel Road,E01031386,Arun 002A,Violence and sexual offences,Status update unavailable,
7740545cf9a993e38c231efac671f55f569403be1854ce55ae24ed2018488f61,2024-11,Sussex Police,Sussex Police,-0.479162,50.832206,On or near Merryfield Crescent,E01031386,Arun 002A,Violence and sexual offences,Unable to prosecute suspect,
3c0abcff2b95b72cc4846cdc67a2ea97f586743e0a73ce671a38f6666e22ac45,2024-11,Sussex Police,Sussex Police,-0.487917,50.831987,On or near Fletcher Way,E01031386,Arun 002A,Violence and sexual offences,Status update unavailable,
497586c701e6aeae47dafb1f6a855973cf50cdfb01384fc25b07e99b8cc36918,2024-11,Sussex Police,Sussex Police,-0.487092,50.833784,On or near Palmer Road,E01031386,Arun 002A,Violence and sexual offences,Unable to prosecute suspect,
7885fb0a34bbd590f4017c4d9772a885550e83e941b896a8ac808936c21bf9a4,2024-11,Sussex Police,Sussex Police,-0.485613,50.833414,On or near Arundel Road,E01031386,Arun 002A,Violence and sexual offences,Investigation complete; no suspect identified,
76cd73cca0e8288fda2dfd1e9dd3756d6129d0ec28679ed878b446fd3318a4a3,2024-11,Sussex Police,Sussex Police,-0.487109,50.832381,On or near Bewley Road,E01031386,Arun 002A,Other crime,Offender given a caution,
,2024-11,Sussex Police,Sussex Police,-0.484451,50.830692,On or near Lansdowne Road,E01031387,Arun 002B,Anti-social behaviour,,
,2024-11,Sussex Police,Sussex Police,-0.484618,50.834732,On or near Furzefield Close,E01031387,Arun 002B,Anti-social behaviour,,
0d0380a086fa0e7cf171140b078e692620495646b396143e4ff446ab6ffab068,2024-11,Sussex Police,Sussex Police,-0.486725,50.831962,On or near Older Way,E01031387,Arun 002B,Criminal damage and arson,Investigation complete; no suspect identified,
3cf967408ec2b8832e7c61e7cf5b978a4a9c8b25b4121cbf03a2e0acd1f83365,2024-11,Sussex Police,Sussex Police,-0.480744,50.830275,On or near Cumberland Road,E01031387,Arun 002B,Other theft,Investigation complete; no suspect identified,
a2ecd4840629ff1d7acea55868851c35050e443adc6911bfc559a897352aae24,2024-11,Sussex Police,Sussex Police,-0.483711,50.833812,On or near Lloyd Goring Close,E01031387,Arun 002B,Public order,Investigation complete; no suspect identified,
73fff8de3d9b54f2f0e11c24ebb70c352862f088dda4e70270e01f44be27d8f4,2024-11,Sussex Police,Sussex Police,-0.484618,50.834732,On or near Furzefield Close,E01031387,Arun 002B,Public order,Investigation complete; no suspect identified,
3fecb11cfcec992fdb1d92a9fdfc882223e391dfad5dc1c6642e304d7f2dd069,2024-11,Sussex Police,Sussex Police,-0.484451,50.830692,On or near Lansdowne Road,E01031387,Arun 002B,Public order,Investigation complete; no suspect identified,
0db3f9a72b794d47397a26d26599ed6e1cb8871a60e2a902b3b17658b4c60b23,2024-11,Sussex Police,Sussex Police,-0.486497,50.829469,On or near Sports/Recreation Area,E01031387,Arun 002B,Violence and sexual offences,Further action is not in the public interest,
ff23e88e136f13227fd52e0018fc84bed09ed4502c6ca0199e96a5a85f014650,2024-11,Sussex Police,Sussex Police,-0.481112,50.835118,On or near Garden Close,E01031387,Arun 002B,Other crime,Status update unavailable,
24a6593068e7ace30371d3df6811b53ac12888f7b3a9f10c65551326b02a4e99,2024-11,Sussex Police,Sussex Police,-0.406295,50.869418,On or near Lime Road,E01031425,Arun 002C,Violence and sexual offences,Unable to prosecute suspect,
,2024-11,Sussex Police,Sussex Police,-0.406254,50.871018,On or near Downview Road,E01031426,Arun 002D,Anti-social behaviour,,
13c405dd42f409642fbc4c791c6e77662717be9d8b579bb3ebc8d0b63315189b,2024-11,Sussex Police,Sussex Police,-0.408080,50.869991,On or near Homewood,E01031426,Arun 002D,Other theft,Investigation complete; no suspect identified,
56026a60decbc609b99f0e30e3730681cde832d22a5f392ea2297c81387f1c99,2024-11,Sussex Police,Sussex Police,-0.408166,50.868715,On or near School Hill,E01031426,Arun 002D,Possession of weapons,Court result unavailable,
,2024-11,Sussex Police,Sussex Police,-0.639940,50.830737,On or near Barnham,E01031393,Arun 003A,Anti-social behaviour,,
699e5a9c31baf203f16fa25a4c76e54e689659ea00e5288ca391a54133a03b56,2024-11,Sussex Police,Sussex Police,-0.636683,50.829449,On or near Greenbank,E01031393,Arun 003A,Burglary,Investigation complete; no suspect identified,
1fd87d9800be049a264e631c7e83c53200997f4e55b2e3d9801b51195c5fdeba,2024-11,Sussex Police,Sussex Police,-0.639940,50.830737,On or near Barnham,E01031393,Arun 003A,Criminal damage and arson,Status update unavailable,
3eb24bb49d059f277269ce08132b2a7c5fc52bb17b42581ea0041f7ee84a0d76,2024-11,Sussex Police,Sussex Police,-0.643782,50.834388,On or near Barnham Road,E01031393,Arun 003A,Vehicle crime,Investigation complete; no suspect identified,
110f325684153ff51958999507e8ff336c19e3c9f02e494e1e5a6def91aa03c3,2024-11,Sussex Police,Sussex Police,-0.630407,50.831893,On or near Lapwing Grove,E01031393,Arun 003A,Vehicle crime,Investigation complete; no suspect identified,
8979ff998c81cc31daa9f2faf1acfe692eff539aea49c8e02eb5a06b077ff501,2024-11,Sussex Police,Sussex Police,-0.645213,50.836455,On or near Drovers Way,E01031393,Arun 003A,Violence and sexual offences,Unable to prosecute suspect,
2046c609481f3dec2149e5a27bd27da1194ee96c0cd85791a8f63f6e8377ad45,2024-11,Sussex Police,Sussex Police,-0.645492,50.825352,On or near Highground Lane,E01031393,Arun 003A,Violence and sexual offences,Further investigation is not in the public interest,
63f6bce957687340c761bb374a0f3e97040282b5d754b2a9ea5c9b0ef0562d95,2024-11,Sussex Police,Sussex Police,-0.633127,50.828706,On or near Blossom Way,E01031393,Arun 003A,Violence and sexual offences,Unable to prosecute suspect,
e8be49b29418e154647febe8bbe745ca0ceb36d063e5edde45fc3fd84d1abfd9,2024-11,Sussex Police,Sussex Police,-0.640899,50.831459,On or near Parking Area,E01031393,Arun 003A,Violence and sexual offences,Unable to prosecute suspect,
619cd7f87d1ff985170bea949c4e7a9201522bd311c514c67a21a86da4ebc92d,2024-11,Sussex Police,Sussex Police,-0.639940,50.830737,On or near Barnham,E01031393,Arun 003A,Violence and sexual offences,Status update unavailable,
0810eb349bdf2cbea58a905620d6e712d3f0fbb855ebb90d98f53830407e1c3e,2024-11,Sussex Police,Sussex Police,-0.643782,50.834388,On or near Barnham Road,E01031393,Arun 003A,Violence and sexual offences,Status update unavailable,
433b408c94eb015e808861bc0a9dcce3048e800a006a125353f8844b5dea7b08,2024-11,Sussex Police,Sussex Police,-0.648295,50.835978,On or near Sackville Gardens,E01031393,Arun 003A,Other crime,Further investigation is not in the public interest,
,2024-11,Sussex Police,Sussex Police,-0.636348,50.833177,On or near Foxes Croft,E01031394,Arun 003B,Anti-social behaviour,,
,2024-11,Sussex Police,Sussex Police,-0.636348,50.833177,On or near Foxes Croft,E01031394,Arun 003B,Anti-social behaviour,,
ce494e9e7724e349c1e3915b7cf39921fa7bcac99e216fdf12ca182b3b46eaca,2024-11,Sussex Police,Sussex Police,-0.641232,50.832236,On or near Parking Area,E01031394,Arun 003B,Burglary,Investigation complete; no suspect identified,
5a8539a3a77e1315141006bf00e7bb26d67cd8e0850056c078f10ae15997fde7,2024-11,Sussex Police,Sussex Police,-0.636897,50.831853,On or near Dial Close,E01031394,Arun 003B,Burglary,Investigation complete; no suspect identified,
158668cc94186fd99bccaacf9de57f6b516509ef7f98905ad00c28278ad67fe1,2024-11,Sussex Police,Sussex Police,-0.638940,50.830067,On or near Sports/Recreation Area,E01031394,Arun 003B,Criminal damage and arson,Investigation complete; no suspect identified,
3d40568315bad91cd388ec5551e4486b6309858f058b85099dea71a0f852d8ca,2024-11,Sussex Police,Sussex Police,-0.640174,50.831999,On or near Saxby Close,E01031394,Arun 003B,Criminal damage and arson,Unable to prosecute suspect,
4f33e3fc646f6b91b066c456028da20dda09a199a3c8d3829c3372a8988a5d7f,2024-11,Sussex Police,Sussex Police,-0.640450,50.832748,On or near Market Close,E01031394,Arun 003B,Criminal damage and arson,Investigation complete; no suspect identified,
0278b9e338cddfdbe4297b88344d629c77c3b9d9bb4be24c5073129c1bce32d9,2024-11,Sussex Police,Sussex Police,-0.639509,50.834815,On or near Woodside,E01031394,Arun 003B,Criminal damage and arson,Investigation complete; no suspect identified,
3bc471e1c40d17ebd6af2cd56b32e27578d669d3841bb267ab5127aadb54c098,2024-11,Sussex Police,Sussex Police,-0.640804,50.831799,On or near Supermarket,E01031394,Arun 003B,Public order,Investigation complete; no suspect identified,
91ec6b57caba7ac064b7a5f2cb975376dc421ad1111ddd3697347d55e4456ad5,2024-11,Sussex Police,Sussex Police,-0.640804,50.831799,On or near Supermarket,E01031394,Arun 003B,Public order,Investigation complete; no suspect identified,
d3818d7adea8efd288ec47ab67c7ea395467567baf4d35aab3c9d42c70e883f2,2024-11,Sussex Police,Sussex Police,-0.639163,50.831097,On or near B2233,E01031394,Arun 003B,Public order,Investigation complete; no suspect identified,
dba315710f3e6428ef49ff22d57ac3b38e6db724a519dadb565d1ba3a415f294,2024-11,Sussex Police,Sussex Police,-0.640804,50.831799,On or near Supermarket,E01031394,Arun 003B,Public order,Investigation complete; no suspect identified,
e96e7d9fc627a021c23fe542d0e21287ff0b2bf6980874172065756db2a6ce2c,2024-11,Sussex Police,Sussex Police,-0.640804,50.831799,On or near Supermarket,E01031394,Arun 003B,Shoplifting,Investigation complete; no suspect identified,
42e7fef0ad05530ae4630995956ff15e49add8e4a42973a94adbdfb212aa8b0b,2024-11,Sussex Police,Sussex Police,-0.640804,50.831799,On or near Supermarket,E01031394,Arun 003B,Shoplifting,Investigation complete; no suspect identified,
bca300aae9cd9533c1af20bafffcd89a1564505da921c374735f66e08789dccc,2024-11,Sussex Police,Sussex Police,-0.640804,50.831799,On or near Supermarket,E01031394,Arun 003B,Shoplifting,Unable to prosecute suspect,
2a001771ac992669d4dac627d3b5c41d75b65325c0aaf16ec769a4b5c55772e3,2024-11,Sussex Police,Sussex Police,-0.640804,50.831799,On or near Supermarket,E01031394,Arun 003B,Shoplifting,Unable to prosecute suspect,
b00ed2863725c435e5f2d27fed1ff789e843c68cc8c6d3c6a7d4538d41c6d7ce,2024-11,Sussex Police,Sussex Police,-0.639163,50.831097,On or near B2233,E01031394,Arun 003B,Shoplifting,Investigation complete; no suspect identified,
f7122fe3970eea8ab3ffb9a0b58c957b4a9734a0111d9e9af8a5ec62254de7ee,2024-11,Sussex Police,Sussex Police,-0.640804,50.831799,On or near Supermarket,E01031394,Arun 003B,Shoplifting,Investigation complete; no suspect identified,
c2e5b72180386d75d8ba107114b0cbc3835fe03dbd2435769fc9e6faaf089bae,2024-11,Sussex Police,Sussex Police,-0.640174,50.831999,On or near Saxby Close,E01031394,Arun 003B,Theft from the person,Unable to prosecute suspect,
6fd58f779447e3d5b10c20b78a896b9e60cd16e9f701847baf5bf89166717e21,2024-11,Sussex Police,Sussex Police,-0.640174,50.831999,On or near Saxby Close,E01031394,Arun 003B,Violence and sexual offences,Unable to prosecute suspect,
ae9ab0aa91158e40103f15f46994d48e233447f6a608861e0e36d940f67bf00b,2024-11,Sussex Police,Sussex Police,-0.641596,50.834839,On or near Oriel Close,E01031394,Arun 003B,Violence and sexual offences,Investigation complete; no suspect identified,
ef768dd6d52ec8fe5cca5236c128cef27377a712c420660959e35b77ce25d7b2,2024-11,Sussex Police,Sussex Police,-0.638273,50.832417,On or near Warren Way,E01031394,Arun 003B,Violence and sexual offences,Investigation complete; no suspect identified,
db64274d5fee3a1b57e5aa417b9afb27f40b8650abf7e514940550919dfc1d49,2024-11,Sussex Police,Sussex Police,-0.640174,50.831999,On or near Saxby Close,E01031394,Arun 003B,Other crime,Unable to prosecute suspect,
,2024-11,Sussex Police,Sussex Police,-0.669508,50.829621,On or near Lidsey Road,E01031395,Arun 003C,Anti-social behaviour,,
9eab7581f23366cc1965bb16ca0b89705f7af8553ac5818147df06db20735bd2,2024-11,Sussex Police,Sussex Police,-0.669508,50.829621,On or near Lidsey Road,E01031395,Arun 003C,Other theft,Investigation complete; no suspect identified,
d2c0c3f31b1f08480017ad014a704de52fb6d29a0c1ea3b3dfe4e549b9aa2840,2024-11,Sussex Police,Sussex Police,-0.668160,50.837582,On or near Baron Close,E01031395,Arun 003C,Possession of weapons,Local resolution,
18947620e3c7eb400b960f30ea4e58f6a3f9ca13e5c4115dbb8d9f22fe1f91bb,2024-11,Sussex Police,Sussex Police,-0.671548,50.831281,On or near Cohen Close,E01031395,Arun 003C,Public order,Investigation complete; no suspect identified,
a7c99e89e97d24678c679b21913431197eaa227458d3cb5be3e2181b28263614,2024-11,Sussex Police,Sussex Police,-0.663217,50.815718,On or near Sack Lane,E01031395,Arun 003C,Public order,Investigation complete; no suspect identified,
b51f2b97ab8ead6b6ab614e607cf1495803dedde6c7d227f3519f9f7642cea1e,2024-11,Sussex Police,Sussex Police,-0.671548,50.831281,On or near Cohen Close,E01031395,Arun 003C,Public order,Status update unavailable,
db6943e939813b013e1a890b55b0039fc19228b5146337b3586a7ebcce5e8490,2024-11,Sussex Police,Sussex Police,-0.671548,50.831281,On or near Cohen Close,E01031395,Arun 003C,Public order,Status update unavailable,
99921578e9e3d612ee7611251a5c786a03340ec786637fd26cff7327a1666535,2024-11,Sussex Police,Sussex Police,-0.671548,50.831281,On or near Cohen Close,E01031395,Arun 003C,Violence and sexual offences,Court result unavailable,
ac524cd94fe203b51139c5451199a82b2907049399274cd8750504d3161a0da0,2024-11,Sussex Police,Sussex Police,-0.663217,50.815718,On or near Sack Lane,E01031395,Arun 003C,Violence and sexual offences,Unable to prosecute suspect,
3d05942fd34bb42fe601cb23a982ea57f54f7b7edf7e15f97537865e2c663a81,2024-11,Sussex Police,Sussex Police,-0.669508,50.829621,On or near Lidsey Road,E01031395,Arun 003C,Violence and sexual offences,Unable to prosecute suspect,
a2f8f4c8eaa45c05a4f685e8f7a82022501c56ec89fe11f20f8a97954f42884b,2024-11,Sussex Police,Sussex Police,-0.668115,50.842141,On or near Tudor Drive,E01031396,Arun 003D,Criminal damage and arson,Unable to prosecute suspect,
5f80f0d75718db5832fbd9cdcc0ceb3f6ed278a069971f45c4a9fb277ba06011,2024-11,Sussex Police,Sussex Police,-0.665787,50.843095,On or near Riggs Lane,E01031396,Arun 003D,Other theft,Investigation complete; no suspect identified,
3d46dd3855a96676e3c0ba4ab27073e8588bbcf4b8e03dff68e3c23e87a3cad7,2024-11,Sussex Police,Sussex Police,-0.665979,50.837863,On or near St Richards Road,E01031396,Arun 003D,Violence and sexual offences,Unable to prosecute suspect,
c1736e7eda9bd436d4a8a56136d2a880feeb40511daf7585bae2fbc5380b5793,2024-11,Sussex Police,Sussex Police,-0.665570,50.839234,On or near School Close,E01031396,Arun 003D,Violence and sexual offences,Unable to prosecute suspect,
fe4441436cc882c3688a96b840dcc3d351a337447b381ca55da0faeb600bf97c,2024-11,Sussex Police,Sussex Police,-0.665311,50.840859,On or near Lime Avenue,E01031396,Arun 003D,Violence and sexual offences,Unable to prosecute suspect,
6f178ca69edef0e397f3ff85d5dfd04144bdebf00921df90bfd68c191c6b8fd0,2024-11,Sussex Police,Sussex Police,-0.665570,50.839234,On or near School Close,E01031396,Arun 003D,Violence and sexual offences,Unable to prosecute suspect,
,2024-11,Sussex Police,Sussex Police,-0.660178,50.853948,On or near Denmans Lane,E01031397,Arun 003E,Anti-social behaviour,,
,2024-11,Sussex Police,Sussex Police,-0.652734,50.856902,On or near Days Lane,E01031397,Arun 003E,Anti-social behaviour,,
00dd850162cb63dca1dd62588a11fb8f3fca58bc3fa25ab758fdbfc7c831c645,2024-11,Sussex Police,Sussex Police,-0.651951,50.850067,On or near Wandleys Close,E01031397,Arun 003E,Burglary,Investigation complete; no suspect identified,
48cbcebffb954669dbf4f19daa5f4f01657f9d6850caf24e1bc1f64921bd7f48,2024-11,Sussex Police,Sussex Police,-0.654870,50.848824,On or near Fontwell Avenue,E01031397,Arun 003E,Drugs,Investigation complete; no suspect identified,
887572a3566d13bb8ebcb62d050b889ecbff51dabbe0137b2aab45add850c5da,2024-11,Sussex Police,Sussex Police,-0.651951,50.850067,On or near Wandleys Close,E01031397,Arun 003E,Public order,Investigation complete; no suspect identified,
4051731f1a9c82ce9c6841d7418bbc1ebac1a395c488feb8c2d45c774d261902,2024-11,Sussex Police,Sussex Police,-0.651951,50.850067,On or near Wandleys Close,E01031397,Arun 003E,Violence and sexual offences,Investigation complete; no suspect identified,
4aa81e03df57f2a3c14d11062d6d2e4ee9f1a46357a4fd15b0cdae666faec81c,2024-11,Sussex Police,Sussex Police,-0.654870,50.848824,On or near Fontwell Avenue,E01031397,Arun 003E,Violence and sexual offences,Unable to prosecute suspect,
43110ed5ffb003606461060eac0a4e2c2aa5c8ff0505c92c375fd1ba87a20fee,2024-11,Sussex Police,Sussex Police,-0.654870,50.848824,On or near Fontwell Avenue,E01031397,Arun 003E,Violence and sexual offences,Unable to prosecute suspect,
476f3c0f778049a64213245154df9fcee6a4e1c5f34cee2550e78a6c28509aff,2024-11,Sussex Police,Sussex Police,-0.651951,50.850067,On or near Wandleys Close,E01031397,Arun 003E,Violence and sexual offences,Local resolution,
950cdab26ed3fd5c3ad7fb133f7da98f0be9ee4f569d572f7a0f1f48553bf299,2024-11,Sussex Police,Sussex Police,-0.652734,50.856902,On or near Days Lane,E01031397,Arun 003E,Violence and sexual offences,Investigation complete; no suspect identified,
78289f2cb7df755827a1b70ba1e1a1625fb44717a16ba8adcffbfdd2ad5677b7,2024-11,Sussex Police,Sussex Police,-0.652734,50.856902,On or near Days Lane,E01031397,Arun 003E,Violence and sexual offences,Investigation complete; no suspect identified,
94d00a6d7c6b713d953193d8e299a44b56569d7f203da45db47edfac1f593560,2024-11,Sussex Police,Sussex Police,-0.613444,50.838384,On or near Progress Close,E01031466,Arun 003F,Burglary,Investigation complete; no suspect identified,
2b5dcde92154be1d3c1660e8554b79d1c30dc6e25424c5093e5de5a4a10b0f54,2024-11,Sussex Police,Sussex Police,-0.620524,50.845824,On or near Holly Tree Grove,E01031466,Arun 003F,Criminal damage and arson,Investigation complete; no suspect identified,
5efd87087684ea7c699fc69ef89af0a131ec419d53e52d4ac01b81398a99d1c3,2024-11,Sussex Police,Sussex Police,-0.647998,50.850687,On or near Wandleys Lane,E01031466,Arun 003F,Criminal damage and arson,Investigation complete; no suspect identified,
5eb75d3147594e433ffebc243315337f3f3605d40c767b036076dbb85fa18126,2024-11,Sussex Police,Sussex Police,-0.647998,50.850687,On or near Wandleys Lane,E01031466,Arun 003F,Criminal damage and arson,Unable to prosecute suspect,
472f1544de878a339cbd4a37e5e884d16b64d59d435901ae5336c8b5b16eac17,2024-11,Sussex Police,Sussex Police,-0.620471,50.843782,On or near Church Lane,E01031466,Arun 003F,Other theft,Unable to prosecute suspect,
791ca77a28101860ec5006a5ec52000bc40a03e365848101f38df9144b5654f4,2024-11,Sussex Police,Sussex Police,-0.623811,50.844694,On or near The Meadows,E01031466,Arun 003F,Violence and sexual offences,Investigation complete; no suspect identified,
877b013fb9b4433cd005fc1bf711409ed0ca8f7bbde5038635b327545bf3998d,2024-11,Sussex Police,Sussex Police,-0.647998,50.850687,On or near Wandleys Lane,E01031466,Arun 003F,Other crime,Unable to prosecute suspect,
2b7506c568a92ce7d5d907872dd0c654dc93cba404305af6cc8d94e4855d9582,2024-11,Sussex Police,Sussex Police,-0.623811,50.844694,On or near The Meadows,E01031466,Arun 003F,Other crime,Unable to prosecute suspect,
,2024-11,Sussex Police,Sussex Police,-0.551920,50.818149,On or near Belloc Road,E01031427,Arun 004A,Anti-social behaviour,,
28cb8bb2c196d258db15395befc885c61a4ea21fe21d533d58f49b67330aa1f7,2024-11,Sussex Police,Sussex Police,-0.549537,50.815808,On or near Peel Close,E01031427,Arun 004A,Bicycle theft,Investigation complete; no suspect identified,
e78ee679d0930864d1b3753104f1b627c443600dfbf9db91b70a4b5054703fd4,2024-11,Sussex Police,Sussex Police,-0.553788,50.812848,On or near Bridge Road,E01031427,Arun 004A,Burglary,Investigation complete; no suspect identified,
d15bfe276a24ef08be71d5c63bdbaca446d863bbb76fe39b0316d672950abbdd,2024-11,Sussex Police,Sussex Police,-0.558542,50.813815,On or near Bridge Road,E01031427,Arun 004A,Burglary,Investigation complete; no suspect identified,
c231e9f4eb37a68063a8b0437a0259ed3b8a0f9cf07290f5bf039034bf25adef,2024-11,Sussex Police,Sussex Police,-0.553661,50.816489,On or near Egan Way,E01031427,Arun 004A,Criminal damage and arson,Investigation complete; no suspect identified,
7c62b2fae42f716d7d09e6e1fada89e9f3cb60ba9910e267d1d5c0513c22be3b,2024-11,Sussex Police,Sussex Police,-0.549060,50.813779,On or near Harwood Road,E01031427,Arun 004A,Criminal damage and arson,Investigation complete; no suspect identified,
2e6471739c5dc80a32f08c0601803dfcd6f8ea8944a46b2077ca3382733a8a4d,2024-11,Sussex Police,Sussex Police,-0.551870,50.817033,On or near Helyer'S Green,E01031427,Arun 004A,Criminal damage and arson,Unable to prosecute suspect,
dd52f6673f4278e2c5ebe1002cfe11e79939cdab6f47ba84248474401d245188,2024-11,Sussex Police,Sussex Police,-0.548606,50.812424,On or near Linden Park,E01031427,Arun 004A,Criminal damage and arson,Unable to prosecute suspect,
28f810fef1c4f9177bc70b0c297e9c5c1e59baeb5ca80bb53d56ba53520152af,2024-11,Sussex Police,Sussex Police,-0.550107,50.814349,On or near Fort Road East,E01031427,Arun 004A,Criminal damage and arson,Investigation complete; no suspect identified,
83aeacd3c686e8e645ab403ee72424e043a599de1e39d23ab5a6452662db81bd,2024-11,Sussex Police,Sussex Police,-0.551920,50.818149,On or near Belloc Road,E01031427,Arun 004A,Other theft,Investigation complete; no suspect identified,
9ee9926cf21fe679da8e1233fbe0e1907a40defe5ee439551f3a4c7a48d18427,2024-11,Sussex Police,Sussex Police,-0.551920,50.818149,On or near Belloc Road,E01031427,Arun 004A,Public order,Investigation complete; no suspect identified,
952679185c711d81b5b79d1ffbc28831efd1492ddc456cba167c28f40cf83a7a,2024-11,Sussex Police,Sussex Police,-0.547310,50.810276,On or near Parking Area,E01031427,Arun 004A,Public order,Unable to prosecute suspect,
80f51f551db9100d2621ce09932c806ae312be2f566cb1fcbed0bd3fe435187e,2024-11,Sussex Police,Sussex Police,-0.557414,50.814623,On or near Shopping Area,E01031427,Arun 004A,Shoplifting,Investigation complete; no suspect identified,
0654b1f29065cb7d6f8065fb73ff59f3e35e4c0b4e36e1692f2f4e3bfa338de7,2024-11,Sussex Police,Sussex Police,-0.549060,50.813779,On or near Harwood Road,E01031427,Arun 004A,Vehicle crime,Investigation complete; no suspect identified,
0cfad4c5bdd303f4113abee5d92618b1ac8a9cd11d4347efd9bae582eeca4a43,2024-11,Sussex Police,Sussex Police,-0.550509,50.815128,On or near Clun Road,E01031427,Arun 004A,Vehicle crime,Investigation complete; no suspect identified,
1f89190ade9cb5f5fddfeb3897878d7b0f0834ee5db5e50bc8bac04482c6f190,2024-11,Sussex Police,Sussex Police,-0.546569,50.818118,On or near Dean Close,E01031427,Arun 004A,Vehicle crime,Investigation complete; no suspect identified,
45ec88dbdc04680d4a309f13dcc6455b7d645861be88157b7838be1435dff45b,2024-11,Sussex Police,Sussex Police,-0.553661,50.816489,On or near Egan Way,E01031427,Arun 004A,Vehicle crime,Investigation complete; no suspect identified,
629c47425d7067d7bfda6976911cf5f7b59c0c42d529cca6f18dce0f77c17746,2024-11,Sussex Police,Sussex Police,-0.550553,50.815083,On or near Fort Road,E01031427,Arun 004A,Vehicle crime,Investigation complete; no suspect identified,
9f5e64adf6c526ad47504f5dec831ca91b2eaff8cd79930917cb6853b040fc6c,2024-11,Sussex Police,Sussex Police,-0.553661,50.816489,On or near Egan Way,E01031427,Arun 004A,Vehicle crime,Unable to prosecute suspect,
e273a31b19eecaf4d5eb037cd853ba45509a282fe2c314e018c1da2fccc36ee4,2024-11,Sussex Police,Sussex Police,-0.547575,50.815918,On or near Wick Farm Road,E01031427,Arun 004A,Violence and sexual offences,Unable to prosecute suspect,
59e9e0b8a51894bb262729371bb365c971efc7fcf0fc42462667610e77f195ad,2024-11,Sussex Police,Sussex Police,-0.550509,50.815128,On or near Clun Road,E01031427,Arun 004A,Violence and sexual offences,Investigation complete; no suspect identified,
4ccf004e35ad31faaaa0f701b58da282a10bb733640aca43a984064c9fcb25b0,2024-11,Sussex Police,Sussex Police,-0.548606,50.812424,On or near Linden Park,E01031427,Arun 004A,Violence and sexual offences,Unable to prosecute suspect,
9aedee5e637e4d92b0d11d9c9d674c6a8bc556d629ce93c20b682762f6f499f9,2024-11,Sussex Police,Sussex Police,-0.550509,50.815128,On or near Clun Road,E01031427,Arun 004A,Violence and sexual offences,Unable to prosecute suspect,
a98ee3bcb287dbf880cbda9dd171bb8537a7401d6bf5136db00fae3e74096c39,2024-11,Sussex Police,Sussex Police,-0.547575,50.815918,On or near Wick Farm Road,E01031427,Arun 004A,Violence and sexual offences,Investigation complete; no suspect identified,
,2024-11,Sussex Police,Sussex Police,-0.555811,50.819033,On or near Phoenix Close,E01031429,Arun 004B,Anti-social behaviour,,
,2024-11,Sussex Police,Sussex Police,-0.555688,50.819356,On or near Highfield,E01031429,Arun 004B,Anti-social behaviour,,
,2024-11,Sussex Police,Sussex Police,-0.553706,50.820545,On or near Greenfields,E01031429,Arun 004B,Anti-social behaviour,,
,2024-11,Sussex Police,Sussex Police,-0.555688,50.819356,On or near Highfield,E01031429,Arun 004B,Anti-social behaviour,,
,2024-11,Sussex Police,Sussex Police,-0.555688,50.819356,On or near Highfield,E01031429,Arun 004B,Anti-social behaviour,,
,2024-11,Sussex Police,Sussex Police,-0.553870,50.817076,On or near Latham Close,E01031429,Arun 004B,Anti-social behaviour,,
12d545e51e1b4acaecd96b669e8310c8083ca04156e41966905116434396c32d,2024-11,Sussex Police,Sussex Police,-0.555688,50.819356,On or near Highfield,E01031429,Arun 004B,Criminal damage and arson,Local resolution,
ec1a70caa2cd856544642a034ef5a94684aa0cedc2dfb1b6973bab4673abf399,2024-11,Sussex Police,Sussex Police,-0.555688,50.819356,On or near Highfield,E01031429,Arun 004B,Criminal damage and arson,Unable to prosecute suspect,
45af74241a0d459c2ff50d30f6df7208591cd5a627fce541fa503e0db17f533c,2024-11,Sussex Police,Sussex Police,-0.553068,50.820978,On or near Bignor Walk,E01031429,Arun 004B,Drugs,Local resolution,
7ae0f4ddcdb6a50909f6f8a13d1ae0a149f3b020f55cc3c5bf24b3cae855f83c,2024-11,Sussex Police,Sussex Police,-0.554551,50.820762,On or near Slindon Walk,E01031429,Arun 004B,Possession of weapons,Unable to prosecute suspect,
0c63957ff6f963e7c4d7941e5b38f95d20e73d148bd540dc103f2e0749d9aa2e,2024-11,Sussex Police,Sussex Police,-0.553706,50.820545,On or near Greenfields,E01031429,Arun 004B,Public order,Unable to prosecute suspect,
491b49f36e49eb8511000be95d24bab66f8345c157661a6035f2be2880aea794,2024-11,Sussex Police,Sussex Police,-0.553706,50.820545,On or near Greenfields,E01031429,Arun 004B,Public order,Investigation complete; no suspect identified,
d09c7dc4f76d151ffee975f2bf51a04ff286071c0eb41ec10f835eb2c533f731,2024-11,Sussex Police,Sussex Police,-0.555811,50.819033,On or near Phoenix Close,E01031429,Arun 004B,Vehicle crime,Investigation complete; no suspect identified,
25817c0e67aea6cc5a745914189b7b5d3420f787b2dd6662a819abb8a46820c6,2024-11,Sussex Police,Sussex Police,-0.553706,50.820545,On or near Greenfields,E01031429,Arun 004B,Vehicle crime,Investigation complete; no suspect identified,
a090d2609c0cfb93ebcda099d26286acc255fcfca01a20ec88ac5fbc5445bf21,2024-11,Sussex Police,Sussex Police,-0.555688,50.819356,On or near Highfield,E01031429,Arun 004B,Vehicle crime,Investigation complete; no suspect identified,
2d2cfa0083385a6afdb4c8446f14f51dbab77fe49c169a7c6da39393950bcc2f,2024-11,Sussex Police,Sussex Police,-0.549542,50.821132,On or near Norton Walk,E01031429,Arun 004B,Violence and sexual offences,Awaiting court outcome,
1e09748811701c7ddd24d2d57a479e80b25cacd81be7b7933847a50e8125ca7c,2024-11,Sussex Police,Sussex Police,-0.550794,50.821067,On or near Joyce Close,E01031429,Arun 004B,Violence and sexual offences,Unable to prosecute suspect,
933eb1c7e1e07e18476c1ea61e84392ada886c93f5f58d53c9c5308a5274c04f,2024-11,Sussex Police,Sussex Police,-0.551274,50.821144,On or near Bury Walk,E01031429,Arun 004B,Violence and sexual offences,Court result unavailable,
771af2883a3c3bc59b708898c19cd22c4472fdb0c3da534b386e6298070f1252,2024-11,Sussex Police,Sussex Police,-0.554551,50.820762,On or near Slindon Walk,E01031429,Arun 004B,Violence and sexual offences,Action to be taken by another organisation,
97f330974235055fc3655ad3a80ccd067a85e28616500d5615e5b57abc6b849c,2024-11,Sussex Police,Sussex Police,-0.554551,50.820762,On or near Slindon Walk,E01031429,Arun 004B,Violence and sexual offences,Unable to prosecute suspect,
a3171eaa32994fe543e061f820e2cd4f1baad6875d777b26ee49ddb54565fb84,2024-11,Sussex Police,Sussex Police,-0.551274,50.821144,On or near Bury Walk,E01031429,Arun 004B,Other crime,Court result unavailable,
,2024-11,Sussex Police,Sussex Police,-0.549650,50.818103,On or near Manning Road,E01031430,Arun 004C,Anti-social behaviour,,
cbcc4a4cdfb9c19af7b94238e8cc52c0490acf4b0cd247c3e13328ee018a036c,2024-11,Sussex Police,Sussex Police,-0.544063,50.820659,On or near Parking Area,E01031430,Arun 004C,Other theft,Investigation complete; no suspect identified,
1b2a1b70da53ee8f3bab49d1ce5b7608461e49cbfa5a6acf66ede06255761efe,2024-11,Sussex Police,Sussex Police,-0.549650,50.818103,On or near Manning Road,E01031430,Arun 004C,Vehicle crime,Investigation complete; no suspect identified,
df0739ddcd0fb5ee6435efc20d648cb2620db483b1178c8fa2c09d83173c9331,2024-11,Sussex Police,Sussex Police,-0.544063,50.820659,On or near Parking Area,E01031430,Arun 004C,Vehicle crime,Court result unavailable,
,2024-11,Sussex Police,Sussex Police,-0.531943,50.822791,On or near Stammer Road,E01034816,Arun 004F,Anti-social behaviour,,
,2024-11,Sussex Police,Sussex Police,-0.532842,50.828513,On or near Fawcett Grove,E01034816,Arun 004F,Anti-social behaviour,,
c655b07ea8db05ea2a6f5bb1ee62fd89e5c9181f586f131f3aad3f10c6ab11be,2024-11,Sussex Police,Sussex Police,-0.532639,50.827297,On or near Kenney Drive,E01034816,Arun 004F,Criminal damage and arson,Unable to prosecute suspect,
41cc32d30af684e5735d172088303cdfb0ee2802f62e999a0fcfb2e7d907e50a,2024-11,Sussex Police,Sussex Police,-0.535759,50.826508,On or near Richardson Way,E01034816,Arun 004F,Vehicle crime,Investigation complete; no suspect identified,
bb412dd7fb3b68dd9ebcc82cd104d3ced821e2256a0754cf18e42a0f244f452b,2024-11,Sussex Police,Sussex Police,-0.535280,50.825019,On or near Winterberry Way,E01034816,Arun 004F,Vehicle crime,Investigation complete; no suspect identified,
b569bcb4de90d9c506cc8a2a48dfffdc7f36304650e02ce2e4ba4782b06eaf38,2024-11,Sussex Police,Sussex Police,-0.530414,50.823096,On or near Gratwicke Drive,E01034816,Arun 004F,Violence and sexual offences,Unable to prosecute suspect,
e88f8a46625d29b74acfa67f5823c9e8ba7de98d2a22524ea5c57935359fe5a9,2024-11,Sussex Police,Sussex Police,-0.530342,50.821305,On or near Windroos Drive,E01034816,Arun 004F,Violence and sexual offences,Action to be taken by another organisation,
3d2dd95ba4ebb7549baed456b6620cefaa5a0ca57e154b3312bb706c30ceb340,2024-11,Sussex Police,Sussex Police,-0.524739,50.822979,On or near Park/Open Space,E01034816,Arun 004F,Violence and sexual offences,Court result unavailable,
91062896f7e920abb8891c50234f7e224a9a4730a9a8875ecd8596224ec7a377,2024-11,Sussex Police,Sussex Police,-0.530414,50.823096,On or near Gratwicke Drive,E01034816,Arun 004F,Violence and sexual offences,Unable to prosecute suspect,
5d4565e0bcecbc74f0ea4da68f22e01cf878ac934c258bd180c03e7514ba6964,2024-11,Sussex Police,Sussex Police,-0.534527,50.827329,On or near Banks Gardens,E01034816,Arun 004F,Violence and sexual offences,Unable to prosecute suspect,
,2024-11,Sussex Police,Sussex Police,-0.558344,50.821628,On or near Wilcox Way,E01034817,Arun 004G,Anti-social behaviour,,
,2024-11,Sussex Police,Sussex Police,-0.555179,50.821589,On or near Henry Lock Way,E01034817,Arun 004G,Anti-social behaviour,,
,2024-11,Sussex Police,Sussex Police,-0.555179,50.821589,On or near Henry Lock Way,E01034817,Arun 004G,Anti-social behaviour,,
,2024-11,Sussex Police,Sussex Police,-0.555179,50.821589,On or near Henry Lock Way,E01034817,Arun 004G,Anti-social behaviour,,
,2024-11,Sussex Police,Sussex Police,-0.555179,50.821589,On or near Henry Lock Way,E01034817,Arun 004G,Anti-social behaviour,,
,2024-11,Sussex Police,Sussex Police,-0.555179,50.821589,On or near Henry Lock Way,E01034817,Arun 004G,Anti-social behaviour,,
,2024-11,Sussex Police,Sussex Police,-0.557089,50.821333,On or near Coleridge Crescent,E01034817,Arun 004G,Anti-social behaviour,,
,2024-11,Sussex Police,Sussex Police,-0.557089,50.821333,On or near Coleridge Crescent,E01034817,Arun 004G,Anti-social behaviour,,
5c90ad86a121bc7762aa96de165b0c4c6b8b67496d9f3d523067c7428073e921,2024-11,Sussex Police,Sussex Police,-0.551238,50.824606,On or near Kingfisher Drive,E01034817,Arun 004G,Criminal damage and arson,Investigation complete; no suspect identified,
ac7692082b41dd43e844abf5f49a687106a1fb562c197bcf9155b975b43bb2c3,2024-11,Sussex Police,Sussex Police,-0.557089,50.821333,On or near Coleridge Crescent,E01034817,Arun 004G,Criminal damage and arson,Investigation complete; no suspect identified,
688191984eb7adce39eeeb7aca35e3f7958ad0f3016818ec4141a7c1f19002ad,2024-11,Sussex Police,Sussex Police,-0.557663,50.822528,On or near Randall Way,E01034817,Arun 004G,Criminal damage and arson,Investigation complete; no suspect identified,
bd87d19b081507de0a59b24a62e5a57989fedd502c228b7c1a04e01eb2d7dc19,2024-11,Sussex Police,Sussex Police,-0.554650,50.822616,On or near John Ede Road,E01034817,Arun 004G,Criminal damage and arson,Investigation complete; no suspect identified,
bc7e139c40fe94a67175d2f645a83feca4c2db395209eee0bbae70a774f96cca,2024-11,Sussex Police,Sussex Police,-0.543336,50.824868,On or near Sandfield Avenue,E01034817,Arun 004G,Other theft,Investigation complete; no suspect identified,
337db525f4e54c32606611c38f4bad56af34e34844764e6c0994dfcf65fe480f,2024-11,Sussex Police,Sussex Police,-0.554650,50.822616,On or near John Ede Road,E01034817,Arun 004G,Violence and sexual offences,Investigation complete; no suspect identified,
8b71e66484c5d4e0ac1a0f430d3c119d419dce7a8d6502d161174f1afd75a8b8,2024-11,Sussex Police,Sussex Police,-0.555179,50.821589,On or near Henry Lock Way,E01034817,Arun 004G,Violence and sexual offences,Status update unavailable,
97d408288edcc8a2c4ec2177a73122fb67540b918eff1fb69fb88a1ad2402b1c,2024-11,Sussex Police,Sussex Police,-0.557622,50.822023,On or near Ockenden Road,E01034817,Arun 004G,Violence and sexual offences,Unable to prosecute suspect,
3bc5bac5f4d487ba2f25e0c01d7405c47aacc09be4ffd88b602c9bc2d523868d,2024-11,Sussex Police,Sussex Police,-0.557622,50.822023,On or near Ockenden Road,E01034817,Arun 004G,Violence and sexual offences,Unable to prosecute suspect,
7c94e85d73a43af6d0fce670ca20d380a943f0c22b77f2bfd700aaed662c500b,2024-11,Sussex Police,Sussex Police,-0.558344,50.821628,On or near Wilcox Way,E01034817,Arun 004G,Violence and sexual offences,Investigation complete; no suspect identified,
,2024-11,Sussex Police,Sussex Police,-0.538318,50.824418,On or near Sports/Recreation Area,E01034818,Arun 004H,Anti-social behaviour,,
,2024-11,Sussex Police,Sussex Police,-0.545416,50.822349,On or near Supermarket,E01034818,Arun 004H,Anti-social behaviour,,
e02ff922fc4d7826ed30d50b4bf5904ec7962a100b51c3eae7eae8e08074380b,2024-11,Sussex Police,Sussex Police,-0.545416,50.822349,On or near Supermarket,E01034818,Arun 004H,Other theft,Status update unavailable,
dfb7336624c110441d7e2abfc8f6a47ca1f63c730099cb4e4243168dc30e9aee,2024-11,Sussex Police,Sussex Police,-0.544460,50.822031,On or near Petrol Station,E01034818,Arun 004H,Possession of weapons,Unable to prosecute suspect,
afea4832600e3344dd698debfd46b633ee00a0fd09741f43e6e0ab70571e1c5a,2024-11,Sussex Police,Sussex Police,-0.545416,50.822349,On or near Supermarket,E01034818,Arun 004H,Robbery,Investigation complete; no suspect identified,
0dfee524a0656d46b53bbf9a5e3541c57081026d30a7167bae6d716cda8bb21f,2024-11,Sussex Police,Sussex Police,-0.545416,50.822349,On or near Supermarket,E01034818,Arun 004H,Shoplifting,Investigation complete; no suspect identified,
b4444ada1e54205d8d364c369e44d0b72c72fcbbc4d0c21333a9c9694711d25e,2024-11,Sussex Police,Sussex Police,-0.542838,50.821246,On or near Globe Place,E01034818,Arun 004H,Shoplifting,Investigation complete; no suspect identified,
af62c91ed237ea77bf421d304a56993d26d8c96dd689b3cf1e15757164a64dbe,2024-11,Sussex Police,Sussex Police,-0.545416,50.822349,On or near Supermarket,E01034818,Arun 004H,Shoplifting,Investigation complete; no suspect identified,
f2b214282e1b12a6a14611046b9fd76185d69470b1b69001240e41e0f495bcf7,2024-11,Sussex Police,Sussex Police,-0.545416,50.822349,On or near Supermarket,E01034818,Arun 004H,Shoplifting,Investigation complete; no suspect identified,
e1adc76154d4327f1f5f37722cf9d9e4d9d8a8cffa6fadcba30e87499d37af15,2024-11,Sussex Police,Sussex Police,-0.545416,50.822349,On or near Supermarket,E01034818,Arun 004H,Shoplifting,Investigation complete; no suspect identified,
3dfe880d60244854afb09a0a8e9bcb2b25c7280575d6cd743a71e96e5c2fb344,2024-11,Sussex Police,Sussex Police,-0.544460,50.822031,On or near Petrol Station,E01034818,Arun 004H,Shoplifting,Investigation complete; no suspect identified,
9ed1d524e8d1f00b8a35a5f35ce4983fa733ff39898c2c1fbfb97d16c8fea295,2024-11,Sussex Police,Sussex Police,-0.545416,50.822349,On or near Supermarket,E01034818,Arun 004H,Shoplifting,Status update unavailable,
218fa2c496264c0745087afdde30056921ca7df435f9deb191280e052690aeed,2024-11,Sussex Police,Sussex Police,-0.542838,50.821246,On or near Globe Place,E01034818,Arun 004H,Shoplifting,Investigation complete; no suspect identified,
85faae5677f0386ff15c672c7f45a76279ebb56eb36f851849dd87d6e06d78ed,2024-11,Sussex Police,Sussex Police,-0.545416,50.822349,On or near Supermarket,E01034818,Arun 004H,Shoplifting,Investigation complete; no suspect identified,
d1c583921055ee47d92d6916404ba4e28c3263b977fd778b9285f349d63bc4de,2024-11,Sussex Police,Sussex Police,-0.545416,50.822349,On or near Supermarket,E01034818,Arun 004H,Shoplifting,Investigation complete; no suspect identified,
25ba48e8bc27d3e19eb8edbe9abda8221139d0c16ae786d792b12a894c51a8a1,2024-11,Sussex Police,Sussex Police,-0.544460,50.822031,On or near Petrol Station,E01034818,Arun 004H,Shoplifting,Investigation complete; no suspect identified,
9687cf6f24ff39df1d8a4d58530eca8442934b666692e42941988bdc8dc259e3,2024-11,Sussex Police,Sussex Police,-0.545416,50.822349,On or near Supermarket,E01034818,Arun 004H,Shoplifting,Investigation complete; no suspect identified,
408cde439f6da7f069e61417099997a414c20e2b2b7290796066d10190386822,2024-11,Sussex Police,Sussex Police,-0.544460,50.822031,On or near Petrol Station,E01034818,Arun 004H,Shoplifting,Investigation complete; no suspect identified,
689e824a2c7f5f174298116be23671cd603f84b2b8f360be7274fb86b1414f99,2024-11,Sussex Police,Sussex Police,-0.545416,50.822349,On or near Supermarket,E01034818,Arun 004H,Shoplifting,Investigation complete; no suspect identified,
a3193f4c9fe47bcd617ef5f6b88289128e121fb73967100c7e197b8c8eeea927,2024-11,Sussex Police,Sussex Police,-0.545416,50.822349,On or near Supermarket,E01034818,Arun 004H,Shoplifting,Investigation complete; no suspect identified,
b3337567a08d95e5f31382c35b122784945d9b90b844358639416872dbd53d98,2024-11,Sussex Police,Sussex Police,-0.545416,50.822349,On or near Supermarket,E01034818,Arun 004H,Shoplifting,Investigation complete; no suspect identified,
d05ff01ce25343bd2d60dd0a3c268aff57183301918c0ddd7fb8c671f84b27c1,2024-11,Sussex Police,Sussex Police,-0.544460,50.822031,On or near Petrol Station,E01034818,Arun 004H,Shoplifting,Court result unavailable,
140d77a841bb2fce4c76a6595c4492e0a79b54c61c01307b5dc0cb617fbb1849,2024-11,Sussex Police,Sussex Police,-0.545416,50.822349,On or near Supermarket,E01034818,Arun 004H,Shoplifting,Investigation complete; no suspect identified,
b7e41d77dca152e4a27aa0a1afd62694662f96784e1e4e10d1c021227ec3678a,2024-11,Sussex Police,Sussex Police,-0.545416,50.822349,On or near Supermarket,E01034818,Arun 004H,Shoplifting,Investigation complete; no suspect identified,
fc1e641fd525272188969eaf7b09e7b885217ef0620e8def816b8ff92c6461e8,2024-11,Sussex Police,Sussex Police,-0.544460,50.822031,On or near Petrol Station,E01034818,Arun 004H,Shoplifting,Investigation complete; no suspect identified,
4c1f3f0db9f059c8cb068f5dd685863b82852e2b6d7e40b87b019f854a8576f6,2024-11,Sussex Police,Sussex Police,-0.545416,50.822349,On or near Supermarket,E01034818,Arun 004H,Shoplifting,Investigation complete; no suspect identified,
0b214c6685bb4c07722ae4305ce61c02ff3236fdd418a1a364fec351993c11c3,2024-11,Sussex Police,Sussex Police,-0.545416,50.822349,On or near Supermarket,E01034818,Arun 004H,Shoplifting,Investigation complete; no suspect identified,
d91fa68940b745a36c52e732d6c0a39ef60ea391c514e1f7a6010219abe676bc,2024-11,Sussex Police,Sussex Police,-0.545416,50.822349,On or near Supermarket,E01034818,Arun 004H,Shoplifting,Investigation complete; no suspect identified,
3cd4fe068516bd0ec7cf817a994c0c62138e268e534e0b0c73dfb7f1b48288b8,2024-11,Sussex Police,Sussex Police,-0.545416,50.822349,On or near Supermarket,E01034818,Arun 004H,Shoplifting,Investigation complete; no suspect identified,
81f607a452c4cbc1e613a9c2cb5b9d8d5a901965cfc04f66d592f7fad1afe380,2024-11,Sussex Police,Sussex Police,-0.542838,50.821246,On or near Globe Place,E01034818,Arun 004H,Shoplifting,Investigation complete; no suspect identified,
11905b95e0d3ef0ec98342f6222c7524c3c1314c04091715ba4bf5aeec3656e8,2024-11,Sussex Police,Sussex Police,-0.545416,50.822349,On or near Supermarket,E01034818,Arun 004H,Shoplifting,Investigation complete; no suspect identified,
0a47bbaaa43e489c3ad758196299ec07a6eda2904e4963541557688de34207e7,2024-11,Sussex Police,Sussex Police,-0.545416,50.822349,On or near Supermarket,E01034818,Arun 004H,Shoplifting,Investigation complete; no suspect identified,
fb4fa7067193a4a42ba09efdc6258c62f54062b9d44bf07f56b6857c9eeb11b5,2024-11,Sussex Police,Sussex Police,-0.542838,50.821246,On or near Globe Place,E01034818,Arun 004H,Shoplifting,Investigation complete; no suspect identified,
cbd8aefa9a50cc4684e25ad7b7e1177f8fae480f90f1ff9db6ed4c96775865e6,2024-11,Sussex Police,Sussex Police,-0.542838,50.821246,On or near Globe Place,E01034818,Arun 004H,Shoplifting,Investigation complete; no suspect identified,
168f031840855de0f9b51b36004aa4cdca59f6c7ea2f897fd9d736b3b6b19ce4,2024-11,Sussex Police,Sussex Police,-0.542838,50.821246,On or near Globe Place,E01034818,Arun 004H,Shoplifting,Investigation complete; no suspect identified,
74ffc2e3733fcbc5ea8c8f4781d14e4e38a43a09f14007e37710495bca58f8d1,2024-11,Sussex Police,Sussex Police,-0.544460,50.822031,On or near Petrol Station,E01034818,Arun 004H,Shoplifting,Investigation complete; no suspect identified,
10ea87dfde8aa6927cb4aebce78ef427023dcac60a06ab8733b8b6bee947d12d,2024-11,Sussex Police,Sussex Police,-0.545416,50.822349,On or near Supermarket,E01034818,Arun 004H,Shoplifting,Investigation complete; no suspect identified,
4e599e84ad78fa8ae5943ab636dc50610a10429e5f096ec101f7e56bc4848f7a,2024-11,Sussex Police,Sussex Police,-0.545416,50.822349,On or near Supermarket,E01034818,Arun 004H,Shoplifting,Investigation complete; no suspect identified,
67f23a51c7af6c93040fb99eadccc11f34a9d2ec3ffa1a64d1cbef5951d64723,2024-11,Sussex Police,Sussex Police,-0.545416,50.822349,On or near Supermarket,E01034818,Arun 004H,Shoplifting,Investigation complete; no suspect identified,
974c34bfe7eb0ced74c5bd04c5a566c64d7948f1398bf21a5f456de99102a3ed,2024-11,Sussex Police,Sussex Police,-0.545416,50.822349,On or near Supermarket,E01034818,Arun 004H,Shoplifting,Investigation complete; no suspect identified,
734a2a3538bcf54c18147cc811d2559619e229186ee7f6e2d74b610ed282a5bf,2024-11,Sussex Police,Sussex Police,-0.542838,50.821246,On or near Globe Place,E01034818,Arun 004H,Shoplifting,Investigation complete; no suspect identified,
427b8b4bed71dc3223aa3f9a7c311872e823a9c4367428ab31ac9ff878c5ea95,2024-11,Sussex Police,Sussex Police,-0.545416,50.822349,On or near Supermarket,E01034818,Arun 004H,Shoplifting,Investigation complete; no suspect identified,
097db0883f7671677c4658d162c0daad70ff0bd1e0e9c7792994857f70dfcf70,2024-11,Sussex Police,Sussex Police,-0.542838,50.821246,On or near Globe Place,E01034818,Arun 004H,Shoplifting,Investigation complete; no suspect identified,
01f293893ff6bc13b523680237821fc680d9391c155b1faab5055d6e9ed9e322,2024-11,Sussex Police,Sussex Police,-0.545416,50.822349,On or near Supermarket,E01034818,Arun 004H,Shoplifting,Investigation complete; no suspect identified,
0fbbcfe897baa47befccb7d2a2d8d91176447756a8d173ec3e14c2fc1dc14c15,2024-11,Sussex Police,Sussex Police,-0.545416,50.822349,On or near Supermarket,E01034818,Arun 004H,Shoplifting,Investigation complete; no suspect identified,
b42310d44e47fdb21fd30669a709602f69035e1bccaa3906828e572fdbcb4374,2024-11,Sussex Police,Sussex Police,-0.542838,50.821246,On or near Globe Place,E01034818,Arun 004H,Shoplifting,Investigation complete; no suspect identified,
60ba2ed74ddd2079eb63ec97c6a30e1b6c47fe48f7b7b454180e5021bd663ff9,2024-11,Sussex Police,Sussex Police,-0.536651,50.822041,On or near Toddington Park,E01034818,Arun 004H,Vehicle crime,Investigation complete; no suspect identified,
beb5f9fd2606f47535d85739706b9fc8077893b987e1b6af63f61d317a7fa5a9,2024-11,Sussex Police,Sussex Police,-0.534898,50.821345,On or near Holmes Way,E01034818,Arun 004H,Vehicle crime,Investigation complete; no suspect identified,
3bd8d8eee537c85aaaefdbfbcbe253456b6ac63a3e0407fd06439726a126d5ae,2024-11,Sussex Police,Sussex Police,-0.545416,50.822349,On or near Supermarket,E01034818,Arun 004H,Violence and sexual offences,Investigation complete; no suspect identified,
0f2d4273477227c2b34922e36deae96e5eaefe74d5ac545f79e0a399bc42f42e,2024-11,Sussex Police,Sussex Police,-0.545416,50.822349,On or near Supermarket,E01034818,Arun 004H,Violence and sexual offences,Unable to prosecute suspect,
0de4c66e037bb519489f445bca228a9652fbe49fb6790691d29baf46dd8050c2,2024-11,Sussex Police,Sussex Police,-0.534898,50.821345,On or near Holmes Way,E01034818,Arun 004H,Violence and sexual offences,Investigation complete; no suspect identified,
5f6cd2d50a8065a553b9ead316ba7f5807d2874c91abd55c027e1de4b1ec285f,2024-11,Sussex Police,Sussex Police,-0.544460,50.822031,On or near Petrol Station,E01034818,Arun 004H,Violence and sexual offences,Investigation complete; no suspect identified,
97cdaedc2332c2a8611e78a9083b6b63ff8c5f46249b8b9c90ddf7d23d1e0ecd,2024-11,Sussex Police,Sussex Police,-0.538757,50.818713,On or near Highdown Drive,E01034818,Arun 004H,Violence and sexual offences,Court result unavailable,
12cb0a3e315ea0d8be5939ef4d9be2c89526e61adae084ae9fa6900542174ccf,2024-11,Sussex Police,Sussex Police,-0.535040,50.821814,On or near New Cottage Gardens,E01034818,Arun 004H,Violence and sexual offences,Unable to prosecute suspect,
b78d2b7d31bb2c6ff761c7e2795819bd3591bc7f094f9d70096bf6ed775767d0,2024-11,Sussex Police,Sussex Police,-0.545416,50.822349,On or near Supermarket,E01034818,Arun 004H,Violence and sexual offences,Unable to prosecute suspect,
15d86f073d49421d2089aaae008774a4e208a3e8f7fab5d93893634064eb62d6,2024-11,Sussex Police,Sussex Police,-0.534898,50.821345,On or near Holmes Way,E01034818,Arun 004H,Violence and sexual offences,Unable to prosecute suspect,
34f861e96c80b663404f7077c7c2e44bf65bd9a9adf30f990bcdf5fbd8da086e,2024-11,Sussex Police,Sussex Police,-0.545416,50.822349,On or near Supermarket,E01034818,Arun 004H,Other crime,Investigation complete; no suspect identified,
97443094a169747728caf10f940bfedce4c86fa5460643b309d1d61f10c8b2c4,2024-11,Sussex Police,Sussex Police,-0.545416,50.822349,On or near Supermarket,E01034818,Arun 004H,Other crime,Investigation complete; no suspect identified,
,2024-11,Sussex Police,Sussex Police,-0.559042,50.825225,On or near Upperton Grove,E01034819,Arun 004I,Anti-social behaviour,,
,2024-11,Sussex Police,Sussex Police,-0.559226,50.823860,On or near Etherington Place,E01034819,Arun 004I,Anti-social behaviour,,
d4e0fc08830d1c686be33413098b01168ddb2687a42f4b21898b7da8ab9c57c1,2024-11,Sussex Police,Sussex Police,-0.537640,50.826298,On or near Amsbridge Crescent,E01034819,Arun 004I,Burglary,Status update unavailable,
14b05ab81ed8ad7c0726f78c5888498448b781b25a1189521d57fef6a0221d98,2024-11,Sussex Police,Sussex Police,-0.559226,50.823860,On or near Etherington Place,E01034819,Arun 004I,Criminal damage and arson,Investigation complete; no suspect identified,
95a37807cf90a7c1dea4f199b37237aec8ef622044cdcb5bd7c7980907eee75c,2024-11,Sussex Police,Sussex Police,-0.558518,50.824723,On or near Pengelly Gardens,E01034819,Arun 004I,Possession of weapons,Court result unavailable,
a26a8d487086fa0d62d301ded2b3f4b1ae8de25fc5fafde4560b6f70fd0b8c26,2024-11,Sussex Police,Sussex Police,-0.541191,50.825803,On or near Hearnfield Road,E01034819,Arun 004I,Theft from the person,Investigation complete; no suspect identified,
615cfbb0398fe2502d4801ec45dc67754acf323950c24e6b5c635e3cc098d5d4,2024-11,Sussex Police,Sussex Police,-0.559226,50.823860,On or near Etherington Place,E01034819,Arun 004I,Violence and sexual offences,Unable to prosecute suspect,
,2024-11,Sussex Police,Sussex Police,-0.480299,50.826060,On or near Grooms Close,E01031389,Arun 005B,Anti-social behaviour,,
,2024-11,Sussex Police,Sussex Police,-0.487208,50.823596,On or near Station Road,E01031389,Arun 005B,Anti-social behaviour,,
,2024-11,Sussex Police,Sussex Police,-0.480299,50.826060,On or near Grooms Close,E01031389,Arun 005B,Anti-social behaviour,,
7bba59e923708e87d38f0e18d8f2a1d8e17d80fe34bd0db23675b9141cfe21df,2024-11,Sussex Police,Sussex Police,-0.505534,50.819695,On or near Supermarket,E01031389,Arun 005B,Shoplifting,Investigation complete; no suspect identified,
6b5e6167f9b4c134ccc1bbe431bbb85c4a37c3d3b9750821b593c988f78d50c0,2024-11,Sussex Police,Sussex Police,-0.485937,50.822078,On or near Greenwood Drive,E01031389,Arun 005B,Vehicle crime,Investigation complete; no suspect identified,
497b8707f85a41ddc3fcad40cb4ddaf58d14359cc62ee9f94adcbe8f88a2c492,2024-11,Sussex Police,Sussex Police,-0.480414,50.823382,On or near Rowan Way,E01031389,Arun 005B,Vehicle crime,Investigation complete; no suspect identified,
3a511aa1bccb9b16f86b654e9b7636ff84477c3d71e6ffa43213777cd078fc6c,2024-11,Sussex Police,Sussex Police,-0.483603,50.822254,On or near Maytree Close,E01031389,Arun 005B,Violence and sexual offences,Local resolution,
6710bf311b4bdc0cc7bcc7f838f3631b30cc93f4ebc7161755f2fca7923d7fff,2024-11,Sussex Police,Sussex Police,-0.484470,50.829226,On or near Church Road,E01031389,Arun 005B,Violence and sexual offences,Unable to prosecute suspect,
184a2bbb28cd60d41f27a3a6584786586fb0a5858cf9e1454ca5fdf68206dd70,2024-11,Sussex Police,Sussex Police,-0.497569,50.821481,On or near West Drive,E01031389,Arun 005B,Violence and sexual offences,Status update unavailable,
bab594ab225df78bb261def6ca1f51706f50b33edbc7f09ff9986266a83636fc,2024-11,Sussex Police,Sussex Police,-0.483603,50.822254,On or near Maytree Close,E01031389,Arun 005B,Violence and sexual offences,Investigation complete; no suspect identified,
5098a8ea0fe99b5afdf384296e4f242750a7eb91d4e3391ef64158760ae09dc5,2024-11,Sussex Police,Sussex Police,-0.483603,50.822254,On or near Maytree Close,E01031389,Arun 005B,Violence and sexual offences,Unable to prosecute suspect,
7d27c9ce5b709f8b6e3c0b5b9e15a96e6842c6000923b4a6c8513a32b3296b44,2024-11,Sussex Police,Sussex Police,-0.483603,50.822254,On or near Maytree Close,E01031389,Arun 005B,Other crime,Further action is not in the public interest,
b4629241e83e7a9e19129e9c8815535f0e07fff57449fe790226bf1fdea1a6db,2024-11,Sussex Police,Sussex Police,-0.471969,50.815915,On or near Russell'S Close,E01031414,Arun 005C,Drugs,Local resolution,
2d802f0466f89a9b3af4cc7c07a19cdf597157a3e687308198e22e2974ab1b18,2024-11,Sussex Police,Sussex Police,-0.471416,50.815026,On or near Somerset Road,E01031414,Arun 005C,Drugs,Investigation complete; no suspect identified,
,2024-11,Sussex Police,Sussex Police,-0.485854,50.815871,On or near Farm Acre,E01031415,Arun 005D,Anti-social behaviour,,
,2024-11,Sussex Police,Sussex Police,-0.485854,50.815871,On or near Farm Acre,E01031415,Arun 005D,Anti-social behaviour,,
8a97c4eedf36ed7457b40bd30624822bd99fbfd751239ed797b80cd08f2e6b15,2024-11,Sussex Police,Sussex Police,-0.483085,50.811950,On or near St Mary'S Drive,E01031415,Arun 005D,Public order,Unable to prosecute suspect,
782f04c98b59a8b22bbfad9dd5e7a94bf34c7b75e57451bd5569ced600d1dbd1,2024-11,Sussex Police,Sussex Police,-0.485854,50.815871,On or near Farm Acre,E01031415,Arun 005D,Public order,Unable to prosecute suspect,
181a47456a36b3557ad80985f1de4005b8fbfba7e82f60a6b2adedc81ff06a10,2024-11,Sussex Police,Sussex Police,-0.485854,50.815871,On or near Farm Acre,E01031415,Arun 005D,Violence and sexual offences,Status update unavailable,
d3ec5c0690f89f27beac933138e6bdb53e45e08fd16bc734ab58c9f2d5082701,2024-11,Sussex Police,Sussex Police,-0.485854,50.815871,On or near Farm Acre,E01031415,Arun 005D,Violence and sexual offences,Unable to prosecute suspect,
14d0f0249a6a190a707a425a8cc7835577990364bdf11ebb6f106365e163e09a,2024-11,Sussex Police,Sussex Police,-0.486527,50.814810,On or near Copse View,E01031415,Arun 005D,Violence and sexual offences,Unable to prosecute suspect,
461fc324c54dbc13e6a9d47ad0a4eaec9e3944dd8ce8bfa32ec40dca46fc2cb2,2024-11,Sussex Police,Sussex Police,-0.485854,50.815871,On or near Farm Acre,E01031415,Arun 005D,Violence and sexual offences,Unable to prosecute suspect,
4c5661091ae8a69aa410befbabb09b2ffdbece022aa1e1ff1a79591cca8528d4,2024-11,Sussex Police,Sussex Police,-0.485854,50.815871,On or near Farm Acre,E01031415,Arun 005D,Violence and sexual offences,Unable to prosecute suspect,
97cb561592ac1d24fdcfa823760e183c08f09cb1e8741a26ba81a1703dbb2f63,2024-11,Sussex Police,Sussex Police,-0.485854,50.815871,On or near Farm Acre,E01031415,Arun 005D,Violence and sexual offences,Unable to prosecute suspect,
cbd2f69beb8b16ec8255ba031238e87fb2c75e68fd1275f5d2a34bb3bf0bbaf7,2024-11,Sussex Police,Sussex Police,-0.486527,50.814810,On or near Copse View,E01031415,Arun 005D,Violence and sexual offences,Status update unavailable,
,2024-11,Sussex Police,Sussex Police,-0.496403,50.816232,On or near Northcourt Close,E01031459,Arun 005E,Anti-social behaviour,,
,2024-11,Sussex Police,Sussex Police,-0.496403,50.816232,On or near Northcourt Close,E01031459,Arun 005E,Anti-social behaviour,,
,2024-11,Sussex Police,Sussex Police,-0.494358,50.817591,On or near Supermarket,E01031459,Arun 005E,Anti-social behaviour,,
,2024-11,Sussex Police,Sussex Police,-0.496403,50.816232,On or near Northcourt Close,E01031459,Arun 005E,Anti-social behaviour,,
de2f882caff5660b2fa9e3fda2931300fb56a35ac5aee7a1ab3550d403db81d5,2024-11,Sussex Police,Sussex Police,-0.490257,50.816225,On or near Coach House Close,E01031459,Arun 005E,Burglary,Unable to prosecute suspect,
df2f3a0285951a31aa15662adeb1d63ec1cb46760dd6aa063cb63479f4a0b371,2024-11,Sussex Police,Sussex Police,-0.491129,50.816929,On or near Angmering Way,E01031459,Arun 005E,Criminal damage and arson,Investigation complete; no suspect identified,
d4eb2868ba0c31220fd649c1247f02043bddd2c241381e6f10aa62d89d768838,2024-11,Sussex Police,Sussex Police,-0.494358,50.817591,On or near Supermarket,E01031459,Arun 005E,Other theft,Investigation complete; no suspect identified,
e67f53bad94d02d80dc19bc59fb1ec903801a828e2f6415171a8634a4a8723ea,2024-11,Sussex Police,Sussex Police,-0.494358,50.817591,On or near Supermarket,E01031459,Arun 005E,Possession of weapons,Status update unavailable,
c00b00aa39e89dffa1b548a3c7de0a030a9cddb4d12c9091d0526711533fea28,2024-11,Sussex Police,Sussex Police,-0.498683,50.815974,On or near Fircroft Crescent,E01031459,Arun 005E,Possession of weapons,Investigation complete; no suspect identified,
7758bfe7291923b220c669058a9bfc240eafa06c7848620cad546410a1736bfc,2024-11,Sussex Police,Sussex Police,-0.494358,50.817591,On or near Supermarket,E01031459,Arun 005E,Public order,Investigation complete; no suspect identified,
abfa71d2b77f7bcb76f55acbee52e0beba75f57cd4494d5ec292625755e44971,2024-11,Sussex Police,Sussex Police,-0.494358,50.817591,On or near Supermarket,E01031459,Arun 005E,Theft from the person,Investigation complete; no suspect identified,
bbc481484bc1aa108905cc4d644157a86e849d3b566693ee7bf5a65790b672e4,2024-11,Sussex Police,Sussex Police,-0.490257,50.816225,On or near Coach House Close,E01031459,Arun 005E,Vehicle crime,Investigation complete; no suspect identified,
de16e33764e89396c86c32687f9ef32c6904f8bf38d814195b1e46ba5677c473,2024-11,Sussex Police,Sussex Police,-0.491511,50.817842,On or near The Darlingtons,E01031459,Arun 005E,Vehicle crime,Investigation complete; no suspect identified,
947f367514a84e257ee9067b200079023245ec7bef2ee9d949efe1e43daaedc6,2024-11,Sussex Police,Sussex Police,-0.500735,50.813518,On or near St Anthony'S Way,E01031459,Arun 005E,Vehicle crime,Investigation complete; no suspect identified,
20cc4a38cd66d93b95574f728129bc9bc7a0022f46d7b1b28ae3898974522c40,2024-11,Sussex Police,Sussex Police,-0.494358,50.817591,On or near Supermarket,E01031459,Arun 005E,Violence and sexual offences,Investigation complete; no suspect identified,
9c69e35a3ada77169ce9709ec8c52902f4f013403d95c171d3c86aebf0492c09,2024-11,Sussex Police,Sussex Police,-0.493101,50.818285,On or near New Road,E01031459,Arun 005E,Violence and sexual offences,Unable to prosecute suspect,
89dd3f8c32fe8e304f1a2c5002d4e0c600f7e0574ac9d9a5a9a563b94fd38ce7,2024-11,Sussex Police,Sussex Police,-0.490257,50.816225,On or near Coach House Close,E01031459,Arun 005E,Violence and sexual offences,Unable to prosecute suspect,
6049a4051ebeae2a3706a9fc2150bd805960944932bbfd399898655642e266b5,2024-11,Sussex Police,Sussex Police,-0.492517,50.815679,On or near Dawtrey Close,E01031459,Arun 005E,Violence and sexual offences,Status update unavailable,
5f82e5ce01d7a2c0d9f16e07c3efba0b06a00a8408cf04864b358c6efc6b3501,2024-11,Sussex Police,Sussex Police,-0.490257,50.816225,On or near Coach House Close,E01031459,Arun 005E,Violence and sexual offences,Court result unavailable,
e67edb76de3a7de9f1498d885fa906660a5a95b7bcf99964ba19a31549c0f5af,2024-11,Sussex Police,Sussex Police,-0.492628,50.816220,On or near Munmere Way,E01031459,Arun 005E,Violence and sexual offences,Status update unavailable,
19beeb7e6ea2b628f1e4277c46a91fb006015169663c19d4aab7801a620dfc3f,2024-11,Sussex Police,Sussex Police,-0.492517,50.815679,On or near Dawtrey Close,E01031459,Arun 005E,Other crime,Further investigation is not in the public interest,
a40774d30d803209e5d87ffb695dbb7a0a4613bb4720cf247d3421353544a9b1,2024-11,Sussex Police,Sussex Police,-0.479963,50.821532,On or near Parsons Close,E01034820,Arun 005F,Criminal damage and arson,Unable to prosecute suspect,
3e1b05bdf5e6444d3ccb1aa9d1d09758f749bf0c270e4b4beb9eb88e5265a560,2024-11,Sussex Police,Sussex Police,-0.472284,50.824966,On or near Haigh Copse,E01034820,Arun 005F,Violence and sexual offences,Unable to prosecute suspect,
,2024-11,Sussex Police,Sussex Police,-0.488848,50.817664,On or near Teulon Court,E01034821,Arun 005G,Anti-social behaviour,,
,2024-11,Sussex Police,Sussex Police,-0.470270,50.817934,On or near Loxwood,E01034821,Arun 005G,Anti-social behaviour,,
,2024-11,Sussex Police,Sussex Police,-0.476398,50.817223,On or near Roundstone Lane,E01034821,Arun 005G,Anti-social behaviour,,
,2024-11,Sussex Police,Sussex Police,-0.476398,50.817223,On or near Roundstone Lane,E01034821,Arun 005G,Anti-social behaviour,,
71584db3b2ec261ea1cb4523493b74e0327d94df1acfb0fba4e0b7194c902db6,2024-11,Sussex Police,Sussex Police,-0.472530,50.820473,On or near Viburnum Chase,E01034821,Arun 005G,Burglary,Investigation complete; no suspect identified,
e569af493b6ce16285b5947b87e2b1b79487df5c585b2ae1112d12cc270b80bb,2024-11,Sussex Police,Sussex Police,-0.472404,50.817378,On or near Old Worthing Road,E01034821,Arun 005G,Other theft,Investigation complete; no suspect identified,
fc53240715faad4356fc5ef9e19bc3c2950d23f5ac5ee1218b1f625c96b2a03d,2024-11,Sussex Police,Sussex Police,-0.473444,50.818129,On or near Hailsham Close,E01034821,Arun 005G,Shoplifting,Investigation complete; no suspect identified,
3edea00ab83458ccce45c260aed1a917bc725d298defd34be12104008928faf8,2024-11,Sussex Police,Sussex Police,-0.488848,50.817664,On or near Teulon Court,E01034821,Arun 005G,Vehicle crime,Investigation complete; no suspect identified,
e3b3b0691258a9df86541c8738596b4d0bf6bae7ede89378262c0d9b1c0fa9e9,2024-11,Sussex Police,Sussex Police,-0.472048,50.821753,On or near Lavender Way,E01034821,Arun 005G,Violence and sexual offences,Unable to prosecute suspect,
,2024-11,Sussex Police,Sussex Police,-0.578969,50.812375,On or near Horsemere Green Lane,E01031470,Arun 006A,Anti-social behaviour,,
558a866b6e0a76d2b2948cfffd15fb30dc9d2e927ccb2d1d6eb01c2d3e0fa34a,2024-11,Sussex Police,Sussex Police,-0.582016,50.811135,On or near Waterford Gardens,E01031470,Arun 006A,Other theft,Investigation complete; no suspect identified,
60b741c3ca648c6e09337e9cf2e36793ea04bc5390ca0852f3386c4a4c316a30,2024-11,Sussex Police,Sussex Police,-0.596302,50.816578,On or near Sproule Close,E01031470,Arun 006A,Public order,Unable to prosecute suspect,
1e6de327c8409cd868d837910e82f7758d564f9c494ae29b8499c82f73ddeb47,2024-11,Sussex Police,Sussex Police,-0.596302,50.816578,On or near Sproule Close,E01031470,Arun 006A,Violence and sexual offences,Local resolution,
c24530c551c69c6e52609abd7d7f9ca4711b6d96302d8705619ab8f7dc3d2111,2024-11,Sussex Police,Sussex Police,-0.581473,50.805148,On or near Langmead Close,E01031470,Arun 006A,Violence and sexual offences,Unable to prosecute suspect,
9c96849e41c79745c21d4567d2b4a5c0d5747599af7d98dad9dd32442a95ac27,2024-11,Sussex Police,Sussex Police,-0.589022,50.825607,On or near Shopping Area,E01031470,Arun 006A,Violence and sexual offences,Investigation complete; no suspect identified,
,2024-11,Sussex Police,Sussex Police,-0.602097,50.818383,On or near Tiller Close,E01031471,Arun 006B,Anti-social behaviour,,
,2024-11,Sussex Police,Sussex Police,-0.602097,50.818383,On or near Tiller Close,E01031471,Arun 006B,Anti-social behaviour,,
,2024-11,Sussex Police,Sussex Police,-0.602097,50.818383,On or near Tiller Close,E01031471,Arun 006B,Anti-social behaviour,,
28aae42f0f640a4ee7fc14c563180b4781f0c75e3cf535dfda0c8b1dddaf701e,2024-11,Sussex Police,Sussex Police,-0.598501,50.817099,On or near Johnson Way,E01031471,Arun 006B,Burglary,Investigation complete; no suspect identified,
89b99400722524050b746f7d0bda32f907075ef4af1b073c6c182c06e2007440,2024-11,Sussex Police,Sussex Police,-0.597265,50.816185,On or near Douglas Close,E01031471,Arun 006B,Vehicle crime,Investigation complete; no suspect identified,
bbbab2d6d82306367bd96813aab4542cddd7588a8c8645adfe4b35285cb349e9,2024-11,Sussex Police,Sussex Police,-0.598799,50.817588,On or near Mustang Close,E01031471,Arun 006B,Violence and sexual offences,Action to be taken by another organisation,
460329e8b8af777a71bc98f0ab0f3825a73e0ddb30992370ec2a41adafe440a7,2024-11,Sussex Police,Sussex Police,-0.598501,50.817099,On or near Johnson Way,E01031471,Arun 006B,Violence and sexual offences,Investigation complete; no suspect identified,
828e3b8fc96d32c75421e0ddadfbc4e32d4acdeca0f32b3b32f3aebc5d41d183,2024-11,Sussex Police,Sussex Police,-0.604975,50.818507,On or near Goodhew Close,E01031471,Arun 006B,Violence and sexual offences,Unable to prosecute suspect,
98ae738b7f61b3c93499702fa8ed4cc7dce4cf7ad4768377657b9549626798eb,2024-11,Sussex Police,Sussex Police,-0.613282,50.812698,On or near Taylors Close,E01031471,Arun 006B,Violence and sexual offences,Unable to prosecute suspect,
16fce57c9c882848dd9c4c1f29fb8e01c25619377d9c126c310dd7a50d3d4098,2024-11,Sussex Police,Sussex Police,-0.597265,50.816185,On or near Douglas Close,E01031471,Arun 006B,Violence and sexual offences,Unable to prosecute suspect,
1e0e6eb4ebe2cbf329f50fab46e7538695b65f76fb6d7f422ba81d5291267f0e,2024-11,Sussex Police,Sussex Police,-0.597265,50.816185,On or near Douglas Close,E01031471,Arun 006B,Violence and sexual offences,Unable to prosecute suspect,
c8b9f1378b762c506338b92522cb920d3857ff76ebec0ade88508e28f0e3242c,2024-11,Sussex Police,Sussex Police,-0.599745,50.819191,On or near Locks Way,E01031471,Arun 006B,Violence and sexual offences,Unable to prosecute suspect,
0a1432e8c564be4e24b8def838abc514a6b5adb52d7b3c53aa45b449e83cac5d,2024-11,Sussex Police,Sussex Police,-0.597265,50.816185,On or near Douglas Close,E01031471,Arun 006B,Other crime,Status update unavailable,
,2024-11,Sussex Police,Sussex Police,-0.614797,50.819533,On or near Tack Lee Road,E01031472,Arun 006C,Anti-social behaviour,,
,2024-11,Sussex Police,Sussex Police,-0.609859,50.822334,On or near The Poplars,E01031472,Arun 006C,Anti-social behaviour,,
,2024-11,Sussex Police,Sussex Police,-0.614797,50.819533,On or near Tack Lee Road,E01031472,Arun 006C,Anti-social behaviour,,
,2024-11,Sussex Police,Sussex Police,-0.614797,50.819533,On or near Tack Lee Road,E01031472,Arun 006C,Anti-social behaviour,,
,2024-11,Sussex Police,Sussex Police,-0.614797,50.819533,On or near Tack Lee Road,E01031472,Arun 006C,Anti-social behaviour,,
066027cc4611a6cbb332e22f0a1db4aa302a017b387cd60a4321e25bbc3f1f14,2024-11,Sussex Police,Sussex Police,-0.616724,50.808602,On or near Bilsham Road,E01031472,Arun 006C,Bicycle theft,Unable to prosecute suspect,
287bc362a3a5f134c9c554fdec35b68170e993a8e7899fbc36b8ea7540852722,2024-11,Sussex Police,Sussex Police,-0.611603,50.821446,On or near Church Road,E01031472,Arun 006C,Criminal damage and arson,Local resolution,
2baa41cd0185ff655d217c17897559e4897a82011ce68ffd9261a1dbeac76ee9,2024-11,Sussex Police,Sussex Police,-0.614085,50.814830,On or near Gladstone Road,E01031472,Arun 006C,Criminal damage and arson,Investigation complete; no suspect identified,
b33e4a912d78df90f78ed8b3210a20ef9ac828f1f090a8f8b96f4b068281c4c5,2024-11,Sussex Police,Sussex Police,-0.614085,50.814830,On or near Gladstone Road,E01031472,Arun 006C,Other theft,Investigation complete; no suspect identified,
a7be66c486e3b187c1d29b5db7e7e8a58002380b2d5ce39b441a1d42b29cdd8e,2024-11,Sussex Police,Sussex Police,-0.609859,50.822334,On or near The Poplars,E01031472,Arun 006C,Public order,Investigation complete; no suspect identified,
201590b56ec7f4e6edd7849bfccddc93e7898693c9b4b6a76b56ee28ce633d62,2024-11,Sussex Police,Sussex Police,-0.611603,50.821446,On or near Church Road,E01031472,Arun 006C,Public order,Investigation complete; no suspect identified,
b1443de3bf3b7bc950d29b49cf8abdd5f5b449b8813c23acb2f843220e6b6bdc,2024-11,Sussex Police,Sussex Police,-0.609859,50.822334,On or near The Poplars,E01031472,Arun 006C,Public order,Investigation complete; no suspect identified,
4f534b4b8ede0bbea40fb65316c5718bc9534ef04e14ef0df77716b01d12bf2e,2024-11,Sussex Police,Sussex Police,-0.612953,50.818998,On or near Canal Road,E01031472,Arun 006C,Vehicle crime,Investigation complete; no suspect identified,
8ac3f2ec5d73d98896238f904f384d8fbdb14273241a9745ab34fde6aff6522d,2024-11,Sussex Police,Sussex Police,-0.611603,50.821446,On or near Church Road,E01031472,Arun 006C,Violence and sexual offences,Action to be taken by another organisation,
51833cd27a20dda04941f66de0ece7c90acd51f93f668b0fa305c9f8088ca0fe,2024-11,Sussex Police,Sussex Police,-0.614085,50.814830,On or near Gladstone Road,E01031472,Arun 006C,Other crime,Unable to prosecute suspect,
,2024-11,Sussex Police,Sussex Police,-0.611475,50.815698,On or near Bilsham Road,E01031473,Arun 006D,Anti-social behaviour,,
,2024-11,Sussex Police,Sussex Police,-0.610317,50.819812,On or near Parking Area,E01031473,Arun 006D,Anti-social behaviour,,
,2024-11,Sussex Police,Sussex Police,-0.607572,50.819501,On or near Downview Way,E01031473,Arun 006D,Anti-social behaviour,,
8d1ca97d7bdfe6db4a14e91a2b3c198fb91eda3862533790e620e7a6808617eb,2024-11,Sussex Police,Sussex Police,-0.614012,50.820171,On or near The Pines,E01031473,Arun 006D,Bicycle theft,Investigation complete; no suspect identified,
c382a3d33ab4ac4736f48a9537233fb8e6571cc43434b7e833a3093fa25d1673,2024-11,Sussex Police,Sussex Police,-0.610355,50.819471,On or near Supermarket,E01031473,Arun 006D,Criminal damage and arson,Investigation complete; no suspect identified,
e14169e6a5479a7329c7b86506b71765e15839db7c18f40c3697f3f07f6edc9e,2024-11,Sussex Police,Sussex Police,-0.613399,50.816890,On or near Giles Close,E01031473,Arun 006D,Other theft,Investigation complete; no suspect identified,
c3e1c98d520c98e63e7973a4097407a3c1c4225281c78cf32910b142e3b330bc,2024-11,Sussex Police,Sussex Police,-0.613399,50.816890,On or near Giles Close,E01031473,Arun 006D,Public order,Unable to prosecute suspect,
99574047a71cde28f56ce199c68eac424361100a4ee8de821b0ac0a061f62bad,2024-11,Sussex Police,Sussex Police,-0.610355,50.819471,On or near Supermarket,E01031473,Arun 006D,Shoplifting,Investigation complete; no suspect identified,
f2cc6a420cdd677e980919e0a4cf5babeb9f7d79aa54e6a281d52aa2c058cd85,2024-11,Sussex Police,Sussex Police,-0.611475,50.815698,On or near Bilsham Road,E01031473,Arun 006D,Vehicle crime,Investigation complete; no suspect identified,
d3d878ee6f4229a409d261e4811cc822af66e29e4cfe6a1ffc3479472f499c25,2024-11,Sussex Police,Sussex Police,-0.611475,50.815698,On or near Bilsham Road,E01031473,Arun 006D,Vehicle crime,Investigation complete; no suspect identified,
9de8ff2b84eb7d48d71299089b68b7bae245ef2a0f97c53bab4a04e92f8a664f,2024-11,Sussex Police,Sussex Police,-0.613399,50.816890,On or near Giles Close,E01031473,Arun 006D,Violence and sexual offences,Unable to prosecute suspect,
60ee82aadea48dd12e556ab65664b69fe5582a2450e217c381b57a78f3013129,2024-11,Sussex Police,Sussex Police,-0.612732,50.816388,On or near Blenheim Road,E01031473,Arun 006D,Violence and sexual offences,Unable to prosecute suspect,
26911958c647f9608f4b93c7c57123e662396c86a147800c2e2e87a5b84dad1b,2024-11,Sussex Police,Sussex Police,-0.614549,50.817353,On or near Cobham Close,E01031473,Arun 006D,Violence and sexual offences,Local resolution,
a7ccf6ed5d9a5df36a4016e93fb204520cc1609279631c0a9fd4fe81f21f647a,2024-11,Sussex Police,Sussex Police,-0.611475,50.815698,On or near Bilsham Road,E01031473,Arun 006D,Violence and sexual offences,Investigation complete; no suspect identified,
90a411842936fab31ad7b2bd48736458fd6ffbbc6be236ef1d8a29df929f29c1,2024-11,Sussex Police,Sussex Police,-0.611475,50.815698,On or near Bilsham Road,E01031473,Arun 006D,Violence and sexual offences,Local resolution,
dd30d4e4099c42bfdb04a8f2a54f019425aee4cc1426119e219ed50f51dcd1f7,2024-11,Sussex Police,Sussex Police,-0.613399,50.816890,On or near Giles Close,E01031473,Arun 006D,Violence and sexual offences,Unable to prosecute suspect,
895c8b4507b508ae7852713f7f745045883bbfb130fd78d4fddbeb43550bb4c8,2024-11,Sussex Police,Sussex Police,-0.613399,50.816890,On or near Giles Close,E01031473,Arun 006D,Other crime,Unable to prosecute suspect,
,2024-11,Sussex Police,Sussex Police,-0.517415,50.821564,On or near Sunflower Close,E01031407,Arun 007A,Anti-social behaviour,,
00272efaa1c1099df554a8a18bf1fd0af99537ad8650d77940855623171198bb,2024-11,Sussex Police,Sussex Police,-0.521374,50.818485,On or near Jib Close,E01031407,Arun 007A,Drugs,Local resolution,
caeb410c278d60f0388be25b2261d168b86be574b5f30a97452a24cf5122fe7e,2024-11,Sussex Police,Sussex Police,-0.521374,50.818485,On or near Jib Close,E01031407,Arun 007A,Drugs,Local resolution,
61c0799bdd49a39b8490879ecf91434d7b87d17b8a53124d7debe8c3f196df54,2024-11,Sussex Police,Sussex Police,-0.520148,50.819980,On or near Poppy Close,E01031407,Arun 007A,Vehicle crime,Investigation complete; no suspect identified,
22d019be25a317315d393fd847d83bbb381a14d3a1121588245df151b8487ffe,2024-11,Sussex Police,Sussex Police,-0.517231,50.819737,On or near Snowdrop Close,E01031407,Arun 007A,Violence and sexual offences,Unable to prosecute suspect,
7784efc04606a5129eb4f7a7e97a8014016724c9779a32f3fcedac3d3bab0aee,2024-11,Sussex Police,Sussex Police,-0.519402,50.818892,On or near Hollyhock Way,E01031407,Arun 007A,Violence and sexual offences,Unable to prosecute suspect,
3c314e2d86eea0e88d3a081233e16443729f84e926b1480375c36b88ed5b27eb,2024-11,Sussex Police,Sussex Police,-0.521068,50.819623,On or near Jasmine Close,E01031407,Arun 007A,Violence and sexual offences,Investigation complete; no suspect identified,
a39bbfbac71f2bcd9532da244f297d7ef80a8d77f60089efe38e95af4e87729b,2024-11,Sussex Police,Sussex Police,-0.526710,50.819875,On or near Worthing Road,E01031408,Arun 007B,Other theft,Investigation complete; no suspect identified,
b4c92d83374473cc3d3bada014a86f732a774ae7726fb6f00e794a4e9d2e8acf,2024-11,Sussex Police,Sussex Police,-0.534021,50.820344,On or near Cornfield Close,E01031408,Arun 007B,Vehicle crime,Investigation complete; no suspect identified,
dd5fcb3e2bb67ab1bb162a812b78d83149fb2afb3e8d0748a704f2f88dd31a27,2024-11,Sussex Police,Sussex Police,-0.530715,50.818945,On or near Oakcroft Gardens,E01031408,Arun 007B,Vehicle crime,Investigation complete; no suspect identified,
fddea77f976df3b40280b745f3767d9e4ce4c54fc29bd9d9cb71b172fb1ba4b8,2024-11,Sussex Police,Sussex Police,-0.534021,50.820344,On or near Cornfield Close,E01031408,Arun 007B,Violence and sexual offences,Investigation complete; no suspect identified,
c2c0b56e94b60d09553c0e611b9c80874d78cfc531f6a5f22a1f83428c48c4c2,2024-11,Sussex Police,Sussex Police,-0.534021,50.820344,On or near Cornfield Close,E01031408,Arun 007B,Violence and sexual offences,Action to be taken by another organisation,
122d5b64f58af9f18ea9c0ae609ba4b859c20263c163ea2e62456a4dd7400083,2024-11,Sussex Police,Sussex Police,-0.526710,50.819875,On or near Worthing Road,E01031408,Arun 007B,Violence and sexual offences,Unable to prosecute suspect,
e21a9fa9eb062cbd78b1a42ddc449c14e372e89251f9887fb2ce6079cc3cdc69,2024-11,Sussex Police,Sussex Police,-0.523515,50.821246,On or near Ash Close,E01031408,Arun 007B,Violence and sexual offences,Unable to prosecute suspect,
e44877973fd957efbe0c5e60e42dab44d5ecc375cc19c63c08ce2d9bf29ccd01,2024-11,Sussex Police,Sussex Police,-0.526710,50.819875,On or near Worthing Road,E01031408,Arun 007B,Violence and sexual offences,Unable to prosecute suspect,
f24ce6888e7256a738ad4112b544c1f292430501c497b08f19f0d79b151e78bd,2024-11,Sussex Police,Sussex Police,-0.523305,50.819823,On or near Watersmead Close,E01031408,Arun 007B,Violence and sexual offences,Investigation complete; no suspect identified,
62d5f819877ffccb87f3f3d1941e3b8ce6873c86afc81d9b3b94bfbc973a0e80,2024-11,Sussex Police,Sussex Police,-0.530715,50.818945,On or near Oakcroft Gardens,E01031408,Arun 007B,Other crime,Status update unavailable,
,2024-11,Sussex Police,Sussex Police,-0.523015,50.813263,On or near Beacon Way,E01031410,Arun 007C,Anti-social behaviour,,
9db5a7f0ceecf756881a10c147fcfa77fbbbe9d0ae452d7822ba3fff29617972,2024-11,Sussex Police,Sussex Police,-0.521336,50.812046,On or near Windward Close,E01031410,Arun 007C,Criminal damage and arson,Investigation complete; no suspect identified,
e69ae5322d674d5134dd3af3db2003910aeeb622292a54862179c5a546acbd0b,2024-11,Sussex Police,Sussex Police,-0.519218,50.811245,On or near Henry Avenue,E01031410,Arun 007C,Vehicle crime,Investigation complete; no suspect identified,
d2215f00e7863a841f1fc49fffaaa1b0ad2e12d4de0d66c8dc8bccadb87f4f6c,2024-11,Sussex Police,Sussex Police,-0.519218,50.811245,On or near Henry Avenue,E01031410,Arun 007C,Vehicle crime,Investigation complete; no suspect identified,
,2024-11,Sussex Police,Sussex Police,-0.510654,50.814059,On or near Shopfield Close,E01031462,Arun 007D,Anti-social behaviour,,
612f925f8d674c0b20324beedcbeedcbd14f4532cfe5aabd6e6379fd1850b8b0,2024-11,Sussex Police,Sussex Police,-0.510654,50.814059,On or near Shopfield Close,E01031462,Arun 007D,Public order,Investigation complete; no suspect identified,
32257d65328a5c1cfa357a3a95b6e79cf4c1167321673726df3339bb26777820,2024-11,Sussex Police,Sussex Police,-0.508641,50.816668,On or near Conbar Avenue,E01031462,Arun 007D,Vehicle crime,Investigation complete; no suspect identified,
d37bae49aeb178a664fee6baba159094ba2ec51954f8e0fd0c75dd3c2677bb9d,2024-11,Sussex Police,Sussex Police,-0.502586,50.815988,On or near Mill Lane,E01031462,Arun 007D,Vehicle crime,Unable to prosecute suspect,
be15564c395f5bbe04155b25d0335a63753bb20949305603683aea56529950b8,2024-11,Sussex Police,Sussex Police,-0.512389,50.814396,On or near Old Manor Road,E01031462,Arun 007D,Violence and sexual offences,Unable to prosecute suspect,
fc3b2d314b4b3c4c1d6c7ceaf10c0c85c4dfc902ff1806f25f6c7f8bd3ad67f1,2024-11,Sussex Police,Sussex Police,-0.504126,50.817573,On or near Wolstenbury Road,E01031462,Arun 007D,Violence and sexual offences,Unable to prosecute suspect,
,2024-11,Sussex Police,Sussex Police,-0.513796,50.819288,On or near Windsor Close,E01031463,Arun 007E,Anti-social behaviour,,
,2024-11,Sussex Police,Sussex Police,-0.510799,50.816192,On or near Manor Road,E01031463,Arun 007E,Anti-social behaviour,,
,2024-11,Sussex Police,Sussex Police,-0.515954,50.816600,On or near Hide Gardens,E01031463,Arun 007E,Anti-social behaviour,,
,2024-11,Sussex Police,Sussex Police,-0.509639,50.819181,On or near Dominion Way,E01031463,Arun 007E,Anti-social behaviour,,
184c790ae5ef428c30779eabd5aa98b1ebf5634267e098d257bb435fb225a935,2024-11,Sussex Police,Sussex Police,-0.512616,50.821557,On or near Drewetts Close,E01031463,Arun 007E,Criminal damage and arson,Investigation complete; no suspect identified,
f6f33e48934d4e85a710d435f1a6563f72739bea3609307045ad051e1f89bae5,2024-11,Sussex Police,Sussex Police,-0.515954,50.816600,On or near Hide Gardens,E01031463,Arun 007E,Other theft,Investigation complete; no suspect identified,
b32203b5f3301b749c23f0136cd9eb3fcfd87ff570ffa62c807e99805bd71679,2024-11,Sussex Police,Sussex Police,-0.515120,50.822282,On or near Foxes Close,E01031463,Arun 007E,Other theft,Investigation complete; no suspect identified,
51a9d2fba19c4034ede0b19c62cf65888e2c980faaae4587a529198168faa212,2024-11,Sussex Police,Sussex Police,-0.512616,50.821557,On or near Drewetts Close,E01031463,Arun 007E,Public order,Investigation complete; no suspect identified,
4ca68441fb583f840a0f0b4fbe8fc5fa30e8e8bd9b6aba6b05e69aefc15436ad,2024-11,Sussex Police,Sussex Police,-0.512616,50.821557,On or near Drewetts Close,E01031463,Arun 007E,Public order,Investigation complete; no suspect identified,
b1953e0a2ccfbef77d191465517c13aa87ce37d422704cb57fb0fd9056677ef2,2024-11,Sussex Police,Sussex Police,-0.508648,50.818206,On or near Artex Avenue,E01031463,Arun 007E,Vehicle crime,Investigation complete; no suspect identified,
b784caab6aabbcb2b4aea334eedfa2c634a7dcd7c85b46f496770a90651334e8,2024-11,Sussex Police,Sussex Police,-0.518056,50.813874,On or near Wendy Ridge,E01031463,Arun 007E,Violence and sexual offences,Unable to prosecute suspect,
a1fb48a0d0b998d92c0524ba3807a695e399d37fbcc2a7e011a141d6458beac7,2024-11,Sussex Police,Sussex Police,-0.509808,50.809866,On or near The Grangeway,E01031464,Arun 007F,Burglary,Investigation complete; no suspect identified,
0dbf2dae588a1d773eaf80962f6150a01fd133a087d12d6f95266b2f8941bedd,2024-11,Sussex Police,Sussex Police,-0.506627,50.809475,On or near Vernon Close,E01031464,Arun 007F,Shoplifting,Investigation complete; no suspect identified,
220092716a902c17e583ce4d30ca862991ac1d4f96e36a0749d610bc98399fcf,2024-11,Sussex Police,Sussex Police,-0.514094,50.812583,On or near Andrew Close,E01031464,Arun 007F,Shoplifting,Unable to prosecute suspect,
6f78d0718156b97517f1c98884b1983aadda9f8724ed181bf5ed90652d7440f7,2024-11,Sussex Police,Sussex Police,-0.508037,50.809781,On or near Claigmar Road,E01031464,Arun 007F,Violence and sexual offences,Local resolution,
4ec2ed74bb368cff6410c5c5690bd32a7f83191e525c5ea72ad5ff9643ab598d,2024-11,Sussex Police,Sussex Police,-0.508708,50.813198,On or near Dinsdale Gardens,E01031464,Arun 007F,Violence and sexual offences,Investigation complete; no suspect identified,
0108032d1918a0834af1d888286c1f1a852d9dd460c53591bb4fd54c438aa446,2024-11,Sussex Police,Sussex Police,-0.508037,50.809781,On or near Claigmar Road,E01031464,Arun 007F,Violence and sexual offences,Local resolution,
6cde76ceab43814c0699783d9f696b06da80ecfb6775ceea48260bc63e93e56e,2024-11,Sussex Police,Sussex Police,-0.508708,50.813198,On or near Dinsdale Gardens,E01031464,Arun 007F,Violence and sexual offences,Investigation complete; no suspect identified,
1efeece0b689a41b820e9b9c71e10ac714ae46b338989bd3bcc932b3bc83cdf9,2024-11,Sussex Police,Sussex Police,-0.467843,50.805339,On or near Peak Lane,E01031412,Arun 008A,Violence and sexual offences,Unable to prosecute suspect,
73c35e315b247f3a4d4e2c07dc285c3f3416a4c00c3b1de9d41e1883fa6e2a47,2024-11,Sussex Police,Sussex Police,-0.471459,50.804136,On or near Golden Avenue,E01031412,Arun 008A,Violence and sexual offences,Status update unavailable,
8d5656f32625c3329ee17a54c0ef9e43e325d6fe77804ec700fdd404c999ed26,2024-11,Sussex Police,Sussex Police,-0.475614,50.809479,On or near The Croft,E01031412,Arun 008A,Violence and sexual offences,Unable to prosecute suspect,
84c2c8ee196f483ba2e1c84b723b89540372a595011067c92f52bf3b168a460e,2024-11,Sussex Police,Sussex Police,-0.472724,50.806248,On or near Golden Avenue Close,E01031412,Arun 008A,Violence and sexual offences,Unable to prosecute suspect,
66ab055facba4365bd59b648e1f4fc4b9251b402cd6282486f4e1ea6e9d268a2,2024-11,Sussex Police,Sussex Police,-0.445997,50.804187,On or near The Warren,E01031422,Arun 008B,Public order,Unable to prosecute suspect,
df549779cba8a220cfc66294c70e99781c04512da98729ea01180e03ead1bcd2,2024-11,Sussex Police,Sussex Police,-0.443850,50.804284,On or near Herm Road,E01031422,Arun 008B,Violence and sexual offences,Offender given a caution,
a2049e52f283ad6751f02d04081c4fd93b1424a9e851f0e97ba10533dd64feef,2024-11,Sussex Police,Sussex Police,-0.443850,50.804284,On or near Herm Road,E01031422,Arun 008B,Violence and sexual offences,Unable to prosecute suspect,
767a8285ff0c813612e4abcfefcbd004d7df4638a8ac6b131898f44e97cd340b,2024-11,Sussex Police,Sussex Police,-0.451548,50.803694,On or near The Strand,E01031422,Arun 008B,Violence and sexual offences,Investigation complete; no suspect identified,
3f62b53c0011d4b6fbfb97ea5c12e526b2a01a1f822b1b2719ad15e72755305f,2024-11,Sussex Police,Sussex Police,-0.450016,50.815257,On or near St Maur'S Road,E01031423,Arun 008C,Burglary,Investigation complete; no suspect identified,
0b4c69da71cc2b08261448bffb210385a1b662dd7a81cbd2848ee5b2f63cf62f,2024-11,Sussex Police,Sussex Police,-0.458181,50.817307,On or near Supermarket,E01031423,Arun 008C,Criminal damage and arson,Investigation complete; no suspect identified,
738f9c62109a50cc2cdadab65e5aff0882143e67f38f7173b6d0523c38f96450,2024-11,Sussex Police,Sussex Police,-0.458181,50.817307,On or near Supermarket,E01031423,Arun 008C,Criminal damage and arson,Investigation complete; no suspect identified,
18c317518043ff45161bf2e21958d04aeaa10b59fe5c5ff19b70fa661b19e421,2024-11,Sussex Police,Sussex Police,-0.458181,50.817307,On or near Supermarket,E01031423,Arun 008C,Criminal damage and arson,Investigation complete; no suspect identified,
bfbe5ac3c6608d916156fffefc082af54cc88678fea6a3993ae077b689421da9,2024-11,Sussex Police,Sussex Police,-0.452501,50.818239,On or near Langbury Lane,E01031423,Arun 008C,Criminal damage and arson,Investigation complete; no suspect identified,
d3abf536f26e9e52f8ce96fed62200da6674b3fa755b5f3b05b1710e92ddfca8,2024-11,Sussex Police,Sussex Police,-0.455171,50.819498,On or near Winton Close,E01031423,Arun 008C,Other theft,Investigation complete; no suspect identified,
bd90a1a360d2550b64f765dab9fbe76df7952cb3cd9395c8612ef31db42079af,2024-11,Sussex Police,Sussex Police,-0.445137,50.820678,On or near Ancren Close,E01031423,Arun 008C,Vehicle crime,Court result unavailable,
ec16a47e05a061b077277a96be88daf2d1132e5cf1c4b9b8d1a094296a70a848,2024-11,Sussex Police,Sussex Police,-0.451318,50.814501,On or near Rife Way,E01031423,Arun 008C,Violence and sexual offences,Unable to prosecute suspect,
c941f5c7da8b4320b68c1481c485303f646c865f28157895a5a9b20c607c989a,2024-11,Sussex Police,Sussex Police,-0.452501,50.818239,On or near Langbury Lane,E01031423,Arun 008C,Violence and sexual offences,Status update unavailable,
b3021880866c575ca9754c8016f17e4c98b403e5c6c7e66ea89757295c8dbca5,2024-11,Sussex Police,Sussex Police,-0.452501,50.818239,On or near Langbury Lane,E01031423,Arun 008C,Violence and sexual offences,Action to be taken by another organisation,
3ea22f18c341831a26f94f4be0419a36975278fc8a9d25d20ee41f0e43fc742e,2024-11,Sussex Police,Sussex Police,-0.452501,50.818239,On or near Langbury Lane,E01031423,Arun 008C,Other crime,Status update unavailable,
4972a18d906b77c7445d2b1776e50a1c5682ab85ebc08eecad045e591d7057b7,2024-11,Sussex Police,Sussex Police,-0.447103,50.813177,On or near Glen Gardens,E01031424,Arun 008D,Public order,Investigation complete; no suspect identified,
da2d4ad13f32027ab14e1fb4e1ca1d5226f076e06dccd66f97c045d564a13e56,2024-11,Sussex Police,Sussex Police,-0.449930,50.810120,On or near Cedar Close,E01031424,Arun 008D,Violence and sexual offences,Unable to prosecute suspect,
54215352d2f1ff49ccefe23b87f81f760ede10865b39b8b0d8d4353c09af7ef6,2024-11,Sussex Police,Sussex Police,-0.448686,50.813836,On or near Greystoke Road,E01031424,Arun 008D,Violence and sexual offences,Investigation complete; no suspect identified,
28ff7a7edb9a236d2f25d5f919ec6e1e5da1d58bf393525d0db506eed0cb459f,2024-11,Sussex Police,Sussex Police,-0.449930,50.810120,On or near Cedar Close,E01031424,Arun 008D,Violence and sexual offences,Unable to prosecute suspect,
fb1f7d6d3e440b967484d1f6bfd3459f817cd497a8a22b35341de441dbfd03f8,2024-11,Sussex Police,Sussex Police,-0.523991,50.809768,On or near Leeward Road,E01031398,Arun 009A,Public order,Unable to prosecute suspect,
8f26e2926ac1a5e4da1e0ade91c09e78779bf94fbea276081171219203edcf96,2024-11,Sussex Police,Sussex Police,-0.527001,50.811524,On or near Esher Drive,E01031398,Arun 009A,Violence and sexual offences,Unable to prosecute suspect,
de5e6be7e394b9d98f7c802f057439bad2b098204f246c3611b7257feb6bd56e,2024-11,Sussex Police,Sussex Police,-0.527001,50.811524,On or near Esher Drive,E01031398,Arun 009A,Violence and sexual offences,Unable to prosecute suspect,
8cd0b80d5c9228c844739f0be26cbdb2252912dcc9ab557214899578a00eb9ed,2024-11,Sussex Police,Sussex Police,-0.528510,50.810958,On or near Meadow Way,E01031398,Arun 009A,Other crime,Status update unavailable,
,2024-11,Sussex Police,Sussex Police,-0.524800,50.803438,On or near Parking Area,E01031399,Arun 009B,Anti-social behaviour,,
,2024-11,Sussex Police,Sussex Police,-0.528465,50.802450,On or near Parking Area,E01031399,Arun 009B,Anti-social behaviour,,
2a276d722d86ea8bcdfa89559ac1ccb02403ce1572b3b5551284c5c06729d635,2024-11,Sussex Police,Sussex Police,-0.530372,50.807249,On or near The Cloisters,E01031399,Arun 009B,Criminal damage and arson,Unable to prosecute suspect,
509335ed5ba1dadb4f07966d7a73d83242a46db435ad3042814ba8e5e6172255,2024-11,Sussex Police,Sussex Police,-0.523566,50.802982,On or near Hendon Avenue,E01031399,Arun 009B,Public order,Unable to prosecute suspect,
509e9a843d1e826bfb5926cdf72c4f84809496d2e025b301f2ec341fc5fa7866,2024-11,Sussex Police,Sussex Police,-0.523455,50.806946,On or near Ketch Road,E01031399,Arun 009B,Vehicle crime,Unable to prosecute suspect,
e2010090544d9bff3b30874c1f343cae50fe02d32f566b2f0f52dca31e94250b,2024-11,Sussex Police,Sussex Police,-0.531544,50.815592,On or near Hill Road,E01031409,Arun 009C,Public order,Court result unavailable,
3f561f31b2a4ac2798c75613f95a78c6112276487c90085605c5b8078afdaae1,2024-11,Sussex Police,Sussex Police,-0.532225,50.814683,On or near Grove Crescent,E01031409,Arun 009C,Vehicle crime,Investigation complete; no suspect identified,
5ebce1d38e84bedf7e33838a24f4fa1836e69abb45353727a39b1bd3dc288e71,2024-11,Sussex Police,Sussex Police,-0.529652,50.813437,On or near Falkland Avenue,E01031409,Arun 009C,Violence and sexual offences,Unable to prosecute suspect,
e407788e959442c0477e41b79ebb9e2a7c96cdf501f66cc2d2f771e8a6956e6f,2024-11,Sussex Police,Sussex Police,-0.530916,50.817041,On or near Thorncroft Road,E01031409,Arun 009C,Violence and sexual offences,Status update unavailable,
59ab4e2d4b19fe10b7b40fecfbe7439e24b65b9bc720ab20b8185032ef4c9b66,2024-11,Sussex Police,Sussex Police,-0.531544,50.815592,On or near Hill Road,E01031409,Arun 009C,Violence and sexual offences,Investigation complete; no suspect identified,
050d8d5c612ed8af800791652304952d69ffdb64089cff1448d32171d460f017,2024-11,Sussex Police,Sussex Police,-0.530916,50.817041,On or near Thorncroft Road,E01031409,Arun 009C,Violence and sexual offences,Status update unavailable,
,2024-11,Sussex Police,Sussex Police,-0.535847,50.809171,On or near Church Street,E01031455,Arun 009D,Anti-social behaviour,,
,2024-11,Sussex Police,Sussex Police,-0.537719,50.812414,On or near Paterson Wilson Road,E01031455,Arun 009D,Anti-social behaviour,,
77f68cb21db720cd2b144119e2fae44b7894ae60dbb43644657f3bda12554126,2024-11,Sussex Police,Sussex Police,-0.535286,50.807590,On or near Maltravers Drive,E01031455,Arun 009D,Burglary,Investigation complete; no suspect identified,
5383f15db5c510769700cd5af4b85da8c1660fa7582b6663756c3f7d5c282469,2024-11,Sussex Police,Sussex Police,-0.537608,50.807772,On or near Maltravers Road,E01031455,Arun 009D,Criminal damage and arson,Investigation complete; no suspect identified,
47c1c20c09acecc2a824ec4a2a4c472dd466c596b8b0a994494315b63a982776,2024-11,Sussex Police,Sussex Police,-0.537608,50.807772,On or near Maltravers Road,E01031455,Arun 009D,Criminal damage and arson,Investigation complete; no suspect identified,
6a76eef527df24aa1ac189f2b69f6f000d607c36d95c0ed13fbc411b51135f2f,2024-11,Sussex Police,Sussex Police,-0.537719,50.812414,On or near Paterson Wilson Road,E01031455,Arun 009D,Public order,Court result unavailable,
1fc4ddb6c1cbc7c03b98187bddbefb8e068e8666860bac7552b517707374f13b,2024-11,Sussex Police,Sussex Police,-0.537608,50.807772,On or near Maltravers Road,E01031455,Arun 009D,Public order,Investigation complete; no suspect identified,
36c9310c2e1e69ec06464098f3244bca2a269339a60760fb67fbff9a43fa9075,2024-11,Sussex Police,Sussex Police,-0.537608,50.807772,On or near Maltravers Road,E01031455,Arun 009D,Public order,Status update unavailable,
c9022540e44cb36cde6bdd3c7e17ed631a2550b7bd34605a340595d9fdafaaeb,2024-11,Sussex Police,Sussex Police,-0.539626,50.809974,On or near The Old Dairy Farm,E01031455,Arun 009D,Robbery,Investigation complete; no suspect identified,
b86ed8f9123c11379b3007eabdf6613940ca7d9e16c1514c5e5163c42b4e2ed6,2024-11,Sussex Police,Sussex Police,-0.537608,50.807772,On or near Maltravers Road,E01031455,Arun 009D,Vehicle crime,Court result unavailable,
5f11323255cbd1869d91c1fc14cf07ecddaff9b1225f4bfd2766d1e8d4fb3232,2024-11,Sussex Police,Sussex Police,-0.533673,50.812408,On or near Dorset Close,E01031455,Arun 009D,Vehicle crime,Investigation complete; no suspect identified,
848a0f65de2f59dcf2e075fda2ac01fd8532b009bf8218537b365dcf71a9d992,2024-11,Sussex Police,Sussex Police,-0.532568,50.812817,On or near Stanhope Road,E01031455,Arun 009D,Vehicle crime,Investigation complete; no suspect identified,
9ee4170043f98471287c98dbf472f7fafe08726e2326f882c6a0955b5bde4934,2024-11,Sussex Police,Sussex Police,-0.532568,50.812817,On or near Stanhope Road,E01031455,Arun 009D,Vehicle crime,Investigation complete; no suspect identified,
93d36607a6e09310e07c793ea1cea88b7e9b4d761c1b4c48c6de030291796756,2024-11,Sussex Police,Sussex Police,-0.532568,50.812817,On or near Stanhope Road,E01031455,Arun 009D,Vehicle crime,Investigation complete; no suspect identified,
036aad6ee5f896d0d8ed48a05c2d96c9a9cad703ea5a060c8f46a9b25769e075,2024-11,Sussex Police,Sussex Police,-0.538350,50.810380,On or near Goda Road,E01031455,Arun 009D,Vehicle crime,Investigation complete; no suspect identified,
95345c370e1283c01ea3eb6f5815b450a2450cb7a36c828bc9afc69b72e9d9c2,2024-11,Sussex Police,Sussex Police,-0.537608,50.807772,On or near Maltravers Road,E01031455,Arun 009D,Violence and sexual offences,Status update unavailable,
4904b676631742fdeaf275605fe66693d6d6f317e5db56593ab024c8e52482f5,2024-11,Sussex Police,Sussex Police,-0.538350,50.810380,On or near Goda Road,E01031455,Arun 009D,Violence and sexual offences,Status update unavailable,
504c387e86699a39ded3e3820e64aba4028b54646b4265ff8b36d6b8aceb2007,2024-11,Sussex Police,Sussex Police,-0.537719,50.812414,On or near Paterson Wilson Road,E01031455,Arun 009D,Other crime,Court result unavailable,
2cfdf1307d6fb5d6c291679fee3869c9ee152e17943e9eb821fc2bf0e1099e77,2024-11,Sussex Police,Sussex Police,-0.537719,50.812414,On or near Paterson Wilson Road,E01031455,Arun 009D,Other crime,Unable to prosecute suspect,
,2024-11,Sussex Police,Sussex Police,-0.512870,50.805526,On or near Green Bushes Close,E01031461,Arun 009E,Anti-social behaviour,,
eb81ec676b71c0219198913d0b20cba09bda977d598f42e67e20dbf6626df663,2024-11,Sussex Police,Sussex Police,-0.515184,50.807750,On or near Holmes Lane,E01031461,Arun 009E,Other theft,Investigation complete; no suspect identified,
2c46f18a234aa60ce46f3cc7005624615560e83182f55fe703cac2bf5c8db36f,2024-11,Sussex Police,Sussex Police,-0.511191,50.805657,On or near Abbotswood Walk,E01031461,Arun 009E,Vehicle crime,Investigation complete; no suspect identified,
4351d48fc7893ebc08c4e3d2dcc90513c379430dd51e2489c8b22f048b4a5abc,2024-11,Sussex Police,Sussex Police,-0.511191,50.805657,On or near Abbotswood Walk,E01031461,Arun 009E,Vehicle crime,Investigation complete; no suspect identified,
f85f55f7777ac35ea77e6ca7babc5a1b8a552f4dbc6eb029f9632a2f3eb04e0f,2024-11,Sussex Police,Sussex Police,-0.512314,50.805141,On or near Hardham Close,E01031461,Arun 009E,Vehicle crime,Investigation complete; no suspect identified,
5f0130312a0e2f538ae618237d0797f2aa08924ae6027ec7dc7bb9929e5d13e4,2024-11,Sussex Police,Sussex Police,-0.512314,50.805141,On or near Hardham Close,E01031461,Arun 009E,Violence and sexual offences,Status update unavailable,
,2024-11,Sussex Police,Sussex Police,-0.542599,50.817988,On or near North Street,E01031469,Arun 009F,Anti-social behaviour,,
8d01b4ebfb2bddfaf02c175147715763d96021e77254f97b4689ba26470fee00,2024-11,Sussex Police,Sussex Police,-0.540058,50.817983,On or near Swanbourne Road,E01031469,Arun 009F,Criminal damage and arson,Investigation complete; no suspect identified,
5cb8255dfca802cb4b834d96440de668207b6cf3f48246d853ab7219d1d41c63,2024-11,Sussex Police,Sussex Police,-0.540058,50.817983,On or near Swanbourne Road,E01031469,Arun 009F,Possession of weapons,Investigation complete; no suspect identified,
37931934ea35e1bd83456145d3d20f6c22faa476dbb19d79038a09790fffa16c,2024-11,Sussex Police,Sussex Police,-0.538335,50.814949,On or near Highdown Drive,E01031469,Arun 009F,Vehicle crime,Court result unavailable,
98d68209472ee0ec7a93ce2574e737ee01258dcbde2c438a7c8e292f96f60f75,2024-11,Sussex Police,Sussex Police,-0.538228,50.817007,On or near Amberley Close,E01031469,Arun 009F,Vehicle crime,Investigation complete; no suspect identified,
c3f9caef718bbb738b9404fd2c7612c0020c89636753c11876d4ef76e8efa0f2,2024-11,Sussex Police,Sussex Police,-0.539894,50.814123,On or near Parham Close,E01031469,Arun 009F,Vehicle crime,Court result unavailable,
9e152326d313d1466552b38f9aca7983aad23b4ae774859e5f803341d7884ddb,2024-11,Sussex Police,Sussex Police,-0.540058,50.817983,On or near Swanbourne Road,E01031469,Arun 009F,Vehicle crime,Investigation complete; no suspect identified,
85cdd667e03f1fe9663b2a77aa36c95f180ff50ef54595009f44e1b46484d23d,2024-11,Sussex Police,Sussex Police,-0.538335,50.814949,On or near Highdown Drive,E01031469,Arun 009F,Vehicle crime,Investigation complete; no suspect identified,
9f8c11b50108d6667ce3ac2a8e7be82092c32c6d7783b32084332819645986f6,2024-11,Sussex Police,Sussex Police,-0.544528,50.815728,On or near Arundel Road,E01031469,Arun 009F,Violence and sexual offences,Unable to prosecute suspect,
8bb2024561c687ea37c0ded98747a3d9a1da12315749dc2a9acbb23e7cd1ba9c,2024-11,Sussex Police,Sussex Police,-0.543405,50.814419,On or near Kent Road,E01031469,Arun 009F,Violence and sexual offences,Unable to prosecute suspect,
9e2a377823a08a5f048e0f2c67a2691b997bb626d1b0bdf0740ee955448971e6,2024-11,Sussex Police,Sussex Police,-0.541949,50.817431,On or near Sussex Street,E01031469,Arun 009F,Violence and sexual offences,Unable to prosecute suspect,
2b7e41d5c0ca55e06823fe4f54af1e38906f89aec807b7056a9f36563bfe76bc,2024-11,Sussex Police,Sussex Police,-0.542599,50.817988,On or near North Street,E01031469,Arun 009F,Other crime,Further action is not in the public interest,
19f3607da0de936e919ad8ea40e534377d2d2d76711485b262e5bab879cca4b9,2024-11,Sussex Police,Sussex Police,-0.494044,50.809709,On or near Cross Road,E01031411,Arun 010A,Vehicle crime,Investigation complete; no suspect identified,
415a3df38dd92ea89d9b2ffd25dea7a1abb62652e0ef29ed6f89b514a9af9bed,2024-11,Sussex Police,Sussex Police,-0.477676,50.806286,On or near Manor Road,E01031413,Arun 010B,Burglary,Unable to prosecute suspect,
12ea9cdf2717680f361bf81d8a2ed9a81d6462c2f5a51d89199dd4a542eb0f76,2024-11,Sussex Police,Sussex Police,-0.475955,50.803341,On or near Club Walk,E01031413,Arun 010B,Criminal damage and arson,Investigation complete; no suspect identified,
607060e1bd11297cc52c27fc7848cc0b1042d451305e08ea8253851942c69341,2024-11,Sussex Police,Sussex Police,-0.482483,50.804685,On or near Seaview Road,E01031413,Arun 010B,Criminal damage and arson,Investigation complete; no suspect identified,
1a3b8b227e021df20b4e95ebe6b59fe847ca5bdafd0daede3f25fba673385eb2,2024-11,Sussex Police,Sussex Police,-0.477676,50.806286,On or near Manor Road,E01031413,Arun 010B,Violence and sexual offences,Unable to prosecute suspect,
,2024-11,Sussex Police,Sussex Police,-0.505047,50.810489,On or near B2140,E01031457,Arun 010C,Anti-social behaviour,,
,2024-11,Sussex Police,Sussex Police,-0.502773,50.812366,On or near Larch Close,E01031457,Arun 010C,Anti-social behaviour,,
cb03b2b414f3bcb431cfb8e8d03b5f6b3a6f4f9df3db0256a13b4a1e05cf1d79,2024-11,Sussex Police,Sussex Police,-0.501842,50.813524,On or near The Coppice,E01031457,Arun 010C,Public order,Investigation complete; no suspect identified,
7aef053bcfaed6022f5d73d7f340c81bfb3eabf0bb96475eb13eaad382914fe4,2024-11,Sussex Police,Sussex Police,-0.504715,50.809774,On or near Supermarket,E01031457,Arun 010C,Shoplifting,Unable to prosecute suspect,
13cc49c02974f7f3831e789b0d72ade3f7689a19603de504008ff0dc0558d80c,2024-11,Sussex Police,Sussex Police,-0.504715,50.809774,On or near Supermarket,E01031457,Arun 010C,Shoplifting,Investigation complete; no suspect identified,
33d08eb388d62e64235f96a439b4fbf79b914f13012dfc7a3604e9fa0e0bab24,2024-11,Sussex Police,Sussex Police,-0.506842,50.810746,On or near Shopping Area,E01031457,Arun 010C,Shoplifting,Awaiting court outcome,
a74cad6850447d4ffb6a96bbeff2f73755e491ec50387f25623e534afdbb35b1,2024-11,Sussex Police,Sussex Police,-0.504715,50.809774,On or near Supermarket,E01031457,Arun 010C,Shoplifting,Further investigation is not in the public interest,
a5717b8e05f021c23d23e8654785e83a20d5fb7d444f031ad8b101d748a2e823,2024-11,Sussex Police,Sussex Police,-0.505047,50.810489,On or near B2140,E01031457,Arun 010C,Violence and sexual offences,Investigation complete; no suspect identified,
56159c3f78e15209a552a43a019b74e3531c40213c8718ec4e305abafd1b0e56,2024-11,Sussex Police,Sussex Police,-0.504021,50.807958,On or near Waverley Road,E01031458,Arun 010D,Burglary,Investigation complete; no suspect identified,
e11e496dd5a5fd469039811b1f0800e370e2cbce76ea3521ef73b490584a6e78,2024-11,Sussex Police,Sussex Police,-0.496516,50.808311,On or near Hawke Close,E01031458,Arun 010D,Other theft,Unable to prosecute suspect,
c1a7f30ad961fb3e9717892bbff3401d5d10393af11429fa11d96ce28934c16f,2024-11,Sussex Police,Sussex Police,-0.497083,50.803912,On or near Botany Close,E01031458,Arun 010D,Vehicle crime,Investigation complete; no suspect identified,
,2024-11,Sussex Police,Sussex Police,-0.515221,50.803883,On or near Chanctonbury Close,E01031460,Arun 010E,Anti-social behaviour,,
38a63738799db4c71baa65f5af665a85158e7960c643ac9c92d24f61b564b273,2024-11,Sussex Police,Sussex Police,-0.509386,50.805275,On or near Shaftesbury Road,E01031460,Arun 010E,Criminal damage and arson,Investigation complete; no suspect identified,
540e888d72daff18da83f6dfab49d1bd23234ad32824c35f926a4c2d2ae6e496,2024-11,Sussex Police,Sussex Police,-0.512120,50.809923,On or near Box Tree Avenue,E01031460,Arun 010E,Other theft,Investigation complete; no suspect identified,
121dca0a24ade2ca9b40ffb2a733fdfb76dd7e886bfdd8445d83b62fa7e8176a,2024-11,Sussex Police,Sussex Police,-0.512120,50.809923,On or near Box Tree Avenue,E01031460,Arun 010E,Other theft,Investigation complete; no suspect identified,
c08a008259d8d9c17e59f4031d8cb3b0ccfa31e07571c2a481cb01d889f8555b,2024-11,Sussex Police,Sussex Police,-0.511558,50.803477,On or near Millfield Close,E01031460,Arun 010E,Vehicle crime,Investigation complete; no suspect identified,
,2024-11,Sussex Police,Sussex Police,-0.528148,50.802590,On or near Parking Area,E01031400,Arun 011A,Anti-social behaviour,,
,2024-11,Sussex Police,Sussex Police,-0.531634,50.805916,On or near Norfolk Road,E01031400,Arun 011A,Anti-social behaviour,,
,2024-11,Sussex Police,Sussex Police,-0.529986,50.804169,On or near Norfolk Place,E01031400,Arun 011A,Anti-social behaviour,,
fb36f447f2cda4f9ab54cc3787052ed0e9645bad630a7300fed5b6269422e99e,2024-11,Sussex Police,Sussex Police,-0.530440,50.804157,On or near South Passage,E01031400,Arun 011A,Criminal damage and arson,Unable to prosecute suspect,
249a5af848747a1b676af7af73b36ba256a9cb1fbceafd1d666e4466deb39590,2024-11,Sussex Police,Sussex Police,-0.529409,50.806275,On or near Trinity Way,E01031400,Arun 011A,Public order,Unable to prosecute suspect,
b06faca4166d97a317d215bc51f1554cfed7344f545c286dca39affe694fd679,2024-11,Sussex Police,Sussex Police,-0.533471,50.806641,On or near St Winefride'S Road,E01031400,Arun 011A,Public order,Investigation complete; no suspect identified,
1e5e156e5643173c1da403382dc84b4fe427fe1f8d971e9177a03fb38549a6ef,2024-11,Sussex Police,Sussex Police,-0.528148,50.802590,On or near Parking Area,E01031400,Arun 011A,Public order,Investigation complete; no suspect identified,
6910fbc75417cddc70bb99ff4474e894751f74182d891c46949df9da7c41ec70,2024-11,Sussex Police,Sussex Police,-0.532481,50.805154,On or near North Place,E01031400,Arun 011A,Vehicle crime,Investigation complete; no suspect identified,
2872646098f1d0a18b32eb69aac665083f1a03717b12878d776de10a44a2c5da,2024-11,Sussex Police,Sussex Police,-0.531634,50.805916,On or near Norfolk Road,E01031400,Arun 011A,Violence and sexual offences,Unable to prosecute suspect,
7fcd0dca98673dea74cb5f43c432d20711147d5b697a079d3872216ab1e61812,2024-11,Sussex Police,Sussex Police,-0.531634,50.805916,On or near Norfolk Road,E01031400,Arun 011A,Violence and sexual offences,Unable to prosecute suspect,
7f5025a97d517e8642f23ab9ebcf7c963614d0de88cc37bf9d6cbd385ee304ae,2024-11,Sussex Police,Sussex Police,-0.532194,50.803900,On or near B2140,E01031400,Arun 011A,Violence and sexual offences,Unable to prosecute suspect,
,2024-11,Sussex Police,Sussex Police,-0.546813,50.811637,On or near Linden Road,E01031428,Arun 011B,Anti-social behaviour,,
,2024-11,Sussex Police,Sussex Police,-0.543606,50.812056,On or near Arundel Road,E01031428,Arun 011B,Anti-social behaviour,,
dd11f594cfae2c4eff449a3e218ee60463dbbd53457ffb0d4d9080b0d96d6cb9,2024-11,Sussex Police,Sussex Police,-0.544633,50.811448,On or near Gloucester Lane,E01031428,Arun 011B,Bicycle theft,Investigation complete; no suspect identified,
775a8570ccee0416e14a7bd82cdb07f28bfba24281abf660b6f12a6d2acf34d2,2024-11,Sussex Police,Sussex Police,-0.547073,50.811029,On or near Howard Road,E01031428,Arun 011B,Criminal damage and arson,Unable to prosecute suspect,
7f0c121dc5d5612e9ba335fa26923e049deae3ffac04a379b4de12b7c2822503,2024-11,Sussex Police,Sussex Police,-0.545115,50.811022,On or near Howard Place,E01031428,Arun 011B,Criminal damage and arson,Investigation complete; no suspect identified,
74334dc18035abed6802f73109f051d8e0d14d1b95271226728dd7ef3b450b77,2024-11,Sussex Police,Sussex Police,-0.548690,50.811076,On or near Gloucester Road,E01031428,Arun 011B,Criminal damage and arson,Investigation complete; no suspect identified,
d4bc0cd57c917b9e190913f10cc3f223999b1b2caa36200bafc651b93241858b,2024-11,Sussex Police,Sussex Police,-0.543280,50.812951,On or near Arundel Road,E01031428,Arun 011B,Other theft,Investigation complete; no suspect identified,
74d7b28ff20a4a67668c1125d7c96683d0782085b4705e23ac92bf17a6091ad8,2024-11,Sussex Police,Sussex Police,-0.546813,50.811637,On or near Linden Road,E01031428,Arun 011B,Vehicle crime,Investigation complete; no suspect identified,
581e9209523f302fa31774d1ff9f701bb857c75a12a4e19be05d5ed6cfa84353,2024-11,Sussex Police,Sussex Police,-0.548690,50.811076,On or near Gloucester Road,E01031428,Arun 011B,Violence and sexual offences,Investigation complete; no suspect identified,
3ce5333067e9bea885d953758692fde58ff7751403ac6ce88b390128920a406e,2024-11,Sussex Police,Sussex Police,-0.547600,50.812348,On or near Talbot Road,E01031428,Arun 011B,Violence and sexual offences,Local resolution,
72d4156e9a02847b62a05d97c5eefa753b2cb3d1a29d119ad8f1972f20516b1b,2024-11,Sussex Police,Sussex Police,-0.545115,50.811022,On or near Howard Place,E01031428,Arun 011B,Violence and sexual offences,Unable to prosecute suspect,
70c53893660e87b992e3e7ca40e2a7dbf814ae3a7b09395041bd7db24faf6a01,2024-11,Sussex Police,Sussex Police,-0.547600,50.812348,On or near Talbot Road,E01031428,Arun 011B,Violence and sexual offences,Investigation complete; no suspect identified,
35d2acaf1e09a7a109f38175c56c26bff6ea4a1ec95e33b418eb7731acb44608,2024-11,Sussex Police,Sussex Police,-0.544633,50.811448,On or near Gloucester Lane,E01031428,Arun 011B,Violence and sexual offences,Action to be taken by another organisation,
c464d9800a96d50327aa0ac1bb820eeaf1fbaf340e471adba5b65d68869b6bf2,2024-11,Sussex Police,Sussex Police,-0.546064,50.812446,On or near East Ham Road,E01031428,Arun 011B,Violence and sexual offences,Investigation complete; no suspect identified,
,2024-11,Sussex Police,Sussex Police,-0.541035,50.803930,On or near Windmill Road,E01031454,Arun 011C,Anti-social behaviour,,
,2024-11,Sussex Police,Sussex Police,-0.541035,50.803930,On or near Windmill Road,E01031454,Arun 011C,Anti-social behaviour,,
,2024-11,Sussex Police,Sussex Police,-0.542012,50.808115,On or near Clifton Road,E01031454,Arun 011C,Anti-social behaviour,,
,2024-11,Sussex Police,Sussex Police,-0.539728,50.808986,On or near Parking Area,E01031454,Arun 011C,Anti-social behaviour,,
,2024-11,Sussex Police,Sussex Police,-0.541782,50.803193,On or near Coastguard Road,E01031454,Arun 011C,Anti-social behaviour,,
,2024-11,Sussex Police,Sussex Police,-0.542012,50.808115,On or near Clifton Road,E01031454,Arun 011C,Anti-social behaviour,,
,2024-11,Sussex Police,Sussex Police,-0.542506,50.809092,On or near Sparks Court,E01031454,Arun 011C,Anti-social behaviour,,
,2024-11,Sussex Police,Sussex Police,-0.541035,50.803930,On or near Windmill Road,E01031454,Arun 011C,Anti-social behaviour,,
,2024-11,Sussex Police,Sussex Police,-0.542506,50.809092,On or near Sparks Court,E01031454,Arun 011C,Anti-social behaviour,,
,2024-11,Sussex Police,Sussex Police,-0.543190,50.809919,On or near Supermarket,E01031454,Arun 011C,Anti-social behaviour,,
,2024-11,Sussex Police,Sussex Police,-0.544639,50.809443,On or near Old Market Lane,E01031454,Arun 011C,Anti-social behaviour,,
ba78b7fe4d02280d8e6084d058baeb8a69d8a36fe4e50ed45f3e484780de14d9,2024-11,Sussex Police,Sussex Police,-0.542546,50.811449,On or near Connaught Road,E01031454,Arun 011C,Bicycle theft,Investigation complete; no suspect identified,
232f00db71d58597d0ccee2d8a7ad9e5893b7afbca27db0896a6d3d921814bd2,2024-11,Sussex Police,Sussex Police,-0.544639,50.809443,On or near Old Market Lane,E01031454,Arun 011C,Bicycle theft,Status update unavailable,
1377ec9f099706697ecb9176866d2b94db981cd65f363f2339daf0a1f6009880,2024-11,Sussex Police,Sussex Police,-0.542967,50.808075,On or near Supermarket,E01031454,Arun 011C,Bicycle theft,Investigation complete; no suspect identified,
9bbb9f2d4bd4c8e19d2431acce6c8058dd9b3634f17f04f12261fac9adb2c2ea,2024-11,Sussex Police,Sussex Police,-0.547655,50.809678,On or near Smallcroft Close,E01031454,Arun 011C,Bicycle theft,Unable to prosecute suspect,
5c179d732697f2e7b9f21c0f7ec057cc47e0956b965e06ed9b471078f972a2ad,2024-11,Sussex Police,Sussex Police,-0.544639,50.809443,On or near Old Market Lane,E01031454,Arun 011C,Bicycle theft,Investigation complete; no suspect identified,
b96cd4b688f17fee72d5e0b367b42309546d6e1d04b8e653bf4ed05178b11ac7,2024-11,Sussex Police,Sussex Police,-0.542506,50.809092,On or near Sparks Court,E01031454,Arun 011C,Burglary,Investigation complete; no suspect identified,
3024373d969e00f8a82b8d566a3559e5c3617d33ecd6516a017fe7fd46b76f39,2024-11,Sussex Police,Sussex Police,-0.542506,50.809092,On or near Sparks Court,E01031454,Arun 011C,Burglary,Investigation complete; no suspect identified,
f661e2fe92cd63cf39d33bc0bf99d10479b9e19a5af5b2deb1bd7b4bb87d07a8,2024-11,Sussex Police,Sussex Police,-0.544639,50.809443,On or near Old Market Lane,E01031454,Arun 011C,Burglary,Investigation complete; no suspect identified,
c66d9c20e6889435093f1a14f722bdba55aa80c2e70c190e8ad7b5306651de1d,2024-11,Sussex Police,Sussex Police,-0.543092,50.806690,On or near Pier Road,E01031454,Arun 011C,Burglary,Investigation complete; no suspect identified,
5c28d0b07d99b10c8a50dae83bb2ac9febcea442c04c8fc3fb7c82b8024459a1,2024-11,Sussex Police,Sussex Police,-0.544639,50.809443,On or near Old Market Lane,E01031454,Arun 011C,Burglary,Unable to prosecute suspect,
bfc7fa48d48e2f0ce1450ec850cce8794412733b96c9b1472349e6444d65f0db,2024-11,Sussex Police,Sussex Police,-0.551066,50.809532,On or near Old Ferry Road,E01031454,Arun 011C,Burglary,Investigation complete; no suspect identified,
c9d0eafaf67518bb5f89f127cdf7ffe30487819d58f9367fbe5d2a18316f4a7a,2024-11,Sussex Police,Sussex Police,-0.542506,50.809092,On or near Sparks Court,E01031454,Arun 011C,Criminal damage and arson,Status update unavailable,
efb6ff129f3ffb6dfce741533007da67d1e5229abbd8345588a6740ad755ce05,2024-11,Sussex Police,Sussex Police,-0.541035,50.803930,On or near Windmill Road,E01031454,Arun 011C,Criminal damage and arson,Status update unavailable,
0bbd6c6440c43f6bec8f3972d714fa6b8a90ce68dc23678181d330a204ea176b,2024-11,Sussex Police,Sussex Police,-0.550358,50.808543,On or near Rope Walk,E01031454,Arun 011C,Criminal damage and arson,Investigation complete; no suspect identified,
09dec105acbfef2009e01d0668e0e937bfd39a19dd8ff5f60cc56ab777f62374,2024-11,Sussex Police,Sussex Police,-0.542967,50.808075,On or near Supermarket,E01031454,Arun 011C,Criminal damage and arson,Unable to prosecute suspect,
3daba5561f3644669cfb3957c666a9da52a86e280bd7770db7a33bc05208211b,2024-11,Sussex Police,Sussex Police,-0.541035,50.803930,On or near Windmill Road,E01031454,Arun 011C,Criminal damage and arson,Unable to prosecute suspect,
e42b718a436acd1806852b8d2418109ec9f42bff54dac8931d52f3ed0cded9c2,2024-11,Sussex Police,Sussex Police,-0.541885,50.809444,On or near High Street,E01031454,Arun 011C,Drugs,Local resolution,
0d429a55629c975cffa7bac2a7a1b934bdd550db0f283a3ccf94f42fb39c0568,2024-11,Sussex Police,Sussex Police,-0.539079,50.808402,On or near Church Approach,E01031454,Arun 011C,Drugs,Further action is not in the public interest,
9117b489ed52374d4504b49d3e692ebebfe00584b7962036846e0dff106912f9,2024-11,Sussex Police,Sussex Police,-0.542010,50.808151,On or near New Road,E01031454,Arun 011C,Drugs,Local resolution,
7bae488a5d8058c078eef71dd5c03e6dc2a70c66a72cf53793471fb664b41e67,2024-11,Sussex Police,Sussex Police,-0.544639,50.809443,On or near Old Market Lane,E01031454,Arun 011C,Other theft,Investigation complete; no suspect identified,
ddd9bc854cc7e862678a8ce7e50d37195f70f4c30895d48c7ec86cb33c3f7d99,2024-11,Sussex Police,Sussex Police,-0.541855,50.813158,On or near Cornwall Gardens,E01031454,Arun 011C,Other theft,Investigation complete; no suspect identified,
8423cfd4ef59835264f2affb5e90c2eb0884a023c16aacbc6ac1c71e3279a4c8,2024-11,Sussex Police,Sussex Police,-0.541885,50.809444,On or near High Street,E01031454,Arun 011C,Other theft,Investigation complete; no suspect identified,
5847dace7c1f251d0bb6ef01b5bd56691127840591d59ce1274011b6bf9e0ec8,2024-11,Sussex Police,Sussex Police,-0.544639,50.809443,On or near Old Market Lane,E01031454,Arun 011C,Possession of weapons,Investigation complete; no suspect identified,
4292a3cf285c23926c6cffa7a1cc43f190f169a6b7b305fcf80129090e0d1a0a,2024-11,Sussex Police,Sussex Police,-0.539728,50.808986,On or near Parking Area,E01031454,Arun 011C,Public order,Unable to prosecute suspect,
b80786899446e9d087b3a808f6acdc22ddc55a8e3618aff235184becc4ab2579,2024-11,Sussex Police,Sussex Police,-0.541035,50.803930,On or near Windmill Road,E01031454,Arun 011C,Public order,Investigation complete; no suspect identified,
03b9c9535e1ae0684118be7890311cd09395843803887388232527c8f5632c0d,2024-11,Sussex Police,Sussex Police,-0.541272,50.809976,On or near Parking Area,E01031454,Arun 011C,Public order,Investigation complete; no suspect identified,
da838578e0ab694fb438ffb29e206c57ae938b5860772ad562fe6fd7b9764069,2024-11,Sussex Police,Sussex Police,-0.541026,50.808777,On or near Arcade Road,E01031454,Arun 011C,Public order,Investigation complete; no suspect identified,
e2ebb08f150c2ff6512ed2861ca4d2e96cd799948985d2d12b892b3eb77fe06c,2024-11,Sussex Police,Sussex Police,-0.541885,50.809444,On or near High Street,E01031454,Arun 011C,Public order,Unable to prosecute suspect,
8bb29d3e1f4651e1346d1db53cdee4669fe144efd43ddd304c6e65f825561626,2024-11,Sussex Police,Sussex Police,-0.541035,50.803930,On or near Windmill Road,E01031454,Arun 011C,Public order,Unable to prosecute suspect,
d0b69c203e80c6c8c08ae8f0cfaa4ca7e121bdbe64c1da2581948a59bec797cf,2024-11,Sussex Police,Sussex Police,-0.539079,50.808402,On or near Church Approach,E01031454,Arun 011C,Public order,Unable to prosecute suspect,
c2d704bfda2eff9d86e7ac2db8c485ce15a062b58860cf98e8a7cd118e8f831e,2024-11,Sussex Police,Sussex Police,-0.542506,50.809092,On or near Sparks Court,E01031454,Arun 011C,Robbery,Status update unavailable,
405c1e954aa4bc27214522254610a6d98c92d3f67060aa606d739535fb2d85c8,2024-11,Sussex Police,Sussex Police,-0.543190,50.809919,On or near Supermarket,E01031454,Arun 011C,Shoplifting,Investigation complete; no suspect identified,
5d01ce43c2feb2f6ded6aaf6b6c05fb08dbdee4d1dbd705b35cd02d1b4609f7a,2024-11,Sussex Police,Sussex Police,-0.542506,50.809092,On or near Sparks Court,E01031454,Arun 011C,Shoplifting,Investigation complete; no suspect identified,
273d77cf3a3012fd2e53c556b5c648f77f1c571f089c2b25524d296a888099f9,2024-11,Sussex Police,Sussex Police,-0.542506,50.809092,On or near Sparks Court,E01031454,Arun 011C,Shoplifting,Investigation complete; no suspect identified,
11f9a6189cf6db720d3ee79ea93a46f4a7a1bef710928f5954286e3839b8e504,2024-11,Sussex Police,Sussex Police,-0.539728,50.808986,On or near Parking Area,E01031454,Arun 011C,Shoplifting,Unable to prosecute suspect,
a6dfbc6b964842dc666ee77bf09ed6a5f6e5428e359aa987309787495651fa05,2024-11,Sussex Police,Sussex Police,-0.543190,50.809919,On or near Supermarket,E01031454,Arun 011C,Shoplifting,Court result unavailable,
4d552a4867446480043ddd85811bf14064b58fe0a0c65478094f156dd3f0278a,2024-11,Sussex Police,Sussex Police,-0.542506,50.809092,On or near Sparks Court,E01031454,Arun 011C,Shoplifting,Investigation complete; no suspect identified,
3efac923730c3363ddfd5275470f43bd5a2acbea12ac05cbcdc59a60f773da90,2024-11,Sussex Police,Sussex Police,-0.543190,50.809919,On or near Supermarket,E01031454,Arun 011C,Shoplifting,Court result unavailable,
6163d3bb685c3d7582706491cc6d67aab2a65cfa25538299f6a8a4763e450248,2024-11,Sussex Police,Sussex Police,-0.543190,50.809919,On or near Supermarket,E01031454,Arun 011C,Shoplifting,Unable to prosecute suspect,
e52724e41016f931d1e6bce563801f0e7e56e310248ef4a11b541b4a4eef7b7f,2024-11,Sussex Police,Sussex Police,-0.543190,50.809919,On or near Supermarket,E01031454,Arun 011C,Shoplifting,Investigation complete; no suspect identified,
f11c5fd9b1b2703adb4c14e80bd38a7e29138e7666eb1734d77fdbe6d98e76ae,2024-11,Sussex Police,Sussex Police,-0.543190,50.809919,On or near Supermarket,E01031454,Arun 011C,Shoplifting,Court result unavailable,
3464e036c7132ab4829c0423e42f98b3cb4efdafb718c8ff3a54657218d21d79,2024-11,Sussex Police,Sussex Police,-0.543190,50.809919,On or near Supermarket,E01031454,Arun 011C,Shoplifting,Investigation complete; no suspect identified,
5ac6974eebe90058972fb1347c2a72fddc7cb24076dd487fe9e9c85373cabd72,2024-11,Sussex Police,Sussex Police,-0.542506,50.809092,On or near Sparks Court,E01031454,Arun 011C,Shoplifting,Investigation complete; no suspect identified,
ebc84b81d606d38bc9e314f5c31777e6db0cc66b5cc31ffbdc77e7a7a480a45f,2024-11,Sussex Police,Sussex Police,-0.542506,50.809092,On or near Sparks Court,E01031454,Arun 011C,Shoplifting,Investigation complete; no suspect identified,
24da6d7645c31b617ac387620ab2699253829ca97f3792eeefb6f09d9de3d2a6,2024-11,Sussex Police,Sussex Police,-0.541026,50.808777,On or near Arcade Road,E01031454,Arun 011C,Theft from the person,Status update unavailable,
fbd8541aa1acf52e3e718b4d4b4ddffa7407d36308f5e470b533d7f1554df7e7,2024-11,Sussex Police,Sussex Police,-0.547472,50.809163,On or near River Road,E01031454,Arun 011C,Vehicle crime,Court result unavailable,
2db6901b3162c10f435415104eb17b772c75b708fed6b11eec54d0151a415826,2024-11,Sussex Police,Sussex Police,-0.542507,50.801313,On or near Parking Area,E01031454,Arun 011C,Vehicle crime,Investigation complete; no suspect identified,
92457e54248979ed41d48da913eba4d51adbe9e9f7ee1dcfa55daabd0f353758,2024-11,Sussex Police,Sussex Police,-0.547655,50.809678,On or near Smallcroft Close,E01031454,Arun 011C,Vehicle crime,Investigation complete; no suspect identified,
61186bd1044102c5fc9a286a6e711d000e4680b4928eb7b36bc6a4bfbd6d9d37,2024-11,Sussex Police,Sussex Police,-0.547655,50.809678,On or near Smallcroft Close,E01031454,Arun 011C,Vehicle crime,Investigation complete; no suspect identified,
a0a39936d1be158d48a70c2d977c44304556343f0c3a51d469273a229b28379c,2024-11,Sussex Police,Sussex Police,-0.542012,50.808115,On or near Clifton Road,E01031454,Arun 011C,Vehicle crime,Investigation complete; no suspect identified,
1651cdfdf75cb55250bb5f1815b8706784b25019106908f93335e714881379be,2024-11,Sussex Police,Sussex Police,-0.541855,50.813158,On or near Cornwall Gardens,E01031454,Arun 011C,Vehicle crime,Investigation complete; no suspect identified,
5c799e4bbf8a0bfc05c3556c387338bb0ec9b69f9cd68584ae296b6cf7d96764,2024-11,Sussex Police,Sussex Police,-0.541885,50.809444,On or near High Street,E01031454,Arun 011C,Violence and sexual offences,Status update unavailable,
8795005175a1ae12eb0884905753ab75f15f8da9f8ac1dc200d5b479021cfcee,2024-11,Sussex Police,Sussex Police,-0.541885,50.809444,On or near High Street,E01031454,Arun 011C,Violence and sexual offences,Unable to prosecute suspect,
da57827a9b6da21092b1eea5a129aa785a315dce5e08e88acd1594d9a4cbfdea,2024-11,Sussex Police,Sussex Police,-0.539079,50.808402,On or near Church Approach,E01031454,Arun 011C,Violence and sexual offences,Unable to prosecute suspect,
2952e7397e57e63df3413aacf48f7f5c3a6dbe75a316a2b49da3801bd4662ccd,2024-11,Sussex Police,Sussex Police,-0.544639,50.809443,On or near Old Market Lane,E01031454,Arun 011C,Violence and sexual offences,Unable to prosecute suspect,
bd4eee02204881f4925a1f381487146be33e68afb45ffa37367ff3969fd6148d,2024-11,Sussex Police,Sussex Police,-0.541035,50.803930,On or near Windmill Road,E01031454,Arun 011C,Violence and sexual offences,Investigation complete; no suspect identified,
62066d316f093c46866e2b05a1019e052b3a603acdf3402157490ad91392c5f8,2024-11,Sussex Police,Sussex Police,-0.541962,50.812449,On or near York Road,E01031454,Arun 011C,Violence and sexual offences,Investigation complete; no suspect identified,
2debe329110481c4fe58db05709675abf0f3e2865035d446112dd64813a5cac0,2024-11,Sussex Police,Sussex Police,-0.541035,50.803930,On or near Windmill Road,E01031454,Arun 011C,Violence and sexual offences,Unable to prosecute suspect,
6c9074c3cd36751552315dbe4d74d2ae8e1015469c7f4d1054de9473a6f7b3db,2024-11,Sussex Police,Sussex Police,-0.541885,50.809444,On or near High Street,E01031454,Arun 011C,Violence and sexual offences,Investigation complete; no suspect identified,
c63bf713df4fa1ae985529d2546404f5383a15d4b8ba4f7a25d2cabd4ecfda80,2024-11,Sussex Police,Sussex Police,-0.541035,50.803930,On or near Windmill Road,E01031454,Arun 011C,Violence and sexual offences,Status update unavailable,
9989bdef15aba9baf7e90cc6e9d312c3c8d09123e228c97cfa676a5e0330eb72,2024-11,Sussex Police,Sussex Police,-0.541035,50.803930,On or near Windmill Road,E01031454,Arun 011C,Violence and sexual offences,Investigation complete; no suspect identified,
25c526cc4fe16253a8c28f0e9df8741eade73a9b832fcabbd748e14da2363dba,2024-11,Sussex Police,Sussex Police,-0.542010,50.808151,On or near New Road,E01031454,Arun 011C,Violence and sexual offences,Status update unavailable,
ea1918c649103af3b87d3dfb0bb8fedcf26462db26e57fe509ff31715f211820,2024-11,Sussex Police,Sussex Police,-0.542506,50.809092,On or near Sparks Court,E01031454,Arun 011C,Violence and sexual offences,Local resolution,
c31ac386c7e3700b1033d8fd460198ae3c867a9d1fd45ee34d126ec9dbbb98df,2024-11,Sussex Police,Sussex Police,-0.542012,50.808115,On or near Clifton Road,E01031454,Arun 011C,Violence and sexual offences,Unable to prosecute suspect,
2e20b8ff46f9e70995e312da76096dd7bdc29b827372a4a5f6cc0ff1451be6ab,2024-11,Sussex Police,Sussex Police,-0.544639,50.809443,On or near Old Market Lane,E01031454,Arun 011C,Violence and sexual offences,Unable to prosecute suspect,
89749544aa4e7c4a40dc3fc56ac26dbfcaa52605a05ee1026c98f27d5fb78fc6,2024-11,Sussex Police,Sussex Police,-0.542506,50.809092,On or near Sparks Court,E01031454,Arun 011C,Violence and sexual offences,Unable to prosecute suspect,
02cef682e98c4d20830753ad09dc6d5387d24e040bd54d2461a7497c01f620e4,2024-11,Sussex Police,Sussex Police,-0.540066,50.804053,On or near Parking Area,E01031454,Arun 011C,Violence and sexual offences,Action to be taken by another organisation,
98f7043f170a71e8d2d91aea4c690ea7b07bf96b9bfe263dd3d513d768bf85d3,2024-11,Sussex Police,Sussex Police,-0.541035,50.803930,On or near Windmill Road,E01031454,Arun 011C,Violence and sexual offences,Investigation complete; no suspect identified,
8908b51344aeb0fa70babeef47a38421024d5417ce639cefecda2dcd5971b9c2,2024-11,Sussex Police,Sussex Police,-0.544639,50.809443,On or near Old Market Lane,E01031454,Arun 011C,Violence and sexual offences,Unable to prosecute suspect,
216fb36f052b74a230477d5c24a2abe0b781eae4dae142e2739853f8ce6dc945,2024-11,Sussex Police,Sussex Police,-0.537857,50.803890,On or near Banjo Road,E01031454,Arun 011C,Violence and sexual offences,Unable to prosecute suspect,
2ffdcfd0724abee956befefcfc4ef34d62afdefa0b5c092c62d7b19e7bb547d5,2024-11,Sussex Police,Sussex Police,-0.539079,50.808402,On or near Church Approach,E01031454,Arun 011C,Violence and sexual offences,Unable to prosecute suspect,
38a0dd3eeb92d639018a788528163aef917e3bb81967e2669595899d53d39a79,2024-11,Sussex Police,Sussex Police,-0.541885,50.809444,On or near High Street,E01031454,Arun 011C,Violence and sexual offences,Unable to prosecute suspect,
ed859074ad930217640c5c6d4b31a0c7cd79d2201444f90e4e296e8ff385273a,2024-11,Sussex Police,Sussex Police,-0.550358,50.808543,On or near Rope Walk,E01031454,Arun 011C,Violence and sexual offences,Unable to prosecute suspect,
1f3e7cc4a1e5ed1340665873bf855cafebbbdac0b1726afc6e01625dd7914c07,2024-11,Sussex Police,Sussex Police,-0.542506,50.809092,On or near Sparks Court,E01031454,Arun 011C,Violence and sexual offences,Unable to prosecute suspect,
253b39fc9f5eb44508efbdfe286a1802fcab91a71f67c84548680e8498e2b684,2024-11,Sussex Police,Sussex Police,-0.544639,50.809443,On or near Old Market Lane,E01031454,Arun 011C,Violence and sexual offences,Status update unavailable,
17ddfa4ee99e7fed97d29eee1e513c0830d271b5c16b5cf1b29a353c86f99815,2024-11,Sussex Police,Sussex Police,-0.543092,50.806690,On or near Pier Road,E01031454,Arun 011C,Violence and sexual offences,Unable to prosecute suspect,
119d15720111f5e7d67b13a9cea50c6f8eed0f3ec58f521fb23539837070b37b,2024-11,Sussex Police,Sussex Police,-0.544639,50.809443,On or near Old Market Lane,E01031454,Arun 011C,Violence and sexual offences,Unable to prosecute suspect,
477fb6239ebbf2493a6e88f10c3935519db5553eabd206759c82bb0d166c6c2d,2024-11,Sussex Police,Sussex Police,-0.541035,50.803930,On or near Windmill Road,E01031454,Arun 011C,Violence and sexual offences,Unable to prosecute suspect,
,2024-11,Sussex Police,Sussex Police,-0.541541,50.806355,On or near Bayford Road,E01031456,Arun 011D,Anti-social behaviour,,
,2024-11,Sussex Police,Sussex Police,-0.536102,50.804192,On or near South Terrace,E01031456,Arun 011D,Anti-social behaviour,,
c109a9259acd16e80c2e783832b6ff0c13a633fe2cb3462107e21fd19917c521,2024-11,Sussex Police,Sussex Police,-0.541541,50.806355,On or near Bayford Road,E01031456,Arun 011D,Criminal damage and arson,Unable to prosecute suspect,
c33f24e570e6895e2d6ac223cf32d449b7d9220db44e060f7332fc769a0ce7dd,2024-11,Sussex Police,Sussex Police,-0.536102,50.804192,On or near South Terrace,E01031456,Arun 011D,Drugs,Local resolution,
635b260520b50b4b007618d2a0cdd4046c192163e372d2aa9ad11106d82b2a5e,2024-11,Sussex Police,Sussex Police,-0.534679,50.804777,On or near St Augustine Road,E01031456,Arun 011D,Other theft,Unable to prosecute suspect,
c5effa25a5f7d2489b4c8091565a0462475880adc540d45b53b58f2e76fb3670,2024-11,Sussex Police,Sussex Police,-0.536102,50.804192,On or near South Terrace,E01031456,Arun 011D,Other theft,Investigation complete; no suspect identified,
34b7953de09671a5bc282f9cda332635e396266ea6ca0805849a7590bfa76a0c,2024-11,Sussex Police,Sussex Police,-0.540451,50.806270,On or near St Catherine'S Road,E01031456,Arun 011D,Other theft,Investigation complete; no suspect identified,
8cd2f2457691d8184d8220def0f9c236c4498d7da62218dd5bff3b5e630954e3,2024-11,Sussex Police,Sussex Police,-0.541541,50.806355,On or near Bayford Road,E01031456,Arun 011D,Other theft,Investigation complete; no suspect identified,
e7c8b6a87d99cad6ba5aec8d3329a8bef4ff9ff0180ad4728b22c0f23d3d924f,2024-11,Sussex Police,Sussex Police,-0.540451,50.806270,On or near St Catherine'S Road,E01031456,Arun 011D,Possession of weapons,Unable to prosecute suspect,
38c8a2efea1597d1d9b3accb7c72dd329d9d4ebd96bb19950198a0d58a63ad31,2024-11,Sussex Police,Sussex Police,-0.540451,50.806270,On or near St Catherine'S Road,E01031456,Arun 011D,Public order,Investigation complete; no suspect identified,
92f5ccb44d66cf473ab99c5985ad7ae620bd0a42f1ff79f34ba189ea8644b3c3,2024-11,Sussex Police,Sussex Police,-0.536102,50.804192,On or near South Terrace,E01031456,Arun 011D,Vehicle crime,Investigation complete; no suspect identified,
8e25a9160ada9404df9480b8065d8dbc57ce181471fb1857f829ec9b6592a592,2024-11,Sussex Police,Sussex Police,-0.536488,50.805932,On or near Granville Road,E01031456,Arun 011D,Vehicle crime,Investigation complete; no suspect identified,
bff1a478482239c822be24a5ff1fc060dca5255576967468aa755f8cdbd533ed,2024-11,Sussex Police,Sussex Police,-0.540451,50.806270,On or near St Catherine'S Road,E01031456,Arun 011D,Violence and sexual offences,Unable to prosecute suspect,
b7ff1f252ce47dacf976cb9f9897f05df64eeb040b4f3d4e1657c75bcc8aa0a1,2024-11,Sussex Police,Sussex Police,-0.540451,50.806270,On or near St Catherine'S Road,E01031456,Arun 011D,Violence and sexual offences,Unable to prosecute suspect,
ac56f0cd405a0e61814ae22a9d08712dacf73a37e8f9704af10311af781f1214,2024-11,Sussex Police,Sussex Police,-0.540451,50.806270,On or near St Catherine'S Road,E01031456,Arun 011D,Violence and sexual offences,Unable to prosecute suspect,
f760eb0c284aa21ea1f054dd67ec2e9cd5ceb5176095336b9397b6872fed198b,2024-11,Sussex Police,Sussex Police,-0.540451,50.806270,On or near St Catherine'S Road,E01031456,Arun 011D,Violence and sexual offences,Investigation complete; no suspect identified,
cc8bdc388b5c3a4ba4c16974f3a258f6cb373a64a6f66a89bfc92caf18fcef63,2024-11,Sussex Police,Sussex Police,-0.536102,50.804192,On or near South Terrace,E01031456,Arun 011D,Violence and sexual offences,Investigation complete; no suspect identified,
59612890fde8d5bfa911de56f2260be48e9e1f96993ec43eef7d554ee1ea63de,2024-11,Sussex Police,Sussex Police,-0.541541,50.806355,On or near Bayford Road,E01031456,Arun 011D,Violence and sexual offences,Unable to prosecute suspect,
f8990361027670b889190b1f66f2b1a64453b37c3d86862dbe2a4fb187aed32f,2024-11,Sussex Police,Sussex Police,-0.540451,50.806270,On or near St Catherine'S Road,E01031456,Arun 011D,Violence and sexual offences,Investigation complete; no suspect identified,
776e12d030898317585ce01972be3a380530abe90f4bda94ce4440206e3c6d30,2024-11,Sussex Police,Sussex Police,-0.536102,50.804192,On or near South Terrace,E01031456,Arun 011D,Violence and sexual offences,Unable to prosecute suspect,
be1d62be083879d5de21054bcf6ed8f77dcdbd863a8db541d557d4fe2fe053a5,2024-11,Sussex Police,Sussex Police,-0.536102,50.804192,On or near South Terrace,E01031456,Arun 011D,Violence and sexual offences,Unable to prosecute suspect,
29872cd1fa75c5927ed727a6fd89c8e5d13a848b90d4c5410be94b0df51864a3,2024-11,Sussex Police,Sussex Police,-0.537623,50.805020,On or near Irvine Road,E01031456,Arun 011D,Other crime,Court result unavailable,
16b249b07e034fb50391edb20e41e5aec7f27992978c8c288bae431c9d5773c5,2024-11,Sussex Police,Sussex Police,-0.665848,50.797600,On or near Supermarket,E01031402,Arun 012B,Bicycle theft,Investigation complete; no suspect identified,
ee8eb54fb961b470605eb737125c5d478c4e081ac1ce216ed1a983b7a9280a78,2024-11,Sussex Police,Sussex Police,-0.668671,50.799629,On or near Headley Drive,E01031402,Arun 012B,Burglary,Court result unavailable,
a19a392710a42a38fd986909de89ff05c09d33ead402408841e7b603f77c126e,2024-11,Sussex Police,Sussex Police,-0.668671,50.799629,On or near Headley Drive,E01031402,Arun 012B,Burglary,Investigation complete; no suspect identified,
c31a67c55851fab69a44d84c21eac73a6ff168a92c17c11adb7c139df038c76b,2024-11,Sussex Police,Sussex Police,-0.674546,50.801117,On or near Heath Place,E01031402,Arun 012B,Burglary,Status update unavailable,
f164c4799db4094afdf26fc3a41aab64a49de15d970f2098e843be385d6e3b3c,2024-11,Sussex Police,Sussex Police,-0.674546,50.801117,On or near Heath Place,E01031402,Arun 012B,Burglary,Status update unavailable,
131f4180bf091cee0e54cb785b01df13a72db132349d1e170c54cc1552989bb4,2024-11,Sussex Police,Sussex Police,-0.674546,50.801117,On or near Heath Place,E01031402,Arun 012B,Burglary,Status update unavailable,
36df8d97481148359c09876331f2b1f0ac86308294458e6c67c12d5fa31170c2,2024-11,Sussex Police,Sussex Police,-0.668741,50.809153,On or near Orchard Place,E01031402,Arun 012B,Other theft,Investigation complete; no suspect identified,
6feb01046d9926661199333163ead0fe460f70dfcb6e43229d18231d8e6cb63a,2024-11,Sussex Police,Sussex Police,-0.665848,50.797600,On or near Supermarket,E01031402,Arun 012B,Public order,Investigation complete; no suspect identified,
83d23ad1bce0e43ac03122e4fc694ecc94a2314a668de0d3bb9c4e8a7f16e898,2024-11,Sussex Police,Sussex Police,-0.665848,50.797600,On or near Supermarket,E01031402,Arun 012B,Public order,Court result unavailable,
378358241d1617f0d9fb87d57ad523999785ebf97ed8ad2daad9822326bce517,2024-11,Sussex Police,Sussex Police,-0.665848,50.797600,On or near Supermarket,E01031402,Arun 012B,Shoplifting,Court result unavailable,
232df580bc2da7ea00039c7fc28c4dc0a864252032980d93b25b5a81b1b9962c,2024-11,Sussex Police,Sussex Police,-0.668741,50.809153,On or near Orchard Place,E01031402,Arun 012B,Shoplifting,Investigation complete; no suspect identified,
852892ba977e61af5c269f8f2371a8d6eb1af991a234d99be5430e8b8571bb4e,2024-11,Sussex Police,Sussex Police,-0.667085,50.802515,On or near Petrol Station,E01031402,Arun 012B,Shoplifting,Unable to prosecute suspect,
3a12b6e277f860ed465bd514f2665fd88e989893f13ec8e0e98b6e75ced06475,2024-11,Sussex Police,Sussex Police,-0.665848,50.797600,On or near Supermarket,E01031402,Arun 012B,Shoplifting,Investigation complete; no suspect identified,
ce39c04e8fce4813f7b6c733120cb30eaf24080967f4f8a08d6889f212866772,2024-11,Sussex Police,Sussex Police,-0.681585,50.803633,On or near Addison Way,E01031402,Arun 012B,Vehicle crime,Investigation complete; no suspect identified,
57aec70dc18270d5faa81baa6ea704871c56839ba55911513acd55f3f8193b1c,2024-11,Sussex Police,Sussex Police,-0.668741,50.809153,On or near Orchard Place,E01031402,Arun 012B,Violence and sexual offences,Unable to prosecute suspect,
d12d13859d20f097ca96f30fb287d87d63b495dacca4c7c6f039c545d93dce22,2024-11,Sussex Police,Sussex Police,-0.679231,50.801080,On or near Berghestede Road,E01031402,Arun 012B,Violence and sexual offences,Unable to prosecute suspect,
1a8c82dfc8d884b59cbfbf72f8c52534784b0af181c8c1289541a71f00824c7d,2024-11,Sussex Police,Sussex Police,-0.667085,50.802515,On or near Petrol Station,E01031402,Arun 012B,Violence and sexual offences,Unable to prosecute suspect,
,2024-11,Sussex Police,Sussex Police,-0.689834,50.800453,On or near Meadow Way,E01031403,Arun 012C,Anti-social behaviour,,
c9679ff81bc98b31a81e75f869e67a91d5786e4d8b8494557c7f3fac77735d57,2024-11,Sussex Police,Sussex Police,-0.689508,50.796888,On or near Elm Tree Close,E01031403,Arun 012C,Criminal damage and arson,Investigation complete; no suspect identified,
e9b8f1dc91b1c6a0edacfd41b0b43d8683058d9e7b1119d487dbf4cd5819b080,2024-11,Sussex Police,Sussex Police,-0.687560,50.802118,On or near Westfield,E01031403,Arun 012C,Other theft,Investigation complete; no suspect identified,
61a30f514cee847910255eda77a67d0ee9202166d2b2259bc7bdac786377bf85,2024-11,Sussex Police,Sussex Police,-0.688364,50.796219,On or near Chichester Road,E01031403,Arun 012C,Vehicle crime,Status update unavailable,
326a54eb689c9afe030b1edfe890a28a9bad1594534d3bd459f13fb123786b4d,2024-11,Sussex Police,Sussex Police,-0.687560,50.802118,On or near Westfield,E01031403,Arun 012C,Violence and sexual offences,Unable to prosecute suspect,
,2024-11,Sussex Police,Sussex Police,-0.685736,50.799867,On or near Van Gogh Place,E01031405,Arun 012D,Anti-social behaviour,,
,2024-11,Sussex Police,Sussex Police,-0.687897,50.796681,On or near Dove Court,E01031405,Arun 012D,Anti-social behaviour,,
,2024-11,Sussex Police,Sussex Police,-0.687897,50.796681,On or near Dove Court,E01031405,Arun 012D,Anti-social behaviour,,
52f9eae59e971d614950766baebb7cf2afcfd3227b0bd92c678afb1bd21c6bf2,2024-11,Sussex Police,Sussex Police,-0.680704,50.798550,On or near Sports/Recreation Area,E01031405,Arun 012D,Burglary,Investigation complete; no suspect identified,
0ebe13ba96d2769a795aa184162f45759ce02be4b193f96b40b07d332a5528c7,2024-11,Sussex Police,Sussex Police,-0.683468,50.797755,On or near Greenwood Close,E01031405,Arun 012D,Other theft,Status update unavailable,
0e8755ee23b923f5ddee02e610c1fdbcfdd1cf1b0f11b83771b6f602677dbfc5,2024-11,Sussex Police,Sussex Police,-0.682011,50.798098,On or near Durlston Drive,E01031405,Arun 012D,Shoplifting,Unable to prosecute suspect,
cc9632ab324b1bcde96a0407415223292c02496c03194e978ec29c862fb13bac,2024-11,Sussex Police,Sussex Police,-0.682011,50.798098,On or near Durlston Drive,E01031405,Arun 012D,Shoplifting,Investigation complete; no suspect identified,
e7852d18b6b89134d0a9d61752998bead7399342a0eac33f0b9ce1bb503ed2c4,2024-11,Sussex Police,Sussex Police,-0.682011,50.798098,On or near Durlston Drive,E01031405,Arun 012D,Shoplifting,Investigation complete; no suspect identified,
e85c6e70fa6d94886d47f2e991e8ce27e25a4d627ad9e32b77a88010f08eeaa9,2024-11,Sussex Police,Sussex Police,-0.682011,50.798098,On or near Durlston Drive,E01031405,Arun 012D,Violence and sexual offences,Court result unavailable,
01f2414edc0eef8d9dd6f1cb92bd5507faecbfd2ba8a5b40ea8e0bbb247e3384,2024-11,Sussex Police,Sussex Police,-0.687023,50.797472,On or near Sherwood Road,E01031405,Arun 012D,Violence and sexual offences,Unable to prosecute suspect,
a7d46591dfaf997ce9aa89df7358471c9a998d9ce49a74e172bf054ab0d638c9,2024-11,Sussex Police,Sussex Police,-0.699431,50.794184,On or near Frandor Road,E01031406,Arun 012E,Criminal damage and arson,Investigation complete; no suspect identified,
42d41b1ceef9c1d1d292dab799ddc6733d1cb4ffd5a2e6e2669ac09f472fb4b2,2024-11,Sussex Police,Sussex Police,-0.699431,50.794184,On or near Frandor Road,E01031406,Arun 012E,Criminal damage and arson,Investigation complete; no suspect identified,
83c9521bbe1e244fe6bae85b7ced12e0af0094f842dd6e7cab8c0ce797d94c69,2024-11,Sussex Police,Sussex Police,-0.699431,50.794184,On or near Frandor Road,E01031406,Arun 012E,Criminal damage and arson,Investigation complete; no suspect identified,
e71c2fc85856d1a3afad9267b02a68e456e27c683738f95c93b06d1a45a4fc17,2024-11,Sussex Police,Sussex Police,-0.699178,50.794613,On or near Davids Close,E01031406,Arun 012E,Violence and sexual offences,Unable to prosecute suspect,
,2024-11,Sussex Police,Sussex Police,-0.693422,50.804099,On or near Morris Square,E01034822,Arun 012F,Anti-social behaviour,,
cf643d83135cf09220f073648527d898c049e11b5361585d9691f3273cb387af,2024-11,Sussex Police,Sussex Police,-0.696300,50.802702,On or near Ashbee Gardens,E01034822,Arun 012F,Bicycle theft,Investigation complete; no suspect identified,
b174f18507c44a7b9c4ec7261ed94fa9be3383152193b65367830192caa40633,2024-11,Sussex Police,Sussex Police,-0.691845,50.802661,On or near Kelmscott Way,E01034822,Arun 012F,Burglary,Investigation complete; no suspect identified,
be9cdd4ae0cdcbf33e911f3ae690c4d07dafcce5a3bc80fd7a02e59afe52f1e8,2024-11,Sussex Police,Sussex Police,-0.692828,50.804039,On or near Lethaby Road,E01034822,Arun 012F,Criminal damage and arson,Investigation complete; no suspect identified,
2fd253b95fce70ce884f9ba0a871cf323ee1a97efeedccb8104a66506cf972b2,2024-11,Sussex Police,Sussex Police,-0.700985,50.807241,On or near Babsham Lane,E01034822,Arun 012F,Other theft,Investigation complete; no suspect identified,
0e1b118118226a16030231545c2d2b7e4e70d08381f3291676ea71ebf26908e5,2024-11,Sussex Police,Sussex Police,-0.700985,50.807241,On or near Babsham Lane,E01034822,Arun 012F,Public order,Investigation complete; no suspect identified,
9a6090b17a70a6d816d074c9e3329e94898b38fffebc3541005594a6f863704f,2024-11,Sussex Police,Sussex Police,-0.693215,50.803387,On or near Sonning Crescent,E01034822,Arun 012F,Public order,Investigation complete; no suspect identified,
79c6cdeb11270d8e2557da0f3ad58b1aa0981b867dedee0f86d93676f2f69c34,2024-11,Sussex Police,Sussex Police,-0.698532,50.804597,On or near Ryefield Road,E01034822,Arun 012F,Violence and sexual offences,Unable to prosecute suspect,
7f6d2dc9e3d222034db0fed8523f72965a10fa6258923c06a6d4ff792aff03cb,2024-11,Sussex Police,Sussex Police,-0.698532,50.804597,On or near Ryefield Road,E01034822,Arun 012F,Violence and sexual offences,Unable to prosecute suspect,
,2024-11,Sussex Police,Sussex Police,-0.701199,50.804114,On or near Loats Lane,E01034823,Arun 012G,Anti-social behaviour,,
eba7752d5df3103824249b8ed2113c6f1d6d65fc27a7046441720b38d74ea77e,2024-11,Sussex Police,Sussex Police,-0.694897,50.800600,On or near Ashurst Close,E01034823,Arun 012G,Other theft,Investigation complete; no suspect identified,
ae5a28ffe32b95399e516407a63e120d93192c48e05fe389f43311343c2ad93c,2024-11,Sussex Police,Sussex Police,-0.693386,50.799306,On or near St Clare'S Gardens,E01034823,Arun 012G,Shoplifting,Investigation complete; no suspect identified,
b997dab395f4a5e1651213ccb88ae78cf773433b59c1d4f23973ecf72029d566,2024-11,Sussex Police,Sussex Police,-0.699046,50.802930,On or near Petrol Station,E01034823,Arun 012G,Shoplifting,Investigation complete; no suspect identified,
2345f35c2a6cf7b727d25a4fee70779a13702799abe7c35180bf05eaf072c8c0,2024-11,Sussex Police,Sussex Police,-0.694169,50.799224,On or near Sun Park Close,E01034823,Arun 012G,Vehicle crime,Investigation complete; no suspect identified,
3e8ec6347a31202069c642572b25ff671f3468354f0320bc2e9c990b5730d02c,2024-11,Sussex Police,Sussex Police,-0.693386,50.799306,On or near St Clare'S Gardens,E01034823,Arun 012G,Violence and sexual offences,Investigation complete; no suspect identified,
540ca81e0f4e85ffaa8508dfc1e3dbbc5ab9a0867e2a728c5a5afb7f3da986a6,2024-11,Sussex Police,Sussex Police,-0.694897,50.800600,On or near Ashurst Close,E01034823,Arun 012G,Violence and sexual offences,Investigation complete; no suspect identified,
6b3870da7d2112d4f1d2e2a768345695cd34fa26694ab28afb11ea50b97b7583,2024-11,Sussex Police,Sussex Police,-0.699046,50.802930,On or near Petrol Station,E01034823,Arun 012G,Violence and sexual offences,Local resolution,
a2aeccc31e9a25b97b8443adf2c9de81791d116c1c52a618c071aaca10833ebf,2024-11,Sussex Police,Sussex Police,-0.633095,50.798201,On or near Summerhill Drive,E01031417,Arun 013A,Criminal damage and arson,Investigation complete; no suspect identified,
67c758346fedcf851d6bc60ea03b845e3feea335367e905abe4d0436eaba6a03,2024-11,Sussex Police,Sussex Police,-0.633954,50.800343,On or near Alfriston Close,E01031417,Arun 013A,Other theft,Investigation complete; no suspect identified,
930868076af0053f34027c0a585ba5bb9d5de0ce8aa6b15c382a05894b6fe0eb,2024-11,Sussex Police,Sussex Police,-0.644332,50.804133,On or near Stanover Lane,E01031417,Arun 013A,Violence and sexual offences,Unable to prosecute suspect,
d544e2facec85336406a1374e12cf6cf02e2f7903100a0f637479318b0265ff6,2024-11,Sussex Police,Sussex Police,-0.644332,50.804133,On or near Stanover Lane,E01031417,Arun 013A,Violence and sexual offences,Unable to prosecute suspect,
f999b915e3c0de08e878278c12caf1bf5ed91a2830f80bdcb3492ecb7eff3993,2024-11,Sussex Police,Sussex Police,-0.634142,50.801226,On or near Worms Lane,E01031417,Arun 013A,Violence and sexual offences,Investigation complete; no suspect identified,
ce8af4915efcbf9940c207ef4c49ecfabec1e9ea2a83f1371e9ac35819521543,2024-11,Sussex Police,Sussex Police,-0.644332,50.804133,On or near Stanover Lane,E01031417,Arun 013A,Violence and sexual offences,Unable to prosecute suspect,
a6558493d15d90c23678181db974d102d6f3100ff6d0677326d3b4af333ea88d,2024-11,Sussex Police,Sussex Police,-0.629210,50.800503,On or near Findon Drive,E01031417,Arun 013A,Violence and sexual offences,Unable to prosecute suspect,
d397a097666c9924a02fa9a600fde5a21746fc7936e06dae332f02f74fb66fc9,2024-11,Sussex Police,Sussex Police,-0.639238,50.802644,On or near Hoe Lane,E01031417,Arun 013A,Violence and sexual offences,Unable to prosecute suspect,
,2024-11,Sussex Police,Sussex Police,-0.626293,50.797384,On or near Merlin Way,E01031438,Arun 013B,Anti-social behaviour,,
da0c06b82ca84169f49fa2826587110480a8dc8963040a430bd0748b685154be,2024-11,Sussex Police,Sussex Police,-0.627005,50.796826,On or near Montgomery Drive,E01031438,Arun 013B,Criminal damage and arson,Investigation complete; no suspect identified,
38f0e17c150cc0a2bcdb110f8e52804745f2e568c41a08718b2bc71a597f6af2,2024-11,Sussex Police,Sussex Police,-0.613917,50.795079,On or near Lucking Lane,E01031438,Arun 013B,Violence and sexual offences,Local resolution,
4de033ed880496af7918b7438e74479313e791e7257dc92381313249e90392c2,2024-11,Sussex Police,Sussex Police,-0.627177,50.795802,On or near Priestley Way,E01031438,Arun 013B,Violence and sexual offences,Investigation complete; no suspect identified,
959be6d6226528bc4ce38314312d22a1669b33b2ae21ec8a92c6973e4ad56697,2024-11,Sussex Police,Sussex Police,-0.627177,50.795802,On or near Priestley Way,E01031438,Arun 013B,Violence and sexual offences,Unable to prosecute suspect,
0ca6df5c0f64990eb6c3b4285ee0e3239c420d5328fe83ea9f3f6bfe487d66e1,2024-11,Sussex Police,Sussex Police,-0.623896,50.796375,On or near Aspen Way,E01031438,Arun 013B,Violence and sexual offences,Unable to prosecute suspect,
ed6d794fd136b8490cf67ff02cae5567e67a8bb4271112a633450bfe6790ee90,2024-11,Sussex Police,Sussex Police,-0.623723,50.797425,On or near Lilac Close,E01031438,Arun 013B,Other crime,Status update unavailable,
d78d91ce606e7c5a97b5a658c8f64010f8192626d752da4c12a9da7b17059279,2024-11,Sussex Police,Sussex Police,-0.611104,50.793265,On or near Elmer Road,E01031439,Arun 013C,Burglary,Investigation complete; no suspect identified,
b3345fc0be7006a5478dc592236518110defcb9c2b533b403a37e33f37a7f101,2024-11,Sussex Police,Sussex Police,-0.611104,50.793265,On or near Elmer Road,E01031439,Arun 013C,Violence and sexual offences,Unable to prosecute suspect,
,2024-11,Sussex Police,Sussex Police,-0.606036,50.795732,On or near Sunnymead Close,E01031440,Arun 013D,Anti-social behaviour,,
7ae14f803fc06b38f831ffd6ee8ae55f73936c875ea2642675dc509f47627ac2,2024-11,Sussex Police,Sussex Police,-0.600654,50.794462,On or near Ancton Way,E01031440,Arun 013D,Burglary,Unable to prosecute suspect,
365585924f22dc5fdf7b741808151df998c12fb6188313c8b6ef62fe5d6147b6,2024-11,Sussex Police,Sussex Police,-0.600654,50.794462,On or near Ancton Way,E01031440,Arun 013D,Criminal damage and arson,Investigation complete; no suspect identified,
d22c27481f858255f07ab5b7d1098c76d527c2d70773d39730ec6643967443cc,2024-11,Sussex Police,Sussex Police,-0.606036,50.795732,On or near Sunnymead Close,E01031440,Arun 013D,Public order,Local resolution,
58bdc4251b5b096d779c93092d4eda005e42e5d836ab65eb23542ca99e82185b,2024-11,Sussex Police,Sussex Police,-0.601342,50.791862,On or near Manor Way,E01031440,Arun 013D,Violence and sexual offences,Unable to prosecute suspect,
a83d4328d61b737ebae43cc71935b41e29d4d7c5f36d86e8047e2a921432f68c,2024-11,Sussex Police,Sussex Police,-0.601342,50.791862,On or near Manor Way,E01031440,Arun 013D,Violence and sexual offences,Status update unavailable,
,2024-11,Sussex Police,Sussex Police,-0.674675,50.802593,On or near Fir Tree Way,E01031404,Arun 014A,Anti-social behaviour,,
e735345b686237a95ea86cd66ca94e4f8740ff6e4f70edff3a70dda8d4508d32,2024-11,Sussex Police,Sussex Police,-0.681222,50.800555,On or near Sports/Recreation Area,E01031404,Arun 014A,Burglary,Unable to prosecute suspect,
d06410737ecbeb58c63f534b1cd5cca47d558309456df7157b28c42f698e961c,2024-11,Sussex Police,Sussex Police,-0.680903,50.799129,On or near Bersted Green Court,E01031404,Arun 014A,Other theft,Status update unavailable,
3ab6f444469225e83467dd1f30c6f76db86730ff44876ce2657c4ca1d26b9c92,2024-11,Sussex Police,Sussex Police,-0.679086,50.799675,On or near Oak Close,E01031404,Arun 014A,Public order,Unable to prosecute suspect,
d2e5fc4672f8c17b82050f54b3922df9b7153d78a8381c4a02369e926a08913e,2024-11,Sussex Police,Sussex Police,-0.680903,50.799129,On or near Bersted Green Court,E01031404,Arun 014A,Public order,Unable to prosecute suspect,
157a36cb626598fac6f71ee9b64a421b90f2e7dee59b3ef4fccef3326d6d50bb,2024-11,Sussex Police,Sussex Police,-0.682541,50.799417,On or near Hazel Road,E01031404,Arun 014A,Vehicle crime,Investigation complete; no suspect identified,
dd1262404fe68fca16495ca166753f0c5d4253c3dda5d12aab753bf8de7117da,2024-11,Sussex Police,Sussex Police,-0.681882,50.800660,On or near Ravens Way,E01031404,Arun 014A,Vehicle crime,Investigation complete; no suspect identified,
4a78c9a21a6c194bc7566dead62337a557dfb375212523c35ecd678104b20bc6,2024-11,Sussex Police,Sussex Police,-0.678694,50.800374,On or near Sports/Recreation Area,E01031404,Arun 014A,Vehicle crime,Investigation complete; no suspect identified,
cc85fc1a5692f59380ef988bd0889935f6092dc2485d5505fc657430e4fbe7f6,2024-11,Sussex Police,Sussex Police,-0.678694,50.800374,On or near Sports/Recreation Area,E01031404,Arun 014A,Violence and sexual offences,Unable to prosecute suspect,
fee387d109d9d433201239703b283d3671ea4a72192bd55beca35c148ecc4598,2024-11,Sussex Police,Sussex Police,-0.675882,50.801563,On or near Maple Gardens,E01031404,Arun 014A,Violence and sexual offences,Unable to prosecute suspect,
86bf40e23acc332f88bfc706447bc442474cdf4a04e7494a224eeecc7c3462c7,2024-11,Sussex Police,Sussex Police,-0.679086,50.799675,On or near Oak Close,E01031404,Arun 014A,Violence and sexual offences,Unable to prosecute suspect,
834ec360c3b5c83d9e61db65ef8d1b9f52152fb86447791c1c9fe2bb4150903b,2024-11,Sussex Police,Sussex Police,-0.678694,50.800374,On or near Sports/Recreation Area,E01031404,Arun 014A,Violence and sexual offences,Unable to prosecute suspect,
bf8c9fb8ae65dd2c1dcd333e1c304348eb505c1a2f588c74edf813b68d255d62,2024-11,Sussex Police,Sussex Police,-0.680903,50.799129,On or near Bersted Green Court,E01031404,Arun 014A,Violence and sexual offences,Status update unavailable,
924d7ff6d1c84f58836f42819750c4c6ae7b87f3e2639fe87913121565271f50,2024-11,Sussex Police,Sussex Police,-0.676573,50.800708,On or near Laurel Grove,E01031404,Arun 014A,Violence and sexual offences,Unable to prosecute suspect,
79aa6bbaa16fae64bdb5e671cc2795a378221bfa2acbe3ff60da249f744e2bb9,2024-11,Sussex Police,Sussex Police,-0.676573,50.800708,On or near Laurel Grove,E01031404,Arun 014A,Violence and sexual offences,Court result unavailable,
729ad43a01856eebf866c28569d1012737bd56a59208ea2ddc908eb709a3a6b3,2024-11,Sussex Police,Sussex Police,-0.665250,50.790705,On or near Macklin Road,E01031433,Arun 014B,Criminal damage and arson,Investigation complete; no suspect identified,
740b83a05d25fa8b416eadaaf13e5e180ab22f0115a7a8ad42f04df07fb132f5,2024-11,Sussex Police,Sussex Police,-0.666957,50.790553,On or near Hook Lane,E01031433,Arun 014B,Criminal damage and arson,Investigation complete; no suspect identified,
3015889279c32a79530cec30514b484993386c5b8e647217a4dc9644f6d5f444,2024-11,Sussex Police,Sussex Police,-0.670487,50.791151,On or near Neville Road,E01031433,Arun 014B,Vehicle crime,Investigation complete; no suspect identified,
66f784354206ccc2802c4f5684009bece59561fecef4d91a2a7b5504e70b581e,2024-11,Sussex Police,Sussex Police,-0.666957,50.790553,On or near Hook Lane,E01031433,Arun 014B,Violence and sexual offences,Unable to prosecute suspect,
,2024-11,Sussex Police,Sussex Police,-0.672748,50.789450,On or near Stanley Close,E01031434,Arun 014C,Anti-social behaviour,,
,2024-11,Sussex Police,Sussex Police,-0.672748,50.789450,On or near Stanley Close,E01031434,Arun 014C,Anti-social behaviour,,
,2024-11,Sussex Police,Sussex Police,-0.672748,50.789450,On or near Stanley Close,E01031434,Arun 014C,Anti-social behaviour,,
,2024-11,Sussex Police,Sussex Police,-0.672748,50.789450,On or near Stanley Close,E01031434,Arun 014C,Anti-social behaviour,,
,2024-11,Sussex Police,Sussex Police,-0.672551,50.791912,On or near B2259,E01031434,Arun 014C,Anti-social behaviour,,
8b7649c62db888280f7ede4ce62d57f9df023c18c37e140cc20b0856d8fce223,2024-11,Sussex Police,Sussex Police,-0.671776,50.789205,On or near Police Station,E01031434,Arun 014C,Criminal damage and arson,Investigation complete; no suspect identified,
c7e55808622f9cd73421a54e3365ed968b9b878b7b579cdd77adbfa79bf9a115,2024-11,Sussex Police,Sussex Police,-0.670817,50.793511,On or near Highfield Gardens,E01031434,Arun 014C,Criminal damage and arson,Investigation complete; no suspect identified,
eb2fcb0d8186480734a86e444803f363cbeefc8c93ffe4179eb9eba0be8528bf,2024-11,Sussex Police,Sussex Police,-0.673070,50.791603,On or near Bankview Close,E01031434,Arun 014C,Criminal damage and arson,Investigation complete; no suspect identified,
fffb50b17802a959f3bb5539ab7cf85f147cc12279b3524db6e4488c80ab0e46,2024-11,Sussex Police,Sussex Police,-0.673070,50.791603,On or near Bankview Close,E01031434,Arun 014C,Criminal damage and arson,Investigation complete; no suspect identified,
953b578035a035092e7cbab449636837f7dc1b34421c92f462dea9ca41ff0139,2024-11,Sussex Police,Sussex Police,-0.671776,50.789205,On or near Police Station,E01031434,Arun 014C,Criminal damage and arson,Investigation complete; no suspect identified,
0f9cbed88d8ac4d76c90c5436d2beb1e70abbd4359c2c7424389d675bb19fd46,2024-11,Sussex Police,Sussex Police,-0.672454,50.790310,On or near Berrymill Close,E01031434,Arun 014C,Criminal damage and arson,Investigation complete; no suspect identified,
47d1bf5506096bbf6c6cae8a2d02d3cd4080ed464eee62dd6e20ec47ef9b5d55,2024-11,Sussex Police,Sussex Police,-0.673070,50.791603,On or near Bankview Close,E01031434,Arun 014C,Other theft,Investigation complete; no suspect identified,
49dc92e67bfb603ed6630a590906e6ef70566e2385c8ff98503643b96fc97892,2024-11,Sussex Police,Sussex Police,-0.671631,50.792828,On or near Highfield Road,E01031434,Arun 014C,Other theft,Investigation complete; no suspect identified,
20e23afba5f422c86be30b2a0b8235ef1b431650390c427835e8c45bfe11382d,2024-11,Sussex Police,Sussex Police,-0.673070,50.791603,On or near Bankview Close,E01031434,Arun 014C,Possession of weapons,Unable to prosecute suspect,
c6a7afd49ca7fc9b2c57f307a6831947559b042dce5de080ed86da3d93f9756e,2024-11,Sussex Police,Sussex Police,-0.670817,50.793511,On or near Highfield Gardens,E01031434,Arun 014C,Public order,Investigation complete; no suspect identified,
ba388d89507c023e1ec5200c0044bd5cbcd3f0ce5562514db9bfc578fa573f66,2024-11,Sussex Police,Sussex Police,-0.668129,50.794739,On or near Ivy Crescent,E01031434,Arun 014C,Vehicle crime,Investigation complete; no suspect identified,
a284008e6823f84c4fc00e4db10bc3579859bbf54cb969506ce8e479ea2bb787,2024-11,Sussex Police,Sussex Police,-0.671776,50.789205,On or near Police Station,E01031434,Arun 014C,Violence and sexual offences,Action to be taken by another organisation,
92a4992b4408d98a013da109b66634971dd5264e9a4c94e5d758d9769205c1c4,2024-11,Sussex Police,Sussex Police,-0.673070,50.791603,On or near Bankview Close,E01031434,Arun 014C,Violence and sexual offences,Unable to prosecute suspect,
6e0dc7fac463afc07ad23a02e237e9cab5011077691982462f1da687d1d97de8,2024-11,Sussex Police,Sussex Police,-0.672454,50.790310,On or near Berrymill Close,E01031434,Arun 014C,Other crime,Unable to prosecute suspect,
,2024-11,Sussex Police,Sussex Police,-0.676454,50.793881,On or near Bookers Close,E01031441,Arun 014D,Anti-social behaviour,,
,2024-11,Sussex Police,Sussex Police,-0.677159,50.796560,On or near Lancaster Place,E01031441,Arun 014D,Anti-social behaviour,,
ce5f6d1510de1d0ea09ec331487af8988911069e17cf9ce97ec9ef066ef4a084,2024-11,Sussex Police,Sussex Police,-0.673651,50.797671,On or near Dickinson Place,E01031441,Arun 014D,Criminal damage and arson,Investigation complete; no suspect identified,
89125449f75527c92b3ed7f69f6015c9b9f33862d960329c82359ef247cfa8bf,2024-11,Sussex Police,Sussex Police,-0.676454,50.793881,On or near Bookers Close,E01031441,Arun 014D,Criminal damage and arson,Investigation complete; no suspect identified,
d99cd933575b442621ae0e1762868964e04659e67b0e038881accb35ec55b68f,2024-11,Sussex Police,Sussex Police,-0.674472,50.794218,On or near St Marys Close,E01031441,Arun 014D,Drugs,Further investigation is not in the public interest,
de0d6d74e41cb1070a1a2ba24b17f2771a97a8ad4b64f30576a40e54d938184c,2024-11,Sussex Police,Sussex Police,-0.676454,50.793881,On or near Bookers Close,E01031441,Arun 014D,Other theft,Investigation complete; no suspect identified,
f4f1086061bcc6f009b6f4629a48e0f7d9841c66eec491e8234944fabedb2a9c,2024-11,Sussex Police,Sussex Police,-0.670011,50.796910,On or near Supermarket,E01031441,Arun 014D,Other theft,Investigation complete; no suspect identified,
0f558cc0b700504951e650178e7fd964db37c17facd4bea91415ebafb600d235,2024-11,Sussex Police,Sussex Police,-0.670011,50.796910,On or near Supermarket,E01031441,Arun 014D,Shoplifting,Court result unavailable,
c4f5a67419deb130cd334f3e1f2358e821a63d90a5c9ace791ab4a72d3313472,2024-11,Sussex Police,Sussex Police,-0.676454,50.793881,On or near Bookers Close,E01031441,Arun 014D,Vehicle crime,Investigation complete; no suspect identified,
c796b8cd3dd057423efe1acec79ea4fdc7a35074613e6e3d9c8d8c428b4984a3,2024-11,Sussex Police,Sussex Police,-0.676454,50.793881,On or near Bookers Close,E01031441,Arun 014D,Vehicle crime,Unable to prosecute suspect,
ed120834f819696b9b76994de4d694a98a4cfac3bac8634789e9f113e6624e32,2024-11,Sussex Police,Sussex Police,-0.677159,50.796560,On or near Lancaster Place,E01031441,Arun 014D,Violence and sexual offences,Investigation complete; no suspect identified,
31409fb7c1dbd7928f8c2b9d497d92958d79fec350d0931f525311b54543113e,2024-11,Sussex Police,Sussex Police,-0.670011,50.796910,On or near Supermarket,E01031441,Arun 014D,Violence and sexual offences,Court result unavailable,
bfb2b3cadd08f68d425998b61ec290f8ff8e4cbdc5f5a80060a3edb7d9ccaf40,2024-11,Sussex Police,Sussex Police,-0.677159,50.796560,On or near Lancaster Place,E01031441,Arun 014D,Violence and sexual offences,Unable to prosecute suspect,
11aa414c900c21716829873f3ff3a30bf4230d38dcb55dba12f0fae588576ad5,2024-11,Sussex Police,Sussex Police,-0.677159,50.796560,On or near Lancaster Place,E01031441,Arun 014D,Violence and sexual offences,Unable to prosecute suspect,
2fa2bf4f21b121322ada011931c706a6e15893005f3d461bc56eede80e1df3f6,2024-11,Sussex Police,Sussex Police,-0.671342,50.796026,On or near Durban Park,E01031441,Arun 014D,Violence and sexual offences,Investigation complete; no suspect identified,
3454323e6e0eab9362b7f959db38b6eedd5302b8e1c4a21145a31d90d63e450c,2024-11,Sussex Police,Sussex Police,-0.671342,50.796026,On or near Durban Park,E01031441,Arun 014D,Violence and sexual offences,Unable to prosecute suspect,
a1bc4b0c9095b359d94d58ab7aefe9bc4255476a9cb33c227a783eaec0d261fb,2024-11,Sussex Police,Sussex Police,-0.676454,50.793881,On or near Bookers Close,E01031441,Arun 014D,Violence and sexual offences,Unable to prosecute suspect,
7a3ba5d6fcaf68410348413adc3aa5c9eaaf9243741661f96196692599007067,2024-11,Sussex Police,Sussex Police,-0.678783,50.790769,On or near Hillsboro Road,E01031442,Arun 014E,Burglary,Unable to prosecute suspect,
81816877aec57fc9391db56a60b5745f915bef8cfb6604e682bbb7cad2534a6e,2024-11,Sussex Police,Sussex Police,-0.680803,50.796124,On or near Jubilee Place,E01031442,Arun 014E,Criminal damage and arson,Investigation complete; no suspect identified,
5115d5ad7e05c1ea54862fea22cd1f661e97c6c0a2cf350b1d074e7f58b39cf2,2024-11,Sussex Police,Sussex Police,-0.676729,50.792459,On or near Supermarket,E01031442,Arun 014E,Shoplifting,Investigation complete; no suspect identified,
d600fd7d9a6340922ba5906a93bcf269ff9d8cb394d4a5fc93726b853992c7f3,2024-11,Sussex Police,Sussex Police,-0.676367,50.791434,On or near Carlingford Court,E01031442,Arun 014E,Violence and sexual offences,Unable to prosecute suspect,
c81e852455412359c0c3b3650d02aa5e1c5ee85bda87f8bcee57385668a3b99a,2024-11,Sussex Police,Sussex Police,-0.676729,50.792459,On or near Supermarket,E01031442,Arun 014E,Violence and sexual offences,Investigation complete; no suspect identified,
973c4f4a8cd72daaee3969c5dcc7a9fd51272835d5d5c731fa1a8244c7133b7a,2024-11,Sussex Police,Sussex Police,-0.680136,50.792097,On or near Essex Road,E01031442,Arun 014E,Violence and sexual offences,Unable to prosecute suspect,
0c5ed4906b62fd7477006426461a551ea467ae91932bbc5b40b92e923a4bab6b,2024-11,Sussex Police,Sussex Police,-0.676729,50.792459,On or near Supermarket,E01031442,Arun 014E,Violence and sexual offences,Investigation complete; no suspect identified,
53c9324c175b650c87fb9f00d636ba1c3ca1e4193c83bd05f7cc5a99e939936e,2024-11,Sussex Police,Sussex Police,-0.676729,50.792459,On or near Supermarket,E01031442,Arun 014E,Violence and sexual offences,Investigation complete; no suspect identified,
,2024-11,Sussex Police,Sussex Police,-0.633790,50.788470,On or near The Loop,E01031416,Arun 015A,Anti-social behaviour,,
6a512036a1deb17664721f49c29c5ea5365b75f3572fa3309c263285d1b3f0aa,2024-11,Sussex Police,Sussex Police,-0.639778,50.793333,On or near Clovelly Avenue,E01031416,Arun 015A,Other theft,Investigation complete; no suspect identified,
,2024-11,Sussex Police,Sussex Police,-0.642236,50.793209,On or near Old Manor House Gardens,E01031418,Arun 015B,Anti-social behaviour,,
,2024-11,Sussex Police,Sussex Police,-0.639005,50.797461,On or near Roundle Avenue,E01031418,Arun 015B,Anti-social behaviour,,
42d2d38eedafc5899491db6db0cc95ae31df4b2e7d54d03290199733a781b4ba,2024-11,Sussex Police,Sussex Police,-0.629509,50.792700,On or near Hedgeway,E01031418,Arun 015B,Violence and sexual offences,Unable to prosecute suspect,
04b0cdd43031f865577949c298168de178dade877091fbb68f718e52241aa86d,2024-11,Sussex Police,Sussex Police,-0.642297,50.793778,On or near Petrol Station,E01031418,Arun 015B,Violence and sexual offences,Unable to prosecute suspect,
c8a30388d0d3cf16631e242e8bbd2de047e18394a5d614a2a21d3b9ba0661eb2,2024-11,Sussex Police,Sussex Police,-0.637401,50.796003,On or near Roundle Road,E01031418,Arun 015B,Violence and sexual offences,Unable to prosecute suspect,
,2024-11,Sussex Police,Sussex Police,-0.655094,50.787171,On or near Old Coastguards,E01031419,Arun 015C,Anti-social behaviour,,
c870424e62fd41aad4a5f3525bdac92e14a074dca18f0ba0fc51a77bc38b54b3,2024-11,Sussex Police,Sussex Police,-0.651464,50.792021,On or near Old School Mews,E01031419,Arun 015C,Burglary,Investigation complete; no suspect identified,
02cb5c1a89160923f203e3b7dee736fbc854a2d87366caee7b88ab963a806e7f,2024-11,Sussex Police,Sussex Police,-0.657460,50.787270,On or near Kingsmead,E01031419,Arun 015C,Drugs,Court result unavailable,
132d535727142b0c8772f0aaa032eec0d1aa5ecbd89cf6a162ec70ad5cb1dd20,2024-11,Sussex Police,Sussex Police,-0.655106,50.786235,On or near Canning Road,E01031419,Arun 015C,Drugs,Further investigation is not in the public interest,
96a0a6e98c5077cf2be1397b8adf660f6187b422198c3adce7e0e9affa9bd8e0,2024-11,Sussex Police,Sussex Police,-0.657460,50.787270,On or near Kingsmead,E01031419,Arun 015C,Drugs,Court result unavailable,
eaee101080df6d5039accabdef0f952a4c37ab5f5578ac42d28cc11c129e7c44,2024-11,Sussex Police,Sussex Police,-0.657460,50.787270,On or near Kingsmead,E01031419,Arun 015C,Public order,Investigation complete; no suspect identified,
0488f1b85d9dada63554172de91f9fed826b93f4e948f78852f956e141dd6cec,2024-11,Sussex Police,Sussex Police,-0.657460,50.787270,On or near Kingsmead,E01031419,Arun 015C,Public order,Investigation complete; no suspect identified,
70162df4789253690b30b0a47e9ef9b862310a4c20fabf3b41c8d982828e6356,2024-11,Sussex Police,Sussex Police,-0.657460,50.787270,On or near Kingsmead,E01031419,Arun 015C,Public order,Investigation complete; no suspect identified,
0401349e3db1f2fbe19ac3287d5962a820aebb3a1ede9e45da757836f8620668,2024-11,Sussex Police,Sussex Police,-0.656694,50.785300,On or near Outram Road,E01031419,Arun 015C,Vehicle crime,Investigation complete; no suspect identified,
28b13a06c8b0843c31a13a9434f71196bad1c5201df617ff61f89dd88f489dc4,2024-11,Sussex Police,Sussex Police,-0.655248,50.788233,On or near Barnfeld,E01031419,Arun 015C,Violence and sexual offences,Unable to prosecute suspect,
ed54227072463afc5948dc4058209fdafa604c035f9547b3da75fcbcd8af8976,2024-11,Sussex Police,Sussex Police,-0.657095,50.785161,On or near Longbrook,E01031419,Arun 015C,Violence and sexual offences,Unable to prosecute suspect,
1996652d569b56b4eaf59b18dd11fde5093f3194c01e349429456c75bd647f85,2024-11,Sussex Police,Sussex Police,-0.657460,50.787270,On or near Kingsmead,E01031419,Arun 015C,Violence and sexual offences,Unable to prosecute suspect,
cb3744197b3ceaa0c31f444409a606ca470f01e4c5472e56a2e493d79acd8954,2024-11,Sussex Police,Sussex Police,-0.657460,50.787270,On or near Kingsmead,E01031419,Arun 015C,Violence and sexual offences,Investigation complete; no suspect identified,
1aa878507eb7c5d4dbfa4ebab928b38f2e33ac430832f6546305d4744d8d2594,2024-11,Sussex Police,Sussex Police,-0.657460,50.787270,On or near Kingsmead,E01031419,Arun 015C,Violence and sexual offences,Unable to prosecute suspect,
69546de18352404c96fd84a126aa235847adb251902d9cddbe6c5d30134346f3,2024-11,Sussex Police,Sussex Police,-0.657460,50.787270,On or near Kingsmead,E01031419,Arun 015C,Violence and sexual offences,Investigation complete; no suspect identified,
683554c47ce46bbd5b97153daccb596872fe0860e00040f6dfb84d1fc6247b40,2024-11,Sussex Police,Sussex Police,-0.657460,50.787270,On or near Kingsmead,E01031419,Arun 015C,Violence and sexual offences,Unable to prosecute suspect,
2c9931d19e4975b5f6c855da912333d63f91611af13acacf49b0bb466cfcd4f6,2024-11,Sussex Police,Sussex Police,-0.658939,50.790623,On or near Rife Way,E01031419,Arun 015C,Violence and sexual offences,Unable to prosecute suspect,
284cc367206470dbe21a7042753a14e9edbb339160a8cd5574a89c34b1f24001,2024-11,Sussex Police,Sussex Police,-0.657460,50.787270,On or near Kingsmead,E01031419,Arun 015C,Violence and sexual offences,Unable to prosecute suspect,
3f48e1c6351e8974b6b36ab6a7470872b6d39ef3ffb2f5d85c74ae9da306e628,2024-11,Sussex Police,Sussex Police,-0.657460,50.787270,On or near Kingsmead,E01031419,Arun 015C,Violence and sexual offences,Unable to prosecute suspect,
e48d08b18ea3644e6f03c85007a81050b3c7628ee6d7b2cf74dbb43ecd8b111c,2024-11,Sussex Police,Sussex Police,-0.657095,50.785161,On or near Longbrook,E01031419,Arun 015C,Violence and sexual offences,Offender given a caution,
b09433c7a104f13bb0577bca05ea17d4cf90e668fbdbd891cb3be34b1f1c770c,2024-11,Sussex Police,Sussex Police,-0.657460,50.787270,On or near Kingsmead,E01031419,Arun 015C,Violence and sexual offences,Unable to prosecute suspect,
260508ce08e62cc8361fd7bab13afe7cb446e0beaca2e3ecb661b881d199e3bb,2024-11,Sussex Police,Sussex Police,-0.657460,50.787270,On or near Kingsmead,E01031419,Arun 015C,Violence and sexual offences,Unable to prosecute suspect,
,2024-11,Sussex Police,Sussex Police,-0.648094,50.790795,On or near The Midway,E01031420,Arun 015D,Anti-social behaviour,,
8bede073afcade305317a6e85d0bbeb67cbf23bfd828594f5eba4323f0379312,2024-11,Sussex Police,Sussex Police,-0.650721,50.789242,On or near Old Rectory Gardens,E01031420,Arun 015D,Violence and sexual offences,Investigation complete; no suspect identified,
,2024-11,Sussex Police,Sussex Police,-0.646655,50.799375,On or near Tupper Gardens,E01034824,Arun 015F,Anti-social behaviour,,
8083a9bc707d893dfc865e5325ffee27b884ac315c529fc5764144f7b95c9c48,2024-11,Sussex Police,Sussex Police,-0.647927,50.799048,On or near Sanctuary Gardens,E01034824,Arun 015F,Criminal damage and arson,Investigation complete; no suspect identified,
5b97b279bad1d927eb9b779d2bbc25ae7a3108f450cf40dfdbe950d8b70683b2,2024-11,Sussex Police,Sussex Police,-0.645969,50.801499,On or near Gullivers Mead,E01034824,Arun 015F,Criminal damage and arson,Investigation complete; no suspect identified,
723b8dfa3a7a5224ad026ef529608b07a732c630377743c84af3c0dd86367d64,2024-11,Sussex Police,Sussex Police,-0.640742,50.798740,On or near Blackberry Copse,E01034824,Arun 015F,Violence and sexual offences,Unable to prosecute suspect,
f1086ed7b453c888ecb2c98fd0b6192dd7db95ea1388e7eabce0ce2c90800630,2024-11,Sussex Police,Sussex Police,-0.647927,50.799048,On or near Sanctuary Gardens,E01034824,Arun 015F,Violence and sexual offences,Unable to prosecute suspect,
ca96131d45fdc2e4bd7ef26fae5dae1f8b42f6f1c98f26b44ab328773fba73a3,2024-11,Sussex Police,Sussex Police,-0.642183,50.797480,On or near Coniston Close,E01034824,Arun 015F,Other crime,Investigation complete; no suspect identified,
,2024-11,Sussex Police,Sussex Police,-0.647638,50.801194,On or near Stanhorn Grove,E01034825,Arun 015G,Anti-social behaviour,,
,2024-11,Sussex Police,Sussex Police,-0.653826,50.798199,On or near Sutton Close,E01034825,Arun 015G,Anti-social behaviour,,
,2024-11,Sussex Police,Sussex Police,-0.653520,50.792557,On or near Drygrounds Lane,E01034825,Arun 015G,Anti-social behaviour,,
ec7ca9234f664f9b65db9c88f0136e48f141d91faa53a6eb104e6bb72b0d62fa,2024-11,Sussex Police,Sussex Police,-0.649946,50.798424,On or near Shirley Drive,E01034825,Arun 015G,Public order,Unable to prosecute suspect,
800143f8858f8eb2ab806b5a66d00da1648eb7c15fe9428e9f913267c5afd3e1,2024-11,Sussex Police,Sussex Police,-0.654035,50.793408,On or near South Road,E01034825,Arun 015G,Theft from the person,Investigation complete; no suspect identified,
c702692b8f47d847b6fe68438612871a312f476288ce89bc0e8e52c7e8cf98ee,2024-11,Sussex Police,Sussex Police,-0.653471,50.794283,On or near Goodwood Avenue,E01034825,Arun 015G,Violence and sexual offences,Unable to prosecute suspect,
,2024-11,Sussex Police,Sussex Police,-0.686492,50.793644,On or near Hampshire Avenue,E01031443,Arun 016A,Anti-social behaviour,,
8c79af59c81321769c166ae1b576358e170a66c9f9089436cc00fd57ac154f64,2024-11,Sussex Police,Sussex Police,-0.687492,50.792890,On or near Collyer Avenue,E01031443,Arun 016A,Criminal damage and arson,Unable to prosecute suspect,
522e1c7f4ea03d1139f2340a54baceb20c4491a54cd7d7cb576040f3dd860c0f,2024-11,Sussex Police,Sussex Police,-0.686349,50.794694,On or near Arnhem Road,E01031443,Arun 016A,Public order,Investigation complete; no suspect identified,
d45ab2bcb0e9496909ed8941734654131687522ddd53d5b5180233d74492c374,2024-11,Sussex Police,Sussex Police,-0.687492,50.792890,On or near Collyer Avenue,E01031443,Arun 016A,Shoplifting,Investigation complete; no suspect identified,
beca53367b23f3a9e3daa034b1b9f58172550a25a904978ca4621c27683fe73d,2024-11,Sussex Police,Sussex Police,-0.684859,50.796215,On or near Merrion Avenue,E01031443,Arun 016A,Vehicle crime,Court result unavailable,
2c876ad08206cded2f1b11e262d1151bf4d3ec0ba1c9d9f32fe7eb237bbfff03,2024-11,Sussex Police,Sussex Police,-0.686492,50.793644,On or near Hampshire Avenue,E01031443,Arun 016A,Vehicle crime,Unable to prosecute suspect,
1af7d032a46e7bf9be3cd015919f9c5ff3dc663b3554daad307925b484b4e50f,2024-11,Sussex Police,Sussex Police,-0.684550,50.795600,On or near Carousel Court,E01031443,Arun 016A,Violence and sexual offences,Unable to prosecute suspect,
f8efbd85e7b12ad52d3e06554747e25da5da342dd37a4d85bd91e52e90e2c0ff,2024-11,Sussex Police,Sussex Police,-0.684550,50.795600,On or near Carousel Court,E01031443,Arun 016A,Violence and sexual offences,Investigation complete; no suspect identified,
,2024-11,Sussex Police,Sussex Police,-0.676094,50.786538,On or near Parking Area,E01031444,Arun 016B,Anti-social behaviour,,
,2024-11,Sussex Police,Sussex Police,-0.676094,50.786538,On or near Parking Area,E01031444,Arun 016B,Anti-social behaviour,,
2bb1ed25ee7a07d1c7b66a6624f25b37aae7ad44ab52e0cf3b528d04a7d8b9b5,2024-11,Sussex Police,Sussex Police,-0.681541,50.792113,On or near Fletcher Way,E01031444,Arun 016B,Violence and sexual offences,Action to be taken by another organisation,
39f2bff84a7e68c910dc092475aed590c41ac0d36667eb82192716bb1ca8e853,2024-11,Sussex Police,Sussex Police,-0.676094,50.786538,On or near Parking Area,E01031444,Arun 016B,Violence and sexual offences,Unable to prosecute suspect,
5a3d3e7963e044cf0807c643a25a2c0930c06447d383adeee718b278c3d92fba,2024-11,Sussex Police,Sussex Police,-0.680547,50.788594,On or near Linden Road,E01031444,Arun 016B,Violence and sexual offences,Unable to prosecute suspect,
431319b01ded9a126847dc92a698bbba31152bbb195b4e4c306a9857296864d0,2024-11,Sussex Police,Sussex Police,-0.676727,50.788218,On or near Beatty Road,E01031444,Arun 016B,Violence and sexual offences,Unable to prosecute suspect,
27df76a6b85dea3a4b1a082e750c35b483b93940f069d598737be770f966e4de,2024-11,Sussex Police,Sussex Police,-0.680547,50.788594,On or near Linden Road,E01031444,Arun 016B,Violence and sexual offences,Unable to prosecute suspect,
0f6af226ed3547ca645c1b838928a17581e7b100c975586aeb13ed0654ada979,2024-11,Sussex Police,Sussex Police,-0.676094,50.786538,On or near Parking Area,E01031444,Arun 016B,Violence and sexual offences,Unable to prosecute suspect,
f5f0348af3ca121647c814313a9c5d2bcc493b7c28ab766986723084b5b4f9f1,2024-11,Sussex Police,Sussex Police,-0.677154,50.787657,On or near Clifton Road,E01031444,Arun 016B,Violence and sexual offences,Investigation complete; no suspect identified,
53caa427d57dd318a09ec1ded651a55cfe56091fdb9c7e822d555ea3f123fb19,2024-11,Sussex Police,Sussex Police,-0.681541,50.792113,On or near Fletcher Way,E01031444,Arun 016B,Violence and sexual offences,Unable to prosecute suspect,
cb8160315052de7a3d3a35e57c62ed7fe9f9fe53b8b24d54ba90f998d4213f8b,2024-11,Sussex Police,Sussex Police,-0.678218,50.790178,On or near Oakwood Gardens,E01031444,Arun 016B,Other crime,Status update unavailable,
83474fcea4e88be7594fc4102dadd9b9ccb7ecf79ffdfcb7ee480157de1f691e,2024-11,Sussex Police,Sussex Police,-0.676094,50.786538,On or near Parking Area,E01031444,Arun 016B,Other crime,Unable to prosecute suspect,
,2024-11,Sussex Police,Sussex Police,-0.688676,50.791636,On or near Gravits Lane,E01031450,Arun 016C,Anti-social behaviour,,
31e9548b1906b2697eba7277efbe953aac723e2179812ecb492a50e47f19d63a,2024-11,Sussex Police,Sussex Police,-0.690561,50.793249,On or near Simmonds Gardens,E01031450,Arun 016C,Other theft,Investigation complete; no suspect identified,
0576240d70e12fd9eabfe56b47c1efda853ba4b1b5d1983ca3a0b8bcb785859a,2024-11,Sussex Police,Sussex Police,-0.684749,50.789019,On or near Servite Close,E01031450,Arun 016C,Public order,Status update unavailable,
10624530b834843831fa712950321df41abe8a4b09916e02623af4d7e0a0b894,2024-11,Sussex Police,Sussex Police,-0.686203,50.789764,On or near Supermarket,E01031450,Arun 016C,Shoplifting,Court result unavailable,
83424a47420f6a8ca9b9a51a936664e754c8ed7ca471f6d33be74e11f0691bfd,2024-11,Sussex Police,Sussex Police,-0.686203,50.789764,On or near Supermarket,E01031450,Arun 016C,Shoplifting,Status update unavailable,
62c55c053a5466265301f6c2ef0c0d0b0c0b56e98627a58bfa73ecd424a9b289,2024-11,Sussex Police,Sussex Police,-0.686203,50.789764,On or near Supermarket,E01031450,Arun 016C,Shoplifting,Unable to prosecute suspect,
aed38c622ff9df18e285225b57358e60d037243b30903a211214afabceffa304,2024-11,Sussex Police,Sussex Police,-0.686203,50.789764,On or near Supermarket,E01031450,Arun 016C,Shoplifting,Unable to prosecute suspect,
6695781c8bc4ab40be60f6876d9f6b6447c67556bd7e8124571582aac22be140,2024-11,Sussex Police,Sussex Police,-0.686203,50.789764,On or near Supermarket,E01031450,Arun 016C,Shoplifting,Investigation complete; no suspect identified,
46182f03a3c043047dc31c74b04bd8113d29a830b172be8f0cad8d8b4db18410,2024-11,Sussex Police,Sussex Police,-0.686203,50.789764,On or near Supermarket,E01031450,Arun 016C,Shoplifting,Court result unavailable,
acb2a8ec9f9ab4433a0298cb35a6d812958f59373db4648ce21f63edde9d31bd,2024-11,Sussex Police,Sussex Police,-0.684749,50.789019,On or near Servite Close,E01031450,Arun 016C,Violence and sexual offences,Unable to prosecute suspect,
68181e850e61d958c870bc7503cafa1ffa2878c4af97b1c83414d27e7f338374,2024-11,Sussex Police,Sussex Police,-0.686288,50.791789,On or near Wadhurst Close,E01031450,Arun 016C,Violence and sexual offences,Unable to prosecute suspect,
b29c9f3ebe6a491e41bc6df36b1745f31fcab5e9791c034931566f7e541ba1f5,2024-11,Sussex Police,Sussex Police,-0.686288,50.791789,On or near Wadhurst Close,E01031450,Arun 016C,Violence and sexual offences,Unable to prosecute suspect,
7f591608bf37068a6d84e4013e6cb1a4e5fb1fb71ee13f42ad491c933ca9e202,2024-11,Sussex Police,Sussex Police,-0.688676,50.791636,On or near Gravits Lane,E01031450,Arun 016C,Violence and sexual offences,Local resolution,
,2024-11,Sussex Police,Sussex Police,-0.693043,50.788204,On or near Monterey Gardens,E01031451,Arun 016D,Anti-social behaviour,,
d7d61db3b2e827ee9fb652d262514ea4cbb97a50c9e2c9b6ae7825d0f8275a10,2024-11,Sussex Police,Sussex Police,-0.696201,50.788393,On or near Hastings Close,E01031451,Arun 016D,Bicycle theft,Investigation complete; no suspect identified,
796d7e66ee3602659c9fd8cac199c0375d8b950d21f2240dbba3de00ce3b57f6,2024-11,Sussex Police,Sussex Police,-0.696895,50.789462,On or near Lewes Close,E01031451,Arun 016D,Burglary,Investigation complete; no suspect identified,
6fc82d6977705e7ab53d6ea6263ebee255b6ae51e606b6992bd7f1f6f84fe6f6,2024-11,Sussex Police,Sussex Police,-0.695444,50.789104,On or near Bramber Close,E01031451,Arun 016D,Criminal damage and arson,Unable to prosecute suspect,
fe8dbf210d2522c0a3e9a773164200e57b4eb84de2a8eccfabc736835e0f76f3,2024-11,Sussex Police,Sussex Police,-0.690706,50.793655,On or near Applegate Way,E01031451,Arun 016D,Criminal damage and arson,Local resolution,
631101accecd21b5e12d13cd45de1b4638af21888385058c085cff8c2d04f9da,2024-11,Sussex Police,Sussex Police,-0.690831,50.792217,On or near Frith Road,E01031451,Arun 016D,Violence and sexual offences,Unable to prosecute suspect,
0d1666fc4f3df52c946808f8d14774728f05cef7568073109e5ed6db674be74c,2024-11,Sussex Police,Sussex Police,-0.690831,50.792217,On or near Frith Road,E01031451,Arun 016D,Violence and sexual offences,Unable to prosecute suspect,
34411b1a037d60a8503032647a3a52c49ef21a8f001392a19056278944d8a828,2024-11,Sussex Police,Sussex Police,-0.695444,50.789104,On or near Bramber Close,E01031451,Arun 016D,Violence and sexual offences,Unable to prosecute suspect,
ad97bb0ec9805ed18d559e23dea9ab6e88c8ebeec546436e561fb49ba251eb36,2024-11,Sussex Police,Sussex Police,-0.699155,50.791861,On or near Hampton Court,E01031451,Arun 016D,Violence and sexual offences,Court result unavailable,
b58033ed5167327b76ef551ffa071d1628ca22401d4b836cc2d80b734c3ce7b4,2024-11,Sussex Police,Sussex Police,-0.696201,50.788393,On or near Hastings Close,E01031451,Arun 016D,Violence and sexual offences,Unable to prosecute suspect,
e5571cb5bc35aed70062834f6d636c318c61bdeaa395331a94142c135f23cd38,2024-11,Sussex Police,Sussex Police,-0.698350,50.790188,On or near West Meads Drive,E01031451,Arun 016D,Violence and sexual offences,Offender given a caution,
28d43fba4b02b7fdbc0b02c81958bc1aac095287467ba61f9977fc415d4e5b0d,2024-11,Sussex Police,Sussex Police,-0.693900,50.791056,On or near Pevensey Road,E01031451,Arun 016D,Violence and sexual offences,Action to be taken by another organisation,
8b3467da17f767e1013143584bd65afc919375638cf3e3e453bc4ba3e4f77f60,2024-11,Sussex Police,Sussex Police,-0.699155,50.791861,On or near Hampton Court,E01031451,Arun 016D,Violence and sexual offences,Investigation complete; no suspect identified,
7b85d885ea1869e2a2c0cbff869b36d13362495f62077a1dfdc57fc9bfc9f713,2024-11,Sussex Police,Sussex Police,-0.690831,50.792217,On or near Frith Road,E01031451,Arun 016D,Violence and sexual offences,Local resolution,
65560fdb93784e3e9a9d230ec301dce4aa5579ba03c2069ce177b60a77ffd30c,2024-11,Sussex Police,Sussex Police,-0.692043,50.788454,On or near Woodend,E01031451,Arun 016D,Other crime,Unable to prosecute suspect,
54f55f93f98d8dfb9ccebb029cff7b3991652b2accc36ceb63f172f771f6576d,2024-11,Sussex Police,Sussex Police,-0.690831,50.792217,On or near Frith Road,E01031451,Arun 016D,Other crime,Further action is not in the public interest,
,2024-11,Sussex Police,Sussex Police,-0.689066,50.789374,On or near Kenilworth Road,E01031452,Arun 016E,Anti-social behaviour,,
,2024-11,Sussex Police,Sussex Police,-0.689066,50.789374,On or near Kenilworth Road,E01031452,Arun 016E,Anti-social behaviour,,
,2024-11,Sussex Police,Sussex Police,-0.685871,50.786433,On or near Normanton Avenue,E01031452,Arun 016E,Anti-social behaviour,,
45fd7d55e10033950087450749536fc4dcaecc78cca6c824574b94ed606e02d7,2024-11,Sussex Police,Sussex Police,-0.685871,50.786433,On or near Normanton Avenue,E01031452,Arun 016E,Criminal damage and arson,Unable to prosecute suspect,
8188d39ad628895b7b96a33946c13e372aa750f027776fdb33f3b8e312c0bc33,2024-11,Sussex Police,Sussex Police,-0.689912,50.790579,On or near Northcote Road,E01031452,Arun 016E,Drugs,Local resolution,
a784472c8a67feb25cecd04e64cfeea973d47a79f4d5ae3bf231b845275dedf8,2024-11,Sussex Police,Sussex Police,-0.685009,50.790362,On or near Highland Avenue,E01031452,Arun 016E,Other theft,Investigation complete; no suspect identified,
48bcf41554b3c5a163821e703de88844bdae88637a359fd65a40690fdaee556e,2024-11,Sussex Police,Sussex Police,-0.685009,50.790362,On or near Highland Avenue,E01031452,Arun 016E,Other theft,Investigation complete; no suspect identified,
9f2f6824348aaf4ce4ecbe2388d94cec9de08f73517fabb052e61d6be7106d31,2024-11,Sussex Police,Sussex Police,-0.689066,50.789374,On or near Kenilworth Road,E01031452,Arun 016E,Public order,Investigation complete; no suspect identified,
b87c4f5341e2c7e62b1ed9c1a724928445247142e83ae9a918c4f6b124b4bf36,2024-11,Sussex Police,Sussex Police,-0.682000,50.788881,On or near Parklands Avenue,E01031452,Arun 016E,Vehicle crime,Investigation complete; no suspect identified,
6ea5431084bcd47feab9a6d50459bc12d8931092126249c512928c1ff096757f,2024-11,Sussex Police,Sussex Police,-0.682000,50.788881,On or near Parklands Avenue,E01031452,Arun 016E,Vehicle crime,Investigation complete; no suspect identified,
9897eb6f2ec75dc8fe1ef03d31f9cf109ae5e799b490552f7ad3f4a2d4b9d5a8,2024-11,Sussex Police,Sussex Police,-0.682000,50.788881,On or near Parklands Avenue,E01031452,Arun 016E,Vehicle crime,Investigation complete; no suspect identified,
46ffb3d63793870290b6323f54d228208ffeac7fdc91d333082a37bbed41672f,2024-11,Sussex Police,Sussex Police,-0.685009,50.790362,On or near Highland Avenue,E01031452,Arun 016E,Violence and sexual offences,Unable to prosecute suspect,
c4167289f5197a1f217a3c6438fff05dd49f79c913a2643bb665977f3dcc35ee,2024-11,Sussex Police,Sussex Police,-0.685009,50.790362,On or near Highland Avenue,E01031452,Arun 016E,Violence and sexual offences,Unable to prosecute suspect,
6f5fe8860d585fd5025764506f1ddf48f730a2e287b1cee15f18150c940e6849,2024-11,Sussex Police,Sussex Police,-0.685009,50.790362,On or near Highland Avenue,E01031452,Arun 016E,Violence and sexual offences,Unable to prosecute suspect,
5da11a2e7a51ad73df9281424ebc2fd4f407b705375f0743023bd4eaf4efc5e3,2024-11,Sussex Police,Sussex Police,-0.690256,50.791483,On or near Ivydale Road,E01031452,Arun 016E,Violence and sexual offences,Unable to prosecute suspect,
a0e0d15c15bddd43c1786101c3e68afef6c61b5f6e1a0b29fee94b530f09f4d4,2024-11,Sussex Police,Sussex Police,-0.689066,50.789374,On or near Kenilworth Road,E01031452,Arun 016E,Violence and sexual offences,Unable to prosecute suspect,
b974377696a90e531574ee225409fe4ebbb9eb78bc811cb7d74c055d7240dcdc,2024-11,Sussex Police,Sussex Police,-0.682000,50.788881,On or near Parklands Avenue,E01031452,Arun 016E,Violence and sexual offences,Unable to prosecute suspect,
153cc3ca6763e243bf6dab24052526de801267bddf58663ff1c049886c16e3b2,2024-11,Sussex Police,Sussex Police,-0.689912,50.790579,On or near Northcote Road,E01031452,Arun 016E,Violence and sexual offences,Status update unavailable,
,2024-11,Sussex Police,Sussex Police,-0.666583,50.784245,On or near Gloucester Road,E01031431,Arun 017A,Anti-social behaviour,,
58c798353fd43b81d37899381f2e79e7150976536ab20909ed3a87412edb3da8,2024-11,Sussex Police,Sussex Police,-0.670205,50.784583,On or near High Street,E01031431,Arun 017A,Bicycle theft,Investigation complete; no suspect identified,
a4179829f298470a02fbf88261cee2b838c330af0faa737eec638d7085771c44,2024-11,Sussex Police,Sussex Police,-0.670205,50.784583,On or near High Street,E01031431,Arun 017A,Criminal damage and arson,Unable to prosecute suspect,
1231e54d131cde3b76019eff041cd611d240cefa6d2fe5b2a7d781313ae2f47f,2024-11,Sussex Police,Sussex Police,-0.670511,50.782806,On or near Parking Area,E01031431,Arun 017A,Criminal damage and arson,Investigation complete; no suspect identified,
17e0c9919ab68c5726fc80f791ba2b3e9104376a71624bf5337377b7e74be803,2024-11,Sussex Police,Sussex Police,-0.670511,50.782806,On or near Parking Area,E01031431,Arun 017A,Criminal damage and arson,Investigation complete; no suspect identified,
d294f9ede744d6d6d92fbb7352b74618f4c457ab5d191b1e073f1bbdce9f6636,2024-11,Sussex Police,Sussex Police,-0.667312,50.789523,On or near Mead Lane,E01031431,Arun 017A,Criminal damage and arson,Investigation complete; no suspect identified,
d0debae12f934df02aff62f3796632a4afc663f027624f3e1c83052957de346d,2024-11,Sussex Police,Sussex Police,-0.668680,50.784835,On or near Campbell Road,E01031431,Arun 017A,Criminal damage and arson,Investigation complete; no suspect identified,
ae688fbbb373dbf88ae3393cf22d1680bf6d16930192322db36fc43d0789f94d,2024-11,Sussex Police,Sussex Police,-0.670511,50.782806,On or near Parking Area,E01031431,Arun 017A,Criminal damage and arson,Investigation complete; no suspect identified,
f2128038e1c7565b2c0571baecd14be8745dc1a9862db7fc305b889590ed5305,2024-11,Sussex Police,Sussex Police,-0.670511,50.782806,On or near Parking Area,E01031431,Arun 017A,Other theft,Investigation complete; no suspect identified,
3cdedbf1e6cb6b6955929439d18788c6ce9435251e036a623404d455ec3c1f10,2024-11,Sussex Police,Sussex Police,-0.665384,50.783503,On or near Parking Area,E01031431,Arun 017A,Public order,Investigation complete; no suspect identified,
c52de0e77fde082008fa10da18a288f45efdc996404f3d3c470cc38d062bb416,2024-11,Sussex Police,Sussex Police,-0.665384,50.783503,On or near Parking Area,E01031431,Arun 017A,Public order,Investigation complete; no suspect identified,
b5b871c5d64ec0879db8009d63d8dc9f587de28583d1bc46f0547a2370261d7e,2024-11,Sussex Police,Sussex Police,-0.666583,50.784245,On or near Gloucester Road,E01031431,Arun 017A,Public order,Unable to prosecute suspect,
f3bb4aa9c9675d0a2fae25c47a8f35cf6885f94cd9dc9ef45678269ebc710008,2024-11,Sussex Police,Sussex Police,-0.666583,50.784245,On or near Gloucester Road,E01031431,Arun 017A,Theft from the person,Investigation complete; no suspect identified,
76cea1eb1a665315cff33955091b8ac26ec8a86ed3e301037f7f27933463ce5b,2024-11,Sussex Police,Sussex Police,-0.670511,50.782806,On or near Parking Area,E01031431,Arun 017A,Vehicle crime,Unable to prosecute suspect,
7d53ec9777ff158c4390ac1c7b2516be4d76dfa1d2fba9ce0b35de604cc45c4e,2024-11,Sussex Police,Sussex Police,-0.666583,50.784245,On or near Gloucester Road,E01031431,Arun 017A,Vehicle crime,Investigation complete; no suspect identified,
10b857c649bb55967595ebc8f58b7ad6f2aac50896fc2c0535183c973fc199ba,2024-11,Sussex Police,Sussex Police,-0.666583,50.784245,On or near Gloucester Road,E01031431,Arun 017A,Violence and sexual offences,Unable to prosecute suspect,
04c7b4aa9831314655acb16cc22048c1464481489903369f9b0813ae34b37667,2024-11,Sussex Police,Sussex Police,-0.666583,50.784245,On or near Gloucester Road,E01031431,Arun 017A,Violence and sexual offences,Investigation complete; no suspect identified,
ff3c178617340f5b510aa895a795ebb083b9e446439e5368aa1cbb940ffd7305,2024-11,Sussex Police,Sussex Police,-0.666583,50.784245,On or near Gloucester Road,E01031431,Arun 017A,Violence and sexual offences,Investigation complete; no suspect identified,
0533e8734dc804b47328177d18cf7689a0c102a45db9f56ab769f25cd46d2caa,2024-11,Sussex Police,Sussex Police,-0.668680,50.784835,On or near Campbell Road,E01031431,Arun 017A,Violence and sexual offences,Investigation complete; no suspect identified,
efdd8736ce25d4f5acc4c7f50502292371d439eb024c828b6236c5fc8c5be131,2024-11,Sussex Police,Sussex Police,-0.668680,50.784835,On or near Campbell Road,E01031431,Arun 017A,Violence and sexual offences,Court result unavailable,
ea893cf25c4c4f5e05f7133c2e248f9d0ad4f9d757e385fe2f060bb4fb865770,2024-11,Sussex Police,Sussex Police,-0.670511,50.782806,On or near Parking Area,E01031431,Arun 017A,Violence and sexual offences,Unable to prosecute suspect,
09bd7d9503f09eabdb48400246ccec9897751b1cefcccfd9bb9d8a8027cb0049,2024-11,Sussex Police,Sussex Police,-0.666583,50.784245,On or near Gloucester Road,E01031431,Arun 017A,Violence and sexual offences,Unable to prosecute suspect,
5fab711a14a49d4e199be966d4008f067da1e3a3314e8732807c2bdf79d75c9d,2024-11,Sussex Police,Sussex Police,-0.670511,50.782806,On or near Parking Area,E01031431,Arun 017A,Violence and sexual offences,Unable to prosecute suspect,
,2024-11,Sussex Police,Sussex Police,-0.675882,50.786005,On or near Station Road,E01031432,Arun 017B,Anti-social behaviour,,
,2024-11,Sussex Police,Sussex Police,-0.675882,50.786005,On or near Station Road,E01031432,Arun 017B,Anti-social behaviour,,
,2024-11,Sussex Police,Sussex Police,-0.675882,50.786005,On or near Station Road,E01031432,Arun 017B,Anti-social behaviour,,
d7a635a169967e4c235cb51280871a51bc3cd349239bcd891cee44c85c396edf,2024-11,Sussex Police,Sussex Police,-0.671603,50.783789,On or near Sussex Street,E01031432,Arun 017B,Burglary,Unable to prosecute suspect,
1c39ae8fedba9e7f88f469e889f0396a182e75cbff1341ededc1355d65104c68,2024-11,Sussex Police,Sussex Police,-0.673237,50.785202,On or near Sudley Road,E01031432,Arun 017B,Burglary,Investigation complete; no suspect identified,
3bb24b354fc317ba8dac48aa3d12b99bb8503a924e0f3061d384d4197a0ace53,2024-11,Sussex Police,Sussex Police,-0.667830,50.785779,On or near Marian Way,E01031432,Arun 017B,Burglary,Investigation complete; no suspect identified,
f59c29d17e5f0b97e51247a3dbd345a331b1d4ea74d66ec6bda1fb59efebf1e1,2024-11,Sussex Police,Sussex Police,-0.669106,50.783833,On or near Albert Road,E01031432,Arun 017B,Criminal damage and arson,Unable to prosecute suspect,
571756c0675195e517fef155fa82416eb1fa22dfaa2c8794d6432af683b2d625,2024-11,Sussex Police,Sussex Police,-0.672838,50.783282,On or near York Road,E01031432,Arun 017B,Criminal damage and arson,Court result unavailable,
a7d500c03d82c7157d7f59d61b5dcc3177d170e2787af5dfb8331b725a895d43,2024-11,Sussex Police,Sussex Police,-0.670134,50.783566,On or near Clarence Road,E01031432,Arun 017B,Criminal damage and arson,Investigation complete; no suspect identified,
88965918fdc25c12569c980cdf34eab87eb2b54f2307fd4203cbb435a01e37c4,2024-11,Sussex Police,Sussex Police,-0.669106,50.783833,On or near Albert Road,E01031432,Arun 017B,Criminal damage and arson,Investigation complete; no suspect identified,
166d2fab1dc802df49d23314a8428915cbd24b269cbff8b21008f41c9de2addf,2024-11,Sussex Police,Sussex Police,-0.671603,50.783789,On or near Sussex Street,E01031432,Arun 017B,Drugs,Investigation complete; no suspect identified,
5b711172cc47d2ff09d1e3f5bc62416af887b6c6141631e159cb45a0aad35009,2024-11,Sussex Police,Sussex Police,-0.669106,50.783833,On or near Albert Road,E01031432,Arun 017B,Drugs,Court result unavailable,
cbda260ee5d430fa61fddf1f4a8e16f912bf66255de62dbf3579ab8f4394bb10,2024-11,Sussex Police,Sussex Police,-0.671603,50.783789,On or near Sussex Street,E01031432,Arun 017B,Other theft,Investigation complete; no suspect identified,
16b933f33a01ab18b239aa42f9be4fc0795974ef20eb9f466a72a9e307c9bf3e,2024-11,Sussex Police,Sussex Police,-0.672838,50.783282,On or near York Road,E01031432,Arun 017B,Other theft,Investigation complete; no suspect identified,
3856f89b19f5b22339fafa6ee6faaf649c64dd3bb64005d2561f1fbe38cbb770,2024-11,Sussex Police,Sussex Police,-0.674931,50.786498,On or near Lyon Street West,E01031432,Arun 017B,Other theft,Investigation complete; no suspect identified,
7f3f5e1a77888649741c7fd9a698af07da091b0e0af9a3e6c14ecc44a9d55abf,2024-11,Sussex Police,Sussex Police,-0.675882,50.786005,On or near Station Road,E01031432,Arun 017B,Other theft,Investigation complete; no suspect identified,
a93a3dc21fbec4ada84265d0b313a8db6b295051d7ab6812f6f0bcc06eec9356,2024-11,Sussex Police,Sussex Police,-0.674931,50.786498,On or near Lyon Street West,E01031432,Arun 017B,Other theft,Investigation complete; no suspect identified,
55897bdb6ae958c6c9f64b36a00febc5862368b4f356d1f253665c52b78ef000,2024-11,Sussex Police,Sussex Police,-0.672209,50.785451,On or near Lyon Street,E01031432,Arun 017B,Public order,Investigation complete; no suspect identified,
a149244185e05bf4aba7fd15db1a4adf72460c453fd39a5edfdb2e41dbd650a7,2024-11,Sussex Police,Sussex Police,-0.667529,50.783401,On or near Walton Avenue,E01031432,Arun 017B,Public order,Investigation complete; no suspect identified,
97ffd0c355dc697c4c7cfd783a966917063a9649d3fbc0596644254556bcac9f,2024-11,Sussex Police,Sussex Police,-0.672838,50.783282,On or near York Road,E01031432,Arun 017B,Public order,Investigation complete; no suspect identified,
bc71df970eee8460ad62d7f3ff9151b9a35d4af584b9ad3770e5de88a1f8691b,2024-11,Sussex Police,Sussex Police,-0.675882,50.786005,On or near Station Road,E01031432,Arun 017B,Public order,Unable to prosecute suspect,
b293d10e9a864c851db6e8abcb96bca9ff2582f64b139e8cc755a1088b328037,2024-11,Sussex Police,Sussex Police,-0.675882,50.786005,On or near Station Road,E01031432,Arun 017B,Shoplifting,Unable to prosecute suspect,
1e364364723079b836d4271d6fb338beca9c8e7114498eb2d191a18762bf70be,2024-11,Sussex Police,Sussex Police,-0.675882,50.786005,On or near Station Road,E01031432,Arun 017B,Shoplifting,Court result unavailable,
1a14855dcad7467c8636e3604af0422c02754bc3efd0cd872273e4c9c38f57ec,2024-11,Sussex Police,Sussex Police,-0.673237,50.785202,On or near Sudley Road,E01031432,Arun 017B,Shoplifting,Court result unavailable,
e28c1637d932ae26fb15a45ddc05d058998fdb75933a3996e20133f9c1854c64,2024-11,Sussex Police,Sussex Police,-0.675882,50.786005,On or near Station Road,E01031432,Arun 017B,Shoplifting,Investigation complete; no suspect identified,
a44e6726f3098baefc6f2810b8440a7155850bb17079829bb70f17aa4ac324f6,2024-11,Sussex Police,Sussex Police,-0.675882,50.786005,On or near Station Road,E01031432,Arun 017B,Shoplifting,Investigation complete; no suspect identified,
50b7a316399aff870c7cfd88dcd2dcad6cca592c47dd4282ec44794eb3fa51d5,2024-11,Sussex Police,Sussex Police,-0.675882,50.786005,On or near Station Road,E01031432,Arun 017B,Violence and sexual offences,Unable to prosecute suspect,
799432d08ccce31be33263474b5630ea1f3395e52e07a9841df5e94839c11d78,2024-11,Sussex Police,Sussex Police,-0.669106,50.783833,On or near Albert Road,E01031432,Arun 017B,Violence and sexual offences,Unable to prosecute suspect,
3547ab3b0d8d09bbd6e819bd867d796c309e46528410ecd4533c94a41371f556,2024-11,Sussex Police,Sussex Police,-0.673237,50.785202,On or near Sudley Road,E01031432,Arun 017B,Violence and sexual offences,Unable to prosecute suspect,
5f7dd8d02d6253635fa45cdfd1aa5b8466ab4dd97f4652f1713f62e8358409a0,2024-11,Sussex Police,Sussex Police,-0.673645,50.787356,On or near London Road,E01031432,Arun 017B,Violence and sexual offences,Unable to prosecute suspect,
aea875bc778a02d09834d957faf7fe66646b6644d7158428250efb9b80e4395b,2024-11,Sussex Police,Sussex Police,-0.675882,50.786005,On or near Station Road,E01031432,Arun 017B,Violence and sexual offences,Offender given a caution,
520d445f1ef73263c0f9c0ae97b7dcf208ce87d95a6815b0b507cfcb6ee09a5f,2024-11,Sussex Police,Sussex Police,-0.675882,50.786005,On or near Station Road,E01031432,Arun 017B,Violence and sexual offences,Unable to prosecute suspect,
0d8c4d939f7b638cc1dfab06a4d5db5451aa889bc1807951128bb9c60851ce35,2024-11,Sussex Police,Sussex Police,-0.669106,50.783833,On or near Albert Road,E01031432,Arun 017B,Violence and sexual offences,Unable to prosecute suspect,
27ffe1da01505f67cd80ff59e43f737b85064a3b673401eabe6eb7a1369d898a,2024-11,Sussex Police,Sussex Police,-0.671603,50.783789,On or near Sussex Street,E01031432,Arun 017B,Violence and sexual offences,Unable to prosecute suspect,
0947c7ebecbd9fae7329fa21c10e57278e8655f5d9d68d82db99971cdf2aa11f,2024-11,Sussex Police,Sussex Police,-0.675882,50.786005,On or near Station Road,E01031432,Arun 017B,Violence and sexual offences,Unable to prosecute suspect,
c1dfc234ca4f7b8a73dc73880c4f06d124fbf09ee93a7de115d2889d70fac4b0,2024-11,Sussex Police,Sussex Police,-0.675882,50.786005,On or near Station Road,E01031432,Arun 017B,Violence and sexual offences,Unable to prosecute suspect,
54cfb9ff39d85ac4b0a8a2dc205e7f990494a4ec2f317428710619164aac2ab7,2024-11,Sussex Police,Sussex Police,-0.675882,50.786005,On or near Station Road,E01031432,Arun 017B,Violence and sexual offences,Investigation complete; no suspect identified,
ceadb54ec4c3eb7d98b4c66b76a5098033f6060c4fe5ffacf2053d1bd956e4a6,2024-11,Sussex Police,Sussex Police,-0.671603,50.783789,On or near Sussex Street,E01031432,Arun 017B,Violence and sexual offences,Local resolution,
0aa81efda16033d47933e96ee54caec71003c09e8c85c2585fa601c0c4e5d82f,2024-11,Sussex Police,Sussex Police,-0.675882,50.786005,On or near Station Road,E01031432,Arun 017B,Violence and sexual offences,Investigation complete; no suspect identified,
20179853c2abe859b06a4c980cf1ad5577062be76d25c1d2a6605eaa49c99f5c,2024-11,Sussex Police,Sussex Police,-0.673645,50.787356,On or near London Road,E01031432,Arun 017B,Violence and sexual offences,Unable to prosecute suspect,
92e2206f363e056bbfcc63fd26bf303a72989ba9e5bb2aade8e771657061cf81,2024-11,Sussex Police,Sussex Police,-0.671603,50.783789,On or near Sussex Street,E01031432,Arun 017B,Violence and sexual offences,Unable to prosecute suspect,
4516d50323e0f99fd5af0188d0ee8febf032a57ddeee057a5794f503bc75525e,2024-11,Sussex Police,Sussex Police,-0.669106,50.783833,On or near Albert Road,E01031432,Arun 017B,Violence and sexual offences,Unable to prosecute suspect,
ca009a2d5d9ffc0258b54c23cd83b724d7301f70a177f489cd4e289ffd4c44ff,2024-11,Sussex Police,Sussex Police,-0.675882,50.786005,On or near Station Road,E01031432,Arun 017B,Violence and sexual offences,Unable to prosecute suspect,
c02a443565fdccf42ecb95cb7c8310fddf2d8dc0ef7950835a72d3ee26c41e65,2024-11,Sussex Police,Sussex Police,-0.671603,50.783789,On or near Sussex Street,E01031432,Arun 017B,Violence and sexual offences,Investigation complete; no suspect identified,
07421bf121c0767ecd07c052c0ae1fd3c291e9f8d678dac64944f1db4da33aff,2024-11,Sussex Police,Sussex Police,-0.673237,50.785202,On or near Sudley Road,E01031432,Arun 017B,Violence and sexual offences,Investigation complete; no suspect identified,
f3cb27c3c04f3d1a62a6bd988d39d8b1ee936838a41fe1b30c8f4c9aea643058,2024-11,Sussex Police,Sussex Police,-0.675882,50.786005,On or near Station Road,E01031432,Arun 017B,Violence and sexual offences,Investigation complete; no suspect identified,
348069f77af77401e50b4ed868dc39b57d3c3600ce82747ded1aaf959f5b0555,2024-11,Sussex Police,Sussex Police,-0.673237,50.785202,On or near Sudley Road,E01031432,Arun 017B,Violence and sexual offences,Investigation complete; no suspect identified,
d9ace1d203a23655418039a0d2b068584938d6d2ef221f8dd8feea71dc6914d1,2024-11,Sussex Police,Sussex Police,-0.675882,50.786005,On or near Station Road,E01031432,Arun 017B,Violence and sexual offences,Unable to prosecute suspect,
40cff59366c8f2e683cd0bce3ad5c53ae8d8f6bef10444ba0db49759676b6e25,2024-11,Sussex Police,Sussex Police,-0.675882,50.786005,On or near Station Road,E01031432,Arun 017B,Violence and sexual offences,Unable to prosecute suspect,
acbcd43b6fd5e5237d7e85525a0a1ee7b4fbb904c9ee18b11049df29641659b5,2024-11,Sussex Police,Sussex Police,-0.687246,50.783949,On or near Keats Walk,E01031435,Arun 017C,Bicycle theft,Investigation complete; no suspect identified,
037ee73a85d117e48dd92b75a3caab12fdf9cb55d806f33165c030e8024cc80b,2024-11,Sussex Police,Sussex Police,-0.687627,50.786048,On or near Burngreave Court,E01031435,Arun 017C,Criminal damage and arson,Unable to prosecute suspect,
a89516f9d5dbceb34728afd240ac4bb12526ab9cd2cb04cf62060a141d9c6f09,2024-11,Sussex Police,Sussex Police,-0.682133,50.784170,On or near Wellington Road,E01031435,Arun 017C,Other theft,Investigation complete; no suspect identified,
f29bc1af772db2704d77bc86f0082b18567c093f1de8999f2b1580530ca53188,2024-11,Sussex Police,Sussex Police,-0.685966,50.783044,On or near Ellasdale Road,E01031435,Arun 017C,Public order,Unable to prosecute suspect,
7063d06e42e30b6b0680af13e92ef9b76296020aad9e43bc6ec1ba3d656e5494,2024-11,Sussex Police,Sussex Police,-0.693126,50.785211,On or near Parkway,E01031435,Arun 017C,Violence and sexual offences,Unable to prosecute suspect,
b3fd8f9114c8b7eae3cb0934b0956195d7fba646340d0c6ebc40791810c03bc2,2024-11,Sussex Police,Sussex Police,-0.687627,50.786048,On or near Burngreave Court,E01031435,Arun 017C,Violence and sexual offences,Local resolution,
82c85e0ea92d94660cd16d34c19a4709d264ce008644a563ca7befd09c449f68,2024-11,Sussex Police,Sussex Police,-0.693126,50.785211,On or near Parkway,E01031435,Arun 017C,Violence and sexual offences,Unable to prosecute suspect,
4439bda72f5c9a62dd552491cc73ac20e319d4bbecbefa90fc5c12733d0601b5,2024-11,Sussex Police,Sussex Police,-0.689182,50.783206,On or near Richmond Avenue,E01031435,Arun 017C,Violence and sexual offences,Investigation complete; no suspect identified,
8aae9da8c343134fe14d263c43f1331ec7e8d827e77028753f0c9a1196b0ea88,2024-11,Sussex Police,Sussex Police,-0.689182,50.783206,On or near Richmond Avenue,E01031435,Arun 017C,Violence and sexual offences,Investigation complete; no suspect identified,
db99603ca6a4b8158c907bd976a339ebd261dfbcd07d9f7b02b499586f5e2675,2024-11,Sussex Police,Sussex Police,-0.680900,50.783616,On or near Cavendish Road,E01031435,Arun 017C,Violence and sexual offences,Status update unavailable,
e44d4abfa3209aac9f5a3901e3d48c98fba33d102549ed9719a62da33985f464,2024-11,Sussex Police,Sussex Police,-0.689182,50.783206,On or near Richmond Avenue,E01031435,Arun 017C,Violence and sexual offences,Unable to prosecute suspect,
9cdefb0d8eed0aeb4fe8112f248d8f846b2a770ad4761ce72690f53075f32eb3,2024-11,Sussex Police,Sussex Police,-0.689182,50.783206,On or near Richmond Avenue,E01031435,Arun 017C,Violence and sexual offences,Action to be taken by another organisation,
,2024-11,Sussex Police,Sussex Police,-0.674178,50.783531,On or near John Street,E01031436,Arun 017D,Anti-social behaviour,,
,2024-11,Sussex Police,Sussex Police,-0.677371,50.781472,On or near Manor Place,E01031436,Arun 017D,Anti-social behaviour,,
,2024-11,Sussex Police,Sussex Police,-0.677718,50.783778,On or near Steyne Street,E01031436,Arun 017D,Anti-social behaviour,,
,2024-11,Sussex Police,Sussex Police,-0.674166,50.784466,On or near Shopping Area,E01031436,Arun 017D,Anti-social behaviour,,
aca2cc21ca82093689d98784f29ccdab280528cd51407adfbe180b68131981a3,2024-11,Sussex Police,Sussex Police,-0.679560,50.781829,On or near Royal Norfolk Mews,E01031436,Arun 017D,Burglary,Investigation complete; no suspect identified,
04955f22a3c96d5f99fbc059d604312ccd531f9a390bb5b21a3c5b2855153604,2024-11,Sussex Police,Sussex Police,-0.674166,50.784466,On or near Shopping Area,E01031436,Arun 017D,Criminal damage and arson,Investigation complete; no suspect identified,
c69d494104c3e23e57103b3df34baa0c19362d49f5913e3116c5113098583421,2024-11,Sussex Police,Sussex Police,-0.674748,50.782440,On or near Lennox Street,E01031436,Arun 017D,Criminal damage and arson,Court result unavailable,
f33848bfd21782695e4dc8ca32e80f39306d82073c92e5ea5cd145a90b124ddc,2024-11,Sussex Police,Sussex Police,-0.677718,50.783778,On or near Steyne Street,E01031436,Arun 017D,Criminal damage and arson,Investigation complete; no suspect identified,
b473b04c6820a4ea0b613ffef3136a6245d485513a9b1289feeb3542d5d944bb,2024-11,Sussex Police,Sussex Police,-0.678344,50.785710,On or near Ockley Road,E01031436,Arun 017D,Criminal damage and arson,Investigation complete; no suspect identified,
68f8382f6befb034c94cdaded271599a0df7ebfa6e7481fc71610aa685486db0,2024-11,Sussex Police,Sussex Police,-0.677750,50.785136,On or near Canada Grove,E01031436,Arun 017D,Criminal damage and arson,Local resolution,
769f3f54a3ff8ec30b31cd47616856c4ab9df88d73762cf3993a1676b8ed2b0d,2024-11,Sussex Police,Sussex Police,-0.675847,50.785223,On or near Merchant Street,E01031436,Arun 017D,Criminal damage and arson,Unable to prosecute suspect,
1f1a00d1ea131e67d1bff61c6d96ae5591f2ab8e2f70152a436d58f8bc02bd24,2024-11,Sussex Police,Sussex Police,-0.674748,50.782440,On or near Lennox Street,E01031436,Arun 017D,Criminal damage and arson,Investigation complete; no suspect identified,
c1c7e4cbcf9b0467820d77eb7965edb6bb10f12fc356a8aeb23f30f63d9d88fa,2024-11,Sussex Police,Sussex Police,-0.677750,50.785136,On or near Canada Grove,E01031436,Arun 017D,Criminal damage and arson,Investigation complete; no suspect identified,
1183a73bed3be22752bcd2a050c3efbeaa88798663002bc9966c849e1c62c3fa,2024-11,Sussex Police,Sussex Police,-0.677750,50.785136,On or near Canada Grove,E01031436,Arun 017D,Criminal damage and arson,Investigation complete; no suspect identified,
214068f914395c5b559cb212a8ad6ba35cf4e20c1fccce9338b8dbbec8126c39,2024-11,Sussex Police,Sussex Police,-0.675957,50.784352,On or near Queensway,E01031436,Arun 017D,Criminal damage and arson,Investigation complete; no suspect identified,
93e9cbd2291865e4722743b11b9846746db8f816456357acf6d200d3c951e042,2024-11,Sussex Police,Sussex Police,-0.674178,50.783531,On or near John Street,E01031436,Arun 017D,Other theft,Investigation complete; no suspect identified,
05bf1120d394ff754fbf5df9046fbc86c1db9d1186c1b0e77dd99a7b5560c395,2024-11,Sussex Police,Sussex Police,-0.675260,50.782392,On or near Norfolk Street,E01031436,Arun 017D,Other theft,Investigation complete; no suspect identified,
5e70dd8290f2f0c2d521d9f3ea430465d63df22ff51f2bc1140aea7476910d2a,2024-11,Sussex Police,Sussex Police,-0.678344,50.785710,On or near Ockley Road,E01031436,Arun 017D,Other theft,Investigation complete; no suspect identified,
8b95524b05e5f22878517e1d74718a13da21c53d996fd20864a74c0f84e4a807,2024-11,Sussex Police,Sussex Police,-0.674178,50.783531,On or near John Street,E01031436,Arun 017D,Other theft,Investigation complete; no suspect identified,
b830cc56e477282170f037b40474475531169d530b6ec7292dec7c35b414e530,2024-11,Sussex Police,Sussex Police,-0.674178,50.783531,On or near John Street,E01031436,Arun 017D,Possession of weapons,Awaiting court outcome,
ed3198d1468672a8c2a51a0eb91e04cc26a76006512a2cd194ec00ecea658841,2024-11,Sussex Police,Sussex Police,-0.675260,50.782392,On or near Norfolk Street,E01031436,Arun 017D,Public order,Court result unavailable,
86d687b754487954213bda952df408cb6f7b81ba0927071f7e42b5ab8a9fd82d,2024-11,Sussex Police,Sussex Police,-0.675957,50.784352,On or near Queensway,E01031436,Arun 017D,Public order,Investigation complete; no suspect identified,
844b5fc57f8f40913ea630e9c30ad949d4132c9a80bd388a973377da41f66bbd,2024-11,Sussex Police,Sussex Police,-0.674178,50.783531,On or near John Street,E01031436,Arun 017D,Public order,Unable to prosecute suspect,
ce95ae2245412849710ab484313597afd10574823e9a0887502bb28640187005,2024-11,Sussex Police,Sussex Police,-0.674178,50.783531,On or near John Street,E01031436,Arun 017D,Public order,Unable to prosecute suspect,
daa5f83b064dba8299c1f91f143916da44eab956cf00670d5f95dee2e275397c,2024-11,Sussex Police,Sussex Police,-0.674748,50.782440,On or near Lennox Street,E01031436,Arun 017D,Shoplifting,Investigation complete; no suspect identified,
6600c81ac54f02a16cd8eb233407fdfc5c6ba56434a82a9285c905af81d4c5f2,2024-11,Sussex Police,Sussex Police,-0.675336,50.784731,On or near Parking Area,E01031436,Arun 017D,Shoplifting,Investigation complete; no suspect identified,
e152c2df7960d8ec6db0553daddea65efc0a1bb02cc4b3cf304c371c5760f1a6,2024-11,Sussex Police,Sussex Police,-0.675336,50.784731,On or near Parking Area,E01031436,Arun 017D,Shoplifting,Investigation complete; no suspect identified,
fa3de77a0a5b4d9d785026dbd39e42caf9299baae5bdb2677869cfd5aac7396d,2024-11,Sussex Police,Sussex Police,-0.675336,50.784731,On or near Parking Area,E01031436,Arun 017D,Shoplifting,Investigation complete; no suspect identified,
bd5866037d2da7c15eeba06310e7138f552b715b4ae43b608c8bae838a267e8a,2024-11,Sussex Police,Sussex Police,-0.675336,50.784731,On or near Parking Area,E01031436,Arun 017D,Shoplifting,Unable to prosecute suspect,
2c79938723ad4c3ffa27f1b4a4e01ce52a809b384d60d90abe4eeba32b982e62,2024-11,Sussex Police,Sussex Police,-0.675336,50.784731,On or near Parking Area,E01031436,Arun 017D,Shoplifting,Investigation complete; no suspect identified,
584992796e264f90f048c69e38f622f46019621937e80d36f93ada4cc1d7d2dc,2024-11,Sussex Police,Sussex Police,-0.675336,50.784731,On or near Parking Area,E01031436,Arun 017D,Shoplifting,Investigation complete; no suspect identified,
16f6f22d4db218c15b53952c5f7f56ac37f28184017715285dc31a7d33abe53c,2024-11,Sussex Police,Sussex Police,-0.675336,50.784731,On or near Parking Area,E01031436,Arun 017D,Shoplifting,Investigation complete; no suspect identified,
a73a9f56c1fdda37dae94798633b2244687b725c121af4c9668bc54b77108b1e,2024-11,Sussex Police,Sussex Police,-0.675336,50.784731,On or near Parking Area,E01031436,Arun 017D,Shoplifting,Unable to prosecute suspect,
ee5951160440332184bd9c616ec36fd75da335a2ad9fc706728ec571d5ad4401,2024-11,Sussex Police,Sussex Police,-0.675336,50.784731,On or near Parking Area,E01031436,Arun 017D,Shoplifting,Investigation complete; no suspect identified,
85d0c358217bedaa73a5a83ffb9f8c886dc2548b69accb0d9ec7a6b256bf8c8d,2024-11,Sussex Police,Sussex Police,-0.675336,50.784731,On or near Parking Area,E01031436,Arun 017D,Shoplifting,Unable to prosecute suspect,
4b4ee74a7d9c451b9513d6fdffa449958651e7ecf20254c831f96a4564bacce1,2024-11,Sussex Police,Sussex Police,-0.675336,50.784731,On or near Parking Area,E01031436,Arun 017D,Shoplifting,Local resolution,
e004921fb52dd800e063616467e95787813a02b78ad949562814ef4028fb69b3,2024-11,Sussex Police,Sussex Police,-0.675336,50.784731,On or near Parking Area,E01031436,Arun 017D,Shoplifting,Investigation complete; no suspect identified,
eb948fd57daa8179e1596b8b7de7acd85d5748803de3f3398e156b3d926eb97a,2024-11,Sussex Police,Sussex Police,-0.674166,50.784466,On or near Shopping Area,E01031436,Arun 017D,Shoplifting,Investigation complete; no suspect identified,
6203bb3621775427de7bdae6b6f8e5b7e1e6ab4eb1b91045fffbb913d9af44fd,2024-11,Sussex Police,Sussex Police,-0.675336,50.784731,On or near Parking Area,E01031436,Arun 017D,Shoplifting,Investigation complete; no suspect identified,
b53beaba440f317e0a0d125b71b93b20e76fea95b21d331832132cbf58afe7c4,2024-11,Sussex Police,Sussex Police,-0.675336,50.784731,On or near Parking Area,E01031436,Arun 017D,Shoplifting,Investigation complete; no suspect identified,
1b088fc7c39d4be79e2ef65c82ff0cbca16794757f503ac619177520b6776cc2,2024-11,Sussex Police,Sussex Police,-0.675336,50.784731,On or near Parking Area,E01031436,Arun 017D,Shoplifting,Investigation complete; no suspect identified,
c1ebefc50d8cddd142e6c3b0fdcb000d11de5a237e26c653fb6efde345f84df9,2024-11,Sussex Police,Sussex Police,-0.675336,50.784731,On or near Parking Area,E01031436,Arun 017D,Shoplifting,Investigation complete; no suspect identified,
8766c4aed9bf244ae01c9660bf928a5b09c2c5fee3d8e604fe73e883dc01da54,2024-11,Sussex Police,Sussex Police,-0.675336,50.784731,On or near Parking Area,E01031436,Arun 017D,Shoplifting,Investigation complete; no suspect identified,
0d1939d77b9aafc42a1da34eea5c68d82209a57cdc2fab06c3dddf87ea75c05d,2024-11,Sussex Police,Sussex Police,-0.675336,50.784731,On or near Parking Area,E01031436,Arun 017D,Shoplifting,Investigation complete; no suspect identified,
dabdf046e24983919fb564386ce844e79e3b002cc80a39bef39698abe88bc1a9,2024-11,Sussex Police,Sussex Police,-0.674166,50.784466,On or near Shopping Area,E01031436,Arun 017D,Shoplifting,Court result unavailable,
84b4b0d1b42e7db95ef674dab1ef49d185f90459a5522e0321c2724f28ed1009,2024-11,Sussex Police,Sussex Police,-0.675336,50.784731,On or near Parking Area,E01031436,Arun 017D,Shoplifting,Investigation complete; no suspect identified,
3057d33632c1284c1379c83de5c8108d26b5cd9d7630e03d265c8adafcb7a316,2024-11,Sussex Police,Sussex Police,-0.674166,50.784466,On or near Shopping Area,E01031436,Arun 017D,Theft from the person,Investigation complete; no suspect identified,
d2fca719fe443e111536e71194ec72cdb92cc31ade48a489cb9374933c0373f9,2024-11,Sussex Police,Sussex Police,-0.677579,50.782670,On or near West Street,E01031436,Arun 017D,Vehicle crime,Investigation complete; no suspect identified,
f32028cc247e45f235a4fc15a38fd2cb1894ec94df63b6a5fd7166a938c4e090,2024-11,Sussex Police,Sussex Police,-0.675957,50.784352,On or near Queensway,E01031436,Arun 017D,Violence and sexual offences,Investigation complete; no suspect identified,
91dc460ac2092997b247f7923cc1beb3975571b507b7eb341990b6a64e79258a,2024-11,Sussex Police,Sussex Police,-0.677750,50.785136,On or near Canada Grove,E01031436,Arun 017D,Violence and sexual offences,Unable to prosecute suspect,
d9ee3b04a97094798e14e0db6bffc3dbd1eb5f2fe410df04be6bd281a649be3a,2024-11,Sussex Police,Sussex Police,-0.678590,50.781513,On or near Sadler Street,E01031436,Arun 017D,Violence and sexual offences,Status update unavailable,
2b83ec17cd3e45a5881489ad6b2547a2a14ca2034ef1a4e0656d5ccf23c3b46e,2024-11,Sussex Police,Sussex Police,-0.675847,50.785223,On or near Merchant Street,E01031436,Arun 017D,Violence and sexual offences,Action to be taken by another organisation,
35aa763566fee5070eb80a76cf8816a72d1dae0258a567030ae1e741d13657ee,2024-11,Sussex Police,Sussex Police,-0.675260,50.782392,On or near Norfolk Street,E01031436,Arun 017D,Violence and sexual offences,Court result unavailable,
58776bd19645172358c72a8be41828b78eb82394e70575eadf25b99103f1a473,2024-11,Sussex Police,Sussex Police,-0.675957,50.784352,On or near Queensway,E01031436,Arun 017D,Violence and sexual offences,Unable to prosecute suspect,
c6246420606f25db7d02d091d77404392dde0d0b68c3bdcd559418a3c5f7b25e,2024-11,Sussex Police,Sussex Police,-0.674178,50.783531,On or near John Street,E01031436,Arun 017D,Violence and sexual offences,Investigation complete; no suspect identified,
2a485ec01938a4e8c7852de323c1dadf3ae60cb97ba09a05f91b88891178a8fb,2024-11,Sussex Police,Sussex Police,-0.675847,50.785223,On or near Merchant Street,E01031436,Arun 017D,Violence and sexual offences,Court result unavailable,
269a7184b96feef60fd15a3259b61589575b7833380ec1a0a8585ad28be5e1a0,2024-11,Sussex Police,Sussex Police,-0.677371,50.781472,On or near Manor Place,E01031436,Arun 017D,Violence and sexual offences,Unable to prosecute suspect,
0016f3f4c833e8662509254aef323f80e629ea8cc77cd23daf41bae015200ccb,2024-11,Sussex Police,Sussex Police,-0.677718,50.783778,On or near Steyne Street,E01031436,Arun 017D,Violence and sexual offences,Court result unavailable,
6787b1f322aa1fe9189727967a31fcce345b38bfeef93cf48769dd629bc9c66b,2024-11,Sussex Police,Sussex Police,-0.677750,50.785136,On or near Canada Grove,E01031436,Arun 017D,Violence and sexual offences,Unable to prosecute suspect,
403420d394ad3c7906bedc6c590ab0e4d3ea460444fda6fdaec3abe5bb70e5a8,2024-11,Sussex Police,Sussex Police,-0.675336,50.784731,On or near Parking Area,E01031436,Arun 017D,Violence and sexual offences,Investigation complete; no suspect identified,
a2da40a36bf526e05b72265c7a98a314680b59b79659bddf622918a66cd220af,2024-11,Sussex Police,Sussex Police,-0.674178,50.783531,On or near John Street,E01031436,Arun 017D,Violence and sexual offences,Unable to prosecute suspect,
71d2485a273f398fdb24e3afe8199cf2da911cb1ea1aeb6d482242cf5f6bf661,2024-11,Sussex Police,Sussex Police,-0.674178,50.783531,On or near John Street,E01031436,Arun 017D,Violence and sexual offences,Unable to prosecute suspect,
2c70d0a5cecb552f55763371ed6de9c9c53d953b9ef9c11662ff62b4fb4ec8e4,2024-11,Sussex Police,Sussex Police,-0.675847,50.785223,On or near Merchant Street,E01031436,Arun 017D,Violence and sexual offences,Unable to prosecute suspect,
34ed730ea88d208c4bf88f2b714982bb8b1101ea72ac592d27932354e47e6b71,2024-11,Sussex Police,Sussex Police,-0.674178,50.783531,On or near John Street,E01031436,Arun 017D,Violence and sexual offences,Local resolution,
c5a27e23ce210e640bcc90a907562261b4e2073e03170bd8ceaee7c5ad6783af,2024-11,Sussex Police,Sussex Police,-0.678344,50.785710,On or near Ockley Road,E01031436,Arun 017D,Violence and sexual offences,Unable to prosecute suspect,
b0c65ec7424a85c4c4298c5f2a97e519e0ab4ab1c98d2a36141faf302bea55ca,2024-11,Sussex Police,Sussex Police,-0.674748,50.782440,On or near Lennox Street,E01031436,Arun 017D,Violence and sexual offences,Unable to prosecute suspect,
f7adb6a47553e69bf230bbdf75feed1c9198d2ea6fc29ae8c65fa4ac4b89d8ae,2024-11,Sussex Police,Sussex Police,-0.677750,50.785136,On or near Canada Grove,E01031436,Arun 017D,Violence and sexual offences,Status update unavailable,
c3f930ea081940cf2fcc829dc9fffbd91fb4d3dd259203f8ec2ba65f9c9be456,2024-11,Sussex Police,Sussex Police,-0.675862,50.785205,On or near Crescent Road,E01031436,Arun 017D,Violence and sexual offences,Unable to prosecute suspect,
1c5610a113f5cd65694d2ba1bda9f24e731d80f8d206f8a1bee77e5f427cde57,2024-11,Sussex Police,Sussex Police,-0.677371,50.781472,On or near Manor Place,E01031436,Arun 017D,Other crime,Unable to prosecute suspect,
4c2763195d2f49ae7e48bcef2e2700b7e17bbe69f506048c40ce5515deae175e,2024-11,Sussex Police,Sussex Police,-0.683434,50.780758,On or near Marine Parade,E01031437,Arun 017E,Criminal damage and arson,Investigation complete; no suspect identified,
615f3c0c19e893f1a33e6b07717098e73175a6e769655a3e19225f96e4db4f04,2024-11,Sussex Police,Sussex Police,-0.685208,50.780247,On or near Park Terrace,E01031437,Arun 017E,Criminal damage and arson,Unable to prosecute suspect,
4920b11a6c5c74f781c060a924e9fc088b574bcd23a7e029d32c173e0c6ea499,2024-11,Sussex Police,Sussex Police,-0.686514,50.780694,On or near Stocker Road,E01031437,Arun 017E,Criminal damage and arson,Investigation complete; no suspect identified,
1b9480fbb3bee1fe0e04f24052a786ebfdcf397f57829076f484f56c26e30c7b,2024-11,Sussex Police,Sussex Police,-0.683434,50.780758,On or near Marine Parade,E01031437,Arun 017E,Criminal damage and arson,Investigation complete; no suspect identified,
ff4975c685c8725ceab3bd45ca679054341b315a68d018d5fd160557bd59af29,2024-11,Sussex Police,Sussex Police,-0.686514,50.780694,On or near Stocker Road,E01031437,Arun 017E,Criminal damage and arson,Unable to prosecute suspect,
689f8723917798b0476e81fa21702cc76faf15d948922a24b95df0e3745cfc6a,2024-11,Sussex Police,Sussex Police,-0.681628,50.781430,On or near Norfolk Close,E01031437,Arun 017E,Drugs,Status update unavailable,
41ec01a028c5f83e9ebd92a495ce8a5fa4e664b7b96baf06a2187746c3405b04,2024-11,Sussex Police,Sussex Police,-0.681458,50.781419,On or near Norfolk Square,E01031437,Arun 017E,Drugs,Unable to prosecute suspect,
aad21640d7d53797d2e0a96245aad9b3982f2414c2c1b845bae2b4e002ef07a6,2024-11,Sussex Police,Sussex Police,-0.681628,50.781430,On or near Norfolk Close,E01031437,Arun 017E,Drugs,Local resolution,
04f8a2b197ae95fe62fc41ebfa03c47b559b86a750a492ed4d9365f75ac01411,2024-11,Sussex Police,Sussex Police,-0.681628,50.781430,On or near Norfolk Close,E01031437,Arun 017E,Drugs,Local resolution,
b043ff9c8c46a5dda82cae78ca0a9a3cf03c7bb3ae8de6d3e8e5b9124b54f7a2,2024-11,Sussex Police,Sussex Police,-0.679371,50.782493,On or near Bakery Lane,E01031437,Arun 017E,Possession of weapons,Status update unavailable,
25eed484aee50e9ae72703f8d994bb0b44b8b43aaba8532f535c5eafd8d104bc,2024-11,Sussex Police,Sussex Police,-0.685208,50.780247,On or near Park Terrace,E01031437,Arun 017E,Public order,Unable to prosecute suspect,
f0f63174393db7f32fc673e752d219fb86c28c1999aa9094292d3494ec55295d,2024-11,Sussex Police,Sussex Police,-0.683434,50.780758,On or near Marine Parade,E01031437,Arun 017E,Public order,Unable to prosecute suspect,
74557e9d966e5e63b7266daf61e15d57bd9887816deb110e8cfbd7e5755369c1,2024-11,Sussex Police,Sussex Police,-0.686765,50.781884,On or near Oxford Street,E01031437,Arun 017E,Shoplifting,Unable to prosecute suspect,
be8c7d65a36a36135924b7f4effe17a594f0546ca1ea010767c96cf8963b66b2,2024-11,Sussex Police,Sussex Police,-0.686514,50.780694,On or near Stocker Road,E01031437,Arun 017E,Violence and sexual offences,Status update unavailable,
4feb9f97f7de6ce2999587aa04a29e8e3f3eaa754b11f960838d8f909471bb51,2024-11,Sussex Police,Sussex Police,-0.683434,50.780758,On or near Marine Parade,E01031437,Arun 017E,Violence and sexual offences,Unable to prosecute suspect,
111930555ca2cc6bea0f54d1aa46a6249ac56aea96c03cd718f2cca7ff3e0d7e,2024-11,Sussex Police,Sussex Police,-0.686514,50.780694,On or near Stocker Road,E01031437,Arun 017E,Violence and sexual offences,Unable to prosecute suspect,
547b852cc8eb971768bbec4714a82830beb234249b6a214f980732582f55596e,2024-11,Sussex Police,Sussex Police,-0.685028,50.780596,On or near Park Road,E01031437,Arun 017E,Violence and sexual offences,Unable to prosecute suspect,
638aa25594d7269e9e325098ae56e54a92412a9533f718f677eff6b52474cab0,2024-11,Sussex Police,Sussex Police,-0.676123,50.781494,On or near Nightclub,E01031437,Arun 017E,Violence and sexual offences,Investigation complete; no suspect identified,
6360831515bd3e4552cfd4a8adcd53b01d439f3d66fa8d5343aad12b71ef2fd3,2024-11,Sussex Police,Sussex Police,-0.686765,50.781884,On or near Oxford Street,E01031437,Arun 017E,Violence and sexual offences,Unable to prosecute suspect,
c76942f6714852b738f3c4670d4710bc9746ad8121543e086218d2950299d05e,2024-11,Sussex Police,Sussex Police,-0.686514,50.780694,On or near Stocker Road,E01031437,Arun 017E,Violence and sexual offences,Unable to prosecute suspect,
f45092624401992a095aeca0bc3b482004699a9fb37037f6b20562f663a9b16c,2024-11,Sussex Police,Sussex Police,-0.686765,50.781884,On or near Oxford Street,E01031437,Arun 017E,Violence and sexual offences,Unable to prosecute suspect,
9638ef7ab152bfa48b796ebeb511de5ffd9909fc0c7c40cf920a6c10979c91f8,2024-11,Sussex Police,Sussex Police,-0.683434,50.780758,On or near Marine Parade,E01031437,Arun 017E,Other crime,Status update unavailable,
,2024-11,Sussex Police,Sussex Police,-0.678551,50.785433,On or near Southover Road,E01031453,Arun 017F,Anti-social behaviour,,
,2024-11,Sussex Police,Sussex Police,-0.678551,50.785433,On or near Southover Road,E01031453,Arun 017F,Anti-social behaviour,,
,2024-11,Sussex Police,Sussex Police,-0.679427,50.784022,On or near Sutherland Close,E01031453,Arun 017F,Anti-social behaviour,,
,2024-11,Sussex Police,Sussex Police,-0.678825,50.786758,On or near Sturges Road,E01031453,Arun 017F,Anti-social behaviour,,
,2024-11,Sussex Police,Sussex Police,-0.678825,50.786758,On or near Sturges Road,E01031453,Arun 017F,Anti-social behaviour,,
,2024-11,Sussex Police,Sussex Police,-0.678551,50.785433,On or near Southover Road,E01031453,Arun 017F,Anti-social behaviour,,
,2024-11,Sussex Police,Sussex Police,-0.678825,50.786758,On or near Sturges Road,E01031453,Arun 017F,Anti-social behaviour,,
f7e6348fbbc28003e118dc9941e73b87d30dec4102deea41014aeb06bd1b7fda,2024-11,Sussex Police,Sussex Police,-0.679733,50.785267,On or near Gainsboro Road,E01031453,Arun 017F,Drugs,Status update unavailable,
8afdd4868a828e78f5cb62f0933f37930e1ec24ceb0115bfc8a3807e68fef28b,2024-11,Sussex Police,Sussex Police,-0.680759,50.784586,On or near Southdown Road,E01031453,Arun 017F,Drugs,Local resolution,
675ab13e0cb53c57f6bd7ccfde6d53a1806f4beb6d4069ed1f3b290fa640cd5b,2024-11,Sussex Police,Sussex Police,-0.678825,50.786758,On or near Sturges Road,E01031453,Arun 017F,Other theft,Investigation complete; no suspect identified,
f1f672d67a101e6c0a2ec4c2f7ebf798f08cc4de4f1599d3d702b7f2c2ff67ca,2024-11,Sussex Police,Sussex Police,-0.678825,50.786758,On or near Sturges Road,E01031453,Arun 017F,Other theft,Investigation complete; no suspect identified,
7d75870f5da51a6028bcfe8322b566bb1bfe8a3d249131ce59431593b6711d06,2024-11,Sussex Police,Sussex Police,-0.678825,50.786758,On or near Sturges Road,E01031453,Arun 017F,Public order,Unable to prosecute suspect,
609f823de792ff8ed97e5cae6f3ac0fcc2d45380f678475b72107631ef93d018,2024-11,Sussex Police,Sussex Police,-0.683868,50.785538,On or near Hambledon Place,E01031453,Arun 017F,Vehicle crime,Investigation complete; no suspect identified,
32a5f29bff9997222a9bb55f1569586372004a72fe24fca4e090deef45eec96f,2024-11,Sussex Police,Sussex Police,-0.679733,50.785267,On or near Gainsboro Road,E01031453,Arun 017F,Violence and sexual offences,Status update unavailable,
9dd4bb369dde21de3035a1cfc2e7018c57ba4b4ccd3affc3ae1ebfe7dacf3aa8,2024-11,Sussex Police,Sussex Police,-0.678825,50.786758,On or near Sturges Road,E01031453,Arun 017F,Violence and sexual offences,Unable to prosecute suspect,
69cceff8648e469d292b6b17fefcdb3b2fa2e68615e80676d65bed3723cfba1c,2024-11,Sussex Police,Sussex Police,-0.678825,50.786758,On or near Sturges Road,E01031453,Arun 017F,Violence and sexual offences,Unable to prosecute suspect,
8fb8e0cc0a18a75acdfb9b3cc4d4cd237d9572e577d3344aebe1b79a5c6c3542,2024-11,Sussex Police,Sussex Police,-0.678825,50.786758,On or near Sturges Road,E01031453,Arun 017F,Violence and sexual offences,Unable to prosecute suspect,
,2024-11,Sussex Police,Sussex Police,-0.699995,50.779469,On or near Woodstock Gardens,E01031380,Arun 018A,Anti-social behaviour,,
,2024-11,Sussex Police,Sussex Police,-0.691369,50.779543,On or near Parking Area,E01031380,Arun 018A,Anti-social behaviour,,
19958cfc177fd8076e487537027512e84f45f22c77f2bc25a7c0ee33aec10908,2024-11,Sussex Police,Sussex Police,-0.705233,50.783970,On or near Tinghall,E01031380,Arun 018A,Violence and sexual offences,Investigation complete; no suspect identified,
,2024-11,Sussex Police,Sussex Police,-0.699866,50.784135,On or near Aldwick Gardens,E01031381,Arun 018B,Anti-social behaviour,,
,2024-11,Sussex Police,Sussex Police,-0.692827,50.781178,On or near Silverston Avenue,E01031381,Arun 018B,Anti-social behaviour,,
853e0ae62064a4c2028d3a346273ea2f3a7428ef92d98c79b7c85cef5dc336de,2024-11,Sussex Police,Sussex Police,-0.689351,50.779683,On or near Marine Drive West,E01031381,Arun 018B,Bicycle theft,Investigation complete; no suspect identified,
4858f8318d0bc120c6f365caf06091cd7593b60f321a40d29d4991851b5a5c00,2024-11,Sussex Police,Sussex Police,-0.689351,50.779683,On or near Marine Drive West,E01031381,Arun 018B,Other theft,Investigation complete; no suspect identified,
,2024-11,Sussex Police,Sussex Police,-0.702887,50.784672,On or near Countisbury Close,E01031382,Arun 018C,Anti-social behaviour,,
37cef83efb3c841d658740e9c444fd38dc91c9994897fa9fd3b9cf952f592cf4,2024-11,Sussex Police,Sussex Police,-0.702887,50.784672,On or near Countisbury Close,E01031382,Arun 018C,Criminal damage and arson,Investigation complete; no suspect identified,
a88a09de16d63e6c9db545fd39a4d6572b34889ce1a18ff115df1527e101516c,2024-11,Sussex Police,Sussex Police,-0.701179,50.790508,On or near College Close,E01031382,Arun 018C,Drugs,Court result unavailable,
b0da35984eb1db58d58b4f9820954de158209e06867366702df16939ca1af5a4,2024-11,Sussex Police,Sussex Police,-0.701179,50.790508,On or near College Close,E01031382,Arun 018C,Possession of weapons,Court result unavailable,
69a1361f09f550717ea949475ffcd39c9f2634197966ea01898ba5ac6728c27e,2024-11,Sussex Police,Sussex Police,-0.702887,50.784672,On or near Countisbury Close,E01031382,Arun 018C,Violence and sexual offences,Court result unavailable,
eaa31983687f8e34318c8818ddf0de261bf0180713d4ca92a79c85f984df400f,2024-11,Sussex Police,Sussex Police,-0.710547,50.782635,On or near Cherry Close,E01031384,Arun 018E,Public order,Investigation complete; no suspect identified,
10d344dfb22c475825b2fce214c10b76e7c4daf7c8dde74807504976cb4fe934,2024-11,Sussex Police,Sussex Police,-0.711404,50.788076,On or near Tyne Way,E01031384,Arun 018E,Public order,Investigation complete; no suspect identified,
3cc37e00bcacaffd2de85ba1148e4f453710cac0aac69e085277616c7e3db150,2024-11,Sussex Police,Sussex Police,-0.710437,50.786626,On or near St Richard'S Drive,E01031384,Arun 018E,Vehicle crime,Investigation complete; no suspect identified,
fdc695191c8bf8c4cbb63223e7fc15f2e4f4a4192720186842c749289d5b76ef,2024-11,Sussex Police,Sussex Police,-0.708556,50.787963,On or near Southwark Walk,E01031384,Arun 018E,Violence and sexual offences,Unable to prosecute suspect,
c81a7b5ce1eacb210eae5f2a9e326bfced15459378456064190a1677b6df1eae,2024-11,Sussex Police,Sussex Police,-0.717075,50.783030,On or near Wilman Gardens,E01031385,Arun 019A,Vehicle crime,Investigation complete; no suspect identified,
0a62eb7b8a97e52ba42eb23419ca72aaaa40b6c2527b48a9d5325f70ddc9cc10,2024-11,Sussex Police,Sussex Police,-0.718307,50.780517,On or near Halnaker Gardens,E01031385,Arun 019A,Other crime,Status update unavailable,
f2712998d7402b164ac0ce17539c40866b4b5b859d51b2e5a0c89a1bcd9214f9,2024-11,Sussex Police,Sussex Police,-0.741265,50.783429,On or near Honeysuckle Drive,E01031445,Arun 019B,Other theft,Investigation complete; no suspect identified,
64067e5defc2eb73b5ae793bf7e4196df71a323f9b78c6899ca87e8fbbb4a34a,2024-11,Sussex Police,Sussex Police,-0.721169,50.797797,On or near B2166,E01031445,Arun 019B,Violence and sexual offences,Unable to prosecute suspect,
db6c097827dc1a6d308542357065bbb3d5a7724dd2041f44d57c006a1870beeb,2024-11,Sussex Police,Sussex Police,-0.721169,50.797797,On or near B2166,E01031445,Arun 019B,Other crime,Investigation complete; no suspect identified,
,2024-11,Sussex Police,Sussex Police,-0.726449,50.785759,On or near Stonehill Crescent,E01031446,Arun 019C,Anti-social behaviour,,
,2024-11,Sussex Police,Sussex Police,-0.726449,50.785759,On or near Stonehill Crescent,E01031446,Arun 019C,Anti-social behaviour,,
ce1822c61736a287fb9bd875aee71dab307132386dec244597daae318e04809d,2024-11,Sussex Police,Sussex Police,-0.726449,50.785759,On or near Stonehill Crescent,E01031446,Arun 019C,Criminal damage and arson,Investigation complete; no suspect identified,
,2024-11,Sussex Police,Sussex Police,-0.737597,50.777939,On or near Pagham Road,E01031447,Arun 019D,Anti-social behaviour,,
3e84d5c9820c8e36adf2a780ba1c73eaed332173f0f927435f30906109f489f2,2024-11,Sussex Police,Sussex Police,-0.738756,50.774400,On or near Harbour View Road,E01031447,Arun 019D,Burglary,Investigation complete; no suspect identified,
aef8f1b0bdd50e00dd4e8a3cd91d72d99f6a4441d6dd39cdb9826cbc46d074da,2024-11,Sussex Police,Sussex Police,-0.733585,50.774703,On or near Church Way,E01031447,Arun 019D,Criminal damage and arson,Investigation complete; no suspect identified,
1d4d040a7d3d69b7695b651d49f41db7736c11c4dd85b38aca894b099ccace6c,2024-11,Sussex Police,Sussex Police,-0.736758,50.775358,On or near The Court,E01031447,Arun 019D,Vehicle crime,Investigation complete; no suspect identified,
2e3ccd56643e9555910ef8e7db63b1dd5ccc01f533b1801ef275385533e650e8,2024-11,Sussex Police,Sussex Police,-0.738756,50.774400,On or near Harbour View Road,E01031447,Arun 019D,Violence and sexual offences,Status update unavailable,
,2024-11,Sussex Police,Sussex Police,-0.733986,50.770877,On or near Conway Drive,E01031448,Arun 019E,Anti-social behaviour,,
fc8d66ec76ae1ea25b4b2c7bde891354c835d7686514c55e9a2b3ee088ede7e1,2024-11,Sussex Police,Sussex Police,-0.737745,50.770854,On or near The Parade,E01031448,Arun 019E,Burglary,Investigation complete; no suspect identified,
3b22c54e808abe57f73a9cd47947831c0a775a85ec4c11e7647e5d85a56dcc5d,2024-11,Sussex Police,Sussex Police,-0.743499,50.771006,On or near Saxon Close,E01031448,Arun 019E,Criminal damage and arson,Investigation complete; no suspect identified,
e2bf9b3c399cf2d5ad8856f5c860375326958498136be1974b15a52df8d06186,2024-11,Sussex Police,Sussex Police,-0.742522,50.767749,On or near Wythering Close,E01031448,Arun 019E,Criminal damage and arson,Unable to prosecute suspect,
8715ef297ece9c6bad0e3501fb9a96d1ea08ed8410dcecb841ad64ac99777d0c,2024-11,Sussex Police,Sussex Police,-0.732707,50.770962,On or near Silverdale Close,E01031448,Arun 019E,Criminal damage and arson,Investigation complete; no suspect identified,
897df90faf3e25fbceb91045f310e8033efa0c4c834fc6d80c739290e2402494,2024-11,Sussex Police,Sussex Police,-0.744056,50.770320,On or near Martlet Way,E01031448,Arun 019E,Criminal damage and arson,Local resolution,
12fe40d24dfb3af854c4ca24c3f3a30d90b0d869b39e05ed5d9c471da175f3c8,2024-11,Sussex Police,Sussex Police,-0.742522,50.767749,On or near Wythering Close,E01031448,Arun 019E,Criminal damage and arson,Unable to prosecute suspect,
22061a5868183c3e4829788c1e5fd8fc12046e24fa5f1a758edde137e6475460,2024-11,Sussex Police,Sussex Police,-0.744056,50.770320,On or near Martlet Way,E01031448,Arun 019E,Other theft,Investigation complete; no suspect identified,
3d2afd522775e4ec91f4f48531494570696d290ffb020e49ae6422c69bddec84,2024-11,Sussex Police,Sussex Police,-0.739368,50.769550,On or near Radmall Close,E01031448,Arun 019E,Shoplifting,Unable to prosecute suspect,
55391c1c7fe4c66ebb023e9d8ef24038d90407e37b0901501db71f337065e5a3,2024-11,Sussex Police,Sussex Police,-0.744056,50.770320,On or near Martlet Way,E01031448,Arun 019E,Violence and sexual offences,Unable to prosecute suspect,
2d8e9af97bb9b91c02a6ac0f779e7199133bc190a7e906fb1388f819f33b4214,2024-11,Sussex Police,Sussex Police,-0.716882,50.784899,On or near Supermarket,E01031449,Arun 019F,Shoplifting,Investigation complete; no suspect identified,
b6a2488d620e92f724afda4f201e360af1ef924ca12130535d97bb9a8df2286a,2024-11,Sussex Police,Sussex Police,-0.716882,50.784899,On or near Supermarket,E01031449,Arun 019F,Shoplifting,Investigation complete; no suspect identified,
97202c08fe8a1d3c038dae0ff903866066b69e135a9f3ad5ac1597f7e8f93b80,2024-11,Sussex Police,Sussex Police,-0.716882,50.784899,On or near Supermarket,E01031449,Arun 019F,Shoplifting,Investigation complete; no suspect identified,
e67b4158e615ca75dc736fede2f8c054abc82b60ff2d512a791961105781c39b,2024-11,Sussex Police,Sussex Police,-0.716882,50.784899,On or near Supermarket,E01031449,Arun 019F,Shoplifting,Investigation complete; no suspect identified,
d7e98e2b2c9ed246c47320d2bfb90f1de9e96cb16628939aa354d10e67bccf46,2024-11,Sussex Police,Sussex Police,-0.716882,50.784899,On or near Supermarket,E01031449,Arun 019F,Shoplifting,Investigation complete; no suspect identified,
afaa8cc152c5ee039ca18a61a2133555568d0792983e318d4c284a1ec9a393bf,2024-11,Sussex Police,Sussex Police,-0.716882,50.784899,On or near Supermarket,E01031449,Arun 019F,Shoplifting,Investigation complete; no suspect identified,
2da8bf8845cdee7c518d06a3b5e78885c294688290810e60957a6e07814e4a3b,2024-11,Sussex Police,Sussex Police,-0.144023,50.866181,On or near Craignair Avenue,E01016924,Brighton and Hove 001A,Vehicle crime,Investigation complete; no suspect identified,
097b5440e25c8f0e60f5808a3871f8580d3bf6b9505b16a985fcb12c3625e268,2024-11,Sussex Police,Sussex Police,-0.140698,50.863304,On or near Stoneleigh Close,E01016924,Brighton and Hove 001A,Violence and sexual offences,Status update unavailable,
,2024-11,Sussex Police,Sussex Police,-0.122570,50.862483,On or near Elsted Crescent,E01016926,Brighton and Hove 001B,Anti-social behaviour,,
33a2657a948112d88d36c7c585a634c1fbe7f0a5ecf0f903e577fc6592e6d3ee,2024-11,Sussex Police,Sussex Police,-0.123097,50.864218,On or near Bramble Way,E01016926,Brighton and Hove 001B,Burglary,Investigation complete; no suspect identified,
a021a2ebd31a35e2f39a819990ff57b930eff151a94fdf9804dd95577b5c1711,2024-11,Sussex Police,Sussex Police,-0.122353,50.867110,On or near Police Station,E01016926,Brighton and Hove 001B,Criminal damage and arson,Investigation complete; no suspect identified,
9438c33150a07ee65ef3b9f27e0cdf8a54a29a91a4b5c7e89b1c33f7ee25fc31,2024-11,Sussex Police,Sussex Police,-0.126033,50.861181,On or near Keymer Road,E01016926,Brighton and Hove 001B,Criminal damage and arson,Investigation complete; no suspect identified,
b07a70a35f4efb7876a4f025a54a52b5ca34057f209774ec150c24f8a8c1781b,2024-11,Sussex Police,Sussex Police,-0.122353,50.867110,On or near Police Station,E01016926,Brighton and Hove 001B,Drugs,Local resolution,
4bbf9941ad9bc85224782889e20eecced8b60c9b432ee52f2babf8c6fea8179f,2024-11,Sussex Police,Sussex Police,-0.122353,50.867110,On or near Police Station,E01016926,Brighton and Hove 001B,Drugs,Further investigation is not in the public interest,
adf69f2d2355e2f48726e09be39eaed4c6d06d3f09d8743d7b75a1b38606c5a7,2024-11,Sussex Police,Sussex Police,-0.122353,50.867110,On or near Police Station,E01016926,Brighton and Hove 001B,Other theft,Investigation complete; no suspect identified,
95da89f9fad283524ce6c012de2d0b907fc55e655ccae227f08b6315b3e7467c,2024-11,Sussex Police,Sussex Police,-0.122353,50.867110,On or near Police Station,E01016926,Brighton and Hove 001B,Other theft,Investigation complete; no suspect identified,
945207ed6aa6efc8e11ef027b00800dd350d7b61cea86804500bec9fc14066d9,2024-11,Sussex Police,Sussex Police,-0.122353,50.867110,On or near Police Station,E01016926,Brighton and Hove 001B,Other theft,Investigation complete; no suspect identified,
b720a2f32752a7518fa1991b04cce8a098eb230d6d2ca9b358843c6deff25b5e,2024-11,Sussex Police,Sussex Police,-0.123097,50.864218,On or near Bramble Way,E01016926,Brighton and Hove 001B,Other theft,Investigation complete; no suspect identified,
411172c79d2d83537a44e945e9ed01a1941aac83a42fa1cda26a965ae816bfa7,2024-11,Sussex Police,Sussex Police,-0.122353,50.867110,On or near Police Station,E01016926,Brighton and Hove 001B,Possession of weapons,Status update unavailable,
6f8dc9e1436d0c20c12f3d6fceaae039e0b3f0bbf02065efdb861a6f61926657,2024-11,Sussex Police,Sussex Police,-0.122353,50.867110,On or near Police Station,E01016926,Brighton and Hove 001B,Public order,Status update unavailable,
73bab6cad2ed4167757189d4267a0a92bbef9d6e61146f509d707021fee423c5,2024-11,Sussex Police,Sussex Police,-0.129807,50.865936,On or near Old Boat Walk,E01016926,Brighton and Hove 001B,Public order,Unable to prosecute suspect,
b5c83d0ca6142208bcdb1f980c1dcc5197e59e3da8889f67ca46d343c32677b9,2024-11,Sussex Police,Sussex Police,-0.122353,50.867110,On or near Police Station,E01016926,Brighton and Hove 001B,Public order,Unable to prosecute suspect,
533deda74b927baa7d97a5ec438805c20feb662dd00997540c94c40bdd273d93,2024-11,Sussex Police,Sussex Police,-0.122353,50.867110,On or near Police Station,E01016926,Brighton and Hove 001B,Public order,Court result unavailable,
913feb0667880c14b207b59b681586d1d201e57e8f2cb8f120a3e05e3695f5fb,2024-11,Sussex Police,Sussex Police,-0.122353,50.867110,On or near Police Station,E01016926,Brighton and Hove 001B,Public order,Court result unavailable,
aa2b036805cefe62c280098c897b234778020df9e485ccbdf307ff4bb8b7c4be,2024-11,Sussex Police,Sussex Police,-0.122353,50.867110,On or near Police Station,E01016926,Brighton and Hove 001B,Public order,Court result unavailable,
a42a1c8526a9fbab5f40090c1bd0b8e2ec9be6d1335e78a84845ce4c4b075922,2024-11,Sussex Police,Sussex Police,-0.122353,50.867110,On or near Police Station,E01016926,Brighton and Hove 001B,Public order,Unable to prosecute suspect,
5f47a2682b89d7fce5c71cf2765ed82f283c103ae6c9f6fba1ceac475197cadd,2024-11,Sussex Police,Sussex Police,-0.122353,50.867110,On or near Police Station,E01016926,Brighton and Hove 001B,Public order,Court result unavailable,
64f955c6e85421d0aca507d04110598a9c5d428384b5a1cfa6ac93e2d21727dd,2024-11,Sussex Police,Sussex Police,-0.122353,50.867110,On or near Police Station,E01016926,Brighton and Hove 001B,Public order,Court result unavailable,
3a84084aa1370b3991d6c3668b3d5049bab2c7d22f40020c48df1a9657633c80,2024-11,Sussex Police,Sussex Police,-0.122353,50.867110,On or near Police Station,E01016926,Brighton and Hove 001B,Public order,Court result unavailable,
56add940fc424c4d57160179673955ca8c78e65b4d712939ff63dcae8f8f006e,2024-11,Sussex Police,Sussex Police,-0.129807,50.865936,On or near Old Boat Walk,E01016926,Brighton and Hove 001B,Shoplifting,Investigation complete; no suspect identified,
d206dc323586c22022a69f69e87c5f406cc80bb10e397fb8117a54c2671f4934,2024-11,Sussex Police,Sussex Police,-0.130318,50.860269,On or near Carden Hill,E01016926,Brighton and Hove 001B,Vehicle crime,Investigation complete; no suspect identified,
d0a1a22edb15b42ffaf9355652df0dfd2dc5499f9ba01facbdb54838651dc519,2024-11,Sussex Police,Sussex Police,-0.122353,50.867110,On or near Police Station,E01016926,Brighton and Hove 001B,Violence and sexual offences,Unable to prosecute suspect,
2ca1422cd5d8eb16ab49b936c88ddb7b9d92c5094f7b437fe4ed081bd3754e6d,2024-11,Sussex Police,Sussex Police,-0.122353,50.867110,On or near Police Station,E01016926,Brighton and Hove 001B,Violence and sexual offences,Court result unavailable,
3a923571e934827710f42c56c1e881e100915b901bbfda43b0968b5ecab8812c,2024-11,Sussex Police,Sussex Police,-0.129807,50.865936,On or near Old Boat Walk,E01016926,Brighton and Hove 001B,Violence and sexual offences,Investigation complete; no suspect identified,
3211b14592029a94fb71890f05b55f1e41a016725bd75ed3dc3055c2b14184af,2024-11,Sussex Police,Sussex Police,-0.122353,50.867110,On or near Police Station,E01016926,Brighton and Hove 001B,Violence and sexual offences,Court result unavailable,
559d1a74d4693cae658c22fa64347349fc2af30ab20bec4364d12f5f818d54ff,2024-11,Sussex Police,Sussex Police,-0.122353,50.867110,On or near Police Station,E01016926,Brighton and Hove 001B,Violence and sexual offences,Unable to prosecute suspect,
24c047b42aa0e397e9bf13f097988cf1879a4fb68967adaaee23f66c4edd37e6,2024-11,Sussex Police,Sussex Police,-0.122353,50.867110,On or near Police Station,E01016926,Brighton and Hove 001B,Violence and sexual offences,Unable to prosecute suspect,
9982f6f589dabde40f752e4a5273a2405c0e9326f18f7dd10706a3e33f921b64,2024-11,Sussex Police,Sussex Police,-0.122353,50.867110,On or near Police Station,E01016926,Brighton and Hove 001B,Violence and sexual offences,Court result unavailable,
37e279ef78a88c26df53b8231ae2aa0db2f64fa098cf2111171fabf0a6598a89,2024-11,Sussex Police,Sussex Police,-0.122353,50.867110,On or near Police Station,E01016926,Brighton and Hove 001B,Violence and sexual offences,Status update unavailable,
9a8150a4b23d5f918c643c7ddcea7727b1e6e7244b1a7295d7f71fa4774d2c3d,2024-11,Sussex Police,Sussex Police,-0.122353,50.867110,On or near Police Station,E01016926,Brighton and Hove 001B,Violence and sexual offences,Unable to prosecute suspect,
be12fd573de4ae57033953910c320393df14bf2689c3508364b1480d7b36fc23,2024-11,Sussex Police,Sussex Police,-0.122353,50.867110,On or near Police Station,E01016926,Brighton and Hove 001B,Violence and sexual offences,Court result unavailable,
2abdc863f3ac1f0ab6b3024b23d8970e6f3cb01ac9697790cca8591ee3a00483,2024-11,Sussex Police,Sussex Police,-0.129807,50.865936,On or near Old Boat Walk,E01016926,Brighton and Hove 001B,Violence and sexual offences,Investigation complete; no suspect identified,
c1fe9d0507220d45bbcdfb47581c9b6b839b3a7a1545abbdec0f1a2eb6b358dc,2024-11,Sussex Police,Sussex Police,-0.122353,50.867110,On or near Police Station,E01016926,Brighton and Hove 001B,Violence and sexual offences,Unable to prosecute suspect,
a659bd4dd4ba95512fe67408ca255f3efa99f592d940f360a376abdd2f294fb9,2024-11,Sussex Police,Sussex Police,-0.122353,50.867110,On or near Police Station,E01016926,Brighton and Hove 001B,Violence and sexual offences,Court result unavailable,
f140086980a1b7bac8c4d70b3b8c424900592e21e724dfb534268fc303652676,2024-11,Sussex Police,Sussex Police,-0.122353,50.867110,On or near Police Station,E01016926,Brighton and Hove 001B,Violence and sexual offences,Unable to prosecute suspect,
34afda25a8848ba3e81d811eef7fb3b94c24ea38d02cd23c0fd364b517def281,2024-11,Sussex Police,Sussex Police,-0.122353,50.867110,On or near Police Station,E01016926,Brighton and Hove 001B,Violence and sexual offences,Unable to prosecute suspect,
48c3da7e25f61f1ece4f0df25b3e7a696e16d34df8dd91a78843fbed5c57acf9,2024-11,Sussex Police,Sussex Police,-0.129807,50.865936,On or near Old Boat Walk,E01016926,Brighton and Hove 001B,Violence and sexual offences,Unable to prosecute suspect,
76e4a30f0b929b79741f74eacfac975cb257e4f06ca4b68f096f53fd33f84c33,2024-11,Sussex Police,Sussex Police,-0.122353,50.867110,On or near Police Station,E01016926,Brighton and Hove 001B,Violence and sexual offences,Court result unavailable,
6eac6e4d496882a7966b51fa82b7c0019d68282d0cc693605637d19a662f8be6,2024-11,Sussex Police,Sussex Police,-0.129807,50.865936,On or near Old Boat Walk,E01016926,Brighton and Hove 001B,Violence and sexual offences,Investigation complete; no suspect identified,
0c72d0ab2652c62e9bb0d1c7201983d9d89003bab2f230c07570fa372031db77,2024-11,Sussex Police,Sussex Police,-0.122353,50.867110,On or near Police Station,E01016926,Brighton and Hove 001B,Other crime,Unable to prosecute suspect,
2c71e3e2cd2b7d164b63b86d843c1939b58908ccb4383c52e58363d55a6c616e,2024-11,Sussex Police,Sussex Police,-0.132571,50.865764,On or near Windmill View,E01016927,Brighton and Hove 001C,Possession of weapons,Further investigation is not in the public interest,
d7b9368df4ab29dc81ccc1d0b558cc8fa3c7f802cf6138edcfb5ac83c5abddc7,2024-11,Sussex Police,Sussex Police,-0.132571,50.865764,On or near Windmill View,E01016927,Brighton and Hove 001C,Vehicle crime,Investigation complete; no suspect identified,
21df3e186a0550669b9e0e50dc0793eae235241355b1a1ac34439cb85888617e,2024-11,Sussex Police,Sussex Police,-0.132571,50.865764,On or near Windmill View,E01016927,Brighton and Hove 001C,Violence and sexual offences,Unable to prosecute suspect,
c6b572ca96bdebe93fba3d4a663e1a373922aebba2886413aa0484ce1b691208,2024-11,Sussex Police,Sussex Police,-0.136227,50.862828,On or near Carden Close,E01016927,Brighton and Hove 001C,Violence and sexual offences,Local resolution,
f708168f336b45a8a89924a774a268201330a5547cf5702d8f0cd31c872eb6e1,2024-11,Sussex Police,Sussex Police,-0.131332,50.864755,On or near Petworth Road,E01016927,Brighton and Hove 001C,Other crime,Unable to prosecute suspect,
0bd3c0f574ea9b6875a08472bff31e8d313dda3911108bbeef150cda1b5b9b3e,2024-11,Sussex Police,Sussex Police,-0.144549,50.859723,On or near Dale Avenue,E01016929,Brighton and Hove 001D,Other theft,Status update unavailable,
6a4e72b8488986183595d0e96d4138466dbc5774e62d66ff14ca18e33efcbfa3,2024-11,Sussex Police,Sussex Police,-0.142755,50.861619,On or near Warmdene Road,E01016929,Brighton and Hove 001D,Possession of weapons,Unable to prosecute suspect,
0eda5b5f89a12ebe74c26ab098216500f5ab32eba9e1377cfc000b2a3e22c018,2024-11,Sussex Police,Sussex Police,-0.134818,50.860026,On or near Rustington Road,E01016929,Brighton and Hove 001D,Public order,Local resolution,
7ed53025970095b5d9cebb6e5cc87d4441d09ed124001c98d077a4bd90b89230,2024-11,Sussex Police,Sussex Police,-0.130834,50.869406,On or near Eastwick Close,E01016931,Brighton and Hove 001E,Other theft,Unable to prosecute suspect,
0348ab174836f84eb92fc713dce389ce29e1745360485a3e2d26c237573d4408,2024-11,Sussex Police,Sussex Police,-0.139990,50.866818,On or near Heston Avenue,E01016931,Brighton and Hove 001E,Violence and sexual offences,Unable to prosecute suspect,
df8f79cdeae8524cf1282d7ef62d95e6a3eddd7f2618af69c6e99477592afd3c,2024-11,Sussex Police,Sussex Police,-0.135569,50.867925,On or near Kenmure Avenue,E01016931,Brighton and Hove 001E,Violence and sexual offences,Unable to prosecute suspect,
,2024-11,Sussex Police,Sussex Police,-0.110797,50.864766,On or near Coldean Lane,E01016898,Brighton and Hove 002A,Anti-social behaviour,,
aeb7d7f081210004a5e71ebe3b5facf4d792bd81fdbcaf33946b848f8b339a44,2024-11,Sussex Police,Sussex Police,-0.115313,50.862366,On or near Standean Close,E01016898,Brighton and Hove 002A,Burglary,Investigation complete; no suspect identified,
65ed5728ee31404ca621435cf0a6d03f9c0e552811f7437d8f7abb5e3b3138e2,2024-11,Sussex Police,Sussex Police,-0.115313,50.862366,On or near Standean Close,E01016898,Brighton and Hove 002A,Burglary,Investigation complete; no suspect identified,
eb4cc993140531b92714720389af53fea73f4fd1f1a3580a709b9c32009b32ad,2024-11,Sussex Police,Sussex Police,-0.114692,50.864739,On or near Haig Avenue,E01016898,Brighton and Hove 002A,Other theft,Investigation complete; no suspect identified,
937d22bd544edc5ac083897570245b04887ed4c3f23059cdfd520bbe813e5aaf,2024-11,Sussex Police,Sussex Police,-0.111862,50.859846,On or near Reeves Hill,E01016898,Brighton and Hove 002A,Other theft,Unable to prosecute suspect,
d50f9a08ae62bf5016562aac558c46e272e008fe1ec450f46cb76f60aaf3b66a,2024-11,Sussex Police,Sussex Police,-0.111862,50.859846,On or near Reeves Hill,E01016898,Brighton and Hove 002A,Other theft,Unable to prosecute suspect,
9ca87b6fe2c901112df32875f5c1cd1fc0c84bac87b8e89bd0f53b6975986a30,2024-11,Sussex Police,Sussex Police,-0.110797,50.864766,On or near Coldean Lane,E01016898,Brighton and Hove 002A,Possession of weapons,Local resolution,
846b390dd965bfc310199e7f9eb76af9e54f3e7c2af243de68f175ef7c24c596,2024-11,Sussex Police,Sussex Police,-0.110797,50.864766,On or near Coldean Lane,E01016898,Brighton and Hove 002A,Vehicle crime,Investigation complete; no suspect identified,
e52a2a63ac826c66d3b6f26bc841d52bd8e5afdb19555dbff3e49ff2244524b5,2024-11,Sussex Police,Sussex Police,-0.112954,50.864495,On or near Kenwards,E01016898,Brighton and Hove 002A,Violence and sexual offences,Investigation complete; no suspect identified,
d134d067edc48101d3eae50991a09836e12316f42d7455ebc1b03b62f479feea,2024-11,Sussex Police,Sussex Police,-0.110797,50.864766,On or near Coldean Lane,E01016898,Brighton and Hove 002A,Violence and sexual offences,Unable to prosecute suspect,
e980c316567d207e278d752b66df5484248f740bafe4db97e359c4270a2836f2,2024-11,Sussex Police,Sussex Police,-0.109398,50.864213,On or near Chalvington Close,E01016898,Brighton and Hove 002A,Violence and sexual offences,Unable to prosecute suspect,
9587428f75be7926f8bd9c8e3a81a521f70d68f4dc6056cba08966b71eb5572d,2024-11,Sussex Police,Sussex Police,-0.110797,50.864766,On or near Coldean Lane,E01016898,Brighton and Hove 002A,Violence and sexual offences,Unable to prosecute suspect,
7897e9a2a3b5874aa078b35491df9c8c5520ce0eef46e889d103e73d91a731b8,2024-11,Sussex Police,Sussex Police,-0.110797,50.864766,On or near Coldean Lane,E01016898,Brighton and Hove 002A,Violence and sexual offences,Unable to prosecute suspect,
c8c2fc57e1a16b4a8a7e5b0af224e67a45388573ac4bab8ab86deb8bbd4e3f19,2024-11,Sussex Police,Sussex Police,-0.107262,50.863279,On or near Selsey Close,E01016898,Brighton and Hove 002A,Violence and sexual offences,Unable to prosecute suspect,
87f509762c7efbc2ee61ff5433f057046e0e66f2102e60fea6cc42340ede5193,2024-11,Sussex Police,Sussex Police,-0.107889,50.863217,On or near Badger Way,E01016898,Brighton and Hove 002A,Violence and sexual offences,Unable to prosecute suspect,
0f58d7bb2f7f835f9ab9bbface36f241740c46116b05226d95eb75b98897c6cb,2024-11,Sussex Police,Sussex Police,-0.106878,50.862922,On or near Kingston Close,E01016898,Brighton and Hove 002A,Violence and sexual offences,Unable to prosecute suspect,
842fa3218bc83ee47a79295225401d69a64d8c111f071746259087c2f0890208,2024-11,Sussex Police,Sussex Police,-0.109398,50.864213,On or near Chalvington Close,E01016898,Brighton and Hove 002A,Violence and sexual offences,Unable to prosecute suspect,
83bd2091235cfc3a9941f0a6aef59c2836cfd5096bfac1c4a0cdf55fcc57f3b2,2024-11,Sussex Police,Sussex Police,-0.109398,50.864213,On or near Chalvington Close,E01016898,Brighton and Hove 002A,Violence and sexual offences,Unable to prosecute suspect,
36632db8b81253881b31f2c8b500956372fa21fd2d34f2378026f5cb34da5af2,2024-11,Sussex Police,Sussex Police,-0.109802,50.858446,On or near Roundway,E01016898,Brighton and Hove 002A,Violence and sexual offences,Local resolution,
,2024-11,Sussex Police,Sussex Police,-0.089253,50.863236,On or near Sports/Recreation Area,E01016899,Brighton and Hove 002B,Anti-social behaviour,,
,2024-11,Sussex Police,Sussex Police,-0.101118,50.870733,On or near Parking Area,E01016899,Brighton and Hove 002B,Anti-social behaviour,,
b26b6f8f5f73ffa2ad9cc98ffee1bf8617f5def8b95ce53a5a9050d628e32912,2024-11,Sussex Police,Sussex Police,-0.101118,50.870733,On or near Parking Area,E01016899,Brighton and Hove 002B,Other theft,Investigation complete; no suspect identified,
315bd95306e0679604bf064615ef5a7154713b919b7fc80ff487f3242326458e,2024-11,Sussex Police,Sussex Police,-0.086623,50.865820,On or near North-South Road,E01016899,Brighton and Hove 002B,Other theft,Investigation complete; no suspect identified,
aa484919af2c008867d4a389f517f398ca70edfb160dc73fabaa4c9fa04f9587,2024-11,Sussex Police,Sussex Police,-0.101118,50.870733,On or near Parking Area,E01016899,Brighton and Hove 002B,Other theft,Investigation complete; no suspect identified,
ffc3c5c4653a7864b9550baf8ea3e7edaf8da765d5fe6459428b6348b705f80c,2024-11,Sussex Police,Sussex Police,-0.086623,50.865820,On or near North-South Road,E01016899,Brighton and Hove 002B,Other theft,Investigation complete; no suspect identified,
e594322394f4448fa3c2367de4a3e1442ecf4db93e892eda453eb8761ec90ed9,2024-11,Sussex Police,Sussex Police,-0.086610,50.866827,On or near Boiler House Hill,E01016899,Brighton and Hove 002B,Other theft,Investigation complete; no suspect identified,
5f9c2349cff75d870df7e88eb8ce045ac9ecf183822353a6a4a0dea8d8312148,2024-11,Sussex Police,Sussex Police,-0.103657,50.857896,On or near Woburn Place,E01016899,Brighton and Hove 002B,Vehicle crime,Investigation complete; no suspect identified,
e99c51688bf5bef6c12e6fd2ba7e2f83c2575691263d1a9c1965773763f330c4,2024-11,Sussex Police,Sussex Police,-0.084318,50.866942,On or near Estates Road,E01016899,Brighton and Hove 002B,Vehicle crime,Investigation complete; no suspect identified,
7d54fdf5fe664226ea2a1491b36807f9ce5e98e65bf45535b9eb62f60b6bb29c,2024-11,Sussex Police,Sussex Police,-0.088329,50.872755,On or near Northfield Crescent,E01016899,Brighton and Hove 002B,Violence and sexual offences,Local resolution,
d3d448fbc833b353c9c93c82fae8708d96cd2ab2c1f0fe3cba84255974025ecc,2024-11,Sussex Police,Sussex Police,-0.103657,50.857896,On or near Woburn Place,E01016899,Brighton and Hove 002B,Violence and sexual offences,Court result unavailable,
21d714e5c5f0b362d9aec209780590a53b77c739d88aa03e31d2e137ef5e5479,2024-11,Sussex Police,Sussex Police,-0.088347,50.869185,On or near Lancaster House Road,E01016899,Brighton and Hove 002B,Violence and sexual offences,Status update unavailable,
aebe4514612009f8b911abdc524f96a5383323f903329478c8c5b2a1ec1bb965,2024-11,Sussex Police,Sussex Police,-0.103657,50.857896,On or near Woburn Place,E01016899,Brighton and Hove 002B,Violence and sexual offences,Unable to prosecute suspect,
82799db8f23111d983714768d91b0e74a77cdbc0eec9dbc2493863f2a5c9fdf7,2024-11,Sussex Police,Sussex Police,-0.088329,50.872755,On or near Northfield Crescent,E01016899,Brighton and Hove 002B,Violence and sexual offences,Unable to prosecute suspect,
7ce23e01e84912f59037ed1cd1f2469c4d78d22a8015121dd6b37fd91954ee03,2024-11,Sussex Police,Sussex Police,-0.088329,50.872755,On or near Northfield Crescent,E01016899,Brighton and Hove 002B,Violence and sexual offences,Status update unavailable,
db33d6630377127e4aa8ccbb36126c85bb28913421b19cc98493e51ba1e44d5d,2024-11,Sussex Police,Sussex Police,-0.086610,50.866827,On or near Boiler House Hill,E01016899,Brighton and Hove 002B,Violence and sexual offences,Unable to prosecute suspect,
,2024-11,Sussex Police,Sussex Police,-0.096668,50.857504,On or near Lucraft Road,E01016914,Brighton and Hove 002C,Anti-social behaviour,,
,2024-11,Sussex Police,Sussex Police,-0.100875,50.855387,On or near Halland Road,E01016914,Brighton and Hove 002C,Anti-social behaviour,,
ef68dc8cd52d06ae8c3728d5a0444d3cdee8d362e02f97e573451ae5d4ca291e,2024-11,Sussex Police,Sussex Police,-0.096090,50.857395,On or near Egginton Close,E01016914,Brighton and Hove 002C,Criminal damage and arson,Investigation complete; no suspect identified,
2bf6c837ee3dac5f4d6e524e80b4a1c48a0bdb9b09b7b771d9163c445c3726e7,2024-11,Sussex Police,Sussex Police,-0.086840,50.860176,On or near Further/Higher Educational Building,E01016914,Brighton and Hove 002C,Criminal damage and arson,Investigation complete; no suspect identified,
3b818efb575208eec3246269c9ded90f4df96b3178160a1ef214d0b9f4714881,2024-11,Sussex Police,Sussex Police,-0.100875,50.855387,On or near Halland Road,E01016914,Brighton and Hove 002C,Drugs,Local resolution,
c73a44e89c05d2cc85afafbed67158eaa98de57292a7619aef74981d57279497,2024-11,Sussex Police,Sussex Police,-0.099963,50.856505,On or near Parking Area,E01016914,Brighton and Hove 002C,Drugs,Offender given a caution,
5c1ed1aa22e9f23c0b1a32ff9cf58a1edbeb26378ed870ed254b37a3c025debe,2024-11,Sussex Police,Sussex Police,-0.086059,50.859479,On or near Further/Higher Educational Building,E01016914,Brighton and Hove 002C,Other theft,Investigation complete; no suspect identified,
280c82e3da26a5a6b79ec0efaae9a456377349dc1ce638559e42a7be084c286b,2024-11,Sussex Police,Sussex Police,-0.086840,50.860176,On or near Further/Higher Educational Building,E01016914,Brighton and Hove 002C,Public order,Unable to prosecute suspect,
7a74ffcd736b0ca89f87cc55641d19245f4cf0a0f72917bceb33d2077c920103,2024-11,Sussex Police,Sussex Police,-0.096090,50.857395,On or near Egginton Close,E01016914,Brighton and Hove 002C,Vehicle crime,Investigation complete; no suspect identified,
a6913665462f78a3eae8e7d78bb4a464692638b0a743a5ffc45d6ddac58a3765,2024-11,Sussex Police,Sussex Police,-0.086840,50.860176,On or near Further/Higher Educational Building,E01016914,Brighton and Hove 002C,Violence and sexual offences,Unable to prosecute suspect,
ea9e57ffdef7ecaa6543bca0e683ebf5d48de2497aa5dfb1969dad09314e57a9,2024-11,Sussex Police,Sussex Police,-0.086840,50.860176,On or near Further/Higher Educational Building,E01016914,Brighton and Hove 002C,Violence and sexual offences,Investigation complete; no suspect identified,
1d7fdd170f9d0173a7a00529ae88a8cf349d28e09cbfac9d6b166cdb3f62410d,2024-11,Sussex Police,Sussex Police,-0.097603,50.855477,On or near Ashurst Road,E01016914,Brighton and Hove 002C,Violence and sexual offences,Status update unavailable,
250840b5b7515d4c8293ac81f64ca738182ae61e678e43e01edbc317d66e767f,2024-11,Sussex Police,Sussex Police,-0.096090,50.857395,On or near Egginton Close,E01016914,Brighton and Hove 002C,Violence and sexual offences,Unable to prosecute suspect,
7dd0af993fad8b94c3a0a2aa65b4b4e02c753c9a8b803f577cfd68e37ee51c91,2024-11,Sussex Police,Sussex Police,-0.099963,50.856505,On or near Parking Area,E01016914,Brighton and Hove 002C,Violence and sexual offences,Unable to prosecute suspect,
dc84a069a773ba0f6943be334a71b39410e9bfe3fbca7429440cb79be0f8da5c,2024-11,Sussex Police,Sussex Police,-0.086840,50.860176,On or near Further/Higher Educational Building,E01016914,Brighton and Hove 002C,Violence and sexual offences,Local resolution,
da134a2a70c6c20b8bd74f75ad65679276b8f2eec4130e74daa24a68bd3dc84e,2024-11,Sussex Police,Sussex Police,-0.086840,50.860176,On or near Further/Higher Educational Building,E01016914,Brighton and Hove 002C,Violence and sexual offences,Unable to prosecute suspect,
c3acc5082fc2f8cec98a0051f532beee93065394768dd053ce8d1641b57162f8,2024-11,Sussex Police,Sussex Police,-0.087877,50.861929,On or near Falmer,E01016914,Brighton and Hove 002C,Violence and sexual offences,Investigation complete; no suspect identified,
602d405c03db2b4859ac97c34343c443a1547ee283130d0d4664e8cd95ca782b,2024-11,Sussex Police,Sussex Police,-0.086840,50.860176,On or near Further/Higher Educational Building,E01016914,Brighton and Hove 002C,Violence and sexual offences,Unable to prosecute suspect,
5f9efe9451839bb9fab84ded7e65829869a34131b8b6a277308b1ca628459686,2024-11,Sussex Police,Sussex Police,-0.086840,50.860176,On or near Further/Higher Educational Building,E01016914,Brighton and Hove 002C,Violence and sexual offences,Unable to prosecute suspect,
ca44ec09fdd6a978e9cb4360ddf0b30836b8372f1adea43a73d1c983fde1f22a,2024-11,Sussex Police,Sussex Police,-0.099963,50.856505,On or near Parking Area,E01016914,Brighton and Hove 002C,Other crime,Investigation complete; no suspect identified,
45c08e722c9abb4f32792d976fff02bdd29e6019348377ab40d183b86d15f4da,2024-11,Sussex Police,Sussex Police,-0.109011,50.851301,On or near Broadfields,E01016915,Brighton and Hove 002D,Burglary,Investigation complete; no suspect identified,
c068c551ae98db42ba4e3958db366434c6ef6a3203908ee5d9889b978ff832d9,2024-11,Sussex Police,Sussex Police,-0.105462,50.854751,On or near Ringmer Close,E01016915,Brighton and Hove 002D,Other theft,Investigation complete; no suspect identified,
31ed97424cc607bcce4335a35df90957a5064101ea97d33a5d52b0f59fb687e7,2024-11,Sussex Police,Sussex Police,-0.102138,50.854022,On or near Shortgate Road,E01016915,Brighton and Hove 002D,Violence and sexual offences,Unable to prosecute suspect,
91537b95c6870746be95f89688e91de73e1f77264d6d0a1311ca855f5438405e,2024-11,Sussex Police,Sussex Police,-0.109011,50.851301,On or near Broadfields,E01016915,Brighton and Hove 002D,Violence and sexual offences,Unable to prosecute suspect,
88ce8ecb123fe3e85ddff747d535fa201c72b9f539f3971927ff888590334c95,2024-11,Sussex Police,Sussex Police,-0.103162,50.853301,On or near Appledore Road,E01016915,Brighton and Hove 002D,Violence and sexual offences,Status update unavailable,
48165ae3f332660395d3685c28bb7cf768bbbcd9649988e230ac4ebd384dc484,2024-11,Sussex Police,Sussex Police,-0.108037,50.853596,On or near Ringmer Road,E01016915,Brighton and Hove 002D,Violence and sexual offences,Unable to prosecute suspect,
,2024-11,Sussex Police,Sussex Police,-0.155476,50.856496,On or near The Deneway,E01016923,Brighton and Hove 003A,Anti-social behaviour,,
,2024-11,Sussex Police,Sussex Police,-0.155476,50.856496,On or near The Deneway,E01016923,Brighton and Hove 003A,Anti-social behaviour,,
83fc73a408a421a2083973dd3b3bda31935d34d95707f4e6563abb2d2b1f02b7,2024-11,Sussex Police,Sussex Police,-0.155476,50.856496,On or near The Deneway,E01016923,Brighton and Hove 003A,Burglary,Status update unavailable,
d8c1e3e126a8d044e9ff6de49128f261f55cf9114167d07f1468e4e61a1fe1ad,2024-11,Sussex Police,Sussex Police,-0.155476,50.856496,On or near The Deneway,E01016923,Brighton and Hove 003A,Burglary,Investigation complete; no suspect identified,
25a20268aae474e9c79877383d9f9d29609aa78dacf173779cf31de4d43f35b5,2024-11,Sussex Police,Sussex Police,-0.150769,50.856944,On or near Overhill Gardens,E01016923,Brighton and Hove 003A,Criminal damage and arson,Investigation complete; no suspect identified,
d06dbb32477fed9696fd9207df780b36996a88b0a607a9513b4e166325bc2a8b,2024-11,Sussex Police,Sussex Police,-0.155476,50.856496,On or near The Deneway,E01016923,Brighton and Hove 003A,Public order,Unable to prosecute suspect,
aed018c12c0842efcbb411d1eba988ce79348b2c8363a89654ab8bda5fbd730f,2024-11,Sussex Police,Sussex Police,-0.145781,50.859841,On or near Patchdean,E01016923,Brighton and Hove 003A,Vehicle crime,Investigation complete; no suspect identified,
8b3bdf7627a88bd7602b855b6a659f6adaa9f4598b84046f5aba504a55a6e8a3,2024-11,Sussex Police,Sussex Police,-0.155476,50.856496,On or near The Deneway,E01016923,Brighton and Hove 003A,Violence and sexual offences,Investigation complete; no suspect identified,
47bd28a7e7a649bbd1bbe15ca53e0ea46758cac491f4edabbce10840d1759f67,2024-11,Sussex Police,Sussex Police,-0.152415,50.859892,On or near Brangwyn Way,E01016928,Brighton and Hove 003B,Criminal damage and arson,Investigation complete; no suspect identified,
eb4babcdc63a02123061c4ba89ad7c09684c11870aba87cfbc70f578bdbbd4e9,2024-11,Sussex Police,Sussex Police,-0.148208,50.864574,On or near Highview Avenue North,E01016928,Brighton and Hove 003B,Criminal damage and arson,Investigation complete; no suspect identified,
15e17e6832a2fd93210b27e85c9aee7ef69108a74208903fda092e0e99c2fddd,2024-11,Sussex Police,Sussex Police,-0.150268,50.860983,On or near Audrey Close,E01016928,Brighton and Hove 003B,Drugs,Local resolution,
ba7af324d2712faa933dcc4aa2b49dbcc0b20cc9bd279ef5c9362e36f7f1c975,2024-11,Sussex Police,Sussex Police,-0.153390,50.866851,On or near Court Close,E01016928,Brighton and Hove 003B,Other theft,Investigation complete; no suspect identified,
24045cee02621eb601030444d93cb24c0e62c40e503b37205753c607d83fdbc2,2024-11,Sussex Police,Sussex Police,-0.153390,50.866851,On or near Court Close,E01016928,Brighton and Hove 003B,Other theft,Investigation complete; no suspect identified,
15ecd0ca19bc93ae4b4f267d0b2da9fbc0aeed4e5ec4b40611f1f1fa29433428,2024-11,Sussex Police,Sussex Police,-0.151023,50.863108,On or near Supermarket,E01016928,Brighton and Hove 003B,Shoplifting,Local resolution,
6d16e6383ef8846b1900527595834b5d0abc9d1123d260b9f9f17e2d0201c0bf,2024-11,Sussex Police,Sussex Police,-0.151023,50.863108,On or near Supermarket,E01016928,Brighton and Hove 003B,Shoplifting,Unable to prosecute suspect,
9c0e351d1400227dce0c2439924277381dc00ee7951846f817c279b8e6b092e5,2024-11,Sussex Police,Sussex Police,-0.151023,50.863108,On or near Supermarket,E01016928,Brighton and Hove 003B,Shoplifting,Investigation complete; no suspect identified,
f09812596ed976d413ce7f505369593a4c3d580b4f0aee4f708906bb80768a8d,2024-11,Sussex Police,Sussex Police,-0.153390,50.866851,On or near Court Close,E01016928,Brighton and Hove 003B,Shoplifting,Investigation complete; no suspect identified,
60e5dd7d7f41bd789f16fa2c431aa31e48191610e15a87236ed58c9757bdd304,2024-11,Sussex Police,Sussex Police,-0.151023,50.863108,On or near Supermarket,E01016928,Brighton and Hove 003B,Shoplifting,Unable to prosecute suspect,
87b1bb491a1a8e72f8abb5ae02981a399c261a150ab576c84dd79802567514ce,2024-11,Sussex Police,Sussex Police,-0.151023,50.863108,On or near Supermarket,E01016928,Brighton and Hove 003B,Shoplifting,Unable to prosecute suspect,
41d6209c7eb91db3aabf88b9bb8b87e4df9974af11761948523f678be8b30380,2024-11,Sussex Police,Sussex Police,-0.153390,50.866851,On or near Court Close,E01016928,Brighton and Hove 003B,Shoplifting,Investigation complete; no suspect identified,
46f23b466a5a5e9255f385dcd22e13cbb7c99db409f59b25dd9eb31ea98d9f6d,2024-11,Sussex Police,Sussex Police,-0.151477,50.865984,On or near Church Hill,E01016928,Brighton and Hove 003B,Vehicle crime,Unable to prosecute suspect,
1c18f6c6929cc0fb7747846e76c5b01fa4354097a50a56f4e446a4109ee4bb39,2024-11,Sussex Police,Sussex Police,-0.151132,50.864297,On or near Old Patcham Mews,E01016928,Brighton and Hove 003B,Vehicle crime,Investigation complete; no suspect identified,
2e85eff6b21df3448b25e0f736f7fc82c34cb9182cdf7841d6ae1da074bf709e,2024-11,Sussex Police,Sussex Police,-0.149023,50.864434,On or near Highview Road,E01016928,Brighton and Hove 003B,Violence and sexual offences,Unable to prosecute suspect,
4bcdcc2bc953afaec3e730fb003af4a709d1ddba6bc241c1ac528a108a9e48fc,2024-11,Sussex Police,Sussex Police,-0.157694,50.859346,On or near Copse Hill,E01016998,Brighton and Hove 003C,Violence and sexual offences,Unable to prosecute suspect,
,2024-11,Sussex Police,Sussex Police,-0.165792,50.856110,On or near Valley Drive,E01016999,Brighton and Hove 003D,Anti-social behaviour,,
93be024cce3c09958c80f2b5c48ba1a9be4b4829dfb04ec953fc6e069991662a,2024-11,Sussex Police,Sussex Police,-0.167297,50.860118,On or near Millcroft,E01016999,Brighton and Hove 003D,Possession of weapons,Court result unavailable,
c1a886d55b3ab82148faaa367bd54490d8a6eb9d955e11331a38c5218fc56328,2024-11,Sussex Police,Sussex Police,-0.171868,50.856619,On or near Whitethorn Drive,E01016999,Brighton and Hove 003D,Vehicle crime,Investigation complete; no suspect identified,
5157dfb2d3757ec1f21b7875ed538e0c5f94937029ad8ab4da03a714f6fa21aa,2024-11,Sussex Police,Sussex Police,-0.173345,50.857362,On or near The Heights,E01016999,Brighton and Hove 003D,Violence and sexual offences,Local resolution,
6ee716f42b5624ceb7308e6217b5fea9acbdf6f9cec7cd18a0eef12bdcc24821,2024-11,Sussex Police,Sussex Police,-0.165792,50.856110,On or near Valley Drive,E01016999,Brighton and Hove 003D,Violence and sexual offences,Investigation complete; no suspect identified,
,2024-11,Sussex Police,Sussex Police,-0.158450,50.853126,On or near Parking Area,E01017000,Brighton and Hove 003E,Anti-social behaviour,,
,2024-11,Sussex Police,Sussex Police,-0.158450,50.853126,On or near Parking Area,E01017000,Brighton and Hove 003E,Anti-social behaviour,,
,2024-11,Sussex Police,Sussex Police,-0.154420,50.852280,On or near Withdean Rise,E01017000,Brighton and Hove 003E,Anti-social behaviour,,
6b3c3fda512130bb0c6e3fb3889b08329005452c6f7223d5ff7135ffde9b5159,2024-11,Sussex Police,Sussex Police,-0.154420,50.852280,On or near Withdean Rise,E01017000,Brighton and Hove 003E,Drugs,Investigation complete; no suspect identified,
6c353e9b0830c19e26c4a68f0e5fd628f541b2e095128c0483e5d0fbef3055d5,2024-11,Sussex Police,Sussex Police,-0.158450,50.853126,On or near Parking Area,E01017000,Brighton and Hove 003E,Other theft,Status update unavailable,
1b5b41597eea96bd07420e12851f1719346e9fc269c7191f6fc5dc9c15e8f1e9,2024-11,Sussex Police,Sussex Police,-0.154420,50.852280,On or near Withdean Rise,E01017000,Brighton and Hove 003E,Violence and sexual offences,Unable to prosecute suspect,
,2024-11,Sussex Police,Sussex Police,-0.134112,50.860968,On or near Birch Grove Crescent,E01016925,Brighton and Hove 004A,Anti-social behaviour,,
,2024-11,Sussex Police,Sussex Police,-0.134112,50.860968,On or near Birch Grove Crescent,E01016925,Brighton and Hove 004A,Anti-social behaviour,,
,2024-11,Sussex Police,Sussex Police,-0.134112,50.860968,On or near Birch Grove Crescent,E01016925,Brighton and Hove 004A,Anti-social behaviour,,
,2024-11,Sussex Police,Sussex Police,-0.134112,50.860968,On or near Birch Grove Crescent,E01016925,Brighton and Hove 004A,Anti-social behaviour,,
fea40cc4bd8ac5eb8754c6683eb8739945845f05cf42f15bb3df461df2855347,2024-11,Sussex Police,Sussex Police,-0.135810,50.861148,On or near Denton Drive,E01016925,Brighton and Hove 004A,Criminal damage and arson,Local resolution,
ad56327d42107a16a4f8140c40eccc1a22377e5c1aafd68d1f6bb2c004d7e5eb,2024-11,Sussex Police,Sussex Police,-0.134172,50.858064,On or near Lyminster Avenue,E01016925,Brighton and Hove 004A,Vehicle crime,Unable to prosecute suspect,
c1dc0cf915c021fb6f1087b4334db5f8fce6a8939882a227a71b248232d3df5e,2024-11,Sussex Police,Sussex Police,-0.131719,50.860777,On or near Crabtree Avenue,E01016925,Brighton and Hove 004A,Violence and sexual offences,Unable to prosecute suspect,
c74fe23f3598c04207454c6e68a6270eac450d7b3fa6cac1375016a8c186779b,2024-11,Sussex Police,Sussex Police,-0.134112,50.860968,On or near Birch Grove Crescent,E01016925,Brighton and Hove 004A,Violence and sexual offences,Unable to prosecute suspect,
c8d00efe343cc4941ab06d9ffd5b7e12cc8f719a62d0f582366e1f828e505a88,2024-11,Sussex Police,Sussex Police,-0.133836,50.857214,On or near Hartfield Avenue,E01016925,Brighton and Hove 004A,Violence and sexual offences,Unable to prosecute suspect,
91eca236ada8533cf21b0ba64486bd3b4f27339046ef072222ef2d7aa160dd68,2024-11,Sussex Police,Sussex Police,-0.128273,50.859876,On or near Fernhurst Crescent,E01016925,Brighton and Hove 004A,Violence and sexual offences,Unable to prosecute suspect,
e3a90a8cb1cabf4d24a27bc3ac7d0630939a6116dc37f0e04034bde0c71960af,2024-11,Sussex Police,Sussex Police,-0.128273,50.859876,On or near Fernhurst Crescent,E01016925,Brighton and Hove 004A,Other crime,Unable to prosecute suspect,
,2024-11,Sussex Police,Sussex Police,-0.143670,50.856471,On or near Braybon Avenue,E01016930,Brighton and Hove 004B,Anti-social behaviour,,
699e7c21753a6aad22725cce88050391238083fccf5ca59a84ae952a36bd51bc,2024-11,Sussex Police,Sussex Police,-0.128776,50.858311,On or near Cuckmere Way,E01016930,Brighton and Hove 004B,Other theft,Investigation complete; no suspect identified,
3f3a712417099cf7a3f9a05a19f54a8b2e7de3e6badd9b392d9a254fbab0958d,2024-11,Sussex Police,Sussex Police,-0.137772,50.854713,On or near Larkfield Way,E01016930,Brighton and Hove 004B,Vehicle crime,Investigation complete; no suspect identified,
aaa179c0223d609330b036be0f3e54f401abe73644da947a469db2e833a6b051,2024-11,Sussex Police,Sussex Police,-0.144704,50.856892,On or near Old Farm Road,E01016930,Brighton and Hove 004B,Vehicle crime,Investigation complete; no suspect identified,
3932806dfe40b666d48d4afe071ac0615fdca1f0837e5cc29bc727f3d1deb248,2024-11,Sussex Police,Sussex Police,-0.128776,50.858311,On or near Cuckmere Way,E01016930,Brighton and Hove 004B,Violence and sexual offences,Unable to prosecute suspect,
3b01cc762af69ca32910c19ffe14964cbbc5b841697df08cc02ca6551d8d1100,2024-11,Sussex Police,Sussex Police,-0.151777,50.850151,On or near Laine Close,E01017001,Brighton and Hove 004C,Criminal damage and arson,Investigation complete; no suspect identified,
d52bceea31f5529bc2051ed312660afd89e826cb2cf4600bd45898b516e8199b,2024-11,Sussex Police,Sussex Police,-0.150453,50.852001,On or near Withdean Crescent,E01017001,Brighton and Hove 004C,Criminal damage and arson,Court result unavailable,
01f846bc55bfa8fdf080418c2978c154f65715449cdab0242bb72f5359c39686,2024-11,Sussex Police,Sussex Police,-0.135584,50.852574,On or near Hollingbury Copse,E01017001,Brighton and Hove 004C,Criminal damage and arson,Investigation complete; no suspect identified,
9f23a3020001cf9ca72b73590e703fc9694323e83545248a17e63d6ee00d7b07,2024-11,Sussex Police,Sussex Police,-0.138659,50.851697,On or near Friar Road,E01017001,Brighton and Hove 004C,Violence and sexual offences,Unable to prosecute suspect,
d596352dc43deda65a7824545ef80b0a42f192263c3dfb62e4c49f9ebea4bf07,2024-11,Sussex Police,Sussex Police,-0.154351,50.850435,On or near Cedars Gardens,E01017001,Brighton and Hove 004C,Violence and sexual offences,Investigation complete; no suspect identified,
,2024-11,Sussex Police,Sussex Police,-0.140005,50.846808,On or near Balfour Road,E01017003,Brighton and Hove 004D,Anti-social behaviour,,
,2024-11,Sussex Police,Sussex Police,-0.142806,50.846744,On or near Loder Place,E01017003,Brighton and Hove 004D,Anti-social behaviour,,
,2024-11,Sussex Police,Sussex Police,-0.143261,50.846725,On or near Loder Road,E01017003,Brighton and Hove 004D,Anti-social behaviour,,
542e3c9fc07d597de6513a3378c8f6a6dbe39cb1f7c1d9e927aa26c34314c67a,2024-11,Sussex Police,Sussex Police,-0.142973,50.846118,On or near Bates Road,E01017003,Brighton and Hove 004D,Criminal damage and arson,Investigation complete; no suspect identified,
06c961f1bc5d1a5fa3aafb9084cad9d2e48dd4a13ed019a94da65ad6ef23072b,2024-11,Sussex Police,Sussex Police,-0.142973,50.846118,On or near Bates Road,E01017003,Brighton and Hove 004D,Criminal damage and arson,Investigation complete; no suspect identified,
1a08409d28933a0dd22d12e30e871c317acefd53a2061457eb70eb2ce407d0fe,2024-11,Sussex Police,Sussex Police,-0.140005,50.846808,On or near Balfour Road,E01017003,Brighton and Hove 004D,Violence and sexual offences,Investigation complete; no suspect identified,
15039c97a7969adcb6cea8ebf50137ec36924ab2d1bf95971c6052e7afde537c,2024-11,Sussex Police,Sussex Police,-0.142806,50.846744,On or near Loder Place,E01017003,Brighton and Hove 004D,Violence and sexual offences,Local resolution,
cfafb0c35ab31ab6904ecc6f41c6bcc1ce4ac0f2684ff81dfa36720945a6370c,2024-11,Sussex Police,Sussex Police,-0.144066,50.849705,On or near Varndean Holt,E01017003,Brighton and Hove 004D,Violence and sexual offences,Local resolution,
,2024-11,Sussex Police,Sussex Police,-0.234944,50.855729,On or near Westway Gardens,E01016916,Brighton and Hove 005A,Anti-social behaviour,,
179974ff82bdc3c869655c1f373dd3470fcb5d1a944695819c12db3e24d8f71d,2024-11,Sussex Police,Sussex Police,-0.228700,50.856273,On or near Lark View,E01016916,Brighton and Hove 005A,Criminal damage and arson,Investigation complete; no suspect identified,
e916bcab757cb1af0c07f36458098632b5578bddfbd9b7e96a8bf51b827da17c,2024-11,Sussex Police,Sussex Police,-0.228700,50.856273,On or near Lark View,E01016916,Brighton and Hove 005A,Drugs,Investigation complete; no suspect identified,
e1526feab81034dafec7eba0ecb5a4e7e29fb517862ff60728ed0e6f4593616a,2024-11,Sussex Police,Sussex Police,-0.234944,50.855729,On or near Westway Gardens,E01016916,Brighton and Hove 005A,Drugs,Local resolution,
10fe417cfab9ccabb5edbbe1717f20c085e3b7e058422279642ebf02ec0832d1,2024-11,Sussex Police,Sussex Police,-0.229083,50.853671,On or near Heathfield Crescent,E01016916,Brighton and Hove 005A,Shoplifting,Investigation complete; no suspect identified,
23e3519667e59b8232ef7eb0aa1528d0de42fa55d654e44baf972e7eaa56a5fc,2024-11,Sussex Police,Sussex Police,-0.228700,50.856273,On or near Lark View,E01016916,Brighton and Hove 005A,Violence and sexual offences,Unable to prosecute suspect,
7904060f2b47430d6b3b80c0901baa5b176335226f2c28c9aefaa1cb50b746f4,2024-11,Sussex Police,Sussex Police,-0.223696,50.852995,On or near Broomfield Drive,E01016917,Brighton and Hove 005B,Other theft,Investigation complete; no suspect identified,
,2024-11,Sussex Police,Sussex Police,-0.227537,50.849465,On or near Wickhurst Rise,E01016918,Brighton and Hove 005C,Anti-social behaviour,,
9d3c634abeacf654f0a38bd245352e8c6c0af9da66b0194ac754a955b0f067e5,2024-11,Sussex Police,Sussex Police,-0.227537,50.849465,On or near Wickhurst Rise,E01016918,Brighton and Hove 005C,Bicycle theft,Investigation complete; no suspect identified,
20657d6260fc3f87907d25afc9cda2ffdf3a2f600666509049a374953f7803cd,2024-11,Sussex Police,Sussex Police,-0.229232,50.850849,On or near Stanley Avenue South,E01016918,Brighton and Hove 005C,Burglary,Unable to prosecute suspect,
60c67d4df408f9d9e241aa4ef7ba9a990b1a7f242ee1025bdd1a2b029ec64f4b,2024-11,Sussex Police,Sussex Police,-0.231927,50.853615,On or near Chrisdory Road,E01016918,Brighton and Hove 005C,Other theft,Investigation complete; no suspect identified,
a787c08416b866f8a096e780eedd674ece9f448e7cd7351d6fa2fa0ae4b4e4a1,2024-11,Sussex Police,Sussex Police,-0.227537,50.849465,On or near Wickhurst Rise,E01016918,Brighton and Hove 005C,Other theft,Investigation complete; no suspect identified,
fdef249c6e1e6ee74530d3fa6136631d50991cb108ed5106a38ff7996202b5ec,2024-11,Sussex Police,Sussex Police,-0.229232,50.850849,On or near Stanley Avenue South,E01016918,Brighton and Hove 005C,Public order,Investigation complete; no suspect identified,
bd2f3e4f58dc15663e8bbd7cd388592afbdbaa9dc38c19dd0bb7d340b3b3a45c,2024-11,Sussex Police,Sussex Police,-0.231896,50.850664,On or near Southon Close,E01016918,Brighton and Hove 005C,Shoplifting,Investigation complete; no suspect identified,
b747d866eee7a1b90bbed42b8c3541183402e06c2eab00758ee44c01f1c0c2a6,2024-11,Sussex Police,Sussex Police,-0.232232,50.851542,On or near Supermarket,E01016918,Brighton and Hove 005C,Shoplifting,Investigation complete; no suspect identified,
66d072ae6893f76e3ff55bbcc47fc225901a61b532d33089be02c728b086191c,2024-11,Sussex Police,Sussex Police,-0.231896,50.850664,On or near Southon Close,E01016918,Brighton and Hove 005C,Shoplifting,Investigation complete; no suspect identified,
e9b3c6196aba9681dbea9f8dc2fc94efd774141156fab1f7474df46bb2aade0e,2024-11,Sussex Police,Sussex Police,-0.231896,50.850664,On or near Southon Close,E01016918,Brighton and Hove 005C,Shoplifting,Investigation complete; no suspect identified,
29b6684096456eebc42a3d4ea8240c1678fc1229751b73237de6a85e644c71f0,2024-11,Sussex Police,Sussex Police,-0.232232,50.851542,On or near Supermarket,E01016918,Brighton and Hove 005C,Shoplifting,Investigation complete; no suspect identified,
3757c183273eeee648f2f67d180c4e150af885d025fc9036a267421e6aecc746,2024-11,Sussex Police,Sussex Police,-0.232232,50.851542,On or near Supermarket,E01016918,Brighton and Hove 005C,Shoplifting,Investigation complete; no suspect identified,
3b5a87e9931568001dc7134613d956d4cca266725bec389e14f43c3ca278d353,2024-11,Sussex Police,Sussex Police,-0.231896,50.850664,On or near Southon Close,E01016918,Brighton and Hove 005C,Shoplifting,Investigation complete; no suspect identified,
aad8280281ec1084eea00ecc46ffde969a242496f9e6df0c83fb3ca5fd18e1e7,2024-11,Sussex Police,Sussex Police,-0.232232,50.851542,On or near Supermarket,E01016918,Brighton and Hove 005C,Violence and sexual offences,Unable to prosecute suspect,
43b22c3b57e6289c64df5bcac121f4a927720bb1753ee59dc0b9ebe76019207f,2024-11,Sussex Police,Sussex Police,-0.231896,50.850664,On or near Southon Close,E01016918,Brighton and Hove 005C,Violence and sexual offences,Unable to prosecute suspect,
25b5838e204f778e70ed302ff6868f7b17464c020c1144a71798cac2beed1b0c,2024-11,Sussex Police,Sussex Police,-0.221550,50.851146,On or near Hamilton Close,E01016918,Brighton and Hove 005C,Violence and sexual offences,Investigation complete; no suspect identified,
9e9ec0f0339018b9d228b1a85d21f9aebe886bec8fa1aa7c4b186c75a2b09280,2024-11,Sussex Police,Sussex Police,-0.230433,50.852900,On or near Stanley Avenue,E01016918,Brighton and Hove 005C,Violence and sexual offences,Unable to prosecute suspect,
13b93d75ebbd119096f4d654eb7cecfc951442a3524a06aea919bd0e1974837f,2024-11,Sussex Police,Sussex Police,-0.225636,50.851271,On or near Chalky Road,E01016918,Brighton and Hove 005C,Violence and sexual offences,Action to be taken by another organisation,
81bd47ff0ea90fa6e9a2a76a5b4060ee204a1de5cb71ea3ea6e251bbf5b3dcfb,2024-11,Sussex Police,Sussex Police,-0.231896,50.850664,On or near Southon Close,E01016918,Brighton and Hove 005C,Other crime,Unable to prosecute suspect,
,2024-11,Sussex Police,Sussex Police,-0.212357,50.848199,On or near Bush Farm Drive,E01016919,Brighton and Hove 005D,Anti-social behaviour,,
,2024-11,Sussex Police,Sussex Police,-0.213862,50.848213,On or near Warrior Close,E01016919,Brighton and Hove 005D,Anti-social behaviour,,
,2024-11,Sussex Police,Sussex Police,-0.211272,50.849829,On or near Hazel Close,E01016919,Brighton and Hove 005D,Anti-social behaviour,,
6d10eaf7c7b9a820db1d96ad1c2442504a4adf37a99b709aea90da8eca76dc02,2024-11,Sussex Police,Sussex Police,-0.213862,50.848213,On or near Warrior Close,E01016919,Brighton and Hove 005D,Public order,Status update unavailable,
f4f35e1e52ab97b0888b97b0cb53a8b331353510c3d071485d13f761ffc07d62,2024-11,Sussex Police,Sussex Police,-0.210010,50.847534,On or near Drovers Close,E01016919,Brighton and Hove 005D,Vehicle crime,Investigation complete; no suspect identified,
901a3f1a7d5f4aaaf7e2c913b881c7336df7ae26caecb9e2e4a9930073d20195,2024-11,Sussex Police,Sussex Police,-0.214806,50.845809,On or near Highways,E01016919,Brighton and Hove 005D,Violence and sexual offences,Unable to prosecute suspect,
6467291aefabcc5b5b41d094b2f217ad60755a223dd02b00785571bc0890b723,2024-11,Sussex Police,Sussex Police,-0.212357,50.848199,On or near Bush Farm Drive,E01016919,Brighton and Hove 005D,Violence and sexual offences,Court result unavailable,
97d652db7f5cdeb688917f6c2eed97ef2ad869a12d03a30166ffe7e14fd640af,2024-11,Sussex Police,Sussex Police,-0.210459,50.848791,On or near Sycamore Close,E01016919,Brighton and Hove 005D,Violence and sexual offences,Unable to prosecute suspect,
660d176b124943c8efe7379d617de66f968576c92b58671f4cb7aa8d0fbcfd62,2024-11,Sussex Police,Sussex Police,-0.215132,50.849546,On or near Crest Way,E01016919,Brighton and Hove 005D,Violence and sexual offences,Unable to prosecute suspect,
3d5dfe685061c9dbe8f3870c35e725515abdcbab97023e6d182e2b4b8ae9566e,2024-11,Sussex Police,Sussex Police,-0.210459,50.848791,On or near Sycamore Close,E01016919,Brighton and Hove 005D,Violence and sexual offences,Unable to prosecute suspect,
144d0e9eab92837d585b05f21012ffed2af7c739a0ac7309bcaf56d7b2a114d0,2024-11,Sussex Police,Sussex Police,-0.212012,50.846818,On or near New Barn Close,E01016919,Brighton and Hove 005D,Violence and sexual offences,Court result unavailable,
4dfc551350b52aa8764c036b708508011816a60b346991dd65c70c0e0a980086,2024-11,Sussex Police,Sussex Police,-0.196432,50.853728,On or near Chichester Close,E01016882,Brighton and Hove 006A,Criminal damage and arson,Unable to prosecute suspect,
dfa9dd560fe370d1e33f709cad0f04ecb99154b827254dbf17c69e8967238025,2024-11,Sussex Police,Sussex Police,-0.197739,50.852993,On or near Parking Area,E01016882,Brighton and Hove 006A,Vehicle crime,Investigation complete; no suspect identified,
c826a21a693306bdfa5cba94bd409c63bb8ef7f09e181cde9044bb49120bfa2e,2024-11,Sussex Police,Sussex Police,-0.196432,50.853728,On or near Chichester Close,E01016882,Brighton and Hove 006A,Violence and sexual offences,Unable to prosecute suspect,
62e01ecef493f706ba071869e38171819ce63bc9becb085d08afacbd9518a0f2,2024-11,Sussex Police,Sussex Police,-0.196058,50.852373,On or near Barnet Way,E01016882,Brighton and Hove 006A,Violence and sexual offences,Unable to prosecute suspect,
20f6534c58a22c49e298b161bc2fdb5be772a6696c77c617d62a8ecc9abbd2f1,2024-11,Sussex Police,Sussex Police,-0.194071,50.850850,On or near Lark Hill,E01016882,Brighton and Hove 006A,Violence and sexual offences,Investigation complete; no suspect identified,
e4bc744396f97cbc3b753fc7d96db29ab78e8c4766f699e54a333012b4a0de92,2024-11,Sussex Police,Sussex Police,-0.196058,50.852373,On or near Barnet Way,E01016882,Brighton and Hove 006A,Other crime,Unable to prosecute suspect,
878ff7b36062187c057a864c6315cb17d2de472fcc579276aaa4d7cdc54193f5,2024-11,Sussex Police,Sussex Police,-0.205267,50.853037,On or near Warenne Road,E01016883,Brighton and Hove 006B,Burglary,Investigation complete; no suspect identified,
69eb8eae3f0433e38f8f218a399634a8790662e8903718c88b25bead00848504,2024-11,Sussex Police,Sussex Police,-0.204199,50.853461,On or near The Down,E01016883,Brighton and Hove 006B,Shoplifting,Investigation complete; no suspect identified,
22d0e5f4a4b1d3088297e4ec77f51481298a19d55180ddf45db481f69014510f,2024-11,Sussex Police,Sussex Police,-0.199566,50.850179,On or near Sherbourne Road,E01016883,Brighton and Hove 006B,Shoplifting,Unable to prosecute suspect,
7d755adfbaec47ff7d320881a9db30003b158997adfc95daabe961708fb50d9d,2024-11,Sussex Police,Sussex Police,-0.202930,50.850627,On or near St Helen'S Crescent,E01016883,Brighton and Hove 006B,Violence and sexual offences,Action to be taken by another organisation,
61965727721895d0862fa207f9b116e4675589c8365cbc5e8605231c6f3da676,2024-11,Sussex Police,Sussex Police,-0.188464,50.849630,On or near Findon Close,E01016884,Brighton and Hove 006C,Criminal damage and arson,Investigation complete; no suspect identified,
b421dbfc1902f237ad50f058643dbbfdf1ed043fb5d3004d7b246c93c5084c7b,2024-11,Sussex Police,Sussex Police,-0.192109,50.846835,On or near Storrington Close,E01016884,Brighton and Hove 006C,Other theft,Investigation complete; no suspect identified,
2ad503a84ff22a14afeb521cb20ca6c066648322be4a536c1a7a91cca6a7f386,2024-11,Sussex Police,Sussex Police,-0.186037,50.846651,On or near Windmill Close,E01016884,Brighton and Hove 006C,Public order,Status update unavailable,
73f902a6ec158ec54f6866ccd64ec779630718a5ef7e339900cacd677b9079e7,2024-11,Sussex Police,Sussex Police,-0.188464,50.849630,On or near Findon Close,E01016884,Brighton and Hove 006C,Public order,Further investigation is not in the public interest,
93d3dd7a7b68dfd8eba8feef5a421e40def891253075ab7db023e55e28fcc2d1,2024-11,Sussex Police,Sussex Police,-0.194932,50.844747,On or near Supermarket,E01016884,Brighton and Hove 006C,Shoplifting,Investigation complete; no suspect identified,
b936c7bc547af12a0604f498f4d61a2da7fcd24ece1476c89f089a5045271f6a,2024-11,Sussex Police,Sussex Police,-0.194932,50.844747,On or near Supermarket,E01016884,Brighton and Hove 006C,Shoplifting,Investigation complete; no suspect identified,
0b934d09389b290090bbd4d5eed20de2cfd8d6a249e30342e05c5c64a7fd7737,2024-11,Sussex Police,Sussex Police,-0.194932,50.844747,On or near Supermarket,E01016884,Brighton and Hove 006C,Shoplifting,Investigation complete; no suspect identified,
9e61f7eec53e68f2e6fcd0d15a3a38fdfc4b9210eff3e64c99cf23d97fec35ad,2024-11,Sussex Police,Sussex Police,-0.194932,50.844747,On or near Supermarket,E01016884,Brighton and Hove 006C,Shoplifting,Investigation complete; no suspect identified,
725d45c4ffa5804607dae791b656daaa3ed0e62d2f4f5bd006e73436d620ea7c,2024-11,Sussex Police,Sussex Police,-0.194932,50.844747,On or near Supermarket,E01016884,Brighton and Hove 006C,Shoplifting,Investigation complete; no suspect identified,
55c619cd4db03bff7912bea45cde7ecdb1095010de1fa5b9a8995723935901eb,2024-11,Sussex Police,Sussex Police,-0.194932,50.844747,On or near Supermarket,E01016884,Brighton and Hove 006C,Shoplifting,Unable to prosecute suspect,
f565a4ced861cdca25cb93f13b9f4e9660da97e876df91eb1de5db6d2e4f3448,2024-11,Sussex Police,Sussex Police,-0.194932,50.844747,On or near Supermarket,E01016884,Brighton and Hove 006C,Shoplifting,Investigation complete; no suspect identified,
6731198a7301a85803db7b916c805bdc23c1c4c8d31a44de85386f58ac9aaaa3,2024-11,Sussex Police,Sussex Police,-0.194932,50.844747,On or near Supermarket,E01016884,Brighton and Hove 006C,Shoplifting,Investigation complete; no suspect identified,
8ea79f4638bc1c3faae7a7a9faed55aec3dd087da044cb887068ad47869ac81c,2024-11,Sussex Police,Sussex Police,-0.194932,50.844747,On or near Supermarket,E01016884,Brighton and Hove 006C,Shoplifting,Investigation complete; no suspect identified,
b459c0902c10275ca7abced50f98f54f388f34a929ddce2dee7a14098a3b3da8,2024-11,Sussex Police,Sussex Police,-0.194932,50.844747,On or near Supermarket,E01016884,Brighton and Hove 006C,Shoplifting,Investigation complete; no suspect identified,
881f3ff94bfe5816ed92f36936b4322c0909e567247be70f393154d2eee536eb,2024-11,Sussex Police,Sussex Police,-0.194932,50.844747,On or near Supermarket,E01016884,Brighton and Hove 006C,Shoplifting,Investigation complete; no suspect identified,
9c287611fd717f55570e6ab42f13bd3c5e38e3ecd792daa6e60a805118bc73dd,2024-11,Sussex Police,Sussex Police,-0.194932,50.844747,On or near Supermarket,E01016884,Brighton and Hove 006C,Shoplifting,Unable to prosecute suspect,
96125051ba27e1ce2d067a9f387ba17cebfc7d6048d824e08687b511485a4e63,2024-11,Sussex Police,Sussex Police,-0.194932,50.844747,On or near Supermarket,E01016884,Brighton and Hove 006C,Shoplifting,Investigation complete; no suspect identified,
c94ebf574e8961b1112b5bd548b3398b8463b291429200aead64a42c21fa19c1,2024-11,Sussex Police,Sussex Police,-0.189775,50.849524,On or near Bramber Avenue,E01016884,Brighton and Hove 006C,Vehicle crime,Investigation complete; no suspect identified,
6dd6fbb8c5aa5fd0c880fd870f40c43f84324bc7521945a9906834f6c0a46cab,2024-11,Sussex Police,Sussex Police,-0.192109,50.846835,On or near Storrington Close,E01016884,Brighton and Hove 006C,Violence and sexual offences,Unable to prosecute suspect,
e3ec0a8560e5a6961f6ad1776fd652e055277cb75539d300726153059825fce6,2024-11,Sussex Police,Sussex Police,-0.188464,50.849630,On or near Findon Close,E01016884,Brighton and Hove 006C,Violence and sexual offences,Status update unavailable,
7256164928c0554bd5030ccf5788e895ae0b72bc9990e0d6d99b2309c2225156,2024-11,Sussex Police,Sussex Police,-0.192109,50.846835,On or near Storrington Close,E01016884,Brighton and Hove 006C,Violence and sexual offences,Unable to prosecute suspect,
3dc5ea0fa470b93c25d0b4ce863e38f16c8504ff3721994bd79c14f8d6fdb4ef,2024-11,Sussex Police,Sussex Police,-0.183836,50.848820,On or near Downland Crescent,E01016885,Brighton and Hove 006D,Burglary,Further investigation is not in the public interest,
9e7d01dfeb9423634b23ccf0c4e063fd52c3a21d59deb2780b13e076044de317,2024-11,Sussex Police,Sussex Police,-0.185736,50.849632,On or near Clayton Way,E01016885,Brighton and Hove 006D,Criminal damage and arson,Unable to prosecute suspect,
3eab43e6a86491ca3f159bc251a08f7c75a3835b25fa83f41ab2d1fa3816e469,2024-11,Sussex Police,Sussex Police,-0.178155,50.853156,On or near King George Vi Avenue,E01016885,Brighton and Hove 006D,Drugs,Further investigation is not in the public interest,
cc8e58806d975e17b45e0a79708a1eab88e3cd6c78aa3742223f473323e93f4a,2024-11,Sussex Police,Sussex Police,-0.185736,50.849632,On or near Clayton Way,E01016885,Brighton and Hove 006D,Other theft,Investigation complete; no suspect identified,
862ba075534548e7cf0aaf1dc92fdece838123f9c282d33b952d3542aaae415f,2024-11,Sussex Police,Sussex Police,-0.183836,50.848820,On or near Downland Crescent,E01016885,Brighton and Hove 006D,Other theft,Unable to prosecute suspect,
4afc1b9791ebd6ce858c2601f8c1cc6801ca2c45a09802ab7093b75b48d882c2,2024-11,Sussex Police,Sussex Police,-0.183836,50.848820,On or near Downland Crescent,E01016885,Brighton and Hove 006D,Public order,Unable to prosecute suspect,
fdb330c5c2b614a564546a8464c16b81782f4b79ffd7e0f2a2b61bf5b21d1c42,2024-11,Sussex Police,Sussex Police,-0.178155,50.853156,On or near King George Vi Avenue,E01016885,Brighton and Hove 006D,Vehicle crime,Unable to prosecute suspect,
ca086a56b4af41df126dc48e6eb2ee907da21d0bcb2352f67e5e813aba86f128,2024-11,Sussex Police,Sussex Police,-0.183836,50.848820,On or near Downland Crescent,E01016885,Brighton and Hove 006D,Violence and sexual offences,Unable to prosecute suspect,
43b72512ef159b6e07d0bef3c114427e1915c9aa2898b583472e59142fe6ff60,2024-11,Sussex Police,Sussex Police,-0.183836,50.848820,On or near Downland Crescent,E01016885,Brighton and Hove 006D,Violence and sexual offences,Unable to prosecute suspect,
1a16ae98f4687b3c6cbea988d600bc1646b397d91b769221ee76282752538355,2024-11,Sussex Police,Sussex Police,-0.191400,50.851959,On or near Aldwick Mews,E01016885,Brighton and Hove 006D,Violence and sexual offences,Unable to prosecute suspect,
dc53337d62d14b7d2c895c6380d375842aa7f4a8cbc654dfa36ff98ff8edd960,2024-11,Sussex Police,Sussex Police,-0.183836,50.848820,On or near Downland Crescent,E01016885,Brighton and Hove 006D,Other crime,Investigation complete; no suspect identified,
c0d7a8372a8570e00e1094c55f19cc51c2b94cccdd77baf1a7cb7c2d43e5d5f2,2024-11,Sussex Police,Sussex Police,-0.193561,50.853027,On or near Hardwick Way,E01016885,Brighton and Hove 006D,Other crime,Investigation complete; no suspect identified,
351b7b79e7dd3d4dc000391b0f0489f2e68d3e222e6dd4b4a33ed162b795b1fa,2024-11,Sussex Police,Sussex Police,-0.195567,50.846313,On or near Kingston Close,E01016886,Brighton and Hove 006E,Burglary,Investigation complete; no suspect identified,
0e8907e7b444b8f4727200b3ecb9c9dbefd50136b45cf928ab764aaddca70cec,2024-11,Sussex Police,Sussex Police,-0.189266,50.851306,On or near Burwash Road,E01016886,Brighton and Hove 006E,Other theft,Unable to prosecute suspect,
848a7f3798b99a6b104efc286168ebee33fc5f3913ed2efb1e5f469cc684503a,2024-11,Sussex Police,Sussex Police,-0.193202,50.848327,On or near Thornhill Close,E01016886,Brighton and Hove 006E,Vehicle crime,Investigation complete; no suspect identified,
d12e32c56500ccc3786df5102d1dc136a4411e42d34b162214ef237b0b1f345c,2024-11,Sussex Police,Sussex Police,-0.189076,50.851060,On or near Midhurst Walk,E01016886,Brighton and Hove 006E,Vehicle crime,Investigation complete; no suspect identified,
2c4ae0b76454e98a16d77bb89a3b517d4eee77473945563fd39af36b25de1c4c,2024-11,Sussex Police,Sussex Police,-0.189147,50.851439,On or near Nutley Close,E01016886,Brighton and Hove 006E,Violence and sexual offences,Court result unavailable,
172170f26696a093132b3700673d280fef5e8b0dd39a38a777b568cd0c9d792d,2024-11,Sussex Police,Sussex Police,-0.195567,50.846313,On or near Kingston Close,E01016886,Brighton and Hove 006E,Violence and sexual offences,Unable to prosecute suspect,
d993ef2ab9afeb282034247de04cb6ed5cd344563bc7ccd2cf0ca0ea7f44ff47,2024-11,Sussex Police,Sussex Police,-0.193202,50.848327,On or near Thornhill Close,E01016886,Brighton and Hove 006E,Other crime,Investigation complete; no suspect identified,
6a639a4a6d225e2cadefba4b7c2ea3ad8e76e9f3d9b4b762e60318e89c71ead9,2024-11,Sussex Police,Sussex Police,-0.170030,50.840043,On or near Hove Park Gardens,E01016980,Brighton and Hove 007A,Criminal damage and arson,Investigation complete; no suspect identified,
9c1ba2ea6ce07ce115d4a6ffacfc2ca66c19a4c600ef8ad9e0b13766369eba1e,2024-11,Sussex Police,Sussex Police,-0.171791,50.838964,On or near A270,E01016980,Brighton and Hove 007A,Other crime,Investigation complete; no suspect identified,
b6a1aa86f8a9c0e4016063673fcd3f40b328f249e7849f6cc3f68ffa2e449c1b,2024-11,Sussex Police,Sussex Police,-0.176548,50.846260,On or near Goldstone Close,E01016982,Brighton and Hove 007B,Criminal damage and arson,Investigation complete; no suspect identified,
92673ec8edda262f2782b112d003f3547231baa0cf78fa77fc2b07b9202192ce,2024-11,Sussex Police,Sussex Police,-0.176482,50.849065,On or near Elizabeth Avenue,E01016982,Brighton and Hove 007B,Public order,Investigation complete; no suspect identified,
a37c2b68aa1f418d28ec5a0382419b0409ee7a0522a833de6d3896e3e76df6d4,2024-11,Sussex Police,Sussex Police,-0.168300,50.850124,On or near Tongdean Road,E01016983,Brighton and Hove 007C,Burglary,Investigation complete; no suspect identified,
6c6b1684f53c35e785f6083436b74bf141284e5363cc35279277271db88a0ee5,2024-11,Sussex Police,Sussex Police,-0.172384,50.850314,On or near Deanway,E01016983,Brighton and Hove 007C,Other theft,Investigation complete; no suspect identified,
6ebcbfa181a21febd4379622bb8163d500258e7736234af4d4d10e897a1582ea,2024-11,Sussex Police,Sussex Police,-0.159643,50.844106,On or near Onslow Road,E01016984,Brighton and Hove 007D,Criminal damage and arson,Unable to prosecute suspect,
e7b8a92c4045722a3dbd94cd75ab1207221e3b081d714764a79b67ba428a2a46,2024-11,Sussex Police,Sussex Police,-0.169239,50.846092,On or near Benett Drive,E01016984,Brighton and Hove 007D,Other theft,Investigation complete; no suspect identified,
,2024-11,Sussex Police,Sussex Police,-0.179357,50.844901,On or near Nevill Gardens,E01016985,Brighton and Hove 007E,Anti-social behaviour,,
7dd0aa5b2349cbd675be8cde044f6199afeb4a012abb9099a7cd171a771e29e2,2024-11,Sussex Police,Sussex Police,-0.181356,50.846093,On or near Frant Road,E01016985,Brighton and Hove 007E,Public order,Investigation complete; no suspect identified,
2b4e5417f0a85048eb04e425d571fa44413d2eb4ebdcca65aab7b4d397a6809c,2024-11,Sussex Police,Sussex Police,-0.182838,50.846700,On or near Court Farm Road,E01016985,Brighton and Hove 007E,Violence and sexual offences,Unable to prosecute suspect,
,2024-11,Sussex Police,Sussex Police,-0.118525,50.846131,On or near Tillstone Close,E01016900,Brighton and Hove 008A,Anti-social behaviour,,
f5a2c81b9dd7bc2856712c8fd404f78d3f8a4a132a6beed54ec5c2f0c82f2561,2024-11,Sussex Police,Sussex Police,-0.114410,50.848483,On or near Ryelands Drive,E01016900,Brighton and Hove 008A,Criminal damage and arson,Investigation complete; no suspect identified,
1f065c894dabdbe34847b0221606be01f82c09b1fcd6944de506c2046b0ab133,2024-11,Sussex Police,Sussex Police,-0.114410,50.848483,On or near Ryelands Drive,E01016900,Brighton and Hove 008A,Other theft,Investigation complete; no suspect identified,
160d53e6425f647cb35ad730f923ee7d8e33f0f77623b556ac1e4b3067ebbead,2024-11,Sussex Police,Sussex Police,-0.120359,50.846799,On or near Barrow Close,E01016900,Brighton and Hove 008A,Other theft,Unable to prosecute suspect,
017b5e89f10c2d9865651ef40e64285b39a0cc58d86c5a2fe06f90cce468a9b5,2024-11,Sussex Police,Sussex Police,-0.123691,50.843768,On or near Tavistock Down,E01016900,Brighton and Hove 008A,Robbery,Investigation complete; no suspect identified,
8a37b0cbfa8a4cfb5fb6fecc8bb63951c98aac5e694e36a683ce87da46bf40a5,2024-11,Sussex Police,Sussex Police,-0.114410,50.848483,On or near Ryelands Drive,E01016900,Brighton and Hove 008A,Vehicle crime,Investigation complete; no suspect identified,
7261c67ee6ba4ede0a31c2ed88af9f160f70348f4beafd534b5d9ef624a2bd30,2024-11,Sussex Police,Sussex Police,-0.116588,50.847313,On or near Highbrook Close,E01016900,Brighton and Hove 008A,Violence and sexual offences,Unable to prosecute suspect,
7e7ef16ac68b7e7f5d9eb7df9af1001f4130a86ae40e55cabe83c75655eb3f5f,2024-11,Sussex Police,Sussex Police,-0.135154,50.850166,On or near Ditchling Road,E01016900,Brighton and Hove 008A,Violence and sexual offences,Unable to prosecute suspect,
c6200d47d4e396d6bede9fcb3f61f148a8104a5e2511a07b9d7a80fd63e374e0,2024-11,Sussex Police,Sussex Police,-0.116588,50.847313,On or near Highbrook Close,E01016900,Brighton and Hove 008A,Violence and sexual offences,Unable to prosecute suspect,
b4fed7b47ad5e0c92cd5fd2497c0de602e6a751295ffb6261d8ecc2c82207fca,2024-11,Sussex Police,Sussex Police,-0.117816,50.846803,On or near Culpepper Close,E01016900,Brighton and Hove 008A,Violence and sexual offences,Investigation complete; no suspect identified,
b113262dacb8b110157f5b48f2ca85f82e075aad44073bfc6f7401d3702b0cbb,2024-11,Sussex Police,Sussex Police,-0.114410,50.848483,On or near Ryelands Drive,E01016900,Brighton and Hove 008A,Violence and sexual offences,Unable to prosecute suspect,
2f48265493133e7cf70222edfb0098e679a12688997d54dee63fc8477633214c,2024-11,Sussex Police,Sussex Police,-0.112705,50.849535,On or near Thorndean Road,E01016900,Brighton and Hove 008A,Violence and sexual offences,Unable to prosecute suspect,
e15c6e3bb870b085ad8a4111c7deb9fddecc62e1fd389340bb2606aa96f47115,2024-11,Sussex Police,Sussex Police,-0.135154,50.850166,On or near Ditchling Road,E01016900,Brighton and Hove 008A,Violence and sexual offences,Unable to prosecute suspect,
6c3f876879bbe45fc0a88a1d467b5e4cad26133fce00371af3dd0d5d890e14d7,2024-11,Sussex Police,Sussex Police,-0.122713,50.845820,On or near Wolverstone Drive,E01016902,Brighton and Hove 008B,Bicycle theft,Unable to prosecute suspect,
872297e17bbe4984117449ca1c9304363f917c57ed59ed88f21a43c75679378b,2024-11,Sussex Police,Sussex Police,-0.122795,50.846262,On or near Uplands Road,E01016902,Brighton and Hove 008B,Criminal damage and arson,Unable to prosecute suspect,
c85ff43a45e370989ab150058770a86ea62bcf21432d8cf60552fbb0da2910c8,2024-11,Sussex Police,Sussex Police,-0.122795,50.846262,On or near Uplands Road,E01016902,Brighton and Hove 008B,Possession of weapons,Unable to prosecute suspect,
bcf915171b500cc2c4bd7476eb32ea362919fb0dedefd92512dc0bf68249b37a,2024-11,Sussex Police,Sussex Police,-0.128771,50.848508,On or near Brentwood Crescent,E01016902,Brighton and Hove 008B,Vehicle crime,Court result unavailable,
aa3c365e3a4328c7807b9e3965681c6be0e8cb32ea723ad498f1d920b0456ffb,2024-11,Sussex Police,Sussex Police,-0.127403,50.845779,On or near Merevale,E01016902,Brighton and Hove 008B,Violence and sexual offences,Investigation complete; no suspect identified,
,2024-11,Sussex Police,Sussex Police,-0.127001,50.838443,On or near Freehold Terrace,E01016904,Brighton and Hove 008C,Anti-social behaviour,,
,2024-11,Sussex Police,Sussex Police,-0.127001,50.838443,On or near Freehold Terrace,E01016904,Brighton and Hove 008C,Anti-social behaviour,,
8d53e8a0fd326ef2c4c3b7031f72a481040d2a094687a94c361e4ba7c0cd7e21,2024-11,Sussex Police,Sussex Police,-0.126716,50.838087,On or near Hollingdean Road,E01016904,Brighton and Hove 008C,Criminal damage and arson,Investigation complete; no suspect identified,
edf3da69514bdaa3066bd69eed2b7a268015cfdb39c5c7c54674841883899c43,2024-11,Sussex Police,Sussex Police,-0.124518,50.838942,On or near Sports/Recreation Area,E01016904,Brighton and Hove 008C,Criminal damage and arson,Investigation complete; no suspect identified,
eb7d097c0f3a11e241d2145ad73bf7403db7387a6026a4b00b670f1d14b54aa6,2024-11,Sussex Police,Sussex Police,-0.123191,50.840648,On or near Supermarket,E01016904,Brighton and Hove 008C,Other theft,Unable to prosecute suspect,
723d9dfff71db65e3299cc131239873a7552c64bbcf9976904844c65e6560410,2024-11,Sussex Police,Sussex Police,-0.122725,50.841040,On or near Shopping Area,E01016904,Brighton and Hove 008C,Other theft,Investigation complete; no suspect identified,
870c9e522f79b8e791fa8638daf0514afe805cbd9f538f44875e1be19c1e0f4c,2024-11,Sussex Police,Sussex Police,-0.123191,50.840648,On or near Supermarket,E01016904,Brighton and Hove 008C,Public order,Investigation complete; no suspect identified,
31314ddccd1c7f665c516ee77fbe862fb099a2a74987ef5018690cab8ce483d2,2024-11,Sussex Police,Sussex Police,-0.126436,50.845080,On or near Romsey Close,E01016904,Brighton and Hove 008C,Public order,Unable to prosecute suspect,
4fb8d1bdfe5da5439baa4b788bb3bdfeb4e6f32ff188e0c48a8e3f3a4e0eac7b,2024-11,Sussex Police,Sussex Police,-0.122725,50.841040,On or near Shopping Area,E01016904,Brighton and Hove 008C,Public order,Investigation complete; no suspect identified,
bda83a1c822bab4073affd946ec4ea9e34ec177484ae024d035e0a4e35b1977a,2024-11,Sussex Police,Sussex Police,-0.123191,50.840648,On or near Supermarket,E01016904,Brighton and Hove 008C,Shoplifting,Investigation complete; no suspect identified,
e7c2c55cfe530297529c9347e56dfc81fac4a0e703c81bb42da616f1b0bcba4a,2024-11,Sussex Police,Sussex Police,-0.123191,50.840648,On or near Supermarket,E01016904,Brighton and Hove 008C,Shoplifting,Investigation complete; no suspect identified,
9ae72b2cb712d66ab115de3c13f93fba9e9cc13db81017632e0d2750e8c92181,2024-11,Sussex Police,Sussex Police,-0.123191,50.840648,On or near Supermarket,E01016904,Brighton and Hove 008C,Shoplifting,Investigation complete; no suspect identified,
d79127d1f326dcc13f72441a3b6359456d04213cb525a9b19d55e29d51cc101e,2024-11,Sussex Police,Sussex Police,-0.123191,50.840648,On or near Supermarket,E01016904,Brighton and Hove 008C,Shoplifting,Investigation complete; no suspect identified,
c3479033697c370770be9690e55dfc6e58674263eb5feeec68b62de934bd9f98,2024-11,Sussex Police,Sussex Police,-0.123191,50.840648,On or near Supermarket,E01016904,Brighton and Hove 008C,Shoplifting,Investigation complete; no suspect identified,
06aba826cf61cbc8309635ff10e781dea5efa1bb6fa3d1f6c60756ed92ace9dc,2024-11,Sussex Police,Sussex Police,-0.123191,50.840648,On or near Supermarket,E01016904,Brighton and Hove 008C,Shoplifting,Investigation complete; no suspect identified,
0121321af36761edb1238fb25476f2adeab0ae1edbb4c7c45e678b4b54bbea8c,2024-11,Sussex Police,Sussex Police,-0.123191,50.840648,On or near Supermarket,E01016904,Brighton and Hove 008C,Shoplifting,Investigation complete; no suspect identified,
3651572a6c8d33894e8e4bbf931c25ef21f95c5cebb144bd94a8ed1ed3964621,2024-11,Sussex Police,Sussex Police,-0.123191,50.840648,On or near Supermarket,E01016904,Brighton and Hove 008C,Shoplifting,Investigation complete; no suspect identified,
65aa5bb12e3d9e2d7b6705e7cfc51a69987024253615c5f1fa9988e0f0b8ddb7,2024-11,Sussex Police,Sussex Police,-0.123191,50.840648,On or near Supermarket,E01016904,Brighton and Hove 008C,Shoplifting,Investigation complete; no suspect identified,
400818c1fbe52d12cf1ef4f1efa32233eaac198ca661dac4ba9a8bb8ca6ebc1d,2024-11,Sussex Police,Sussex Police,-0.123191,50.840648,On or near Supermarket,E01016904,Brighton and Hove 008C,Shoplifting,Investigation complete; no suspect identified,
6aa915310dec474fe67c0e0d15e75f80cf455cacf1060e0b857100c71d3e3d7f,2024-11,Sussex Police,Sussex Police,-0.123191,50.840648,On or near Supermarket,E01016904,Brighton and Hove 008C,Shoplifting,Investigation complete; no suspect identified,
c5f336606f10661583b4f32a514c80be175bca18a2db1674d65b82a041c68deb,2024-11,Sussex Police,Sussex Police,-0.123191,50.840648,On or near Supermarket,E01016904,Brighton and Hove 008C,Shoplifting,Investigation complete; no suspect identified,
6b53e3ee0810247b6cbdf575bcd727b0a8bbabdc6e3081bef7a1056f37141b17,2024-11,Sussex Police,Sussex Police,-0.123191,50.840648,On or near Supermarket,E01016904,Brighton and Hove 008C,Shoplifting,Investigation complete; no suspect identified,
be197e92b98446ade86b98229bcefec2ecf1dd9c38e2f9e5b4c6cd904aed60f0,2024-11,Sussex Police,Sussex Police,-0.123191,50.840648,On or near Supermarket,E01016904,Brighton and Hove 008C,Violence and sexual offences,Investigation complete; no suspect identified,
efacbd8386918441819be90b8ba86e189b38cecb88ac00e3f88029cab37f2d9e,2024-11,Sussex Police,Sussex Police,-0.126716,50.838087,On or near Hollingdean Road,E01016904,Brighton and Hove 008C,Violence and sexual offences,Status update unavailable,
d8aba7d7df05c8ceeb7a0f09fcdfc4bd5ce65a27e8005d5706d651c68d7b0bfa,2024-11,Sussex Police,Sussex Police,-0.127001,50.838443,On or near Freehold Terrace,E01016904,Brighton and Hove 008C,Violence and sexual offences,Status update unavailable,
2ce8a3ea307eda458cb2f235023fc86b98a8e47346fcd9d7111d06b772213939,2024-11,Sussex Police,Sussex Police,-0.125948,50.844514,On or near Mountfields,E01016904,Brighton and Hove 008C,Violence and sexual offences,Investigation complete; no suspect identified,
02dc1eac4d7f95c550975367541908fd3db8834fc0f99d17c733356426c790fd,2024-11,Sussex Police,Sussex Police,-0.127492,50.844620,On or near Stephens Road,E01016904,Brighton and Hove 008C,Violence and sexual offences,Unable to prosecute suspect,
e6a74c5011262c4f2a45e0caa856e2dcfa8b71995c9a2b1a08b9cdb620db74d9,2024-11,Sussex Police,Sussex Police,-0.126716,50.838087,On or near Hollingdean Road,E01016904,Brighton and Hove 008C,Other crime,Further investigation is not in the public interest,
,2024-11,Sussex Police,Sussex Police,-0.127506,50.843199,On or near The Crossway,E01016905,Brighton and Hove 008D,Anti-social behaviour,,
,2024-11,Sussex Police,Sussex Police,-0.132806,50.838895,On or near Florence Place,E01016905,Brighton and Hove 008D,Anti-social behaviour,,
,2024-11,Sussex Police,Sussex Police,-0.127118,50.843301,On or near Beal Crescent,E01016905,Brighton and Hove 008D,Anti-social behaviour,,
3733c3b2dd55623e11d143dd28f464fab2a9394e130c8fddff0b3679e56ae6fa,2024-11,Sussex Police,Sussex Police,-0.127386,50.842298,On or near The Linkway,E01016905,Brighton and Hove 008D,Public order,Unable to prosecute suspect,
053cd527efd23698342856eaf2ed3c80460c5328571a57bd2d84870ee9664a83,2024-11,Sussex Police,Sussex Police,-0.132806,50.838895,On or near Florence Place,E01016905,Brighton and Hove 008D,Public order,Unable to prosecute suspect,
77eb80004e89f41d36116c4802f623c730bf52b02236f7d251cfab0eaef85960,2024-11,Sussex Police,Sussex Police,-0.128794,50.840828,On or near Major Close,E01016905,Brighton and Hove 008D,Violence and sexual offences,Investigation complete; no suspect identified,
1531f4d71ca24ad6f1ea8705856dba5e62adace6ab0ede7c11587a899f141a73,2024-11,Sussex Police,Sussex Police,-0.130554,50.839804,On or near Upper Hollingdean Road,E01016905,Brighton and Hove 008D,Violence and sexual offences,Unable to prosecute suspect,
1f85fe1365727361569f9e31859fd5a97c520a55aa339af3bb077cbe843f2ac3,2024-11,Sussex Police,Sussex Police,-0.130554,50.839804,On or near Upper Hollingdean Road,E01016905,Brighton and Hove 008D,Violence and sexual offences,Unable to prosecute suspect,
f87eed323f1dda23aea28ea4ebece0ffdcad59c2ad26aace7142c19def333e78,2024-11,Sussex Police,Sussex Police,-0.126090,50.840613,On or near Waverley Crescent,E01016905,Brighton and Hove 008D,Violence and sexual offences,Unable to prosecute suspect,
82f4b6f62389101e1bc41983657d79522f8342b4574abfa3dcff4eb8f2fc5c9c,2024-11,Sussex Police,Sussex Police,-0.130554,50.839804,On or near Upper Hollingdean Road,E01016905,Brighton and Hove 008D,Violence and sexual offences,Unable to prosecute suspect,
820bd3cae5dbba38041b906e9d92b7dfb2da35b1611c9440dfcee24d7df30f4c,2024-11,Sussex Police,Sussex Police,-0.132806,50.838895,On or near Florence Place,E01016905,Brighton and Hove 008D,Violence and sexual offences,Unable to prosecute suspect,
,2024-11,Sussex Police,Sussex Police,-0.116833,50.844053,On or near Southall Avenue,E01016909,Brighton and Hove 008E,Anti-social behaviour,,
6d7331d6c8cd8b69626f9de9c1daba2f2cae5cd6691251c0f5378738237f9475,2024-11,Sussex Police,Sussex Police,-0.118352,50.842306,On or near Natal Road,E01016909,Brighton and Hove 008E,Criminal damage and arson,Status update unavailable,
7c377db4b7478db48655db8c035a0bc6fbc9b503e0e7171024ee4a7750aa0dad,2024-11,Sussex Police,Sussex Police,-0.114113,50.845978,On or near Highway Close,E01016909,Brighton and Hove 008E,Drugs,Status update unavailable,
d245262dd963710dfe25e1e73b36c6a8b61310d3a6787e66be1ff47ae24564f1,2024-11,Sussex Police,Sussex Police,-0.116833,50.844053,On or near Southall Avenue,E01016909,Brighton and Hove 008E,Possession of weapons,Unable to prosecute suspect,
c0db8607219eb5b2b40cd3090dc540cac2c05af5e7e9d54da9c74554307e9585,2024-11,Sussex Police,Sussex Police,-0.115473,50.846063,On or near The Highway,E01016909,Brighton and Hove 008E,Public order,Investigation complete; no suspect identified,
de7669251743d4281a29456aaabb35e37654a6092af8f19e0bfd3a24711faa58,2024-11,Sussex Police,Sussex Police,-0.115473,50.846063,On or near The Highway,E01016909,Brighton and Hove 008E,Shoplifting,Investigation complete; no suspect identified,
6e6ee862ca8c5dcb80bff0bf8e337f7f2b7d5a90efa1b6a808bd7ac5e6d49556,2024-11,Sussex Police,Sussex Police,-0.118936,50.841209,On or near Redvers Road,E01016909,Brighton and Hove 008E,Vehicle crime,Investigation complete; no suspect identified,
c1dce7157af7a94ee834a5dcb256139f5ecb48019ad75330691ce77443471b35,2024-11,Sussex Police,Sussex Police,-0.115473,50.846063,On or near The Highway,E01016909,Brighton and Hove 008E,Violence and sexual offences,Local resolution,
60383ff1bdeb9bfffa10d3ef7d6b03f11c627f66ffba97f026f895e1cb4c33bc,2024-11,Sussex Police,Sussex Police,-0.115473,50.846063,On or near The Highway,E01016909,Brighton and Hove 008E,Violence and sexual offences,Investigation complete; no suspect identified,
f75e3141936bae3104996470beb736a4329b05d34496c9d3bd9297f5aa340064,2024-11,Sussex Police,Sussex Police,-0.118352,50.842306,On or near Natal Road,E01016909,Brighton and Hove 008E,Violence and sexual offences,Investigation complete; no suspect identified,
55df872c48a7fa864e29609c2bf61d794dd91af87a11454ef10ac288f09f3e0c,2024-11,Sussex Police,Sussex Police,-0.118352,50.842306,On or near Natal Road,E01016909,Brighton and Hove 008E,Violence and sexual offences,Unable to prosecute suspect,
c77e0134c277a6ba2bcf5bcf24cd0ef226a282afc2c9ab00ff447269709fafa1,2024-11,Sussex Police,Sussex Police,-0.115473,50.846063,On or near The Highway,E01016909,Brighton and Hove 008E,Violence and sexual offences,Unable to prosecute suspect,
45c2379b8834b23b0826996f3ed7fc917f0305c74abd3de534f15d44ed66299c,2024-11,Sussex Police,Sussex Police,-0.113172,50.847816,On or near Lewes Road,E01016909,Brighton and Hove 008E,Violence and sexual offences,Status update unavailable,
e00f172e600136b4e4df49af3277ea1b4181a105cd2ae3192050fc2a432a7752,2024-11,Sussex Police,Sussex Police,-0.116833,50.844053,On or near Southall Avenue,E01016909,Brighton and Hove 008E,Other crime,Status update unavailable,
2aeb49979df32b61c1847a8c41a8949fa734317133a3c92045736ed822ea77ee,2024-11,Sussex Police,Sussex Police,-0.090083,50.840281,On or near Walmer Crescent,E01016906,Brighton and Hove 009A,Burglary,Status update unavailable,
65e05f39a7b60678907fd5b0725c70ff99984f55eba26f93763130ffcd323242,2024-11,Sussex Police,Sussex Police,-0.096868,50.844907,On or near Kenilworth Close,E01016906,Brighton and Hove 009A,Criminal damage and arson,Investigation complete; no suspect identified,
47d380acd987bd2fc2f0fbfc10d776d01c6f84d0536b9ccf4cc26bd7c9ab759b,2024-11,Sussex Police,Sussex Police,-0.096868,50.844907,On or near Kenilworth Close,E01016906,Brighton and Hove 009A,Criminal damage and arson,Investigation complete; no suspect identified,
56519297568251e51436d2384f3be48c17b6fc8b5cf1be5f404ae45e20b85b24,2024-11,Sussex Police,Sussex Police,-0.091616,50.843769,On or near Bamford Close,E01016906,Brighton and Hove 009A,Drugs,Formal action is not in the public interest,
ce60b67e7fbc6dd2d464c977e0238812017c921767d05fff91b108dbd956cd8d,2024-11,Sussex Police,Sussex Police,-0.090469,50.838714,On or near Sports/Recreation Area,E01016906,Brighton and Hove 009A,Violence and sexual offences,Status update unavailable,
dab708f00818f27c42659f81140a540380e24e5ee13190b297020b83276f39c4,2024-11,Sussex Police,Sussex Police,-0.095658,50.842189,On or near Leybourne Close,E01016906,Brighton and Hove 009A,Violence and sexual offences,Unable to prosecute suspect,
5c43f42e5f36fa7525ae0bbabedf6fa5876095776077b9496f14c996300d8089,2024-11,Sussex Police,Sussex Police,-0.096868,50.844907,On or near Kenilworth Close,E01016906,Brighton and Hove 009A,Violence and sexual offences,Investigation complete; no suspect identified,
d302754023e332d3a7c6417e592c5a9b8458f042148ad8d248517b4cb2500ee2,2024-11,Sussex Police,Sussex Police,-0.095658,50.842189,On or near Leybourne Close,E01016906,Brighton and Hove 009A,Violence and sexual offences,Local resolution,
4644f9f48531d31b8d49f26aeab38b25a4c922fb4746a43fedcff7271d95f0f0,2024-11,Sussex Police,Sussex Police,-0.093370,50.841882,On or near Durham Close,E01016906,Brighton and Hove 009A,Violence and sexual offences,Unable to prosecute suspect,
67d2da824d461bade66e6197b840c719406dc6881d005cd63fd2ea88f33ccf8e,2024-11,Sussex Police,Sussex Police,-0.096868,50.844907,On or near Kenilworth Close,E01016906,Brighton and Hove 009A,Violence and sexual offences,Unable to prosecute suspect,
b8cfb5ec65ca5cfd0e4e725bab435389eefb89ba45d47d81f465e2acbfd27fc6,2024-11,Sussex Police,Sussex Police,-0.096868,50.844907,On or near Kenilworth Close,E01016906,Brighton and Hove 009A,Violence and sexual offences,Investigation complete; no suspect identified,
7f867c67d59069acc8c07afb40bbadff8c45c97573a0b3f9079f25ebdd17c752,2024-11,Sussex Police,Sussex Police,-0.108608,50.846870,On or near Nyetimber Hill,E01016907,Brighton and Hove 009B,Criminal damage and arson,Investigation complete; no suspect identified,
905650b18c0580bd0c33062a73172666e173bb2fb7681e1ebad047364eb1b5f2,2024-11,Sussex Police,Sussex Police,-0.111948,50.846114,On or near The Crescent,E01016907,Brighton and Hove 009B,Vehicle crime,Investigation complete; no suspect identified,
c66844378411a1cd07d7ffd5fb002b345f873685052311dff0bdd21364aa16ec,2024-11,Sussex Police,Sussex Police,-0.111948,50.846114,On or near The Crescent,E01016907,Brighton and Hove 009B,Violence and sexual offences,Court result unavailable,
8033a0b2b7657e1cf735e32eca413ae14dae47d383eea516e85e685024cd8ec6,2024-11,Sussex Police,Sussex Police,-0.106518,50.850073,On or near Hodshrove Road,E01016907,Brighton and Hove 009B,Violence and sexual offences,Investigation complete; no suspect identified,
,2024-11,Sussex Police,Sussex Police,-0.104720,50.849550,On or near Birdham Road,E01016908,Brighton and Hove 009C,Anti-social behaviour,,
5924c71369071ce3706245abfe41ce5652f112d3d91cd190625537ae52f24776,2024-11,Sussex Police,Sussex Police,-0.104022,50.852056,On or near Moulsecoomb Way,E01016908,Brighton and Hove 009C,Bicycle theft,Investigation complete; no suspect identified,
efdb8c9ec7b18b5f9bea38e6944baf47d8f1bc99a989c98ec19ffc7c5aa1c803,2024-11,Sussex Police,Sussex Police,-0.104022,50.852056,On or near Moulsecoomb Way,E01016908,Brighton and Hove 009C,Bicycle theft,Investigation complete; no suspect identified,
a494ab30244ed066bdd0185642a055a0b83b8fd8d3c24e3449b1f0b5b8b0309d,2024-11,Sussex Police,Sussex Police,-0.104274,50.851089,On or near Goodwood Way,E01016908,Brighton and Hove 009C,Criminal damage and arson,Investigation complete; no suspect identified,
b2b790aefb255873c3ea78344ad25000577e1f1754994bfe54b692e7fb8645be,2024-11,Sussex Police,Sussex Police,-0.108018,50.847391,On or near Beech Grove,E01016908,Brighton and Hove 009C,Criminal damage and arson,Unable to prosecute suspect,
7fc04dd320a134d173bd0017bcffb1aaea34f3240262e4f35ae1a431289ea9a9,2024-11,Sussex Police,Sussex Police,-0.104720,50.849550,On or near Birdham Road,E01016908,Brighton and Hove 009C,Drugs,Status update unavailable,
2d8d73a388bb2e37d4f775d4a4cbbc1aa7503209da016bfe7f42c4f9ccfc7e10,2024-11,Sussex Police,Sussex Police,-0.104022,50.852056,On or near Moulsecoomb Way,E01016908,Brighton and Hove 009C,Public order,Investigation complete; no suspect identified,
ec717059477a9bb9b9d2b5d450e7689e64bba312aab89c64375d472c1606f37f,2024-11,Sussex Police,Sussex Police,-0.108018,50.847391,On or near Beech Grove,E01016908,Brighton and Hove 009C,Other crime,Investigation complete; no suspect identified,
,2024-11,Sussex Police,Sussex Police,-0.108080,50.839208,On or near Ghyllside,E01016910,Brighton and Hove 009D,Anti-social behaviour,,
,2024-11,Sussex Police,Sussex Police,-0.111602,50.842736,On or near The Avenue,E01016910,Brighton and Hove 009D,Anti-social behaviour,,
,2024-11,Sussex Police,Sussex Police,-0.111602,50.842736,On or near The Avenue,E01016910,Brighton and Hove 009D,Anti-social behaviour,,
,2024-11,Sussex Police,Sussex Police,-0.104886,50.839165,On or near Dawlish Close,E01016910,Brighton and Hove 009D,Anti-social behaviour,,
021477a01051be581dfc3ac5c953285067e8c0e110d496003f0da1e613ee5a9f,2024-11,Sussex Police,Sussex Police,-0.106139,50.842243,On or near Lower Bevendean Avenue,E01016910,Brighton and Hove 009D,Burglary,Unable to prosecute suspect,
c0dcd9ec21aee27e8f6a07f8ba5a09c39e1b45bbbbaf0da5d2d8b422de887b09,2024-11,Sussex Police,Sussex Police,-0.105784,50.838379,On or near Torcross Close,E01016910,Brighton and Hove 009D,Criminal damage and arson,Unable to prosecute suspect,
8dc0dbcd5874f9444a6e3b916d53b50ea90fdc4acf47380a389a52e132e6652a,2024-11,Sussex Police,Sussex Police,-0.111602,50.842736,On or near The Avenue,E01016910,Brighton and Hove 009D,Public order,Status update unavailable,
e90a282f7540109fecb3a9864550b82980b35c9d75a61e04576d556f57c5c688,2024-11,Sussex Police,Sussex Police,-0.111602,50.842736,On or near The Avenue,E01016910,Brighton and Hove 009D,Public order,Investigation complete; no suspect identified,
5cc9f8dd538d79f19774f6e77c9cbe1811b73231090ca5b1d241c7d3cc68fa11,2024-11,Sussex Police,Sussex Police,-0.104886,50.839165,On or near Dawlish Close,E01016910,Brighton and Hove 009D,Violence and sexual offences,Court result unavailable,
f6369dd274b4252b06df42e5eb6ba852966015b39b2f9105d800812974dd2af3,2024-11,Sussex Police,Sussex Police,-0.105784,50.838379,On or near Torcross Close,E01016910,Brighton and Hove 009D,Violence and sexual offences,Action to be taken by another organisation,
774b58dae93af90e35719585dab7bde226756c34ddb25bc2306b6c8305958ec8,2024-11,Sussex Police,Sussex Police,-0.111602,50.842736,On or near The Avenue,E01016910,Brighton and Hove 009D,Violence and sexual offences,Investigation complete; no suspect identified,
,2024-11,Sussex Police,Sussex Police,-0.098498,50.841507,On or near Taunton Road,E01016911,Brighton and Hove 009E,Anti-social behaviour,,
,2024-11,Sussex Police,Sussex Police,-0.105000,50.840201,On or near Fitch Drive,E01016911,Brighton and Hove 009E,Anti-social behaviour,,
,2024-11,Sussex Police,Sussex Police,-0.105000,50.840201,On or near Fitch Drive,E01016911,Brighton and Hove 009E,Anti-social behaviour,,
0f5fc7bb203f45d24d2d63c1ae6ad91cb6ee92294b84e8304fb1aa570d845e3d,2024-11,Sussex Police,Sussex Police,-0.106576,50.842655,On or near Upper Bevendean Avenue,E01016911,Brighton and Hove 009E,Burglary,Status update unavailable,
9bbd13d6cae52cb4d0ad865f7cf8d76cb2822957e2134f61c968a54ec1fe5d39,2024-11,Sussex Police,Sussex Police,-0.098498,50.841507,On or near Taunton Road,E01016911,Brighton and Hove 009E,Criminal damage and arson,Investigation complete; no suspect identified,
ef069057a067d742ce1c2e99c5cdd5b6aacd68b3b1b6f59fadfd0b6aaee3d453,2024-11,Sussex Police,Sussex Police,-0.103085,50.841177,On or near Plymouth Avenue,E01016911,Brighton and Hove 009E,Criminal damage and arson,Investigation complete; no suspect identified,
c708b4900407aefbb2cfd2140c1b5e7403ed91047bb69abf246bc7f7f595fbe1,2024-11,Sussex Police,Sussex Police,-0.106576,50.842655,On or near Upper Bevendean Avenue,E01016911,Brighton and Hove 009E,Drugs,Local resolution,
b55290e6acebbce55a8d9a1b1b71055ad42252dde21348edff4a14f335c575fe,2024-11,Sussex Police,Sussex Police,-0.096618,50.840937,On or near Ludlow Rise,E01016911,Brighton and Hove 009E,Public order,Local resolution,
a45254ca2ab54c7206770b8653a985675002d1411a0158d312e2665dfd283120,2024-11,Sussex Police,Sussex Police,-0.103085,50.841177,On or near Plymouth Avenue,E01016911,Brighton and Hove 009E,Public order,Investigation complete; no suspect identified,
0dd76caf40efa9070f8a052daf0715899ba1e1e3491d9d58bf9641f7c2cd9ee5,2024-11,Sussex Police,Sussex Police,-0.100329,50.838056,On or near The Hyde,E01016911,Brighton and Hove 009E,Vehicle crime,Investigation complete; no suspect identified,
0cfba73942f03848922b0ddbb9f9cb1c2ead60e514ab2e1479ba843319e3495f,2024-11,Sussex Police,Sussex Police,-0.106576,50.842655,On or near Upper Bevendean Avenue,E01016911,Brighton and Hove 009E,Vehicle crime,Investigation complete; no suspect identified,
9a7c98d709db406d50c5d0be704f5f77ea0f691d263ea7e8f7dfb979b61218f7,2024-11,Sussex Police,Sussex Police,-0.103085,50.841177,On or near Plymouth Avenue,E01016911,Brighton and Hove 009E,Violence and sexual offences,Status update unavailable,
9576d767d99ecf730e23cab5e8609765cdab9bf22d9214a924945aece55a4429,2024-11,Sussex Police,Sussex Police,-0.100329,50.838056,On or near The Hyde,E01016911,Brighton and Hove 009E,Violence and sexual offences,Unable to prosecute suspect,
3f222048f5cd50b87d1dc1a6ee61605618b042b7eb108312018630ce103c6869,2024-11,Sussex Police,Sussex Police,-0.132619,50.846420,On or near Stanmer Villas,E01016901,Brighton and Hove 010A,Criminal damage and arson,Investigation complete; no suspect identified,
f7d77b278f71dce8c5512169fe4737324b7dc14ce9780899044c07a64dc999f3,2024-11,Sussex Police,Sussex Police,-0.131836,50.843251,On or near Adams Close,E01016901,Brighton and Hove 010A,Criminal damage and arson,Unable to prosecute suspect,
3a327ec59d2854e957044bc32877f774285474ce4280c6e06e4301583d9949b3,2024-11,Sussex Police,Sussex Police,-0.131325,50.843953,On or near Hollingdean Terrace,E01016901,Brighton and Hove 010A,Drugs,Investigation complete; no suspect identified,
958fa2c02d8ad0ae29ba000b5dcac09caf8cbf8013c1231c970b2962d0c71d1f,2024-11,Sussex Police,Sussex Police,-0.132989,50.846390,On or near Stanmer Street,E01016901,Brighton and Hove 010A,Vehicle crime,Investigation complete; no suspect identified,
96c89cc771fc93f1ced64ef775d65cbfad0ba622e15da4ae675dcf64b25ca5ae,2024-11,Sussex Police,Sussex Police,-0.129758,50.842291,On or near Dudley Road,E01016901,Brighton and Hove 010A,Violence and sexual offences,Status update unavailable,
0755fa8952d326ee2702b36542fd4d3b779e1ec26640464ced4f0a1e137d2c86,2024-11,Sussex Police,Sussex Police,-0.134038,50.847531,On or near Hollingbury Rise West,E01016903,Brighton and Hove 010B,Criminal damage and arson,Investigation complete; no suspect identified,
69b4bea9ec0b307438e940e96c2903eb776f8cb33777e3c45b3f89ae693fe060,2024-11,Sussex Police,Sussex Police,-0.132702,50.842194,On or near Hollingbury Road,E01016903,Brighton and Hove 010B,Other theft,Unable to prosecute suspect,
7441b04d6f7a74019dc728556a3956dfa3a5eff6ecc7b832d41d82d59c1a17e6,2024-11,Sussex Police,Sussex Police,-0.134306,50.844001,On or near Hollingbury Terrace,E01016903,Brighton and Hove 010B,Shoplifting,Investigation complete; no suspect identified,
77bab2789a570bcf91e53b4142bd70203bb01cd9b292455826392e236cdda903,2024-11,Sussex Police,Sussex Police,-0.133160,50.845331,On or near Stanmer Park Road,E01016903,Brighton and Hove 010B,Vehicle crime,Investigation complete; no suspect identified,
870f12937e4a4305a38714a641ef7a361ecdb113dbb573e39095d46ea9b6598d,2024-11,Sussex Police,Sussex Police,-0.133160,50.845331,On or near Stanmer Park Road,E01016903,Brighton and Hove 010B,Vehicle crime,Court result unavailable,
3ed413d87db7d10ad0243af726f79254fec1956c553bf06a777ad987ee9f0f7c,2024-11,Sussex Police,Sussex Police,-0.138403,50.842438,On or near Cleveland Road,E01016934,Brighton and Hove 010C,Vehicle crime,Investigation complete; no suspect identified,
9d2aeee59c53b8c08026518b6b77c4c42b7cd386bd8f72d9cb2c2d0a6120cf62,2024-11,Sussex Police,Sussex Police,-0.135742,50.846110,On or near Dover Road,E01016939,Brighton and Hove 010D,Burglary,Unable to prosecute suspect,
,2024-11,Sussex Police,Sussex Police,-0.143235,50.844152,On or near Preston Drove,E01016940,Brighton and Hove 010E,Anti-social behaviour,,
8454c9ea3373dffa45f95f2af4028f0985cd7a659eeab06ad72c91daf16f878d,2024-11,Sussex Police,Sussex Police,-0.139321,50.845430,On or near Lowther Road,E01016940,Brighton and Hove 010E,Bicycle theft,Investigation complete; no suspect identified,
352113b501bbae16744a9d7c3c827023551eb6ad12eeb6017a41588737e19ab7,2024-11,Sussex Police,Sussex Police,-0.139321,50.845430,On or near Lowther Road,E01016940,Brighton and Hove 010E,Criminal damage and arson,Investigation complete; no suspect identified,
,2024-11,Sussex Police,Sussex Police,-0.151262,50.834072,On or near Further/Higher Educational Building,E01016981,Brighton and Hove 011A,Anti-social behaviour,,
d714d6365b819050b0b29500f35d5a4e0114ac84547bc6b6b472ae964ac1b69f,2024-11,Sussex Police,Sussex Police,-0.157993,50.839485,On or near Fulmar Close,E01016981,Brighton and Hove 011A,Burglary,Investigation complete; no suspect identified,
b0625f6b1f3b58e8a8c34c5d9dd42c39022b3be7449ae14a9b145cb0523d3b24,2024-11,Sussex Police,Sussex Police,-0.155000,50.837935,On or near Dyke Road,E01016981,Brighton and Hove 011A,Criminal damage and arson,Unable to prosecute suspect,
cd29b6301a1a47338987f12cdc8e5b75dee21b25fa8523db2e53f4f8aa86ca86,2024-11,Sussex Police,Sussex Police,-0.155020,50.838152,On or near Petrol Station,E01016981,Brighton and Hove 011A,Criminal damage and arson,Unable to prosecute suspect,
b4d7e7e2017e126deb9e867de9727819b002d9b834a620cf8be99e42924db22a,2024-11,Sussex Police,Sussex Police,-0.155000,50.837935,On or near Dyke Road,E01016981,Brighton and Hove 011A,Criminal damage and arson,Investigation complete; no suspect identified,
034e341271020089cf1b6cb354875832e34bc604759cfeef2f7663ca76bdf9f9,2024-11,Sussex Police,Sussex Police,-0.162812,50.838652,On or near Lloyd Close,E01016981,Brighton and Hove 011A,Other theft,Investigation complete; no suspect identified,
3608a2a69986416342cd3a190b0265e64d4c9173f570cc2b90b6df77c82ece7a,2024-11,Sussex Police,Sussex Police,-0.165930,50.837370,On or near A270,E01016981,Brighton and Hove 011A,Other theft,Investigation complete; no suspect identified,
10ccdd8f3f2c7729ee2a944e64d5873a88b6f5fc7af41ef92facfefd1669aad7,2024-11,Sussex Police,Sussex Police,-0.165930,50.837370,On or near A270,E01016981,Brighton and Hove 011A,Other theft,Status update unavailable,
110c220e418b826f6c713954f98cad2ae2c5cee7a5dd56ab45e242844d7f2ab2,2024-11,Sussex Police,Sussex Police,-0.155020,50.838152,On or near Petrol Station,E01016981,Brighton and Hove 011A,Shoplifting,Investigation complete; no suspect identified,
1496677f36bad954c2bccd50afc4506e6c0b64a00c0fd5ff85cbf7f9c0fc067b,2024-11,Sussex Police,Sussex Police,-0.156463,50.839757,On or near Wincombe Road,E01016981,Brighton and Hove 011A,Violence and sexual offences,Status update unavailable,
56366dcf1b8297f25770c549cbd223d427d919eb19d042775d204801ca66140d,2024-11,Sussex Police,Sussex Police,-0.158266,50.838329,On or near Kestrel Close,E01016981,Brighton and Hove 011A,Violence and sexual offences,Investigation complete; no suspect identified,
b41cb95edfd835d38654766d6009ec3309ed1d6b6bd753ca92212f881c4922d8,2024-11,Sussex Police,Sussex Police,-0.156463,50.839757,On or near Wincombe Road,E01016981,Brighton and Hove 011A,Other crime,Investigation complete; no suspect identified,
958427f1492c55bfd48ad376a1ac24317e60c29f99cbe7ae20a38f066f7771d9,2024-11,Sussex Police,Sussex Police,-0.167408,50.843509,On or near Stanford Close,E01016981,Brighton and Hove 011A,Other crime,Investigation complete; no suspect identified,
c5de56b6bf3e7de17b747dde3e03872fb3ab157175352ebe23ae45791ca8784c,2024-11,Sussex Police,Sussex Police,-0.156079,50.845165,On or near Woodside Avenue,E01017002,Brighton and Hove 011B,Criminal damage and arson,Investigation complete; no suspect identified,
09a8b07b50ab82dd42dd3e059f0b29d18dc532957cc1f7bfc8ff93be14007430,2024-11,Sussex Police,Sussex Police,-0.156079,50.845165,On or near Woodside Avenue,E01017002,Brighton and Hove 011B,Vehicle crime,Investigation complete; no suspect identified,
5451187f64ef7b15ea767c052d198effe0aaf51dfb4f6ce0b6b28ed4462b7059,2024-11,Sussex Police,Sussex Police,-0.164125,50.852622,On or near Wayland Avenue,E01017002,Brighton and Hove 011B,Vehicle crime,Status update unavailable,
262bcac4a552cbdafe3fda2853569f8c06df527c06d92ce6cf7b1dffec071204,2024-11,Sussex Police,Sussex Police,-0.147084,50.844897,On or near Harrington Villas,E01017004,Brighton and Hove 011C,Burglary,Investigation complete; no suspect identified,
c3b2c086d2aebfff798fdddf335ff2555841959a25cca268c5c2e980519d38f2,2024-11,Sussex Police,Sussex Police,-0.147084,50.844897,On or near Harrington Villas,E01017004,Brighton and Hove 011C,Burglary,Investigation complete; no suspect identified,
e1e13d51800314ebc626c3e937dd4fb8e6854ed8c9e9809481578dc4a2a705eb,2024-11,Sussex Police,Sussex Police,-0.144629,50.844822,On or near Herbert Road,E01017004,Brighton and Hove 011C,Vehicle crime,Investigation complete; no suspect identified,
bae0840cd6a3d3ef8e7467fd5de7682e0d4bccf0065937a240a9ec61a7982959,2024-11,Sussex Police,Sussex Police,-0.152711,50.844851,On or near Cumberland Drive,E01017004,Brighton and Hove 011C,Violence and sexual offences,Court result unavailable,
a529b905f70ba89e3b55cc87dc128b4426d1906a4316fa03ab66382ccf949d61,2024-11,Sussex Police,Sussex Police,-0.158157,50.843624,On or near Matlock Road,E01017005,Brighton and Hove 011D,Public order,Investigation complete; no suspect identified,
be79ff64674c9eb751eefcc9f0159b78df2b7dffd5d37047e134d9dcfe5c5e53,2024-11,Sussex Police,Sussex Police,-0.154897,50.845956,On or near Parking Area,E01017006,Brighton and Hove 011E,Public order,Unable to prosecute suspect,
48005ffb34f82d3fa082a3c674891fe4192136cc1f106b0570c21095d3d1f7ac,2024-11,Sussex Police,Sussex Police,-0.152193,50.843575,On or near Lauriston Road,E01017006,Brighton and Hove 011E,Shoplifting,Investigation complete; no suspect identified,
476f8ce76005299221229a866d54cf9cf28211488869882dc9f9ca7986e7d651,2024-11,Sussex Police,Sussex Police,-0.153456,50.846131,On or near Clermont Road,E01017006,Brighton and Hove 011E,Vehicle crime,Investigation complete; no suspect identified,
a9bc27ce4d7c1e035b9ddaa12afe59699605560dac0403cb795f65863b43eb6a,2024-11,Sussex Police,Sussex Police,-0.152193,50.843575,On or near Lauriston Road,E01017006,Brighton and Hove 011E,Vehicle crime,Investigation complete; no suspect identified,
c378522032af212f1583ac4add7d90ce8b15da200a53b88003da15c5dcd2cb51,2024-11,Sussex Police,Sussex Police,-0.155070,50.843369,On or near Robertson Road,E01017006,Brighton and Hove 011E,Vehicle crime,Investigation complete; no suspect identified,
3e2dfced47fa04e68a0bd1036327171775e4e34a53a992af90bb9f94b981134f,2024-11,Sussex Police,Sussex Police,-0.155564,50.842729,On or near Scarborough Road,E01017006,Brighton and Hove 011E,Violence and sexual offences,Unable to prosecute suspect,
2a1035e03fe10ec858dfa65ff37b53de520f58eec881fece6602753630f084a2,2024-11,Sussex Police,Sussex Police,-0.156067,50.842224,On or near The Drove,E01017006,Brighton and Hove 011E,Violence and sexual offences,Action to be taken by another organisation,
fdbb09770be74a279e01ef93b3adc0e81087dacc066d5bfa90e26a6ae67e204d,2024-11,Sussex Police,Sussex Police,-0.156067,50.842224,On or near The Drove,E01017006,Brighton and Hove 011E,Violence and sexual offences,Action to be taken by another organisation,
4120e6b316c32e4a9ff2ea5e4b1e677031935b28052fa0c35e46c02efc8f9594,2024-11,Sussex Police,Sussex Police,-0.156067,50.842224,On or near The Drove,E01017006,Brighton and Hove 011E,Violence and sexual offences,Unable to prosecute suspect,
,2024-11,Sussex Police,Sussex Police,-0.229055,50.849911,On or near Hillbank Close,E01016921,Brighton and Hove 012A,Anti-social behaviour,,
,2024-11,Sussex Police,Sussex Police,-0.225779,50.847874,On or near Wickhurst Road,E01016921,Brighton and Hove 012A,Anti-social behaviour,,
,2024-11,Sussex Police,Sussex Police,-0.224419,50.845542,On or near Stonery Road,E01016921,Brighton and Hove 012A,Anti-social behaviour,,
,2024-11,Sussex Police,Sussex Police,-0.223501,50.845789,On or near Drove Crescent,E01016921,Brighton and Hove 012A,Anti-social behaviour,,
,2024-11,Sussex Police,Sussex Police,-0.224419,50.845542,On or near Stonery Road,E01016921,Brighton and Hove 012A,Anti-social behaviour,,
8ed8293f677d49168e75aee97c7c845d41ee5bad67fb6a6f2d3745fe0f9594bb,2024-11,Sussex Police,Sussex Police,-0.227115,50.845259,On or near Lodge Close,E01016921,Brighton and Hove 012A,Burglary,Unable to prosecute suspect,
c2773dbc92feb2fe3d7b1a07a6e3607f756b07f8588abf6538ac8fbcdb3c9aa7,2024-11,Sussex Police,Sussex Police,-0.226309,50.847783,On or near Wickhurst Close,E01016921,Brighton and Hove 012A,Burglary,Unable to prosecute suspect,
5e4b84cd085d69d6bba3411324bf51c621d8f40c43aeeb89a51ae1f9b583c00f,2024-11,Sussex Police,Sussex Police,-0.228140,50.847802,On or near Hillcroft,E01016921,Brighton and Hove 012A,Other theft,Investigation complete; no suspect identified,
81d40bad47ba95d6465fca1f451b4222e29a74329f097e35c205366931827428,2024-11,Sussex Police,Sussex Police,-0.228511,50.847007,On or near Monarchs View,E01016921,Brighton and Hove 012A,Vehicle crime,Investigation complete; no suspect identified,
19bf0a5ec531dcedbfb7018d247f107946329f679da3ce77f1f154f3db0a6fdf,2024-11,Sussex Police,Sussex Police,-0.224419,50.845542,On or near Stonery Road,E01016921,Brighton and Hove 012A,Violence and sexual offences,Unable to prosecute suspect,
74340efa758821932900e1b5b2b21ede0005ab9f98544eceb324a1aa1a51c3d8,2024-11,Sussex Police,Sussex Police,-0.224872,50.845216,On or near Downland Court,E01016921,Brighton and Hove 012A,Violence and sexual offences,Status update unavailable,
33a6f18ef13cbcea500cd32ba48be23fea372dc800131d193638a7d86082bd49,2024-11,Sussex Police,Sussex Police,-0.223501,50.845789,On or near Drove Crescent,E01016921,Brighton and Hove 012A,Violence and sexual offences,Investigation complete; no suspect identified,
abb9aa0ccdf3f2bd67838fb3e9d9235688dd2066ddf1926835c20ae679d4fbe2,2024-11,Sussex Police,Sussex Police,-0.224872,50.845216,On or near Downland Court,E01016921,Brighton and Hove 012A,Violence and sexual offences,Unable to prosecute suspect,
ad5091aea2146e767f2ded8c32aa03a2c055e2c34042179b1b7afedc1f83e3b4,2024-11,Sussex Police,Sussex Police,-0.229055,50.849911,On or near Hillbank Close,E01016921,Brighton and Hove 012A,Violence and sexual offences,Unable to prosecute suspect,
48b6e9f02595646e27f45260936b1255e27fc126f768cc31657909ce7c124d40,2024-11,Sussex Police,Sussex Police,-0.229055,50.849911,On or near Hillbank Close,E01016921,Brighton and Hove 012A,Violence and sexual offences,Unable to prosecute suspect,
c7828754354b72a660b44d9bad6ff82eb53cfc9b334c7d85372ee843279dd0d9,2024-11,Sussex Police,Sussex Police,-0.223501,50.845789,On or near Drove Crescent,E01016921,Brighton and Hove 012A,Other crime,Unable to prosecute suspect,
b4b70dc9880e0af0ae574e77a98b4de1b01ce757c8fc5ff63b5c2cbc89c1365e,2024-11,Sussex Police,Sussex Police,-0.224872,50.845216,On or near Downland Court,E01016921,Brighton and Hove 012A,Other crime,Further investigation is not in the public interest,
,2024-11,Sussex Police,Sussex Police,-0.224455,50.847584,On or near Stonery Close,E01016922,Brighton and Hove 012B,Anti-social behaviour,,
2929542b73c700871723f6d44910a57735f5323f99eae57b758d8b97af26cac7,2024-11,Sussex Police,Sussex Police,-0.221009,50.844455,On or near North Close,E01016922,Brighton and Hove 012B,Violence and sexual offences,Unable to prosecute suspect,
e540aea9dc8c803ec296b8ea6cfd768d615babf5e8f959e8d5a9a67780ab8c46,2024-11,Sussex Police,Sussex Police,-0.221009,50.844455,On or near North Close,E01016922,Brighton and Hove 012B,Violence and sexual offences,Unable to prosecute suspect,
3928317420bade32bdd410ad67899a75472dec18efd28f38fc719861ce0e8385,2024-11,Sussex Police,Sussex Police,-0.218911,50.836114,On or near Barnes Road,E01016973,Brighton and Hove 012C,Drugs,Court result unavailable,
2527bb6bdb1634d9d454f66eeb90715ad3c158a321ffdbd9daae1fcd8aaa1825,2024-11,Sussex Police,Sussex Police,-0.219544,50.838525,On or near Freemans Road,E01016973,Brighton and Hove 012C,Other theft,Investigation complete; no suspect identified,
944d02f87d0f16d33ee378c031f68ed7c8f6f3561ea1ac09923e782c6cab7a26,2024-11,Sussex Police,Sussex Police,-0.223080,50.841528,On or near Maplehurst Road,E01016973,Brighton and Hove 012C,Vehicle crime,Investigation complete; no suspect identified,
3e64cfa4d363ae3b1c58ed299956e5abe9d2d4f950e5ba2b20ad84e5e7583458,2024-11,Sussex Police,Sussex Police,-0.219544,50.838525,On or near Freemans Road,E01016973,Brighton and Hove 012C,Violence and sexual offences,Status update unavailable,
6ccea3512f67036044878b367e5d1e0a59ea7d2475ca5a4be6a52befd5947890,2024-11,Sussex Police,Sussex Police,-0.222347,50.842875,On or near High Close,E01016973,Brighton and Hove 012C,Violence and sexual offences,Action to be taken by another organisation,
1a94b43fdb0e7ea9fca6912f575df8aedad0963e62679972a7d385a0b2a57181,2024-11,Sussex Police,Sussex Police,-0.220015,50.837354,On or near Wolseley Road,E01016973,Brighton and Hove 012C,Violence and sexual offences,Unable to prosecute suspect,
f95057ddb8e3e6507f02a6ae7ea24448dc67936080c29e3501674393d2cda41c,2024-11,Sussex Police,Sussex Police,-0.220112,50.842994,On or near South Street,E01016977,Brighton and Hove 012D,Criminal damage and arson,Investigation complete; no suspect identified,
6181b6ca7261136f8ed235b72ba88fe88ec66d2564b2301ed58e5902cf2f5ddd,2024-11,Sussex Police,Sussex Police,-0.214092,50.844044,On or near Lucerne Close,E01016977,Brighton and Hove 012D,Criminal damage and arson,Investigation complete; no suspect identified,
8dd28ec0c517778b5bea252442fed89da2e7dad1c20da173fe0ea5e39519eecc,2024-11,Sussex Police,Sussex Police,-0.217029,50.843405,On or near Manor Road,E01016977,Brighton and Hove 012D,Criminal damage and arson,Investigation complete; no suspect identified,
0b7d99e20a98981b0083a528a8bbfb855918fa69189edb5f43a9e181141f0c99,2024-11,Sussex Police,Sussex Police,-0.217029,50.843405,On or near Manor Road,E01016977,Brighton and Hove 012D,Other theft,Investigation complete; no suspect identified,
4a45c611761c48b7e03764264b9658c400967e6669edc72323ad153799390eee,2024-11,Sussex Police,Sussex Police,-0.219515,50.841906,On or near Parking Area,E01016977,Brighton and Hove 012D,Other theft,Investigation complete; no suspect identified,
40855266ab60ba4d0b17d4178cb7b8c5683a367cfe59a72ab043ae9cbd5c603b,2024-11,Sussex Police,Sussex Police,-0.211399,50.843526,On or near Mill Lane,E01016977,Brighton and Hove 012D,Public order,Unable to prosecute suspect,
53591adb93a2da9cdb1c378e880c218fb089eaf003462aaf67f355847bab95ce,2024-11,Sussex Police,Sussex Police,-0.220709,50.843003,On or near High Street,E01016977,Brighton and Hove 012D,Violence and sexual offences,Unable to prosecute suspect,
6ef50d2116273be27741aa9a2b25df5e354f05777238dab5908acd677a0fe376,2024-11,Sussex Police,Sussex Police,-0.220709,50.843003,On or near High Street,E01016977,Brighton and Hove 012D,Violence and sexual offences,Unable to prosecute suspect,
,2024-11,Sussex Police,Sussex Police,-0.214649,50.839511,On or near George Williams Mews,E01016978,Brighton and Hove 012E,Anti-social behaviour,,
7d5be129b1b80995936e773e42530d7754be4d67c8c5a923d3c5bb382dc9af37,2024-11,Sussex Police,Sussex Police,-0.215604,50.837178,On or near Parking Area,E01016978,Brighton and Hove 012E,Criminal damage and arson,Local resolution,
6b03cc36f7cde39b9adc93ec9f0c2f0e689015177736bbbe341d241b94d4aa9d,2024-11,Sussex Police,Sussex Police,-0.214649,50.839511,On or near George Williams Mews,E01016978,Brighton and Hove 012E,Criminal damage and arson,Unable to prosecute suspect,
2f09ef4a10ebf30d7ef43945859795eebdbb726575f1a5a66a8ba4f891741a8c,2024-11,Sussex Police,Sussex Police,-0.215865,50.837425,On or near Beaconsfield Road,E01016978,Brighton and Hove 012E,Criminal damage and arson,Unable to prosecute suspect,
3a7b0e0ec589c29982472406dea9d744852a8219b7672f51b042cea40a2e26d4,2024-11,Sussex Police,Sussex Police,-0.214649,50.839511,On or near George Williams Mews,E01016978,Brighton and Hove 012E,Other theft,Investigation complete; no suspect identified,
e68b80503401b72666df6f25e4d9bdb353699631637250f25d94698aa3e256e8,2024-11,Sussex Police,Sussex Police,-0.214649,50.839511,On or near George Williams Mews,E01016978,Brighton and Hove 012E,Public order,Unable to prosecute suspect,
966167a0ea5968f58e7a97ffa4b438fd0d2afb2f165d946355a313810b2c7261,2024-11,Sussex Police,Sussex Police,-0.214649,50.839511,On or near George Williams Mews,E01016978,Brighton and Hove 012E,Public order,Unable to prosecute suspect,
7d84f604a361ae232d2718c45950ff8c75091dd1623008725c2b177b5fdd2190,2024-11,Sussex Police,Sussex Police,-0.214649,50.839511,On or near George Williams Mews,E01016978,Brighton and Hove 012E,Public order,Unable to prosecute suspect,
dd6e3277354a8262cd961f47de89903299e3d675c2a4ef871cefc7ad2b791285,2024-11,Sussex Police,Sussex Police,-0.214649,50.839511,On or near George Williams Mews,E01016978,Brighton and Hove 012E,Public order,Investigation complete; no suspect identified,
709b3abb9d5f1389bb6bbef6fa105c58dda4a20ae3d10ed93fd9ac031840678c,2024-11,Sussex Police,Sussex Police,-0.214649,50.839511,On or near George Williams Mews,E01016978,Brighton and Hove 012E,Theft from the person,Unable to prosecute suspect,
d629f91969701be4b2a84f8781a441d1233dba31d45236da72086b01e07c1540,2024-11,Sussex Police,Sussex Police,-0.212856,50.838845,On or near Romany Close,E01016978,Brighton and Hove 012E,Violence and sexual offences,Investigation complete; no suspect identified,
9fb86a0125c4b2d1fc3cc8f19bb7d660aa82f5239f8b5348651bb0a7004f92b1,2024-11,Sussex Police,Sussex Police,-0.218545,50.837169,On or near Abinger Road,E01016978,Brighton and Hove 012E,Violence and sexual offences,Court result unavailable,
915dc582b901d1fae859bb6445bdaff9a21283565a3d543d9eb278a557101ed8,2024-11,Sussex Police,Sussex Police,-0.218545,50.837169,On or near Abinger Road,E01016978,Brighton and Hove 012E,Violence and sexual offences,Court result unavailable,
af9f7e2dcf0500ef6314efebce140bf868b49a2c047eab4fbe608c472d29d5e2,2024-11,Sussex Police,Sussex Police,-0.217714,50.837345,On or near Hurst Crescent,E01016978,Brighton and Hove 012E,Violence and sexual offences,Status update unavailable,
eee9e44569ff483b9203619b4c41aff5e0a745e9b6bca0fd478dd48c4d853eea,2024-11,Sussex Police,Sussex Police,-0.218545,50.837169,On or near Abinger Road,E01016978,Brighton and Hove 012E,Violence and sexual offences,Unable to prosecute suspect,
bc17a9244cdbb949d6f1153b89fe3b3654f050d72c2070ec769e0848d609495f,2024-11,Sussex Police,Sussex Police,-0.212856,50.838845,On or near Romany Close,E01016978,Brighton and Hove 012E,Violence and sexual offences,Investigation complete; no suspect identified,
a7814b1d744f6defbd90591305311e769ddcbfbef286ca8c77a82e412b185beb,2024-11,Sussex Police,Sussex Police,-0.212856,50.838845,On or near Romany Close,E01016978,Brighton and Hove 012E,Violence and sexual offences,Unable to prosecute suspect,
8d495d85e3bf576361d0ee7b2f5e4af982d8a21fb3b196d191cc2bbe37ca80c9,2024-11,Sussex Police,Sussex Police,-0.214649,50.839511,On or near George Williams Mews,E01016978,Brighton and Hove 012E,Violence and sexual offences,Unable to prosecute suspect,
556205c1751ccda993f1e9c277ddd6b5dd40df96ace32be17d411dd24e7b1418,2024-11,Sussex Police,Sussex Police,-0.214649,50.839511,On or near George Williams Mews,E01016978,Brighton and Hove 012E,Violence and sexual offences,Unable to prosecute suspect,
24954c95424801da18ec750ccfc282d115088d501c1a0c5c53ef31a863403ed9,2024-11,Sussex Police,Sussex Police,-0.217714,50.837345,On or near Hurst Crescent,E01016978,Brighton and Hove 012E,Violence and sexual offences,Unable to prosecute suspect,
116661f5e15390246b09fc978663a100ee3f2eda73a04757ffb012f80b90f46f,2024-11,Sussex Police,Sussex Police,-0.217771,50.835862,On or near Supermarket,E01016978,Brighton and Hove 012E,Violence and sexual offences,Unable to prosecute suspect,
8f7b7e9af76eb82c8c22402273e9e733cba6945feff62bce92b4b892559f2a09,2024-11,Sussex Police,Sussex Police,-0.214649,50.839511,On or near George Williams Mews,E01016978,Brighton and Hove 012E,Violence and sexual offences,Status update unavailable,
48ca55c2fa28e2aa8c3088e6c651d898bed128d44d4726e26f866c2ca151c575,2024-11,Sussex Police,Sussex Police,-0.216358,50.836416,On or near Trafalgar Road,E01016978,Brighton and Hove 012E,Violence and sexual offences,Offender given a caution,
604e74a94b239b3f82fb9be6bde167c9cb4b20225e169abbd3c64e150ff90979,2024-11,Sussex Police,Sussex Police,-0.217714,50.837345,On or near Hurst Crescent,E01016978,Brighton and Hove 012E,Other crime,Status update unavailable,
,2024-11,Sussex Police,Sussex Police,-0.197168,50.841204,On or near Sports/Recreation Area,E01016879,Brighton and Hove 013A,Anti-social behaviour,,
f710e7cac131125abcd0b475be95cef66e6e90b13fe049608717ced5c86c16c1,2024-11,Sussex Police,Sussex Police,-0.189890,50.843239,On or near Marshall Way,E01016879,Brighton and Hove 013A,Criminal damage and arson,Investigation complete; no suspect identified,
f47193c5f5d275386344731e6391f5b279ddf2ae7468af41b092947ce154d70c,2024-11,Sussex Police,Sussex Police,-0.189890,50.843239,On or near Marshall Way,E01016879,Brighton and Hove 013A,Criminal damage and arson,Investigation complete; no suspect identified,
a73e0327a8fbc0189f41a7271d7f41054f75cbadaa35ffce535c23abc42848bb,2024-11,Sussex Police,Sussex Police,-0.189890,50.843239,On or near Marshall Way,E01016879,Brighton and Hove 013A,Public order,Unable to prosecute suspect,
dabb35499a3df5a1c4b6e49c3c1e06b1b8c9f2d0a1a9a6d0f111af0d5b016805,2024-11,Sussex Police,Sussex Police,-0.189890,50.843239,On or near Marshall Way,E01016879,Brighton and Hove 013A,Public order,Status update unavailable,
85c5480aab8136d263ab5a830c115b5acb1b6d3210c3225095ad88da9bc60f76,2024-11,Sussex Police,Sussex Police,-0.189890,50.843239,On or near Marshall Way,E01016879,Brighton and Hove 013A,Violence and sexual offences,Unable to prosecute suspect,
c483d1734a3411dcc7e5107dc64389f199e26362fce1c73da9be0926c025dec9,2024-11,Sussex Police,Sussex Police,-0.197168,50.841204,On or near Sports/Recreation Area,E01016879,Brighton and Hove 013A,Violence and sexual offences,Investigation complete; no suspect identified,
545d747d495405503f9bfac6da8de4eafc5de18b967f8d6302c4635c610b073b,2024-11,Sussex Police,Sussex Police,-0.189890,50.843239,On or near Marshall Way,E01016879,Brighton and Hove 013A,Violence and sexual offences,Unable to prosecute suspect,
73dc95ff41787875a37953c3677ae75f8809e85fdc3dc14819b02079385d8bb5,2024-11,Sussex Police,Sussex Police,-0.189890,50.843239,On or near Marshall Way,E01016879,Brighton and Hove 013A,Violence and sexual offences,Unable to prosecute suspect,
1cf0da996d995bd884629ea3535ba901a47dfa5d1620e0b77f72ac7ec7bff965,2024-11,Sussex Police,Sussex Police,-0.189890,50.843239,On or near Marshall Way,E01016879,Brighton and Hove 013A,Violence and sexual offences,Unable to prosecute suspect,
f303aae9e492e86a53577b0fed81bff4883a314640e4ba838b0239dc137254c0,2024-11,Sussex Police,Sussex Police,-0.189890,50.843239,On or near Marshall Way,E01016879,Brighton and Hove 013A,Violence and sexual offences,Unable to prosecute suspect,
2039bb1f761d69db7dfa76232a7b629ea33ae53e0b12590d85ef8c03a18d8ca1,2024-11,Sussex Police,Sussex Police,-0.192595,50.841995,On or near Laburnum Avenue,E01016879,Brighton and Hove 013A,Violence and sexual offences,Unable to prosecute suspect,
509bceaa42d86d1ea0c821f8ed1f86298218a25b0010475cf848bf0de2fb49ce,2024-11,Sussex Police,Sussex Police,-0.189890,50.843239,On or near Marshall Way,E01016879,Brighton and Hove 013A,Violence and sexual offences,Unable to prosecute suspect,
02010d126909dd15239632a0268fde030fefce8722f5ed0b9e6b20641a416e17,2024-11,Sussex Police,Sussex Police,-0.189890,50.843239,On or near Marshall Way,E01016879,Brighton and Hove 013A,Violence and sexual offences,Unable to prosecute suspect,
9b98fcd8be690a2a02d060b16399b30c097dad9cd4cbf0c0394c99e7d1a8fbc5,2024-11,Sussex Police,Sussex Police,-0.189890,50.843239,On or near Marshall Way,E01016879,Brighton and Hove 013A,Violence and sexual offences,Unable to prosecute suspect,
73815d28556ab3eff65ef0991cbe80e887ac0a6b8d56ae11a789af92be4da008,2024-11,Sussex Police,Sussex Police,-0.189890,50.843239,On or near Marshall Way,E01016879,Brighton and Hove 013A,Violence and sexual offences,Unable to prosecute suspect,
8fc0f80470a1c49e58cdc1010116a9c069b6065ebde3903299525b2e33e7ebb1,2024-11,Sussex Police,Sussex Police,-0.189890,50.843239,On or near Marshall Way,E01016879,Brighton and Hove 013A,Violence and sexual offences,Unable to prosecute suspect,
c42b3b3f6be477f243406d9c05aac87cbb41837c4971ccfa89c2805dc795b874,2024-11,Sussex Police,Sussex Police,-0.189890,50.843239,On or near Marshall Way,E01016879,Brighton and Hove 013A,Other crime,Status update unavailable,
,2024-11,Sussex Police,Sussex Police,-0.199978,50.842056,On or near Martin Road,E01016880,Brighton and Hove 013B,Anti-social behaviour,,
c6a7e0d281de4c2d6a513004b2e4e3a1d1cecda53de05e75df9bd08ac5d2bea7,2024-11,Sussex Police,Sussex Police,-0.200774,50.839109,On or near Bellingham Crescent,E01016880,Brighton and Hove 013B,Criminal damage and arson,Unable to prosecute suspect,
db226d9bde097ef68d8921ffc7bd09b52c15cc98626840a1596d296c3533f63a,2024-11,Sussex Police,Sussex Police,-0.200265,50.840882,On or near Egmont Road,E01016880,Brighton and Hove 013B,Drugs,Local resolution,
b177143ca7c080bda81326ea0f1c8189ec3aadf13e97a53cb75139e30defc2cb,2024-11,Sussex Police,Sussex Police,-0.199257,50.840506,On or near Wilfrid Road,E01016880,Brighton and Hove 013B,Violence and sexual offences,Unable to prosecute suspect,
e65baa6bebb1c45dfb53ca8ce72bdf8d9131025cd3fedc6b449100b0462f5c3a,2024-11,Sussex Police,Sussex Police,-0.201153,50.841426,On or near Godwin Road,E01016880,Brighton and Hove 013B,Violence and sexual offences,Investigation complete; no suspect identified,
f91f5d970277ef30a53c47d26351102442aada036dfff8713b5e8509c8d6546c,2024-11,Sussex Police,Sussex Police,-0.200265,50.840882,On or near Egmont Road,E01016880,Brighton and Hove 013B,Violence and sexual offences,Unable to prosecute suspect,
60bf2d0e899d477ca53998862024e1b83a30b05f27718c30432a623a815522a8,2024-11,Sussex Police,Sussex Police,-0.200774,50.839109,On or near Bellingham Crescent,E01016880,Brighton and Hove 013B,Violence and sexual offences,Unable to prosecute suspect,
23d224df8515334e4f6547590c4ed8ae8e5956d96cdae47efae338d62bb9b256,2024-11,Sussex Police,Sussex Police,-0.198208,50.840823,On or near Stapley Road,E01016880,Brighton and Hove 013B,Violence and sexual offences,Investigation complete; no suspect identified,
dc2e247e14c3ade03562b27dbca58384d2efcc6200bce7f444bb5a7e8f2c3c2d,2024-11,Sussex Police,Sussex Police,-0.199978,50.842056,On or near Martin Road,E01016880,Brighton and Hove 013B,Violence and sexual offences,Unable to prosecute suspect,
0eacd757fe9b60cc81f33d44f89929c0b53974e0dacbfa4c997ffaf8843c47a5,2024-11,Sussex Police,Sussex Police,-0.205041,50.842277,On or near Supermarket,E01016881,Brighton and Hove 013C,Other theft,Investigation complete; no suspect identified,
98eccba07ccccb580d94ad1f7652b6cb9c7dbc8355a4c98349a94ec3f57dcccb,2024-11,Sussex Police,Sussex Police,-0.201311,50.837310,On or near Margery Road,E01016881,Brighton and Hove 013C,Public order,Investigation complete; no suspect identified,
cdde75fa8b05c8222d8e25f9bfee996582779963821bc0c6c54256bfdd21096c,2024-11,Sussex Police,Sussex Police,-0.205041,50.842277,On or near Supermarket,E01016881,Brighton and Hove 013C,Vehicle crime,Investigation complete; no suspect identified,
,2024-11,Sussex Police,Sussex Police,-0.202973,50.845456,On or near Greenleas,E01016887,Brighton and Hove 013D,Anti-social behaviour,,
,2024-11,Sussex Police,Sussex Police,-0.197887,50.849515,On or near The Dene,E01016887,Brighton and Hove 013D,Anti-social behaviour,,
,2024-11,Sussex Police,Sussex Police,-0.197435,50.845757,On or near West Way,E01016887,Brighton and Hove 013D,Anti-social behaviour,,
9628d4bffbc923e483f07bedee5c5b38d9af3a820bd208813f71d44e023b9f5f,2024-11,Sussex Police,Sussex Police,-0.196851,50.849849,On or near Poplar Close,E01016887,Brighton and Hove 013D,Drugs,Status update unavailable,
a850b7ce688b8853cebb4a040c35994604f86b7a7dbffc94636d07061308a76d,2024-11,Sussex Police,Sussex Police,-0.196851,50.849849,On or near Poplar Close,E01016887,Brighton and Hove 013D,Drugs,Local resolution,
a6fc7880cbc8fe7ecdd32338f540232e84acaccae54595bea63cba371817fe47,2024-11,Sussex Police,Sussex Police,-0.196851,50.849849,On or near Poplar Close,E01016887,Brighton and Hove 013D,Other theft,Unable to prosecute suspect,
06dc2330f8f743a84d9fd6276a42f0b658b5ad3fb5ae2122cff7a81e4dfe620b,2024-11,Sussex Police,Sussex Police,-0.203113,50.845881,On or near Farmway Close,E01016887,Brighton and Hove 013D,Other theft,Investigation complete; no suspect identified,
e94a5b2d4171c91fad98dfde11beee86736e1dd9780d936960c4b320bbfd24f2,2024-11,Sussex Police,Sussex Police,-0.202973,50.845456,On or near Greenleas,E01016887,Brighton and Hove 013D,Public order,Local resolution,
,2024-11,Sussex Police,Sussex Police,-0.187184,50.843440,On or near Holmes Avenue,E01016888,Brighton and Hove 013E,Anti-social behaviour,,
8f5f349a37f9d1cb1f500de2dc746f93a1ba7bae24745a94503c29e037135aff,2024-11,Sussex Police,Sussex Police,-0.192320,50.844689,On or near Petrol Station,E01016888,Brighton and Hove 013E,Other theft,Investigation complete; no suspect identified,
a911abc4cb7d251bb7b1250dcfb01e072c25998c2901362c1cd723d738d99d3b,2024-11,Sussex Police,Sussex Police,-0.192320,50.844689,On or near Petrol Station,E01016888,Brighton and Hove 013E,Other theft,Investigation complete; no suspect identified,
7b8742078f9000f7bd641388bc460bb1f740f8493323d88adef2c29a7810b7ed,2024-11,Sussex Police,Sussex Police,-0.192320,50.844689,On or near Petrol Station,E01016888,Brighton and Hove 013E,Other theft,Investigation complete; no suspect identified,
6ff4ae393bf38e9583ffc804c05f99d93d90e33daaaa6b9e3d09c366e930ee9c,2024-11,Sussex Police,Sussex Police,-0.192320,50.844689,On or near Petrol Station,E01016888,Brighton and Hove 013E,Other theft,Investigation complete; no suspect identified,
787df69ade83ab77d286f0648dc9242ea5c4df31d2f339568b008878e953dece,2024-11,Sussex Police,Sussex Police,-0.187657,50.838924,On or near Supermarket,E01016888,Brighton and Hove 013E,Violence and sexual offences,Unable to prosecute suspect,
9762a03410b989c66c7d0447cd7eeb5c5e88b8a1feda9c0a922e72dc300be95d,2024-11,Sussex Police,Sussex Police,-0.192320,50.844689,On or near Petrol Station,E01016888,Brighton and Hove 013E,Violence and sexual offences,Unable to prosecute suspect,
b92bdb3403d312f2d5003dda575fa895d9a7c9806c541e59a94abf98582aa731,2024-11,Sussex Police,Sussex Police,-0.184683,50.846387,On or near St Peter'S Close,E01016888,Brighton and Hove 013E,Other crime,Investigation complete; no suspect identified,
,2024-11,Sussex Police,Sussex Police,-0.213383,50.839941,On or near Highlands Road,E01016976,Brighton and Hove 013F,Anti-social behaviour,,
b1653ebceab777e9b83af4cf74e1e940cb69a1b19dbf1fce043ae57687fec6c5,2024-11,Sussex Police,Sussex Police,-0.211161,50.840825,On or near Foredown Drive,E01016976,Brighton and Hove 013F,Criminal damage and arson,Investigation complete; no suspect identified,
7f9af99d85f2510bcd6012c0c48750eedd78afe49e2fa7059e62b74b0644156f,2024-11,Sussex Police,Sussex Police,-0.211414,50.839407,On or near Hayes Close,E01016976,Brighton and Hove 013F,Public order,Investigation complete; no suspect identified,
62568ae4e654450444fd25df4e0d29ed947233c7d5c34c656feacf1f5aa7fb50,2024-11,Sussex Police,Sussex Police,-0.208537,50.840011,On or near Benfield Way,E01016976,Brighton and Hove 013F,Vehicle crime,Investigation complete; no suspect identified,
4f901e994fc739cddcc41b63626585dcb9daa623b151246753081817df6642c0,2024-11,Sussex Police,Sussex Police,-0.211161,50.840825,On or near Foredown Drive,E01016976,Brighton and Hove 013F,Violence and sexual offences,Unable to prosecute suspect,
,2024-11,Sussex Police,Sussex Police,-0.137716,50.837211,On or near Springfield Road,E01016932,Brighton and Hove 014A,Anti-social behaviour,,
,2024-11,Sussex Police,Sussex Police,-0.137716,50.837211,On or near Springfield Road,E01016932,Brighton and Hove 014A,Anti-social behaviour,,
39d63a89896a04821cd523857bb6df7ae8f66f0431f6806834f561726d88f82d,2024-11,Sussex Police,Sussex Police,-0.137716,50.837211,On or near Springfield Road,E01016932,Brighton and Hove 014A,Criminal damage and arson,Unable to prosecute suspect,
9dba028c21704fcd8d1dbcf7daa8674d16bf2e44654a97f98468ed26344be88b,2024-11,Sussex Police,Sussex Police,-0.135678,50.841316,On or near Edburton Avenue,E01016932,Brighton and Hove 014A,Other theft,Investigation complete; no suspect identified,
ab5b374788b0016abd25d746a8895549a2e627bcd17b3d54975b6845d4a0f0ca,2024-11,Sussex Police,Sussex Police,-0.137716,50.837211,On or near Springfield Road,E01016932,Brighton and Hove 014A,Vehicle crime,Investigation complete; no suspect identified,
7eac0c09f1c239fc2ab28659243b38d8689ef010baa3d19fded4423f74387616,2024-11,Sussex Police,Sussex Police,-0.134892,50.841420,On or near Semley Road,E01016932,Brighton and Hove 014A,Violence and sexual offences,Investigation complete; no suspect identified,
4b4226c2359db396ed3cd0efb9d88f867073536c7e251fc61d68dd5df89b726e,2024-11,Sussex Police,Sussex Police,-0.138968,50.839659,On or near Stanford Avenue,E01016933,Brighton and Hove 014B,Bicycle theft,Investigation complete; no suspect identified,
d02496a2a4d4c15626d6985b492f9f37a108d5ae9d3fe86005cc180bb53b756c,2024-11,Sussex Police,Sussex Police,-0.138968,50.839659,On or near Stanford Avenue,E01016933,Brighton and Hove 014B,Burglary,Investigation complete; no suspect identified,
6ab2f8a5fbc6d6f9a6ce9966f68d49e56b5ae3a6233f9b86eda38822c5888ced,2024-11,Sussex Police,Sussex Police,-0.139391,50.842229,On or near Chester Terrace,E01016933,Brighton and Hove 014B,Other theft,Investigation complete; no suspect identified,
492b19b23a97a380fc2b7a8dd727551988ad50125e003ee7f5d4b4963679a367,2024-11,Sussex Police,Sussex Police,-0.138968,50.839659,On or near Stanford Avenue,E01016933,Brighton and Hove 014B,Vehicle crime,Investigation complete; no suspect identified,
7573e606c9aeb8078e6078d57265829856010e3ac1793732d9421be7194aa4f1,2024-11,Sussex Police,Sussex Police,-0.138968,50.839659,On or near Stanford Avenue,E01016933,Brighton and Hove 014B,Vehicle crime,Investigation complete; no suspect identified,
a5e1cca44f43252c38a0dc580e685b2aa39fcfd1027809b715e1aae5c78b58c0,2024-11,Sussex Police,Sussex Police,-0.141381,50.841829,On or near Havelock Road,E01016933,Brighton and Hove 014B,Violence and sexual offences,Unable to prosecute suspect,
b182c225d14fcaa64531a1f05aba3b8c1257f3a1cc27ea76ae5232c5f4050c37,2024-11,Sussex Police,Sussex Police,-0.138968,50.839659,On or near Stanford Avenue,E01016933,Brighton and Hove 014B,Other crime,Local resolution,
7b574454e09a60268d7577f6555a2bb9c4825ffefde295ae8eb3c464a2393642,2024-11,Sussex Police,Sussex Police,-0.138968,50.839659,On or near Stanford Avenue,E01016933,Brighton and Hove 014B,Other crime,Unable to prosecute suspect,
,2024-11,Sussex Police,Sussex Police,-0.147558,50.838663,On or near Preston Road,E01016935,Brighton and Hove 014C,Anti-social behaviour,,
6d037a4541fa02e3f1ef8d2646e984926d5276c0208b701a357875f335d642b4,2024-11,Sussex Police,Sussex Police,-0.151086,50.837433,On or near Port Hall Street,E01016935,Brighton and Hove 014C,Drugs,Unable to prosecute suspect,
2b14985afd916b1016229468ae42a4d95282fa0f5285fa3dadfa343a9b1950ee,2024-11,Sussex Police,Sussex Police,-0.144802,50.841533,On or near The Ride,E01016935,Brighton and Hove 014C,Public order,Investigation complete; no suspect identified,
816bd17a042533f5cfa9e79dd91d8cc85e74529589875d8ad87e4d2e93e7b4f4,2024-11,Sussex Police,Sussex Police,-0.144731,50.835803,On or near Dyke Road Drive,E01016936,Brighton and Hove 014D,Bicycle theft,Investigation complete; no suspect identified,
bdc98f82e8134f92a95d0fdd69e95301a3f245c289590cd5a3ab400afb0f8a75,2024-11,Sussex Police,Sussex Police,-0.141072,50.834252,On or near Campbell Road,E01016936,Brighton and Hove 014D,Bicycle theft,Investigation complete; no suspect identified,
7c553c5005c448aff41946d40354585ceec9ab29979cc97c37b1bfcdefd54d8e,2024-11,Sussex Police,Sussex Police,-0.141072,50.834252,On or near Campbell Road,E01016936,Brighton and Hove 014D,Criminal damage and arson,Investigation complete; no suspect identified,
77824066fc5452e7372f7558bee2227fd549acf8dcfaaf182c33957addcdc85f,2024-11,Sussex Police,Sussex Police,-0.147219,50.837524,On or near Lover'S Walk,E01016936,Brighton and Hove 014D,Violence and sexual offences,Unable to prosecute suspect,
51ebd2703d9abe462a59d765147ecdbfee297920005ae0795c8267ca30a2ae8f,2024-11,Sussex Police,Sussex Police,-0.141072,50.834252,On or near Campbell Road,E01016936,Brighton and Hove 014D,Violence and sexual offences,Action to be taken by another organisation,
412ebef691c89db8a1738096ee668ffa6c2cbb8caedbfbbc2882b3955f05a13e,2024-11,Sussex Police,Sussex Police,-0.146801,50.838039,On or near Parking Area,E01016936,Brighton and Hove 014D,Violence and sexual offences,Unable to prosecute suspect,
846a0013c9c8040a60c7c1df28d5bbef6dbfabfa7d055f437e5434f6ed9a0989,2024-11,Sussex Police,Sussex Police,-0.147353,50.835935,On or near Stanford Road,E01016936,Brighton and Hove 014D,Violence and sexual offences,Unable to prosecute suspect,
8daffd2643f50f6bcf1669f86d74f915a4baea188b64a501e0fb721e79014632,2024-11,Sussex Police,Sussex Police,-0.141885,50.834148,On or near Argyle Road,E01016936,Brighton and Hove 014D,Violence and sexual offences,Unable to prosecute suspect,
,2024-11,Sussex Police,Sussex Police,-0.136187,50.837079,On or near London Road,E01016937,Brighton and Hove 014E,Anti-social behaviour,,
,2024-11,Sussex Police,Sussex Police,-0.136437,50.836507,On or near Shaftesbury Place,E01016937,Brighton and Hove 014E,Anti-social behaviour,,
6f99e513c34401f21f13994468d88c9de65c352a9164ce3c095ef5fc42213b8f,2024-11,Sussex Police,Sussex Police,-0.139749,50.835733,On or near Beaconsfield Road,E01016937,Brighton and Hove 014E,Criminal damage and arson,Investigation complete; no suspect identified,
eff80034d733f9f32e08dc17b8879d9e9ab74b7edc1edfeb30f125ea72f5c55c,2024-11,Sussex Police,Sussex Police,-0.139749,50.835733,On or near Beaconsfield Road,E01016937,Brighton and Hove 014E,Other theft,Investigation complete; no suspect identified,
701d4c24bbc79d899f4b7328bfc71fb9ace5c233003ce819de99bb8a400251c5,2024-11,Sussex Police,Sussex Police,-0.136437,50.836507,On or near Shaftesbury Place,E01016937,Brighton and Hove 014E,Public order,Investigation complete; no suspect identified,
bc6f0918acb856f1b1bffffdfb1426a9965a9e7a8365d415e08d47e1bb455901,2024-11,Sussex Police,Sussex Police,-0.139749,50.835733,On or near Beaconsfield Road,E01016937,Brighton and Hove 014E,Violence and sexual offences,Unable to prosecute suspect,
431e8051893971625b0cdc71cb08b67c0dd1753081d90934598397a279a9b004,2024-11,Sussex Police,Sussex Police,-0.138703,50.835617,On or near Winchester Street,E01016937,Brighton and Hove 014E,Violence and sexual offences,Unable to prosecute suspect,
,2024-11,Sussex Police,Sussex Police,-0.122907,50.837469,On or near Newmarket Road,E01016890,Brighton and Hove 015A,Anti-social behaviour,,
,2024-11,Sussex Police,Sussex Police,-0.125427,50.834460,On or near Hastings Road,E01016890,Brighton and Hove 015A,Anti-social behaviour,,
,2024-11,Sussex Police,Sussex Police,-0.124640,50.836399,On or near Melbourne Street,E01016890,Brighton and Hove 015A,Anti-social behaviour,,
,2024-11,Sussex Police,Sussex Police,-0.126892,50.833701,On or near St Martin'S Place,E01016890,Brighton and Hove 015A,Anti-social behaviour,,
,2024-11,Sussex Police,Sussex Police,-0.122907,50.837469,On or near Newmarket Road,E01016890,Brighton and Hove 015A,Anti-social behaviour,,
3e597475a10a4f893710aa12a9bf4fc54bb7b006efd5c2d11bfd357bc4960828,2024-11,Sussex Police,Sussex Police,-0.124422,50.835451,On or near Theatre/Concert Hall,E01016890,Brighton and Hove 015A,Bicycle theft,Investigation complete; no suspect identified,
e0ec0ae3541b80af1e0eda2799851a234311567a801b138836b060182940c64a,2024-11,Sussex Police,Sussex Police,-0.126892,50.833701,On or near St Martin'S Place,E01016890,Brighton and Hove 015A,Criminal damage and arson,Investigation complete; no suspect identified,
4c6edb4844bb75456ca3e8bd6968a4b392bb078faa1307e6b0661df1b0388b9b,2024-11,Sussex Police,Sussex Police,-0.124640,50.836399,On or near Melbourne Street,E01016890,Brighton and Hove 015A,Criminal damage and arson,Investigation complete; no suspect identified,
bfc18ebab75b446d0a1546da120d7bea486f35b2ba0bf99e897b8c150d0fe447,2024-11,Sussex Police,Sussex Police,-0.124640,50.836399,On or near Melbourne Street,E01016890,Brighton and Hove 015A,Drugs,Investigation complete; no suspect identified,
d1d117ce317038e51c7ca5a974cb97f1533980a7fb5d04659956911e1f659511,2024-11,Sussex Police,Sussex Police,-0.126892,50.833701,On or near St Martin'S Place,E01016890,Brighton and Hove 015A,Other theft,Unable to prosecute suspect,
4964a9cec280ce724243463720157cb3e12a714e0be3aea5361801afc0c005e6,2024-11,Sussex Police,Sussex Police,-0.124640,50.836399,On or near Melbourne Street,E01016890,Brighton and Hove 015A,Vehicle crime,Investigation complete; no suspect identified,
007658fd491285fe88055d871b2b035f827393f5b43730be3fe5b5d9206e3b57,2024-11,Sussex Police,Sussex Police,-0.123681,50.836923,On or near Gladstone Place,E01016890,Brighton and Hove 015A,Vehicle crime,Investigation complete; no suspect identified,
4dcfb9caf47d8e5868a79ab087725807333bde6caf0cdfe1b60674f943a587da,2024-11,Sussex Police,Sussex Police,-0.124422,50.835451,On or near Theatre/Concert Hall,E01016890,Brighton and Hove 015A,Vehicle crime,Investigation complete; no suspect identified,
f0fcef72cec5a18de01d7754c00ea35da9945bde784d212aefca7a8ac6c1454b,2024-11,Sussex Police,Sussex Police,-0.126892,50.833701,On or near St Martin'S Place,E01016890,Brighton and Hove 015A,Violence and sexual offences,Unable to prosecute suspect,
f3aeba05d2e8e3e75cace0e31ee970951dd0a24863a248c67b7c33818d274f7d,2024-11,Sussex Police,Sussex Police,-0.125716,50.834699,On or near Fairlight Place,E01016890,Brighton and Hove 015A,Violence and sexual offences,Investigation complete; no suspect identified,
,2024-11,Sussex Police,Sussex Police,-0.129988,50.832636,On or near Park Crescent Place,E01016966,Brighton and Hove 015B,Anti-social behaviour,,
,2024-11,Sussex Police,Sussex Police,-0.129988,50.832636,On or near Park Crescent Place,E01016966,Brighton and Hove 015B,Anti-social behaviour,,
44a1ecc6a7668b1e6a716eca47536ca43ad32b28415769014ea828dc37eb02dc,2024-11,Sussex Police,Sussex Police,-0.129862,50.833650,On or near Brewer Street,E01016966,Brighton and Hove 015B,Other theft,Investigation complete; no suspect identified,
4450e47e294ec655da3c9baa5d4cd6641755ca5039b572ce03679e3e0172dc38,2024-11,Sussex Police,Sussex Police,-0.131536,50.834064,On or near Wakefield Road,E01016966,Brighton and Hove 015B,Violence and sexual offences,Further investigation is not in the public interest,
f683163b6c95c2ccb3c322c04fae1622bbb5df826e30ee9a6c9973feace3f31c,2024-11,Sussex Police,Sussex Police,-0.131536,50.834064,On or near Wakefield Road,E01016966,Brighton and Hove 015B,Violence and sexual offences,Unable to prosecute suspect,
fdd91e80a3691798bf7647a382a461befa6a0a75876d1e415b8f10d2ee472e05,2024-11,Sussex Police,Sussex Police,-0.132941,50.833367,On or near Canterbury Drive,E01016966,Brighton and Hove 015B,Violence and sexual offences,Unable to prosecute suspect,
e15c6954762903bd8f256097912d02fd8a50de9f97641eb3ccae3747bc7efdd8,2024-11,Sussex Police,Sussex Police,-0.132344,50.832674,On or near Park Crescent Terrace,E01016966,Brighton and Hove 015B,Violence and sexual offences,Investigation complete; no suspect identified,
3a0047df531354add80872fd5915897b15eccdc7ced79feb01e5f9b926cd5847,2024-11,Sussex Police,Sussex Police,-0.132941,50.833367,On or near Canterbury Drive,E01016966,Brighton and Hove 015B,Other crime,Investigation complete; no suspect identified,
ce059345f2f7ff6484b14b3f2814d772daf42b98e3877975f98475cd681ae8db,2024-11,Sussex Police,Sussex Police,-0.131383,50.836121,On or near Crescent Road,E01016970,Brighton and Hove 015C,Bicycle theft,Investigation complete; no suspect identified,
5458e9dd3d1f945c630ae4548e29e78f2d102027990e762b5e4985d9509c828d,2024-11,Sussex Police,Sussex Police,-0.132950,50.835993,On or near Round Hill Road,E01016970,Brighton and Hove 015C,Criminal damage and arson,Investigation complete; no suspect identified,
65bd2e1984db9e2a422b7d5943519e38c66ee455bae48a391ad4d247966b7810,2024-11,Sussex Police,Sussex Police,-0.129139,50.836831,On or near Richmond Road,E01016970,Brighton and Hove 015C,Public order,Investigation complete; no suspect identified,
,2024-11,Sussex Police,Sussex Police,-0.126814,50.835643,On or near Aberdeen Road,E01016971,Brighton and Hove 015D,Anti-social behaviour,,
,2024-11,Sussex Police,Sussex Police,-0.128510,50.836210,On or near Roundhill Crescent,E01016971,Brighton and Hove 015D,Anti-social behaviour,,
,2024-11,Sussex Police,Sussex Police,-0.126238,50.835840,On or near Inverness Road,E01016971,Brighton and Hove 015D,Anti-social behaviour,,
607cf0fbc365a418698a4a834c8f758acf4a14dc4e4a8af1700e018036c6f2d3,2024-11,Sussex Police,Sussex Police,-0.125778,50.837047,On or near Supermarket,E01016971,Brighton and Hove 015D,Bicycle theft,Investigation complete; no suspect identified,
dea2e039f74eff04b8e0491327a0cd64a9a9ac3ad2cb2b6d4bb8b6902228896a,2024-11,Sussex Police,Sussex Police,-0.129461,50.834795,On or near Upper Lewes Road,E01016971,Brighton and Hove 015D,Criminal damage and arson,Investigation complete; no suspect identified,
727040c491fd4710b987c70ad2fcad236cb6506164a313600f7b59bf18203330,2024-11,Sussex Police,Sussex Police,-0.127833,50.835038,On or near Caledonian Road,E01016971,Brighton and Hove 015D,Drugs,Investigation complete; no suspect identified,
099b9af9a08b712dc5b24f7eca4d6f0ffb680fab17cc62d0fe7bfa035c361244,2024-11,Sussex Police,Sussex Police,-0.126814,50.835643,On or near Aberdeen Road,E01016971,Brighton and Hove 015D,Other theft,Investigation complete; no suspect identified,
9301ae72c5c3ef69fd533780e0c1bda6b0e0afa32887f471e11bdc547b149a39,2024-11,Sussex Police,Sussex Police,-0.126238,50.835840,On or near Inverness Road,E01016971,Brighton and Hove 015D,Public order,Investigation complete; no suspect identified,
1937accd00cc07f2ac9daadba4c8ae03e772137078d78d682e32427101cf8725,2024-11,Sussex Police,Sussex Police,-0.124810,50.837463,On or near Petrol Station,E01016971,Brighton and Hove 015D,Public order,Court result unavailable,
61b1ac66ff45c940d725841ddb042f4ff832f57addd3c5e0480591acc6eac45d,2024-11,Sussex Police,Sussex Police,-0.128328,50.834012,On or near St Martin'S Street,E01016971,Brighton and Hove 015D,Robbery,Investigation complete; no suspect identified,
a674b2d77db5c1004d59cb51d74f6ff948d3cd4d747538839ec8aff404e91fdd,2024-11,Sussex Police,Sussex Police,-0.124810,50.837463,On or near Petrol Station,E01016971,Brighton and Hove 015D,Robbery,Unable to prosecute suspect,
e21ce01518da09c8128e08a01e693497569348bf249e56c16647cd5b8834b94c,2024-11,Sussex Police,Sussex Police,-0.125778,50.837047,On or near Supermarket,E01016971,Brighton and Hove 015D,Shoplifting,Investigation complete; no suspect identified,
1e816353f2a0e163ffbaf79380eb48f43041f1fe8168aa8e2869ef37560ba534,2024-11,Sussex Police,Sussex Police,-0.125778,50.837047,On or near Supermarket,E01016971,Brighton and Hove 015D,Shoplifting,Unable to prosecute suspect,
77b17674e6be7df55753796fa13f94b980b6334a96ca9ef1adb8aff7d7201958,2024-11,Sussex Police,Sussex Police,-0.126821,50.834779,On or near Supermarket,E01016971,Brighton and Hove 015D,Shoplifting,Unable to prosecute suspect,
1b6138ab46db0ca08c7ecd3c716a9cf598d0b66a36499889d0f9b4774a2baad2,2024-11,Sussex Police,Sussex Police,-0.125778,50.837047,On or near Supermarket,E01016971,Brighton and Hove 015D,Shoplifting,Status update unavailable,
760acd14872cc34778f5448256dd57e9c9b366d0fb4a7a1b5860936e7ce6bcd2,2024-11,Sussex Police,Sussex Police,-0.128118,50.834306,On or near St Paul'S Street,E01016971,Brighton and Hove 015D,Vehicle crime,Investigation complete; no suspect identified,
2ca22908a10596358ab365f5012b52990e564e7206908bcf6e7a1c7f63e345cd,2024-11,Sussex Police,Sussex Police,-0.127833,50.835038,On or near Caledonian Road,E01016971,Brighton and Hove 015D,Vehicle crime,Investigation complete; no suspect identified,
55c566f77a655b42e7f9bb6f7fea759830df1cf04a4191dd5c603fb2bf4e235d,2024-11,Sussex Police,Sussex Police,-0.127866,50.834571,On or near St Mary Magdalene Street,E01016971,Brighton and Hove 015D,Violence and sexual offences,Unable to prosecute suspect,
15ca528d496a787d3acdc8ffc48a6b517b8c2a010fa51d20ce85afbcac0019ca,2024-11,Sussex Police,Sussex Police,-0.125778,50.837047,On or near Supermarket,E01016971,Brighton and Hove 015D,Violence and sexual offences,Investigation complete; no suspect identified,
45ae81c36af03c8841089e4ff8e902dac4662ffb747b2a4ec6b05cae357b424c,2024-11,Sussex Police,Sussex Police,-0.126832,50.835202,On or near Edinburgh Road,E01016971,Brighton and Hove 015D,Violence and sexual offences,Investigation complete; no suspect identified,
027a240baee2588c9a70b3f890e67317f484ec7d2d349bd84d4bc63036371486,2024-11,Sussex Police,Sussex Police,-0.126238,50.835840,On or near Inverness Road,E01016971,Brighton and Hove 015D,Violence and sexual offences,Unable to prosecute suspect,
59ad5c710cddf93d93e7538d284aac39c8886bd86a0ce980adf2fc974d3122bc,2024-11,Sussex Police,Sussex Police,-0.126238,50.835840,On or near Inverness Road,E01016971,Brighton and Hove 015D,Violence and sexual offences,Investigation complete; no suspect identified,
63e3ccc69b8070459b196ab863dac6b1d9b4c240557828691a56fcf867649099,2024-11,Sussex Police,Sussex Police,-0.126238,50.835840,On or near Inverness Road,E01016971,Brighton and Hove 015D,Violence and sexual offences,Investigation complete; no suspect identified,
,2024-11,Sussex Police,Sussex Police,-0.134569,50.835281,On or near Vere Road,E01016972,Brighton and Hove 015E,Anti-social behaviour,,
,2024-11,Sussex Police,Sussex Police,-0.135327,50.835141,On or near Warleigh Road,E01016972,Brighton and Hove 015E,Anti-social behaviour,,
35bec4147b16f7522ee2135e54f9a6ae583a9b71b24defdc33be492ae5aefa1b,2024-11,Sussex Police,Sussex Police,-0.135018,50.832932,On or near Viaduct Road,E01016972,Brighton and Hove 015E,Burglary,Investigation complete; no suspect identified,
09510e77ee18ad90552260a7508749541b627cdf3c5181504e797c642e9f3ee6,2024-11,Sussex Police,Sussex Police,-0.135018,50.832932,On or near Viaduct Road,E01016972,Brighton and Hove 015E,Criminal damage and arson,Unable to prosecute suspect,
64842a5fa3bb3e62c8c677dee97b08f9d6b4e099789d9467d8f04a80edba0582,2024-11,Sussex Police,Sussex Police,-0.135018,50.832932,On or near Viaduct Road,E01016972,Brighton and Hove 015E,Other theft,Investigation complete; no suspect identified,
e6a910a7c3526f23829f2d66116229e3fdf997e52e09c8f28cb75b07449870c4,2024-11,Sussex Police,Sussex Police,-0.135327,50.835141,On or near Warleigh Road,E01016972,Brighton and Hove 015E,Other theft,Investigation complete; no suspect identified,
15824b6ad1a188bb1ed69bf861d0a510d99480cb3e603c1eac5838dfd74ac4a4,2024-11,Sussex Police,Sussex Police,-0.135327,50.835141,On or near Warleigh Road,E01016972,Brighton and Hove 015E,Possession of weapons,Investigation complete; no suspect identified,
9d86c9dd087503ef5ba691596b9b3575ba12ae1666d548b1bdc255308871902d,2024-11,Sussex Police,Sussex Police,-0.135327,50.835141,On or near Warleigh Road,E01016972,Brighton and Hove 015E,Public order,Unable to prosecute suspect,
f5fb36440b55cbcbfc8982fc6dfa21b150507562ea3613f2ea2a87e40443c398,2024-11,Sussex Police,Sussex Police,-0.134569,50.835281,On or near Vere Road,E01016972,Brighton and Hove 015E,Vehicle crime,Investigation complete; no suspect identified,
dbed00e93bb83441ef1e44705953e80a163c2e5ca65834fa1cf7a09d0057ae31,2024-11,Sussex Police,Sussex Police,-0.137770,50.835153,On or near Gerard Street,E01016972,Brighton and Hove 015E,Violence and sexual offences,Unable to prosecute suspect,
5d769917387b632174ed26b7937be78c172e13432a75dfa0e2c0b6374b72f342,2024-11,Sussex Police,Sussex Police,-0.137770,50.835153,On or near Gerard Street,E01016972,Brighton and Hove 015E,Violence and sexual offences,Unable to prosecute suspect,
8159343aac4a59cce9bfae67b6ed00ac7eb03e2401406e9b38b41c484c5f6f18,2024-11,Sussex Police,Sussex Police,-0.134569,50.835281,On or near Vere Road,E01016972,Brighton and Hove 015E,Violence and sexual offences,Investigation complete; no suspect identified,
ff6d7d93d626faff94d8e763bc67b0450f97e663da5bf57805075d01c937fec9,2024-11,Sussex Police,Sussex Police,-0.135327,50.835141,On or near Warleigh Road,E01016972,Brighton and Hove 015E,Violence and sexual offences,Status update unavailable,
,2024-11,Sussex Police,Sussex Police,-0.177886,50.837090,On or near Landseer Road,E01016979,Brighton and Hove 016A,Anti-social behaviour,,
,2024-11,Sussex Police,Sussex Police,-0.176135,50.837039,On or near Shopping Area,E01016979,Brighton and Hove 016A,Anti-social behaviour,,
,2024-11,Sussex Police,Sussex Police,-0.174388,50.838400,On or near Shopping Area,E01016979,Brighton and Hove 016A,Anti-social behaviour,,
,2024-11,Sussex Police,Sussex Police,-0.174388,50.838400,On or near Shopping Area,E01016979,Brighton and Hove 016A,Anti-social behaviour,,
,2024-11,Sussex Police,Sussex Police,-0.177886,50.837090,On or near Landseer Road,E01016979,Brighton and Hove 016A,Anti-social behaviour,,
605b2cf80d976e1649d7f2c01f524a2b92b4247253c5a38849dd6b73de9021cf,2024-11,Sussex Police,Sussex Police,-0.172763,50.836623,On or near Newtown Road,E01016979,Brighton and Hove 016A,Drugs,Investigation complete; no suspect identified,
b0ab36c8c164d773780698adbbad153b4463b68a1546c6c13ce1b377e77d58f4,2024-11,Sussex Police,Sussex Police,-0.177908,50.836524,On or near Prinsep Road,E01016979,Brighton and Hove 016A,Drugs,Local resolution,
4c84e0ae5d169913e9c011c4c260c4767322acd71a55425e82f9ea2339c56ef9,2024-11,Sussex Police,Sussex Police,-0.187982,50.838605,On or near Old Shoreham Road,E01016979,Brighton and Hove 016A,Other theft,Investigation complete; no suspect identified,
2edcd4bf7803d9ae970d1d2510aa83e708430c7ad002112a7a12bc9e40791b6a,2024-11,Sussex Police,Sussex Police,-0.177453,50.837623,On or near A2023,E01016979,Brighton and Hove 016A,Public order,Investigation complete; no suspect identified,
fff3bb08edd4a493792e6d5638142c6157a2976fdf497679c9e6dce193622aa2,2024-11,Sussex Police,Sussex Police,-0.173256,50.837809,On or near Goldstone Lane,E01016979,Brighton and Hove 016A,Public order,Investigation complete; no suspect identified,
d4625962dd86b7984a4275b3b4318cce36f71127b14ff2a117be0a574bdffcbd,2024-11,Sussex Police,Sussex Police,-0.173256,50.837809,On or near Goldstone Lane,E01016979,Brighton and Hove 016A,Robbery,Investigation complete; no suspect identified,
8e9d039907fa37cebb26ab8d6056a38bb389bea251086ceddf409324e60f8bcd,2024-11,Sussex Police,Sussex Police,-0.174388,50.838400,On or near Shopping Area,E01016979,Brighton and Hove 016A,Shoplifting,Unable to prosecute suspect,
0d4be3eafd300dc72486297706829a8ea854590af932da45e5e1d989d4fc8013,2024-11,Sussex Police,Sussex Police,-0.173256,50.837809,On or near Goldstone Lane,E01016979,Brighton and Hove 016A,Shoplifting,Investigation complete; no suspect identified,
24ae6f6cbe2627bb0a5a23f89a834ed9c8c30934d3c155ed04e9e747b0847b29,2024-11,Sussex Police,Sussex Police,-0.174388,50.838400,On or near Shopping Area,E01016979,Brighton and Hove 016A,Shoplifting,Unable to prosecute suspect,
1f2d6e78d079c164025a1bb5ab4a1838bb0e3cdfc16e722090017748e4fba9db,2024-11,Sussex Police,Sussex Police,-0.174388,50.838400,On or near Shopping Area,E01016979,Brighton and Hove 016A,Shoplifting,Local resolution,
19b562c3772452373e690557b0492f29415566d446f8a096476937c3310f257f,2024-11,Sussex Police,Sussex Police,-0.174388,50.838400,On or near Shopping Area,E01016979,Brighton and Hove 016A,Shoplifting,Investigation complete; no suspect identified,
5a3afbf4defeb57797b2aaf0943a0d7a58468b0294842b4253bd80aee3674edc,2024-11,Sussex Police,Sussex Police,-0.173256,50.837809,On or near Goldstone Lane,E01016979,Brighton and Hove 016A,Shoplifting,Court result unavailable,
e6499a3e02dd5e140aef6efdf1b5ab71b87129ca88ae2371ce17c64d1fb0ee91,2024-11,Sussex Police,Sussex Police,-0.174388,50.838400,On or near Shopping Area,E01016979,Brighton and Hove 016A,Shoplifting,Investigation complete; no suspect identified,
ba0912092cc60c599d3cf21ffb0cca8b3850d7475b9bda3e61036117438e64dc,2024-11,Sussex Police,Sussex Police,-0.174388,50.838400,On or near Shopping Area,E01016979,Brighton and Hove 016A,Shoplifting,Unable to prosecute suspect,
6f29e8224d99830bc125c93ef2ce32733152d9134c463aae17849830466cba2e,2024-11,Sussex Police,Sussex Police,-0.174388,50.838400,On or near Shopping Area,E01016979,Brighton and Hove 016A,Shoplifting,Investigation complete; no suspect identified,
a88e61a77c1a436b2124a797b87b3a49470e9706fc9d94913879f37f146202b5,2024-11,Sussex Police,Sussex Police,-0.174388,50.838400,On or near Shopping Area,E01016979,Brighton and Hove 016A,Shoplifting,Unable to prosecute suspect,
aab500343c2ce5965a0c0d52bbd08790f9451c4c68ce0c3c8ab522296f175d10,2024-11,Sussex Police,Sussex Police,-0.174388,50.838400,On or near Shopping Area,E01016979,Brighton and Hove 016A,Shoplifting,Unable to prosecute suspect,
cf83c58cb54241df1887e58bfba1bde21ee5020edb9b1503ffbae80467e4ff4e,2024-11,Sussex Police,Sussex Police,-0.174388,50.838400,On or near Shopping Area,E01016979,Brighton and Hove 016A,Shoplifting,Investigation complete; no suspect identified,
d288662b1ff963727d6e1f85c471038653ce2797b79b33b13a7ecdfc5ed55a62,2024-11,Sussex Police,Sussex Police,-0.174388,50.838400,On or near Shopping Area,E01016979,Brighton and Hove 016A,Shoplifting,Investigation complete; no suspect identified,
ad362df43601eac541f67e4284f12fe25e519703303ec3044c8b287623d6253a,2024-11,Sussex Police,Sussex Police,-0.174388,50.838400,On or near Shopping Area,E01016979,Brighton and Hove 016A,Shoplifting,Investigation complete; no suspect identified,
513fa5ac70d144433ffb41e91fcdaeec9843beb3d833d665ae977bc21e735843,2024-11,Sussex Police,Sussex Police,-0.174388,50.838400,On or near Shopping Area,E01016979,Brighton and Hove 016A,Shoplifting,Investigation complete; no suspect identified,
652b6e29bbd7295ca9cd2848165aa5cd343ce34db0febde3e4fe951e0fa1141b,2024-11,Sussex Police,Sussex Police,-0.174388,50.838400,On or near Shopping Area,E01016979,Brighton and Hove 016A,Shoplifting,Unable to prosecute suspect,
4841e342eb03b7ce071ec21351fbd280ba82d0d453701dea790524b9607b7c52,2024-11,Sussex Police,Sussex Police,-0.174388,50.838400,On or near Shopping Area,E01016979,Brighton and Hove 016A,Shoplifting,Investigation complete; no suspect identified,
13e104d9c203f64a03f82f2f97250b1b47545e1714df3c6b6e92204cafd1c77f,2024-11,Sussex Police,Sussex Police,-0.174388,50.838400,On or near Shopping Area,E01016979,Brighton and Hove 016A,Shoplifting,Unable to prosecute suspect,
3a36b0b10b1b70d143ed14484f6d1c260948bd59caddd448d9a5288280cf4ca2,2024-11,Sussex Police,Sussex Police,-0.174388,50.838400,On or near Shopping Area,E01016979,Brighton and Hove 016A,Shoplifting,Investigation complete; no suspect identified,
f3b1c22ebe5d419857f0ad7fd0673d6f89cf664425028e8fc7b2e941fcadf85d,2024-11,Sussex Police,Sussex Police,-0.174388,50.838400,On or near Shopping Area,E01016979,Brighton and Hove 016A,Shoplifting,Local resolution,
a3fc61bed47c9e8f36662591b32f24a7795c969377f9e501245e8322a611e5f8,2024-11,Sussex Police,Sussex Police,-0.174388,50.838400,On or near Shopping Area,E01016979,Brighton and Hove 016A,Shoplifting,Investigation complete; no suspect identified,
e38d7a02c69510284e77ef72f8a8030584b3db4500ad4e22dd680bb120fd0c60,2024-11,Sussex Police,Sussex Police,-0.174388,50.838400,On or near Shopping Area,E01016979,Brighton and Hove 016A,Shoplifting,Unable to prosecute suspect,
7a2a43403f4c7f675d5eb2f157870b0c863eb7e1f8232f45566a71436db53407,2024-11,Sussex Police,Sussex Police,-0.173256,50.837809,On or near Goldstone Lane,E01016979,Brighton and Hove 016A,Shoplifting,Investigation complete; no suspect identified,
4a4fd2b8603c8c898910a87b933937955c2289986c87ac96b85a0f28fdc6bc66,2024-11,Sussex Police,Sussex Police,-0.174388,50.838400,On or near Shopping Area,E01016979,Brighton and Hove 016A,Shoplifting,Unable to prosecute suspect,
be0706d1e62e7f681f776d819c40bcfdbdc4aaed3f8241b0b537a4daf62875da,2024-11,Sussex Police,Sussex Police,-0.174388,50.838400,On or near Shopping Area,E01016979,Brighton and Hove 016A,Shoplifting,Investigation complete; no suspect identified,
4de0fbe13bb45ef2103039761999d6604c50fa864c85de41867d6a98dd14f7a2,2024-11,Sussex Police,Sussex Police,-0.174388,50.838400,On or near Shopping Area,E01016979,Brighton and Hove 016A,Shoplifting,Investigation complete; no suspect identified,
84ac1a1a082c7582d6cd04e507e9e739e70403baba1fb50aa0a58b67c5defae6,2024-11,Sussex Police,Sussex Police,-0.174388,50.838400,On or near Shopping Area,E01016979,Brighton and Hove 016A,Shoplifting,Investigation complete; no suspect identified,
16b7a8880bc88c7c69f5c3e9c202735c11e5db90b26cb31279eefeacc3a38e1d,2024-11,Sussex Police,Sussex Police,-0.174388,50.838400,On or near Shopping Area,E01016979,Brighton and Hove 016A,Shoplifting,Local resolution,
43c80a7626c73e1a2c82680913b4cc1f5daeafb3935e7dd4a10f71102660f723,2024-11,Sussex Police,Sussex Police,-0.176135,50.837039,On or near Shopping Area,E01016979,Brighton and Hove 016A,Vehicle crime,Investigation complete; no suspect identified,
2660e7323a9770b58b589ec42e853c11388abaa29fb495bfa4d247037eae8d59,2024-11,Sussex Police,Sussex Police,-0.174388,50.838400,On or near Shopping Area,E01016979,Brighton and Hove 016A,Violence and sexual offences,Investigation complete; no suspect identified,
,2024-11,Sussex Police,Sussex Police,-0.180095,50.835056,On or near Coleridge Street,E01016990,Brighton and Hove 016B,Anti-social behaviour,,
,2024-11,Sussex Police,Sussex Police,-0.183626,50.835552,On or near Molesworth Street,E01016990,Brighton and Hove 016B,Anti-social behaviour,,
4d1a2c0a59136a961104788893e7ae2babbe7b919078b471ff1ff4645bab9fca,2024-11,Sussex Police,Sussex Police,-0.181261,50.834301,On or near Montgomery Street,E01016990,Brighton and Hove 016B,Violence and sexual offences,Unable to prosecute suspect,
1cb89ecb181a5fae37d600febeb80b1d9dc5deb9566dcf88896274a2748d2423,2024-11,Sussex Police,Sussex Police,-0.177956,50.835274,On or near Shakespeare Street,E01016990,Brighton and Hove 016B,Violence and sexual offences,Unable to prosecute suspect,
57d1b9d091ae349466a4838d6f370cfa09dd5ef1c296c329eb1e85980ec07e39,2024-11,Sussex Police,Sussex Police,-0.181700,50.832860,On or near Westbourne Street,E01016991,Brighton and Hove 016C,Burglary,Investigation complete; no suspect identified,
1f4ca104520142bc74b4c17f80d8b5af9a3df91f1aca8ec6c60f61208aed0602,2024-11,Sussex Police,Sussex Police,-0.180164,50.833285,On or near Cowper Street,E01016991,Brighton and Hove 016C,Other theft,Investigation complete; no suspect identified,
5a9f5355dea39abf691337555cfa98d314fdb7c4ecf650f0fd5db3b3d77a3368,2024-11,Sussex Police,Sussex Police,-0.177203,50.833842,On or near Sackville Road,E01016991,Brighton and Hove 016C,Vehicle crime,Investigation complete; no suspect identified,
d57e1fb644928acabd947d218fa554c8e3249d9ad670c8f58a2d8d4b54b31bd8,2024-11,Sussex Police,Sussex Police,-0.177203,50.833842,On or near Sackville Road,E01016991,Brighton and Hove 016C,Violence and sexual offences,Unable to prosecute suspect,
c1fb3f3bbef1b7b93d5264d032767f7a04720c7218da725942229f4ea837839b,2024-11,Sussex Police,Sussex Police,-0.177203,50.833842,On or near Sackville Road,E01016991,Brighton and Hove 016C,Violence and sexual offences,Unable to prosecute suspect,
de74bcb41345ea58be12f4cd9bcb44e0d9eb59108265c6db690a361fecbcfdb4,2024-11,Sussex Police,Sussex Police,-0.181812,50.835820,On or near Arthur Street,E01016991,Brighton and Hove 016C,Violence and sexual offences,Local resolution,
a05e1e971be03428e201687ce65f42f729282891723ef3e85614e5820dcad913,2024-11,Sussex Police,Sussex Police,-0.179172,50.833612,On or near St Patrick'S Road,E01016991,Brighton and Hove 016C,Other crime,Status update unavailable,
1c547dce6561efb8fbb08d05282c32022e3889628f7d21dc20718df9de08757e,2024-11,Sussex Police,Sussex Police,-0.177203,50.833842,On or near Sackville Road,E01016991,Brighton and Hove 016C,Other crime,Investigation complete; no suspect identified,
,2024-11,Sussex Police,Sussex Police,-0.189599,50.834979,On or near School Road,E01016996,Brighton and Hove 016D,Anti-social behaviour,,
,2024-11,Sussex Police,Sussex Police,-0.189599,50.834979,On or near School Road,E01016996,Brighton and Hove 016D,Anti-social behaviour,,
,2024-11,Sussex Police,Sussex Police,-0.188272,50.835525,On or near Alpine Road,E01016996,Brighton and Hove 016D,Anti-social behaviour,,
,2024-11,Sussex Police,Sussex Police,-0.186600,50.836138,On or near Payne Avenue,E01016996,Brighton and Hove 016D,Anti-social behaviour,,
,2024-11,Sussex Police,Sussex Police,-0.189599,50.834979,On or near School Road,E01016996,Brighton and Hove 016D,Anti-social behaviour,,
a74fb7c43caa372d190313c078fc6ea00bc70b8f6e8ce1ec4b5e81e6449dcb89,2024-11,Sussex Police,Sussex Police,-0.189599,50.834979,On or near School Road,E01016996,Brighton and Hove 016D,Burglary,Investigation complete; no suspect identified,
c3feb3e50c8b993c772adea01a9873d80b1fa83dcff04de6dc43c721c057c226,2024-11,Sussex Police,Sussex Police,-0.188272,50.835525,On or near Alpine Road,E01016996,Brighton and Hove 016D,Criminal damage and arson,Investigation complete; no suspect identified,
d95da51297b78a51caa8512cfee8882c2f98b691b2592486d52b13e00efb85f1,2024-11,Sussex Police,Sussex Police,-0.189599,50.834979,On or near School Road,E01016996,Brighton and Hove 016D,Criminal damage and arson,Unable to prosecute suspect,
ff6ea79a4111abb0e0ede3b52c77fb040d0b83c73d3eb214b3f376b6f0af30a9,2024-11,Sussex Police,Sussex Police,-0.186624,50.833692,On or near Scott Road,E01016996,Brighton and Hove 016D,Criminal damage and arson,Investigation complete; no suspect identified,
e377666fd26d86c32c2a08bd7eed4313cf9467ebff016b866b0bd9691c308e54,2024-11,Sussex Police,Sussex Police,-0.188272,50.835525,On or near Alpine Road,E01016996,Brighton and Hove 016D,Other theft,Unable to prosecute suspect,
17b974ae45cd2c5f166839f8a4ea6b45286c1f387c8b8fe38f96d683be2d4485,2024-11,Sussex Police,Sussex Police,-0.188272,50.835525,On or near Alpine Road,E01016996,Brighton and Hove 016D,Other theft,Investigation complete; no suspect identified,
c3db3308e92e83169ca62db959da7cce7b223d7a3fbe84e43cbdd26df2ef0c6c,2024-11,Sussex Police,Sussex Police,-0.189599,50.834979,On or near School Road,E01016996,Brighton and Hove 016D,Public order,Unable to prosecute suspect,
69bb18828fba62da3992a9e0876328c9efe8ccad6b5152e8a37dac97a4f94115,2024-11,Sussex Police,Sussex Police,-0.188272,50.835525,On or near Alpine Road,E01016996,Brighton and Hove 016D,Public order,Unable to prosecute suspect,
9ab17a42d603cb38ba4c587b8aa646cd74edb4a61c6f5eb533574ed2b0d17e92,2024-11,Sussex Police,Sussex Police,-0.186039,50.834427,On or near Sports/Recreation Area,E01016996,Brighton and Hove 016D,Robbery,Investigation complete; no suspect identified,
19d48756151d9a9c030d06b52c5e6803e554b67656a985e75cbbd56cebfcfbd5,2024-11,Sussex Police,Sussex Police,-0.188272,50.835525,On or near Alpine Road,E01016996,Brighton and Hove 016D,Vehicle crime,Investigation complete; no suspect identified,
74ff46a0b71d53165d63f980e16a1acd22d7b84d064e0d48ac7636c7dbe872e5,2024-11,Sussex Police,Sussex Police,-0.189599,50.834979,On or near School Road,E01016996,Brighton and Hove 016D,Violence and sexual offences,Unable to prosecute suspect,
1616bb60d24c15069164e9906bb1a862480f0c2695864c7b4455de344af42a3a,2024-11,Sussex Police,Sussex Police,-0.186624,50.833692,On or near Scott Road,E01016996,Brighton and Hove 016D,Violence and sexual offences,Further investigation is not in the public interest,
10eb8acc0bab86e9c22c6d1fe95e3d755ab5c91255a608c7cd5d2a56b3fb7c12,2024-11,Sussex Police,Sussex Police,-0.188272,50.835525,On or near Alpine Road,E01016996,Brighton and Hove 016D,Violence and sexual offences,Unable to prosecute suspect,
606e4143fbd603ec5e153d994747cf248b3c2dc4a2cef36f27fa43aa1b15f12b,2024-11,Sussex Police,Sussex Police,-0.187298,50.834269,On or near Marmion Road,E01016996,Brighton and Hove 016D,Violence and sexual offences,Unable to prosecute suspect,
ceb9d54bdc3b56caff2c272f541562b18f89f0768992ba063068793483a1081e,2024-11,Sussex Police,Sussex Police,-0.189599,50.834979,On or near School Road,E01016996,Brighton and Hove 016D,Violence and sexual offences,Unable to prosecute suspect,
b5966ff03dfc9dd7ba91d574c02a7e9c8870bc60de545eba659c52af1235d98f,2024-11,Sussex Police,Sussex Police,-0.187519,50.835531,On or near Linton Road,E01016996,Brighton and Hove 016D,Violence and sexual offences,Unable to prosecute suspect,
7b86cd6243eea5b9c73aa537795115c3056f0967413dbaba666d7923887374c4,2024-11,Sussex Police,Sussex Police,-0.188272,50.835525,On or near Alpine Road,E01016996,Brighton and Hove 016D,Violence and sexual offences,Unable to prosecute suspect,
,2024-11,Sussex Police,Sussex Police,-0.066225,50.840860,On or near Norton Drive,E01017007,Brighton and Hove 017A,Anti-social behaviour,,
2bf85fe55280ed44db3706462152d96788a9f0c601b9a7989e31bf1abe8d176f,2024-11,Sussex Police,Sussex Police,-0.074611,50.837266,On or near Supermarket,E01017007,Brighton and Hove 017A,Criminal damage and arson,Local resolution,
866b70575897bc38fee05e81980c3be03542d0156f49281c643668704409c644,2024-11,Sussex Police,Sussex Police,-0.066225,50.840860,On or near Norton Drive,E01017007,Brighton and Hove 017A,Criminal damage and arson,Investigation complete; no suspect identified,
3d11b73c479ae55abd70b371bae3da0a24c05553afc5377eacabdf7e6d83c24b,2024-11,Sussex Police,Sussex Police,-0.075030,50.836050,On or near Petrol Station,E01017007,Brighton and Hove 017A,Other theft,Investigation complete; no suspect identified,
ae2dcbafa14b022d6c53636c33339063052dbe578d81f7ba8f8b7ae389c40caf,2024-11,Sussex Police,Sussex Police,-0.074611,50.837266,On or near Supermarket,E01017007,Brighton and Hove 017A,Possession of weapons,Formal action is not in the public interest,
b62929583ce64d10c688b51e1aca5be8b2942e19e3a75d11f6207bb3da207f6c,2024-11,Sussex Police,Sussex Police,-0.078841,50.835591,On or near Parking Area,E01017007,Brighton and Hove 017A,Public order,Investigation complete; no suspect identified,
a85111589cec7a8c571b1d391ab215af121acf2f590cbd0ec8640183a8c010c6,2024-11,Sussex Police,Sussex Police,-0.074611,50.837266,On or near Supermarket,E01017007,Brighton and Hove 017A,Public order,Local resolution,
0a16e7732b5a3ae6fea791617802d5c41c17ba295a54083f8714cd61ac14971b,2024-11,Sussex Police,Sussex Police,-0.071609,50.838781,On or near Sandhurst Avenue,E01017007,Brighton and Hove 017A,Public order,Investigation complete; no suspect identified,
e64663671336f867a0a7841a4774ebd058890dc6ac15ae6e743bf4996f56e15c,2024-11,Sussex Police,Sussex Police,-0.074611,50.837266,On or near Supermarket,E01017007,Brighton and Hove 017A,Public order,Investigation complete; no suspect identified,
f115389d9dc6c8b8d4852d509e0ad044840a2557d8322405c8d22379a20913f7,2024-11,Sussex Police,Sussex Police,-0.074611,50.837266,On or near Supermarket,E01017007,Brighton and Hove 017A,Shoplifting,Investigation complete; no suspect identified,
2fe6bb5b8c07d590ce5d9b3bc8942805883792eb92906177f4c4122d999915d4,2024-11,Sussex Police,Sussex Police,-0.067270,50.838934,On or near Treyford Close,E01017007,Brighton and Hove 017A,Vehicle crime,Investigation complete; no suspect identified,
2ea90c022bd35c8c24a40a9fdfc26ca0f8f9db26c55ecb67f7933f56bab38068,2024-11,Sussex Police,Sussex Police,-0.075030,50.836050,On or near Petrol Station,E01017007,Brighton and Hove 017A,Vehicle crime,Investigation complete; no suspect identified,
c48980bda0e630bec02b7f913bc14eaf4465aaf6e8ea858a786d7ccc4359fc1e,2024-11,Sussex Police,Sussex Police,-0.074537,50.840799,On or near Parking Area,E01017007,Brighton and Hove 017A,Vehicle crime,Investigation complete; no suspect identified,
0427343f85b23d94a06ad9345f0ccaede9afaf4d2800e305283d5fc9e035761d,2024-11,Sussex Police,Sussex Police,-0.075030,50.836050,On or near Petrol Station,E01017007,Brighton and Hove 017A,Violence and sexual offences,Unable to prosecute suspect,
59d3ab8fd0d0b39f47cad501fa9f6839f7a066c7295061cb0bbdc9fefbd95adc,2024-11,Sussex Police,Sussex Police,-0.075030,50.836050,On or near Petrol Station,E01017007,Brighton and Hove 017A,Violence and sexual offences,Unable to prosecute suspect,
5b48ef3cda742f4f11721e598c5e12836fb56c5d520ad89a507e818072777ad2,2024-11,Sussex Police,Sussex Police,-0.069113,50.839361,On or near Marden Close,E01017007,Brighton and Hove 017A,Violence and sexual offences,Unable to prosecute suspect,
420abce944193c1d7ae7848c6b0ffa955793ff806d146c92fc75f510f6953f50,2024-11,Sussex Police,Sussex Police,-0.078841,50.835591,On or near Parking Area,E01017007,Brighton and Hove 017A,Violence and sexual offences,Status update unavailable,
6c9c4431a52d1b51be5e379e0fa3e23228c0d82b9f2779362e4424e7772b5c95,2024-11,Sussex Police,Sussex Police,-0.081352,50.838438,On or near Drove Road,E01017008,Brighton and Hove 017B,Criminal damage and arson,Local resolution,
30de0ae1a58fb2187182429ca97bfeba7b49788be7ec21193871688d26568e19,2024-11,Sussex Police,Sussex Police,-0.084389,50.836069,On or near Seaview Road,E01017008,Brighton and Hove 017B,Public order,Status update unavailable,
884fce1f6bd36ed9f6f98d4f6b2da69176dc1bcafd3793b198ec963a7b6c2e71,2024-11,Sussex Police,Sussex Police,-0.063088,50.835654,On or near Willow Close,E01017009,Brighton and Hove 017C,Violence and sexual offences,Unable to prosecute suspect,
afb4f066db509dd2fc0140e6537da5587f07f3b65f277234210f3736973c438f,2024-11,Sussex Police,Sussex Police,-0.065173,50.832982,On or near Downs Valley Road,E01017009,Brighton and Hove 017C,Violence and sexual offences,Investigation complete; no suspect identified,
a29afbb82ae1e668c6fb658c1d63255f5c3ec82940f100501e081eaed13e8c4a,2024-11,Sussex Police,Sussex Police,-0.063954,50.828465,On or near Shipley Road,E01017009,Brighton and Hove 017C,Violence and sexual offences,Unable to prosecute suspect,
c580860d4256a62b83d2050bcc38c5589a52ea02003944628fdef628b4ac85f4,2024-11,Sussex Police,Sussex Police,-0.066399,50.836995,On or near Tree Tops Close,E01017010,Brighton and Hove 017D,Criminal damage and arson,Investigation complete; no suspect identified,
31b64392d42a54d3063a6c900f68c3e8ab2ee7a6a55ee4c7b7b06859df5432c2,2024-11,Sussex Police,Sussex Police,-0.063351,50.837898,On or near Newells Close,E01017010,Brighton and Hove 017D,Other theft,Local resolution,
37e249f7f4ec29b8374d5c5a5a35d89aac386a19e28492ae3a806f9de7e73adc,2024-11,Sussex Police,Sussex Police,-0.071588,50.830678,On or near Millyard Crescent,E01017010,Brighton and Hove 017D,Other theft,Investigation complete; no suspect identified,
397f9a403c63232be2fd1fbdaae1b936e1e6f16bcf0c0a0b002ea277eb51835c,2024-11,Sussex Police,Sussex Police,-0.065041,50.835498,On or near Deans Close,E01017010,Brighton and Hove 017D,Violence and sexual offences,Unable to prosecute suspect,
9843603bc10cc8c97c8e5c8957f5a658257dba54c624eab3a563b414de48cde8,2024-11,Sussex Police,Sussex Police,-0.063351,50.837898,On or near Newells Close,E01017010,Brighton and Hove 017D,Violence and sexual offences,Unable to prosecute suspect,
bbe36d2289a0e526c0bab35faad529989cf0311097474132583aabba2df65e66,2024-11,Sussex Police,Sussex Police,-0.072301,50.832668,On or near Briarcroft Road,E01017010,Brighton and Hove 017D,Violence and sexual offences,Status update unavailable,
7d31552ad60e303003cc2d88859168499c0f8ba7977150ba51eb1ba13f360fac,2024-11,Sussex Police,Sussex Police,-0.060165,50.830453,On or near Foxdown Road,E01017011,Brighton and Hove 017E,Other theft,Investigation complete; no suspect identified,
ddd82dbd511b4ef674d3249828cb38a2d522981b420adcfafcec33b82e22d932,2024-11,Sussex Police,Sussex Police,-0.060250,50.834573,On or near Netherfield Green,E01017011,Brighton and Hove 017E,Other theft,Investigation complete; no suspect identified,
,2024-11,Sussex Police,Sussex Police,-0.061193,50.827933,On or near Stanstead Crescent,E01017012,Brighton and Hove 017F,Anti-social behaviour,,
714b47840605fdcfa641157444f10d5f4259af9de0cb68cb11fc744a2559353b,2024-11,Sussex Police,Sussex Police,-0.061193,50.827933,On or near Stanstead Crescent,E01017012,Brighton and Hove 017F,Other theft,Status update unavailable,
a2f3d7fa5bafdf14cc9edbc372682616c5767bd4b586ae2da47d2f8819952688,2024-11,Sussex Police,Sussex Police,-0.067917,50.827748,On or near Brownleaf Road,E01017012,Brighton and Hove 017F,Violence and sexual offences,Unable to prosecute suspect,
889d1a385fe699a7e2df27082ef264bf34008961ec285b0531fd3a9954ed215a,2024-11,Sussex Police,Sussex Police,-0.061193,50.827933,On or near Stanstead Crescent,E01017012,Brighton and Hove 017F,Violence and sexual offences,Unable to prosecute suspect,
4729c8dbc8d38e6e144d565d0e31f3b08a7f8c0d37db993b871c44d4ef8a2950,2024-11,Sussex Police,Sussex Police,-0.061193,50.827933,On or near Stanstead Crescent,E01017012,Brighton and Hove 017F,Violence and sexual offences,Investigation complete; no suspect identified,
09c699b80e3c47523e53ef0a4d399a1af55f10f4c23e3fccb0363e088ed47788,2024-11,Sussex Police,Sussex Police,-0.062186,50.826574,On or near Ravenswood Drive,E01017012,Brighton and Hove 017F,Violence and sexual offences,Unable to prosecute suspect,
94fdb042777c4c7ad012e09fe3f8c91a98b64cec96471eb4f147b23c2277caa9,2024-11,Sussex Police,Sussex Police,-0.065166,50.825256,On or near Merston Close,E01017012,Brighton and Hove 017F,Other crime,Investigation complete; no suspect identified,
,2024-11,Sussex Police,Sussex Police,-0.124834,50.827661,On or near Queen'S Park Road,E01016893,Brighton and Hove 018B,Anti-social behaviour,,
663da17bf5cbf3c68c035ca7750342a2d5fe9f8f71756a35781cf2c4532c4111,2024-11,Sussex Police,Sussex Police,-0.123785,50.831142,On or near Luther Street,E01016893,Brighton and Hove 018B,Burglary,Local resolution,
3ee680035719e01e9d0e42a593725c15f676b109f9593cc226ef0cb62816d8a9,2024-11,Sussex Police,Sussex Police,-0.123275,50.830064,On or near Bentham Road,E01016893,Brighton and Hove 018B,Drugs,Court result unavailable,
cc45679363a236f9d30eb5172b3a8d72b368a800f689dd6e252ce503775645f8,2024-11,Sussex Police,Sussex Police,-0.121463,50.830628,On or near Lynton Street,E01016893,Brighton and Hove 018B,Drugs,Investigation complete; no suspect identified,
235d9a600212a8c7d4f8ea74b2094fc06eda698e536b61b647f41daa79fb38d1,2024-11,Sussex Police,Sussex Police,-0.120301,50.830924,On or near Cromwell Street,E01016893,Brighton and Hove 018B,Possession of weapons,Unable to prosecute suspect,
94821537792ff3a41709f1d71a874815aa1117e547563587055268e7cb621e4f,2024-11,Sussex Police,Sussex Police,-0.124834,50.827661,On or near Queen'S Park Road,E01016893,Brighton and Hove 018B,Public order,Investigation complete; no suspect identified,
227cac715286212acafb0aa953cae0f15ed7afdb537745379afe029384b3c089,2024-11,Sussex Police,Sussex Police,-0.120876,50.830727,On or near Baxter Street,E01016893,Brighton and Hove 018B,Vehicle crime,Awaiting court outcome,
bf046e3491e5229979125cfb6da7fa0eb6b94a98db7936b7ab3d976d554300f3,2024-11,Sussex Police,Sussex Police,-0.123785,50.831142,On or near Luther Street,E01016893,Brighton and Hove 018B,Violence and sexual offences,Unable to prosecute suspect,
e6ba2f7a5ae87dd73d03ffda60c3d9af9801dcb704e6509d5f2cd4d27c9e13ad,2024-11,Sussex Police,Sussex Police,-0.123785,50.831142,On or near Luther Street,E01016893,Brighton and Hove 018B,Violence and sexual offences,Unable to prosecute suspect,
81621944fa9ef57ca73c88472f572bec941b1cb8ce4edacb7522f942fbf33a31,2024-11,Sussex Police,Sussex Police,-0.123785,50.831142,On or near Luther Street,E01016893,Brighton and Hove 018B,Violence and sexual offences,Unable to prosecute suspect,
,2024-11,Sussex Police,Sussex Police,-0.119578,50.839007,On or near Mafeking Road,E01016912,Brighton and Hove 018C,Anti-social behaviour,,
f3acf672460345677cf57fe23455b4b22b3c3fa00ce468eeb61c572e3fe43795,2024-11,Sussex Police,Sussex Police,-0.123375,50.838195,On or near Bus/Coach Station,E01016912,Brighton and Hove 018C,Bicycle theft,Investigation complete; no suspect identified,
130b5cb711ebd502d5265d40a2b3400bffad58fb389b3dac045e878c62649aad,2024-11,Sussex Police,Sussex Police,-0.119170,50.842454,On or near Further/Higher Educational Building,E01016912,Brighton and Hove 018C,Other theft,Investigation complete; no suspect identified,
ccbede6b8b0dd2be5034c5b3a7a08f32ed900db4167327a6a62f00e4ff267c7b,2024-11,Sussex Police,Sussex Police,-0.121808,50.839007,On or near Riley Road,E01016912,Brighton and Hove 018C,Vehicle crime,Investigation complete; no suspect identified,
cb54b7a55a85bdbfcd31eb98a88d50d66bba7446230494a188ae6778c586abb2,2024-11,Sussex Police,Sussex Police,-0.119578,50.839007,On or near Mafeking Road,E01016912,Brighton and Hove 018C,Vehicle crime,Investigation complete; no suspect identified,
9f16d2693bb02dde829195f7f4e4eef996fbcaa35017704769837387619f8b6b,2024-11,Sussex Police,Sussex Police,-0.119708,50.841428,On or near Dewe Road,E01016912,Brighton and Hove 018C,Violence and sexual offences,Unable to prosecute suspect,
751f1efa9ad510561c16f8f5dc45e1533e59495dddd4c6ebe7f0f91fd942da8b,2024-11,Sussex Police,Sussex Police,-0.119578,50.839007,On or near Mafeking Road,E01016912,Brighton and Hove 018C,Violence and sexual offences,Unable to prosecute suspect,
ad6d40d45d4a15f3f1a99530b5ccb9a8e72d51a8095516632e5b1fdde162f945,2024-11,Sussex Police,Sussex Police,-0.119708,50.841428,On or near Dewe Road,E01016912,Brighton and Hove 018C,Violence and sexual offences,Unable to prosecute suspect,
5421f74263b3cf008600023fe801b0ff02dea9971d6f5e844dca67811a422f54,2024-11,Sussex Police,Sussex Police,-0.123375,50.838195,On or near Bus/Coach Station,E01016912,Brighton and Hove 018C,Violence and sexual offences,Investigation complete; no suspect identified,
,2024-11,Sussex Police,Sussex Police,-0.117432,50.838693,On or near Kimberley Road,E01016913,Brighton and Hove 018D,Anti-social behaviour,,
ffc3dc0980d98eb1e7ad8d1814044a2519c53afa1e51094f4a942b8931c46011,2024-11,Sussex Police,Sussex Police,-0.117432,50.838693,On or near Kimberley Road,E01016913,Brighton and Hove 018D,Criminal damage and arson,Unable to prosecute suspect,
e2636a3488f0f9bab76a441185f7d154146b771059e46ad6a08f2d6a879ee742,2024-11,Sussex Police,Sussex Police,-0.117432,50.838693,On or near Kimberley Road,E01016913,Brighton and Hove 018D,Vehicle crime,Investigation complete; no suspect identified,
09bf8ed3c4fd679f9d500673076eda4904edf20dc6eecbca9cb98035fbf855c9,2024-11,Sussex Police,Sussex Police,-0.117432,50.838693,On or near Kimberley Road,E01016913,Brighton and Hove 018D,Violence and sexual offences,Unable to prosecute suspect,
722cb678a8d8ab0a075b8853f527e9341d95a358c39ec1afb177a025d9a19390,2024-11,Sussex Police,Sussex Police,-0.113941,50.838961,On or near Baden Road,E01016913,Brighton and Hove 018D,Violence and sexual offences,Unable to prosecute suspect,
7e201a0561ef26558b93ea08d177e13f7ff09463dd2d0ae237cb03f4446ad912,2024-11,Sussex Police,Sussex Police,-0.124342,50.826816,On or near Attree Drive,E01016946,Brighton and Hove 018E,Other theft,Investigation complete; no suspect identified,
83dc46e2279d813768986ddea0084fb75afc3873cb2d8c343ea26753c9c5a598,2024-11,Sussex Police,Sussex Police,-0.123050,50.827866,On or near St Luke'S Road,E01016946,Brighton and Hove 018E,Vehicle crime,Investigation complete; no suspect identified,
2ae9fd56a23f9b76bf0e825bf3cf067dc51ee33f0369e4ef70acaa5a149f8d21,2024-11,Sussex Police,Sussex Police,-0.120509,50.827150,On or near Queen'S Park Rise,E01016946,Brighton and Hove 018E,Vehicle crime,Investigation complete; no suspect identified,
c8f980605aa4c3bdaff4094283a86d92c006ec8aa6190c04dfc2e8dfcb065f84,2024-11,Sussex Police,Sussex Police,-0.123605,50.826076,On or near Barry Walk,E01016946,Brighton and Hove 018E,Violence and sexual offences,Unable to prosecute suspect,
,2024-11,Sussex Police,Sussex Police,-0.177198,50.831036,On or near Brooker Place,E01016860,Brighton and Hove 019A,Anti-social behaviour,,
,2024-11,Sussex Police,Sussex Police,-0.173458,50.829736,On or near George Street,E01016860,Brighton and Hove 019A,Anti-social behaviour,,
,2024-11,Sussex Police,Sussex Police,-0.176823,50.828656,On or near Miles Walk,E01016860,Brighton and Hove 019A,Anti-social behaviour,,
,2024-11,Sussex Police,Sussex Police,-0.176823,50.828656,On or near Miles Walk,E01016860,Brighton and Hove 019A,Anti-social behaviour,,
,2024-11,Sussex Police,Sussex Police,-0.173458,50.829736,On or near George Street,E01016860,Brighton and Hove 019A,Anti-social behaviour,,
,2024-11,Sussex Police,Sussex Police,-0.177198,50.831036,On or near Brooker Place,E01016860,Brighton and Hove 019A,Anti-social behaviour,,
4c13e5deb340ca3dc80ac571289747218d1c3e5398313b6d4d7d486275a0e32d,2024-11,Sussex Police,Sussex Police,-0.173458,50.829736,On or near George Street,E01016860,Brighton and Hove 019A,Bicycle theft,Investigation complete; no suspect identified,
11317e908df1d60d6a6798846073c53db4bcc1d8527b95c575a0c8bb7148c284,2024-11,Sussex Police,Sussex Police,-0.173458,50.829736,On or near George Street,E01016860,Brighton and Hove 019A,Bicycle theft,Investigation complete; no suspect identified,
7b05b12070f799323cff99df1d0cdb947637b5078d1691f8e967d352660e0d9f,2024-11,Sussex Police,Sussex Police,-0.176273,50.831462,On or near Shopping Area,E01016860,Brighton and Hove 019A,Criminal damage and arson,Investigation complete; no suspect identified,
f878cc6277019c0d8ed69cbcbe067e4af907af83f5b5175e7095b72426d703a6,2024-11,Sussex Police,Sussex Police,-0.173458,50.829736,On or near George Street,E01016860,Brighton and Hove 019A,Other theft,Investigation complete; no suspect identified,
4258a106839dc484d10d8497c657ea58889c9839d21a2e72df109a8a719bcb85,2024-11,Sussex Police,Sussex Police,-0.173865,50.830930,On or near Supermarket,E01016860,Brighton and Hove 019A,Other theft,Investigation complete; no suspect identified,
f8a2e01a2b51e5a2d5f1bf5610b63ba3ccdbf23765045f9986e5b8a87ab7a2a1,2024-11,Sussex Police,Sussex Police,-0.175062,50.830831,On or near Belfast Street,E01016860,Brighton and Hove 019A,Possession of weapons,Investigation complete; no suspect identified,
45b3ecfd5a606fe95da19dd0696ca5127cd495456ca5f454fde08db515fa40c8,2024-11,Sussex Police,Sussex Police,-0.173458,50.829736,On or near George Street,E01016860,Brighton and Hove 019A,Public order,Investigation complete; no suspect identified,
73f6221f556333864f6072d433d1a37ece57eb66d9957e963a4847f2ef939823,2024-11,Sussex Police,Sussex Police,-0.176273,50.831462,On or near Shopping Area,E01016860,Brighton and Hove 019A,Public order,Status update unavailable,
121045dc88c660c7480b6d4f98c6737d39c26393ac2c04943022b07bae289f7e,2024-11,Sussex Police,Sussex Police,-0.173458,50.829736,On or near George Street,E01016860,Brighton and Hove 019A,Public order,Unable to prosecute suspect,
d68f3275fdc6785d65edd555fcd9bc5628a1d5be05b1608b15d7c80f5899577a,2024-11,Sussex Police,Sussex Police,-0.173865,50.830930,On or near Supermarket,E01016860,Brighton and Hove 019A,Public order,Court result unavailable,
1bd47c78d0958bfad3688e1752f235544aca3a1e8b663598add08f4d0f76011f,2024-11,Sussex Police,Sussex Police,-0.176148,50.828866,On or near Supermarket,E01016860,Brighton and Hove 019A,Public order,Investigation complete; no suspect identified,
fed7921f4b24fb57bace0bf9f1150ee3f55daa105ec5e755d69b52ca6dc9485a,2024-11,Sussex Police,Sussex Police,-0.176148,50.828866,On or near Supermarket,E01016860,Brighton and Hove 019A,Public order,Unable to prosecute suspect,
71109b4ac965200d4d1239360e363cafbac84155c8567b246888beadaa0c67e6,2024-11,Sussex Police,Sussex Police,-0.173865,50.830930,On or near Supermarket,E01016860,Brighton and Hove 019A,Public order,Status update unavailable,
e35a7a1428f94b8cd786f83038560552b7455cbe97da93163b50f59e30950c6e,2024-11,Sussex Police,Sussex Police,-0.176273,50.831462,On or near Shopping Area,E01016860,Brighton and Hove 019A,Public order,Status update unavailable,
284a365726851d0ef30b4e77500748a27e3d89560d5efb744731d34c9bdcbf3d,2024-11,Sussex Police,Sussex Police,-0.176148,50.828866,On or near Supermarket,E01016860,Brighton and Hove 019A,Public order,Investigation complete; no suspect identified,
532028c6a1415ae5d55861438f4f5b1beff0a47a6af088d2d6bb1b7886dcd9d8,2024-11,Sussex Police,Sussex Police,-0.173865,50.830930,On or near Supermarket,E01016860,Brighton and Hove 019A,Shoplifting,Unable to prosecute suspect,
ab78a53122576cbf68640b43083733a39e7ee556ae248f2c5178241f19a85e78,2024-11,Sussex Police,Sussex Police,-0.173865,50.830930,On or near Supermarket,E01016860,Brighton and Hove 019A,Shoplifting,Status update unavailable,
cf9db6e46cd145ed8071eaf6ecac3e0c0b4f1d67e5e76b1fa28ddb5127ffa85e,2024-11,Sussex Police,Sussex Police,-0.173865,50.830930,On or near Supermarket,E01016860,Brighton and Hove 019A,Shoplifting,Unable to prosecute suspect,
e4bab32cdafa97503a11f7c0908bf9ed85289df454181481a01aa1ff15e7531a,2024-11,Sussex Police,Sussex Police,-0.173865,50.830930,On or near Supermarket,E01016860,Brighton and Hove 019A,Shoplifting,Investigation complete; no suspect identified,
4d824d3003f882940768f1f80e97b5855155537df65269b8ae9bdcaee8e4cccb,2024-11,Sussex Police,Sussex Police,-0.173865,50.830930,On or near Supermarket,E01016860,Brighton and Hove 019A,Shoplifting,Local resolution,
f72799bc4a742cb0230c9e295e1f146d51d49dae42a796753c37e32b165f837f,2024-11,Sussex Police,Sussex Police,-0.176148,50.828866,On or near Supermarket,E01016860,Brighton and Hove 019A,Shoplifting,Unable to prosecute suspect,
20e998c4ae8ea99d51f89941553965ac6e31ca2eef788cd2a44f202878a919b6,2024-11,Sussex Police,Sussex Police,-0.175062,50.830831,On or near Belfast Street,E01016860,Brighton and Hove 019A,Shoplifting,Investigation complete; no suspect identified,
af59204fecf43856b655183468fc2c898aae499be6eeedb727b2d12987854cda,2024-11,Sussex Police,Sussex Police,-0.173865,50.830930,On or near Supermarket,E01016860,Brighton and Hove 019A,Shoplifting,Court result unavailable,
34639ed3068c5bb4a585c460623a6187755a53a01a13295218f5d6f53238bd7b,2024-11,Sussex Police,Sussex Police,-0.173865,50.830930,On or near Supermarket,E01016860,Brighton and Hove 019A,Shoplifting,Awaiting court outcome,
a09837f10a0a8f7f4a592041802b10e01dbf39029afc3c8b897840098578e044,2024-11,Sussex Police,Sussex Police,-0.173865,50.830930,On or near Supermarket,E01016860,Brighton and Hove 019A,Shoplifting,Local resolution,
4d8ec46a93f1ac75e218300031ac5efafa637c81dea8fb34af4e391588814bc6,2024-11,Sussex Police,Sussex Police,-0.173865,50.830930,On or near Supermarket,E01016860,Brighton and Hove 019A,Shoplifting,Unable to prosecute suspect,
88ddf8d65d358ce954531daa735c6d0c5890243cbe25a0915ae1077fa34dde75,2024-11,Sussex Police,Sussex Police,-0.176148,50.828866,On or near Supermarket,E01016860,Brighton and Hove 019A,Shoplifting,Investigation complete; no suspect identified,
07ca95d35ca7056b0253f00bc8d0fc70e93d3026af57f8d24ba2e0df1345106a,2024-11,Sussex Police,Sussex Police,-0.173865,50.830930,On or near Supermarket,E01016860,Brighton and Hove 019A,Shoplifting,Unable to prosecute suspect,
514faa84fe676929fe5423f6d0f9a20c950e93fbce6ba39ccae04285e56b4841,2024-11,Sussex Police,Sussex Police,-0.173865,50.830930,On or near Supermarket,E01016860,Brighton and Hove 019A,Shoplifting,Court result unavailable,
3bce846da9b2b7831e94f03567ed0502a9cc0af36cd895f01d95d4a486e71333,2024-11,Sussex Police,Sussex Police,-0.173865,50.830930,On or near Supermarket,E01016860,Brighton and Hove 019A,Shoplifting,Investigation complete; no suspect identified,
cdc08d7e4adafc6c3cf4301cf91e230aa9de37c890675ea32a56130385afd38a,2024-11,Sussex Police,Sussex Police,-0.173865,50.830930,On or near Supermarket,E01016860,Brighton and Hove 019A,Shoplifting,Unable to prosecute suspect,
2ee46fe7a6f8ddd1dbea268059e75126c32b8d8e70c9ff84faac293fdd8bae16,2024-11,Sussex Police,Sussex Police,-0.173865,50.830930,On or near Supermarket,E01016860,Brighton and Hove 019A,Shoplifting,Unable to prosecute suspect,
89f642990065067397a2a4c22a9d303e6d4bdf1586e00635370c11a33a775582,2024-11,Sussex Police,Sussex Police,-0.176148,50.828866,On or near Supermarket,E01016860,Brighton and Hove 019A,Shoplifting,Unable to prosecute suspect,
efa9f5b4267ff9c17910f581e1d789993d3ae0ee2b29e2668e952fbd7f452411,2024-11,Sussex Police,Sussex Police,-0.173458,50.829736,On or near George Street,E01016860,Brighton and Hove 019A,Shoplifting,Investigation complete; no suspect identified,
b23eb96f9baba81147d59db10d1c7622161594af306859659dff23149399d68e,2024-11,Sussex Police,Sussex Police,-0.173865,50.830930,On or near Supermarket,E01016860,Brighton and Hove 019A,Shoplifting,Awaiting court outcome,
c2ea9e4ffd5a6982904c6ad53a782d5c582d4e11820a0b971b585efcaf40578a,2024-11,Sussex Police,Sussex Police,-0.176273,50.831462,On or near Shopping Area,E01016860,Brighton and Hove 019A,Theft from the person,Further investigation is not in the public interest,
26d890bb2e5d028a1d56545dcc176b416f70707f81ce9cae745a9bbb7c34e020,2024-11,Sussex Police,Sussex Police,-0.176698,50.831127,On or near Brooker Street,E01016860,Brighton and Hove 019A,Vehicle crime,Investigation complete; no suspect identified,
143d4789f61b88c5f0299b5291acfd8d0687c412743ff5cfee11b8dc849c6262,2024-11,Sussex Police,Sussex Police,-0.174560,50.831318,On or near Blatchington Road,E01016860,Brighton and Hove 019A,Vehicle crime,Investigation complete; no suspect identified,
26dc2f79e44d8bab3d08dde3b3926d42ed2103ab5e8f6cd55159555ab1ba0f5a,2024-11,Sussex Police,Sussex Police,-0.173865,50.830930,On or near Supermarket,E01016860,Brighton and Hove 019A,Vehicle crime,Investigation complete; no suspect identified,
ea42500dc4a80605bdcf5b632fc2e3853df4573d4a2f05d448fe0c12bb944292,2024-11,Sussex Police,Sussex Police,-0.177045,50.829864,On or near Connaught Road,E01016860,Brighton and Hove 019A,Violence and sexual offences,Unable to prosecute suspect,
3c934f12efcc7d7394735a3c3146edaae9d15732ef193e67ce7b8b0b53def576,2024-11,Sussex Police,Sussex Police,-0.177198,50.831036,On or near Brooker Place,E01016860,Brighton and Hove 019A,Violence and sexual offences,Investigation complete; no suspect identified,
eb84d6de79120f4fcc3363cb4557cca4f34c4aee4aab8a90baf9e4b63ebf542c,2024-11,Sussex Police,Sussex Police,-0.177198,50.831036,On or near Brooker Place,E01016860,Brighton and Hove 019A,Violence and sexual offences,Unable to prosecute suspect,
a0355ecfb5e4de4c208f4414822a1fee1cbc8ea3f88ead3578ef0430711d6094,2024-11,Sussex Police,Sussex Police,-0.177198,50.831036,On or near Brooker Place,E01016860,Brighton and Hove 019A,Violence and sexual offences,Status update unavailable,
d906f29b4b8a6556b613d970d658299b0cab0f9a5f0c005b246ecc2707a2d2c3,2024-11,Sussex Police,Sussex Police,-0.173458,50.829736,On or near George Street,E01016860,Brighton and Hove 019A,Violence and sexual offences,Unable to prosecute suspect,
3b98559801ffee4428d206ecd2202df0aa8eea264c4215ee94db78a33fc81d01,2024-11,Sussex Police,Sussex Police,-0.176148,50.828866,On or near Supermarket,E01016860,Brighton and Hove 019A,Violence and sexual offences,Local resolution,
49ff77e427c22ab7ccc063fb3654d0790422ef8c9f2b73ed14183c441aba37bc,2024-11,Sussex Police,Sussex Police,-0.176823,50.828656,On or near Miles Walk,E01016860,Brighton and Hove 019A,Violence and sexual offences,Unable to prosecute suspect,
e93bd3cf8e0254c842cba56deb40e8b78c6bb116c6434073e8e773b5e00777f7,2024-11,Sussex Police,Sussex Police,-0.173865,50.830930,On or near Supermarket,E01016860,Brighton and Hove 019A,Violence and sexual offences,Unable to prosecute suspect,
239716e513648e1b827cc8777291b5ddbd8ce689614af8c990c9dbed0b5dfc24,2024-11,Sussex Police,Sussex Police,-0.177198,50.831036,On or near Brooker Place,E01016860,Brighton and Hove 019A,Violence and sexual offences,Unable to prosecute suspect,
80af248956027e55df91a45d6d4288670cacca8c280c5b95e290660c659ca5f0,2024-11,Sussex Police,Sussex Police,-0.177045,50.829864,On or near Connaught Road,E01016860,Brighton and Hove 019A,Violence and sexual offences,Unable to prosecute suspect,
b824be84a5dad9dadf7d163f2089bfbba19a745410736086f5b9abf535d81eb6,2024-11,Sussex Police,Sussex Police,-0.173865,50.830930,On or near Supermarket,E01016860,Brighton and Hove 019A,Violence and sexual offences,Unable to prosecute suspect,
9e9d8114e769899561d7c2f1e7ddfb5c50b448f7f9ddbc4b4302c1c37f8e9e00,2024-11,Sussex Police,Sussex Police,-0.176273,50.831462,On or near Shopping Area,E01016860,Brighton and Hove 019A,Other crime,Unable to prosecute suspect,
cf5be7b89cac28b1ee6c86fea6250aa1e207dafe344b0f62fef5d79ac98e3390,2024-11,Sussex Police,Sussex Police,-0.169181,50.831962,On or near Eaton Gardens,E01016871,Brighton and Hove 019B,Other theft,Investigation complete; no suspect identified,
8a2004a35ec74527e20554d6dc8c16ebc33749b78e05a6cae1d7e5473cf7d991,2024-11,Sussex Police,Sussex Police,-0.167276,50.832382,On or near The Drive,E01016871,Brighton and Hove 019B,Public order,Unable to prosecute suspect,
,2024-11,Sussex Police,Sussex Police,-0.174472,50.833592,On or near Livingstone Road,E01016872,Brighton and Hove 019C,Anti-social behaviour,,
,2024-11,Sussex Police,Sussex Police,-0.174452,50.834104,On or near Clarendon Road,E01016872,Brighton and Hove 019C,Anti-social behaviour,,
,2024-11,Sussex Police,Sussex Police,-0.174492,50.833080,On or near Shirley Street,E01016872,Brighton and Hove 019C,Anti-social behaviour,,
f0f4d37a0ad20bc9d3a1af4e96ca33e190b2d0555a3be8ce51a1ef9afce5024b,2024-11,Sussex Police,Sussex Police,-0.174452,50.834104,On or near Clarendon Road,E01016872,Brighton and Hove 019C,Burglary,Investigation complete; no suspect identified,
f77351ceda0276de83dcaddabbbe7ca57e1b1ac2a6235b84fbabeeee771839fc,2024-11,Sussex Police,Sussex Police,-0.174452,50.834104,On or near Clarendon Road,E01016872,Brighton and Hove 019C,Criminal damage and arson,Status update unavailable,
ce179254e5b5726008e48af1e227c7f9fcdb7822237367cbbbb4e730269984e1,2024-11,Sussex Police,Sussex Police,-0.171758,50.832884,On or near Goldstone Villas,E01016872,Brighton and Hove 019C,Criminal damage and arson,Investigation complete; no suspect identified,
0a895537396f2639b4f012e293affc69079b4273f9d1969198563b37f68314f1,2024-11,Sussex Police,Sussex Police,-0.174452,50.834104,On or near Clarendon Road,E01016872,Brighton and Hove 019C,Other theft,Investigation complete; no suspect identified,
a547974ee5cd5ccce601adc7d5ac52dd500d583511d804800c40f6452444d430,2024-11,Sussex Police,Sussex Police,-0.174452,50.834104,On or near Clarendon Road,E01016872,Brighton and Hove 019C,Public order,Investigation complete; no suspect identified,
04016c8f1613852fa92625e105cd7c28b26446e5951a19fb793f52bccf4f6f2e,2024-11,Sussex Police,Sussex Police,-0.174452,50.834104,On or near Clarendon Road,E01016872,Brighton and Hove 019C,Violence and sexual offences,Unable to prosecute suspect,
,2024-11,Sussex Police,Sussex Police,-0.170866,50.831359,On or near Eaton Villas,E01016873,Brighton and Hove 019D,Anti-social behaviour,,
,2024-11,Sussex Police,Sussex Police,-0.170866,50.831359,On or near Eaton Villas,E01016873,Brighton and Hove 019D,Anti-social behaviour,,
eea344ebb0a791ab47b455155c6c21af90c5c0184d0dca879e648eb9e786c91e,2024-11,Sussex Police,Sussex Police,-0.172305,50.835042,On or near Bus/Coach Station,E01016873,Brighton and Hove 019D,Bicycle theft,Investigation complete; no suspect identified,
fea4bbea4b1024a1c67066fe20e02a85d42af3843067d308130ff004c6f19185,2024-11,Sussex Police,Sussex Police,-0.173975,50.834673,On or near Conference/Exhibition Centre,E01016873,Brighton and Hove 019D,Bicycle theft,Status update unavailable,
9a916968d547647ead8286c73dfd99dd7b52c37fd24712a49b19e4b9b700fb6d,2024-11,Sussex Police,Sussex Police,-0.173528,50.834477,On or near Ellen Street,E01016873,Brighton and Hove 019D,Criminal damage and arson,Unable to prosecute suspect,
e4143b081c7bea7a6a5c481e5f7f35f0eac08860957cb5e4c18b8fcdca01bf7b,2024-11,Sussex Police,Sussex Police,-0.171918,50.834263,On or near Ethel Street,E01016873,Brighton and Hove 019D,Criminal damage and arson,Investigation complete; no suspect identified,
37a5354d3b7434fc1056d1d0880f5814a0f174551daf04c874d156bd66133bd5,2024-11,Sussex Police,Sussex Police,-0.171918,50.834263,On or near Ethel Street,E01016873,Brighton and Hove 019D,Criminal damage and arson,Local resolution,
e76c63564c5bc00e92a592e7a9a6cc9753b8b902198d90364f849911f437adfc,2024-11,Sussex Police,Sussex Police,-0.171918,50.834263,On or near Ethel Street,E01016873,Brighton and Hove 019D,Criminal damage and arson,Investigation complete; no suspect identified,
3febebcf2f4abe2745a0aac86abf16bab607efc1deb4a8426e1edb135ed99b88,2024-11,Sussex Police,Sussex Police,-0.176843,50.835050,On or near Conway Place,E01016873,Brighton and Hove 019D,Drugs,Investigation complete; no suspect identified,
e375a2e97511134e39ef8f42ab61cfbd959d348449fbe6fae760b6713e62c040,2024-11,Sussex Police,Sussex Police,-0.170369,50.833915,On or near Denmark Mews,E01016873,Brighton and Hove 019D,Possession of weapons,Further investigation is not in the public interest,
a09e9344dc26696eb0134c30b5b55f1c92dd532ce4f1a336b50c934eb73ee44f,2024-11,Sussex Police,Sussex Police,-0.170866,50.831359,On or near Eaton Villas,E01016873,Brighton and Hove 019D,Vehicle crime,Investigation complete; no suspect identified,
2f2cb8f26e9c1d2f4cdf4a5421b0030c05e182a133b1ad2d6c050ba9ca8d011b,2024-11,Sussex Police,Sussex Police,-0.176843,50.835050,On or near Conway Place,E01016873,Brighton and Hove 019D,Vehicle crime,Investigation complete; no suspect identified,
7fe445ae1be317f0a54ff31431cba767755b9c95d79eaab9ad28e49121504c7c,2024-11,Sussex Police,Sussex Police,-0.169989,50.834908,On or near Petrol Station,E01016873,Brighton and Hove 019D,Vehicle crime,Investigation complete; no suspect identified,
d962cb6944b6c78e3b757f2a3e88c647693409fa6fa4ccec5372e9dca024b6c6,2024-11,Sussex Police,Sussex Police,-0.169989,50.834908,On or near Petrol Station,E01016873,Brighton and Hove 019D,Violence and sexual offences,Unable to prosecute suspect,
6b80db32b4bcbaff1bb490f5d9c2cfd9698aa03de6b52748eaf541428863e860,2024-11,Sussex Police,Sussex Police,-0.172305,50.835042,On or near Bus/Coach Station,E01016873,Brighton and Hove 019D,Violence and sexual offences,Unable to prosecute suspect,
57f91d42acc9f91a0fccce90c805020a255c0e9cbb016c160430ed43c8250efa,2024-11,Sussex Police,Sussex Police,-0.176843,50.835050,On or near Conway Place,E01016873,Brighton and Hove 019D,Violence and sexual offences,Unable to prosecute suspect,
9d8b0557eb0432d20fd7618c6efd558f6659e94f5c4dead44d1ebe34b3082e58,2024-11,Sussex Police,Sussex Police,-0.176843,50.835050,On or near Conway Place,E01016873,Brighton and Hove 019D,Violence and sexual offences,Unable to prosecute suspect,
ffd839ffc65e2ad4407e05b3aa93e6ffaa3b869e87a5d48c349f9f0d50f18634,2024-11,Sussex Police,Sussex Police,-0.167241,50.833632,On or near Eaton Grove,E01016873,Brighton and Hove 019D,Violence and sexual offences,Unable to prosecute suspect,
,2024-11,Sussex Police,Sussex Police,-0.172642,50.836801,On or near Fonthill Road,E01016878,Brighton and Hove 019E,Anti-social behaviour,,
,2024-11,Sussex Police,Sussex Police,-0.169350,50.837460,On or near Ranelagh Villas,E01016878,Brighton and Hove 019E,Anti-social behaviour,,
6434e1a6b881e4dff035029e8c7809c2d80f39fae08ca878e7f512fcc51cba0c,2024-11,Sussex Police,Sussex Police,-0.172455,50.837239,On or near Hartington Villas,E01016878,Brighton and Hove 019E,Burglary,Investigation complete; no suspect identified,
,2024-11,Sussex Police,Sussex Police,-0.163234,50.834423,On or near Wilbury Villas,E01016870,Brighton and Hove 020A,Anti-social behaviour,,
0aa373ec1c008cf545a742ce898639ee501e4fe05d1d66f05502c6a7f9a264c6,2024-11,Sussex Police,Sussex Police,-0.160883,50.834269,On or near Wilbury Crescent,E01016870,Brighton and Hove 020A,Criminal damage and arson,Investigation complete; no suspect identified,
dcd673d4dec0eadcbaa9fd9f5872633bb9b5ee48662fa5dd89e9bb08eecf9404,2024-11,Sussex Police,Sussex Police,-0.160201,50.834978,On or near Burton Villas,E01016870,Brighton and Hove 020A,Public order,Unable to prosecute suspect,
93b6a388a451d68511682133680f39d82fdde14e01f79b85f8b6c2b8135e5ff8,2024-11,Sussex Police,Sussex Police,-0.166824,50.833400,On or near Cambridge Grove,E01016870,Brighton and Hove 020A,Public order,Unable to prosecute suspect,
1eb53d96a890202a0fda2a9b21e15cc4c2e30532ff55333a6c6664be8852cf6f,2024-11,Sussex Police,Sussex Police,-0.160952,50.835385,On or near Bigwood Avenue,E01016870,Brighton and Hove 020A,Vehicle crime,Investigation complete; no suspect identified,
78fa587171a7d580e4a3127e117bd2065e14ba058deba173c44528f008f808f2,2024-11,Sussex Police,Sussex Police,-0.160952,50.835385,On or near Bigwood Avenue,E01016870,Brighton and Hove 020A,Violence and sexual offences,Status update unavailable,
,2024-11,Sussex Police,Sussex Police,-0.159613,50.831155,On or near Chatsworth Square,E01016874,Brighton and Hove 020B,Anti-social behaviour,,
,2024-11,Sussex Police,Sussex Police,-0.159613,50.831155,On or near Chatsworth Square,E01016874,Brighton and Hove 020B,Anti-social behaviour,,
,2024-11,Sussex Police,Sussex Police,-0.159613,50.831155,On or near Chatsworth Square,E01016874,Brighton and Hove 020B,Anti-social behaviour,,
c59c98a39a286c9b6b9e82bb46176520cb7bb2123607f50200133871893a49e9,2024-11,Sussex Police,Sussex Police,-0.159613,50.831155,On or near Chatsworth Square,E01016874,Brighton and Hove 020B,Burglary,Investigation complete; no suspect identified,
61a89a36c7fd3d9d554f83876a5b9d3ed507eb060b2ab297fca3575d0da43058,2024-11,Sussex Police,Sussex Police,-0.159613,50.831155,On or near Chatsworth Square,E01016874,Brighton and Hove 020B,Other theft,Investigation complete; no suspect identified,
236000b20721ce112fa93e14c548455a6040de7c6559f8d690e00ee3cc96e01c,2024-11,Sussex Police,Sussex Police,-0.165950,50.829978,On or near Wilbury Road,E01016874,Brighton and Hove 020B,Vehicle crime,Investigation complete; no suspect identified,
,2024-11,Sussex Police,Sussex Police,-0.157402,50.833207,On or near Lyndhurst Road,E01016875,Brighton and Hove 020C,Anti-social behaviour,,
848651c5aa9703f066dbb6ebfd2654c177f6edad491f8e0cb92f98092963c1a2,2024-11,Sussex Police,Sussex Police,-0.154743,50.832940,On or near Montefiore Road,E01016875,Brighton and Hove 020C,Criminal damage and arson,Investigation complete; no suspect identified,
e5a37726b4ea26daf67e86db3c942f994cbca3ed0e66fd8e1498218c622d9e23,2024-11,Sussex Police,Sussex Police,-0.151939,50.832023,On or near Addison Road,E01016875,Brighton and Hove 020C,Drugs,Awaiting court outcome,
6501b6aadcdeb69f65e6b3347245710688b463811e761d61990cd84591109dc7,2024-11,Sussex Police,Sussex Police,-0.155286,50.833929,On or near Avondale Road,E01016875,Brighton and Hove 020C,Violence and sexual offences,Status update unavailable,
,2024-11,Sussex Police,Sussex Police,-0.155422,50.830496,On or near Nizells Avenue,E01016876,Brighton and Hove 020D,Anti-social behaviour,,
,2024-11,Sussex Police,Sussex Police,-0.155422,50.830496,On or near Nizells Avenue,E01016876,Brighton and Hove 020D,Anti-social behaviour,,
d71475d3fd16a2618714a03bdfbc8cb27ab92e50cebceadfb10eb109cf2f1e2f,2024-11,Sussex Police,Sussex Police,-0.156251,50.828197,On or near Furze Hill,E01016876,Brighton and Hove 020D,Bicycle theft,Investigation complete; no suspect identified,
176e8e39ff24de3cdd18f3479d73293ebb5f00f79493e7129f380aaba6d44d13,2024-11,Sussex Police,Sussex Police,-0.148045,50.831386,On or near Melville Road,E01016876,Brighton and Hove 020D,Criminal damage and arson,Status update unavailable,
0a6749f2bc219ec683ccd97da4fb4f1dc0119cb66eef09eabfbe1b9a8442af0c,2024-11,Sussex Police,Sussex Police,-0.148045,50.831386,On or near Melville Road,E01016876,Brighton and Hove 020D,Criminal damage and arson,Investigation complete; no suspect identified,
164a1fddc1183872276a39ddacd0ebe028a33cfb1fb63a60d82f415531cc97dc,2024-11,Sussex Police,Sussex Police,-0.156251,50.828197,On or near Furze Hill,E01016876,Brighton and Hove 020D,Drugs,Status update unavailable,
65ded4a5fc0deeef0a70b3b18eb47eb2e6d7e740f7295c6ea29c291632ff187d,2024-11,Sussex Police,Sussex Police,-0.153810,50.828509,On or near York Avenue,E01016876,Brighton and Hove 020D,Other theft,Investigation complete; no suspect identified,
e763514d5a63ca449d92231f6bb29bf694aa6b7d1b6a11764de3a4a8f766eaec,2024-11,Sussex Police,Sussex Police,-0.149750,50.831350,On or near Julian Road,E01016876,Brighton and Hove 020D,Possession of weapons,Offender given a caution,
c98c21fb69852dd5f2e3aee013787917df703021d4b2377cc314093393ee3947,2024-11,Sussex Police,Sussex Police,-0.147868,50.830826,On or near Goldsmid Road,E01016876,Brighton and Hove 020D,Public order,Investigation complete; no suspect identified,
a78c6619455c4c4372aee45e5e012364b42468adacd36e1842ebdbc5ce54a444,2024-11,Sussex Police,Sussex Police,-0.149750,50.831350,On or near Julian Road,E01016876,Brighton and Hove 020D,Vehicle crime,Investigation complete; no suspect identified,
b1b0daa4a8bff0a0bd7fd4f505e0a68e29f70456f76df0acc55ef0e2044dbf01,2024-11,Sussex Police,Sussex Police,-0.153810,50.828509,On or near York Avenue,E01016876,Brighton and Hove 020D,Vehicle crime,Investigation complete; no suspect identified,
,2024-11,Sussex Police,Sussex Police,-0.159350,50.830261,On or near Somerhill Avenue,E01016877,Brighton and Hove 020E,Anti-social behaviour,,
,2024-11,Sussex Police,Sussex Police,-0.159350,50.830261,On or near Somerhill Avenue,E01016877,Brighton and Hove 020E,Anti-social behaviour,,
1c3519db97a3dca48f31d39a3f04d527aabf8305ceb2f4a9fc6b82b73e105acb,2024-11,Sussex Police,Sussex Police,-0.159350,50.830261,On or near Somerhill Avenue,E01016877,Brighton and Hove 020E,Other theft,Investigation complete; no suspect identified,
985d9a73b77575ba304272566cb8e95ca18e927c2553119e03bd6c2d79d32528,2024-11,Sussex Police,Sussex Police,-0.159147,50.827838,On or near Lansdowne Road,E01016877,Brighton and Hove 020E,Other theft,Unable to prosecute suspect,
2eda5250d2ab6fde7ccd6d1d9f4efb4907d1c399e9a10c8c9d64a074802726a4,2024-11,Sussex Police,Sussex Police,-0.159350,50.830261,On or near Somerhill Avenue,E01016877,Brighton and Hove 020E,Violence and sexual offences,Investigation complete; no suspect identified,
8541a305ff2212525d2f19ad2e09432c574775184a3fac4479ef60f82647c4c9,2024-11,Sussex Police,Sussex Police,-0.159350,50.830261,On or near Somerhill Avenue,E01016877,Brighton and Hove 020E,Violence and sexual offences,Unable to prosecute suspect,
,2024-11,Sussex Police,Sussex Police,-0.208769,50.833935,On or near Gordon Close,E01016974,Brighton and Hove 021A,Anti-social behaviour,,
,2024-11,Sussex Police,Sussex Police,-0.207490,50.832863,On or near Station Road,E01016974,Brighton and Hove 021A,Anti-social behaviour,,
,2024-11,Sussex Police,Sussex Police,-0.210655,50.835946,On or near Shopping Area,E01016974,Brighton and Hove 021A,Anti-social behaviour,,
,2024-11,Sussex Police,Sussex Police,-0.207383,50.833059,On or near B2194,E01016974,Brighton and Hove 021A,Anti-social behaviour,,
,2024-11,Sussex Police,Sussex Police,-0.208769,50.833935,On or near Gordon Close,E01016974,Brighton and Hove 021A,Anti-social behaviour,,
364dd1707b044b81de5d6b856ffb13bdee355eeac2bed89f3c358e71ba60b83a,2024-11,Sussex Police,Sussex Police,-0.206883,50.833870,On or near Boundary Road,E01016974,Brighton and Hove 021A,Burglary,Investigation complete; no suspect identified,
7155d27337c2561e004eab0e3dff0d82fba5dc6bc75e42af91a563bc1e2cc397,2024-11,Sussex Police,Sussex Police,-0.207128,50.837120,On or near Links Road,E01016974,Brighton and Hove 021A,Criminal damage and arson,Investigation complete; no suspect identified,
af43f49eba2d62415e0de1a829cca56670f1ec6102590437a92a1493a269b0cd,2024-11,Sussex Police,Sussex Police,-0.209321,50.831020,On or near East Street,E01016974,Brighton and Hove 021A,Criminal damage and arson,Status update unavailable,
85290d5481493914f113b7692418d7d9cfc16074329c4f4b00aa574594a4ec07,2024-11,Sussex Police,Sussex Police,-0.207128,50.837120,On or near Links Road,E01016974,Brighton and Hove 021A,Criminal damage and arson,Investigation complete; no suspect identified,
c954531882496473b2a7b75f28457b8d9df91582510231d2266e9c0d1dce0f79,2024-11,Sussex Police,Sussex Police,-0.207490,50.832863,On or near Station Road,E01016974,Brighton and Hove 021A,Criminal damage and arson,Investigation complete; no suspect identified,
05dda4c670612de2acfe812217e1e16bd72d8af95e73a881bfc1006462b29653,2024-11,Sussex Police,Sussex Police,-0.208582,50.829543,On or near Basin Road North,E01016974,Brighton and Hove 021A,Drugs,Local resolution,
e84de256b785075e0b2d24f0b6e61e3989b9f1288c5249c2029caff550a6a1b5,2024-11,Sussex Police,Sussex Police,-0.207661,50.837272,On or near The Gardens,E01016974,Brighton and Hove 021A,Drugs,Local resolution,
da08c0048bf0c420e4d69eeee62edf64300e4872c4170b8b2b6361e84a792049,2024-11,Sussex Police,Sussex Police,-0.206036,50.836323,On or near Supermarket,E01016974,Brighton and Hove 021A,Other theft,Investigation complete; no suspect identified,
4f10fe99cffa12f277b584e224772216356b02de76b5253c11d20cb94c4f88f3,2024-11,Sussex Police,Sussex Police,-0.209321,50.831020,On or near East Street,E01016974,Brighton and Hove 021A,Public order,Unable to prosecute suspect,
55e76b5d06435ab07ca3ad477859c3af3f21e833484d3811fb4939ebe6d0e8e3,2024-11,Sussex Police,Sussex Police,-0.210655,50.835946,On or near Shopping Area,E01016974,Brighton and Hove 021A,Public order,Investigation complete; no suspect identified,
4e3472ea64da25f3a265361ceabea7f752553a78a54c6d61ac0054a068ff02a5,2024-11,Sussex Police,Sussex Police,-0.205229,50.836623,On or near Carlton Terrace,E01016974,Brighton and Hove 021A,Public order,Investigation complete; no suspect identified,
a523467c838a3ce1b75ead6dab2fd8451ff663e2a520c78ea956c4f63899ad1c,2024-11,Sussex Police,Sussex Police,-0.206883,50.833870,On or near Boundary Road,E01016974,Brighton and Hove 021A,Robbery,Investigation complete; no suspect identified,
0151579203254f7560147f18b26cab8b471960afbda46f3e64171c0bea751eab,2024-11,Sussex Police,Sussex Police,-0.206883,50.833870,On or near Boundary Road,E01016974,Brighton and Hove 021A,Shoplifting,Investigation complete; no suspect identified,
b48ccba8a6027b91702f20d0fb70fe5dd5048bf1bb7743f0c19f5b1cc6252e28,2024-11,Sussex Police,Sussex Police,-0.206883,50.833870,On or near Boundary Road,E01016974,Brighton and Hove 021A,Shoplifting,Investigation complete; no suspect identified,
0b5c7f2d1ba3104fd7472cd72ebe6d1d1b5ece771a6fa56c80142d0bf390c735,2024-11,Sussex Police,Sussex Police,-0.206036,50.836323,On or near Supermarket,E01016974,Brighton and Hove 021A,Shoplifting,Unable to prosecute suspect,
3a355f7ab8bf5baff9a6604b5b3a39be57813210be383092a0a0c57bb3e1fca3,2024-11,Sussex Police,Sussex Police,-0.206883,50.833870,On or near Boundary Road,E01016974,Brighton and Hove 021A,Shoplifting,Unable to prosecute suspect,
9c612f9cc432fe55b853093be1a3ab79ebb9e635d694cfde04a3943fffab8b90,2024-11,Sussex Police,Sussex Police,-0.210401,50.836577,On or near Southdown Avenue,E01016974,Brighton and Hove 021A,Vehicle crime,Investigation complete; no suspect identified,
5d40f91702001c9d8ae8a5ad232870878d6e2cd9553935c3b98da35e31b7486f,2024-11,Sussex Police,Sussex Police,-0.210401,50.834715,On or near Vale Road,E01016974,Brighton and Hove 021A,Vehicle crime,Investigation complete; no suspect identified,
5b77a379940efdfb2c66fcdc50a734a73b265e43fb4e35ab26c6d43a6604584a,2024-11,Sussex Police,Sussex Police,-0.207383,50.833059,On or near B2194,E01016974,Brighton and Hove 021A,Vehicle crime,Unable to prosecute suspect,
d9a874487a9a8ee25206e05132f372d6ca221af2e487ec32355a91a03dd64f49,2024-11,Sussex Police,Sussex Police,-0.209365,50.830239,On or near Clarendon Place,E01016974,Brighton and Hove 021A,Violence and sexual offences,Unable to prosecute suspect,
1371204e9beec130230abd2c5653aa31a581161915279c606ddff4d574b5244e,2024-11,Sussex Police,Sussex Police,-0.206036,50.836323,On or near Supermarket,E01016974,Brighton and Hove 021A,Violence and sexual offences,Investigation complete; no suspect identified,
2890136f7f1ea30a2c7e55bc6859560b372a58700536a0ca49bf49764d030905,2024-11,Sussex Police,Sussex Police,-0.209321,50.831020,On or near East Street,E01016974,Brighton and Hove 021A,Violence and sexual offences,Investigation complete; no suspect identified,
77c474881fb4ec4c5659ca0cd49429fd74360d8acd2fd224ab04d6e4bd58961a,2024-11,Sussex Police,Sussex Police,-0.209321,50.831020,On or near East Street,E01016974,Brighton and Hove 021A,Violence and sexual offences,Investigation complete; no suspect identified,
4ca52f31b4bf93ad03503a1dd1f427f0b9597b2b3c2e79b88252856c22c04b47,2024-11,Sussex Police,Sussex Police,-0.211595,50.830974,On or near West Street,E01016974,Brighton and Hove 021A,Violence and sexual offences,Unable to prosecute suspect,
4b3374d8298e79afba23d7f24a529d84688427fee019940bb47c23bb2c15a460,2024-11,Sussex Police,Sussex Police,-0.210655,50.835946,On or near Shopping Area,E01016974,Brighton and Hove 021A,Violence and sexual offences,Unable to prosecute suspect,
8a4e35fa26dfb03bda5b0bc779191bef25c80e2bc877fad6d19de10df2b1372f,2024-11,Sussex Police,Sussex Police,-0.210655,50.835946,On or near Shopping Area,E01016974,Brighton and Hove 021A,Violence and sexual offences,Unable to prosecute suspect,
b1fba790260f43fa8cfffddb12ae7251d5220ec5e49263eb9b62fead28c4b7b9,2024-11,Sussex Police,Sussex Police,-0.209174,50.827079,On or near Basin Road South,E01016974,Brighton and Hove 021A,Other crime,Action to be taken by another organisation,
7b6846af9d8c2989bedc4730bfab28ba3c9ba26a8a70512d2b6d6a8314b10063,2024-11,Sussex Police,Sussex Police,-0.208361,50.830493,On or near Seaford Road,E01016974,Brighton and Hove 021A,Other crime,Unable to prosecute suspect,
c5c2ef4b1b955077fd532f7b18bd0a762b88e4a3bf02e1c48f81d1640258131b,2024-11,Sussex Police,Sussex Police,-0.213791,50.832213,On or near Church Street,E01016975,Brighton and Hove 021B,Other theft,Unable to prosecute suspect,
2837c579cc7e7fc3376e7eb825cbca140bd7250181f23d29a7db9c3a461fc872,2024-11,Sussex Police,Sussex Police,-0.214320,50.833975,On or near Vale Gardens,E01016975,Brighton and Hove 021B,Public order,Investigation complete; no suspect identified,
14743d914bfe3eeab7e6df0124ec65ec0c01442e92a4e2dd2ef520e7bffcfbd0,2024-11,Sussex Police,Sussex Police,-0.213791,50.832213,On or near Church Street,E01016975,Brighton and Hove 021B,Violence and sexual offences,Investigation complete; no suspect identified,
34e465e89125abb404c1abe0818a2414f9b0813d89ccfdc55abf2866e3857ba0,2024-11,Sussex Police,Sussex Police,-0.201368,50.830664,On or near Derek Avenue,E01016992,Brighton and Hove 021C,Other theft,Investigation complete; no suspect identified,
09613a064d6aae88018fbb88885673ee9167918fbd420be0c91c62fada02ee83,2024-11,Sussex Police,Sussex Police,-0.195906,50.829977,On or near Sports/Recreation Area,E01016992,Brighton and Hove 021C,Vehicle crime,Investigation complete; no suspect identified,
7c9bb5857c9d054eb0ecc9101fc5ccb8009d86d9cc0a5e4524ea8da3485628bc,2024-11,Sussex Police,Sussex Police,-0.196104,50.834243,On or near Mansfield Road,E01016992,Brighton and Hove 021C,Violence and sexual offences,Unable to prosecute suspect,
,2024-11,Sussex Police,Sussex Police,-0.204523,50.829332,On or near Petrol Station,E01016994,Brighton and Hove 021D,Anti-social behaviour,,
bbffd514edeb27f171528707f433c549703c2dbd779110fa47810f14554ad2cb,2024-11,Sussex Police,Sussex Police,-0.204523,50.829332,On or near Petrol Station,E01016994,Brighton and Hove 021D,Other theft,Investigation complete; no suspect identified,
d5fdc7563404ee2507f6bd6e797707cc6290f18438c0def598a820ff486c5656,2024-11,Sussex Police,Sussex Police,-0.206846,50.830749,On or near St Leonard'S Road,E01016994,Brighton and Hove 021D,Violence and sexual offences,Unable to prosecute suspect,
,2024-11,Sussex Police,Sussex Police,-0.205455,50.835548,On or near Parking Area,E01016997,Brighton and Hove 021E,Anti-social behaviour,,
,2024-11,Sussex Police,Sussex Police,-0.205455,50.835548,On or near Parking Area,E01016997,Brighton and Hove 021E,Anti-social behaviour,,
3ef33781081edc7a2319b99030beb2f93f72a47d0b30a39317915f528d9efa0e,2024-11,Sussex Police,Sussex Police,-0.205134,50.835030,On or near Worcester Villas,E01016997,Brighton and Hove 021E,Bicycle theft,Investigation complete; no suspect identified,
e9f42b87506bbab18ef0d63bcd576f72aa0273e1eca3250d45a5b12f865e61ba,2024-11,Sussex Police,Sussex Police,-0.205455,50.835548,On or near Parking Area,E01016997,Brighton and Hove 021E,Public order,Investigation complete; no suspect identified,
5563fd052bf9f9f8c28f98ce1a430e7362c8b5b9121ff7e7e965e8e04f14a51a,2024-11,Sussex Police,Sussex Police,-0.205455,50.835548,On or near Parking Area,E01016997,Brighton and Hove 021E,Violence and sexual offences,Status update unavailable,
,2024-11,Sussex Police,Sussex Police,-0.122420,50.832613,On or near Bonchurch Road,E01016889,Brighton and Hove 022A,Anti-social behaviour,,
1086f00bf79ec89f11157028b87c9d23271068c7012be37955b6cdd61b74d5d0,2024-11,Sussex Police,Sussex Police,-0.124326,50.833597,On or near Picton Street,E01016889,Brighton and Hove 022A,Possession of weapons,Court result unavailable,
8aa5cb0d5537662db89cb2898716f52380874f7feeabe2933ec2829ec4e97924,2024-11,Sussex Police,Sussex Police,-0.124326,50.833597,On or near Picton Street,E01016889,Brighton and Hove 022A,Vehicle crime,Investigation complete; no suspect identified,
,2024-11,Sussex Police,Sussex Police,-0.123849,50.832034,On or near Wellington Street,E01016891,Brighton and Hove 022B,Anti-social behaviour,,
,2024-11,Sussex Police,Sussex Police,-0.123849,50.832034,On or near Wellington Street,E01016891,Brighton and Hove 022B,Anti-social behaviour,,
99ab1cc86bf9c1e45e35464e2fa451fec7ed9c21472832f03f19444cf2e53768,2024-11,Sussex Police,Sussex Police,-0.121262,50.831389,On or near Elm Grove,E01016891,Brighton and Hove 022B,Burglary,Status update unavailable,
fb56b87c4386cfc9f90ea85aaabe6420fab3a85add8d1a227b104a873284ccdd,2024-11,Sussex Police,Sussex Police,-0.121262,50.831389,On or near Elm Grove,E01016891,Brighton and Hove 022B,Public order,Investigation complete; no suspect identified,
d9feb8842ddeb1c87fd30d1d0d5f11caa89aa62a46cbbab56553df16d8bfce11,2024-11,Sussex Police,Sussex Police,-0.121262,50.831389,On or near Elm Grove,E01016891,Brighton and Hove 022B,Robbery,Unable to prosecute suspect,
59e92d92ecb36c19b0e45f15916bbd81e55dc77b28a9e541e7edc1640dc54193,2024-11,Sussex Police,Sussex Police,-0.125458,50.832284,On or near De Montfort Road,E01016891,Brighton and Hove 022B,Vehicle crime,Investigation complete; no suspect identified,
302590a664b4e5868f86022583fa11a3e03a4f85e6a0ad841665da2f0ee8dd9a,2024-11,Sussex Police,Sussex Police,-0.121262,50.831389,On or near Elm Grove,E01016891,Brighton and Hove 022B,Vehicle crime,Investigation complete; no suspect identified,
2866c9f4168c8e66fdb64ea50eb0c37d080eb41900ef50dc7035fbf6cf7b51d1,2024-11,Sussex Police,Sussex Police,-0.127748,50.831476,On or near Milton Road,E01016891,Brighton and Hove 022B,Vehicle crime,Investigation complete; no suspect identified,
b1a463806cdc1a90e4348cff15a3a024881bbec24e3c6eed5950fac73ee0799f,2024-11,Sussex Police,Sussex Police,-0.127748,50.831476,On or near Milton Road,E01016891,Brighton and Hove 022B,Vehicle crime,Investigation complete; no suspect identified,
216f13136ba2d8879dcd76f4a2c9739f8acb4f84a8589431bcc8b341bbca00a8,2024-11,Sussex Police,Sussex Police,-0.120878,50.834216,On or near Hartington Terrace,E01016891,Brighton and Hove 022B,Vehicle crime,Investigation complete; no suspect identified,
0f23dd568e042a1e37ad7524734e09a5291147c5ee53f36c36ee2616a7a17217,2024-11,Sussex Police,Sussex Police,-0.123849,50.832034,On or near Wellington Street,E01016891,Brighton and Hove 022B,Violence and sexual offences,Unable to prosecute suspect,
42e42182cfe11b7c23c63960de7fadf096dba028250b11a821a4aca2a197103c,2024-11,Sussex Police,Sussex Police,-0.121650,50.834444,On or near Hartington Place,E01016891,Brighton and Hove 022B,Violence and sexual offences,Unable to prosecute suspect,
3377bdd04fb81d74388992cec3be0c050d7b05f4452062ec59bed3182dcca5a6,2024-11,Sussex Police,Sussex Police,-0.126933,50.832686,On or near Wellington Road,E01016891,Brighton and Hove 022B,Violence and sexual offences,Unable to prosecute suspect,
664010a02f7998f399046ec9c9b9b64364e760864bc045078cd092bfec03f4ab,2024-11,Sussex Police,Sussex Police,-0.121650,50.834444,On or near Hartington Place,E01016891,Brighton and Hove 022B,Violence and sexual offences,Unable to prosecute suspect,
,2024-11,Sussex Police,Sussex Police,-0.129993,50.830028,On or near Hanover Terrace,E01016894,Brighton and Hove 022C,Anti-social behaviour,,
,2024-11,Sussex Police,Sussex Police,-0.134028,50.828905,On or near Waterloo Place,E01016894,Brighton and Hove 022C,Anti-social behaviour,,
,2024-11,Sussex Police,Sussex Police,-0.134028,50.828905,On or near Waterloo Place,E01016894,Brighton and Hove 022C,Anti-social behaviour,,
fd002311fa0f8fc9dbfbd9e99a66bba61aacfc86fc2d745f95e313ccf7b02e76,2024-11,Sussex Police,Sussex Police,-0.130884,50.830816,On or near Hanover Crescent,E01016894,Brighton and Hove 022C,Criminal damage and arson,Investigation complete; no suspect identified,
58aee37ac96aad98c292ef252b68089193e62cf6cc375655ca60e1d959a2fbbd,2024-11,Sussex Police,Sussex Police,-0.133009,50.829177,On or near Malthouse Lane,E01016894,Brighton and Hove 022C,Criminal damage and arson,Investigation complete; no suspect identified,
e88dd28ffe5c173891f5d898e61dcd5df4e5ebf10ec414d046fdb9d0ea0b9daa,2024-11,Sussex Police,Sussex Police,-0.134028,50.828905,On or near Waterloo Place,E01016894,Brighton and Hove 022C,Drugs,Investigation complete; no suspect identified,
c4aaeda12ef190c86908719bdd6e2257e7860a34c985f09906ffb0fcca8f60fb,2024-11,Sussex Police,Sussex Police,-0.134028,50.828905,On or near Waterloo Place,E01016894,Brighton and Hove 022C,Drugs,Court result unavailable,
5ea930edbbad35bf56947064b8821a37f943e03a3199856fb094073ab361e1d4,2024-11,Sussex Police,Sussex Police,-0.134028,50.828905,On or near Waterloo Place,E01016894,Brighton and Hove 022C,Drugs,Offender given a caution,
e66f2dddb7723bb2ee3fc919a054c2b91792a85db6f7da6a9165dca04051acc8,2024-11,Sussex Police,Sussex Police,-0.134028,50.828905,On or near Waterloo Place,E01016894,Brighton and Hove 022C,Drugs,Local resolution,
df1b0c01f4edfe89c949ed6ec2aef9f4f1c359e7b037d1d67c882a2bb6c3af0c,2024-11,Sussex Police,Sussex Police,-0.133009,50.829177,On or near Malthouse Lane,E01016894,Brighton and Hove 022C,Drugs,Local resolution,
7dee2ce75b0cbef3079daeb6044f541db90d193fe60f95139787d2d15f52369c,2024-11,Sussex Police,Sussex Police,-0.134028,50.828905,On or near Waterloo Place,E01016894,Brighton and Hove 022C,Other theft,Investigation complete; no suspect identified,
36c7bc219c33f5abafbf881cf7cbcef6a386f18ebf19e3d4d30915efa0ba835c,2024-11,Sussex Police,Sussex Police,-0.133009,50.829177,On or near Malthouse Lane,E01016894,Brighton and Hove 022C,Other theft,Unable to prosecute suspect,
60e8c729d052d3b30e9bf321056502d43f40b17ef6b0a4a46d657f01742aeeb4,2024-11,Sussex Police,Sussex Police,-0.134028,50.828905,On or near Waterloo Place,E01016894,Brighton and Hove 022C,Public order,Unable to prosecute suspect,
e7302a0d7d7a66a6436bdcd06ee8e88c88dce7eb840c3cd880364a0b2b258bee,2024-11,Sussex Police,Sussex Police,-0.132864,50.828896,On or near Tamplin Terrace,E01016894,Brighton and Hove 022C,Vehicle crime,Investigation complete; no suspect identified,
c1dd41c5718e56334829eecf99f53df55aa43de82e3a357ceb54427aedaabaf2,2024-11,Sussex Police,Sussex Police,-0.134028,50.828905,On or near Waterloo Place,E01016894,Brighton and Hove 022C,Violence and sexual offences,Investigation complete; no suspect identified,
2102316955a94572b9b203ca21898002c099a6a9ee5a9b3060007360aaca1faa,2024-11,Sussex Police,Sussex Police,-0.133009,50.829177,On or near Malthouse Lane,E01016894,Brighton and Hove 022C,Violence and sexual offences,Unable to prosecute suspect,
a1c76208f55676b26489bd815a5360fad9676e5147fb51d1d96c02b40ec838f2,2024-11,Sussex Police,Sussex Police,-0.133009,50.829177,On or near Malthouse Lane,E01016894,Brighton and Hove 022C,Violence and sexual offences,Unable to prosecute suspect,
344c77b4efa5bec296f18a25e7c793bf065642b86c5ed13c95fab947364c8eea,2024-11,Sussex Police,Sussex Police,-0.133009,50.829177,On or near Malthouse Lane,E01016894,Brighton and Hove 022C,Violence and sexual offences,Unable to prosecute suspect,
bd82a001a5da75fe0325916931a3f75808d2844400b409aa94617e9fb0905a99,2024-11,Sussex Police,Sussex Police,-0.132864,50.828896,On or near Tamplin Terrace,E01016894,Brighton and Hove 022C,Violence and sexual offences,Offender given a caution,
9146b87ec9159ec316a4e0a4dd83e5672c635e3daab1286361a0cd00ec6a7da3,2024-11,Sussex Police,Sussex Police,-0.134028,50.828905,On or near Waterloo Place,E01016894,Brighton and Hove 022C,Other crime,Court result unavailable,
77905da9c7398186d61e50a27e6bfc1860ebc3e8a51d02745517d3591c917cf2,2024-11,Sussex Police,Sussex Police,-0.127462,50.829403,On or near Ewart Street,E01016896,Brighton and Hove 022D,Other theft,Investigation complete; no suspect identified,
fb34d9842515bc84d4d852363b02b9c74d828047fce6bfe8d52f074d8de272dc,2024-11,Sussex Police,Sussex Police,-0.128530,50.830022,On or near Washington Street,E01016896,Brighton and Hove 022D,Theft from the person,Investigation complete; no suspect identified,
56ff4c3077d606eea55d360d0caaa3c3fb7341562ea341ea0877053945fddfc0,2024-11,Sussex Police,Sussex Police,-0.126010,50.830899,On or near Hampden Road,E01016896,Brighton and Hove 022D,Vehicle crime,Investigation complete; no suspect identified,
0c64cbcc7571ca80c28afb5547fd47d57e94d7e06db5fedd7e81e007b6b15fdb,2024-11,Sussex Police,Sussex Police,-0.127462,50.829403,On or near Ewart Street,E01016896,Brighton and Hove 022D,Vehicle crime,Investigation complete; no suspect identified,
a20a024d132277a722930ff951d7439f5763f42dc0350093c51d0fb26847406a,2024-11,Sussex Police,Sussex Police,-0.127039,50.830025,On or near Grant Street,E01016896,Brighton and Hove 022D,Violence and sexual offences,Unable to prosecute suspect,
f8ccfa99cb78f61bd3c64c5bd72122bdfe4472dbeeab9737569ccd3b92f90327,2024-11,Sussex Police,Sussex Police,-0.126502,50.828182,On or near Finsbury Road,E01016897,Brighton and Hove 022E,Vehicle crime,Investigation complete; no suspect identified,
3ec4499aae6bf8c1f92efb7cd5f4e6388d48ce7dd0cc53d5d0f6072c53848628,2024-11,Sussex Police,Sussex Police,-0.127098,50.828560,On or near Southampton Street,E01016897,Brighton and Hove 022E,Vehicle crime,Investigation complete; no suspect identified,
ba0482ccf22e24b147c65361b964e0e9c9b6dc2ad3b398833050520de4f72149,2024-11,Sussex Police,Sussex Police,-0.128158,50.826905,On or near Montreal Road,E01016897,Brighton and Hove 022E,Violence and sexual offences,Unable to prosecute suspect,
4f05d8385b06fd99e03aa70a2a0b87b301e780c4afbbb347e3d82a97cc96ff0b,2024-11,Sussex Police,Sussex Police,-0.127163,50.826934,On or near Toronto Terrace,E01016897,Brighton and Hove 022E,Violence and sexual offences,Unable to prosecute suspect,
,2024-11,Sussex Police,Sussex Police,-0.184441,50.831032,On or near Rutland Gardens,E01016987,Brighton and Hove 023A,Anti-social behaviour,,
,2024-11,Sussex Police,Sussex Police,-0.184441,50.831032,On or near Rutland Gardens,E01016987,Brighton and Hove 023A,Anti-social behaviour,,
4d6294cf2d11a23895e4cd4843ac9d25f9a8aef6b8289a1765b9287a86bc4415,2024-11,Sussex Police,Sussex Police,-0.184512,50.833218,On or near Shelley Road,E01016987,Brighton and Hove 023A,Public order,Investigation complete; no suspect identified,
3174887cb76d9a68caa46817b351084c050096754a0466273234f28f436542bc,2024-11,Sussex Police,Sussex Police,-0.184441,50.831032,On or near Rutland Gardens,E01016987,Brighton and Hove 023A,Public order,Unable to prosecute suspect,
4f2c8e1d619659639e0b8c2147ef254d2c06cae21d08c991d2e0cc560bdac4d1,2024-11,Sussex Police,Sussex Police,-0.184512,50.833218,On or near Shelley Road,E01016987,Brighton and Hove 023A,Shoplifting,Unable to prosecute suspect,
36a4cf38bfade8363d571ef48ecb6f35142958ce2a643d5307f1a8172c042650,2024-11,Sussex Police,Sussex Police,-0.187619,50.831468,On or near Lawrence Road,E01016987,Brighton and Hove 023A,Violence and sexual offences,Unable to prosecute suspect,
7ba34f211e9af3e3eecdb015621008139ff87df0a139d0258282e9d5e8e01d16,2024-11,Sussex Police,Sussex Police,-0.187619,50.831468,On or near Lawrence Road,E01016987,Brighton and Hove 023A,Violence and sexual offences,Unable to prosecute suspect,
07cdf0629b14da658ee0d0159194aa9129bff21eb42473e70deaf0970815f6ec,2024-11,Sussex Police,Sussex Police,-0.184512,50.833218,On or near Shelley Road,E01016987,Brighton and Hove 023A,Violence and sexual offences,Unable to prosecute suspect,
76d59f9cfe35637e6a4dbbff77ca51ed5f67d05443187282de4a0a2b5aa9f3a7,2024-11,Sussex Police,Sussex Police,-0.189257,50.828040,On or near Langdale Road,E01016989,Brighton and Hove 023B,Criminal damage and arson,Investigation complete; no suspect identified,
dc52d78eeef4c97597b9df4aa3ccfa05aa0027cff4c0a57078443597da23caa4,2024-11,Sussex Police,Sussex Police,-0.185541,50.827559,On or near Sackville Gardens,E01016989,Brighton and Hove 023B,Public order,Status update unavailable,
0643d18068bf7945d70f7a489c081ebc82071bbb8c782f772f99438faee116e0,2024-11,Sussex Police,Sussex Police,-0.185541,50.827559,On or near Sackville Gardens,E01016989,Brighton and Hove 023B,Public order,Investigation complete; no suspect identified,
7f4331e399695d71115490ff48e4c692a1bf777b7e709ee3905cccd5306370ee,2024-11,Sussex Police,Sussex Police,-0.189257,50.828040,On or near Langdale Road,E01016989,Brighton and Hove 023B,Vehicle crime,Investigation complete; no suspect identified,
b97a2841b2f97bd798f2b0943df9bc9fddedec810fdd4c61bff6b907bf452a86,2024-11,Sussex Police,Sussex Police,-0.189776,50.829667,On or near Langdale Gardens,E01016989,Brighton and Hove 023B,Violence and sexual offences,Unable to prosecute suspect,
3d1c2cb13b1ca232bc40573d6f997649b2acd53bbc377783148ee5b4e53c174d,2024-11,Sussex Police,Sussex Police,-0.189776,50.829667,On or near Langdale Gardens,E01016989,Brighton and Hove 023B,Violence and sexual offences,Unable to prosecute suspect,
,2024-11,Sussex Police,Sussex Police,-0.191609,50.834066,On or near Portland Road,E01016993,Brighton and Hove 023C,Anti-social behaviour,,
,2024-11,Sussex Police,Sussex Police,-0.196103,50.834999,On or near Ingram Crescent,E01016993,Brighton and Hove 023C,Anti-social behaviour,,
1ce6b0a77b1375ac24b9f633228b19569274d297d2af4f927d45e4bc06d3ec4b,2024-11,Sussex Police,Sussex Police,-0.193870,50.833984,On or near Woodhouse Road,E01016993,Brighton and Hove 023C,Burglary,Investigation complete; no suspect identified,
35626ca7128cfcfa3a86c96051278832f6ece1afcca427ef1519f4894602037c,2024-11,Sussex Police,Sussex Police,-0.193096,50.835258,On or near Ingram Crescent East,E01016993,Brighton and Hove 023C,Criminal damage and arson,Investigation complete; no suspect identified,
4b029eabb19e8b8320f0901ae87ab5dd6cd2da7aeae4b737781eda86f95e5800,2024-11,Sussex Police,Sussex Police,-0.193096,50.835258,On or near Ingram Crescent East,E01016993,Brighton and Hove 023C,Other theft,Unable to prosecute suspect,
6b59f4099636dcbf2b25ab569c3db6dbe414978fa98193286af1718beb0ea884,2024-11,Sussex Police,Sussex Police,-0.195492,50.835367,On or near Ingram Crescent West,E01016993,Brighton and Hove 023C,Public order,Investigation complete; no suspect identified,
e6780c08c1cf86da22a27cf21da1608e61a8cd3efa71392437f1408044068ad8,2024-11,Sussex Police,Sussex Police,-0.193096,50.835258,On or near Ingram Crescent East,E01016993,Brighton and Hove 023C,Violence and sexual offences,Investigation complete; no suspect identified,
d4558c4e72fa525301e8777bd25ce2f890faa5d9647761a9a5c23018e56bda47,2024-11,Sussex Police,Sussex Police,-0.195492,50.835367,On or near Ingram Crescent West,E01016993,Brighton and Hove 023C,Violence and sexual offences,Unable to prosecute suspect,
2de4ff9e5dd96d749246f5c061592e7703b6120c597c6b6b159fc975aeb0a577,2024-11,Sussex Police,Sussex Police,-0.193096,50.835258,On or near Ingram Crescent East,E01016993,Brighton and Hove 023C,Violence and sexual offences,Unable to prosecute suspect,
7de81e8a34e2a83276a41c3afce57b65f35e4cafccb24402fca3ad7a109cd3a4,2024-11,Sussex Police,Sussex Police,-0.195492,50.835367,On or near Ingram Crescent West,E01016993,Brighton and Hove 023C,Other crime,Court result unavailable,
,2024-11,Sussex Police,Sussex Police,-0.191868,50.829924,On or near Berriedale Avenue,E01016995,Brighton and Hove 023D,Anti-social behaviour,,
82566ae56c35374fd9f341112095cb394077378584b8d666431ec8c23a6952f8,2024-11,Sussex Police,Sussex Police,-0.194557,50.828697,On or near Wish Road,E01016995,Brighton and Hove 023D,Burglary,Investigation complete; no suspect identified,
c9465c06da717c0341b1d3bcd1ebf8117d8857de2cfe956e0317d23c90755969,2024-11,Sussex Police,Sussex Police,-0.198757,50.828043,On or near Wharf Road,E01016995,Brighton and Hove 023D,Criminal damage and arson,Investigation complete; no suspect identified,
3233b2f7d2086f88e02abc42cdcf3966f3c116eb5ecc841a78c679e6ba99fe7c,2024-11,Sussex Police,Sussex Police,-0.192683,50.830881,On or near New Church Road,E01016995,Brighton and Hove 023D,Drugs,Offender given a caution,
bc632de4b3fbb3e0ee0617bf105375ace85bbfc76050759682e1e64e814d58e2,2024-11,Sussex Police,Sussex Police,-0.195910,50.827486,On or near Glendor Road,E01016995,Brighton and Hove 023D,Public order,Unable to prosecute suspect,
6bcb8aefc61a626617a5b48963f09566fc6e456dfbaafae3922a25b98411b39e,2024-11,Sussex Police,Sussex Police,-0.195910,50.827486,On or near Glendor Road,E01016995,Brighton and Hove 023D,Vehicle crime,Unable to prosecute suspect,
f2f7e6ab4310115de20608a517112f4da7d4b54a18cabd1d22852ed1acfe0c94,2024-11,Sussex Police,Sussex Police,-0.198757,50.828043,On or near Wharf Road,E01016995,Brighton and Hove 023D,Violence and sexual offences,Investigation complete; no suspect identified,
2035549e50a107b9bdbc866e8a80c9c2254b69780dce636ec62a87c65c112e88,2024-11,Sussex Police,Sussex Police,-0.198757,50.828043,On or near Wharf Road,E01016995,Brighton and Hove 023D,Violence and sexual offences,Investigation complete; no suspect identified,
c412f505d7b48b3135b288620633630b3b02a6be0608a4291b98208724527d63,2024-11,Sussex Police,Sussex Police,-0.149672,50.834407,On or near Chatsworth Road,E01016938,Brighton and Hove 024A,Other theft,Investigation complete; no suspect identified,
957a07bccdcae3d7e9f476d61c89b50416c5ee40e2339648b1465f7d3ea85bcc,2024-11,Sussex Police,Sussex Police,-0.149672,50.834407,On or near Chatsworth Road,E01016938,Brighton and Hove 024A,Violence and sexual offences,Status update unavailable,
,2024-11,Sussex Police,Sussex Police,-0.148231,50.829554,On or near Montpelier Crescent,E01016950,Brighton and Hove 024B,Anti-social behaviour,,
,2024-11,Sussex Police,Sussex Police,-0.147935,50.827346,On or near Powis Grove,E01016950,Brighton and Hove 024B,Anti-social behaviour,,
9a4f5d45022ee2e57ee0283abfc873877929927fe427cacda1812425b2638ac0,2024-11,Sussex Police,Sussex Police,-0.146178,50.827246,On or near B2121,E01016950,Brighton and Hove 024B,Burglary,Investigation complete; no suspect identified,
99e84ee299444a7e8a461797f5ffb28058cabacd0256e6df82a67db4b5591051,2024-11,Sussex Police,Sussex Police,-0.148150,50.828006,On or near Clifton Hill,E01016950,Brighton and Hove 024B,Criminal damage and arson,Investigation complete; no suspect identified,
3d8b002c03c3cc2facb9c17a50981888e914837e91a7ff91d2faae98b257094f,2024-11,Sussex Police,Sussex Police,-0.146178,50.827246,On or near B2121,E01016950,Brighton and Hove 024B,Drugs,Court result unavailable,
1484593b4efa39ac551fd85b37cdda86a50a087bee77f156990452f6d7ff0799,2024-11,Sussex Police,Sussex Police,-0.147935,50.827346,On or near Powis Grove,E01016950,Brighton and Hove 024B,Possession of weapons,Investigation complete; no suspect identified,
18b751afa2521ba5cbecbf62ef85f5c53ec615c348b1e175a0285340ff71d978,2024-11,Sussex Police,Sussex Police,-0.146178,50.827246,On or near B2121,E01016950,Brighton and Hove 024B,Violence and sexual offences,Unable to prosecute suspect,
3d3b1810f0ad1014dc6e38be198777b6cb6a093589e8b9d52fc0e8ea6af6309b,2024-11,Sussex Police,Sussex Police,-0.146178,50.827246,On or near B2121,E01016950,Brighton and Hove 024B,Violence and sexual offences,Unable to prosecute suspect,
,2024-11,Sussex Police,Sussex Police,-0.152776,50.828088,On or near Temple Gardens,E01016951,Brighton and Hove 024C,Anti-social behaviour,,
,2024-11,Sussex Police,Sussex Police,-0.153377,50.826524,On or near Montpelier Place,E01016951,Brighton and Hove 024C,Anti-social behaviour,,
cf28d4c13afbf9043d06d7003d74cfcecc9b1606810631cdc45810a3b08c9ba5,2024-11,Sussex Police,Sussex Police,-0.152200,50.828655,On or near Windlesham Road,E01016951,Brighton and Hove 024C,Criminal damage and arson,Local resolution,
ce60f94bbfc438fe87cd574acdd5b0de73d1e5072dd4b850c35b3f858d6e3c69,2024-11,Sussex Police,Sussex Police,-0.154017,50.825428,On or near Borough Street,E01016951,Brighton and Hove 024C,Other theft,Investigation complete; no suspect identified,
83c2d90a1325ce30d6c1b7c5dec1bcb0f2f702da9af8bb9a91e819d46d566be3,2024-11,Sussex Police,Sussex Police,-0.154017,50.825428,On or near Borough Street,E01016951,Brighton and Hove 024C,Other theft,Investigation complete; no suspect identified,
7febf8d0a4a48ad1b4ca420007e98c8aa048906bbece5e336982947b4066d9af,2024-11,Sussex Police,Sussex Police,-0.153377,50.826524,On or near Montpelier Place,E01016951,Brighton and Hove 024C,Violence and sexual offences,Unable to prosecute suspect,
5bf9484e951f76d7504fffd5ea6870467a3a4f5c91658701ba72a9f8b0ca3df7,2024-11,Sussex Police,Sussex Police,-0.152200,50.828655,On or near Windlesham Road,E01016951,Brighton and Hove 024C,Violence and sexual offences,Unable to prosecute suspect,
e0a75b78a525e1de4ef1cd98e6cc5fbefdbc5c34b5f8e0dbb28658b77e657a7e,2024-11,Sussex Police,Sussex Police,-0.152200,50.828655,On or near Windlesham Road,E01016951,Brighton and Hove 024C,Violence and sexual offences,Court result unavailable,
f052a992a78a2eb0f36ec264981e089b03baa57f1ef8ed356c11fe52b481ab4c,2024-11,Sussex Police,Sussex Police,-0.152200,50.828655,On or near Windlesham Road,E01016951,Brighton and Hove 024C,Violence and sexual offences,Court result unavailable,
5fb4bf5f436b362f2e9ea96f7a13b22504f95e4aa885c2c2fb52131d27b6f59c,2024-11,Sussex Police,Sussex Police,-0.153377,50.826524,On or near Montpelier Place,E01016951,Brighton and Hove 024C,Violence and sexual offences,Unable to prosecute suspect,
,2024-11,Sussex Police,Sussex Police,-0.147206,50.830680,On or near Supermarket,E01016967,Brighton and Hove 024D,Anti-social behaviour,,
2e3f6a7c2e56f14ae2f5d9877abdb393610b9d13977ecec7da50776ea6fd0df0,2024-11,Sussex Police,Sussex Police,-0.143948,50.831195,On or near Howard Place,E01016967,Brighton and Hove 024D,Burglary,Investigation complete; no suspect identified,
d2e6d64ff51039769c4a88567e79f10149a4e2aeff16a69b39b6a62f3b3f705d,2024-11,Sussex Police,Sussex Police,-0.147206,50.830680,On or near Supermarket,E01016967,Brighton and Hove 024D,Public order,Unable to prosecute suspect,
7d517b8666f85fc3f8cde1808c7cbacd3a2cea356ffd40e8bdbdc458c826e5cc,2024-11,Sussex Police,Sussex Police,-0.147206,50.830680,On or near Supermarket,E01016967,Brighton and Hove 024D,Shoplifting,Unable to prosecute suspect,
d1f18274563f8786eca6e3f9e314f9d6bcc81679463e865adf281d336420d5b2,2024-11,Sussex Police,Sussex Police,-0.144956,50.830851,On or near Buckingham Place,E01016967,Brighton and Hove 024D,Vehicle crime,Investigation complete; no suspect identified,
0215892ecea009de4c92d0edc6508a1c985f04379b644ac2cca181bbc09480db,2024-11,Sussex Police,Sussex Police,-0.147206,50.830680,On or near Supermarket,E01016967,Brighton and Hove 024D,Violence and sexual offences,Investigation complete; no suspect identified,
67c3b378e1095d8bf744b44a16c0ca628f241d96dcfcf2ca51212e70355e1d9d,2024-11,Sussex Police,Sussex Police,-0.145893,50.830848,On or near Bath Street,E01016967,Brighton and Hove 024D,Violence and sexual offences,Status update unavailable,
c24ae6e0eb6624a41c2f27133e3fa88193bb25319f44bead89f2ea56f0a52957,2024-11,Sussex Police,Sussex Police,-0.147206,50.830680,On or near Supermarket,E01016967,Brighton and Hove 024D,Violence and sexual offences,Unable to prosecute suspect,
c7ad20a1ceaab900433a9b3b38312259000df270661727fcea6381f7adeb21f8,2024-11,Sussex Police,Sussex Police,-0.145639,50.828668,On or near Albert Road,E01016968,Brighton and Hove 024E,Burglary,Investigation complete; no suspect identified,
,2024-11,Sussex Police,Sussex Police,-0.105064,50.832647,On or near Albourne Close,E01016864,Brighton and Hove 025A,Anti-social behaviour,,
77763fd1b51213fbd5f81da9c149087f211faea2d1e9079556572a70017e3da7,2024-11,Sussex Police,Sussex Police,-0.101269,50.830274,On or near Vines Cross Road,E01016864,Brighton and Hove 025A,Criminal damage and arson,Investigation complete; no suspect identified,
f09169b8d54db20b7cef8a3dc76729fed30b45c0dca28966be7d815514338880,2024-11,Sussex Police,Sussex Police,-0.105064,50.832647,On or near Albourne Close,E01016864,Brighton and Hove 025A,Criminal damage and arson,Investigation complete; no suspect identified,
3291e763a696b3d3c346426783203784e23b5443f58b84249770f76600e9acad,2024-11,Sussex Police,Sussex Police,-0.105064,50.832647,On or near Albourne Close,E01016864,Brighton and Hove 025A,Criminal damage and arson,Investigation complete; no suspect identified,
03c3c5bc5f484e1090268aa5b8e857a576f3152307525cdd1e526b78afadd8f8,2024-11,Sussex Police,Sussex Police,-0.101384,50.826058,On or near Wilson Avenue,E01016864,Brighton and Hove 025A,Criminal damage and arson,Unable to prosecute suspect,
6ef0f501d0c98754ecb8d134861d6f3274e01c3b00fb609d3ce758836f9ce875,2024-11,Sussex Police,Sussex Police,-0.101384,50.826058,On or near Wilson Avenue,E01016864,Brighton and Hove 025A,Criminal damage and arson,Unable to prosecute suspect,
3169d739d04ebe50c671cd18cd730511b64af31f7697dfa0c6e769645aea6ba2,2024-11,Sussex Police,Sussex Police,-0.107006,50.834352,On or near Race Track,E01016864,Brighton and Hove 025A,Drugs,Local resolution,
9c1b34f3a10ad9abc4391633c825d0c08d792e9858065df5f5625e86057212a3,2024-11,Sussex Police,Sussex Police,-0.101272,50.830571,On or near Sea-Saw Way,E01016864,Brighton and Hove 025A,Drugs,Formal action is not in the public interest,
3023771178fa152727541fc978ae3eff5d770bbbe816c6a9de09ee3af542c115,2024-11,Sussex Police,Sussex Police,-0.103870,50.832322,On or near Swanborough Place,E01016864,Brighton and Hove 025A,Other theft,Investigation complete; no suspect identified,
70731826cd1e5f09fcd6d950c76ab61421d80fc0630b3140d78f204345657c99,2024-11,Sussex Police,Sussex Police,-0.107006,50.834352,On or near Race Track,E01016864,Brighton and Hove 025A,Public order,Unable to prosecute suspect,
b35794388fb0837d2e555d4047508d420dd7bd5c632a221989f063548932b77a,2024-11,Sussex Police,Sussex Police,-0.106282,50.829573,On or near Ninfield Place,E01016864,Brighton and Hove 025A,Violence and sexual offences,Action to be taken by another organisation,
b0dac6d6a2adc78cd4fcf6fcab18c55fbcc6f9ee32473d636b95280cca73a95f,2024-11,Sussex Police,Sussex Police,-0.105064,50.832647,On or near Albourne Close,E01016864,Brighton and Hove 025A,Violence and sexual offences,Unable to prosecute suspect,
af0af747c490e4d17186aef8de99f636d2bacdbc8505b9c7259b4a60ba65bad8,2024-11,Sussex Police,Sussex Police,-0.106792,50.829267,On or near Coolham Drive,E01016864,Brighton and Hove 025A,Violence and sexual offences,Unable to prosecute suspect,
e0c9954800fd3ce10f9068790acfe2327cf63c35f1f4039499cd3f11dd5e0d62,2024-11,Sussex Police,Sussex Police,-0.105064,50.832647,On or near Albourne Close,E01016864,Brighton and Hove 025A,Violence and sexual offences,Unable to prosecute suspect,
11b6aa5846da50427237906913bcb28c190777fa4ea951c5d8a3deaaea23f83b,2024-11,Sussex Police,Sussex Police,-0.105064,50.832647,On or near Albourne Close,E01016864,Brighton and Hove 025A,Violence and sexual offences,Unable to prosecute suspect,
cb0eb9fc5d2afe53a0331d96cec21ae8d2341b20ca155c6879e2697471d9e86b,2024-11,Sussex Police,Sussex Police,-0.105064,50.832647,On or near Albourne Close,E01016864,Brighton and Hove 025A,Violence and sexual offences,Court result unavailable,
1fc6d01600e819603fdaca689006e985b1b4219bb00635e4ad3fd3d69d86680d,2024-11,Sussex Police,Sussex Police,-0.106792,50.829267,On or near Coolham Drive,E01016864,Brighton and Hove 025A,Violence and sexual offences,Unable to prosecute suspect,
18dea787d64ef8e12a9adf8bff1b63e054ed43edcae846258737b4b9cca3fb0f,2024-11,Sussex Police,Sussex Police,-0.106792,50.829267,On or near Coolham Drive,E01016864,Brighton and Hove 025A,Violence and sexual offences,Unable to prosecute suspect,
83aae19f46eddb5c605fe4d60c7acb9d8c9863fe206ed6bd369b92d6ecc645dd,2024-11,Sussex Police,Sussex Police,-0.106792,50.829267,On or near Coolham Drive,E01016864,Brighton and Hove 025A,Violence and sexual offences,Unable to prosecute suspect,
,2024-11,Sussex Police,Sussex Police,-0.105166,50.830131,On or near Pulborough Close,E01016865,Brighton and Hove 025B,Anti-social behaviour,,
c5cc1645c08254cd6f305a55417ecce713621dc89428b5e73f88239bf3c7c80a,2024-11,Sussex Police,Sussex Police,-0.105166,50.830131,On or near Pulborough Close,E01016865,Brighton and Hove 025B,Criminal damage and arson,Investigation complete; no suspect identified,
27e29433395ae320abac8bf92385a139345071bd449774519c5bbb7ad636828b,2024-11,Sussex Police,Sussex Police,-0.104617,50.829663,On or near Sompting Close,E01016865,Brighton and Hove 025B,Criminal damage and arson,Unable to prosecute suspect,
e7a01039a2d01a4744a62b7f6f179418cff4af31571b3181df4933adf2dc48c9,2024-11,Sussex Police,Sussex Police,-0.106421,50.831051,On or near Haybourne Close,E01016865,Brighton and Hove 025B,Other theft,Unable to prosecute suspect,
8d3cad9cb212c9f2b28f56c58cd9a405b37390e7a5df7814cc616fd238dbf039,2024-11,Sussex Police,Sussex Police,-0.104617,50.829663,On or near Sompting Close,E01016865,Brighton and Hove 025B,Vehicle crime,Investigation complete; no suspect identified,
45da573d93ad1b16bf50e8dd295b766736def68fd4bad45bd617fd8005a4116a,2024-11,Sussex Police,Sussex Police,-0.106421,50.831051,On or near Haybourne Close,E01016865,Brighton and Hove 025B,Violence and sexual offences,Unable to prosecute suspect,
214774ad02673aa3ebb3a9b4d2f564b2bb561a6a206dca376dfd0cae55553150,2024-11,Sussex Police,Sussex Police,-0.104135,50.828954,On or near Pett Close,E01016865,Brighton and Hove 025B,Violence and sexual offences,Unable to prosecute suspect,
65288197c424c156711476c2568f2bca8b25f704067555e4cbdef3f056f3ab27,2024-11,Sussex Police,Sussex Police,-0.104129,50.827353,On or near Uckfield Close,E01016865,Brighton and Hove 025B,Violence and sexual offences,Unable to prosecute suspect,
ce8789cfdf105920f5ced1264516119548daa3ea2b34707c7796b7e3d28afee8,2024-11,Sussex Police,Sussex Police,-0.105062,50.827800,On or near Whitehawk Way,E01016865,Brighton and Hove 025B,Violence and sexual offences,Unable to prosecute suspect,
1834a6780f3671946d80ba7a14619d125fc812b5e657dfee61c113f1985db19d,2024-11,Sussex Police,Sussex Police,-0.105025,50.830803,On or near Sevelands Close,E01016865,Brighton and Hove 025B,Violence and sexual offences,Further investigation is not in the public interest,
21239940a570ce658454b4c4348bef2fa4d2babc1ab742bc092271c95c72fe15,2024-11,Sussex Police,Sussex Police,-0.103421,50.828349,On or near Wiston Road,E01016865,Brighton and Hove 025B,Other crime,Unable to prosecute suspect,
e698854c77810ff4cab700791542e85c6430ab5a34da66c1af9a78040dbee4d2,2024-11,Sussex Police,Sussex Police,-0.104617,50.829663,On or near Sompting Close,E01016865,Brighton and Hove 025B,Other crime,Further investigation is not in the public interest,
42687ee8a9216a3a71c748b126e2b63b80796b011a7271ec0b52e2816742dd9e,2024-11,Sussex Police,Sussex Police,-0.104129,50.827353,On or near Uckfield Close,E01016865,Brighton and Hove 025B,Other crime,Unable to prosecute suspect,
,2024-11,Sussex Police,Sussex Police,-0.102969,50.820220,On or near Wadhurst Rise,E01016866,Brighton and Hove 025C,Anti-social behaviour,,
,2024-11,Sussex Police,Sussex Police,-0.108180,50.826196,On or near Parking Area,E01016866,Brighton and Hove 025C,Anti-social behaviour,,
,2024-11,Sussex Police,Sussex Police,-0.102969,50.820220,On or near Wadhurst Rise,E01016866,Brighton and Hove 025C,Anti-social behaviour,,
,2024-11,Sussex Police,Sussex Police,-0.102040,50.822490,On or near Ticehurst Road,E01016866,Brighton and Hove 025C,Anti-social behaviour,,
,2024-11,Sussex Police,Sussex Police,-0.108180,50.826196,On or near Parking Area,E01016866,Brighton and Hove 025C,Anti-social behaviour,,
9f8c50986fcaf5466f6a0e77b73ce32a5036772ad9fe1ba2288273b6078e6664,2024-11,Sussex Police,Sussex Police,-0.102120,50.823651,On or near Danehill Road,E01016866,Brighton and Hove 025C,Burglary,Local resolution,
b6e8d07ed15beaa0cf1557c22b00242314325a302931668196115481bf182f63,2024-11,Sussex Police,Sussex Police,-0.102040,50.822490,On or near Ticehurst Road,E01016866,Brighton and Hove 025C,Criminal damage and arson,Investigation complete; no suspect identified,
f6be0da5b5d29b9bde2ad6e7832054fd1cf1e2f0753a20482c636b376cefc433,2024-11,Sussex Police,Sussex Police,-0.108180,50.826196,On or near Parking Area,E01016866,Brighton and Hove 025C,Drugs,Status update unavailable,
9941cabd5b6236cf6ad6b82508a79ef94bacac4e330c9feb622802a1488728c1,2024-11,Sussex Police,Sussex Police,-0.102969,50.820220,On or near Wadhurst Rise,E01016866,Brighton and Hove 025C,Other theft,Investigation complete; no suspect identified,
f44e25300d4655c25beb958e2ad89b8c6e505eb2885208bf44e3152a4407e88e,2024-11,Sussex Police,Sussex Police,-0.105147,50.824645,On or near Selmeston Place,E01016866,Brighton and Hove 025C,Other theft,Investigation complete; no suspect identified,
5e6428e997315c21ad5e1617ff2109d8532d0e77cb406540d5208d6482265287,2024-11,Sussex Police,Sussex Police,-0.102969,50.820220,On or near Wadhurst Rise,E01016866,Brighton and Hove 025C,Other theft,Investigation complete; no suspect identified,
ab2bbdc17ced3bbecefba0893c4b0aa1d2c557762002b04dab13fa2602a7caf0,2024-11,Sussex Police,Sussex Police,-0.106538,50.824667,On or near School Rise,E01016866,Brighton and Hove 025C,Possession of weapons,Unable to prosecute suspect,
310f6d50f7b4fac253c90a7b4d9b239a5d2f14f2928daddf9a3578d93631d3bf,2024-11,Sussex Police,Sussex Police,-0.102040,50.822490,On or near Ticehurst Road,E01016866,Brighton and Hove 025C,Theft from the person,Investigation complete; no suspect identified,
c2c9188f08a9443d60ad782b314bfc19dc98ede1596d7b82b3de5b128d6192da,2024-11,Sussex Police,Sussex Police,-0.102969,50.820220,On or near Wadhurst Rise,E01016866,Brighton and Hove 025C,Vehicle crime,Investigation complete; no suspect identified,
80908d3f123f4f4b45d51a505119c79d65986ee57d9df080d24962ba26b3027a,2024-11,Sussex Police,Sussex Police,-0.102120,50.823651,On or near Danehill Road,E01016866,Brighton and Hove 025C,Violence and sexual offences,Unable to prosecute suspect,
f4a563b758b0f893521f720f11a9e36456e03517cea928d4843ebbf065ca81e3,2024-11,Sussex Police,Sussex Police,-0.102969,50.820220,On or near Wadhurst Rise,E01016866,Brighton and Hove 025C,Violence and sexual offences,Unable to prosecute suspect,
34b8ccd72057c6ab0a6c91237547430142ae55cbe04e3f1f22e1ac17f68702b5,2024-11,Sussex Police,Sussex Police,-0.102120,50.823651,On or near Danehill Road,E01016866,Brighton and Hove 025C,Violence and sexual offences,Local resolution,
263a5943fb27a6c17321bbc851b1e95f302d5257055e5cfb5e22159a4fe7ecfb,2024-11,Sussex Police,Sussex Police,-0.102120,50.823651,On or near Danehill Road,E01016866,Brighton and Hove 025C,Violence and sexual offences,Unable to prosecute suspect,
d43347c40ff97a7913886900596ba02d1889987533707f8a52e28bef320c8112,2024-11,Sussex Police,Sussex Police,-0.106538,50.824667,On or near School Rise,E01016866,Brighton and Hove 025C,Other crime,Unable to prosecute suspect,
4722001eff78338dd21145ab2c1e7c706bac54f15b154d788cf516818c9f9a90,2024-11,Sussex Police,Sussex Police,-0.115143,50.822171,On or near Madehurst Close,E01016867,Brighton and Hove 025D,Criminal damage and arson,Investigation complete; no suspect identified,
66f0cb05fedc5a79efe0f4885a02ceacf25015dad6b68739550da5a1c5094f9e,2024-11,Sussex Police,Sussex Police,-0.115988,50.826943,On or near Tilgate Close,E01016867,Brighton and Hove 025D,Violence and sexual offences,Unable to prosecute suspect,
08da71de54c9072cb7c4e9bd71cd90fbb843942726384252b995ea2edd6266f3,2024-11,Sussex Police,Sussex Police,-0.117449,50.824844,On or near Craven Road,E01016867,Brighton and Hove 025D,Violence and sexual offences,Local resolution,
0fb180b9bd93422f04cc1522410a7aa9a1a671e3d2fa30327248478e011991c9,2024-11,Sussex Police,Sussex Police,-0.117364,50.826956,On or near Queensway,E01016867,Brighton and Hove 025D,Violence and sexual offences,Unable to prosecute suspect,
,2024-11,Sussex Police,Sussex Police,-0.103309,50.822690,On or near Findon Road,E01016868,Brighton and Hove 025E,Anti-social behaviour,,
da6437cf679398612e672e7f59aeee67b186f27b284c0f599f42fb260bf5ca03,2024-11,Sussex Police,Sussex Police,-0.106965,50.823226,On or near Upper Chalvington Place,E01016868,Brighton and Hove 025E,Criminal damage and arson,Unable to prosecute suspect,
3c88e03964fe6806cc7bf72f223456ffa04a639e1635222e7a17388c6aa6bf77,2024-11,Sussex Police,Sussex Police,-0.106965,50.823226,On or near Upper Chalvington Place,E01016868,Brighton and Hove 025E,Criminal damage and arson,Unable to prosecute suspect,
ab9ed0aeee67d9a6d735c1130620618daea33735462f4cc521c3d1614da8b29d,2024-11,Sussex Police,Sussex Police,-0.104144,50.823108,On or near The Meadway,E01016868,Brighton and Hove 025E,Criminal damage and arson,Investigation complete; no suspect identified,
7f7757130691b9c9d7de718ea64bc1e89c0641f58572cdf2e9c5e02201ac6340,2024-11,Sussex Police,Sussex Police,-0.108340,50.823977,On or near Whitehawk Close,E01016868,Brighton and Hove 025E,Drugs,Investigation complete; no suspect identified,
f8b93a3be68c11edfc543ba065d1f386903ce8d0c5249eaa9fe7f7793e3528da,2024-11,Sussex Police,Sussex Police,-0.106965,50.823226,On or near Upper Chalvington Place,E01016868,Brighton and Hove 025E,Other theft,Status update unavailable,
c1c415e7ec315e1ea38fd191e0359f9a114ea77678ee5becd306817b49cf67b8,2024-11,Sussex Police,Sussex Police,-0.104901,50.824065,On or near Camber Close,E01016868,Brighton and Hove 025E,Other theft,Unable to prosecute suspect,
b0ad665540d7edac9c9a7c05772d8d63e68f95300d867f4ccd879becb3aafd5f,2024-11,Sussex Police,Sussex Police,-0.110262,50.821040,On or near Manor Road,E01016868,Brighton and Hove 025E,Other theft,Investigation complete; no suspect identified,
ce51cc45bbef59d3156e76904a39ad9fe3d130a8d866fd32bbc25c2ab4d83304,2024-11,Sussex Police,Sussex Police,-0.106680,50.823950,On or near Lower Chalvington Place,E01016868,Brighton and Hove 025E,Public order,Status update unavailable,
ed9c609446aa96531305c54380a0a6e29f730ef8a33765d0f5307c3c9a62acaf,2024-11,Sussex Police,Sussex Police,-0.103309,50.822690,On or near Findon Road,E01016868,Brighton and Hove 025E,Theft from the person,Unable to prosecute suspect,
55549d984d3f84dea823ee444856ff7ef67c207004f39f84b96c4ac4373406ff,2024-11,Sussex Police,Sussex Police,-0.106950,50.822542,On or near Whitehawk Crescent,E01016868,Brighton and Hove 025E,Violence and sexual offences,Unable to prosecute suspect,
d1b336640b9d7c40933ec35570c561bd609c60b00b68c7aacf0dced5dae828ff,2024-11,Sussex Police,Sussex Police,-0.106965,50.823226,On or near Upper Chalvington Place,E01016868,Brighton and Hove 025E,Violence and sexual offences,Unable to prosecute suspect,
3e34a93d69d1cb540afb4b740c12e95a67a0d9791be11343005b9f9641a7f2f6,2024-11,Sussex Police,Sussex Police,-0.106965,50.823226,On or near Upper Chalvington Place,E01016868,Brighton and Hove 025E,Violence and sexual offences,Unable to prosecute suspect,
81eda745c7c4db5b078a9719ea49e97f7e703d329335cde761d378c64947f6ab,2024-11,Sussex Police,Sussex Police,-0.103309,50.822690,On or near Findon Road,E01016868,Brighton and Hove 025E,Violence and sexual offences,Unable to prosecute suspect,
c73733a58ff07fd64001c7e794ddda52741592c59fbd1afe568e99020aab5e31,2024-11,Sussex Police,Sussex Police,-0.105203,50.822217,On or near Chiddingly Close,E01016868,Brighton and Hove 025E,Violence and sexual offences,Unable to prosecute suspect,
f3557503e09fcd0a3682dacd74910be959a476a6b93519b850eac22c6e374cdc,2024-11,Sussex Police,Sussex Police,-0.106965,50.823226,On or near Upper Chalvington Place,E01016868,Brighton and Hove 025E,Violence and sexual offences,Unable to prosecute suspect,
49a6ef496bf3cd1c054dcf57c47f9ee24f69df33c29cd5dd9cd5032b2081471e,2024-11,Sussex Police,Sussex Police,-0.104144,50.823108,On or near The Meadway,E01016868,Brighton and Hove 025E,Violence and sexual offences,Unable to prosecute suspect,
0294199243de8dbb74ee3cf8861a0754a3176b89cfa3b13dc8d19598f3c9a52d,2024-11,Sussex Police,Sussex Police,-0.106029,50.821439,On or near Brede Close,E01016868,Brighton and Hove 025E,Violence and sexual offences,Local resolution,
72a832cea5795a799cfec02d7ad1650f372e3b9eafabd64731940e8133767281,2024-11,Sussex Police,Sussex Police,-0.106680,50.823950,On or near Lower Chalvington Place,E01016868,Brighton and Hove 025E,Violence and sexual offences,Unable to prosecute suspect,
51cadbb596350429534e29b24792d180acb940dd8431cf491f117d2c7f65b2dd,2024-11,Sussex Police,Sussex Police,-0.106680,50.823950,On or near Lower Chalvington Place,E01016868,Brighton and Hove 025E,Violence and sexual offences,Offender given a caution,
d81064f2531c21fc9cf82cd20fc0201584c2d70a016643bba098308335977b00,2024-11,Sussex Police,Sussex Police,-0.106680,50.823950,On or near Lower Chalvington Place,E01016868,Brighton and Hove 025E,Violence and sexual offences,Unable to prosecute suspect,
b2d534e2e778ed0969d1758fe727d2956c7880cba01d4a19d2a6e900ca3959fa,2024-11,Sussex Police,Sussex Police,-0.105203,50.822217,On or near Chiddingly Close,E01016868,Brighton and Hove 025E,Violence and sexual offences,Unable to prosecute suspect,
5eaf96639acaed294af45d871f0705707cb75a96be4e611dbfe2e84a61e3fc26,2024-11,Sussex Police,Sussex Police,-0.106965,50.823226,On or near Upper Chalvington Place,E01016868,Brighton and Hove 025E,Violence and sexual offences,Unable to prosecute suspect,
32d885da4f9964b7ae1ec6c1394c26b7d9e895651ca736791fc8533151b09266,2024-11,Sussex Police,Sussex Police,-0.103309,50.822690,On or near Findon Road,E01016868,Brighton and Hove 025E,Violence and sexual offences,Status update unavailable,
03c481eba42109f2a0e1a4f2fbbe1e30c590c62ce6097d55ca598f1c143cb88a,2024-11,Sussex Police,Sussex Police,-0.107775,50.821099,On or near Manor Close,E01016868,Brighton and Hove 025E,Violence and sexual offences,Unable to prosecute suspect,
,2024-11,Sussex Police,Sussex Police,-0.113757,50.832267,On or near May Road,E01016895,Brighton and Hove 025F,Anti-social behaviour,,
eb34941860cfe2b55dc643c48f6b51ddaf7594284b62b8056041b76780fcf9e3,2024-11,Sussex Police,Sussex Police,-0.113757,50.832267,On or near May Road,E01016895,Brighton and Hove 025F,Burglary,Investigation complete; no suspect identified,
4d307d978cc6c2460e5a49502640b200bda9d1ad6a186f2cd6fd7202a9280fd9,2024-11,Sussex Police,Sussex Police,-0.115441,50.828885,On or near Firle Road,E01016895,Brighton and Hove 025F,Burglary,Investigation complete; no suspect identified,
ff41d51ec4acc995a8fc8706636217bc9fc40095a7f5890ea1d7c2567323de06,2024-11,Sussex Police,Sussex Police,-0.113757,50.832267,On or near May Road,E01016895,Brighton and Hove 025F,Burglary,Investigation complete; no suspect identified,
949ea9604c9b4316e63bb07985fc334a79560e358faebe2e5d47a264dbaca214,2024-11,Sussex Police,Sussex Police,-0.115441,50.828885,On or near Firle Road,E01016895,Brighton and Hove 025F,Burglary,Investigation complete; no suspect identified,
7736dd7ece09425d83e3b84492f84b99a71c5bce0da3229f8912a72cee6fc5b0,2024-11,Sussex Police,Sussex Police,-0.118520,50.828575,On or near Glynde Road,E01016895,Brighton and Hove 025F,Criminal damage and arson,Unable to prosecute suspect,
b45dd8480bb23a5346a49da1a52056940913f801b18bfeee98d9bba652e8ebe4,2024-11,Sussex Police,Sussex Police,-0.115477,50.830460,On or near Hospital,E01016895,Brighton and Hove 025F,Other theft,Status update unavailable,
91d1086254547c5f5da3ec8818e1bd52cc69056936fd84e1d09f92e2bb2139c1,2024-11,Sussex Police,Sussex Police,-0.117468,50.829323,On or near Pankhurst Avenue,E01016895,Brighton and Hove 025F,Public order,Awaiting court outcome,
01925d77eb1cf0402e6118db716b36f0653341bd1a34b1c4d70dd15045fc9d59,2024-11,Sussex Police,Sussex Police,-0.113757,50.832267,On or near May Road,E01016895,Brighton and Hove 025F,Shoplifting,Investigation complete; no suspect identified,
0a614bd7a09beacf20a379361ce55d887ce3303099f658dde0366476556bb2d2,2024-11,Sussex Police,Sussex Police,-0.113757,50.832267,On or near May Road,E01016895,Brighton and Hove 025F,Shoplifting,Investigation complete; no suspect identified,
3381b72002579eda47dcec845877f526caa2d263d12cae8bc0efb040df8ef5a5,2024-11,Sussex Police,Sussex Police,-0.115477,50.830460,On or near Hospital,E01016895,Brighton and Hove 025F,Violence and sexual offences,Unable to prosecute suspect,
ba0b7a548f29f2c6e749491ce84dd4028ef33aee9cc3c638c6bf785b8097166c,2024-11,Sussex Police,Sussex Police,-0.118452,50.829923,On or near Clayton Road,E01016895,Brighton and Hove 025F,Violence and sexual offences,Unable to prosecute suspect,
4661c39d94c671ede1c17a7ae0b31a900340617234d977676b5122db1f6d4d3c,2024-11,Sussex Police,Sussex Police,-0.115477,50.830460,On or near Hospital,E01016895,Brighton and Hove 025F,Violence and sexual offences,Unable to prosecute suspect,
58cefd633091f43221124f63adee268428c20bc4498a0302221c6c244210855c,2024-11,Sussex Police,Sussex Police,-0.115441,50.828885,On or near Firle Road,E01016895,Brighton and Hove 025F,Violence and sexual offences,Unable to prosecute suspect,
7aa0990f96f6d26fe99d53653119a08ff4d9306a145edfb8e1ee69c2299da089,2024-11,Sussex Police,Sussex Police,-0.118520,50.828575,On or near Glynde Road,E01016895,Brighton and Hove 025F,Violence and sexual offences,Unable to prosecute suspect,
1280e5955eb9045ec611e97ff3bb04aa9d9a9d4db112ba868fa4a7afc8555ce3,2024-11,Sussex Police,Sussex Police,-0.120255,50.828531,On or near Stonehurst Court,E01016895,Brighton and Hove 025F,Violence and sexual offences,Investigation complete; no suspect identified,
514bdec06b153ed85353b4bb3a8db6b8c0eb639137705a67f5d6157007eba271,2024-11,Sussex Police,Sussex Police,-0.113757,50.832267,On or near May Road,E01016895,Brighton and Hove 025F,Violence and sexual offences,Unable to prosecute suspect,
b5c26e260a8e941e762317500b1820ae8bd4465ce44a5d5e0aa5fd04385caadb,2024-11,Sussex Police,Sussex Police,-0.117468,50.829323,On or near Pankhurst Avenue,E01016895,Brighton and Hove 025F,Violence and sexual offences,Unable to prosecute suspect,
a1ce0cc6422bd47d75811a78996d2dd91b515a71079cc7481c1752e64445f6a8,2024-11,Sussex Police,Sussex Police,-0.118452,50.829923,On or near Clayton Road,E01016895,Brighton and Hove 025F,Violence and sexual offences,Unable to prosecute suspect,
0ed8c23f9edd8f45401338e18fa21be055f8d3b52d7e2e92c830d3eb8e491e42,2024-11,Sussex Police,Sussex Police,-0.118452,50.829923,On or near Clayton Road,E01016895,Brighton and Hove 025F,Violence and sexual offences,Unable to prosecute suspect,
476f58e415f2774706e11c17c955512e9f5b29b729c8d8710215cc7957f2c214,2024-11,Sussex Police,Sussex Police,-0.119130,50.828612,On or near Plumpton Road,E01016895,Brighton and Hove 025F,Violence and sexual offences,Status update unavailable,
,2024-11,Sussex Police,Sussex Police,-0.164777,50.824770,On or near Adelaide Crescent,E01016849,Brighton and Hove 026A,Anti-social behaviour,,
1c7ede89f303e48b50f3ac4a9bd144658e5437b9b3837222ec2eab1627118760,2024-11,Sussex Police,Sussex Police,-0.167157,50.825635,On or near Second Avenue,E01016849,Brighton and Hove 026A,Burglary,Status update unavailable,
d25c8638fa62a84d6ed66f3d34c2bcc8e8aba5fdf2ffc64c846c5df383343ef2,2024-11,Sussex Police,Sussex Police,-0.165724,50.826683,On or near Queen'S Place,E01016849,Brighton and Hove 026A,Criminal damage and arson,Investigation complete; no suspect identified,
0bdf92f6ef2c52d1d5ee3559f8fea096479bd3b1a7eaecd64f9bebc157f31e78,2024-11,Sussex Police,Sussex Police,-0.163326,50.825575,On or near Palmeira Square,E01016849,Brighton and Hove 026A,Criminal damage and arson,Investigation complete; no suspect identified,
8acade79ab251c4812cf4605fd8698cae240008d99452d534faec6078c6a11d2,2024-11,Sussex Police,Sussex Police,-0.165643,50.826583,On or near St John'S Place,E01016849,Brighton and Hove 026A,Criminal damage and arson,Investigation complete; no suspect identified,
395aff2e43263327afabb5ea6ad635f4c3769e429c6017b2bac545384073c4e0,2024-11,Sussex Police,Sussex Police,-0.167157,50.825635,On or near Second Avenue,E01016849,Brighton and Hove 026A,Drugs,Investigation complete; no suspect identified,
03cfe4ea687c721b2bac3504404b5b2b139ddc2912e919ad0d75c34d3fafc703,2024-11,Sussex Police,Sussex Police,-0.167157,50.825635,On or near Second Avenue,E01016849,Brighton and Hove 026A,Drugs,Status update unavailable,
6716d50100fc619e081ba148aa1c95e6b141dcce73009c8718259dda1eb8d7ca,2024-11,Sussex Police,Sussex Police,-0.167157,50.825635,On or near Second Avenue,E01016849,Brighton and Hove 026A,Drugs,Investigation complete; no suspect identified,
61808e6654cd8f40209c6ab5359031811d46a55ca469b11d0c84079448493900,2024-11,Sussex Police,Sussex Police,-0.167157,50.825635,On or near Second Avenue,E01016849,Brighton and Hove 026A,Drugs,Investigation complete; no suspect identified,
a426b0d04c76bffbe44883987e4fb437a41c457d2a4bd98960e136b5d598bc87,2024-11,Sussex Police,Sussex Police,-0.165724,50.826683,On or near Queen'S Place,E01016849,Brighton and Hove 026A,Other theft,Investigation complete; no suspect identified,
3f046bf1c8857945969cb55c8d2d4c741005899fdd193be022e3d8a83c6cddfa,2024-11,Sussex Police,Sussex Police,-0.163326,50.825575,On or near Palmeira Square,E01016849,Brighton and Hove 026A,Other theft,Investigation complete; no suspect identified,
6cd63a4e5cd7db2e3fcd59a79bec048af9249fdab82afea7c7f624f0a92c3c8e,2024-11,Sussex Police,Sussex Police,-0.163326,50.825575,On or near Palmeira Square,E01016849,Brighton and Hove 026A,Public order,Investigation complete; no suspect identified,
bf5fe0cb4bb9148c5e06e4e3718cd9f15fc2cc0fc3cd50e7897ed0dc54c0f9a7,2024-11,Sussex Police,Sussex Police,-0.165951,50.825616,On or near First Avenue,E01016849,Brighton and Hove 026A,Theft from the person,Investigation complete; no suspect identified,
1f474abd26f3f73b668404b7a567e41c59e71119401c9c96a31753a3a545a2c9,2024-11,Sussex Police,Sussex Police,-0.163326,50.825575,On or near Palmeira Square,E01016849,Brighton and Hove 026A,Violence and sexual offences,Local resolution,
ea012c0dbae63c8ecafae3cc7a2e08ce4c04b7cf4bae2dcf005c74927d7cee5a,2024-11,Sussex Police,Sussex Police,-0.167157,50.825635,On or near Second Avenue,E01016849,Brighton and Hove 026A,Violence and sexual offences,Unable to prosecute suspect,
,2024-11,Sussex Police,Sussex Police,-0.159353,50.826214,On or near Lansdowne Mews,E01016852,Brighton and Hove 026B,Anti-social behaviour,,
4642bfa5bff266684eb73b684fa1ee3f688ff2eb67a29e42a13fdd85d68583a6,2024-11,Sussex Police,Sussex Police,-0.160658,50.825533,On or near Lansdowne Place,E01016852,Brighton and Hove 026B,Bicycle theft,Investigation complete; no suspect identified,
795ac2220d01239f1ff425ed1ce310a97c4f7e731d4b01ceb28031d1eabc6b47,2024-11,Sussex Police,Sussex Police,-0.158666,50.825645,On or near Western Road,E01016852,Brighton and Hove 026B,Burglary,Court result unavailable,
df83e8330daa69121cedbcc04b905f17d4aed4e606c38c0b0bbb5a069fa5505a,2024-11,Sussex Police,Sussex Police,-0.160658,50.825533,On or near Lansdowne Place,E01016852,Brighton and Hove 026B,Drugs,Status update unavailable,
c2391330daa896c192a9823d1e3bb3d6f7a2615cff0a0529bac9fe3dfa39be80,2024-11,Sussex Police,Sussex Police,-0.160658,50.825533,On or near Lansdowne Place,E01016852,Brighton and Hove 026B,Other theft,Investigation complete; no suspect identified,
ced3f0a00ff041c17efac0e5c8f0d23051e3958eecbb783d4b0683718ff74e65,2024-11,Sussex Police,Sussex Police,-0.159196,50.826607,On or near Farm Mews,E01016852,Brighton and Hove 026B,Other theft,Investigation complete; no suspect identified,
4861d1f869945770cb64216a0ad69e31189222b0b104e501f4d501cbe1ac46e4,2024-11,Sussex Police,Sussex Police,-0.160658,50.825533,On or near Lansdowne Place,E01016852,Brighton and Hove 026B,Possession of weapons,Court result unavailable,
323fae1d216efa36ea30e6c2da5bcbee0be0d4e7691cfa767ebdf3c703e8af49,2024-11,Sussex Police,Sussex Police,-0.160658,50.825533,On or near Lansdowne Place,E01016852,Brighton and Hove 026B,Public order,Unable to prosecute suspect,
52e909512e32338f3aeb0f0798575f96ea467af9d5871be54cc0e8380ba3976c,2024-11,Sussex Police,Sussex Police,-0.160658,50.825533,On or near Lansdowne Place,E01016852,Brighton and Hove 026B,Violence and sexual offences,Unable to prosecute suspect,
871191ae4c7d0015f8c1f710b1221f0f8b43f3acd992c7cb48a80aa6415a112a,2024-11,Sussex Police,Sussex Police,-0.160658,50.825533,On or near Lansdowne Place,E01016852,Brighton and Hove 026B,Violence and sexual offences,Investigation complete; no suspect identified,
,2024-11,Sussex Police,Sussex Police,-0.162009,50.827641,On or near Rochester Gardens,E01016853,Brighton and Hove 026C,Anti-social behaviour,,
cd7c014dc3eee3d1729771ada69cfbed937d0775277073926b651cdb2d372dc3,2024-11,Sussex Police,Sussex Police,-0.162009,50.827641,On or near Rochester Gardens,E01016853,Brighton and Hove 026C,Bicycle theft,Investigation complete; no suspect identified,
70d34d161c5181afaf497a402b484e44281ed966379b05457045504d37f1e7dd,2024-11,Sussex Police,Sussex Police,-0.162009,50.827641,On or near Rochester Gardens,E01016853,Brighton and Hove 026C,Criminal damage and arson,Investigation complete; no suspect identified,
f7a2441eb8e4d7cb6bb840b1c899c95f74d5b67575676d061d95058bfac30499,2024-11,Sussex Police,Sussex Police,-0.165410,50.827460,On or near Selborne Road,E01016853,Brighton and Hove 026C,Drugs,Local resolution,
f20abf96b219779ced09921f3b0f6258d9455337257a1f68f7614877336a1044,2024-11,Sussex Police,Sussex Police,-0.163863,50.828173,On or near Salisbury Road,E01016853,Brighton and Hove 026C,Other theft,Investigation complete; no suspect identified,
762d44bdff29e8aa887273700efc9ddc8a00b42164ee089c9f9d03e08125e71d,2024-11,Sussex Police,Sussex Police,-0.163863,50.828173,On or near Salisbury Road,E01016853,Brighton and Hove 026C,Other theft,Investigation complete; no suspect identified,
54dd6ae8fdb695f8150c6576da237c92ab1e68c54cbf6d50833f105810e78e95,2024-11,Sussex Police,Sussex Police,-0.162009,50.827641,On or near Rochester Gardens,E01016853,Brighton and Hove 026C,Public order,Status update unavailable,
a41ca0ad91e890fe53645d50eb1e4c551a18789556b4c8e2f7fe35ff95cd145d,2024-11,Sussex Police,Sussex Police,-0.160380,50.827912,On or near Lansdowne Street,E01016853,Brighton and Hove 026C,Theft from the person,Status update unavailable,
79d3c5d181f1068f0972bc81e8b037247c2985619dd413a2bf1299544d03309e,2024-11,Sussex Police,Sussex Police,-0.165410,50.827460,On or near Selborne Road,E01016853,Brighton and Hove 026C,Violence and sexual offences,Unable to prosecute suspect,
ecf76feddd45312eada0d79dcddf548937675c70aa228e0289e4a5e5a5c04f38,2024-11,Sussex Police,Sussex Police,-0.165410,50.827460,On or near Selborne Road,E01016853,Brighton and Hove 026C,Other crime,Local resolution,
,2024-11,Sussex Police,Sussex Police,-0.172830,50.829079,On or near Ventnor Villas,E01016855,Brighton and Hove 026D,Anti-social behaviour,,
,2024-11,Sussex Police,Sussex Police,-0.170357,50.828761,On or near Police Station,E01016855,Brighton and Hove 026D,Anti-social behaviour,,
d4af9aa70ef0ee9603ed30b130159c67ae171f8ef66ca39dbe0eba6c9b836aee,2024-11,Sussex Police,Sussex Police,-0.170302,50.827636,On or near Church Road,E01016855,Brighton and Hove 026D,Bicycle theft,Investigation complete; no suspect identified,
e079f7012c56d048aac6c2d22026bbd2497c5565fc3dabe677c3b84347bacbd8,2024-11,Sussex Police,Sussex Police,-0.171581,50.829779,On or near Hova Villas,E01016855,Brighton and Hove 026D,Burglary,Unable to prosecute suspect,
b78b2d6773367b8e4b6bd34892e401922df64f064dc33200975c04b589d27133,2024-11,Sussex Police,Sussex Police,-0.171376,50.828489,On or near Parking Area,E01016855,Brighton and Hove 026D,Criminal damage and arson,Investigation complete; no suspect identified,
662e1129ecbf53b386c7f0d170c05968463d7d6f7e2e34565295a45e25b79d11,2024-11,Sussex Police,Sussex Police,-0.169443,50.829277,On or near Tisbury Road,E01016855,Brighton and Hove 026D,Other theft,Investigation complete; no suspect identified,
56f051ab506cf7d7d6335b2f4e87fdbc0ab8b69456810c72fcd227cd9ac98e79,2024-11,Sussex Police,Sussex Police,-0.170357,50.828761,On or near Police Station,E01016855,Brighton and Hove 026D,Other theft,Investigation complete; no suspect identified,
7a88f024a0f7978f8182c9d5dcc5be0c9a4fc3a29c93888a48ac36c2d91b20fb,2024-11,Sussex Police,Sussex Police,-0.170357,50.828761,On or near Police Station,E01016855,Brighton and Hove 026D,Public order,Local resolution,
dcb11c216e29ca4711da417cca28bcae1a9e64a5683189fc3c2f98adebca0dbb,2024-11,Sussex Police,Sussex Police,-0.170956,50.827619,On or near Supermarket,E01016855,Brighton and Hove 026D,Shoplifting,Investigation complete; no suspect identified,
677b6b0415e137a93643db9318eb03b144c8b00df86c1b88929f9eac83553e5c,2024-11,Sussex Police,Sussex Police,-0.170956,50.827619,On or near Supermarket,E01016855,Brighton and Hove 026D,Shoplifting,Court result unavailable,
719bfc2707e506d8ddbe6656fc5e299850059892f4f6be87f364bcdf6ea1e6b6,2024-11,Sussex Police,Sussex Police,-0.170956,50.827619,On or near Supermarket,E01016855,Brighton and Hove 026D,Shoplifting,Court result unavailable,
bdfa78adece9812a2f309dcc26d9ec32b6a1aa876cffab0089f120fdadf9ed9e,2024-11,Sussex Police,Sussex Police,-0.170357,50.828761,On or near Police Station,E01016855,Brighton and Hove 026D,Theft from the person,Investigation complete; no suspect identified,
b6ac300611681eeb97f125de7e78e979fb1523dc8db020cb39f6550d4a37d100,2024-11,Sussex Police,Sussex Police,-0.171376,50.828489,On or near Parking Area,E01016855,Brighton and Hove 026D,Vehicle crime,Investigation complete; no suspect identified,
42b3a88015f716e14c74337d48f12a65b1397d6a928a9166f5479307aca88091,2024-11,Sussex Police,Sussex Police,-0.169443,50.829277,On or near Tisbury Road,E01016855,Brighton and Hove 026D,Violence and sexual offences,Court result unavailable,
17797af71e71c9c87eeec2c526d02dde1ff298250f2a753eff90dfbfa3b0cfb9,2024-11,Sussex Police,Sussex Police,-0.171376,50.828489,On or near Parking Area,E01016855,Brighton and Hove 026D,Violence and sexual offences,Status update unavailable,
854f036439ed94a327b2e9946cefeee5b8a90af240da681223008128be75dbff,2024-11,Sussex Police,Sussex Police,-0.170357,50.828761,On or near Police Station,E01016855,Brighton and Hove 026D,Violence and sexual offences,Unable to prosecute suspect,
f3b89f541a3f09895bd50990694a8a4d25de4732cd2104b09aa4ab6a2563d5f6,2024-11,Sussex Police,Sussex Police,-0.172107,50.827233,On or near Albany Mews,E01016855,Brighton and Hove 026D,Violence and sexual offences,Investigation complete; no suspect identified,
,2024-11,Sussex Police,Sussex Police,-0.166884,50.826800,On or near Victoria Grove,E01016856,Brighton and Hove 026E,Anti-social behaviour,,
,2024-11,Sussex Police,Sussex Police,-0.169748,50.827277,On or near Albert Mews,E01016856,Brighton and Hove 026E,Anti-social behaviour,,
2a8d36303de3e51a4a48cace2ffeed93a21e82d9e084b10b3011d7f1c2282904,2024-11,Sussex Police,Sussex Police,-0.166884,50.826800,On or near Victoria Grove,E01016856,Brighton and Hove 026E,Burglary,Investigation complete; no suspect identified,
8d04a9499bae194025e513374ec2e722a83b6d90428438d46ee8177fe5db683a,2024-11,Sussex Police,Sussex Police,-0.169748,50.827277,On or near Albert Mews,E01016856,Brighton and Hove 026E,Other theft,Investigation complete; no suspect identified,
4a2b2929ec8a3eb47670e072e701405ed43f151a6d59457196816ce294e285b2,2024-11,Sussex Police,Sussex Police,-0.167089,50.828836,On or near Wilbury Grove,E01016856,Brighton and Hove 026E,Violence and sexual offences,Investigation complete; no suspect identified,
,2024-11,Sussex Police,Sussex Police,-0.145634,50.822687,On or near Parking Area,E01016952,Brighton and Hove 027A,Anti-social behaviour,,
,2024-11,Sussex Police,Sussex Police,-0.144087,50.823391,On or near Farm Yard,E01016952,Brighton and Hove 027A,Anti-social behaviour,,
,2024-11,Sussex Police,Sussex Police,-0.146575,50.824393,On or near Regent Hill,E01016952,Brighton and Hove 027A,Anti-social behaviour,,
,2024-11,Sussex Police,Sussex Police,-0.145805,50.822312,On or near Regency Road,E01016952,Brighton and Hove 027A,Anti-social behaviour,,
,2024-11,Sussex Police,Sussex Police,-0.141284,50.820675,On or near Black Lion Street,E01016952,Brighton and Hove 027A,Anti-social behaviour,,
,2024-11,Sussex Police,Sussex Police,-0.145634,50.822687,On or near Parking Area,E01016952,Brighton and Hove 027A,Anti-social behaviour,,
,2024-11,Sussex Police,Sussex Police,-0.145230,50.821071,On or near Nightclub,E01016952,Brighton and Hove 027A,Anti-social behaviour,,
,2024-11,Sussex Police,Sussex Police,-0.147114,50.822612,On or near Parking Area,E01016952,Brighton and Hove 027A,Anti-social behaviour,,
,2024-11,Sussex Police,Sussex Police,-0.143421,50.820152,On or near Nightclub,E01016952,Brighton and Hove 027A,Anti-social behaviour,,
,2024-11,Sussex Police,Sussex Police,-0.147673,50.822486,On or near Cannon Place,E01016952,Brighton and Hove 027A,Anti-social behaviour,,
,2024-11,Sussex Police,Sussex Police,-0.145230,50.821071,On or near Nightclub,E01016952,Brighton and Hove 027A,Anti-social behaviour,,
,2024-11,Sussex Police,Sussex Police,-0.142523,50.822745,On or near Duke Street,E01016952,Brighton and Hove 027A,Anti-social behaviour,,
,2024-11,Sussex Police,Sussex Police,-0.145993,50.821874,On or near Russell Road,E01016952,Brighton and Hove 027A,Anti-social behaviour,,
,2024-11,Sussex Police,Sussex Police,-0.146575,50.824393,On or near Regent Hill,E01016952,Brighton and Hove 027A,Anti-social behaviour,,
,2024-11,Sussex Police,Sussex Police,-0.138459,50.821404,On or near Nightclub,E01016952,Brighton and Hove 027A,Anti-social behaviour,,
,2024-11,Sussex Police,Sussex Police,-0.138459,50.821404,On or near Nightclub,E01016952,Brighton and Hove 027A,Anti-social behaviour,,
,2024-11,Sussex Police,Sussex Police,-0.145993,50.821874,On or near Russell Road,E01016952,Brighton and Hove 027A,Anti-social behaviour,,
,2024-11,Sussex Police,Sussex Police,-0.138176,50.819942,On or near Pool Valley Coach Station,E01016952,Brighton and Hove 027A,Anti-social behaviour,,
,2024-11,Sussex Police,Sussex Police,-0.145993,50.821874,On or near Russell Road,E01016952,Brighton and Hove 027A,Anti-social behaviour,,
,2024-11,Sussex Police,Sussex Police,-0.147581,50.823716,On or near Clarence Square,E01016952,Brighton and Hove 027A,Anti-social behaviour,,
,2024-11,Sussex Police,Sussex Police,-0.141114,50.821392,On or near Nile Street,E01016952,Brighton and Hove 027A,Anti-social behaviour,,
,2024-11,Sussex Police,Sussex Police,-0.145805,50.822312,On or near Regency Road,E01016952,Brighton and Hove 027A,Anti-social behaviour,,
,2024-11,Sussex Police,Sussex Police,-0.142523,50.822745,On or near Duke Street,E01016952,Brighton and Hove 027A,Anti-social behaviour,,
,2024-11,Sussex Police,Sussex Police,-0.139905,50.820024,On or near Nightclub,E01016952,Brighton and Hove 027A,Anti-social behaviour,,
,2024-11,Sussex Police,Sussex Police,-0.148336,50.822595,On or near St Margaret'S Place,E01016952,Brighton and Hove 027A,Anti-social behaviour,,
,2024-11,Sussex Police,Sussex Police,-0.145993,50.821874,On or near Russell Road,E01016952,Brighton and Hove 027A,Anti-social behaviour,,
,2024-11,Sussex Police,Sussex Police,-0.147673,50.822486,On or near Cannon Place,E01016952,Brighton and Hove 027A,Anti-social behaviour,,
,2024-11,Sussex Police,Sussex Police,-0.138722,50.819411,On or near Grand Junction Road,E01016952,Brighton and Hove 027A,Anti-social behaviour,,
,2024-11,Sussex Police,Sussex Police,-0.142449,50.823167,On or near Nightclub,E01016952,Brighton and Hove 027A,Anti-social behaviour,,
,2024-11,Sussex Police,Sussex Police,-0.147673,50.822486,On or near Cannon Place,E01016952,Brighton and Hove 027A,Anti-social behaviour,,
,2024-11,Sussex Police,Sussex Police,-0.141284,50.820675,On or near Black Lion Street,E01016952,Brighton and Hove 027A,Anti-social behaviour,,
,2024-11,Sussex Police,Sussex Police,-0.141074,50.823118,On or near North Street,E01016952,Brighton and Hove 027A,Anti-social behaviour,,
,2024-11,Sussex Police,Sussex Police,-0.141074,50.823118,On or near North Street,E01016952,Brighton and Hove 027A,Anti-social behaviour,,
,2024-11,Sussex Police,Sussex Police,-0.138722,50.819411,On or near Grand Junction Road,E01016952,Brighton and Hove 027A,Anti-social behaviour,,
,2024-11,Sussex Police,Sussex Police,-0.138143,50.821479,On or near Castle Square,E01016952,Brighton and Hove 027A,Anti-social behaviour,,
,2024-11,Sussex Police,Sussex Police,-0.139905,50.820024,On or near Nightclub,E01016952,Brighton and Hove 027A,Anti-social behaviour,,
,2024-11,Sussex Police,Sussex Police,-0.145173,50.824298,On or near Regent Row,E01016952,Brighton and Hove 027A,Anti-social behaviour,,
,2024-11,Sussex Police,Sussex Police,-0.138328,50.820036,On or near Bus/Coach Station,E01016952,Brighton and Hove 027A,Anti-social behaviour,,
6427f4a73a8b7a19039f145bc94a9c78c380ae028c81621de2803dbca57a6b7a,2024-11,Sussex Police,Sussex Police,-0.145701,50.823147,On or near Shopping Area,E01016952,Brighton and Hove 027A,Bicycle theft,Investigation complete; no suspect identified,
215c0c103dc004494e3f723f2b05a31321286d3eb8d79732cb213f538dd7c750,2024-11,Sussex Police,Sussex Police,-0.142422,50.822411,On or near Shopping Area,E01016952,Brighton and Hove 027A,Bicycle theft,Investigation complete; no suspect identified,
b1b96796a0e7cdb713665dc5a8813a3306702b572511661daae73ba7e898dda5,2024-11,Sussex Police,Sussex Police,-0.147673,50.822486,On or near Cannon Place,E01016952,Brighton and Hove 027A,Burglary,Unable to prosecute suspect,
ed07b61d6f5604e1ebf6cb3170ed4187633998db27961048d098a0d6f70db502,2024-11,Sussex Police,Sussex Police,-0.145607,50.824108,On or near Shopping Area,E01016952,Brighton and Hove 027A,Burglary,Investigation complete; no suspect identified,
c3acd7acf2be0d32a269a35e77a65e1630dd383a0c6050f8e18af2a6d2690338,2024-11,Sussex Police,Sussex Police,-0.141074,50.823118,On or near North Street,E01016952,Brighton and Hove 027A,Burglary,Unable to prosecute suspect,
2aea852eee7753fa019b12b0bcb3ed2b1f60432b84645606874589fd1b9c03eb,2024-11,Sussex Police,Sussex Police,-0.142449,50.823167,On or near Nightclub,E01016952,Brighton and Hove 027A,Burglary,Investigation complete; no suspect identified,
78fb5081483eaf91d754e0df5c717ee31ad8247bfa64c0ca88fe2111816f71ec,2024-11,Sussex Police,Sussex Police,-0.141114,50.821392,On or near Nile Street,E01016952,Brighton and Hove 027A,Burglary,Investigation complete; no suspect identified,
672403eccfca55cfbf306240df431a4b8193b7e71847f33e95ce043087d7c283,2024-11,Sussex Police,Sussex Police,-0.147673,50.822486,On or near Cannon Place,E01016952,Brighton and Hove 027A,Criminal damage and arson,Investigation complete; no suspect identified,
38da52467266280438d55ea8e41ded97b8a9e27d561da0621e303e6013c5b67f,2024-11,Sussex Police,Sussex Police,-0.148566,50.823606,On or near Theatre/Concert Hall,E01016952,Brighton and Hove 027A,Criminal damage and arson,Unable to prosecute suspect,
5e35560fe7bbdc1e53bdb065a3ae4afb0417e2a88c407a97e0fc2dadf403803e,2024-11,Sussex Police,Sussex Police,-0.143850,50.820770,On or near South Street,E01016952,Brighton and Hove 027A,Criminal damage and arson,Investigation complete; no suspect identified,
e5a87715618e6c7100fe67ff761225996ac96280a755f67a6c143ab4e8868342,2024-11,Sussex Police,Sussex Police,-0.140964,50.819798,On or near Nightclub,E01016952,Brighton and Hove 027A,Criminal damage and arson,Unable to prosecute suspect,
b92598966baeda1469b3750fa95edf43fee6ba0293ffac29a8d3848c7b0790f0,2024-11,Sussex Police,Sussex Police,-0.141813,50.821655,On or near Ship Street,E01016952,Brighton and Hove 027A,Criminal damage and arson,Local resolution,
692631360ef10038cb794ad3291aed8a626d9dc11602e74b8744b64cb62e104b,2024-11,Sussex Police,Sussex Police,-0.145993,50.821874,On or near Russell Road,E01016952,Brighton and Hove 027A,Criminal damage and arson,Local resolution,
bdfeb64f89bf1ec89dc602b08a6dbca0a5673d93672d9d9a72ccc2e2471c5026,2024-11,Sussex Police,Sussex Police,-0.141074,50.823118,On or near North Street,E01016952,Brighton and Hove 027A,Criminal damage and arson,Investigation complete; no suspect identified,
51ac118846fca2abf72dbf85877f3d740941ca11867552c6136525428cc3d972,2024-11,Sussex Police,Sussex Police,-0.141074,50.823118,On or near North Street,E01016952,Brighton and Hove 027A,Criminal damage and arson,Investigation complete; no suspect identified,
112ee4595fe7c461eecff25fe8299dc57e5ce52d9e5bf19cea7b346e8d94a0ef,2024-11,Sussex Police,Sussex Police,-0.141074,50.823118,On or near North Street,E01016952,Brighton and Hove 027A,Criminal damage and arson,Unable to prosecute suspect,
f4dbfed677dc6f63fed6aa1a14ce7c3454b3b8c3c05f463150680ebccff331c4,2024-11,Sussex Police,Sussex Police,-0.141074,50.823118,On or near North Street,E01016952,Brighton and Hove 027A,Criminal damage and arson,Investigation complete; no suspect identified,
98d40356540de1add9f8f9e59496d81a6c0d31fb5c8a9bd1aa93f0b05f7b169c,2024-11,Sussex Police,Sussex Police,-0.143524,50.820756,On or near Nightclub,E01016952,Brighton and Hove 027A,Criminal damage and arson,Investigation complete; no suspect identified,
1c8e9cfc232102d2d2c4d00db654995165c90e119f1031b178c4bda441df0756,2024-11,Sussex Police,Sussex Police,-0.147678,50.824860,On or near Marlborough Street,E01016952,Brighton and Hove 027A,Criminal damage and arson,Investigation complete; no suspect identified,
8edce9ced290c198f421f8064e7106ae4e8250b6fdde8fde222c1c3b1b69705c,2024-11,Sussex Police,Sussex Police,-0.138975,50.819847,On or near Nightclub,E01016952,Brighton and Hove 027A,Criminal damage and arson,Investigation complete; no suspect identified,
c418d1917856b6f0d3add85978544ce15c0ae4f1bd0a019e0a48f446b9cc7b22,2024-11,Sussex Police,Sussex Police,-0.139905,50.820024,On or near Nightclub,E01016952,Brighton and Hove 027A,Criminal damage and arson,Investigation complete; no suspect identified,
4e9afabfd178ae2960f567621c1b5bdcb4028eaf66dc29b8d1de7039c8922cca,2024-11,Sussex Police,Sussex Police,-0.138328,50.820036,On or near Bus/Coach Station,E01016952,Brighton and Hove 027A,Criminal damage and arson,Investigation complete; no suspect identified,
b5afa8bd0915444984cacdbf59bb2a5a7f73d8feb604efd009642ae696cba47a,2024-11,Sussex Police,Sussex Police,-0.144176,50.822232,On or near Boyce'S Street,E01016952,Brighton and Hove 027A,Drugs,Local resolution,
6f885ab31b1897116fd354744c8c23d932b666aae5468e5afc828b2966a577ad,2024-11,Sussex Police,Sussex Police,-0.138302,50.819998,On or near Pool Valley,E01016952,Brighton and Hove 027A,Drugs,Further investigation is not in the public interest,
d7882d93b9b27daf2473583831c2d6a5b01c1f6260557c540736343c4a2970a8,2024-11,Sussex Police,Sussex Police,-0.138328,50.820036,On or near Bus/Coach Station,E01016952,Brighton and Hove 027A,Drugs,Status update unavailable,
068988ed198e2dec83f45cc21daf75b579d9cd9ff224370ab8b34ae25b49a240,2024-11,Sussex Police,Sussex Police,-0.145607,50.824108,On or near Shopping Area,E01016952,Brighton and Hove 027A,Drugs,Local resolution,
377dd316a5ee1500a9569dd4dfb4d4c67a6e65a4475a25f53734034c753934da,2024-11,Sussex Police,Sussex Police,-0.140964,50.819798,On or near Nightclub,E01016952,Brighton and Hove 027A,Drugs,Unable to prosecute suspect,
fb143f05855513d771864a05f9cb281613de143d273a97dfc6c38a3725e44182,2024-11,Sussex Police,Sussex Police,-0.139905,50.820024,On or near Nightclub,E01016952,Brighton and Hove 027A,Drugs,Investigation complete; no suspect identified,
7a522ae8346b7176309ccd99f7e0d0c0d48ddce6102c90b8690e5428be5b5832,2024-11,Sussex Police,Sussex Police,-0.144176,50.822232,On or near Boyce'S Street,E01016952,Brighton and Hove 027A,Drugs,Court result unavailable,
8a154c8528143a17dc312436376b7df8c0872d77ac0a3d9545148fc758747292,2024-11,Sussex Police,Sussex Police,-0.138975,50.819847,On or near Nightclub,E01016952,Brighton and Hove 027A,Drugs,Court result unavailable,
0c7b28b8a2dee3435fe1e82b0106117f1fd44d3f280a3e9ae7d133eab5747bbd,2024-11,Sussex Police,Sussex Police,-0.141074,50.823118,On or near North Street,E01016952,Brighton and Hove 027A,Drugs,Local resolution,
5e0f7692de8e0ddb2bef9f88d1d97574db21c3751743029bac2e54d2f09b1dab,2024-11,Sussex Police,Sussex Police,-0.147678,50.824860,On or near Marlborough Street,E01016952,Brighton and Hove 027A,Drugs,Investigation complete; no suspect identified,
86cf9e0cb45c67160d00662cefadebad8ea8737f423cb3107f15451e7c6c2c2b,2024-11,Sussex Police,Sussex Police,-0.138302,50.819998,On or near Pool Valley,E01016952,Brighton and Hove 027A,Drugs,Local resolution,
f1f52b03755e8f88759a9dd589b42d8ff0aec987dfa630acf44f8d1419e17a2d,2024-11,Sussex Police,Sussex Police,-0.143524,50.820756,On or near Nightclub,E01016952,Brighton and Hove 027A,Drugs,Investigation complete; no suspect identified,
31de84a5c45b3ad29689e0771cfdc11cb8173c28ae4727f2de942c380e6d6674,2024-11,Sussex Police,Sussex Police,-0.144176,50.822232,On or near Boyce'S Street,E01016952,Brighton and Hove 027A,Drugs,Local resolution,
d5a5a010d8eb27cc16b8b09e26dceb0a9dd98a65652a7564a677148449c2725c,2024-11,Sussex Police,Sussex Police,-0.146575,50.824393,On or near Regent Hill,E01016952,Brighton and Hove 027A,Drugs,Status update unavailable,
d924d864f31518f82470cacd16fff2a6da11ec961459c4f05cde0be325032798,2024-11,Sussex Police,Sussex Police,-0.148336,50.822595,On or near St Margaret'S Place,E01016952,Brighton and Hove 027A,Drugs,Court result unavailable,
2e73c452196c27844106314c0fd1751c016aa38ae89f52078e90ce754dd9fd0e,2024-11,Sussex Police,Sussex Police,-0.143673,50.821675,On or near Nightclub,E01016952,Brighton and Hove 027A,Other theft,Investigation complete; no suspect identified,
46d36f29244b4f063b3b363da685799fe66e8d68a44109b095c915a7d9441307,2024-11,Sussex Police,Sussex Police,-0.139962,50.821805,On or near Brighton Place,E01016952,Brighton and Hove 027A,Other theft,Investigation complete; no suspect identified,
3f8e9e41a91ebe5296ef60e03a52ff7f562f33a1c4bab5d145e10b5593edba90,2024-11,Sussex Police,Sussex Police,-0.141114,50.821392,On or near Nile Street,E01016952,Brighton and Hove 027A,Other theft,Unable to prosecute suspect,
bba832927917cf25f3528f12be1b5f1259d54295c2e8c4fb82ed41b28c7afbd1,2024-11,Sussex Police,Sussex Police,-0.141114,50.821392,On or near Nile Street,E01016952,Brighton and Hove 027A,Other theft,Status update unavailable,
b6842b08409d30357fdce412be9c24b9d536c46e01e516de4d431acd87c0e19f,2024-11,Sussex Police,Sussex Police,-0.143421,50.820152,On or near Nightclub,E01016952,Brighton and Hove 027A,Other theft,Investigation complete; no suspect identified,
3deb038cbcc2e5c4a12600b13dd2f52e5abe079c4c5ce31a507b8e72e71aa60a,2024-11,Sussex Police,Sussex Police,-0.144176,50.822232,On or near Boyce'S Street,E01016952,Brighton and Hove 027A,Other theft,Unable to prosecute suspect,
015f9df2d92171fae822d27c1e96ef2ab9fb2f1431d3191e325012a31b0ec688,2024-11,Sussex Police,Sussex Police,-0.145607,50.824108,On or near Shopping Area,E01016952,Brighton and Hove 027A,Other theft,Action to be taken by another organisation,
0a28b4969b08fb41a66c56d76a4c4a9e380adbaca1f2ad90b11a11db34db207a,2024-11,Sussex Police,Sussex Police,-0.141114,50.821392,On or near Nile Street,E01016952,Brighton and Hove 027A,Other theft,Investigation complete; no suspect identified,
438086ce33d1d7a1aa0c93ec59b3fbc726808506e23fa1a92193310315cbc570,2024-11,Sussex Police,Sussex Police,-0.138302,50.819998,On or near Pool Valley,E01016952,Brighton and Hove 027A,Other theft,Investigation complete; no suspect identified,
007a68841ea92188b854542085c608665814a7b1aff812e882dacdd8f9a218ba,2024-11,Sussex Police,Sussex Police,-0.141284,50.820675,On or near Black Lion Street,E01016952,Brighton and Hove 027A,Other theft,Investigation complete; no suspect identified,
356cc40ab7b9b82833335e55a535314aad3810b9d09ca346811f8a534d867e56,2024-11,Sussex Police,Sussex Police,-0.141114,50.821392,On or near Nile Street,E01016952,Brighton and Hove 027A,Other theft,Investigation complete; no suspect identified,
3480c5d4923c2e267aa6386aa0029a50f02ed984d530ea0714467fcef11549b4,2024-11,Sussex Police,Sussex Police,-0.138302,50.819998,On or near Pool Valley,E01016952,Brighton and Hove 027A,Other theft,Investigation complete; no suspect identified,
b5f332f4052139a7fe8da2e7e8f6df1387615ad552fc3ab12dc155c2e91b130b,2024-11,Sussex Police,Sussex Police,-0.138302,50.819998,On or near Pool Valley,E01016952,Brighton and Hove 027A,Other theft,Investigation complete; no suspect identified,
9748b70d0c6e82dc9f800a99d04b52c2d51cf89d65bd9f1c59e3f83d7cd44c90,2024-11,Sussex Police,Sussex Police,-0.141074,50.823118,On or near North Street,E01016952,Brighton and Hove 027A,Other theft,Unable to prosecute suspect,
0140595016ffd96a1c7a9ed29f350760ccc947346dc4ef0a3d185e5212bb6662,2024-11,Sussex Police,Sussex Police,-0.145701,50.823147,On or near Shopping Area,E01016952,Brighton and Hove 027A,Other theft,Investigation complete; no suspect identified,
39c276a0e3a1622f7a258fd074f59eee0c5141c18d0366d505a6bab240c68dee,2024-11,Sussex Police,Sussex Police,-0.142449,50.823167,On or near Nightclub,E01016952,Brighton and Hove 027A,Other theft,Investigation complete; no suspect identified,
2430e638a0929b27eba158ebad69349f708354fe5a96174b395f1597929bd440,2024-11,Sussex Police,Sussex Police,-0.138975,50.819847,On or near Nightclub,E01016952,Brighton and Hove 027A,Other theft,Investigation complete; no suspect identified,
05e05cf67f2358dacaa249f55fd67f5393f70c1f1e592a03ec44954afca71e82,2024-11,Sussex Police,Sussex Police,-0.141074,50.823118,On or near North Street,E01016952,Brighton and Hove 027A,Possession of weapons,Status update unavailable,
ff35ac9b2d1e62292a20e91cf485bf23340bcc76023eac7f61286f42422351e7,2024-11,Sussex Police,Sussex Police,-0.141813,50.821655,On or near Ship Street,E01016952,Brighton and Hove 027A,Possession of weapons,Unable to prosecute suspect,
3a35ed05dee3132f243539d8e2d2aa767c0071ed4cb92ae9951b93e50ce9fc31,2024-11,Sussex Police,Sussex Police,-0.141074,50.823118,On or near North Street,E01016952,Brighton and Hove 027A,Possession of weapons,Investigation complete; no suspect identified,
fe820bea0698d701f31c6dc5bac193443406133c3c11847519a9830a06742abe,2024-11,Sussex Police,Sussex Police,-0.138975,50.819847,On or near Nightclub,E01016952,Brighton and Hove 027A,Possession of weapons,Court result unavailable,
88749639e58298102a96a7d4d1b02ca0c5df5152a5ab352c4c6305a5428f70b4,2024-11,Sussex Police,Sussex Police,-0.140964,50.819798,On or near Nightclub,E01016952,Brighton and Hove 027A,Possession of weapons,Court result unavailable,
dd7cfd6f668787af98ee63ce2179605cc898a9564abf53c0c2770869a9403e04,2024-11,Sussex Police,Sussex Police,-0.141284,50.820675,On or near Black Lion Street,E01016952,Brighton and Hove 027A,Public order,Court result unavailable,
1cbf73937a7f2a8d3703cf3675cdbf6b4fb93d2c67f5a1e000b6acad6f71eaa2,2024-11,Sussex Police,Sussex Police,-0.143784,50.822451,On or near Nightclub,E01016952,Brighton and Hove 027A,Public order,Investigation complete; no suspect identified,
9eefa9c71a216afeb9c2d8130409440a47e2a667090583ed6d7fad59925286d4,2024-11,Sussex Police,Sussex Police,-0.141074,50.823118,On or near North Street,E01016952,Brighton and Hove 027A,Public order,Investigation complete; no suspect identified,
8606a5c7c7c7666362fe47cc315da28be984655a8e086d0f818f06925a34a278,2024-11,Sussex Police,Sussex Police,-0.145607,50.824108,On or near Shopping Area,E01016952,Brighton and Hove 027A,Public order,Unable to prosecute suspect,
3d79337a3ff73aaef861cdeae1b65c7c3bfe2ee7f45236f3cdcd4a930762adf6,2024-11,Sussex Police,Sussex Police,-0.143673,50.821675,On or near Nightclub,E01016952,Brighton and Hove 027A,Public order,Unable to prosecute suspect,
d883099576c34165fd22bd9bd6be96e9751df4330f3321cefdfc385c539c1ad5,2024-11,Sussex Police,Sussex Police,-0.145701,50.823147,On or near Shopping Area,E01016952,Brighton and Hove 027A,Public order,Status update unavailable,
dd400468f7c9797af8e0131db88b8275d62db4778314200019d23336cd1afe14,2024-11,Sussex Police,Sussex Police,-0.138328,50.820036,On or near Bus/Coach Station,E01016952,Brighton and Hove 027A,Public order,Investigation complete; no suspect identified,
1684c95909847487cad0646d0000526ce4ff4dc909f2ff4c56d6e4bc833b7637,2024-11,Sussex Police,Sussex Police,-0.143421,50.820152,On or near Nightclub,E01016952,Brighton and Hove 027A,Public order,Investigation complete; no suspect identified,
df79bf1a66fea6c103642efa8a594c0f03c1d5d4746462512586701a38507194,2024-11,Sussex Police,Sussex Police,-0.143850,50.820770,On or near South Street,E01016952,Brighton and Hove 027A,Public order,Status update unavailable,
b4dedb5e75d20e3ff57e9894c56b1b57456f9d002e02b26552b2dd42a64e8347,2024-11,Sussex Police,Sussex Police,-0.141284,50.820675,On or near Black Lion Street,E01016952,Brighton and Hove 027A,Public order,Local resolution,
d361abed3544062664e1e37ee423ee0988795b4db89a1f6bedb7559615c4ef8b,2024-11,Sussex Police,Sussex Police,-0.145634,50.822687,On or near Parking Area,E01016952,Brighton and Hove 027A,Public order,Court result unavailable,
1d3c3ca3633ceffeefc24e3658352b9be86cf917f935ada20d96e86f2dd95d8a,2024-11,Sussex Police,Sussex Police,-0.141074,50.823118,On or near North Street,E01016952,Brighton and Hove 027A,Public order,Investigation complete; no suspect identified,
cf6cfd79ae8ff51fbf60bb487ad435d4321be3f52e88bb3bdd087d7c7c458163,2024-11,Sussex Police,Sussex Police,-0.138328,50.820036,On or near Bus/Coach Station,E01016952,Brighton and Hove 027A,Public order,Unable to prosecute suspect,
db6bb83ba19e053a00a68ae6dccbb929aff6ce5eecb732d00edc26c02dddb3cc,2024-11,Sussex Police,Sussex Police,-0.141074,50.823118,On or near North Street,E01016952,Brighton and Hove 027A,Public order,Investigation complete; no suspect identified,
4c94ad0616b03729b743a64b12eacdef8e40a490bfdd3c4c1c0b548688b301f8,2024-11,Sussex Police,Sussex Police,-0.138302,50.819998,On or near Pool Valley,E01016952,Brighton and Hove 027A,Public order,Offender given a caution,
1d81208d5ddb33da5a8e17df5517e83b3e247739837780e38facfe9ef1781d87,2024-11,Sussex Police,Sussex Police,-0.144176,50.822232,On or near Boyce'S Street,E01016952,Brighton and Hove 027A,Public order,Status update unavailable,
4ac8ad842ce109478f253a7f362dd2b9393b7efa0ec376dc4210ce8e8d7be0f9,2024-11,Sussex Police,Sussex Police,-0.145993,50.821874,On or near Russell Road,E01016952,Brighton and Hove 027A,Public order,Investigation complete; no suspect identified,
78c00c0764fa4cc4cc58bef9e7f0494e9d207bee7e1d1b73f1c2569a20eb514e,2024-11,Sussex Police,Sussex Police,-0.138328,50.820036,On or near Bus/Coach Station,E01016952,Brighton and Hove 027A,Public order,Unable to prosecute suspect,
66b432f6b1b71c2853c4661b16db3478413982c44bbfc5393445308e629169a4,2024-11,Sussex Police,Sussex Police,-0.150353,50.823643,On or near Parking Area,E01016952,Brighton and Hove 027A,Public order,Unable to prosecute suspect,
6dcb2aa4eb1ec7d48467f8a1e69486c74071d059fc2e87a8c3a045c2c27b996c,2024-11,Sussex Police,Sussex Police,-0.138143,50.821479,On or near Castle Square,E01016952,Brighton and Hove 027A,Public order,Investigation complete; no suspect identified,
836bb32fa28388f61544bc31797868ec8cb0772acc35d02f714ea02e3af74ae7,2024-11,Sussex Police,Sussex Police,-0.146575,50.824393,On or near Regent Hill,E01016952,Brighton and Hove 027A,Public order,Investigation complete; no suspect identified,
91dd7d6c7efe93df60efd5850d8700907f34c53083318ad977750d3d61246b0e,2024-11,Sussex Police,Sussex Police,-0.141284,50.820675,On or near Black Lion Street,E01016952,Brighton and Hove 027A,Public order,Court result unavailable,
265416347e7cc8b90a40d435ccfa0e4b14562ee118b9ee372d2b8622a64ac11b,2024-11,Sussex Police,Sussex Police,-0.145662,50.823434,On or near Grenville Street,E01016952,Brighton and Hove 027A,Public order,Investigation complete; no suspect identified,
d0b305c5f638fe55333247236c976ef85bda36d7cb572c84e30cfcbb8b575cf8,2024-11,Sussex Police,Sussex Police,-0.138459,50.821404,On or near Nightclub,E01016952,Brighton and Hove 027A,Public order,Unable to prosecute suspect,
b5ee6df2c4a4f50025556772c1677dde559537aa23be0ca63b556791805285f9,2024-11,Sussex Police,Sussex Police,-0.141074,50.823118,On or near North Street,E01016952,Brighton and Hove 027A,Public order,Investigation complete; no suspect identified,
80f46e0feb9f0f12224e4b730e1db83bac0be38e91ef001cb39a0afd816ac07d,2024-11,Sussex Police,Sussex Police,-0.141074,50.823118,On or near North Street,E01016952,Brighton and Hove 027A,Public order,Investigation complete; no suspect identified,
061795718ad81ac91c425d67e82cb7cf5e1a8cbf236c6a1febe2033f687e6c0d,2024-11,Sussex Police,Sussex Police,-0.147581,50.823716,On or near Clarence Square,E01016952,Brighton and Hove 027A,Public order,Unable to prosecute suspect,
ccf36d94a350344a144d795bfb55c4cdc6eae5b138ec862e81d9953ec33f739b,2024-11,Sussex Police,Sussex Police,-0.145634,50.822687,On or near Parking Area,E01016952,Brighton and Hove 027A,Public order,Investigation complete; no suspect identified,
7a8d9b30e2e4fd65c1aedd01c1acdfed87081aa7f5eec6587149cf64be6770b6,2024-11,Sussex Police,Sussex Police,-0.143673,50.821675,On or near Nightclub,E01016952,Brighton and Hove 027A,Public order,Unable to prosecute suspect,
dc7011e3d632bc43d86c2f20fc1a5ea7317ed91f3dbbfa70385a4f9fadcb59b5,2024-11,Sussex Police,Sussex Police,-0.145634,50.822687,On or near Parking Area,E01016952,Brighton and Hove 027A,Public order,Unable to prosecute suspect,
4f9cd25cbccc7f5cad86051ac617befc8692b7944a67da9cbf553d153dd80f3b,2024-11,Sussex Police,Sussex Police,-0.144176,50.822232,On or near Boyce'S Street,E01016952,Brighton and Hove 027A,Public order,Investigation complete; no suspect identified,
29d4b9c580ae30de84bc1bc5953e18ab96ae487a5406634413e5af10390f55bf,2024-11,Sussex Police,Sussex Police,-0.145701,50.823147,On or near Shopping Area,E01016952,Brighton and Hove 027A,Public order,Investigation complete; no suspect identified,
985a70701f17981bf1fc8dff510cb57a947cdafb842f2ab310859f35d0e5fc94,2024-11,Sussex Police,Sussex Police,-0.149600,50.823658,On or near Theatre/Concert Hall,E01016952,Brighton and Hove 027A,Public order,Investigation complete; no suspect identified,
cf4f6b728c5b75d2bb9be84cbd32a8da5719ffdf297a6aeb72837b5e8ca4449b,2024-11,Sussex Police,Sussex Police,-0.138459,50.821404,On or near Nightclub,E01016952,Brighton and Hove 027A,Public order,Unable to prosecute suspect,
5b54d8a0f84a22fcd834db5f741cf352ce927fdbff8d81454f5594cc3fa04138,2024-11,Sussex Police,Sussex Police,-0.148117,50.823104,On or near Russell Square,E01016952,Brighton and Hove 027A,Robbery,Unable to prosecute suspect,
8eaaf372cc7462ccf76fc4b4699a464946df6b660313d19ce8e8627054874b36,2024-11,Sussex Police,Sussex Police,-0.146575,50.824393,On or near Regent Hill,E01016952,Brighton and Hove 027A,Robbery,Unable to prosecute suspect,
bc936d76ccfef67c4fa84b95884e857e40dceae7b9979a355a556858a29b184a,2024-11,Sussex Police,Sussex Police,-0.147673,50.822486,On or near Cannon Place,E01016952,Brighton and Hove 027A,Robbery,Investigation complete; no suspect identified,
28540db7f16c11743e3d8fde60685744b2c6f2cd22a5a862f8da47baa20c86e5,2024-11,Sussex Police,Sussex Police,-0.141074,50.823118,On or near North Street,E01016952,Brighton and Hove 027A,Robbery,Investigation complete; no suspect identified,
b42f216a3c7fa1f3ef8d50d2dc09a639479b68da9519b5bda03b3b1dc797e080,2024-11,Sussex Police,Sussex Police,-0.144176,50.822232,On or near Boyce'S Street,E01016952,Brighton and Hove 027A,Robbery,Investigation complete; no suspect identified,
d104444a738712b79a22457f40f085c4a7502c3e68326fb8537d19f2714f3ef6,2024-11,Sussex Police,Sussex Police,-0.148336,50.822595,On or near St Margaret'S Place,E01016952,Brighton and Hove 027A,Robbery,Investigation complete; no suspect identified,
c5a345237a5460c0c7819c0c62c3b4df036c68f3914fd03d5eba9acfc315a890,2024-11,Sussex Police,Sussex Police,-0.142449,50.823167,On or near Nightclub,E01016952,Brighton and Hove 027A,Shoplifting,Investigation complete; no suspect identified,
3fe614ea5075bdf432710639a95f4b7ce4f18eb25a13e5803d249e5fbf7dd35e,2024-11,Sussex Police,Sussex Police,-0.146575,50.824393,On or near Regent Hill,E01016952,Brighton and Hove 027A,Shoplifting,Status update unavailable,
e3dbea34fdfb199fa8e51543153c036215f80627ea2284c98fe5524ebeff121d,2024-11,Sussex Police,Sussex Police,-0.142449,50.823167,On or near Nightclub,E01016952,Brighton and Hove 027A,Shoplifting,Court result unavailable,
12ffebfe51f716bc3a94ef7798f812ba28d0126308bd3b8954a020ecd4ffe791,2024-11,Sussex Police,Sussex Police,-0.146575,50.824393,On or near Regent Hill,E01016952,Brighton and Hove 027A,Shoplifting,Court result unavailable,
3b04b672a90b3f9cd76df6499c0aafc99260722cda5e3ce6e6140ba5eb00bc85,2024-11,Sussex Police,Sussex Police,-0.146575,50.824393,On or near Regent Hill,E01016952,Brighton and Hove 027A,Shoplifting,Court result unavailable,
d8e79492d53033fcab7690bc7ca3d739231f76d020de08a7085ab2e2feee10dd,2024-11,Sussex Police,Sussex Police,-0.146575,50.824393,On or near Regent Hill,E01016952,Brighton and Hove 027A,Shoplifting,Investigation complete; no suspect identified,
7e08cab10b882c6b860aafbd569753cf593df0f45ea3875da1e4bf0161b76cf1,2024-11,Sussex Police,Sussex Police,-0.145662,50.823434,On or near Grenville Street,E01016952,Brighton and Hove 027A,Shoplifting,Unable to prosecute suspect,
8c9b77762b64b70eabe3ac2abe0c84344740d3c3c0c0e707dfe1781b917617cb,2024-11,Sussex Police,Sussex Police,-0.146575,50.824393,On or near Regent Hill,E01016952,Brighton and Hove 027A,Shoplifting,Court result unavailable,
c47cf662f996308d8566d1ffbb58848044a82e3d524c12c711d46e04c28d4764,2024-11,Sussex Police,Sussex Police,-0.144087,50.823391,On or near Farm Yard,E01016952,Brighton and Hove 027A,Shoplifting,Unable to prosecute suspect,
45980a3a2df306bec71e9f3f5a64441bcaf090eb6755e04d3448e83f41cb4a23,2024-11,Sussex Police,Sussex Police,-0.145662,50.823434,On or near Grenville Street,E01016952,Brighton and Hove 027A,Shoplifting,Unable to prosecute suspect,
09100f7d835cf363ff6f0cc4ddd664c2847618e3b5d873c6e20647584b6bc8ee,2024-11,Sussex Police,Sussex Police,-0.142449,50.823167,On or near Nightclub,E01016952,Brighton and Hove 027A,Shoplifting,Court result unavailable,
ff8cf45ce2600802627085d4bb56945e7b06eddd1a9587a497b618ec428f83bd,2024-11,Sussex Police,Sussex Police,-0.142523,50.822745,On or near Duke Street,E01016952,Brighton and Hove 027A,Shoplifting,Investigation complete; no suspect identified,
6bf00d4ee3e1018604893256d8e565a92b0d444f5d53108f26038a8f4d036029,2024-11,Sussex Police,Sussex Police,-0.141074,50.823118,On or near North Street,E01016952,Brighton and Hove 027A,Shoplifting,Investigation complete; no suspect identified,
9f8a35b12e6dff7255a46bc3f5a95ffdd931542af872b73efed37755f1204392,2024-11,Sussex Police,Sussex Police,-0.147581,50.823716,On or near Clarence Square,E01016952,Brighton and Hove 027A,Shoplifting,Investigation complete; no suspect identified,
ebeefa93431f065cb11a8b22177939f9cab3979cfb0da0bb6376ec7daa4e334c,2024-11,Sussex Police,Sussex Police,-0.139338,50.820698,On or near East Street,E01016952,Brighton and Hove 027A,Shoplifting,Investigation complete; no suspect identified,
c859b2f57f0217645bbd3e140ddc501e4d06bedfa4eebdddd5745679a844ab25,2024-11,Sussex Police,Sussex Police,-0.147581,50.823716,On or near Clarence Square,E01016952,Brighton and Hove 027A,Shoplifting,Investigation complete; no suspect identified,
a112c1afa326f91b2c337bc4762f9ece2e37d8c3dbbe131fd2f4939ccc29f1ca,2024-11,Sussex Police,Sussex Police,-0.141074,50.823118,On or near North Street,E01016952,Brighton and Hove 027A,Shoplifting,Investigation complete; no suspect identified,
755d81e4feeb534b2c922d337d689a01fc9a61a3969dd3d6755d85dddcc947a1,2024-11,Sussex Police,Sussex Police,-0.147581,50.823716,On or near Clarence Square,E01016952,Brighton and Hove 027A,Shoplifting,Investigation complete; no suspect identified,
4923f48ee807f88a5e7be6164fa95e504265e0c91ac494b7201276d948ecc22d,2024-11,Sussex Police,Sussex Police,-0.146575,50.824393,On or near Regent Hill,E01016952,Brighton and Hove 027A,Shoplifting,Unable to prosecute suspect,
a07b70136e04cd8c03f868f89c05d755dfdd428aab610814f5fe0844fe722c0e,2024-11,Sussex Police,Sussex Police,-0.139614,50.821620,On or near Market Street,E01016952,Brighton and Hove 027A,Shoplifting,Investigation complete; no suspect identified,
76cb40c6d94d201eb2545f47ec6403f55dddf032356e5ddf702bb7a14a640652,2024-11,Sussex Police,Sussex Police,-0.138459,50.821404,On or near Nightclub,E01016952,Brighton and Hove 027A,Shoplifting,Investigation complete; no suspect identified,
a9c75c7ebceb053fca2959e89e98b461309097c7126e232d067835a7ce60f3cf,2024-11,Sussex Police,Sussex Police,-0.139338,50.820698,On or near East Street,E01016952,Brighton and Hove 027A,Shoplifting,Investigation complete; no suspect identified,
b35ffd6cd31b994f7ce8ba48f9dfab2e891f548fc99d4efbc15575ea2eb1e7af,2024-11,Sussex Police,Sussex Police,-0.144087,50.823391,On or near Farm Yard,E01016952,Brighton and Hove 027A,Shoplifting,Court result unavailable,
1b3e9ef70ddf735b80523cc019b58ba3546f41d6a8bc114a71659ac9ae60bec1,2024-11,Sussex Police,Sussex Police,-0.146575,50.824393,On or near Regent Hill,E01016952,Brighton and Hove 027A,Shoplifting,Unable to prosecute suspect,
ee77bdc45bcade1a1223c66f65369abb63f232d24a6f439499e8f716eb29f1b1,2024-11,Sussex Police,Sussex Police,-0.146575,50.824393,On or near Regent Hill,E01016952,Brighton and Hove 027A,Shoplifting,Unable to prosecute suspect,
b8e9946170bc784dac718f9aeeafd3242e5801d4e970c5f62da65ad7d6eab935,2024-11,Sussex Police,Sussex Police,-0.146575,50.824393,On or near Regent Hill,E01016952,Brighton and Hove 027A,Shoplifting,Investigation complete; no suspect identified,
ec4157af7afd77207d567c1f252d68e4a1983858a9405efc69fe96d9251b463d,2024-11,Sussex Police,Sussex Police,-0.146575,50.824393,On or near Regent Hill,E01016952,Brighton and Hove 027A,Shoplifting,Unable to prosecute suspect,
860714d092443a7a5ad44d90dc3cd7447d55a48c9ddde7f1135999983859e0b9,2024-11,Sussex Police,Sussex Police,-0.141813,50.821655,On or near Ship Street,E01016952,Brighton and Hove 027A,Shoplifting,Local resolution,
b3bc5bc4acd219d7374fb522b538230f95b45eac4e7179c8e7d743de67f34604,2024-11,Sussex Police,Sussex Police,-0.139905,50.820024,On or near Nightclub,E01016952,Brighton and Hove 027A,Shoplifting,Investigation complete; no suspect identified,
32d08cb780ac20500335d9753c39cdae50fd4af602775864d9a1882b628106ad,2024-11,Sussex Police,Sussex Police,-0.139962,50.821805,On or near Brighton Place,E01016952,Brighton and Hove 027A,Shoplifting,Unable to prosecute suspect,
3c716b1697340e3da243d6276c9947778f64e03f5ca9d49243eaa6c7e48eddd0,2024-11,Sussex Police,Sussex Police,-0.145662,50.823434,On or near Grenville Street,E01016952,Brighton and Hove 027A,Shoplifting,Unable to prosecute suspect,
e880864efc35d9c2f97483a7dd667f1abe42a72875cf8b9aae4ee6db84bf5b60,2024-11,Sussex Police,Sussex Police,-0.142449,50.823167,On or near Nightclub,E01016952,Brighton and Hove 027A,Shoplifting,Unable to prosecute suspect,
cbc3ad3b2fd5aa255ded3ad999cc3a9f46b3e05edb35dbbd523bca292a7ec9cd,2024-11,Sussex Police,Sussex Police,-0.146575,50.824393,On or near Regent Hill,E01016952,Brighton and Hove 027A,Shoplifting,Court result unavailable,
a23fcbd1788387273a39c4b5da0cfc3fef27977474e6d7aa92b98d16d16b8328,2024-11,Sussex Police,Sussex Police,-0.146575,50.824393,On or near Regent Hill,E01016952,Brighton and Hove 027A,Shoplifting,Investigation complete; no suspect identified,
571bd0cde3b860173b7c304dc9ed3d745ccb281cc238e1f237ed90265fbe48c8,2024-11,Sussex Police,Sussex Police,-0.142449,50.823167,On or near Nightclub,E01016952,Brighton and Hove 027A,Shoplifting,Investigation complete; no suspect identified,
da636b89608ff035380f51a2216d35ff2fda678e22d33c4a727f6b2ffc0060c0,2024-11,Sussex Police,Sussex Police,-0.141074,50.823118,On or near North Street,E01016952,Brighton and Hove 027A,Shoplifting,Investigation complete; no suspect identified,
709a91298046f809c4e6ab77e969460d68e568b3d1aebb0def222b35b7cfbc49,2024-11,Sussex Police,Sussex Police,-0.141074,50.823118,On or near North Street,E01016952,Brighton and Hove 027A,Shoplifting,Unable to prosecute suspect,
dffdb7bba1e46c245dfc1bbf33df2e85c277fde6463951e3c8d5961810cc4ed6,2024-11,Sussex Police,Sussex Police,-0.141074,50.823118,On or near North Street,E01016952,Brighton and Hove 027A,Shoplifting,Investigation complete; no suspect identified,
545902fb7ed953d95aaed55c4827ae64668ad6aacb9d75369f468d83e5809cef,2024-11,Sussex Police,Sussex Police,-0.146575,50.824393,On or near Regent Hill,E01016952,Brighton and Hove 027A,Shoplifting,Court result unavailable,
56fbd6453b474ffd49c8e1288753799466206571e149a3cf710db3f848494d9c,2024-11,Sussex Police,Sussex Police,-0.141074,50.823118,On or near North Street,E01016952,Brighton and Hove 027A,Shoplifting,Investigation complete; no suspect identified,
471e7163d23641cad2896651773ebffa31dc45e1fc06db3cec0dcfe256c0c21b,2024-11,Sussex Police,Sussex Police,-0.145701,50.823147,On or near Shopping Area,E01016952,Brighton and Hove 027A,Shoplifting,Unable to prosecute suspect,
1b5e83756294c1a61bf5587b2290483e4b7ec6b391c13bb986cba4120f68ab3e,2024-11,Sussex Police,Sussex Police,-0.139614,50.821620,On or near Market Street,E01016952,Brighton and Hove 027A,Shoplifting,Investigation complete; no suspect identified,
ddb66713fbb437e891a637f6af8f9a5f997ba4556f33b73d30417c0d46ae48bd,2024-11,Sussex Police,Sussex Police,-0.141074,50.823118,On or near North Street,E01016952,Brighton and Hove 027A,Shoplifting,Investigation complete; no suspect identified,
eb5765f306f3a4fc801973a3810e6ab97e31228f52fe5e7f0674cdd65414fb02,2024-11,Sussex Police,Sussex Police,-0.142449,50.823167,On or near Nightclub,E01016952,Brighton and Hove 027A,Shoplifting,Investigation complete; no suspect identified,
8b1a2e496205a710dd510eb4ddb9c008885f7afb0a42f43829def0d0a9466746,2024-11,Sussex Police,Sussex Police,-0.138459,50.821404,On or near Nightclub,E01016952,Brighton and Hove 027A,Shoplifting,Unable to prosecute suspect,
81e528b693ec4eb2516513c3c43507b400dd87850327210ae8eb5bf69205ee49,2024-11,Sussex Police,Sussex Police,-0.139962,50.821805,On or near Brighton Place,E01016952,Brighton and Hove 027A,Shoplifting,Court result unavailable,
dfc980d06d4f1ccc4e552567cde68b45bf6e5277d837e5e346671d572f3eb50f,2024-11,Sussex Police,Sussex Police,-0.146575,50.824393,On or near Regent Hill,E01016952,Brighton and Hove 027A,Shoplifting,Unable to prosecute suspect,
04d9685987c37016bb5f8ef3e6b5c3726d2b952dfbc13a6e862c3c541d139ad3,2024-11,Sussex Police,Sussex Police,-0.148134,50.824103,On or near B2066,E01016952,Brighton and Hove 027A,Shoplifting,Investigation complete; no suspect identified,
904c11bc86f2a148778b4fbe8d8b0b18e08ef8d033bf7d784ac25d62515af6ef,2024-11,Sussex Police,Sussex Police,-0.142449,50.823167,On or near Nightclub,E01016952,Brighton and Hove 027A,Shoplifting,Status update unavailable,
4a523d7e08243345d026e8fbfe5444e23bec5a568abd06f16f10579591a2d77a,2024-11,Sussex Police,Sussex Police,-0.145662,50.823434,On or near Grenville Street,E01016952,Brighton and Hove 027A,Shoplifting,Unable to prosecute suspect,
243accdb7372f0a41c489dbc040ec10e2e2b781d6b0a6a0854df72c615d81161,2024-11,Sussex Police,Sussex Police,-0.141074,50.823118,On or near North Street,E01016952,Brighton and Hove 027A,Shoplifting,Investigation complete; no suspect identified,
2a9a5b10f4df091ed394c515d40ec4da7e4ed8ccf892e755898e6f0a252d3653,2024-11,Sussex Police,Sussex Police,-0.141074,50.823118,On or near North Street,E01016952,Brighton and Hove 027A,Shoplifting,Investigation complete; no suspect identified,
cd7478bcf8b66c536a6f995ed414387839fe65c98752dc60dfad0f1cd86b7272,2024-11,Sussex Police,Sussex Police,-0.138459,50.821404,On or near Nightclub,E01016952,Brighton and Hove 027A,Shoplifting,Unable to prosecute suspect,
5199c0aef5cb41f191dfa48fe7fbed19f269676dcf5bb249ac0034f525e871a3,2024-11,Sussex Police,Sussex Police,-0.146575,50.824393,On or near Regent Hill,E01016952,Brighton and Hove 027A,Shoplifting,Court result unavailable,
2418eaee5072aaa782a92bd77421adc79bb414aaf875b164ee38beff815edd03,2024-11,Sussex Police,Sussex Police,-0.146575,50.824393,On or near Regent Hill,E01016952,Brighton and Hove 027A,Shoplifting,Unable to prosecute suspect,
13a0aee8f2d764057286e27b7f14b9dc90d3f9caa7b3294c856673a0e00a393c,2024-11,Sussex Police,Sussex Police,-0.139962,50.821805,On or near Brighton Place,E01016952,Brighton and Hove 027A,Shoplifting,Investigation complete; no suspect identified,
d9d02d9572357dc8ff7096593e4faa13d4d52621bebee9dfcec7e6c3480ffe20,2024-11,Sussex Police,Sussex Police,-0.139962,50.821805,On or near Brighton Place,E01016952,Brighton and Hove 027A,Shoplifting,Status update unavailable,
7e7db2a6befcfc71bd5ad38e0732d712a5e81ec441380b04e45803e6b923e2c2,2024-11,Sussex Police,Sussex Police,-0.139962,50.821805,On or near Brighton Place,E01016952,Brighton and Hove 027A,Shoplifting,Local resolution,
678e35b2585aad4dbef7272ba23dd133ad83654094ad657e580b1f7dbf2e7644,2024-11,Sussex Police,Sussex Police,-0.141074,50.823118,On or near North Street,E01016952,Brighton and Hove 027A,Shoplifting,Unable to prosecute suspect,
82434fb24c462a342f374842554f0de3d1e87c21682724e491f2b02e69a87fc8,2024-11,Sussex Police,Sussex Police,-0.144087,50.823391,On or near Farm Yard,E01016952,Brighton and Hove 027A,Shoplifting,Unable to prosecute suspect,
a9a8271a7724d961eb1942f6a905c8dc853d2fea5cbe244c99f6c7492d52fe27,2024-11,Sussex Police,Sussex Police,-0.146575,50.824393,On or near Regent Hill,E01016952,Brighton and Hove 027A,Shoplifting,Court result unavailable,
6f5c93fc46a4f092e16501e4cb5e2e3371b3629078f14a98cd1d97c5132ae073,2024-11,Sussex Police,Sussex Police,-0.146575,50.824393,On or near Regent Hill,E01016952,Brighton and Hove 027A,Shoplifting,Court result unavailable,
e676dfcfe72a166d57cfebc50a0d092fd8d3098236b49506bb4d1b0c33694f70,2024-11,Sussex Police,Sussex Police,-0.146575,50.824393,On or near Regent Hill,E01016952,Brighton and Hove 027A,Shoplifting,Investigation complete; no suspect identified,
6e7ef945587fcab79f9501d011ef58d22af6f15887f3f492334e0351fa40eb0a,2024-11,Sussex Police,Sussex Police,-0.146575,50.824393,On or near Regent Hill,E01016952,Brighton and Hove 027A,Shoplifting,Investigation complete; no suspect identified,
e589621a4f12e3c29adeb80af5a47251aca54a642ba287f4b5ae978ba187ffc5,2024-11,Sussex Police,Sussex Police,-0.144087,50.823391,On or near Farm Yard,E01016952,Brighton and Hove 027A,Shoplifting,Investigation complete; no suspect identified,
331513e2befb9cfe0d95403ac2091e7deb9bfb7170e9e8a42c9d6e4ed8df564d,2024-11,Sussex Police,Sussex Police,-0.145662,50.823434,On or near Grenville Street,E01016952,Brighton and Hove 027A,Shoplifting,Unable to prosecute suspect,
d40125cc106c5365416020c3fcc8f900193a613a4755fad93a951d563b49549a,2024-11,Sussex Police,Sussex Police,-0.146575,50.824393,On or near Regent Hill,E01016952,Brighton and Hove 027A,Shoplifting,Court result unavailable,
d005a2983f03578a4b1593982e762f9d4f0bb37092f4c128e0f263891feed277,2024-11,Sussex Police,Sussex Police,-0.139962,50.821805,On or near Brighton Place,E01016952,Brighton and Hove 027A,Shoplifting,Unable to prosecute suspect,
627b9a4fb95d16a3b3573ea79da6d04aa9a5ee931f2449e13c4b0e80b2a74777,2024-11,Sussex Police,Sussex Police,-0.141074,50.823118,On or near North Street,E01016952,Brighton and Hove 027A,Shoplifting,Unable to prosecute suspect,
b7f12fcff69618dd9e3fc79f63b3d10f1b16a2e8a363f148949bd84ebc8ff252,2024-11,Sussex Police,Sussex Police,-0.139338,50.820698,On or near East Street,E01016952,Brighton and Hove 027A,Shoplifting,Unable to prosecute suspect,
5c0930b86bdea418f9fef1a2c6ebd861c508e77828dc49ef499b073b71d9b8df,2024-11,Sussex Police,Sussex Police,-0.145701,50.823147,On or near Shopping Area,E01016952,Brighton and Hove 027A,Shoplifting,Unable to prosecute suspect,
07788d16fc810c87631a74341b4d63d01a9b68ea4a0d2e428b6c94a390728c61,2024-11,Sussex Police,Sussex Police,-0.145662,50.823434,On or near Grenville Street,E01016952,Brighton and Hove 027A,Shoplifting,Court result unavailable,
9cd13a697ad3f1468e4a3c197615d5da8fe1707cfff9b79b77f6c7e5eefc8bb1,2024-11,Sussex Police,Sussex Police,-0.141074,50.823118,On or near North Street,E01016952,Brighton and Hove 027A,Shoplifting,Investigation complete; no suspect identified,
1df4ff35db67c2c5742c11be8e3af1b188da15c636ce0dcf1ab4b210070892e7,2024-11,Sussex Police,Sussex Police,-0.138459,50.821404,On or near Nightclub,E01016952,Brighton and Hove 027A,Shoplifting,Status update unavailable,
aef177521f851cc41a6ea8f544ea8f037b5b6b48d077a3258c64ed150280be29,2024-11,Sussex Police,Sussex Police,-0.145662,50.823434,On or near Grenville Street,E01016952,Brighton and Hove 027A,Shoplifting,Unable to prosecute suspect,
c220781606bdd93e5665df298c6f8111c3980241cb7fefc6ec6fb9c4f31711bd,2024-11,Sussex Police,Sussex Police,-0.146575,50.824393,On or near Regent Hill,E01016952,Brighton and Hove 027A,Shoplifting,Investigation complete; no suspect identified,
8ccc072f19e4f19ee79e4919fc30b3f386ce1314f576c2531420175eb9dc5434,2024-11,Sussex Police,Sussex Police,-0.145607,50.824108,On or near Shopping Area,E01016952,Brighton and Hove 027A,Shoplifting,Local resolution,
2988768b5ba7001f531cbc1f6457441e2375df284125d2c632e86368e46e368b,2024-11,Sussex Police,Sussex Police,-0.145805,50.822312,On or near Regency Road,E01016952,Brighton and Hove 027A,Shoplifting,Unable to prosecute suspect,
3309fbc7bf81432e576442fb3dad6bfd93aa1d4e62c66e66a0dd74f9d2ad120c,2024-11,Sussex Police,Sussex Police,-0.146575,50.824393,On or near Regent Hill,E01016952,Brighton and Hove 027A,Shoplifting,Court result unavailable,
5b10aba3c07ffa05588df74c6769fa8e87d6eac2c33120f709fa8f10f829780d,2024-11,Sussex Police,Sussex Police,-0.144176,50.822232,On or near Boyce'S Street,E01016952,Brighton and Hove 027A,Shoplifting,Local resolution,
a613912470cff4591b33d6aa245b3785fdf99ed8898fa3dc192a7ac4df74deeb,2024-11,Sussex Police,Sussex Police,-0.145634,50.822687,On or near Parking Area,E01016952,Brighton and Hove 027A,Shoplifting,Investigation complete; no suspect identified,
001ece12271e25ac0fff9ef830e1833f6420699329efa6ed8a30bb770845e2ec,2024-11,Sussex Police,Sussex Police,-0.142449,50.823167,On or near Nightclub,E01016952,Brighton and Hove 027A,Shoplifting,Unable to prosecute suspect,
bc010c250de2e8a9f678d3734ade1fbe419d0f9db5739fa9e78a3dc734f06db3,2024-11,Sussex Police,Sussex Police,-0.146575,50.824393,On or near Regent Hill,E01016952,Brighton and Hove 027A,Shoplifting,Investigation complete; no suspect identified,
3010b293f826abb32eb499403a60fdef55e04e9e079cd1f053d4c984845010f6,2024-11,Sussex Police,Sussex Police,-0.139962,50.821805,On or near Brighton Place,E01016952,Brighton and Hove 027A,Shoplifting,Investigation complete; no suspect identified,
bb4dd8960aa3ec199b339fc18afdfd8355dbb62b8d140f245d2bce717f9de491,2024-11,Sussex Police,Sussex Police,-0.146575,50.824393,On or near Regent Hill,E01016952,Brighton and Hove 027A,Shoplifting,Unable to prosecute suspect,
746166862207b54ae7b6f1fd34f40885913255cc352a7729cecda4b55d06d2de,2024-11,Sussex Police,Sussex Police,-0.141074,50.823118,On or near North Street,E01016952,Brighton and Hove 027A,Shoplifting,Unable to prosecute suspect,
fb7e87fda796d72f90a8c44526b67cf73bba0f3b21abc56a170de468d05c45ab,2024-11,Sussex Police,Sussex Police,-0.139614,50.821620,On or near Market Street,E01016952,Brighton and Hove 027A,Shoplifting,Investigation complete; no suspect identified,
7bed66e3ff67858d12050808cf5cdb1c8d2a235266cef7da237fb935447dcb97,2024-11,Sussex Police,Sussex Police,-0.146575,50.824393,On or near Regent Hill,E01016952,Brighton and Hove 027A,Shoplifting,Investigation complete; no suspect identified,
7a047ab4bb896a946ef219c6b27dcf020409100a992c6296dba37f990be3cb06,2024-11,Sussex Police,Sussex Police,-0.142449,50.823167,On or near Nightclub,E01016952,Brighton and Hove 027A,Shoplifting,Investigation complete; no suspect identified,
acf255af1e603d119162b97496e034eb5245683b168e13b8472d89d9b61d8357,2024-11,Sussex Police,Sussex Police,-0.142449,50.823167,On or near Nightclub,E01016952,Brighton and Hove 027A,Shoplifting,Investigation complete; no suspect identified,
9607256f3bfc6342be0059c12deb83e1f86a7d501161543514a7ff767afeffc4,2024-11,Sussex Police,Sussex Police,-0.148134,50.824103,On or near B2066,E01016952,Brighton and Hove 027A,Shoplifting,Unable to prosecute suspect,
92402f3ce528715e06b02cd800abdeb52a3ecd831c9764366bcb7b6f7e338910,2024-11,Sussex Police,Sussex Police,-0.146575,50.824393,On or near Regent Hill,E01016952,Brighton and Hove 027A,Shoplifting,Court result unavailable,
328c4830e0c37c94e76cd2b5096d03043bf7e3c2a6295ff28659462bb1bd37f0,2024-11,Sussex Police,Sussex Police,-0.145805,50.822312,On or near Regency Road,E01016952,Brighton and Hove 027A,Shoplifting,Investigation complete; no suspect identified,
3f59d40f23d0d6a665886e8a1113667155db87644b728ac3765f683ad807d37c,2024-11,Sussex Police,Sussex Police,-0.145701,50.823147,On or near Shopping Area,E01016952,Brighton and Hove 027A,Shoplifting,Investigation complete; no suspect identified,
effaedbcfbc3945d68fc2685e76e009f2be8f6c912dfe82b441a6819333d3523,2024-11,Sussex Police,Sussex Police,-0.139614,50.821620,On or near Market Street,E01016952,Brighton and Hove 027A,Shoplifting,Investigation complete; no suspect identified,
5b5c26acd9bf76fa97b3e1be29de47e6bd2891a0f9e4eba314607f95f94e74ae,2024-11,Sussex Police,Sussex Police,-0.139962,50.821805,On or near Brighton Place,E01016952,Brighton and Hove 027A,Shoplifting,Unable to prosecute suspect,
07fef2c141eee9f8b69c4a9f578b3602b9e8a3b4d04505b6368b5df57c188799,2024-11,Sussex Police,Sussex Police,-0.142449,50.823167,On or near Nightclub,E01016952,Brighton and Hove 027A,Shoplifting,Unable to prosecute suspect,
8ce694207afa36896f5db2da501cf86ecb5955e41609e349c8b218d4d3bdc0f8,2024-11,Sussex Police,Sussex Police,-0.139614,50.821620,On or near Market Street,E01016952,Brighton and Hove 027A,Shoplifting,Investigation complete; no suspect identified,
dfe76880c6aee0b6e8e61f17e634967272615b2b942b2a3f1e96c04d6c449643,2024-11,Sussex Police,Sussex Police,-0.142449,50.823167,On or near Nightclub,E01016952,Brighton and Hove 027A,Shoplifting,Investigation complete; no suspect identified,
89b72be04bcc705d5818b8ca33076fa85196e9f8311bdc660510e24418d62793,2024-11,Sussex Police,Sussex Police,-0.142523,50.822745,On or near Duke Street,E01016952,Brighton and Hove 027A,Shoplifting,Investigation complete; no suspect identified,
e798a3791e974b31a288269169a2c79ec52fdd6dc06ce499b5c0205003a7cbeb,2024-11,Sussex Police,Sussex Police,-0.146575,50.824393,On or near Regent Hill,E01016952,Brighton and Hove 027A,Shoplifting,Investigation complete; no suspect identified,
868ac3fdeff4f98cffdf2f16d2c01e32b897e2b312f35e3fd9b50c818b064a6e,2024-11,Sussex Police,Sussex Police,-0.146575,50.824393,On or near Regent Hill,E01016952,Brighton and Hove 027A,Shoplifting,Investigation complete; no suspect identified,
1c92a260658e32f7abd80b9b02c1782c26c4fb2cfe62442fd992366e676b3498,2024-11,Sussex Police,Sussex Police,-0.139614,50.821620,On or near Market Street,E01016952,Brighton and Hove 027A,Shoplifting,Court result unavailable,
0a974531c8a951b56b8162d7a8fab89c61fc35625206a1b98dee787ae61b795d,2024-11,Sussex Police,Sussex Police,-0.148134,50.824103,On or near B2066,E01016952,Brighton and Hove 027A,Shoplifting,Investigation complete; no suspect identified,
e64eed4282c15cddcd353a0e5b4b9a9125a18c74344fba66f0f932d551d82818,2024-11,Sussex Police,Sussex Police,-0.141074,50.823118,On or near North Street,E01016952,Brighton and Hove 027A,Shoplifting,Unable to prosecute suspect,
879b1d1c498eceb04c9652063e51faf2a5b54cb22bf6b7e009b664b26048dab9,2024-11,Sussex Police,Sussex Police,-0.142449,50.823167,On or near Nightclub,E01016952,Brighton and Hove 027A,Shoplifting,Investigation complete; no suspect identified,
8bfc6e321e60aa82593c8e4b7ecbd74fd58c16f3d072d1cd2e79046a8dac17b7,2024-11,Sussex Police,Sussex Police,-0.141074,50.823118,On or near North Street,E01016952,Brighton and Hove 027A,Shoplifting,Unable to prosecute suspect,
6293c92a5b3c469f016aaffdf6681d7f2e9d0d95861409df2da8662f73dfadce,2024-11,Sussex Police,Sussex Police,-0.146575,50.824393,On or near Regent Hill,E01016952,Brighton and Hove 027A,Shoplifting,Investigation complete; no suspect identified,
8c4532e341d1635c99e59e7bd0fbe5ac11c72c64298acb893564da01980082a6,2024-11,Sussex Police,Sussex Police,-0.142449,50.823167,On or near Nightclub,E01016952,Brighton and Hove 027A,Shoplifting,Unable to prosecute suspect,
4711b65d30a896e97f36a5c1818fd65dd73cd0068d3d30207ecf68ea51eb034e,2024-11,Sussex Police,Sussex Police,-0.141074,50.823118,On or near North Street,E01016952,Brighton and Hove 027A,Shoplifting,Unable to prosecute suspect,
a247188108778058e5eacb678a6148a75bea12402d97e311ea872702bc84cd03,2024-11,Sussex Police,Sussex Police,-0.146575,50.824393,On or near Regent Hill,E01016952,Brighton and Hove 027A,Shoplifting,Court result unavailable,
1ad44accbaf44fc68336c6243b57ab2d55caf6eb3431c86f108f0567fd89c26b,2024-11,Sussex Police,Sussex Police,-0.146575,50.824393,On or near Regent Hill,E01016952,Brighton and Hove 027A,Shoplifting,Unable to prosecute suspect,
cdd66f1c1008fc4efc0d11d2d1a47c1a8055e7d643c6cb5fa11c602ededb16a4,2024-11,Sussex Police,Sussex Police,-0.147581,50.823716,On or near Clarence Square,E01016952,Brighton and Hove 027A,Shoplifting,Unable to prosecute suspect,
55d4be3a05f97f447b94909989b098f50b3546622726da7505a994081e2c7855,2024-11,Sussex Police,Sussex Police,-0.142523,50.822745,On or near Duke Street,E01016952,Brighton and Hove 027A,Shoplifting,Unable to prosecute suspect,
47a569c6cc7b27fd64f5005d3c00cfd9d9c507e14932dd1a02c3316bef617253,2024-11,Sussex Police,Sussex Police,-0.138459,50.821404,On or near Nightclub,E01016952,Brighton and Hove 027A,Shoplifting,Unable to prosecute suspect,
5ac7d10e8f7333f52639c4213f23417d54b9bc4fd0642c2813e571eca1f8d928,2024-11,Sussex Police,Sussex Police,-0.142449,50.823167,On or near Nightclub,E01016952,Brighton and Hove 027A,Shoplifting,Unable to prosecute suspect,
d3154e56347b55aadccbc23871afa75dc2260f953d36f8fb6bd89fabeb319efa,2024-11,Sussex Police,Sussex Police,-0.146575,50.824393,On or near Regent Hill,E01016952,Brighton and Hove 027A,Shoplifting,Status update unavailable,
3e583fecda6c68ccf10967a7321eed9e8b47c6d46fd87fffc5fbd0ac1ef2a1ae,2024-11,Sussex Police,Sussex Police,-0.148134,50.824103,On or near B2066,E01016952,Brighton and Hove 027A,Shoplifting,Unable to prosecute suspect,
fe00d7b319d4254a60199ff528fcb9b4fcb1c24cab37cf1cee34d434c6a8461d,2024-11,Sussex Police,Sussex Police,-0.146575,50.824393,On or near Regent Hill,E01016952,Brighton and Hove 027A,Shoplifting,Court result unavailable,
fa533b70fdb924a74de232ebb081c3119b060e27cb7be47e9b0ae9b9f6c212c3,2024-11,Sussex Police,Sussex Police,-0.146575,50.824393,On or near Regent Hill,E01016952,Brighton and Hove 027A,Shoplifting,Investigation complete; no suspect identified,
5f5af2a720370381fa4b5bc291f4b0b60021c5af697a9605cc73885583faaf57,2024-11,Sussex Police,Sussex Police,-0.148134,50.824103,On or near B2066,E01016952,Brighton and Hove 027A,Shoplifting,Investigation complete; no suspect identified,
f4c3e661d75dcabc6f0a095217fffadc9379eeb9653b86591de112a63d8504e0,2024-11,Sussex Police,Sussex Police,-0.141074,50.823118,On or near North Street,E01016952,Brighton and Hove 027A,Theft from the person,Investigation complete; no suspect identified,
49bfad4fad4dd0d967e97377f1c7173734548630d4b06d767902212b4f50f194,2024-11,Sussex Police,Sussex Police,-0.138143,50.821479,On or near Castle Square,E01016952,Brighton and Hove 027A,Theft from the person,Investigation complete; no suspect identified,
19bcab4078218009b3e2bdef344e0fb7e2f4bfcc160a23043d22ac56f21f93a2,2024-11,Sussex Police,Sussex Police,-0.141284,50.820675,On or near Black Lion Street,E01016952,Brighton and Hove 027A,Theft from the person,Unable to prosecute suspect,
3264461d061487f29ed72da1822a127518639b6530e7b22650c95febb044d710,2024-11,Sussex Police,Sussex Police,-0.141074,50.823118,On or near North Street,E01016952,Brighton and Hove 027A,Theft from the person,Investigation complete; no suspect identified,
76ad30d520968d4741600a86d178ce655bd9d4326e65185cd2eb07cd6d29c406,2024-11,Sussex Police,Sussex Police,-0.139338,50.820698,On or near East Street,E01016952,Brighton and Hove 027A,Theft from the person,Investigation complete; no suspect identified,
756ede0ef56663811d65857f0fb275a3a18caeb1c5a4c1bcbae0755392bf4b5e,2024-11,Sussex Police,Sussex Police,-0.138302,50.819998,On or near Pool Valley,E01016952,Brighton and Hove 027A,Theft from the person,Investigation complete; no suspect identified,
007543b51379f3e9511a161ea5aa68964e221fc93bf0065d61249df210a7d816,2024-11,Sussex Police,Sussex Police,-0.143126,50.821487,On or near Middle Street,E01016952,Brighton and Hove 027A,Theft from the person,Investigation complete; no suspect identified,
1fb4c7ba92c64b977f26c55239676be31ba270b68bf53eeb24848846b4446445,2024-11,Sussex Police,Sussex Police,-0.138459,50.821404,On or near Nightclub,E01016952,Brighton and Hove 027A,Theft from the person,Investigation complete; no suspect identified,
9fb57ed0efc5fac4faf7bddc00fda29e2ab2ffacc479027174a51f73a0b56fd2,2024-11,Sussex Police,Sussex Police,-0.145634,50.822687,On or near Parking Area,E01016952,Brighton and Hove 027A,Theft from the person,Investigation complete; no suspect identified,
54a40e1900a04fcd4ff6274738a0feb445bbfec9ef49b36bc5158fec00f59e82,2024-11,Sussex Police,Sussex Police,-0.147114,50.822612,On or near Parking Area,E01016952,Brighton and Hove 027A,Theft from the person,Investigation complete; no suspect identified,
ceca72653f94dbae78d02d02656d5e1cade0f4bed69a8573ccdb80c37e82858b,2024-11,Sussex Police,Sussex Police,-0.145701,50.823147,On or near Shopping Area,E01016952,Brighton and Hove 027A,Vehicle crime,Unable to prosecute suspect,
9afa5f8ebc968ec7accf4270d160aa4dce8a6bdda73155f3dbec596bcbc1ab62,2024-11,Sussex Police,Sussex Police,-0.141813,50.821655,On or near Ship Street,E01016952,Brighton and Hove 027A,Vehicle crime,Investigation complete; no suspect identified,
9a69a0eb095b808270b4a85ac9594814fa41fc431a42feea12bc49350f529e32,2024-11,Sussex Police,Sussex Police,-0.147673,50.822486,On or near Cannon Place,E01016952,Brighton and Hove 027A,Vehicle crime,Investigation complete; no suspect identified,
0e6b2c39f456eebf96c25d1f3cbbc2ebfe1e0e3fd6c89bb084560004c12168d4,2024-11,Sussex Police,Sussex Police,-0.150353,50.823643,On or near Parking Area,E01016952,Brighton and Hove 027A,Vehicle crime,Investigation complete; no suspect identified,
0e1b84be93add799d1b79cf7be88d653d6fda6b0030683d2128fa580a62207c0,2024-11,Sussex Police,Sussex Police,-0.147673,50.822486,On or near Cannon Place,E01016952,Brighton and Hove 027A,Vehicle crime,Investigation complete; no suspect identified,
ca823e4c3b13afa734ea9c8c192063ea34636d173cf0fe35e99db70935d38ed2,2024-11,Sussex Police,Sussex Police,-0.141074,50.823118,On or near North Street,E01016952,Brighton and Hove 027A,Violence and sexual offences,Investigation complete; no suspect identified,
9ddfe65d45ef5d7b1547cf68a326e940c4914a4b75d4fda9644d77008a54a4dd,2024-11,Sussex Police,Sussex Police,-0.145230,50.821071,On or near Nightclub,E01016952,Brighton and Hove 027A,Violence and sexual offences,Offender given a caution,
2b4690814ebf4fe4c181fcea705e33e3ac962e0479cb42c2d4933f305db04e2c,2024-11,Sussex Police,Sussex Police,-0.142449,50.823167,On or near Nightclub,E01016952,Brighton and Hove 027A,Violence and sexual offences,Awaiting court outcome,
d7ecaba1ec18acb52064b64b49e5103d860f044516007b66334e4522cf59df26,2024-11,Sussex Police,Sussex Police,-0.145993,50.821874,On or near Russell Road,E01016952,Brighton and Hove 027A,Violence and sexual offences,Investigation complete; no suspect identified,
3d7fd0c60d17d6512ff0b71cdf3c7c032b0c78441f247c6fd47ed717b3310726,2024-11,Sussex Police,Sussex Police,-0.141074,50.823118,On or near North Street,E01016952,Brighton and Hove 027A,Violence and sexual offences,Unable to prosecute suspect,
0bc92701c08625fd50b8913b15dfcf14d918811fbd6ddac4ea1be884d4ddbbff,2024-11,Sussex Police,Sussex Police,-0.138143,50.821479,On or near Castle Square,E01016952,Brighton and Hove 027A,Violence and sexual offences,Investigation complete; no suspect identified,
4c2de6cf270816923c3284218b6e9bb4f04f3bf1ef03a161c0ec6003c28eab05,2024-11,Sussex Police,Sussex Police,-0.144087,50.823391,On or near Farm Yard,E01016952,Brighton and Hove 027A,Violence and sexual offences,Local resolution,
6803cc55ec6f80daad7eae082f1c6f72d8cfdcf949d7aedad7ad592f9aff07ba,2024-11,Sussex Police,Sussex Police,-0.144176,50.822232,On or near Boyce'S Street,E01016952,Brighton and Hove 027A,Violence and sexual offences,Unable to prosecute suspect,
2ed533f238de3490d6663cbc11adda6a5ec504ab099345dcf9cb3bdf4a175172,2024-11,Sussex Police,Sussex Police,-0.138975,50.819847,On or near Nightclub,E01016952,Brighton and Hove 027A,Violence and sexual offences,Investigation complete; no suspect identified,
fccdb8dd47f620204a5b8750bb15e885c4686725eee537c0937f92323f7332d6,2024-11,Sussex Police,Sussex Police,-0.143673,50.821675,On or near Nightclub,E01016952,Brighton and Hove 027A,Violence and sexual offences,Investigation complete; no suspect identified,
2010b0f4fdf431f34e50a94a82b654cccc6efcaaa218a2769fcccca41592629b,2024-11,Sussex Police,Sussex Police,-0.141284,50.820675,On or near Black Lion Street,E01016952,Brighton and Hove 027A,Violence and sexual offences,Investigation complete; no suspect identified,
30c9c80e4937d018bfe1e8e9238b9ce251083c86efc6f8d7d5470a7c866272d3,2024-11,Sussex Police,Sussex Police,-0.141074,50.823118,On or near North Street,E01016952,Brighton and Hove 027A,Violence and sexual offences,Unable to prosecute suspect,
e124044742d8d7e24674328ced4932ee5c354c0737c5c7525b7ef13ba510ee5a,2024-11,Sussex Police,Sussex Police,-0.141284,50.820675,On or near Black Lion Street,E01016952,Brighton and Hove 027A,Violence and sexual offences,Unable to prosecute suspect,
0c38a8160347c2ea29d80f91020e617452db74e4fada12a05ea2a2cdf9e37a8c,2024-11,Sussex Police,Sussex Police,-0.140964,50.819798,On or near Nightclub,E01016952,Brighton and Hove 027A,Violence and sexual offences,Status update unavailable,
b2b83e2b43178f4fc901a711dde7c0239ace89a532f424f0df8a664dfa34fe3f,2024-11,Sussex Police,Sussex Police,-0.144087,50.823391,On or near Farm Yard,E01016952,Brighton and Hove 027A,Violence and sexual offences,Investigation complete; no suspect identified,
2ca0fe3902adaa48f94d51aba9b9168fc5da17645e8f046216cda729771c6fbc,2024-11,Sussex Police,Sussex Police,-0.143673,50.821675,On or near Nightclub,E01016952,Brighton and Hove 027A,Violence and sexual offences,Investigation complete; no suspect identified,
6907ceace59316f43a79c89784649aa8e9b32c2b26bd04710809fd94bff7d7ca,2024-11,Sussex Police,Sussex Police,-0.143673,50.821675,On or near Nightclub,E01016952,Brighton and Hove 027A,Violence and sexual offences,Investigation complete; no suspect identified,
1c4848f013b2c3e4bf4d9c81cf0b961b15f39c4ac136fcc25e0e1586b863a550,2024-11,Sussex Police,Sussex Police,-0.143910,50.823208,On or near Cranbourne Sreet,E01016952,Brighton and Hove 027A,Violence and sexual offences,Investigation complete; no suspect identified,
430fb794fe4a69ab95045841fd428cdcb8768dbd03c1d1afd8d3d6ca1655d9ce,2024-11,Sussex Police,Sussex Police,-0.141284,50.820675,On or near Black Lion Street,E01016952,Brighton and Hove 027A,Violence and sexual offences,Unable to prosecute suspect,
bf72bf54b466d12c242508792ea8cb5116d939adca2b35fa0573905cacd14c2c,2024-11,Sussex Police,Sussex Police,-0.145634,50.822687,On or near Parking Area,E01016952,Brighton and Hove 027A,Violence and sexual offences,Unable to prosecute suspect,
ee810d53fdb84d3c85997a0643915d8c81f71d83a8d1ff81d53bba6cad4d8d71,2024-11,Sussex Police,Sussex Police,-0.139962,50.821805,On or near Brighton Place,E01016952,Brighton and Hove 027A,Violence and sexual offences,Investigation complete; no suspect identified,
f02a4831d5f76bd5715ee992dc3014b389d8b151f2322a635462b4ceb55aaefb,2024-11,Sussex Police,Sussex Police,-0.144087,50.823391,On or near Farm Yard,E01016952,Brighton and Hove 027A,Violence and sexual offences,Investigation complete; no suspect identified,
847269566069b9b24d18ed5ba351775c8866b129c185477c7b26b37d2980d1f4,2024-11,Sussex Police,Sussex Police,-0.145701,50.823147,On or near Shopping Area,E01016952,Brighton and Hove 027A,Violence and sexual offences,Unable to prosecute suspect,
553ebc38c4a353dd3d49626f127ad206a88455e247addbe36ee93a2158b1ff70,2024-11,Sussex Police,Sussex Police,-0.138459,50.821404,On or near Nightclub,E01016952,Brighton and Hove 027A,Violence and sexual offences,Status update unavailable,
b5dc6597ee9e9bd2997007633cea060be3b2d8707aa0316cd5163616fe995694,2024-11,Sussex Police,Sussex Police,-0.140964,50.819798,On or near Nightclub,E01016952,Brighton and Hove 027A,Violence and sexual offences,Unable to prosecute suspect,
a235f610a4891b558840e4895e8cb45008c6202ed24adb8072a4853ca732b3bc,2024-11,Sussex Police,Sussex Police,-0.143673,50.821675,On or near Nightclub,E01016952,Brighton and Hove 027A,Violence and sexual offences,Unable to prosecute suspect,
6ee8096ac35ab70f5d3a4c4c82dab25f7d4cdd503af6feafd8d67b0b59af0cad,2024-11,Sussex Police,Sussex Police,-0.143850,50.820770,On or near South Street,E01016952,Brighton and Hove 027A,Violence and sexual offences,Unable to prosecute suspect,
54adfa77324c592855f4d4ff8fbfb20df3edb0e7f5f2c48a3ed0998ff63f2743,2024-11,Sussex Police,Sussex Police,-0.145993,50.821874,On or near Russell Road,E01016952,Brighton and Hove 027A,Violence and sexual offences,Unable to prosecute suspect,
f4d40bc2eab28078670f94a2f51f8f02aad1cbaa5a44f73c48a61e1152f38f29,2024-11,Sussex Police,Sussex Police,-0.138328,50.820036,On or near Bus/Coach Station,E01016952,Brighton and Hove 027A,Violence and sexual offences,Investigation complete; no suspect identified,
7fc3028c90436c6fb6ab221d34d66a3ed68b10cd0113b49b3e6d55e6e9254ac2,2024-11,Sussex Police,Sussex Police,-0.144176,50.822232,On or near Boyce'S Street,E01016952,Brighton and Hove 027A,Violence and sexual offences,Investigation complete; no suspect identified,
c9128510de33de70be4c2286b2868f2ef5c0ca28089327fe9f875fa6bc300d61,2024-11,Sussex Police,Sussex Police,-0.139614,50.821620,On or near Market Street,E01016952,Brighton and Hove 027A,Violence and sexual offences,Investigation complete; no suspect identified,
99925ceb242217c9ecbd5248a1a79141203e71b229f833b6334e36c19d3340b8,2024-11,Sussex Police,Sussex Police,-0.139905,50.820024,On or near Nightclub,E01016952,Brighton and Hove 027A,Violence and sexual offences,Local resolution,
9ed0db46edb8a7e6a221c25abb5b26ee78c3e8a5ea4207fb91af5faabaead970,2024-11,Sussex Police,Sussex Police,-0.138176,50.819942,On or near Pool Valley Coach Station,E01016952,Brighton and Hove 027A,Violence and sexual offences,Court result unavailable,
8d88ed49fc18d604994aef4cce12566680525564904162bf9982c7dbd58842c2,2024-11,Sussex Police,Sussex Police,-0.141074,50.823118,On or near North Street,E01016952,Brighton and Hove 027A,Violence and sexual offences,Unable to prosecute suspect,
1b5ba6341e3cb512bd9d64f8a7620f52e0ef45ca26b2a81fc0bf890c3320103c,2024-11,Sussex Police,Sussex Police,-0.147673,50.822486,On or near Cannon Place,E01016952,Brighton and Hove 027A,Violence and sexual offences,Unable to prosecute suspect,
91243623ce35ffa2333b1245ac3249d5c98734d2d6bf0e21932bd9ac1ca9c419,2024-11,Sussex Police,Sussex Police,-0.145607,50.824108,On or near Shopping Area,E01016952,Brighton and Hove 027A,Violence and sexual offences,Court result unavailable,
60e08cce51ec5fce5931676c43a73a69c89da5c179acf52d966c9376c168cf20,2024-11,Sussex Police,Sussex Police,-0.143673,50.821675,On or near Nightclub,E01016952,Brighton and Hove 027A,Violence and sexual offences,Investigation complete; no suspect identified,
c925f85ffce379e755d50036ee5a0f6ea6a409cb145e2bcab1708e46ee501667,2024-11,Sussex Police,Sussex Police,-0.150353,50.823643,On or near Parking Area,E01016952,Brighton and Hove 027A,Violence and sexual offences,Court result unavailable,
710835f824d52956324ce671e93bfab34f25c293fe68170c01df969d9931ddaf,2024-11,Sussex Police,Sussex Police,-0.144087,50.823391,On or near Farm Yard,E01016952,Brighton and Hove 027A,Violence and sexual offences,Unable to prosecute suspect,
1e21e2c40a1481a8e912cfdd0ca58b97bd63d3ddf3e242d8cb417e3bd6c380ed,2024-11,Sussex Police,Sussex Police,-0.140964,50.819798,On or near Nightclub,E01016952,Brighton and Hove 027A,Violence and sexual offences,Investigation complete; no suspect identified,
c8d80277eaf4d361b53e087d56c8f1a9955da0460fcb07179f44d06e355ffe78,2024-11,Sussex Police,Sussex Police,-0.140964,50.819798,On or near Nightclub,E01016952,Brighton and Hove 027A,Violence and sexual offences,Investigation complete; no suspect identified,
ccddbb0ebf359691582963b571722ae8563b9858d42afa27aa7283a3f4335f53,2024-11,Sussex Police,Sussex Police,-0.143421,50.820152,On or near Nightclub,E01016952,Brighton and Hove 027A,Violence and sexual offences,Investigation complete; no suspect identified,
245dcbc329a313572cf6caebdb4724c72cc7a734bcb40d8ed00950221a27cf63,2024-11,Sussex Police,Sussex Police,-0.141114,50.821392,On or near Nile Street,E01016952,Brighton and Hove 027A,Violence and sexual offences,Investigation complete; no suspect identified,
6a31f79f7536738640fa15e5f7b526f075ed494cc99d56c0c5aa1cc45dc9bfb7,2024-11,Sussex Police,Sussex Police,-0.141284,50.820675,On or near Black Lion Street,E01016952,Brighton and Hove 027A,Violence and sexual offences,Unable to prosecute suspect,
3f777e03fad6121c86e9ef79949913783d267eb880f87a75f757030da12498dc,2024-11,Sussex Police,Sussex Police,-0.138302,50.819998,On or near Pool Valley,E01016952,Brighton and Hove 027A,Violence and sexual offences,Investigation complete; no suspect identified,
8d630426d11314ba39af54e96e13c4bfe2490f5f142824e0a8afe6ada3cdfc75,2024-11,Sussex Police,Sussex Police,-0.138302,50.819998,On or near Pool Valley,E01016952,Brighton and Hove 027A,Violence and sexual offences,Local resolution,
c06b2f758128d368e6490b36eb99ec2a0c42a1f8b6c0d5e23987a0aa3a7eb8cc,2024-11,Sussex Police,Sussex Police,-0.138302,50.819998,On or near Pool Valley,E01016952,Brighton and Hove 027A,Violence and sexual offences,Investigation complete; no suspect identified,
d57d82a10292f56f8b245d0d850d502b5d8ba90d38fd31e02d84cc4b0d6c33d4,2024-11,Sussex Police,Sussex Police,-0.138302,50.819998,On or near Pool Valley,E01016952,Brighton and Hove 027A,Violence and sexual offences,Local resolution,
8f1bca395224b8cbbe00cb159b5bcc36942f6a4ce683df0101fafa98a8e5a3b5,2024-11,Sussex Police,Sussex Police,-0.145230,50.821071,On or near Nightclub,E01016952,Brighton and Hove 027A,Violence and sexual offences,Investigation complete; no suspect identified,
7f1401254e6091cedb6a0bc3c255745be17de092af5c91b6aaf98be11fd8ba13,2024-11,Sussex Police,Sussex Police,-0.148117,50.823104,On or near Russell Square,E01016952,Brighton and Hove 027A,Violence and sexual offences,Unable to prosecute suspect,
aac9e5e83f36dfd3442124e8305e8ec8c66ff127e39821e095ef7aee76a8833c,2024-11,Sussex Police,Sussex Police,-0.146575,50.824393,On or near Regent Hill,E01016952,Brighton and Hove 027A,Violence and sexual offences,Investigation complete; no suspect identified,
52480fa6b690eb862d817f0f302db4f385a666afbb65925bcd017844576e18f0,2024-11,Sussex Police,Sussex Police,-0.138302,50.819998,On or near Pool Valley,E01016952,Brighton and Hove 027A,Violence and sexual offences,Investigation complete; no suspect identified,
b817246c5a04349f374d44ceb8b430255686f71d6a59a1813b9f70143656a94a,2024-11,Sussex Police,Sussex Police,-0.143673,50.821675,On or near Nightclub,E01016952,Brighton and Hove 027A,Violence and sexual offences,Investigation complete; no suspect identified,
99fb119cc632131d70ca11cf7cfcdeaceb4967c0ba860746d518c668ca6274fb,2024-11,Sussex Police,Sussex Police,-0.143421,50.820152,On or near Nightclub,E01016952,Brighton and Hove 027A,Violence and sexual offences,Investigation complete; no suspect identified,
afde7420da8906058b2a1faee2c07bdd089f4d83fea3beab7ab2ef322b339a8f,2024-11,Sussex Police,Sussex Police,-0.143524,50.820756,On or near Nightclub,E01016952,Brighton and Hove 027A,Violence and sexual offences,Unable to prosecute suspect,
9f7f23a38129e97aa7a5aeff93354c45051e8d606fa093906764ea3c392a9836,2024-11,Sussex Police,Sussex Police,-0.138459,50.821404,On or near Nightclub,E01016952,Brighton and Hove 027A,Violence and sexual offences,Court result unavailable,
e8e691691d64249cabf75afc3db7b61a859037fd5e9eb6d806e9313386d294f9,2024-11,Sussex Police,Sussex Police,-0.143524,50.820756,On or near Nightclub,E01016952,Brighton and Hove 027A,Violence and sexual offences,Investigation complete; no suspect identified,
77ccb06c00d3dce6a61db1c7c25c43d43c9799dd0f690c7574532ceb86703fe4,2024-11,Sussex Police,Sussex Police,-0.146575,50.824393,On or near Regent Hill,E01016952,Brighton and Hove 027A,Violence and sexual offences,Investigation complete; no suspect identified,
21d73485116f75abef0d355b80d1df1bd88d24981e3b3578f9b0a530ce2dec9c,2024-11,Sussex Police,Sussex Police,-0.143784,50.822451,On or near Nightclub,E01016952,Brighton and Hove 027A,Violence and sexual offences,Investigation complete; no suspect identified,
7bed1bc31c1cdaf6f9df56aaa321b2d7df9c0f2cb2290b7d461cf6c2b579f44f,2024-11,Sussex Police,Sussex Police,-0.145230,50.821071,On or near Nightclub,E01016952,Brighton and Hove 027A,Violence and sexual offences,Unable to prosecute suspect,
4f520e680a433ecc6f1cb08f0e0b4b2d548bd02b57113033660488c1057ee3a6,2024-11,Sussex Police,Sussex Police,-0.140964,50.819798,On or near Nightclub,E01016952,Brighton and Hove 027A,Violence and sexual offences,Status update unavailable,
2ef05819bb982519061864fcd2016fa8f5b3d88946664e5b85cf88f571ca939c,2024-11,Sussex Police,Sussex Police,-0.146575,50.824393,On or near Regent Hill,E01016952,Brighton and Hove 027A,Violence and sexual offences,Investigation complete; no suspect identified,
6b0eb661a689a39768d03d87a5839a3eb749075112bacc6f85e983ca80b3c188,2024-11,Sussex Police,Sussex Police,-0.141074,50.823118,On or near North Street,E01016952,Brighton and Hove 027A,Violence and sexual offences,Investigation complete; no suspect identified,
64246fda3bcf0176d617278ee2dd06bee0d0648e1c9a6563ddcf7387ca2186a5,2024-11,Sussex Police,Sussex Police,-0.138328,50.820036,On or near Bus/Coach Station,E01016952,Brighton and Hove 027A,Violence and sexual offences,Investigation complete; no suspect identified,
ff9bf9e6141296877a0a5eac3b561cd5cdd970ed3d85617445e2988e115cf505,2024-11,Sussex Police,Sussex Police,-0.149600,50.823658,On or near Theatre/Concert Hall,E01016952,Brighton and Hove 027A,Violence and sexual offences,Investigation complete; no suspect identified,
d09c0e38381e5565020323c3c288fa9f688c75a88405c8ae15e4e506c31b4984,2024-11,Sussex Police,Sussex Police,-0.141074,50.823118,On or near North Street,E01016952,Brighton and Hove 027A,Violence and sexual offences,Court result unavailable,
fc533928ab2f50566a356a2feb2a9118e356b263a654cf5001bb1bc2ce51723d,2024-11,Sussex Police,Sussex Police,-0.147114,50.822612,On or near Parking Area,E01016952,Brighton and Hove 027A,Violence and sexual offences,Unable to prosecute suspect,
39bd51b5a3651f82a7f201422a29e6a512dd032ff43cec5a4f986e55c14aa6f2,2024-11,Sussex Police,Sussex Police,-0.147089,50.824689,On or near Marlborough Mews,E01016952,Brighton and Hove 027A,Violence and sexual offences,Unable to prosecute suspect,
588f9876d5b697cd94cf5e17c409828d58a2862a11de31d6f9d955c54be2d5e6,2024-11,Sussex Police,Sussex Police,-0.138328,50.820036,On or near Bus/Coach Station,E01016952,Brighton and Hove 027A,Violence and sexual offences,Investigation complete; no suspect identified,
d36e5f0718cbbff595864b0a5bc44697520e365287ec528d4a457a31cb551df0,2024-11,Sussex Police,Sussex Police,-0.141074,50.823118,On or near North Street,E01016952,Brighton and Hove 027A,Violence and sexual offences,Court result unavailable,
7600fd57a17464c3d6799a1fcaa243af1cb9cc6942ede70ce6a6dd253a06f76f,2024-11,Sussex Police,Sussex Police,-0.142422,50.822411,On or near Shopping Area,E01016952,Brighton and Hove 027A,Violence and sexual offences,Unable to prosecute suspect,
4f996ad496260c5464c2b5529061bdce3853584afb6c817a20c4ce363a1f63a9,2024-11,Sussex Police,Sussex Police,-0.140964,50.819798,On or near Nightclub,E01016952,Brighton and Hove 027A,Violence and sexual offences,Unable to prosecute suspect,
240680b4c2f453a0c4dd0ccd4ffb739bf097b2cb9375bc530970e06b92a97c28,2024-11,Sussex Police,Sussex Police,-0.138302,50.819998,On or near Pool Valley,E01016952,Brighton and Hove 027A,Violence and sexual offences,Unable to prosecute suspect,
ed0c04dc040eb1b24a0fcaab9dc807e611ad8fb1427b1412e8ec891ce9780f2d,2024-11,Sussex Police,Sussex Police,-0.138722,50.819411,On or near Grand Junction Road,E01016952,Brighton and Hove 027A,Violence and sexual offences,Investigation complete; no suspect identified,
c10c1c0cf3ad959854b5fa8129e9db0f1ab9a928b9c0a7f9a57fbae819210350,2024-11,Sussex Police,Sussex Police,-0.138143,50.821479,On or near Castle Square,E01016952,Brighton and Hove 027A,Violence and sexual offences,Unable to prosecute suspect,
58beefb08841aae919dd4869779a96310a5d6e42aeecf92eb52b5b2e6effc1d4,2024-11,Sussex Police,Sussex Police,-0.141074,50.823118,On or near North Street,E01016952,Brighton and Hove 027A,Violence and sexual offences,Status update unavailable,
61dbbdafcee67171d210560570666b45b3fd7e1afe4047c1e0fad9a7bbad1e32,2024-11,Sussex Police,Sussex Police,-0.138143,50.821479,On or near Castle Square,E01016952,Brighton and Hove 027A,Violence and sexual offences,Status update unavailable,
20bc73cd31759ddc7dba8d900b139101772cabdce1f3ba94f06223534b915578,2024-11,Sussex Police,Sussex Police,-0.142449,50.823167,On or near Nightclub,E01016952,Brighton and Hove 027A,Violence and sexual offences,Investigation complete; no suspect identified,
d2737ec1143ecbe3ffe699b96299edd2d07d24ddadc3faf46928d4762f2b3e1e,2024-11,Sussex Police,Sussex Police,-0.138176,50.819942,On or near Pool Valley Coach Station,E01016952,Brighton and Hove 027A,Violence and sexual offences,Unable to prosecute suspect,
72df1af6ad8cf37a2447917874622962fda63c0c224546f55d2f3c675c0fce82,2024-11,Sussex Police,Sussex Police,-0.138143,50.821479,On or near Castle Square,E01016952,Brighton and Hove 027A,Violence and sexual offences,Investigation complete; no suspect identified,
1567785e364ad2dac6eb1c4e515917cf225ba93bb66df2691bc0822faca9c7a1,2024-11,Sussex Police,Sussex Police,-0.138328,50.820036,On or near Bus/Coach Station,E01016952,Brighton and Hove 027A,Violence and sexual offences,Investigation complete; no suspect identified,
636a4e27d6b0c83721019283bdd5b39be933c0aa5ed6bdb028fea09131ef0c32,2024-11,Sussex Police,Sussex Police,-0.141074,50.823118,On or near North Street,E01016952,Brighton and Hove 027A,Violence and sexual offences,Investigation complete; no suspect identified,
f11df461c7a01b7a4a4b76b6d2aa9bda492672424c81ad979b655f5c0b1ab612,2024-11,Sussex Police,Sussex Police,-0.138176,50.819942,On or near Pool Valley Coach Station,E01016952,Brighton and Hove 027A,Violence and sexual offences,Court result unavailable,
d8687bcbc75cf1515e91f7a0855cc7702a23853cc8ab8178159cc2dcca46aa60,2024-11,Sussex Police,Sussex Police,-0.150353,50.823643,On or near Parking Area,E01016952,Brighton and Hove 027A,Violence and sexual offences,Court result unavailable,
8981dda8e48934fda157d3cf0f41bfb3dcbbca7725fd6251eb1e49d998cfbffc,2024-11,Sussex Police,Sussex Police,-0.147673,50.822486,On or near Cannon Place,E01016952,Brighton and Hove 027A,Violence and sexual offences,Court result unavailable,
7dcf1bbb4e22e0c80ad9bf1f2e2b4198cd2dbb06f70625e5382be4e8674a040a,2024-11,Sussex Police,Sussex Police,-0.138328,50.820036,On or near Bus/Coach Station,E01016952,Brighton and Hove 027A,Violence and sexual offences,Unable to prosecute suspect,
251c63391f4fe81f8b42e6d5d3af4e6fcaa9a525c49d312dcfaad7109be1405d,2024-11,Sussex Police,Sussex Police,-0.145662,50.823434,On or near Grenville Street,E01016952,Brighton and Hove 027A,Violence and sexual offences,Investigation complete; no suspect identified,
1ec0d3f6023d6fc9fdf2ae11d299ee6e67396865db92581e856b3f90e7d50733,2024-11,Sussex Police,Sussex Police,-0.138328,50.820036,On or near Bus/Coach Station,E01016952,Brighton and Hove 027A,Violence and sexual offences,Investigation complete; no suspect identified,
591d675df0488ea4639d0fb53510034f81d942a9c20d9779c85bb26f19326a77,2024-11,Sussex Police,Sussex Police,-0.138302,50.819998,On or near Pool Valley,E01016952,Brighton and Hove 027A,Violence and sexual offences,Investigation complete; no suspect identified,
63e08d66a6df6955ab3464c6f1c582562d6ff616fd529d7483e1bcf09d197428,2024-11,Sussex Police,Sussex Police,-0.144176,50.822232,On or near Boyce'S Street,E01016952,Brighton and Hove 027A,Violence and sexual offences,Investigation complete; no suspect identified,
a0c89477f0a752c9e2953c23617e79e97df24c66fd4504eaff23b06ac536952c,2024-11,Sussex Police,Sussex Police,-0.138328,50.820036,On or near Bus/Coach Station,E01016952,Brighton and Hove 027A,Violence and sexual offences,Investigation complete; no suspect identified,
684a7fa85015ac7aad5a35f31cea1d3a6c11eea45fbe4da63068b51aaea14bc6,2024-11,Sussex Police,Sussex Police,-0.138302,50.819998,On or near Pool Valley,E01016952,Brighton and Hove 027A,Violence and sexual offences,Investigation complete; no suspect identified,
936d10d34848176da3d70e0a2f8ad390ed0259e2463752c3349acfd7f71a6254,2024-11,Sussex Police,Sussex Police,-0.147114,50.822612,On or near Parking Area,E01016952,Brighton and Hove 027A,Violence and sexual offences,Investigation complete; no suspect identified,
b24c0fad6f121b5e6a506cc0fefe9a78c091a803b6bd27d7d8e7bc0388d39f62,2024-11,Sussex Police,Sussex Police,-0.145701,50.823147,On or near Shopping Area,E01016952,Brighton and Hove 027A,Violence and sexual offences,Local resolution,
23c6d79d61d8f468d79353ad2c726dc05e7d64b7a4d8ca81a25e976198c8ab15,2024-11,Sussex Police,Sussex Police,-0.138302,50.819998,On or near Pool Valley,E01016952,Brighton and Hove 027A,Violence and sexual offences,Unable to prosecute suspect,
22e46c0680ca833716f2ec8765a6bd604c258dd6623ba6d68547f8380d322681,2024-11,Sussex Police,Sussex Police,-0.145701,50.823147,On or near Shopping Area,E01016952,Brighton and Hove 027A,Violence and sexual offences,Unable to prosecute suspect,
24cef69f25112471df426052a61e3332c13edd4daa40af48a6c3caf6429d0a48,2024-11,Sussex Police,Sussex Police,-0.141114,50.821392,On or near Nile Street,E01016952,Brighton and Hove 027A,Violence and sexual offences,Local resolution,
54aad7cb22befd76b6fb3d92b7b713ae649b0cb61e6622c56e72e4bc859defef,2024-11,Sussex Police,Sussex Police,-0.144176,50.822232,On or near Boyce'S Street,E01016952,Brighton and Hove 027A,Other crime,Local resolution,
c17d2f6d09a567f2db64d72feb6732641ccd4ce4e79875df8c42cd350f3ec786,2024-11,Sussex Police,Sussex Police,-0.147673,50.822486,On or near Cannon Place,E01016952,Brighton and Hove 027A,Other crime,Local resolution,
2f5edbbe7cf8b734d0cb4397e92b222537f75d13e585c7aa6c1c81b9529b4fd0,2024-11,Sussex Police,Sussex Police,-0.147673,50.822486,On or near Cannon Place,E01016952,Brighton and Hove 027A,Other crime,Local resolution,
7c2f422f6a207af599ed398874d5cc008d37333c60f3abd2416d56e91cac2866,2024-11,Sussex Police,Sussex Police,-0.147673,50.822486,On or near Cannon Place,E01016952,Brighton and Hove 027A,Other crime,Local resolution,
abe481e9574ef93620e90167deecadfea368f7b0a9cfb6e3b9c29882bff6a0a6,2024-11,Sussex Police,Sussex Police,-0.138714,50.819618,On or near Brills Lane,E01016952,Brighton and Hove 027A,Other crime,Local resolution,
c6c3cf1254fe06808fc47120c76cc1c32f4b64204190efaea406a7471afbb1c2,2024-11,Sussex Police,Sussex Police,-0.147673,50.822486,On or near Cannon Place,E01016952,Brighton and Hove 027A,Other crime,Local resolution,
9764a298b55f9f3b912dc8753734dc6eeeec9598914d9bb3eaccb19b01979014,2024-11,Sussex Police,Sussex Police,-0.147673,50.822486,On or near Cannon Place,E01016952,Brighton and Hove 027A,Other crime,Local resolution,
39a478e0cc13d98255aef973c745c0095df3394b6faf4109129c07d2e7f086bb,2024-11,Sussex Police,Sussex Police,-0.147673,50.822486,On or near Cannon Place,E01016952,Brighton and Hove 027A,Other crime,Local resolution,
770ac93cdfcd30be753a28ebdce298f6dc2b98ff5c96506e23c6f425c85b2767,2024-11,Sussex Police,Sussex Police,-0.141284,50.820675,On or near Black Lion Street,E01016952,Brighton and Hove 027A,Other crime,Unable to prosecute suspect,
89db7dafe869566d8ab696fe29aece202c5faf51f5220f9f5d08f1e2f817e472,2024-11,Sussex Police,Sussex Police,-0.147673,50.822486,On or near Cannon Place,E01016952,Brighton and Hove 027A,Other crime,Local resolution,
f71b9eb05efaf51485406a57177b5fa668f0ad5e63a83cc5c49113fe9706f636,2024-11,Sussex Police,Sussex Police,-0.141813,50.821655,On or near Ship Street,E01016952,Brighton and Hove 027A,Other crime,Local resolution,
ef4982006435f7aa33364a2e27074191b1e472cfee3ef5a72b74df9a4cadeb80,2024-11,Sussex Police,Sussex Police,-0.141813,50.821655,On or near Ship Street,E01016952,Brighton and Hove 027A,Other crime,Local resolution,
b11d116bc17d167a041db4d0f16fcef818d62d0ae6a73257a181a1973de31993,2024-11,Sussex Police,Sussex Police,-0.147673,50.822486,On or near Cannon Place,E01016952,Brighton and Hove 027A,Other crime,Local resolution,
473619f1ad588aa94ed380b11a48d37867833725a85c1f1ad79fbf904796b9de,2024-11,Sussex Police,Sussex Police,-0.147673,50.822486,On or near Cannon Place,E01016952,Brighton and Hove 027A,Other crime,Local resolution,
ae494c72593f56dcff0c9aa1a63500ab454a12c137e4ccb8b99ccac4db85b561,2024-11,Sussex Police,Sussex Police,-0.147673,50.822486,On or near Cannon Place,E01016952,Brighton and Hove 027A,Other crime,Local resolution,
,2024-11,Sussex Police,Sussex Police,-0.152026,50.826215,On or near Montpelier Place,E01016953,Brighton and Hove 027B,Anti-social behaviour,,
,2024-11,Sussex Police,Sussex Police,-0.149560,50.827174,On or near Victoria Road,E01016953,Brighton and Hove 027B,Anti-social behaviour,,
,2024-11,Sussex Police,Sussex Police,-0.151069,50.826002,On or near Montpelier Terrace,E01016953,Brighton and Hove 027B,Anti-social behaviour,,
998fa489772caecf6e620eaea01ddaa2053e8f830cf29033502e45a631161049,2024-11,Sussex Police,Sussex Police,-0.149056,50.825556,On or near Clifton Place,E01016953,Brighton and Hove 027B,Bicycle theft,Investigation complete; no suspect identified,
a432f7f1892f380b129a3aba7b10260400440e57fd802051b3829d92cf8daba7,2024-11,Sussex Police,Sussex Police,-0.148571,50.824191,On or near Crown Street,E01016953,Brighton and Hove 027B,Burglary,Investigation complete; no suspect identified,
4cebb36d360cc97347836af311cb904482c5f1ac10bc7f7d7a0326f9b919d20a,2024-11,Sussex Police,Sussex Police,-0.150658,50.826715,On or near Montpelier Villas,E01016953,Brighton and Hove 027B,Burglary,Investigation complete; no suspect identified,
549c7bf4d97eec194af32e5d0600a23bc54cf137bb15477d1a39f529d63d151c,2024-11,Sussex Police,Sussex Police,-0.149481,50.824871,On or near Spring Street,E01016953,Brighton and Hove 027B,Criminal damage and arson,Local resolution,
797c9178bb9fad9e6f0fe8d517c27f9e10e488d2f0b5f2465317a7d0bda8f252,2024-11,Sussex Police,Sussex Police,-0.149481,50.824871,On or near Spring Street,E01016953,Brighton and Hove 027B,Drugs,Further action is not in the public interest,
d357511a139edf256d095029358ad09fa0ce5ef21d532380947fd1f168b8c60d,2024-11,Sussex Police,Sussex Police,-0.152817,50.824887,On or near Montpelier Road,E01016953,Brighton and Hove 027B,Drugs,Status update unavailable,
48b36cea250f3b85eb468fa6e9d3b2218eb5b4cda4d173da17357a058f0c5ad3,2024-11,Sussex Police,Sussex Police,-0.149481,50.824871,On or near Spring Street,E01016953,Brighton and Hove 027B,Other theft,Unable to prosecute suspect,
3c2c930215b48b5fa4689ada9e062636296cf5ced016d9d7af6dc36f2c778353,2024-11,Sussex Police,Sussex Police,-0.148571,50.824191,On or near Crown Street,E01016953,Brighton and Hove 027B,Other theft,Investigation complete; no suspect identified,
16ffa3d84c7682c93db5e1d1c6246bb209024676ca7b5a6ae9feae70ff124bc8,2024-11,Sussex Police,Sussex Police,-0.152071,50.825073,On or near Supermarket,E01016953,Brighton and Hove 027B,Public order,Unable to prosecute suspect,
5dc6dcb653c04ec503147cf0223dd9763020e13b9d514e88e326ba3fbd054ede,2024-11,Sussex Police,Sussex Police,-0.152071,50.825073,On or near Supermarket,E01016953,Brighton and Hove 027B,Public order,Unable to prosecute suspect,
2ee5dbe7f06ba1248eff2c76896cd7d33ec0624f358851a68c7c572709c4ce4f,2024-11,Sussex Police,Sussex Police,-0.152071,50.825073,On or near Supermarket,E01016953,Brighton and Hove 027B,Shoplifting,Investigation complete; no suspect identified,
d717e724763d86db263efe5c833d4238290152c0307671bbad9ab1c5c463d738,2024-11,Sussex Police,Sussex Police,-0.152071,50.825073,On or near Supermarket,E01016953,Brighton and Hove 027B,Shoplifting,Investigation complete; no suspect identified,
ef38f14848f0128f1f744a4610265480a388f0bd9ca9ef8e6648c2bbebd485e4,2024-11,Sussex Police,Sussex Police,-0.149481,50.824871,On or near Spring Street,E01016953,Brighton and Hove 027B,Shoplifting,Unable to prosecute suspect,
c364df20839f59b39211562ea1bb0eb7cda2b7d7d5cb5ed916dbc430246cf4d9,2024-11,Sussex Police,Sussex Police,-0.152071,50.825073,On or near Supermarket,E01016953,Brighton and Hove 027B,Shoplifting,Unable to prosecute suspect,
9e884e869dee124215f3f3535bdbc200d113da99b44ab2d33a1035dca57b2240,2024-11,Sussex Police,Sussex Police,-0.152071,50.825073,On or near Supermarket,E01016953,Brighton and Hove 027B,Shoplifting,Unable to prosecute suspect,
04b192735acd6e4b5ff615ca2c51968e81381f33c21dab15b8cff703cb3f4093,2024-11,Sussex Police,Sussex Police,-0.149481,50.824871,On or near Spring Street,E01016953,Brighton and Hove 027B,Shoplifting,Unable to prosecute suspect,
465ea81b45f39b814ec35b3fbd050fef69628d4c279e0151822a97e251139687,2024-11,Sussex Police,Sussex Police,-0.152071,50.825073,On or near Supermarket,E01016953,Brighton and Hove 027B,Shoplifting,Unable to prosecute suspect,
55f6279fab1d9cbccc83b2e74c71536bbe2c6e1c14d4aad16165fcffa6e5c117,2024-11,Sussex Police,Sussex Police,-0.149481,50.824871,On or near Spring Street,E01016953,Brighton and Hove 027B,Shoplifting,Unable to prosecute suspect,
806efb02ad4c513edcb976541e72e854d8986c419a70daec9e540625b7cb7a07,2024-11,Sussex Police,Sussex Police,-0.149481,50.824871,On or near Spring Street,E01016953,Brighton and Hove 027B,Shoplifting,Investigation complete; no suspect identified,
5d8ab9b75f8e95fdfd67e53b3c8c548882ff084b4904dfb2b4b5706530693471,2024-11,Sussex Police,Sussex Police,-0.149481,50.824871,On or near Spring Street,E01016953,Brighton and Hove 027B,Shoplifting,Unable to prosecute suspect,
8dbbed1298a3d7ceb8310ed850208bae68849b10c75c6449e23de8a477f49338,2024-11,Sussex Police,Sussex Police,-0.152071,50.825073,On or near Supermarket,E01016953,Brighton and Hove 027B,Shoplifting,Unable to prosecute suspect,
3fb28a0494a8421b9b978f9d67d73fba74e840b70611ba226e57ea3d29051e43,2024-11,Sussex Police,Sussex Police,-0.152071,50.825073,On or near Supermarket,E01016953,Brighton and Hove 027B,Shoplifting,Investigation complete; no suspect identified,
e02fb6f8bba7d5636e22c86440f004cbdabaf3cd509707a9b248e64b9e87e49d,2024-11,Sussex Police,Sussex Police,-0.152071,50.825073,On or near Supermarket,E01016953,Brighton and Hove 027B,Shoplifting,Investigation complete; no suspect identified,
2430e59d12d4bc8c7f9fceca478232604d28d6de9818c6288fede69f07491076,2024-11,Sussex Police,Sussex Police,-0.152071,50.825073,On or near Supermarket,E01016953,Brighton and Hove 027B,Shoplifting,Unable to prosecute suspect,
17ef9f31b280b31e9a8799a5d0cb9e21276a773f6f794e0935f4e00f3ab2582a,2024-11,Sussex Police,Sussex Police,-0.149481,50.824871,On or near Spring Street,E01016953,Brighton and Hove 027B,Violence and sexual offences,Investigation complete; no suspect identified,
2a12f71d3df347de5fa0481dbe76a3880b8116fa121007edd8af3d9726cf77cc,2024-11,Sussex Police,Sussex Police,-0.152071,50.825073,On or near Supermarket,E01016953,Brighton and Hove 027B,Violence and sexual offences,Unable to prosecute suspect,
70b0581d2648cd2dff87a91dfbdda3502f64a86d3a4c41241d4561b25b45c018,2024-11,Sussex Police,Sussex Police,-0.149481,50.824871,On or near Spring Street,E01016953,Brighton and Hove 027B,Violence and sexual offences,Unable to prosecute suspect,
48f5f6f5d096a5920c47a78e9aec08c0eb41abbe5624095f08c7d3a93728ae02,2024-11,Sussex Police,Sussex Police,-0.152071,50.825073,On or near Supermarket,E01016953,Brighton and Hove 027B,Violence and sexual offences,Unable to prosecute suspect,
fcbf4e49ce0abb14ff1f095d71992e682869792a11c83534cb391fdda440419e,2024-11,Sussex Police,Sussex Police,-0.150658,50.826715,On or near Montpelier Villas,E01016953,Brighton and Hove 027B,Violence and sexual offences,Status update unavailable,
0b4d975aec34fbe61ff8fc132969c2274892b556136203f13fdf5473024803c5,2024-11,Sussex Police,Sussex Police,-0.148571,50.824191,On or near Crown Street,E01016953,Brighton and Hove 027B,Violence and sexual offences,Unable to prosecute suspect,
8c9dcc277e197eba4b319efa34c13fd7cfef1a1166ca8e685124ce98ff889623,2024-11,Sussex Police,Sussex Police,-0.148571,50.824191,On or near Crown Street,E01016953,Brighton and Hove 027B,Violence and sexual offences,Investigation complete; no suspect identified,
176ffd31a234ca78f845808dc7e6bf92afdfbd81f1d45413728cb82a9fe74573,2024-11,Sussex Police,Sussex Police,-0.152071,50.825073,On or near Supermarket,E01016953,Brighton and Hove 027B,Violence and sexual offences,Unable to prosecute suspect,
cb30011a2f7e81f2ffc3c3cc6731ce4030ea892dd66370e9165d5fb6c3b5305d,2024-11,Sussex Police,Sussex Police,-0.152071,50.825073,On or near Supermarket,E01016953,Brighton and Hove 027B,Violence and sexual offences,Unable to prosecute suspect,
4c34bfbc86b8bbe4a89aef1dd1f889f6c4ae4add9ff1fce821da54a00aa0fea4,2024-11,Sussex Police,Sussex Police,-0.147929,50.825332,On or near Upper North Street,E01016953,Brighton and Hove 027B,Other crime,Local resolution,
,2024-11,Sussex Police,Sussex Police,-0.138202,50.831769,On or near Mayflower Square,E01016964,Brighton and Hove 027C,Anti-social behaviour,,
,2024-11,Sussex Police,Sussex Police,-0.138880,50.832949,On or near Elder Place,E01016964,Brighton and Hove 027C,Anti-social behaviour,,
,2024-11,Sussex Police,Sussex Police,-0.135182,50.830237,On or near Oxford Place,E01016964,Brighton and Hove 027C,Anti-social behaviour,,
,2024-11,Sussex Police,Sussex Police,-0.136499,50.832812,On or near Rose Hill Terrace,E01016964,Brighton and Hove 027C,Anti-social behaviour,,
,2024-11,Sussex Police,Sussex Police,-0.132937,50.831005,On or near Sports/Recreation Area,E01016964,Brighton and Hove 027C,Anti-social behaviour,,
,2024-11,Sussex Police,Sussex Police,-0.138251,50.829126,On or near Parking Area,E01016964,Brighton and Hove 027C,Anti-social behaviour,,
,2024-11,Sussex Police,Sussex Police,-0.135503,50.828587,On or near York Place,E01016964,Brighton and Hove 027C,Anti-social behaviour,,
,2024-11,Sussex Police,Sussex Police,-0.132937,50.831005,On or near Sports/Recreation Area,E01016964,Brighton and Hove 027C,Anti-social behaviour,,
,2024-11,Sussex Police,Sussex Police,-0.135461,50.831788,On or near Baker Street,E01016964,Brighton and Hove 027C,Anti-social behaviour,,
,2024-11,Sussex Police,Sussex Police,-0.138202,50.831769,On or near Mayflower Square,E01016964,Brighton and Hove 027C,Anti-social behaviour,,
,2024-11,Sussex Police,Sussex Police,-0.137031,50.827658,On or near Pelham Square,E01016964,Brighton and Hove 027C,Anti-social behaviour,,
cb014771527606592c8a5e270330ad901bead70ef8f4d0af1547a4b1224b1175,2024-11,Sussex Police,Sussex Police,-0.137000,50.830581,On or near Ann Street,E01016964,Brighton and Hove 027C,Bicycle theft,Investigation complete; no suspect identified,
a690d3ac80060053e56b9c1f86ffa52228517ef9f97f305a5d9be1e9b0d17a40,2024-11,Sussex Police,Sussex Police,-0.138880,50.832949,On or near Elder Place,E01016964,Brighton and Hove 027C,Bicycle theft,Investigation complete; no suspect identified,
fa4b77eeae8e7d37e88543139d33bf22d309e196bdb57b63055ae23efd57c7df,2024-11,Sussex Police,Sussex Police,-0.139766,50.833161,On or near Parking Area,E01016964,Brighton and Hove 027C,Bicycle theft,Unable to prosecute suspect,
8e1d9a9a354a86c19c3a4f5b9b38d9b2b10f43f6f95ad1c174bd6268aac4e932,2024-11,Sussex Police,Sussex Police,-0.136360,50.827036,On or near St George'S Mews,E01016964,Brighton and Hove 027C,Burglary,Investigation complete; no suspect identified,
c5de4f263c29e178bd237cd97976d06170c4add8c9d0610b1d1ff0aa3d60bba9,2024-11,Sussex Police,Sussex Police,-0.136499,50.832812,On or near Rose Hill Terrace,E01016964,Brighton and Hove 027C,Burglary,Unable to prosecute suspect,
1b9c8696fed70a4ec1a533ef190377f2e13a7990faea7e22da6930d019388348,2024-11,Sussex Police,Sussex Police,-0.135642,50.830460,On or near Supermarket,E01016964,Brighton and Hove 027C,Burglary,Status update unavailable,
c601663b99bb568886da684ab05040a4c9751960d6bb1b2a7616dda0444336c4,2024-11,Sussex Police,Sussex Police,-0.135642,50.830460,On or near Supermarket,E01016964,Brighton and Hove 027C,Burglary,Status update unavailable,
b8112d0a4b35d0fdedd9942035d66584305d21f74bf571554ed4f51c0bd4cb8e,2024-11,Sussex Police,Sussex Police,-0.135642,50.830460,On or near Supermarket,E01016964,Brighton and Hove 027C,Burglary,Status update unavailable,
3173c1c2cc9cf3c962e5c47c69c6d149b6630d30ecf2cc1fe80f74d8aea73ffc,2024-11,Sussex Police,Sussex Police,-0.132937,50.831005,On or near Sports/Recreation Area,E01016964,Brighton and Hove 027C,Criminal damage and arson,Investigation complete; no suspect identified,
00618e01d1575ce617a421720f388b4b31247d0a072187ecf6b93bba02251fba,2024-11,Sussex Police,Sussex Police,-0.136418,50.831300,On or near Marshalls Row,E01016964,Brighton and Hove 027C,Criminal damage and arson,Investigation complete; no suspect identified,
2b1e65bcff3c79953ed991fb8af3ce2a8c4e2c55f8ff2114185235e3102f5619,2024-11,Sussex Police,Sussex Police,-0.137335,50.828239,On or near Redcross Street,E01016964,Brighton and Hove 027C,Criminal damage and arson,Local resolution,
61d912770a71a145fab5b36fed9c86756693e9fe7ca5d32cc4ff9bd8c92c7fc0,2024-11,Sussex Police,Sussex Police,-0.135642,50.830460,On or near Supermarket,E01016964,Brighton and Hove 027C,Criminal damage and arson,Investigation complete; no suspect identified,
8200f678a3fda9356eaac1346d1c1cd5220d64a60212e61a460858125ddcca6b,2024-11,Sussex Police,Sussex Police,-0.136223,50.829689,On or near Supermarket,E01016964,Brighton and Hove 027C,Criminal damage and arson,Investigation complete; no suspect identified,
bd376144343dcca681524289428b4a05a97bae11fd2242069d16b5f22e74cc01,2024-11,Sussex Police,Sussex Police,-0.136223,50.829689,On or near Supermarket,E01016964,Brighton and Hove 027C,Criminal damage and arson,Unable to prosecute suspect,
c460ca4ab84c04fa795e373978dd3bd77e8fa8b8456b16d6c4ffc6daa34f3e5e,2024-11,Sussex Police,Sussex Police,-0.137208,50.831420,On or near Providence Place,E01016964,Brighton and Hove 027C,Drugs,Offender given a caution,
443a67f79bc4c252abed4e4e0984f263af56a7c8b8a42c759b1a769349902cc7,2024-11,Sussex Police,Sussex Police,-0.135503,50.828587,On or near York Place,E01016964,Brighton and Hove 027C,Drugs,Unable to prosecute suspect,
25154848b745e3c7a1e13f305d84005a67cb5f21411ed7ecac00ce55d397d7a2,2024-11,Sussex Police,Sussex Police,-0.137737,50.831339,On or near Parking Area,E01016964,Brighton and Hove 027C,Drugs,Status update unavailable,
413a987e8ae1b786860e75957350df1c61adca83d598261c6975f1e323b0db47,2024-11,Sussex Police,Sussex Police,-0.132937,50.831005,On or near Sports/Recreation Area,E01016964,Brighton and Hove 027C,Drugs,Local resolution,
0ecbc0bee34c0c492295717e2c33620537e69285d38fa5c1de1c4e5ca9c93a0f,2024-11,Sussex Police,Sussex Police,-0.135219,50.829662,On or near Queen'S Place,E01016964,Brighton and Hove 027C,Drugs,Court result unavailable,
1d7b84db62618cb5e20769ad4533a4f1326a2d6b45212f07a1d9706183214921,2024-11,Sussex Police,Sussex Police,-0.136360,50.827036,On or near St George'S Mews,E01016964,Brighton and Hove 027C,Drugs,Court result unavailable,
feaf7b58474d7c74972919f468790e7c50ee7dbb5061e53af98c88b0d5ba1f0e,2024-11,Sussex Police,Sussex Police,-0.135182,50.830237,On or near Oxford Place,E01016964,Brighton and Hove 027C,Other theft,Investigation complete; no suspect identified,
fe0faf86d8f4e5758e269653481550c431ea5ac1e11e5d2df319794956a96772,2024-11,Sussex Police,Sussex Police,-0.137208,50.831420,On or near Providence Place,E01016964,Brighton and Hove 027C,Other theft,Unable to prosecute suspect,
c71dc68462ed6031347e64927f84c8835783a628f366723036e699330822676a,2024-11,Sussex Police,Sussex Police,-0.136096,50.827958,On or near Trafalgar Court,E01016964,Brighton and Hove 027C,Other theft,Investigation complete; no suspect identified,
a62f00ce7fa04762bf3eb663f68bd412ee42b848b8246b278041b8b7e5d2538b,2024-11,Sussex Police,Sussex Police,-0.136360,50.827036,On or near St George'S Mews,E01016964,Brighton and Hove 027C,Other theft,Investigation complete; no suspect identified,
a101964f24b246673a6aab966961d520fc234f820f78d72b6d13e1e0e9f7924e,2024-11,Sussex Police,Sussex Police,-0.136360,50.827036,On or near St George'S Mews,E01016964,Brighton and Hove 027C,Other theft,Investigation complete; no suspect identified,
a29ce2efae677561c64752c4e0ff24118ec3389efada332234ab634e5d8f1cd8,2024-11,Sussex Police,Sussex Police,-0.136096,50.827958,On or near Trafalgar Court,E01016964,Brighton and Hove 027C,Other theft,Investigation complete; no suspect identified,
251c12c56032ba6dad3ca28aeb11bd89b6e3d1d68e1e8177cc5fd2852bbb8506,2024-11,Sussex Police,Sussex Police,-0.139766,50.833161,On or near Parking Area,E01016964,Brighton and Hove 027C,Other theft,Investigation complete; no suspect identified,
61e09abf907102f74ba510ef39622108e48fac02c5ee9aee80160405aa9d70cf,2024-11,Sussex Police,Sussex Police,-0.137190,50.832560,On or near Theatre/Concert Hall,E01016964,Brighton and Hove 027C,Other theft,Investigation complete; no suspect identified,
7682312dfb3082508c8331ecf6248bb108e677fdff071686cd7409e38934ece0,2024-11,Sussex Police,Sussex Police,-0.134645,50.827665,On or near Richmond Place,E01016964,Brighton and Hove 027C,Possession of weapons,Investigation complete; no suspect identified,
b3ba8bdef62bb75205776efbad334fff6e6d74257e0e41af155cffdd192f864a,2024-11,Sussex Police,Sussex Police,-0.137190,50.832560,On or near Theatre/Concert Hall,E01016964,Brighton and Hove 027C,Public order,Investigation complete; no suspect identified,
5c3fca563def8a04776de971e1d050d549ce2748122f917bbb90946dd563b707,2024-11,Sussex Police,Sussex Police,-0.137335,50.828239,On or near Redcross Street,E01016964,Brighton and Hove 027C,Public order,Further investigation is not in the public interest,
f7f12c00d77c6d78ae79833f8ad655fa0259037b818900b8604bfe4d24804eb3,2024-11,Sussex Police,Sussex Police,-0.137335,50.828239,On or near Redcross Street,E01016964,Brighton and Hove 027C,Public order,Unable to prosecute suspect,
31470b7f89ea63d471956db8a9a6105ce0bccc841d49729fe4508160de88a7b3,2024-11,Sussex Police,Sussex Police,-0.136223,50.829689,On or near Supermarket,E01016964,Brighton and Hove 027C,Public order,Unable to prosecute suspect,
a78f2b1937304f42db9288c2da9624885e721f94612fab6b393139b29e71d172,2024-11,Sussex Police,Sussex Police,-0.135503,50.828587,On or near York Place,E01016964,Brighton and Hove 027C,Public order,Investigation complete; no suspect identified,
a68ae4ae9453a8c6c847c1db48035014e8aff1c78178d92be66fc0551e29b7eb,2024-11,Sussex Police,Sussex Police,-0.135642,50.830460,On or near Supermarket,E01016964,Brighton and Hove 027C,Public order,Investigation complete; no suspect identified,
4e51e8646319a77b9160236af5eece963178b83432942545bd9177108df10ffa,2024-11,Sussex Police,Sussex Police,-0.137000,50.830581,On or near Ann Street,E01016964,Brighton and Hove 027C,Public order,Unable to prosecute suspect,
35ba7d6a698f37e7f4f56cd456dcff7a03d329f42d9c5265783fd56c0d2c72ff,2024-11,Sussex Police,Sussex Police,-0.138130,50.832172,On or near York Hill,E01016964,Brighton and Hove 027C,Public order,Investigation complete; no suspect identified,
f2a5504c45e91f5c20e273ddbe5fef8b6b6b6446df9e308b0649785aeaa94482,2024-11,Sussex Police,Sussex Police,-0.135503,50.828587,On or near York Place,E01016964,Brighton and Hove 027C,Public order,Investigation complete; no suspect identified,
e6f90a2e0beb6521139d3b1d58259af5eac7a1d40f886d87b58cff50f408d26f,2024-11,Sussex Police,Sussex Police,-0.136418,50.831300,On or near Marshalls Row,E01016964,Brighton and Hove 027C,Robbery,Court result unavailable,
3308a033aa82eed901ee6ac9759f33f63c438b55880d6cb45f96fc2897e2a856,2024-11,Sussex Police,Sussex Police,-0.132937,50.831005,On or near Sports/Recreation Area,E01016964,Brighton and Hove 027C,Robbery,Unable to prosecute suspect,
130271c7e7566a95a86d379c650bf123f843ce44c1c0b47d9c60d7462ec9cf79,2024-11,Sussex Police,Sussex Police,-0.138880,50.832949,On or near Elder Place,E01016964,Brighton and Hove 027C,Robbery,Investigation complete; no suspect identified,
355bf6facb19e118f4c98bb74cd1456f49824016b7f0eb7ac8ed00321773bf05,2024-11,Sussex Police,Sussex Police,-0.136223,50.829689,On or near Supermarket,E01016964,Brighton and Hove 027C,Shoplifting,Investigation complete; no suspect identified,
349e602c4e25ab6903cabebf962c7eae2edc6e3b54087a2a4323db18114a9149,2024-11,Sussex Police,Sussex Police,-0.136223,50.829689,On or near Supermarket,E01016964,Brighton and Hove 027C,Shoplifting,Investigation complete; no suspect identified,
8c265ffbd7fe1047cbf030f13349aa0657641913dd4de9faf7e5d2223f14eca4,2024-11,Sussex Police,Sussex Police,-0.135642,50.830460,On or near Supermarket,E01016964,Brighton and Hove 027C,Shoplifting,Unable to prosecute suspect,
0a172a903577c26c11183298b343d2717726c4f67afbd1814b932c3bd7eea233,2024-11,Sussex Police,Sussex Police,-0.136223,50.829689,On or near Supermarket,E01016964,Brighton and Hove 027C,Shoplifting,Investigation complete; no suspect identified,
4148c7a6c1a8508483126fc90f9fac5cc0778ef20106f4e136fed8e98ecb914c,2024-11,Sussex Police,Sussex Police,-0.137190,50.832560,On or near Theatre/Concert Hall,E01016964,Brighton and Hove 027C,Shoplifting,Court result unavailable,
e7cff37077356024ee44543d2cbb18d14f497b8e676727a337776ee5636990d5,2024-11,Sussex Police,Sussex Police,-0.136223,50.829689,On or near Supermarket,E01016964,Brighton and Hove 027C,Shoplifting,Status update unavailable,
c360aa154a8fbcd2936ae2f28ac0fa9b56732076c1b1fb809116eeab6f6c16e5,2024-11,Sussex Police,Sussex Police,-0.136223,50.829689,On or near Supermarket,E01016964,Brighton and Hove 027C,Shoplifting,Investigation complete; no suspect identified,
62d2e2a1c2c3f13d625524de8986eb48541d68f1437b7db251248f9d66942f10,2024-11,Sussex Police,Sussex Police,-0.135642,50.830460,On or near Supermarket,E01016964,Brighton and Hove 027C,Shoplifting,Court result unavailable,
2caccbe5802760a3c8fddbb7a6b85189bab2c36bf82917a4e93e557d45121770,2024-11,Sussex Police,Sussex Police,-0.136418,50.831300,On or near Marshalls Row,E01016964,Brighton and Hove 027C,Shoplifting,Investigation complete; no suspect identified,
db9c8f45f4aa0372b999bd76a2fb4727a673825cf81c83c801ba94565212bba8,2024-11,Sussex Police,Sussex Police,-0.135642,50.830460,On or near Supermarket,E01016964,Brighton and Hove 027C,Shoplifting,Investigation complete; no suspect identified,
67ef75c875277bd5af77329c656d2a0949f1533964747beec1da7b25691d671b,2024-11,Sussex Police,Sussex Police,-0.136223,50.829689,On or near Supermarket,E01016964,Brighton and Hove 027C,Shoplifting,Investigation complete; no suspect identified,
2ef41cf9587ed58fd81be6c939438d14e4c695cbf5086e83c76faacce930831f,2024-11,Sussex Police,Sussex Police,-0.135642,50.830460,On or near Supermarket,E01016964,Brighton and Hove 027C,Shoplifting,Awaiting court outcome,
afe63332a4f354a2e879b3b75209a2c8326b27912f6e348b18d3929e0329a40f,2024-11,Sussex Police,Sussex Police,-0.136223,50.829689,On or near Supermarket,E01016964,Brighton and Hove 027C,Shoplifting,Investigation complete; no suspect identified,
8504a0599b45f552d1e9797716b51e9546c0b33062419ce0a451552e8ce643a5,2024-11,Sussex Police,Sussex Police,-0.135642,50.830460,On or near Supermarket,E01016964,Brighton and Hove 027C,Shoplifting,Awaiting court outcome,
991f6a59c9d0a48d4f0c2f6f53d0b62ad39d5790d47b447975a3683c59015b70,2024-11,Sussex Police,Sussex Police,-0.136223,50.829689,On or near Supermarket,E01016964,Brighton and Hove 027C,Shoplifting,Investigation complete; no suspect identified,
cb3e615eff69c94a9ea2cad071b8b9fef69b0f13697382a86ce2eeab0caab452,2024-11,Sussex Police,Sussex Police,-0.136223,50.829689,On or near Supermarket,E01016964,Brighton and Hove 027C,Shoplifting,Investigation complete; no suspect identified,
a80544da10950cc163963fd725f5dec2e14ae23e9f13acae4618ccce70ea613a,2024-11,Sussex Police,Sussex Police,-0.136223,50.829689,On or near Supermarket,E01016964,Brighton and Hove 027C,Shoplifting,Investigation complete; no suspect identified,
b610988660ae3bfee1a053ccc43231556b309585418360169d1e6b239f24ae89,2024-11,Sussex Police,Sussex Police,-0.136223,50.829689,On or near Supermarket,E01016964,Brighton and Hove 027C,Shoplifting,Investigation complete; no suspect identified,
db410d2cc1982d042fcf5cded0c579d6197e7f4864278539db103fea1b94e9ff,2024-11,Sussex Police,Sussex Police,-0.136633,50.831600,On or near London Road,E01016964,Brighton and Hove 027C,Shoplifting,Court result unavailable,
9ccdd5a2528959f2dd5e91ed771c93ce13f03ae5cc420bb56005d797a8f75d46,2024-11,Sussex Police,Sussex Police,-0.136223,50.829689,On or near Supermarket,E01016964,Brighton and Hove 027C,Shoplifting,Investigation complete; no suspect identified,
b24129f4b291bdf802423ad794a7b5198c627160cdef73ac16b9947534bf4c18,2024-11,Sussex Police,Sussex Police,-0.136223,50.829689,On or near Supermarket,E01016964,Brighton and Hove 027C,Shoplifting,Investigation complete; no suspect identified,
d968434177c9fa8492e38e8fb5709d24a189c675ad1ef404a06007f6d91bc094,2024-11,Sussex Police,Sussex Police,-0.136223,50.829689,On or near Supermarket,E01016964,Brighton and Hove 027C,Shoplifting,Investigation complete; no suspect identified,
4df1e6c83b828bcb09900fc9286a08142706f631aa639feb6af47abe46289545,2024-11,Sussex Police,Sussex Police,-0.135642,50.830460,On or near Supermarket,E01016964,Brighton and Hove 027C,Shoplifting,Investigation complete; no suspect identified,
351539fa5bd9124db10bb06f39ec3c5bbd8ae97cfe94a6394d63c3a1fa3e9607,2024-11,Sussex Police,Sussex Police,-0.136223,50.829689,On or near Supermarket,E01016964,Brighton and Hove 027C,Shoplifting,Investigation complete; no suspect identified,
53ded9f89dfffcfdba9f2bf7f9417960ef370b5bb35bcdb8d3316cca014124cb,2024-11,Sussex Police,Sussex Police,-0.136223,50.829689,On or near Supermarket,E01016964,Brighton and Hove 027C,Shoplifting,Investigation complete; no suspect identified,
55deb1c833186090f49afe34514fdfb84459e1b49659705ecd36f5d3fcff865c,2024-11,Sussex Police,Sussex Police,-0.137190,50.832560,On or near Theatre/Concert Hall,E01016964,Brighton and Hove 027C,Shoplifting,Investigation complete; no suspect identified,
3cc1daabcdf91f2ac69124b287b12e7cfe524e514f512f546265eca06f1a933f,2024-11,Sussex Police,Sussex Police,-0.135913,50.831481,On or near Shopping Area,E01016964,Brighton and Hove 027C,Shoplifting,Investigation complete; no suspect identified,
d864cf12d9f0a60e9740d2b6c29f7f7a13d5740f1fd747614bb6f2261085cd2d,2024-11,Sussex Police,Sussex Police,-0.136223,50.829689,On or near Supermarket,E01016964,Brighton and Hove 027C,Shoplifting,Investigation complete; no suspect identified,
df78377602e9126571850a10a273a89ad3027e94a2e514f00ce5b93cf06d6abc,2024-11,Sussex Police,Sussex Police,-0.136223,50.829689,On or near Supermarket,E01016964,Brighton and Hove 027C,Shoplifting,Investigation complete; no suspect identified,
6851784d4f042da32b55fab71e8a91e3eb2c8474bc2cd8a0688082207bb84e66,2024-11,Sussex Police,Sussex Police,-0.136223,50.829689,On or near Supermarket,E01016964,Brighton and Hove 027C,Shoplifting,Investigation complete; no suspect identified,
51c14604ac47abe1c6aadf34b1e9ad7762a93b7c6636907a625f91d901ce6608,2024-11,Sussex Police,Sussex Police,-0.136223,50.829689,On or near Supermarket,E01016964,Brighton and Hove 027C,Shoplifting,Investigation complete; no suspect identified,
ca111b9e8e1319bcae584cc711ba3e9199d8c526f85716ca952f4291970bc247,2024-11,Sussex Police,Sussex Police,-0.135642,50.830460,On or near Supermarket,E01016964,Brighton and Hove 027C,Shoplifting,Court result unavailable,
8b5bf92a9b5fd5c6471e5be063a73e6c0f3d3e22e9f4b519f627d0288b4d9fa7,2024-11,Sussex Police,Sussex Police,-0.135642,50.830460,On or near Supermarket,E01016964,Brighton and Hove 027C,Shoplifting,Investigation complete; no suspect identified,
5b4048323f43792dc288d6afe6d1380a890a40b96c9deac26a981c6fd14a26ba,2024-11,Sussex Police,Sussex Police,-0.136223,50.829689,On or near Supermarket,E01016964,Brighton and Hove 027C,Shoplifting,Investigation complete; no suspect identified,
484f944d59178026a96b1529c423da3e99e6849bce4c65ab23acc3b17fefbe0e,2024-11,Sussex Police,Sussex Police,-0.135642,50.830460,On or near Supermarket,E01016964,Brighton and Hove 027C,Shoplifting,Court result unavailable,
08fc5cc9514f4b9c0d27a458f32700f1a986b865b5dfe2da25fe5df9aa7acba9,2024-11,Sussex Police,Sussex Police,-0.135642,50.830460,On or near Supermarket,E01016964,Brighton and Hove 027C,Shoplifting,Court result unavailable,
d7bbfbdabbe674c30c60ba6edfb4018603286168a1d1a07bab3d6dbc553a0ae6,2024-11,Sussex Police,Sussex Police,-0.136223,50.829689,On or near Supermarket,E01016964,Brighton and Hove 027C,Shoplifting,Unable to prosecute suspect,
61083e5e48147ce93082100e4ac28766e02f14e6028ebc846acca93631d27df2,2024-11,Sussex Police,Sussex Police,-0.136223,50.829689,On or near Supermarket,E01016964,Brighton and Hove 027C,Shoplifting,Investigation complete; no suspect identified,
de9f3b6b18aa52e7918569fabd2dbea6d72b3ad2d26d259766be1912e6a8b747,2024-11,Sussex Police,Sussex Police,-0.135642,50.830460,On or near Supermarket,E01016964,Brighton and Hove 027C,Shoplifting,Unable to prosecute suspect,
b9833cd6c5b9dcfae16e74333468c83cd3dde8eed805b34b420c17ea43c27888,2024-11,Sussex Police,Sussex Police,-0.135642,50.830460,On or near Supermarket,E01016964,Brighton and Hove 027C,Shoplifting,Further investigation is not in the public interest,
1a50cc49196261fc451d5cb516d1ceb6904cf05d8455145df17e3e2a88e66046,2024-11,Sussex Police,Sussex Police,-0.135642,50.830460,On or near Supermarket,E01016964,Brighton and Hove 027C,Shoplifting,Unable to prosecute suspect,
6f68317d52b7a2db563e5528a8fbf54a07de59d967683a7f724af05030ab6e47,2024-11,Sussex Police,Sussex Police,-0.135642,50.830460,On or near Supermarket,E01016964,Brighton and Hove 027C,Shoplifting,Unable to prosecute suspect,
ea64c301026f6969f0f6e5be29a44134a092170c85f3f883fee9b4b0892b2106,2024-11,Sussex Police,Sussex Police,-0.136223,50.829689,On or near Supermarket,E01016964,Brighton and Hove 027C,Shoplifting,Investigation complete; no suspect identified,
7938952ea0b8ce97af4b32b921908fb2a2041eefd721e3610fd4c006a2b92276,2024-11,Sussex Police,Sussex Police,-0.136223,50.829689,On or near Supermarket,E01016964,Brighton and Hove 027C,Shoplifting,Investigation complete; no suspect identified,
394b85063a7ef1278b4a8a40a97ceaeac1c68f7d3cc6e172e3d288f3f554bdd7,2024-11,Sussex Police,Sussex Police,-0.135642,50.830460,On or near Supermarket,E01016964,Brighton and Hove 027C,Shoplifting,Formal action is not in the public interest,
7ba60c9d180fb0ab99f3d5e4723bd875a31a251afabac7c276760971252da066,2024-11,Sussex Police,Sussex Police,-0.136223,50.829689,On or near Supermarket,E01016964,Brighton and Hove 027C,Shoplifting,Investigation complete; no suspect identified,
63611f9e3f1f8e2871fa8d6d1438592655c6152cba8c61569b11485b5932bf0f,2024-11,Sussex Police,Sussex Police,-0.136223,50.829689,On or near Supermarket,E01016964,Brighton and Hove 027C,Shoplifting,Investigation complete; no suspect identified,
c0196c3fedbfa2ece9f54d70db35411b0961447bece2c479e896ca6857055b30,2024-11,Sussex Police,Sussex Police,-0.137000,50.830581,On or near Ann Street,E01016964,Brighton and Hove 027C,Shoplifting,Investigation complete; no suspect identified,
3771455575b59d409a64a861204858d56e8f75fcd3fc0f62814321306d6bd039,2024-11,Sussex Police,Sussex Police,-0.136223,50.829689,On or near Supermarket,E01016964,Brighton and Hove 027C,Shoplifting,Investigation complete; no suspect identified,
b5a0e90bbd89e5f291645021bd3e1323c1a5f5f34201fcba4c3d6872e80e68ec,2024-11,Sussex Police,Sussex Police,-0.135642,50.830460,On or near Supermarket,E01016964,Brighton and Hove 027C,Shoplifting,Court result unavailable,
ec07705bea62770d5c5330f0d50607f40a40f196dd45c54163c5a7905d20c952,2024-11,Sussex Police,Sussex Police,-0.136418,50.831300,On or near Marshalls Row,E01016964,Brighton and Hove 027C,Shoplifting,Investigation complete; no suspect identified,
eeac914c0f908ad8aa304b55f74fbc04f877616a9927b2c7175db43a6e5aa74b,2024-11,Sussex Police,Sussex Police,-0.135642,50.830460,On or near Supermarket,E01016964,Brighton and Hove 027C,Shoplifting,Investigation complete; no suspect identified,
34b8c2537233d019c5fe41ae3e990a863ccc2764f71a5a4a734970cb9f0ebe34,2024-11,Sussex Police,Sussex Police,-0.136223,50.829689,On or near Supermarket,E01016964,Brighton and Hove 027C,Shoplifting,Investigation complete; no suspect identified,
d4b4787844a5aee438028102f63f1929b0f941051059dc4f76cefa9f5046fe32,2024-11,Sussex Police,Sussex Police,-0.136223,50.829689,On or near Supermarket,E01016964,Brighton and Hove 027C,Shoplifting,Investigation complete; no suspect identified,
d91548b2e1b47300daad3a05fb8b517f7e13f257c72ba26d8acc2b52ea5eba0e,2024-11,Sussex Police,Sussex Police,-0.136223,50.829689,On or near Supermarket,E01016964,Brighton and Hove 027C,Shoplifting,Investigation complete; no suspect identified,
a660dc5c760598e9877938771a5cfddef89d45303766c96a0c1b499efdcca1b0,2024-11,Sussex Police,Sussex Police,-0.136223,50.829689,On or near Supermarket,E01016964,Brighton and Hove 027C,Shoplifting,Investigation complete; no suspect identified,
520bdea60316a66382295c24a1a68ee9cbec83b10cf2e69fe99c2d327650f9d5,2024-11,Sussex Police,Sussex Police,-0.136223,50.829689,On or near Supermarket,E01016964,Brighton and Hove 027C,Shoplifting,Investigation complete; no suspect identified,
7b3e51196f2c924e5820dedab737c09544dff266d6a358734f88f6c4752361f3,2024-11,Sussex Police,Sussex Police,-0.135642,50.830460,On or near Supermarket,E01016964,Brighton and Hove 027C,Shoplifting,Investigation complete; no suspect identified,
cb4141f285d11b753b970a748008051309051294480dbfc924fa80b743fd74fc,2024-11,Sussex Police,Sussex Police,-0.137190,50.832560,On or near Theatre/Concert Hall,E01016964,Brighton and Hove 027C,Theft from the person,Investigation complete; no suspect identified,
eecb2088ae575df7e143cd3ce054ab0a55eb80077b6f5a1f21aa41d6a6d29f9d,2024-11,Sussex Police,Sussex Police,-0.136223,50.829689,On or near Supermarket,E01016964,Brighton and Hove 027C,Theft from the person,Investigation complete; no suspect identified,
f726cfd930cd88cb5f95c2b688a7cf85d8002ca5b76b6215264ba87dc48aa9c5,2024-11,Sussex Police,Sussex Police,-0.135219,50.829662,On or near Queen'S Place,E01016964,Brighton and Hove 027C,Theft from the person,Court result unavailable,
72704bb67c9b86b6fce9bfff6ce839c80f73678c30d6d57d5c367eb3cd5c226f,2024-11,Sussex Police,Sussex Police,-0.136223,50.829689,On or near Supermarket,E01016964,Brighton and Hove 027C,Theft from the person,Investigation complete; no suspect identified,
289314ca134e6865455c49de368abe2b46446a8898b53d22ceb9036b85327199,2024-11,Sussex Police,Sussex Police,-0.135200,50.831208,On or near Francis Street,E01016964,Brighton and Hove 027C,Vehicle crime,Investigation complete; no suspect identified,
da217ba15309c425606aed81a9e37f8a61f159c90f4942feb146fb70c8e659dd,2024-11,Sussex Police,Sussex Police,-0.135182,50.830237,On or near Oxford Place,E01016964,Brighton and Hove 027C,Violence and sexual offences,Unable to prosecute suspect,
657c6a60de0050cb9e1474b03ada5bba4492634d85cc9391fdb8e242fb9f97b8,2024-11,Sussex Police,Sussex Police,-0.135642,50.830460,On or near Supermarket,E01016964,Brighton and Hove 027C,Violence and sexual offences,Unable to prosecute suspect,
18bcd701140f14464de0cc479cf5ec939e4788b936c337e482c90614d21bb367,2024-11,Sussex Police,Sussex Police,-0.139766,50.833161,On or near Parking Area,E01016964,Brighton and Hove 027C,Violence and sexual offences,Investigation complete; no suspect identified,
8d91c3acf2c26b506aead5bbaf66cc32a8b0290b7bc2d8b2a14991d4608ea9ab,2024-11,Sussex Police,Sussex Police,-0.135503,50.828587,On or near York Place,E01016964,Brighton and Hove 027C,Violence and sexual offences,Investigation complete; no suspect identified,
356512b7a16949701e3114439117a9aa55210c2c74b7f344faa650367518545d,2024-11,Sussex Police,Sussex Police,-0.138251,50.829126,On or near Parking Area,E01016964,Brighton and Hove 027C,Violence and sexual offences,Investigation complete; no suspect identified,
58cfe730eab033916e0e4d680bb5b1172c93a5d00251716a43933855fd5ba5dd,2024-11,Sussex Police,Sussex Police,-0.132937,50.831005,On or near Sports/Recreation Area,E01016964,Brighton and Hove 027C,Violence and sexual offences,Investigation complete; no suspect identified,
3ea2c18d8398564243d1034021e448fdd1c1c93938a33fb904bca33815a06665,2024-11,Sussex Police,Sussex Police,-0.136223,50.829689,On or near Supermarket,E01016964,Brighton and Hove 027C,Violence and sexual offences,Investigation complete; no suspect identified,
846fe9fc6bebe8beae10f6c7b71844d2de582467c81fa16b42b6081b93e0391a,2024-11,Sussex Police,Sussex Police,-0.135219,50.829662,On or near Queen'S Place,E01016964,Brighton and Hove 027C,Violence and sexual offences,Status update unavailable,
9b0b5700a4b907a247f39a420355ed5b0eebde273b1525ef72d31abb372c0650,2024-11,Sussex Police,Sussex Police,-0.138880,50.832949,On or near Elder Place,E01016964,Brighton and Hove 027C,Violence and sexual offences,Unable to prosecute suspect,
b6596370a3386f2b804e63ab76d6af5cc360bd8028c8445a05c280c05a61b171,2024-11,Sussex Police,Sussex Police,-0.137337,50.829615,On or near Belmont Street,E01016964,Brighton and Hove 027C,Violence and sexual offences,Unable to prosecute suspect,
1fe32ee02da1cc2ca7738693b5049acc243458dd0895e5513877e48fee240cdb,2024-11,Sussex Police,Sussex Police,-0.137337,50.829615,On or near Belmont Street,E01016964,Brighton and Hove 027C,Violence and sexual offences,Unable to prosecute suspect,
ddff3634080813191c0565416f9c6a10a01068e6b96f1994130fa043da77d39c,2024-11,Sussex Police,Sussex Police,-0.138251,50.829126,On or near Parking Area,E01016964,Brighton and Hove 027C,Violence and sexual offences,Investigation complete; no suspect identified,
bf228561565aae2478cadd72f9fb26c4f580cb50cca1b74b5579b90fd730bc3d,2024-11,Sussex Police,Sussex Police,-0.137190,50.832560,On or near Theatre/Concert Hall,E01016964,Brighton and Hove 027C,Violence and sexual offences,Court result unavailable,
e1b62b3dc1d12aba600b16379fe27cc96313cf62e203d9a60913f71b0fd68aba,2024-11,Sussex Police,Sussex Police,-0.137335,50.828239,On or near Redcross Street,E01016964,Brighton and Hove 027C,Violence and sexual offences,Investigation complete; no suspect identified,
5de91b6efa2d506e0233c7cea46a3946279a90a9c227a07a272d2e1125c1295f,2024-11,Sussex Police,Sussex Police,-0.137940,50.827295,On or near Sydney Street,E01016964,Brighton and Hove 027C,Violence and sexual offences,Unable to prosecute suspect,
b9debdd2f5328e766b447d7df348c91d92662490bbcc59daa6b06ef0728344a2,2024-11,Sussex Police,Sussex Police,-0.138880,50.832949,On or near Elder Place,E01016964,Brighton and Hove 027C,Violence and sexual offences,Investigation complete; no suspect identified,
c543ad3ebff73d6d1407d13b29f5ffc60cf98b7774583172d41b637f7b20fdcc,2024-11,Sussex Police,Sussex Police,-0.139766,50.833161,On or near Parking Area,E01016964,Brighton and Hove 027C,Violence and sexual offences,Unable to prosecute suspect,
d39b8a4716bb8ee108d8cce45430e6ec9eff5c30643c84856761eed890879484,2024-11,Sussex Police,Sussex Police,-0.138130,50.832172,On or near York Hill,E01016964,Brighton and Hove 027C,Violence and sexual offences,Investigation complete; no suspect identified,
a1518a0d92b7f5be6b63b5daf95a73769d3f19c827995d796ffa60e6471818e0,2024-11,Sussex Police,Sussex Police,-0.135503,50.828587,On or near York Place,E01016964,Brighton and Hove 027C,Violence and sexual offences,Investigation complete; no suspect identified,
481bc02cfd8f9f9148a1b05be9a5c741d22f4c5493a50ee2ca91e50c83469c7c,2024-11,Sussex Police,Sussex Police,-0.137190,50.832560,On or near Theatre/Concert Hall,E01016964,Brighton and Hove 027C,Violence and sexual offences,Investigation complete; no suspect identified,
d4f57856df68267ae4af88d4a5e360d2221891ca8f8586ed447b6ce460492199,2024-11,Sussex Police,Sussex Police,-0.137000,50.830581,On or near Ann Street,E01016964,Brighton and Hove 027C,Violence and sexual offences,Investigation complete; no suspect identified,
a2a4ffc22c6da20f50871810bd6e2e1eb452b888957680ed66d5143ad1c142c9,2024-11,Sussex Police,Sussex Police,-0.135200,50.831208,On or near Francis Street,E01016964,Brighton and Hove 027C,Violence and sexual offences,Unable to prosecute suspect,
2c80300c8be13cbdf377c39155bc10d6a8366507971338c8de7a90278a6323df,2024-11,Sussex Police,Sussex Police,-0.136418,50.831300,On or near Marshalls Row,E01016964,Brighton and Hove 027C,Violence and sexual offences,Unable to prosecute suspect,
41c7d02a85d66f4cb44e5eaddeae3408680324b7182070dca7037d5bd8fa0390,2024-11,Sussex Police,Sussex Police,-0.135642,50.830460,On or near Supermarket,E01016964,Brighton and Hove 027C,Violence and sexual offences,Investigation complete; no suspect identified,
d8b9c37b0557f7d72aa451b822f127fe030924ee181ac1261303983be0da3209,2024-11,Sussex Police,Sussex Police,-0.136360,50.827036,On or near St George'S Mews,E01016964,Brighton and Hove 027C,Violence and sexual offences,Unable to prosecute suspect,
48734531a44c9ffeaf950fc9082acf31f6715a54a2098c82a0204ef10a17de4a,2024-11,Sussex Police,Sussex Police,-0.137000,50.830581,On or near Ann Street,E01016964,Brighton and Hove 027C,Violence and sexual offences,Court result unavailable,
5a1f1ec6fbb97073b365c17990bdccbb60947427defb10d7d5820c06b3739520,2024-11,Sussex Police,Sussex Police,-0.138251,50.829126,On or near Parking Area,E01016964,Brighton and Hove 027C,Violence and sexual offences,Investigation complete; no suspect identified,
774bfa8fa48e2b71690268576b7a378c0c9367cf8f13a0cfb68f1895e6f62e9f,2024-11,Sussex Police,Sussex Police,-0.135642,50.830460,On or near Supermarket,E01016964,Brighton and Hove 027C,Violence and sexual offences,Investigation complete; no suspect identified,
533a4e9fbef9de9b34cc329b3a1ae518329205c8820610b2432b1844ae1996af,2024-11,Sussex Police,Sussex Police,-0.137190,50.832560,On or near Theatre/Concert Hall,E01016964,Brighton and Hove 027C,Violence and sexual offences,Investigation complete; no suspect identified,
6c9ef002430f653458665789d3a18067b131990fc3a9ddaf899424b42d6617bb,2024-11,Sussex Police,Sussex Police,-0.135503,50.828587,On or near York Place,E01016964,Brighton and Hove 027C,Violence and sexual offences,Investigation complete; no suspect identified,
d26cc78ac0c0e9efa6b72c775aae908695dc9113629522ec64df444722012e06,2024-11,Sussex Police,Sussex Police,-0.135642,50.830460,On or near Supermarket,E01016964,Brighton and Hove 027C,Violence and sexual offences,Unable to prosecute suspect,
182b193e6e1c75e78802b69b5d04297b8a118e09a15b9f86e9deb1f870302edb,2024-11,Sussex Police,Sussex Police,-0.135503,50.828587,On or near York Place,E01016964,Brighton and Hove 027C,Violence and sexual offences,Status update unavailable,
3287b700d8acd91e8b2332c57942206a5748ef9f31f14b5f3e31bb51400ba539,2024-11,Sussex Police,Sussex Police,-0.137000,50.830581,On or near Ann Street,E01016964,Brighton and Hove 027C,Violence and sexual offences,Unable to prosecute suspect,
63306c42c91c38eee47e01ada199c00277dae39883b4dcbfc48d14312c8007e5,2024-11,Sussex Police,Sussex Police,-0.137190,50.832560,On or near Theatre/Concert Hall,E01016964,Brighton and Hove 027C,Violence and sexual offences,Investigation complete; no suspect identified,
94a9ce502303160fc996180de3a7cf20e9825487d9fb19860925df20ee2c3d0e,2024-11,Sussex Police,Sussex Police,-0.135642,50.830460,On or near Supermarket,E01016964,Brighton and Hove 027C,Violence and sexual offences,Unable to prosecute suspect,
f05e0faf897c808c9449ed986d42485449197c0422c26ae07d46cf5aaee6f933,2024-11,Sussex Police,Sussex Police,-0.137000,50.830581,On or near Ann Street,E01016964,Brighton and Hove 027C,Violence and sexual offences,Investigation complete; no suspect identified,
9af7c843bfcbe0f58cd6e89e591433df2c0daf690a7e8de828bf4cb9b9110953,2024-11,Sussex Police,Sussex Police,-0.135913,50.831481,On or near Shopping Area,E01016964,Brighton and Hove 027C,Violence and sexual offences,Investigation complete; no suspect identified,
66db2cd8b32eb2a95c88d533ec9df85a657575ccff9b7d7405b4906508fc4ce1,2024-11,Sussex Police,Sussex Police,-0.137000,50.830581,On or near Ann Street,E01016964,Brighton and Hove 027C,Violence and sexual offences,Investigation complete; no suspect identified,
1efc236534e122e8aadb52686bd86e40df4d9ef1d4463f8037fc53d2192126dd,2024-11,Sussex Police,Sussex Police,-0.138880,50.832949,On or near Elder Place,E01016964,Brighton and Hove 027C,Other crime,Unable to prosecute suspect,
ca65bac8a939aae98bcfc38d6274121aee238396ef23280dd1869f2e5f563107,2024-11,Sussex Police,Sussex Police,-0.136418,50.831300,On or near Marshalls Row,E01016964,Brighton and Hove 027C,Other crime,Status update unavailable,
57af5ae37dedfbc78f975646a3b84ca1aea4d5007089b088ef7f5cd8b67ed902,2024-11,Sussex Police,Sussex Police,-0.135461,50.831788,On or near Baker Street,E01016964,Brighton and Hove 027C,Other crime,Local resolution,
4112bec47bc74e56250853780a16ec4a712ed33c67303e9196786509be2882d1,2024-11,Sussex Police,Sussex Police,-0.137208,50.831420,On or near Providence Place,E01016964,Brighton and Hove 027C,Other crime,Local resolution,
5d0af0e9e287ace88d4bdc95d431c16bb6cb7a92d7f9fd341be56d31adfa15ec,2024-11,Sussex Police,Sussex Police,-0.137208,50.831420,On or near Providence Place,E01016964,Brighton and Hove 027C,Other crime,Local resolution,
,2024-11,Sussex Police,Sussex Police,-0.140425,50.825869,On or near Foundry Street,E01016969,Brighton and Hove 027E,Anti-social behaviour,,
,2024-11,Sussex Police,Sussex Police,-0.142346,50.826115,On or near Queen'S Road,E01016969,Brighton and Hove 027E,Anti-social behaviour,,
,2024-11,Sussex Police,Sussex Police,-0.139121,50.822592,On or near Prince'S Place,E01016969,Brighton and Hove 027E,Anti-social behaviour,,
,2024-11,Sussex Police,Sussex Police,-0.138933,50.825188,On or near Regent Street,E01016969,Brighton and Hove 027E,Anti-social behaviour,,
,2024-11,Sussex Police,Sussex Police,-0.140016,50.825799,On or near Queen'S Gardens,E01016969,Brighton and Hove 027E,Anti-social behaviour,,
,2024-11,Sussex Police,Sussex Police,-0.144210,50.823878,On or near Queen Square,E01016969,Brighton and Hove 027E,Anti-social behaviour,,
,2024-11,Sussex Police,Sussex Police,-0.140232,50.823950,On or near Shopping Area,E01016969,Brighton and Hove 027E,Anti-social behaviour,,
,2024-11,Sussex Police,Sussex Police,-0.142439,50.824147,On or near Windsor Street,E01016969,Brighton and Hove 027E,Anti-social behaviour,,
,2024-11,Sussex Police,Sussex Police,-0.136749,50.824758,On or near Marlborough Place,E01016969,Brighton and Hove 027E,Anti-social behaviour,,
,2024-11,Sussex Police,Sussex Police,-0.140232,50.823950,On or near Shopping Area,E01016969,Brighton and Hove 027E,Anti-social behaviour,,
,2024-11,Sussex Police,Sussex Police,-0.142346,50.826115,On or near Queen'S Road,E01016969,Brighton and Hove 027E,Anti-social behaviour,,
,2024-11,Sussex Police,Sussex Police,-0.140425,50.825869,On or near Foundry Street,E01016969,Brighton and Hove 027E,Anti-social behaviour,,
,2024-11,Sussex Police,Sussex Police,-0.139582,50.823148,On or near New Road,E01016969,Brighton and Hove 027E,Anti-social behaviour,,
,2024-11,Sussex Police,Sussex Police,-0.140232,50.823950,On or near Shopping Area,E01016969,Brighton and Hove 027E,Anti-social behaviour,,
,2024-11,Sussex Police,Sussex Police,-0.141176,50.824487,On or near King Street,E01016969,Brighton and Hove 027E,Anti-social behaviour,,
,2024-11,Sussex Police,Sussex Police,-0.141176,50.824487,On or near King Street,E01016969,Brighton and Hove 027E,Anti-social behaviour,,
,2024-11,Sussex Police,Sussex Police,-0.139582,50.823148,On or near New Road,E01016969,Brighton and Hove 027E,Anti-social behaviour,,
,2024-11,Sussex Police,Sussex Police,-0.141378,50.826549,On or near Frederick Street,E01016969,Brighton and Hove 027E,Anti-social behaviour,,
,2024-11,Sussex Police,Sussex Police,-0.139582,50.823148,On or near New Road,E01016969,Brighton and Hove 027E,Anti-social behaviour,,
,2024-11,Sussex Police,Sussex Police,-0.139865,50.824951,On or near Conference/Exhibition Centre,E01016969,Brighton and Hove 027E,Anti-social behaviour,,
,2024-11,Sussex Police,Sussex Police,-0.140232,50.823950,On or near Shopping Area,E01016969,Brighton and Hove 027E,Anti-social behaviour,,
,2024-11,Sussex Police,Sussex Police,-0.144210,50.823878,On or near Queen Square,E01016969,Brighton and Hove 027E,Anti-social behaviour,,
,2024-11,Sussex Police,Sussex Police,-0.140232,50.823950,On or near Shopping Area,E01016969,Brighton and Hove 027E,Anti-social behaviour,,
,2024-11,Sussex Police,Sussex Police,-0.139582,50.823148,On or near New Road,E01016969,Brighton and Hove 027E,Anti-social behaviour,,
,2024-11,Sussex Police,Sussex Police,-0.139582,50.823148,On or near New Road,E01016969,Brighton and Hove 027E,Anti-social behaviour,,
,2024-11,Sussex Police,Sussex Police,-0.140425,50.825869,On or near Foundry Street,E01016969,Brighton and Hove 027E,Anti-social behaviour,,
,2024-11,Sussex Police,Sussex Police,-0.140295,50.825561,On or near Bread Street,E01016969,Brighton and Hove 027E,Anti-social behaviour,,
,2024-11,Sussex Police,Sussex Police,-0.142346,50.826115,On or near Queen'S Road,E01016969,Brighton and Hove 027E,Anti-social behaviour,,
,2024-11,Sussex Police,Sussex Police,-0.139027,50.824237,On or near Jubilee Street,E01016969,Brighton and Hove 027E,Anti-social behaviour,,
,2024-11,Sussex Police,Sussex Police,-0.138551,50.821927,On or near Pavilion Buildings,E01016969,Brighton and Hove 027E,Anti-social behaviour,,
d0933a2fee031403f1223233e1d80fbf97b51320735648d4186d9cc29de8f40f,2024-11,Sussex Police,Sussex Police,-0.139027,50.824237,On or near Jubilee Street,E01016969,Brighton and Hove 027E,Bicycle theft,Investigation complete; no suspect identified,
b0791fe91d270f2713c48062b3915498c09c427ccf18d65d9a8944c3661a8628,2024-11,Sussex Police,Sussex Police,-0.142439,50.824147,On or near Windsor Street,E01016969,Brighton and Hove 027E,Burglary,Investigation complete; no suspect identified,
b07ec2c06db0111fdb4d6a9e4d5aa140b37826550953a18a942dafdbf37a2714,2024-11,Sussex Police,Sussex Police,-0.142439,50.824147,On or near Windsor Street,E01016969,Brighton and Hove 027E,Burglary,Unable to prosecute suspect,
d42249998a4c530ceebe98437f9317cbd8c1467edb522e00b8dbdd832f436725,2024-11,Sussex Police,Sussex Police,-0.139121,50.822592,On or near Prince'S Place,E01016969,Brighton and Hove 027E,Criminal damage and arson,Investigation complete; no suspect identified,
63d251c3a81db35c7ef6161335cbe85e4430198201f31f39f2d11d61c5e88ad1,2024-11,Sussex Police,Sussex Police,-0.142439,50.824147,On or near Windsor Street,E01016969,Brighton and Hove 027E,Criminal damage and arson,Investigation complete; no suspect identified,
f90b62c70ab29fe7f4e41268087cb470ecde762519fb0dde284d0c59394e8b19,2024-11,Sussex Police,Sussex Police,-0.142346,50.826115,On or near Queen'S Road,E01016969,Brighton and Hove 027E,Criminal damage and arson,Investigation complete; no suspect identified,
255c920122e7b309eae71d9b9877e477b2d6543b69c6a7fc0d836341204c4037,2024-11,Sussex Police,Sussex Police,-0.141176,50.824487,On or near King Street,E01016969,Brighton and Hove 027E,Criminal damage and arson,Investigation complete; no suspect identified,
d6dd8d9b35f58f1cef8b6af330662263eb1c32de94ee0208ee53ae8933d2e4b6,2024-11,Sussex Police,Sussex Police,-0.145178,50.825603,On or near Centurion Road,E01016969,Brighton and Hove 027E,Criminal damage and arson,Unable to prosecute suspect,
117693bd81e5691c42c13dfdbcf9e1545460ba9f04f6ba737b3ba3c02e25d8f5,2024-11,Sussex Police,Sussex Police,-0.139355,50.824925,On or near Theatre/Concert Hall,E01016969,Brighton and Hove 027E,Criminal damage and arson,Court result unavailable,
0989ec0c2ccbddf68f2fe803d890dfd90aa8e4a4c75db6bfb3cae36d3da12f1d,2024-11,Sussex Police,Sussex Police,-0.139582,50.823148,On or near New Road,E01016969,Brighton and Hove 027E,Criminal damage and arson,Court result unavailable,
0d77f22e74aacb3068935de81acb40b9fede1e05a8672581c851af874ed0dc5b,2024-11,Sussex Police,Sussex Police,-0.139121,50.822592,On or near Prince'S Place,E01016969,Brighton and Hove 027E,Criminal damage and arson,Investigation complete; no suspect identified,
475b5efdbc272d5c6f81bf2606d5639f6dbdc083e997cde14609aed4e9f8270e,2024-11,Sussex Police,Sussex Police,-0.142346,50.826115,On or near Queen'S Road,E01016969,Brighton and Hove 027E,Drugs,Court result unavailable,
687e5c1d91de3a1be0418c9a28873d231a0f4708b0782bdc8d7e25b187615039,2024-11,Sussex Police,Sussex Police,-0.139582,50.823148,On or near New Road,E01016969,Brighton and Hove 027E,Drugs,Local resolution,
743afe93fd6d548de459a141cf9add1fe4585d4610fb293b24b6f515fb8017d1,2024-11,Sussex Police,Sussex Police,-0.139582,50.823148,On or near New Road,E01016969,Brighton and Hove 027E,Drugs,Local resolution,
88ea472751b46c2cf7a4e91b047ffdf6c5ba17676ee13a37aa687d1585c36e9b,2024-11,Sussex Police,Sussex Police,-0.140484,50.824026,On or near Jew Street,E01016969,Brighton and Hove 027E,Other theft,Investigation complete; no suspect identified,
561b826cbe7e70a8b099364a1a693300d1dff0cddd0ace21fbe4ea275a84fdc0,2024-11,Sussex Police,Sussex Police,-0.139027,50.824237,On or near Jubilee Street,E01016969,Brighton and Hove 027E,Other theft,Investigation complete; no suspect identified,
eb773ee2cfbcf702fa9e714dfcf03953c80387dffc843184bf0f449aec5103a8,2024-11,Sussex Police,Sussex Police,-0.140425,50.825869,On or near Foundry Street,E01016969,Brighton and Hove 027E,Other theft,Investigation complete; no suspect identified,
fd289261afdbf89843b9248ebed0c96725522a547e8a80dbf6cb22b20169a313,2024-11,Sussex Police,Sussex Police,-0.138551,50.821927,On or near Pavilion Buildings,E01016969,Brighton and Hove 027E,Other theft,Status update unavailable,
5663fe4d1eacb07e776762dac3339f4ba1ab08c68c2aafe459998890c4bbd289,2024-11,Sussex Police,Sussex Police,-0.144210,50.823878,On or near Queen Square,E01016969,Brighton and Hove 027E,Other theft,Status update unavailable,
9528aa7acb281b8b00671e1264911becf44ace2788a3894f72ce36077c449621,2024-11,Sussex Police,Sussex Police,-0.138551,50.821927,On or near Pavilion Buildings,E01016969,Brighton and Hove 027E,Other theft,Unable to prosecute suspect,
e3a3bf854ee74006a375daab77f42832469d4498036975449e87dd7ac06bceb8,2024-11,Sussex Police,Sussex Police,-0.140484,50.824026,On or near Jew Street,E01016969,Brighton and Hove 027E,Other theft,Investigation complete; no suspect identified,
0c3c03f5486c248fc6e02f54a3235b7b7717856694f6d717a2c2a87e15a60432,2024-11,Sussex Police,Sussex Police,-0.140425,50.825869,On or near Foundry Street,E01016969,Brighton and Hove 027E,Other theft,Unable to prosecute suspect,
c93980a16c901a878f0a0813cee1cbc33456fa7b5c7c063d42a139036f4617dd,2024-11,Sussex Police,Sussex Police,-0.142439,50.824147,On or near Windsor Street,E01016969,Brighton and Hove 027E,Other theft,Investigation complete; no suspect identified,
1d24f3fca919bcfe67c1fd7a99db0155dff6027ef436244b6d7ec5eb4b34c0cc,2024-11,Sussex Police,Sussex Police,-0.139355,50.824925,On or near Theatre/Concert Hall,E01016969,Brighton and Hove 027E,Other theft,Investigation complete; no suspect identified,
01d6715ce437e1c40c0b915cec233877e5f492da90d98846c6a231c72fb962ea,2024-11,Sussex Police,Sussex Police,-0.140425,50.825869,On or near Foundry Street,E01016969,Brighton and Hove 027E,Other theft,Investigation complete; no suspect identified,
628114b12db76cfb195f79caeb07f94c02643d9e6585c22d710ec12b611823bb,2024-11,Sussex Police,Sussex Police,-0.140425,50.825869,On or near Foundry Street,E01016969,Brighton and Hove 027E,Other theft,Investigation complete; no suspect identified,
802ca18d61af539a645e8af3be0071c249ac1c0bf91ca7f027cc2caf08a9edef,2024-11,Sussex Police,Sussex Police,-0.142439,50.824147,On or near Windsor Street,E01016969,Brighton and Hove 027E,Possession of weapons,Unable to prosecute suspect,
eea02c288bfef1072b37dd79f13ff5ae9f97234abb512232726a308d36897907,2024-11,Sussex Police,Sussex Police,-0.141450,50.824734,On or near Church Street,E01016969,Brighton and Hove 027E,Public order,Unable to prosecute suspect,
b9cfcfc10f18330b943bb86154169bd14b9d9929beae5306840baafc6b28eeb1,2024-11,Sussex Police,Sussex Police,-0.139355,50.824925,On or near Theatre/Concert Hall,E01016969,Brighton and Hove 027E,Public order,Investigation complete; no suspect identified,
6d2b5b460e8e65db9b0a78a657040d0267e7a79febc4218fcf0ae3015bfcc4e4,2024-11,Sussex Police,Sussex Police,-0.140295,50.825561,On or near Bread Street,E01016969,Brighton and Hove 027E,Public order,Investigation complete; no suspect identified,
022edfb07959dfea4b476f354a39403006eeb9b1ff2644613ee27b7ca57474f8,2024-11,Sussex Police,Sussex Police,-0.141378,50.826549,On or near Frederick Street,E01016969,Brighton and Hove 027E,Public order,Unable to prosecute suspect,
b10b63510e15ec927adef9e7aeaefd0116c6b0cbd5f1948232a5da934e035b0c,2024-11,Sussex Police,Sussex Police,-0.139121,50.822592,On or near Prince'S Place,E01016969,Brighton and Hove 027E,Public order,Court result unavailable,
fe7e8339020a8913e9e31ac3e30a3790ce274d0cd420e94425087295b4068d9c,2024-11,Sussex Police,Sussex Police,-0.139121,50.822592,On or near Prince'S Place,E01016969,Brighton and Hove 027E,Public order,Investigation complete; no suspect identified,
d7199c2dc217f84e7e82e794d93aa38fd86f5174b31937455ef38a87b2431e97,2024-11,Sussex Police,Sussex Police,-0.139355,50.824925,On or near Theatre/Concert Hall,E01016969,Brighton and Hove 027E,Public order,Status update unavailable,
c6f0575e7495e5bac7e7ed50c0fa240c2796295b4118b812a896f139b0a4890b,2024-11,Sussex Police,Sussex Police,-0.140425,50.825869,On or near Foundry Street,E01016969,Brighton and Hove 027E,Public order,Unable to prosecute suspect,
bb22f2f41e9170a4fcaa4da56e72f6f6c324c3bc63c3e8ef8ee3c8b66b58e0a7,2024-11,Sussex Police,Sussex Police,-0.139355,50.824925,On or near Theatre/Concert Hall,E01016969,Brighton and Hove 027E,Public order,Investigation complete; no suspect identified,
afe824167e415451e0b0ac0ab6821ab45aebe0d8176c58020a77104f1d5f869b,2024-11,Sussex Police,Sussex Police,-0.136749,50.824758,On or near Marlborough Place,E01016969,Brighton and Hove 027E,Public order,Investigation complete; no suspect identified,
7f3ef80007bc8272304168d900d623730d01e18b10ec2325130e25bae355fddb,2024-11,Sussex Police,Sussex Police,-0.139582,50.823148,On or near New Road,E01016969,Brighton and Hove 027E,Public order,Unable to prosecute suspect,
f4f970c0874db09bced0a380955c2509b7500536b5008a339212864b7675b086,2024-11,Sussex Police,Sussex Police,-0.139027,50.824237,On or near Jubilee Street,E01016969,Brighton and Hove 027E,Public order,Unable to prosecute suspect,
16503f933167e292a62e96da7a014b07c3a01938b0715136d9f72870f4e76144,2024-11,Sussex Police,Sussex Police,-0.139355,50.824925,On or near Theatre/Concert Hall,E01016969,Brighton and Hove 027E,Public order,Investigation complete; no suspect identified,
d0f99c9ddce724bc81ebdc19d7a7c01e6351ebd2448fd123caaf22a8c47a529d,2024-11,Sussex Police,Sussex Police,-0.140425,50.825869,On or near Foundry Street,E01016969,Brighton and Hove 027E,Public order,Investigation complete; no suspect identified,
c2a1da5933fde6fb29a4fb4a77b455127d3e8112f0839d50d031d7df45670053,2024-11,Sussex Police,Sussex Police,-0.142346,50.826115,On or near Queen'S Road,E01016969,Brighton and Hove 027E,Public order,Investigation complete; no suspect identified,
9ba9255ce3cc232431cd3b20186ff2cf8c5950d230c55a5867bbea3b67a2514f,2024-11,Sussex Police,Sussex Police,-0.139582,50.823148,On or near New Road,E01016969,Brighton and Hove 027E,Public order,Court result unavailable,
816ac1d3f3ea1a436f8c7b43c0a8b57ac8007c6232e88b8119d535b1986f89e8,2024-11,Sussex Police,Sussex Police,-0.145178,50.825603,On or near Centurion Road,E01016969,Brighton and Hove 027E,Public order,Investigation complete; no suspect identified,
66f96c8b1b7057df89b339fdf1eaa4e66b8be4becdad00067523ff61ddb9641f,2024-11,Sussex Police,Sussex Police,-0.144210,50.823878,On or near Queen Square,E01016969,Brighton and Hove 027E,Public order,Court result unavailable,
49cee23518b72777d5534c97102f4d40c15df18a1866c20e64bcd67eac53757c,2024-11,Sussex Police,Sussex Police,-0.144210,50.823878,On or near Queen Square,E01016969,Brighton and Hove 027E,Public order,Unable to prosecute suspect,
a479a09031de4dbb3c058d7067db01a0ffc36e4924360df348a0e41d192c0dd8,2024-11,Sussex Police,Sussex Police,-0.142346,50.826115,On or near Queen'S Road,E01016969,Brighton and Hove 027E,Public order,Investigation complete; no suspect identified,
336b33537210ee7bad2c28e90fefcb3329ee5ce9c1ab72d5a0e6518e4b46a849,2024-11,Sussex Police,Sussex Police,-0.138259,50.821756,On or near Theatre/Concert Hall,E01016969,Brighton and Hove 027E,Public order,Investigation complete; no suspect identified,
854c7b55e58e0d0f5bd0f5b2f03bdd749a5999a20e51583d2aecf17b494815e4,2024-11,Sussex Police,Sussex Police,-0.140425,50.825869,On or near Foundry Street,E01016969,Brighton and Hove 027E,Public order,Investigation complete; no suspect identified,
12250ee73de932de650750c94ac3a0e5545cf9b63ed20bbdba3d543fb8e57087,2024-11,Sussex Police,Sussex Police,-0.140425,50.825869,On or near Foundry Street,E01016969,Brighton and Hove 027E,Public order,Investigation complete; no suspect identified,
9a356cb4908b742ca1dc12ba1022a233122a1e544a89fe7a27236369b1e51e80,2024-11,Sussex Police,Sussex Police,-0.138551,50.821927,On or near Pavilion Buildings,E01016969,Brighton and Hove 027E,Public order,Status update unavailable,
6f71e9696e89c6839049fb870cc54579cf91ea047b2f65e10e2b29888df9313d,2024-11,Sussex Police,Sussex Police,-0.138259,50.821756,On or near Theatre/Concert Hall,E01016969,Brighton and Hove 027E,Public order,Unable to prosecute suspect,
438ff35c38dd56ee1cfad8ffb8eac234cf3bfdf05a88c70e66822d2d65b26224,2024-11,Sussex Police,Sussex Police,-0.140016,50.825799,On or near Queen'S Gardens,E01016969,Brighton and Hove 027E,Robbery,Investigation complete; no suspect identified,
c90b756ec7ba90aa4577b15abc724477714fb3ce15d8538237a59fed9dd78743,2024-11,Sussex Police,Sussex Police,-0.138551,50.821927,On or near Pavilion Buildings,E01016969,Brighton and Hove 027E,Shoplifting,Unable to prosecute suspect,
2301fde94ceb9e917285405f4f25536033df256baa0314a5bb571fec9f24ad87,2024-11,Sussex Police,Sussex Police,-0.142746,50.826787,On or near North Gardens,E01016969,Brighton and Hove 027E,Shoplifting,Investigation complete; no suspect identified,
be941cbb1560d5994d34ffe71f1d5c1b406e179e7f9f87d8d67d3cb5f5f1e860,2024-11,Sussex Police,Sussex Police,-0.138551,50.821927,On or near Pavilion Buildings,E01016969,Brighton and Hove 027E,Shoplifting,Unable to prosecute suspect,
3876c7555869410567f368e1deebaef84516cf567a3d6c6efb37ab39149f7b9c,2024-11,Sussex Police,Sussex Police,-0.139582,50.823148,On or near New Road,E01016969,Brighton and Hove 027E,Shoplifting,Unable to prosecute suspect,
cf3b9b7b6a1c52ff543a8afc0f949876456ae1cd6bc7974a1ca4e5ade6a7dc1b,2024-11,Sussex Police,Sussex Police,-0.142439,50.824147,On or near Windsor Street,E01016969,Brighton and Hove 027E,Shoplifting,Investigation complete; no suspect identified,
e31fdb6347065f1606358953e8816af67bcf6028ad34d865783c4aafac9c3cd3,2024-11,Sussex Police,Sussex Police,-0.144210,50.823878,On or near Queen Square,E01016969,Brighton and Hove 027E,Shoplifting,Investigation complete; no suspect identified,
6c5aee61dcdb8140580a8d70ac1f19bf55439e2b272f21998c04f46e7a5e6695,2024-11,Sussex Police,Sussex Police,-0.144210,50.823878,On or near Queen Square,E01016969,Brighton and Hove 027E,Shoplifting,Unable to prosecute suspect,
6792b61b0b02c7e899c39adf489e3abadb4d6b373f02c77d2d49bc5248302892,2024-11,Sussex Police,Sussex Police,-0.144210,50.823878,On or near Queen Square,E01016969,Brighton and Hove 027E,Shoplifting,Investigation complete; no suspect identified,
e73a2a4e77c46e2c6283d8bf21449fd4882cedb3dea9e3ad348886ad92725636,2024-11,Sussex Police,Sussex Police,-0.140355,50.823331,On or near Bond Street,E01016969,Brighton and Hove 027E,Shoplifting,Investigation complete; no suspect identified,
18f900dc469ef19fa31899d60282a61aa2f25ab9d7c5737a48257fd035045119,2024-11,Sussex Police,Sussex Police,-0.139355,50.824925,On or near Theatre/Concert Hall,E01016969,Brighton and Hove 027E,Shoplifting,Investigation complete; no suspect identified,
3df607af25ec968c3d5ef88166786bc3f996cb593201fecd3e67fadba71c349b,2024-11,Sussex Police,Sussex Police,-0.144210,50.823878,On or near Queen Square,E01016969,Brighton and Hove 027E,Shoplifting,Investigation complete; no suspect identified,
cc15e18a1c7bdeb6dd4211c45ac65f3c9a1974f3389107c5c7f04b1b05527675,2024-11,Sussex Police,Sussex Police,-0.139582,50.823148,On or near New Road,E01016969,Brighton and Hove 027E,Shoplifting,Court result unavailable,
5cf9bb73571e98dcb79a81cb9d382e5611f183dcbc94ef469a855fb5be55a058,2024-11,Sussex Police,Sussex Police,-0.141378,50.826549,On or near Frederick Street,E01016969,Brighton and Hove 027E,Shoplifting,Investigation complete; no suspect identified,
c794fecdd89c0aa95ff54ef92753de3f2ac8b0e6891d516a499b3fdff0ff9a21,2024-11,Sussex Police,Sussex Police,-0.142746,50.826787,On or near North Gardens,E01016969,Brighton and Hove 027E,Shoplifting,Investigation complete; no suspect identified,
bc810a7e423f1ecb157371ad61399f77519dd9ed43cef1c3b8ff8532afd9d17c,2024-11,Sussex Police,Sussex Police,-0.144210,50.823878,On or near Queen Square,E01016969,Brighton and Hove 027E,Shoplifting,Unable to prosecute suspect,
e39028db81dbd6406cac1bfcaaae0397ae959d3aef3c9705786c76bb6a41b438,2024-11,Sussex Police,Sussex Police,-0.144210,50.823878,On or near Queen Square,E01016969,Brighton and Hove 027E,Shoplifting,Unable to prosecute suspect,
dbda9baca2154083d4734b5edfe25f3a28c2193438baaee2150a8e3c0e990b4e,2024-11,Sussex Police,Sussex Police,-0.144210,50.823878,On or near Queen Square,E01016969,Brighton and Hove 027E,Shoplifting,Investigation complete; no suspect identified,
b2953fac6361dbc4512c975d50febe076762c00e7147c7889c500840affe3cef,2024-11,Sussex Police,Sussex Police,-0.139355,50.824925,On or near Theatre/Concert Hall,E01016969,Brighton and Hove 027E,Shoplifting,Court result unavailable,
5387c35e88b30cb9bf6d6f6a606dc4e4666dbfb42329a8e05b00b5f92a80fb23,2024-11,Sussex Police,Sussex Police,-0.138551,50.821927,On or near Pavilion Buildings,E01016969,Brighton and Hove 027E,Shoplifting,Unable to prosecute suspect,
206ca4b26bdd5c499d684eb833400f01c9de2118131ff84ab38ee37447e549e1,2024-11,Sussex Police,Sussex Police,-0.139121,50.822592,On or near Prince'S Place,E01016969,Brighton and Hove 027E,Shoplifting,Court result unavailable,
583116f844a02a4eb2d3c437d1fab896d597f1ada6094a61cc9c916853e8a71c,2024-11,Sussex Police,Sussex Police,-0.141378,50.826549,On or near Frederick Street,E01016969,Brighton and Hove 027E,Shoplifting,Investigation complete; no suspect identified,
0b519890d99692dc70c565e0b84259f6200def414e42aa4e2e4e4e9cb3de5d5a,2024-11,Sussex Police,Sussex Police,-0.138933,50.825188,On or near Regent Street,E01016969,Brighton and Hove 027E,Shoplifting,Investigation complete; no suspect identified,
5034e91a04490a6f0d271cac6f994db083830cdabe6ae56d81e30da77142d798,2024-11,Sussex Police,Sussex Police,-0.141378,50.826549,On or near Frederick Street,E01016969,Brighton and Hove 027E,Shoplifting,Unable to prosecute suspect,
36b3bffaf2bb818d398f5146d93223837aac495d40832e6d598ba3edcbe64aae,2024-11,Sussex Police,Sussex Police,-0.139355,50.824925,On or near Theatre/Concert Hall,E01016969,Brighton and Hove 027E,Shoplifting,Investigation complete; no suspect identified,
f7104aea83c983a2045172ef53ced371585f1935b6688918613dc0ae701d24e1,2024-11,Sussex Police,Sussex Police,-0.139582,50.823148,On or near New Road,E01016969,Brighton and Hove 027E,Shoplifting,Court result unavailable,
7b2f91e34140ce08eaa99a5860364cf93426fe1053de2c6f6e1b28c60d733a31,2024-11,Sussex Police,Sussex Police,-0.139582,50.823148,On or near New Road,E01016969,Brighton and Hove 027E,Shoplifting,Investigation complete; no suspect identified,
e76896cea13b3b8f90d5353d457812f76ffd823bcaa030cee74dcfe68b3a0527,2024-11,Sussex Police,Sussex Police,-0.142439,50.824147,On or near Windsor Street,E01016969,Brighton and Hove 027E,Shoplifting,Investigation complete; no suspect identified,
dc77a4dccbafa3be2b1eb78cdcacf70b43b6e177016923f88dff2720ab7a7df6,2024-11,Sussex Police,Sussex Police,-0.139479,50.825728,On or near North Road,E01016969,Brighton and Hove 027E,Shoplifting,Investigation complete; no suspect identified,
08221eadac43e08f13dbc0b65ed9ef268182ae9a4a086c136608d9a40220e304,2024-11,Sussex Police,Sussex Police,-0.139121,50.822592,On or near Prince'S Place,E01016969,Brighton and Hove 027E,Shoplifting,Court result unavailable,
55b3b43dfff1eb291a5143142871c2f05aff5579725b1deb0ddf76df53942329,2024-11,Sussex Police,Sussex Police,-0.140425,50.825869,On or near Foundry Street,E01016969,Brighton and Hove 027E,Theft from the person,Unable to prosecute suspect,
a5a6c5d0740d259c5521f299c2e1904ec6ce276981ff0cfaa4b4c113fc049302,2024-11,Sussex Police,Sussex Police,-0.139582,50.823148,On or near New Road,E01016969,Brighton and Hove 027E,Theft from the person,Investigation complete; no suspect identified,
748148e00e19af7fe044803733237e4479eeef13a8c191042ec06654042ca733,2024-11,Sussex Police,Sussex Police,-0.140232,50.823950,On or near Shopping Area,E01016969,Brighton and Hove 027E,Theft from the person,Investigation complete; no suspect identified,
6e4ba6a00d68dbe5e537d4b8030c4db71fe6b4a878707c5b0215c2150ae8c542,2024-11,Sussex Police,Sussex Police,-0.140425,50.825869,On or near Foundry Street,E01016969,Brighton and Hove 027E,Theft from the person,Unable to prosecute suspect,
bb2e91bcb014ce60725f99e1594486996b136c68f8b8f1011a4c8adf14e8254b,2024-11,Sussex Police,Sussex Police,-0.141059,50.824206,On or near Parking Area,E01016969,Brighton and Hove 027E,Vehicle crime,Investigation complete; no suspect identified,
dd0fc9ce904af9666fa611660c03ebc163ab1930ad321e61074dbe709bf78445,2024-11,Sussex Police,Sussex Police,-0.141176,50.824487,On or near King Street,E01016969,Brighton and Hove 027E,Vehicle crime,Investigation complete; no suspect identified,
05aaab675657a14b0704c2196b67f88bd614ad67764d0ce3ecbb57cd869b29ef,2024-11,Sussex Police,Sussex Police,-0.142439,50.824147,On or near Windsor Street,E01016969,Brighton and Hove 027E,Vehicle crime,Investigation complete; no suspect identified,
cdf58c0d7598469268c8c8d4ba167546d757096268da1a31b52a218d885dd445,2024-11,Sussex Police,Sussex Police,-0.139027,50.824237,On or near Jubilee Street,E01016969,Brighton and Hove 027E,Vehicle crime,Investigation complete; no suspect identified,
a5bfd9eca8e637dcbbb606fa1c7e3be5143377064e22330604a059a7b811aa3d,2024-11,Sussex Police,Sussex Police,-0.140425,50.825869,On or near Foundry Street,E01016969,Brighton and Hove 027E,Vehicle crime,Investigation complete; no suspect identified,
0f51412ec7f6f77b793369cd864f21482e11cef6c27f603c00bdc65cb7542cbe,2024-11,Sussex Police,Sussex Police,-0.141176,50.824487,On or near King Street,E01016969,Brighton and Hove 027E,Vehicle crime,Investigation complete; no suspect identified,
e1eb424c7ba673ffadb18c7a6cef7d871436f9dfb2da5a7070d937734c103dbb,2024-11,Sussex Police,Sussex Police,-0.141176,50.824487,On or near King Street,E01016969,Brighton and Hove 027E,Vehicle crime,Investigation complete; no suspect identified,
f8f71f197d907126cdb6c60ae70a43729f707d574b071203c51c8da7abd5c499,2024-11,Sussex Police,Sussex Police,-0.141505,50.823691,On or near King Place,E01016969,Brighton and Hove 027E,Violence and sexual offences,Investigation complete; no suspect identified,
aa8304b487681fcaf93eba55c525ba46785a50fde3c93930aadc2e178513d9ae,2024-11,Sussex Police,Sussex Police,-0.140425,50.825869,On or near Foundry Street,E01016969,Brighton and Hove 027E,Violence and sexual offences,Unable to prosecute suspect,
8d955cd3871efedf5dd58f0eb904412473ffa77a9cdbe6f5b85db6b0d53fcc18,2024-11,Sussex Police,Sussex Police,-0.140355,50.823331,On or near Bond Street,E01016969,Brighton and Hove 027E,Violence and sexual offences,Investigation complete; no suspect identified,
33b85068da43f922b06b6ea00c5f10a125700440ffa0b22a3d9aee97fa6d2a25,2024-11,Sussex Police,Sussex Police,-0.140425,50.825869,On or near Foundry Street,E01016969,Brighton and Hove 027E,Violence and sexual offences,Unable to prosecute suspect,
8b5d37779927cc1fbf28d669fc93c7b408a55cb8a5188da87f7ed720e29b0927,2024-11,Sussex Police,Sussex Police,-0.140425,50.825869,On or near Foundry Street,E01016969,Brighton and Hove 027E,Violence and sexual offences,Unable to prosecute suspect,
9c392404908e7f9827ac5b3a69debcc69780d9c664e3085ef9680d9690d47ede,2024-11,Sussex Police,Sussex Police,-0.141450,50.824734,On or near Church Street,E01016969,Brighton and Hove 027E,Violence and sexual offences,Unable to prosecute suspect,
9d5fda8c48ba4abb447f01e8dbb5a22a979e390d513bb3d866d77f5f50680b50,2024-11,Sussex Police,Sussex Police,-0.135591,50.824946,On or near Grand Parade,E01016969,Brighton and Hove 027E,Violence and sexual offences,Investigation complete; no suspect identified,
1fdbd380c83fba5a589cee4f588bde75f82c862eb70c0b3d9bef1e70a0f0a9c7,2024-11,Sussex Police,Sussex Police,-0.140425,50.825869,On or near Foundry Street,E01016969,Brighton and Hove 027E,Violence and sexual offences,Unable to prosecute suspect,
1f7d8c36748709fdbca37e342805c76f48529da169aaebb84731e0370eb274d9,2024-11,Sussex Police,Sussex Police,-0.144210,50.823878,On or near Queen Square,E01016969,Brighton and Hove 027E,Violence and sexual offences,Unable to prosecute suspect,
0f1e34e831e9d128916171e8049251f64076545732946829604d9ae1d07e3bca,2024-11,Sussex Police,Sussex Police,-0.142439,50.824147,On or near Windsor Street,E01016969,Brighton and Hove 027E,Violence and sexual offences,Investigation complete; no suspect identified,
2695a701482f09382e72e7b8ac0af6dabd76d06284b9db8751caa73b6e76f94a,2024-11,Sussex Police,Sussex Police,-0.139355,50.824925,On or near Theatre/Concert Hall,E01016969,Brighton and Hove 027E,Violence and sexual offences,Investigation complete; no suspect identified,
fbc3c97d299d60061b022a712ebe2d53382567afb96b34ad3e69939abfba4371,2024-11,Sussex Police,Sussex Police,-0.139355,50.824925,On or near Theatre/Concert Hall,E01016969,Brighton and Hove 027E,Violence and sexual offences,Unable to prosecute suspect,
027897ecb7a61654b7ad75001b96acfb3b23ca68a865afae01cf5912807072d8,2024-11,Sussex Police,Sussex Police,-0.143403,50.825970,On or near Kew Street,E01016969,Brighton and Hove 027E,Violence and sexual offences,Investigation complete; no suspect identified,
a10658c173f613a34b66980f3ac18afbb74f56796ff8e6dbb1b515d9e9171a88,2024-11,Sussex Police,Sussex Police,-0.140425,50.825869,On or near Foundry Street,E01016969,Brighton and Hove 027E,Violence and sexual offences,Court result unavailable,
b60bae78d83e8a29a3728b8a16c0cd355c0d8eac51b9cdbd6022986721a8cba2,2024-11,Sussex Police,Sussex Police,-0.136421,50.825859,On or near Blenheim Place,E01016969,Brighton and Hove 027E,Violence and sexual offences,Unable to prosecute suspect,
8ee65173753800f2fb6a7db06afd72e25f8b2d76fc774dfcba43cf51a0364982,2024-11,Sussex Police,Sussex Police,-0.140425,50.825869,On or near Foundry Street,E01016969,Brighton and Hove 027E,Violence and sexual offences,Court result unavailable,
33c689ff804d52a9b702af0a13ab2e3f8153fdadd4f2879e404c2069e859f257,2024-11,Sussex Police,Sussex Police,-0.144187,50.826594,On or near St Nicholas Road,E01016969,Brighton and Hove 027E,Violence and sexual offences,Investigation complete; no suspect identified,
61d0157334a8bd0f4928a8f71ad052cb0ab9829de58b828a458d399cf528b609,2024-11,Sussex Police,Sussex Police,-0.136749,50.824758,On or near Marlborough Place,E01016969,Brighton and Hove 027E,Violence and sexual offences,Court result unavailable,
0d9b350274c5b076efab2521aeb3f80b13f5c41a2d0a8e92699c580aab345ca1,2024-11,Sussex Police,Sussex Police,-0.140425,50.825869,On or near Foundry Street,E01016969,Brighton and Hove 027E,Violence and sexual offences,Unable to prosecute suspect,
3e00eb6bbf4cf0e015040d940f8d0759dd119563956fb63a1ed11223fc54702c,2024-11,Sussex Police,Sussex Police,-0.144210,50.823878,On or near Queen Square,E01016969,Brighton and Hove 027E,Violence and sexual offences,Unable to prosecute suspect,
46f1bcd1b1190ea9bf450c1f64937f8bf348dbce0b2a4091494a59bfb356fc1f,2024-11,Sussex Police,Sussex Police,-0.139027,50.824237,On or near Jubilee Street,E01016969,Brighton and Hove 027E,Violence and sexual offences,Unable to prosecute suspect,
d9b2ff63922468b6e7c45a4aa3240731c6ce949cc16d3dcc67709de6b20f96b7,2024-11,Sussex Police,Sussex Police,-0.140425,50.825869,On or near Foundry Street,E01016969,Brighton and Hove 027E,Violence and sexual offences,Unable to prosecute suspect,
92df18ca998e98eb79fbf83d7db62bdcc787451f57cb2c7b98ad3adb5c06c69f,2024-11,Sussex Police,Sussex Police,-0.142346,50.826115,On or near Queen'S Road,E01016969,Brighton and Hove 027E,Violence and sexual offences,Investigation complete; no suspect identified,
ee8508de8183bf23f8876d72f0f30223dabe2078240abd75c0b278fb2cea4e11,2024-11,Sussex Police,Sussex Police,-0.139355,50.824925,On or near Theatre/Concert Hall,E01016969,Brighton and Hove 027E,Violence and sexual offences,Court result unavailable,
77b2135a101b5557d9a403dcb6e0c697a4050f5b5174fee3930024b1ce1aac0f,2024-11,Sussex Police,Sussex Police,-0.139355,50.824925,On or near Theatre/Concert Hall,E01016969,Brighton and Hove 027E,Violence and sexual offences,Court result unavailable,
a7692395aef9f6d209a0869315d90fd3e1605016b09b6251b1bafa71d7c2c2cc,2024-11,Sussex Police,Sussex Police,-0.139355,50.824925,On or near Theatre/Concert Hall,E01016969,Brighton and Hove 027E,Violence and sexual offences,Investigation complete; no suspect identified,
a8484cbc6496bb809551f0273837f975f2c17161334b98bfcac87b69ba89837a,2024-11,Sussex Police,Sussex Police,-0.136749,50.824758,On or near Marlborough Place,E01016969,Brighton and Hove 027E,Violence and sexual offences,Unable to prosecute suspect,
2ef9ed455d9e0852d2f6caf35a9e639f644e80282bc57ff66eb9f592dfff477b,2024-11,Sussex Police,Sussex Police,-0.139355,50.824925,On or near Theatre/Concert Hall,E01016969,Brighton and Hove 027E,Violence and sexual offences,Investigation complete; no suspect identified,
602a84ca7478b932b961f57b17fbf5c80bb9ff6e596b3113e02acd58aa1adcf8,2024-11,Sussex Police,Sussex Police,-0.141176,50.824487,On or near King Street,E01016969,Brighton and Hove 027E,Violence and sexual offences,Investigation complete; no suspect identified,
82f1af83ccb31ccca6b8d65204e911f691eb4603a4f8e9b93a689576b7f5c607,2024-11,Sussex Police,Sussex Police,-0.139582,50.823148,On or near New Road,E01016969,Brighton and Hove 027E,Violence and sexual offences,Investigation complete; no suspect identified,
b1aaea5312bfa9bec03d1d293a6b4d12c8b9feba0b97736ec074837b45b56356,2024-11,Sussex Police,Sussex Police,-0.139355,50.824925,On or near Theatre/Concert Hall,E01016969,Brighton and Hove 027E,Violence and sexual offences,Court result unavailable,
4e47d349b7e0f807c15e0a4fb2edb9fea25f8203f3f461a2eee606c7012a078d,2024-11,Sussex Police,Sussex Police,-0.145178,50.825603,On or near Centurion Road,E01016969,Brighton and Hove 027E,Violence and sexual offences,Further action is not in the public interest,
3ab0e99cce76df9fbacc806366d757f0ea60485f79ef22df83e41bcd9e90e59a,2024-11,Sussex Police,Sussex Police,-0.137301,50.825153,On or near Barrack Yard,E01016969,Brighton and Hove 027E,Violence and sexual offences,Unable to prosecute suspect,
20682ca69824a2d1b283ccbfaae78aff59e32bdfbec68dda3fbd0292b08b6730,2024-11,Sussex Police,Sussex Police,-0.139027,50.824237,On or near Jubilee Street,E01016969,Brighton and Hove 027E,Violence and sexual offences,Investigation complete; no suspect identified,
0dfa43f34a816340789b963f4c7dd1feec5338efebac2e85c6427965f4966ef4,2024-11,Sussex Police,Sussex Police,-0.141378,50.826549,On or near Frederick Street,E01016969,Brighton and Hove 027E,Violence and sexual offences,Local resolution,
642682940c16b2cf04f4b99d847bb6633d936d7e1051b06f474eab33d1aca265,2024-11,Sussex Police,Sussex Police,-0.142346,50.826115,On or near Queen'S Road,E01016969,Brighton and Hove 027E,Violence and sexual offences,Investigation complete; no suspect identified,
26ccf1c328515c5e9469d9afee681e6a68fa24c949140c1344236f7fb8531fbb,2024-11,Sussex Police,Sussex Police,-0.142346,50.826115,On or near Queen'S Road,E01016969,Brighton and Hove 027E,Violence and sexual offences,Investigation complete; no suspect identified,
0247c5b5ccc1bd56731256a51ee241ec6098eb956a0579d45f8fde918287c301,2024-11,Sussex Police,Sussex Police,-0.140425,50.825869,On or near Foundry Street,E01016969,Brighton and Hove 027E,Violence and sexual offences,Unable to prosecute suspect,
191e39d4c1eb9924ee6b37f47690f0041cb44ea3fe3dc5cd5f8e75ca172170e2,2024-11,Sussex Police,Sussex Police,-0.141378,50.826549,On or near Frederick Street,E01016969,Brighton and Hove 027E,Violence and sexual offences,Investigation complete; no suspect identified,
bb360fbc3217cfc955e359c9e0d551155fc1c3e7400347127dd81575a900b893,2024-11,Sussex Police,Sussex Police,-0.142746,50.826787,On or near North Gardens,E01016969,Brighton and Hove 027E,Violence and sexual offences,Status update unavailable,
68cff094d001773a64e3c8336a87e3225207ae53dd5b12996dfc90c2bc5977c5,2024-11,Sussex Police,Sussex Police,-0.140232,50.823950,On or near Shopping Area,E01016969,Brighton and Hove 027E,Violence and sexual offences,Investigation complete; no suspect identified,
efba633bef5936c9fe9a2f2a2a6224491f4aacc4512a739fac2d2c4c8ac86af7,2024-11,Sussex Police,Sussex Police,-0.139027,50.824237,On or near Jubilee Street,E01016969,Brighton and Hove 027E,Violence and sexual offences,Investigation complete; no suspect identified,
cf49a019b9265b5735f93981bf126643cef3858077fe362d9594e7688e738917,2024-11,Sussex Police,Sussex Police,-0.142346,50.826115,On or near Queen'S Road,E01016969,Brighton and Hove 027E,Violence and sexual offences,Status update unavailable,
1db729b28516bc6714ba6b9d5eb71681131e615935a9201f45a0fa879c3f012e,2024-11,Sussex Police,Sussex Police,-0.140355,50.823331,On or near Bond Street,E01016969,Brighton and Hove 027E,Violence and sexual offences,Investigation complete; no suspect identified,
39f01208f88635be7de7b088d3cf9dddb7a193c7d5b6676780ff59179f113dcd,2024-11,Sussex Police,Sussex Police,-0.140425,50.825869,On or near Foundry Street,E01016969,Brighton and Hove 027E,Violence and sexual offences,Unable to prosecute suspect,
f6b901082229498e1637bd9fe27cfb32308d7b858b3472b10883d635c16cc647,2024-11,Sussex Police,Sussex Police,-0.140425,50.825869,On or near Foundry Street,E01016969,Brighton and Hove 027E,Violence and sexual offences,Unable to prosecute suspect,
c4e276ff5122f81adb79e241117decff17e0104f9f9100f7e656341501e60a20,2024-11,Sussex Police,Sussex Police,-0.140484,50.824026,On or near Jew Street,E01016969,Brighton and Hove 027E,Other crime,Local resolution,
2391ccf429bb30ceffc76f2559c5572983210400afda15e5a666d03b261ec7c8,2024-11,Sussex Police,Sussex Police,-0.139355,50.824925,On or near Theatre/Concert Hall,E01016969,Brighton and Hove 027E,Other crime,Local resolution,
874df49c0a3f9710b948f75c3292962806720f9e50bac83fc8e665b2f9104a0b,2024-11,Sussex Police,Sussex Police,-0.144210,50.823878,On or near Queen Square,E01016969,Brighton and Hove 027E,Other crime,Local resolution,
68c7baa328f9d452269ed3375c5f6776465487beb628755567a8c0cb4143e56c,2024-11,Sussex Police,Sussex Police,-0.141832,50.824047,On or near Portland Street,E01016969,Brighton and Hove 027E,Other crime,Local resolution,
278ed8292cedfbcbf5e67fcb8d0c2cb55f689b190f76b79ad083fe18f68cb79e,2024-11,Sussex Police,Sussex Police,-0.139355,50.824925,On or near Theatre/Concert Hall,E01016969,Brighton and Hove 027E,Other crime,Local resolution,
85e8cc696a1f792eb7a48701f1adb5e56f5878821fdb915ab303e2bc9da4ea26,2024-11,Sussex Police,Sussex Police,-0.140425,50.825869,On or near Foundry Street,E01016969,Brighton and Hove 027E,Other crime,Status update unavailable,
,2024-11,Sussex Police,Sussex Police,-0.136844,50.826666,On or near Gloucester Passage,E01033328,Brighton and Hove 027F,Anti-social behaviour,,
,2024-11,Sussex Police,Sussex Police,-0.135640,50.826215,On or near Gloucester Place,E01033328,Brighton and Hove 027F,Anti-social behaviour,,
,2024-11,Sussex Police,Sussex Police,-0.137743,50.825475,On or near Vine Street,E01033328,Brighton and Hove 027F,Anti-social behaviour,,
,2024-11,Sussex Police,Sussex Police,-0.139180,50.826119,On or near Shopping Area,E01033328,Brighton and Hove 027F,Anti-social behaviour,,
,2024-11,Sussex Police,Sussex Police,-0.136985,50.825958,On or near Cheltenham Place,E01033328,Brighton and Hove 027F,Anti-social behaviour,,
,2024-11,Sussex Police,Sussex Police,-0.138101,50.826812,On or near Kensington Street,E01033328,Brighton and Hove 027F,Anti-social behaviour,,
,2024-11,Sussex Police,Sussex Police,-0.136844,50.826666,On or near Gloucester Passage,E01033328,Brighton and Hove 027F,Anti-social behaviour,,
0271c70266cbd2a3d27eea0f1c7a3b98136e46ed4c454c084af6c946494a9f3e,2024-11,Sussex Police,Sussex Police,-0.135640,50.826215,On or near Gloucester Place,E01033328,Brighton and Hove 027F,Criminal damage and arson,Local resolution,
658bd22f366c6b34754250941329f5c532c8b20c873b0998350556d33e928a68,2024-11,Sussex Police,Sussex Police,-0.135640,50.826215,On or near Gloucester Place,E01033328,Brighton and Hove 027F,Criminal damage and arson,Unable to prosecute suspect,
967659962164fd03436e7376d63b765fff71dfa0ea1a7c867674d1fc636def62,2024-11,Sussex Police,Sussex Police,-0.138975,50.826979,On or near Gloucester Road,E01033328,Brighton and Hove 027F,Other theft,Investigation complete; no suspect identified,
d25697aada3a3e6a11745ee147cca14677ae2da749526794801b35962aae2620,2024-11,Sussex Police,Sussex Police,-0.138149,50.825608,On or near Robert Street,E01033328,Brighton and Hove 027F,Other theft,Investigation complete; no suspect identified,
e411fdfa2610c5594674452593ce5519d768d5988bc05f5df7fea4ea68fba0cc,2024-11,Sussex Police,Sussex Police,-0.137743,50.825475,On or near Vine Street,E01033328,Brighton and Hove 027F,Other theft,Investigation complete; no suspect identified,
e82a269e10a1036d4a42e85f756987fdb90fbe9700a5adbdbd7b22223f791320,2024-11,Sussex Police,Sussex Police,-0.135640,50.826215,On or near Gloucester Place,E01033328,Brighton and Hove 027F,Other theft,Investigation complete; no suspect identified,
20dafed08df380ec6f335f75929759d5866f5958c0b868d140947dd20c976f62,2024-11,Sussex Police,Sussex Police,-0.138149,50.825608,On or near Robert Street,E01033328,Brighton and Hove 027F,Public order,Investigation complete; no suspect identified,
e4c85f7c7d2a1eceb4b411e8e1e5f643afd5127decc32612ced97ec8df2821be,2024-11,Sussex Police,Sussex Police,-0.135640,50.826215,On or near Gloucester Place,E01033328,Brighton and Hove 027F,Public order,Investigation complete; no suspect identified,
fa24697f52babd774ed8c6b9d6791babaa0d20d82252955730ff652885ca6d29,2024-11,Sussex Police,Sussex Police,-0.138101,50.826812,On or near Kensington Street,E01033328,Brighton and Hove 027F,Public order,Investigation complete; no suspect identified,
2b5b35e7301065b1a48e07caa292c0cb202f2f695b3091edfcb7639f1a72efdb,2024-11,Sussex Police,Sussex Police,-0.137743,50.825475,On or near Vine Street,E01033328,Brighton and Hove 027F,Public order,Unable to prosecute suspect,
134a78870feefb7b8395eb5cff7ba4f012b4ec968acee791c883ac979c616d0f,2024-11,Sussex Police,Sussex Police,-0.139180,50.826119,On or near Shopping Area,E01033328,Brighton and Hove 027F,Public order,Unable to prosecute suspect,
5645fce24ac98a80a44b2d66e97150787b0909d440988e046c7cce01f8ba2abf,2024-11,Sussex Police,Sussex Police,-0.138101,50.826812,On or near Kensington Street,E01033328,Brighton and Hove 027F,Public order,Investigation complete; no suspect identified,
0ed18e6b167ad28c2f44cf84e536915340300bb94b5f8a4de87c20404cd86454,2024-11,Sussex Police,Sussex Police,-0.138101,50.826812,On or near Kensington Street,E01033328,Brighton and Hove 027F,Shoplifting,Unable to prosecute suspect,
87a0907f8f72d3c222cd1e7edfa66ed43ddcb6bcaf43ead483b4228a7de851bc,2024-11,Sussex Police,Sussex Police,-0.138101,50.826812,On or near Kensington Street,E01033328,Brighton and Hove 027F,Shoplifting,Investigation complete; no suspect identified,
534f1c5e1b11f7b5edb79478ec89daa72a8f974e308d62ff94e1d91494f2880f,2024-11,Sussex Police,Sussex Police,-0.139180,50.826119,On or near Shopping Area,E01033328,Brighton and Hove 027F,Shoplifting,Investigation complete; no suspect identified,
49256a1c72f4795add9a913cb7dd14ba7e04a33722f72463dcc44b0444033322,2024-11,Sussex Police,Sussex Police,-0.135640,50.826215,On or near Gloucester Place,E01033328,Brighton and Hove 027F,Violence and sexual offences,Unable to prosecute suspect,
9a9b2813b52943eead6fa0684aae6c3c4db30ac9410685f22024c941d4188fbc,2024-11,Sussex Police,Sussex Police,-0.138384,50.827563,On or near Tidy Street,E01033328,Brighton and Hove 027F,Violence and sexual offences,Local resolution,
10af8483d8a2ff7a4c4379c53c12bf89b89266acae80a36e85da78d62143ba0a,2024-11,Sussex Police,Sussex Police,-0.138149,50.825608,On or near Robert Street,E01033328,Brighton and Hove 027F,Violence and sexual offences,Investigation complete; no suspect identified,
60cc857bdfe0947655006f9a5b0e657ee47c1b465c01926dead4a1f672bd0f33,2024-11,Sussex Police,Sussex Police,-0.138384,50.827563,On or near Tidy Street,E01033328,Brighton and Hove 027F,Violence and sexual offences,Investigation complete; no suspect identified,
3eba6c9a38ba70dcc3459353662701bc4ea5341968ca31d58d4e974d41d93b88,2024-11,Sussex Police,Sussex Police,-0.139180,50.826119,On or near Shopping Area,E01033328,Brighton and Hove 027F,Violence and sexual offences,Investigation complete; no suspect identified,
,2024-11,Sussex Police,Sussex Police,-0.141616,50.828424,On or near Junction Road,E01033329,Brighton and Hove 027G,Anti-social behaviour,,
,2024-11,Sussex Police,Sussex Police,-0.141720,50.829730,On or near Terminus Road,E01033329,Brighton and Hove 027G,Anti-social behaviour,,
,2024-11,Sussex Police,Sussex Police,-0.141644,50.829144,On or near Terminus Street,E01033329,Brighton and Hove 027G,Anti-social behaviour,,
,2024-11,Sussex Police,Sussex Police,-0.138195,50.830519,On or near Supermarket,E01033329,Brighton and Hove 027G,Anti-social behaviour,,
,2024-11,Sussex Police,Sussex Police,-0.138943,50.831718,On or near New England Street,E01033329,Brighton and Hove 027G,Anti-social behaviour,,
,2024-11,Sussex Police,Sussex Police,-0.141644,50.829144,On or near Terminus Street,E01033329,Brighton and Hove 027G,Anti-social behaviour,,
b9f565a0d31e3164e715c7f50e86345368dd811624d300af9a2d14eb1fb340f7,2024-11,Sussex Police,Sussex Police,-0.142087,50.827991,On or near Surrey Street,E01033329,Brighton and Hove 027G,Bicycle theft,Investigation complete; no suspect identified,
874726fed69ed2c18566484be6046e83848917666b0e924811cb3abbbd23bb78,2024-11,Sussex Police,Sussex Police,-0.142087,50.827991,On or near Surrey Street,E01033329,Brighton and Hove 027G,Bicycle theft,Investigation complete; no suspect identified,
3496807fdc469f4a0a509196637c69064a1e855df3225923a80d7422e430ebdd,2024-11,Sussex Police,Sussex Police,-0.141720,50.829730,On or near Terminus Road,E01033329,Brighton and Hove 027G,Burglary,Court result unavailable,
a301edb844641665c56db016d627187cffe213415e1595671f44444af9ffce44,2024-11,Sussex Police,Sussex Police,-0.138953,50.829317,On or near Conference/Exhibition Centre,E01033329,Brighton and Hove 027G,Burglary,Investigation complete; no suspect identified,
4a30d18b9e2f978a25aea9ccc028af451611fb626c6dcf3d03f42ea159624b50,2024-11,Sussex Police,Sussex Police,-0.138953,50.829317,On or near Conference/Exhibition Centre,E01033329,Brighton and Hove 027G,Burglary,Investigation complete; no suspect identified,
386f6ad8c4aa877a5dbe82ea132f1beb32be62d3214d000655f8308348ead2f0,2024-11,Sussex Police,Sussex Police,-0.141616,50.828424,On or near Junction Road,E01033329,Brighton and Hove 027G,Criminal damage and arson,Court result unavailable,
1d899536a5d520f1d20989f773db72f62a5eabcd03a4d7f9a736466c70fd4744,2024-11,Sussex Police,Sussex Police,-0.141616,50.828424,On or near Junction Road,E01033329,Brighton and Hove 027G,Criminal damage and arson,Investigation complete; no suspect identified,
924cc97b41dbc7ecb9df7404fcaf1c28c787c42bef662972c5587a64adcfc77b,2024-11,Sussex Police,Sussex Police,-0.139227,50.830643,On or near Fleet Street,E01033329,Brighton and Hove 027G,Criminal damage and arson,Investigation complete; no suspect identified,
086a81f48eab0429ef7b806333f797a856a9e2731b1abf94695d5ab48d72894a,2024-11,Sussex Police,Sussex Police,-0.141616,50.828424,On or near Junction Road,E01033329,Brighton and Hove 027G,Criminal damage and arson,Court result unavailable,
359354fead4d7b55c37dc9b73b951c701ca0f3f848ecb735c0f60048ea01acce,2024-11,Sussex Police,Sussex Police,-0.141616,50.828424,On or near Junction Road,E01033329,Brighton and Hove 027G,Criminal damage and arson,Investigation complete; no suspect identified,
3bc1ee92c5a19a87091e4e6bdc6d45fcb2090f746b946364b4b9f8beac76cac4,2024-11,Sussex Police,Sussex Police,-0.141616,50.828424,On or near Junction Road,E01033329,Brighton and Hove 027G,Criminal damage and arson,Investigation complete; no suspect identified,
a84fb0d132278f4ef87b6278073060bcf785170fc357f8ea88948c47090dca05,2024-11,Sussex Police,Sussex Police,-0.139206,50.829033,On or near Station Street,E01033329,Brighton and Hove 027G,Drugs,Court result unavailable,
d3b3ad78dfb4e2c676bb36dc7602a9c0f3ea527a831699e93d49dd35cb32f179,2024-11,Sussex Police,Sussex Police,-0.138953,50.829317,On or near Conference/Exhibition Centre,E01033329,Brighton and Hove 027G,Other theft,Investigation complete; no suspect identified,
a2d32997386a2d50d84cbbac7d4d65c2349ebcfdc83dcd0ec7314bb73bc4fbf3,2024-11,Sussex Police,Sussex Police,-0.138943,50.831718,On or near New England Street,E01033329,Brighton and Hove 027G,Other theft,Investigation complete; no suspect identified,
6ba8202266a1470b935828beed9287ab09fd16f2c36ed782bbaedba364b4e0a2,2024-11,Sussex Police,Sussex Police,-0.142087,50.827991,On or near Surrey Street,E01033329,Brighton and Hove 027G,Other theft,Investigation complete; no suspect identified,
e0ed3e92e685e3d957289c0c1c345c3de81d1f7d847c841d7d3f487b86a2381b,2024-11,Sussex Police,Sussex Police,-0.141720,50.829730,On or near Terminus Road,E01033329,Brighton and Hove 027G,Possession of weapons,Status update unavailable,
fbf591e7dc877fa0f102c7a5dce9ee78951f1f44e7a40f11ef0901c9de931faf,2024-11,Sussex Police,Sussex Police,-0.142087,50.827991,On or near Surrey Street,E01033329,Brighton and Hove 027G,Public order,Court result unavailable,
9d9e8df1d15d342da4e6a3655980e2aef7ac35204847710de0a25c04b817fed4,2024-11,Sussex Police,Sussex Police,-0.141644,50.829144,On or near Terminus Street,E01033329,Brighton and Hove 027G,Public order,Investigation complete; no suspect identified,
472c88c47534461f714154172e3d3e59e622fdf78b7b12f49728d1d2441c594c,2024-11,Sussex Police,Sussex Police,-0.143170,50.827540,On or near Upper Gloucester Road,E01033329,Brighton and Hove 027G,Public order,Investigation complete; no suspect identified,
d724e64dbfba5eb8b910d92cdea78612577929c7b525e6c5179fee4468f175ea,2024-11,Sussex Police,Sussex Police,-0.138953,50.829317,On or near Conference/Exhibition Centre,E01033329,Brighton and Hove 027G,Public order,Unable to prosecute suspect,
5b3b1005878941257b76dee4285cc1a37516a2f9856faee1789415847bd707ee,2024-11,Sussex Police,Sussex Police,-0.141616,50.828424,On or near Junction Road,E01033329,Brighton and Hove 027G,Public order,Investigation complete; no suspect identified,
56e68869dc7aea9717dcea003b7cbc2462bf29b300fe2dda808186bc73146f86,2024-11,Sussex Police,Sussex Police,-0.141720,50.829730,On or near Terminus Road,E01033329,Brighton and Hove 027G,Public order,Further investigation is not in the public interest,
32dec797a7eb916335bbeeb8b32d2c513a83af9bcb1af7871970de122d33312f,2024-11,Sussex Police,Sussex Police,-0.142087,50.827991,On or near Surrey Street,E01033329,Brighton and Hove 027G,Robbery,Unable to prosecute suspect,
f042f23d6af1214b1a6a165931e90d788ff1912a3dd78f893de6c29ce39368ed,2024-11,Sussex Police,Sussex Police,-0.141720,50.829730,On or near Terminus Road,E01033329,Brighton and Hove 027G,Shoplifting,Unable to prosecute suspect,
4dd9a437353df042947c219fa15f74eb723a356b6da34e9ef94a6fe2dd7d58aa,2024-11,Sussex Police,Sussex Police,-0.141616,50.828424,On or near Junction Road,E01033329,Brighton and Hove 027G,Shoplifting,Unable to prosecute suspect,
426edd0a45bfeaf20be836230d3e844992673fce8fafd3719e07fbb906c305d8,2024-11,Sussex Police,Sussex Police,-0.141616,50.828424,On or near Junction Road,E01033329,Brighton and Hove 027G,Shoplifting,Investigation complete; no suspect identified,
6e987f5af14241b61b51998e11897d7a220a755b029da2f3777e302099fcd768,2024-11,Sussex Police,Sussex Police,-0.138195,50.830519,On or near Supermarket,E01033329,Brighton and Hove 027G,Shoplifting,Investigation complete; no suspect identified,
0af5967b2b0d3c4e04b7435c1dea14e216d9f28713297579b281a157390629de,2024-11,Sussex Police,Sussex Police,-0.141616,50.828424,On or near Junction Road,E01033329,Brighton and Hove 027G,Shoplifting,Investigation complete; no suspect identified,
0cb11cd4eb6938bafd4867d8a493e385c7ec0a40a58dfee7e87a0bbc54ca8232,2024-11,Sussex Police,Sussex Police,-0.138195,50.830519,On or near Supermarket,E01033329,Brighton and Hove 027G,Shoplifting,Court result unavailable,
1f629bfa03e1b221cc344a43b27c42925be273165cc6ceffb2b4d17e9c7de028,2024-11,Sussex Police,Sussex Police,-0.141720,50.829730,On or near Terminus Road,E01033329,Brighton and Hove 027G,Vehicle crime,Investigation complete; no suspect identified,
f030174be146489be55f9d4ce5d63fdd8cd118fe6a3f1d30dec19366ae4e7ed5,2024-11,Sussex Police,Sussex Police,-0.143170,50.827540,On or near Upper Gloucester Road,E01033329,Brighton and Hove 027G,Vehicle crime,Investigation complete; no suspect identified,
f8f82dce0d5ec00aec3c0022952438b52a8c2da00dc050eb40a822d174407c5e,2024-11,Sussex Police,Sussex Police,-0.142087,50.827991,On or near Surrey Street,E01033329,Brighton and Hove 027G,Vehicle crime,Unable to prosecute suspect,
86714358d8bd6856afb1d125bec668f8ea30f9d7548a9b3951fb7ea91703c27d,2024-11,Sussex Police,Sussex Police,-0.138624,50.828304,On or near Trafalgar Street,E01033329,Brighton and Hove 027G,Violence and sexual offences,Investigation complete; no suspect identified,
ffa314a1b59907bc92194a357893cd5a1ece84c3e7a3e11bfa770429c37d4c51,2024-11,Sussex Police,Sussex Police,-0.139206,50.829033,On or near Station Street,E01033329,Brighton and Hove 027G,Violence and sexual offences,Unable to prosecute suspect,
e3b9d4ef5f493df55eba808a6fb3ee99a8fe6b0b3c6e082c7fb5da2e2af0222c,2024-11,Sussex Police,Sussex Police,-0.141616,50.828424,On or near Junction Road,E01033329,Brighton and Hove 027G,Violence and sexual offences,Status update unavailable,
8854c88f6df45eba49068e87a3025fb2f6ba7ed46e1d5ad1ed1f416e3a3184e5,2024-11,Sussex Police,Sussex Police,-0.139206,50.829033,On or near Station Street,E01033329,Brighton and Hove 027G,Violence and sexual offences,Status update unavailable,
0c5b37c890b567ae46c5d5c200591ac8cde6aaafc2aca131ba129e65e41fbd77,2024-11,Sussex Police,Sussex Police,-0.138195,50.830519,On or near Supermarket,E01033329,Brighton and Hove 027G,Violence and sexual offences,Unable to prosecute suspect,
a14d5173715bed8664ac9543ed63d287114b0c291ae5b76d994cb061746c11e6,2024-11,Sussex Police,Sussex Police,-0.141616,50.828424,On or near Junction Road,E01033329,Brighton and Hove 027G,Violence and sexual offences,Investigation complete; no suspect identified,
ce3eb75996d37deeec73d1cbad043a505bac1e23c458944ee3ff7a0a206117d9,2024-11,Sussex Police,Sussex Police,-0.138943,50.831718,On or near New England Street,E01033329,Brighton and Hove 027G,Violence and sexual offences,Unable to prosecute suspect,
14fa6e9439326f99721d7613b62daa390f0ab3f429c99380ca51ff25b02fc935,2024-11,Sussex Police,Sussex Police,-0.138195,50.830519,On or near Supermarket,E01033329,Brighton and Hove 027G,Violence and sexual offences,Investigation complete; no suspect identified,
71a489025347c1607f500c2058908e58299d1fbce37e2219bda026e075fa9b3c,2024-11,Sussex Police,Sussex Police,-0.141720,50.829730,On or near Terminus Road,E01033329,Brighton and Hove 027G,Violence and sexual offences,Unable to prosecute suspect,
54810e4b7ac1b7ed39d034a1477632ad1d1e043208080e1146a83e73f3d31505,2024-11,Sussex Police,Sussex Police,-0.139206,50.829033,On or near Station Street,E01033329,Brighton and Hove 027G,Violence and sexual offences,Unable to prosecute suspect,
c18fc6fc9bd0c1c67c99bac48c3c0285a861e93f55252b52638c0ad992d3cd0f,2024-11,Sussex Police,Sussex Police,-0.141720,50.829730,On or near Terminus Road,E01033329,Brighton and Hove 027G,Violence and sexual offences,Investigation complete; no suspect identified,
5b11655a0067e8e312130823beb732fb88864726ec759ae638cf4b54c0fef8fc,2024-11,Sussex Police,Sussex Police,-0.141616,50.828424,On or near Junction Road,E01033329,Brighton and Hove 027G,Violence and sexual offences,Court result unavailable,
4cb327a21c4e872a790bb7f419d35e55fe40e88fe192f50925a5ebf46753f73e,2024-11,Sussex Police,Sussex Police,-0.140809,50.831586,On or near Billinton Way,E01033329,Brighton and Hove 027G,Violence and sexual offences,Unable to prosecute suspect,
0808571fa467fadf5220a6ef31d453c199b408c8bd5ba5d695726a521502904c,2024-11,Sussex Police,Sussex Police,-0.138195,50.830519,On or near Supermarket,E01033329,Brighton and Hove 027G,Violence and sexual offences,Unable to prosecute suspect,
9b17565382703131b0465d5346216355f9afe9e49dbe89cec0314d1800c2f791,2024-11,Sussex Police,Sussex Police,-0.138195,50.830519,On or near Supermarket,E01033329,Brighton and Hove 027G,Violence and sexual offences,Unable to prosecute suspect,
168533422a88b811f0aa95adb5db7092aca1dbe1654f6cbd453cc0b18c699a90,2024-11,Sussex Police,Sussex Police,-0.141616,50.828424,On or near Junction Road,E01033329,Brighton and Hove 027G,Violence and sexual offences,Unable to prosecute suspect,
fe16bd0b68610c657d425bf264246406b3f2a7cd0eb98dc89c9729251a934460,2024-11,Sussex Police,Sussex Police,-0.141720,50.829730,On or near Terminus Road,E01033329,Brighton and Hove 027G,Violence and sexual offences,Investigation complete; no suspect identified,
14fe15fe51abf63f9616371c26841138d6a62a4588853248cbb4d7062173de52,2024-11,Sussex Police,Sussex Police,-0.141720,50.829730,On or near Terminus Road,E01033329,Brighton and Hove 027G,Other crime,Status update unavailable,
25e501001137d87a69fd4aaf39cd024a3c2d76ca588bfb17ab653da9e9747afd,2024-11,Sussex Police,Sussex Police,-0.141720,50.829730,On or near Terminus Road,E01033329,Brighton and Hove 027G,Other crime,Status update unavailable,
edc9c5f14767383b362721497218d929aa58e7da3820e9c15149eff222700f17,2024-11,Sussex Police,Sussex Police,-0.141720,50.829730,On or near Terminus Road,E01033329,Brighton and Hove 027G,Other crime,Status update unavailable,
,2024-11,Sussex Police,Sussex Police,-0.174461,50.828763,On or near Haddington Close,E01016857,Brighton and Hove 028A,Anti-social behaviour,,
,2024-11,Sussex Police,Sussex Police,-0.174461,50.828763,On or near Haddington Close,E01016857,Brighton and Hove 028A,Anti-social behaviour,,
,2024-11,Sussex Police,Sussex Police,-0.177603,50.827939,On or near Vallance Road,E01016857,Brighton and Hove 028A,Anti-social behaviour,,
,2024-11,Sussex Police,Sussex Police,-0.174461,50.828763,On or near Haddington Close,E01016857,Brighton and Hove 028A,Anti-social behaviour,,
,2024-11,Sussex Police,Sussex Police,-0.177675,50.825350,On or near St Aubyns South,E01016857,Brighton and Hove 028A,Anti-social behaviour,,
31dd2c2c6978d64d080f97c98394e5467f1518695d0fc6d93955c4aaa68885f3,2024-11,Sussex Police,Sussex Police,-0.174461,50.828763,On or near Haddington Close,E01016857,Brighton and Hove 028A,Burglary,Investigation complete; no suspect identified,
4eb8b4ad99947dcdbba6f12bf828cae92c77ac373a46149aa56e8eb335cac2ff,2024-11,Sussex Police,Sussex Police,-0.177786,50.826161,On or near Namrik Mews,E01016857,Brighton and Hove 028A,Criminal damage and arson,Unable to prosecute suspect,
738b8449a0440143549d7673f3ae07313d4a13abb64854ba51de1b031f0306e9,2024-11,Sussex Police,Sussex Police,-0.177675,50.825350,On or near St Aubyns South,E01016857,Brighton and Hove 028A,Criminal damage and arson,Investigation complete; no suspect identified,
de73a6ab9c441119071dfe9d419c4aa1963e93735759e78b4694e54f9c982506,2024-11,Sussex Police,Sussex Police,-0.174461,50.828763,On or near Haddington Close,E01016857,Brighton and Hove 028A,Drugs,Local resolution,
1b270582aec56be3b6ce8f2858b16de525735d21e141e2bdbd0f5fd8cb2500f1,2024-11,Sussex Police,Sussex Police,-0.180346,50.826057,On or near Adelaide Mews,E01016857,Brighton and Hove 028A,Drugs,Status update unavailable,
bbb4a80ec58271178c3a3e4f370edbdb5f674599bbed9bc10f376b15c52f92a2,2024-11,Sussex Police,Sussex Police,-0.177675,50.825350,On or near St Aubyns South,E01016857,Brighton and Hove 028A,Drugs,Further investigation is not in the public interest,
2ddf9299cf05682345526c3b95a2b0c821050c785a7df6dc149e558ab8477f27,2024-11,Sussex Police,Sussex Police,-0.177675,50.825350,On or near St Aubyns South,E01016857,Brighton and Hove 028A,Other theft,Status update unavailable,
33e0497a7456191390406cef7319374cc86391f9f7fc60c073730c0ee66f6f7a,2024-11,Sussex Police,Sussex Police,-0.174461,50.828763,On or near Haddington Close,E01016857,Brighton and Hove 028A,Other theft,Investigation complete; no suspect identified,
cb3fd8dd95702afb7155b1e42ff27f7aee261cdd5cf48e2715ac24bfe1d1933f,2024-11,Sussex Police,Sussex Police,-0.177675,50.825350,On or near St Aubyns South,E01016857,Brighton and Hove 028A,Other theft,Investigation complete; no suspect identified,
c18ae8f2fa0a8a822dc614ece6234c89f3dcebc22b61d94a740111bb76b48e41,2024-11,Sussex Police,Sussex Police,-0.177675,50.825350,On or near St Aubyns South,E01016857,Brighton and Hove 028A,Public order,Investigation complete; no suspect identified,
2354812dc4ffa252fbbe497cda4e076f5cb8376c7376939d5de1b213fe2c3f7a,2024-11,Sussex Police,Sussex Police,-0.177675,50.825350,On or near St Aubyns South,E01016857,Brighton and Hove 028A,Public order,Unable to prosecute suspect,
5393f59514b399582b69eb9dcba3f0e15e42e7b06a610fbc23696e8a84bb665e,2024-11,Sussex Police,Sussex Police,-0.177675,50.825350,On or near St Aubyns South,E01016857,Brighton and Hove 028A,Public order,Unable to prosecute suspect,
4b810fb7efbdee2d9bbf65e0b7fb4e2ee4b9b1cccc976c59f47ac71d4cb771e7,2024-11,Sussex Police,Sussex Police,-0.174461,50.828763,On or near Haddington Close,E01016857,Brighton and Hove 028A,Public order,Investigation complete; no suspect identified,
b0d201b562ba1bf93340a67757a37a6a289dc213f9a6be3402f121cd9814fdb6,2024-11,Sussex Police,Sussex Police,-0.177675,50.825350,On or near St Aubyns South,E01016857,Brighton and Hove 028A,Public order,Court result unavailable,
35e252ddb559c8dbdb85d86aa7f51769661f4e44bf02ed641d94bf1d4116b28e,2024-11,Sussex Police,Sussex Police,-0.177675,50.825350,On or near St Aubyns South,E01016857,Brighton and Hove 028A,Robbery,Investigation complete; no suspect identified,
5ad2eb833cb2dbe29f6a002f57e6b1c942953996660039de013db491bbb3dc3e,2024-11,Sussex Police,Sussex Police,-0.177675,50.825350,On or near St Aubyns South,E01016857,Brighton and Hove 028A,Shoplifting,Court result unavailable,
3ff91eeadc6764c514012ea44b70da9ef6df14cbd45a4380d319dcdf5433c80f,2024-11,Sussex Police,Sussex Police,-0.174461,50.828763,On or near Haddington Close,E01016857,Brighton and Hove 028A,Shoplifting,Investigation complete; no suspect identified,
de03583056b682f766c9bf2357f029a041adce42af92a625b67bf7487e45687a,2024-11,Sussex Police,Sussex Police,-0.174461,50.828763,On or near Haddington Close,E01016857,Brighton and Hove 028A,Shoplifting,Investigation complete; no suspect identified,
bea041e8baac5918eb8899b6847094ef527fd6958bbac6351aeb0ace95ff93a3,2024-11,Sussex Police,Sussex Police,-0.174461,50.828763,On or near Haddington Close,E01016857,Brighton and Hove 028A,Shoplifting,Investigation complete; no suspect identified,
575366dec2946bdd4207a9071fe573eb531f8927832b1ead3f5f655f15f850b0,2024-11,Sussex Police,Sussex Police,-0.177675,50.825350,On or near St Aubyns South,E01016857,Brighton and Hove 028A,Shoplifting,Court result unavailable,
f17ddecf0d5499f3ad61ed3a33151f405b8ce6973e118d230bf3eb68bec8adf1,2024-11,Sussex Police,Sussex Police,-0.177675,50.825350,On or near St Aubyns South,E01016857,Brighton and Hove 028A,Shoplifting,Court result unavailable,
e7f67b4cde049de873370ef83ae702ff05527ffef69db6360d99f41a828b7a7d,2024-11,Sussex Police,Sussex Police,-0.177675,50.825350,On or near St Aubyns South,E01016857,Brighton and Hove 028A,Shoplifting,Unable to prosecute suspect,
0a291f1f1f201bfceb5b67926d9313b878faaf1a8af870f857cdabe3a9fa3d96,2024-11,Sussex Police,Sussex Police,-0.174461,50.828763,On or near Haddington Close,E01016857,Brighton and Hove 028A,Shoplifting,Investigation complete; no suspect identified,
958e3732e48eba2e48afb4edb7acf9c94dd60a3ef3cb25022c765c9957cb653d,2024-11,Sussex Police,Sussex Police,-0.177675,50.825350,On or near St Aubyns South,E01016857,Brighton and Hove 028A,Shoplifting,Unable to prosecute suspect,
be8aca05e613488d29326c7c7fa3190152563c673d4bd4f7f9703bfd1ac5990d,2024-11,Sussex Police,Sussex Police,-0.177675,50.825350,On or near St Aubyns South,E01016857,Brighton and Hove 028A,Shoplifting,Unable to prosecute suspect,
e4e09f87a6a8b1839156bc3a15f240ebbc8f052ecd382204d3fb2d4220422cd2,2024-11,Sussex Police,Sussex Police,-0.174461,50.828763,On or near Haddington Close,E01016857,Brighton and Hove 028A,Shoplifting,Investigation complete; no suspect identified,
2c9969a30a7233e623bc0f1f27a67accd13ed65769e48ccd9f6a97fbc245dd6c,2024-11,Sussex Police,Sussex Police,-0.177675,50.825350,On or near St Aubyns South,E01016857,Brighton and Hove 028A,Vehicle crime,Investigation complete; no suspect identified,
afccd39ef32aa4d969afc2a5b68a186049701e94dc903f12b651016bdc4aa101,2024-11,Sussex Police,Sussex Police,-0.177603,50.827939,On or near Vallance Road,E01016857,Brighton and Hove 028A,Vehicle crime,Investigation complete; no suspect identified,
a12fed45527b45a2eccb7fd30fcd6eb8e9fc5b6016835ffdaa83c274db249ab5,2024-11,Sussex Police,Sussex Police,-0.177603,50.827939,On or near Vallance Road,E01016857,Brighton and Hove 028A,Vehicle crime,Investigation complete; no suspect identified,
ed11ba99c4226a69eddd057e1e94f3214971bf1b67af69bec3b171e3a4d07b8a,2024-11,Sussex Police,Sussex Police,-0.177675,50.825350,On or near St Aubyns South,E01016857,Brighton and Hove 028A,Violence and sexual offences,Investigation complete; no suspect identified,
86ead83c3cd584d47e0ac9606ff3a81d2884c4e53b21c8dd90ffd2d326996ec5,2024-11,Sussex Police,Sussex Police,-0.174461,50.828763,On or near Haddington Close,E01016857,Brighton and Hove 028A,Violence and sexual offences,Investigation complete; no suspect identified,
ad8c6d93f6d120cb1e88ba129e5e79f6864ab3f8d7a03e112699ba274c3eabc9,2024-11,Sussex Police,Sussex Police,-0.174461,50.828763,On or near Haddington Close,E01016857,Brighton and Hove 028A,Violence and sexual offences,Investigation complete; no suspect identified,
e56829f90d01150ec3bd11e0da6dfa267a1b68cb61d15919e039083ad83d0cc7,2024-11,Sussex Police,Sussex Police,-0.177675,50.825350,On or near St Aubyns South,E01016857,Brighton and Hove 028A,Other crime,Action to be taken by another organisation,
3285612a2563af16efcd1a34f4bec23912ff4fa2c0927ac3ef29c186d15f6ee5,2024-11,Sussex Police,Sussex Police,-0.173046,50.825728,On or near Albany Villas,E01016858,Brighton and Hove 028B,Drugs,Court result unavailable,
c24b26045e5e3fc5b9d3674a6c598a4935e3bb86aa6c53b20c4a3e84bb296d9c,2024-11,Sussex Police,Sussex Police,-0.173046,50.825728,On or near Albany Villas,E01016858,Brighton and Hove 028B,Vehicle crime,Unable to prosecute suspect,
202be128658653473db8c77e7c2f5f81db123781104da49065e80d81da4bdf70,2024-11,Sussex Police,Sussex Police,-0.175642,50.826874,On or near Seafield Road,E01016858,Brighton and Hove 028B,Violence and sexual offences,Investigation complete; no suspect identified,
bad46e67ec0f2c9321603582322156dc6bc44add0361706590ec83a5cd944d6f,2024-11,Sussex Police,Sussex Police,-0.175396,50.825540,On or near Hove Place,E01016858,Brighton and Hove 028B,Violence and sexual offences,Investigation complete; no suspect identified,
26890789980d31402d14ad0e0830dac09259531920facb4a1cfd2afe20f7bb9d,2024-11,Sussex Police,Sussex Police,-0.175396,50.825540,On or near Hove Place,E01016858,Brighton and Hove 028B,Violence and sexual offences,Unable to prosecute suspect,
956b2bd2e0413800c95159198da14edf394e265c1712120c97ac9c77babe2b82,2024-11,Sussex Police,Sussex Police,-0.175396,50.825540,On or near Hove Place,E01016858,Brighton and Hove 028B,Violence and sexual offences,Unable to prosecute suspect,
,2024-11,Sussex Police,Sussex Police,-0.170719,50.825691,On or near Third Avenue,E01016859,Brighton and Hove 028C,Anti-social behaviour,,
,2024-11,Sussex Police,Sussex Police,-0.171000,50.824670,On or near King'S Gardens,E01016859,Brighton and Hove 028C,Anti-social behaviour,,
4bce2bedf348a697171db2f22e18ae6354e27ea918c9bd3d24a518fee2c36ea6,2024-11,Sussex Police,Sussex Police,-0.170719,50.825691,On or near Third Avenue,E01016859,Brighton and Hove 028C,Burglary,Investigation complete; no suspect identified,
322ca85714d6d617e642de88f60f51692fd1d1f3cfcff7fcd9857c2b65186fad,2024-11,Sussex Police,Sussex Police,-0.170719,50.825691,On or near Third Avenue,E01016859,Brighton and Hove 028C,Burglary,Unable to prosecute suspect,
0fed4f9ce3e0dbf53c01eaa726cad3bb30e55b41f848a6bcf5a8701dde09838c,2024-11,Sussex Police,Sussex Police,-0.170719,50.825691,On or near Third Avenue,E01016859,Brighton and Hove 028C,Criminal damage and arson,Investigation complete; no suspect identified,
57fba68e03f0f9374c0b461d8e1d0b740ec03d7f8d6b721024b0e7394168380c,2024-11,Sussex Police,Sussex Police,-0.170719,50.825691,On or near Third Avenue,E01016859,Brighton and Hove 028C,Criminal damage and arson,Offender given a caution,
1b01b416dcd5742cb44ec837c82d3f1cfed47afc72c62964a8bfb74cc3ced58c,2024-11,Sussex Police,Sussex Police,-0.171000,50.824670,On or near King'S Gardens,E01016859,Brighton and Hove 028C,Vehicle crime,Awaiting court outcome,
74a4df10e1665dd316104532f625c0a249fd81546eb367d3cb2eba02e7699b12,2024-11,Sussex Police,Sussex Police,-0.170719,50.825691,On or near Third Avenue,E01016859,Brighton and Hove 028C,Violence and sexual offences,Investigation complete; no suspect identified,
54f6e121ae5444766a72d45330f8acd02f8f8a979a8bff49f653ba9500b5fe7e,2024-11,Sussex Police,Sussex Police,-0.171000,50.824670,On or near King'S Gardens,E01016859,Brighton and Hove 028C,Violence and sexual offences,Unable to prosecute suspect,
997852248044d5eec678f24ca7bd80d8c0d2012d99bcb93526f637b609e20c2d,2024-11,Sussex Police,Sussex Police,-0.170719,50.825691,On or near Third Avenue,E01016859,Brighton and Hove 028C,Violence and sexual offences,Unable to prosecute suspect,
2a267b97f4bd6f81ce6dbaff671aef6572796678463b652f15acea55dc1793b0,2024-11,Sussex Police,Sussex Police,-0.183398,50.827913,On or near Westbourne Place,E01016986,Brighton and Hove 028D,Burglary,Investigation complete; no suspect identified,
a94b43bd1bcc2031c1820176029e586de1bed45575d1050e5b07202ad1598da9,2024-11,Sussex Police,Sussex Police,-0.179934,50.826798,On or near Hove Street,E01016986,Brighton and Hove 028D,Burglary,Investigation complete; no suspect identified,
9dca9b89f6fe4e4c93c215e4f74438f7166473ee4997a61ee68c7d85aec58f52,2024-11,Sussex Police,Sussex Police,-0.184194,50.828258,On or near Westbourne Villas,E01016986,Brighton and Hove 028D,Criminal damage and arson,Unable to prosecute suspect,
ae808db4e2b226339dbdfee4110c1ba43f0301dfa2a294c4ae1c198ce89f255d,2024-11,Sussex Police,Sussex Police,-0.179934,50.826798,On or near Hove Street,E01016986,Brighton and Hove 028D,Violence and sexual offences,Unable to prosecute suspect,
a675aef8118b6146f781aa68d3f282a350be23e2dca722a525a254372be85c29,2024-11,Sussex Police,Sussex Police,-0.184194,50.828258,On or near Westbourne Villas,E01016986,Brighton and Hove 028D,Violence and sexual offences,Status update unavailable,
b6edcbe514f1e79b9c448c53139c497d3867fb49e9ce8c562b2f39907b398fc4,2024-11,Sussex Police,Sussex Police,-0.179934,50.826798,On or near Hove Street,E01016986,Brighton and Hove 028D,Violence and sexual offences,Awaiting court outcome,
0a8926db7eb22a51b02b0b5f61f5b5464ca3a712a34722cd8df815793da423d0,2024-11,Sussex Police,Sussex Police,-0.184194,50.828258,On or near Westbourne Villas,E01016986,Brighton and Hove 028D,Violence and sexual offences,Unable to prosecute suspect,
d598ebb3de2cc3265bd2ad883e78ee6d335e16740f26a07b249943fa4808e66a,2024-11,Sussex Police,Sussex Police,-0.182794,50.825907,On or near Kingsway,E01016986,Brighton and Hove 028D,Violence and sexual offences,Status update unavailable,
a68b09ab5c67d5cc7fac1d1b285c2d43b2e5516da719d8b467e565037020e8b7,2024-11,Sussex Police,Sussex Police,-0.184194,50.828258,On or near Westbourne Villas,E01016986,Brighton and Hove 028D,Violence and sexual offences,Status update unavailable,
933edb7b72cb590f396f9df5b9b73c4ce2e1dc6df28c985b48d9c3b79b398acb,2024-11,Sussex Police,Sussex Police,-0.182794,50.825907,On or near Kingsway,E01016986,Brighton and Hove 028D,Other crime,Court result unavailable,
,2024-11,Sussex Police,Sussex Police,-0.179750,50.830419,On or near Pembroke Avenue,E01016988,Brighton and Hove 028E,Anti-social behaviour,,
5d9ffbb114dde7a6110fa9b9d3261abc3a5a04408ad50a5e3785066af5312f3c,2024-11,Sussex Police,Sussex Police,-0.181482,50.830068,On or near Pembroke Gardens,E01016988,Brighton and Hove 028E,Burglary,Investigation complete; no suspect identified,
2b564fa649451bee83e3dda49a2453cca3ae0475842b881b247d6ce950570bbc,2024-11,Sussex Police,Sussex Police,-0.179750,50.830419,On or near Pembroke Avenue,E01016988,Brighton and Hove 028E,Other theft,Unable to prosecute suspect,
06f88a74d07d122979eedd1e4335af271b1f0a15555c8e200f442587cb9e1147,2024-11,Sussex Police,Sussex Police,-0.181395,50.833044,On or near Supermarket,E01016988,Brighton and Hove 028E,Public order,Status update unavailable,
690e3768ca078f27351d4c040b48a15561cf6d801e518799dec0887ef08502f3,2024-11,Sussex Police,Sussex Police,-0.181395,50.833044,On or near Supermarket,E01016988,Brighton and Hove 028E,Shoplifting,Unable to prosecute suspect,
408d567f6885f4d516027499d375928547e5516ea456811ec1649ec295596e0c,2024-11,Sussex Police,Sussex Police,-0.181395,50.833044,On or near Supermarket,E01016988,Brighton and Hove 028E,Shoplifting,Investigation complete; no suspect identified,
fa7998d6802b5e958f7d53fce68ee6d2e656d034b4d1ff338b0c659bd5eaecf3,2024-11,Sussex Police,Sussex Police,-0.181395,50.833044,On or near Supermarket,E01016988,Brighton and Hove 028E,Shoplifting,Unable to prosecute suspect,
8cc95ade74f4c79470b49ab73f6f569bcadfcebedb0230ce17f95c527b0375f1,2024-11,Sussex Police,Sussex Police,-0.181395,50.833044,On or near Supermarket,E01016988,Brighton and Hove 028E,Shoplifting,Unable to prosecute suspect,
ad2cc9e604dc624fa79cc5c4ca5c62c284f3ccdd6d04b33395cce604fc8d4cc2,2024-11,Sussex Police,Sussex Police,-0.181395,50.833044,On or near Supermarket,E01016988,Brighton and Hove 028E,Violence and sexual offences,Unable to prosecute suspect,
fac17b643d116ceffd5cd809e8d1d147149c26587b79beb3eaae0f49f47d7749,2024-11,Sussex Police,Sussex Police,-0.180361,50.828234,On or near Aymer Road,E01016988,Brighton and Hove 028E,Violence and sexual offences,Unable to prosecute suspect,
,2024-11,Sussex Police,Sussex Police,-0.156483,50.824451,On or near Ivy Place,E01016850,Brighton and Hove 029A,Anti-social behaviour,,
,2024-11,Sussex Police,Sussex Police,-0.154291,50.826026,On or near Norfolk Road,E01016850,Brighton and Hove 029A,Anti-social behaviour,,
,2024-11,Sussex Police,Sussex Police,-0.157305,50.824850,On or near Upper Market Street,E01016850,Brighton and Hove 029A,Anti-social behaviour,,
,2024-11,Sussex Police,Sussex Police,-0.157305,50.824850,On or near Upper Market Street,E01016850,Brighton and Hove 029A,Anti-social behaviour,,
,2024-11,Sussex Police,Sussex Police,-0.157305,50.824850,On or near Upper Market Street,E01016850,Brighton and Hove 029A,Anti-social behaviour,,
,2024-11,Sussex Police,Sussex Police,-0.156483,50.824451,On or near Ivy Place,E01016850,Brighton and Hove 029A,Anti-social behaviour,,
,2024-11,Sussex Police,Sussex Police,-0.156483,50.824451,On or near Ivy Place,E01016850,Brighton and Hove 029A,Anti-social behaviour,,
,2024-11,Sussex Police,Sussex Police,-0.157305,50.824850,On or near Upper Market Street,E01016850,Brighton and Hove 029A,Anti-social behaviour,,
,2024-11,Sussex Police,Sussex Police,-0.157305,50.824850,On or near Upper Market Street,E01016850,Brighton and Hove 029A,Anti-social behaviour,,
,2024-11,Sussex Police,Sussex Police,-0.155991,50.825414,On or near Supermarket,E01016850,Brighton and Hove 029A,Anti-social behaviour,,
,2024-11,Sussex Police,Sussex Police,-0.156483,50.824451,On or near Ivy Place,E01016850,Brighton and Hove 029A,Anti-social behaviour,,
c9ac7bdcc767b6aec7b23ce0759f69485b6da0e0af1fe7102252051f90bd2231,2024-11,Sussex Police,Sussex Police,-0.154291,50.826026,On or near Norfolk Road,E01016850,Brighton and Hove 029A,Burglary,Investigation complete; no suspect identified,
3bc0c092e81d61038dfab6322038f3edf3ff0953a6bd220d9a2d60d50bd718d5,2024-11,Sussex Police,Sussex Police,-0.155991,50.825414,On or near Supermarket,E01016850,Brighton and Hove 029A,Burglary,Investigation complete; no suspect identified,
84eadc096be9361cc24f51c9d124a874f7ff5bbb31b2a10b156acc5e29525d9b,2024-11,Sussex Police,Sussex Police,-0.157305,50.824850,On or near Upper Market Street,E01016850,Brighton and Hove 029A,Drugs,Local resolution,
c76de9aa0aaa8dad9b3506308c65eeccdbd5c5b8b5f93ae61937942d31aa37d0,2024-11,Sussex Police,Sussex Police,-0.157732,50.824470,On or near Brunswick Street East,E01016850,Brighton and Hove 029A,Drugs,Local resolution,
a0fd3c5f0b01abecb4d240041d4dea1edf67b82840acdae6f78ca6d922e319c9,2024-11,Sussex Police,Sussex Police,-0.155991,50.825414,On or near Supermarket,E01016850,Brighton and Hove 029A,Public order,Unable to prosecute suspect,
a67e4690397b25c6f359a13617d17d81694b0d1c2b4567d692f74d8d7ee642f8,2024-11,Sussex Police,Sussex Police,-0.157065,50.823731,On or near Waterloo Street,E01016850,Brighton and Hove 029A,Theft from the person,Status update unavailable,
5c11e50af6f0b9e83f0e646b857fe3bb4f952934b301cf40f5e52c6751ce126e,2024-11,Sussex Police,Sussex Police,-0.157466,50.824376,On or near Lower Market Street,E01016850,Brighton and Hove 029A,Violence and sexual offences,Investigation complete; no suspect identified,
1b96dda62abbbe0530428f434f348f09e6497751d8e805a1c23479169f603ec0,2024-11,Sussex Police,Sussex Police,-0.155991,50.825414,On or near Supermarket,E01016850,Brighton and Hove 029A,Violence and sexual offences,Unable to prosecute suspect,
fef8ac7c38f50c5bb88f222980b7e6a9408005e0d5f4e44151e7d6a7ed6ac0b5,2024-11,Sussex Police,Sussex Police,-0.157466,50.824376,On or near Lower Market Street,E01016850,Brighton and Hove 029A,Violence and sexual offences,Unable to prosecute suspect,
510255ec22a2482b597c307ca4b1975fd4f8ccbb4cd8d729a9e10d64e09eebef,2024-11,Sussex Police,Sussex Police,-0.154291,50.826026,On or near Norfolk Road,E01016850,Brighton and Hove 029A,Violence and sexual offences,Investigation complete; no suspect identified,
1e39240e536a4a90ccb8efb83c3e2da12c2386f4f9e3e9fc4cc06e0e4f037325,2024-11,Sussex Police,Sussex Police,-0.155991,50.825414,On or near Supermarket,E01016850,Brighton and Hove 029A,Violence and sexual offences,Court result unavailable,
41ba29fc296bead72b936515f23c33d8cd1f0a56c9e36ab35bd8123e055641a4,2024-11,Sussex Police,Sussex Police,-0.155652,50.824653,On or near Norfolk Place,E01016850,Brighton and Hove 029A,Other crime,Court result unavailable,
9bc194b85d948041824aa52fa33ee42533b0afc4f9a62ab0bf78e9e0b960a1dc,2024-11,Sussex Police,Sussex Police,-0.161599,50.825422,On or near Holland Mews,E01016851,Brighton and Hove 029B,Burglary,Status update unavailable,
d7ae5f17e501807319c0d84cf7e94f8a0e93947db94f5a4ea79c78ee8c036107,2024-11,Sussex Police,Sussex Police,-0.161599,50.825422,On or near Holland Mews,E01016851,Brighton and Hove 029B,Burglary,Court result unavailable,
03c359d0b21b520c6ab4f910cf3c4e8cd93dc90f2a2844eabaf7cc32bb39f31a,2024-11,Sussex Police,Sussex Police,-0.162234,50.824443,On or near Alice Street,E01016851,Brighton and Hove 029B,Drugs,Local resolution,
cb18068e41200888f25eeb0534e731451c47f0ee5d902a44465309328bdadc2b,2024-11,Sussex Police,Sussex Police,-0.161905,50.824159,On or near Brunswick Mews,E01016851,Brighton and Hove 029B,Public order,Unable to prosecute suspect,
d05fb73973f035edb2cead17a2deb1854d4ff750eff81607328b112b1d350c69,2024-11,Sussex Police,Sussex Police,-0.161599,50.825422,On or near Holland Mews,E01016851,Brighton and Hove 029B,Shoplifting,Investigation complete; no suspect identified,
f62de7215bb8a4ef4b8f79d361f8f3cba4cfcf22e62d885ca7b3fb1a4d3c01cd,2024-11,Sussex Police,Sussex Police,-0.162234,50.824443,On or near Alice Street,E01016851,Brighton and Hove 029B,Shoplifting,Unable to prosecute suspect,
43bb71e6f782646d64baa4273af54e48b4596abdbbeb123ce0e68c26d9170384,2024-11,Sussex Police,Sussex Police,-0.161599,50.825422,On or near Holland Mews,E01016851,Brighton and Hove 029B,Violence and sexual offences,Unable to prosecute suspect,
036365f7ffabecb996c9a1e1efcd9f80bf4152c6e0f0ea969e47036e6e2397a2,2024-11,Sussex Police,Sussex Police,-0.161905,50.824159,On or near Brunswick Mews,E01016851,Brighton and Hove 029B,Violence and sexual offences,Unable to prosecute suspect,
15eb9cbf6bb2448230c759dca477e180b9c798b7417af4b6d5123bb3b74ad946,2024-11,Sussex Police,Sussex Police,-0.161599,50.825422,On or near Holland Mews,E01016851,Brighton and Hove 029B,Violence and sexual offences,Unable to prosecute suspect,
780e64744b759d8556836e312a411e678f5084a05559d5715cace8e6c3a92d5e,2024-11,Sussex Police,Sussex Police,-0.158156,50.825233,On or near Donkey Mews,E01016851,Brighton and Hove 029B,Violence and sexual offences,Investigation complete; no suspect identified,
3ab6a7bb5069d2cb8f3c8a9b81cc517b6d791ba4dd039f4eea88428cb5febc1a,2024-11,Sussex Police,Sussex Police,-0.159907,50.823336,On or near Brunswick Square,E01016851,Brighton and Hove 029B,Violence and sexual offences,Unable to prosecute suspect,
4165333c312e69272cd577baa9b8358c6352ba0116ee17edbd2157bdef99297e,2024-11,Sussex Police,Sussex Police,-0.161905,50.824159,On or near Brunswick Mews,E01016851,Brighton and Hove 029B,Violence and sexual offences,Unable to prosecute suspect,
5d1264a6a51b48ad198e11f0da536920fb7e05835e1bfc871daaeee4cfe70706,2024-11,Sussex Police,Sussex Police,-0.161599,50.825422,On or near Holland Mews,E01016851,Brighton and Hove 029B,Other crime,Local resolution,
398a4942deea44c44224ed080f53fabc6a4604ebc7f9a19e94fe240ebbb9bf5c,2024-11,Sussex Police,Sussex Police,-0.161905,50.824159,On or near Brunswick Mews,E01016851,Brighton and Hove 029B,Other crime,Local resolution,
,2024-11,Sussex Police,Sussex Police,-0.155901,50.826987,On or near Brunswick Road,E01016854,Brighton and Hove 029C,Anti-social behaviour,,
,2024-11,Sussex Police,Sussex Police,-0.157405,50.825572,On or near Cambridge Road,E01016854,Brighton and Hove 029C,Anti-social behaviour,,
,2024-11,Sussex Police,Sussex Police,-0.155901,50.826987,On or near Brunswick Road,E01016854,Brighton and Hove 029C,Anti-social behaviour,,
,2024-11,Sussex Police,Sussex Police,-0.155901,50.826987,On or near Brunswick Road,E01016854,Brighton and Hove 029C,Anti-social behaviour,,
,2024-11,Sussex Police,Sussex Police,-0.155901,50.826987,On or near Brunswick Road,E01016854,Brighton and Hove 029C,Anti-social behaviour,,
,2024-11,Sussex Police,Sussex Police,-0.155901,50.826987,On or near Brunswick Road,E01016854,Brighton and Hove 029C,Anti-social behaviour,,
,2024-11,Sussex Police,Sussex Police,-0.155901,50.826987,On or near Brunswick Road,E01016854,Brighton and Hove 029C,Anti-social behaviour,,
,2024-11,Sussex Police,Sussex Police,-0.155901,50.826987,On or near Brunswick Road,E01016854,Brighton and Hove 029C,Anti-social behaviour,,
,2024-11,Sussex Police,Sussex Police,-0.157405,50.825572,On or near Cambridge Road,E01016854,Brighton and Hove 029C,Anti-social behaviour,,
fe762c25a04a3e39503b17d019ef516f7be38eeb3b4af20d9c0adcadcb59accc,2024-11,Sussex Police,Sussex Police,-0.157405,50.825572,On or near Cambridge Road,E01016854,Brighton and Hove 029C,Bicycle theft,Investigation complete; no suspect identified,
51026071943bf5782df449bb278add409988311faffdbb7c0cbf126c39f49725,2024-11,Sussex Police,Sussex Police,-0.155627,50.825292,On or near York Road,E01016854,Brighton and Hove 029C,Other theft,Investigation complete; no suspect identified,
4f77f0e517d047bae2ee82c9eb047999909be893627bd05a38e0cc9244a28dc7,2024-11,Sussex Police,Sussex Police,-0.155901,50.826987,On or near Brunswick Road,E01016854,Brighton and Hove 029C,Public order,Investigation complete; no suspect identified,
39f1cd6846db54034d15ab6b8aabfeecef1492051e2ef28378217a81e9cb51e3,2024-11,Sussex Police,Sussex Police,-0.157405,50.825572,On or near Cambridge Road,E01016854,Brighton and Hove 029C,Public order,Unable to prosecute suspect,
42bd073739157e6cacdabdd46a2ad4192215104058fc62d50121f35781944eec,2024-11,Sussex Police,Sussex Police,-0.155901,50.826987,On or near Brunswick Road,E01016854,Brighton and Hove 029C,Public order,Investigation complete; no suspect identified,
67d24244e7c66f0bfaba4ae555e12c1078775a174c88959a78b988610208b518,2024-11,Sussex Police,Sussex Police,-0.157405,50.825572,On or near Cambridge Road,E01016854,Brighton and Hove 029C,Vehicle crime,Investigation complete; no suspect identified,
e10640628af53877259c9a3d086471d6bd6102f438d94cc34964d699f2c0bb25,2024-11,Sussex Police,Sussex Police,-0.155627,50.825292,On or near York Road,E01016854,Brighton and Hove 029C,Violence and sexual offences,Unable to prosecute suspect,
,2024-11,Sussex Police,Sussex Police,-0.154627,50.822551,On or near Bedford Square,E01016954,Brighton and Hove 029D,Anti-social behaviour,,
,2024-11,Sussex Police,Sussex Police,-0.153888,50.822224,On or near Oriental Place,E01016954,Brighton and Hove 029D,Anti-social behaviour,,
,2024-11,Sussex Police,Sussex Police,-0.154314,50.825082,On or near Western Road,E01016954,Brighton and Hove 029D,Anti-social behaviour,,
,2024-11,Sussex Police,Sussex Police,-0.153623,50.823533,On or near Sillwood Street,E01016954,Brighton and Hove 029D,Anti-social behaviour,,
40e056b944d4eb30cd7df76d99757aa857ceb0fa0e8a5baaac692395b5b082e2,2024-11,Sussex Police,Sussex Police,-0.152901,50.822047,On or near Cavendish Place,E01016954,Brighton and Hove 029D,Bicycle theft,Investigation complete; no suspect identified,
4f6ace409f6dcfb906628f6b392dc33f8afa8f60717dd8afcc475b1b9105be01,2024-11,Sussex Police,Sussex Police,-0.153888,50.822224,On or near Oriental Place,E01016954,Brighton and Hove 029D,Burglary,Investigation complete; no suspect identified,
34c6ebe9b5b00e0664bcfc996ca1ed10105d24df5ac8dc4ab16c9d6027daa465,2024-11,Sussex Police,Sussex Police,-0.152901,50.822047,On or near Cavendish Place,E01016954,Brighton and Hove 029D,Criminal damage and arson,Investigation complete; no suspect identified,
83a8db650362099134bed64774966c7ed03869f10da2b07ea509bd1bc72762a4,2024-11,Sussex Police,Sussex Police,-0.153623,50.823533,On or near Sillwood Street,E01016954,Brighton and Hove 029D,Criminal damage and arson,Local resolution,
e2b6f69fcbbe9b5d3c4c06f097271f8d02d1dd0ab3fcaa008d77e197a0201ae8,2024-11,Sussex Police,Sussex Police,-0.154861,50.823823,On or near Sillwood Street,E01016954,Brighton and Hove 029D,Criminal damage and arson,Unable to prosecute suspect,
2ff52c6e3d5f6ea458c2976e96358d11920cf5f8cd826b7b286d24c570fd5b9e,2024-11,Sussex Police,Sussex Police,-0.154861,50.823823,On or near Sillwood Street,E01016954,Brighton and Hove 029D,Criminal damage and arson,Unable to prosecute suspect,
a904483a2d00f846fa1317efe5893863fc7b31eedd845090d2e1b3b2b7b71bbf,2024-11,Sussex Police,Sussex Police,-0.153623,50.823533,On or near Sillwood Street,E01016954,Brighton and Hove 029D,Criminal damage and arson,Unable to prosecute suspect,
5c0e8b83ef8d4065d5e0128daf49ddfa8ad6cd4ac7b97c73a896db80fa17590c,2024-11,Sussex Police,Sussex Police,-0.153888,50.822224,On or near Oriental Place,E01016954,Brighton and Hove 029D,Drugs,Status update unavailable,
ac2fa3922369e6d3e66366269b8c8011b050628b8631ad8090b7ee34465173b3,2024-11,Sussex Police,Sussex Police,-0.154314,50.825082,On or near Western Road,E01016954,Brighton and Hove 029D,Other theft,Investigation complete; no suspect identified,
5524b9cc04d7f97fefadf1afacb3e8c0a9da45efa88a0537865b6b89975e318c,2024-11,Sussex Police,Sussex Police,-0.153819,50.824319,On or near Theatre/Concert Hall,E01016954,Brighton and Hove 029D,Other theft,Investigation complete; no suspect identified,
7a3d362a69669247feaa9c4ca5b166301c4504491d3bd04a0b49c8f8a2221925,2024-11,Sussex Police,Sussex Police,-0.153623,50.823533,On or near Sillwood Street,E01016954,Brighton and Hove 029D,Public order,Unable to prosecute suspect,
fb4fd98e2d78ec2ec3d5406fb30643f27251a036aec5e665c8351cf9d1f7f98e,2024-11,Sussex Police,Sussex Police,-0.153888,50.822224,On or near Oriental Place,E01016954,Brighton and Hove 029D,Public order,Status update unavailable,
47e9dbe359a2d6f9aa743811a5e16fce9af00f1b74c25b7555e9536fa172855a,2024-11,Sussex Police,Sussex Police,-0.152901,50.822047,On or near Cavendish Place,E01016954,Brighton and Hove 029D,Public order,Investigation complete; no suspect identified,
44d1b34cafb543bb0ae776ba637d1aa3b68f9f7a2eaf621db591c254b4590d40,2024-11,Sussex Police,Sussex Police,-0.153888,50.822224,On or near Oriental Place,E01016954,Brighton and Hove 029D,Robbery,Investigation complete; no suspect identified,
eb4b63ac8189d22b4d44e8b1dcbdaafc81ae3962142e11448e8a8d8ce9e2f761,2024-11,Sussex Police,Sussex Police,-0.152901,50.822047,On or near Cavendish Place,E01016954,Brighton and Hove 029D,Shoplifting,Investigation complete; no suspect identified,
fe981228cff95ad00bc88b0e3690e7b08948686603e58d1463d5b96871f16bfb,2024-11,Sussex Police,Sussex Police,-0.154627,50.822551,On or near Bedford Square,E01016954,Brighton and Hove 029D,Theft from the person,Unable to prosecute suspect,
6dc5014931e5a2779f50dd803e5bffbc0ed32313455d90bc4a385fcd0b4a78a8,2024-11,Sussex Police,Sussex Police,-0.154695,50.824422,On or near Norfolk Square,E01016954,Brighton and Hove 029D,Theft from the person,Unable to prosecute suspect,
3a2af03d430d0b58f7d97dc1695e1dc13c2e3d98e6ef1c86cd3ca0c99b67cbba,2024-11,Sussex Police,Sussex Police,-0.155030,50.823492,On or near Norfolk Buildings,E01016954,Brighton and Hove 029D,Violence and sexual offences,Unable to prosecute suspect,
6c2722ebc3901079f4c5d1cb2bc576456b35b53c673e23ee4fc863def4e56174,2024-11,Sussex Police,Sussex Police,-0.153888,50.822224,On or near Oriental Place,E01016954,Brighton and Hove 029D,Violence and sexual offences,Investigation complete; no suspect identified,
93ebd9a8456ad0ac38c86d37ef39219ab579d0b70c765863a9dea9550ba2e45f,2024-11,Sussex Police,Sussex Police,-0.153623,50.823533,On or near Sillwood Street,E01016954,Brighton and Hove 029D,Violence and sexual offences,Investigation complete; no suspect identified,
da856d855cb8ed1470a56df388b1c4f59371d3bdcbb076c06b79f3fcf755866f,2024-11,Sussex Police,Sussex Police,-0.153623,50.823533,On or near Sillwood Street,E01016954,Brighton and Hove 029D,Violence and sexual offences,Unable to prosecute suspect,
3e7dee5e340e26774c8184f0f216c4c586ef97ab385269c7bf443608f16ea77b,2024-11,Sussex Police,Sussex Police,-0.154627,50.822551,On or near Bedford Square,E01016954,Brighton and Hove 029D,Violence and sexual offences,Investigation complete; no suspect identified,
e2da4e79aad643dbfd2f5f79e639949420642a79105924259cc4ef08997f3fb3,2024-11,Sussex Police,Sussex Police,-0.155439,50.823211,On or near Norfolk Street,E01016954,Brighton and Hove 029D,Violence and sexual offences,Unable to prosecute suspect,
67c54645b7412c9e6b36696c03fe98a071dc683eaaa0c5540f380ff13c8dce00,2024-11,Sussex Police,Sussex Police,-0.153623,50.823533,On or near Sillwood Street,E01016954,Brighton and Hove 029D,Violence and sexual offences,Status update unavailable,
90ff247761e128e4999c9e219fe8f9b9db040a04d099515cf75fcdb56d7ea1bf,2024-11,Sussex Police,Sussex Police,-0.153819,50.824319,On or near Theatre/Concert Hall,E01016954,Brighton and Hove 029D,Violence and sexual offences,Unable to prosecute suspect,
05a42fe159eedad41e1728a22150862e23c8275e7fd8123f4187400fb61c823b,2024-11,Sussex Police,Sussex Police,-0.153623,50.823533,On or near Sillwood Street,E01016954,Brighton and Hove 029D,Violence and sexual offences,Unable to prosecute suspect,
04d7e34d1cc678e1be92801f58e889ea1dd21af13ab0b5d8eaed799e611c858f,2024-11,Sussex Police,Sussex Police,-0.153623,50.823533,On or near Sillwood Street,E01016954,Brighton and Hove 029D,Violence and sexual offences,Unable to prosecute suspect,
478d4fe8db11cd62c5b24e3c097c2fd1a964362a9699869ac7211764165cf065,2024-11,Sussex Police,Sussex Police,-0.153623,50.823533,On or near Sillwood Street,E01016954,Brighton and Hove 029D,Violence and sexual offences,Unable to prosecute suspect,
1d641fe687e68ad8527e9cf6be6cfa88ac45fb5fef10e450305f72bc5ba71565,2024-11,Sussex Police,Sussex Police,-0.153623,50.823533,On or near Sillwood Street,E01016954,Brighton and Hove 029D,Violence and sexual offences,Unable to prosecute suspect,
a4a0ec402e4fcf5ffd97416d2667c4e00848c095ecc358d5cf502e2f9fb343e5,2024-11,Sussex Police,Sussex Police,-0.153623,50.823533,On or near Sillwood Street,E01016954,Brighton and Hove 029D,Violence and sexual offences,Unable to prosecute suspect,
5c8c8d2983704ae70b5df6dd43eb515599632168bf9dce7a688c158758677bca,2024-11,Sussex Police,Sussex Police,-0.153623,50.823533,On or near Sillwood Street,E01016954,Brighton and Hove 029D,Violence and sexual offences,Unable to prosecute suspect,
5ead3181439af07334aeaaa3c030a6ffcfec56fe266aa80eee10bb8687dc26db,2024-11,Sussex Police,Sussex Police,-0.153623,50.823533,On or near Sillwood Street,E01016954,Brighton and Hove 029D,Other crime,Local resolution,
9800a11ad6beaf0d9a1f93a67dd4fe6c076525fa760d25cdce5415263eb3f495,2024-11,Sussex Police,Sussex Police,-0.152901,50.822047,On or near Cavendish Place,E01016954,Brighton and Hove 029D,Other crime,Local resolution,
,2024-11,Sussex Police,Sussex Police,-0.149573,50.822174,On or near Queensbury Mews,E01016955,Brighton and Hove 029E,Anti-social behaviour,,
,2024-11,Sussex Police,Sussex Police,-0.149573,50.822174,On or near Queensbury Mews,E01016955,Brighton and Hove 029E,Anti-social behaviour,,
,2024-11,Sussex Police,Sussex Police,-0.151933,50.823174,On or near Sillwood Road,E01016955,Brighton and Hove 029E,Anti-social behaviour,,
,2024-11,Sussex Police,Sussex Police,-0.151133,50.823296,On or near Preston Street,E01016955,Brighton and Hove 029E,Anti-social behaviour,,
,2024-11,Sussex Police,Sussex Police,-0.150671,50.824224,On or near Stone Street,E01016955,Brighton and Hove 029E,Anti-social behaviour,,
,2024-11,Sussex Police,Sussex Police,-0.149573,50.822174,On or near Queensbury Mews,E01016955,Brighton and Hove 029E,Anti-social behaviour,,
,2024-11,Sussex Police,Sussex Police,-0.151638,50.823106,On or near Little Preston Street,E01016955,Brighton and Hove 029E,Anti-social behaviour,,
,2024-11,Sussex Police,Sussex Police,-0.150671,50.824224,On or near Stone Street,E01016955,Brighton and Hove 029E,Anti-social behaviour,,
,2024-11,Sussex Police,Sussex Police,-0.150671,50.824224,On or near Stone Street,E01016955,Brighton and Hove 029E,Anti-social behaviour,,
3b0e3acc8010548b673932f9f88ce39105ae68991b6d457acf40dbda76abfd7f,2024-11,Sussex Police,Sussex Police,-0.152610,50.823310,On or near Sillwood Street,E01016955,Brighton and Hove 029E,Burglary,Investigation complete; no suspect identified,
640681fa846e2bbaf090afc6b227db6b3af2f8211d0b3d50c1013f6e7c4bfac4,2024-11,Sussex Police,Sussex Police,-0.149573,50.822174,On or near Queensbury Mews,E01016955,Brighton and Hove 029E,Burglary,Unable to prosecute suspect,
8b1f80c96db996dae9811581594a853b0a1ba213161967593cb4c2786f1829b8,2024-11,Sussex Police,Sussex Police,-0.150671,50.824224,On or near Stone Street,E01016955,Brighton and Hove 029E,Burglary,Investigation complete; no suspect identified,
cc9ced6e3d47155f587958430360daa065a12b02a799a0fe30ef8a4a5d6d1d98,2024-11,Sussex Police,Sussex Police,-0.152610,50.823310,On or near Sillwood Street,E01016955,Brighton and Hove 029E,Burglary,Unable to prosecute suspect,
40549654f204ae75c423aaa0f257c0da1f6e6a0d30780ec390d245d194a027f8,2024-11,Sussex Police,Sussex Police,-0.150671,50.824224,On or near Stone Street,E01016955,Brighton and Hove 029E,Criminal damage and arson,Unable to prosecute suspect,
60bdd7c056be14a01ea56beb583b1c59e1ff8cf70185c797d5ad91066114d3d5,2024-11,Sussex Police,Sussex Police,-0.151133,50.823296,On or near Preston Street,E01016955,Brighton and Hove 029E,Criminal damage and arson,Unable to prosecute suspect,
60eafb7a4f1123668683bea90eb0b90a0d220169bc1f9673fee3ab6332880911,2024-11,Sussex Police,Sussex Police,-0.152610,50.823310,On or near Sillwood Street,E01016955,Brighton and Hove 029E,Criminal damage and arson,Investigation complete; no suspect identified,
0ac06e935e23d79217dd260e68694908ab1de47e0c3b411cff9b6e2bd6e989c5,2024-11,Sussex Police,Sussex Police,-0.150623,50.825068,On or near Hampton Place,E01016955,Brighton and Hove 029E,Criminal damage and arson,Investigation complete; no suspect identified,
7e09e40c66253d475ac01e91ad2dcdebe3d195b3844f99d9586025c922ca6270,2024-11,Sussex Police,Sussex Police,-0.150980,50.823590,On or near Regency Mews,E01016955,Brighton and Hove 029E,Drugs,Offender given a caution,
0bfea1395639f9ae491e2a855a09ee0443a4a9a80f1682c167317407b34107f3,2024-11,Sussex Police,Sussex Police,-0.150671,50.824224,On or near Stone Street,E01016955,Brighton and Hove 029E,Drugs,Court result unavailable,
145f4ddf3c0a9b95b89922b53bef0b9c1734637893a813c696720f48d24584d2,2024-11,Sussex Police,Sussex Police,-0.151638,50.823106,On or near Little Preston Street,E01016955,Brighton and Hove 029E,Other theft,Investigation complete; no suspect identified,
9f2acc2469087cf447d099599c512b04521776098f624d6c8c7b9ca58da7413e,2024-11,Sussex Police,Sussex Police,-0.149573,50.822174,On or near Queensbury Mews,E01016955,Brighton and Hove 029E,Other theft,Investigation complete; no suspect identified,
c4bdc52f88ef76c20df55ac6720b11fd53065778c01f2ecac8b278622276e409,2024-11,Sussex Police,Sussex Police,-0.149573,50.822174,On or near Queensbury Mews,E01016955,Brighton and Hove 029E,Other theft,Investigation complete; no suspect identified,
7302dca4e0a61e6200be2da4599ccfb34fb8d1f6936e874b16e9cd85610b6001,2024-11,Sussex Police,Sussex Police,-0.149573,50.822174,On or near Queensbury Mews,E01016955,Brighton and Hove 029E,Other theft,Investigation complete; no suspect identified,
e36b80d89660a9ee291925e803b738f39c7ecda175403a4d4d3d7805d28d4b77,2024-11,Sussex Police,Sussex Police,-0.149573,50.822174,On or near Queensbury Mews,E01016955,Brighton and Hove 029E,Other theft,Investigation complete; no suspect identified,
4c57300682e15465161b02ac88623025c9e9c23b3179bfff2c04de35d7f7947f,2024-11,Sussex Police,Sussex Police,-0.150215,50.822094,On or near Regency Square,E01016955,Brighton and Hove 029E,Possession of weapons,Action to be taken by another organisation,
8ad36fcfeec533c9476dbe15cdf855e792969ca63b02a609d13bbef1ac18ba1d,2024-11,Sussex Police,Sussex Police,-0.151133,50.823296,On or near Preston Street,E01016955,Brighton and Hove 029E,Public order,Investigation complete; no suspect identified,
76e48651bcdf33788dfcd2d176fc42007d4f72f2e5aeaf5a219495fa03b15dd4,2024-11,Sussex Police,Sussex Police,-0.150671,50.824224,On or near Stone Street,E01016955,Brighton and Hove 029E,Public order,Unable to prosecute suspect,
e3e7fd0bc3801e27b8bbd7eda5da604cc625513c3e6562e2bb54fbd2dbefed35,2024-11,Sussex Police,Sussex Police,-0.150671,50.824224,On or near Stone Street,E01016955,Brighton and Hove 029E,Robbery,Investigation complete; no suspect identified,
41249302085dd4430f6e25bb2298b5803afb9b2971aaa2dc59a3c3b5b3b01b73,2024-11,Sussex Police,Sussex Police,-0.150671,50.824224,On or near Stone Street,E01016955,Brighton and Hove 029E,Shoplifting,Investigation complete; no suspect identified,
924b49820f0e6e1a8789bfc84eef05ec352078a9f5ef1faa921461744b1ae2d4,2024-11,Sussex Police,Sussex Police,-0.150623,50.825068,On or near Hampton Place,E01016955,Brighton and Hove 029E,Shoplifting,Court result unavailable,
e42942dd27242c08de0d51159cab51c0bc344e0288fed9838e6878fa04fc2931,2024-11,Sussex Police,Sussex Police,-0.150671,50.824224,On or near Stone Street,E01016955,Brighton and Hove 029E,Shoplifting,Unable to prosecute suspect,
9af16c74b965290703305abead0c6206777c870ffcd3c981292f20edf5e3d53b,2024-11,Sussex Police,Sussex Police,-0.150671,50.824224,On or near Stone Street,E01016955,Brighton and Hove 029E,Shoplifting,Investigation complete; no suspect identified,
eba7197436f44a6b74349db58a5caa02c8a8da21eef77cb1ed6fbbdfdc70441c,2024-11,Sussex Police,Sussex Police,-0.150623,50.825068,On or near Hampton Place,E01016955,Brighton and Hove 029E,Shoplifting,Investigation complete; no suspect identified,
21e76821c7eb7c1ac57ecf4612550bff0e7c1d24abb344a98c60be0746fe5a36,2024-11,Sussex Police,Sussex Police,-0.150671,50.824224,On or near Stone Street,E01016955,Brighton and Hove 029E,Theft from the person,Investigation complete; no suspect identified,
ffabd2026c518d420f8f1c8e13b2c5130b52cfb0b738c186e72f70c2647bae06,2024-11,Sussex Police,Sussex Police,-0.151638,50.823106,On or near Little Preston Street,E01016955,Brighton and Hove 029E,Vehicle crime,Investigation complete; no suspect identified,
919563b5aa30e36c2d3adf02c94d9a60ef7350aa89759dcce584ae3bd4fbe07c,2024-11,Sussex Police,Sussex Police,-0.151638,50.823106,On or near Little Preston Street,E01016955,Brighton and Hove 029E,Violence and sexual offences,Unable to prosecute suspect,
5ce6077c19acff704d6cf91c55c648ac69caa28bef67a6190925abbecc6a8d78,2024-11,Sussex Police,Sussex Police,-0.150671,50.824224,On or near Stone Street,E01016955,Brighton and Hove 029E,Violence and sexual offences,Investigation complete; no suspect identified,
3a74c8327a693b8f2286544224aa19f07fdc8348443bee4b02cbaae171b65be0,2024-11,Sussex Police,Sussex Police,-0.150623,50.825068,On or near Hampton Place,E01016955,Brighton and Hove 029E,Violence and sexual offences,Investigation complete; no suspect identified,
9b98e276258419f431437127b74e52169e686bece18c32f8227dc7818247fe19,2024-11,Sussex Police,Sussex Police,-0.151638,50.823106,On or near Little Preston Street,E01016955,Brighton and Hove 029E,Violence and sexual offences,Investigation complete; no suspect identified,
bfa5354dbbb37c3d2a9840483a0eece3d8d51c0c01bc3c93bbb7203c44e31d32,2024-11,Sussex Police,Sussex Police,-0.150671,50.824224,On or near Stone Street,E01016955,Brighton and Hove 029E,Violence and sexual offences,Unable to prosecute suspect,
5535e98a5a46326b5134e4f758e5f53f65a94c3202c5e420fac5588283c33a99,2024-11,Sussex Police,Sussex Police,-0.150671,50.824224,On or near Stone Street,E01016955,Brighton and Hove 029E,Violence and sexual offences,Investigation complete; no suspect identified,
f637ad67a15e441588034c07285f4b5f28adaf835834b93725681a9b3129a27c,2024-11,Sussex Police,Sussex Police,-0.150671,50.824224,On or near Stone Street,E01016955,Brighton and Hove 029E,Violence and sexual offences,Unable to prosecute suspect,
5132dfe66eae5594880aa45bd20940afd9cd1ad4b5792fc3f9f55a082d25618d,2024-11,Sussex Police,Sussex Police,-0.151638,50.823106,On or near Little Preston Street,E01016955,Brighton and Hove 029E,Violence and sexual offences,Local resolution,
f39a697e4086281145b7dbb7a176bd1885215df793bb55f79dbd6333cd60abf0,2024-11,Sussex Police,Sussex Police,-0.150458,50.822413,On or near Parking Area,E01016955,Brighton and Hove 029E,Violence and sexual offences,Unable to prosecute suspect,
f1c9b84a5b1dd228dd7c4c950d915c1b390a77745c1d0464ada27647ea24dc0c,2024-11,Sussex Police,Sussex Police,-0.150671,50.824224,On or near Stone Street,E01016955,Brighton and Hove 029E,Violence and sexual offences,Unable to prosecute suspect,
c63be93fc090fbc5f0e7b0115eee11775901847f7f93f2dbb9100006d2c97109,2024-11,Sussex Police,Sussex Police,-0.151133,50.823296,On or near Preston Street,E01016955,Brighton and Hove 029E,Other crime,Local resolution,
d404bf63eee039e2b05a041936b5ff6200dd36006b3468613a73a7cba550dbff,2024-11,Sussex Police,Sussex Police,-0.150671,50.824224,On or near Stone Street,E01016955,Brighton and Hove 029E,Other crime,Court result unavailable,
,2024-11,Sussex Police,Sussex Police,-0.135431,50.821130,On or near Supermarket,E01016941,Brighton and Hove 030A,Anti-social behaviour,,
,2024-11,Sussex Police,Sussex Police,-0.135431,50.821130,On or near Supermarket,E01016941,Brighton and Hove 030A,Anti-social behaviour,,
,2024-11,Sussex Police,Sussex Police,-0.132652,50.821760,On or near Dorset Place,E01016941,Brighton and Hove 030A,Anti-social behaviour,,
,2024-11,Sussex Police,Sussex Police,-0.131705,50.821287,On or near Chapel Street,E01016941,Brighton and Hove 030A,Anti-social behaviour,,
,2024-11,Sussex Police,Sussex Police,-0.133250,50.820295,On or near Van Alen Mews,E01016941,Brighton and Hove 030A,Anti-social behaviour,,
,2024-11,Sussex Police,Sussex Police,-0.133250,50.820295,On or near Van Alen Mews,E01016941,Brighton and Hove 030A,Anti-social behaviour,,
,2024-11,Sussex Police,Sussex Police,-0.135431,50.821130,On or near Supermarket,E01016941,Brighton and Hove 030A,Anti-social behaviour,,
,2024-11,Sussex Police,Sussex Police,-0.135431,50.821130,On or near Supermarket,E01016941,Brighton and Hove 030A,Anti-social behaviour,,
,2024-11,Sussex Police,Sussex Police,-0.133250,50.820295,On or near Van Alen Mews,E01016941,Brighton and Hove 030A,Anti-social behaviour,,
,2024-11,Sussex Police,Sussex Police,-0.135431,50.821130,On or near Supermarket,E01016941,Brighton and Hove 030A,Anti-social behaviour,,
,2024-11,Sussex Police,Sussex Police,-0.132218,50.822320,On or near Edward Street,E01016941,Brighton and Hove 030A,Anti-social behaviour,,
,2024-11,Sussex Police,Sussex Police,-0.133250,50.820295,On or near Van Alen Mews,E01016941,Brighton and Hove 030A,Anti-social behaviour,,
,2024-11,Sussex Police,Sussex Police,-0.132652,50.821760,On or near Dorset Place,E01016941,Brighton and Hove 030A,Anti-social behaviour,,
,2024-11,Sussex Police,Sussex Police,-0.133191,50.820708,On or near Cavendish Street,E01016941,Brighton and Hove 030A,Anti-social behaviour,,
,2024-11,Sussex Police,Sussex Police,-0.132653,50.821023,On or near Ardingly Street,E01016941,Brighton and Hove 030A,Anti-social behaviour,,
,2024-11,Sussex Police,Sussex Police,-0.133250,50.820295,On or near Van Alen Mews,E01016941,Brighton and Hove 030A,Anti-social behaviour,,
,2024-11,Sussex Police,Sussex Police,-0.133250,50.820295,On or near Van Alen Mews,E01016941,Brighton and Hove 030A,Anti-social behaviour,,
,2024-11,Sussex Police,Sussex Police,-0.133711,50.821553,On or near Dorset Gardens,E01016941,Brighton and Hove 030A,Anti-social behaviour,,
,2024-11,Sussex Police,Sussex Police,-0.133250,50.820295,On or near Van Alen Mews,E01016941,Brighton and Hove 030A,Anti-social behaviour,,
,2024-11,Sussex Police,Sussex Police,-0.133191,50.820708,On or near Cavendish Street,E01016941,Brighton and Hove 030A,Anti-social behaviour,,
,2024-11,Sussex Police,Sussex Police,-0.136380,50.820120,On or near Nightclub,E01016941,Brighton and Hove 030A,Anti-social behaviour,,
,2024-11,Sussex Police,Sussex Police,-0.135431,50.821130,On or near Supermarket,E01016941,Brighton and Hove 030A,Anti-social behaviour,,
e9802e3cdbf2174af1110f95957fd97616b63a443a67ff313aa3ad564c19c6f4,2024-11,Sussex Police,Sussex Police,-0.135457,50.820115,On or near Nightclub,E01016941,Brighton and Hove 030A,Bicycle theft,Investigation complete; no suspect identified,
c130b9529daab45ab6d023b21f3bf661de2c2317362b4628d8479c4dcb062ac9,2024-11,Sussex Police,Sussex Police,-0.136026,50.823307,On or near Nightclub,E01016941,Brighton and Hove 030A,Bicycle theft,Investigation complete; no suspect identified,
2c8010b337492f9d01f436a7eacc75c3c69e973eb84249ee29ccd982cb8fdb96,2024-11,Sussex Police,Sussex Police,-0.136033,50.820645,On or near Steine Street,E01016941,Brighton and Hove 030A,Burglary,Unable to prosecute suspect,
a08356e6e592bf0d2190ec7c36a51e84b0f95e6e6ae6a2b6e35fd3950d65cc58,2024-11,Sussex Police,Sussex Police,-0.134699,50.820624,On or near Broad Street,E01016941,Brighton and Hove 030A,Burglary,Investigation complete; no suspect identified,
e31e584c270e1fabbe76e7cce1151f4e3fb6fca863219a01290a9b165873a517,2024-11,Sussex Police,Sussex Police,-0.133191,50.820708,On or near Cavendish Street,E01016941,Brighton and Hove 030A,Burglary,Unable to prosecute suspect,
384dc31ba432c179869f9f6eb239c9eae64e2638da5e1d873ee7baab7fb4a478,2024-11,Sussex Police,Sussex Police,-0.135995,50.822309,On or near Theatre/Concert Hall,E01016941,Brighton and Hove 030A,Burglary,Investigation complete; no suspect identified,
b2d256261f8b7e50e62f8329f66f9ed16222056ec6973c44fbd18baf2aab38a3,2024-11,Sussex Police,Sussex Police,-0.135431,50.821130,On or near Supermarket,E01016941,Brighton and Hove 030A,Burglary,Investigation complete; no suspect identified,
7e71d59046e1f74d0f1ab3ee6b846e14279b806eb8298718dfe3e41cd104984e,2024-11,Sussex Police,Sussex Police,-0.134631,50.822323,On or near Dorset Street,E01016941,Brighton and Hove 030A,Criminal damage and arson,Investigation complete; no suspect identified,
2ccb3df3ea41631a3e586b6b8210bd9ccb3a465add4fb9fc29b4a80bafb8d5ed,2024-11,Sussex Police,Sussex Police,-0.133711,50.821553,On or near Dorset Gardens,E01016941,Brighton and Hove 030A,Criminal damage and arson,Awaiting court outcome,
7863d70b80b54a75855fd249acfed0508984db88bd3178890c0468fd60dbb3b3,2024-11,Sussex Police,Sussex Police,-0.133711,50.821553,On or near Dorset Gardens,E01016941,Brighton and Hove 030A,Criminal damage and arson,Awaiting court outcome,
98b40325856d3a601344723d19c159253718a8a31f978450c50b360055d607c3,2024-11,Sussex Police,Sussex Police,-0.132134,50.820502,On or near Wentworth Street,E01016941,Brighton and Hove 030A,Criminal damage and arson,Unable to prosecute suspect,
a180fa6dc38c8de4cfea74b6497652c32cd35ebddf079860f02e6177fd790632,2024-11,Sussex Police,Sussex Police,-0.133191,50.820708,On or near Cavendish Street,E01016941,Brighton and Hove 030A,Drugs,Suspect charged as part of another case,
b7f24f823e22e1c50fb5b3566ee515fcc36bf3b2391bfd5abeb3079b4f0103b1,2024-11,Sussex Police,Sussex Police,-0.135995,50.822309,On or near Theatre/Concert Hall,E01016941,Brighton and Hove 030A,Drugs,Local resolution,
d7012fbc9fca4cf8b2bd66e324f423dc1776e63081c2fca3d125d5fb2e6ba810,2024-11,Sussex Police,Sussex Police,-0.133191,50.820708,On or near Cavendish Street,E01016941,Brighton and Hove 030A,Drugs,Court result unavailable,
5a182ae22085949ae47560ba5d15a708465834bd80e8e91827305609b8a0aad3,2024-11,Sussex Police,Sussex Police,-0.133191,50.820708,On or near Cavendish Street,E01016941,Brighton and Hove 030A,Other theft,Investigation complete; no suspect identified,
c188386b45cbe8e66eb15186a69275fddb1b3f615cd24048c0c0c3e511940e1d,2024-11,Sussex Police,Sussex Police,-0.135087,50.820136,On or near Nightclub,E01016941,Brighton and Hove 030A,Other theft,Investigation complete; no suspect identified,
47a02208dd23e165161c6ae91592e9be1cafd949bc69fab34bc16192b60c1c8e,2024-11,Sussex Police,Sussex Police,-0.135054,50.823472,On or near Grand Parade Mews,E01016941,Brighton and Hove 030A,Other theft,Unable to prosecute suspect,
02155582017cdbfdf83ff735516403dcb920a6884cef904f8c74cf830bdf8c41,2024-11,Sussex Police,Sussex Police,-0.135431,50.821130,On or near Supermarket,E01016941,Brighton and Hove 030A,Other theft,Investigation complete; no suspect identified,
679685fbdf055ddd8fe02f01c9c76b05ddb76f725e2cc91a615c818c06fa1138,2024-11,Sussex Police,Sussex Police,-0.133191,50.820708,On or near Cavendish Street,E01016941,Brighton and Hove 030A,Other theft,Investigation complete; no suspect identified,
ef0809d16dca6b01766b3e479f41aa3ff58518db722ba9f6ad4b9d191fdd774f,2024-11,Sussex Police,Sussex Police,-0.136380,50.820120,On or near Nightclub,E01016941,Brighton and Hove 030A,Other theft,Investigation complete; no suspect identified,
8556b619211448e04dbb1cdcf10f90bee1dce4af4ba1041d1a9b0d870595630b,2024-11,Sussex Police,Sussex Police,-0.134030,50.819948,On or near Nightclub,E01016941,Brighton and Hove 030A,Other theft,Investigation complete; no suspect identified,
369dc7d715a7a808605ab5206587ea7026dd434b0bcd7df7096d524ae13d80c4,2024-11,Sussex Police,Sussex Police,-0.136033,50.820645,On or near Steine Street,E01016941,Brighton and Hove 030A,Other theft,Investigation complete; no suspect identified,
67dd8d5610d54272ec5db39d90e441f4ced3a3dfd7127a2d1f0cb9698a127161,2024-11,Sussex Police,Sussex Police,-0.136380,50.820120,On or near Nightclub,E01016941,Brighton and Hove 030A,Other theft,Investigation complete; no suspect identified,
a0179490b99ac1bb6598c0890d94fa651e75d83afb0b5871faf67d0c63888901,2024-11,Sussex Police,Sussex Police,-0.136380,50.820120,On or near Nightclub,E01016941,Brighton and Hove 030A,Other theft,Investigation complete; no suspect identified,
af0341a53059fc30d5811d777367a1e41330a6529b7f203191fc0e3e64b00f65,2024-11,Sussex Police,Sussex Police,-0.136033,50.820645,On or near Steine Street,E01016941,Brighton and Hove 030A,Possession of weapons,Status update unavailable,
510008fe38e2b4f546ea9cd6a9fe940fd0069e79af1f03710bc709dc49a970bd,2024-11,Sussex Police,Sussex Police,-0.135431,50.821130,On or near Supermarket,E01016941,Brighton and Hove 030A,Public order,Status update unavailable,
d0caf19fc7ee4e298b01f3aaafa85d9cea75cf504870ad554a63ae1406379321,2024-11,Sussex Police,Sussex Police,-0.135431,50.821130,On or near Supermarket,E01016941,Brighton and Hove 030A,Public order,Investigation complete; no suspect identified,
7cd4687e4f50b4e6dc787fb70dd1b8b52ac145ffd5cc07e79172dd65c2513240,2024-11,Sussex Police,Sussex Police,-0.135431,50.821130,On or near Supermarket,E01016941,Brighton and Hove 030A,Public order,Unable to prosecute suspect,
b5fea1182ead110c6dabaa81ed6d005d1e33ede1c1d36ab7c76c899813c6035a,2024-11,Sussex Police,Sussex Police,-0.135054,50.823472,On or near Grand Parade Mews,E01016941,Brighton and Hove 030A,Public order,Unable to prosecute suspect,
120146195e0de2ab07eaffc17241acd2403475e5a8d7f7e3e6b11760dc2d1944,2024-11,Sussex Police,Sussex Police,-0.136033,50.820645,On or near Steine Street,E01016941,Brighton and Hove 030A,Public order,Investigation complete; no suspect identified,
0eff4fecbda016c0b16e3b2e4c6a162401947d9b6c42e2be7afa560031fa8707,2024-11,Sussex Police,Sussex Police,-0.131705,50.821287,On or near Chapel Street,E01016941,Brighton and Hove 030A,Public order,Unable to prosecute suspect,
06927738224c97f5a96fb72cd723c03eefc9e2d4b9a307a7a9ea831c8c0d64f5,2024-11,Sussex Police,Sussex Police,-0.136033,50.820645,On or near Steine Street,E01016941,Brighton and Hove 030A,Public order,Investigation complete; no suspect identified,
8c82b336aa2ab3629569a35ca33ac3c96bdac094e09898f0020f8ed4e52b1161,2024-11,Sussex Police,Sussex Police,-0.135054,50.823472,On or near Grand Parade Mews,E01016941,Brighton and Hove 030A,Public order,Unable to prosecute suspect,
0256360d3c100f63482a58fe9f85f213c19a9bdba71f667fcf96b6c85b7e69dd,2024-11,Sussex Police,Sussex Police,-0.135431,50.821130,On or near Supermarket,E01016941,Brighton and Hove 030A,Shoplifting,Investigation complete; no suspect identified,
95c442e365b09538015e2f38c5f99cc1288b17d194c8ab19c674a1a278253ced,2024-11,Sussex Police,Sussex Police,-0.135431,50.821130,On or near Supermarket,E01016941,Brighton and Hove 030A,Shoplifting,Unable to prosecute suspect,
4719b734ed438140afececf94aa98524b0ed9e4e7c51c86cf02b1a5d8e03527c,2024-11,Sussex Police,Sussex Police,-0.135431,50.821130,On or near Supermarket,E01016941,Brighton and Hove 030A,Shoplifting,Investigation complete; no suspect identified,
f8a38472c6945e7c63719c990202a7dfd4dcd307ba42211ea10cd2cb5d86371b,2024-11,Sussex Police,Sussex Police,-0.135431,50.821130,On or near Supermarket,E01016941,Brighton and Hove 030A,Shoplifting,Investigation complete; no suspect identified,
ff4d1db0e9947c0d8465918bc876d2c1fee3db581959b302a01d4ad08a2449bd,2024-11,Sussex Police,Sussex Police,-0.135431,50.821130,On or near Supermarket,E01016941,Brighton and Hove 030A,Shoplifting,Investigation complete; no suspect identified,
520ec71a4e0a8f72ce6aff9adeff77e02149d2e6be5fde510567444466007f6f,2024-11,Sussex Police,Sussex Police,-0.135431,50.821130,On or near Supermarket,E01016941,Brighton and Hove 030A,Shoplifting,Investigation complete; no suspect identified,
23b3c9dd969278f2bd15f736e65ec89118763c4a50a75a64c6ce1bf7f0dc106f,2024-11,Sussex Police,Sussex Police,-0.135431,50.821130,On or near Supermarket,E01016941,Brighton and Hove 030A,Shoplifting,Investigation complete; no suspect identified,
784054de836948385ee6112ba442f7293ec3e5bb3c9906af39eb900d8809451d,2024-11,Sussex Police,Sussex Police,-0.135431,50.821130,On or near Supermarket,E01016941,Brighton and Hove 030A,Shoplifting,Investigation complete; no suspect identified,
933af16e81bda4bebffdcee32ffeb8d6a247d7916be8080851bd4a0911550779,2024-11,Sussex Police,Sussex Police,-0.135431,50.821130,On or near Supermarket,E01016941,Brighton and Hove 030A,Shoplifting,Investigation complete; no suspect identified,
9ebc75d776222e4f6dfa725d70b1675046511bae5849a415f5bff33bfd36791e,2024-11,Sussex Police,Sussex Police,-0.135431,50.821130,On or near Supermarket,E01016941,Brighton and Hove 030A,Shoplifting,Investigation complete; no suspect identified,
ecd342a495e13209d807fd6ac57380365a79db9e8678a34610f632af88da53eb,2024-11,Sussex Police,Sussex Police,-0.135431,50.821130,On or near Supermarket,E01016941,Brighton and Hove 030A,Shoplifting,Investigation complete; no suspect identified,
74246de1019c657f47f057f19a0c7108935c9678c0df3bc323ea13f9db21e494,2024-11,Sussex Police,Sussex Police,-0.135431,50.821130,On or near Supermarket,E01016941,Brighton and Hove 030A,Shoplifting,Investigation complete; no suspect identified,
142016d187d1e5c840b2152f3e38004e0ce5bcf560b9ea235f1cc6eb418819ca,2024-11,Sussex Police,Sussex Police,-0.135431,50.821130,On or near Supermarket,E01016941,Brighton and Hove 030A,Shoplifting,Investigation complete; no suspect identified,
31d2d89993c29bb28033f1cbbcdba24274edf70c9dda40708e6d7f1c6a2f3f19,2024-11,Sussex Police,Sussex Police,-0.135431,50.821130,On or near Supermarket,E01016941,Brighton and Hove 030A,Shoplifting,Unable to prosecute suspect,
43ab3a024a5e2a8fafdee81ee9da421065d00e6962830cdb3e40d15e877195d4,2024-11,Sussex Police,Sussex Police,-0.135431,50.821130,On or near Supermarket,E01016941,Brighton and Hove 030A,Shoplifting,Investigation complete; no suspect identified,
0d5c9f2eafc1803a187b0fe2f69affa61b55a4a5c0e1786f5bc75044b76855d3,2024-11,Sussex Police,Sussex Police,-0.135431,50.821130,On or near Supermarket,E01016941,Brighton and Hove 030A,Shoplifting,Unable to prosecute suspect,
38e9f7c16a032ffb5840ac95df0a87a0fb88271a15337fbe6c74df4adbd8f6be,2024-11,Sussex Police,Sussex Police,-0.135431,50.821130,On or near Supermarket,E01016941,Brighton and Hove 030A,Shoplifting,Investigation complete; no suspect identified,
211f1f83ced831caa3e65d302e3329cee7c8649ee88b22d276a90bc80acd4e38,2024-11,Sussex Police,Sussex Police,-0.135431,50.821130,On or near Supermarket,E01016941,Brighton and Hove 030A,Shoplifting,Investigation complete; no suspect identified,
8807aa63f8834d1088eae167e9b966781ba1a35625f302209fec784f1da152d5,2024-11,Sussex Police,Sussex Police,-0.135431,50.821130,On or near Supermarket,E01016941,Brighton and Hove 030A,Shoplifting,Investigation complete; no suspect identified,
44b79f2a1cc16cbe0f396c2fb0612f5c142745785e2ca79be5abdf597643b350,2024-11,Sussex Police,Sussex Police,-0.135431,50.821130,On or near Supermarket,E01016941,Brighton and Hove 030A,Shoplifting,Investigation complete; no suspect identified,
fbc3d15d12646f3cb6b68d6532e5d0b3ada5f4f1836531707e411f868315cc76,2024-11,Sussex Police,Sussex Police,-0.135431,50.821130,On or near Supermarket,E01016941,Brighton and Hove 030A,Shoplifting,Investigation complete; no suspect identified,
de7d6952115295cb6593b037acd104322b775de62aea4a71d53b1aae9461d1b6,2024-11,Sussex Police,Sussex Police,-0.135431,50.821130,On or near Supermarket,E01016941,Brighton and Hove 030A,Shoplifting,Investigation complete; no suspect identified,
83e2b832a01fc6ac5530f13d9cf5f0d1b9f872782547b033207a3159b6e3fa3a,2024-11,Sussex Police,Sussex Police,-0.135431,50.821130,On or near Supermarket,E01016941,Brighton and Hove 030A,Shoplifting,Investigation complete; no suspect identified,
67b481a996ee75611307199b5a21b160acea1eb9262d340d6fda8ff8f2e5f973,2024-11,Sussex Police,Sussex Police,-0.135431,50.821130,On or near Supermarket,E01016941,Brighton and Hove 030A,Shoplifting,Investigation complete; no suspect identified,
c25da7506d060bfed4aa4820034d5907748519506b4443e9e0cfad579580e79b,2024-11,Sussex Police,Sussex Police,-0.135431,50.821130,On or near Supermarket,E01016941,Brighton and Hove 030A,Shoplifting,Investigation complete; no suspect identified,
a99fb5a590029af01abc5c3bb77257a2c6dc58f0f24606aaf81f1173b6fdf6e8,2024-11,Sussex Police,Sussex Police,-0.135431,50.821130,On or near Supermarket,E01016941,Brighton and Hove 030A,Shoplifting,Investigation complete; no suspect identified,
da5f1bcd07881380b81b38264c66382eded1fbd1a9a983b9170c8263f596b870,2024-11,Sussex Police,Sussex Police,-0.135431,50.821130,On or near Supermarket,E01016941,Brighton and Hove 030A,Shoplifting,Investigation complete; no suspect identified,
581b9cc669520d704f2b0cd6d4cd580dfd03d46b89743d3aab9779bb117d336a,2024-11,Sussex Police,Sussex Police,-0.135431,50.821130,On or near Supermarket,E01016941,Brighton and Hove 030A,Shoplifting,Investigation complete; no suspect identified,
f3a9bf96d4d814c4b25e45f52711ea104a25488fbb90d0c8bc7d81e0431dfbe9,2024-11,Sussex Police,Sussex Police,-0.135431,50.821130,On or near Supermarket,E01016941,Brighton and Hove 030A,Shoplifting,Investigation complete; no suspect identified,
f69830d5fc5689dfc11d4b775fa3bbbd0eb70edbd91231c1e4e83db6f3812eb9,2024-11,Sussex Police,Sussex Police,-0.135431,50.821130,On or near Supermarket,E01016941,Brighton and Hove 030A,Shoplifting,Investigation complete; no suspect identified,
3942aa591bff1743fddcd2b110073beaac610e84537b4bb531069d52af55aea7,2024-11,Sussex Police,Sussex Police,-0.135431,50.821130,On or near Supermarket,E01016941,Brighton and Hove 030A,Shoplifting,Investigation complete; no suspect identified,
9469cfc718e514fafc3b3f0726a783f92f7b32acbd0058ab5e3c6e8b016f5b5f,2024-11,Sussex Police,Sussex Police,-0.135431,50.821130,On or near Supermarket,E01016941,Brighton and Hove 030A,Shoplifting,Investigation complete; no suspect identified,
13a65f09ac47b03e6d2bb86d77e0868bf4db56c71b326ba9ce98a5d0bc03bcb1,2024-11,Sussex Police,Sussex Police,-0.135431,50.821130,On or near Supermarket,E01016941,Brighton and Hove 030A,Shoplifting,Investigation complete; no suspect identified,
61df8e61bc1e9eccd87302ede3941da59b66501de64f767616351409a8b6e57d,2024-11,Sussex Police,Sussex Police,-0.135431,50.821130,On or near Supermarket,E01016941,Brighton and Hove 030A,Shoplifting,Investigation complete; no suspect identified,
3cc4cfd04ac3e2750554583e9cf4e11309d2ee15c1ceb2c5c6fc24b3612db8c2,2024-11,Sussex Police,Sussex Police,-0.135431,50.821130,On or near Supermarket,E01016941,Brighton and Hove 030A,Shoplifting,Investigation complete; no suspect identified,
cdf96e9bdd630975a210febc462c0d6d2edd3ad18e43c78a7773c1fc837812be,2024-11,Sussex Police,Sussex Police,-0.135431,50.821130,On or near Supermarket,E01016941,Brighton and Hove 030A,Shoplifting,Investigation complete; no suspect identified,
64e6f13cd0ad6e198d2a1d9aa02352d88b9038135adcf51e90754a7c7a7ac5c5,2024-11,Sussex Police,Sussex Police,-0.135431,50.821130,On or near Supermarket,E01016941,Brighton and Hove 030A,Shoplifting,Investigation complete; no suspect identified,
1565a5b43547e20bc7cbb3b7b58f69cc01f6c1861ded29c02e3c269d6c393435,2024-11,Sussex Police,Sussex Police,-0.135431,50.821130,On or near Supermarket,E01016941,Brighton and Hove 030A,Shoplifting,Unable to prosecute suspect,
395f0509fad3f424ec24cd5f983649739f6523a5160a9e4950130f111a012297,2024-11,Sussex Police,Sussex Police,-0.135431,50.821130,On or near Supermarket,E01016941,Brighton and Hove 030A,Shoplifting,Unable to prosecute suspect,
a6f81d1f766643043cd14c915c1aadc5f8070074306ad88e6ba56b61d515f087,2024-11,Sussex Police,Sussex Police,-0.135431,50.821130,On or near Supermarket,E01016941,Brighton and Hove 030A,Shoplifting,Investigation complete; no suspect identified,
7be2cb46fb91541fa1b9df60789124d1c9f7e38c0ee10c356695c1f9947864e8,2024-11,Sussex Police,Sussex Police,-0.135431,50.821130,On or near Supermarket,E01016941,Brighton and Hove 030A,Shoplifting,Unable to prosecute suspect,
dcc717b4d2276475285c735768ca499a9fd790fc65110f55831887f573381ae8,2024-11,Sussex Police,Sussex Police,-0.136033,50.820645,On or near Steine Street,E01016941,Brighton and Hove 030A,Theft from the person,Investigation complete; no suspect identified,
827ef24e0cd4989d4c8a885739b31c1df80fd2aed197b76cde833a7ecf7a0804,2024-11,Sussex Police,Sussex Police,-0.133191,50.820708,On or near Cavendish Street,E01016941,Brighton and Hove 030A,Theft from the person,Unable to prosecute suspect,
3554d49404879e80f00fde647bd706d0510da60f4965279b90be665a7db71510,2024-11,Sussex Police,Sussex Police,-0.132653,50.821023,On or near Ardingly Street,E01016941,Brighton and Hove 030A,Vehicle crime,Investigation complete; no suspect identified,
6a087326ae25c73ae873c19598fcdf6135f314323255af2b2e2f177f1db21233,2024-11,Sussex Police,Sussex Police,-0.133191,50.820708,On or near Cavendish Street,E01016941,Brighton and Hove 030A,Violence and sexual offences,Investigation complete; no suspect identified,
f5b21df3fc367e268c4802ff1ea3962473cba93ae2340fec500dc90aa19abb21,2024-11,Sussex Police,Sussex Police,-0.133191,50.820708,On or near Cavendish Street,E01016941,Brighton and Hove 030A,Violence and sexual offences,Unable to prosecute suspect,
c3044e7cdb26695f2e85337b7d1014ff8aa70e5ef6a251808cd43c9a184b91ba,2024-11,Sussex Police,Sussex Police,-0.133250,50.820295,On or near Van Alen Mews,E01016941,Brighton and Hove 030A,Violence and sexual offences,Unable to prosecute suspect,
21e34138062e5297c41deb2f2a0de3e2ce344111f39c1d0c773e43673795c053,2024-11,Sussex Police,Sussex Police,-0.135087,50.820136,On or near Nightclub,E01016941,Brighton and Hove 030A,Violence and sexual offences,Investigation complete; no suspect identified,
c0734c3b1210099929b9b2cf6e84bf66f1334b10e5e40d21665a906f4322eaed,2024-11,Sussex Police,Sussex Police,-0.132095,50.819350,On or near New Steine,E01016941,Brighton and Hove 030A,Violence and sexual offences,Unable to prosecute suspect,
a86dd6dc25b0f675eb05c45796775e0682c31273bd5d8c0fdee4a52b8d6c7b70,2024-11,Sussex Police,Sussex Police,-0.133191,50.820708,On or near Cavendish Street,E01016941,Brighton and Hove 030A,Violence and sexual offences,Investigation complete; no suspect identified,
c709dd77f30ca5538599e3f96d0bd0a8a712b0af54dd0fc082602973e2a7417c,2024-11,Sussex Police,Sussex Police,-0.133191,50.820708,On or near Cavendish Street,E01016941,Brighton and Hove 030A,Violence and sexual offences,Unable to prosecute suspect,
a2e2b77d39d98c69ac1d57e5eed5166855faa2f0b1a747f751a19ec349a66206,2024-11,Sussex Police,Sussex Police,-0.136033,50.820645,On or near Steine Street,E01016941,Brighton and Hove 030A,Violence and sexual offences,Unable to prosecute suspect,
2298acce052a043cea85c0da468ef6ed94d91ba4b2b552dce6a85f012ccd196c,2024-11,Sussex Police,Sussex Police,-0.133022,50.819941,On or near Camelford Street,E01016941,Brighton and Hove 030A,Violence and sexual offences,Offender given a caution,
4ed13bfd08c784983c0dc00a84692ea80690c7ef57db14f7700b663e45ce8e70,2024-11,Sussex Police,Sussex Police,-0.135431,50.821130,On or near Supermarket,E01016941,Brighton and Hove 030A,Violence and sexual offences,Investigation complete; no suspect identified,
b8d74d27f9a877dc3abb97d8444c78cf1d2815589072ccc7e869b818af2845e6,2024-11,Sussex Police,Sussex Police,-0.135087,50.820136,On or near Nightclub,E01016941,Brighton and Hove 030A,Violence and sexual offences,Unable to prosecute suspect,
35d8cced697096e3f238e37aee5bd5cb6aec7e28b89c7a7696e9ba8b965f0167,2024-11,Sussex Police,Sussex Police,-0.133191,50.820708,On or near Cavendish Street,E01016941,Brighton and Hove 030A,Violence and sexual offences,Investigation complete; no suspect identified,
83518c57d0daf3a865c11de97107cb1a518ffabff86951a4200e484b3d82b8e2,2024-11,Sussex Police,Sussex Police,-0.135431,50.821130,On or near Supermarket,E01016941,Brighton and Hove 030A,Violence and sexual offences,Investigation complete; no suspect identified,
828a67e1eaf376c85ccd36c1a6d4c9f140d0da5f3bfb6fc903e1f5d9160b4403,2024-11,Sussex Police,Sussex Police,-0.131705,50.821287,On or near Chapel Street,E01016941,Brighton and Hove 030A,Violence and sexual offences,Unable to prosecute suspect,
e75a3675b00337300850fbfc28f04a7b30e4ce5cc13a6b10cd74eebd3234a242,2024-11,Sussex Police,Sussex Police,-0.133022,50.819941,On or near Camelford Street,E01016941,Brighton and Hove 030A,Violence and sexual offences,Investigation complete; no suspect identified,
727f3d1729aabb7b98c5aa377a6d8a2e3f5c184c91033e56d0c26b1984140e33,2024-11,Sussex Police,Sussex Police,-0.136033,50.820645,On or near Steine Street,E01016941,Brighton and Hove 030A,Violence and sexual offences,Investigation complete; no suspect identified,
b6cf30eff9df984eefe0b0f4c3d808a10460c775d482004262d7286d4477ec15,2024-11,Sussex Police,Sussex Police,-0.133022,50.819941,On or near Camelford Street,E01016941,Brighton and Hove 030A,Violence and sexual offences,Unable to prosecute suspect,
bda18ad4b44f40cd1042d530a2425cbb40ebea4835d33f148239e9580733e265,2024-11,Sussex Police,Sussex Police,-0.131705,50.821287,On or near Chapel Street,E01016941,Brighton and Hove 030A,Violence and sexual offences,Unable to prosecute suspect,
288762a1ef4975da8977976aaf20b0a3752476dd4591fb7ffebda00e104109b6,2024-11,Sussex Police,Sussex Police,-0.135431,50.821130,On or near Supermarket,E01016941,Brighton and Hove 030A,Violence and sexual offences,Investigation complete; no suspect identified,
42239d76a17b63bbb7ee1d2180b45ce5c75312a84542aee9ea7e9b5a0573bb6d,2024-11,Sussex Police,Sussex Police,-0.136380,50.820120,On or near Nightclub,E01016941,Brighton and Hove 030A,Violence and sexual offences,Investigation complete; no suspect identified,
b2446484144dbe1f702d175f78a888bd40648abbed6039ff8bf0506890225bef,2024-11,Sussex Police,Sussex Police,-0.132218,50.822320,On or near Edward Street,E01016941,Brighton and Hove 030A,Violence and sexual offences,Unable to prosecute suspect,
1d8b3b01767c2ee338b708536d3a5ecd51aa6c69b92c28bc62d2453324b07fe0,2024-11,Sussex Police,Sussex Police,-0.134699,50.820624,On or near Broad Street,E01016941,Brighton and Hove 030A,Violence and sexual offences,Status update unavailable,
134d43f39fd3921ceb9ee6c50a62543faccffe9d9379a9472342abf96547acc5,2024-11,Sussex Police,Sussex Police,-0.133191,50.820708,On or near Cavendish Street,E01016941,Brighton and Hove 030A,Violence and sexual offences,Investigation complete; no suspect identified,
6e5e0b48a569cd2bd444a6738265f0445be167a05596654c928db819f4986aff,2024-11,Sussex Police,Sussex Police,-0.134668,50.821397,On or near George Street,E01016941,Brighton and Hove 030A,Violence and sexual offences,Unable to prosecute suspect,
4d108314c7dd3fcbc5ccc7800feb5c81e76623aeddc8d0b36545b7b6c1e4172d,2024-11,Sussex Police,Sussex Police,-0.134668,50.821397,On or near George Street,E01016941,Brighton and Hove 030A,Violence and sexual offences,Unable to prosecute suspect,
2e44578b7f7005ba036af715570f40f356358e47d859d2a15421c90e798eeb38,2024-11,Sussex Police,Sussex Police,-0.135431,50.821130,On or near Supermarket,E01016941,Brighton and Hove 030A,Violence and sexual offences,Unable to prosecute suspect,
5ccb7537b7bbc932e4e7f65d71905149d93f7f3d4e5818f75c818d5b19a0249f,2024-11,Sussex Police,Sussex Police,-0.133191,50.820708,On or near Cavendish Street,E01016941,Brighton and Hove 030A,Violence and sexual offences,Unable to prosecute suspect,
75c3d860c775504bfb40316c9ca82b85c6a0305c5b5e5e720a101e5027d0874a,2024-11,Sussex Police,Sussex Police,-0.132218,50.822320,On or near Edward Street,E01016941,Brighton and Hove 030A,Violence and sexual offences,Status update unavailable,
a0f5a86c9dea186ae1218821a0fad740f67a0af602a39764b84210e80a3e08f9,2024-11,Sussex Police,Sussex Police,-0.135087,50.820136,On or near Nightclub,E01016941,Brighton and Hove 030A,Violence and sexual offences,Investigation complete; no suspect identified,
8316bfe61bf5dd9a575e21f6b863fe8242a90ad8dc87142fc0f9b43aee39d671,2024-11,Sussex Police,Sussex Police,-0.133191,50.820708,On or near Cavendish Street,E01016941,Brighton and Hove 030A,Violence and sexual offences,Unable to prosecute suspect,
7554ca9b1d8a0b42f4d5bbc25d25dbbb51f28276747b78c2056ec5267b3dc82b,2024-11,Sussex Police,Sussex Police,-0.131705,50.821287,On or near Chapel Street,E01016941,Brighton and Hove 030A,Violence and sexual offences,Unable to prosecute suspect,
667503dbde0a5b64475abd4a4366c4013e8d479d89dbd4731cb727fa5c8e0c85,2024-11,Sussex Police,Sussex Police,-0.136380,50.820120,On or near Nightclub,E01016941,Brighton and Hove 030A,Violence and sexual offences,Investigation complete; no suspect identified,
0651f3472672faa9724859b785cda32456e1d177ed25c31effc65d801e0737c0,2024-11,Sussex Police,Sussex Police,-0.133022,50.819941,On or near Camelford Street,E01016941,Brighton and Hove 030A,Violence and sexual offences,Unable to prosecute suspect,
08b699f46b8209aabf1acab8c47d37771b96d06322325bc93e65d2af1a91e2f5,2024-11,Sussex Police,Sussex Police,-0.131705,50.821287,On or near Chapel Street,E01016941,Brighton and Hove 030A,Violence and sexual offences,Unable to prosecute suspect,
1652cfba7a72da1764476eb5431ce48111adf586dd9295c5d73bdd485d1e3455,2024-11,Sussex Police,Sussex Police,-0.134187,50.820292,On or near Madeira Place,E01016941,Brighton and Hove 030A,Violence and sexual offences,Unable to prosecute suspect,
4792bf878655637045ddf2348ca2f7fe45087524b97bb5b2e8f8adb8312b0297,2024-11,Sussex Police,Sussex Police,-0.134668,50.821397,On or near George Street,E01016941,Brighton and Hove 030A,Other crime,Local resolution,
1a295087145230c9f733c60cdee37457875b213fab02d26c4d0cf94cc99ab162,2024-11,Sussex Police,Sussex Police,-0.133191,50.820708,On or near Cavendish Street,E01016941,Brighton and Hove 030A,Other crime,Status update unavailable,
51f5c1ac345bc98d0eb045954cd7345d0c5f39b7500fcd7e13ad9f15e75f25ef,2024-11,Sussex Police,Sussex Police,-0.135995,50.822309,On or near Theatre/Concert Hall,E01016941,Brighton and Hove 030A,Other crime,Investigation complete; no suspect identified,
821f631d3d593c6db18b9842c6686aa2fe6af137e9feae6dcb28fff39d379abc,2024-11,Sussex Police,Sussex Police,-0.133711,50.821553,On or near Dorset Gardens,E01016941,Brighton and Hove 030A,Other crime,Local resolution,
,2024-11,Sussex Police,Sussex Police,-0.131002,50.819701,On or near Rock Place,E01016945,Brighton and Hove 030B,Anti-social behaviour,,
,2024-11,Sussex Police,Sussex Police,-0.132154,50.820709,On or near Supermarket,E01016945,Brighton and Hove 030B,Anti-social behaviour,,
,2024-11,Sussex Police,Sussex Police,-0.132154,50.820709,On or near Supermarket,E01016945,Brighton and Hove 030B,Anti-social behaviour,,
,2024-11,Sussex Police,Sussex Police,-0.130361,50.821175,On or near St James'S Avenue,E01016945,Brighton and Hove 030B,Anti-social behaviour,,
b9872b80c8cb23f6d5ff12a040bd1825f657e7af199fbac1fc81d7a0adbd3bf8,2024-11,Sussex Police,Sussex Police,-0.132154,50.820709,On or near Supermarket,E01016945,Brighton and Hove 030B,Bicycle theft,Court result unavailable,
8e10670484942529c92135447589fe9418d910645da1939e248c238632ecef70,2024-11,Sussex Police,Sussex Police,-0.130088,50.820550,On or near Upper Rock Gardens,E01016945,Brighton and Hove 030B,Burglary,Investigation complete; no suspect identified,
ee59012fad4b43ef64532e03f89a0cf3edd774d88af1e6309e5ed0fefdc4b4f0,2024-11,Sussex Police,Sussex Police,-0.130361,50.821175,On or near St James'S Avenue,E01016945,Brighton and Hove 030B,Criminal damage and arson,Investigation complete; no suspect identified,
e3f825b0c9c117037cf3f6550892a26b5f4cc6913f9523ee0516734dfee043a3,2024-11,Sussex Police,Sussex Police,-0.131002,50.819701,On or near Rock Place,E01016945,Brighton and Hove 030B,Criminal damage and arson,Investigation complete; no suspect identified,
9613aa1e1909fcc2c52ef5e643e32572f468f14adfc2634ac40c8c39f1a9814a,2024-11,Sussex Police,Sussex Police,-0.132154,50.820709,On or near Supermarket,E01016945,Brighton and Hove 030B,Drugs,Court result unavailable,
55fc416e62ae491098e3e7cc703d7e5cd5e02af0eb950680d43b8112eef9c167,2024-11,Sussex Police,Sussex Police,-0.131002,50.819701,On or near Rock Place,E01016945,Brighton and Hove 030B,Drugs,Local resolution,
0f1d1579d034447357a7649ed415e012f85240eba2d95bb643bd9434e9d696ad,2024-11,Sussex Police,Sussex Police,-0.128234,50.818614,On or near Charlotte Street,E01016945,Brighton and Hove 030B,Drugs,Investigation complete; no suspect identified,
ac0e6380bc9238f360a83732e6bc176a2354a55da2b946033a0d391e49711e90,2024-11,Sussex Police,Sussex Police,-0.130361,50.821175,On or near St James'S Avenue,E01016945,Brighton and Hove 030B,Other theft,Investigation complete; no suspect identified,
c75f63fe68badb009d3def14f8aa9b18beca15deadd914069237b08a0a0462bb,2024-11,Sussex Police,Sussex Police,-0.132154,50.820709,On or near Supermarket,E01016945,Brighton and Hove 030B,Other theft,Investigation complete; no suspect identified,
f2d424d407f118d5803be19b18a333b179f3c555c230869f7692bacd6c765357,2024-11,Sussex Police,Sussex Police,-0.131396,50.820850,On or near Devonshire Place,E01016945,Brighton and Hove 030B,Other theft,Unable to prosecute suspect,
bb8d44db6470c95ee067d761b81472fd7622755415dad16c0dd5b05eb3fb538d,2024-11,Sussex Police,Sussex Police,-0.132154,50.820709,On or near Supermarket,E01016945,Brighton and Hove 030B,Other theft,Investigation complete; no suspect identified,
874a61a68ca089d28e548474863571541754f123debceeba0c966369a7bddc71,2024-11,Sussex Police,Sussex Police,-0.131396,50.820850,On or near Devonshire Place,E01016945,Brighton and Hove 030B,Other theft,Unable to prosecute suspect,
0f107b307a372f21195d6b835a9471f79c1947d1ebdf6286a02ea36f4daa9132,2024-11,Sussex Police,Sussex Police,-0.132154,50.820709,On or near Supermarket,E01016945,Brighton and Hove 030B,Possession of weapons,Awaiting court outcome,
fb80396b36a63873fdc52677ea1af3385608a4bc2d376c954f36efbdf3c880f9,2024-11,Sussex Police,Sussex Police,-0.132154,50.820709,On or near Supermarket,E01016945,Brighton and Hove 030B,Public order,Investigation complete; no suspect identified,
a4b5bcdf675f9a9a2629a3b5d352cb45cbb2ae1f2310411611481e17c7039694,2024-11,Sussex Police,Sussex Police,-0.132154,50.820709,On or near Supermarket,E01016945,Brighton and Hove 030B,Shoplifting,Investigation complete; no suspect identified,
092a38c0c74c6f17d647892295013cdc7113ccb51b25cd4d01d32a10909bb0c0,2024-11,Sussex Police,Sussex Police,-0.132154,50.820709,On or near Supermarket,E01016945,Brighton and Hove 030B,Shoplifting,Unable to prosecute suspect,
56e6df8bef44882e1eea98021eb6d262046f59eb8ea4f2012cdd72c4229d1bae,2024-11,Sussex Police,Sussex Police,-0.132154,50.820709,On or near Supermarket,E01016945,Brighton and Hove 030B,Shoplifting,Unable to prosecute suspect,
e7f64d0f49469c1037bc396a0728fe8cd737afc547c366014b650a679f38e33e,2024-11,Sussex Police,Sussex Police,-0.132154,50.820709,On or near Supermarket,E01016945,Brighton and Hove 030B,Shoplifting,Court result unavailable,
07672fe5d25d3f71c4d9e24715c8cde27ea752559aad7bac7bcb3f2774cfc74d,2024-11,Sussex Police,Sussex Police,-0.132154,50.820709,On or near Supermarket,E01016945,Brighton and Hove 030B,Shoplifting,Unable to prosecute suspect,
abb69badcd4b6ae89f1f5b84c6ad1a27fd6e97d2ac77b03971a2070beb05d7b3,2024-11,Sussex Police,Sussex Police,-0.132154,50.820709,On or near Supermarket,E01016945,Brighton and Hove 030B,Shoplifting,Investigation complete; no suspect identified,
d4d6f2686e7b2310f023e1ef460e2b8d415986aa079b702c431d12fdfdb86a02,2024-11,Sussex Police,Sussex Police,-0.132154,50.820709,On or near Supermarket,E01016945,Brighton and Hove 030B,Shoplifting,Court result unavailable,
9c5c8c09e35943cb99c470c6a8667208100056489fbf15d0a44de78bb905b614,2024-11,Sussex Police,Sussex Police,-0.132154,50.820709,On or near Supermarket,E01016945,Brighton and Hove 030B,Shoplifting,Local resolution,
625c93e349a038a635d6ce583c22c26a2dfffa3e940b30524293fe3507d503c4,2024-11,Sussex Police,Sussex Police,-0.132154,50.820709,On or near Supermarket,E01016945,Brighton and Hove 030B,Shoplifting,Investigation complete; no suspect identified,
f35688a0c23161185ee8b91e18f0649459678473751b4b222de0615f2577ee54,2024-11,Sussex Police,Sussex Police,-0.132154,50.820709,On or near Supermarket,E01016945,Brighton and Hove 030B,Shoplifting,Unable to prosecute suspect,
8ff6877970a466beee59570ab5439485f9e3b9f7326b5a5e27d4ffaa8ee46b70,2024-11,Sussex Police,Sussex Police,-0.130088,50.820550,On or near Upper Rock Gardens,E01016945,Brighton and Hove 030B,Shoplifting,Investigation complete; no suspect identified,
e6fedb9b1a1e35ad6cb32db2c81b0feddf2580e95f826c62bbcb8a31dc545b37,2024-11,Sussex Police,Sussex Police,-0.132154,50.820709,On or near Supermarket,E01016945,Brighton and Hove 030B,Shoplifting,Unable to prosecute suspect,
83c1915b723143e2054f0742bd043489e9759f0b000042dc5d745b33a63d3e7a,2024-11,Sussex Police,Sussex Police,-0.132154,50.820709,On or near Supermarket,E01016945,Brighton and Hove 030B,Theft from the person,Investigation complete; no suspect identified,
dc3c87980e9ea79c0987cba422fd463b26a23dc608b954fbdfdb955d743f309a,2024-11,Sussex Police,Sussex Police,-0.128234,50.818614,On or near Charlotte Street,E01016945,Brighton and Hove 030B,Vehicle crime,Investigation complete; no suspect identified,
a777c082933055e101c62bad22ac93f544030064b318a2972f534b863c6aac64,2024-11,Sussex Police,Sussex Police,-0.130088,50.820550,On or near Upper Rock Gardens,E01016945,Brighton and Hove 030B,Violence and sexual offences,Investigation complete; no suspect identified,
dc1c4ddaffa4a281471bbd078536d2058322293effeed5f25b547b85d1d19cb4,2024-11,Sussex Police,Sussex Police,-0.131002,50.819701,On or near Rock Place,E01016945,Brighton and Hove 030B,Violence and sexual offences,Investigation complete; no suspect identified,
6304a5ce55c60eb7e592d10fb529acbb2762ac37805d199de58ed1467366456c,2024-11,Sussex Police,Sussex Police,-0.132154,50.820709,On or near Supermarket,E01016945,Brighton and Hove 030B,Violence and sexual offences,Investigation complete; no suspect identified,
3cd19a2d25488c5daec592ec43c55b35020d9e7688afd135905c0634654a54c4,2024-11,Sussex Police,Sussex Police,-0.132154,50.820709,On or near Supermarket,E01016945,Brighton and Hove 030B,Violence and sexual offences,Awaiting court outcome,
9d2e82d78b3527fe586c6abc97b96f5d919a49a7ef8c878f2a2f90b106d83ebc,2024-11,Sussex Police,Sussex Police,-0.131396,50.820850,On or near Devonshire Place,E01016945,Brighton and Hove 030B,Violence and sexual offences,Unable to prosecute suspect,
e0b2efedcd6202ce9861566bce3f24c66f3901bc4c3d5e5791859e1f53b2ea68,2024-11,Sussex Police,Sussex Police,-0.128234,50.818614,On or near Charlotte Street,E01016945,Brighton and Hove 030B,Violence and sexual offences,Further investigation is not in the public interest,
02e699a4d21c364eb6c37587c7ac54c8607b68da27b79e24411973cc804cd2dc,2024-11,Sussex Police,Sussex Police,-0.128234,50.818614,On or near Charlotte Street,E01016945,Brighton and Hove 030B,Violence and sexual offences,Status update unavailable,
8fbbcdd52ca20cd8c8ff84f5c0e621b506944b1e5e13aaaa21f296b563a4ddf5,2024-11,Sussex Police,Sussex Police,-0.130088,50.820550,On or near Upper Rock Gardens,E01016945,Brighton and Hove 030B,Violence and sexual offences,Unable to prosecute suspect,
bc5e1066df0515ebddb911b47abe9e6b719868b730b285c12cbacec8deba6aca,2024-11,Sussex Police,Sussex Police,-0.131396,50.820850,On or near Devonshire Place,E01016945,Brighton and Hove 030B,Violence and sexual offences,Unable to prosecute suspect,
44077abc05dfc6fb6b4e0e4e77141b490260ca8949c680d4bbc422475400002f,2024-11,Sussex Police,Sussex Police,-0.132154,50.820709,On or near Supermarket,E01016945,Brighton and Hove 030B,Violence and sexual offences,Court result unavailable,
a5c4887705e2caed61d6c02429949188984bb777e5e3495bb002e1484998ebb3,2024-11,Sussex Police,Sussex Police,-0.131002,50.819701,On or near Rock Place,E01016945,Brighton and Hove 030B,Other crime,Local resolution,
a26bf93f66b8cc5ccd2ba4b8fdf4640bb6c20da6488236cd5d4eafe1946573c8,2024-11,Sussex Police,Sussex Police,-0.130190,50.820120,On or near Lower Rock Gardens,E01016945,Brighton and Hove 030B,Other crime,Further investigation is not in the public interest,
3d000196e80fbfd8516fe7b441f93182c125d62fb2e4706825d96aa4a321a965,2024-11,Sussex Police,Sussex Police,-0.128234,50.818614,On or near Charlotte Street,E01016945,Brighton and Hove 030B,Other crime,Local resolution,
15a5af3d49ad501aadd96ebd1fd1b912f01536bd93e8d081b32ebe679c847793,2024-11,Sussex Police,Sussex Police,-0.128234,50.818614,On or near Charlotte Street,E01016945,Brighton and Hove 030B,Other crime,Local resolution,
a023bb917c76433cc8927732ea97d2b84796daebcef3896419d9c5b1fb1176bf,2024-11,Sussex Police,Sussex Police,-0.128234,50.818614,On or near Charlotte Street,E01016945,Brighton and Hove 030B,Other crime,Local resolution,
7ee7a07e3dcae1e4c2dd18be7f79f7a314634af5c3e436fdde78992f39e4b7a6,2024-11,Sussex Police,Sussex Police,-0.128234,50.818614,On or near Charlotte Street,E01016945,Brighton and Hove 030B,Other crime,Local resolution,
,2024-11,Sussex Police,Sussex Police,-0.133436,50.828428,On or near Albion Street,E01016947,Brighton and Hove 030C,Anti-social behaviour,,
,2024-11,Sussex Police,Sussex Police,-0.133153,50.825923,On or near Ashton Rise,E01016947,Brighton and Hove 030C,Anti-social behaviour,,
,2024-11,Sussex Police,Sussex Police,-0.132512,50.827388,On or near Grove Hill,E01016947,Brighton and Hove 030C,Anti-social behaviour,,
,2024-11,Sussex Police,Sussex Police,-0.133153,50.825923,On or near Ashton Rise,E01016947,Brighton and Hove 030C,Anti-social behaviour,,
,2024-11,Sussex Police,Sussex Police,-0.133153,50.825923,On or near Ashton Rise,E01016947,Brighton and Hove 030C,Anti-social behaviour,,
,2024-11,Sussex Police,Sussex Police,-0.132512,50.827388,On or near Grove Hill,E01016947,Brighton and Hove 030C,Anti-social behaviour,,
,2024-11,Sussex Police,Sussex Police,-0.135002,50.825135,On or near Circus Street,E01016947,Brighton and Hove 030C,Anti-social behaviour,,
,2024-11,Sussex Police,Sussex Police,-0.132888,50.825092,On or near John Street,E01016947,Brighton and Hove 030C,Anti-social behaviour,,
,2024-11,Sussex Police,Sussex Police,-0.132888,50.825092,On or near John Street,E01016947,Brighton and Hove 030C,Anti-social behaviour,,
,2024-11,Sussex Police,Sussex Police,-0.133153,50.825923,On or near Ashton Rise,E01016947,Brighton and Hove 030C,Anti-social behaviour,,
c3d31f75a94d7f68b6b3e1938e7f2b0d7f76f59b8d3e485142bb58eb00e29432,2024-11,Sussex Police,Sussex Police,-0.132512,50.827388,On or near Grove Hill,E01016947,Brighton and Hove 030C,Bicycle theft,Investigation complete; no suspect identified,
b37a30c650cc7e85b657d81d95d8718cfec47a9f53a9d4afcf7d18b88ea4bd87,2024-11,Sussex Police,Sussex Police,-0.133922,50.826934,On or near Sussex Place,E01016947,Brighton and Hove 030C,Burglary,Status update unavailable,
20005e8ccbb5bf40ee5ad867db00b9646c92de5fea8f260a020bf8384ac03077,2024-11,Sussex Police,Sussex Police,-0.132512,50.827388,On or near Grove Hill,E01016947,Brighton and Hove 030C,Burglary,Investigation complete; no suspect identified,
bdc8b855dc8b5cd1873bcce3e58f9292dffe04384e3eb2954787471c2d73ee0f,2024-11,Sussex Police,Sussex Police,-0.132888,50.825092,On or near John Street,E01016947,Brighton and Hove 030C,Criminal damage and arson,Unable to prosecute suspect,
2a3b48e2c7cc0f43c8bd532c08cc8f80175df1c2a0efef15f0e0653e93aa6578,2024-11,Sussex Police,Sussex Police,-0.132888,50.825092,On or near John Street,E01016947,Brighton and Hove 030C,Criminal damage and arson,Investigation complete; no suspect identified,
ce5b3c9b3908c35da8eca4d52c5543226e05af82b52b6d27e60203a2f5fedeae,2024-11,Sussex Police,Sussex Police,-0.133153,50.825923,On or near Ashton Rise,E01016947,Brighton and Hove 030C,Criminal damage and arson,Unable to prosecute suspect,
16e10ee7ba4536a7d10e58fd77c44d3f4a937da39fe7f055f6df599f78d2e792,2024-11,Sussex Police,Sussex Police,-0.135002,50.825135,On or near Circus Street,E01016947,Brighton and Hove 030C,Drugs,Local resolution,
f6326bb285219ae0c22ddddca920867439bf03f2c376d7c748710e9a9cb6895b,2024-11,Sussex Police,Sussex Police,-0.135002,50.825135,On or near Circus Street,E01016947,Brighton and Hove 030C,Drugs,Status update unavailable,
13c27192b782420ef419ae46a44579ac00fe41eb872cfe2c7227823090fd1fe1,2024-11,Sussex Police,Sussex Police,-0.133776,50.826320,On or near Ivory Place,E01016947,Brighton and Hove 030C,Other theft,Unable to prosecute suspect,
7f294f2da046dc3ef3a2e710cf39f65e12b4ac64dee67250d946c7120a4f453a,2024-11,Sussex Police,Sussex Police,-0.135002,50.825135,On or near Circus Street,E01016947,Brighton and Hove 030C,Possession of weapons,Status update unavailable,
65664814c6b495e95936015b13874dfed701a4c5b3dbcf95180ff759baabb602,2024-11,Sussex Police,Sussex Police,-0.133153,50.825923,On or near Ashton Rise,E01016947,Brighton and Hove 030C,Possession of weapons,Unable to prosecute suspect,
d2b181ad1fb9e2358a62e098a525615b0b90fbf5a5e8391ac39977ebce96e9ea,2024-11,Sussex Police,Sussex Police,-0.134369,50.824270,On or near Kingswood Street,E01016947,Brighton and Hove 030C,Public order,Unable to prosecute suspect,
06cd0c4cb6778d4956abe09a7d9cf0dd15fa6e6e786a8a6f554d0146c51a2ca6,2024-11,Sussex Police,Sussex Police,-0.133776,50.826320,On or near Ivory Place,E01016947,Brighton and Hove 030C,Public order,Unable to prosecute suspect,
c8886ed67471918837c3eb972fee6138339dab5994b910f23c00e180dfb048ae,2024-11,Sussex Police,Sussex Police,-0.133153,50.825923,On or near Ashton Rise,E01016947,Brighton and Hove 030C,Public order,Investigation complete; no suspect identified,
01e1f7db4430418ce17a37dabb622924c855a6e1dd962606ee3438c6e65c9847,2024-11,Sussex Police,Sussex Police,-0.133825,50.826878,On or near Richmond Parade,E01016947,Brighton and Hove 030C,Vehicle crime,Court result unavailable,
93cc492f8262e797037e6b0e7c6b6b1c33fd9a209966ec34834e66ea67b8977b,2024-11,Sussex Police,Sussex Police,-0.135002,50.825135,On or near Circus Street,E01016947,Brighton and Hove 030C,Violence and sexual offences,Court result unavailable,
e6b2aef03cf003e2de1168c0fd48ceec901f2c026ec6234bc8cf75b9aa540078,2024-11,Sussex Police,Sussex Police,-0.135002,50.825135,On or near Circus Street,E01016947,Brighton and Hove 030C,Violence and sexual offences,Status update unavailable,
7c9ed9d8ad69fed6b4da6925f0c9af93b809a0497f38f29994a0cab35cdceb6a,2024-11,Sussex Police,Sussex Police,-0.132512,50.827388,On or near Grove Hill,E01016947,Brighton and Hove 030C,Violence and sexual offences,Unable to prosecute suspect,
a5e01e752dabc932d5481c74d5d7cb55b8cce2a419efbb0d355ce63ac9f7989e,2024-11,Sussex Police,Sussex Police,-0.133922,50.826934,On or near Sussex Place,E01016947,Brighton and Hove 030C,Violence and sexual offences,Status update unavailable,
7d3dac7c647aa5f9fb8066343c399ee5ff696f728d473e0f76a5ac9d0a3eedaa,2024-11,Sussex Police,Sussex Police,-0.133922,50.826934,On or near Sussex Place,E01016947,Brighton and Hove 030C,Violence and sexual offences,Investigation complete; no suspect identified,
1232ba1f9087c6ed2219b4024130a8c199a0f00824b0d2a47bdbf8bfeca6993b,2024-11,Sussex Police,Sussex Police,-0.135002,50.825135,On or near Circus Street,E01016947,Brighton and Hove 030C,Violence and sexual offences,Court result unavailable,
f38a3061ed31c93b41dd1999b11a9d3db2ac4073effa594ba51c69e2fe525067,2024-11,Sussex Police,Sussex Police,-0.135002,50.825135,On or near Circus Street,E01016947,Brighton and Hove 030C,Violence and sexual offences,Status update unavailable,
0a1f434752aa6c5877c21d7437ba24dccc02c73c974f0735c09dbdecad91174a,2024-11,Sussex Police,Sussex Police,-0.134246,50.825563,On or near Morley Street,E01016947,Brighton and Hove 030C,Violence and sexual offences,Investigation complete; no suspect identified,
45999e33b4b3b4b76110bfdcd09aab30b72b1c00bc9aaa777e3424501a04adb3,2024-11,Sussex Police,Sussex Police,-0.132512,50.827388,On or near Grove Hill,E01016947,Brighton and Hove 030C,Violence and sexual offences,Unable to prosecute suspect,
94924aa48cd5fa9172ced8cd37325baf9fab91203f808e053ff3d1d9f7b13c6a,2024-11,Sussex Police,Sussex Police,-0.135002,50.825135,On or near Circus Street,E01016947,Brighton and Hove 030C,Violence and sexual offences,Investigation complete; no suspect identified,
2bb56d61a5a690b74090d0e66cd5b6f3939b678dc7239b4698494d3cfadd1f88,2024-11,Sussex Police,Sussex Police,-0.132512,50.827388,On or near Grove Hill,E01016947,Brighton and Hove 030C,Violence and sexual offences,Unable to prosecute suspect,
54244cb22d7e35586a48072e9c1d823585e15cd6e77a6d701c661865e2a98154,2024-11,Sussex Police,Sussex Police,-0.134246,50.825563,On or near Morley Street,E01016947,Brighton and Hove 030C,Other crime,Local resolution,
f9d0844c7b1d56a6b9088f1f3dd2a78d0587ea7f44a808f33afcbd5498a9efce,2024-11,Sussex Police,Sussex Police,-0.134369,50.824270,On or near Kingswood Street,E01016947,Brighton and Hove 030C,Other crime,Local resolution,
,2024-11,Sussex Police,Sussex Police,-0.132199,50.823858,On or near Tilbury Place,E01016948,Brighton and Hove 030D,Anti-social behaviour,,
db2d87c2278993fa0307045ea411e04fd7f421d44c5a7143c0eb52b1ecd3ce15,2024-11,Sussex Police,Sussex Police,-0.126928,50.824996,On or near West Drive,E01016948,Brighton and Hove 030D,Burglary,Investigation complete; no suspect identified,
3efa670569e115c95ac9d7f81a9d501e5a71ff04f8ee135f345020731811dd95,2024-11,Sussex Police,Sussex Police,-0.128815,50.825027,On or near Stanley Street,E01016948,Brighton and Hove 030D,Burglary,Investigation complete; no suspect identified,
1f908df098db8c8244f5ba968932ac30f96b818975b37f1a86d39b155b423b76,2024-11,Sussex Police,Sussex Police,-0.126928,50.824996,On or near West Drive,E01016948,Brighton and Hove 030D,Other theft,Investigation complete; no suspect identified,
04f4715dd288d7985812848d71caed740e51462085491e94869f2f70ae494570,2024-11,Sussex Police,Sussex Police,-0.130834,50.823908,On or near St John'S Place,E01016948,Brighton and Hove 030D,Other theft,Investigation complete; no suspect identified,
6a94b8a41b64c4264cc4c2efc06733bd38c67845d23015c034353be0a1c62e6e,2024-11,Sussex Police,Sussex Police,-0.130514,50.824793,On or near Sussex Street,E01016948,Brighton and Hove 030D,Public order,Unable to prosecute suspect,
30224ec7fe707d31092ec08ac7c4dae43187895b333127f51f6702a7d871ba9e,2024-11,Sussex Police,Sussex Police,-0.130514,50.824793,On or near Sussex Street,E01016948,Brighton and Hove 030D,Public order,Unable to prosecute suspect,
05f85966f8a1a3105b123c7bd262e616051fb48b522387d11d0de01ad8120ffb,2024-11,Sussex Police,Sussex Police,-0.132199,50.823858,On or near Tilbury Place,E01016948,Brighton and Hove 030D,Violence and sexual offences,Investigation complete; no suspect identified,
969cb8005473c8d393209c128ca58c715708ecedaa5dd989ed6842dd2b20f330,2024-11,Sussex Police,Sussex Police,-0.132199,50.823858,On or near Tilbury Place,E01016948,Brighton and Hove 030D,Violence and sexual offences,Unable to prosecute suspect,
b8a69a7341338eb27dfc72985ae7d17fcd48a3f8494adacf86a3312fdb2a6529,2024-11,Sussex Police,Sussex Police,-0.129639,50.826101,On or near Richmond Street,E01016948,Brighton and Hove 030D,Violence and sexual offences,Investigation complete; no suspect identified,
b86ea5b49a7f741b066165c1519e5faec315b4ab15f79fe31a32203afb59bddd,2024-11,Sussex Police,Sussex Police,-0.131165,50.825559,On or near Elmore Road,E01016948,Brighton and Hove 030D,Other crime,Unable to prosecute suspect,
,2024-11,Sussex Police,Sussex Police,-0.123603,50.824700,On or near East Drive,E01016949,Brighton and Hove 030E,Anti-social behaviour,,
,2024-11,Sussex Police,Sussex Police,-0.130219,50.822936,On or near Thames Close,E01016949,Brighton and Hove 030E,Anti-social behaviour,,
,2024-11,Sussex Police,Sussex Police,-0.133831,50.823684,On or near Police Station,E01016949,Brighton and Hove 030E,Anti-social behaviour,,
,2024-11,Sussex Police,Sussex Police,-0.133831,50.823684,On or near Police Station,E01016949,Brighton and Hove 030E,Anti-social behaviour,,
,2024-11,Sussex Police,Sussex Police,-0.128274,50.822221,On or near Tillstone Street,E01016949,Brighton and Hove 030E,Anti-social behaviour,,
,2024-11,Sussex Police,Sussex Police,-0.128870,50.822239,On or near Leicester Street,E01016949,Brighton and Hove 030E,Anti-social behaviour,,
6e9d3ef57d841c25a70973fd0a0dea3741655e25cfcd898d50b061c849921864,2024-11,Sussex Police,Sussex Police,-0.133831,50.823684,On or near Police Station,E01016949,Brighton and Hove 030E,Bicycle theft,Investigation complete; no suspect identified,
a1f799079406a19739b48bc850b8a3c8843f2dad0214f613eca4e6edeac63ecb,2024-11,Sussex Police,Sussex Police,-0.133831,50.823684,On or near Police Station,E01016949,Brighton and Hove 030E,Bicycle theft,Investigation complete; no suspect identified,
8a7025632135c81a80b50c4db474b030fdc43855a1c05a5fe496214d2031130c,2024-11,Sussex Police,Sussex Police,-0.125033,50.822322,On or near Southdown Mews,E01016949,Brighton and Hove 030E,Burglary,Investigation complete; no suspect identified,
f6b9f441c01220f0380515f9e29f906047a5f3172353d51636749a72201af1ad,2024-11,Sussex Police,Sussex Police,-0.129088,50.820687,On or near St Mary'S Place,E01016949,Brighton and Hove 030E,Criminal damage and arson,Unable to prosecute suspect,
a56921f16d8908f4e5a8e1a07c9acb48a9d81e7d9cae4c8107633e04ac767b67,2024-11,Sussex Police,Sussex Police,-0.130891,50.822461,On or near Grosvenor Street,E01016949,Brighton and Hove 030E,Criminal damage and arson,Investigation complete; no suspect identified,
5ec22c1fff20200b033e0f09ed353d5bb48b35faa4b1a80a84a3a710c7cbcfa9,2024-11,Sussex Police,Sussex Police,-0.128274,50.822221,On or near Tillstone Street,E01016949,Brighton and Hove 030E,Criminal damage and arson,Unable to prosecute suspect,
f2a9098cf9ad378a939a29a003041fbc4d3e5004b3580f927703653c2a2c72ba,2024-11,Sussex Police,Sussex Police,-0.130219,50.822936,On or near Thames Close,E01016949,Brighton and Hove 030E,Criminal damage and arson,Investigation complete; no suspect identified,
90f2ad022c83e8f77ea192eb88b33053a8323286055f3d28856aa4bbb81983ca,2024-11,Sussex Police,Sussex Police,-0.133831,50.823684,On or near Police Station,E01016949,Brighton and Hove 030E,Drugs,Court result unavailable,
3560dfc99e5249b2cfe02f834b203ce534aca1d64fea356e7f3b0bf89c70c913,2024-11,Sussex Police,Sussex Police,-0.133831,50.823684,On or near Police Station,E01016949,Brighton and Hove 030E,Other theft,Investigation complete; no suspect identified,
4fc5aa5fcb845f6b55c86f62099db7d2b35efec5074b7ed98ea515af198ff632,2024-11,Sussex Police,Sussex Police,-0.130989,50.823227,On or near Blaker Street,E01016949,Brighton and Hove 030E,Other theft,Unable to prosecute suspect,
0ff8de1b69d66f204eecf149b705374d5ca719f56c63c5420b936feaf41b0b69,2024-11,Sussex Police,Sussex Police,-0.133831,50.823684,On or near Police Station,E01016949,Brighton and Hove 030E,Other theft,Investigation complete; no suspect identified,
557290695ac6df47c22fb67782af2980815c5338a5fd1755a2b43674c973a8e0,2024-11,Sussex Police,Sussex Police,-0.125033,50.822322,On or near Southdown Mews,E01016949,Brighton and Hove 030E,Other theft,Unable to prosecute suspect,
59c46d3e217a7ec3c3c40dc67265a227fc8e2aafc4cda28c27e36a892d6d9704,2024-11,Sussex Police,Sussex Police,-0.133831,50.823684,On or near Police Station,E01016949,Brighton and Hove 030E,Other theft,Investigation complete; no suspect identified,
bdbaa9aeab07be37b667dc67b5697b1a17094d891dbb45da4a8872c8eb358217,2024-11,Sussex Police,Sussex Police,-0.129364,50.823731,On or near Park Road Terrace,E01016949,Brighton and Hove 030E,Other theft,Investigation complete; no suspect identified,
7d1656674c759f4cf5fec8f7d411c7b364e612d2d0f58e81326039d43c4b9710,2024-11,Sussex Police,Sussex Police,-0.133831,50.823684,On or near Police Station,E01016949,Brighton and Hove 030E,Other theft,Investigation complete; no suspect identified,
ab0508dd4eaea9dcf21928e2dbd35a2574450ac8ac97428bc2d8a04e7a3212b6,2024-11,Sussex Police,Sussex Police,-0.133831,50.823684,On or near Police Station,E01016949,Brighton and Hove 030E,Public order,Court result unavailable,
9cec2bddbf100932b435648cbdc4fbf257648a730327e390abff70edf6b3edbc,2024-11,Sussex Police,Sussex Police,-0.133831,50.823684,On or near Police Station,E01016949,Brighton and Hove 030E,Public order,Further investigation is not in the public interest,
9533fb4240a10a6c540fcd27f73b1d622085a4bdbde55f7b9548b58aeb86c22b,2024-11,Sussex Police,Sussex Police,-0.129689,50.822711,On or near Mount Pleasant,E01016949,Brighton and Hove 030E,Public order,Unable to prosecute suspect,
35aa8ffbdbebff99694c5c7352a63fc8f8eca02443e8a3d8a35f7d18097e9339,2024-11,Sussex Police,Sussex Police,-0.128585,50.820490,On or near Lavender Street,E01016949,Brighton and Hove 030E,Public order,Investigation complete; no suspect identified,
0fcd7ebd4ec67d80949aec6722c72076f15a40a05a61f6af6b4adcf005625722,2024-11,Sussex Police,Sussex Police,-0.133831,50.823684,On or near Police Station,E01016949,Brighton and Hove 030E,Theft from the person,Status update unavailable,
472119b690cae49eafb8ff69cd8247e6c742d784091775188882d1023a1b44e2,2024-11,Sussex Police,Sussex Police,-0.133831,50.823684,On or near Police Station,E01016949,Brighton and Hove 030E,Theft from the person,Status update unavailable,
38143b49a4df5cd2bb6cbfe96e135f12df96c7fa9daa127411b5504eeb0a310e,2024-11,Sussex Police,Sussex Police,-0.133831,50.823684,On or near Police Station,E01016949,Brighton and Hove 030E,Theft from the person,Investigation complete; no suspect identified,
dc79b5ab84328a927ddeaabba4d65f15082b9fbf1a2d453e6e1b2deedb97a1fe,2024-11,Sussex Police,Sussex Police,-0.128585,50.820490,On or near Lavender Street,E01016949,Brighton and Hove 030E,Vehicle crime,Investigation complete; no suspect identified,
26935d00466e827b53ffbf5068d7f449e9b38b748f65d7abe4318b5e6cbe2cb0,2024-11,Sussex Police,Sussex Police,-0.130219,50.822936,On or near Thames Close,E01016949,Brighton and Hove 030E,Violence and sexual offences,Unable to prosecute suspect,
4b59217480d347c6c94fbf972b15a9f43061b2f905d61373321462424e4d3b5f,2024-11,Sussex Police,Sussex Police,-0.130219,50.822936,On or near Thames Close,E01016949,Brighton and Hove 030E,Violence and sexual offences,Investigation complete; no suspect identified,
e32b2c3d179761119e4e761441e5072b98224089d03dfc12b1d84ce09136f988,2024-11,Sussex Police,Sussex Police,-0.133831,50.823684,On or near Police Station,E01016949,Brighton and Hove 030E,Violence and sexual offences,Unable to prosecute suspect,
e828d2279999a03f5940826535bd0c6e8861a2c9b118c3433f8a60aed6cd3eab,2024-11,Sussex Police,Sussex Police,-0.133831,50.823684,On or near Police Station,E01016949,Brighton and Hove 030E,Violence and sexual offences,Unable to prosecute suspect,
9ea8bb151f0d04cfa634f32bd7628320af128efd2edd79b298676ad104d32af4,2024-11,Sussex Police,Sussex Police,-0.128663,50.823153,On or near Egremont Place,E01016949,Brighton and Hove 030E,Violence and sexual offences,Unable to prosecute suspect,
019c11299e525ba4fc0f254ba853ececf1c14def93569402006249a31e138e25,2024-11,Sussex Police,Sussex Police,-0.133831,50.823684,On or near Police Station,E01016949,Brighton and Hove 030E,Violence and sexual offences,Status update unavailable,
8dd06284253d58380650e02313643b65a062b1b3a57fc269a3d580fc286a49d5,2024-11,Sussex Police,Sussex Police,-0.133831,50.823684,On or near Police Station,E01016949,Brighton and Hove 030E,Violence and sexual offences,Unable to prosecute suspect,
019e9543b27266afdd7288ebcaeeee8c11d910f6ab82e5f261ab207dfd760b65,2024-11,Sussex Police,Sussex Police,-0.133831,50.823684,On or near Police Station,E01016949,Brighton and Hove 030E,Violence and sexual offences,Status update unavailable,
ad96038b692896ead9426309b4e270cba94f99e79f8fecf1cc74f1e098a0e125,2024-11,Sussex Police,Sussex Police,-0.129485,50.823544,On or near Carlton Place,E01016949,Brighton and Hove 030E,Other crime,Court result unavailable,
66d0de64d8abc8ce52e84b3eef8cd6ea7d69ffaa00826b019727a5a818e16fd2,2024-11,Sussex Police,Sussex Police,-0.133831,50.823684,On or near Police Station,E01016949,Brighton and Hove 030E,Other crime,Status update unavailable,
,2024-11,Sussex Police,Sussex Police,-0.118153,50.817939,On or near Millfield Cottages,E01016861,Brighton and Hove 031A,Anti-social behaviour,,
,2024-11,Sussex Police,Sussex Police,-0.119048,50.817926,On or near Paston Place,E01016861,Brighton and Hove 031A,Anti-social behaviour,,
9258741ce324765677bab23da40c5ac10c2058db75a284946c2c465ac0cc086a,2024-11,Sussex Police,Sussex Police,-0.115873,50.816382,On or near Percival Terrace,E01016861,Brighton and Hove 031A,Criminal damage and arson,Investigation complete; no suspect identified,
769b005f3c9a92aa7560b46988bfa8ef51407104f527c3879a197c800ef6ea4e,2024-11,Sussex Police,Sussex Police,-0.115873,50.816382,On or near Percival Terrace,E01016861,Brighton and Hove 031A,Criminal damage and arson,Unable to prosecute suspect,
f94269b2ba90a281a1faf0b478204f6f55e14b8e13cc09947180961ce8d67b05,2024-11,Sussex Police,Sussex Police,-0.116876,50.817918,On or near Sudeley Place,E01016861,Brighton and Hove 031A,Criminal damage and arson,Status update unavailable,
ef5664e022e7d44dfde942a4d1e6b1f70526ade1740b19fdbf31d3e6116c7905,2024-11,Sussex Police,Sussex Police,-0.113507,50.816614,On or near Kemp Town Place,E01016861,Brighton and Hove 031A,Criminal damage and arson,Investigation complete; no suspect identified,
1057a019a7e3ce088cd4474503ba84376074165c5c6749dabeda421e30af5c7c,2024-11,Sussex Police,Sussex Police,-0.115873,50.816382,On or near Percival Terrace,E01016861,Brighton and Hove 031A,Drugs,Court result unavailable,
4694f7fcbcc227441ecd4fa6afddac3d41bccc3fdfda9d21dc5db407449e0749,2024-11,Sussex Police,Sussex Police,-0.115873,50.816382,On or near Percival Terrace,E01016861,Brighton and Hove 031A,Drugs,Court result unavailable,
cbc2ed54b8a375ac905c437a867e0048513975741e2da768614b248c17a73f26,2024-11,Sussex Police,Sussex Police,-0.115521,50.817375,On or near Chesham Street,E01016861,Brighton and Hove 031A,Public order,Investigation complete; no suspect identified,
eb3f1d0252f419398909b1a5dac31e6d37b706749728e70e596c8d6e4b277df3,2024-11,Sussex Police,Sussex Police,-0.119048,50.817926,On or near Paston Place,E01016861,Brighton and Hove 031A,Public order,Status update unavailable,
58debc8f6129b3aee215b416e2eea81dd413b2f54c59a31a95f20ed68be676fc,2024-11,Sussex Police,Sussex Police,-0.115873,50.816382,On or near Percival Terrace,E01016861,Brighton and Hove 031A,Public order,Unable to prosecute suspect,
7344af66f967e85269d8a3480f84f3126f4e7f2b7719c235e770caf0a1494276,2024-11,Sussex Police,Sussex Police,-0.115873,50.816382,On or near Percival Terrace,E01016861,Brighton and Hove 031A,Violence and sexual offences,Investigation complete; no suspect identified,
efd1af2373bb5c1edade88697a47204b3ecd31f9752269f2be1d686ac961000b,2024-11,Sussex Police,Sussex Police,-0.115873,50.816382,On or near Percival Terrace,E01016861,Brighton and Hove 031A,Violence and sexual offences,Unable to prosecute suspect,
cab7b86f8019b8995608502b8585b3579bc142586230761ce7f3be0425fb0150,2024-11,Sussex Police,Sussex Police,-0.119975,50.817465,On or near Seymour Street,E01016861,Brighton and Hove 031A,Violence and sexual offences,Further investigation is not in the public interest,
2877673e085830f70be2f116d5cc6676c3bece7b0e7f585d4fa121a279304abe,2024-11,Sussex Police,Sussex Police,-0.119048,50.817926,On or near Paston Place,E01016861,Brighton and Hove 031A,Violence and sexual offences,Court result unavailable,
d403e427d2dd981ddaf65e76d38a97841dadf4535065bb7a2a67801d46f72634,2024-11,Sussex Police,Sussex Police,-0.115873,50.816382,On or near Percival Terrace,E01016861,Brighton and Hove 031A,Violence and sexual offences,Unable to prosecute suspect,
be37aec5e92f43c923dfd8479c25e77ba134c8e2872ea847c215ae5f0435471a,2024-11,Sussex Police,Sussex Police,-0.119048,50.817926,On or near Paston Place,E01016861,Brighton and Hove 031A,Violence and sexual offences,Court result unavailable,
6b60f9c19bbe69efd3643eed6f3ccddba61b8f31f209d4fecb8595e37d779e64,2024-11,Sussex Police,Sussex Police,-0.115873,50.816382,On or near Percival Terrace,E01016861,Brighton and Hove 031A,Violence and sexual offences,Unable to prosecute suspect,
79da43b3b006367d19c0428169d2b40e8fd25bb311afc7d4c67ca4058ed80d94,2024-11,Sussex Police,Sussex Police,-0.119048,50.817926,On or near Paston Place,E01016861,Brighton and Hove 031A,Violence and sexual offences,Court result unavailable,
0499353e17e7bd01c213c9d1dd0e2ea536e3c202143dbc741afb4525f709dcff,2024-11,Sussex Police,Sussex Police,-0.117766,50.816611,On or near Belgrave Place,E01016861,Brighton and Hove 031A,Violence and sexual offences,Investigation complete; no suspect identified,
5ca197563bd2f23e49c2608d5aedb4a2ecb55f33a82741c69a1ff8ba296486be,2024-11,Sussex Police,Sussex Police,-0.118503,50.816991,On or near Eastern Terrace,E01016861,Brighton and Hove 031A,Violence and sexual offences,Status update unavailable,
e61af50b25b6d4d1a3e4e2ed046b04a11b05c0253091b4cb154fbe318529e864,2024-11,Sussex Police,Sussex Police,-0.119048,50.817926,On or near Paston Place,E01016861,Brighton and Hove 031A,Violence and sexual offences,Status update unavailable,
f5ae12963220f75d5baf378b159948b35d4256a45ccc0440614823b6320a36e8,2024-11,Sussex Police,Sussex Police,-0.116428,50.817408,On or near Eaton Place,E01016861,Brighton and Hove 031A,Other crime,Local resolution,
879139968da3e0c299fcd3e1b1f9b53b8dcf1f87654a348ae62b106a0ab66d3f,2024-11,Sussex Police,Sussex Police,-0.115873,50.816382,On or near Percival Terrace,E01016861,Brighton and Hove 031A,Other crime,Court result unavailable,
de915d08c1ba10a272583a137fdb6ba5744fac2bf4914b1eaf351bc10edc8c8f,2024-11,Sussex Police,Sussex Police,-0.119048,50.817926,On or near Paston Place,E01016861,Brighton and Hove 031A,Other crime,Local resolution,
7a49bcd6464880f66a21c538f67e56286b6e74877b71c0a66e38b3d784dc90db,2024-11,Sussex Police,Sussex Police,-0.119975,50.817465,On or near Seymour Street,E01016861,Brighton and Hove 031A,Other crime,Status update unavailable,
,2024-11,Sussex Police,Sussex Police,-0.119619,50.818907,On or near Abbey Road,E01016862,Brighton and Hove 031B,Anti-social behaviour,,
,2024-11,Sussex Police,Sussex Police,-0.115324,50.819440,On or near Hospital,E01016862,Brighton and Hove 031B,Anti-social behaviour,,
,2024-11,Sussex Police,Sussex Police,-0.115324,50.819440,On or near Hospital,E01016862,Brighton and Hove 031B,Anti-social behaviour,,
,2024-11,Sussex Police,Sussex Police,-0.116996,50.820591,On or near Turton Close,E01016862,Brighton and Hove 031B,Anti-social behaviour,,
eabfd70a09647b804910ba41f954779df192f35917174d9ac096d93b64752b39,2024-11,Sussex Police,Sussex Police,-0.117491,50.819925,On or near Hospital,E01016862,Brighton and Hove 031B,Bicycle theft,Investigation complete; no suspect identified,
c9c0a4150518cbf3a0d47b838576dc4dc7ef9cbbf3521484cc004796b1dd5767,2024-11,Sussex Police,Sussex Police,-0.120666,50.817935,On or near Portland Place,E01016862,Brighton and Hove 031B,Bicycle theft,Investigation complete; no suspect identified,
afa38d6266739dc912cbdf34301ae5a90a2979e03f78f07fcc5d93fdfeef300b,2024-11,Sussex Police,Sussex Police,-0.117491,50.819925,On or near Hospital,E01016862,Brighton and Hove 031B,Burglary,Investigation complete; no suspect identified,
87d0fcf18c3a346c0895a56af12e6343e6935d78009a163c081dd23ad304a1dc,2024-11,Sussex Police,Sussex Police,-0.117491,50.819925,On or near Hospital,E01016862,Brighton and Hove 031B,Criminal damage and arson,Status update unavailable,
2f2b8a41b78450c9484f857dfbc3f893574047b3c796201e972232195efc6985,2024-11,Sussex Police,Sussex Police,-0.121408,50.819260,On or near College Gardens,E01016862,Brighton and Hove 031B,Criminal damage and arson,Investigation complete; no suspect identified,
ee945b32ca1c1b8a984d53c3af1189257612295f2fa3b41b9af56cf85c1442c1,2024-11,Sussex Police,Sussex Police,-0.117491,50.819925,On or near Hospital,E01016862,Brighton and Hove 031B,Criminal damage and arson,Court result unavailable,
5432b5657e033016001329fa40d4fd9b19591618eed0130a471c5ec7cea4940c,2024-11,Sussex Police,Sussex Police,-0.117491,50.819925,On or near Hospital,E01016862,Brighton and Hove 031B,Criminal damage and arson,Unable to prosecute suspect,
978b46dc2328a0d7e0305a978424a9233883f4953cd1295dfe6615903a057180,2024-11,Sussex Police,Sussex Police,-0.117491,50.819925,On or near Hospital,E01016862,Brighton and Hove 031B,Drugs,Unable to prosecute suspect,
a30b8c416b057f1bf0705c5483146d470888a2bea579968ecb8630096d47db82,2024-11,Sussex Police,Sussex Police,-0.117491,50.819925,On or near Hospital,E01016862,Brighton and Hove 031B,Drugs,Status update unavailable,
2b9601f892c06046a89a705292f2b1588e3de0a2fbcf34731a6491198e105129,2024-11,Sussex Police,Sussex Police,-0.117491,50.819925,On or near Hospital,E01016862,Brighton and Hove 031B,Other theft,Court result unavailable,
b813cd5ebf55bbffbb51256ff33792c04607b5e633297fc9bd53d73a62c3e1db,2024-11,Sussex Police,Sussex Police,-0.117491,50.819925,On or near Hospital,E01016862,Brighton and Hove 031B,Other theft,Investigation complete; no suspect identified,
d4b39a7890ce975c0c077ca6e8a0d3a5ea2f1175715d8a58a17c2fa3bfe2d5e6,2024-11,Sussex Police,Sussex Police,-0.117491,50.819925,On or near Hospital,E01016862,Brighton and Hove 031B,Other theft,Investigation complete; no suspect identified,
4d4de9324dc6b77474bb91314e51ee708d24af0fc0e9b8580b5e2c9e1da30d9e,2024-11,Sussex Police,Sussex Police,-0.117148,50.819982,On or near Hospital,E01016862,Brighton and Hove 031B,Other theft,Investigation complete; no suspect identified,
43c9e9035ee89694c52c3c29c286f828741b97544d61d4df7a8b1dd94ac8d604,2024-11,Sussex Police,Sussex Police,-0.117491,50.819925,On or near Hospital,E01016862,Brighton and Hove 031B,Possession of weapons,Unable to prosecute suspect,
9c7b8e78b9d9eb033477cf46f6a460d80f4ce762ed50b02f381e5af149c1d86e,2024-11,Sussex Police,Sussex Police,-0.117491,50.819925,On or near Hospital,E01016862,Brighton and Hove 031B,Public order,Unable to prosecute suspect,
e9a54e9898946b4fb4c6fc6f4255a3769edac619ad763bf81c155885be440001,2024-11,Sussex Police,Sussex Police,-0.117491,50.819925,On or near Hospital,E01016862,Brighton and Hove 031B,Public order,Status update unavailable,
8dba44bb88759583c462f4cd13beacbe9f55e582c97d3b66ed4786d261750ed8,2024-11,Sussex Police,Sussex Police,-0.117491,50.819925,On or near Hospital,E01016862,Brighton and Hove 031B,Public order,Unable to prosecute suspect,
6f16506cd3387bf6e038269d3269582a24b7e7f385aa563f333915cdf3392a72,2024-11,Sussex Police,Sussex Police,-0.117491,50.819925,On or near Hospital,E01016862,Brighton and Hove 031B,Public order,Unable to prosecute suspect,
2645540b946af3860ea900ff658d7848a84153feb382ced72aabdf803762ae66,2024-11,Sussex Police,Sussex Police,-0.117491,50.819925,On or near Hospital,E01016862,Brighton and Hove 031B,Public order,Court result unavailable,
c86b03291321bfebade7b9b0b2fb2ab30ea4fb4f7d233c6777f535c903bd6184,2024-11,Sussex Police,Sussex Police,-0.117491,50.819925,On or near Hospital,E01016862,Brighton and Hove 031B,Public order,Unable to prosecute suspect,
d560645ce0b172c4742c0f4c37911abd50cc0fada9980aa538ce15410807585f,2024-11,Sussex Police,Sussex Police,-0.122302,50.818923,On or near Supermarket,E01016862,Brighton and Hove 031B,Public order,Investigation complete; no suspect identified,
43c38ee7b2de4b01e82886fdb8407e308bbfe1829a7afb4b4ed8cf1cab87f6a1,2024-11,Sussex Police,Sussex Police,-0.117491,50.819925,On or near Hospital,E01016862,Brighton and Hove 031B,Public order,Unable to prosecute suspect,
0ef3541b5d2f2ae0f597f6876cda7e6546694fa5316413e3447a28e885df8d1d,2024-11,Sussex Police,Sussex Police,-0.122302,50.818923,On or near Supermarket,E01016862,Brighton and Hove 031B,Shoplifting,Investigation complete; no suspect identified,
d84e412187c4471219ce57b4e39c255dc9cd1a33d892e295a8944b8a1b347ecf,2024-11,Sussex Police,Sussex Police,-0.120087,50.820327,On or near Bellevue Gardens,E01016862,Brighton and Hove 031B,Theft from the person,Investigation complete; no suspect identified,
271ef1338a02537f76b21aec3f25e7a402b3c3db7a3d17b6e6a11c4fb494d3af,2024-11,Sussex Police,Sussex Police,-0.114439,50.819570,On or near Bristol Gate,E01016862,Brighton and Hove 031B,Vehicle crime,Status update unavailable,
efab9cada6625e9973b102aee02e44a854030777464d34fac94dcd92b1d708d8,2024-11,Sussex Police,Sussex Police,-0.117491,50.819925,On or near Hospital,E01016862,Brighton and Hove 031B,Violence and sexual offences,Unable to prosecute suspect,
1772e8272a547225b2357e867966f2874309509582a4bd2123836dd0cf0e617f,2024-11,Sussex Police,Sussex Police,-0.121156,50.818824,On or near Bloomsbury Street,E01016862,Brighton and Hove 031B,Violence and sexual offences,Local resolution,
18dc5847842adfb776e81e5baa4dca0529ebf7a2aa2129f05e11f386998c4bbf,2024-11,Sussex Police,Sussex Police,-0.117491,50.819925,On or near Hospital,E01016862,Brighton and Hove 031B,Violence and sexual offences,Investigation complete; no suspect identified,
762c6d60d5dc2ea09822d3d0c816570fa2bfea7848c6030374a8a641f1b9940e,2024-11,Sussex Police,Sussex Police,-0.117491,50.819925,On or near Hospital,E01016862,Brighton and Hove 031B,Violence and sexual offences,Unable to prosecute suspect,
f40eb437d44aa6d58df1554e79877ce5fe8099f31cc1b34f18d11d98ab2b98dd,2024-11,Sussex Police,Sussex Police,-0.117491,50.819925,On or near Hospital,E01016862,Brighton and Hove 031B,Violence and sexual offences,Action to be taken by another organisation,
8a31f382cbeeef0c5223a9e2771d000f5bb0b8335bb5f049787751238b14253d,2024-11,Sussex Police,Sussex Police,-0.117491,50.819925,On or near Hospital,E01016862,Brighton and Hove 031B,Violence and sexual offences,Investigation complete; no suspect identified,
6a57eb84c5f240cb374ffac275ce840ce8638bff80441ca8bb3094884fa79e15,2024-11,Sussex Police,Sussex Police,-0.117491,50.819925,On or near Hospital,E01016862,Brighton and Hove 031B,Violence and sexual offences,Unable to prosecute suspect,
2ad11c9a24eb4a49447b3fbe1ae5609d3b150e8dabebf2a7609d11e97dd5a814,2024-11,Sussex Police,Sussex Police,-0.117491,50.819925,On or near Hospital,E01016862,Brighton and Hove 031B,Violence and sexual offences,Unable to prosecute suspect,
0fe12769e41ff1d32028f589cf2ab9b05fa95ebc54d50b1fe2102b4e660262db,2024-11,Sussex Police,Sussex Police,-0.116996,50.820591,On or near Turton Close,E01016862,Brighton and Hove 031B,Violence and sexual offences,Investigation complete; no suspect identified,
754f0917f1ea38e472fb490f6bea63b6af0de6fd538f0cb29b00b40350edce05,2024-11,Sussex Police,Sussex Police,-0.117491,50.819925,On or near Hospital,E01016862,Brighton and Hove 031B,Violence and sexual offences,Unable to prosecute suspect,
6ef6bd1c6312da078580c4fc3ab963e4bbef6b5a273630170a84f0796ed26341,2024-11,Sussex Police,Sussex Police,-0.116996,50.820591,On or near Turton Close,E01016862,Brighton and Hove 031B,Violence and sexual offences,Unable to prosecute suspect,
19ad50fecef5de1df7e015214f94f1fbb157fee48cedcdd38e1aab2130265ecc,2024-11,Sussex Police,Sussex Police,-0.117491,50.819925,On or near Hospital,E01016862,Brighton and Hove 031B,Violence and sexual offences,Unable to prosecute suspect,
79d38dd855e6089a1b2f10b09b73fce9b8cf6e60c70d379c83ff7f58994d1511,2024-11,Sussex Police,Sussex Police,-0.116996,50.820591,On or near Turton Close,E01016862,Brighton and Hove 031B,Violence and sexual offences,Unable to prosecute suspect,
ec0f338364bad18a94952b8ad7cb8362e88ec4b8ebc5d1808d7f9fe5b62d5339,2024-11,Sussex Police,Sussex Police,-0.117491,50.819925,On or near Hospital,E01016862,Brighton and Hove 031B,Violence and sexual offences,Court result unavailable,
0ec4d2f2004d6c70d0d118a00faadc272a8ab3b45fc4bc1f822ee864b5bd846b,2024-11,Sussex Police,Sussex Police,-0.117491,50.819925,On or near Hospital,E01016862,Brighton and Hove 031B,Violence and sexual offences,Action to be taken by another organisation,
c0dc70ab576dd7b59856c9912baebfee9002cd6bc54260da845cc7a49a1c1ae1,2024-11,Sussex Police,Sussex Police,-0.117491,50.819925,On or near Hospital,E01016862,Brighton and Hove 031B,Violence and sexual offences,Action to be taken by another organisation,
162a035ead7ae1889e363ed43fcd721aaf08c9926a7a115c85df3bf82c6d8553,2024-11,Sussex Police,Sussex Police,-0.117491,50.819925,On or near Hospital,E01016862,Brighton and Hove 031B,Violence and sexual offences,Status update unavailable,
c8707243706bd39ead7db09f6eac42549f17454d50932d56ddbf4c4aca82b44a,2024-11,Sussex Police,Sussex Police,-0.117491,50.819925,On or near Hospital,E01016862,Brighton and Hove 031B,Violence and sexual offences,Investigation complete; no suspect identified,
36450a22e979e504f3edcb316f9884a9513b39c48cc8e30f8708f183b3f90596,2024-11,Sussex Police,Sussex Police,-0.117491,50.819925,On or near Hospital,E01016862,Brighton and Hove 031B,Violence and sexual offences,Unable to prosecute suspect,
8e3ca85816d1d5cdc5b64a7036cc1a16d33e1fac4f7c71409462c1012ef3ebaa,2024-11,Sussex Police,Sussex Police,-0.117491,50.819925,On or near Hospital,E01016862,Brighton and Hove 031B,Violence and sexual offences,Status update unavailable,
a697f7cfdae66c1507b75e4d2be703762d7f8e6bf040d022b7b8bdbb46c459c9,2024-11,Sussex Police,Sussex Police,-0.117491,50.819925,On or near Hospital,E01016862,Brighton and Hove 031B,Other crime,Unable to prosecute suspect,
,2024-11,Sussex Police,Sussex Police,-0.128289,50.820431,On or near Veronica Way,E01016942,Brighton and Hove 031C,Anti-social behaviour,,
,2024-11,Sussex Police,Sussex Police,-0.125427,50.819945,On or near Montague Street,E01016942,Brighton and Hove 031C,Anti-social behaviour,,
,2024-11,Sussex Police,Sussex Police,-0.127358,50.820983,On or near Hereford Street,E01016942,Brighton and Hove 031C,Anti-social behaviour,,
,2024-11,Sussex Police,Sussex Police,-0.119417,50.822177,On or near Walpole Terrace,E01016942,Brighton and Hove 031C,Anti-social behaviour,,
,2024-11,Sussex Police,Sussex Police,-0.124668,50.820463,On or near Somerset Street,E01016942,Brighton and Hove 031C,Anti-social behaviour,,
,2024-11,Sussex Police,Sussex Police,-0.127009,50.820492,On or near Essex Street,E01016942,Brighton and Hove 031C,Anti-social behaviour,,
,2024-11,Sussex Police,Sussex Police,-0.124151,50.819879,On or near Telegraph Street,E01016942,Brighton and Hove 031C,Anti-social behaviour,,
,2024-11,Sussex Police,Sussex Police,-0.124151,50.819879,On or near Telegraph Street,E01016942,Brighton and Hove 031C,Anti-social behaviour,,
,2024-11,Sussex Police,Sussex Police,-0.124151,50.819879,On or near Telegraph Street,E01016942,Brighton and Hove 031C,Anti-social behaviour,,
1bce9a4bf381001fdca2558bdbefc664075743ef8855e6e7ba0bb6617ee2a4c9,2024-11,Sussex Police,Sussex Police,-0.128289,50.820431,On or near Veronica Way,E01016942,Brighton and Hove 031C,Burglary,Unable to prosecute suspect,
e6ce510fdeada5455c2a8372cbc79497205727607019f14a6cd47b9339bd85a3,2024-11,Sussex Police,Sussex Police,-0.119417,50.822177,On or near Walpole Terrace,E01016942,Brighton and Hove 031C,Criminal damage and arson,Investigation complete; no suspect identified,
8e9c42f65a606d98357913824cffac0b6e8873582ca5dbfda5f246578a91e16e,2024-11,Sussex Police,Sussex Police,-0.126093,50.820324,On or near Upper Bedford Street,E01016942,Brighton and Hove 031C,Criminal damage and arson,Unable to prosecute suspect,
3457908a7b03549b830fca9678495a38c768a9d960670559098a20de9437c9ad,2024-11,Sussex Police,Sussex Police,-0.128289,50.820431,On or near Veronica Way,E01016942,Brighton and Hove 031C,Drugs,Unable to prosecute suspect,
fe8a00f9aac39f3a065bd47d0d43e4ada858d50578ac679a379e482718a8a39d,2024-11,Sussex Police,Sussex Police,-0.127839,50.819606,On or near Upper St James'S Street,E01016942,Brighton and Hove 031C,Other theft,Unable to prosecute suspect,
d2935387cdac3acb3fbb07181d00d17e31d22afca8359cfd99eb40074f274e55,2024-11,Sussex Police,Sussex Police,-0.127358,50.820983,On or near Hereford Street,E01016942,Brighton and Hove 031C,Possession of weapons,Court result unavailable,
e2c13fae33dc0ad1669823466154ef7543c7e417d334d679f5a07c8192b00eee,2024-11,Sussex Police,Sussex Police,-0.127358,50.820983,On or near Hereford Street,E01016942,Brighton and Hove 031C,Shoplifting,Investigation complete; no suspect identified,
b45daf07a8f8a59ddbde475196a27305dd29373e52189fbd5ae8e96696c5c394,2024-11,Sussex Police,Sussex Police,-0.127358,50.820983,On or near Hereford Street,E01016942,Brighton and Hove 031C,Vehicle crime,Investigation complete; no suspect identified,
d0dde736339a29e242585c118e5404442bacbbfb24d7313dff63225013c5373f,2024-11,Sussex Police,Sussex Police,-0.126093,50.820324,On or near Upper Bedford Street,E01016942,Brighton and Hove 031C,Violence and sexual offences,Unable to prosecute suspect,
3d308a7d40622be63f6e1be88ff97ec48721e3561a25bad3d51825834624d902,2024-11,Sussex Police,Sussex Police,-0.124668,50.820463,On or near Somerset Street,E01016942,Brighton and Hove 031C,Violence and sexual offences,Investigation complete; no suspect identified,
229569141ec8b6ca0a889092c8d150deb53ebf6d2d0e0666228e888fac3787d6,2024-11,Sussex Police,Sussex Police,-0.125427,50.819945,On or near Montague Street,E01016942,Brighton and Hove 031C,Violence and sexual offences,Unable to prosecute suspect,
739ccc53a49cc0b5be9b993ac7046238e0ad19763ce23ad0851269742a843eb4,2024-11,Sussex Police,Sussex Police,-0.124151,50.819879,On or near Telegraph Street,E01016942,Brighton and Hove 031C,Violence and sexual offences,Investigation complete; no suspect identified,
,2024-11,Sussex Police,Sussex Police,-0.118859,50.824030,On or near Rochester Street,E01016943,Brighton and Hove 031D,Anti-social behaviour,,
3652ddc8eea271d3057af94c5d5dad917ed8d85dc02ba4256ff31d702c316253,2024-11,Sussex Police,Sussex Police,-0.121701,50.823284,On or near Olivier Close,E01016943,Brighton and Hove 031D,Burglary,Investigation complete; no suspect identified,
04cb20f3f29a96ff489a2be75144e8e7728581f07681e0de536bb5b3f0cb6ae7,2024-11,Sussex Police,Sussex Police,-0.124719,50.819538,On or near St George'S Terrace,E01016944,Brighton and Hove 031E,Burglary,Investigation complete; no suspect identified,
e6350a41063e67893f5e657d393bdbb90501a2fd68fa85410f40ca482bcbc45b,2024-11,Sussex Police,Sussex Police,-0.125459,50.819145,On or near Bristol Road,E01016944,Brighton and Hove 031E,Criminal damage and arson,Further investigation is not in the public interest,
e314e5e52c0364990369fbe55c20e23f4465110d4de3405fedc2bcab0e622dce,2024-11,Sussex Police,Sussex Police,-0.126283,50.819122,On or near Marine Terrace Mews,E01016944,Brighton and Hove 031E,Other theft,Investigation complete; no suspect identified,
84f57b04da717169e35fd81137b48a42bffb4793fdf37502b8f6d9e50047da68,2024-11,Sussex Police,Sussex Police,-0.132916,50.819399,On or near Nightclub,E01016944,Brighton and Hove 031E,Other theft,Investigation complete; no suspect identified,
9286580ba21e3fbe422d1ba837d3a4fe3de43d23ba77ddfcc83dfa4f38aac44e,2024-11,Sussex Police,Sussex Police,-0.126283,50.819122,On or near Marine Terrace Mews,E01016944,Brighton and Hove 031E,Public order,Unable to prosecute suspect,
649e91fde7b7b5227bcd2c07a790bbf9cc924d9aeda84ab544a1b9934df92493,2024-11,Sussex Police,Sussex Police,-0.126283,50.819122,On or near Marine Terrace Mews,E01016944,Brighton and Hove 031E,Public order,Unable to prosecute suspect,
7381ab0dbebeca65c37f53fc6cf67e3cc27c556fd547303037eb8c4b0d512d74,2024-11,Sussex Police,Sussex Police,-0.127475,50.819123,On or near Marine Gardens,E01016944,Brighton and Hove 031E,Public order,Unable to prosecute suspect,
e5687a52c226b1bf5470d073aad6b4bf36203ccf5bca7718cc6c2ab2ec4d252c,2024-11,Sussex Police,Sussex Police,-0.132916,50.819399,On or near Nightclub,E01016944,Brighton and Hove 031E,Violence and sexual offences,Unable to prosecute suspect,
5108d3ceaf74fd3cdfaf219e1e97fefd46fc0f5f1c83f64a94f29a72baf4b1ce,2024-11,Sussex Police,Sussex Police,-0.127475,50.819123,On or near Marine Gardens,E01016944,Brighton and Hove 031E,Violence and sexual offences,Investigation complete; no suspect identified,
111fb7a3f7f833145a4e2f5db61cda1d655b9242026c21a39e7b41764e6d5060,2024-11,Sussex Police,Sussex Police,-0.127475,50.819123,On or near Marine Gardens,E01016944,Brighton and Hove 031E,Violence and sexual offences,Unable to prosecute suspect,
c6db19691d6b5f9f53545688fa4b7aa1fb91a609025954789e4e643b5b76f5ad,2024-11,Sussex Police,Sussex Police,-0.122978,50.819762,On or near College Road,E01016944,Brighton and Hove 031E,Violence and sexual offences,Unable to prosecute suspect,
,2024-11,Sussex Police,Sussex Police,-0.109643,50.821246,On or near Manor Green,E01016863,Brighton and Hove 032A,Anti-social behaviour,,
,2024-11,Sussex Police,Sussex Police,-0.113864,50.820451,On or near Chadborn Close,E01016863,Brighton and Hove 032A,Anti-social behaviour,,
,2024-11,Sussex Police,Sussex Police,-0.109643,50.821246,On or near Manor Green,E01016863,Brighton and Hove 032A,Anti-social behaviour,,
,2024-11,Sussex Police,Sussex Police,-0.113777,50.821547,On or near Beresford Road,E01016863,Brighton and Hove 032A,Anti-social behaviour,,
,2024-11,Sussex Police,Sussex Police,-0.113864,50.820451,On or near Chadborn Close,E01016863,Brighton and Hove 032A,Anti-social behaviour,,
,2024-11,Sussex Police,Sussex Police,-0.109643,50.821246,On or near Manor Green,E01016863,Brighton and Hove 032A,Anti-social behaviour,,
3ebb55bad62df94be9723c54e417c356e5c1f4fcfa6f90a6eeb179dfb9c05a54,2024-11,Sussex Police,Sussex Police,-0.114689,50.816876,On or near Chichester Place,E01016863,Brighton and Hove 032A,Bicycle theft,Investigation complete; no suspect identified,
d57fa413a0ff2c0203ac40f5db94467faab8c2d751ce930e1269ec6042396fe2,2024-11,Sussex Police,Sussex Police,-0.112459,50.817253,On or near Petrol Station,E01016863,Brighton and Hove 032A,Criminal damage and arson,Investigation complete; no suspect identified,
ccb22a888c860402e53f92225f26a9e8e43dde5da502522dc2846f56747f8dac,2024-11,Sussex Police,Sussex Police,-0.113357,50.820335,On or near Bowring Way,E01016863,Brighton and Hove 032A,Criminal damage and arson,Unable to prosecute suspect,
944ce727da010f78c6240c8a0e79efc23f6a3acbeb3b53c1d5b352128c5eae38,2024-11,Sussex Police,Sussex Police,-0.113357,50.820335,On or near Bowring Way,E01016863,Brighton and Hove 032A,Criminal damage and arson,Offender given a caution,
e0ffa8b4c55058d7fdf66804c5f3f7e828c61456e40b1e20e40a520621216a04,2024-11,Sussex Police,Sussex Police,-0.114252,50.821033,On or near Donald Hall Road,E01016863,Brighton and Hove 032A,Other theft,Investigation complete; no suspect identified,
72eac1c54a388d9d8ba64716f0394e6bce4dcb5231c4dc7c3dca457f6c6afcd1,2024-11,Sussex Police,Sussex Police,-0.113864,50.820451,On or near Chadborn Close,E01016863,Brighton and Hove 032A,Vehicle crime,Unable to prosecute suspect,
f9d8616868ade1bc3196a622acdf676672c5773e86636e558ddd0b4035544fea,2024-11,Sussex Police,Sussex Police,-0.114252,50.821033,On or near Donald Hall Road,E01016863,Brighton and Hove 032A,Violence and sexual offences,Unable to prosecute suspect,
4884851f36775e0a42f39e0fa2a7d914ca1d95ec336df4cc67cbf461de653dd6,2024-11,Sussex Police,Sussex Police,-0.113357,50.820335,On or near Bowring Way,E01016863,Brighton and Hove 032A,Violence and sexual offences,Unable to prosecute suspect,
b23464c64e468d2864343c6033cc5eda6376850690f0807063869350701f0022,2024-11,Sussex Police,Sussex Police,-0.113357,50.820335,On or near Bowring Way,E01016863,Brighton and Hove 032A,Violence and sexual offences,Action to be taken by another organisation,
06bdefaf70b942fca3a622c7f385080c5f752c7129cedcc549e84783f4cf228e,2024-11,Sussex Police,Sussex Police,-0.113357,50.820335,On or near Bowring Way,E01016863,Brighton and Hove 032A,Violence and sexual offences,Unable to prosecute suspect,
bf9f225cb4eb86a4dd29a56657b9b69da084a5e71cfdfc344114c65ad488bd65,2024-11,Sussex Police,Sussex Police,-0.110386,50.819378,On or near Robin Dene,E01016863,Brighton and Hove 032A,Violence and sexual offences,Action to be taken by another organisation,
f67f9d8414a7e52001683a312f2d87de53912e563670af25dc5fca214eaea58c,2024-11,Sussex Police,Sussex Police,-0.113357,50.820335,On or near Bowring Way,E01016863,Brighton and Hove 032A,Violence and sexual offences,Status update unavailable,
bad4bc48db3ce5d2228f01033aaa875bd5f3b511ab7aca9b5a3e372e367c4611,2024-11,Sussex Police,Sussex Police,-0.113777,50.821547,On or near Beresford Road,E01016863,Brighton and Hove 032A,Violence and sexual offences,Unable to prosecute suspect,
,2024-11,Sussex Police,Sussex Police,-0.106878,50.818350,On or near Rugby Place,E01016869,Brighton and Hove 032B,Anti-social behaviour,,
,2024-11,Sussex Police,Sussex Police,-0.105732,50.820355,On or near Henfield Close,E01016869,Brighton and Hove 032B,Anti-social behaviour,,
aa3c033e8ad2f94ac9f4de88d53438b19e0cc19c6bf1e2c5bc64fa2da963214c,2024-11,Sussex Police,Sussex Police,-0.106878,50.818350,On or near Rugby Place,E01016869,Brighton and Hove 032B,Criminal damage and arson,Investigation complete; no suspect identified,
c70296c2960c9a835f7f09e4190658687309996e1bbaaea810ce593f8aa33d22,2024-11,Sussex Police,Sussex Police,-0.106878,50.818350,On or near Rugby Place,E01016869,Brighton and Hove 032B,Criminal damage and arson,Unable to prosecute suspect,
92116c1e613fec2aa7129c986b144cab7215cb7ae5c5a731c9cca62686d49d08,2024-11,Sussex Police,Sussex Police,-0.108926,50.817916,On or near Bristol Gardens,E01016869,Brighton and Hove 032B,Criminal damage and arson,Investigation complete; no suspect identified,
fe1c0a951c75e22b0873a1a5c96a76390b80dcd1daf9572e9be62261d54179e4,2024-11,Sussex Police,Sussex Police,-0.104547,50.819472,On or near Reading Road,E01016869,Brighton and Hove 032B,Drugs,Investigation complete; no suspect identified,
2c477a55599662bcc025df2b72e60869d52f2abce500ce27d56d21af9166a064,2024-11,Sussex Police,Sussex Police,-0.106878,50.818350,On or near Rugby Place,E01016869,Brighton and Hove 032B,Possession of weapons,Unable to prosecute suspect,
c58baec5ea246f02d822916f95cb697d9eb0f6e87703258e416bc63952a0f4e0,2024-11,Sussex Police,Sussex Police,-0.108926,50.817916,On or near Bristol Gardens,E01016869,Brighton and Hove 032B,Public order,Unable to prosecute suspect,
fa53c0f24f7e53840b4cfd988b7e67fc5f419193b49de3c5f07175771ac7fa67,2024-11,Sussex Police,Sussex Police,-0.107042,50.819927,On or near Playden Close,E01016869,Brighton and Hove 032B,Public order,Investigation complete; no suspect identified,
f0ff541830f7cd07258bcd3f345f66eccff7ae395940d02071cfee74b313fae4,2024-11,Sussex Police,Sussex Police,-0.106878,50.818350,On or near Rugby Place,E01016869,Brighton and Hove 032B,Public order,Status update unavailable,
8d4e3248f2b4e9c53e527f334bff73e228c93c018a322db72913d77bb985c3ed,2024-11,Sussex Police,Sussex Police,-0.106004,50.818192,On or near Supermarket,E01016869,Brighton and Hove 032B,Shoplifting,Investigation complete; no suspect identified,
bef441db67b6327c81b122d7a3a168017cbc3fcd5b68a861ba0a3ba0688ecc8d,2024-11,Sussex Police,Sussex Police,-0.105732,50.820355,On or near Henfield Close,E01016869,Brighton and Hove 032B,Violence and sexual offences,Investigation complete; no suspect identified,
7fbb73fbee838ce954f0e8f3845678186c794e9eaa4ad5204eeaaeba36fb033f,2024-11,Sussex Police,Sussex Police,-0.106878,50.818350,On or near Rugby Place,E01016869,Brighton and Hove 032B,Violence and sexual offences,Investigation complete; no suspect identified,
,2024-11,Sussex Police,Sussex Police,-0.102240,50.812654,On or near Palm Drive,E01016957,Brighton and Hove 032C,Anti-social behaviour,,
,2024-11,Sussex Police,Sussex Police,-0.074118,50.807498,On or near Marine Drive,E01016957,Brighton and Hove 032C,Anti-social behaviour,,
,2024-11,Sussex Police,Sussex Police,-0.087856,50.814137,On or near Roedean Vale,E01016957,Brighton and Hove 032C,Anti-social behaviour,,
,2024-11,Sussex Police,Sussex Police,-0.105946,50.812957,On or near Parking Area,E01016957,Brighton and Hove 032C,Anti-social behaviour,,
,2024-11,Sussex Police,Sussex Police,-0.105946,50.812957,On or near Parking Area,E01016957,Brighton and Hove 032C,Anti-social behaviour,,
,2024-11,Sussex Police,Sussex Police,-0.103633,50.813648,On or near Supermarket,E01016957,Brighton and Hove 032C,Anti-social behaviour,,
,2024-11,Sussex Police,Sussex Police,-0.107108,50.813021,On or near Parking Area,E01016957,Brighton and Hove 032C,Anti-social behaviour,,
,2024-11,Sussex Police,Sussex Police,-0.107108,50.813021,On or near Parking Area,E01016957,Brighton and Hove 032C,Anti-social behaviour,,
6218ef97d3ca4dda16bbf800cbc370133bbe45e9f9194294e64d3326df3227d9,2024-11,Sussex Police,Sussex Police,-0.102240,50.812654,On or near Palm Drive,E01016957,Brighton and Hove 032C,Criminal damage and arson,Investigation complete; no suspect identified,
082f9cd5dfd334aa2df62c9e0a89e8b222256c812a60862efa4850d8a64f693b,2024-11,Sussex Police,Sussex Police,-0.102240,50.812654,On or near Palm Drive,E01016957,Brighton and Hove 032C,Other theft,Investigation complete; no suspect identified,
931b90fe8a0943e4098b79a3fd932063b9cd452932ee0a888118ef17ddd02c7f,2024-11,Sussex Police,Sussex Police,-0.105946,50.812957,On or near Parking Area,E01016957,Brighton and Hove 032C,Other theft,Investigation complete; no suspect identified,
78bab0781580f8c5ff9376b29d842621c21a3bb35c0206a67415ab4e02bd17d8,2024-11,Sussex Police,Sussex Police,-0.103633,50.813648,On or near Supermarket,E01016957,Brighton and Hove 032C,Other theft,Unable to prosecute suspect,
f3b34330dfa1066a104b1811c2ae7276609e17edb4974624f35a8f6c2a6020ee,2024-11,Sussex Police,Sussex Police,-0.103633,50.813648,On or near Supermarket,E01016957,Brighton and Hove 032C,Possession of weapons,Investigation complete; no suspect identified,
544f0502c777591f328a3fcbc3793b93804fa544c1c8e401acfd2062c4c9883f,2024-11,Sussex Police,Sussex Police,-0.103633,50.813648,On or near Supermarket,E01016957,Brighton and Hove 032C,Shoplifting,Investigation complete; no suspect identified,
ac9a015d2accd2597f9753294804fbcb31c7b3a2ff254a5c2f80e73fcbb2b494,2024-11,Sussex Police,Sussex Police,-0.101363,50.813629,On or near Shopping Area,E01016957,Brighton and Hove 032C,Vehicle crime,Investigation complete; no suspect identified,
024e161922ae5dcb5e9a2dfd339eedb9152fedefcbd4cd7ff47b2a02c2e5f4e6,2024-11,Sussex Police,Sussex Police,-0.097701,50.811851,On or near The Strand,E01016957,Brighton and Hove 032C,Violence and sexual offences,Status update unavailable,
ca67ccf630050925df1ac2d2562340100543af0316490e3b8fa9e42a2a86e395,2024-11,Sussex Police,Sussex Police,-0.074118,50.807498,On or near Marine Drive,E01016957,Brighton and Hove 032C,Violence and sexual offences,Unable to prosecute suspect,
0ae3b148b815df9bf207223725b1cd63b986b838d4e3eac09438287f9e6f92cc,2024-11,Sussex Police,Sussex Police,-0.103633,50.813648,On or near Supermarket,E01016957,Brighton and Hove 032C,Violence and sexual offences,Unable to prosecute suspect,
9aed0085d07a333fee5ddb4c7c6abe0f176250fc9a94318aab921c27fa06df42,2024-11,Sussex Police,Sussex Police,-0.103633,50.813648,On or near Supermarket,E01016957,Brighton and Hove 032C,Violence and sexual offences,Investigation complete; no suspect identified,
fb8b7d21f5b14605e6b9602aeb624c5b0ebd97e7077021da45f2584dad7f81cf,2024-11,Sussex Police,Sussex Police,-0.105946,50.812957,On or near Parking Area,E01016957,Brighton and Hove 032C,Violence and sexual offences,Investigation complete; no suspect identified,
8ecb8659eeab28b32234cdf29aac90ee0cb780a167e28c62508a853108dfdfb3,2024-11,Sussex Police,Sussex Police,-0.102240,50.812654,On or near Palm Drive,E01016957,Brighton and Hove 032C,Violence and sexual offences,Court result unavailable,
97adaa2446c0e118e4796b829d60f260776749f1b639c5052e7bb06bc8b8bc1a,2024-11,Sussex Police,Sussex Police,-0.107108,50.813021,On or near Parking Area,E01016957,Brighton and Hove 032C,Violence and sexual offences,Local resolution,
7cb899f7190b3f653792a8616903628349e9de33125ca45974d7dc20203103a4,2024-11,Sussex Police,Sussex Police,-0.074118,50.807498,On or near Marine Drive,E01016957,Brighton and Hove 032C,Violence and sexual offences,Court result unavailable,
,2024-11,Sussex Police,Sussex Police,-0.107883,50.816676,On or near Supermarket,E01016963,Brighton and Hove 032D,Anti-social behaviour,,
,2024-11,Sussex Police,Sussex Police,-0.107883,50.816676,On or near Supermarket,E01016963,Brighton and Hove 032D,Anti-social behaviour,,
,2024-11,Sussex Police,Sussex Police,-0.107883,50.816676,On or near Supermarket,E01016963,Brighton and Hove 032D,Anti-social behaviour,,
,2024-11,Sussex Police,Sussex Police,-0.103299,50.815945,On or near Cliff Road,E01016963,Brighton and Hove 032D,Anti-social behaviour,,
2cc549c0e7a6da9605be9da85c96aa6524724b1532512b4e8bebceb619809558,2024-11,Sussex Police,Sussex Police,-0.107427,50.816003,On or near Arundel Road,E01016963,Brighton and Hove 032D,Criminal damage and arson,Unable to prosecute suspect,
b34eae8c1e6b73109c908ced084a6139799a4f02fb1d598a566f6c902fee59e9,2024-11,Sussex Police,Sussex Police,-0.103299,50.815945,On or near Cliff Road,E01016963,Brighton and Hove 032D,Drugs,Investigation complete; no suspect identified,
2f10621441c1d3acd8e33285230f3a6721034be91b7cf8899be206985e8ced42,2024-11,Sussex Police,Sussex Police,-0.107883,50.816676,On or near Supermarket,E01016963,Brighton and Hove 032D,Other theft,Investigation complete; no suspect identified,
dfe5439ae1a336b92c97af7aece18005b3731caba949283da2705e8a19c75534,2024-11,Sussex Police,Sussex Police,-0.103299,50.815945,On or near Cliff Road,E01016963,Brighton and Hove 032D,Possession of weapons,Court result unavailable,
baa0b370e19f4eefef40ec92472dd3744ae276a3a965d22e79d6a1768f63436d,2024-11,Sussex Police,Sussex Police,-0.107883,50.816676,On or near Supermarket,E01016963,Brighton and Hove 032D,Possession of weapons,Court result unavailable,
6d99929b08e0d54e0905e2574786ae450b6dfbf146e9a643b2ac5042bd8142a1,2024-11,Sussex Police,Sussex Police,-0.107883,50.816676,On or near Supermarket,E01016963,Brighton and Hove 032D,Possession of weapons,Court result unavailable,
48d4b5dad6e7f2363967a99ac88706cf59e02d3776e303151ddf603cf08b58c4,2024-11,Sussex Police,Sussex Police,-0.103299,50.815945,On or near Cliff Road,E01016963,Brighton and Hove 032D,Possession of weapons,Court result unavailable,
a187eff90a64655afb9812c9db75bba31f138d56f7c9bcbb590c0f2a0bef89aa,2024-11,Sussex Police,Sussex Police,-0.098077,50.815536,On or near Roedean Road,E01016963,Brighton and Hove 032D,Possession of weapons,Awaiting court outcome,
b8d6284084681b64def8e99509069742c51a5f3cfb76d8819ebb13b623db3288,2024-11,Sussex Police,Sussex Police,-0.107883,50.816676,On or near Supermarket,E01016963,Brighton and Hove 032D,Public order,Investigation complete; no suspect identified,
4a4d93fb0b053411d4b73a2bdcaddd49c5841f39aa8d026a69d315f58dc1238e,2024-11,Sussex Police,Sussex Police,-0.108701,50.815763,On or near Lewes Mews,E01016963,Brighton and Hove 032D,Public order,Unable to prosecute suspect,
72f72f90a94befdf423354e7aa72cfe26257165d726efc172a633c2841fcc279,2024-11,Sussex Police,Sussex Police,-0.107883,50.816676,On or near Supermarket,E01016963,Brighton and Hove 032D,Public order,Investigation complete; no suspect identified,
f888d71e3996ca1616a5b23f23990d42ffc581138d01e00fb891e3e063afbf17,2024-11,Sussex Police,Sussex Police,-0.111604,50.816295,On or near Lewes Crescent,E01016963,Brighton and Hove 032D,Robbery,Investigation complete; no suspect identified,
ee5cfbc2bf5ef6caf2f00e86c3114836d83f6b5af073256f6548377db8581c6b,2024-11,Sussex Police,Sussex Police,-0.107883,50.816676,On or near Supermarket,E01016963,Brighton and Hove 032D,Shoplifting,Unable to prosecute suspect,
9c21f660de00d7eaae641b6e349704fabe11aae67debf5bb92d576b1e973937a,2024-11,Sussex Police,Sussex Police,-0.107883,50.816676,On or near Supermarket,E01016963,Brighton and Hove 032D,Shoplifting,Unable to prosecute suspect,
cc3fe68495d6bbeefc2258e77cbd7534af823eec994a86d2ac3dd6c2fbcaf4fe,2024-11,Sussex Police,Sussex Police,-0.107883,50.816676,On or near Supermarket,E01016963,Brighton and Hove 032D,Shoplifting,Investigation complete; no suspect identified,
ccce96b912e92a7b70fc44fd9617b7f11f02bea857bdf4f473d9eed3f368e8f5,2024-11,Sussex Police,Sussex Police,-0.106702,50.815676,On or near Arundel Street,E01016963,Brighton and Hove 032D,Vehicle crime,Investigation complete; no suspect identified,
c58c936dbe19ce36447f097b7c40dcc211aec43fb1e91fd756ab5100d9bf5e14,2024-11,Sussex Police,Sussex Police,-0.108752,50.817301,On or near Bristol Place,E01016963,Brighton and Hove 032D,Violence and sexual offences,Investigation complete; no suspect identified,
78f4081b9a6b607012289793d51505d6e74ef55143e0f87621a3610ec78d0928,2024-11,Sussex Police,Sussex Police,-0.033856,50.809039,On or near Heathfield Avenue,E01016956,Brighton and Hove 033A,Criminal damage and arson,Investigation complete; no suspect identified,
56f36173e0dcb3c22569923b89b52bcf4b8d9e3559539313ed0e68c021b8d697,2024-11,Sussex Police,Sussex Police,-0.029816,50.810266,On or near Coombe Rise,E01016956,Brighton and Hove 033A,Other theft,Unable to prosecute suspect,
921b5e6881a872e20497408f624b3c32d502f099a568a83056f8d306b2bcd405,2024-11,Sussex Police,Sussex Police,-0.033617,50.812372,On or near Westfield Avenue,E01016956,Brighton and Hove 033A,Violence and sexual offences,Status update unavailable,
a3c7599061cca5deea72046f7903d945a72454600f6ce94def244070dda07261,2024-11,Sussex Police,Sussex Police,-0.033856,50.809039,On or near Heathfield Avenue,E01016956,Brighton and Hove 033A,Violence and sexual offences,Investigation complete; no suspect identified,
f558931a4a8fbfae7c53fee62dfe57d2f4c408aab420bc927d7db801ddcc2bca,2024-11,Sussex Police,Sussex Police,-0.029816,50.810266,On or near Coombe Rise,E01016956,Brighton and Hove 033A,Violence and sexual offences,Unable to prosecute suspect,
bc2dd13a9e5ce2e26dc5b63b6321e20551ec526b1666f0fb404168b3581c0f7e,2024-11,Sussex Police,Sussex Police,-0.034013,50.811722,On or near Vale Road,E01016956,Brighton and Hove 033A,Violence and sexual offences,Unable to prosecute suspect,
67e057b27647596628221845be7d13eb37eeb44de109f8105e9927c08fa8d2e8,2024-11,Sussex Police,Sussex Police,-0.038726,50.811046,On or near Tumulus Road,E01016958,Brighton and Hove 033B,Criminal damage and arson,Status update unavailable,
0a13c7d0239a49e1f7672abb513a3732b01e6e0ec1c87fb65a82704c372bc090,2024-11,Sussex Police,Sussex Police,-0.046966,50.808171,On or near Westmeston Avenue,E01016958,Brighton and Hove 033B,Drugs,Investigation complete; no suspect identified,
cfc6737b72e963f35c5f493097da06e3f024b31fe0db6798202cb9ed3cdfcb96,2024-11,Sussex Police,Sussex Police,-0.039222,50.808698,On or near Chiltington Way,E01016958,Brighton and Hove 033B,Public order,Investigation complete; no suspect identified,
1c206060185a0ddf7858292d97761d5beca7285af14f8eacc1e462cc4f432063,2024-11,Sussex Police,Sussex Police,-0.045551,50.808732,On or near Lindfield Close,E01016958,Brighton and Hove 033B,Violence and sexual offences,Investigation complete; no suspect identified,
0148a40c09c535e9a5bfd53a8380899efbd7912ad641857887982026c6106eb4,2024-11,Sussex Police,Sussex Police,-0.039222,50.808698,On or near Chiltington Way,E01016958,Brighton and Hove 033B,Violence and sexual offences,Action to be taken by another organisation,
2488b1d1f2f7b529ffb1a84af47b4f8b0bf2563953ccc34d9507cea415e3f711,2024-11,Sussex Police,Sussex Police,-0.038726,50.811046,On or near Tumulus Road,E01016958,Brighton and Hove 033B,Violence and sexual offences,Unable to prosecute suspect,
f51fb70e42c2644600485232b928cde6024ddc2a9482d1e520109c76087982e9,2024-11,Sussex Police,Sussex Police,-0.058507,50.806412,On or near The Green,E01016959,Brighton and Hove 033C,Violence and sexual offences,Unable to prosecute suspect,
,2024-11,Sussex Police,Sussex Police,-0.060583,50.804603,On or near Nevill Road,E01016960,Brighton and Hove 033D,Anti-social behaviour,,
,2024-11,Sussex Police,Sussex Police,-0.060583,50.804603,On or near Nevill Road,E01016960,Brighton and Hove 033D,Anti-social behaviour,,
,2024-11,Sussex Police,Sussex Police,-0.061912,50.810912,On or near Wilkinson Close,E01016960,Brighton and Hove 033D,Anti-social behaviour,,
49e3ccb962d62a4937c2df07643275ae120445367f17376433d1ba8969de8629,2024-11,Sussex Police,Sussex Police,-0.058693,50.803978,On or near Park Crescent,E01016960,Brighton and Hove 033D,Burglary,Investigation complete; no suspect identified,
5064cde2b1df9ac2e73698f991f2d42c6700f2aff7b0d55ce53964a7e9661247,2024-11,Sussex Police,Sussex Police,-0.061064,50.804656,On or near Sheep Walk,E01016960,Brighton and Hove 033D,Criminal damage and arson,Investigation complete; no suspect identified,
7eb0ed588b721a22f84743f6ca226fca5b7e730d441a6e95250df8daddecfaaa,2024-11,Sussex Police,Sussex Police,-0.057618,50.803897,On or near High Street,E01016960,Brighton and Hove 033D,Drugs,Local resolution,
751ded8082afa0bedff132919fb4cdce0e115e86f4d6905a55d0bb413074702b,2024-11,Sussex Police,Sussex Police,-0.058005,50.803472,On or near West Street,E01016960,Brighton and Hove 033D,Other theft,Investigation complete; no suspect identified,
a34f8b3dc773afe280cf2b58091208d94e4424b2b538a9cd1efaa1af4074c14a,2024-11,Sussex Police,Sussex Police,-0.050622,50.810687,On or near Welesmere Road,E01016960,Brighton and Hove 033D,Other theft,Status update unavailable,
c70f9e3a120c31c5926f18f0c9b1e17f03c2669e846611d135e858b23d30cb75,2024-11,Sussex Police,Sussex Police,-0.055449,50.802476,On or near Parking Area,E01016960,Brighton and Hove 033D,Other theft,Investigation complete; no suspect identified,
424fbff4afc00c5bd69d2bcd93337e3f38c5a8b27b39d5035755e890065a8227,2024-11,Sussex Police,Sussex Police,-0.057618,50.803897,On or near High Street,E01016960,Brighton and Hove 033D,Public order,Unable to prosecute suspect,
ef48192f5875a56d2813f2afde210c4bb956ba638cf294d4f596c83253ac8701,2024-11,Sussex Police,Sussex Police,-0.057260,50.803963,On or near Denes Mews,E01016960,Brighton and Hove 033D,Violence and sexual offences,Unable to prosecute suspect,
6166a66daaaa5d41bbd0400a699546ad5f4c4cf6a9f875cf02227b13d09eab78,2024-11,Sussex Police,Sussex Police,-0.065611,50.814822,On or near Eley Drive,E01016960,Brighton and Hove 033D,Violence and sexual offences,Awaiting court outcome,
514dcff91adf1e8edeb0d7a4000b35ced46d842324224dc6d5f0098a1143d1ac,2024-11,Sussex Police,Sussex Police,-0.060583,50.804603,On or near Nevill Road,E01016960,Brighton and Hove 033D,Violence and sexual offences,Local resolution,
,2024-11,Sussex Police,Sussex Police,-0.037646,50.801602,On or near Withyham Avenue,E01016961,Brighton and Hove 033E,Anti-social behaviour,,
,2024-11,Sussex Police,Sussex Police,-0.034809,50.802238,On or near Longridge Avenue,E01016961,Brighton and Hove 033E,Anti-social behaviour,,
8a6b23e13050c41f55757f8760c49e2b792935971e87abb999673f9210b8a2c4,2024-11,Sussex Police,Sussex Police,-0.035595,50.801766,On or near Suez Way,E01016961,Brighton and Hove 033E,Burglary,Investigation complete; no suspect identified,
e060b190a5a996af7efcc8e6e4e25ff24a8f779ce9bdd988af252b86420741c3,2024-11,Sussex Police,Sussex Police,-0.037078,50.801251,On or near Supermarket,E01016961,Brighton and Hove 033E,Shoplifting,Investigation complete; no suspect identified,
468acab3929392c46340d7a20117bc453b9854600436ab455510b4da24bade01,2024-11,Sussex Police,Sussex Police,-0.034809,50.802238,On or near Longridge Avenue,E01016961,Brighton and Hove 033E,Violence and sexual offences,Unable to prosecute suspect,
7eb4831095a1eee71300e40cb5bf87094ffa3ba1c611ee99cd549f323ae90bcf,2024-11,Sussex Police,Sussex Police,-0.031710,50.804731,On or near Homebush Avenue,E01016961,Brighton and Hove 033E,Violence and sexual offences,Unable to prosecute suspect,
,2024-11,Sussex Police,Sussex Police,-0.077708,50.817882,On or near The Ridings,E01016962,Brighton and Hove 033F,Anti-social behaviour,,
,2024-11,Sussex Police,Sussex Police,-0.070091,50.820131,On or near The Vale,E01016962,Brighton and Hove 033F,Anti-social behaviour,,
2746ff4946eb1254d21a4e234c4cd43e945536fd5f086101bd2dac363a37325c,2024-11,Sussex Police,Sussex Police,-0.068738,50.817482,On or near Wanderdown Drive,E01016962,Brighton and Hove 033F,Violence and sexual offences,Unable to prosecute suspect,
a45c6c7879c6fc43d535b1f4b3126a670df24bae37b496a0c465278a699d3dd8,2024-11,Sussex Police,Sussex Police,-0.065941,50.813704,On or near Eley Crescent,E01016962,Brighton and Hove 033F,Violence and sexual offences,Investigation complete; no suspect identified,
582a3b58cf33820819ef4f7cfb4f025b900929ab9d0761affab20ef5d7e759c8,2024-11,Sussex Police,Sussex Police,-0.070906,50.813795,On or near Ainsworth Avenue,E01016962,Brighton and Hove 033F,Other crime,Court result unavailable,
,2024-11,Sussex Police,Sussex Police,-0.735940,51.081842,On or near Upper School Drive,E01031502,Chichester 001A,Anti-social behaviour,,
7bc27490ae135853a1aec9287ffb224ebf30f3ff860470c764f90ec6b3420da3,2024-11,Sussex Police,Sussex Police,-0.719111,51.075517,On or near Fernden Lane,E01031502,Chichester 001A,Burglary,Investigation complete; no suspect identified,
440e66b6286b37058940e4ff3ce26b2bb0279ba4115d0f8076e6c91d945372d3,2024-11,Sussex Police,Sussex Police,-0.724444,51.065350,On or near Chilcrofts Road,E01031502,Chichester 001A,Burglary,Investigation complete; no suspect identified,
ef6bdb819fc004834e4d958cd3b3837ab9a66aafe0cec137c364353ad7904d9f,2024-11,Sussex Police,Sussex Police,-0.723866,51.068734,On or near Bell Road,E01031502,Chichester 001A,Violence and sexual offences,Unable to prosecute suspect,
dec2c8a1fd47f39af374ce9ac98a9078d1d8f81e1ed7003d3684c0911ae16942,2024-11,Sussex Police,Sussex Police,-0.731983,51.081934,On or near Wey Gardens,E01031502,Chichester 001A,Other crime,Unable to prosecute suspect,
e61f0d78dcdba1d965d37f9de407a15be776e7e5a824a334ffd845372e5de693,2024-11,Sussex Police,Sussex Police,-0.760367,51.072301,On or near Sports/Recreation Area,E01031503,Chichester 001B,Burglary,Investigation complete; no suspect identified,
5952d9d76175050b32668af3d38e0b2eb8926448a2a49937fa92a945475300b2,2024-11,Sussex Police,Sussex Police,-0.723535,51.072966,On or near Bell Road,E01031503,Chichester 001B,Burglary,Investigation complete; no suspect identified,
7cc4aabd8c5af91462bdabfeddbc2c158e7f18e434639a0d13a4dc282d4f7284,2024-11,Sussex Police,Sussex Police,-0.743042,51.083177,On or near Penwith Drive,E01031503,Chichester 001B,Criminal damage and arson,Investigation complete; no suspect identified,
94b9fa1a4180fa5773be681df76685586b6c12b52d60cdd4e10ce3a31b0e3826,2024-11,Sussex Police,Sussex Police,-0.732337,51.069657,On or near Park/Open Space,E01031503,Chichester 001B,Other theft,Investigation complete; no suspect identified,
0e4b5aa1e072250e800433e8f794097b7c70b7bb192b2f780f8c6174c2158083,2024-11,Sussex Police,Sussex Police,-0.732337,51.069657,On or near Park/Open Space,E01031503,Chichester 001B,Violence and sexual offences,Unable to prosecute suspect,
ceb2cb65b231eac709d99565981d5ee561ec53dde477c04456a8283c89b0d029,2024-11,Sussex Police,Sussex Police,-0.732337,51.069657,On or near Park/Open Space,E01031503,Chichester 001B,Violence and sexual offences,Unable to prosecute suspect,
,2024-11,Sussex Police,Sussex Police,-0.724173,51.048729,On or near Crossfield,E01031504,Chichester 001C,Anti-social behaviour,,
3cb4721e92f30c9c0cb3f8da0807b6f4b6492a74ed75b0b0a73fd632bd7b69fb,2024-11,Sussex Police,Sussex Police,-0.713748,51.045494,On or near Ropes Lane,E01031504,Chichester 001C,Burglary,Investigation complete; no suspect identified,
9e574079ab8ad7006377164436617edb5f5629fe06bbe808b875e03e929b98dc,2024-11,Sussex Police,Sussex Police,-0.717294,51.051397,On or near Grailands Close,E01031504,Chichester 001C,Vehicle crime,Investigation complete; no suspect identified,
6de21ee3cda7194bb85b9dfe9a50c632b0c97c467a549ac960023609b6576e77,2024-11,Sussex Police,Sussex Police,-0.724942,51.045123,On or near Midhurst Road,E01031504,Chichester 001C,Violence and sexual offences,Investigation complete; no suspect identified,
068c2a0bd45f72b95ae0e660bac2ed6fe4400939987542103e32429e869a1d06,2024-11,Sussex Police,Sussex Police,-0.734786,51.030958,On or near Whites Lane,E01031504,Chichester 001C,Violence and sexual offences,Offender given a caution,
bf64baa633933fa4bcc43d01ad599fa4aa0d6078bba1ba3ba9957209a61eca1c,2024-11,Sussex Police,Sussex Police,-0.678351,51.037114,On or near Highstead Lane,E01031519,Chichester 001D,Burglary,Investigation complete; no suspect identified,
a218a12238e5bb6ac19a1e7cbd9bfefe2023be2276dbd2e8d194426d576d321a,2024-11,Sussex Police,Sussex Police,-0.644073,51.058268,On or near Valentines Lea,E01031519,Chichester 001D,Criminal damage and arson,Investigation complete; no suspect identified,
70a77e8fe9a47d12e14d65c1a30d736f00119f68113dff92ca78465657a6c739,2024-11,Sussex Police,Sussex Police,-0.642181,51.055134,On or near St Michaels Close,E01031519,Chichester 001D,Vehicle crime,Investigation complete; no suspect identified,
ae806fcada81e3b92b673394232c54df3ce4b800817f7f22d68b5cc9cbf7577d,2024-11,Sussex Police,Sussex Police,-0.642779,51.054701,On or near Luffs Meadow,E01031519,Chichester 001D,Vehicle crime,Investigation complete; no suspect identified,
34acfbf76f509a4b6bbbfe7bd120c5d7f73d84ca4a756d45b32fbd510f5b9ccf,2024-11,Sussex Police,Sussex Police,-0.644073,51.058268,On or near Valentines Lea,E01031519,Chichester 001D,Vehicle crime,Investigation complete; no suspect identified,
5a6b666cd4f741fb77e568de37555f8eb740d50a9bdfe04a9703f3dd0ba9b282,2024-11,Sussex Police,Sussex Police,-0.642779,51.054701,On or near Luffs Meadow,E01031519,Chichester 001D,Vehicle crime,Investigation complete; no suspect identified,
e94980e101c17ac85cf578e9b2cf4002ed6e7670b3e4672a59350935c3f2e99f,2024-11,Sussex Police,Sussex Police,-0.644073,51.058268,On or near Valentines Lea,E01031519,Chichester 001D,Violence and sexual offences,Unable to prosecute suspect,
cd273795808a5c5f9cd18d02082a63112aaebb30ba55068c33bcca7789c69a36,2024-11,Sussex Police,Sussex Police,-0.644073,51.058268,On or near Valentines Lea,E01031519,Chichester 001D,Violence and sexual offences,Investigation complete; no suspect identified,
2bb5547461778fae2b99268f7c3a2c1aeaca05e1e4aeac39892291a69afb7af6,2024-11,Sussex Police,Sussex Police,-0.541230,51.068352,On or near The Ride,E01031517,Chichester 002A,Criminal damage and arson,Investigation complete; no suspect identified,
8d4b5351463846d85ca60e9e9abd13a809a2665b63c3f3db9726529d0712d5a6,2024-11,Sussex Police,Sussex Police,-0.488787,51.068935,On or near Roger Dimmick Lane,E01031517,Chichester 002A,Drugs,Status update unavailable,
e6206c1eeb3f9eabfdd2e5716da0d9879c26501a0f042eaad30c9d2757cc0f84,2024-11,Sussex Police,Sussex Police,-0.516978,51.076473,On or near Pond Close,E01031517,Chichester 002A,Other theft,Status update unavailable,
a47fe9d585e800767ac8509a30d12c21cd8fa25db7c9db355e179685c7b89db9,2024-11,Sussex Police,Sussex Police,-0.519261,51.078732,On or near Pond Copse Lane,E01031517,Chichester 002A,Vehicle crime,Investigation complete; no suspect identified,
62ab3731e65d3591167471e3c27be45cba93b1816405a6327beef0dc9c532b6a,2024-11,Sussex Police,Sussex Police,-0.530100,51.064201,On or near Plaistow Road,E01031517,Chichester 002A,Vehicle crime,Investigation complete; no suspect identified,
f1c7aa533734581bdf9ea5fb52a9608caf4ef136cd4987cf1ff04840c214b267,2024-11,Sussex Police,Sussex Police,-0.516063,51.075175,On or near Badgers Way,E01031517,Chichester 002A,Vehicle crime,Investigation complete; no suspect identified,
98e37ce103b23ccefe5558fb07405fb9300bfa458d9e87c23b8fb1d0de9debba,2024-11,Sussex Police,Sussex Police,-0.516609,51.073276,On or near Station Road,E01031517,Chichester 002A,Violence and sexual offences,Unable to prosecute suspect,
ab881be9af5c0efc85a9f4d0c9a7912d75129a8405a41f46f0411ef7ab07d09b,2024-11,Sussex Police,Sussex Police,-0.512655,51.073270,On or near Loxwood Road,E01031517,Chichester 002A,Other crime,Investigation complete; no suspect identified,
5213a23fb9db0437a4435e5ac861e1a1767e83abed1654baf35b0a6600d80505,2024-11,Sussex Police,Sussex Police,-0.517018,51.072525,On or near Willetts Way,E01031517,Chichester 002A,Other crime,Court result unavailable,
1a4715ed41b161dddadbea129705b8aeb1c981580513472c4c05ef7dfdd54842,2024-11,Sussex Police,Sussex Police,-0.568473,51.068005,On or near Back Lane,E01031518,Chichester 002B,Other theft,Investigation complete; no suspect identified,
2613e3614e910fa82d69bddffab4a6df1e048d7de09ea96b2df848be157221a9,2024-11,Sussex Police,Sussex Police,-0.546834,51.070337,On or near Poundfield Lane,E01031518,Chichester 002B,Vehicle crime,Investigation complete; no suspect identified,
0ccbbe92243878d3c29d597f23dd5a4eff43914fd3a4b0ed3456339449e899f9,2024-11,Sussex Police,Sussex Police,-0.580704,51.083424,On or near Durfold Wood,E01031518,Chichester 002B,Vehicle crime,Investigation complete; no suspect identified,
684b299714bb8b8ebcf027a1e5161b0138f51983257e6a5d3671d570cdf2697a,2024-11,Sussex Police,Sussex Police,-0.546834,51.070337,On or near Poundfield Lane,E01031518,Chichester 002B,Vehicle crime,Investigation complete; no suspect identified,
2430884feb4fa542557a9127b364bc1a465f1dd4203b469ab3e269f458d389a0,2024-11,Sussex Police,Sussex Police,-0.570029,51.069373,On or near Dunsfold Road,E01031518,Chichester 002B,Vehicle crime,Investigation complete; no suspect identified,
74bf393e56710d35ef8069a14cef80501c634c3b1e6d7a24e480967588469777,2024-11,Sussex Police,Sussex Police,-0.552540,51.032917,On or near Herons Close,E01031544,Chichester 002C,Vehicle crime,Investigation complete; no suspect identified,
b571a3ca874c3c6578727bc272555b48b8388fe13cfa97eb7abcee332cd4fd61,2024-11,Sussex Police,Sussex Police,-0.537845,51.013579,On or near A272,E01031544,Chichester 002C,Violence and sexual offences,Investigation complete; no suspect identified,
bbafe2fae51e4f7f45549df79cc1b161ae65a791aec45c94641171259132501b,2024-11,Sussex Police,Sussex Police,-0.551739,51.030236,On or near School Court,E01031544,Chichester 002C,Other crime,Further investigation is not in the public interest,
,2024-11,Sussex Police,Sussex Police,-0.503139,51.023535,On or near School Road,E01031545,Chichester 002D,Anti-social behaviour,,
ca6a66826df7983f702da0764cd80b008731a4a67faacd158d88dc542e1f9902,2024-11,Sussex Police,Sussex Police,-0.509857,51.024799,On or near Carters Way,E01031545,Chichester 002D,Vehicle crime,Investigation complete; no suspect identified,
77178acfcf720cc4dacd5fc0ffb0eb0a970717e800376c04759909f27d135497,2024-11,Sussex Police,Sussex Police,-0.503139,51.023535,On or near School Road,E01031545,Chichester 002D,Violence and sexual offences,Unable to prosecute suspect,
,2024-11,Sussex Police,Sussex Police,-0.881881,50.966596,On or near Warren Side,E01031508,Chichester 003A,Anti-social behaviour,,
a65c18b81ca97185c779b8a5518625b20aba0e22621d121416cde60f2031bdac,2024-11,Sussex Police,Sussex Police,-0.809254,50.959242,On or near Bugshill Lane,E01031508,Chichester 003A,Criminal damage and arson,Investigation complete; no suspect identified,
5b959d38c9caa7f31fe7400ee3ee5e1fda7942057b41c53dbf69b26cc27cf9cd,2024-11,Sussex Police,Sussex Police,-0.809254,50.959242,On or near Bugshill Lane,E01031508,Chichester 003A,Criminal damage and arson,Investigation complete; no suspect identified,
89e365b05531e59d5861d003ad23b4b270f62b3cd31a04f8f53190b9c516b93b,2024-11,Sussex Police,Sussex Police,-0.859911,50.971636,On or near Orchard Close,E01031508,Chichester 003A,Vehicle crime,Investigation complete; no suspect identified,
19a159400d921d9d5a5be1809873f0b1af7e6b41b339677de6c428a6df2f99f7,2024-11,Sussex Police,Sussex Police,-0.881881,50.966596,On or near Warren Side,E01031508,Chichester 003A,Violence and sexual offences,Status update unavailable,
efade77b1eb45c8197806cee37c3430475986e253b51c364ad8d0481daebc202,2024-11,Sussex Police,Sussex Police,-0.881881,50.966596,On or near Warren Side,E01031508,Chichester 003A,Violence and sexual offences,Status update unavailable,
0c8c36149ae271907911c2c87373a4201a06aef58c623ac028d71a3760fa745e,2024-11,Sussex Police,Sussex Police,-0.881881,50.966596,On or near Warren Side,E01031508,Chichester 003A,Violence and sexual offences,Status update unavailable,
67a25d5f151544c1757944ffdec9ec01317da79971cb8f9f4ad7bf0d5fbeb3b1,2024-11,Sussex Police,Sussex Police,-0.881881,50.966596,On or near Warren Side,E01031508,Chichester 003A,Violence and sexual offences,Status update unavailable,
a8b9a80309c6ec0b20f17a0fbda554deb44b037cc513396ae7c0b057adcbfd81,2024-11,Sussex Police,Sussex Police,-0.848583,51.002963,On or near Garbitts Lane,E01031520,Chichester 003B,Burglary,Investigation complete; no suspect identified,
1a2e84098c328a96e40dd0b341b7f2c55076b965b7328b10698ce8041c30344d,2024-11,Sussex Police,Sussex Police,-0.849699,51.007398,On or near Red House Court,E01031520,Chichester 003B,Criminal damage and arson,Investigation complete; no suspect identified,
64e545b37fbe574d8fe13a95376a6b69426c57fef38fc7f71ac6955c03c9bb88,2024-11,Sussex Police,Sussex Police,-0.776745,50.993986,On or near Common View,E01031536,Chichester 003D,Other theft,Unable to prosecute suspect,
b0fe2623b1225f5b11b71563fc3ade199bcb93b3f05d89e4e114eb328242db60,2024-11,Sussex Police,Sussex Police,-0.772986,50.992787,On or near The Street,E01031536,Chichester 003D,Other theft,Investigation complete; no suspect identified,
57c9a449e8f7d91ffa0cdfa5daa8ebec47f52605076c9887dcd5b9e0f9f0cde3,2024-11,Sussex Police,Sussex Police,-0.732195,50.992118,On or near Petrol Station,E01031497,Chichester 004A,Other theft,Investigation complete; no suspect identified,
d93df30ded79bca589b440d7553b84ab4cb02b1b7070aea51322128a74e3d614,2024-11,Sussex Police,Sussex Police,-0.732195,50.992118,On or near Petrol Station,E01031497,Chichester 004A,Shoplifting,Court result unavailable,
71c099738a4d2b43d5576f53c96e000fbec56b95547dbd8e6892b17923d128f0,2024-11,Sussex Police,Sussex Police,-0.731823,50.993741,On or near Vanzell Road,E01031497,Chichester 004A,Vehicle crime,Investigation complete; no suspect identified,
f18f73ae3524588b14946ee5413166b142c6f53acc7676ae881e0e3279aafd5e,2024-11,Sussex Police,Sussex Police,-0.731334,51.001749,On or near Winters Lane,E01031497,Chichester 004A,Violence and sexual offences,Unable to prosecute suspect,
787e5fefcae6c4ff8e2985234b9125606f057de9183b22c57f178139af846dcb,2024-11,Sussex Police,Sussex Police,-0.731784,50.998804,On or near Canada Grove,E01031497,Chichester 004A,Violence and sexual offences,Investigation complete; no suspect identified,
c2e923ec5bb94add344a12d3c72a2b7f3921c95b41bb9703aef1a8759da1f7aa,2024-11,Sussex Police,Sussex Police,-0.732069,50.999868,On or near Hazelwood Close,E01031497,Chichester 004A,Violence and sexual offences,Unable to prosecute suspect,
8dfd09be764b63a1afa88971f8b3207522bc5633c5bbec1dcdbe8a7a678eb8b5,2024-11,Sussex Police,Sussex Police,-0.748204,51.018306,On or near Adams Walk,E01031497,Chichester 004A,Violence and sexual offences,Unable to prosecute suspect,
a7184e9c836e2c6b9aceed81ae0dd5e5ddb9e91859bfa8c6399e78577ec2b8ad,2024-11,Sussex Police,Sussex Police,-0.750142,50.981196,On or near Bepton Close,E01031511,Chichester 004C,Criminal damage and arson,Unable to prosecute suspect,
66d0d8b4a7b039d8f9f43ccf028de67118890075ff7ff03465150425fe30a070,2024-11,Sussex Police,Sussex Police,-0.746966,50.982250,On or near Oakwood Close,E01031511,Chichester 004C,Other theft,Investigation complete; no suspect identified,
22d5c95f25d5ef98a5a4af4691ec319bae9297d34aaa2626e5a2508e7d80fd0c,2024-11,Sussex Police,Sussex Police,-0.746356,50.983188,On or near Bepton Road,E01031511,Chichester 004C,Public order,Status update unavailable,
8010636925e60682ddda1fa3ef458e92c5bc473c5d248addec62a0cd73836a44,2024-11,Sussex Police,Sussex Police,-0.743614,50.980272,On or near Beech Grove,E01031511,Chichester 004C,Violence and sexual offences,Unable to prosecute suspect,
5f5b17090962e030330ef66bebf12247cfc14c5525f789df20a97664e945ff25,2024-11,Sussex Police,Sussex Police,-0.740544,50.981615,On or near Taylors Field,E01031511,Chichester 004C,Violence and sexual offences,Unable to prosecute suspect,
46d80e97c254c2c93f7d75de67eccd4d436b6570a9c8bd1435025ac34419f438,2024-11,Sussex Police,Sussex Police,-0.744247,50.981097,On or near New Road,E01031511,Chichester 004C,Violence and sexual offences,Unable to prosecute suspect,
7d354f608ddea6b01f0ce8aefb7f6c4b9e7dac25cc73546d857170c7d146252b,2024-11,Sussex Police,Sussex Police,-0.747294,50.980104,On or near Bridgefield Close,E01031512,Chichester 004D,Violence and sexual offences,Unable to prosecute suspect,
,2024-11,Sussex Police,Sussex Police,-0.737669,50.989389,On or near North Street,E01035320,Chichester 004G,Anti-social behaviour,,
,2024-11,Sussex Police,Sussex Police,-0.738066,50.986822,On or near Knockhundred Row,E01035320,Chichester 004G,Anti-social behaviour,,
,2024-11,Sussex Police,Sussex Police,-0.738132,50.988603,On or near North Street,E01035320,Chichester 004G,Anti-social behaviour,,
,2024-11,Sussex Police,Sussex Police,-0.738066,50.986822,On or near Knockhundred Row,E01035320,Chichester 004G,Anti-social behaviour,,
82bf50ab8336fc920a944413c61e919beed25f0a9c1af7e5a6df53f389e4c72d,2024-11,Sussex Police,Sussex Police,-0.747816,50.987169,On or near Heatherwood,E01035320,Chichester 004G,Bicycle theft,Investigation complete; no suspect identified,
870c6b478d77e50924c690f2c4c536a978cb75b2d94ecc07471cff551133145e,2024-11,Sussex Police,Sussex Police,-0.739058,50.989674,On or near Gilbert Hannam Close,E01035320,Chichester 004G,Criminal damage and arson,Unable to prosecute suspect,
6786b870326529f554264530c7bda12ffae5ac03347a740a3b35dd355dfa203d,2024-11,Sussex Police,Sussex Police,-0.739058,50.989674,On or near Gilbert Hannam Close,E01035320,Chichester 004G,Criminal damage and arson,Unable to prosecute suspect,
629966d7d62347d91dbba3d560b7a6ceca1813c2543b5e0f91889df392f66b36,2024-11,Sussex Police,Sussex Police,-0.755552,50.988069,On or near Park/Open Space,E01035320,Chichester 004G,Other theft,Investigation complete; no suspect identified,
3d3bca15d8f50a6f15f68ca12ea86261a6e319de7f9026caff4836cbf01c2345,2024-11,Sussex Police,Sussex Police,-0.738066,50.986822,On or near Knockhundred Row,E01035320,Chichester 004G,Shoplifting,Investigation complete; no suspect identified,
d0f4eb11385d9274a13d3f7fc7c152600a61f82375a07d0b80a4a1dff480ffd5,2024-11,Sussex Police,Sussex Police,-0.738066,50.986822,On or near Knockhundred Row,E01035320,Chichester 004G,Shoplifting,Investigation complete; no suspect identified,
38962a29256e9744e9d74a9f83ba4b1ff01f2d37e160d630870d91478b38f875,2024-11,Sussex Police,Sussex Police,-0.739108,50.974144,On or near Pine Close,E01035321,Chichester 004H,Other theft,Investigation complete; no suspect identified,
cbd6ea0cf08e7475c01badf61149c74dfbdb499223eeaf1a0542a1051bc6d6bb,2024-11,Sussex Police,Sussex Police,-0.719783,50.952234,On or near Austens,E01035321,Chichester 004H,Violence and sexual offences,Unable to prosecute suspect,
3528563f56768189670c7a458effa6692f945788a2582d8550763b59222dc0c2,2024-11,Sussex Police,Sussex Police,-0.719783,50.952234,On or near Austens,E01035321,Chichester 004H,Violence and sexual offences,Unable to prosecute suspect,
fc793e3ef68f159f0e71f21b145bc9557a9b79023fd550344401cea3c2e2bc43,2024-11,Sussex Police,Sussex Police,-0.690886,50.945008,On or near Dirty Lane,E01031478,Chichester 005A,Burglary,Investigation complete; no suspect identified,
ee02d45996191fe9ecdc3334d9928969cf4cc524938c5536d9b5ac819dc882e0,2024-11,Sussex Police,Sussex Police,-0.674782,50.965211,On or near Park/Open Space,E01031478,Chichester 005A,Burglary,Investigation complete; no suspect identified,
205ddd5e7eb813ff878eca54f6fdc997ab4c4386fc98d31a07f77a08e4f05d08,2024-11,Sussex Police,Sussex Police,-0.679290,50.974463,On or near Smokyhouse Lane,E01031478,Chichester 005A,Other theft,Unable to prosecute suspect,
b3044a8e879751988cfcf143897492cb93ce931bc915e2e85ef431b5994c3a2e,2024-11,Sussex Police,Sussex Police,-0.635064,50.947210,On or near Willett Close,E01031478,Chichester 005A,Violence and sexual offences,Status update unavailable,
d347536cbdd8f51f4976fb106edc3395fa9597bfafa711f973256ac7c9d25f25,2024-11,Sussex Police,Sussex Police,-0.656483,50.939500,On or near The Drive,E01031478,Chichester 005A,Violence and sexual offences,Investigation complete; no suspect identified,
ddcb8a00b3547e898c8cfd7f34c0c2f8b8b1cb5d4e5e13559f5969fa5e1b8b24,2024-11,Sussex Police,Sussex Police,-0.656483,50.939500,On or near The Drive,E01031478,Chichester 005A,Violence and sexual offences,Status update unavailable,
c941700c9fb7d8e1d4db3ad98240c0f3b13d2ef2deac5f410bdf2fb13ceab542,2024-11,Sussex Police,Sussex Police,-0.564439,50.919115,On or near Bury Road,E01031479,Chichester 005B,Violence and sexual offences,Unable to prosecute suspect,
,2024-11,Sussex Police,Sussex Police,-0.682299,51.025639,On or near Highstead Lane,E01031498,Chichester 005C,Anti-social behaviour,,
1f329c5aa615b05c7c055023cc98f05774f8dff40eee0daa327cba1b71eab89d,2024-11,Sussex Police,Sussex Police,-0.682299,51.025639,On or near Highstead Lane,E01031498,Chichester 005C,Public order,Investigation complete; no suspect identified,
,2024-11,Sussex Police,Sussex Police,-0.607852,50.982735,On or near Toronto Road,E01031514,Chichester 005D,Anti-social behaviour,,
,2024-11,Sussex Police,Sussex Police,-0.610845,50.986026,On or near Saddler'S Row,E01031514,Chichester 005D,Anti-social behaviour,,
,2024-11,Sussex Police,Sussex Police,-0.607514,50.982623,On or near Garland Close,E01031514,Chichester 005D,Anti-social behaviour,,
1e14998d854b883bdb768764338b4d91eb3225ab100ab96c4dd75fac3701d8e2,2024-11,Sussex Police,Sussex Police,-0.620642,51.020758,On or near Park/Open Space,E01031514,Chichester 005D,Burglary,Investigation complete; no suspect identified,
481273f0a36f7db2a11ccf16f6445986052f7130db9d7066636c836ae0b81514,2024-11,Sussex Police,Sussex Police,-0.624196,51.035874,On or near Park/Open Space,E01031514,Chichester 005D,Burglary,Investigation complete; no suspect identified,
2486684edb5fe169b9139c941f8066c0349249cbc0905b6933a8d25dad13d417,2024-11,Sussex Police,Sussex Police,-0.644821,50.993034,On or near New Road,E01031514,Chichester 005D,Other theft,Investigation complete; no suspect identified,
9de64d8f7940f83eb980996c8efc189076246a2de9ce9e7ab1a001d8cf146dfa,2024-11,Sussex Police,Sussex Police,-0.607514,50.982623,On or near Garland Close,E01031514,Chichester 005D,Other theft,Unable to prosecute suspect,
5933de712140f81ec980888ae9a1bb6dbf3eeefae068d1431c623550f1f91863,2024-11,Sussex Police,Sussex Police,-0.647849,50.990318,On or near Dean Lane,E01031514,Chichester 005D,Violence and sexual offences,Unable to prosecute suspect,
8b4f8443414ced7ecd8bdcfa5e0fdd733e1f8865209830a6c4a50d30fd3a8570,2024-11,Sussex Police,Sussex Police,-0.608158,50.984879,On or near Rosemary Lane,E01031514,Chichester 005D,Violence and sexual offences,Unable to prosecute suspect,
f9993b470c24471e6d2b6263980c957f65180d5f03a78da66cd19db6b95b060d,2024-11,Sussex Police,Sussex Police,-0.611164,50.984914,On or near Pound Street,E01031515,Chichester 005E,Vehicle crime,Investigation complete; no suspect identified,
4ccca6233014182a0a759abfe59c7448cb4f30cf0e534922b43cb5de656110dc,2024-11,Sussex Police,Sussex Police,-0.611652,50.983814,On or near Parking Area,E01031515,Chichester 005E,Vehicle crime,Investigation complete; no suspect identified,
cd3981c55ca282b70baec2da3d412d72f16b6d558582d16195e5bee271e4111d,2024-11,Sussex Police,Sussex Police,-0.612936,50.982327,On or near Martlet Road,E01031515,Chichester 005E,Violence and sexual offences,Unable to prosecute suspect,
fb57a4f8757b6fe2609edeb70ee477558cbf3151faa3fcc8bcb487d550f3a71b,2024-11,Sussex Police,Sussex Police,-0.612158,50.983083,On or near Pound Close,E01031515,Chichester 005E,Violence and sexual offences,Unable to prosecute suspect,
e1fac9d8b566ec341cfc94bd373a267e1a2e8fdf5208bc403f4d0a117a4132b5,2024-11,Sussex Police,Sussex Police,-0.610253,50.982970,On or near Wyndham Road,E01031515,Chichester 005E,Violence and sexual offences,Awaiting court outcome,
c4330d2bb02fa365fe36c931309a25b702305b7ab732c7d6a7b7b3198a7a5163,2024-11,Sussex Police,Sussex Police,-0.613793,50.996494,On or near Parking Area,E01031515,Chichester 005E,Violence and sexual offences,Unable to prosecute suspect,
d1801165799cf6994eff1878ec48ba427878fa7e9e74c88b6efed76c2f2be2ad,2024-11,Sussex Police,Sussex Police,-0.608831,50.992396,On or near Northmead,E01031515,Chichester 005E,Other crime,Investigation complete; no suspect identified,
,2024-11,Sussex Police,Sussex Police,-0.558663,50.988136,On or near Wakestone Lane,E01031516,Chichester 005F,Anti-social behaviour,,
530a7e2a408f348e33bdd504b297fc196c72e56b62ae437c09fb09e126c1d4cd,2024-11,Sussex Police,Sussex Police,-0.562135,50.964753,On or near Upper Street,E01031516,Chichester 005F,Vehicle crime,Investigation complete; no suspect identified,
b90aad763efb0bd14156b43df4902679a811526362c3c7587a1ddfe571afce76,2024-11,Sussex Police,Sussex Police,-0.562933,50.963351,On or near Churchfield,E01031516,Chichester 005F,Vehicle crime,Investigation complete; no suspect identified,
5d6f0ca526ca146e5ed2a1005387e3e196cde9887ffc561a652d6558ead46b53,2024-11,Sussex Police,Sussex Police,-0.561200,50.962313,On or near School Lane,E01031516,Chichester 005F,Vehicle crime,Investigation complete; no suspect identified,
9cfbc5631a2811a9062be366fbe0373ebe8b3bd7365f10269adfd84ba63f10fc,2024-11,Sussex Police,Sussex Police,-0.549081,50.958197,On or near Lea Farm Lane,E01031516,Chichester 005F,Violence and sexual offences,Unable to prosecute suspect,
,2024-11,Sussex Police,Sussex Police,-0.706392,50.867347,On or near Tinwood Lane,E01031477,Chichester 006A,Anti-social behaviour,,
b1b7155f9a69f8776c2f5e3e363135d226f759334bba317b384aac54af9f2216,2024-11,Sussex Police,Sussex Police,-0.817292,50.917006,On or near Parking Area,E01031477,Chichester 006A,Criminal damage and arson,Investigation complete; no suspect identified,
bb156c7fbe3b25c42483b978bf24b4d7aa7f46f180d58109d46724aa33386329,2024-11,Sussex Police,Sussex Police,-0.666907,50.888504,On or near Parking Area,E01031477,Chichester 006A,Other theft,Investigation complete; no suspect identified,
8cfccdadb340a65a06d0d0c84017e8145e7b989344d6107c8e5543ffdea8256c,2024-11,Sussex Police,Sussex Police,-0.716738,50.859575,On or near Town Lane,E01031477,Chichester 006A,Vehicle crime,Investigation complete; no suspect identified,
14844ed07ae84cbf0e5342f0713d8ec6c6dcd29b916feec81ad761ec52a7bb82,2024-11,Sussex Police,Sussex Police,-0.716702,50.860384,On or near St Mary'S Road,E01031477,Chichester 006A,Vehicle crime,Investigation complete; no suspect identified,
75477c44f451b736dccba67f746aa0309c5124099b7947427a164666c56c0429,2024-11,Sussex Police,Sussex Police,-0.714746,50.857080,On or near Priors Acre,E01031477,Chichester 006A,Vehicle crime,Investigation complete; no suspect identified,
1efc8803fc0220b405c3150d81c4b5339cc35655642f5c99fb3b02d11e2aeacb,2024-11,Sussex Police,Sussex Police,-0.817292,50.917006,On or near Parking Area,E01031477,Chichester 006A,Vehicle crime,Unable to prosecute suspect,
01bd6c257057e359bf0442091646678e3ea25eec9d0c6a5b9bfcfb31a110ee79,2024-11,Sussex Police,Sussex Police,-0.732410,50.858523,On or near Strettington Lane,E01031477,Chichester 006A,Violence and sexual offences,Unable to prosecute suspect,
ded4955ef5b72d5be2a1a6c78fa34cedd48e8575172dcf2ee2fe427a4aa0ecff,2024-11,Sussex Police,Sussex Police,-0.716738,50.859575,On or near Town Lane,E01031477,Chichester 006A,Violence and sexual offences,Unable to prosecute suspect,
575d29427729959d99d828540b0d297c5cd79e5f3ed599fc4b928be842f43c62,2024-11,Sussex Police,Sussex Police,-0.712900,50.860162,On or near The Street,E01031477,Chichester 006A,Violence and sexual offences,Status update unavailable,
e8d78956efe7fde3db23d74a7e6d15da20b48de0ecd2f8445e8c553916b1f135,2024-11,Sussex Police,Sussex Police,-0.716702,50.860384,On or near St Mary'S Road,E01031477,Chichester 006A,Violence and sexual offences,Unable to prosecute suspect,
4f8ad1ae107b7edfe6ef318ef31ed47c7505a969c52b1c552ebe37019082a85c,2024-11,Sussex Police,Sussex Police,-0.785417,50.847198,On or near Norwich Road,E01031485,Chichester 006B,Violence and sexual offences,Offender given a caution,
7291669ef124b4f19dc4dd619c1b834f9e3c5b6b4484883fdc662f49dc908ab2,2024-11,Sussex Police,Sussex Police,-0.783776,50.849663,On or near Lincoln Green,E01031485,Chichester 006B,Violence and sexual offences,Unable to prosecute suspect,
,2024-11,Sussex Police,Sussex Police,-0.775664,50.855675,On or near Fordwater Lane,E01031487,Chichester 006C,Anti-social behaviour,,
,2024-11,Sussex Police,Sussex Police,-0.786415,50.873342,On or near Downview Close,E01035322,Chichester 006E,Anti-social behaviour,,
47e7ee3b1cfba35dbfa92ab558beed5f394bb7f19731e9e331c44647e5b152fc,2024-11,Sussex Police,Sussex Police,-0.786344,50.872792,On or near St Nicholas Road,E01035322,Chichester 006E,Violence and sexual offences,Unable to prosecute suspect,
,2024-11,Sussex Police,Sussex Police,-0.743938,50.849358,On or near Hadrian Drive,E01035323,Chichester 006F,Anti-social behaviour,,
,2024-11,Sussex Police,Sussex Police,-0.754889,50.848855,On or near Shelby Drive,E01035323,Chichester 006F,Anti-social behaviour,,
,2024-11,Sussex Police,Sussex Police,-0.791560,50.850247,On or near Old Broyle Road,E01035323,Chichester 006F,Anti-social behaviour,,
1ce6070fd82ca2b39aff9eeb8b1c53d7cbac75cae23e5260505bca365ec3c42c,2024-11,Sussex Police,Sussex Police,-0.753554,50.847249,On or near Stane Street,E01035323,Chichester 006F,Bicycle theft,Investigation complete; no suspect identified,
4000fe49c4994fa3204cd701e7c8db78959c7e77724b84d7d85b88a601b514c0,2024-11,Sussex Police,Sussex Police,-0.771668,50.870939,On or near Chalkpit Lane,E01035323,Chichester 006F,Burglary,Investigation complete; no suspect identified,
cefe48a9e2a7dbb18e70be7801d2ac3f8a3f237b13e0862c2bfa86d1d51a6187,2024-11,Sussex Police,Sussex Police,-0.756928,50.847501,On or near The Sadlers,E01035323,Chichester 006F,Burglary,Investigation complete; no suspect identified,
5c0694826636d88cb1d410c678935b6fb8b582d653c59225a772cd25d8c7f215,2024-11,Sussex Police,Sussex Police,-0.742031,50.851064,On or near Stane Street,E01035323,Chichester 006F,Other theft,Investigation complete; no suspect identified,
1cf3f98df84239a80c21a462a3846423ab1ec6de3520a499e703e8aa02bc0883,2024-11,Sussex Police,Sussex Police,-0.798446,50.853142,On or near Old Broyle Road,E01035323,Chichester 006F,Other theft,Unable to prosecute suspect,
4cfc98776098c176c3e4b9398663d5032ad480af207ee57408b36c56ea612719,2024-11,Sussex Police,Sussex Police,-0.754619,50.847809,On or near Fairman Road,E01035323,Chichester 006F,Other theft,Investigation complete; no suspect identified,
98bb4bc52403b69a304c735ca768e5fb5d736cd804c4dad2ad063d6ce149c1ee,2024-11,Sussex Police,Sussex Police,-0.794198,50.869133,On or near Two Barns Lane,E01035323,Chichester 006F,Public order,Investigation complete; no suspect identified,
88127cf4547d6984bfb72c353ee25bd5e0e1519d2537082add4e4ebe95de0d5c,2024-11,Sussex Police,Sussex Police,-0.757759,50.847240,On or near The Sadlers,E01035323,Chichester 006F,Shoplifting,Investigation complete; no suspect identified,
a91d6fdecee082ad196210031785ee9a5ac2148b1a1cbb138a44166c1db85840,2024-11,Sussex Police,Sussex Police,-0.753198,50.849439,On or near Hill Road,E01035323,Chichester 006F,Theft from the person,Unable to prosecute suspect,
66892464aad5b6297508b570b89c8e87af6fb26fab62096714668a36d2f8eae7,2024-11,Sussex Police,Sussex Police,-0.747062,50.851001,On or near Lillywhite Road,E01035323,Chichester 006F,Vehicle crime,Investigation complete; no suspect identified,
c4420fe00e5876c7b7953ffcdc82b342e5a17f88696205f680693c5a080d6760,2024-11,Sussex Police,Sussex Police,-0.742700,50.849974,On or near Augustus Way,E01035323,Chichester 006F,Violence and sexual offences,Unable to prosecute suspect,
d15faab14a24c3c4160dc170125aa2bc5a5a9586f319beec384840d188244dcf,2024-11,Sussex Police,Sussex Police,-0.748222,50.862857,On or near New Road,E01035323,Chichester 006F,Violence and sexual offences,Unable to prosecute suspect,
ca86c3a2a3498fe956de3d86fbdc2e0e2f1f7bc31d8dad80ae36718d75744670,2024-11,Sussex Police,Sussex Police,-0.760591,50.859374,On or near Chichester Airfield,E01035323,Chichester 006F,Violence and sexual offences,Offender given a caution,
51fe754b580d7fe7d3a7915817760bb52e65cd576a1780453de5c5ffd2d13050,2024-11,Sussex Police,Sussex Police,-0.757759,50.847240,On or near The Sadlers,E01035323,Chichester 006F,Violence and sexual offences,Action to be taken by another organisation,
5d7d2494e679c1357cf3a8b6cb89621147b0ebf01f5d6222fb5e25fc4e2fb014,2024-11,Sussex Police,Sussex Police,-0.757759,50.847240,On or near The Sadlers,E01035323,Chichester 006F,Violence and sexual offences,Unable to prosecute suspect,
d14c832ddbfb222af812ccc277d7797034b82e7684cd4a6b90a7321df08fae31,2024-11,Sussex Police,Sussex Police,-0.757759,50.847240,On or near The Sadlers,E01035323,Chichester 006F,Violence and sexual offences,Action to be taken by another organisation,
17c678735cc8548a3df9757f20f3242d309db6ebb5c9d3308441e2607eb5be72,2024-11,Sussex Police,Sussex Police,-0.798446,50.853142,On or near Old Broyle Road,E01035323,Chichester 006F,Violence and sexual offences,Investigation complete; no suspect identified,
c7dd5b99ea836141466c42bd73771cb9c62c73bf95886ca35c656421a0e3fbae,2024-11,Sussex Police,Sussex Police,-0.882089,50.861680,On or near The Bridle Lane,E01031506,Chichester 007A,Public order,Investigation complete; no suspect identified,
693d16a9318e1a6c8bb5d16d91058d2262e476c99578cd56f5fbc8ca5c9f7676,2024-11,Sussex Police,Sussex Police,-0.862911,50.868527,On or near Church Lane,E01031506,Chichester 007A,Public order,Investigation complete; no suspect identified,
ce11600091aa51f1be78684df079fece574e514d1824b4d57f2bab4fada177f2,2024-11,Sussex Police,Sussex Police,-0.879277,50.859873,On or near West Ashling Road,E01031506,Chichester 007A,Violence and sexual offences,Unable to prosecute suspect,
62b32466fc21cf14bb28df26df684e33a9e9c5239edb88bc352113a3dfbca4ad,2024-11,Sussex Police,Sussex Police,-0.848283,50.859481,On or near Southbrook Road,E01031506,Chichester 007A,Violence and sexual offences,Unable to prosecute suspect,
d9fc0e77366e687d077659f1a6f799f6afc023f8dc2650c48f6cf9a99f96685f,2024-11,Sussex Police,Sussex Police,-0.870826,50.855609,On or near Scant Road (East),E01031506,Chichester 007A,Violence and sexual offences,Unable to prosecute suspect,
80d16a145bc664dc4a6b229b8b8599290a0f86c6aff1a68e44975340bfe88fe2,2024-11,Sussex Police,Sussex Police,-0.845960,50.849413,On or near Ratham Lane,E01031506,Chichester 007A,Other crime,Status update unavailable,
c8c436951dbacd55ddd5524186d71e18f08b81e76ad57987e100156c557439d9,2024-11,Sussex Police,Sussex Police,-0.854827,50.931056,On or near Long Lane,E01031507,Chichester 007B,Criminal damage and arson,Investigation complete; no suspect identified,
e0c2dc16320d9164b1b9533aea7d0402e9ea890dde2a4d271326bdb872d6daf2,2024-11,Sussex Police,Sussex Police,-0.885964,50.909550,On or near Locksash Lane,E01031507,Chichester 007B,Criminal damage and arson,Investigation complete; no suspect identified,
e521275218736d024a9986bfcb7fa4f91ddfa9615ead6d83531947024bfe6491,2024-11,Sussex Police,Sussex Police,-0.854827,50.931056,On or near Long Lane,E01031507,Chichester 007B,Criminal damage and arson,Investigation complete; no suspect identified,
db904d1ee2620aafc72d22b47ee7486b87fec2bab1ae18487343389fc12c404d,2024-11,Sussex Police,Sussex Police,-0.896005,50.927630,On or near Church Lane,E01031507,Chichester 007B,Criminal damage and arson,Investigation complete; no suspect identified,
9d5edf6ad52c3067283c422dbf8ec320a58b853458020dfaa7c5a88b4dfc57a3,2024-11,Sussex Police,Sussex Police,-0.854827,50.931056,On or near Long Lane,E01031507,Chichester 007B,Criminal damage and arson,Investigation complete; no suspect identified,
2eb00c57d9ac53eb6ae41d2d98f4e4570b6b6ace9d269151ef3755f31d27502e,2024-11,Sussex Police,Sussex Police,-0.854827,50.931056,On or near Long Lane,E01031507,Chichester 007B,Criminal damage and arson,Investigation complete; no suspect identified,
91a45135ae3c242f2d7b43f1282bdc039a50e6924f2cf1e4be3aa81143dcdcf6,2024-11,Sussex Police,Sussex Police,-0.854827,50.931056,On or near Long Lane,E01031507,Chichester 007B,Criminal damage and arson,Investigation complete; no suspect identified,
2fb925ecdcb43c1c94ee5e8c93d84a8f6b4920291a1e487eafc9985e28db938c,2024-11,Sussex Police,Sussex Police,-0.854827,50.931056,On or near Long Lane,E01031507,Chichester 007B,Criminal damage and arson,Investigation complete; no suspect identified,
d75febbd1146540566dba16ba85a5a0485d1f6dfbdac54fc8c9e0e7813385bce,2024-11,Sussex Police,Sussex Police,-0.854827,50.931056,On or near Long Lane,E01031507,Chichester 007B,Public order,Investigation complete; no suspect identified,
c794defa640ed1fcf443d46a7fbdb2a9d242bd8865c4c214d43747672aa4e67f,2024-11,Sussex Police,Sussex Police,-0.919665,50.908104,On or near Forestside,E01031507,Chichester 007B,Vehicle crime,Investigation complete; no suspect identified,
45b12388c4cb96dfa17343214e1a94fd1b28dd975ee49692ec4cc8c068575bcf,2024-11,Sussex Police,Sussex Police,-0.901829,50.932288,On or near Sports/Recreation Area,E01031507,Chichester 007B,Violence and sexual offences,Status update unavailable,
7351fb827f58fd3989c43e7b38e6926d749cc4e6f305832e697948b1e02a053e,2024-11,Sussex Police,Sussex Police,-0.885964,50.909550,On or near Locksash Lane,E01031507,Chichester 007B,Violence and sexual offences,Action to be taken by another organisation,
4892c607587a86aa6e822fa9f23a3d119009a2671e114bfba22881dc584e2716,2024-11,Sussex Police,Sussex Police,-0.901829,50.932288,On or near Sports/Recreation Area,E01031507,Chichester 007B,Violence and sexual offences,Action to be taken by another organisation,
cd3786564d0ea7d8f8cb2753c35889cc18a5ed532e74476197cd49f2bcf5d6a9,2024-11,Sussex Police,Sussex Police,-0.901829,50.932288,On or near Sports/Recreation Area,E01031507,Chichester 007B,Violence and sexual offences,Unable to prosecute suspect,
76ce38fe9acda64b54b19d9d27ca3f2f4f6f657fa9fdfd4a98413af9c30f10df,2024-11,Sussex Police,Sussex Police,-0.850906,50.860280,On or near Down Street,E01031507,Chichester 007B,Violence and sexual offences,Unable to prosecute suspect,
,2024-11,Sussex Police,Sussex Police,-0.906046,50.852582,On or near East Field Close,E01031531,Chichester 007C,Anti-social behaviour,,
,2024-11,Sussex Police,Sussex Police,-0.910616,50.849720,On or near Manor Road,E01031533,Chichester 007D,Anti-social behaviour,,
155f37f2508fe59fd43ef1e7e4ced55b942f893c2276821ec1f3113d3aec0312,2024-11,Sussex Police,Sussex Police,-0.908554,50.850429,On or near Hartland Court,E01031533,Chichester 007D,Shoplifting,Investigation complete; no suspect identified,
742c916cbdc7929a7b087b3868ea181e65e8a4ebba92e38afee1923d085f974b,2024-11,Sussex Police,Sussex Police,-0.912466,50.851410,On or near Park Road,E01031533,Chichester 007D,Violence and sexual offences,Status update unavailable,
b8fcccc43f3c817b8cde6b53663c9c4c5d483d608850fdf5e1e472a099dc1322,2024-11,Sussex Police,Sussex Police,-0.912466,50.851410,On or near Park Road,E01031533,Chichester 007D,Violence and sexual offences,Status update unavailable,
9f6b48084a49cb8bbb83f7e521d541bb847671a532d789257ae4effcafb51d50,2024-11,Sussex Police,Sussex Police,-0.908554,50.850429,On or near Hartland Court,E01031533,Chichester 007D,Violence and sexual offences,Investigation complete; no suspect identified,
314bf16a671687cff88427c2075f2fd0e2a007fdb7a10839977be62c3ab51a8f,2024-11,Sussex Police,Sussex Police,-0.913968,50.847278,On or near Mons Close,E01031533,Chichester 007D,Violence and sexual offences,Unable to prosecute suspect,
a6a078c4b63d9efde9c57925b409863607df72f55d7b55cfa759f38c44ca040b,2024-11,Sussex Police,Sussex Police,-0.908520,50.851849,On or near Mountwood Road,E01031533,Chichester 007D,Violence and sexual offences,Unable to prosecute suspect,
af55b4c549caa2f1ca3f278b3c80ecd17be86bc94afb811c5083a8892f123dbe,2024-11,Sussex Police,Sussex Police,-0.914325,50.850267,On or near St John'S Road,E01031533,Chichester 007D,Other crime,Investigation complete; no suspect identified,
,2024-11,Sussex Police,Sussex Police,-0.923664,50.864184,On or near Churcher Road,E01031543,Chichester 007E,Anti-social behaviour,,
,2024-11,Sussex Police,Sussex Police,-0.925795,50.862360,On or near Harold Road,E01031543,Chichester 007E,Anti-social behaviour,,
aec17ce89c1479e9ffad0fd865242a55fc476bc1fdb78691c0076091fe9d7200,2024-11,Sussex Police,Sussex Police,-0.924754,50.866874,On or near Ellesmere Orchard,E01031543,Chichester 007E,Burglary,Investigation complete; no suspect identified,
b5f9a20361d1f81a19426e8cd84ebfeb7c0849392f973c097befe2069b704e2a,2024-11,Sussex Police,Sussex Police,-0.922374,50.864676,On or near Mill Road,E01031543,Chichester 007E,Criminal damage and arson,Investigation complete; no suspect identified,
b5c1c9a3a52842392b8c89c29a858b06c9cae8ea4e8031164f7b24b29b1ba6ef,2024-11,Sussex Police,Sussex Police,-0.921083,50.864554,On or near Sports/Recreation Area,E01031543,Chichester 007E,Criminal damage and arson,Status update unavailable,
69d439c3f2245a66a2e9f60cb836367b3d33dc6b3cd6c2636517da17efb2c420,2024-11,Sussex Police,Sussex Police,-0.925629,50.858447,On or near Mill Lane,E01031543,Chichester 007E,Criminal damage and arson,Investigation complete; no suspect identified,
83db6ec72d2ea3b08bde5182ccd3eebdf9e9dddb94eaeb571df6bec63cfffdaf,2024-11,Sussex Police,Sussex Police,-0.924407,50.863427,On or near Crockford Road,E01031543,Chichester 007E,Other theft,Investigation complete; no suspect identified,
23236f5a40b0aa44b9a8cdee3e5a0b65edef76eff8d3ba76dca4e60736972047,2024-11,Sussex Police,Sussex Police,-0.926463,50.861755,On or near Supermarket,E01031543,Chichester 007E,Shoplifting,Court result unavailable,
26e1b73e55143b5558c007c411ae1d2f68d72b82007f887c2b3a3e06ffdfb992,2024-11,Sussex Police,Sussex Police,-0.926463,50.861755,On or near Supermarket,E01031543,Chichester 007E,Shoplifting,Court result unavailable,
f1754bea3667c2f662b4a7bacea095cadbd3954be21d919bd6318a735d8b2b34,2024-11,Sussex Police,Sussex Police,-0.926996,50.868226,On or near Monk'S Hill,E01031543,Chichester 007E,Violence and sexual offences,Unable to prosecute suspect,
,2024-11,Sussex Police,Sussex Police,-0.757262,50.840301,On or near Church Road,E01031482,Chichester 008A,Anti-social behaviour,,
,2024-11,Sussex Police,Sussex Police,-0.757262,50.840301,On or near Church Road,E01031482,Chichester 008A,Anti-social behaviour,,
,2024-11,Sussex Police,Sussex Police,-0.757262,50.840301,On or near Church Road,E01031482,Chichester 008A,Anti-social behaviour,,
,2024-11,Sussex Police,Sussex Police,-0.757262,50.840301,On or near Church Road,E01031482,Chichester 008A,Anti-social behaviour,,
,2024-11,Sussex Police,Sussex Police,-0.760619,50.837944,On or near Victoria Road,E01031482,Chichester 008A,Anti-social behaviour,,
547a74d25c5f42aaa60ca6331cb5f6243df54046d925e59d0f82705d8a98da1e,2024-11,Sussex Police,Sussex Police,-0.757495,50.838990,On or near Elizabeth Road,E01031482,Chichester 008A,Criminal damage and arson,Investigation complete; no suspect identified,
b0553c9dcff41cf6eca4f5e4cf9bd6ea1ccc403f88619bcda201ee7fa5810dd4,2024-11,Sussex Police,Sussex Police,-0.758099,50.836578,On or near Charles Avenue,E01031482,Chichester 008A,Drugs,Awaiting court outcome,
e6158d806e7c81e944106c9aed133820588a8a5e8cc610fecc18910060634f5a,2024-11,Sussex Police,Sussex Police,-0.757675,50.837553,On or near Chequers Place,E01031482,Chichester 008A,Other theft,Investigation complete; no suspect identified,
a19d4b88be40a7ff9d3e38b821b07ca1164d73cfb462ece122982e699fbc4127,2024-11,Sussex Police,Sussex Police,-0.758099,50.836578,On or near Charles Avenue,E01031482,Chichester 008A,Possession of weapons,Unable to prosecute suspect,
b87732706989edbb9a6ae4df7fb403f315dc271e27c19787a011aa9a11ab4e21,2024-11,Sussex Police,Sussex Police,-0.757262,50.840301,On or near Church Road,E01031482,Chichester 008A,Public order,Investigation complete; no suspect identified,
730c9edf868ea9a9ac43175f4aa3a74ffacad027abe2caaf5011798587fcfb53,2024-11,Sussex Police,Sussex Police,-0.758097,50.837711,On or near B2144,E01031482,Chichester 008A,Public order,Investigation complete; no suspect identified,
eedd2684edbcec4701a53ade08d88244d0633d3538fbcbfc44997824563a00e8,2024-11,Sussex Police,Sussex Police,-0.757262,50.840301,On or near Church Road,E01031482,Chichester 008A,Shoplifting,Investigation complete; no suspect identified,
9ede08fbbd0aa17b508155cd7fca149d7cee03791ddbc1c45b5210c24cfc5656,2024-11,Sussex Police,Sussex Police,-0.757262,50.840301,On or near Church Road,E01031482,Chichester 008A,Shoplifting,Court result unavailable,
0767791598599537d67c9064e7272aea5bb53aa6bb48235bcb4ada8c946e8a8c,2024-11,Sussex Police,Sussex Police,-0.757262,50.840301,On or near Church Road,E01031482,Chichester 008A,Shoplifting,Court result unavailable,
f0c879bce5cfd9a5a8d80ec7181a5bbd946f7cce9bb2b4d6624f24344a03e3f4,2024-11,Sussex Police,Sussex Police,-0.757262,50.840301,On or near Church Road,E01031482,Chichester 008A,Shoplifting,Court result unavailable,
826bc6f313d345d36a62607cdfe82d84a77dea725e063e20a97f0e1d4fd5af6a,2024-11,Sussex Police,Sussex Police,-0.757262,50.840301,On or near Church Road,E01031482,Chichester 008A,Shoplifting,Investigation complete; no suspect identified,
ca45492910187547895234d0233d14627368f6c74662672c9095a6e6983d1d9d,2024-11,Sussex Police,Sussex Police,-0.757262,50.840301,On or near Church Road,E01031482,Chichester 008A,Shoplifting,Investigation complete; no suspect identified,
f372edac4958bb4860148e538d8490e381a1fac63f0a7382a5e91c8af3586110,2024-11,Sussex Police,Sussex Police,-0.757262,50.840301,On or near Church Road,E01031482,Chichester 008A,Shoplifting,Awaiting court outcome,
c6a9f29869176b7c0c8b7c7611ae30ad60c64f0ef06a900d38081aefbd049606,2024-11,Sussex Police,Sussex Police,-0.757262,50.840301,On or near Church Road,E01031482,Chichester 008A,Shoplifting,Investigation complete; no suspect identified,
7a8aee3778428269e122b99037850f264cff8b9c6dc0b38787db36a1725e62aa,2024-11,Sussex Police,Sussex Police,-0.757262,50.840301,On or near Church Road,E01031482,Chichester 008A,Shoplifting,Investigation complete; no suspect identified,
0ac4663dd9b2913f12943ce113ad0620e3a3d45a4b7f851c4ce6780758c46378,2024-11,Sussex Police,Sussex Police,-0.757262,50.840301,On or near Church Road,E01031482,Chichester 008A,Shoplifting,Investigation complete; no suspect identified,
1a72d483b4d1bf82e661b62ccfbace239c7dc0c52d873fa83b7ddcf400d60b65,2024-11,Sussex Police,Sussex Police,-0.757262,50.840301,On or near Church Road,E01031482,Chichester 008A,Shoplifting,Investigation complete; no suspect identified,
b536d294c1565f1d133494ada59ab3b8c59930b7ba1f6ba8cb31a55100a5a3f3,2024-11,Sussex Police,Sussex Police,-0.757262,50.840301,On or near Church Road,E01031482,Chichester 008A,Shoplifting,Unable to prosecute suspect,
ddb7fbab8136dd8f7ee786ad1c5d7218c017f85c54f45d74b60b5c8eb1833d2e,2024-11,Sussex Police,Sussex Police,-0.757262,50.840301,On or near Church Road,E01031482,Chichester 008A,Shoplifting,Unable to prosecute suspect,
1eaf6604b1969bf7b8c0ae37b7083e07bcb4a981e960792b1c7c0b529e537b18,2024-11,Sussex Police,Sussex Police,-0.757262,50.840301,On or near Church Road,E01031482,Chichester 008A,Shoplifting,Investigation complete; no suspect identified,
e7f219bbd3ba23c4c8021f951c17d38c4859e561a01846157c8298414136a2b3,2024-11,Sussex Police,Sussex Police,-0.757262,50.840301,On or near Church Road,E01031482,Chichester 008A,Shoplifting,Investigation complete; no suspect identified,
ba6bfb7eb338e2639bc7299ed6b43bdd0afbb127a0b7bc6ac49885e948866288,2024-11,Sussex Police,Sussex Police,-0.757262,50.840301,On or near Church Road,E01031482,Chichester 008A,Shoplifting,Investigation complete; no suspect identified,
1d35e9195bc7519ceb232e9aee265da3314184aa123d72b9b71201864ed73cd6,2024-11,Sussex Police,Sussex Police,-0.757262,50.840301,On or near Church Road,E01031482,Chichester 008A,Shoplifting,Investigation complete; no suspect identified,
7a3c12d426b31e060c0784b862e6c5fd9a4701dc219005d0b86fa638a31de5ba,2024-11,Sussex Police,Sussex Police,-0.757262,50.840301,On or near Church Road,E01031482,Chichester 008A,Shoplifting,Investigation complete; no suspect identified,
6866f517dcc981886f0967c18dbfe9fbdea7079f7a300e0e15e840cdf4cd3496,2024-11,Sussex Police,Sussex Police,-0.757262,50.840301,On or near Church Road,E01031482,Chichester 008A,Shoplifting,Awaiting court outcome,
9b4ac351f77234e657435a115744793c3f38aabe0744921e8ce5211c06083218,2024-11,Sussex Police,Sussex Police,-0.757262,50.840301,On or near Church Road,E01031482,Chichester 008A,Shoplifting,Investigation complete; no suspect identified,
9b3bb1422a85789b71f1bd41892989dd434f5e380adc8768e3768f82c11925ef,2024-11,Sussex Police,Sussex Police,-0.757262,50.840301,On or near Church Road,E01031482,Chichester 008A,Shoplifting,Investigation complete; no suspect identified,
bba845b982e1ecd65a645610923d89d1788aca7a470722bc2727cfd6a22eec38,2024-11,Sussex Police,Sussex Police,-0.757262,50.840301,On or near Church Road,E01031482,Chichester 008A,Shoplifting,Investigation complete; no suspect identified,
515732bde285a49cfe5658f87d3f4a47b7baa3ac7c4e304a6f69133302167f3e,2024-11,Sussex Police,Sussex Police,-0.759775,50.836038,On or near Kathleen Gardens,E01031482,Chichester 008A,Violence and sexual offences,Unable to prosecute suspect,
756b5fa31c07fee1d19dba2291a2c4a35bc20aaef045ae089272716d2f11f2ad,2024-11,Sussex Police,Sussex Police,-0.760703,50.836381,On or near Gilmore Road,E01031482,Chichester 008A,Violence and sexual offences,Investigation complete; no suspect identified,
895697f88eaa94b5bcbfdea8e57ec069dd7ac731ef780e9e699dee1aed1e2d2d,2024-11,Sussex Police,Sussex Police,-0.758099,50.836578,On or near Charles Avenue,E01031482,Chichester 008A,Violence and sexual offences,Unable to prosecute suspect,
71575c8321fe4133b3e7a3179f0d2738cc8df1595619910c4e81aec7d3afbdfa,2024-11,Sussex Police,Sussex Police,-0.757675,50.837553,On or near Chequers Place,E01031482,Chichester 008A,Violence and sexual offences,Unable to prosecute suspect,
,2024-11,Sussex Police,Sussex Police,-0.762540,50.842102,On or near Sloe Close,E01031483,Chichester 008B,Anti-social behaviour,,
,2024-11,Sussex Police,Sussex Police,-0.762540,50.842102,On or near Sloe Close,E01031483,Chichester 008B,Anti-social behaviour,,
,2024-11,Sussex Police,Sussex Police,-0.759661,50.842997,On or near Westhampnett Road,E01031483,Chichester 008B,Anti-social behaviour,,
,2024-11,Sussex Police,Sussex Police,-0.766966,50.841753,On or near Lennox Road,E01031483,Chichester 008B,Anti-social behaviour,,
,2024-11,Sussex Police,Sussex Police,-0.767189,50.843005,On or near Shamrock Close,E01031483,Chichester 008B,Anti-social behaviour,,
,2024-11,Sussex Police,Sussex Police,-0.766966,50.841753,On or near Lennox Road,E01031483,Chichester 008B,Anti-social behaviour,,
adc8276b188612fedfef3a3128bbc09e7b11bc5f7ba629cd9070fb9bdb0577ba,2024-11,Sussex Police,Sussex Police,-0.759574,50.846835,On or near Shopping Area,E01031483,Chichester 008B,Bicycle theft,Investigation complete; no suspect identified,
ebefac5f5494d7b07d1d0271ad4a8be30c33de615e33150024c505dd038b6f99,2024-11,Sussex Police,Sussex Police,-0.762688,50.844037,On or near Southdown Close,E01031483,Chichester 008B,Bicycle theft,Investigation complete; no suspect identified,
39998b13ed6c75d18960365e19d557271a63f0f751d06ace97b6c8a48d1f9ad0,2024-11,Sussex Police,Sussex Police,-0.767189,50.843005,On or near Shamrock Close,E01031483,Chichester 008B,Burglary,Investigation complete; no suspect identified,
05f92f78fb74bc3c65f1928bc336426c06397d5e1da79444b7b915b5d849b503,2024-11,Sussex Police,Sussex Police,-0.766966,50.841753,On or near Lennox Road,E01031483,Chichester 008B,Burglary,Court result unavailable,
addb8128ab0fa0b4a1c565bf6db225338828cb818de646edd43fe10e90cd0b49,2024-11,Sussex Police,Sussex Police,-0.766966,50.841753,On or near Lennox Road,E01031483,Chichester 008B,Criminal damage and arson,Investigation complete; no suspect identified,
f27a4457177d01fe3665a201ee6008ee4c8235b8421d93fde03ffedce6c6f448,2024-11,Sussex Police,Sussex Police,-0.767189,50.843005,On or near Shamrock Close,E01031483,Chichester 008B,Drugs,Court result unavailable,
c4b48b2579566ab2924b1062708f2e4071f0dc59d57a1039fc73d536fe66945f,2024-11,Sussex Police,Sussex Police,-0.764937,50.844906,On or near Bradshaw Road,E01031483,Chichester 008B,Other theft,Investigation complete; no suspect identified,
0ebb33fd2e6dbf16daab9d73f3202497e1f6f35ef6700caf92f5238f06a9534c,2024-11,Sussex Police,Sussex Police,-0.762688,50.844037,On or near Southdown Close,E01031483,Chichester 008B,Other theft,Investigation complete; no suspect identified,
a020fcef8863730c2b4c772f9d8c185df45694d428d48d0dbe626b2ebd93b49f,2024-11,Sussex Police,Sussex Police,-0.767189,50.843005,On or near Shamrock Close,E01031483,Chichester 008B,Public order,Unable to prosecute suspect,
c0b85277dc7f13da40b3f00a1f28e2a6ccb29eb84a17c35d54fb1b40ef3493c6,2024-11,Sussex Police,Sussex Police,-0.759661,50.842997,On or near Westhampnett Road,E01031483,Chichester 008B,Shoplifting,Court result unavailable,
df9dafb819f861c725b7dbd94b2ceca198423b7d3d3e84a4686570c83e50a436,2024-11,Sussex Police,Sussex Police,-0.759661,50.842997,On or near Westhampnett Road,E01031483,Chichester 008B,Shoplifting,Formal action is not in the public interest,
6e4a7e03dd3e8f101b556e32f6ff1a47e84d3959e55dc04c83831a2f0ca13d76,2024-11,Sussex Police,Sussex Police,-0.759574,50.846835,On or near Shopping Area,E01031483,Chichester 008B,Shoplifting,Investigation complete; no suspect identified,
dfd5317c7d59c1d1a0d9a9ded5b327d48b74e4e7346e3a29f5620f54d9b3190d,2024-11,Sussex Police,Sussex Police,-0.762540,50.842102,On or near Sloe Close,E01031483,Chichester 008B,Violence and sexual offences,Offender given a caution,
dd58f44d67b2f71a702cee8c4aeb0c102acf440b6ae7edbd9d4abc99109e54f8,2024-11,Sussex Police,Sussex Police,-0.762688,50.844037,On or near Southdown Close,E01031483,Chichester 008B,Violence and sexual offences,Unable to prosecute suspect,
4540fa62ed782e01c35dd4e0c0e7a9e0e10a42a2b16b33c7026b54fb2ffea22a,2024-11,Sussex Police,Sussex Police,-0.767039,50.842770,On or near Bewick Gardens,E01031483,Chichester 008B,Violence and sexual offences,Unable to prosecute suspect,
36ca1ffd0fed4aa4a10570e847ef19955120f929999658315846abbf950de603,2024-11,Sussex Police,Sussex Police,-0.759574,50.846835,On or near Shopping Area,E01031483,Chichester 008B,Violence and sexual offences,Investigation complete; no suspect identified,
f80ebe59872cbe9a1f6d146129a8663704e6275a128db5cea5f6ca9541860685,2024-11,Sussex Police,Sussex Police,-0.764937,50.844906,On or near Bradshaw Road,E01031483,Chichester 008B,Violence and sexual offences,Unable to prosecute suspect,
054b01b2b9f797eaa08ef2e1e7b8827638a0a0de9f27439f9dffc92f34a647db,2024-11,Sussex Police,Sussex Police,-0.766966,50.841753,On or near Lennox Road,E01031483,Chichester 008B,Violence and sexual offences,Unable to prosecute suspect,
887b77a50f6be770862236cda166d868f53946e74fc8aa38cee4ca70aad88685,2024-11,Sussex Police,Sussex Police,-0.767189,50.843005,On or near Shamrock Close,E01031483,Chichester 008B,Violence and sexual offences,Status update unavailable,
b368a0b5f6d98cfd089a095308594bdc9666ccc197700db580e8fa2aa4283257,2024-11,Sussex Police,Sussex Police,-0.767189,50.843005,On or near Shamrock Close,E01031483,Chichester 008B,Violence and sexual offences,Court result unavailable,
53641f85d40c67d802491b0c3dea0d8bae5da8cfbec00de63e7e690976a7a4d1,2024-11,Sussex Police,Sussex Police,-0.762688,50.844037,On or near Southdown Close,E01031483,Chichester 008B,Violence and sexual offences,Investigation complete; no suspect identified,
79b1f838fcad5af3d4d48d02841a960f67c94cd3d21cc105513bfb257f2fb93b,2024-11,Sussex Police,Sussex Police,-0.764937,50.844906,On or near Bradshaw Road,E01031483,Chichester 008B,Violence and sexual offences,Unable to prosecute suspect,
7926a5a4e73c1ad18c4cdd3c5347e817990a0f557ea36bb0cd32dd819cb22599,2024-11,Sussex Police,Sussex Police,-0.767189,50.843005,On or near Shamrock Close,E01031483,Chichester 008B,Violence and sexual offences,Investigation complete; no suspect identified,
2c7e4aacf8466490511e140e9a45578fa44f49344f603d2962cafec4a1d77f13,2024-11,Sussex Police,Sussex Police,-0.767189,50.843005,On or near Shamrock Close,E01031483,Chichester 008B,Violence and sexual offences,Status update unavailable,
2826eb085a9bf5a6b32a7465a2f9b44af1289f775d6baccd024b2c4bf94dddd3,2024-11,Sussex Police,Sussex Police,-0.766966,50.841753,On or near Lennox Road,E01031483,Chichester 008B,Violence and sexual offences,Court result unavailable,
4bfcde16823ba847301fde5f9bc90cb581393a59ccbd46d8b95f022a708e9c21,2024-11,Sussex Police,Sussex Police,-0.766966,50.841753,On or near Lennox Road,E01031483,Chichester 008B,Violence and sexual offences,Court result unavailable,
d28aba5a9ddcf487f8977c6dc9ee34231e52dda3c9ce43d45c02e3f3dc16c24d,2024-11,Sussex Police,Sussex Police,-0.766966,50.841753,On or near Lennox Road,E01031483,Chichester 008B,Violence and sexual offences,Status update unavailable,
e7c73527503d27488a27f13337e1fe5745447bd010beac137eb8c6c52253b8bb,2024-11,Sussex Police,Sussex Police,-0.767189,50.843005,On or near Shamrock Close,E01031483,Chichester 008B,Violence and sexual offences,Unable to prosecute suspect,
00f5f8aca28c4ba432bf45efd1d03f58fbcd3cb36a4a1847b23630f2b1dcdbfc,2024-11,Sussex Police,Sussex Police,-0.767189,50.843005,On or near Shamrock Close,E01031483,Chichester 008B,Violence and sexual offences,Unable to prosecute suspect,
71159718061af80039bf3160e2f7b47d014dcfe28755088cbb1a5c707acaa422,2024-11,Sussex Police,Sussex Police,-0.761938,50.842311,On or near Cornflower Close,E01031483,Chichester 008B,Violence and sexual offences,Unable to prosecute suspect,
7299d9bb2140ef4799221d0125cfaabb502fc407760eff9b1c40a4a8cc7c1b87,2024-11,Sussex Police,Sussex Police,-0.764937,50.844906,On or near Bradshaw Road,E01031483,Chichester 008B,Violence and sexual offences,Unable to prosecute suspect,
0ea1b50e50e25d08b8979455be28a49cf1d7aa08837777f3856b3afe2d45614b,2024-11,Sussex Police,Sussex Police,-0.766966,50.841753,On or near Lennox Road,E01031483,Chichester 008B,Violence and sexual offences,Unable to prosecute suspect,
75de88488830c003a180d0852b3249a50811dc92a73d5fa702c2d39290ce5846,2024-11,Sussex Police,Sussex Police,-0.767189,50.843005,On or near Shamrock Close,E01031483,Chichester 008B,Violence and sexual offences,Court result unavailable,
165f57cc0275d7d5ed48a53bfe72db3bb6e7c2453d14add1268c59fdfb4e2483,2024-11,Sussex Police,Sussex Police,-0.764937,50.844906,On or near Bradshaw Road,E01031483,Chichester 008B,Violence and sexual offences,Unable to prosecute suspect,
4087070fc6a37586b28977cf637589f3d389ae12838d5317173f4df1fc1c0ada,2024-11,Sussex Police,Sussex Police,-0.759661,50.842997,On or near Westhampnett Road,E01031483,Chichester 008B,Other crime,Unable to prosecute suspect,
,2024-11,Sussex Police,Sussex Police,-0.777927,50.838658,On or near St Peter'S,E01031486,Chichester 008C,Anti-social behaviour,,
,2024-11,Sussex Police,Sussex Police,-0.775010,50.844310,On or near Further/Higher Educational Building,E01031486,Chichester 008C,Anti-social behaviour,,
,2024-11,Sussex Police,Sussex Police,-0.778077,50.837796,On or near Lion Street,E01031486,Chichester 008C,Anti-social behaviour,,
,2024-11,Sussex Police,Sussex Police,-0.777698,50.837108,On or near St Martin'S Street,E01031486,Chichester 008C,Anti-social behaviour,,
0db18c19834eee8e0227d03e7fbede479d9bc920f258f920a03e835381751243,2024-11,Sussex Police,Sussex Police,-0.777698,50.837108,On or near St Martin'S Street,E01031486,Chichester 008C,Bicycle theft,Investigation complete; no suspect identified,
687caa9670b89c3623348948574ba2c511dd073f66d2c03407f41c17e753953b,2024-11,Sussex Police,Sussex Police,-0.777238,50.837859,On or near St Martin'S Square,E01031486,Chichester 008C,Criminal damage and arson,Investigation complete; no suspect identified,
dee2e29fa2dd967e10f7d21a9686114c46c1225ccf0187c421e640e6bd7b721d,2024-11,Sussex Police,Sussex Police,-0.777711,50.839321,On or near Guildhall Street,E01031486,Chichester 008C,Criminal damage and arson,Local resolution,
155bc03fef4a2fa492e53f36f5a9096c3efa3548a45cd66c55be33507748598e,2024-11,Sussex Police,Sussex Police,-0.778715,50.838387,On or near North Street,E01031486,Chichester 008C,Other theft,Investigation complete; no suspect identified,
8d038d2206302732d60f4813f0f05cef791f8339598302c90b82bd148035b3ed,2024-11,Sussex Police,Sussex Police,-0.777698,50.837108,On or near St Martin'S Street,E01031486,Chichester 008C,Shoplifting,Awaiting court outcome,
dc228f384a4797c4c7884e38d3ddf1a5183a1db5165f1cb7cf768311fb847ebb,2024-11,Sussex Police,Sussex Police,-0.777698,50.837108,On or near St Martin'S Street,E01031486,Chichester 008C,Shoplifting,Unable to prosecute suspect,
547dcf32997a54e73ca33e51b36d984b93eb66aa3032c1987043b33a82eba1ff,2024-11,Sussex Police,Sussex Police,-0.777698,50.837108,On or near St Martin'S Street,E01031486,Chichester 008C,Shoplifting,Investigation complete; no suspect identified,
2aff92f1c8f1c247257aca2313cc142f35d9dbf064c7d21f61361d1774e16507,2024-11,Sussex Police,Sussex Police,-0.778715,50.838387,On or near North Street,E01031486,Chichester 008C,Shoplifting,Court result unavailable,
2a1ad0149bede52e5f0f03b800ad4c604e60cc49623fe5550c3576a854a7a4bd,2024-11,Sussex Police,Sussex Police,-0.777698,50.837108,On or near St Martin'S Street,E01031486,Chichester 008C,Shoplifting,Unable to prosecute suspect,
d948b8e3c814d8d4e18f9a518103c25d4612515fc64a2929a4c79711fe2468b6,2024-11,Sussex Police,Sussex Police,-0.777698,50.837108,On or near St Martin'S Street,E01031486,Chichester 008C,Shoplifting,Investigation complete; no suspect identified,
26283108f00c27f4d7dbd17a4920a232e3d879e9a2f60bdf1fb4083b9d6d0290,2024-11,Sussex Police,Sussex Police,-0.777698,50.837108,On or near St Martin'S Street,E01031486,Chichester 008C,Shoplifting,Unable to prosecute suspect,
4abf0e933bd32353b5001d4ba5813ca15e669c02273bc389f6a7362785c45020,2024-11,Sussex Police,Sussex Police,-0.777698,50.837108,On or near St Martin'S Street,E01031486,Chichester 008C,Shoplifting,Court result unavailable,
092f2fa22caf7f335c569034c6b1445b358e0596b870d011b427896b66c09ec4,2024-11,Sussex Police,Sussex Police,-0.777698,50.837108,On or near St Martin'S Street,E01031486,Chichester 008C,Shoplifting,Investigation complete; no suspect identified,
aef080b73d9c0f0a84566b68dbed15f1802a94a4477f213f930231f83958f647,2024-11,Sussex Police,Sussex Police,-0.777698,50.837108,On or near St Martin'S Street,E01031486,Chichester 008C,Shoplifting,Investigation complete; no suspect identified,
3ece65c98ddf4964537012af12326c55e31f721f06306ec86d8f05b35d75c644,2024-11,Sussex Police,Sussex Police,-0.777698,50.837108,On or near St Martin'S Street,E01031486,Chichester 008C,Shoplifting,Investigation complete; no suspect identified,
63e80af16d1ecddb3b5fc98fea02071283c765b82e9520a08a28db4ff5bdb374,2024-11,Sussex Police,Sussex Police,-0.778077,50.837796,On or near Lion Street,E01031486,Chichester 008C,Theft from the person,Investigation complete; no suspect identified,
f05f3043349c47e329f81b2e8726765dabee1b6fe50c4e1802800aa5b02f98cf,2024-11,Sussex Police,Sussex Police,-0.777698,50.837108,On or near St Martin'S Street,E01031486,Chichester 008C,Theft from the person,Investigation complete; no suspect identified,
3666d288f83bc4de4fd7bb238ee589d3722bcb058ba61603d59cc2f59f0538e4,2024-11,Sussex Police,Sussex Police,-0.777698,50.837108,On or near St Martin'S Street,E01031486,Chichester 008C,Theft from the person,Investigation complete; no suspect identified,
68b0a29e673364065c4a6a20e13f3f9ac6ad79ccc8afc67df9b3b7bf4e81eff0,2024-11,Sussex Police,Sussex Police,-0.779491,50.840239,On or near Alderman'S Walk,E01031486,Chichester 008C,Vehicle crime,Investigation complete; no suspect identified,
ff8e1a1b7a9119d807da0ddf54edfbc84ed0f3b1db48d714c848067696d26e63,2024-11,Sussex Police,Sussex Police,-0.777698,50.837108,On or near St Martin'S Street,E01031486,Chichester 008C,Violence and sexual offences,Investigation complete; no suspect identified,
1c0b5b0894608e3bc0945988e7d7aef31db9e35907c8bd399401aa1ca5aa3a02,2024-11,Sussex Police,Sussex Police,-0.778954,50.842292,On or near George Street,E01031486,Chichester 008C,Violence and sexual offences,Investigation complete; no suspect identified,
bfb8445ef4fcdbdfd2cf0699884288f6015d6d321fbe808cfc012e183e6d0d0e,2024-11,Sussex Police,Sussex Police,-0.775010,50.844310,On or near Further/Higher Educational Building,E01031486,Chichester 008C,Violence and sexual offences,Unable to prosecute suspect,
55bad751e11ae7122ee9ede243a9a73c9e4ad2d9d46dc7dbb377b6d793502e54,2024-11,Sussex Police,Sussex Police,-0.777711,50.839321,On or near Guildhall Street,E01031486,Chichester 008C,Violence and sexual offences,Unable to prosecute suspect,
78a3ba7b5ff83ec208ce44cc1f4a2e752ee38d66636536840db0fc8f213b9bb2,2024-11,Sussex Police,Sussex Police,-0.777711,50.839321,On or near Guildhall Street,E01031486,Chichester 008C,Violence and sexual offences,Unable to prosecute suspect,
7e0f7d0488373366e144ad1b2df1d1fdd9a098271921655471cfc1a51ff42fa5,2024-11,Sussex Police,Sussex Police,-0.777698,50.837108,On or near St Martin'S Street,E01031486,Chichester 008C,Violence and sexual offences,Unable to prosecute suspect,
ec0765968b6f1f6eb74ef6c6b3ee5289db9d4bb664b9f365984204d126b0c7d2,2024-11,Sussex Police,Sussex Police,-0.777711,50.839321,On or near Guildhall Street,E01031486,Chichester 008C,Violence and sexual offences,Unable to prosecute suspect,
,2024-11,Sussex Police,Sussex Police,-0.793608,50.842427,On or near Barton Road,E01031494,Chichester 008E,Anti-social behaviour,,
,2024-11,Sussex Police,Sussex Police,-0.797218,50.840126,On or near Bishop Luffa Close,E01031494,Chichester 008E,Anti-social behaviour,,
,2024-11,Sussex Police,Sussex Police,-0.793608,50.842427,On or near Barton Road,E01031494,Chichester 008E,Anti-social behaviour,,
,2024-11,Sussex Police,Sussex Police,-0.797218,50.840126,On or near Bishop Luffa Close,E01031494,Chichester 008E,Anti-social behaviour,,
,2024-11,Sussex Police,Sussex Police,-0.791774,50.841401,On or near Hilary Road,E01031494,Chichester 008E,Anti-social behaviour,,
240d0aab5ed6505736f374a750dc4a69eab4b9d990a88d9f3a791509316e2349,2024-11,Sussex Police,Sussex Police,-0.791776,50.843550,On or near Newlands Lane,E01031494,Chichester 008E,Criminal damage and arson,Investigation complete; no suspect identified,
a9998555d2c0ff488ae716f7d36839b5a64630376f2c21d25266fe76a0e044f8,2024-11,Sussex Police,Sussex Police,-0.797218,50.840126,On or near Bishop Luffa Close,E01031494,Chichester 008E,Drugs,Local resolution,
29001e7839ce923a3f733f4107fa028bb13d9bcabbe795829daa227d3f0ffa2b,2024-11,Sussex Police,Sussex Police,-0.797218,50.840126,On or near Bishop Luffa Close,E01031494,Chichester 008E,Drugs,Local resolution,
6c8dd3efcade8aa2a5903a9fb1fb45929c2a900b4f4f4dbcfd6663bd696d360a,2024-11,Sussex Police,Sussex Police,-0.789651,50.844418,On or near Gilbert Road,E01031494,Chichester 008E,Other theft,Unable to prosecute suspect,
391c195f99d962805be9601aa40000235e30cdc4ed5f94f08855b7e9ee044040,2024-11,Sussex Police,Sussex Police,-0.790662,50.842109,On or near Supermarket,E01031494,Chichester 008E,Public order,Investigation complete; no suspect identified,
7b318112fa6a2ce87b9a116f44911201ce67ce2afbfea48c6e8305bdef6dfcae,2024-11,Sussex Police,Sussex Police,-0.791776,50.843550,On or near Newlands Lane,E01031494,Chichester 008E,Violence and sexual offences,Unable to prosecute suspect,
2f7012e35061e95ea50fc03b333b018bb80455fddf1ca94ce83e2ba9314da59f,2024-11,Sussex Police,Sussex Police,-0.797218,50.840126,On or near Bishop Luffa Close,E01031494,Chichester 008E,Violence and sexual offences,Unable to prosecute suspect,
6c353af45c29437b7b992c25dc825a8377afe03fa9bce902ad8de724c6156b99,2024-11,Sussex Police,Sussex Police,-0.789258,50.845322,On or near Montagu Road,E01031494,Chichester 008E,Violence and sexual offences,Unable to prosecute suspect,
2b1354b14704b4e53adbc20a6e2f1caea70998282ef6e0262e698ea9df1e5a54,2024-11,Sussex Police,Sussex Police,-0.772147,50.848921,On or near Penny Acre,E01035324,Chichester 008G,Burglary,Investigation complete; no suspect identified,
32102eb9f68f071b21aca6c204d7b943e67ab2989f3b5d176bf0abbbc1ff07de,2024-11,Sussex Police,Sussex Police,-0.773381,50.851694,On or near Naunton Road,E01035324,Chichester 008G,Criminal damage and arson,Investigation complete; no suspect identified,
f2bf045d1cfd9daf9816f2c3c54cf27c68888c4174da3ef04da488846c6e4394,2024-11,Sussex Police,Sussex Police,-0.770122,50.851381,On or near North Mead,E01035324,Chichester 008G,Possession of weapons,Unable to prosecute suspect,
056801e51025e65ef2f57549d05a1d6eb58666dc074560db44cc8ba584dc4f06,2024-11,Sussex Police,Sussex Police,-0.771820,50.853800,On or near The Copse,E01035324,Chichester 008G,Violence and sexual offences,Unable to prosecute suspect,
8f35c3f358ba4315668bb0abd5f33729733bd5924a51a55942d2dd030ca58d24,2024-11,Sussex Police,Sussex Police,-0.770122,50.851381,On or near North Mead,E01035324,Chichester 008G,Violence and sexual offences,Investigation complete; no suspect identified,
0d9ef3a5a1f6295e266f051877f9991304dbd088c600f252b75df633a8419815,2024-11,Sussex Police,Sussex Police,-0.770063,50.849843,On or near Longley Road,E01035324,Chichester 008G,Violence and sexual offences,Investigation complete; no suspect identified,
2dba620b74fd6442c692ef14762229796368d3454582375ea9b68019e7e6bf8a,2024-11,Sussex Police,Sussex Police,-0.770122,50.851381,On or near North Mead,E01035324,Chichester 008G,Violence and sexual offences,Unable to prosecute suspect,
e76f4abeecd00bf2ba5c86c5a0b97a6d8204c57eb7d645bc0eb1e7b5f3e6c631,2024-11,Sussex Police,Sussex Police,-0.773226,50.852736,On or near Winterbourne Road,E01035324,Chichester 008G,Violence and sexual offences,Unable to prosecute suspect,
5b80ba3d91ec94ff323be1e5e9dc0d44f22ea28e8139b5403a6d880129f9d9b8,2024-11,Sussex Police,Sussex Police,-0.780472,50.852155,On or near King William Close,E01035325,Chichester 008H,Burglary,Unable to prosecute suspect,
ba1dffd4ad116e03d6a3ed40f243651a807d22787b0228b477f1bd3ddac63f28,2024-11,Sussex Police,Sussex Police,-0.769015,50.845929,On or near Graylingwell Drive,E01035325,Chichester 008H,Criminal damage and arson,Unable to prosecute suspect,
6411ce6bb95fc34c05bd9085124bdba921b36f9f6acc97af3c4a02b19ac11dbe,2024-11,Sussex Police,Sussex Police,-0.769461,50.842489,On or near Hospital,E01035325,Chichester 008H,Other theft,Investigation complete; no suspect identified,
0b1ed50bd806af2cf9dbe2d4dc5a8bcba65d3c3d94c09d39d61233ee65e85bca,2024-11,Sussex Police,Sussex Police,-0.771191,50.848011,On or near Anna Sewell Way,E01035325,Chichester 008H,Other theft,Investigation complete; no suspect identified,
0b2aa994e89f65b7ebadf31c2c19f0b51c2dc34062cf970c6360d68c9b21cb87,2024-11,Sussex Police,Sussex Police,-0.769658,50.842563,On or near Hospital,E01035325,Chichester 008H,Other theft,Investigation complete; no suspect identified,
6ba9d0a6374df77591df2647d369a32bc0a0a61e74ba6e9d4d5d084503a31a57,2024-11,Sussex Police,Sussex Police,-0.769461,50.842489,On or near Hospital,E01035325,Chichester 008H,Public order,Action to be taken by another organisation,
13e4dbc57ce3ea33fcba4251ae6d65ace31811fa15b47e1f22695f08a99b4b40,2024-11,Sussex Police,Sussex Police,-0.770921,50.847451,On or near William Penn Way,E01035325,Chichester 008H,Violence and sexual offences,Unable to prosecute suspect,
323e7c7f33a01e41a6e7de33344de7ecc6554c717d8e70a38274c96aac8f1be3,2024-11,Sussex Police,Sussex Police,-0.769015,50.845929,On or near Graylingwell Drive,E01035325,Chichester 008H,Violence and sexual offences,Unable to prosecute suspect,
0eef65d3056ce68b8122fc94b3d0bcd55cbdd8647b844f97b94898538a09f24a,2024-11,Sussex Police,Sussex Police,-0.769015,50.845929,On or near Graylingwell Drive,E01035325,Chichester 008H,Violence and sexual offences,Action to be taken by another organisation,
d5abff014334236847e2fa27afdd37adb06a152138547e894f80170dc219e438,2024-11,Sussex Police,Sussex Police,-0.769461,50.842489,On or near Hospital,E01035325,Chichester 008H,Violence and sexual offences,Action to be taken by another organisation,
,2024-11,Sussex Police,Sussex Police,-0.882928,50.854539,On or near Shepherds Close,E01031475,Chichester 009A,Anti-social behaviour,,
,2024-11,Sussex Police,Sussex Police,-0.882248,50.848489,On or near Hambrook Place,E01031475,Chichester 009A,Anti-social behaviour,,
,2024-11,Sussex Police,Sussex Police,-0.878859,50.854203,On or near Scant Road (West),E01031475,Chichester 009A,Anti-social behaviour,,
f0e272f3e70c6c197e05f768fce3cf36cae30758b196438ac053f3b95d200314,2024-11,Sussex Police,Sussex Police,-0.882879,50.855402,On or near Aviary Close,E01031475,Chichester 009A,Criminal damage and arson,Court result unavailable,
08ec469b6d91934f2aa4db85b5180ac32d63896619a7625c9d4afd8345b16701,2024-11,Sussex Police,Sussex Police,-0.882879,50.855402,On or near Aviary Close,E01031475,Chichester 009A,Violence and sexual offences,Unable to prosecute suspect,
aa5c2e0900f1459be516f824aea7ed381d1dbb507e188a63640d65b44f376e16,2024-11,Sussex Police,Sussex Police,-0.882248,50.848489,On or near Hambrook Place,E01031475,Chichester 009A,Violence and sexual offences,Investigation complete; no suspect identified,
490f237a9a05bfee6ee609fe19e7048c080ef1a9d71b0ce9baa8e50b6c1dbb8a,2024-11,Sussex Police,Sussex Police,-0.882248,50.848489,On or near Hambrook Place,E01031475,Chichester 009A,Violence and sexual offences,Unable to prosecute suspect,
f68e676ff1f964dc48dddc91cb40dd19c5aa9c279575d29fddfe9c4d23149f92,2024-11,Sussex Police,Sussex Police,-0.874687,50.833920,On or near Chidham Lane,E01031475,Chichester 009A,Violence and sexual offences,Unable to prosecute suspect,
ab8e175f6165e3cae1884b87459b05caad1e29a8aea39317d137875573bedd17,2024-11,Sussex Police,Sussex Police,-0.882096,50.848317,On or near Hambrook Place,E01031475,Chichester 009A,Violence and sexual offences,Unable to prosecute suspect,
61f8dc8f0e9c234df61768730d740c5d1a583e241abb6a234f0c4e598f03dfb1,2024-11,Sussex Police,Sussex Police,-0.882879,50.855402,On or near Aviary Close,E01031475,Chichester 009A,Violence and sexual offences,Unable to prosecute suspect,
,2024-11,Sussex Police,Sussex Police,-0.857822,50.833702,On or near Windmill Field,E01031476,Chichester 009B,Anti-social behaviour,,
dfcd8a8987fdf794d70189a868cd31b466b278a3bcc9bec6658d0241cab4fe55,2024-11,Sussex Police,Sussex Police,-0.855986,50.826310,On or near Shore Road,E01031476,Chichester 009B,Burglary,Investigation complete; no suspect identified,
c957753a658cdb49258d83cf5a1b17be832e85b5f50cf29f529fca41402ad4ca,2024-11,Sussex Police,Sussex Police,-0.849781,50.840170,On or near Broadbridge Court,E01031476,Chichester 009B,Shoplifting,Court result unavailable,
feb93d8ee5ddbb7b3acd3eead893a1a1ac38daaf98a5b901b68b4031ae619013,2024-11,Sussex Police,Sussex Police,-0.851612,50.812445,On or near Smuggler'S Lane,E01031476,Chichester 009B,Vehicle crime,Investigation complete; no suspect identified,
8ae6ff36de6ea2d1a76f2e34707198e5354b76d14395972928eee29beb149ee6,2024-11,Sussex Police,Sussex Police,-0.849315,50.841784,On or near Hamilton Gardens,E01031476,Chichester 009B,Violence and sexual offences,Status update unavailable,
7e815a01ae6a96ee2146d029604c73f51801ad517475d6be49204daf17525ae7,2024-11,Sussex Police,Sussex Police,-0.849315,50.841784,On or near Hamilton Gardens,E01031476,Chichester 009B,Other crime,Unable to prosecute suspect,
2c75d7a66e34f28362430f5de13c266652a5024ee97719aa63d317137807c932,2024-11,Sussex Police,Sussex Police,-0.931115,50.826051,On or near Hunter Road,E01031532,Chichester 009C,Criminal damage and arson,Investigation complete; no suspect identified,
96ea1453caa6ca9cc7cc41b17cc0770900be7589f803cf36f91a0c5040983f21,2024-11,Sussex Police,Sussex Police,-0.931115,50.826051,On or near Hunter Road,E01031532,Chichester 009C,Criminal damage and arson,Investigation complete; no suspect identified,
158bbd1a00854445a83e3105c896f0d7d5b5aa222ad512b01bbed072fb51def9,2024-11,Sussex Police,Sussex Police,-0.930164,50.824181,On or near Canberra Road,E01031532,Chichester 009C,Violence and sexual offences,Unable to prosecute suspect,
b8a9cd7a21a12d05fcfecf9c6baf1747643cae9430b90706ab0f7a1ad3b8919d,2024-11,Sussex Police,Sussex Police,-0.930164,50.824181,On or near Canberra Road,E01031532,Chichester 009C,Violence and sexual offences,Unable to prosecute suspect,
98ac606140324d4c78849772b1490c5faba88937c15c5ed5f0f30726413936b7,2024-11,Sussex Police,Sussex Police,-0.926575,50.848195,On or near Thistledowne Gardens,E01031534,Chichester 009D,Other theft,Unable to prosecute suspect,
22ed904f147371abfb2dd1d3fb9bcbb99c9e22bf0af451335a56018ef4b4daa4,2024-11,Sussex Police,Sussex Police,-0.926575,50.848195,On or near Thistledowne Gardens,E01031534,Chichester 009D,Violence and sexual offences,Unable to prosecute suspect,
,2024-11,Sussex Police,Sussex Police,-0.883441,50.843159,On or near Main Road,E01031535,Chichester 009E,Anti-social behaviour,,
,2024-11,Sussex Police,Sussex Police,-0.906971,50.847617,On or near Lodgebury Close,E01031535,Chichester 009E,Anti-social behaviour,,
24ac760261157f708650a1a0198b54606cfc462f2cefee3fbb25db716ba3fd51,2024-11,Sussex Police,Sussex Police,-0.883441,50.843159,On or near Main Road,E01031535,Chichester 009E,Criminal damage and arson,Investigation complete; no suspect identified,
fcfccb4d7237c9a717769cbb74b781531565363f23452ff3750518548ac974d4,2024-11,Sussex Police,Sussex Police,-0.886749,50.846797,On or near Baileys Way,E01031535,Chichester 009E,Public order,Unable to prosecute suspect,
091c9be78877fe8ce1188f46bdd6f72021a7b45025ffa8586df1c76f91114c18,2024-11,Sussex Police,Sussex Police,-0.898124,50.843298,On or near School Lane,E01031535,Chichester 009E,Vehicle crime,Investigation complete; no suspect identified,
95fa72b20ee7bd2200207d811872d595b92235571caab9a38ab4a7c5ae8d373e,2024-11,Sussex Police,Sussex Police,-0.903050,50.847050,On or near Belmont Place,E01031535,Chichester 009E,Vehicle crime,Investigation complete; no suspect identified,
bab372b4b1359cbbe8ff82e289bcc82897ff7d81fff6dac2ccadcde65444ecae,2024-11,Sussex Police,Sussex Police,-0.901384,50.847214,On or near Malling Way,E01031535,Chichester 009E,Vehicle crime,Investigation complete; no suspect identified,
95ffeb1e2c9b2e5fcc0730e274c32af41c127beb2ae8ab5b9c21a04959954886,2024-11,Sussex Police,Sussex Police,-0.901084,50.846690,On or near Harcourt Crescent,E01031535,Chichester 009E,Vehicle crime,Unable to prosecute suspect,
376c8ba959fa62ad016cf955fb32ea8a5da7726b145d7ca9965f6017e14708c2,2024-11,Sussex Police,Sussex Police,-0.883727,50.844286,On or near Flatt Gardens,E01031535,Chichester 009E,Violence and sexual offences,Investigation complete; no suspect identified,
9f24c5bcca2634cd18050aa888c02c47127d7778f4acf2a89ddae81025ded1ee,2024-11,Sussex Police,Sussex Police,-0.891927,50.850083,On or near Priors Leaze Lane,E01031535,Chichester 009E,Violence and sexual offences,Unable to prosecute suspect,
5847e0fc7472d88dbf48d8720c1264006d9f0c78c9e071e32d87ed8c9ae5e704,2024-11,Sussex Police,Sussex Police,-0.891927,50.850083,On or near Priors Leaze Lane,E01031535,Chichester 009E,Violence and sexual offences,Unable to prosecute suspect,
79dfad06484c31894f79f71454eb916d71bcd7996c75944a08a4eb6221928982,2024-11,Sussex Police,Sussex Police,-0.891927,50.850083,On or near Priors Leaze Lane,E01031535,Chichester 009E,Violence and sexual offences,Status update unavailable,
103a065b95ca978e1a9a0b92d7ed687e8340d507522ff66039ccc00dc96d721a,2024-11,Sussex Police,Sussex Police,-0.755119,50.834900,On or near Osborne Crescent,E01031480,Chichester 010A,Criminal damage and arson,Investigation complete; no suspect identified,
7843d3ba1d536e912fd9f4b088fdc3627dd0bd363bb31c2c2d410b84dfbd7f68,2024-11,Sussex Police,Sussex Police,-0.755854,50.836635,On or near William Road,E01031480,Chichester 010A,Criminal damage and arson,Investigation complete; no suspect identified,
fd07445ade88ff94aa2906ff232fff8951a8b884343534372aa5217242d05c9a,2024-11,Sussex Police,Sussex Police,-0.755854,50.836635,On or near William Road,E01031480,Chichester 010A,Vehicle crime,Investigation complete; no suspect identified,
aaaee126004420bb3fc9ced5a5c590fc06f54fd2ecc555f8f039f43f945bb638,2024-11,Sussex Police,Sussex Police,-0.756866,50.833282,On or near Chatsworth Road,E01031480,Chichester 010A,Violence and sexual offences,Unable to prosecute suspect,
,2024-11,Sussex Police,Sussex Police,-0.763257,50.834852,On or near Blackberry Lane,E01031481,Chichester 010B,Anti-social behaviour,,
,2024-11,Sussex Police,Sussex Police,-0.767079,50.836943,On or near Guilden Road,E01031481,Chichester 010B,Anti-social behaviour,,
52788a4949a4a93569da695358b3dc89a60528edc9cfbc27b2cb4714b7ec04b1,2024-11,Sussex Police,Sussex Police,-0.765782,50.839807,On or near Bridge Road,E01031481,Chichester 010B,Burglary,Investigation complete; no suspect identified,
4c19981d966340e9fb99732407e2b7a41361251ffa03587baf76efa5923d2ae0,2024-11,Sussex Police,Sussex Police,-0.765561,50.841180,On or near Harvester Close,E01031481,Chichester 010B,Criminal damage and arson,Investigation complete; no suspect identified,
f8eada0f4d5ceabf47c9eb220eb962cdede10a0a3e5161e64383f11806c45bd4,2024-11,Sussex Police,Sussex Police,-0.767079,50.836943,On or near Guilden Road,E01031481,Chichester 010B,Drugs,Court result unavailable,
0ab4668262141c1c045c9a049b009d1680040b57b00a1ed6b8eec7abe616c2f7,2024-11,Sussex Police,Sussex Police,-0.766530,50.840516,On or near Lime Close,E01031481,Chichester 010B,Other theft,Investigation complete; no suspect identified,
2ffae28ce637517377ca234c51be72ebeb50f85ec5b7277a760c5bc31a879ca2,2024-11,Sussex Police,Sussex Police,-0.764659,50.837178,On or near Russell Street,E01031481,Chichester 010B,Public order,Investigation complete; no suspect identified,
84f39c9ca4adeac0f9e6a49c4f8a47625d98f5016b3e06eb4776b2501707f0f3,2024-11,Sussex Police,Sussex Police,-0.762836,50.838948,On or near St James' Road,E01031481,Chichester 010B,Shoplifting,Unable to prosecute suspect,
a3cff668672513017cafe617cfeba067e0e4a8367b8a061e1b078da8bbc622fc,2024-11,Sussex Police,Sussex Police,-0.762836,50.838948,On or near St James' Road,E01031481,Chichester 010B,Vehicle crime,Investigation complete; no suspect identified,
d9e0aeb559142266e57a82743aa1e41366e96282eb91b0fa34abc1383a583b55,2024-11,Sussex Police,Sussex Police,-0.760965,50.835061,On or near Florence Road,E01031481,Chichester 010B,Vehicle crime,Investigation complete; no suspect identified,
2760bff107d3f4daacb90723e5ecabc0294a1773d15073441a3d3f0ea6c0a276,2024-11,Sussex Police,Sussex Police,-0.767079,50.836943,On or near Guilden Road,E01031481,Chichester 010B,Violence and sexual offences,Unable to prosecute suspect,
23c1b27bd20196fe3d0a08ba82f8c2bb492e0b4f9fb06694559db2c764a84025,2024-11,Sussex Police,Sussex Police,-0.762836,50.838948,On or near St James' Road,E01031481,Chichester 010B,Violence and sexual offences,Unable to prosecute suspect,
8be2514e3bcdbcc58e354bafbaee3290774a5840159f6ca051b5dcd358ac81b6,2024-11,Sussex Police,Sussex Police,-0.767079,50.836943,On or near Guilden Road,E01031481,Chichester 010B,Violence and sexual offences,Unable to prosecute suspect,
2c8658bb3066f78342a4443806299e9fae0b2d28aaecd48380a019381475d1df,2024-11,Sussex Police,Sussex Police,-0.762836,50.838948,On or near St James' Road,E01031481,Chichester 010B,Violence and sexual offences,Unable to prosecute suspect,
,2024-11,Sussex Police,Sussex Police,-0.771650,50.840264,On or near Turnbull Road,E01031484,Chichester 010C,Anti-social behaviour,,
,2024-11,Sussex Police,Sussex Police,-0.770249,50.836284,On or near The Hornet,E01031484,Chichester 010C,Anti-social behaviour,,
,2024-11,Sussex Police,Sussex Police,-0.771650,50.840264,On or near Turnbull Road,E01031484,Chichester 010C,Anti-social behaviour,,
,2024-11,Sussex Police,Sussex Police,-0.770593,50.837798,On or near Cutten Way,E01031484,Chichester 010C,Anti-social behaviour,,
,2024-11,Sussex Police,Sussex Police,-0.768777,50.842024,On or near Douglas Martin Road,E01031484,Chichester 010C,Anti-social behaviour,,
,2024-11,Sussex Police,Sussex Police,-0.768777,50.842024,On or near Douglas Martin Road,E01031484,Chichester 010C,Anti-social behaviour,,
,2024-11,Sussex Police,Sussex Police,-0.768777,50.842024,On or near Douglas Martin Road,E01031484,Chichester 010C,Anti-social behaviour,,
0fbd4a24cf3539e5fdb99599960ad4781be26b1337c756614fc5a3c2a3bd9dcd,2024-11,Sussex Police,Sussex Police,-0.771340,50.836376,On or near A259,E01031484,Chichester 010C,Burglary,Investigation complete; no suspect identified,
85876ad548833f29d4bdb789330c7f295954c40cb58006b77d458e4832d8009f,2024-11,Sussex Police,Sussex Police,-0.769516,50.841492,On or near Spitalfield Lane,E01031484,Chichester 010C,Burglary,Status update unavailable,
0f5ef75ee0075be8027096d0a41f4f096c5b7cbe8c5fb981b396069ca822224c,2024-11,Sussex Police,Sussex Police,-0.768809,50.838679,On or near St Pancras,E01031484,Chichester 010C,Criminal damage and arson,Investigation complete; no suspect identified,
a01ad28e015d47e937169c96797f4cb34757cbc3bacfdc93f335389424f37203,2024-11,Sussex Police,Sussex Police,-0.768971,50.839535,On or near Kent Road,E01031484,Chichester 010C,Criminal damage and arson,Investigation complete; no suspect identified,
ae843df883d35e8ea491cc36fbb09f222ba24dc61a1320c04cfd0118ba770c96,2024-11,Sussex Police,Sussex Police,-0.768777,50.842024,On or near Douglas Martin Road,E01031484,Chichester 010C,Criminal damage and arson,Unable to prosecute suspect,
973b658d35a687ec0cdf7992032a30a8be5067839ff37bcd3428f3b770c6b5a7,2024-11,Sussex Police,Sussex Police,-0.772526,50.837198,On or near Park Place,E01031484,Chichester 010C,Other theft,Unable to prosecute suspect,
c30026c49ed8082b89ecc954e24770d13bad74d4f1979ea462fc33057735af13,2024-11,Sussex Police,Sussex Police,-0.774101,50.841036,On or near Supermarket,E01031484,Chichester 010C,Public order,Investigation complete; no suspect identified,
e4a64df5898231e503db0f692051715d4264bba53f06cae676091f78559d53d2,2024-11,Sussex Police,Sussex Police,-0.774101,50.841036,On or near Supermarket,E01031484,Chichester 010C,Shoplifting,Investigation complete; no suspect identified,
15517ee5067b388fa4f83a10bf8a0acdb6ddf1afd45fe59c4bf46cc32e32ec55,2024-11,Sussex Police,Sussex Police,-0.772846,50.841221,On or near Bishopsgate Walk,E01031484,Chichester 010C,Shoplifting,Unable to prosecute suspect,
0cd9f680e7059e921e891d2c2693ae20069a2e2fd98f6da9fd6c33b5855460a9,2024-11,Sussex Police,Sussex Police,-0.770439,50.838777,On or near Lewis Road,E01031484,Chichester 010C,Vehicle crime,Status update unavailable,
d793c48325dc0e4952fcfa3d2815f44f071f5f4c40d8af09229e33b739d680fb,2024-11,Sussex Police,Sussex Police,-0.769516,50.841492,On or near Spitalfield Lane,E01031484,Chichester 010C,Violence and sexual offences,Unable to prosecute suspect,
16428ec7b158c7e0acb6fab87a576dcc1ee0bb2855afb05dc34f3ef72d547995,2024-11,Sussex Police,Sussex Police,-0.769277,50.841912,On or near Whiteside Close,E01031484,Chichester 010C,Violence and sexual offences,Unable to prosecute suspect,
14cd2ba88c61cb97a7bc4ffddfc552d876348094bc5ff912bfeeea929715800f,2024-11,Sussex Police,Sussex Police,-0.768777,50.842024,On or near Douglas Martin Road,E01031484,Chichester 010C,Violence and sexual offences,Investigation complete; no suspect identified,
74f7a2e09931baf04495f21a8ed661a856fa12562ca077f4709b8ea02d0ed35a,2024-11,Sussex Police,Sussex Police,-0.771650,50.840264,On or near Turnbull Road,E01031484,Chichester 010C,Violence and sexual offences,Unable to prosecute suspect,
ec60c63b3edebb5d8398ac852ffe0b90605d749202c151ed45d866d0cebffecd,2024-11,Sussex Police,Sussex Police,-0.768777,50.842024,On or near Douglas Martin Road,E01031484,Chichester 010C,Violence and sexual offences,Investigation complete; no suspect identified,
2bbaedfdaa38d483ca060875d31a12452dda7d5aa95fff62fccc8185ab59df99,2024-11,Sussex Police,Sussex Police,-0.768777,50.842024,On or near Douglas Martin Road,E01031484,Chichester 010C,Violence and sexual offences,Investigation complete; no suspect identified,
7587829963e027a0b71bdab256d3e1f1db1c7676c707e3a5a4164a388015d002,2024-11,Sussex Police,Sussex Police,-0.772526,50.837198,On or near Park Place,E01031484,Chichester 010C,Violence and sexual offences,Investigation complete; no suspect identified,
99f71ce34b1981a488f501bd71b0a4fc861729b58b5eb233b717226cac7f4a8c,2024-11,Sussex Police,Sussex Police,-0.774124,50.837431,On or near Lower Walls Walk,E01031484,Chichester 010C,Violence and sexual offences,Unable to prosecute suspect,
e9b0dca53565daf284a33b0945fcf86301fd8a1f6fdc27e3a4a79a5da2b33647,2024-11,Sussex Police,Sussex Police,-0.769277,50.841912,On or near Whiteside Close,E01031484,Chichester 010C,Violence and sexual offences,Unable to prosecute suspect,
c4feeaff40ffcf87119d15cff57d07d0c9166aefe3b8da03f699c7372266e31c,2024-11,Sussex Police,Sussex Police,-0.768777,50.842024,On or near Douglas Martin Road,E01031484,Chichester 010C,Violence and sexual offences,Unable to prosecute suspect,
86f4923621af300af9e9736a9d671589c216932567b3c2bc3bca8be78f29bf3d,2024-11,Sussex Police,Sussex Police,-0.771650,50.840264,On or near Turnbull Road,E01031484,Chichester 010C,Violence and sexual offences,Investigation complete; no suspect identified,
b1d2180b9f8b4bedc08394eefdd817d2ffebead240e1e47c7573575417c0b408,2024-11,Sussex Police,Sussex Police,-0.768777,50.842024,On or near Douglas Martin Road,E01031484,Chichester 010C,Violence and sexual offences,Investigation complete; no suspect identified,
e13a6272bc54ba8e91b8a55eeb88ed3094458618d8f93da8fa62718eb20ef2d9,2024-11,Sussex Police,Sussex Police,-0.768809,50.838679,On or near St Pancras,E01031484,Chichester 010C,Violence and sexual offences,Unable to prosecute suspect,
4d6b22ab8247e305f7086cb5b6ec03bc5123c93f121914c5a3052f2d7c31d65b,2024-11,Sussex Police,Sussex Police,-0.768777,50.842024,On or near Douglas Martin Road,E01031484,Chichester 010C,Violence and sexual offences,Unable to prosecute suspect,
212f66a30cf368b1c9ffcdeaf48a533aa8bb5062559e7b38b21e2a3f7e2b76e7,2024-11,Sussex Police,Sussex Police,-0.771340,50.836376,On or near A259,E01031484,Chichester 010C,Violence and sexual offences,Unable to prosecute suspect,
36f6949449705d43f03cf7192e103087ac98791af30f75e2a8d8eba74500a245,2024-11,Sussex Police,Sussex Police,-0.771650,50.840264,On or near Turnbull Road,E01031484,Chichester 010C,Violence and sexual offences,Investigation complete; no suspect identified,
33a468abb8cebe279b58f68311a8f3ec8bc542f49f2180cdb0df5a2f3b0168f9,2024-11,Sussex Police,Sussex Police,-0.770249,50.836284,On or near The Hornet,E01031484,Chichester 010C,Violence and sexual offences,Investigation complete; no suspect identified,
,2024-11,Sussex Police,Sussex Police,-0.774548,50.835915,On or near Supermarket,E01031490,Chichester 010D,Anti-social behaviour,,
,2024-11,Sussex Police,Sussex Police,-0.781582,50.836816,On or near West Street,E01031490,Chichester 010D,Anti-social behaviour,,
,2024-11,Sussex Police,Sussex Police,-0.781001,50.833492,On or near Deanery Close,E01031490,Chichester 010D,Anti-social behaviour,,
,2024-11,Sussex Police,Sussex Police,-0.781644,50.839344,On or near North Walls,E01031490,Chichester 010D,Anti-social behaviour,,
,2024-11,Sussex Police,Sussex Police,-0.781957,50.832234,On or near Parking Area,E01031490,Chichester 010D,Anti-social behaviour,,
,2024-11,Sussex Police,Sussex Police,-0.779305,50.838114,On or near Crane Street,E01031490,Chichester 010D,Anti-social behaviour,,
,2024-11,Sussex Police,Sussex Police,-0.774548,50.835915,On or near Supermarket,E01031490,Chichester 010D,Anti-social behaviour,,
,2024-11,Sussex Police,Sussex Police,-0.779208,50.835811,On or near Cooper Street,E01031490,Chichester 010D,Anti-social behaviour,,
,2024-11,Sussex Police,Sussex Police,-0.781582,50.836816,On or near West Street,E01031490,Chichester 010D,Anti-social behaviour,,
,2024-11,Sussex Police,Sussex Police,-0.779208,50.835811,On or near Cooper Street,E01031490,Chichester 010D,Anti-social behaviour,,
,2024-11,Sussex Police,Sussex Police,-0.783943,50.832317,On or near Supermarket,E01031490,Chichester 010D,Anti-social behaviour,,
,2024-11,Sussex Police,Sussex Police,-0.781582,50.836816,On or near West Street,E01031490,Chichester 010D,Anti-social behaviour,,
,2024-11,Sussex Police,Sussex Police,-0.781644,50.839344,On or near North Walls,E01031490,Chichester 010D,Anti-social behaviour,,
,2024-11,Sussex Police,Sussex Police,-0.781001,50.833492,On or near Deanery Close,E01031490,Chichester 010D,Anti-social behaviour,,
,2024-11,Sussex Police,Sussex Police,-0.781644,50.839344,On or near North Walls,E01031490,Chichester 010D,Anti-social behaviour,,
,2024-11,Sussex Police,Sussex Police,-0.781424,50.827633,On or near Fairhaven Place,E01031490,Chichester 010D,Anti-social behaviour,,
,2024-11,Sussex Police,Sussex Police,-0.781644,50.839344,On or near North Walls,E01031490,Chichester 010D,Anti-social behaviour,,
,2024-11,Sussex Police,Sussex Police,-0.776399,50.836276,On or near East Street,E01031490,Chichester 010D,Anti-social behaviour,,
,2024-11,Sussex Police,Sussex Police,-0.781424,50.827633,On or near Fairhaven Place,E01031490,Chichester 010D,Anti-social behaviour,,
408c59d9b4021021bc851675dc9099460b9a2241fac665528f567202eca12ed4,2024-11,Sussex Police,Sussex Police,-0.787442,50.836500,On or near St Bartholomews Close,E01031490,Chichester 010D,Bicycle theft,Investigation complete; no suspect identified,
7f8a5faf458114c70b6670966ec1bf40ba0fc2879dc8dc69abf6fbcae702cf97,2024-11,Sussex Police,Sussex Police,-0.781505,50.838164,On or near Tower Street,E01031490,Chichester 010D,Bicycle theft,Investigation complete; no suspect identified,
23f1c1a548db8db9d4d03ce1ed66e12147148ffaf6a3ff164fc3fb4372db0c94,2024-11,Sussex Police,Sussex Police,-0.776399,50.836276,On or near East Street,E01031490,Chichester 010D,Bicycle theft,Investigation complete; no suspect identified,
a599bcba54e48918bf47c1d64282d28885b37d38bb6362d5264b06d9abb54546,2024-11,Sussex Police,Sussex Police,-0.779208,50.835811,On or near Cooper Street,E01031490,Chichester 010D,Burglary,Investigation complete; no suspect identified,
1da8a3463b650b77ae7258ce1fcc6507e9d230efe8e52efd66fa65a8bc4a578f,2024-11,Sussex Police,Sussex Police,-0.776399,50.836276,On or near East Street,E01031490,Chichester 010D,Burglary,Unable to prosecute suspect,
84cd9b6945456736437ee54abfc93a78e77a53f21879ec775591b33ada4bcc96,2024-11,Sussex Police,Sussex Police,-0.785406,50.836119,On or near Tollhouse Close,E01031490,Chichester 010D,Burglary,Investigation complete; no suspect identified,
e82cf4b0d703b5ca2a59bb2d5a456fcfac0e7111bc4f316f9820a6b7f3f28733,2024-11,Sussex Police,Sussex Police,-0.779273,50.833860,On or near Old Market Avenue,E01031490,Chichester 010D,Burglary,Investigation complete; no suspect identified,
8ba40f8b19b661f295c2da6c815d2b2dff17ded5426a2376bdfc870f3aaa4523,2024-11,Sussex Police,Sussex Police,-0.779208,50.835811,On or near Cooper Street,E01031490,Chichester 010D,Burglary,Unable to prosecute suspect,
4b178ecdc571d0a15bb3bb5411821a599fff9f45729177e9d88d4ccca6f2b868,2024-11,Sussex Police,Sussex Police,-0.782830,50.831973,On or near Chichester,E01031490,Chichester 010D,Criminal damage and arson,Investigation complete; no suspect identified,
c0c53d86292934934b7a7b607fd1044e22d0985fe239596e309759adbe3aa3a9,2024-11,Sussex Police,Sussex Police,-0.780410,50.832748,On or near Southgate,E01031490,Chichester 010D,Criminal damage and arson,Investigation complete; no suspect identified,
51ea38f75d08041579cb6d8a2151b94cfc17098260860bb61dc135c8e5b48f1d,2024-11,Sussex Police,Sussex Police,-0.780410,50.832748,On or near Southgate,E01031490,Chichester 010D,Criminal damage and arson,Investigation complete; no suspect identified,
0ecb0f4f0e3cdb4137d4904b7910235b5ff84cd20eda3d2fa23e58cfc0dd7316,2024-11,Sussex Police,Sussex Police,-0.781001,50.833492,On or near Deanery Close,E01031490,Chichester 010D,Criminal damage and arson,Investigation complete; no suspect identified,
867c47991a690d450e0be434aec1e21ade978ee67af35551b40cdb6dc8cf98ac,2024-11,Sussex Police,Sussex Police,-0.781424,50.827633,On or near Fairhaven Place,E01031490,Chichester 010D,Criminal damage and arson,Investigation complete; no suspect identified,
53e79113b1a6bfb682d69589dbdf2378ae4a430ccbf98fece3f79cdc1ef299db,2024-11,Sussex Police,Sussex Police,-0.783943,50.832317,On or near Supermarket,E01031490,Chichester 010D,Criminal damage and arson,Unable to prosecute suspect,
25ce73d39804bf3d9c30b74b62b7022e004d0bbda2513780d1ee3e94b13b145b,2024-11,Sussex Police,Sussex Police,-0.777850,50.835608,On or near North Pallant,E01031490,Chichester 010D,Criminal damage and arson,Investigation complete; no suspect identified,
c20e2b4d94221a89cd3122b952d4bddcaa04dd6c614c2af323b4ec8240b0a5cc,2024-11,Sussex Police,Sussex Police,-0.783069,50.834049,On or near Sports/Recreation Area,E01031490,Chichester 010D,Criminal damage and arson,Investigation complete; no suspect identified,
71a09415ad8c5dce5f33b6ea47cf9102b3ef4ce6f5b6ee16825e2bf213a5445e,2024-11,Sussex Police,Sussex Police,-0.774548,50.835915,On or near Supermarket,E01031490,Chichester 010D,Criminal damage and arson,Investigation complete; no suspect identified,
e3b094c80dae6b64fb060b496e8c4e1da4615bc370ac8e1e95d76617d311a7a9,2024-11,Sussex Police,Sussex Police,-0.781957,50.832234,On or near Parking Area,E01031490,Chichester 010D,Drugs,Local resolution,
3c2634445885a255c1fa73e3ce76b4dfb86bd611521502afc4127c98e78b9ed0,2024-11,Sussex Police,Sussex Police,-0.781001,50.833492,On or near Deanery Close,E01031490,Chichester 010D,Drugs,Local resolution,
99e345cc1c6cf72315b707984e336d0c9dcb481fd80063f47db2b439345d52d2,2024-11,Sussex Police,Sussex Police,-0.779563,50.839079,On or near Parking Area,E01031490,Chichester 010D,Other theft,Status update unavailable,
8bc5f67e191877647c7f1a755942867f4bc0f7135ce89bb1c4bfba0a8492f883,2024-11,Sussex Police,Sussex Police,-0.776399,50.836276,On or near East Street,E01031490,Chichester 010D,Other theft,Investigation complete; no suspect identified,
77505e49f57949a8823b902581b6df987d3c1c1665fa21f5fef8c09d73fd16b3,2024-11,Sussex Police,Sussex Police,-0.774548,50.835915,On or near Supermarket,E01031490,Chichester 010D,Other theft,Investigation complete; no suspect identified,
ec70a50ebb1b1de617f6de187a818670a975bd4fbb7f1cc16bb435a711b2ea93,2024-11,Sussex Police,Sussex Police,-0.783069,50.834049,On or near Sports/Recreation Area,E01031490,Chichester 010D,Other theft,Investigation complete; no suspect identified,
ccc2d627579c04a40887b71696de179f3d25c928bc50b4e29d8fcd6ca5bb514a,2024-11,Sussex Police,Sussex Police,-0.782340,50.830079,On or near John Rennie Road,E01031490,Chichester 010D,Other theft,Unable to prosecute suspect,
ef2bc4d9a2438a4e825a25496bf6ce060e864a2ba5f231f8abfaec614ede9717,2024-11,Sussex Police,Sussex Police,-0.779208,50.835811,On or near Cooper Street,E01031490,Chichester 010D,Other theft,Investigation complete; no suspect identified,
1ea475ce91ef73b88f6f085e6493f4f781b00d9be528ac214b7c73158ae0cf65,2024-11,Sussex Police,Sussex Police,-0.780410,50.832748,On or near Southgate,E01031490,Chichester 010D,Other theft,Investigation complete; no suspect identified,
d727d63671661e87a8085804dad822696e2900e35c9839e43bcc5e5238add663,2024-11,Sussex Police,Sussex Police,-0.784315,50.831125,On or near Canal Place,E01031490,Chichester 010D,Other theft,Investigation complete; no suspect identified,
30140648c31d5b914ccadfde33103610cfea39dc9bb70cebe7941ea531c2e7ce,2024-11,Sussex Police,Sussex Police,-0.776399,50.836276,On or near East Street,E01031490,Chichester 010D,Other theft,Investigation complete; no suspect identified,
9dbc79fabf0cf712af6c4495d98942c9ee2294e05f0ea3d721566d4525a92cca,2024-11,Sussex Police,Sussex Police,-0.779208,50.835811,On or near Cooper Street,E01031490,Chichester 010D,Other theft,Investigation complete; no suspect identified,
13de7d31e6d121a2e72e8078b2dc9e72985d6915084e7518960780e96515a166,2024-11,Sussex Police,Sussex Police,-0.779273,50.833860,On or near Old Market Avenue,E01031490,Chichester 010D,Other theft,Investigation complete; no suspect identified,
fb5491947928e14002ac59b5fe491d2cfb0ba274ddf4bd97c1913c32e3f367f0,2024-11,Sussex Police,Sussex Police,-0.783943,50.832317,On or near Supermarket,E01031490,Chichester 010D,Possession of weapons,Court result unavailable,
3672651ea526908bdcea05b331753e7987dd849497b59965fcc3732b3e819076,2024-11,Sussex Police,Sussex Police,-0.780148,50.834085,On or near Cathedral Courtyard,E01031490,Chichester 010D,Possession of weapons,Status update unavailable,
f481115dc9d35efe1babbfccc55662dd7678e7efe8d968b66638cf8b210f191b,2024-11,Sussex Police,Sussex Police,-0.781001,50.833492,On or near Deanery Close,E01031490,Chichester 010D,Possession of weapons,Status update unavailable,
7ff2d9ba0cc17b3623d00de511d46b96df22851e12e58792b0b7b3af61484379,2024-11,Sussex Police,Sussex Police,-0.780817,50.837833,On or near The Woolstaplers,E01031490,Chichester 010D,Public order,Investigation complete; no suspect identified,
6312919ab33cd7a359d1fab563b04f9ddb1ac6c9d72af619e327d348174ab1a0,2024-11,Sussex Police,Sussex Police,-0.787442,50.836500,On or near St Bartholomews Close,E01031490,Chichester 010D,Public order,Unable to prosecute suspect,
d3c05df2ff97bd80c3932e3c05599bac4bcf01871c5a4bf99f70134318b3b9a5,2024-11,Sussex Police,Sussex Police,-0.781505,50.838164,On or near Tower Street,E01031490,Chichester 010D,Public order,Unable to prosecute suspect,
74136135784c6236411b406a8e846fbad9d132f53fb886661a6041f371e07310,2024-11,Sussex Police,Sussex Police,-0.784315,50.831125,On or near Canal Place,E01031490,Chichester 010D,Public order,Investigation complete; no suspect identified,
48f50039b4ac9794f0666b9a9a44e51b7b25d792ee1c19fef99168c89212ded2,2024-11,Sussex Police,Sussex Police,-0.784315,50.831125,On or near Canal Place,E01031490,Chichester 010D,Public order,Unable to prosecute suspect,
ae5b3569dce7fa744e9642e596f64392738ba889630066c28d3363b69f6b791f,2024-11,Sussex Police,Sussex Police,-0.776399,50.836276,On or near East Street,E01031490,Chichester 010D,Public order,Unable to prosecute suspect,
cb8e9592c4394339f31e9b75e3290561a4e68cceb219099895566363734a8a89,2024-11,Sussex Police,Sussex Police,-0.781582,50.836816,On or near West Street,E01031490,Chichester 010D,Public order,Investigation complete; no suspect identified,
5b81a50aec0dde94aea76764a48e5fde725e02c7de8b2904ac46896c48d4e668,2024-11,Sussex Police,Sussex Police,-0.782591,50.832996,On or near Parking Area,E01031490,Chichester 010D,Robbery,Investigation complete; no suspect identified,
8bd0200fe80b91ac85744b9c2179d0fc683b582fe2f351940d07585b5c51ce0b,2024-11,Sussex Police,Sussex Police,-0.780148,50.834085,On or near Cathedral Courtyard,E01031490,Chichester 010D,Shoplifting,Investigation complete; no suspect identified,
b8010da75cce12cc3473333b0cd8cd2f3eabe375fd0bd3111e338c195ecea52a,2024-11,Sussex Police,Sussex Police,-0.774548,50.835915,On or near Supermarket,E01031490,Chichester 010D,Shoplifting,Local resolution,
8f5239955b8a80c6fb1d40bd40709c9882783d3f2213cc852045ea316727ced0,2024-11,Sussex Police,Sussex Police,-0.774548,50.835915,On or near Supermarket,E01031490,Chichester 010D,Shoplifting,Unable to prosecute suspect,
a672c11d010cef76dbb8f73ce63ea8ebca419f10d4ad88799070bfed63a2d150,2024-11,Sussex Police,Sussex Police,-0.776399,50.836276,On or near East Street,E01031490,Chichester 010D,Shoplifting,Unable to prosecute suspect,
6d200d3877226afc3538183b12faecf264a52dd31f01bd1fcd03c2ea1dd0acd2,2024-11,Sussex Police,Sussex Police,-0.774548,50.835915,On or near Supermarket,E01031490,Chichester 010D,Shoplifting,Investigation complete; no suspect identified,
e28153d5c453b3a2481499e242ed71dea6cd817ee45ba580be28712218be4f94,2024-11,Sussex Police,Sussex Police,-0.774548,50.835915,On or near Supermarket,E01031490,Chichester 010D,Shoplifting,Investigation complete; no suspect identified,
53761ae890c6277273fff7081513facb5c4695ca38687a60a73259970bff3610,2024-11,Sussex Police,Sussex Police,-0.776399,50.836276,On or near East Street,E01031490,Chichester 010D,Shoplifting,Unable to prosecute suspect,
a8de6f762c99806f28f5d81d97e945beff5f938ade383842cac3db0612745979,2024-11,Sussex Police,Sussex Police,-0.779305,50.838114,On or near Crane Street,E01031490,Chichester 010D,Shoplifting,Investigation complete; no suspect identified,
231c65881e698bc3c1ff27a3b85967b3cb7c5a0a16f8c547a7029c26e5932058,2024-11,Sussex Police,Sussex Police,-0.779524,50.835131,On or near South Street,E01031490,Chichester 010D,Shoplifting,Local resolution,
10d6c468dd0ad5b91e1e1bf420451304a95f62606d947961332eb2d576fbc2b8,2024-11,Sussex Police,Sussex Police,-0.776399,50.836276,On or near East Street,E01031490,Chichester 010D,Shoplifting,Investigation complete; no suspect identified,
9147281163c6eed696de78fcaf1692c77820d51020cb6f418ef7fcc3d36f94df,2024-11,Sussex Police,Sussex Police,-0.779305,50.838114,On or near Crane Street,E01031490,Chichester 010D,Shoplifting,Investigation complete; no suspect identified,
b39b2fbf1b959d23d4ede3c59c6d347aabe87efc6137bf114ea4c57acbdf2e90,2024-11,Sussex Police,Sussex Police,-0.774548,50.835915,On or near Supermarket,E01031490,Chichester 010D,Shoplifting,Unable to prosecute suspect,
abbd2b71806c13a1ab2aec36d844a252fdebf0cc9f754d2730db1a10c2370880,2024-11,Sussex Police,Sussex Police,-0.774548,50.835915,On or near Supermarket,E01031490,Chichester 010D,Shoplifting,Court result unavailable,
b503a9d8d33141aecf08af8f989675b183f909155762c2abca56d0f0d6718a1a,2024-11,Sussex Police,Sussex Police,-0.779305,50.838114,On or near Crane Street,E01031490,Chichester 010D,Shoplifting,Investigation complete; no suspect identified,
b34b2beea9a0261b89ef639571d5e14a5dc8d31822aae0ea2f2ffd71e3e4665b,2024-11,Sussex Police,Sussex Police,-0.783741,50.837360,On or near Wall Cottage Drive,E01031490,Chichester 010D,Theft from the person,Status update unavailable,
1b58fb8f8d3b947c0e87919642055598735db39e8d88edd58feefb76e795393f,2024-11,Sussex Police,Sussex Police,-0.787442,50.836500,On or near St Bartholomews Close,E01031490,Chichester 010D,Theft from the person,Investigation complete; no suspect identified,
aec742536fed9498f8806fc7627b717a766d22ac29dcc9c0f27227b9817c5192,2024-11,Sussex Police,Sussex Police,-0.776399,50.836276,On or near East Street,E01031490,Chichester 010D,Theft from the person,Investigation complete; no suspect identified,
ef49a42b8aa3f61a5e53a8248909fe88709ae627519fd669d57f66d914c99524,2024-11,Sussex Police,Sussex Police,-0.781582,50.836816,On or near West Street,E01031490,Chichester 010D,Theft from the person,Investigation complete; no suspect identified,
663f30655496656b63b332e829c591517ad6c2c14354dc2f13b9b1cc99ce42c2,2024-11,Sussex Police,Sussex Police,-0.783069,50.834049,On or near Sports/Recreation Area,E01031490,Chichester 010D,Vehicle crime,Investigation complete; no suspect identified,
b7aeb7ad12aa47ad4e7e58016242f5ed2f23f1dff68db1c670ec69056b9a8900,2024-11,Sussex Police,Sussex Police,-0.779208,50.835811,On or near Cooper Street,E01031490,Chichester 010D,Violence and sexual offences,Status update unavailable,
0641079190073b30488b15f6b178a080632cb2f1ec96ee4e739b903bb9cacaa5,2024-11,Sussex Police,Sussex Police,-0.784315,50.831125,On or near Canal Place,E01031490,Chichester 010D,Violence and sexual offences,Investigation complete; no suspect identified,
d73a91a0b36b5006c87e78b15c8925fd86a3985c9f669e7e221e4d83d0c5246b,2024-11,Sussex Police,Sussex Police,-0.784181,50.828057,On or near Stockbridge Road,E01031490,Chichester 010D,Violence and sexual offences,Investigation complete; no suspect identified,
391b891a1b6e9a90da3c07b01240bf1276a9f4e293ae87f8bc036be866aa5897,2024-11,Sussex Police,Sussex Police,-0.782340,50.830079,On or near John Rennie Road,E01031490,Chichester 010D,Violence and sexual offences,Unable to prosecute suspect,
b528b14a38e4345c79cd7c0e6e1df046179d5fd3909d528a92a53ed9202dc807,2024-11,Sussex Police,Sussex Police,-0.781001,50.833492,On or near Deanery Close,E01031490,Chichester 010D,Violence and sexual offences,Investigation complete; no suspect identified,
607af95ed3a8cca44bde1e70a8c5440aefaf7202756e44881c41e5c8f50ada7d,2024-11,Sussex Police,Sussex Police,-0.781123,50.830462,On or near Canal Wharf,E01031490,Chichester 010D,Violence and sexual offences,Investigation complete; no suspect identified,
13bc7f2e2e367f98e01f361a3df013fe3220dd3e43a02e1a8f0b7f38be0af8a1,2024-11,Sussex Police,Sussex Police,-0.776399,50.836276,On or near East Street,E01031490,Chichester 010D,Violence and sexual offences,Status update unavailable,
7c2977eacf73e1f98a8f32cdfadb10804e1ddc1aad5400bcde35e100574cf256,2024-11,Sussex Police,Sussex Police,-0.782705,50.828581,On or near South Bank,E01031490,Chichester 010D,Violence and sexual offences,Unable to prosecute suspect,
9e07f10ed4b4b7086862cfa5f95eddcbed6197323a10c1c3e6bb147f2d85181a,2024-11,Sussex Police,Sussex Police,-0.780410,50.832748,On or near Southgate,E01031490,Chichester 010D,Violence and sexual offences,Unable to prosecute suspect,
2643401120a7a56a1e2cfa2fa38c056835becedd6f080c162bc413f1bf523ea6,2024-11,Sussex Police,Sussex Police,-0.777850,50.835608,On or near North Pallant,E01031490,Chichester 010D,Violence and sexual offences,Unable to prosecute suspect,
395b1437050c022e0bc68af59d91a5eef1f1c0741ead5a00c6514b25e96cdedf,2024-11,Sussex Police,Sussex Police,-0.787442,50.836500,On or near St Bartholomews Close,E01031490,Chichester 010D,Violence and sexual offences,Unable to prosecute suspect,
1d23733bed71cceb3e0bf0b43ea5fbe1907494f457bdc1352998df37314cb298,2024-11,Sussex Police,Sussex Police,-0.777850,50.835608,On or near North Pallant,E01031490,Chichester 010D,Violence and sexual offences,Unable to prosecute suspect,
1ef995bf1995cca08d583ee0b20ac2ee62c0f778a8231fad2f31b17fa7b8abea,2024-11,Sussex Police,Sussex Police,-0.779208,50.835811,On or near Cooper Street,E01031490,Chichester 010D,Violence and sexual offences,Status update unavailable,
7a7d6a1be8b29df2308838744a5f301a7eb114a61b9fe9a1730c023e59d82b96,2024-11,Sussex Police,Sussex Police,-0.779273,50.833860,On or near Old Market Avenue,E01031490,Chichester 010D,Violence and sexual offences,Unable to prosecute suspect,
f49ea0fb9d3bbb274a78b1425118d04602dff6b3de1714da06c610af1f61bcb9,2024-11,Sussex Police,Sussex Police,-0.780148,50.834085,On or near Cathedral Courtyard,E01031490,Chichester 010D,Violence and sexual offences,Unable to prosecute suspect,
76f254c0adde4ae5a8454c0c975018cebb6c0b4e695731bfcfc4a8664d39fbab,2024-11,Sussex Police,Sussex Police,-0.776399,50.836276,On or near East Street,E01031490,Chichester 010D,Violence and sexual offences,Unable to prosecute suspect,
55e75f6a9bd94ccf7baa0a8bc6abff6781652ddfe50ac065c88dd414a93b34bc,2024-11,Sussex Police,Sussex Police,-0.784315,50.831125,On or near Canal Place,E01031490,Chichester 010D,Violence and sexual offences,Unable to prosecute suspect,
57e35deedf87cc865fe8c38aa76023c820ac59c682dc2461faddc6ed93f89da0,2024-11,Sussex Police,Sussex Police,-0.780148,50.834085,On or near Cathedral Courtyard,E01031490,Chichester 010D,Violence and sexual offences,Unable to prosecute suspect,
a87b49ecbd444fa0b4e7691a8881952bffcd31891cf9f4b550e5a374e4d360c3,2024-11,Sussex Police,Sussex Police,-0.787442,50.836500,On or near St Bartholomews Close,E01031490,Chichester 010D,Violence and sexual offences,Unable to prosecute suspect,
ec99a2c48ede5feb7b7447cced0dbcd66929277f03709cc4ee35aa063d5452f0,2024-11,Sussex Police,Sussex Police,-0.777850,50.835608,On or near North Pallant,E01031490,Chichester 010D,Violence and sexual offences,Investigation complete; no suspect identified,
ce9ae1a2cc8cade66bd2683c8a0cd1c53e86816cb029142a65c2bdc8bc7e9613,2024-11,Sussex Police,Sussex Police,-0.779563,50.839079,On or near Parking Area,E01031490,Chichester 010D,Violence and sexual offences,Unable to prosecute suspect,
d9b0964cdc462c17ee74ebeb96141290dccc23362e8b4a01f22aa1ba86b93b5f,2024-11,Sussex Police,Sussex Police,-0.782705,50.828581,On or near South Bank,E01031490,Chichester 010D,Violence and sexual offences,Status update unavailable,
f6571c9851b1e90edee3eedb8476e6aea8152b938bc3a5d16a40a308954fdf44,2024-11,Sussex Police,Sussex Police,-0.783741,50.837360,On or near Wall Cottage Drive,E01031490,Chichester 010D,Violence and sexual offences,Investigation complete; no suspect identified,
74a49527ed2ea059e9944840e7eda52bf46295980b40991c197fa5a0dbf12b9f,2024-11,Sussex Police,Sussex Police,-0.784315,50.831125,On or near Canal Place,E01031490,Chichester 010D,Violence and sexual offences,Unable to prosecute suspect,
cd26c6c808be6bcd7c5d8fd9821eb0ee40a4f71ea12313f52a835e90f9a93b7a,2024-11,Sussex Police,Sussex Police,-0.781123,50.830462,On or near Canal Wharf,E01031490,Chichester 010D,Violence and sexual offences,Investigation complete; no suspect identified,
4bdab3f5dbea4988a914ed13f1b5c48c133f98ba608ef0dc7a30918ab9f21d94,2024-11,Sussex Police,Sussex Police,-0.779208,50.835811,On or near Cooper Street,E01031490,Chichester 010D,Violence and sexual offences,Investigation complete; no suspect identified,
41f238e3b00ca498793483bc32798fb2a7773c6aa363ea68a5aae1100539d8bd,2024-11,Sussex Police,Sussex Police,-0.780148,50.834085,On or near Cathedral Courtyard,E01031490,Chichester 010D,Violence and sexual offences,Local resolution,
9accc3edc849893951df90dccdf1d806acdcfe5f15cd3bb330b028c37694d92d,2024-11,Sussex Police,Sussex Police,-0.776399,50.836276,On or near East Street,E01031490,Chichester 010D,Violence and sexual offences,Unable to prosecute suspect,
ed322fc982dcd0d0eaf45fcdc58ddbc1a60e06edb13bffd7ed155402265109b2,2024-11,Sussex Police,Sussex Police,-0.780369,50.832154,On or near Bus/Coach Station,E01031490,Chichester 010D,Violence and sexual offences,Investigation complete; no suspect identified,
463aa1a3965f705e13d4c5417762756e478bd60618df05d04cfb4024e94dc6a2,2024-11,Sussex Police,Sussex Police,-0.780148,50.834085,On or near Cathedral Courtyard,E01031490,Chichester 010D,Violence and sexual offences,Unable to prosecute suspect,
c4e95ec5ac2ec7110f9ecb38f66989d4e16d9afa0e2823256cf1141ae729e42a,2024-11,Sussex Police,Sussex Police,-0.784315,50.831125,On or near Canal Place,E01031490,Chichester 010D,Violence and sexual offences,Investigation complete; no suspect identified,
1ef344b0c1af194ee6f0cfaea88212f15d3d5295dabe3b7efd5c76ed6fa0a4ef,2024-11,Sussex Police,Sussex Police,-0.779563,50.839079,On or near Parking Area,E01031490,Chichester 010D,Violence and sexual offences,Unable to prosecute suspect,
155bc407ee3ceb48eacd9748c8b53584289c1f959bc4986864aa6bb71dab6462,2024-11,Sussex Police,Sussex Police,-0.772473,50.834895,On or near Parking Area,E01031491,Chichester 010E,Vehicle crime,Unable to prosecute suspect,
86cc493e311523bc7b68bc99f1b7115205623a135cd0636b6e4cfe111e9df0dd,2024-11,Sussex Police,Sussex Police,-0.771288,50.832428,On or near Ettrick Close,E01031491,Chichester 010E,Violence and sexual offences,Investigation complete; no suspect identified,
578c095d8098be88713ed9a7bb8ee6448d2f8c924ad7b64575ed28c1977948f8,2024-11,Sussex Police,Sussex Police,-0.772473,50.834895,On or near Parking Area,E01031491,Chichester 010E,Violence and sexual offences,Investigation complete; no suspect identified,
f34a29c14c46d05aa367061e3f64b6276d2386372fe79006927153f53911d537,2024-11,Sussex Police,Sussex Police,-0.773086,50.832096,On or near Ettrick Road,E01031491,Chichester 010E,Violence and sexual offences,Unable to prosecute suspect,
576d2899a50b16667cb9fde1289245c04b952dbc8ccfe32d7b22258effd9a087,2024-11,Sussex Police,Sussex Police,-0.843387,50.840853,On or near Brooks Lane,E01031474,Chichester 011A,Bicycle theft,Investigation complete; no suspect identified,
b728febaf68347bbea96245f18ff87a8b6f85df3d570d727ed63d80833cd3697,2024-11,Sussex Police,Sussex Police,-0.839640,50.835609,On or near Chequer Lane,E01031474,Chichester 011A,Burglary,Investigation complete; no suspect identified,
9ccfc63f01cfd9a669e3a0548d007ad17226fab19680221750fd7cd4e312da0c,2024-11,Sussex Police,Sussex Police,-0.847392,50.840308,On or near Penwarden Way,E01031474,Chichester 011A,Public order,Status update unavailable,
4cf5d15d7009dc779ac3e38aeb915e78185c3c90f7401060ef5aecd1e1c3b275,2024-11,Sussex Police,Sussex Police,-0.847866,50.841833,On or near Supermarket,E01031474,Chichester 011A,Shoplifting,Court result unavailable,
0360498b29124b8e519d4834b14676916b7727a67e4b0061ce9a69ccdb792313,2024-11,Sussex Police,Sussex Police,-0.847392,50.840308,On or near Penwarden Way,E01031474,Chichester 011A,Vehicle crime,Unable to prosecute suspect,
22fd9540d079ebdf4d62d74c705e4422f55f1ea072825fbbf6bf802f8a22630e,2024-11,Sussex Police,Sussex Police,-0.844674,50.841091,On or near M'Tongue Avenue,E01031474,Chichester 011A,Violence and sexual offences,Unable to prosecute suspect,
c7177b5a2cbc0314fd97c0e50b31656bfe79bb2450bf9b8abf9b25cb74c19b06,2024-11,Sussex Police,Sussex Police,-0.847392,50.840308,On or near Penwarden Way,E01031474,Chichester 011A,Violence and sexual offences,Unable to prosecute suspect,
959b064e9e8f1e1df04e1fae2185728faf74b8d6d544a38954a774d580067dce,2024-11,Sussex Police,Sussex Police,-0.850274,50.831101,On or near Cambria Close,E01031474,Chichester 011A,Violence and sexual offences,Unable to prosecute suspect,
,2024-11,Sussex Police,Sussex Police,-0.791311,50.848329,On or near Small Meadow,E01031493,Chichester 011B,Anti-social behaviour,,
8ac4a434575d93b7ef419856510ae086458d96bf99a636958c3bc71ed9829b30,2024-11,Sussex Police,Sussex Police,-0.804449,50.836180,On or near St Christopher'S Close,E01031493,Chichester 011B,Criminal damage and arson,Unable to prosecute suspect,
faa3d28dc198a46c15e72701e87ec4bb1f2bacebf1697ccd199c61d01c6bb289,2024-11,Sussex Police,Sussex Police,-0.788523,50.839694,On or near Cedar Drive,E01031493,Chichester 011B,Criminal damage and arson,Investigation complete; no suspect identified,
6cf9b82972f4d2a5a4d6d60fce2890a54a9e6b7e066204beefada63737d7b536,2024-11,Sussex Police,Sussex Police,-0.800812,50.834587,On or near Supermarket,E01031493,Chichester 011B,Other theft,Investigation complete; no suspect identified,
ef22ce255d62a4836f15945ce64df9ea3ef5f328a289a05ff5c99a80e42efdf5,2024-11,Sussex Police,Sussex Police,-0.800812,50.834587,On or near Supermarket,E01031493,Chichester 011B,Other theft,Investigation complete; no suspect identified,
78a04d86b1ecbc49844ee3f06ac5c05e40a87023f26b1bea0e99c1d8b05ef010,2024-11,Sussex Police,Sussex Police,-0.786765,50.837392,On or near Henty Gardens,E01031493,Chichester 011B,Other theft,Unable to prosecute suspect,
7c0ce369d7ec601b1cf9a3304ebf369fd82df40127be1ee24576e02cc6fe4f74,2024-11,Sussex Police,Sussex Police,-0.800812,50.834587,On or near Supermarket,E01031493,Chichester 011B,Public order,Unable to prosecute suspect,
f6ef80176891e23a28de9664fc13b03a58c55f9ca9d12a436c80354dc99a652f,2024-11,Sussex Police,Sussex Police,-0.800812,50.834587,On or near Supermarket,E01031493,Chichester 011B,Shoplifting,Investigation complete; no suspect identified,
7bb008bb1dc073d2eb041e962a9f7af8a9d89a2bd40d04288c33d05991dd547c,2024-11,Sussex Police,Sussex Police,-0.800812,50.834587,On or near Supermarket,E01031493,Chichester 011B,Shoplifting,Investigation complete; no suspect identified,
44b755610865f3d3896975de791d2650ca1ad74ddb7f39fe816356ceec142c4f,2024-11,Sussex Police,Sussex Police,-0.800812,50.834587,On or near Supermarket,E01031493,Chichester 011B,Shoplifting,Investigation complete; no suspect identified,
e5e722b9d9ac6c1652adbe7ee08259fc663048ae7b47e836dcd3b8db472d17ef,2024-11,Sussex Police,Sussex Police,-0.800812,50.834587,On or near Supermarket,E01031493,Chichester 011B,Shoplifting,Investigation complete; no suspect identified,
d3ebbdd8378a8a1c8561181c349a445531bab49465be95a17aafcc3af50d0587,2024-11,Sussex Police,Sussex Police,-0.800812,50.834587,On or near Supermarket,E01031493,Chichester 011B,Shoplifting,Investigation complete; no suspect identified,
27ff920cbf624b19b97686a3c04b64b6a7097e9a448a9427f6750cf041c2058c,2024-11,Sussex Police,Sussex Police,-0.800812,50.834587,On or near Supermarket,E01031493,Chichester 011B,Shoplifting,Investigation complete; no suspect identified,
93bcc39f8780e92d6148ac62c795e099193e515dc7c22cf8318b8b64da4c1ff6,2024-11,Sussex Police,Sussex Police,-0.800812,50.834587,On or near Supermarket,E01031493,Chichester 011B,Shoplifting,Investigation complete; no suspect identified,
ba6efb1340f07f2a6d0fda693dd4cef141db1ac9ba2e23dfb6d78452fcdf7d83,2024-11,Sussex Police,Sussex Police,-0.804449,50.836180,On or near St Christopher'S Close,E01031493,Chichester 011B,Violence and sexual offences,Unable to prosecute suspect,
243b2429f6d2497c51d0f32defa72de1695bfb44eeb7cedf279b0f94a9fd2633,2024-11,Sussex Police,Sussex Police,-0.804449,50.836180,On or near St Christopher'S Close,E01031493,Chichester 011B,Violence and sexual offences,Unable to prosecute suspect,
530cefc756a0e66225cc591b632a62e276407e5b4ac26cd987b9eeea6107a2fa,2024-11,Sussex Police,Sussex Police,-0.791311,50.848329,On or near Small Meadow,E01031493,Chichester 011B,Violence and sexual offences,Unable to prosecute suspect,
e5543b6b1696a0ee3260424603bd0e042d9d5463290d8abff3d6a95388df8530,2024-11,Sussex Police,Sussex Police,-0.805583,50.836813,On or near Freeland Close,E01031493,Chichester 011B,Violence and sexual offences,Investigation complete; no suspect identified,
92345569b8d66450b1dcca627249023196e0ed282ccdde061e70e16f3f4cc906,2024-11,Sussex Police,Sussex Police,-0.791311,50.848329,On or near Small Meadow,E01031493,Chichester 011B,Violence and sexual offences,Investigation complete; no suspect identified,
42958cf560a4ac44e0d297a26e394f3d42606b84fdacf749dd29401f707708f3,2024-11,Sussex Police,Sussex Police,-0.797309,50.834956,On or near Petrol Station,E01031493,Chichester 011B,Violence and sexual offences,Local resolution,
0a12a7f963a0bf40d9193b0a9914cdc121c9f57fafd891dab7da84c831676929,2024-11,Sussex Police,Sussex Police,-0.804449,50.836180,On or near St Christopher'S Close,E01031493,Chichester 011B,Violence and sexual offences,Unable to prosecute suspect,
e2bd22616e8f67f9c234b01388efc76f97f7f0855f3d6eee5996da90706f57dc,2024-11,Sussex Police,Sussex Police,-0.804449,50.836180,On or near St Christopher'S Close,E01031493,Chichester 011B,Violence and sexual offences,Unable to prosecute suspect,
487369babce617444c4700acbce2a5a4c92f2c7e18002d6f0b2cd5ad6e80a00b,2024-11,Sussex Police,Sussex Police,-0.804449,50.836180,On or near St Christopher'S Close,E01031493,Chichester 011B,Violence and sexual offences,Investigation complete; no suspect identified,
6a58c4d2ccf23b7b06f0f4731702b7379879fefd0c8cba11d2026f7af3af9476,2024-11,Sussex Police,Sussex Police,-0.788039,50.828772,On or near Petrol Station,E01031496,Chichester 011C,Bicycle theft,Investigation complete; no suspect identified,
cdd7526ece9a9666723fcf41dc67cc0e9d433c5258ad2338b78f238188759d22,2024-11,Sussex Police,Sussex Police,-0.805305,50.821576,On or near Appledram Lane (South),E01031496,Chichester 011C,Criminal damage and arson,Investigation complete; no suspect identified,
17f63e7fa0d7b3f619a864c520003a7323a58d0a4f6747c681193ad61091558a,2024-11,Sussex Police,Sussex Police,-0.789391,50.826457,On or near Croy Close,E01031496,Chichester 011C,Other theft,Investigation complete; no suspect identified,
aa05e342072bb9a9c0d1f5b7a99e64dc2d25fa793cacf6d60c943e44939b65f8,2024-11,Sussex Police,Sussex Police,-0.783958,50.821886,On or near Millpond Crescent,E01031496,Chichester 011C,Other theft,Investigation complete; no suspect identified,
01a4b2c94735c20e4d733e0503da6f112ab6cb66492b6c2b75ee8312efcffd26,2024-11,Sussex Police,Sussex Police,-0.802635,50.813841,On or near Oak Lane,E01031496,Chichester 011C,Public order,Investigation complete; no suspect identified,
7b912e4568299233ad439c067f24bd56c9afc43ae4607e4fb40ed07dfce44026,2024-11,Sussex Police,Sussex Police,-0.788039,50.828772,On or near Petrol Station,E01031496,Chichester 011C,Public order,Investigation complete; no suspect identified,
3c6352385a7e24869e153af42fbcd4f305dd684ff7e1262417c836f42ae89b86,2024-11,Sussex Police,Sussex Police,-0.805305,50.821576,On or near Appledram Lane (South),E01031496,Chichester 011C,Public order,Investigation complete; no suspect identified,
e407e085724364fda121725996092a92fca5d3641002e9dc9c4683fa068df01f,2024-11,Sussex Police,Sussex Police,-0.784188,50.823993,On or near Grosvenor Road,E01031496,Chichester 011C,Vehicle crime,Investigation complete; no suspect identified,
b7b34f4734af3e704b93bfdadfb0ddfcbfaf0922d595400580b5c8ca0b6b45e7,2024-11,Sussex Police,Sussex Police,-0.802635,50.813841,On or near Oak Lane,E01031496,Chichester 011C,Violence and sexual offences,Investigation complete; no suspect identified,
bdfc3e23f6c0a2d480703ea3c4d31ad9782bafbe9c7da1dc5d0dd23dfad4f8c8,2024-11,Sussex Police,Sussex Police,-0.783329,50.821528,On or near Ferry Drive,E01031496,Chichester 011C,Violence and sexual offences,Further action is not in the public interest,
c489b8f9f6af3b5ec9374d8380af94a07d33d37fac3f972b968fe790a2a2cd75,2024-11,Sussex Police,Sussex Police,-0.782583,50.821287,On or near Chalder Way,E01031496,Chichester 011C,Violence and sexual offences,Investigation complete; no suspect identified,
,2024-11,Sussex Police,Sussex Police,-0.815523,50.842471,On or near Halfrey Close,E01031505,Chichester 011D,Anti-social behaviour,,
,2024-11,Sussex Police,Sussex Police,-0.815183,50.836811,On or near Beaver Close,E01031505,Chichester 011D,Anti-social behaviour,,
,2024-11,Sussex Police,Sussex Police,-0.814436,50.845005,On or near Cuckoo Fields,E01031505,Chichester 011D,Anti-social behaviour,,
f335fdcb90113e40a5283a7a8e0d9c0015912a494b56b218dfa071c8e2b59b41,2024-11,Sussex Police,Sussex Police,-0.812601,50.836183,On or near Creek End,E01031505,Chichester 011D,Bicycle theft,Investigation complete; no suspect identified,
83c4593ac357cffce40a142f480ba9f680ce64b8fec1cc19954132dd4a3825c5,2024-11,Sussex Police,Sussex Police,-0.815183,50.836811,On or near Beaver Close,E01031505,Chichester 011D,Criminal damage and arson,Unable to prosecute suspect,
902d540de5661ba813d23126f8b1c1124ba0f8e6fea9b786043ed2ea96ecaec5,2024-11,Sussex Police,Sussex Police,-0.815183,50.836811,On or near Beaver Close,E01031505,Chichester 011D,Criminal damage and arson,Investigation complete; no suspect identified,
7faba9b40a47d75e095f0b047baa3c69ad2bb373f09b822c245ef1d5c91796c0,2024-11,Sussex Police,Sussex Police,-0.815285,50.844007,On or near Caspian Close,E01031505,Chichester 011D,Drugs,Local resolution,
91252c913679f07fea7aa611c8d5ca7b469fd223e0fbcfc4eb2a2f4c03523db4,2024-11,Sussex Police,Sussex Police,-0.822669,50.836761,On or near Main Road,E01031505,Chichester 011D,Shoplifting,Investigation complete; no suspect identified,
49f849c9e0b6e85126bba998c2660227dbe9aa3a9fb3eb64864331657478282a,2024-11,Sussex Police,Sussex Police,-0.810786,50.841650,On or near Knott Gardens,E01031505,Chichester 011D,Violence and sexual offences,Unable to prosecute suspect,
7af7443ce5829b89891d6063663d76e664f27b9a41a328145b1bca5d4a4f1a44,2024-11,Sussex Police,Sussex Police,-0.809124,50.835518,On or near Fishbourne Road (West),E01031505,Chichester 011D,Violence and sexual offences,Unable to prosecute suspect,
29311d887c0c058593511b97325ea8ccfb4d457a37a79d9aea07ef2fd9439a74,2024-11,Sussex Police,Sussex Police,-0.802952,50.832514,On or near Appledram Lane (South),E01031505,Chichester 011D,Violence and sexual offences,Unable to prosecute suspect,
6a4f5770547c55fb2414b3b03e7766c7a08294e4ce260454fb3448c20fce04b2,2024-11,Sussex Police,Sussex Police,-0.813159,50.842169,On or near Salthill Road,E01031505,Chichester 011D,Violence and sexual offences,Unable to prosecute suspect,
229c6bf3e14f6ad32b8bde15022790c0758244d5dfebd2da4ce1362725a9a738,2024-11,Sussex Police,Sussex Police,-0.802952,50.832514,On or near Appledram Lane (South),E01031505,Chichester 011D,Violence and sexual offences,Unable to prosecute suspect,
ee065ab79587761b6c4eaf5992067147085a254122ad6b201193285d120adfca,2024-11,Sussex Police,Sussex Police,-0.815183,50.836811,On or near Beaver Close,E01031505,Chichester 011D,Violence and sexual offences,Unable to prosecute suspect,
89dbf36a64f48829c2466851641baa93048624b7fb78ed4b5e8d1f89282d927b,2024-11,Sussex Police,Sussex Police,-0.813159,50.842169,On or near Salthill Road,E01031505,Chichester 011D,Violence and sexual offences,Investigation complete; no suspect identified,
8642d1816c6d98d6706a56affd6376f2edf1188efcaa92ba221ea55d5f793ef8,2024-11,Sussex Police,Sussex Police,-0.768118,50.829831,On or near Nursery Gardens,E01031489,Chichester 012A,Criminal damage and arson,Investigation complete; no suspect identified,
42e80ec6a91d8105960be72c5e927c058630389214314bcad0d4570e7475ed95,2024-11,Sussex Police,Sussex Police,-0.768118,50.829831,On or near Nursery Gardens,E01031489,Chichester 012A,Other theft,Investigation complete; no suspect identified,
bd9bf710e8de47af6e04f2c0a7a57ae67a0059545e84ac079729c32fff35653c,2024-11,Sussex Police,Sussex Police,-0.769787,50.830631,On or near Kingsham Avenue,E01031489,Chichester 012A,Other crime,Unable to prosecute suspect,
4f9701c8d780d88cfb16b409c6ea157e23b4681d80d2f7599e7f2718dddd994d,2024-11,Sussex Police,Sussex Police,-0.771945,50.829008,On or near Exton Road,E01031492,Chichester 012B,Criminal damage and arson,Investigation complete; no suspect identified,
fa2bdf30e5aec1fcaa8cfd4611e3d0b56973edc0f49c4a789788d01dec1f250a,2024-11,Sussex Police,Sussex Police,-0.776587,50.831242,On or near Kingsham Road,E01031492,Chichester 012B,Violence and sexual offences,Investigation complete; no suspect identified,
c434cfa19147ea2ee892de914c23bf7a65fcb8363b902f1c22ef5a2320da2a84,2024-11,Sussex Police,Sussex Police,-0.771927,50.830240,On or near Bramber Road,E01031492,Chichester 012B,Violence and sexual offences,Status update unavailable,
4945dc2ec52e51d2a50bb4da031de4725814a7b1fda014e1e3470d1e2817dc86,2024-11,Sussex Police,Sussex Police,-0.770755,50.827305,On or near Whyke Marsh,E01031492,Chichester 012B,Violence and sexual offences,Unable to prosecute suspect,
209e4b6cae6f1accb3343ffaea41cad3e83f33d40a4d73a81f0c84460633de1a,2024-11,Sussex Police,Sussex Police,-0.770755,50.827305,On or near Whyke Marsh,E01031492,Chichester 012B,Violence and sexual offences,Unable to prosecute suspect,
df208c08ab5d463bd21235b760f4dde782d1d67393effc69a6d6238457feb6dc,2024-11,Sussex Police,Sussex Police,-0.768084,50.827888,On or near Dallaway Road,E01031492,Chichester 012B,Violence and sexual offences,Unable to prosecute suspect,
c02c94d091e5383251bb9d2b78ec8d8aa4ada1282dc54bb74e730c0e779b38b2,2024-11,Sussex Police,Sussex Police,-0.773276,50.829724,On or near Shone Court,E01031492,Chichester 012B,Violence and sexual offences,Status update unavailable,
69d100dd9558419363f1109a71b26d61aa128113a7bcdf9a823f3d2ec9a7783f,2024-11,Sussex Police,Sussex Police,-0.773276,50.829724,On or near Shone Court,E01031492,Chichester 012B,Violence and sexual offences,Unable to prosecute suspect,
fe9c0618a475702f0fe26c14b6e34257c7b01c7f38af946439fed396e7288bd2,2024-11,Sussex Police,Sussex Police,-0.774327,50.830247,On or near Phoenix Close,E01031492,Chichester 012B,Other crime,Action to be taken by another organisation,
bb97a16eb85c077d2c0c498be71f37e677ac754d0e21210f3a9a92447ac99615,2024-11,Sussex Police,Sussex Police,-0.783252,50.803182,On or near Selsey Road,E01031530,Chichester 012D,Burglary,Unable to prosecute suspect,
bdbb53a6ebcac50ab8e4ef0275a9fd49b68fcc7c898822a16a2975a32ea467fe,2024-11,Sussex Police,Sussex Police,-0.781501,50.807732,On or near Tramway Close,E01031530,Chichester 012D,Criminal damage and arson,Investigation complete; no suspect identified,
ed8e13de9512bb50117ee1202bfcd0076cbb52ddad6e60c05f5f65a8d7cdf272,2024-11,Sussex Police,Sussex Police,-0.780882,50.808094,On or near Little Boultons,E01031530,Chichester 012D,Criminal damage and arson,Investigation complete; no suspect identified,
000c97f046cea15b93e6d4e1416114545461d5827fac60abeaac801218422af5,2024-11,Sussex Police,Sussex Police,-0.780882,50.808094,On or near Little Boultons,E01031530,Chichester 012D,Criminal damage and arson,Investigation complete; no suspect identified,
6d8add2706669a048c9d6ccdfccba8df4a98512e01a265bf7e401cc9e93e70fe,2024-11,Sussex Police,Sussex Police,-0.777677,50.811784,On or near St Leodegars Way,E01031530,Chichester 012D,Other theft,Investigation complete; no suspect identified,
74925f8607ed0a1580d9975e143cad37119ca6f3153da8f567e4dc6eccaa1587,2024-11,Sussex Police,Sussex Police,-0.767015,50.823210,On or near Park/Open Space,E01031530,Chichester 012D,Possession of weapons,Court result unavailable,
e24c3621668714b4a6c2507e27bcbf9a4a4f20a85d4ff56e0fee0671cee52268,2024-11,Sussex Police,Sussex Police,-0.777677,50.811784,On or near St Leodegars Way,E01031530,Chichester 012D,Violence and sexual offences,Unable to prosecute suspect,
d8ab993d066b13516fa7c1fe97ab2f5f149f6d6374a7cc7675fe7ef2bfbb66ba,2024-11,Sussex Police,Sussex Police,-0.767015,50.823210,On or near Park/Open Space,E01031530,Chichester 012D,Violence and sexual offences,Action to be taken by another organisation,
,2024-11,Sussex Police,Sussex Police,-0.723053,50.850489,On or near Campbell Road,E01031538,Chichester 012E,Anti-social behaviour,,
816ea4b1b7fff9c02deb7f7096701468b3d4dd7245405248d16313c188bd36ff,2024-11,Sussex Police,Sussex Police,-0.718319,50.849601,On or near Copper Beech Drive,E01031538,Chichester 012E,Burglary,Investigation complete; no suspect identified,
9f4330985d8af60f248586bc1dc8a7178d9c5e79f97bd8b2ac91334e5b4947e6,2024-11,Sussex Police,Sussex Police,-0.723053,50.850489,On or near Campbell Road,E01031538,Chichester 012E,Other theft,Investigation complete; no suspect identified,
870a90b2cb39fd7ac332ed82ce3d446b693677281b60b09a0ce602347858d040,2024-11,Sussex Police,Sussex Police,-0.716961,50.851439,On or near Supermarket,E01031538,Chichester 012E,Shoplifting,Investigation complete; no suspect identified,
47b6a60077128fc506e534b03d732802cba6f5f6b0a35bb413f354ea033fd147,2024-11,Sussex Police,Sussex Police,-0.716961,50.851439,On or near Supermarket,E01031538,Chichester 012E,Shoplifting,Investigation complete; no suspect identified,
0e4092e26689fa6668d47018e547a352b7c68100fb4159235578a874462eac73,2024-11,Sussex Police,Sussex Police,-0.716961,50.851439,On or near Supermarket,E01031538,Chichester 012E,Shoplifting,Investigation complete; no suspect identified,
1e3a1b569e97a24066d500ae1524d3d5bb8bc2c1fe0a8172b05fe62a1be85ed9,2024-11,Sussex Police,Sussex Police,-0.716961,50.851439,On or near Supermarket,E01031538,Chichester 012E,Shoplifting,Investigation complete; no suspect identified,
c435ac5e5fcbc1d45bc384c74ae837c1423154bb4d258026b5585e5b96f35bf2,2024-11,Sussex Police,Sussex Police,-0.716961,50.851439,On or near Supermarket,E01031538,Chichester 012E,Shoplifting,Investigation complete; no suspect identified,
53d6f4d923627856c4cba78a4b6a270d692278d90882b657600fc9de1269142f,2024-11,Sussex Police,Sussex Police,-0.716961,50.851439,On or near Supermarket,E01031538,Chichester 012E,Shoplifting,Investigation complete; no suspect identified,
53c8404cd96936db320a11df036392256a8e5043cbf61f5c086b656aabdb881e,2024-11,Sussex Police,Sussex Police,-0.723053,50.850489,On or near Campbell Road,E01031538,Chichester 012E,Violence and sexual offences,Unable to prosecute suspect,
,2024-11,Sussex Police,Sussex Police,-0.710516,50.850765,On or near Churchwood Drive,E01031539,Chichester 012F,Anti-social behaviour,,
,2024-11,Sussex Police,Sussex Police,-0.709454,50.854234,On or near Broom Hills,E01031539,Chichester 012F,Anti-social behaviour,,
00b03c999dd038504f6ef35bb3241d2305ef0698ae441e2033a50b70b18cc1f8,2024-11,Sussex Police,Sussex Police,-0.705208,50.848386,On or near Airport/Airfield,E01031539,Chichester 012F,Criminal damage and arson,Investigation complete; no suspect identified,
6bff39ac045543505e45a56b484a2a319bc9785a21cab7205b79edf9594cdc31,2024-11,Sussex Police,Sussex Police,-0.708829,50.850639,On or near Lysander Way,E01031539,Chichester 012F,Criminal damage and arson,Unable to prosecute suspect,
61b1b18840c27f4d99baf3e184c2bb2bd7f6e44e7d18251eba7ce3981b20f5e8,2024-11,Sussex Police,Sussex Police,-0.710516,50.850765,On or near Churchwood Drive,E01031539,Chichester 012F,Possession of weapons,Unable to prosecute suspect,
e283f1a4f41677dc68c39ff3da8a6eb296b5b74e8c3bbd9b650c3d48dbf0c06e,2024-11,Sussex Police,Sussex Police,-0.708829,50.850639,On or near Lysander Way,E01031539,Chichester 012F,Violence and sexual offences,Unable to prosecute suspect,
a02bdae5761013d037ce2bbb62e98b65b6cf3936e97885a1dd90191d500746ae,2024-11,Sussex Police,Sussex Police,-0.709454,50.854234,On or near Broom Hills,E01031539,Chichester 012F,Violence and sexual offences,Unable to prosecute suspect,
aa249ae87784aac68d0a1f42c059c3141487910df3b33a9fb17c6955cd6c2d84,2024-11,Sussex Police,Sussex Police,-0.709454,50.854234,On or near Broom Hills,E01031539,Chichester 012F,Violence and sexual offences,Unable to prosecute suspect,
927441568c4e33d86944677e9bc4418f2f8e3d41de5ddaf4960aa3ccad12381e,2024-11,Sussex Police,Sussex Police,-0.711725,50.849672,On or near Hangar Drive,E01031539,Chichester 012F,Violence and sexual offences,Action to be taken by another organisation,
,2024-11,Sussex Police,Sussex Police,-0.721693,50.838388,On or near Church Lane,E01035326,Chichester 012G,Anti-social behaviour,,
66cb04061a96a4d94d1415b301049e769cf12e5f49102c0dd79c30a334f91a76,2024-11,Sussex Police,Sussex Police,-0.735438,50.827998,On or near Silver Lakes,E01035326,Chichester 012G,Burglary,Investigation complete; no suspect identified,
09cfe92dabf892acee099689ad8a730cdd8bfda615134cd8346d40157b0f5e0e,2024-11,Sussex Police,Sussex Police,-0.735438,50.827998,On or near Silver Lakes,E01035326,Chichester 012G,Burglary,Investigation complete; no suspect identified,
683ce84a411f2a4c9d8d85a5dadcd89e3c771e5fef62c3bb2bbb88563b5a0462,2024-11,Sussex Police,Sussex Police,-0.731527,50.820365,On or near Marsh Lane,E01035326,Chichester 012G,Criminal damage and arson,Unable to prosecute suspect,
d75cc61b60e0bf1d99e19d171bcbb34b03d9fc29b7c013823e9b031a2fe353b8,2024-11,Sussex Police,Sussex Police,-0.747754,50.843194,On or near Sandpiper Road,E01035326,Chichester 012G,Criminal damage and arson,Unable to prosecute suspect,
481a4d742dbf1b64c16782dfe28bd44235e2884c1a64755b6c666df0bb28b01f,2024-11,Sussex Police,Sussex Police,-0.731527,50.820365,On or near Marsh Lane,E01035326,Chichester 012G,Criminal damage and arson,Further investigation is not in the public interest,
473e05e9d916a6796c2cab468ddf1b7d5572b4f252a31ba71d42071a48ae71d5,2024-11,Sussex Police,Sussex Police,-0.727468,50.842777,On or near Tangmere Road,E01035326,Chichester 012G,Criminal damage and arson,Unable to prosecute suspect,
fedeab2916ceee33b69d67358ed96e079543b6f262f55336809d04d3f3fff445,2024-11,Sussex Police,Sussex Police,-0.715566,50.819312,On or near Parking Area,E01035326,Chichester 012G,Drugs,Local resolution,
bf35232ea878b4de5a8b49ed34a6df2d83f6dccc93f29515b458a9b00c5c6400,2024-11,Sussex Police,Sussex Police,-0.748019,50.839644,On or near Waterside View,E01035326,Chichester 012G,Other theft,Investigation complete; no suspect identified,
a129adc28e95f6986352f70bfed1cc59431cbbf58015ca5f1954fb5f0223b976,2024-11,Sussex Police,Sussex Police,-0.747754,50.843194,On or near Sandpiper Road,E01035326,Chichester 012G,Violence and sexual offences,Unable to prosecute suspect,
c7f6fc7e8bbc18e2b5365f06405f0a1c97b02f623ef64cd94c79e7c773ee14a2,2024-11,Sussex Police,Sussex Police,-0.747754,50.843194,On or near Sandpiper Road,E01035326,Chichester 012G,Violence and sexual offences,Unable to prosecute suspect,
27d4d77c4416413c7f5a499a4b74a5bf8f29b069a1999d97c42a7be79b4e51e7,2024-11,Sussex Police,Sussex Police,-0.742061,50.839392,On or near Shopwhyke Road,E01035326,Chichester 012G,Violence and sexual offences,Unable to prosecute suspect,
fec3ef1ee863659b31cd781ea3fb163941050b246bff929293fa776b1eed936c,2024-11,Sussex Police,Sussex Police,-0.723557,50.839317,On or near Stoneypost Close,E01035326,Chichester 012G,Violence and sexual offences,Action to be taken by another organisation,
b183af6e6279bbcfb0d43e8b1c118588904ad039ee0f016464660ed848984cdd,2024-11,Sussex Police,Sussex Police,-0.747754,50.843194,On or near Sandpiper Road,E01035326,Chichester 012G,Violence and sexual offences,Status update unavailable,
bf66bc9a39bbc37cbc16df5e0351cb55706c0ec18b07bea1264fea1abf4980b8,2024-11,Sussex Police,Sussex Police,-0.747754,50.843194,On or near Sandpiper Road,E01035326,Chichester 012G,Violence and sexual offences,Unable to prosecute suspect,
c9ff130caf51cf1d19a66b94e606eae029cb5840663191ad143c8183ab4512e8,2024-11,Sussex Police,Sussex Police,-0.751943,50.837897,On or near B2144,E01035326,Chichester 012G,Other crime,Investigation complete; no suspect identified,
,2024-11,Sussex Police,Sussex Police,-0.764375,50.818883,On or near Park/Open Space,E01035327,Chichester 012H,Anti-social behaviour,,
,2024-11,Sussex Police,Sussex Police,-0.755397,50.814291,On or near Canal Mead,E01035327,Chichester 012H,Anti-social behaviour,,
,2024-11,Sussex Police,Sussex Police,-0.749908,50.813073,On or near Mill Lane,E01035327,Chichester 012H,Anti-social behaviour,,
4e39b254c0d931ea9748192dbbf2e8690a6e589a62cd5a10669c466e343f3048,2024-11,Sussex Police,Sussex Police,-0.755800,50.827425,On or near Park/Open Space,E01035327,Chichester 012H,Burglary,Investigation complete; no suspect identified,
f1ca60d6ec68c44ffd118ad788d7902780ff93b7d6f019cdd14a455e89c9d892,2024-11,Sussex Police,Sussex Police,-0.751068,50.815882,On or near Vinnetrow Road,E01035327,Chichester 012H,Burglary,Investigation complete; no suspect identified,
2414e133c4910213ff4e848ef1f170cb7a8aa130b128dc9fd9f10a501363e72d,2024-11,Sussex Police,Sussex Police,-0.741567,50.815492,On or near Marsh Barns,E01035327,Chichester 012H,Shoplifting,Unable to prosecute suspect,
8e142ad6b47068f484f81fbfbc488ac0a03e1e01aee87b2162b16b554cfe7a7d,2024-11,Sussex Police,Sussex Police,-0.756155,50.828037,On or near Parking Area,E01035327,Chichester 012H,Violence and sexual offences,Investigation complete; no suspect identified,
fb14b210dab3559f6434399a64610da87fe689c433315fa110956f228981ac0f,2024-11,Sussex Police,Sussex Police,-0.755871,50.823163,On or near Peckhams Copse Lane,E01035327,Chichester 012H,Violence and sexual offences,Unable to prosecute suspect,
37a72d2edbbc22dea421997ed8963d7b051a62897f12ef4bf8eb4a155c5d5c6e,2024-11,Sussex Police,Sussex Police,-0.759041,50.814978,On or near Stoney Meadow,E01035327,Chichester 012H,Violence and sexual offences,Unable to prosecute suspect,
df6ebc9dc2d129fcd4ede23e2ac65ff9b2fafe8edec7a0d066a28035f566d2f5,2024-11,Sussex Police,Sussex Police,-0.755871,50.823163,On or near Peckhams Copse Lane,E01035327,Chichester 012H,Violence and sexual offences,Unable to prosecute suspect,
77b35e217a3303bc51ed4c2cf0f21d25350048b211b59e8083c1b13b23868ae5,2024-11,Sussex Police,Sussex Police,-0.757804,50.819335,On or near Peckhams Copse Lane,E01035327,Chichester 012H,Other crime,Investigation complete; no suspect identified,
5f613836c3744ee2e80897e78c5a0b6aaed1e8cff83b01160cc44a574206436b,2024-11,Sussex Police,Sussex Police,-0.849671,50.759692,On or near Lacock Close,E01031499,Chichester 013A,Criminal damage and arson,Awaiting court outcome,
7ae01c8ab5324d71c3e7e4d57387047d842ce73195b2dfe1e268116574c90175,2024-11,Sussex Police,Sussex Police,-0.848267,50.757384,On or near Silver Way,E01031499,Chichester 013A,Public order,Unable to prosecute suspect,
85c1c534132f82d16e432d6c10e77dcc7bb5bbc29b54db00a4530ed180278aa8,2024-11,Sussex Police,Sussex Police,-0.859336,50.764535,On or near Hale Close,E01031499,Chichester 013A,Shoplifting,Investigation complete; no suspect identified,
4a367993e506c916310659a129823b8a2b581ee06289098caeb4ad26721db310,2024-11,Sussex Police,Sussex Police,-0.859336,50.764535,On or near Hale Close,E01031499,Chichester 013A,Shoplifting,Investigation complete; no suspect identified,
f5d8a2ec5023878f748fe1071b2b0164edced3450e8787186af0377d3f726453,2024-11,Sussex Police,Sussex Police,-0.859336,50.764535,On or near Hale Close,E01031499,Chichester 013A,Shoplifting,Investigation complete; no suspect identified,
6231e4892c4f3bc5bffc867d0bbdf6b5e7d21c6342fc381402bf7505550dcb3a,2024-11,Sussex Police,Sussex Police,-0.859336,50.764535,On or near Hale Close,E01031499,Chichester 013A,Shoplifting,Unable to prosecute suspect,
4ea25fae8a519d84252afe0d8829af27c148cdd3497d17eca4dd8ce745a83272,2024-11,Sussex Police,Sussex Police,-0.859336,50.764535,On or near Hale Close,E01031499,Chichester 013A,Shoplifting,Investigation complete; no suspect identified,
cd6351963f35fc8d1c1e0ca53a57f92ca991721326800c67028d0ca75c36aa5c,2024-11,Sussex Police,Sussex Police,-0.859336,50.764535,On or near Hale Close,E01031499,Chichester 013A,Shoplifting,Unable to prosecute suspect,
12ee97660a7979e5414ac9ad468c490df1313450fbf6d8abec67c19709b56c62,2024-11,Sussex Police,Sussex Police,-0.849966,50.758633,On or near Tide Way,E01031499,Chichester 013A,Violence and sexual offences,Status update unavailable,
63970e967288731f0264aede28d6b36d0e3671b9ce3327ed85da47e6117e7338,2024-11,Sussex Police,Sussex Police,-0.852704,50.760881,On or near Wilton Close,E01031499,Chichester 013A,Violence and sexual offences,Unable to prosecute suspect,
,2024-11,Sussex Police,Sussex Police,-0.859664,50.765644,On or near Stubcroft Lane,E01031500,Chichester 013B,Anti-social behaviour,,
,2024-11,Sussex Police,Sussex Police,-0.855215,50.766644,On or near Barton Way,E01031500,Chichester 013B,Anti-social behaviour,,
,2024-11,Sussex Police,Sussex Police,-0.840564,50.755842,On or near Stoney Lane,E01031500,Chichester 013B,Anti-social behaviour,,
9678b02b732587de4d46f8ee8e1cb99f28f4141d646c86eb7eb3235c1df29484,2024-11,Sussex Police,Sussex Police,-0.854846,50.764931,On or near Grayswood Avenue,E01031500,Chichester 013B,Criminal damage and arson,Investigation complete; no suspect identified,
42abe9c55b65bc32be0a45a9445fde08bdb73ebcecb352d952fe7fde1883169e,2024-11,Sussex Police,Sussex Police,-0.858200,50.766340,On or near Robinson Way,E01031500,Chichester 013B,Public order,Unable to prosecute suspect,
8252eba9ce07bf8846692136cac9bc07d59eccdd2d2aebbcaa4560aec425fd3c,2024-11,Sussex Police,Sussex Police,-0.828466,50.782718,On or near First Avenue,E01031500,Chichester 013B,Vehicle crime,Investigation complete; no suspect identified,
f6e715828e0311c856fc4b2f184978fc0eac63ad35bacb49eb45bec0d0e6b5fa,2024-11,Sussex Police,Sussex Police,-0.853247,50.770581,On or near Bracklesham Lane,E01031500,Chichester 013B,Violence and sexual offences,Unable to prosecute suspect,
afab72e27a06014ce2dc19acafe270feb136718b1c5d08d9669e7a6772ca593a,2024-11,Sussex Police,Sussex Police,-0.855239,50.767966,On or near Bracklesham Lane,E01031500,Chichester 013B,Violence and sexual offences,Unable to prosecute suspect,
433f22dac8a98e7f59ab761800fbf6b929064089d045bf4240f9727258363d4e,2024-11,Sussex Police,Sussex Police,-0.855239,50.767966,On or near Bracklesham Lane,E01031500,Chichester 013B,Violence and sexual offences,Awaiting court outcome,
e4f3d52ff3c028ce5e34112801eaa797ef6894d51069d27910ddce5a46edc7df,2024-11,Sussex Police,Sussex Police,-0.855239,50.767966,On or near Bracklesham Lane,E01031500,Chichester 013B,Violence and sexual offences,Status update unavailable,
45957514131dcb407e2eb2b2d56fbd1e5c9d08f4d7ecc7da4a1a3a09f54cb2d1,2024-11,Sussex Police,Sussex Police,-0.852470,50.765807,On or near Hazel Close,E01031500,Chichester 013B,Other crime,Status update unavailable,
,2024-11,Sussex Police,Sussex Police,-0.861950,50.764344,On or near Peerley Close,E01031501,Chichester 013C,Anti-social behaviour,,
eb4765880729cfd32688fb5c1dc5b10a88c5adcfed5f8b3697f8ae44a7e8194c,2024-11,Sussex Police,Sussex Police,-0.874590,50.767624,On or near Shore Road,E01031501,Chichester 013C,Drugs,Court result unavailable,
77c377b4088db39722cd482b7744db813d5e3a8299b104e1d7c53b832e78d8f5,2024-11,Sussex Police,Sussex Police,-0.874590,50.767624,On or near Shore Road,E01031501,Chichester 013C,Shoplifting,Court result unavailable,
53a724758815c592ca19bcd41c1464afa672a5c0ab9c4bf2b47c2eaa6c3ab6e3,2024-11,Sussex Police,Sussex Police,-0.874590,50.767624,On or near Shore Road,E01031501,Chichester 013C,Violence and sexual offences,Unable to prosecute suspect,
3f0c5a086e149144dfd695d9e4727b47c6a079e446e28482a7639533dd2225ff,2024-11,Sussex Police,Sussex Police,-0.873287,50.769904,On or near Parking Area,E01031501,Chichester 013C,Violence and sexual offences,Awaiting court outcome,
78bc294f992fb95c300475ee093de84d73ba83c690cf3dfc8821d9ba612efc08,2024-11,Sussex Police,Sussex Police,-0.874590,50.767624,On or near Shore Road,E01031501,Chichester 013C,Violence and sexual offences,Court result unavailable,
77ee118b5dad2f26ebc21170c073a8bdd67552dd288112f823043f736096a7b7,2024-11,Sussex Police,Sussex Police,-0.872987,50.769416,On or near Supermarket,E01031501,Chichester 013C,Violence and sexual offences,Unable to prosecute suspect,
,2024-11,Sussex Police,Sussex Police,-0.794265,50.768404,On or near Chalk Lane,E01031529,Chichester 013D,Anti-social behaviour,,
,2024-11,Sussex Police,Sussex Police,-0.787071,50.763095,On or near Parking Area,E01031529,Chichester 013D,Anti-social behaviour,,
,2024-11,Sussex Police,Sussex Police,-0.809142,50.760535,On or near Ham Road,E01031529,Chichester 013D,Anti-social behaviour,,
,2024-11,Sussex Police,Sussex Police,-0.809142,50.760535,On or near Ham Road,E01031529,Chichester 013D,Anti-social behaviour,,
98543c4e6d03ddf63a28974ec1fe1c3a67de59a4314199e3ffd76b04ed198dab,2024-11,Sussex Police,Sussex Police,-0.798463,50.768384,On or near Cow Lane,E01031529,Chichester 013D,Public order,Status update unavailable,
3c043a37dc0a0f2f527f6e26f52eef180de1accf92b79d0d01dd94798a7eb2a2,2024-11,Sussex Police,Sussex Police,-0.828328,50.771781,On or near Easton Lane,E01031529,Chichester 013D,Violence and sexual offences,Status update unavailable,
ff13ab45fb3ad2ae4e4d6d2bedf780f76fbe090edd6ef3f827ff611fb01fd264,2024-11,Sussex Police,Sussex Police,-0.895046,50.772109,On or near East Strand,E01031540,Chichester 013E,Violence and sexual offences,Unable to prosecute suspect,
b959e6fb1b105be0b2a72be7ed92c844e8298eccaa925a5f11bd7a6a098da324,2024-11,Sussex Police,Sussex Police,-0.876908,50.769732,On or near Culimore Close,E01031541,Chichester 013F,Violence and sexual offences,Investigation complete; no suspect identified,
2d6dbfaae498b2e3bf5d97c978358f6124a2cd89c0ab171b71e4bfebf52044c1,2024-11,Sussex Police,Sussex Police,-0.876838,50.770280,On or near Cakeham Road,E01031541,Chichester 013F,Violence and sexual offences,Unable to prosecute suspect,
465ba4e2d4783bb745f369404527673729c9b8a5f68e634045c07306af2b69db,2024-11,Sussex Police,Sussex Police,-0.870311,50.770424,On or near Mill Gardens,E01031541,Chichester 013F,Violence and sexual offences,Investigation complete; no suspect identified,
,2024-11,Sussex Police,Sussex Police,-0.830234,50.802260,On or near The Causeway,E01031542,Chichester 013G,Anti-social behaviour,,
2b657440c8826feed37a6c16bf42b9e94ca78767e1cd4a16d1ee2e1334a84714,2024-11,Sussex Police,Sussex Police,-0.839834,50.789406,On or near Chaffinch Close,E01031542,Chichester 013G,Other theft,Investigation complete; no suspect identified,
df9d2a2c5d99269527f5dd47cca123c8e855922494455857a4847f1e51275bce,2024-11,Sussex Police,Sussex Police,-0.824911,50.792152,On or near Alandale Road,E01031542,Chichester 013G,Vehicle crime,Investigation complete; no suspect identified,
47585ed765d4c38f70749aa90a279f7986058581a8d6d4384bf9f41b4c39a1ef,2024-11,Sussex Police,Sussex Police,-0.838705,50.791993,On or near Florence Close,E01031542,Chichester 013G,Violence and sexual offences,Action to be taken by another organisation,
,2024-11,Sussex Police,Sussex Police,-0.784082,50.736148,On or near Elm Tree Close,E01031522,Chichester 014A,Anti-social behaviour,,
,2024-11,Sussex Police,Sussex Police,-0.780096,50.736313,On or near Mountwood Road,E01031522,Chichester 014A,Anti-social behaviour,,
245dfa45eb92175ec1fa1347a1652449ae0d5c611c2917d2e19bd4a1ba902e35,2024-11,Sussex Police,Sussex Police,-0.778655,50.735048,On or near Beach Road,E01031522,Chichester 014A,Burglary,Investigation complete; no suspect identified,
,2024-11,Sussex Police,Sussex Police,-0.800699,50.736932,On or near Freeways,E01031523,Chichester 014B,Anti-social behaviour,,
,2024-11,Sussex Police,Sussex Police,-0.800699,50.736932,On or near Freeways,E01031523,Chichester 014B,Anti-social behaviour,,
,2024-11,Sussex Police,Sussex Police,-0.792064,50.734378,On or near Supermarket,E01031523,Chichester 014B,Anti-social behaviour,,
4bb1c41eca66ffe18a089b7563c234f618f047813180de8c7016a0203e169ccd,2024-11,Sussex Police,Sussex Police,-0.804277,50.735574,On or near Mayridge,E01031523,Chichester 014B,Criminal damage and arson,Status update unavailable,
b41d575a57ed59f2f1d0f06057920d4cb25f047c0ff38037d97831a3ba8bff49,2024-11,Sussex Police,Sussex Police,-0.800699,50.736932,On or near Freeways,E01031523,Chichester 014B,Criminal damage and arson,Investigation complete; no suspect identified,
cf066440f55dddb24d2ff8b6a78e4e16855da5590ba5a4e1d1d71ac965447d13,2024-11,Sussex Police,Sussex Police,-0.792064,50.734378,On or near Supermarket,E01031523,Chichester 014B,Shoplifting,Investigation complete; no suspect identified,
f6aeb44a0a455d372009b3e706675cf997361d5f288afb0d09746a3dfe2263b2,2024-11,Sussex Police,Sussex Police,-0.795766,50.737555,On or near Warner'S Lane,E01031523,Chichester 014B,Violence and sexual offences,Unable to prosecute suspect,
a77f1f60767a6393f9dcc0ae1f680a45cf0ca74cd16005736afc76a2d163df60,2024-11,Sussex Police,Sussex Police,-0.804277,50.735574,On or near Mayridge,E01031523,Chichester 014B,Violence and sexual offences,Unable to prosecute suspect,
9629f485a78be3e1561df6ab24f7d6e0d49ec50d013fb0bd43a2e1f8732bbcab,2024-11,Sussex Police,Sussex Police,-0.795766,50.737555,On or near Warner'S Lane,E01031523,Chichester 014B,Violence and sexual offences,Unable to prosecute suspect,
e4db66132a820e145115f3bbe9e6cfba897c22afbb9165944de9d37e06ab1e0b,2024-11,Sussex Police,Sussex Police,-0.789033,50.735948,On or near Sessions Mews,E01031523,Chichester 014B,Violence and sexual offences,Local resolution,
1835f79283db9c66bcb376742fdfb86df4e19877e846e3b86a9c4db3c19ba350,2024-11,Sussex Police,Sussex Police,-0.800699,50.736932,On or near Freeways,E01031523,Chichester 014B,Violence and sexual offences,Unable to prosecute suspect,
78626a88484b5b3ff4e2db7a6fbb551eb2e6c2ab627de11656baba1a17785267,2024-11,Sussex Police,Sussex Police,-0.809444,50.736320,On or near Sandy Point Lane,E01031523,Chichester 014B,Violence and sexual offences,Unable to prosecute suspect,
,2024-11,Sussex Police,Sussex Police,-0.764783,50.742537,On or near Park Copse,E01031524,Chichester 014C,Anti-social behaviour,,
,2024-11,Sussex Police,Sussex Police,-0.782168,50.752594,On or near Chichester Road,E01031524,Chichester 014C,Anti-social behaviour,,
,2024-11,Sussex Police,Sussex Police,-0.781620,50.748578,On or near Chichester Road,E01031524,Chichester 014C,Anti-social behaviour,,
4b63b15b4d7f65cc63941c41a44bed3ce60f50d25789b76794756a52c3fd1db8,2024-11,Sussex Police,Sussex Police,-0.782168,50.752594,On or near Chichester Road,E01031524,Chichester 014C,Burglary,Investigation complete; no suspect identified,
82fb16dbe2d69e15fc85b0dc6ada9361550760a2df81a7df253dbcf9873c7d12,2024-11,Sussex Police,Sussex Police,-0.778685,50.733915,On or near Constable Drive,E01031524,Chichester 014C,Criminal damage and arson,Investigation complete; no suspect identified,
3d3a7a6d4a5e8fdef4d719b387c377ba2c2b26494509ffdbc9e4d5a61d7ceac3,2024-11,Sussex Police,Sussex Police,-0.775502,50.740231,On or near Tranquillity Way,E01031524,Chichester 014C,Public order,Status update unavailable,
ab0af804a618796afa3baebe88b021f2c0b0f4e1a5dc898003d74c021e9dd4b3,2024-11,Sussex Police,Sussex Police,-0.775502,50.740231,On or near Tranquillity Way,E01031524,Chichester 014C,Shoplifting,Unable to prosecute suspect,
63cf1fd4c649bc96f57ae63d205779e6d6f19be050dce1535b17567152d9d961,2024-11,Sussex Police,Sussex Police,-0.782168,50.752594,On or near Chichester Road,E01031524,Chichester 014C,Violence and sexual offences,Unable to prosecute suspect,
9b0d456d05f552fddf2b74797812f55af6303abc7512677d150ad253dfd23ccd,2024-11,Sussex Police,Sussex Police,-0.775138,50.739490,On or near Solar Drive,E01031524,Chichester 014C,Violence and sexual offences,Offender given a caution,
1f74598cb10026f96803775f885ff36943580d57608e3c965a0c7dd407c904e0,2024-11,Sussex Police,Sussex Police,-0.773833,50.739530,On or near Orbit Gardens,E01031524,Chichester 014C,Violence and sexual offences,Unable to prosecute suspect,
d94c0751f3ed94f1061c96147e1acea94943fc56b85406b525b6c5133077756a,2024-11,Sussex Police,Sussex Police,-0.775502,50.740231,On or near Tranquillity Way,E01031524,Chichester 014C,Violence and sexual offences,Unable to prosecute suspect,
92c4ff3e59b230ce715f555b670b0ca23d6a4b1057ca43b0c1cb0259b3b4bcac,2024-11,Sussex Police,Sussex Police,-0.775708,50.739909,On or near Hubble Close,E01031524,Chichester 014C,Violence and sexual offences,Unable to prosecute suspect,
c2bb84f44fb59191f39e922d416cb9344606dbf55e12d88f96f295194a7df7e6,2024-11,Sussex Police,Sussex Police,-0.775502,50.740231,On or near Tranquillity Way,E01031524,Chichester 014C,Violence and sexual offences,Unable to prosecute suspect,
01b5f455273b1534ee1f15962c282ccdf3569d493d8f9ca72cb9ff6913cf2205,2024-11,Sussex Police,Sussex Police,-0.781328,50.730903,On or near Hanover Close,E01031525,Chichester 014D,Violence and sexual offences,Investigation complete; no suspect identified,
cdd62983d7a18afc4fdc16a29de9318edd59f8af9e9b605fbf6aa019e5273db9,2024-11,Sussex Police,Sussex Police,-0.786533,50.725220,On or near Domehouse Close,E01031526,Chichester 014E,Violence and sexual offences,Unable to prosecute suspect,
,2024-11,Sussex Police,Sussex Police,-0.782881,50.728383,On or near Sunnymead Close,E01031527,Chichester 014F,Anti-social behaviour,,
,2024-11,Sussex Police,Sussex Police,-0.785640,50.733466,On or near Netherton Close,E01031527,Chichester 014F,Anti-social behaviour,,
e99926094c7b8b9f6fc437bc8b710e42d92ee73e3d2e5f16ea82e8417a10fa69,2024-11,Sussex Police,Sussex Police,-0.786933,50.731124,On or near East Street,E01031527,Chichester 014F,Criminal damage and arson,Unable to prosecute suspect,
57d2c53392e0975c50091ce0ec9674e1357765257acf673ae81ed19d80f545e0,2024-11,Sussex Police,Sussex Police,-0.784534,50.729642,On or near Sunnymead Drive,E01031527,Chichester 014F,Criminal damage and arson,Investigation complete; no suspect identified,
62c2e4255cabe9e3e59a6e49b344e191aed65f44e3b75bf2c856f8201e3fd345,2024-11,Sussex Police,Sussex Police,-0.786933,50.731124,On or near East Street,E01031527,Chichester 014F,Public order,Court result unavailable,
fb8b4491f982f205887e5d50de77c3ec35796185229415e87afadc09b66a89b5,2024-11,Sussex Police,Sussex Police,-0.786933,50.731124,On or near East Street,E01031527,Chichester 014F,Violence and sexual offences,Local resolution,
106b3fec652671ec45656de1d067e2f41c4fdd1c43afceb116d63d0b2365f8bc,2024-11,Sussex Police,Sussex Police,-0.789976,50.732360,On or near Elmsfield,E01031528,Chichester 014G,Criminal damage and arson,Investigation complete; no suspect identified,
587ab31c09c75a9d12bb3ec87efd845bb66f9a2c97f21cd9968bc4f89531b37e,2024-11,Sussex Police,Sussex Police,-0.788581,50.731491,On or near Otard Close,E01031528,Chichester 014G,Other theft,Investigation complete; no suspect identified,
4c63c3c7d159d22ebe717455fb94a87bd6c53faa8167517ac9eaad2ab1d256fb,2024-11,Sussex Police,Sussex Police,-0.788581,50.731491,On or near Otard Close,E01031528,Chichester 014G,Violence and sexual offences,Investigation complete; no suspect identified,
935c969cd051570cc9017195290673d8ead7fdc04988f42078da9a463644ebda,2024-11,Sussex Police,Sussex Police,-0.793314,50.731478,On or near Knap Lane,E01031528,Chichester 014G,Violence and sexual offences,Investigation complete; no suspect identified,
,2024-11,Sussex Police,Sussex Police,-0.200961,51.127622,On or near Squirrel Close,E01031573,Crawley 001A,Anti-social behaviour,,
bd524810ac9ce105e607fbe6b8f9e5f16a212c0799d5eb853b75c89216e628e0,2024-11,Sussex Police,Sussex Police,-0.198789,51.123955,On or near Lark Rise,E01031573,Crawley 001A,Burglary,Investigation complete; no suspect identified,
3ac95e30a35345d83c97b71e18536e819fde1f06e3169d884e3bec870336efbc,2024-11,Sussex Police,Sussex Police,-0.198789,51.123955,On or near Lark Rise,E01031573,Crawley 001A,Burglary,Investigation complete; no suspect identified,
747a9e26c79c9100e5ff91b64aad1883c4a4cb2612921b624299c5048be17574,2024-11,Sussex Police,Sussex Police,-0.195988,51.124317,On or near Jackdaw Close,E01031573,Crawley 001A,Criminal damage and arson,Investigation complete; no suspect identified,
dc5138a6797f2d8803d233be65c7215d4dde82287eed8bc80a6bf6da7c4e905a,2024-11,Sussex Police,Sussex Police,-0.198789,51.123955,On or near Lark Rise,E01031573,Crawley 001A,Other theft,Investigation complete; no suspect identified,
04208e27eae0510e01fd34e55a59c823e61df334b21af48f8c38faf0d60f2c78,2024-11,Sussex Police,Sussex Police,-0.203360,51.126939,On or near Hare Lane,E01031573,Crawley 001A,Public order,Status update unavailable,
a0032e2d1074b2e700fee859fc5e690468f9c1e085fbe9f8c173ad28f38ee18f,2024-11,Sussex Police,Sussex Police,-0.203360,51.126939,On or near Hare Lane,E01031573,Crawley 001A,Public order,Investigation complete; no suspect identified,
1d5dd8049f710a091494ab880bbf2fcedbae2b124f68e5e39e363f98fbd5b7ac,2024-11,Sussex Police,Sussex Police,-0.202493,51.128302,On or near Brock Road,E01031573,Crawley 001A,Public order,Unable to prosecute suspect,
531fbc0fe34143744cda021b6ba44ed1f74ab73702d6fb6089877a97c35c8260,2024-11,Sussex Police,Sussex Police,-0.200839,51.125983,On or near Stagelands,E01031573,Crawley 001A,Violence and sexual offences,Status update unavailable,
ade82628b91d1f33d6d5359c294c89f03800b5f8c872cd2cbd9ae50701ec04d4,2024-11,Sussex Police,Sussex Police,-0.198789,51.123955,On or near Lark Rise,E01031573,Crawley 001A,Violence and sexual offences,Unable to prosecute suspect,
fbec532634ea45d63824d72441f87534f6a3c586aadec024b9e8d1e37c495670,2024-11,Sussex Police,Sussex Police,-0.203360,51.126939,On or near Hare Lane,E01031573,Crawley 001A,Violence and sexual offences,Status update unavailable,
8af02103ee1c3f4f61e394a13b3f10115dcfbdacd6d8065696e6106e4b67fadc,2024-11,Sussex Police,Sussex Police,-0.202284,51.124459,On or near Ifield Avenue,E01031573,Crawley 001A,Other crime,Action to be taken by another organisation,
,2024-11,Sussex Police,Sussex Police,-0.207093,51.129074,On or near Prestwood Close,E01031574,Crawley 001B,Anti-social behaviour,,
2873c4d95a2d821bf494536ef5b1a6dbd144dad1d51b31863e3508db0ca735bb,2024-11,Sussex Police,Sussex Police,-0.207750,51.129822,On or near Charlwood Walk,E01031574,Crawley 001B,Other theft,Investigation complete; no suspect identified,
1bac73103e9770561540bd0fead3ccfd68ff7b53a394b535f8e81b2111addd9f,2024-11,Sussex Police,Sussex Police,-0.205316,51.127347,On or near Fitchet Close,E01031574,Crawley 001B,Public order,Status update unavailable,
bc3bc21fa2e03200b623d6f87ec030c8ee67699c5bbec9280e3f1aae157950d0,2024-11,Sussex Police,Sussex Police,-0.202615,51.128825,On or near Rushetts Road,E01031574,Crawley 001B,Vehicle crime,Investigation complete; no suspect identified,
53afaca826049b18d1819564006f22e84d6b2ddb938cddbf0d0a7b56b8a85ad2,2024-11,Sussex Police,Sussex Police,-0.210432,51.129215,On or near Braeburn Road,E01031574,Crawley 001B,Violence and sexual offences,Investigation complete; no suspect identified,
77203ba11f6b1ab5762516c9904558fd115b50dfc14c75f116a7fcef637ae3aa,2024-11,Sussex Police,Sussex Police,-0.208364,51.131333,On or near Burlands,E01031574,Crawley 001B,Violence and sexual offences,Unable to prosecute suspect,
8a2f6ac7632e80f4673492d6cad44c2c5fd86ddb62f24c94622f2a1295e86883,2024-11,Sussex Police,Sussex Police,-0.208723,51.128694,On or near Delrogue Road,E01031574,Crawley 001B,Violence and sexual offences,Unable to prosecute suspect,
,2024-11,Sussex Police,Sussex Police,-0.163049,51.155990,On or near Parking Area,E01031575,Crawley 001C,Anti-social behaviour,,
,2024-11,Sussex Police,Sussex Police,-0.179167,51.160667,On or near Pier Five Road East,E01031575,Crawley 001C,Anti-social behaviour,,
,2024-11,Sussex Police,Sussex Police,-0.163049,51.155990,On or near Parking Area,E01031575,Crawley 001C,Anti-social behaviour,,
,2024-11,Sussex Police,Sussex Police,-0.169781,51.161150,On or near Police Station,E01031575,Crawley 001C,Anti-social behaviour,,
,2024-11,Sussex Police,Sussex Police,-0.187086,51.129764,On or near Dobson Road,E01031575,Crawley 001C,Anti-social behaviour,,
,2024-11,Sussex Police,Sussex Police,-0.179167,51.160667,On or near Pier Five Road East,E01031575,Crawley 001C,Anti-social behaviour,,
,2024-11,Sussex Police,Sussex Police,-0.179167,51.160667,On or near Pier Five Road East,E01031575,Crawley 001C,Anti-social behaviour,,
,2024-11,Sussex Police,Sussex Police,-0.187086,51.129764,On or near Dobson Road,E01031575,Crawley 001C,Anti-social behaviour,,
,2024-11,Sussex Police,Sussex Police,-0.164539,51.158091,On or near Queens Gate,E01031575,Crawley 001C,Anti-social behaviour,,
,2024-11,Sussex Police,Sussex Police,-0.163049,51.155990,On or near Parking Area,E01031575,Crawley 001C,Anti-social behaviour,,
,2024-11,Sussex Police,Sussex Police,-0.163049,51.155990,On or near Parking Area,E01031575,Crawley 001C,Anti-social behaviour,,
,2024-11,Sussex Police,Sussex Police,-0.163049,51.155990,On or near Parking Area,E01031575,Crawley 001C,Anti-social behaviour,,
,2024-11,Sussex Police,Sussex Police,-0.188455,51.132762,On or near Shopping Area,E01031575,Crawley 001C,Anti-social behaviour,,
,2024-11,Sussex Police,Sussex Police,-0.163049,51.155990,On or near Parking Area,E01031575,Crawley 001C,Anti-social behaviour,,
,2024-11,Sussex Police,Sussex Police,-0.163196,51.156253,On or near Conference/Exhibition Centre,E01031575,Crawley 001C,Anti-social behaviour,,
,2024-11,Sussex Police,Sussex Police,-0.173798,51.159387,On or near Pier Four Road North,E01031575,Crawley 001C,Anti-social behaviour,,
,2024-11,Sussex Police,Sussex Police,-0.173798,51.159387,On or near Pier Four Road North,E01031575,Crawley 001C,Anti-social behaviour,,
,2024-11,Sussex Police,Sussex Police,-0.164539,51.158091,On or near Queens Gate,E01031575,Crawley 001C,Anti-social behaviour,,
806ec7c38d5a9a1e8bd495b45c4b67654f66253657f1fa7ffc896c68aba28fe0,2024-11,Sussex Police,Sussex Police,-0.192813,51.132549,On or near Sports/Recreation Area,E01031575,Crawley 001C,Burglary,Investigation complete; no suspect identified,
eb90969e58387642a06a2c21da1c78bf0b287d941e69642db0065792ad5c010b,2024-11,Sussex Police,Sussex Police,-0.187086,51.129764,On or near Dobson Road,E01031575,Crawley 001C,Burglary,Investigation complete; no suspect identified,
b3a65902a5a085b0af3f863eb80f5704d6c576dd44b802b18aa3a46f27b0e21d,2024-11,Sussex Police,Sussex Police,-0.163049,51.155990,On or near Parking Area,E01031575,Crawley 001C,Criminal damage and arson,Court result unavailable,
7c2b814664f86b8dd426f67d6115d7ce9ca672111ff0e2b2f4287f55ec9d9d6a,2024-11,Sussex Police,Sussex Police,-0.188631,51.128637,On or near Perth Close,E01031575,Crawley 001C,Criminal damage and arson,Investigation complete; no suspect identified,
a4a317fa87438d87b86bbba89334f1236085faffba3cf9a7f1b4f1f22ae53b48,2024-11,Sussex Police,Sussex Police,-0.176141,51.161618,On or near Parking Area,E01031575,Crawley 001C,Criminal damage and arson,Unable to prosecute suspect,
8328925ecb757941bf54200de02f58c716ebf51889532d5a8dbf22cf10d0aa22,2024-11,Sussex Police,Sussex Police,-0.188455,51.132762,On or near Shopping Area,E01031575,Crawley 001C,Criminal damage and arson,Unable to prosecute suspect,
b7f099cbb21ecd21f2d3142af9e25fe66575949c77ddd50693aadbce10e16c32,2024-11,Sussex Police,Sussex Police,-0.192710,51.130669,On or near Martyrs Avenue,E01031575,Crawley 001C,Criminal damage and arson,Investigation complete; no suspect identified,
2342d7cd1676b12c1d261fab9c8279119a35d8d3f52f09981a00ad78ae1093f3,2024-11,Sussex Police,Sussex Police,-0.179180,51.165784,On or near Parking Area,E01031575,Crawley 001C,Criminal damage and arson,Investigation complete; no suspect identified,
94618632190ccb851e1d24084faa6fa5c14829edd4a115977a152830d31ec1d4,2024-11,Sussex Police,Sussex Police,-0.193921,51.141390,On or near Poles Lane,E01031575,Crawley 001C,Criminal damage and arson,Investigation complete; no suspect identified,
f9655ff0bf4359b3390b7d672be8253eccff6b811b4d52b4c9e434a4916c8b12,2024-11,Sussex Police,Sussex Police,-0.193921,51.141390,On or near Poles Lane,E01031575,Crawley 001C,Drugs,Investigation complete; no suspect identified,
663bfbe6a7e7376aae4e98bd84bff961b3a0b2f59a405957452909895fa69db1,2024-11,Sussex Police,Sussex Police,-0.193921,51.141390,On or near Poles Lane,E01031575,Crawley 001C,Drugs,Local resolution,
061cd4effd770172642b6c8a92f0d910e9fd9a2e724d1aa6e22f862590e0f5de,2024-11,Sussex Police,Sussex Police,-0.192710,51.130669,On or near Martyrs Avenue,E01031575,Crawley 001C,Drugs,Court result unavailable,
e01f84ef86b5167813544536ad26f64f95d3ec9bb822c19286c75d0cfefc905b,2024-11,Sussex Police,Sussex Police,-0.193921,51.141390,On or near Poles Lane,E01031575,Crawley 001C,Drugs,Formal action is not in the public interest,
71a3f10c6af02224e45656b11a9832e477129820990ecc1207ec8e471defcf2c,2024-11,Sussex Police,Sussex Police,-0.160908,51.156262,On or near Gatwick Airport,E01031575,Crawley 001C,Drugs,Offender given a caution,
98d4cc162b0c592fdb59884a4b7f4b05b3b20fcfdd22f3634395221aef62bcd7,2024-11,Sussex Police,Sussex Police,-0.193921,51.141390,On or near Poles Lane,E01031575,Crawley 001C,Drugs,Unable to prosecute suspect,
a45b6aabcb75bcf92e2bd1c5991c9c8f39186c96a50b0fabbe55ac6612f4a5e6,2024-11,Sussex Police,Sussex Police,-0.187086,51.129764,On or near Dobson Road,E01031575,Crawley 001C,Drugs,Local resolution,
dcf766d35b4015a87a8fcbc307c491dd8e6c2100dfdb8019e30535b79aa716be,2024-11,Sussex Police,Sussex Police,-0.193921,51.141390,On or near Poles Lane,E01031575,Crawley 001C,Drugs,Investigation complete; no suspect identified,
9e0184573b80fdfe16f9e5b33faa9ede91cae6c3272d6b446485762e140fedbe,2024-11,Sussex Police,Sussex Police,-0.193921,51.141390,On or near Poles Lane,E01031575,Crawley 001C,Drugs,Unable to prosecute suspect,
6a94fce9a9596316743c984ba3ecd6329cf1847131d0c843431641b59f925360,2024-11,Sussex Police,Sussex Police,-0.193921,51.141390,On or near Poles Lane,E01031575,Crawley 001C,Drugs,Unable to prosecute suspect,
261ea234e2856a75888df40ef89330da79c1efd9f824e7a17ec37d0e07f14917,2024-11,Sussex Police,Sussex Police,-0.164539,51.158091,On or near Queens Gate,E01031575,Crawley 001C,Drugs,Local resolution,
44f46947796f80304f0de1726982ae11345b4cf30ecab953398bcf7b409bfc2e,2024-11,Sussex Police,Sussex Police,-0.193921,51.141390,On or near Poles Lane,E01031575,Crawley 001C,Drugs,Unable to prosecute suspect,
660ff1806e2b7f08d30566c28d477503653642de9cd81af8e43ffc4c2782f02a,2024-11,Sussex Police,Sussex Police,-0.163049,51.155990,On or near Parking Area,E01031575,Crawley 001C,Drugs,Local resolution,
f525f6e612dc72faf13090c4acdc6b69498c9a3930ea03abb21b997747d4ca50,2024-11,Sussex Police,Sussex Police,-0.214706,51.143642,On or near Parking Area,E01031575,Crawley 001C,Drugs,Unable to prosecute suspect,
4f7ff369707a236d296f3b1bcbfbcdd6ac617cf1131e007f9bf016ea34d5beec,2024-11,Sussex Police,Sussex Police,-0.177974,51.160828,On or near Shopping Area,E01031575,Crawley 001C,Drugs,Local resolution,
e5f04d79343565bbba8bfe82a6d28a8b53465834d874252f3b005fad666e03e2,2024-11,Sussex Police,Sussex Police,-0.193921,51.141390,On or near Poles Lane,E01031575,Crawley 001C,Drugs,Investigation complete; no suspect identified,
ade9bfa19e1f5c0f935b90c7056b13a653da970c497dcc0512b32c76fef99f10,2024-11,Sussex Police,Sussex Police,-0.193921,51.141390,On or near Poles Lane,E01031575,Crawley 001C,Drugs,Investigation complete; no suspect identified,
2354fd643a19a4be5647aab399c8ea721eefdfca6a93be54b3f8b252e1364c56,2024-11,Sussex Police,Sussex Police,-0.186989,51.127856,On or near London Road,E01031575,Crawley 001C,Drugs,Local resolution,
0f71c521759b2520c30112b42af7fd0a33fddd14c7808bebe7aa7a1834d22059,2024-11,Sussex Police,Sussex Police,-0.193921,51.141390,On or near Poles Lane,E01031575,Crawley 001C,Drugs,Investigation complete; no suspect identified,
5745c05cd0dee5a3a0e65661343906a99af3c6f58c168e677535bec0c1ce5668,2024-11,Sussex Police,Sussex Police,-0.163049,51.155990,On or near Parking Area,E01031575,Crawley 001C,Drugs,Local resolution,
b018c370e32eb0b1bd6e7202615fc674ea132c02e48da80abfa2b8eec766969a,2024-11,Sussex Police,Sussex Police,-0.193921,51.141390,On or near Poles Lane,E01031575,Crawley 001C,Drugs,Unable to prosecute suspect,
4ec8730373f36190f6afb9b172233b77e8d1a971ee6d986eb27bd5719f24e58d,2024-11,Sussex Police,Sussex Police,-0.193921,51.141390,On or near Poles Lane,E01031575,Crawley 001C,Drugs,Further investigation is not in the public interest,
8d4848a987d6dd31719d9c59e6af773f8b2af2d96d97b99ea8179436a604b026,2024-11,Sussex Police,Sussex Police,-0.177974,51.160828,On or near Shopping Area,E01031575,Crawley 001C,Other theft,Investigation complete; no suspect identified,
3ef28ccb2ff86225a8deaeab346807536f3642deec99dc40b7447a07b14dda48,2024-11,Sussex Police,Sussex Police,-0.187086,51.129764,On or near Dobson Road,E01031575,Crawley 001C,Other theft,Investigation complete; no suspect identified,
c85a03ba12242c599225f720923dbbc8b7738b5e422a5b3b1f63f89c236258a5,2024-11,Sussex Police,Sussex Police,-0.168546,51.160555,On or near Racecourse Road,E01031575,Crawley 001C,Other theft,Local resolution,
04e7643c3c105e3ac52a6b38d83fef9759360f888133c3ff342bce9c30f2ec08,2024-11,Sussex Police,Sussex Police,-0.163196,51.156253,On or near Conference/Exhibition Centre,E01031575,Crawley 001C,Other theft,Investigation complete; no suspect identified,
e99badd35f3b6c7beff16e13c19a3392636dca65778a770ade60dd25f61979de,2024-11,Sussex Police,Sussex Police,-0.179180,51.165784,On or near Parking Area,E01031575,Crawley 001C,Other theft,Unable to prosecute suspect,
81ffd7282b433c3cd16943e2b65e44b51983d0d8af030d78c10c881b87623636,2024-11,Sussex Police,Sussex Police,-0.163049,51.155990,On or near Parking Area,E01031575,Crawley 001C,Other theft,Investigation complete; no suspect identified,
ed94edc8314fa6c876349c3c6e8b5a7d08b0da1623321aecc9bd50896cfe9b07,2024-11,Sussex Police,Sussex Police,-0.177974,51.160828,On or near Shopping Area,E01031575,Crawley 001C,Other theft,Unable to prosecute suspect,
e023ff6db8c5d2b085ae678d5f80ae60dc5883a1a3d425805197ae6f16d45ccf,2024-11,Sussex Police,Sussex Police,-0.163049,51.155990,On or near Parking Area,E01031575,Crawley 001C,Other theft,Investigation complete; no suspect identified,
9ab77e6b9e51cb2213d2d8ca68d0e791879f04199bc99a4dfa11af11731312ac,2024-11,Sussex Police,Sussex Police,-0.163196,51.156253,On or near Conference/Exhibition Centre,E01031575,Crawley 001C,Other theft,Investigation complete; no suspect identified,
fa598d7f9ac582ba5ab320d033f72f48fd11014910fa1d80692e3ae0e59f63b4,2024-11,Sussex Police,Sussex Police,-0.163196,51.156253,On or near Conference/Exhibition Centre,E01031575,Crawley 001C,Other theft,Status update unavailable,
3b1557720e9729fd09ba3ee4cc05bdca977c73c500270c4fc048e5b2ddbcedbc,2024-11,Sussex Police,Sussex Police,-0.173831,51.160341,On or near Coach Road,E01031575,Crawley 001C,Other theft,Status update unavailable,
7029e8fef09cccfd9130323e8aec74cc1c1146ec6c10f4ad2c787afd75220872,2024-11,Sussex Police,Sussex Police,-0.163049,51.155990,On or near Parking Area,E01031575,Crawley 001C,Other theft,Unable to prosecute suspect,
00001f72ab29dbd96fed51c63aa5b2c5d7cb939c8e83fe653b4d620b7f192b25,2024-11,Sussex Police,Sussex Police,-0.179167,51.160667,On or near Pier Five Road East,E01031575,Crawley 001C,Other theft,Investigation complete; no suspect identified,
703d6bf278f240cb2720dac4f737e4351e68ac722a04b7f38703eb93086df2f3,2024-11,Sussex Police,Sussex Police,-0.163049,51.155990,On or near Parking Area,E01031575,Crawley 001C,Other theft,Court result unavailable,
58786f65e1114333e1cdf84843a2a9dd87ec348eb9e979af9f1f00a0511b486a,2024-11,Sussex Police,Sussex Police,-0.163049,51.155990,On or near Parking Area,E01031575,Crawley 001C,Other theft,Investigation complete; no suspect identified,
44d622dd38de00c6fb31eb6ae12c7e0d8b7e57fa225d34412d72fc4948e20af7,2024-11,Sussex Police,Sussex Police,-0.184627,51.158206,On or near Stokers Close,E01031575,Crawley 001C,Other theft,Investigation complete; no suspect identified,
0c4807c550a07f31e59a0360c0ded24362bde0f251cc61b39fe4506c19653641,2024-11,Sussex Police,Sussex Police,-0.164539,51.158091,On or near Queens Gate,E01031575,Crawley 001C,Other theft,Investigation complete; no suspect identified,
20858f3dbab8b51c605cf488bbc430c1a392fc6855cdd35b5a967f00632faf02,2024-11,Sussex Police,Sussex Police,-0.187086,51.129764,On or near Dobson Road,E01031575,Crawley 001C,Other theft,Investigation complete; no suspect identified,
2e10f31de83141cf8e7b583cdd41709466b0e4789afba9f37f0def91fcf3b3e8,2024-11,Sussex Police,Sussex Police,-0.173831,51.160341,On or near Coach Road,E01031575,Crawley 001C,Other theft,Investigation complete; no suspect identified,
2eca64b87a55140cd2846b5351be22a5d4b85576ba131420ae771235689f58a6,2024-11,Sussex Police,Sussex Police,-0.173831,51.160341,On or near Coach Road,E01031575,Crawley 001C,Other theft,Investigation complete; no suspect identified,
3698bda30ec28104488c4b42555f58e2043cd5a59090eb9c9074f9b6facccb48,2024-11,Sussex Police,Sussex Police,-0.163049,51.155990,On or near Parking Area,E01031575,Crawley 001C,Other theft,Investigation complete; no suspect identified,
3bd0164f8970debd2cff037d62b2b18a49fa64b29bc0abd84d58b980144c7957,2024-11,Sussex Police,Sussex Police,-0.173967,51.161979,On or near Northway,E01031575,Crawley 001C,Other theft,Investigation complete; no suspect identified,
20f8c40666664d1507f60d29ad3155762b55fe1a4effc162de46292b32d1d931,2024-11,Sussex Police,Sussex Police,-0.163049,51.155990,On or near Parking Area,E01031575,Crawley 001C,Other theft,Investigation complete; no suspect identified,
f15adaf27f80a2b9ef04395755ce97d168217f529106b56e63d9ff10859e5641,2024-11,Sussex Police,Sussex Police,-0.186833,51.134760,On or near Betts Way,E01031575,Crawley 001C,Other theft,Investigation complete; no suspect identified,
516dff3d8e54e88dc891c3ce0f7f03218a57160cdbc84239442fe5d373a99fbc,2024-11,Sussex Police,Sussex Police,-0.163049,51.155990,On or near Parking Area,E01031575,Crawley 001C,Other theft,Investigation complete; no suspect identified,
b3ca1cc19ce8009a8ee6749a4197b3411adc043b0467eaa90c010870ef66c995,2024-11,Sussex Police,Sussex Police,-0.163196,51.156253,On or near Conference/Exhibition Centre,E01031575,Crawley 001C,Other theft,Unable to prosecute suspect,
bb4090d2cdb111294345cda593285ace358f1d1f4f7089b41b02e3163cbc5d05,2024-11,Sussex Police,Sussex Police,-0.177974,51.160828,On or near Shopping Area,E01031575,Crawley 001C,Other theft,Unable to prosecute suspect,
d533bcd11f3fb4db882dfee9570a8dae89082e85cd48e09c734e827c9349c496,2024-11,Sussex Police,Sussex Police,-0.186833,51.134760,On or near Betts Way,E01031575,Crawley 001C,Other theft,Investigation complete; no suspect identified,
a7d9bfe544e90f0f5beb40c23e9a7abfe09d180f8c006a8da6eae8b30e2a62e7,2024-11,Sussex Police,Sussex Police,-0.163049,51.155990,On or near Parking Area,E01031575,Crawley 001C,Other theft,Investigation complete; no suspect identified,
4a2cdd017c4d9ea0a7ce60161aef0cd5f3fae944ccf247de2b15a2d6301d9882,2024-11,Sussex Police,Sussex Police,-0.177974,51.160828,On or near Shopping Area,E01031575,Crawley 001C,Possession of weapons,Local resolution,
7f71d0f8ed144d9a569f26fd5c51aeccbb8a58cbf89a9309c6c1461e897143d8,2024-11,Sussex Police,Sussex Police,-0.177974,51.160828,On or near Shopping Area,E01031575,Crawley 001C,Possession of weapons,Local resolution,
7d08fd576ed74c8893598365b23182e657bf8f80580b9eb1bed3a4146a1ebbe8,2024-11,Sussex Police,Sussex Police,-0.162267,51.156949,On or near Parking Area,E01031575,Crawley 001C,Possession of weapons,Local resolution,
2ce1c79a219ac5f1d08fe8144765d6cbf44d6af902a6ecc82da14eeacefd13de,2024-11,Sussex Police,Sussex Police,-0.177974,51.160828,On or near Shopping Area,E01031575,Crawley 001C,Possession of weapons,Local resolution,
a443b037d8ccd03c2520e4b4876e6d5e97ec407f00164a7169363e44930f12df,2024-11,Sussex Police,Sussex Police,-0.162267,51.156949,On or near Parking Area,E01031575,Crawley 001C,Possession of weapons,Local resolution,
0e2a97fae421e1b51e22e7fe9170906a21f2f9a26b298ef98d2c477bfb1fda96,2024-11,Sussex Police,Sussex Police,-0.163049,51.155990,On or near Parking Area,E01031575,Crawley 001C,Possession of weapons,Local resolution,
403814f27295155d6e84d9d83f10d8b4c65e606830751741ffa500412c04ff08,2024-11,Sussex Police,Sussex Police,-0.177974,51.160828,On or near Shopping Area,E01031575,Crawley 001C,Possession of weapons,Local resolution,
5c1748776b637b8c5be5716f7cfa5cab169a31dc0545dd773e5e12fcb357dfc7,2024-11,Sussex Police,Sussex Police,-0.177974,51.160828,On or near Shopping Area,E01031575,Crawley 001C,Possession of weapons,Local resolution,
8a2d1af171cd320f7d7aa0c789a29c24a00f1b03e1bd330546514c99ff02305d,2024-11,Sussex Police,Sussex Police,-0.163049,51.155990,On or near Parking Area,E01031575,Crawley 001C,Possession of weapons,Local resolution,
3f443990f17c7a2b40d2aac0a50d510213f1e706cbf7e5fcfa1a7b4bb031246e,2024-11,Sussex Police,Sussex Police,-0.177974,51.160828,On or near Shopping Area,E01031575,Crawley 001C,Possession of weapons,Local resolution,
b73b8029a0b099a74bdd0f0814c7347453824e65b214e9250d9da3115aeb76b6,2024-11,Sussex Police,Sussex Police,-0.177974,51.160828,On or near Shopping Area,E01031575,Crawley 001C,Possession of weapons,Further investigation is not in the public interest,
c8b16d77db2e44b6eeef479e1efa5e72313a018b038c662e5f0b51b8facf9bdf,2024-11,Sussex Police,Sussex Police,-0.173389,51.161395,On or near North Terminal Approach,E01031575,Crawley 001C,Possession of weapons,Local resolution,
7ef14d7b1fd4886ab5da2c0c82286c4dda5bbcdc96037c11f16b379d16b0550e,2024-11,Sussex Police,Sussex Police,-0.177974,51.160828,On or near Shopping Area,E01031575,Crawley 001C,Possession of weapons,Local resolution,
cc0ab1e461f0f38bb83ca2c802de2e8cbe9545d5a8dcc73112939ced54acda66,2024-11,Sussex Police,Sussex Police,-0.162267,51.156949,On or near Parking Area,E01031575,Crawley 001C,Possession of weapons,Local resolution,
474ad74a0297684cd75dbe4957831848eab8b9f8ff87705d7eecddb4e18b9e13,2024-11,Sussex Police,Sussex Police,-0.177974,51.160828,On or near Shopping Area,E01031575,Crawley 001C,Possession of weapons,Local resolution,
4a415cce813c83dc1f5e94fc85c55d052a3f150dd595a61fd48a32872e07998c,2024-11,Sussex Police,Sussex Police,-0.177974,51.160828,On or near Shopping Area,E01031575,Crawley 001C,Possession of weapons,Local resolution,
cea98b249647a409435e7f4ccd99b235cd2e37f6f7780bd7c9396136dd5f39f7,2024-11,Sussex Police,Sussex Police,-0.177974,51.160828,On or near Shopping Area,E01031575,Crawley 001C,Possession of weapons,Local resolution,
96a24f179df2a7326ed1ce59373824ebca55ed34482c73eb6e119ceacc083d66,2024-11,Sussex Police,Sussex Police,-0.162267,51.156949,On or near Parking Area,E01031575,Crawley 001C,Possession of weapons,Local resolution,
dba0c578d26b5059fb0bf0a13f513d3e5091372ff4c496f37b12304dab64ec56,2024-11,Sussex Police,Sussex Police,-0.163049,51.155990,On or near Parking Area,E01031575,Crawley 001C,Possession of weapons,Local resolution,
8cb79c724ae35a5c1dd81502f650bd8773a4f2ff7169c09a02a7e69c8ce7f8a7,2024-11,Sussex Police,Sussex Police,-0.195439,51.131062,On or near Cherry Lane,E01031575,Crawley 001C,Possession of weapons,Investigation complete; no suspect identified,
802c104a8b61386179e6e432ef2e415ab5e2c2116ecb954d1fa22eef8ef36516,2024-11,Sussex Police,Sussex Police,-0.162267,51.156949,On or near Parking Area,E01031575,Crawley 001C,Possession of weapons,Local resolution,
da34976e13cc36bc097546a840a553c765517ee022d4779eeb80233cd85b89b8,2024-11,Sussex Police,Sussex Police,-0.162267,51.156949,On or near Parking Area,E01031575,Crawley 001C,Possession of weapons,Further investigation is not in the public interest,
352f15b64acedd97f86555ef90a6f3a2d5e5c114b6833afed0bea62e8ec16081,2024-11,Sussex Police,Sussex Police,-0.162267,51.156949,On or near Parking Area,E01031575,Crawley 001C,Possession of weapons,Local resolution,
f3aecebaf9a8746a73b059b24c8ff35c85e41c799f053c3dfa3224517eb1644d,2024-11,Sussex Police,Sussex Police,-0.162267,51.156949,On or near Parking Area,E01031575,Crawley 001C,Possession of weapons,Local resolution,
79b6f95947458677d774a86f15bd289fb81238bd221092010b8df109cd38d974,2024-11,Sussex Police,Sussex Police,-0.162267,51.156949,On or near Parking Area,E01031575,Crawley 001C,Possession of weapons,Local resolution,
c1399e9e1530d944031636fa121aff2aca870c27f69bda21c6faa78d5d2bd87a,2024-11,Sussex Police,Sussex Police,-0.177974,51.160828,On or near Shopping Area,E01031575,Crawley 001C,Possession of weapons,Offender given a caution,
3f40a46dc084560e7bfe19d62c67e3890d0fee9b035d7566b683f3952cc85256,2024-11,Sussex Police,Sussex Police,-0.162267,51.156949,On or near Parking Area,E01031575,Crawley 001C,Possession of weapons,Unable to prosecute suspect,
117fcc9cac0b8793856f34aab22e0043df4cf00fd40d9dda2f355d29caf1aa58,2024-11,Sussex Police,Sussex Police,-0.177974,51.160828,On or near Shopping Area,E01031575,Crawley 001C,Possession of weapons,Local resolution,
fac96b8a514edb315ef7d65682c99d6006de0a42731a875aad48526c18a087a1,2024-11,Sussex Police,Sussex Police,-0.177974,51.160828,On or near Shopping Area,E01031575,Crawley 001C,Public order,Offender given a caution,
913a5c8d401a1f298d3ee05e9913d892e0ccceb2b74d8e1cb2a409ef3f6985d1,2024-11,Sussex Police,Sussex Police,-0.173798,51.159387,On or near Pier Four Road North,E01031575,Crawley 001C,Public order,Action to be taken by another organisation,
bd8f0749f8ca5ccf2a3fc3b39da75ea81fe076adabd8a4a8cb15071f25d21ab3,2024-11,Sussex Police,Sussex Police,-0.164539,51.158091,On or near Queens Gate,E01031575,Crawley 001C,Public order,Court result unavailable,
26ac02baa04d9497465fd0d1003d0d989115a4f6932a56ac499535e2b9bdf733,2024-11,Sussex Police,Sussex Police,-0.179180,51.165784,On or near Parking Area,E01031575,Crawley 001C,Public order,Offender given a caution,
b2d3c9c4b3d7feb35ad3288500328422c1924a3c52973f8543dbc5135da69d01,2024-11,Sussex Police,Sussex Police,-0.186833,51.134760,On or near Betts Way,E01031575,Crawley 001C,Public order,Status update unavailable,
0549a4b7f39d157f9e72c740e8eabfdd3a8d5ac38b7b14c7ff8f8cc35fc6b19e,2024-11,Sussex Police,Sussex Police,-0.163049,51.155990,On or near Parking Area,E01031575,Crawley 001C,Public order,Status update unavailable,
c0bb52b2c8995a422ca3354cd677effaee3d885e810eba6d6c9712fa706ef42b,2024-11,Sussex Police,Sussex Police,-0.188455,51.132762,On or near Shopping Area,E01031575,Crawley 001C,Public order,Unable to prosecute suspect,
426e8cf1888f809e08c13b4da00383561e6c2ec05c95cb721861f6e686cf1f12,2024-11,Sussex Police,Sussex Police,-0.187086,51.129764,On or near Dobson Road,E01031575,Crawley 001C,Public order,Unable to prosecute suspect,
395ef49f485bd982f663920ca894c2baf0b2daa2be2f338a546e79dc35b6db1d,2024-11,Sussex Police,Sussex Police,-0.188455,51.132762,On or near Shopping Area,E01031575,Crawley 001C,Public order,Unable to prosecute suspect,
79093413b1c91dcc93ae1768515dca3ec12006d4305ee506e29e508aafc64784,2024-11,Sussex Police,Sussex Police,-0.179167,51.160667,On or near Pier Five Road East,E01031575,Crawley 001C,Public order,Court result unavailable,
1315284abc3480a2c842f2426924bc8305f49850dfd51ef572b4d7da6e74bdde,2024-11,Sussex Police,Sussex Police,-0.163196,51.156253,On or near Conference/Exhibition Centre,E01031575,Crawley 001C,Public order,Unable to prosecute suspect,
f3dfd1b388572df7796eb1a3111c2b7739a966db096560094c7ace65ac7cef69,2024-11,Sussex Police,Sussex Police,-0.176141,51.161618,On or near Parking Area,E01031575,Crawley 001C,Public order,Investigation complete; no suspect identified,
28ae1d2f94da73db502964e34dde7cbdbbff98bf11e4da9890b9d819e55fd3c2,2024-11,Sussex Police,Sussex Police,-0.179180,51.165784,On or near Parking Area,E01031575,Crawley 001C,Public order,Status update unavailable,
b496b5bf1c6a6c13b86a4f5db8adae86b209e0400260cf02d8320df5a9f0c4e9,2024-11,Sussex Police,Sussex Police,-0.179180,51.165784,On or near Parking Area,E01031575,Crawley 001C,Public order,Unable to prosecute suspect,
e87b6a01330a8b48178aa107296a80d4a1673b55e00c229e480a3b2f1b2fbdae,2024-11,Sussex Police,Sussex Police,-0.188455,51.132762,On or near Shopping Area,E01031575,Crawley 001C,Public order,Unable to prosecute suspect,
b4a1218e9101c81492e7852cc1cd1ce3770d0b4898ce7739a80b3a7058a3e852,2024-11,Sussex Police,Sussex Police,-0.163049,51.155990,On or near Parking Area,E01031575,Crawley 001C,Public order,Investigation complete; no suspect identified,
c27498853a3c14b730fe63c60553508200ac0d810c7aee529b6d9dd5c61981fe,2024-11,Sussex Police,Sussex Police,-0.160908,51.156262,On or near Gatwick Airport,E01031575,Crawley 001C,Public order,Court result unavailable,
3810a8bbf1940b412619a7dfbba2198a54cf78ed2d5c08a3d85061a415cef220,2024-11,Sussex Police,Sussex Police,-0.187086,51.129764,On or near Dobson Road,E01031575,Crawley 001C,Public order,Investigation complete; no suspect identified,
d7ce4b9610713b99d8ddfa7e8fd9ebb51cde99b4da1a9e59646dfe028c8ffcbd,2024-11,Sussex Police,Sussex Police,-0.163196,51.156253,On or near Conference/Exhibition Centre,E01031575,Crawley 001C,Public order,Further action is not in the public interest,
57fd402a11c0aceee8850552dc3d7296123c407ce0c5777a5e55a4a5d1b2d2cb,2024-11,Sussex Police,Sussex Police,-0.163049,51.155990,On or near Parking Area,E01031575,Crawley 001C,Robbery,Investigation complete; no suspect identified,
a8280ea5aeb24ed1f8ecdd8f998940402ab265e7e944dbe99be82e1967be923e,2024-11,Sussex Police,Sussex Police,-0.188455,51.132762,On or near Shopping Area,E01031575,Crawley 001C,Shoplifting,Court result unavailable,
5c0e5d41293649a8d5b243ee4394c657dbe93d027d1246b883f313ff2546202f,2024-11,Sussex Police,Sussex Police,-0.186833,51.134760,On or near Betts Way,E01031575,Crawley 001C,Shoplifting,Unable to prosecute suspect,
387b7d4ab02137d101acb9e5aab0c93893bb298bd0b8894a854a0ac2d02c89ac,2024-11,Sussex Police,Sussex Police,-0.163049,51.155990,On or near Parking Area,E01031575,Crawley 001C,Shoplifting,Investigation complete; no suspect identified,
69223ea89e9287cbb38a22c50727902b5b8eec211b5f80a015e76f92e4dd2d17,2024-11,Sussex Police,Sussex Police,-0.163049,51.155990,On or near Parking Area,E01031575,Crawley 001C,Shoplifting,Unable to prosecute suspect,
b92dc3570e45847a5f2b18c77610f51103c09fad54e74d8185e4935dd9ebf8a1,2024-11,Sussex Police,Sussex Police,-0.177974,51.160828,On or near Shopping Area,E01031575,Crawley 001C,Shoplifting,Local resolution,
6b009ac1f07a1f110a8ad4f208d10ab7f1842f22ddeea62a793c3ca21083feb4,2024-11,Sussex Police,Sussex Police,-0.163196,51.156253,On or near Conference/Exhibition Centre,E01031575,Crawley 001C,Shoplifting,Status update unavailable,
10351e84f7a5554a3c3c78294a6cf5fd03e797e1eedb8ec88eb1119c84a4333e,2024-11,Sussex Police,Sussex Police,-0.163196,51.156253,On or near Conference/Exhibition Centre,E01031575,Crawley 001C,Shoplifting,Investigation complete; no suspect identified,
7facd0ca02d63b213bb08c19622c834f7503e529df040d15d4157bfa2a374a99,2024-11,Sussex Police,Sussex Police,-0.163196,51.156253,On or near Conference/Exhibition Centre,E01031575,Crawley 001C,Shoplifting,Investigation complete; no suspect identified,
ba6147b254c2625d962b93cddaa897e9b03a6448d32ccce1e7537356cf2056e6,2024-11,Sussex Police,Sussex Police,-0.177974,51.160828,On or near Shopping Area,E01031575,Crawley 001C,Shoplifting,Investigation complete; no suspect identified,
10f6c5b855bf1293019fcffdd9b63e42a01e38b15c08df400c872abbd9eb95e0,2024-11,Sussex Police,Sussex Police,-0.163049,51.155990,On or near Parking Area,E01031575,Crawley 001C,Shoplifting,Investigation complete; no suspect identified,
33b44f6c31a087a5ff216efdaf92c4f5d993b1d0197f5fe4cc11b16d2b07832d,2024-11,Sussex Police,Sussex Police,-0.177974,51.160828,On or near Shopping Area,E01031575,Crawley 001C,Shoplifting,Investigation complete; no suspect identified,
bf7f7f664efd75e1b33dc608d1e9c71d925aaad8887e773340a90afc81c03d71,2024-11,Sussex Police,Sussex Police,-0.163196,51.156253,On or near Conference/Exhibition Centre,E01031575,Crawley 001C,Shoplifting,Local resolution,
413f9b047f4ead8b8155352dd493609aea400ee82f867d10247aec5c527319d6,2024-11,Sussex Police,Sussex Police,-0.163049,51.155990,On or near Parking Area,E01031575,Crawley 001C,Shoplifting,Status update unavailable,
c9b8c03c1a9abe19ceb5730724c9025f930677a2a36af7072f51794bacd38b07,2024-11,Sussex Police,Sussex Police,-0.188455,51.132762,On or near Shopping Area,E01031575,Crawley 001C,Shoplifting,Investigation complete; no suspect identified,
5871eb24a0598e0ce4e6f3f2d23b52bafb132d86c5022da724324db335500472,2024-11,Sussex Police,Sussex Police,-0.186833,51.134760,On or near Betts Way,E01031575,Crawley 001C,Shoplifting,Investigation complete; no suspect identified,
696bee52c640e35fd12a964199fa24fac7860372b83e85fdf397862cdeea61cc,2024-11,Sussex Police,Sussex Police,-0.177974,51.160828,On or near Shopping Area,E01031575,Crawley 001C,Shoplifting,Investigation complete; no suspect identified,
32720461d2fe6203a0e207a16e6ed47e89ed78ac0ab5934527e31d4fdff6c525,2024-11,Sussex Police,Sussex Police,-0.163049,51.155990,On or near Parking Area,E01031575,Crawley 001C,Shoplifting,Local resolution,
89d44cf708431a1ddc93a610271c04af887ea5ff93fe915ffff38d2ecbfdd3b0,2024-11,Sussex Police,Sussex Police,-0.177974,51.160828,On or near Shopping Area,E01031575,Crawley 001C,Shoplifting,Investigation complete; no suspect identified,
3aba0cb6f3c17d4cece2acb66dfd5766c7878329c6bde2483e9d0355bbfbcfb3,2024-11,Sussex Police,Sussex Police,-0.173798,51.159387,On or near Pier Four Road North,E01031575,Crawley 001C,Shoplifting,Unable to prosecute suspect,
99b0ec0d8bc19c20c2c94d6e839cbb114b89ce0a726ce359df2c65706b9d5db5,2024-11,Sussex Police,Sussex Police,-0.190567,51.133955,On or near Metcalf Way,E01031575,Crawley 001C,Shoplifting,Investigation complete; no suspect identified,
e719669cf084456ed04597024b1491ccd7b3951a4c75675325d919ed351dae64,2024-11,Sussex Police,Sussex Police,-0.162267,51.156949,On or near Parking Area,E01031575,Crawley 001C,Shoplifting,Local resolution,
bf9f5d87fc6d32332b9148bb21e20a578d65f33bea447d4bb67efdbacb9eb343,2024-11,Sussex Police,Sussex Police,-0.163049,51.155990,On or near Parking Area,E01031575,Crawley 001C,Shoplifting,Status update unavailable,
22564d0ef4bbb7f5dd9f9c000aaf9e074b3b220d53c3f2c54e794035c2e699e8,2024-11,Sussex Police,Sussex Police,-0.177974,51.160828,On or near Shopping Area,E01031575,Crawley 001C,Shoplifting,Unable to prosecute suspect,
e76688e7f3e066fecc2fb84992d69a8c85b24d1405869fd44c25cbdb97c1fe8c,2024-11,Sussex Police,Sussex Police,-0.177974,51.160828,On or near Shopping Area,E01031575,Crawley 001C,Shoplifting,Unable to prosecute suspect,
5b4f79e16b99e3e284ac93fba3620f4cdcd8145a25c985a3656d047fd36ceeca,2024-11,Sussex Police,Sussex Police,-0.163049,51.155990,On or near Parking Area,E01031575,Crawley 001C,Shoplifting,Further investigation is not in the public interest,
e034914b3187deb468b4435c484ddaa3cd04b1ecf79cea7fd52382dae898b1a0,2024-11,Sussex Police,Sussex Police,-0.186833,51.134760,On or near Betts Way,E01031575,Crawley 001C,Shoplifting,Investigation complete; no suspect identified,
cb6267410cbc76db124c47f6bc5153217a8960c25c5d7a2f95ea0026066a180d,2024-11,Sussex Police,Sussex Police,-0.163049,51.155990,On or near Parking Area,E01031575,Crawley 001C,Shoplifting,Local resolution,
bd378e445ba8ffa4971a298f61752ea3f016be699ccea381ce912525b9dadf83,2024-11,Sussex Police,Sussex Police,-0.163196,51.156253,On or near Conference/Exhibition Centre,E01031575,Crawley 001C,Shoplifting,Court result unavailable,
1b7108c45aa2b0228dd9c5d20254a8463e0873dd2e0b5248e3bcc60765e7024f,2024-11,Sussex Police,Sussex Police,-0.163196,51.156253,On or near Conference/Exhibition Centre,E01031575,Crawley 001C,Shoplifting,Investigation complete; no suspect identified,
311a0aa4fe250e0dda1a389ada94e12a6c663a158079d375f3193ddd45696452,2024-11,Sussex Police,Sussex Police,-0.163049,51.155990,On or near Parking Area,E01031575,Crawley 001C,Shoplifting,Local resolution,
0a46dbc9e8455843bf4faf43e5dd595beb4b0566e83b05fe61af7d63597fa18f,2024-11,Sussex Police,Sussex Police,-0.177974,51.160828,On or near Shopping Area,E01031575,Crawley 001C,Shoplifting,Local resolution,
e706918e640e53c5e667077612b29621090da51fcb0533ddfbd557d76917550d,2024-11,Sussex Police,Sussex Police,-0.187328,51.132640,On or near Shopping Area,E01031575,Crawley 001C,Shoplifting,Investigation complete; no suspect identified,
e214f2d38206e11c31d24e01aa7123f5ddb872a085d93172b542d7b48a94cd4f,2024-11,Sussex Police,Sussex Police,-0.163049,51.155990,On or near Parking Area,E01031575,Crawley 001C,Shoplifting,Local resolution,
464dfb2cfa8515001ae7f4884d8938582b9d11acea92978205174692d9d11938,2024-11,Sussex Police,Sussex Police,-0.163049,51.155990,On or near Parking Area,E01031575,Crawley 001C,Theft from the person,Investigation complete; no suspect identified,
fad0c4b694ca010d17f5fc74b862c4b36e11e14a93c019a652b28ed95a01143f,2024-11,Sussex Police,Sussex Police,-0.163049,51.155990,On or near Parking Area,E01031575,Crawley 001C,Theft from the person,Status update unavailable,
d852e2539a4cad60609e81625447f02a901360395ce74f5d1a67c9c32cc19de4,2024-11,Sussex Police,Sussex Police,-0.176141,51.161618,On or near Parking Area,E01031575,Crawley 001C,Vehicle crime,Investigation complete; no suspect identified,
991c2948974a8e8398ab4fed25b8e1adaf9f1ca96757714c90d43ac721980c74,2024-11,Sussex Police,Sussex Police,-0.177974,51.160828,On or near Shopping Area,E01031575,Crawley 001C,Vehicle crime,Investigation complete; no suspect identified,
d40a952bd3d51af60fc8d3d87d260ec4ad224b3efd8660b38902cc6060adff8f,2024-11,Sussex Police,Sussex Police,-0.188455,51.132762,On or near Shopping Area,E01031575,Crawley 001C,Violence and sexual offences,Unable to prosecute suspect,
321e45862c7b71a7e03e9c23471fec7630f4d83b5d6ace051312ce78931ed7f9,2024-11,Sussex Police,Sussex Police,-0.188455,51.132762,On or near Shopping Area,E01031575,Crawley 001C,Violence and sexual offences,Unable to prosecute suspect,
822ae54c8b1791442196e81b2187d3bd5f73cf9549c5960d67ea6c3be74899b5,2024-11,Sussex Police,Sussex Police,-0.179180,51.165784,On or near Parking Area,E01031575,Crawley 001C,Violence and sexual offences,Unable to prosecute suspect,
c58d0ca097cba20070c6a50059ba1446efdf2c2062f06b1957ffc839e1a53540,2024-11,Sussex Police,Sussex Police,-0.193921,51.141390,On or near Poles Lane,E01031575,Crawley 001C,Violence and sexual offences,Investigation complete; no suspect identified,
8bb4ed53de97d83d0b2195ea9d54fe4572f0a9967a5bb146c77ba7b89852f47d,2024-11,Sussex Police,Sussex Police,-0.193921,51.141390,On or near Poles Lane,E01031575,Crawley 001C,Violence and sexual offences,Investigation complete; no suspect identified,
2005bd9cb988e75f0323eeda1b9e134c42155932e1cbab922c5a2843a5300ff2,2024-11,Sussex Police,Sussex Police,-0.193921,51.141390,On or near Poles Lane,E01031575,Crawley 001C,Violence and sexual offences,Status update unavailable,
f7e1a3d8ba134d3b82e44992d6162d126b18e687d1ea07035a1a684fceaaf20b,2024-11,Sussex Police,Sussex Police,-0.188455,51.132762,On or near Shopping Area,E01031575,Crawley 001C,Violence and sexual offences,Investigation complete; no suspect identified,
f1e733a572a83d5b940b4aab413ff6d517a4189af419bf0840945e44283a8b6b,2024-11,Sussex Police,Sussex Police,-0.187568,51.130239,On or near Vivienne Close,E01031575,Crawley 001C,Violence and sexual offences,Local resolution,
a9ebe37eededb5022733d76ab6735a1fe9627e6f2848114dc67193a4909058e9,2024-11,Sussex Police,Sussex Police,-0.193921,51.141390,On or near Poles Lane,E01031575,Crawley 001C,Violence and sexual offences,Unable to prosecute suspect,
4e168a47b526845204b4399e5813f0014f48804eff848ec73bf142a4f067cae3,2024-11,Sussex Police,Sussex Police,-0.163196,51.156253,On or near Conference/Exhibition Centre,E01031575,Crawley 001C,Violence and sexual offences,Offender given a caution,
891ac05381a76844b3d0635af5414bdb154d511d0d8c9d147791acddc6a91159,2024-11,Sussex Police,Sussex Police,-0.193921,51.141390,On or near Poles Lane,E01031575,Crawley 001C,Violence and sexual offences,Unable to prosecute suspect,
b86a83951d95e7e6cb34975968252d70f0208e9d6d933f8aa1538ab23e69f754,2024-11,Sussex Police,Sussex Police,-0.193921,51.141390,On or near Poles Lane,E01031575,Crawley 001C,Violence and sexual offences,Investigation complete; no suspect identified,
2a8d083b99ae185e800a4f90f2df0928f028e5b4d97e8094649fddb2433ec8df,2024-11,Sussex Police,Sussex Police,-0.188455,51.132762,On or near Shopping Area,E01031575,Crawley 001C,Violence and sexual offences,Court result unavailable,
f0190430bdf094f411e1cb5ddfe2e84c61c6607d3a73bbc4a8babd7256bf0904,2024-11,Sussex Police,Sussex Police,-0.193921,51.141390,On or near Poles Lane,E01031575,Crawley 001C,Violence and sexual offences,Unable to prosecute suspect,
a305c358cdfa738e6174a68496a64facaf297623d56da9e0971af9222c17320a,2024-11,Sussex Police,Sussex Police,-0.179167,51.160667,On or near Pier Five Road East,E01031575,Crawley 001C,Violence and sexual offences,Local resolution,
c9a510f8dba494c4df51721a6e7dba8b55a5fd8b2c71471fe814f286e48d9247,2024-11,Sussex Police,Sussex Police,-0.193921,51.141390,On or near Poles Lane,E01031575,Crawley 001C,Violence and sexual offences,Unable to prosecute suspect,
4e5e2b0862714e6731c135541ef1b10b164fde2235ba721c62a729ac7058a86b,2024-11,Sussex Police,Sussex Police,-0.193921,51.141390,On or near Poles Lane,E01031575,Crawley 001C,Violence and sexual offences,Unable to prosecute suspect,
184871d09c9072265f1974ecf78af3b41c2043b6f046d475023864d0b65c9cb5,2024-11,Sussex Police,Sussex Police,-0.186833,51.134760,On or near Betts Way,E01031575,Crawley 001C,Violence and sexual offences,Investigation complete; no suspect identified,
7dde02861e986c705ba1400ff46c6da2508668da3b0e395c164b1e058b45d3f8,2024-11,Sussex Police,Sussex Police,-0.179167,51.160667,On or near Pier Five Road East,E01031575,Crawley 001C,Violence and sexual offences,Court result unavailable,
73c13c1ff2bcbc31119854d9831ff8e4bcac000622f1cb3825cc9c5fdf2409ed,2024-11,Sussex Police,Sussex Police,-0.177974,51.160828,On or near Shopping Area,E01031575,Crawley 001C,Violence and sexual offences,Court result unavailable,
92fd7020e6b3cfeb5794a50d1bbf6824cfb4501e62204119adc602542f44adf0,2024-11,Sussex Police,Sussex Police,-0.193921,51.141390,On or near Poles Lane,E01031575,Crawley 001C,Violence and sexual offences,Unable to prosecute suspect,
977edb8d013899425e43e249ab0cd60ce787bf0573176685cc2c4c7b37127611,2024-11,Sussex Police,Sussex Police,-0.188455,51.132762,On or near Shopping Area,E01031575,Crawley 001C,Violence and sexual offences,Unable to prosecute suspect,
8c956aa6d34a4db3468bd7e6c8ae03fb72a6fa31168bee90901476c89b1fa634,2024-11,Sussex Police,Sussex Police,-0.193921,51.141390,On or near Poles Lane,E01031575,Crawley 001C,Violence and sexual offences,Investigation complete; no suspect identified,
3d92756f1823ad19b8e98fa31ea5b4396b8070b415c0fd42863204bab3665e1e,2024-11,Sussex Police,Sussex Police,-0.163049,51.155990,On or near Parking Area,E01031575,Crawley 001C,Violence and sexual offences,Court result unavailable,
f77b6630f30cdcac4fd096a96ae182b8343ac6fbc67d271834c78004ba5d6ddc,2024-11,Sussex Police,Sussex Police,-0.163049,51.155990,On or near Parking Area,E01031575,Crawley 001C,Violence and sexual offences,Court result unavailable,
a8fe78706bde2fcf4c6071f9afbd2e356242a73e8e0e0b0113a2b8865ac59915,2024-11,Sussex Police,Sussex Police,-0.163049,51.155990,On or near Parking Area,E01031575,Crawley 001C,Violence and sexual offences,Status update unavailable,
a895f9f8790ed5c4a76c646e3d770c999f1bf61e1d4c7d0ce2e2e0194cf66f54,2024-11,Sussex Police,Sussex Police,-0.193921,51.141390,On or near Poles Lane,E01031575,Crawley 001C,Violence and sexual offences,Unable to prosecute suspect,
1327c33c14a5a9ee6b009fa0c37b2699d902d6ad3c382d721ca1bee271b91cf8,2024-11,Sussex Police,Sussex Police,-0.187732,51.129333,On or near Ivanhoe Close,E01031575,Crawley 001C,Violence and sexual offences,Unable to prosecute suspect,
c0bb4ace2ac228c408ef136eb1b5d1fa0654469a2bac4547e71a8bf05fa8c57d,2024-11,Sussex Police,Sussex Police,-0.188455,51.132762,On or near Shopping Area,E01031575,Crawley 001C,Violence and sexual offences,Unable to prosecute suspect,
398ed9b4372cb6e8af870f3f87d03c51061423a1f8db51f420a01841df144ae8,2024-11,Sussex Police,Sussex Police,-0.179167,51.160667,On or near Pier Five Road East,E01031575,Crawley 001C,Violence and sexual offences,Court result unavailable,
025b3da7449331901b9cd2105a19341e406b5885b15b4cc8243d96cce7edfe10,2024-11,Sussex Police,Sussex Police,-0.173305,51.163156,On or near Petrol Station,E01031575,Crawley 001C,Violence and sexual offences,Status update unavailable,
de8ec6c95e8354110399cb51e1368e77804c02f8e34d541aad91b4c967e88280,2024-11,Sussex Police,Sussex Police,-0.179167,51.160667,On or near Pier Five Road East,E01031575,Crawley 001C,Violence and sexual offences,Court result unavailable,
41ecce0968f1b2a3a83cd1411e91e154968e99cefd5f84271b2afd207109e88b,2024-11,Sussex Police,Sussex Police,-0.188455,51.132762,On or near Shopping Area,E01031575,Crawley 001C,Violence and sexual offences,Unable to prosecute suspect,
29b0b34d834c453b9fc4256d048b686ede8b8f59f6d2a04a7929fdb533b14389,2024-11,Sussex Police,Sussex Police,-0.179167,51.160667,On or near Pier Five Road East,E01031575,Crawley 001C,Violence and sexual offences,Status update unavailable,
20da3eff526851889d60dd20e0c2783a9b02700a7ca323d5bc4261da1566b3cf,2024-11,Sussex Police,Sussex Police,-0.187568,51.130239,On or near Vivienne Close,E01031575,Crawley 001C,Violence and sexual offences,Unable to prosecute suspect,
aa464b7ef05c307bce76c5152747d5b3096dc36e3f36fe13af68181f8daa9f6f,2024-11,Sussex Police,Sussex Police,-0.179180,51.165784,On or near Parking Area,E01031575,Crawley 001C,Violence and sexual offences,Investigation complete; no suspect identified,
f9f7e21eefc1c3beeeae453d6146f56de58de1ca162c7984d56282780707f4cc,2024-11,Sussex Police,Sussex Police,-0.193921,51.141390,On or near Poles Lane,E01031575,Crawley 001C,Violence and sexual offences,Investigation complete; no suspect identified,
95fa92525aca00ebef8a05363bed0e5271bbf67f72fd7735f4810cbf54dd0f20,2024-11,Sussex Police,Sussex Police,-0.188455,51.132762,On or near Shopping Area,E01031575,Crawley 001C,Violence and sexual offences,Court result unavailable,
16c6c5f04deb76aa170383f3a2fa1f3dc7e60b3b4e8f4a25ae8dd74d6d095282,2024-11,Sussex Police,Sussex Police,-0.186764,51.155573,On or near Airport/Airfield,E01031575,Crawley 001C,Violence and sexual offences,Status update unavailable,
75659617a80e51499536d89c96499a4f1f58b50e92c3839f69881504cf6a5e73,2024-11,Sussex Police,Sussex Police,-0.173798,51.159387,On or near Pier Four Road North,E01031575,Crawley 001C,Violence and sexual offences,Court result unavailable,
66a8a71c42b1479081777cab67d6725587c45597b79e30f3cf37580c56c91d83,2024-11,Sussex Police,Sussex Police,-0.173798,51.159387,On or near Pier Four Road North,E01031575,Crawley 001C,Violence and sexual offences,Status update unavailable,
53b24b5fa625c3ae348052363a7a36572d86690b9be0d7cd03e35d0672b8f8ce,2024-11,Sussex Police,Sussex Police,-0.163049,51.155990,On or near Parking Area,E01031575,Crawley 001C,Violence and sexual offences,Status update unavailable,
13c401fedd97480811e8333f9f782fae05b713bc82d153e8a3917820dc6ae205,2024-11,Sussex Police,Sussex Police,-0.188455,51.132762,On or near Shopping Area,E01031575,Crawley 001C,Violence and sexual offences,Unable to prosecute suspect,
97df21519cd4d55e8fdb990c427ee43816bef6746b8415c22e7da58d44df8e38,2024-11,Sussex Police,Sussex Police,-0.188455,51.132762,On or near Shopping Area,E01031575,Crawley 001C,Violence and sexual offences,Status update unavailable,
ecd62cc246c17c89dd60f8b8a657176a8a65cfa0502f71c55c43d92099b226e3,2024-11,Sussex Police,Sussex Police,-0.188455,51.132762,On or near Shopping Area,E01031575,Crawley 001C,Violence and sexual offences,Court result unavailable,
7b4fa17e94d981378dd4f7ee7d605a0059fe3117a6e21ad480b256305b4366c6,2024-11,Sussex Police,Sussex Police,-0.163049,51.155990,On or near Parking Area,E01031575,Crawley 001C,Violence and sexual offences,Local resolution,
c18805be599cb0cee8fe13ed4eda2a25f8e2ab2f6806cbc876490870cf74fd7f,2024-11,Sussex Police,Sussex Police,-0.163196,51.156253,On or near Conference/Exhibition Centre,E01031575,Crawley 001C,Violence and sexual offences,Unable to prosecute suspect,
d3d43ca7db0ccb5a8234e5d49ee399641560dda57f069801b7287fbb5237242f,2024-11,Sussex Police,Sussex Police,-0.193921,51.141390,On or near Poles Lane,E01031575,Crawley 001C,Violence and sexual offences,Investigation complete; no suspect identified,
338f5d98810a3f6aa898d524ca942e0944f31b994911a6be9b889a3284eb1d9b,2024-11,Sussex Police,Sussex Police,-0.177974,51.160828,On or near Shopping Area,E01031575,Crawley 001C,Violence and sexual offences,Unable to prosecute suspect,
9dcdb4f30ec4c992670b9aefa08bef5c8f1aa3ceeb0d0b5d636dfb77fdb591f1,2024-11,Sussex Police,Sussex Police,-0.193921,51.141390,On or near Poles Lane,E01031575,Crawley 001C,Violence and sexual offences,Unable to prosecute suspect,
585c548ccb12490a5a56c18148fd8de1118f4540085eb9d6feb6f07952d92139,2024-11,Sussex Police,Sussex Police,-0.179167,51.160667,On or near Pier Five Road East,E01031575,Crawley 001C,Violence and sexual offences,Unable to prosecute suspect,
7d331ac2f0310af67af05a328a89df13bc3246f45ee3b3a99e8a8b6c14b6a67f,2024-11,Sussex Police,Sussex Police,-0.163049,51.155990,On or near Parking Area,E01031575,Crawley 001C,Violence and sexual offences,Investigation complete; no suspect identified,
d2b3f90f0fa8f161b01e121b199223b593a5fb6f42b821e14f9422eff90a145b,2024-11,Sussex Police,Sussex Police,-0.186833,51.134760,On or near Betts Way,E01031575,Crawley 001C,Violence and sexual offences,Unable to prosecute suspect,
80f3bf608aaa869b8f63cd459640acf5ac395a3aefaa8f5cf0815052fd6ea372,2024-11,Sussex Police,Sussex Police,-0.189722,51.129967,On or near St Joan Close,E01031575,Crawley 001C,Violence and sexual offences,Unable to prosecute suspect,
0aca883a23e05c92a72c323f1ae62978073bd06a9687034025b96f42884a1a08,2024-11,Sussex Police,Sussex Police,-0.193921,51.141390,On or near Poles Lane,E01031575,Crawley 001C,Violence and sexual offences,Unable to prosecute suspect,
5cc252e55630e28ac91160694fcf47ae002a4796ca009d5212ab2b6c8ea81e53,2024-11,Sussex Police,Sussex Police,-0.168546,51.160555,On or near Racecourse Road,E01031575,Crawley 001C,Violence and sexual offences,Status update unavailable,
19e92bec78e29782ca2f19eadb580348a99b777fcfacafb70ebddb2cc5a11495,2024-11,Sussex Police,Sussex Police,-0.188455,51.132762,On or near Shopping Area,E01031575,Crawley 001C,Violence and sexual offences,Unable to prosecute suspect,
fe84a439158160e89797d64905825d23be26a367f3a8e5af793cae706dcd0939,2024-11,Sussex Police,Sussex Police,-0.188631,51.128637,On or near Perth Close,E01031575,Crawley 001C,Violence and sexual offences,Action to be taken by another organisation,
057edada5d4aca357179b6780039759fa606a082d0518f65ffa64c37cb860d31,2024-11,Sussex Police,Sussex Police,-0.179167,51.160667,On or near Pier Five Road East,E01031575,Crawley 001C,Violence and sexual offences,Unable to prosecute suspect,
129f15623ced0d7aa4e0866528c7e10bacf24f7dff9531e838e8eed2ee625678,2024-11,Sussex Police,Sussex Police,-0.179180,51.165784,On or near Parking Area,E01031575,Crawley 001C,Violence and sexual offences,Unable to prosecute suspect,
6a640c156bc73eef9b4f788bb887c8988b93b9b64017eb092949c69ad7a450f2,2024-11,Sussex Police,Sussex Police,-0.187568,51.130239,On or near Vivienne Close,E01031575,Crawley 001C,Violence and sexual offences,Unable to prosecute suspect,
b4566f103376db0cd6679751013e736e0c809c037238480e0378507651596e5c,2024-11,Sussex Police,Sussex Police,-0.189722,51.129967,On or near St Joan Close,E01031575,Crawley 001C,Violence and sexual offences,Unable to prosecute suspect,
c3fb2227e48076dcfe8724490746cdb0d42bb24511795daa6b36237a988ec9f8,2024-11,Sussex Police,Sussex Police,-0.163049,51.155990,On or near Parking Area,E01031575,Crawley 001C,Other crime,Status update unavailable,
54add5c4a040ba5f7c5fddfbea6feec9d20448c20ef56ce8382c4542a34b4d78,2024-11,Sussex Police,Sussex Police,-0.184627,51.158206,On or near Stokers Close,E01031575,Crawley 001C,Other crime,Unable to prosecute suspect,
6ff5aa22ea061965febb7ed2f4268cf8d3a6668bfca7ade2541d7493be3a2b51,2024-11,Sussex Police,Sussex Police,-0.193921,51.141390,On or near Poles Lane,E01031575,Crawley 001C,Other crime,Investigation complete; no suspect identified,
40216aae176e758ac35a8c81e2d68e5053ddc0673cb0b1c0e6bc35e445a10280,2024-11,Sussex Police,Sussex Police,-0.179167,51.160667,On or near Pier Five Road East,E01031575,Crawley 001C,Other crime,Status update unavailable,
e72e64a643dff68d5e0abe13dc500e7786620fe03281f0ecdc34df52c19225fc,2024-11,Sussex Police,Sussex Police,-0.173798,51.159387,On or near Pier Four Road North,E01031575,Crawley 001C,Other crime,Offender given a caution,
a068243ca0d1f4a7fdca84ea6be9161120536efab2332db0ec2261123266d323,2024-11,Sussex Police,Sussex Police,-0.193921,51.141390,On or near Poles Lane,E01031575,Crawley 001C,Other crime,Investigation complete; no suspect identified,
a50e69128ef343d27a84fec1d6756259967333b6c04a6b1e6a7dff343afb8825,2024-11,Sussex Police,Sussex Police,-0.163196,51.156253,On or near Conference/Exhibition Centre,E01031575,Crawley 001C,Other crime,Local resolution,
61a516da31d044b0a944730c51b14860dae0d8f242030dff2136829fd459f7e5,2024-11,Sussex Police,Sussex Police,-0.177974,51.160828,On or near Shopping Area,E01031575,Crawley 001C,Other crime,Local resolution,
eaaad095851795628818b10216a647a6df6ffd35053185e2c47ab99716f5f93a,2024-11,Sussex Police,Sussex Police,-0.163196,51.156253,On or near Conference/Exhibition Centre,E01031575,Crawley 001C,Other crime,Status update unavailable,
,2024-11,Sussex Police,Sussex Police,-0.197594,51.128218,On or near Supermarket,E01031576,Crawley 001D,Anti-social behaviour,,
,2024-11,Sussex Police,Sussex Police,-0.199188,51.128377,On or near Rushetts Place,E01031576,Crawley 001D,Anti-social behaviour,,
,2024-11,Sussex Police,Sussex Police,-0.197594,51.128218,On or near Supermarket,E01031576,Crawley 001D,Anti-social behaviour,,
,2024-11,Sussex Police,Sussex Police,-0.196820,51.128628,On or near Poplar Close,E01031576,Crawley 001D,Anti-social behaviour,,
,2024-11,Sussex Police,Sussex Police,-0.196820,51.128628,On or near Poplar Close,E01031576,Crawley 001D,Anti-social behaviour,,
ee5948b3801cdc4cfffc4ffde240b86ae22f5f17a2fdcf4848c03040f3a26234,2024-11,Sussex Police,Sussex Police,-0.196820,51.128628,On or near Poplar Close,E01031576,Crawley 001D,Burglary,Investigation complete; no suspect identified,
fb2f875ac5e7fff40e8c377d922ec29790dfd1c2c323a51461da762d7d917e1b,2024-11,Sussex Police,Sussex Police,-0.196820,51.128628,On or near Poplar Close,E01031576,Crawley 001D,Criminal damage and arson,Investigation complete; no suspect identified,
29e53f934787071e2e6eef606378aedbfb0d89861c9a6c6f04a45e9b6c1fa14b,2024-11,Sussex Police,Sussex Police,-0.195688,51.125787,On or near Swallow Road,E01031576,Crawley 001D,Criminal damage and arson,Unable to prosecute suspect,
e50ef8594b101113ef014bfac28857a3b26ddbe28523dc02b02b52506bdfcbc5,2024-11,Sussex Police,Sussex Police,-0.194447,51.129392,On or near Cedar Close,E01031576,Crawley 001D,Other theft,Unable to prosecute suspect,
f191eb4fece95908603e20b9f3bf28b6c270355ad5948465fc5a93ed809d6578,2024-11,Sussex Police,Sussex Police,-0.195688,51.125787,On or near Swallow Road,E01031576,Crawley 001D,Public order,Unable to prosecute suspect,
8b54ad441b4194fdc3a857abbf51b2dac4e58a48ade2cbf37190771e46c20efc,2024-11,Sussex Police,Sussex Police,-0.197594,51.128218,On or near Supermarket,E01031576,Crawley 001D,Shoplifting,Investigation complete; no suspect identified,
cc1db9cf78d58f1dfbd1a8e065e2044a17cce5b728cb4fe2ae23a3ed1f3532ed,2024-11,Sussex Police,Sussex Police,-0.199188,51.128377,On or near Rushetts Place,E01031576,Crawley 001D,Shoplifting,Investigation complete; no suspect identified,
f36cc03e0ab69c0796b562d052578303d8544038979ae675d83f6ed1119efad3,2024-11,Sussex Police,Sussex Police,-0.197594,51.128218,On or near Supermarket,E01031576,Crawley 001D,Shoplifting,Unable to prosecute suspect,
91c46029b698ae7bf5b848daea285b1abb5f90c9dca1e734725f9f55075ad8dc,2024-11,Sussex Police,Sussex Police,-0.197594,51.128218,On or near Supermarket,E01031576,Crawley 001D,Shoplifting,Investigation complete; no suspect identified,
b419f45478cdad8ceb5d73bbedc918122a79532d858a66716d53679f994e2e76,2024-11,Sussex Police,Sussex Police,-0.197594,51.128218,On or near Supermarket,E01031576,Crawley 001D,Shoplifting,Investigation complete; no suspect identified,
f44a37265041e52596170b1a895ddadf116224658d54a2632e2118d6b89e5f25,2024-11,Sussex Police,Sussex Police,-0.197594,51.128218,On or near Supermarket,E01031576,Crawley 001D,Shoplifting,Investigation complete; no suspect identified,
0becb5f7508da88603be1fefe3da1b1ba1f4826c8278ae5893be6743e525cac7,2024-11,Sussex Police,Sussex Police,-0.196939,51.125941,On or near Raven Lane,E01031576,Crawley 001D,Vehicle crime,Investigation complete; no suspect identified,
69e8a3c1d2da7fe2059c2636bc5fc71e01b43be9378dc399a2aeb7c62d813b32,2024-11,Sussex Police,Sussex Police,-0.197594,51.128218,On or near Supermarket,E01031576,Crawley 001D,Violence and sexual offences,Action to be taken by another organisation,
7b493088db0a89f893099ab101b4a4c92aca48b38a46b2a4751b3366940fb844,2024-11,Sussex Police,Sussex Police,-0.195906,51.127526,On or near Briar Close,E01031576,Crawley 001D,Violence and sexual offences,Investigation complete; no suspect identified,
5f56ece0dbac6853958e7f98b73b3431f579176bc93dff3c307965bbb8554967,2024-11,Sussex Police,Sussex Police,-0.197594,51.128218,On or near Supermarket,E01031576,Crawley 001D,Violence and sexual offences,Investigation complete; no suspect identified,
70632d79dca2979a02303b25024b50eaa04dd4c274acacf97a0f6614dca4ccd8,2024-11,Sussex Police,Sussex Police,-0.195147,51.129034,On or near Medlar Close,E01031576,Crawley 001D,Violence and sexual offences,Unable to prosecute suspect,
e8c12ff9536b3f4c3f8f716dfdabf3505be8f8f11d24937b53eb3589a9e28aa6,2024-11,Sussex Police,Sussex Police,-0.195906,51.127526,On or near Briar Close,E01031576,Crawley 001D,Violence and sexual offences,Unable to prosecute suspect,
acf6dd599271ffb72c797c08369add49e811a1ba33ea4f6e34249f4d11f8d8bf,2024-11,Sussex Police,Sussex Police,-0.199188,51.128377,On or near Rushetts Place,E01031576,Crawley 001D,Violence and sexual offences,Investigation complete; no suspect identified,
85b6f1f3979e2a470fdbc8fad9d36ab87010e181106a75beabe0d13779abba03,2024-11,Sussex Police,Sussex Police,-0.187312,51.126557,On or near Crawley Fastway,E01031577,Crawley 001E,Bicycle theft,Investigation complete; no suspect identified,
5bee398f52e174583ebecfb65b9d610fc9a218df31728bfdb9ce99390b592a21,2024-11,Sussex Police,Sussex Police,-0.190867,51.125910,On or near Falcon Close,E01031577,Crawley 001E,Burglary,Investigation complete; no suspect identified,
4e6c271abdc16e651830fb6fbb9943141ce7c3863448b421c2e8333f2de6d92b,2024-11,Sussex Police,Sussex Police,-0.188695,51.126632,On or near Jordans Close,E01031577,Crawley 001E,Criminal damage and arson,Investigation complete; no suspect identified,
b0df13e0b55d6776a1e5c51541ff1911b88d299de9d8c993e967cd21f0f94d54,2024-11,Sussex Police,Sussex Police,-0.191098,51.128045,On or near Friends Close,E01031577,Crawley 001E,Other theft,Status update unavailable,
5a266e66e973fc80fe61b8af9e6a6e8a019a8e9b438a5f254a22aa8fccdb28d2,2024-11,Sussex Police,Sussex Police,-0.191905,51.125297,On or near Goldfinch Close,E01031577,Crawley 001E,Public order,Unable to prosecute suspect,
e5f181b3a3ed7a5b46a9ec918693e4665ce3160c5b3e6c7edbca3203bd78fd49,2024-11,Sussex Police,Sussex Police,-0.187312,51.126557,On or near Crawley Fastway,E01031577,Crawley 001E,Violence and sexual offences,Unable to prosecute suspect,
7191aee7c3ff9950f1dc7340c16baf732060df3baebfeda1c63bd25884f43728,2024-11,Sussex Police,Sussex Police,-0.187312,51.126557,On or near Crawley Fastway,E01031577,Crawley 001E,Violence and sexual offences,Unable to prosecute suspect,
42c87b024367fd3b958c2bf7eb36667716aace4271f653492fa39bcec8d41b95,2024-11,Sussex Police,Sussex Police,-0.187312,51.126557,On or near Crawley Fastway,E01031577,Crawley 001E,Violence and sexual offences,Unable to prosecute suspect,
edaeb2d03b2aab8d568d8e484a6c1199e75b41bdf1eaa8fa173a96f3eb6d0449,2024-11,Sussex Police,Sussex Police,-0.187312,51.126557,On or near Crawley Fastway,E01031577,Crawley 001E,Violence and sexual offences,Unable to prosecute suspect,
,2024-11,Sussex Police,Sussex Police,-0.144423,51.127287,On or near Matthey Place,E01031586,Crawley 002A,Anti-social behaviour,,
f1d264f106e477d993607c40c80369a357104d6ca1107ea89e0223ce169d6750,2024-11,Sussex Police,Sussex Police,-0.145225,51.130456,On or near Haywards,E01031586,Crawley 002A,Criminal damage and arson,Investigation complete; no suspect identified,
5d9c65c6746a6b3559a4a4896e1294dcc938a12879d81be8d80e26cf437cd148,2024-11,Sussex Police,Sussex Police,-0.145755,51.128279,On or near Headley Close,E01031586,Crawley 002A,Vehicle crime,Investigation complete; no suspect identified,
,2024-11,Sussex Police,Sussex Police,-0.148247,51.126008,On or near Parking Area,E01031588,Crawley 002C,Anti-social behaviour,,
af999c79cdc841b537d8e3674a7fb845eb08806b01450e6baf82e62c8b14cc1c,2024-11,Sussex Police,Sussex Police,-0.155360,51.126831,On or near Parking Area,E01031588,Crawley 002C,Burglary,Investigation complete; no suspect identified,
0c74ddb76b0f0b29a1b4276a4d736642c7c2dadadf698f83b44c1f634e0a0b70,2024-11,Sussex Police,Sussex Police,-0.146994,51.126968,On or near Blindley Road,E01031588,Crawley 002C,Criminal damage and arson,Investigation complete; no suspect identified,
80785421f786e93a146971e605094484d2c6f293cef7f919025e7dccbad684ac,2024-11,Sussex Police,Sussex Police,-0.148247,51.126008,On or near Parking Area,E01031588,Crawley 002C,Possession of weapons,Unable to prosecute suspect,
8abe7c4a2c828001ef3934bb3065e004ff21b13ed4e2f8cbbe964e0f9f380d65,2024-11,Sussex Police,Sussex Police,-0.148247,51.126008,On or near Parking Area,E01031588,Crawley 002C,Public order,Investigation complete; no suspect identified,
c5b3b997a81c9e70045eb38ee5ea8be40d1aae49ded239267541d4d189d42f9b,2024-11,Sussex Police,Sussex Police,-0.148247,51.126008,On or near Parking Area,E01031588,Crawley 002C,Vehicle crime,Investigation complete; no suspect identified,
dbb22bd58cfe1c6e06fdaa09205347bd9c3f6e3f3a11b4da06b40e79b2c1f37d,2024-11,Sussex Police,Sussex Police,-0.151918,51.124987,On or near Leighlands,E01031588,Crawley 002C,Violence and sexual offences,Unable to prosecute suspect,
5913204b4d897f4a5f3abf1cc495dd2a3e4ddf6c0801ba5c2eeb7b6c22dcb6b5,2024-11,Sussex Police,Sussex Police,-0.151918,51.124987,On or near Leighlands,E01031588,Crawley 002C,Violence and sexual offences,Unable to prosecute suspect,
a07f0e941593a0073b662c8c26359b8b65b2e28e3caf90580afb978d8f4fa642,2024-11,Sussex Police,Sussex Police,-0.151091,51.121349,On or near Oak Dell,E01031590,Crawley 002D,Criminal damage and arson,Investigation complete; no suspect identified,
29b6c5258bdd882e13163696b5f67eb21b99837b86d88a9365f90343ecbef5f3,2024-11,Sussex Police,Sussex Police,-0.152978,51.118834,On or near Moat Walk,E01031590,Crawley 002D,Public order,Unable to prosecute suspect,
,2024-11,Sussex Police,Sussex Police,-0.144494,51.119455,On or near Knole Close,E01031593,Crawley 002E,Anti-social behaviour,,
,2024-11,Sussex Police,Sussex Police,-0.142901,51.116049,On or near Turners Hill Road,E01031593,Crawley 002E,Anti-social behaviour,,
78040b2e961cc653d047dcf2f578fc2fddb1d06b2b52477365bcdfc261884b43,2024-11,Sussex Police,Sussex Police,-0.142901,51.116049,On or near Turners Hill Road,E01031593,Crawley 002E,Vehicle crime,Investigation complete; no suspect identified,
af39e2c29bb6e7753684980be526461a60e6bdf201ee4bffe64d3caeb3a656a2,2024-11,Sussex Police,Sussex Police,-0.143641,51.117562,On or near Taunton Close,E01031593,Crawley 002E,Violence and sexual offences,Investigation complete; no suspect identified,
77e7a7f73bd187fb8bd7101644f756e6f168232eb8786a686e3bbc28ff475b9e,2024-11,Sussex Police,Sussex Police,-0.145503,51.117088,On or near Newbury Road,E01031593,Crawley 002E,Violence and sexual offences,Unable to prosecute suspect,
0b8ffcf4470ecaa2b50aabf5af3402b093e485cd84457d889c06985baa743cb2,2024-11,Sussex Police,Sussex Police,-0.143641,51.117562,On or near Taunton Close,E01031593,Crawley 002E,Violence and sexual offences,Unable to prosecute suspect,
124792978df152f7d9b70e3fbebb29471ea04f27acfdf6246465cec3aa98f4ae,2024-11,Sussex Police,Sussex Police,-0.143641,51.117562,On or near Taunton Close,E01031593,Crawley 002E,Violence and sexual offences,Action to be taken by another organisation,
6a857a542a6711bfe3e2453f8006338f5a73ac2fa8a9321d339e175063dc15e0,2024-11,Sussex Police,Sussex Police,-0.145503,51.117088,On or near Newbury Road,E01031593,Crawley 002E,Violence and sexual offences,Status update unavailable,
,2024-11,Sussex Police,Sussex Police,-0.156844,51.128960,On or near Sports/Recreation Area,E01035328,Crawley 002F,Anti-social behaviour,,
6500653e48a6d3a8ea2af7879568688db4c373354211f08cf9d14e72b4ef2333,2024-11,Sussex Police,Sussex Police,-0.151716,51.130037,On or near St Hugh'S Close,E01035328,Crawley 002F,Burglary,Status update unavailable,
e338a87d391e670e021994828389a6a3e77012066822642e5b01c97b3c7bc6de,2024-11,Sussex Police,Sussex Police,-0.141694,51.135805,On or near Poppy Way,E01035328,Crawley 002F,Drugs,Investigation complete; no suspect identified,
f9bc874b79a1ee9eb087b7d8380aa1644e47d9f8e368f5a6fea8121139d074d1,2024-11,Sussex Police,Sussex Police,-0.158453,51.156853,On or near Westway,E01035328,Crawley 002F,Drugs,Local resolution,
f8c6e8be6848fd7e47a27107f499ba85a53b148e47a214bf6fbadbe015d16d4b,2024-11,Sussex Police,Sussex Police,-0.154991,51.158309,On or near Petrol Station,E01035328,Crawley 002F,Drugs,Court result unavailable,
ea253a0d160030a4ee0ecd0ba9f6078d63cca54aa937924cb94cdfe72f5231d5,2024-11,Sussex Police,Sussex Police,-0.141694,51.135805,On or near Poppy Way,E01035328,Crawley 002F,Other theft,Unable to prosecute suspect,
6e20f67e976274d36ebfdef77dccd10ec912e1aa2d54f23deedcecb345413db8,2024-11,Sussex Police,Sussex Police,-0.155512,51.155604,On or near Parking Area,E01035328,Crawley 002F,Other theft,Unable to prosecute suspect,
e2fe93ffe9428d7e7efa9b56f8e45af9dc33e083772d29fce56bb86dd29e1d29,2024-11,Sussex Police,Sussex Police,-0.154416,51.158039,On or near Linkway,E01035328,Crawley 002F,Other theft,Investigation complete; no suspect identified,
d9ec0dba30f2abe68e69df18b163d8724523570e493c70d261b07e4058b31c17,2024-11,Sussex Police,Sussex Police,-0.154416,51.158039,On or near Linkway,E01035328,Crawley 002F,Other theft,Investigation complete; no suspect identified,
1bd1bcf62f54f8c8d33b169ae21b0a4b6652c3cb09403a85d782b1ea519c70a3,2024-11,Sussex Police,Sussex Police,-0.154416,51.158039,On or near Linkway,E01035328,Crawley 002F,Public order,Investigation complete; no suspect identified,
e6379cd09770000ef4062e008a9a90b6959eb8e2383572d3f861af522a48a3d4,2024-11,Sussex Police,Sussex Police,-0.138263,51.156084,On or near Peeks Brook Lane,E01035328,Crawley 002F,Public order,Investigation complete; no suspect identified,
b63a1363b5aef5f227fa3912deb5c60bc7e9392d1adcf209f7a2b1bdf8844f4c,2024-11,Sussex Police,Sussex Police,-0.159239,51.156515,On or near Coach Road,E01035328,Crawley 002F,Shoplifting,Court result unavailable,
056e0988ed013b99bd1c7bdc4e80c307e7b44a7bd34f857bc743c5424a3e07fb,2024-11,Sussex Police,Sussex Police,-0.154991,51.158309,On or near Petrol Station,E01035328,Crawley 002F,Violence and sexual offences,Investigation complete; no suspect identified,
e8867e827351a229a1f613f7fdd9d5cb5cbadf752ef52043b45f0da7ccb52d42,2024-11,Sussex Police,Sussex Police,-0.153335,51.131025,On or near St Hilda'S Close,E01035328,Crawley 002F,Violence and sexual offences,Unable to prosecute suspect,
316ecad681c2e04fe3cd8013824708eac1b9d13999e81f8759c23f10ca006304,2024-11,Sussex Police,Sussex Police,-0.152753,51.152770,On or near Parking Area,E01035328,Crawley 002F,Violence and sexual offences,Unable to prosecute suspect,
7994da7901f4cc58cdbe7392cf90d30e4f5eb9185bc60d240f86e6bde6cc0f5b,2024-11,Sussex Police,Sussex Police,-0.138263,51.156084,On or near Peeks Brook Lane,E01035328,Crawley 002F,Violence and sexual offences,Unable to prosecute suspect,
d1819e83af031aeb3c2dea8a840b23a795c74987ccacfd5536b7a56c6df291c9,2024-11,Sussex Police,Sussex Police,-0.144175,51.131699,On or near Ferndown,E01035328,Crawley 002F,Violence and sexual offences,Investigation complete; no suspect identified,
b6885c2e88420092f2028ef31c0b44de4a6a3c9cc75ffeca49fc698d64c7e8af,2024-11,Sussex Police,Sussex Police,-0.154991,51.158309,On or near Petrol Station,E01035328,Crawley 002F,Violence and sexual offences,Investigation complete; no suspect identified,
,2024-11,Sussex Police,Sussex Police,-0.152447,51.140742,On or near Portfield Close,E01035329,Crawley 002G,Anti-social behaviour,,
be74d3ee77483c6a75958fb816489fe19c60056b7d882f3dbcd9587b0987b3a8,2024-11,Sussex Police,Sussex Police,-0.143021,51.139091,On or near Beryl Close,E01035329,Crawley 002G,Criminal damage and arson,Investigation complete; no suspect identified,
a6e76aa0bd6d8c420faff5472d8b0778dc26bd6429c442543ba1bb94ebb8bdbb,2024-11,Sussex Police,Sussex Police,-0.159561,51.137985,On or near Honour Way,E01035329,Crawley 002G,Drugs,Local resolution,
11a1349271407059025faf2366ba5ba7b490d3fe0de7bd2cc6df04d51fb80986,2024-11,Sussex Police,Sussex Police,-0.159561,51.137985,On or near Honour Way,E01035329,Crawley 002G,Drugs,Local resolution,
e9128fe053deb224f4c7b44920c8f031178c4fd2c1a40171958e07f2b2a7a494,2024-11,Sussex Police,Sussex Police,-0.153847,51.133578,On or near Ullswater Road,E01035329,Crawley 002G,Other theft,Investigation complete; no suspect identified,
26178488dd92629aa3017ea8a5560da34c1ba9f8900047cc698da27ea00f6dab,2024-11,Sussex Police,Sussex Police,-0.159561,51.137985,On or near Honour Way,E01035329,Crawley 002G,Violence and sexual offences,Local resolution,
f3bc26e569df0cb5b389a8b734ad8883eb50d31a14c5c1c5887ba860ab787b8b,2024-11,Sussex Police,Sussex Police,-0.152447,51.140742,On or near Portfield Close,E01035329,Crawley 002G,Violence and sexual offences,Status update unavailable,
159e2d194d012f90f1d1aa9f5a88a3b7adc3d08cb8c8a04777a37a8d2f9abe40,2024-11,Sussex Police,Sussex Police,-0.152447,51.140742,On or near Portfield Close,E01035329,Crawley 002G,Violence and sexual offences,Unable to prosecute suspect,
c31007f2d15dde341b7d5a71cbdb1229edc18afc100a73df4b6cfa06b756356c,2024-11,Sussex Police,Sussex Police,-0.152447,51.140742,On or near Portfield Close,E01035329,Crawley 002G,Violence and sexual offences,Unable to prosecute suspect,
7a56eec55f89584ad251ed37178b8ba1ae5e34ad895589533dc8b62b00c9ec85,2024-11,Sussex Police,Sussex Police,-0.159561,51.137985,On or near Honour Way,E01035329,Crawley 002G,Violence and sexual offences,Unable to prosecute suspect,
59578da31fc00c65b6e4394dca5e3c8068f3b2abe27df63c89097a57269bf539,2024-11,Sussex Police,Sussex Police,-0.155061,51.130036,On or near Wadham Close,E01035329,Crawley 002G,Violence and sexual offences,Investigation complete; no suspect identified,
7ef774a3251b111a1072e7c37c06c6544edea2494407d30ad18a8928476d04d3,2024-11,Sussex Police,Sussex Police,-0.159561,51.137985,On or near Honour Way,E01035329,Crawley 002G,Violence and sexual offences,Unable to prosecute suspect,
de64ef1378d03ed6d67377a34222827a4709ca33203844a900eaab817daf23d8,2024-11,Sussex Police,Sussex Police,-0.152787,51.140091,On or near Wimblehurst Road,E01035329,Crawley 002G,Violence and sexual offences,Unable to prosecute suspect,
3e14d1bfbeefefd43323861950ef044ee3ecfb9b499dc8fae3f211b17783cce8,2024-11,Sussex Police,Sussex Police,-0.159561,51.137985,On or near Honour Way,E01035329,Crawley 002G,Violence and sexual offences,Local resolution,
2cea977d9f4b3ad197a0a2c717eb45b2ba78442aa460d9a131fa2c5d15015c8e,2024-11,Sussex Police,Sussex Police,-0.159561,51.137985,On or near Honour Way,E01035329,Crawley 002G,Violence and sexual offences,Unable to prosecute suspect,
2f56d0d920891638aecae869191e303fbdc8d13d063990988c84cdf8fdbe9b1e,2024-11,Sussex Police,Sussex Police,-0.152447,51.140742,On or near Portfield Close,E01035329,Crawley 002G,Violence and sexual offences,Unable to prosecute suspect,
c7852cc01a888caad6fa5bf07fa9f88686ac31e873012d290b42ed3b2c1c9ecc,2024-11,Sussex Police,Sussex Police,-0.152787,51.140091,On or near Wimblehurst Road,E01035329,Crawley 002G,Other crime,Unable to prosecute suspect,
,2024-11,Sussex Police,Sussex Police,-0.212809,51.129476,On or near River Mead,E01031570,Crawley 003A,Anti-social behaviour,,
bcf710156aa2aef70fb24ccb1069cc54604ba22859c987d70b0d9cedb3cbc1ba,2024-11,Sussex Police,Sussex Police,-0.204091,51.124675,On or near Climping Road,E01031570,Crawley 003A,Bicycle theft,Investigation complete; no suspect identified,
81c55c9e8a13887f24202f27567a75759efda9c1eec815cf43663717e81d2fb5,2024-11,Sussex Police,Sussex Police,-0.213523,51.127626,On or near Ifield Green,E01031570,Crawley 003A,Burglary,Investigation complete; no suspect identified,
73d883078de8d374c931445cf0760e1ec58cbc6c04da94c3c028eee5a557745b,2024-11,Sussex Police,Sussex Police,-0.213023,51.127987,On or near The Tithe,E01031570,Crawley 003A,Criminal damage and arson,Investigation complete; no suspect identified,
a122407a69ac5636332437fe57aa4d51ec01d462e13d33ed9bcc5ac317d12fea,2024-11,Sussex Police,Sussex Police,-0.208919,51.125847,On or near Kirdford Close,E01031570,Crawley 003A,Drugs,Investigation complete; no suspect identified,
7cee11faf602e7e7e4c466fdb7c84aa467d3cf7e29f61f877d19ec7c62bb6d79,2024-11,Sussex Police,Sussex Police,-0.208919,51.125847,On or near Kirdford Close,E01031570,Crawley 003A,Other theft,Investigation complete; no suspect identified,
0a4c0443121b479a02a464870a118ec40f7f8c9f7ee187473306a58a9ac60254,2024-11,Sussex Police,Sussex Police,-0.213023,51.127987,On or near The Tithe,E01031570,Crawley 003A,Vehicle crime,Investigation complete; no suspect identified,
bcc2688fd0b47652202e740ee3c96409b17b0b60e3583dbe4c668aafe66c2172,2024-11,Sussex Police,Sussex Police,-0.215910,51.128741,On or near Tweed Lane,E01031570,Crawley 003A,Violence and sexual offences,Court result unavailable,
5eba3081c6a75dda1916ccd8c2e0d44e1f19e9fca3565720a25f82d30446d4da,2024-11,Sussex Police,Sussex Police,-0.208919,51.125847,On or near Kirdford Close,E01031570,Crawley 003A,Violence and sexual offences,Unable to prosecute suspect,
278d323a019a984e2fff1cae0c3df5557d12a8aed8bab1c8202ecefb2bbd3083,2024-11,Sussex Police,Sussex Police,-0.212809,51.129476,On or near River Mead,E01031570,Crawley 003A,Violence and sexual offences,Unable to prosecute suspect,
,2024-11,Sussex Police,Sussex Police,-0.212813,51.122318,On or near Supermarket,E01031571,Crawley 003B,Anti-social behaviour,,
,2024-11,Sussex Police,Sussex Police,-0.215203,51.119639,On or near Selham Close,E01031571,Crawley 003B,Anti-social behaviour,,
,2024-11,Sussex Police,Sussex Police,-0.212813,51.122318,On or near Supermarket,E01031571,Crawley 003B,Anti-social behaviour,,
f24234fe40053cc928ddd1b28645800738599bc918915003068273bc51e069bc,2024-11,Sussex Police,Sussex Police,-0.213814,51.122324,On or near Linchmere Place,E01031571,Crawley 003B,Bicycle theft,Investigation complete; no suspect identified,
421cf25c1a1fc68cf00088957274fa169e83bf01750b3cf38ccc0d5e75348680,2024-11,Sussex Police,Sussex Police,-0.213814,51.122324,On or near Linchmere Place,E01031571,Crawley 003B,Burglary,Investigation complete; no suspect identified,
66335cca05a5ebed9cd95f76135cbfe22e151ccdb0f2d6aca3e050f357c0ae6e,2024-11,Sussex Police,Sussex Police,-0.214318,51.117764,On or near Shipley Road,E01031571,Crawley 003B,Criminal damage and arson,Unable to prosecute suspect,
a23d9854ca080f6f6a17a9eb5dd03be90495bff3c5123b200ced8112d6209e8b,2024-11,Sussex Police,Sussex Police,-0.213112,51.123842,On or near Messenger Close,E01031571,Crawley 003B,Criminal damage and arson,Unable to prosecute suspect,
9f27aa8221318e7532e93eb5a4189c027d780cce5834244ee310ec431615d1e7,2024-11,Sussex Police,Sussex Police,-0.214989,51.122981,On or near Lavington Close,E01031571,Crawley 003B,Other theft,Investigation complete; no suspect identified,
0033f3394d467e88a8ba33e17e4cbd4b42adea19527e06b1ad8df252feb6de19,2024-11,Sussex Police,Sussex Police,-0.215957,51.121593,On or near Patching Close,E01031571,Crawley 003B,Other theft,Investigation complete; no suspect identified,
c5ed99e60f9112699b1250648bf0a254a833b4e64b58a8dc48f9e079b702d13a,2024-11,Sussex Police,Sussex Police,-0.212455,51.123455,On or near Lancing Close,E01031571,Crawley 003B,Possession of weapons,Court result unavailable,
816ec14a6ab3ad1c0465ed4cfee4483e119ce0a650aa9fd2a9ceb2890ee8123f,2024-11,Sussex Police,Sussex Police,-0.215825,51.122409,On or near Parham Road,E01031571,Crawley 003B,Possession of weapons,Unable to prosecute suspect,
7b2ad11af74295da052407c9449a623fe3383331fb7555549dc1737a312c43da,2024-11,Sussex Police,Sussex Police,-0.215203,51.119639,On or near Selham Close,E01031571,Crawley 003B,Possession of weapons,Offender given a caution,
763460d54cc84902397ec68839a5e873741165a88ec663bb2565dce070cbb964,2024-11,Sussex Police,Sussex Police,-0.212813,51.122318,On or near Supermarket,E01031571,Crawley 003B,Public order,Investigation complete; no suspect identified,
d8a465c3acd1845fb8422bece00fe1d79457dfd25377843e6619dfdafac5b099,2024-11,Sussex Police,Sussex Police,-0.215203,51.119639,On or near Selham Close,E01031571,Crawley 003B,Public order,Status update unavailable,
d1c56a9518388c5d64bc92d2117a2041b37b12503d45b5d71ac247cc5eab7ac2,2024-11,Sussex Police,Sussex Police,-0.212813,51.122318,On or near Supermarket,E01031571,Crawley 003B,Public order,Unable to prosecute suspect,
9335608c98335a058e0be3419abbe52654834952bf7819829b03ba08d9e5ee7a,2024-11,Sussex Police,Sussex Police,-0.213814,51.122324,On or near Linchmere Place,E01031571,Crawley 003B,Public order,Unable to prosecute suspect,
d63f06d76fbcb53314f8c8a725d644d82161d9881b5dd9deafb52d8d86718e4c,2024-11,Sussex Police,Sussex Police,-0.213814,51.122324,On or near Linchmere Place,E01031571,Crawley 003B,Public order,Investigation complete; no suspect identified,
de11285f12db8cbd5bddd1ae890f821fac178b999278865c4a978dc657e0422a,2024-11,Sussex Police,Sussex Police,-0.213814,51.122324,On or near Linchmere Place,E01031571,Crawley 003B,Public order,Investigation complete; no suspect identified,
5568deaaf63532c777a5a24bb02cad4e4e529238cd965cbab7ab84107841f867,2024-11,Sussex Police,Sussex Police,-0.213814,51.122324,On or near Linchmere Place,E01031571,Crawley 003B,Robbery,Investigation complete; no suspect identified,
9e61d26bc32158eba4c81b1cab61ebd39faa20eb146714baf2202e9e712d2e17,2024-11,Sussex Police,Sussex Police,-0.212813,51.122318,On or near Supermarket,E01031571,Crawley 003B,Shoplifting,Investigation complete; no suspect identified,
adcb18a5700368e431d27508e1f991021167a53c6e94376e94320acaf562edff,2024-11,Sussex Police,Sussex Police,-0.212813,51.122318,On or near Supermarket,E01031571,Crawley 003B,Shoplifting,Unable to prosecute suspect,
5b8607fd94c959c681bd77a9bb505da47d027699aeaa958c738ae2238dcbe610,2024-11,Sussex Police,Sussex Police,-0.212813,51.122318,On or near Supermarket,E01031571,Crawley 003B,Shoplifting,Investigation complete; no suspect identified,
49e7e85d683e56bb97bf06b691db5c024ff547364d59a80fafad8ff477a7f455,2024-11,Sussex Police,Sussex Police,-0.215957,51.121593,On or near Patching Close,E01031571,Crawley 003B,Violence and sexual offences,Unable to prosecute suspect,
3e50a8b5c41a732469efaf2f6c29383e656a2357cf5d36b8c3ec6013b934e831,2024-11,Sussex Police,Sussex Police,-0.213814,51.122324,On or near Linchmere Place,E01031571,Crawley 003B,Violence and sexual offences,Further investigation is not in the public interest,
a48c154c11f58d3daa9e878a0ecc39f9562138cff072a05f2c86732b93b25eb2,2024-11,Sussex Police,Sussex Police,-0.214318,51.117764,On or near Shipley Road,E01031571,Crawley 003B,Violence and sexual offences,Unable to prosecute suspect,
2e1fc10dba5d6588da8efeaec352bf1b78b48d075baa5c378543bc3313e80186,2024-11,Sussex Police,Sussex Police,-0.213814,51.122324,On or near Linchmere Place,E01031571,Crawley 003B,Violence and sexual offences,Further investigation is not in the public interest,
0b480a0a4ef1131b00f89bea105db24a0b181c07cca62796bd0cbc161baf1c1f,2024-11,Sussex Police,Sussex Police,-0.213814,51.122324,On or near Linchmere Place,E01031571,Crawley 003B,Other crime,Unable to prosecute suspect,
c665c626ca04378712ab87f54edcfbe14816b372369ff4692580e0644c85fb7a,2024-11,Sussex Police,Sussex Police,-0.213814,51.122324,On or near Linchmere Place,E01031571,Crawley 003B,Other crime,Unable to prosecute suspect,
,2024-11,Sussex Police,Sussex Police,-0.212727,51.120860,On or near Percivale Close,E01031572,Crawley 003C,Anti-social behaviour,,
,2024-11,Sussex Police,Sussex Police,-0.209023,51.122773,On or near Friston Walk,E01031572,Crawley 003C,Anti-social behaviour,,
e86665ee5a0e57fe1f28bd260a750f09863a5d08246a5e5378b15ed26d92b2ad,2024-11,Sussex Police,Sussex Police,-0.208257,51.121529,On or near Midhurst Close,E01031572,Crawley 003C,Bicycle theft,Investigation complete; no suspect identified,
aaed355129fc6125551e9ad43d01c904089eb0b9bbfdc72ff7b8d8f934262727,2024-11,Sussex Police,Sussex Police,-0.209023,51.122773,On or near Friston Walk,E01031572,Crawley 003C,Burglary,Investigation complete; no suspect identified,
223f4e277c605037d31c63183532abc8266ab7bffdac34a6d710fbab7056d692,2024-11,Sussex Police,Sussex Police,-0.209300,51.123379,On or near Little Paddocks Close,E01031572,Crawley 003C,Criminal damage and arson,Investigation complete; no suspect identified,
24c85359213be3e68113f4acf62a8c30fc6d693d994c15cd3b869a8d60ade04a,2024-11,Sussex Police,Sussex Police,-0.213245,51.120391,On or near Bedivere Road,E01031572,Crawley 003C,Criminal damage and arson,Investigation complete; no suspect identified,
1763f62ccb694f5d727648d3fbc2fe4a13f7bd2147caa48c4f632867afd29a77,2024-11,Sussex Police,Sussex Police,-0.207028,51.125233,On or near Duncton Close,E01031572,Crawley 003C,Criminal damage and arson,Investigation complete; no suspect identified,
112b21fd38236b15e3bf28da9432c0f354498b7ad331b5c4a9d6cab9bd95f4e7,2024-11,Sussex Police,Sussex Police,-0.213245,51.120391,On or near Bedivere Road,E01031572,Crawley 003C,Criminal damage and arson,Investigation complete; no suspect identified,
a3525555e2be622b0eddb569a5b6dcb1190936af0362facc3bb1331061b7b21f,2024-11,Sussex Police,Sussex Police,-0.212727,51.120860,On or near Percivale Close,E01031572,Crawley 003C,Criminal damage and arson,Investigation complete; no suspect identified,
b8bd455825cac5ea9901f158f61db379e7284aee2a8087287ff6bc15a9395b93,2024-11,Sussex Police,Sussex Police,-0.207028,51.125233,On or near Duncton Close,E01031572,Crawley 003C,Other theft,Investigation complete; no suspect identified,
1ae090580f1df8fe5197aef5081f074a3b1b673ad43e685e6036c7e4bce2d77b,2024-11,Sussex Police,Sussex Police,-0.207028,51.125233,On or near Duncton Close,E01031572,Crawley 003C,Public order,Unable to prosecute suspect,
9c822af562b34c15483e7370474437d8c5c35053ef4e8cfdbd72d8ed94501670,2024-11,Sussex Police,Sussex Police,-0.209023,51.122773,On or near Friston Walk,E01031572,Crawley 003C,Public order,Investigation complete; no suspect identified,
cad9b16c26ffc682cecc6c1289836307f64776fec2132ab175cd787ec49f1f60,2024-11,Sussex Police,Sussex Police,-0.206441,51.124136,On or near Findon Road,E01031572,Crawley 003C,Robbery,Investigation complete; no suspect identified,
047b268c2b471f32bdd460667d9270e87d7fe391e4fa08ac052a400d4ec13c5d,2024-11,Sussex Police,Sussex Police,-0.208257,51.121529,On or near Midhurst Close,E01031572,Crawley 003C,Violence and sexual offences,Investigation complete; no suspect identified,
ba8ca984f5b729c9b5ccd9931a409b2a96723933a96614b69b31c1d1216d3682,2024-11,Sussex Police,Sussex Police,-0.209300,51.123379,On or near Little Paddocks Close,E01031572,Crawley 003C,Violence and sexual offences,Action to be taken by another organisation,
0a8b5097c81d8e4ad074b906fb57586eafe266dc36de5ffd4bbbb4600d95d174,2024-11,Sussex Police,Sussex Police,-0.209300,51.123379,On or near Little Paddocks Close,E01031572,Crawley 003C,Violence and sexual offences,Action to be taken by another organisation,
3b909b5ae9068d837184f43793d5dd53054c0bf2904fec64de98ddca8b5010cf,2024-11,Sussex Police,Sussex Police,-0.209300,51.123379,On or near Little Paddocks Close,E01031572,Crawley 003C,Violence and sexual offences,Action to be taken by another organisation,
3d0ae9697139168e891090c3cff4e0001594fd34623f825dd0ee74aabbd69c3b,2024-11,Sussex Police,Sussex Police,-0.205083,51.121579,On or near Parking Area,E01031572,Crawley 003C,Violence and sexual offences,Unable to prosecute suspect,
6250592f07c2a806a862cbe081b72bed4815a11e5aa8ad5cee2d53bab2a49349,2024-11,Sussex Police,Sussex Police,-0.209382,51.124586,On or near Warren Drive,E01031572,Crawley 003C,Violence and sexual offences,Action to be taken by another organisation,
0ebff8a2111266a9b10bd089ca46686785f8e1fb26e73646d15e02f71c30a055,2024-11,Sussex Police,Sussex Police,-0.209382,51.124586,On or near Warren Drive,E01031572,Crawley 003C,Violence and sexual offences,Action to be taken by another organisation,
a4ec5b8d8bdff5b20e05ae30359dfa61aa003ac676d6872a27c74a9765f03168,2024-11,Sussex Police,Sussex Police,-0.209668,51.121254,On or near Nuthurst Close,E01031572,Crawley 003C,Violence and sexual offences,Unable to prosecute suspect,
67acb47229b970fe2ab4e3b2f4911e9ef73777e3d8af38475aea908a194d71d6,2024-11,Sussex Police,Sussex Police,-0.209023,51.122773,On or near Friston Walk,E01031572,Crawley 003C,Violence and sexual offences,Unable to prosecute suspect,
92cabce3edbd6d0e49826773337bfae13f2ccbae75b24a267782d18194a5b168,2024-11,Sussex Police,Sussex Police,-0.208257,51.121529,On or near Midhurst Close,E01031572,Crawley 003C,Violence and sexual offences,Unable to prosecute suspect,
,2024-11,Sussex Police,Sussex Police,-0.199395,51.114963,On or near Leopold Road,E01031609,Crawley 003D,Anti-social behaviour,,
f3516aac2adefa1daea38bde1b04325b3edefe886da75492208f6f629771c6e2,2024-11,Sussex Police,Sussex Police,-0.199395,51.114963,On or near Leopold Road,E01031609,Crawley 003D,Criminal damage and arson,Investigation complete; no suspect identified,
ee8569057dca4f4e377af13cda53df07b646a3ca957f74fbdb559869d3b63a53,2024-11,Sussex Police,Sussex Police,-0.207369,51.117891,On or near Pennine Close,E01031609,Crawley 003D,Other theft,Investigation complete; no suspect identified,
3dbf81d0887325760c6f459d15695a2b1df6d293584810813f6a7d7af61686f2,2024-11,Sussex Police,Sussex Police,-0.201545,51.120329,On or near Furzefield,E01031609,Crawley 003D,Other theft,Unable to prosecute suspect,
0ca82498b704462c98d6f5540a94c00268eaec8966cf355f91a89d3474ca1743,2024-11,Sussex Police,Sussex Police,-0.201490,51.117324,On or near Ginhams Road,E01031609,Crawley 003D,Vehicle crime,Investigation complete; no suspect identified,
bb75ea3c9c676a1fe4d4e51bc254992503e89060e4d2d249626a4c950164efc9,2024-11,Sussex Police,Sussex Police,-0.205334,51.119533,On or near Dingle Close,E01031609,Crawley 003D,Vehicle crime,Investigation complete; no suspect identified,
9d8fe330fc6487cbc9dc0abba9fc1b1e4a65e8fde7ad158df4da38c15b3f748c,2024-11,Sussex Police,Sussex Police,-0.199151,51.117207,On or near Meadowlands,E01031609,Crawley 003D,Vehicle crime,Investigation complete; no suspect identified,
da25df830c8208efe7c17dec21499a9ef04b29c72ed1bb0e4c851e3603db7fdd,2024-11,Sussex Police,Sussex Police,-0.201545,51.120329,On or near Furzefield,E01031609,Crawley 003D,Violence and sexual offences,Unable to prosecute suspect,
,2024-11,Sussex Police,Sussex Police,-0.189488,51.123893,On or near Windmill Court,E01031610,Crawley 003E,Anti-social behaviour,,
,2024-11,Sussex Police,Sussex Police,-0.195296,51.118614,On or near Spurgeon Close,E01031610,Crawley 003E,Anti-social behaviour,,
,2024-11,Sussex Police,Sussex Police,-0.189488,51.123893,On or near Windmill Court,E01031610,Crawley 003E,Anti-social behaviour,,
,2024-11,Sussex Police,Sussex Police,-0.195880,51.119756,On or near Crabtree Road,E01031610,Crawley 003E,Anti-social behaviour,,
,2024-11,Sussex Police,Sussex Police,-0.191287,51.121016,On or near Parking Area,E01031610,Crawley 003E,Anti-social behaviour,,
cd9443576af8a2528f6aa847bba093397a3de1e92a9fdd42d5adaf1366bb342c,2024-11,Sussex Police,Sussex Police,-0.200332,51.119186,On or near Reynolds Place,E01031610,Crawley 003E,Burglary,Investigation complete; no suspect identified,
9f15f302dda5bcef9e86ab7b104b5767db86f2759f3cb2f80c9bf914cb9b9acb,2024-11,Sussex Police,Sussex Police,-0.200332,51.119186,On or near Reynolds Place,E01031610,Crawley 003E,Burglary,Investigation complete; no suspect identified,
3e42d5db6c7eb5ae350c1eff0c63f9a3d182eeae103df81d2f1733cce6afc840,2024-11,Sussex Police,Sussex Police,-0.200669,51.119335,On or near Reynolds Road,E01031610,Crawley 003E,Burglary,Investigation complete; no suspect identified,
48330673bfb9b49426cf6e9bef8fd90982953a94b146cf653a0bafdbb49d682c,2024-11,Sussex Police,Sussex Police,-0.190907,51.116100,On or near Orchard Street,E01031610,Crawley 003E,Burglary,Investigation complete; no suspect identified,
e4b53b7b92c84bc29c3728c48877f745bac1a63332dd794e628d3fd47f8997a2,2024-11,Sussex Police,Sussex Police,-0.197975,51.119518,On or near Copse Crescent,E01031610,Crawley 003E,Criminal damage and arson,Investigation complete; no suspect identified,
42dc0941056de9a4f09395739e0172007d1c4297f320c5545f8635cfa334429b,2024-11,Sussex Police,Sussex Police,-0.192803,51.117667,On or near Buckmans Road,E01031610,Crawley 003E,Criminal damage and arson,Local resolution,
70a059da3dcbb24d2817b6bdb258efaf163a9e9b42347c55433ead1ab20ce891,2024-11,Sussex Police,Sussex Police,-0.197975,51.119518,On or near Copse Crescent,E01031610,Crawley 003E,Criminal damage and arson,Investigation complete; no suspect identified,
f39d82e75dee7aa2098f2d95a76de4a0a0bbbe587c67df1130fa95a5d7ec937e,2024-11,Sussex Police,Sussex Police,-0.190907,51.116100,On or near Orchard Street,E01031610,Crawley 003E,Criminal damage and arson,Unable to prosecute suspect,
1a7092721079eeaa15158ca08b64026639994d041629666f20aa75bd82581698,2024-11,Sussex Police,Sussex Police,-0.191646,51.119124,On or near Town Mead,E01031610,Crawley 003E,Drugs,Offender given a caution,
03614e97ae9cc1434bbd5b97de95eed4fbc246d1015894fbdad1cb451f06d687,2024-11,Sussex Police,Sussex Police,-0.195013,51.122926,On or near Petrol Station,E01031610,Crawley 003E,Other theft,Investigation complete; no suspect identified,
8d3ff1aa082fc085de9616d9d1749e03ce0887480933c5ac18b37bf11a1ed92a,2024-11,Sussex Police,Sussex Police,-0.191538,51.116056,On or near Pegler Way,E01031610,Crawley 003E,Other theft,Investigation complete; no suspect identified,
eb49b2e1ed6fe39ea3f925e51432180ebf925b28a49f9bb430c985f57f48bf50,2024-11,Sussex Police,Sussex Police,-0.190907,51.116100,On or near Orchard Street,E01031610,Crawley 003E,Other theft,Unable to prosecute suspect,
d50c5127c5e9236c186b4e3333add19316ccac8ae2e91b054f7f1348135b668d,2024-11,Sussex Police,Sussex Police,-0.190907,51.116100,On or near Orchard Street,E01031610,Crawley 003E,Other theft,Unable to prosecute suspect,
7c588c2e61c420d18eeb93b38e247811e44eb82235365ed12b0ea5675b552e50,2024-11,Sussex Police,Sussex Police,-0.194235,51.120522,On or near Little Crabtree,E01031610,Crawley 003E,Other theft,Investigation complete; no suspect identified,
b0f4c7248de216f0a2cbb9e987f910144d63544920e1e5d28f6715e727a9aa3c,2024-11,Sussex Police,Sussex Police,-0.191287,51.121016,On or near Parking Area,E01031610,Crawley 003E,Other theft,Investigation complete; no suspect identified,
ba2dfb89b1355c4b1da96101eed37ea8cf38930bc5c21426f51d95d584da5116,2024-11,Sussex Police,Sussex Police,-0.191646,51.119124,On or near Town Mead,E01031610,Crawley 003E,Possession of weapons,Court result unavailable,
0cd7c7e2f60f48392d598059bd39d524fd023d1131ce6cd963d0f2631d8b86f5,2024-11,Sussex Police,Sussex Police,-0.194235,51.120522,On or near Little Crabtree,E01031610,Crawley 003E,Public order,Unable to prosecute suspect,
ac48224e7014578b47d42501c3db71f765db6bb642f996580edf5a70eb6a20be,2024-11,Sussex Police,Sussex Police,-0.191287,51.121016,On or near Parking Area,E01031610,Crawley 003E,Public order,Investigation complete; no suspect identified,
882cf3f810444e5cb3abae0b2556d20baafccd1b643eccc7280acaaa9cc87f93,2024-11,Sussex Police,Sussex Police,-0.190907,51.116100,On or near Orchard Street,E01031610,Crawley 003E,Public order,Investigation complete; no suspect identified,
3973615af974b4c8a3b0b2414332e5ec29965b36513301f3c38556567f097455,2024-11,Sussex Police,Sussex Police,-0.195880,51.119756,On or near Crabtree Road,E01031610,Crawley 003E,Public order,Unable to prosecute suspect,
e02bb40c0135b34fc86dc952b6e90282b71c76c486ca6a9d7c13d67da573b162,2024-11,Sussex Police,Sussex Police,-0.195013,51.122926,On or near Petrol Station,E01031610,Crawley 003E,Public order,Local resolution,
da0b0c06adcf88cb026bb735eda05c8621539f3c802fea31bcac5bd1becad183,2024-11,Sussex Police,Sussex Police,-0.195013,51.122926,On or near Petrol Station,E01031610,Crawley 003E,Shoplifting,Unable to prosecute suspect,
c4054fda22ff08746080ad022b63556c265dbc2f88707c49b8041559b9072881,2024-11,Sussex Police,Sussex Police,-0.195013,51.122926,On or near Petrol Station,E01031610,Crawley 003E,Shoplifting,Investigation complete; no suspect identified,
b6ba7edaf11c45be2ab1c759b53eeefc82bc8c553a9528a0ec43cbbf812b73d1,2024-11,Sussex Police,Sussex Police,-0.195013,51.122926,On or near Petrol Station,E01031610,Crawley 003E,Shoplifting,Unable to prosecute suspect,
d677c5792cdac590518ddd93a8fc208d86f67c5b37d7527d47741a082cd0fe89,2024-11,Sussex Police,Sussex Police,-0.195013,51.122926,On or near Petrol Station,E01031610,Crawley 003E,Shoplifting,Local resolution,
aa28faeca8d78c21342ef31773a2efcf069fc7069bee07d6033a22bf68507880,2024-11,Sussex Police,Sussex Police,-0.195013,51.122926,On or near Petrol Station,E01031610,Crawley 003E,Shoplifting,Local resolution,
3b240f9b02ba3924c582f9f48c1e5497ae3aa9f7d24f0bc6631f4b2f444d92be,2024-11,Sussex Police,Sussex Police,-0.195013,51.122926,On or near Petrol Station,E01031610,Crawley 003E,Shoplifting,Local resolution,
be9d8438b10e07f96feb0baa694f4c9775c470b4916e41eef5cec4fb65480fa8,2024-11,Sussex Police,Sussex Police,-0.189304,51.123125,On or near St Georges Court,E01031610,Crawley 003E,Shoplifting,Local resolution,
ee33d8b20d5e6a2e953e81d2204d5f9c4f117bbe5e46036c1b5c7755c7f02a21,2024-11,Sussex Police,Sussex Police,-0.191646,51.119124,On or near Town Mead,E01031610,Crawley 003E,Vehicle crime,Investigation complete; no suspect identified,
d138444325a5dc030f81c922b6c316fd06964bfad2f5cf79155edfe782357eae,2024-11,Sussex Police,Sussex Police,-0.191646,51.119124,On or near Town Mead,E01031610,Crawley 003E,Vehicle crime,Investigation complete; no suspect identified,
df7394bee0ff551a88faecd2276bd00a0f1e742e4e0f3f8cf04716a5503dbd52,2024-11,Sussex Police,Sussex Police,-0.191891,51.116520,On or near Parking Area,E01031610,Crawley 003E,Vehicle crime,Investigation complete; no suspect identified,
11f50f80e742f03caa7bef8c4b45775fb522678229cc846572ff8d3b497d3788,2024-11,Sussex Police,Sussex Police,-0.191646,51.119124,On or near Town Mead,E01031610,Crawley 003E,Vehicle crime,Investigation complete; no suspect identified,
cbdd886bbbdcfd0427d5407651f7a88fea37e383bfdbe3b5506d2dbff9f895fe,2024-11,Sussex Police,Sussex Police,-0.191646,51.119124,On or near Town Mead,E01031610,Crawley 003E,Violence and sexual offences,Unable to prosecute suspect,
502ed631558cd163ec89c44e7b3570f011b52e38375cb03c03179e914f2c1bb6,2024-11,Sussex Police,Sussex Police,-0.195880,51.119756,On or near Crabtree Road,E01031610,Crawley 003E,Violence and sexual offences,Unable to prosecute suspect,
cd9e0edf1638cf8670c225b6229a84b75dbe2afd81d3787734e86e2b92452dc3,2024-11,Sussex Police,Sussex Police,-0.195880,51.119756,On or near Crabtree Road,E01031610,Crawley 003E,Violence and sexual offences,Status update unavailable,
6a59d2393529393567250c01dd77512f8bcd925c00011875f5e1c2539a2ab932,2024-11,Sussex Police,Sussex Police,-0.191287,51.121016,On or near Parking Area,E01031610,Crawley 003E,Violence and sexual offences,Investigation complete; no suspect identified,
2fca7f5479d4361f210fe7ceb2e7a715bfe99ffed124b33afe0c3fd07dd08bf9,2024-11,Sussex Police,Sussex Police,-0.189488,51.123893,On or near Windmill Court,E01031610,Crawley 003E,Violence and sexual offences,Unable to prosecute suspect,
2ef0a7977a3d8e4b6b607923b486381a7f9dc1b6d530f20e1eb90ecd0a6b0586,2024-11,Sussex Police,Sussex Police,-0.191978,51.117213,On or near Sunnymead,E01031610,Crawley 003E,Violence and sexual offences,Action to be taken by another organisation,
143d8a5ac7ada79e295b64ce20d996517822d9039a92e4008db9d3aef4c9a534,2024-11,Sussex Police,Sussex Police,-0.191646,51.119124,On or near Town Mead,E01031610,Crawley 003E,Violence and sexual offences,Unable to prosecute suspect,
,2024-11,Sussex Police,Sussex Police,-0.172518,51.128782,On or near Link 10,E01031583,Crawley 004A,Anti-social behaviour,,
88aa6886dfb8678816d77d5df653e23b068663a491854705186aaefd4e52f34f,2024-11,Sussex Police,Sussex Police,-0.170209,51.136578,On or near Royce Road,E01031583,Crawley 004A,Burglary,Investigation complete; no suspect identified,
84361a9b066659e680733f55d6b4134d822482b10d72309ca9318a090a5e1716,2024-11,Sussex Police,Sussex Police,-0.166208,51.141597,On or near James Watt Way,E01031583,Crawley 004A,Burglary,Investigation complete; no suspect identified,
c25d990d41de138bb96f3922be567ab1fb039a5efbd7c2a3a446c17b57971310,2024-11,Sussex Police,Sussex Police,-0.185834,51.124151,On or near Black Dog Walk,E01031583,Crawley 004A,Burglary,Investigation complete; no suspect identified,
5ee72e7d81df498ac6f2927c786cce719d8a13b383d8bbcfdded9ddd9c2d1d37,2024-11,Sussex Police,Sussex Police,-0.165046,51.137730,On or near Rutherford Way,E01031583,Crawley 004A,Burglary,Court result unavailable,
1bb7fb5d4bbee0baf383bf7a58903ddafdeee89a5c7af98cfc466f4aa52b5525,2024-11,Sussex Police,Sussex Police,-0.170209,51.136578,On or near Royce Road,E01031583,Crawley 004A,Burglary,Investigation complete; no suspect identified,
a98d35e904e789ff3c74ef8a2547f52e21d65e3cf97eae81484a96b02228d245,2024-11,Sussex Police,Sussex Police,-0.170209,51.136578,On or near Royce Road,E01031583,Crawley 004A,Burglary,Court result unavailable,
77e529e8d0a9cf521e9e2efae9dd9ea233d9bc2b58877337f7fd008e9e326144,2024-11,Sussex Police,Sussex Police,-0.165046,51.137730,On or near Rutherford Way,E01031583,Crawley 004A,Burglary,Court result unavailable,
1bebb66a26ea0b820ea597a064372f6a315908fd887f9898049fb0292229d20f,2024-11,Sussex Police,Sussex Police,-0.175863,51.134922,On or near Fleming Way,E01031583,Crawley 004A,Criminal damage and arson,Local resolution,
33dcb49240b181331009159b7b26d75afcf7aa36e0a96017a430f9044aa8e693,2024-11,Sussex Police,Sussex Police,-0.185834,51.124151,On or near Black Dog Walk,E01031583,Crawley 004A,Drugs,Status update unavailable,
10c94fd3a7bb720d8cf1af9b504b472ed41eba90b3fa0ab722c10880b5552553,2024-11,Sussex Police,Sussex Police,-0.178701,51.129661,On or near Manor Royal,E01031583,Crawley 004A,Drugs,Court result unavailable,
6506ac9cc51ed664cff006d7ae692e0d68995fce4ed639a6d027c5ade4a0fa27,2024-11,Sussex Police,Sussex Police,-0.184084,51.123584,On or near Oak Way,E01031583,Crawley 004A,Other theft,Investigation complete; no suspect identified,
a3ebb41c3680b5e851c40b7cf83067f59513a9af18519b5c327d64e4da7a6e1a,2024-11,Sussex Police,Sussex Police,-0.175465,51.145024,On or near London Road,E01031583,Crawley 004A,Other theft,Investigation complete; no suspect identified,
53589083e7b48c811bf86673dc6e8d177706abf2a7f9f9b2e1be679b80d68db7,2024-11,Sussex Police,Sussex Police,-0.175465,51.145024,On or near London Road,E01031583,Crawley 004A,Other theft,Investigation complete; no suspect identified,
54cb2cac5c12c574b1d94d4a0f736d3ced267b3ff574b062932b5d695eb620e1,2024-11,Sussex Police,Sussex Police,-0.186445,51.128603,On or near Tushmore Avenue,E01031583,Crawley 004A,Other theft,Investigation complete; no suspect identified,
e5fc6a07d79e1f34902e300e35cd482099387f20f1e4accca2f7f2d08fa54b8a,2024-11,Sussex Police,Sussex Police,-0.175465,51.145024,On or near London Road,E01031583,Crawley 004A,Other theft,Status update unavailable,
c54248737667a896288fb7633087d4eb653d9973a457b3ac39c1c9dbfd115ea2,2024-11,Sussex Police,Sussex Police,-0.174051,51.132304,On or near Newton Road,E01031583,Crawley 004A,Other theft,Unable to prosecute suspect,
33013e3a21157bcb1dd5cffdaa5f744a2874c4a2aa7f5133dc6d7b74634e9b3d,2024-11,Sussex Police,Sussex Police,-0.177155,51.135527,On or near Conference/Exhibition Centre,E01031583,Crawley 004A,Other theft,Investigation complete; no suspect identified,
19bf8959721522124bfdccd58bd63b8a063a39838afcf15fe4cb888198a7261a,2024-11,Sussex Police,Sussex Police,-0.165046,51.137730,On or near Rutherford Way,E01031583,Crawley 004A,Other theft,Status update unavailable,
ea768ef4c8269aef1d1c9bed4cfa39317bb0520d812f64d09b0f3458b7b0402e,2024-11,Sussex Police,Sussex Police,-0.186445,51.128603,On or near Tushmore Avenue,E01031583,Crawley 004A,Other theft,Investigation complete; no suspect identified,
32936a4a98dbe7fab791abe23b1a2f2a9ccbc0681130a59c6abf4fa2079abdc7,2024-11,Sussex Police,Sussex Police,-0.165048,51.144199,On or near Airport/Airfield,E01031583,Crawley 004A,Public order,Court result unavailable,
ff2f8ef421024ebf25d9f99c519ed73e194b5c22f8922cd53e1a97b0de1f36b2,2024-11,Sussex Police,Sussex Police,-0.174051,51.132304,On or near Newton Road,E01031583,Crawley 004A,Vehicle crime,Investigation complete; no suspect identified,
24fcd69475216f64122344054870817bd8bf3247fdd1c0ab43fdea2fef30640b,2024-11,Sussex Police,Sussex Police,-0.185620,51.126324,On or near Redwood Close,E01031583,Crawley 004A,Violence and sexual offences,Unable to prosecute suspect,
90a830ed5af7fb71b6cb1413cd759ecc661ace35e9859e9a0940adf7b0908f15,2024-11,Sussex Police,Sussex Police,-0.175465,51.145024,On or near London Road,E01031583,Crawley 004A,Violence and sexual offences,Unable to prosecute suspect,
e8c5ea6874549b8d1e691cf6171093f6183b4342be4d023a0de919c1101bfacb,2024-11,Sussex Police,Sussex Police,-0.183129,51.124981,On or near Bramber Close,E01031583,Crawley 004A,Violence and sexual offences,Action to be taken by another organisation,
ec6ceac096b067ff6d03f8f35ae847939b42345e1a23a1792b4455a6020ec766,2024-11,Sussex Police,Sussex Police,-0.183129,51.124981,On or near Bramber Close,E01031583,Crawley 004A,Violence and sexual offences,Action to be taken by another organisation,
15fdbad8118667433542815e19dadbaab3f551f1ccb3dde1cc39223137ee4479,2024-11,Sussex Police,Sussex Police,-0.183129,51.124981,On or near Bramber Close,E01031583,Crawley 004A,Violence and sexual offences,Unable to prosecute suspect,
,2024-11,Sussex Police,Sussex Police,-0.180584,51.121380,On or near Petrol Station,E01031584,Crawley 004B,Anti-social behaviour,,
0676b821c7437cbaf220354eef64088ab2dfcbe6a4ec3744f5f7257bd1e92d22,2024-11,Sussex Police,Sussex Police,-0.180584,51.121380,On or near Petrol Station,E01031584,Crawley 004B,Burglary,Court result unavailable,
188816ebaa14da7f40ad1dbde3559fa3cb3495fe13e0637d8fc3696148d53cb4,2024-11,Sussex Police,Sussex Police,-0.180584,51.121380,On or near Petrol Station,E01031584,Crawley 004B,Burglary,Investigation complete; no suspect identified,
453783839ffb58606a74a5c742ed36be0c56d8947bc23fbd1e8d5c5e1ad2227c,2024-11,Sussex Police,Sussex Police,-0.173186,51.123801,On or near Cloverlands,E01031584,Crawley 004B,Drugs,Local resolution,
ca35c2dd14bde7e698a0f217749fc81a02c162497d1bae9f93d3f94e0a45fc36,2024-11,Sussex Police,Sussex Police,-0.173249,51.125843,On or near Dalewood Gardens,E01031584,Crawley 004B,Drugs,Court result unavailable,
5672fb1e2757f6c18204be874ef66348f969cfcbd762475ea7aaa9e980e275a4,2024-11,Sussex Police,Sussex Police,-0.176111,51.125016,On or near Magpie Walk,E01031584,Crawley 004B,Possession of weapons,Court result unavailable,
8c73b05fcd656b5f0af668118efd5cbf41a0ed0cfa66e1e4173b720f6f87682d,2024-11,Sussex Police,Sussex Police,-0.178615,51.122384,On or near Woodfield Road,E01031584,Crawley 004B,Public order,Status update unavailable,
7dfc4535d7aa22c600b8dd16394f3159d1364d4c8045a91184c0a58395de9553,2024-11,Sussex Police,Sussex Police,-0.180584,51.121380,On or near Petrol Station,E01031584,Crawley 004B,Public order,Unable to prosecute suspect,
bf74b5b1c776e8f98b01c590c49755a479aa3e914f29a0b63ace8c59823a242b,2024-11,Sussex Police,Sussex Police,-0.182628,51.120270,On or near Boundary Road,E01031584,Crawley 004B,Public order,Investigation complete; no suspect identified,
b9fc343b557b5c1b7f7076c636466e948c4267cef4a14181584692cdd83962d4,2024-11,Sussex Police,Sussex Police,-0.178276,51.123745,On or near Newark Road,E01031584,Crawley 004B,Vehicle crime,Unable to prosecute suspect,
79fcd35d0b74f154a8173bfbcc24962bcf10ad098ceae38a2c8a7acce28b5b27,2024-11,Sussex Police,Sussex Police,-0.178615,51.122384,On or near Woodfield Road,E01031584,Crawley 004B,Vehicle crime,Investigation complete; no suspect identified,
5f667646336a673a4b09e2150b43b85f679609b58c9da67cb102df88ea8e4ffc,2024-11,Sussex Police,Sussex Police,-0.176111,51.125016,On or near Magpie Walk,E01031584,Crawley 004B,Vehicle crime,Investigation complete; no suspect identified,
18670ff695f1af2eea3b86e99dcf8f5b1d0526e39065aedf8efad20cdc258129,2024-11,Sussex Police,Sussex Police,-0.177637,51.124005,On or near Midgley Road,E01031584,Crawley 004B,Vehicle crime,Investigation complete; no suspect identified,
8030771956501ccb50bd5a8a5e507ddeb424776caceb770bdc01ddd3f2687797,2024-11,Sussex Police,Sussex Police,-0.178615,51.122384,On or near Woodfield Road,E01031584,Crawley 004B,Violence and sexual offences,Court result unavailable,
31fbaa106e60e3e720fbcef8024c0b33b59fbe3c5172cc78089ace270e6839c2,2024-11,Sussex Police,Sussex Police,-0.181213,51.120994,On or near Parking Area,E01031584,Crawley 004B,Violence and sexual offences,Unable to prosecute suspect,
89bedafc15accbdcbdaa2299ff1cdb40fef1807849447caac635139d616c75dd,2024-11,Sussex Police,Sussex Police,-0.178276,51.123745,On or near Newark Road,E01031584,Crawley 004B,Violence and sexual offences,Unable to prosecute suspect,
730228d88714d3c9a9da6957326115f1206a9c3eb586e2519b15ae582d8def05,2024-11,Sussex Police,Sussex Police,-0.178615,51.122384,On or near Woodfield Road,E01031584,Crawley 004B,Violence and sexual offences,Status update unavailable,
0d975be64156381f78319ae701f4a5ac7e65941355ded11e87201f14e6d2be9f,2024-11,Sussex Police,Sussex Police,-0.176111,51.125016,On or near Magpie Walk,E01031584,Crawley 004B,Violence and sexual offences,Investigation complete; no suspect identified,
,2024-11,Sussex Police,Sussex Police,-0.184430,51.117312,On or near Parking Area,E01031585,Crawley 004C,Anti-social behaviour,,
,2024-11,Sussex Police,Sussex Police,-0.189092,51.115010,On or near Cross Keys,E01031585,Crawley 004C,Anti-social behaviour,,
,2024-11,Sussex Police,Sussex Police,-0.187290,51.114695,On or near Parking Area,E01031585,Crawley 004C,Anti-social behaviour,,
,2024-11,Sussex Police,Sussex Police,-0.184430,51.117312,On or near Parking Area,E01031585,Crawley 004C,Anti-social behaviour,,
,2024-11,Sussex Police,Sussex Police,-0.184542,51.115911,On or near Supermarket,E01031585,Crawley 004C,Anti-social behaviour,,
,2024-11,Sussex Police,Sussex Police,-0.188212,51.115240,On or near The Broadway,E01031585,Crawley 004C,Anti-social behaviour,,
,2024-11,Sussex Police,Sussex Police,-0.189223,51.113133,On or near Station Road,E01031585,Crawley 004C,Anti-social behaviour,,
,2024-11,Sussex Police,Sussex Police,-0.185356,51.117021,On or near Parking Area,E01031585,Crawley 004C,Anti-social behaviour,,
,2024-11,Sussex Police,Sussex Police,-0.189167,51.117494,On or near Nightclub,E01031585,Crawley 004C,Anti-social behaviour,,
,2024-11,Sussex Police,Sussex Police,-0.184430,51.117312,On or near Parking Area,E01031585,Crawley 004C,Anti-social behaviour,,
,2024-11,Sussex Police,Sussex Police,-0.185772,51.112243,On or near Parking Area,E01031585,Crawley 004C,Anti-social behaviour,,
,2024-11,Sussex Police,Sussex Police,-0.186909,51.116389,On or near Parking Area,E01031585,Crawley 004C,Anti-social behaviour,,
,2024-11,Sussex Police,Sussex Police,-0.185356,51.117021,On or near Parking Area,E01031585,Crawley 004C,Anti-social behaviour,,
,2024-11,Sussex Police,Sussex Police,-0.189223,51.113133,On or near Station Road,E01031585,Crawley 004C,Anti-social behaviour,,
,2024-11,Sussex Police,Sussex Police,-0.185356,51.117021,On or near Parking Area,E01031585,Crawley 004C,Anti-social behaviour,,
,2024-11,Sussex Police,Sussex Police,-0.188212,51.115240,On or near The Broadway,E01031585,Crawley 004C,Anti-social behaviour,,
,2024-11,Sussex Police,Sussex Police,-0.189223,51.113133,On or near Station Road,E01031585,Crawley 004C,Anti-social behaviour,,
,2024-11,Sussex Police,Sussex Police,-0.185356,51.117021,On or near Parking Area,E01031585,Crawley 004C,Anti-social behaviour,,
,2024-11,Sussex Police,Sussex Police,-0.185356,51.117021,On or near Parking Area,E01031585,Crawley 004C,Anti-social behaviour,,
d9aba526f7177fe23bc9b5c54c816e90158132ad9c1dbed383a9e48ccbcec817,2024-11,Sussex Police,Sussex Police,-0.188212,51.115240,On or near The Broadway,E01031585,Crawley 004C,Bicycle theft,Investigation complete; no suspect identified,
fedb932b3ba7dde57562cf8608f88633b7263c2585266d37de03fb5bc6113e24,2024-11,Sussex Police,Sussex Police,-0.185271,51.113511,On or near Shopping Area,E01031585,Crawley 004C,Bicycle theft,Investigation complete; no suspect identified,
34166e6d30aac335e75925cf26e04928995ae90a090af2ca82148d8558c79784,2024-11,Sussex Police,Sussex Police,-0.187290,51.114695,On or near Parking Area,E01031585,Crawley 004C,Bicycle theft,Investigation complete; no suspect identified,
f03ce38804ff766d7d5c65b8939079e68b74fedcfec2a1e5db0c35aa4f6660bc,2024-11,Sussex Police,Sussex Police,-0.188232,51.120932,On or near Beech Tree Close,E01031585,Crawley 004C,Burglary,Investigation complete; no suspect identified,
6b1326655565cfdd839a4bce3aca02d01eef2380ac5055e966490669ec493951,2024-11,Sussex Police,Sussex Police,-0.185129,51.115893,On or near Shopping Area,E01031585,Crawley 004C,Burglary,Investigation complete; no suspect identified,
3a874ba8638d690cc403d984da99c50171627f1433d7cdb12cd9d4e83c1c1105,2024-11,Sussex Police,Sussex Police,-0.187406,51.117934,On or near Northgate Road,E01031585,Crawley 004C,Burglary,Investigation complete; no suspect identified,
5d082989155bfaee9df7752bc07dc685328f08a6dc75f8764399046a6d33835a,2024-11,Sussex Police,Sussex Police,-0.186909,51.116389,On or near Parking Area,E01031585,Crawley 004C,Burglary,Unable to prosecute suspect,
39fe8941ab83b4c9f3d20248e7b2c141abe07021c16fa103738a871f8fb17384,2024-11,Sussex Police,Sussex Police,-0.185271,51.113511,On or near Shopping Area,E01031585,Crawley 004C,Burglary,Status update unavailable,
6e56ae390e4d1edf4bb1ba199538002e470de3561fc5377c98edb5ddb06ca121,2024-11,Sussex Police,Sussex Police,-0.186898,51.113313,On or near Bus/Coach Station,E01031585,Crawley 004C,Burglary,Investigation complete; no suspect identified,
2266e8be8c96d81550685b8e5ad08fa71ba7b0d9a3df29a5f87d2c65288eb04b,2024-11,Sussex Police,Sussex Police,-0.186909,51.116389,On or near Parking Area,E01031585,Crawley 004C,Burglary,Court result unavailable,
64a17b11bdd82533bbaa6b218aead481e925fc326e9a1a1d051118ab384a2fe9,2024-11,Sussex Police,Sussex Police,-0.182598,51.119217,On or near Path Link,E01031585,Crawley 004C,Burglary,Investigation complete; no suspect identified,
d64698064a6636aaacb66dde7a1b797edd2e2fabd1db49490c40f4b9e0e675ed,2024-11,Sussex Police,Sussex Police,-0.185772,51.112243,On or near Parking Area,E01031585,Crawley 004C,Burglary,Investigation complete; no suspect identified,
a3313f8cf8df9c50371e8973d43457d325f0e6b0f4e07fcd9602ce0933596749,2024-11,Sussex Police,Sussex Police,-0.188604,51.114337,On or near Parking Area,E01031585,Crawley 004C,Burglary,Investigation complete; no suspect identified,
ddfb60bd7469d9fd9eb64af00464e9d35296b9238295551b1a653f407d45ba4a,2024-11,Sussex Police,Sussex Police,-0.184542,51.115911,On or near Supermarket,E01031585,Crawley 004C,Criminal damage and arson,Investigation complete; no suspect identified,
749599fff3ceade397ba175aac981f6941010b11caaa702030bac16c97adf3b1,2024-11,Sussex Police,Sussex Police,-0.185773,51.118044,On or near Parking Area,E01031585,Crawley 004C,Criminal damage and arson,Investigation complete; no suspect identified,
bbfb846f151c02938123884a639ced55ac89c67d829b81295404bde7d887324b,2024-11,Sussex Police,Sussex Police,-0.187290,51.114695,On or near Parking Area,E01031585,Crawley 004C,Criminal damage and arson,Court result unavailable,
4eae889224b1dca6f44222ec7eca5a970665ba3160e149514ee50eea8468c3a7,2024-11,Sussex Police,Sussex Police,-0.188212,51.115240,On or near The Broadway,E01031585,Crawley 004C,Criminal damage and arson,Investigation complete; no suspect identified,
3c1f6a3d5cae1cef9b234d7a9f3e3802754eb9d72247c248d022388617391bb6,2024-11,Sussex Police,Sussex Police,-0.188493,51.115730,On or near Shopping Area,E01031585,Crawley 004C,Criminal damage and arson,Investigation complete; no suspect identified,
d5d56bbcded1020468ff07741e33138216ab554e4e4f9269b6abb150e3567e37,2024-11,Sussex Police,Sussex Police,-0.189092,51.115010,On or near Cross Keys,E01031585,Crawley 004C,Criminal damage and arson,Investigation complete; no suspect identified,
359d8a345039d47c566d572ebb432bf3696bd9141ed286807e6bddb6b05e619d,2024-11,Sussex Police,Sussex Police,-0.185729,51.120264,On or near Cobbles Crescent,E01031585,Crawley 004C,Drugs,Investigation complete; no suspect identified,
31bdb4b748a31a83974772e9599712a3fca90d94c853b24b9ef02b53a2892aa7,2024-11,Sussex Police,Sussex Police,-0.185356,51.117021,On or near Parking Area,E01031585,Crawley 004C,Drugs,Offender given a caution,
e030c3279b374bd3568e01c2551594a0ee9215d0381340d6c99363098ab5f52e,2024-11,Sussex Police,Sussex Police,-0.187406,51.117934,On or near Northgate Road,E01031585,Crawley 004C,Drugs,Local resolution,
6d34cab0b2f5036b0089155f4f3c48417b930eae588d5445de77c804d6ba6c6c,2024-11,Sussex Police,Sussex Police,-0.184542,51.115911,On or near Supermarket,E01031585,Crawley 004C,Drugs,Court result unavailable,
9079100fbfa3d50490bcf7f0d6fa1275f1a843161940aca56d6a6717ff413c23,2024-11,Sussex Police,Sussex Police,-0.184542,51.115911,On or near Supermarket,E01031585,Crawley 004C,Drugs,Local resolution,
f69bcc08ef256ee55b8d6235af81e263ef6355499125ed2ecdc8dd766c18bf54,2024-11,Sussex Police,Sussex Police,-0.185356,51.117021,On or near Parking Area,E01031585,Crawley 004C,Drugs,Local resolution,
be40f67eea8ffbe79a99c5ec039cc91b1262ed225c47193e38529625ddd735b5,2024-11,Sussex Police,Sussex Police,-0.188212,51.115240,On or near The Broadway,E01031585,Crawley 004C,Drugs,Local resolution,
fbd7d795c465b263a69f3671303d1b207ca6f1a6b5adb5ae497ca8a506ede22e,2024-11,Sussex Police,Sussex Police,-0.185271,51.113511,On or near Shopping Area,E01031585,Crawley 004C,Other theft,Investigation complete; no suspect identified,
eda091e6a1b970645f9bc008436578d68c0b3611856d5d5e6ba9f7fe367537f7,2024-11,Sussex Police,Sussex Police,-0.187406,51.117934,On or near Northgate Road,E01031585,Crawley 004C,Other theft,Court result unavailable,
8346c47e941d4fd5d33f56bf9989c90aaafa25b0301028cdbdad16b77dd12001,2024-11,Sussex Police,Sussex Police,-0.189092,51.115010,On or near Cross Keys,E01031585,Crawley 004C,Other theft,Investigation complete; no suspect identified,
162133557d733f1a86eb8b7fbcb3237a9fe2515ba9230e161bc847070b864ac6,2024-11,Sussex Police,Sussex Police,-0.184542,51.115911,On or near Supermarket,E01031585,Crawley 004C,Other theft,Investigation complete; no suspect identified,
9b52bc185a7f99bde88d45c1a9fd832bb8769d16373ef3ef4bf7e4393fe3c382,2024-11,Sussex Police,Sussex Police,-0.188232,51.120932,On or near Beech Tree Close,E01031585,Crawley 004C,Other theft,Investigation complete; no suspect identified,
4c97636af0d063ec27a9bbe4facef953ccaf013fb9f00b1dbc08284227616814,2024-11,Sussex Police,Sussex Police,-0.189092,51.115010,On or near Cross Keys,E01031585,Crawley 004C,Other theft,Investigation complete; no suspect identified,
fbbe64a64961a25a73d52de97079420ff80cd9909d45f6ee433ef887d70779d1,2024-11,Sussex Police,Sussex Police,-0.184542,51.115911,On or near Supermarket,E01031585,Crawley 004C,Other theft,Investigation complete; no suspect identified,
41575d6c887cf78ed0d13a1d5f92a6c893ed4f71ffe8ccb24df949ea1b3d6d28,2024-11,Sussex Police,Sussex Police,-0.188232,51.120932,On or near Beech Tree Close,E01031585,Crawley 004C,Other theft,Investigation complete; no suspect identified,
33bc2aa08b7f0e6329dae17dc9ac059ced448d450fd1f14e4a1d67c43a929a00,2024-11,Sussex Police,Sussex Police,-0.185129,51.115893,On or near Shopping Area,E01031585,Crawley 004C,Other theft,Investigation complete; no suspect identified,
9368baf32d0e38ef196d82aca35c1747f21090651cfd37b2ac8d301f3adc0ebc,2024-11,Sussex Police,Sussex Police,-0.188232,51.120932,On or near Beech Tree Close,E01031585,Crawley 004C,Other theft,Investigation complete; no suspect identified,
50a4ef9910762fbfad82b1726173029bd4bea2e37079d33435a5613968bc975c,2024-11,Sussex Police,Sussex Police,-0.189167,51.117494,On or near Nightclub,E01031585,Crawley 004C,Other theft,Investigation complete; no suspect identified,
2e4073173476710bfb69be105e3f2606590d65e4b8f654b1fc1cb97581fa7d63,2024-11,Sussex Police,Sussex Police,-0.189092,51.115010,On or near Cross Keys,E01031585,Crawley 004C,Other theft,Unable to prosecute suspect,
f31a10fd3b9f865f72fe108a3a91eb7e35f3435a63f8d7f66287661674589a64,2024-11,Sussex Police,Sussex Police,-0.188493,51.115730,On or near Shopping Area,E01031585,Crawley 004C,Other theft,Investigation complete; no suspect identified,
1f7fb2bc5b6d67c8a1e7f4742791f4b5aec17742dfdf20b136434570353d27ee,2024-11,Sussex Police,Sussex Police,-0.188604,51.114337,On or near Parking Area,E01031585,Crawley 004C,Possession of weapons,Unable to prosecute suspect,
cbcc1a9b10a3b14dec93931f4c785c3e0a6ef6543017b5c2f25960507c7133f8,2024-11,Sussex Police,Sussex Police,-0.185772,51.112243,On or near Parking Area,E01031585,Crawley 004C,Possession of weapons,Status update unavailable,
810d4fae3d3228ddbc0888f816d06395be854eb8f6f95fc62f664daaaba31d3d,2024-11,Sussex Police,Sussex Police,-0.186742,51.112627,On or near Station Way,E01031585,Crawley 004C,Public order,Investigation complete; no suspect identified,
ff910f34383a74e7cdd6f4c5b180efdcde02b5b519c65ec632068e1c4855b831,2024-11,Sussex Police,Sussex Police,-0.186742,51.112627,On or near Station Way,E01031585,Crawley 004C,Public order,Unable to prosecute suspect,
409935b21c813d35773b0d8ed29c5cd453a9651afe3c2b6225c11e1cfda3b0b5,2024-11,Sussex Police,Sussex Police,-0.186909,51.116389,On or near Parking Area,E01031585,Crawley 004C,Public order,Investigation complete; no suspect identified,
adc0306306bcc0464d8876e00086470c259898c193558b25d39cbeec912aab1b,2024-11,Sussex Police,Sussex Police,-0.188493,51.115730,On or near Shopping Area,E01031585,Crawley 004C,Public order,Court result unavailable,
fd9844944b4d3a58aed0cf4bedfe30336e96357aeef107d07acff5db108f83a9,2024-11,Sussex Police,Sussex Police,-0.185773,51.118044,On or near Parking Area,E01031585,Crawley 004C,Public order,Status update unavailable,
03a031398e46234f2adb6f94b764057bc885f9134e85867994c94dd62b8435c8,2024-11,Sussex Police,Sussex Police,-0.188493,51.115730,On or near Shopping Area,E01031585,Crawley 004C,Public order,Court result unavailable,
ea1e05684825b055f5be5f86f37ae3fb26f0e2ed32776aa899f7c6b62244cb2b,2024-11,Sussex Police,Sussex Police,-0.188493,51.115730,On or near Shopping Area,E01031585,Crawley 004C,Public order,Unable to prosecute suspect,
c3bef9b08dc50e86728f375be57f26c50772de16a8d413dba06b21fe11dd7c84,2024-11,Sussex Police,Sussex Police,-0.188493,51.115730,On or near Shopping Area,E01031585,Crawley 004C,Public order,Unable to prosecute suspect,
bc040555e9b994ad3caf371cc15cc02442faea3b3040b5c1e5727c7bee7d543c,2024-11,Sussex Police,Sussex Police,-0.188604,51.114337,On or near Parking Area,E01031585,Crawley 004C,Public order,Unable to prosecute suspect,
e71b0f9dba4237f9fc30db290dbf8416ee0af4e5f3f126ad24afae3c0f0d424d,2024-11,Sussex Police,Sussex Police,-0.187290,51.114695,On or near Parking Area,E01031585,Crawley 004C,Public order,Investigation complete; no suspect identified,
72be9fb5c7aa71081cd55f4e1a49734387fc480efddac837cd3123ec88e6d8f4,2024-11,Sussex Police,Sussex Police,-0.189092,51.115010,On or near Cross Keys,E01031585,Crawley 004C,Public order,Status update unavailable,
f727b6d923bafeb3c2313a27fe3b11a689cc7c984a4b1ae2be3639c830e69aa6,2024-11,Sussex Police,Sussex Police,-0.188493,51.115730,On or near Shopping Area,E01031585,Crawley 004C,Public order,Unable to prosecute suspect,
4d0a7ba4657ea95708cbb2bc8d1090d616516c934898afe7744da691b39f4d23,2024-11,Sussex Police,Sussex Police,-0.186742,51.112627,On or near Station Way,E01031585,Crawley 004C,Public order,Unable to prosecute suspect,
9622b90ec26aaa2636f046ed091a43bb7222f1cd84b5b4a8cfd20fca9477c12e,2024-11,Sussex Police,Sussex Police,-0.185129,51.115893,On or near Shopping Area,E01031585,Crawley 004C,Public order,Investigation complete; no suspect identified,
fac7c9b0d09c8480b0cbb95bb55cb48b0da180fb7236f37d3a46a2efc4cd15be,2024-11,Sussex Police,Sussex Police,-0.189092,51.115010,On or near Cross Keys,E01031585,Crawley 004C,Public order,Investigation complete; no suspect identified,
472df1adddc83270780768b69d5482906aa448f04cb993e77b11a411bc4ffe62,2024-11,Sussex Police,Sussex Police,-0.186909,51.116389,On or near Parking Area,E01031585,Crawley 004C,Public order,Investigation complete; no suspect identified,
fac76e619663fddc7e8c97bbb35e9c36be2223878df38414ea5e068f89813d8f,2024-11,Sussex Police,Sussex Police,-0.185129,51.115893,On or near Shopping Area,E01031585,Crawley 004C,Public order,Unable to prosecute suspect,
49c1af532a4b3c4702721fdcb8f23ed024651278ca8a308f0fe8ac1323004ab3,2024-11,Sussex Police,Sussex Police,-0.186742,51.112627,On or near Station Way,E01031585,Crawley 004C,Public order,Investigation complete; no suspect identified,
71e33accacb22d47207b34b613550b3cd0c3f5dfac7e60ce8a1440a19f6fb696,2024-11,Sussex Police,Sussex Police,-0.188493,51.115730,On or near Shopping Area,E01031585,Crawley 004C,Public order,Unable to prosecute suspect,
fd0c31044ced9684a0cf96e34694d9b6fa242ef21fb67d00e75da8b835df14cf,2024-11,Sussex Police,Sussex Police,-0.188493,51.115730,On or near Shopping Area,E01031585,Crawley 004C,Public order,Awaiting court outcome,
0bec59ed51a6d44c4f508b74a3cf80fc3352db03fe68157eebdffb72533fb84c,2024-11,Sussex Police,Sussex Police,-0.188493,51.115730,On or near Shopping Area,E01031585,Crawley 004C,Public order,Unable to prosecute suspect,
c0228a50547e8cc817be3ffd674ff199cf1d9dc4f601885647a3eb33a3e574d6,2024-11,Sussex Police,Sussex Police,-0.189167,51.117494,On or near Nightclub,E01031585,Crawley 004C,Public order,Investigation complete; no suspect identified,
a935d2ec2358342187ccc690f079cc6280c314af6f76d47598166a571ba8e1e2,2024-11,Sussex Police,Sussex Police,-0.186909,51.116389,On or near Parking Area,E01031585,Crawley 004C,Public order,Investigation complete; no suspect identified,
23620822081ed14a0d26ac8aa25d5522b9558005d132154b45bfb2b43d100992,2024-11,Sussex Police,Sussex Police,-0.185772,51.112243,On or near Parking Area,E01031585,Crawley 004C,Public order,Status update unavailable,
213ee2efaf50201b62c4657af66356b06cf396be2edbb97ea7c66186393eab0e,2024-11,Sussex Police,Sussex Police,-0.186742,51.112627,On or near Station Way,E01031585,Crawley 004C,Robbery,Unable to prosecute suspect,
f42633152fd88b51adf162e71171705bba717e919f92e7691f3879e059317c0b,2024-11,Sussex Police,Sussex Police,-0.186742,51.112627,On or near Station Way,E01031585,Crawley 004C,Shoplifting,Unable to prosecute suspect,
c9759b40fcb26211d0b199e69d560598161f5b6b7657f079af4ba56462517656,2024-11,Sussex Police,Sussex Police,-0.187290,51.114695,On or near Parking Area,E01031585,Crawley 004C,Shoplifting,Unable to prosecute suspect,
01b72c84b99e15d6c531210bcaa1ce3ef1aca715415fee19bece3b37a7403c05,2024-11,Sussex Police,Sussex Police,-0.188212,51.115240,On or near The Broadway,E01031585,Crawley 004C,Shoplifting,Investigation complete; no suspect identified,
8080c8d902b1c271593973ebc4e98aef04d8334485dceec424fda565fae9aa41,2024-11,Sussex Police,Sussex Police,-0.185271,51.113511,On or near Shopping Area,E01031585,Crawley 004C,Shoplifting,Investigation complete; no suspect identified,
9d9c129273b041222ce8a62982b1c19eeb79f49bd0dd5198ab395538ab79c213,2024-11,Sussex Police,Sussex Police,-0.187290,51.114695,On or near Parking Area,E01031585,Crawley 004C,Shoplifting,Unable to prosecute suspect,
27af08db17c9c5a0a35408673f815d5b3df2fe0e82d306c87d85a39ec5f1c4c1,2024-11,Sussex Police,Sussex Police,-0.186909,51.116389,On or near Parking Area,E01031585,Crawley 004C,Shoplifting,Unable to prosecute suspect,
8fbac82012112b0e15298db00c60022c12e77a99f12ccbdc8651386582104803,2024-11,Sussex Police,Sussex Police,-0.185271,51.113511,On or near Shopping Area,E01031585,Crawley 004C,Shoplifting,Unable to prosecute suspect,
5001ebfe927d689e0c5500bc01ed5faf3a895b5ff4c28dac3e68f34c06d9c353,2024-11,Sussex Police,Sussex Police,-0.185271,51.113511,On or near Shopping Area,E01031585,Crawley 004C,Shoplifting,Unable to prosecute suspect,
997e6f6a8658bec94ebbf456babc030285fe4ce8808996995d76d98be7fa2512,2024-11,Sussex Police,Sussex Police,-0.185271,51.113511,On or near Shopping Area,E01031585,Crawley 004C,Shoplifting,Investigation complete; no suspect identified,
5cd761024973eba1ed057ab5df2db1aba4c2c179afcf989c3f01f6ec70c1dd16,2024-11,Sussex Police,Sussex Police,-0.185271,51.113511,On or near Shopping Area,E01031585,Crawley 004C,Shoplifting,Investigation complete; no suspect identified,
24704cb6d9ce8cdf50be2ade67522f1f0d7063ca2d6d27294a35220a39a58cbf,2024-11,Sussex Police,Sussex Police,-0.185129,51.115893,On or near Shopping Area,E01031585,Crawley 004C,Shoplifting,Investigation complete; no suspect identified,
3a0b503a78645dfc65a392b488ddb396d7c4bd5ed3447738f0ffca710e9698f8,2024-11,Sussex Police,Sussex Police,-0.186909,51.116389,On or near Parking Area,E01031585,Crawley 004C,Shoplifting,Unable to prosecute suspect,
9007203049cc63730cd74773ebccfc73deaac6b03abd0d0e430820e342f5dfe4,2024-11,Sussex Police,Sussex Police,-0.186909,51.116389,On or near Parking Area,E01031585,Crawley 004C,Shoplifting,Unable to prosecute suspect,
f3e204f9f7f81e9e84aed9031e32aa394a5815c7182916136262635f7babad79,2024-11,Sussex Police,Sussex Police,-0.186909,51.116389,On or near Parking Area,E01031585,Crawley 004C,Shoplifting,Investigation complete; no suspect identified,
6ad6ad121a4582e51fcb8cc9a3926700d90adb9ca47ef8a524c0b47c28b41780,2024-11,Sussex Police,Sussex Police,-0.185271,51.113511,On or near Shopping Area,E01031585,Crawley 004C,Shoplifting,Investigation complete; no suspect identified,
27711ee94661b61adc083b6a973d7b6bc640f6a6e4363324dc1a17f2364eb9ad,2024-11,Sussex Police,Sussex Police,-0.187290,51.114695,On or near Parking Area,E01031585,Crawley 004C,Shoplifting,Unable to prosecute suspect,
9a67ff60a9c4cd561bbac556f77ed1ae650f796217b5952c038e9fa5e3c8cf0d,2024-11,Sussex Police,Sussex Police,-0.185271,51.113511,On or near Shopping Area,E01031585,Crawley 004C,Shoplifting,Investigation complete; no suspect identified,
575b8655f4dab0ff2d9e306f3bc2d4422b6789c4d5ae5af7291687cc169ec3c1,2024-11,Sussex Police,Sussex Police,-0.188212,51.115240,On or near The Broadway,E01031585,Crawley 004C,Shoplifting,Investigation complete; no suspect identified,
3e56bb7c6beb7aa1528f13df0748144643df9a5ad25b4fd6b42af7dca1eb7407,2024-11,Sussex Police,Sussex Police,-0.187290,51.114695,On or near Parking Area,E01031585,Crawley 004C,Shoplifting,Unable to prosecute suspect,
440c2512244db5e2c511b01b21fc6d3682d4aa2e113198c5f8f34f47e2d351b9,2024-11,Sussex Police,Sussex Police,-0.186909,51.116389,On or near Parking Area,E01031585,Crawley 004C,Shoplifting,Unable to prosecute suspect,
e40690ac85853ed2c1212c5fa841fd1cee49ac2bdd0fc5ceecf76656650d9351,2024-11,Sussex Police,Sussex Police,-0.185271,51.113511,On or near Shopping Area,E01031585,Crawley 004C,Shoplifting,Unable to prosecute suspect,
4e30d545f5e20c8590152d907289a6d24586ed251fbc6fa23ec2c534c5bc5540,2024-11,Sussex Police,Sussex Police,-0.188212,51.115240,On or near The Broadway,E01031585,Crawley 004C,Shoplifting,Investigation complete; no suspect identified,
6599936297e4fe7fe5ee39176fe41ac4fbaf5554381220a917aaa757a76eaeb0,2024-11,Sussex Police,Sussex Police,-0.185129,51.115893,On or near Shopping Area,E01031585,Crawley 004C,Shoplifting,Unable to prosecute suspect,
21cbd464c0f6db0524b306c93be5c0aa70a6300e3ec8eb2648a56d3ee732c0a2,2024-11,Sussex Police,Sussex Police,-0.185271,51.113511,On or near Shopping Area,E01031585,Crawley 004C,Shoplifting,Local resolution,
eba642c34634b6f9ae05653080d04cbfa03dd1ffdd204ae2ccc595f9e315bbd2,2024-11,Sussex Police,Sussex Police,-0.185271,51.113511,On or near Shopping Area,E01031585,Crawley 004C,Shoplifting,Local resolution,
c07724f782170761f11aafb1a8e16b9cd406694eb634cd688aa70bf8bd1f4f1c,2024-11,Sussex Police,Sussex Police,-0.184542,51.115911,On or near Supermarket,E01031585,Crawley 004C,Shoplifting,Court result unavailable,
55eb29df8bde330da864edbce8d91a39f4861125aca0413ed75329edbdf83ab1,2024-11,Sussex Police,Sussex Police,-0.186909,51.116389,On or near Parking Area,E01031585,Crawley 004C,Shoplifting,Unable to prosecute suspect,
4fd41a55cca367aea038844f4a459bae324fabddfabaea8bac36c08958feac67,2024-11,Sussex Police,Sussex Police,-0.186742,51.112627,On or near Station Way,E01031585,Crawley 004C,Shoplifting,Local resolution,
5032ec5b0dc2b2a33e1c26cbbf4cbd238808e3b0c8198f333c6e74224ed8d500,2024-11,Sussex Police,Sussex Police,-0.185271,51.113511,On or near Shopping Area,E01031585,Crawley 004C,Shoplifting,Local resolution,
53dcc313b7eb238f717e2ba401fec5fefe2c0a46f5134871725c941cce2f3d93,2024-11,Sussex Police,Sussex Police,-0.187290,51.114695,On or near Parking Area,E01031585,Crawley 004C,Shoplifting,Unable to prosecute suspect,
48888857f68d4f1967ee5c3999d8b614d155a639a5dcd72a3a5a64fc77a3ec2f,2024-11,Sussex Police,Sussex Police,-0.187290,51.114695,On or near Parking Area,E01031585,Crawley 004C,Shoplifting,Local resolution,
c44ad0a0749a88c24a17a67947df1d8c0ef896475fad4fe705fa39b5a13dba96,2024-11,Sussex Police,Sussex Police,-0.187290,51.114695,On or near Parking Area,E01031585,Crawley 004C,Shoplifting,Unable to prosecute suspect,
350ec5580f9a093abac897c8b74d25cd833c298c3942dc61ccb2ea742dbfd66d,2024-11,Sussex Police,Sussex Police,-0.187290,51.114695,On or near Parking Area,E01031585,Crawley 004C,Shoplifting,Investigation complete; no suspect identified,
c39991654894753bc6619fb9b093e37c4e296cd4295894c464484821b21db7d8,2024-11,Sussex Police,Sussex Police,-0.184542,51.115911,On or near Supermarket,E01031585,Crawley 004C,Shoplifting,Investigation complete; no suspect identified,
11d6f0c6380eb961b6b9c8f74daf64d71f5bb37c8a54983a6fe7d8dcfaddd8e6,2024-11,Sussex Police,Sussex Police,-0.185271,51.113511,On or near Shopping Area,E01031585,Crawley 004C,Shoplifting,Local resolution,
c28a360565e689a3fab7f1354aff309adbd0cd0ff5a29c1a11de10d754229527,2024-11,Sussex Police,Sussex Police,-0.187290,51.114695,On or near Parking Area,E01031585,Crawley 004C,Shoplifting,Unable to prosecute suspect,
69d1176530620e96cedd37f5500794f29f5adfc24e8163dfba0f1a711746fab8,2024-11,Sussex Police,Sussex Police,-0.187290,51.114695,On or near Parking Area,E01031585,Crawley 004C,Shoplifting,Unable to prosecute suspect,
917d0022c0e6863e0559e3b28916462c780d9646179d6437766a2d5b34e7a08c,2024-11,Sussex Police,Sussex Police,-0.187290,51.114695,On or near Parking Area,E01031585,Crawley 004C,Shoplifting,Investigation complete; no suspect identified,
2badd881dd4475319d29264904f24a86a63a57b7518af81d74bfcdaddf3a34e2,2024-11,Sussex Police,Sussex Police,-0.186909,51.116389,On or near Parking Area,E01031585,Crawley 004C,Shoplifting,Unable to prosecute suspect,
1284aa321a42d971e73a7f880042c03bad7f1ce5b150c753c8b9233bcf33f1bc,2024-11,Sussex Police,Sussex Police,-0.187290,51.114695,On or near Parking Area,E01031585,Crawley 004C,Shoplifting,Unable to prosecute suspect,
6996ab8880f7617e9d8bb54ed7180190ce860ee6437a397e9964675d2fc4cbf2,2024-11,Sussex Police,Sussex Police,-0.187290,51.114695,On or near Parking Area,E01031585,Crawley 004C,Shoplifting,Investigation complete; no suspect identified,
2b04f4e9fcb175398f7c4887e764840e894b7b68f6eaf2f926ad522437ca70aa,2024-11,Sussex Police,Sussex Police,-0.188232,51.120932,On or near Beech Tree Close,E01031585,Crawley 004C,Theft from the person,Investigation complete; no suspect identified,
cdab88b8dc6322d9af9e76aeb572551063d7d59107c585183bfb29e8cb24f1d2,2024-11,Sussex Police,Sussex Police,-0.185772,51.112243,On or near Parking Area,E01031585,Crawley 004C,Theft from the person,Local resolution,
3b30511a6b8c5a0631deb1157c0c49b2c6e30b3e97616240af13a89bd7391981,2024-11,Sussex Police,Sussex Police,-0.186909,51.116389,On or near Parking Area,E01031585,Crawley 004C,Theft from the person,Investigation complete; no suspect identified,
cfef33c7d82ca49d00a2317f60f3cf96f325baab9e0436ad5f61d15fd275f902,2024-11,Sussex Police,Sussex Police,-0.189167,51.117494,On or near Nightclub,E01031585,Crawley 004C,Theft from the person,Local resolution,
df8f4837444b91490bfd8715cf7d9289e9054321a90b3575693ce9c4d667139c,2024-11,Sussex Police,Sussex Police,-0.185356,51.117021,On or near Parking Area,E01031585,Crawley 004C,Theft from the person,Investigation complete; no suspect identified,
e50978501fe5adb7a62bb742fe4374e576384106fe9047d00e2faafa4e4fad1c,2024-11,Sussex Police,Sussex Police,-0.185192,51.118646,On or near Kilnmead,E01031585,Crawley 004C,Vehicle crime,Investigation complete; no suspect identified,
68f9058a17f317912f118bf1d33cfffe882030619debb8534cc9410c04d3fb9e,2024-11,Sussex Police,Sussex Police,-0.184542,51.115911,On or near Supermarket,E01031585,Crawley 004C,Vehicle crime,Investigation complete; no suspect identified,
40c9b4146c2cd3c9fe239d3604e027c74dcd88fce8015f6ac168e26bffcbd8a0,2024-11,Sussex Police,Sussex Police,-0.184430,51.117312,On or near Parking Area,E01031585,Crawley 004C,Vehicle crime,Investigation complete; no suspect identified,
f93081efc87bb9a20f74d1cdb0d457a4b346d230ff322d479aa5582f1ca52b2e,2024-11,Sussex Police,Sussex Police,-0.189167,51.117494,On or near Nightclub,E01031585,Crawley 004C,Vehicle crime,Investigation complete; no suspect identified,
f846f5a41a6454a20bc2438e0142f7956af75c4fd93168adf81458cc9749f20e,2024-11,Sussex Police,Sussex Police,-0.183283,51.117402,On or near Exchange Road,E01031585,Crawley 004C,Vehicle crime,Status update unavailable,
10d4a9c5552ad4b6f2ebc1ee9dbda6e562757ef695661770b2268d51cc906a32,2024-11,Sussex Police,Sussex Police,-0.184542,51.115911,On or near Supermarket,E01031585,Crawley 004C,Vehicle crime,Investigation complete; no suspect identified,
4ad637f195457f6750590937bdafee35a3e7a99ea268d38dc7f29fd279c71ab0,2024-11,Sussex Police,Sussex Police,-0.188232,51.120932,On or near Beech Tree Close,E01031585,Crawley 004C,Violence and sexual offences,Investigation complete; no suspect identified,
e3e872e51a6a36a6cae87bc2ea7a52cc8d8cb0afe3c95c9c732e8a20506ce93d,2024-11,Sussex Police,Sussex Police,-0.185271,51.113511,On or near Shopping Area,E01031585,Crawley 004C,Violence and sexual offences,Investigation complete; no suspect identified,
f74e62b16811fa237e3266884b857e222dd7ef290233e6a7438d053976d7cbee,2024-11,Sussex Police,Sussex Police,-0.185773,51.118044,On or near Parking Area,E01031585,Crawley 004C,Violence and sexual offences,Unable to prosecute suspect,
478b9de5b964929b08316855526a3fe499c82ac8b9948c3c615bc0d2743802ae,2024-11,Sussex Police,Sussex Police,-0.189167,51.117494,On or near Nightclub,E01031585,Crawley 004C,Violence and sexual offences,Investigation complete; no suspect identified,
2a24a9ba635d908f9fe5795f6d80c9e5ce8e00379c11070de1574908ed5a92e6,2024-11,Sussex Police,Sussex Police,-0.188493,51.115730,On or near Shopping Area,E01031585,Crawley 004C,Violence and sexual offences,Unable to prosecute suspect,
0d68e2021342f4dffa8c8fe3e88d91b8724984f081455e6ed529a0dbdccbf8bd,2024-11,Sussex Police,Sussex Police,-0.185271,51.113511,On or near Shopping Area,E01031585,Crawley 004C,Violence and sexual offences,Unable to prosecute suspect,
96dfede57537877ce3785917a968ff89a158c46a89cb2422c3e3d7585aa14f61,2024-11,Sussex Police,Sussex Police,-0.189167,51.117494,On or near Nightclub,E01031585,Crawley 004C,Violence and sexual offences,Investigation complete; no suspect identified,
dcd8a5415874ed6e6d89a49d75b43cbf6663ec94259e9db642d906bd38dd0b88,2024-11,Sussex Police,Sussex Police,-0.189167,51.117494,On or near Nightclub,E01031585,Crawley 004C,Violence and sexual offences,Further investigation is not in the public interest,
dfc8d1fdd2039af66bbf15be19d08ee49f8be151d001353b84d5694bf37d5620,2024-11,Sussex Police,Sussex Police,-0.185271,51.113511,On or near Shopping Area,E01031585,Crawley 004C,Violence and sexual offences,Court result unavailable,
7786f1f5c09ce59fab56beaacca5f26da759dc6b36070ac20e6754bc0578999c,2024-11,Sussex Police,Sussex Police,-0.187290,51.114695,On or near Parking Area,E01031585,Crawley 004C,Violence and sexual offences,Unable to prosecute suspect,
d7d08a78fb8d39deedf1d408e82995c69af6bc9c2236fcdf844301683ec77dc5,2024-11,Sussex Police,Sussex Police,-0.185356,51.117021,On or near Parking Area,E01031585,Crawley 004C,Violence and sexual offences,Unable to prosecute suspect,
718e9e982eabcbbf9fa2692069e335df9fc1abf04de8020eaa044dd5c87fbfc5,2024-11,Sussex Police,Sussex Police,-0.189092,51.115010,On or near Cross Keys,E01031585,Crawley 004C,Violence and sexual offences,Unable to prosecute suspect,
fbe2684e5cfc9d7a05e2f8bf4eeca43af693f9d02bdc169134b5088280f26f0b,2024-11,Sussex Police,Sussex Police,-0.189092,51.115010,On or near Cross Keys,E01031585,Crawley 004C,Violence and sexual offences,Court result unavailable,
2758a970b56879f7e36131ecd8a5c7155a6996b88915d627298066491c9cb173,2024-11,Sussex Police,Sussex Police,-0.185271,51.113511,On or near Shopping Area,E01031585,Crawley 004C,Violence and sexual offences,Unable to prosecute suspect,
b94319e24561a85c4fd78721e941485a0c5ece25be7006e0b271fa52a5b946b7,2024-11,Sussex Police,Sussex Police,-0.188493,51.115730,On or near Shopping Area,E01031585,Crawley 004C,Violence and sexual offences,Status update unavailable,
4970fcd8a35c780224113d0fc09bebfd5fc0e27a1145822d03c3b071d901df59,2024-11,Sussex Police,Sussex Police,-0.185271,51.113511,On or near Shopping Area,E01031585,Crawley 004C,Violence and sexual offences,Investigation complete; no suspect identified,
43a74ea73d69ac4f4eb10f3e1b2a6864bb9c088d0d180231fc8a7d4c0157c489,2024-11,Sussex Police,Sussex Police,-0.188493,51.115730,On or near Shopping Area,E01031585,Crawley 004C,Violence and sexual offences,Unable to prosecute suspect,
62f0723842a06268a35234e4cf224689be7163b3c20c6539eeb07e40422f8b5f,2024-11,Sussex Police,Sussex Police,-0.184430,51.117312,On or near Parking Area,E01031585,Crawley 004C,Violence and sexual offences,Status update unavailable,
cd203ae0db2a86e55ac92bb1c2a720c01abb87e9c632d8ea603206243d3a9e2e,2024-11,Sussex Police,Sussex Police,-0.189092,51.115010,On or near Cross Keys,E01031585,Crawley 004C,Violence and sexual offences,Investigation complete; no suspect identified,
817f050225bf7d57c73444bb003830526daf680966ae7b3d3c145177876b6891,2024-11,Sussex Police,Sussex Police,-0.185271,51.113511,On or near Shopping Area,E01031585,Crawley 004C,Violence and sexual offences,Local resolution,
9e54a8f15c7f5b3f0cfc8f0e2f613b9c17dc15c1ad27f33ff0cb138a2678e8eb,2024-11,Sussex Police,Sussex Police,-0.184430,51.117312,On or near Parking Area,E01031585,Crawley 004C,Violence and sexual offences,Status update unavailable,
aa95501926c13d618634c1058cf04b76b99282a8ab3a4e7168cfbf90d04181b1,2024-11,Sussex Police,Sussex Police,-0.189092,51.115010,On or near Cross Keys,E01031585,Crawley 004C,Violence and sexual offences,Unable to prosecute suspect,
40d85b7e419fde2183f5ca8c9be68a5cd4ac7459e0a3bbad4855ab46c461071f,2024-11,Sussex Police,Sussex Police,-0.188232,51.120932,On or near Beech Tree Close,E01031585,Crawley 004C,Violence and sexual offences,Status update unavailable,
d4abbf70c718a0593f232526b1334a7fc7278a0b190f0de65105f2a81a55b2a9,2024-11,Sussex Police,Sussex Police,-0.186909,51.116389,On or near Parking Area,E01031585,Crawley 004C,Violence and sexual offences,Investigation complete; no suspect identified,
80fe42f9ac1902fa1f275b11486a9b23d7714e26162ceef619a36b823bc76b15,2024-11,Sussex Police,Sussex Police,-0.186909,51.116389,On or near Parking Area,E01031585,Crawley 004C,Violence and sexual offences,Status update unavailable,
442d114c2f38064be39d8c1e1b9e18351d3e7a8a6dcd15a2243ff20e45a3aff6,2024-11,Sussex Police,Sussex Police,-0.188493,51.115730,On or near Shopping Area,E01031585,Crawley 004C,Violence and sexual offences,Unable to prosecute suspect,
83ae715886596c1bb7670a556da1b1d8bca29692dd3160f0182b51e40ad7911a,2024-11,Sussex Police,Sussex Police,-0.188212,51.115240,On or near The Broadway,E01031585,Crawley 004C,Violence and sexual offences,Court result unavailable,
6edd3184d2045af3b7ab26c97387125ec9fc8a24cfb548262aaedafea8dc7c4b,2024-11,Sussex Police,Sussex Police,-0.188212,51.115240,On or near The Broadway,E01031585,Crawley 004C,Violence and sexual offences,Court result unavailable,
caa0d660728a21cd6ae5d7b1dcf9007b2fe3b859fd07ff0f91e3f970934a0f44,2024-11,Sussex Police,Sussex Police,-0.188493,51.115730,On or near Shopping Area,E01031585,Crawley 004C,Violence and sexual offences,Unable to prosecute suspect,
f1bb18cded1d34700e2d695c2957233bc484c013e29a29089bf2150d42e73c62,2024-11,Sussex Police,Sussex Police,-0.188212,51.115240,On or near The Broadway,E01031585,Crawley 004C,Violence and sexual offences,Court result unavailable,
46bec8baf0cfc87cb8a7ed950f1f60cbb21bbc0a9f7abb476ede7da4d4b965e2,2024-11,Sussex Police,Sussex Police,-0.186742,51.112627,On or near Station Way,E01031585,Crawley 004C,Violence and sexual offences,Investigation complete; no suspect identified,
960d4047a774ce3a2a2419b426204f8e7f71df74dcaacee9363be515b130377d,2024-11,Sussex Police,Sussex Police,-0.188604,51.114337,On or near Parking Area,E01031585,Crawley 004C,Violence and sexual offences,Investigation complete; no suspect identified,
942ca8844e8eab6ae5a9242f78915e9b52fe4e2b039583b362f6fc9c55b21435,2024-11,Sussex Police,Sussex Police,-0.187290,51.114695,On or near Parking Area,E01031585,Crawley 004C,Violence and sexual offences,Investigation complete; no suspect identified,
78e97b76e2af6ddcfa375311e9f3a6aebbb80136e002683693231fe50c4de9e4,2024-11,Sussex Police,Sussex Police,-0.185271,51.113511,On or near Shopping Area,E01031585,Crawley 004C,Violence and sexual offences,Unable to prosecute suspect,
e2aeccaec6292b87346c2c422bc01b213c9242455da9591c64cbb9580a85a367,2024-11,Sussex Police,Sussex Police,-0.188493,51.115730,On or near Shopping Area,E01031585,Crawley 004C,Violence and sexual offences,Unable to prosecute suspect,
104a4d1e9cd856d5d36663cf6ef141669836be35fcda13af59cceb86c4dd204f,2024-11,Sussex Police,Sussex Police,-0.186742,51.112627,On or near Station Way,E01031585,Crawley 004C,Violence and sexual offences,Investigation complete; no suspect identified,
,2024-11,Sussex Police,Sussex Police,-0.172032,51.117937,On or near Gales Place,E01031601,Crawley 004D,Anti-social behaviour,,
e2e326b2317d15977afbbbeb46218c4babba223420514262de4fef1567f23c67,2024-11,Sussex Police,Sussex Police,-0.173555,51.119517,On or near Crossways Close,E01031601,Crawley 004D,Other theft,Unable to prosecute suspect,
d57d2c9a462c0445e11578703016ed75f15e89cb2fcf99c02cc8397b600300b3,2024-11,Sussex Police,Sussex Police,-0.172535,51.118944,On or near Farm Close,E01031601,Crawley 004D,Public order,Investigation complete; no suspect identified,
5ad5835ceef76f6dc0abd9fb87b1dbb35900ed40236858fc9ce6675df8388bbc,2024-11,Sussex Police,Sussex Police,-0.172413,51.122026,On or near Hermits Road,E01031601,Crawley 004D,Vehicle crime,Investigation complete; no suspect identified,
f242d4ab3608ad4857dde25f28cd5b22e27e61e9de3b7f100ce96a2dbd871b81,2024-11,Sussex Police,Sussex Police,-0.173555,51.119517,On or near Crossways Close,E01031601,Crawley 004D,Violence and sexual offences,Unable to prosecute suspect,
,2024-11,Sussex Police,Sussex Police,-0.175097,51.113381,On or near Commonwealth Drive,E01032835,Crawley 004F,Anti-social behaviour,,
,2024-11,Sussex Police,Sussex Police,-0.175097,51.113381,On or near Commonwealth Drive,E01032835,Crawley 004F,Anti-social behaviour,,
bce4f67be3e3a94af1cb2d0eadf0fac18200470dc1f6edf47f6863cd13a9b602,2024-11,Sussex Police,Sussex Police,-0.175097,51.113381,On or near Commonwealth Drive,E01032835,Crawley 004F,Burglary,Court result unavailable,
47c4c28b00c6cbaab8f513c928842577c93672310d1056767207f2efd81e8017,2024-11,Sussex Police,Sussex Police,-0.178732,51.113240,On or near Spindle Way,E01032835,Crawley 004F,Burglary,Investigation complete; no suspect identified,
cb853156a3819adb9a4471c4e99a0450a365359d3c2182303478c741e9467671,2024-11,Sussex Police,Sussex Police,-0.180694,51.113300,On or near Shopping Area,E01032835,Crawley 004F,Burglary,Investigation complete; no suspect identified,
e2fbdc0447dbcd1357bee4df59e3ea55b997e94d1d82c3afeb00ce0db88476d3,2024-11,Sussex Police,Sussex Police,-0.178732,51.113240,On or near Spindle Way,E01032835,Crawley 004F,Other theft,Investigation complete; no suspect identified,
263e853776abdec9dc216faf7c43e19a6502c4e30fca1b42ac2bf18f65f383fa,2024-11,Sussex Police,Sussex Police,-0.175097,51.113381,On or near Commonwealth Drive,E01032835,Crawley 004F,Public order,Investigation complete; no suspect identified,
dc1e21b8c510722786b5b221c4c11e535b91bcd4fc17eeccca9e48e97b5efe60,2024-11,Sussex Police,Sussex Police,-0.175097,51.113381,On or near Commonwealth Drive,E01032835,Crawley 004F,Shoplifting,Court result unavailable,
cc95c144b9970478662af3d6c5bdb27581fabf4e45ef477bc2c2071103169654,2024-11,Sussex Police,Sussex Police,-0.178732,51.113240,On or near Spindle Way,E01032835,Crawley 004F,Shoplifting,Investigation complete; no suspect identified,
5761f6838401bbf1eb7025ece7b962843d646b3b3957caf3735ea0b43022fb19,2024-11,Sussex Police,Sussex Police,-0.178732,51.113240,On or near Spindle Way,E01032835,Crawley 004F,Shoplifting,Court result unavailable,
7686a160ffd91d532c6d312783b1141a584a07c07dd94307f8ab400bfc96844c,2024-11,Sussex Police,Sussex Police,-0.175097,51.113381,On or near Commonwealth Drive,E01032835,Crawley 004F,Shoplifting,Court result unavailable,
96c143dc2539fd1958c16fd0dbb6a948f1fe3e61e9568737fcef6599e8f4094a,2024-11,Sussex Police,Sussex Police,-0.175097,51.113381,On or near Commonwealth Drive,E01032835,Crawley 004F,Shoplifting,Unable to prosecute suspect,
272df921315cbfb026742553da802884cea29e7a813147ab565132175c661ccf,2024-11,Sussex Police,Sussex Police,-0.175097,51.113381,On or near Commonwealth Drive,E01032835,Crawley 004F,Vehicle crime,Investigation complete; no suspect identified,
1ea091ca097996054de08b81c4fb5535aec5f674e7ba140d5ea982c7b4b041e9,2024-11,Sussex Police,Sussex Police,-0.175097,51.113381,On or near Commonwealth Drive,E01032835,Crawley 004F,Violence and sexual offences,Unable to prosecute suspect,
68dde70559ba57190066de2851ee86715e1a6e11dac25197151461596472ad85,2024-11,Sussex Police,Sussex Police,-0.175097,51.113381,On or near Commonwealth Drive,E01032835,Crawley 004F,Violence and sexual offences,Court result unavailable,
ae6b5eb645c0cbd69f4b172c9f987582511bda063154cd5eacf65c8344c7054f,2024-11,Sussex Police,Sussex Police,-0.175097,51.113381,On or near Commonwealth Drive,E01032835,Crawley 004F,Violence and sexual offences,Investigation complete; no suspect identified,
7f6c10fb637ac36e2b2ec2ffe7064b481f853336a9bade11213f2e1de64629b4,2024-11,Sussex Police,Sussex Police,-0.175097,51.113381,On or near Commonwealth Drive,E01032835,Crawley 004F,Violence and sexual offences,Unable to prosecute suspect,
0756c953249520dba3567e138f03cfca994588e79eb06f44ba9dcddc57bc933f,2024-11,Sussex Police,Sussex Police,-0.175097,51.113381,On or near Commonwealth Drive,E01032835,Crawley 004F,Violence and sexual offences,Court result unavailable,
b58673730120648d07230339e75f39d47ecb56d6734dced1f1ccb6d6f852a108,2024-11,Sussex Police,Sussex Police,-0.178872,51.115850,On or near Priors Walk,E01032835,Crawley 004F,Violence and sexual offences,Unable to prosecute suspect,
cc94106c84856afb2d6c5babb6ae037fe84bbb9af13f0e124344c772508893df,2024-11,Sussex Police,Sussex Police,-0.178872,51.115850,On or near Priors Walk,E01032835,Crawley 004F,Violence and sexual offences,Unable to prosecute suspect,
,2024-11,Sussex Police,Sussex Police,-0.170081,51.113410,On or near Russell Way,E01032836,Crawley 004G,Anti-social behaviour,,
,2024-11,Sussex Police,Sussex Police,-0.170802,51.113242,On or near Beverley Mews,E01032836,Crawley 004G,Anti-social behaviour,,
5e380bd86e9397172a5d8f22143123409521667f10d6fff9f4cfc88ab631e4d3,2024-11,Sussex Police,Sussex Police,-0.165388,51.114308,On or near Stephenson Place,E01032836,Crawley 004G,Burglary,Investigation complete; no suspect identified,
0f6d1297afdebc1a5d9216f48d9756225a0ce08cf90874afdee3c7ea60afc069,2024-11,Sussex Police,Sussex Police,-0.181516,51.116206,On or near Further/Higher Educational Building,E01032836,Crawley 004G,Criminal damage and arson,Court result unavailable,
1e7c9507fce8a2942e476388bf1c8145e3137ee5fddf524d9d12f7adbe022555,2024-11,Sussex Police,Sussex Police,-0.170802,51.113242,On or near Beverley Mews,E01032836,Crawley 004G,Criminal damage and arson,Investigation complete; no suspect identified,
30fbeffe52024492fe29c0a8072ebbd47cff630ce817b4c2b538def8d3339a99,2024-11,Sussex Police,Sussex Police,-0.181516,51.116206,On or near Further/Higher Educational Building,E01032836,Crawley 004G,Drugs,Unable to prosecute suspect,
05ef9495a1cc6338924c35ec8b7995110e6aacefe81eb8a4732e0c827c90bcb6,2024-11,Sussex Police,Sussex Police,-0.181516,51.116206,On or near Further/Higher Educational Building,E01032836,Crawley 004G,Drugs,Offender given a caution,
ed3ea4ab5e2abbcf57a4f32ff72052dbe3ba10f7336b5193ed07f5774e59faca,2024-11,Sussex Police,Sussex Police,-0.177098,51.118089,On or near Brookside,E01032836,Crawley 004G,Drugs,Further investigation is not in the public interest,
97829362b15a10bca7246ec097c123aadd9495310b9bd15d52159983f46f1688,2024-11,Sussex Police,Sussex Police,-0.170230,51.114357,On or near Haslett Avenue East,E01032836,Crawley 004G,Other theft,Unable to prosecute suspect,
c48b6f92398d67037c689b3fd4b5ce795ca06a5251b12aa8007332603323e1cd,2024-11,Sussex Police,Sussex Police,-0.181516,51.116206,On or near Further/Higher Educational Building,E01032836,Crawley 004G,Other theft,Investigation complete; no suspect identified,
4bdc316c36c7238409dd6eee9a350d3289b2f33c0b154d70351c3b661f40fd86,2024-11,Sussex Police,Sussex Police,-0.181516,51.116206,On or near Further/Higher Educational Building,E01032836,Crawley 004G,Other theft,Investigation complete; no suspect identified,
62b186acbd8d20bf4b31d3d0ff0c66538cca4553e8c55105004097944c45e8a7,2024-11,Sussex Police,Sussex Police,-0.170802,51.113242,On or near Beverley Mews,E01032836,Crawley 004G,Other theft,Investigation complete; no suspect identified,
e5bfabc5225faf0d9f70f0920a1675ff148fbebcf452e150cf7bdf5b29133a98,2024-11,Sussex Police,Sussex Police,-0.177098,51.118089,On or near Brookside,E01032836,Crawley 004G,Possession of weapons,Investigation complete; no suspect identified,
db858589650bb646fe2f9fd823c0068168077011d893db0fc40b15edbf876678,2024-11,Sussex Police,Sussex Police,-0.181516,51.116206,On or near Further/Higher Educational Building,E01032836,Crawley 004G,Public order,Offender given a caution,
ee4d50b65a82a1fa15580e9dc79a27a8e8538ba4120692ef33f89a9faabb2c03,2024-11,Sussex Police,Sussex Police,-0.181516,51.116206,On or near Further/Higher Educational Building,E01032836,Crawley 004G,Public order,Status update unavailable,
5e833042b3d360634e02b0f4766f7dc5a359e93213418f9c566e37f41ee06329,2024-11,Sussex Police,Sussex Police,-0.170802,51.113242,On or near Beverley Mews,E01032836,Crawley 004G,Public order,Investigation complete; no suspect identified,
de11b29630a9a1b97a3bf8f2c12ca949819a0ed325d7740d3512f6ed1b014d6b,2024-11,Sussex Police,Sussex Police,-0.181516,51.116206,On or near Further/Higher Educational Building,E01032836,Crawley 004G,Public order,Offender given a caution,
4203d9253bba59f3899890d4f0262ccfa65761863efbe463352c51042d629800,2024-11,Sussex Police,Sussex Police,-0.181516,51.116206,On or near Further/Higher Educational Building,E01032836,Crawley 004G,Public order,Unable to prosecute suspect,
5d3763f3831c6c7be430a095ca1ebdceff06d5c1757d4f8cedae082d6fb81b08,2024-11,Sussex Police,Sussex Police,-0.181516,51.116206,On or near Further/Higher Educational Building,E01032836,Crawley 004G,Public order,Unable to prosecute suspect,
37fa973b8bb24fb8d11d617bd593feee4b5654c64287fbde4a7a83b407477913,2024-11,Sussex Police,Sussex Police,-0.165239,51.114459,On or near Stephenson Way,E01032836,Crawley 004G,Shoplifting,Awaiting court outcome,
dbec21b6dd4f58a2e9d4394d44820e5a74c861529d6fe3af0275de492584f330,2024-11,Sussex Police,Sussex Police,-0.177764,51.116417,On or near Mitchells Road,E01032836,Crawley 004G,Vehicle crime,Investigation complete; no suspect identified,
80178e28ffc8b8c0f5a5e7815b79a0be5bcf3285c0c2650470b55806074f018b,2024-11,Sussex Police,Sussex Police,-0.173538,51.117421,On or near Gales Drive,E01032836,Crawley 004G,Vehicle crime,Investigation complete; no suspect identified,
5f9f051158b4a2c27b46da457c448bfe281b6b6f7667fba82a817d006ee0bf4b,2024-11,Sussex Police,Sussex Police,-0.181516,51.116206,On or near Further/Higher Educational Building,E01032836,Crawley 004G,Violence and sexual offences,Unable to prosecute suspect,
f3eee2a6527efc6ed7c613c91bd9c4915eef65d11bd11287103473640e7345e9,2024-11,Sussex Police,Sussex Police,-0.170081,51.113410,On or near Russell Way,E01032836,Crawley 004G,Violence and sexual offences,Unable to prosecute suspect,
78f4ed7d45f5b70ce871c34bb2fe55f2d8bab23a40f4ef6ba29ea1e986a2ef25,2024-11,Sussex Police,Sussex Police,-0.170802,51.113242,On or near Beverley Mews,E01032836,Crawley 004G,Violence and sexual offences,Unable to prosecute suspect,
d87b94f41f5faa11a9496321cdc151086818720743e7b33f759e60bded7f95ad,2024-11,Sussex Police,Sussex Police,-0.177098,51.118089,On or near Brookside,E01032836,Crawley 004G,Violence and sexual offences,Unable to prosecute suspect,
e0f4d502aeb9a142f589513217a4bde011cc954c1c0af1e4d706552b03e52b7f,2024-11,Sussex Police,Sussex Police,-0.177098,51.118089,On or near Brookside,E01032836,Crawley 004G,Violence and sexual offences,Unable to prosecute suspect,
74b51cfdff1a75d2434aef0161a9aec4f960e4c3becab62b702221a4ab6c02e0,2024-11,Sussex Police,Sussex Police,-0.177098,51.118089,On or near Brookside,E01032836,Crawley 004G,Violence and sexual offences,Unable to prosecute suspect,
9694a29ca7179b9504d2c3372496fb9253533fa276c90ca8f06ca911653e4f4b,2024-11,Sussex Police,Sussex Police,-0.174591,51.118247,On or near Broomdashers Road,E01032836,Crawley 004G,Violence and sexual offences,Unable to prosecute suspect,
0ef8b40152e616f52dbfc6e9c6f8d38c6afd207d42e5df131ea1f35b9f07a004,2024-11,Sussex Police,Sussex Police,-0.170081,51.113410,On or near Russell Way,E01032836,Crawley 004G,Violence and sexual offences,Unable to prosecute suspect,
19f3a971f0b9662ae5a7445d6801d68e2031e33c7ba767991d3cbbd3f9dbeac2,2024-11,Sussex Police,Sussex Police,-0.181516,51.116206,On or near Further/Higher Educational Building,E01032836,Crawley 004G,Violence and sexual offences,Unable to prosecute suspect,
,2024-11,Sussex Police,Sussex Police,-0.156264,51.120999,On or near Hardy Close,E01031589,Crawley 005A,Anti-social behaviour,,
9c97bf9fb35c7f022d87bf5985a1acff91c311f4cab86c87818f71014acf5f90,2024-11,Sussex Police,Sussex Police,-0.160433,51.125400,On or near Parking Area,E01031589,Crawley 005A,Public order,Unable to prosecute suspect,
,2024-11,Sussex Police,Sussex Police,-0.153748,51.117785,On or near Supermarket,E01031591,Crawley 005B,Anti-social behaviour,,
37276b15b5c26bf25f338891fc9c4764e3ad37b99d509f21053a8756f32cc6e5,2024-11,Sussex Police,Sussex Police,-0.154350,51.117741,On or near Pound Hill Parade,E01031591,Crawley 005B,Burglary,Investigation complete; no suspect identified,
4a00f35db198091c1472f566a4b3959d41f9bf90bf9804d5b0b8e7dc061e42b2,2024-11,Sussex Police,Sussex Police,-0.151181,51.116953,On or near The Rise,E01031591,Crawley 005B,Criminal damage and arson,Unable to prosecute suspect,
c4d47dcad5c07a77b50a8a76f3ce48f4452f6c3c41676b4fdc872332ec2ce01d,2024-11,Sussex Police,Sussex Police,-0.154350,51.117741,On or near Pound Hill Parade,E01031591,Crawley 005B,Criminal damage and arson,Unable to prosecute suspect,
3ea77b54a7a5796a834820eda3a81e7a2948bea2276ed1f916078b2648330faf,2024-11,Sussex Police,Sussex Police,-0.160306,51.117808,On or near Station Hill,E01031591,Crawley 005B,Criminal damage and arson,Investigation complete; no suspect identified,
18d249380a63e6ce8964c31e8d110a00bcfde28c7b817871f97138c18a67a9c5,2024-11,Sussex Police,Sussex Police,-0.155697,51.115855,On or near Arundel Close,E01031591,Crawley 005B,Drugs,Investigation complete; no suspect identified,
7516a43e30accaf71bf05a9454cc9844f7d35667f3ce46a992be2db23c51d2eb,2024-11,Sussex Police,Sussex Police,-0.154355,51.116194,On or near Amberley Close,E01031591,Crawley 005B,Other theft,Unable to prosecute suspect,
40137bc9e33d36e9d00b904a38f62c31041725fa75545c73a99fd23a40ef2674,2024-11,Sussex Police,Sussex Police,-0.160306,51.117808,On or near Station Hill,E01031591,Crawley 005B,Public order,Investigation complete; no suspect identified,
86b9d10dbe04f949c629ff253f2e2332837e7aa85a8547a7d77bd1d7866f03ee,2024-11,Sussex Police,Sussex Police,-0.153748,51.117785,On or near Supermarket,E01031591,Crawley 005B,Public order,Investigation complete; no suspect identified,
37fcd704dba248eecaba1e1100c831123b45063aca51d99610c976413d94f9d4,2024-11,Sussex Police,Sussex Police,-0.158289,51.117146,On or near Alicia Avenue,E01031591,Crawley 005B,Violence and sexual offences,Unable to prosecute suspect,
f6526d33ae336cb6cb9cdc8aec969b863d1bd90fee0a9fe2e7d070ba9637f32a,2024-11,Sussex Police,Sussex Police,-0.151181,51.116953,On or near The Rise,E01031591,Crawley 005B,Violence and sexual offences,Unable to prosecute suspect,
199858ddc93f643f878e5d96bb61ee657d3d3a0bac82f101644689bdd51924ff,2024-11,Sussex Police,Sussex Police,-0.151181,51.116953,On or near The Rise,E01031591,Crawley 005B,Violence and sexual offences,Unable to prosecute suspect,
ef5267d5c78b114f3de971242460b4c9e1abf4d2ddba7972b063e6f419677d49,2024-11,Sussex Police,Sussex Police,-0.159529,51.117930,On or near Trafalgar Gardens,E01031591,Crawley 005B,Violence and sexual offences,Investigation complete; no suspect identified,
6c4d393c34a83fd008e5684d909c465de79a9498f22aa1d6b0e42482a4388622,2024-11,Sussex Police,Sussex Police,-0.151181,51.116953,On or near The Rise,E01031591,Crawley 005B,Other crime,Unable to prosecute suspect,
fdbb715219673add046498721bd3f34c48adda699e52ac8aaee2eba06c125bbb,2024-11,Sussex Police,Sussex Police,-0.154917,51.114638,On or near Eridge Close,E01031594,Crawley 005C,Other theft,Investigation complete; no suspect identified,
73805a68f23bc4db06e0420601570e4ffd9a399f145bbf9b64b460e42e17ee65,2024-11,Sussex Police,Sussex Police,-0.154917,51.114638,On or near Eridge Close,E01031594,Crawley 005C,Violence and sexual offences,Unable to prosecute suspect,
0fed1421e2e18bf527d1358b0e32ffa3d753b1f6ba3b1aa6a2d40a35b4aa8188,2024-11,Sussex Police,Sussex Police,-0.154917,51.114638,On or near Eridge Close,E01031594,Crawley 005C,Violence and sexual offences,Unable to prosecute suspect,
23af04c50bfa8b8bc7252720a93ebf07c752983cca2fe9649b1f070f1f1a8275,2024-11,Sussex Police,Sussex Police,-0.151448,51.114907,On or near Burleys Road,E01031594,Crawley 005C,Violence and sexual offences,Investigation complete; no suspect identified,
b769204e56d7abd3a1ed7ba282a90a6f6ae6ff953049c576752d72691bee125d,2024-11,Sussex Police,Sussex Police,-0.156250,51.113796,On or near Knepp Close,E01031594,Crawley 005C,Violence and sexual offences,Unable to prosecute suspect,
327c8e1b4389ca1496723ee6a1a22eeb1489afa88be8ae2b0c017f7ebe8866e0,2024-11,Sussex Police,Sussex Police,-0.154917,51.114638,On or near Eridge Close,E01031594,Crawley 005C,Violence and sexual offences,Unable to prosecute suspect,
1d17baa2522e62ff94b4f9a20420850cc1915f536a7f3e3821be43a1bfc77d2f,2024-11,Sussex Police,Sussex Police,-0.170065,51.121414,On or near Forge Lane,E01031600,Crawley 005D,Burglary,Investigation complete; no suspect identified,
f87f4c2030a5cbb943522e328e245345c9d335e0f295f6ef018ca9a18198c01e,2024-11,Sussex Police,Sussex Police,-0.162724,51.118448,On or near Supermarket,E01031600,Crawley 005D,Drugs,Local resolution,
855fee97de8377d42da78c0c86e4e6ea53d03ede6c175bbd482dd32cc44f39f5,2024-11,Sussex Police,Sussex Police,-0.162724,51.118448,On or near Supermarket,E01031600,Crawley 005D,Drugs,Local resolution,
85dda4f513c13b6c513e1b55e62284b612598e60dcc0a064d5e33a4f12912792,2024-11,Sussex Police,Sussex Police,-0.162490,51.116421,On or near Parking Area,E01031600,Crawley 005D,Other theft,Unable to prosecute suspect,
e73bf93335eec4f6c98ecb0d281697b2e2922c5c9ff99deab076fb83ce9f5e4c,2024-11,Sussex Police,Sussex Police,-0.160800,51.116889,On or near Three Bridges,E01031600,Crawley 005D,Possession of weapons,Unable to prosecute suspect,
5d0a145646320cd80c27120c9dcaec97537ba4bbe04ebad5f65f41a7a1f3a743,2024-11,Sussex Police,Sussex Police,-0.162724,51.118448,On or near Supermarket,E01031600,Crawley 005D,Shoplifting,Investigation complete; no suspect identified,
d9314d95be1b54182d9ab2f01a99469448383c92b2abdbf3e7d3f136dc76127f,2024-11,Sussex Police,Sussex Police,-0.168946,51.119373,On or near Scallows Road,E01031600,Crawley 005D,Vehicle crime,Investigation complete; no suspect identified,
69f70b136fc7af1b328b5f43830c37ed4de75011d59cbd7596a655c1faf1cb3a,2024-11,Sussex Police,Sussex Police,-0.162490,51.116421,On or near Parking Area,E01031600,Crawley 005D,Violence and sexual offences,Court result unavailable,
8e96ae39cb3b516705cd984868d8feff891458991dffb382d85419142a73d3be,2024-11,Sussex Police,Sussex Police,-0.165433,51.121845,On or near Coppice Walk,E01031600,Crawley 005D,Violence and sexual offences,Unable to prosecute suspect,
bb8d22f6934251e03254f1d3dbf49cfbe034d42d42499ad9d961f21ff5dc52b0,2024-11,Sussex Police,Sussex Police,-0.163815,51.119400,On or near Mill Road,E01031600,Crawley 005D,Violence and sexual offences,Unable to prosecute suspect,
7144b58bcb52b6e7f659ba06b729efad4ed40be867bd31568f5559129940da55,2024-11,Sussex Police,Sussex Police,-0.165433,51.121845,On or near Coppice Walk,E01031600,Crawley 005D,Violence and sexual offences,Unable to prosecute suspect,
78b380527b960f67f04b3d24c2ca84a4788a6752aa42f24a6406043ffa531577,2024-11,Sussex Police,Sussex Police,-0.162724,51.118448,On or near Supermarket,E01031600,Crawley 005D,Violence and sexual offences,Status update unavailable,
104896a7e0b5930136be33ae98716861c3311f8ba29ccce373a343359c1099ba,2024-11,Sussex Police,Sussex Police,-0.162724,51.118448,On or near Supermarket,E01031600,Crawley 005D,Violence and sexual offences,Unable to prosecute suspect,
,2024-11,Sussex Police,Sussex Police,-0.168397,51.126019,On or near Tinsley Lane South,E01031603,Crawley 005E,Anti-social behaviour,,
bd58b66dba80f475ed936caee24034e38a1c20cf93ba8ad9958d83b5851359d8,2024-11,Sussex Police,Sussex Police,-0.162274,51.138415,On or near Wheatstone Close,E01031603,Crawley 005E,Burglary,Investigation complete; no suspect identified,
3b05d0a04809e615007a637654044d82af41a166884204d8e3ec91a243c0a327,2024-11,Sussex Police,Sussex Police,-0.166569,51.121305,On or near Rye Ash,E01031603,Crawley 005E,Criminal damage and arson,Offender given a caution,
f40aeddeb3c026a9f3fe0578e17f3260a0d88c0bc267e32fba64348eaf5d4db6,2024-11,Sussex Police,Sussex Police,-0.165018,51.122927,On or near Hazelwick Avenue,E01031603,Crawley 005E,Criminal damage and arson,Investigation complete; no suspect identified,
6ef55ff832707a8a9a9468a0094ded1ea063408668307641ca01802946361686,2024-11,Sussex Police,Sussex Police,-0.165091,51.129376,On or near Summersvere Close,E01031603,Crawley 005E,Criminal damage and arson,Investigation complete; no suspect identified,
e195223d8201e085f469b6cec7e51bcf788f350ffe71e4021417c9824ff9a16d,2024-11,Sussex Police,Sussex Police,-0.168969,51.124571,On or near Woodend Close,E01031603,Crawley 005E,Other theft,Investigation complete; no suspect identified,
c7044a79307a72c85b029121326d41d50288ba24310daed4be08d0260429929f,2024-11,Sussex Police,Sussex Police,-0.165018,51.122927,On or near Hazelwick Avenue,E01031603,Crawley 005E,Public order,Investigation complete; no suspect identified,
90b7d4a8dc715e70e8c517c3191608148868cea7bf4c3914f0bd99f122fc46a6,2024-11,Sussex Police,Sussex Police,-0.168606,51.128334,On or near Baird Close,E01031603,Crawley 005E,Public order,Investigation complete; no suspect identified,
c80f0165f9676a9a14dfa84ca5b4399ec600cee1d8317b1979a23378573ce6a7,2024-11,Sussex Police,Sussex Police,-0.167065,51.125369,On or near Hazelwick Mews,E01031603,Crawley 005E,Public order,Investigation complete; no suspect identified,
c853be7c0e803ade101093aed6ab4e16bec3cabc702232a64a3e9770fb8ab821,2024-11,Sussex Police,Sussex Police,-0.165018,51.122927,On or near Hazelwick Avenue,E01031603,Crawley 005E,Shoplifting,Investigation complete; no suspect identified,
d080ef6133b10848cb0892c6d0efea54bc58bd0e7922c1aa1304b1c60c2d405e,2024-11,Sussex Police,Sussex Police,-0.166875,51.131985,On or near Royston Close,E01031603,Crawley 005E,Shoplifting,Investigation complete; no suspect identified,
994ba0644fa697daa2018ea7a3ede137e38fb2ba01e3729ae5de2e7f94b1309f,2024-11,Sussex Police,Sussex Police,-0.167065,51.125369,On or near Hazelwick Mews,E01031603,Crawley 005E,Violence and sexual offences,Action to be taken by another organisation,
e8a276623b6d93c1bfbee92eb905be58bcb0310c2ea66e7c3ddb1d778f4118bd,2024-11,Sussex Police,Sussex Police,-0.165018,51.122927,On or near Hazelwick Avenue,E01031603,Crawley 005E,Violence and sexual offences,Action to be taken by another organisation,
707ed354f42e2c3302fe6a1b8aa46639423e65403336fa70ab4b80bd896199e7,2024-11,Sussex Police,Sussex Police,-0.168606,51.128334,On or near Baird Close,E01031603,Crawley 005E,Other crime,Court result unavailable,
6544935d11893554f71fec3d9539f5bb7d67970209b82e1403c75dbd59d2288e,2024-11,Sussex Police,Sussex Police,-0.162274,51.138415,On or near Wheatstone Close,E01031603,Crawley 005E,Other crime,Investigation complete; no suspect identified,
0dc4d740e54c677ec78d6aa5a07707b08fb1169789a3faf631148dc67ce258f6,2024-11,Sussex Police,Sussex Police,-0.209190,51.112550,On or near Rickfield,E01031564,Crawley 006A,Criminal damage and arson,Investigation complete; no suspect identified,
953916abf4a3dbbb5e22915249c6d64d91fd1fd14225719ca209733213c4aec9,2024-11,Sussex Police,Sussex Police,-0.208875,51.113669,On or near Almond Close,E01031564,Crawley 006A,Vehicle crime,Investigation complete; no suspect identified,
8cabc214db3c78a1dd14c56e877d9e391a526a54a27caa63869ef3776e838217,2024-11,Sussex Police,Sussex Police,-0.209665,51.112450,On or near Oatlands,E01031564,Crawley 006A,Violence and sexual offences,Unable to prosecute suspect,
550c87cbb1e1c8035854d057035d893e0bbd9be34d20c539d2a16a028a0ee128,2024-11,Sussex Police,Sussex Police,-0.209190,51.112550,On or near Rickfield,E01031564,Crawley 006A,Violence and sexual offences,Investigation complete; no suspect identified,
ca6ea5f01cbb783aa7333b6f098236ea5efb65c6577b4c26b07e349580a9156e,2024-11,Sussex Police,Sussex Police,-0.209665,51.112450,On or near Oatlands,E01031564,Crawley 006A,Violence and sexual offences,Unable to prosecute suspect,
,2024-11,Sussex Police,Sussex Police,-0.216780,51.110607,On or near Parking Area,E01031565,Crawley 006B,Anti-social behaviour,,
1aa1cd2a9943c8334472e21bc3c17552fa7358b97aaf6f70d8b03dc6392857c2,2024-11,Sussex Police,Sussex Police,-0.221272,51.108949,On or near Trent Close,E01031565,Crawley 006B,Burglary,Investigation complete; no suspect identified,
f968e546fe4bfa89fa7933dcbf46f1fe67acc4c2f93bcca38857fd2eb9daaa12,2024-11,Sussex Police,Sussex Police,-0.216531,51.110396,On or near Capel Lane,E01031565,Crawley 006B,Burglary,Investigation complete; no suspect identified,
275f9a3c0ede40f7bd1d83b7b2cca51002b0603fca5a39efe8548b37ce660dde,2024-11,Sussex Police,Sussex Police,-0.216531,51.110396,On or near Capel Lane,E01031565,Crawley 006B,Burglary,Investigation complete; no suspect identified,
57dbe3282040b5930674a2351bc6b60799009faf38c3f2701756032264e5643f,2024-11,Sussex Police,Sussex Police,-0.221272,51.108949,On or near Trent Close,E01031565,Crawley 006B,Criminal damage and arson,Local resolution,
a9f108d4734eca9a817cc5b933fd731a95b7b9b9daa872d1b8ccae7c15cdfdf3,2024-11,Sussex Police,Sussex Police,-0.221272,51.108949,On or near Trent Close,E01031565,Crawley 006B,Criminal damage and arson,Local resolution,
9304fb6f1a6febc4bc45176837853fe80061db9251884d86904c47cb9bea5cf2,2024-11,Sussex Police,Sussex Police,-0.216531,51.110396,On or near Capel Lane,E01031565,Crawley 006B,Criminal damage and arson,Unable to prosecute suspect,
746a189868255461ba7bb9d632d38f3e571490102583e3797f085410d513982c,2024-11,Sussex Police,Sussex Police,-0.217089,51.112581,On or near Avon Walk,E01031565,Crawley 006B,Criminal damage and arson,Investigation complete; no suspect identified,
e629c0431a6f8636a0bb5c138d3da93fe652547d316713e439f46257099c250b,2024-11,Sussex Police,Sussex Police,-0.217089,51.112581,On or near Avon Walk,E01031565,Crawley 006B,Criminal damage and arson,Investigation complete; no suspect identified,
f8b937c3e3325f4b7e3936178de98c6a386bdf6a9cdbfcdf925b84447cbda90d,2024-11,Sussex Police,Sussex Police,-0.218894,51.111727,On or near Cuckmere Crescent,E01031565,Crawley 006B,Other theft,Investigation complete; no suspect identified,
9f9749f15ae8ede717a720692bba27bcf657a15916130f311ec18b404ed4678c,2024-11,Sussex Police,Sussex Police,-0.219454,51.108687,On or near Windrush Close,E01031565,Crawley 006B,Other theft,Investigation complete; no suspect identified,
83444aec070c5ce207131a40ccd0994a35398421b5782b3ac28173e49606c1aa,2024-11,Sussex Police,Sussex Police,-0.216531,51.110396,On or near Capel Lane,E01031565,Crawley 006B,Possession of weapons,Unable to prosecute suspect,
ca13baeecc79d9666135f8122eef94eadab102c268a1bdfb3f74e26ea0384372,2024-11,Sussex Police,Sussex Police,-0.221455,51.110516,On or near Rother Crescent,E01031565,Crawley 006B,Public order,Investigation complete; no suspect identified,
8f393e435df034b395f8d115edf1dcb566d713b732c65d145b873e332dfd493e,2024-11,Sussex Police,Sussex Police,-0.219968,51.110179,On or near Lavant Close,E01031565,Crawley 006B,Public order,Unable to prosecute suspect,
11619a8a9974c3774386a2f17f6587897fc397fcf3d1e491357fdc3a4e3e4b60,2024-11,Sussex Police,Sussex Police,-0.216780,51.110607,On or near Parking Area,E01031565,Crawley 006B,Shoplifting,Investigation complete; no suspect identified,
2bdbfcc66b10b9edd07a11c7aed1d73f0b7fcdca984b0d3f9da9cce81ece01fa,2024-11,Sussex Police,Sussex Police,-0.217089,51.112581,On or near Avon Walk,E01031565,Crawley 006B,Vehicle crime,Investigation complete; no suspect identified,
068e23d602c151d8367259eeca90cf4b583fc878e0894634ad427ccf7db9ebf2,2024-11,Sussex Police,Sussex Police,-0.219402,51.113749,On or near Meadowcroft Close,E01031565,Crawley 006B,Vehicle crime,Investigation complete; no suspect identified,
01f24a17b8656455d9567dae28250b015dd4de5578c7c017b5dea31700e283c6,2024-11,Sussex Police,Sussex Police,-0.218894,51.111727,On or near Cuckmere Crescent,E01031565,Crawley 006B,Violence and sexual offences,Status update unavailable,
7c37ebcc0791162e942d515b71ce8ed2229c78c3bef8b7a066197e621b3c410f,2024-11,Sussex Police,Sussex Police,-0.219454,51.108687,On or near Windrush Close,E01031565,Crawley 006B,Violence and sexual offences,Unable to prosecute suspect,
54cc442270efd46086f29a65831adaefc3fc1ef6b05c807bd91ed5c86a0b82b8,2024-11,Sussex Police,Sussex Police,-0.219402,51.113749,On or near Meadowcroft Close,E01031565,Crawley 006B,Violence and sexual offences,Investigation complete; no suspect identified,
a02ef5af4e8493bf2c45f0f80306be66724571bb9232c16e1ca7e21321fdf6f1,2024-11,Sussex Police,Sussex Police,-0.219968,51.110179,On or near Lavant Close,E01031565,Crawley 006B,Violence and sexual offences,Unable to prosecute suspect,
,2024-11,Sussex Police,Sussex Police,-0.208545,51.104105,On or near Burbeach Close,E01031566,Crawley 006C,Anti-social behaviour,,
f819a43b34b19694f5a8ce8e79c61e20af19b4cc4038f7c0a20a52830e2ffaaf,2024-11,Sussex Police,Sussex Police,-0.211791,51.109209,On or near Buckswood Drive,E01031566,Crawley 006C,Burglary,Investigation complete; no suspect identified,
86da61d7e99b42d0e813e172dcb28a27a5d77be420c42147caf0f3986524d482,2024-11,Sussex Police,Sussex Police,-0.206148,51.108088,On or near Kingscote Hill,E01031566,Crawley 006C,Criminal damage and arson,Unable to prosecute suspect,
055981c8879354de7edb1f43ecb589e0160417924c363cd054d94e03540bf1f4,2024-11,Sussex Police,Sussex Police,-0.207867,51.103537,On or near Horsham Road,E01031566,Crawley 006C,Criminal damage and arson,Unable to prosecute suspect,
daad6feb13b6b5eba4523235c146de3c4ebf1c9cee36f51faae723ba5019f94a,2024-11,Sussex Police,Sussex Police,-0.213978,51.111391,On or near Paddockhurst Road,E01031566,Crawley 006C,Possession of weapons,Unable to prosecute suspect,
c5c4d732514f9b5fed62ff82819f89a6298f08c1e5af21450a36b9b87aeafb18,2024-11,Sussex Police,Sussex Police,-0.208545,51.104105,On or near Burbeach Close,E01031566,Crawley 006C,Public order,Investigation complete; no suspect identified,
007c8e810e451388b68b5dc7250b2e0440154a56c0869f11eafe4ac4bab77149,2024-11,Sussex Police,Sussex Police,-0.209020,51.111783,On or near Loveletts,E01031566,Crawley 006C,Public order,Investigation complete; no suspect identified,
fe5970eb4a0961e3fb95e6a566bd535b9d122f2ed79c3e8c3e028b05d7d2c3f5,2024-11,Sussex Police,Sussex Police,-0.211187,51.108183,On or near Tintern Road,E01031566,Crawley 006C,Vehicle crime,Investigation complete; no suspect identified,
2daadb796359ae3a18b8a53facbfd25d503ef6783658521414214a53857983cc,2024-11,Sussex Police,Sussex Police,-0.207276,51.109229,On or near Chatfields,E01031566,Crawley 006C,Vehicle crime,Investigation complete; no suspect identified,
f2297c75c8a6b2e60f7685d3732b00b577bc07986e29a7c1e6ad866a9afc7f17,2024-11,Sussex Police,Sussex Police,-0.211791,51.109209,On or near Buckswood Drive,E01031566,Crawley 006C,Vehicle crime,Investigation complete; no suspect identified,
03b597b3d2ab1bd807fe4ae75b0454ee428e1fb063164827377636f477ce1e2f,2024-11,Sussex Police,Sussex Police,-0.209020,51.111783,On or near Loveletts,E01031566,Crawley 006C,Vehicle crime,Investigation complete; no suspect identified,
2c42f11c4d4bb3c9172a1ab29b5515b0e719e9b8d54d9cf6b2d3e67749f91131,2024-11,Sussex Police,Sussex Police,-0.207393,51.105823,On or near Netherwood,E01031566,Crawley 006C,Violence and sexual offences,Status update unavailable,
b7e18a1f8f869392eab5ec47e668a807563695e68eb0518f89fc232a25be8fa0,2024-11,Sussex Police,Sussex Police,-0.207393,51.105823,On or near Netherwood,E01031566,Crawley 006C,Violence and sexual offences,Unable to prosecute suspect,
ea303444b6dc33a017ec68ff9cac79747cfc12e3b46b4268d8e07bebf08a6fe4,2024-11,Sussex Police,Sussex Police,-0.213978,51.111391,On or near Paddockhurst Road,E01031566,Crawley 006C,Violence and sexual offences,Unable to prosecute suspect,
8c4071b1ace8ff6c932084db27d85f330f91df338a300f77ec0c87c912aea05b,2024-11,Sussex Police,Sussex Police,-0.213978,51.111391,On or near Paddockhurst Road,E01031566,Crawley 006C,Violence and sexual offences,Unable to prosecute suspect,
b0c4ce8b0fdedbdf1e51c6a8c52ff70e298d6ae0e3b0c517eb89147ddca43838,2024-11,Sussex Police,Sussex Police,-0.206148,51.108088,On or near Kingscote Hill,E01031566,Crawley 006C,Violence and sexual offences,Unable to prosecute suspect,
2e59c871917eea86167d087d3f92a12333e4264a53906f3c384bf5e6451afa09,2024-11,Sussex Police,Sussex Police,-0.207393,51.105823,On or near Netherwood,E01031566,Crawley 006C,Violence and sexual offences,Unable to prosecute suspect,
22b018ba4af8b7e938021d0acb9a6ddee6899eb8ff44a5bbb004d7b02d7d871c,2024-11,Sussex Police,Sussex Police,-0.213978,51.111391,On or near Paddockhurst Road,E01031566,Crawley 006C,Violence and sexual offences,Unable to prosecute suspect,
5f268c6e61cce4022231e81e5abd52f87de45b03fa017f71cbbf554ce92e85e6,2024-11,Sussex Police,Sussex Police,-0.207393,51.105823,On or near Netherwood,E01031566,Crawley 006C,Violence and sexual offences,Unable to prosecute suspect,
,2024-11,Sussex Police,Sussex Police,-0.223581,51.114676,On or near Guinevere Road,E01031567,Crawley 006D,Anti-social behaviour,,
0a04fed7f68624a7156583620d8df1ee9ddbd2ed1748295a6cfd6317f4bcde3c,2024-11,Sussex Police,Sussex Police,-0.217010,51.116869,On or near Tangmere Road,E01031567,Crawley 006D,Burglary,Investigation complete; no suspect identified,
5ec38361501442bd0e2f820858fdab2e5ddcfd1d153e2bb0f669cd810ec0b908,2024-11,Sussex Police,Sussex Police,-0.221389,51.115209,On or near The Millbank,E01031567,Crawley 006D,Drugs,Offender given a caution,
b99b29c2ffdea5af2fd98ccbd0acc7a84e7e2786b172e006abcdbd79f52f4166,2024-11,Sussex Police,Sussex Police,-0.217096,51.116124,On or near Treyford Close,E01031567,Crawley 006D,Other theft,Unable to prosecute suspect,
117c5391f88ab54f32468b755ca090c913c946459c4558e120ed4ef858445147,2024-11,Sussex Police,Sussex Police,-0.221389,51.115209,On or near The Millbank,E01031567,Crawley 006D,Possession of weapons,Offender given a caution,
bd588bbbe1395579269569a1b6cf9c4ec25c535e1efddf1afa15d88336a9e705,2024-11,Sussex Police,Sussex Police,-0.217976,51.124078,On or near Ifield Street,E01031567,Crawley 006D,Violence and sexual offences,Unable to prosecute suspect,
71058be3a1fa7a8e648e31e0cd1831e6503adce641a1675f1524275abdcbe50c,2024-11,Sussex Police,Sussex Police,-0.221389,51.115209,On or near The Millbank,E01031567,Crawley 006D,Violence and sexual offences,Unable to prosecute suspect,
2e132defddcb7d2a0777b7859ddf8a82fe939dff7813f5bcd56a628f6bc0dec3,2024-11,Sussex Police,Sussex Police,-0.217096,51.116124,On or near Treyford Close,E01031567,Crawley 006D,Violence and sexual offences,Offender given a caution,
2cba633e8849f8ca0e856817cbc35ec2f65b1730858a244ae87159702cd63a55,2024-11,Sussex Police,Sussex Police,-0.223581,51.114676,On or near Guinevere Road,E01031567,Crawley 006D,Violence and sexual offences,Status update unavailable,
e37853c462ae6e6ee1b30a7935e9092b58297788144c6a7ff2c7ed8ff44b49c6,2024-11,Sussex Police,Sussex Police,-0.216857,51.119358,On or near Rudgwick Road,E01031567,Crawley 006D,Violence and sexual offences,Unable to prosecute suspect,
,2024-11,Sussex Police,Sussex Police,-0.225754,51.112785,On or near Arnfield Close,E01031568,Crawley 006E,Anti-social behaviour,,
bb485ab2b68200d8e1efb62ef67e022c8735497c77df79db9125c97674c62c02,2024-11,Sussex Police,Sussex Police,-0.229709,51.112458,On or near Poynings Road,E01031568,Crawley 006E,Violence and sexual offences,Action to be taken by another organisation,
,2024-11,Sussex Police,Sussex Police,-0.190110,51.102499,On or near Tyler Road,E01031596,Crawley 007A,Anti-social behaviour,,
1330a960bc572a227f6e486965aaca2a59daaec49e1637f295ee0944a93ad2f9,2024-11,Sussex Police,Sussex Police,-0.191916,51.103075,On or near Loriners,E01031596,Crawley 007A,Drugs,Court result unavailable,
b5f40892d6194018de7c2d4ac5d7f918c4809fac4af6d9c2e83dc4f6016cdc22,2024-11,Sussex Police,Sussex Police,-0.197922,51.106208,On or near Hambleton Hill,E01031596,Crawley 007A,Public order,Investigation complete; no suspect identified,
14d32c9db2250083ade8605a5876eba44c3b6abd714ef334f68cf37971c3ec9c,2024-11,Sussex Police,Sussex Police,-0.191383,51.102078,On or near Thatcher Close,E01031596,Crawley 007A,Violence and sexual offences,Unable to prosecute suspect,
641b278497705880709c4e4cb1cb504ab9af6a072225796dc8a77201d260b367,2024-11,Sussex Police,Sussex Police,-0.194651,51.102893,On or near Wensleydale,E01031596,Crawley 007A,Violence and sexual offences,Action to be taken by another organisation,
387d938b16ebccadd3c5a27c7d064f6fb4f22e05b03be3b72e71ad6a4c131014,2024-11,Sussex Police,Sussex Police,-0.194846,51.104856,On or near Ditchling Hill,E01031596,Crawley 007A,Violence and sexual offences,Unable to prosecute suspect,
,2024-11,Sussex Police,Sussex Police,-0.200986,51.106750,On or near Bedale Close,E01031597,Crawley 007B,Anti-social behaviour,,
,2024-11,Sussex Police,Sussex Police,-0.200986,51.106750,On or near Bedale Close,E01031597,Crawley 007B,Anti-social behaviour,,
35afb76e2b2c1d350c2b22b0d5e9494e6cdb91ca2707f5a05c069ea257149775,2024-11,Sussex Police,Sussex Police,-0.200433,51.104817,On or near Swaledale Close,E01031597,Crawley 007B,Burglary,Investigation complete; no suspect identified,
c57df60dd5ba4330a3c888e02c1447732c0b693e7e0fe77717cdaa7dfeaf666d,2024-11,Sussex Police,Sussex Police,-0.198961,51.104443,On or near Darleydale,E01031597,Crawley 007B,Other theft,Investigation complete; no suspect identified,
dc2dc24a10edf06e7beca9f6cde983c0c09fe2e45f6ccb3259c0a22b68006697,2024-11,Sussex Police,Sussex Police,-0.198646,51.109618,On or near Hill Place,E01031597,Crawley 007B,Other theft,Investigation complete; no suspect identified,
a25152d1aabc794a607c5dc92a13a958a9b959d230c1d987b3b96c22348fe778,2024-11,Sussex Police,Sussex Police,-0.199053,51.105407,On or near Downland Place,E01031597,Crawley 007B,Violence and sexual offences,Unable to prosecute suspect,
f6d8e65436df82c0dadc901d6b52b576e080a5df4e5db20c5d269d614b77239d,2024-11,Sussex Police,Sussex Police,-0.192639,51.107592,On or near Sequoia Park,E01031597,Crawley 007B,Violence and sexual offences,Unable to prosecute suspect,
60bebd9e658c117cf78b2a2ccd4e5617195b255d0b6bc133a49cb4a7a4898a67,2024-11,Sussex Police,Sussex Police,-0.199053,51.105407,On or near Downland Place,E01031597,Crawley 007B,Violence and sexual offences,Unable to prosecute suspect,
bffd8bd4029cc887b06fb3b03db03baf2390cbf4b63f8e678a510e79efcdcd74,2024-11,Sussex Police,Sussex Police,-0.204611,51.109782,On or near St Augustine Road,E01031597,Crawley 007B,Violence and sexual offences,Local resolution,
2b7d3ff67ad82d8d54ed15f87c0811be83cad33cf021837c861e8542b26c0c2b,2024-11,Sussex Police,Sussex Police,-0.204611,51.109782,On or near St Augustine Road,E01031597,Crawley 007B,Violence and sexual offences,Investigation complete; no suspect identified,
,2024-11,Sussex Police,Sussex Police,-0.195668,51.111983,On or near Newlands Road,E01031598,Crawley 007C,Anti-social behaviour,,
,2024-11,Sussex Police,Sussex Police,-0.203356,51.109727,On or near St Wilfrid'S Way,E01031598,Crawley 007C,Anti-social behaviour,,
,2024-11,Sussex Police,Sussex Police,-0.191989,51.112178,On or near Imperial Mews,E01031598,Crawley 007C,Anti-social behaviour,,
,2024-11,Sussex Police,Sussex Police,-0.192765,51.110238,On or near Argyll Court,E01031598,Crawley 007C,Anti-social behaviour,,
,2024-11,Sussex Police,Sussex Police,-0.192125,51.109059,On or near Sunningdale Court,E01031598,Crawley 007C,Anti-social behaviour,,
8f54473a16283cbf6b81330b5234d5914a59c19af7ec315f5e94cf9b92707491,2024-11,Sussex Police,Sussex Police,-0.193486,51.111895,On or near West Street,E01031598,Crawley 007C,Bicycle theft,Investigation complete; no suspect identified,
d5e08071681c6055ad77d5dac595695ba014464336ca1f9e0cec22ae44074022,2024-11,Sussex Police,Sussex Police,-0.192125,51.109059,On or near Sunningdale Court,E01031598,Crawley 007C,Criminal damage and arson,Unable to prosecute suspect,
154c389fc8f8d020eac90d957b74cd2ba515ac1dbca5da1c8024ba9838530581,2024-11,Sussex Police,Sussex Police,-0.197230,51.111125,On or near Winter Gardens,E01031598,Crawley 007C,Criminal damage and arson,Investigation complete; no suspect identified,
0bd7c160024b6cb414ad33288cdbc9dccc60e7f1a8f1189782be92764dbc9d53,2024-11,Sussex Police,Sussex Police,-0.192125,51.109059,On or near Sunningdale Court,E01031598,Crawley 007C,Drugs,Court result unavailable,
081500d8d93b0d8d85aec6eb352070f9750be4c8fc7ce70921d97ca9e622aad9,2024-11,Sussex Police,Sussex Police,-0.192125,51.109059,On or near Sunningdale Court,E01031598,Crawley 007C,Possession of weapons,Unable to prosecute suspect,
d6728db7a6e94021c75cab162cf69072b88e5c8d661ffbeba7c46f1258290dce,2024-11,Sussex Police,Sussex Police,-0.192125,51.109059,On or near Sunningdale Court,E01031598,Crawley 007C,Public order,Court result unavailable,
f7e1e066c2429258ea9311aa81ed4027ec1d0116f8018573e077efad4ba3a9ab,2024-11,Sussex Police,Sussex Police,-0.192125,51.109059,On or near Sunningdale Court,E01031598,Crawley 007C,Public order,Unable to prosecute suspect,
e4bc483cc770eac3ce4441119e8b3d07b9eb79dd10a5dcb85ee3dfb778c7ab72,2024-11,Sussex Police,Sussex Police,-0.191989,51.112178,On or near Imperial Mews,E01031598,Crawley 007C,Robbery,Investigation complete; no suspect identified,
3c08a89483624b9c66f999d37a2b2f9b2ff8c4c1e995386f63eecb10713734a2,2024-11,Sussex Police,Sussex Police,-0.192125,51.109059,On or near Sunningdale Court,E01031598,Crawley 007C,Violence and sexual offences,Local resolution,
bff04605d993d92578b44cbaa93993264cd2cc09285bb878e7cbc863afcffae2,2024-11,Sussex Police,Sussex Police,-0.193181,51.109075,On or near Falmer Close,E01031598,Crawley 007C,Violence and sexual offences,Unable to prosecute suspect,
1b66c182b670e709eea646f8d68dec7d729e87728dc9c67634b4851af3b1979c,2024-11,Sussex Police,Sussex Police,-0.203356,51.109727,On or near St Wilfrid'S Way,E01031598,Crawley 007C,Violence and sexual offences,Unable to prosecute suspect,
1a5b06eb4bc59f6e1e1f92d8fc2f67fe292bf5fe08b1d3a26d35ddd990ac6887,2024-11,Sussex Police,Sussex Police,-0.192125,51.109059,On or near Sunningdale Court,E01031598,Crawley 007C,Violence and sexual offences,Unable to prosecute suspect,
36a17e50bb275e7af97c0214be3b2261e1327290b81d08174d547e90deffbc8d,2024-11,Sussex Police,Sussex Police,-0.197230,51.111125,On or near Winter Gardens,E01031598,Crawley 007C,Violence and sexual offences,Court result unavailable,
3486441d6e4c89fcbfc425dba7359f55c15feb63b105a2830a1094f138b51446,2024-11,Sussex Police,Sussex Police,-0.203356,51.109727,On or near St Wilfrid'S Way,E01031598,Crawley 007C,Violence and sexual offences,Unable to prosecute suspect,
fb74d77675e7594263bdc9e767b5fcbe13b3adf386829e2c49e6d90e85a3b616,2024-11,Sussex Police,Sussex Police,-0.195474,51.112573,On or near Oak Road,E01031598,Crawley 007C,Other crime,Local resolution,
201f578c94c974697b890502a3ee4fc3c401d989c0680a4739ac511fe99ea93c,2024-11,Sussex Police,Sussex Police,-0.203356,51.109727,On or near St Wilfrid'S Way,E01031598,Crawley 007C,Other crime,Status update unavailable,
51ed350e45b5d8d045ba3f78e3b5939caed5e68b78440ca22d66bf24d8377e48,2024-11,Sussex Police,Sussex Police,-0.192125,51.109059,On or near Sunningdale Court,E01031598,Crawley 007C,Other crime,Unable to prosecute suspect,
,2024-11,Sussex Police,Sussex Police,-0.188107,51.111704,On or near East Park,E01031599,Crawley 007D,Anti-social behaviour,,
9cd60e0686776d7232c23b87f6d4c8311760b9ff112e91c85ddf5e66cc8fff9d,2024-11,Sussex Police,Sussex Police,-0.188107,51.111704,On or near East Park,E01031599,Crawley 007D,Burglary,Court result unavailable,
eda3b383d3614315edfe4da8f26e30cc3e35e8e648ef32f85ce3df394a972c6b,2024-11,Sussex Police,Sussex Police,-0.191084,51.112289,On or near Bank Terrace,E01031599,Crawley 007D,Burglary,Status update unavailable,
86963b32282330e456d2f829e27e7f7ee43db83be2ffa241ca5d62165d302372,2024-11,Sussex Police,Sussex Police,-0.190113,51.109720,On or near Stonefield Close,E01031599,Crawley 007D,Drugs,Investigation complete; no suspect identified,
f8be45d7cde7da3e8be125b6be208fcc92ecf13911817d75d76f20bf59a5b3ce,2024-11,Sussex Police,Sussex Police,-0.184224,51.110169,On or near Holmcroft,E01031599,Crawley 007D,Other theft,Investigation complete; no suspect identified,
e9b66f9d2b481bfbd3e81e2dab3472c3cb7fae19d41abb27719012e86009629d,2024-11,Sussex Police,Sussex Police,-0.189752,51.108375,On or near Southgate Road,E01031599,Crawley 007D,Other theft,Investigation complete; no suspect identified,
58b3bbbf3e236b6849a278a657171c45e79f85c99d139aae9894f73569a5d40c,2024-11,Sussex Police,Sussex Police,-0.188107,51.111704,On or near East Park,E01031599,Crawley 007D,Other theft,Investigation complete; no suspect identified,
3bec4decd3410f82ce5b780c03b269dc1625631e108447ddef54499bf0794875,2024-11,Sussex Police,Sussex Police,-0.191084,51.112289,On or near Bank Terrace,E01031599,Crawley 007D,Public order,Unable to prosecute suspect,
403e0e57be100a9cd099ba4a6437ccb9c1bac3ad8b84eb0d4f0dabadfe104989,2024-11,Sussex Police,Sussex Police,-0.190113,51.109720,On or near Stonefield Close,E01031599,Crawley 007D,Vehicle crime,Investigation complete; no suspect identified,
3e15a98fae420896ac88affa3a868d97ec724435123711dcb88e4af85ab290a0,2024-11,Sussex Police,Sussex Police,-0.188107,51.111704,On or near East Park,E01031599,Crawley 007D,Vehicle crime,Investigation complete; no suspect identified,
c2853edff6e181edadafbc9d12baebedaa3109c4069343a2b5377af4ab1470c5,2024-11,Sussex Police,Sussex Police,-0.186330,51.111110,On or near Richmond Court,E01031599,Crawley 007D,Vehicle crime,Investigation complete; no suspect identified,
d43a5e4cdb8349b4b7d495d9ac430dc79bbdf3bbedfbbafa5de34e8829f5545f,2024-11,Sussex Police,Sussex Police,-0.190883,51.108302,On or near Oakhaven,E01031599,Crawley 007D,Violence and sexual offences,Unable to prosecute suspect,
bb1dd4ebaf80284028bb072626e17488419cb9eeab5ddba0354886d9e726082e,2024-11,Sussex Police,Sussex Police,-0.188835,51.110618,On or near Barley Close,E01031599,Crawley 007D,Violence and sexual offences,Unable to prosecute suspect,
add54ab25a71c50438dcffcc4a4a501ed7eb80d52aca56ecb3e62e8133d73e7f,2024-11,Sussex Police,Sussex Police,-0.188835,51.110618,On or near Barley Close,E01031599,Crawley 007D,Violence and sexual offences,Offender given a caution,
ae6e27d19580a7c21c29a501842a6bff5b3af199ce7034ac6e4a2e88b8158e67,2024-11,Sussex Police,Sussex Police,-0.191084,51.112289,On or near Bank Terrace,E01031599,Crawley 007D,Violence and sexual offences,Unable to prosecute suspect,
8e8e5702143db3e744616b752a78565fa0830fe13ac1195581201ce4a66702e9,2024-11,Sussex Police,Sussex Police,-0.188835,51.110618,On or near Barley Close,E01031599,Crawley 007D,Violence and sexual offences,Offender given a caution,
,2024-11,Sussex Police,Sussex Police,-0.195649,51.116883,On or near West Green Drive,E01031608,Crawley 007E,Anti-social behaviour,,
,2024-11,Sussex Police,Sussex Police,-0.193677,51.114317,On or near Victoria Mews,E01031608,Crawley 007E,Anti-social behaviour,,
,2024-11,Sussex Police,Sussex Police,-0.199665,51.116118,On or near Lodge Close,E01031608,Crawley 007E,Anti-social behaviour,,
,2024-11,Sussex Police,Sussex Police,-0.192193,51.113530,On or near Supermarket,E01031608,Crawley 007E,Anti-social behaviour,,
,2024-11,Sussex Police,Sussex Police,-0.193475,51.118397,On or near The Link,E01031608,Crawley 007E,Anti-social behaviour,,
,2024-11,Sussex Police,Sussex Police,-0.194435,51.115408,On or near St John'S Road,E01031608,Crawley 007E,Anti-social behaviour,,
,2024-11,Sussex Police,Sussex Police,-0.196957,51.114835,On or near Prospect Place,E01031608,Crawley 007E,Anti-social behaviour,,
,2024-11,Sussex Police,Sussex Police,-0.194435,51.115408,On or near St John'S Road,E01031608,Crawley 007E,Anti-social behaviour,,
,2024-11,Sussex Police,Sussex Police,-0.190651,51.113137,On or near A2219,E01031608,Crawley 007E,Anti-social behaviour,,
,2024-11,Sussex Police,Sussex Police,-0.193677,51.114317,On or near Victoria Mews,E01031608,Crawley 007E,Anti-social behaviour,,
,2024-11,Sussex Police,Sussex Police,-0.190651,51.113137,On or near A2219,E01031608,Crawley 007E,Anti-social behaviour,,
,2024-11,Sussex Police,Sussex Police,-0.199665,51.116118,On or near Lodge Close,E01031608,Crawley 007E,Anti-social behaviour,,
,2024-11,Sussex Police,Sussex Police,-0.190651,51.113137,On or near A2219,E01031608,Crawley 007E,Anti-social behaviour,,
245e2cfb42ca15dfd11d80e45b730c5c933ae2ec100b87d51ae635a986813303,2024-11,Sussex Police,Sussex Police,-0.194043,51.117029,On or near Kites Close,E01031608,Crawley 007E,Burglary,Investigation complete; no suspect identified,
e833d3d79ee8595cbf4ffe9d9e46088f819d8be1bb4b3d82e03a20e9f765707f,2024-11,Sussex Police,Sussex Police,-0.197693,51.115017,On or near Alpha Road,E01031608,Crawley 007E,Burglary,Unable to prosecute suspect,
e5c6e6f77ee42f814735a72e265d89d9308813b2574affbc0aaecd2a867d7c49,2024-11,Sussex Police,Sussex Police,-0.190651,51.113137,On or near A2219,E01031608,Crawley 007E,Burglary,Unable to prosecute suspect,
bf674f7bf69f986ba686746d4eb12399b0ae3eab165cfba69d505da2bb0f174e,2024-11,Sussex Police,Sussex Police,-0.192193,51.113530,On or near Supermarket,E01031608,Crawley 007E,Criminal damage and arson,Unable to prosecute suspect,
bb1acf1b58884231c322d2d3fa0f938ba99fb0a395034196715f5466dbfadda9,2024-11,Sussex Police,Sussex Police,-0.190651,51.113137,On or near A2219,E01031608,Crawley 007E,Criminal damage and arson,Investigation complete; no suspect identified,
5826fb2bf9a1666dd6d859ff01fd2686ff9ebda8a44d5f711628884a921bedf7,2024-11,Sussex Police,Sussex Police,-0.193677,51.114317,On or near Victoria Mews,E01031608,Crawley 007E,Criminal damage and arson,Unable to prosecute suspect,
6900dfe57259ce8f7293c9857d7c70dbba82579a3c528332c19dadf6a0543a58,2024-11,Sussex Police,Sussex Police,-0.193677,51.114317,On or near Victoria Mews,E01031608,Crawley 007E,Criminal damage and arson,Unable to prosecute suspect,
9457e7c8eee36a80c6b9d0a1502539d3a5b51ef8e868359c1ef856ef29097874,2024-11,Sussex Police,Sussex Police,-0.190651,51.113137,On or near A2219,E01031608,Crawley 007E,Criminal damage and arson,Investigation complete; no suspect identified,
2a9b5fd76989ae13499d66ee596be6cb4df8b88708891a22356c38b443f6cce5,2024-11,Sussex Police,Sussex Police,-0.199665,51.116118,On or near Lodge Close,E01031608,Crawley 007E,Drugs,Unable to prosecute suspect,
c068fa414a509f49f26f6889e2c592a070e894e9d8f681525cdb732671030d04,2024-11,Sussex Police,Sussex Police,-0.201778,51.115431,On or near Cotswold Close,E01031608,Crawley 007E,Drugs,Local resolution,
c88cd5429d22caad92d60113eaf62314b823dc483ab79c1bd5dcff66b9c0e564,2024-11,Sussex Police,Sussex Police,-0.192193,51.113530,On or near Supermarket,E01031608,Crawley 007E,Other theft,Investigation complete; no suspect identified,
4ebc223e945d6035000d6ac00f71fd79da399329043be04ecc014ea127e4c20d,2024-11,Sussex Police,Sussex Police,-0.192193,51.113530,On or near Supermarket,E01031608,Crawley 007E,Other theft,Unable to prosecute suspect,
74a137063e622d2d818e22eccd1248adb41623a92987d2f86335792b1cc15ac6,2024-11,Sussex Police,Sussex Police,-0.201778,51.115431,On or near Cotswold Close,E01031608,Crawley 007E,Other theft,Investigation complete; no suspect identified,
ee031808c3ca0a155e48b5c1af1c67f89ce498ec7b62ba9db10d5788f9d53e3f,2024-11,Sussex Police,Sussex Police,-0.195385,51.113750,On or near Spencers Road,E01031608,Crawley 007E,Other theft,Investigation complete; no suspect identified,
11477ea49534e09e22f63a2fa69f66f1d1d1388ae486ae32b5d509e0204e7454,2024-11,Sussex Police,Sussex Police,-0.196957,51.114835,On or near Prospect Place,E01031608,Crawley 007E,Other theft,Investigation complete; no suspect identified,
4b376b3a3e086cce9d301e4c663e1d1d3ebe9a16b7d3b0695a19f8968af0ea70,2024-11,Sussex Police,Sussex Police,-0.202736,51.114672,On or near Westfield Road,E01031608,Crawley 007E,Other theft,Investigation complete; no suspect identified,
9334224dccd33bc0cc38cf6fd41bafd9d03d7c173c77ed880e5379fce23b6e27,2024-11,Sussex Police,Sussex Police,-0.192193,51.113530,On or near Supermarket,E01031608,Crawley 007E,Possession of weapons,Investigation complete; no suspect identified,
57bc61ba68f40bee3b8febe3504f7ffb77ad38af2177963b9ff05ed35e6d8ac9,2024-11,Sussex Police,Sussex Police,-0.192193,51.113530,On or near Supermarket,E01031608,Crawley 007E,Public order,Investigation complete; no suspect identified,
ec22ed5f5c7e6c9e2fc7b3aa3ad58077e2f2b4efbb43dc97aff088808b89a9ea,2024-11,Sussex Police,Sussex Police,-0.192193,51.113530,On or near Supermarket,E01031608,Crawley 007E,Public order,Investigation complete; no suspect identified,
ded10acf97126e304f94788f42d5f615836d1f95adf467eae9b401c91c312e75,2024-11,Sussex Police,Sussex Police,-0.201778,51.115431,On or near Cotswold Close,E01031608,Crawley 007E,Public order,Investigation complete; no suspect identified,
9bb208f8a565e43a9565232a3b9ba782bf35f4a5023f4c8a5055509b459828be,2024-11,Sussex Police,Sussex Police,-0.202736,51.114672,On or near Westfield Road,E01031608,Crawley 007E,Robbery,Investigation complete; no suspect identified,
139b704f3e36d702d04e746d05d7f3b481977c2373686b605e4f237bbdfa7c65,2024-11,Sussex Police,Sussex Police,-0.199665,51.116118,On or near Lodge Close,E01031608,Crawley 007E,Robbery,Investigation complete; no suspect identified,
9c8226bb72e13167107fae47755c4daf4125d05bb27714d631ef571c672e910e,2024-11,Sussex Police,Sussex Police,-0.192193,51.113530,On or near Supermarket,E01031608,Crawley 007E,Shoplifting,Unable to prosecute suspect,
c7dc6a8d9a07968da03a39a819b843c8665c395e9cf694d768c1d81d2e9f6322,2024-11,Sussex Police,Sussex Police,-0.192193,51.113530,On or near Supermarket,E01031608,Crawley 007E,Shoplifting,Investigation complete; no suspect identified,
175950be50ba4aa7487411e2edb424120973092cac489f3fe74411ec0f3f94fa,2024-11,Sussex Police,Sussex Police,-0.192193,51.113530,On or near Supermarket,E01031608,Crawley 007E,Shoplifting,Investigation complete; no suspect identified,
bacb28bd31b34ed07e9e0db7aab30f0942ae21844dfe899263b6cca9a6185665,2024-11,Sussex Police,Sussex Police,-0.192193,51.113530,On or near Supermarket,E01031608,Crawley 007E,Shoplifting,Investigation complete; no suspect identified,
af555b64a96d713fca116e7280d094ff83509b6a3126b49f22453d4f6fa65342,2024-11,Sussex Police,Sussex Police,-0.192193,51.113530,On or near Supermarket,E01031608,Crawley 007E,Shoplifting,Investigation complete; no suspect identified,
708b443284ba2295eca8b315a340a7006bf00393a16bc7cc1564b99ae42acf44,2024-11,Sussex Police,Sussex Police,-0.195649,51.116883,On or near West Green Drive,E01031608,Crawley 007E,Vehicle crime,Investigation complete; no suspect identified,
e2a96698e68819dd9d28b71ba13186a65290dcb798efe63e71ba770b42f91585,2024-11,Sussex Police,Sussex Police,-0.192193,51.113530,On or near Supermarket,E01031608,Crawley 007E,Vehicle crime,Unable to prosecute suspect,
df6f595a69b51947e489490fc91b7ce2731526a5d736bde907e949fe77aee21f,2024-11,Sussex Police,Sussex Police,-0.196161,51.115111,On or near Church Street,E01031608,Crawley 007E,Violence and sexual offences,Status update unavailable,
59ee17b764deadbfe5c3bea6db6f00a4529abeba506397329ed653c5abcdc710,2024-11,Sussex Police,Sussex Police,-0.192193,51.113530,On or near Supermarket,E01031608,Crawley 007E,Violence and sexual offences,Investigation complete; no suspect identified,
8f167ba3b0b661401b9e948fce9a7dc84538e6ae0928960fd49cd38067dd1de8,2024-11,Sussex Police,Sussex Police,-0.190651,51.113137,On or near A2219,E01031608,Crawley 007E,Violence and sexual offences,Local resolution,
270acd91aada04e584fde5ebbb7eebc89a708eeabda5e3eb821f750bb7daefdc,2024-11,Sussex Police,Sussex Police,-0.195385,51.113750,On or near Spencers Road,E01031608,Crawley 007E,Violence and sexual offences,Unable to prosecute suspect,
941ec22ec5fd9885bd362dd32ec074ed5b9bba4b43b5389517cd8fc22894444d,2024-11,Sussex Police,Sussex Police,-0.202736,51.114672,On or near Westfield Road,E01031608,Crawley 007E,Violence and sexual offences,Unable to prosecute suspect,
19a5df468caae6bb3df5abdff1dde9602bd167b8d4b3fa1d78e33e4251e8a3bb,2024-11,Sussex Police,Sussex Police,-0.195385,51.113750,On or near Spencers Road,E01031608,Crawley 007E,Violence and sexual offences,Unable to prosecute suspect,
4b5c203bd15307a6e79c25c30c960883ec4586ff3f401ea4f5be7e7839a1f79e,2024-11,Sussex Police,Sussex Police,-0.195649,51.116883,On or near West Green Drive,E01031608,Crawley 007E,Violence and sexual offences,Court result unavailable,
58980314394e6327b9c55df0a51a94758fa5c01a6efe8f0f47a8079d620085c1,2024-11,Sussex Police,Sussex Police,-0.192193,51.113530,On or near Supermarket,E01031608,Crawley 007E,Violence and sexual offences,Unable to prosecute suspect,
1e8bc9eb4dad70e27e4e40024322dd94f59e1791828aadbde49441335dfc4863,2024-11,Sussex Police,Sussex Police,-0.195383,51.115638,On or near St Peter'S Road,E01031608,Crawley 007E,Violence and sexual offences,Action to be taken by another organisation,
140ded3d72d43100987edc2c51601e5f0e8fdf044342a5d6c78e2bb2cafeb982,2024-11,Sussex Police,Sussex Police,-0.196161,51.115111,On or near Church Street,E01031608,Crawley 007E,Violence and sexual offences,Investigation complete; no suspect identified,
9e20a9bccfd3ca1081c4b6260a93faf0bae127d977faf9cd4f7efa29b4e222ab,2024-11,Sussex Police,Sussex Police,-0.197693,51.115017,On or near Alpha Road,E01031608,Crawley 007E,Violence and sexual offences,Unable to prosecute suspect,
77413b56555b25cf0b054a9d454eab372780f576ef4a12bb7363a22a08a2a507,2024-11,Sussex Police,Sussex Police,-0.197403,51.116605,On or near Hospital,E01031608,Crawley 007E,Violence and sexual offences,Court result unavailable,
9684a126be31d0a730301ba29b9383294386c4253ca0764effa6903eb5dd883d,2024-11,Sussex Police,Sussex Police,-0.190651,51.113137,On or near A2219,E01031608,Crawley 007E,Violence and sexual offences,Investigation complete; no suspect identified,
decf029dac44d60d2457cd00a4eeed932617a539a4ac77a0e922cd542fd9d4cc,2024-11,Sussex Police,Sussex Police,-0.201778,51.115431,On or near Cotswold Close,E01031608,Crawley 007E,Other crime,Status update unavailable,
02d5a101c473ac6500bd16d0287b442e4a6b22b4cd8ff6a8525740a894b36f4a,2024-11,Sussex Police,Sussex Police,-0.158253,51.109421,On or near Stirling Close,E01031578,Crawley 008A,Criminal damage and arson,Investigation complete; no suspect identified,
15f456608c0491e1974bda51392d35329eb3cbc522e426ce02b1da8a1af064e6,2024-11,Sussex Police,Sussex Police,-0.156722,51.108758,On or near Newman Close,E01031578,Crawley 008A,Violence and sexual offences,Unable to prosecute suspect,
,2024-11,Sussex Police,Sussex Police,-0.150809,51.105859,On or near Parking Area,E01031580,Crawley 008B,Anti-social behaviour,,
,2024-11,Sussex Police,Sussex Police,-0.150809,51.105859,On or near Parking Area,E01031580,Crawley 008B,Anti-social behaviour,,
5f7028b487c6c658dcee7e243aeffa7e10bd6490afc8e53d76f4c5469b617d4b,2024-11,Sussex Police,Sussex Police,-0.146003,51.106385,On or near Eskdale Way,E01031580,Crawley 008B,Criminal damage and arson,Investigation complete; no suspect identified,
319253843c3630a62c8aa7dd34884000c6c3b526302708b5608e3713e149af6e,2024-11,Sussex Police,Sussex Police,-0.153512,51.107403,On or near Supermarket,E01031580,Crawley 008B,Other theft,Investigation complete; no suspect identified,
1bcdbf13ea5ec0a8f0f568530c7d9b6b7200032a3525d8044ebd744a0fa50038,2024-11,Sussex Police,Sussex Police,-0.146003,51.106385,On or near Eskdale Way,E01031580,Crawley 008B,Vehicle crime,Investigation complete; no suspect identified,
1ea8a1325e6ea815ff304d5c966bce1ed556262af3fe9cee79d26dc5a44351aa,2024-11,Sussex Police,Sussex Police,-0.149029,51.106811,On or near Benjamin Road,E01031580,Crawley 008B,Vehicle crime,Investigation complete; no suspect identified,
02f4c4f552f5a43e5dfc5c7b87f07ee282548b3d9694d765f1b7e5c0d28ca9c3,2024-11,Sussex Police,Sussex Police,-0.146003,51.106385,On or near Eskdale Way,E01031580,Crawley 008B,Vehicle crime,Investigation complete; no suspect identified,
dccb037cbf2e9f144ae9c7276a1e5d82a80f2b33985eb0ea139226fdfe3b565a,2024-11,Sussex Police,Sussex Police,-0.146003,51.106385,On or near Eskdale Way,E01031580,Crawley 008B,Violence and sexual offences,Unable to prosecute suspect,
3273077509f70c09b82ec7be54c58f953ae0e6471fc7ea9bea92e18f824e2856,2024-11,Sussex Police,Sussex Police,-0.145823,51.109107,On or near Olivier Road,E01031580,Crawley 008B,Violence and sexual offences,Unable to prosecute suspect,
9f9f1d3e9ea7c10a23fd1bcce6b8e285efa7724370194cdb27b5d6ae700d9b38,2024-11,Sussex Police,Sussex Police,-0.147762,51.106332,On or near Townsend Way,E01031580,Crawley 008B,Violence and sexual offences,Unable to prosecute suspect,
d4716e04ddddbd34bc1b1efb8db80e8f4c22b16518f1fc30fdf33c514e36a262,2024-11,Sussex Police,Sussex Police,-0.150809,51.105859,On or near Parking Area,E01031580,Crawley 008B,Violence and sexual offences,Unable to prosecute suspect,
73c7c97eccbdd7c92c9980dbee6e413405ce47837ff8d53457b2d22f55154a4e,2024-11,Sussex Police,Sussex Police,-0.147762,51.106332,On or near Townsend Way,E01031580,Crawley 008B,Violence and sexual offences,Unable to prosecute suspect,
6c673c2ef9201e9bacfef696d527a17435bb8c036d5283a1c2f704f638920095,2024-11,Sussex Police,Sussex Police,-0.148258,51.107509,On or near Lyric Close,E01031580,Crawley 008B,Violence and sexual offences,Investigation complete; no suspect identified,
5e6985b0acc40e98c576c3495ed0aa238f2d1b1cf2974d1a6d6bdb341de9f290,2024-11,Sussex Police,Sussex Police,-0.147762,51.106332,On or near Townsend Way,E01031580,Crawley 008B,Violence and sexual offences,Unable to prosecute suspect,
3c475adfb8b318486af5e5abb72128bf54da2b783320a0d2623aed376975f244,2024-11,Sussex Police,Sussex Police,-0.147762,51.106332,On or near Townsend Way,E01031580,Crawley 008B,Violence and sexual offences,Unable to prosecute suspect,
7e42fc53eaf37ad2271084a2a54341e86014209f382675ee6520ecb5a72ec324,2024-11,Sussex Police,Sussex Police,-0.153050,51.107702,On or near Parking Area,E01031580,Crawley 008B,Other crime,Investigation complete; no suspect identified,
228945703c92fae1480dd524423236f50f88b8cf7803a303befc9372631398d2,2024-11,Sussex Police,Sussex Police,-0.143224,51.115853,On or near Further/Higher Educational Building,E01031592,Crawley 008D,Violence and sexual offences,Local resolution,
6e8d3cf55b5192572bffe716116af18fc8ff5404205369b092599c6bb43e5806,2024-11,Sussex Police,Sussex Police,-0.143224,51.115853,On or near Further/Higher Educational Building,E01031592,Crawley 008D,Violence and sexual offences,Unable to prosecute suspect,
f25132768851e79ce71133eb86ece0a34342f555225856e13f2893387a120656,2024-11,Sussex Police,Sussex Police,-0.143224,51.115853,On or near Further/Higher Educational Building,E01031592,Crawley 008D,Violence and sexual offences,Unable to prosecute suspect,
,2024-11,Sussex Police,Sussex Police,-0.166185,51.103205,On or near Batemans Court,E01031560,Crawley 009A,Anti-social behaviour,,
0bcbdc1e741cc3a429be7eff46da8d18e1f1137fbba740bc6762736aa96cce01,2024-11,Sussex Police,Sussex Police,-0.167141,51.105756,On or near Furnace Farm Road,E01031560,Crawley 009A,Criminal damage and arson,Local resolution,
7ad8a9e8cf5d3f52123d1907f4944c11844d4bf86863f73bfc004726adc0c9f0,2024-11,Sussex Police,Sussex Police,-0.164581,51.103315,On or near Nymans Court,E01031560,Crawley 009A,Violence and sexual offences,Investigation complete; no suspect identified,
b27a65c98b8cbc1d70b6ba81ce63de415d110e9ea169b0083dabe91dc8133411,2024-11,Sussex Police,Sussex Police,-0.170659,51.104211,On or near Fontwell Road,E01031560,Crawley 009A,Violence and sexual offences,Unable to prosecute suspect,
,2024-11,Sussex Police,Sussex Police,-0.166681,51.111604,On or near Freshfield Close,E01031561,Crawley 009B,Anti-social behaviour,,
,2024-11,Sussex Police,Sussex Police,-0.169272,51.111123,On or near Coltash Road,E01031561,Crawley 009B,Anti-social behaviour,,
bee8cd7b765ce63b2624c955b16adf4d52d26126baa1c3b34875106d220b6ba1,2024-11,Sussex Police,Sussex Police,-0.166868,51.109772,On or near Water Lea,E01031561,Crawley 009B,Public order,Unable to prosecute suspect,
250666586822758ad4bee75625cec93f4179f447781878d6964e4c25debf7e08,2024-11,Sussex Police,Sussex Police,-0.166014,51.110775,On or near Greenacres,E01031561,Crawley 009B,Public order,Status update unavailable,
fc887c8f97977f0c51be01012c4e73df2640867eea5e0801e779cf4897e0ed2b,2024-11,Sussex Police,Sussex Police,-0.169006,51.109895,On or near Hylands Close,E01031561,Crawley 009B,Public order,Unable to prosecute suspect,
fb8115733e4b719e04aa885251541c814e325fe9a19053bf4bed54bc49e66bb4,2024-11,Sussex Police,Sussex Police,-0.169006,51.109895,On or near Hylands Close,E01031561,Crawley 009B,Other crime,Unable to prosecute suspect,
f936e6fd0c6fbe30b6d5fea9a06a49bee4e1a49cb430857e1433266473308fc0,2024-11,Sussex Police,Sussex Police,-0.169006,51.109895,On or near Hylands Close,E01031561,Crawley 009B,Other crime,Unable to prosecute suspect,
b0ad018074d4f654f9efe1759052c7ace2eb3c4b26a0a480d975988ae2410a0f,2024-11,Sussex Police,Sussex Police,-0.167100,51.107509,On or near Feroners Close,E01031562,Crawley 009C,Burglary,Investigation complete; no suspect identified,
7ebf73f90a50839e63e7a9099d14c37ced5110498df0f4f60b86fb51399eadd4,2024-11,Sussex Police,Sussex Police,-0.166441,51.106842,On or near Ashburnham Road,E01031562,Crawley 009C,Drugs,Investigation complete; no suspect identified,
11f77a35e0d561fd783f3795c5725ec1d39e2e44fbcd2aacd5bbe2f3e5cfa895,2024-11,Sussex Police,Sussex Police,-0.164596,51.105806,On or near Strudgate Close,E01031562,Crawley 009C,Violence and sexual offences,Unable to prosecute suspect,
,2024-11,Sussex Police,Sussex Police,-0.176527,51.106101,On or near Chelwood Close,E01031563,Crawley 009D,Anti-social behaviour,,
07b6fc49d611fc72a81932de0a431d4bf892342db8f42ae15ba8eeef0f171073,2024-11,Sussex Police,Sussex Police,-0.157221,51.104134,On or near Watson Close,E01031579,Crawley 009E,Public order,Unable to prosecute suspect,
931c11eb7f34144c34a20f0bad660c94c35ee492b2e64c04a019efc54855a385,2024-11,Sussex Police,Sussex Police,-0.158809,51.106938,On or near Baxter Close,E01031579,Crawley 009E,Theft from the person,Investigation complete; no suspect identified,
2289a084523b7892fbe66fbcc93f50b632c7ec813d61f9bf3a1ce2f2bb849783,2024-11,Sussex Police,Sussex Police,-0.159355,51.109744,On or near Craven Road,E01031579,Crawley 009E,Violence and sexual offences,Investigation complete; no suspect identified,
b759e4e8d9eb9706cd49cdde3b5f845e9bca15605ad874a12d116d1c206debe1,2024-11,Sussex Police,Sussex Police,-0.158809,51.106938,On or near Baxter Close,E01031579,Crawley 009E,Violence and sexual offences,Unable to prosecute suspect,
9d52f3b8775455e23ee570a411798431939a71f2590431a3d5efc2d9b59366b6,2024-11,Sussex Police,Sussex Police,-0.159960,51.096309,On or near Forbes Close,E01031582,Crawley 009F,Burglary,Status update unavailable,
fc4cfe2803e3a18833ac69bbcd68f85e0ba402f77eb910b77747dcb47306c2f7,2024-11,Sussex Police,Sussex Police,-0.226161,51.099913,On or near Runcorn Close,E01031547,Crawley 010A,Criminal damage and arson,Investigation complete; no suspect identified,
004b90d8baf0fd4cac5c286ae8ffa0acf919c1cc771745b02dd3f99df59f3fb4,2024-11,Sussex Police,Sussex Police,-0.229241,51.099303,On or near Norfolk Close,E01031547,Crawley 010A,Public order,Investigation complete; no suspect identified,
4dc1ed59b2b9c4d32a5bd7750dc6fb36c89dd065224d427c2be58645725e0dc0,2024-11,Sussex Police,Sussex Police,-0.228595,51.100876,On or near Warrington Close,E01031547,Crawley 010A,Public order,Investigation complete; no suspect identified,
85a4f3e9e3b0b2be7bca18ed49bb5f5eb6c4fbf7d6daed4aa2b6a5b294cdfe77,2024-11,Sussex Police,Sussex Police,-0.226753,51.103465,On or near Booth Road,E01031547,Crawley 010A,Public order,Unable to prosecute suspect,
f9a37af8479d4cdd5af0c0c0f447b87f2ce81ab0bfc3f54b8f70bed88b4ad8bf,2024-11,Sussex Police,Sussex Police,-0.227169,51.102671,On or near Bunyan Close,E01031547,Crawley 010A,Vehicle crime,Investigation complete; no suspect identified,
7dbb1cd4a74e6c7fe9b231b2ccfde9b3f3d70c8ef3c8cd919a5e183d612ccbab,2024-11,Sussex Police,Sussex Police,-0.228369,51.099677,On or near Redditch Close,E01031547,Crawley 010A,Violence and sexual offences,Unable to prosecute suspect,
99303a8c4302e54fe30ff09a086abfe7ba00b8ada5741f29639b780f80e970d7,2024-11,Sussex Police,Sussex Police,-0.230407,51.100166,On or near Manorfields,E01031547,Crawley 010A,Violence and sexual offences,Status update unavailable,
,2024-11,Sussex Police,Sussex Police,-0.222559,51.103330,On or near Parking Area,E01031548,Crawley 010B,Anti-social behaviour,,
,2024-11,Sussex Police,Sussex Police,-0.222559,51.103330,On or near Parking Area,E01031548,Crawley 010B,Anti-social behaviour,,
,2024-11,Sussex Police,Sussex Police,-0.222559,51.103330,On or near Parking Area,E01031548,Crawley 010B,Anti-social behaviour,,
,2024-11,Sussex Police,Sussex Police,-0.222559,51.103330,On or near Parking Area,E01031548,Crawley 010B,Anti-social behaviour,,
,2024-11,Sussex Police,Sussex Police,-0.218549,51.103610,On or near Madehurst Court,E01031548,Crawley 010B,Anti-social behaviour,,
beb198f367eb6b480ba621c95553786047e5dabff3fdeb0dafe315d46c0740de,2024-11,Sussex Police,Sussex Police,-0.219888,51.105564,On or near Pegwell Close,E01031548,Crawley 010B,Criminal damage and arson,Unable to prosecute suspect,
740cb834e9d1be8c922ddf3dd813ccabffcf3a9806a1ac9e5b004f5474c73b5f,2024-11,Sussex Police,Sussex Police,-0.229298,51.104151,On or near Milne Close,E01031548,Crawley 010B,Other theft,Investigation complete; no suspect identified,
e402c7cfb2deba2fe689fe4dc64d24786db82e2cb0c2d1c2a126f4b03f361df6,2024-11,Sussex Police,Sussex Police,-0.222441,51.103813,On or near Supermarket,E01031548,Crawley 010B,Other theft,Investigation complete; no suspect identified,
dd9630413ef30ec09311f2f3cacbb825c2fd4a5878991fdfe0e52d4bf64dc331,2024-11,Sussex Police,Sussex Police,-0.222559,51.103330,On or near Parking Area,E01031548,Crawley 010B,Public order,Unable to prosecute suspect,
8a628497db00fb888b82bbe570de8562c0d8dd356929aaa488d01e756a30ed6d,2024-11,Sussex Police,Sussex Police,-0.228044,51.103719,On or near Parking Area,E01031548,Crawley 010B,Public order,Investigation complete; no suspect identified,
665ccfc283ca6ffd604a6768e5fca31cdd212c57a0c6fc8f1e779fb99541af5e,2024-11,Sussex Police,Sussex Police,-0.218549,51.103610,On or near Madehurst Court,E01031548,Crawley 010B,Public order,Investigation complete; no suspect identified,
12e7b3f13b202c06a598772ff7a8d9d34e001b8278eddd09beae61b30b6f5468,2024-11,Sussex Police,Sussex Police,-0.228044,51.103719,On or near Parking Area,E01031548,Crawley 010B,Public order,Unable to prosecute suspect,
e1cd927a42ca1233b570b957988f17a30e289815d0538fc83610861e2a17eb69,2024-11,Sussex Police,Sussex Police,-0.229298,51.104151,On or near Milne Close,E01031548,Crawley 010B,Public order,Local resolution,
71cf0cbd5150da95e0d77afb749d9283e98b392ae217aba44ade5003da3a4855,2024-11,Sussex Police,Sussex Police,-0.228044,51.103719,On or near Parking Area,E01031548,Crawley 010B,Public order,Investigation complete; no suspect identified,
f4a9f46f6e137bf9410cb0107801933fa5461257667cb33afc3e8e9fb4a0e959,2024-11,Sussex Police,Sussex Police,-0.228044,51.103719,On or near Parking Area,E01031548,Crawley 010B,Public order,Unable to prosecute suspect,
b3b8922ff6cfc85d97dd722e2e7e0a2e6536bcfdce264a88f0c332c9a7cc3fbc,2024-11,Sussex Police,Sussex Police,-0.218549,51.103610,On or near Madehurst Court,E01031548,Crawley 010B,Public order,Unable to prosecute suspect,
d019024d8ecbc9065f30126fb4b9e21478bb92301082e70ea49809a34f95034d,2024-11,Sussex Police,Sussex Police,-0.218549,51.103610,On or near Madehurst Court,E01031548,Crawley 010B,Public order,Unable to prosecute suspect,
210ceb7d6739e08e7e87404bcfc93c128780f9dd523423c0885821563c695584,2024-11,Sussex Police,Sussex Police,-0.218549,51.103610,On or near Madehurst Court,E01031548,Crawley 010B,Public order,Unable to prosecute suspect,
443a323289f3fa988f778904e3de34533bc00e89c912c1265550d845462937cf,2024-11,Sussex Police,Sussex Police,-0.222441,51.103813,On or near Supermarket,E01031548,Crawley 010B,Shoplifting,Investigation complete; no suspect identified,
69ab5d64ced8d2478d24666db6c00eb6204ca5b6d1e933d5f330aa8ca4301c61,2024-11,Sussex Police,Sussex Police,-0.222441,51.103813,On or near Supermarket,E01031548,Crawley 010B,Shoplifting,Awaiting court outcome,
8b977498705684f0a9491cda2377afddbd05c4a063b2f1a179540d33696fecf7,2024-11,Sussex Police,Sussex Police,-0.222441,51.103813,On or near Supermarket,E01031548,Crawley 010B,Vehicle crime,Investigation complete; no suspect identified,
852ed7de1836ab404ebdf7abc5607dccb330840137d7cbec05fa43ea9daaa5c5,2024-11,Sussex Police,Sussex Police,-0.224805,51.105108,On or near Brettingham Close,E01031548,Crawley 010B,Vehicle crime,Investigation complete; no suspect identified,
17e48e685f7c8eb7d793767b95c367fc279ea6da5b4a21a4a79e3a89034b6857,2024-11,Sussex Police,Sussex Police,-0.226421,51.100582,On or near Basildon Way,E01031548,Crawley 010B,Violence and sexual offences,Investigation complete; no suspect identified,
3b5dcd18cd42a35c58ebe2aee1f0a0f5f5ce573dc602919d381da12df6826a7c,2024-11,Sussex Police,Sussex Police,-0.223279,51.103188,On or near Dorsten Place,E01031548,Crawley 010B,Violence and sexual offences,Status update unavailable,
eea9b6c7b7dce00a6f28845d51fc38b7702087d0a0dc450412301eec97c2cacb,2024-11,Sussex Police,Sussex Police,-0.222467,51.105361,On or near Colwyn Close,E01031548,Crawley 010B,Other crime,Awaiting court outcome,
dd901f1243eae2e93b8a6ec0d5616a916cddb9546bd945f0cfe7e0fbda800ce6,2024-11,Sussex Police,Sussex Police,-0.222104,51.101047,On or near Douster Crescent,E01031549,Crawley 010C,Drugs,Court result unavailable,
c70f817ce2942433357f8bbe33186a8fea6115e42d17d9c2b9bd9c6a0a977e1d,2024-11,Sussex Police,Sussex Police,-0.218430,51.102988,On or near Bolney Court,E01031549,Crawley 010C,Other theft,Investigation complete; no suspect identified,
2b5a750582f7b554561225049f8fceaff7c0283eaaddba20ca66f41a226cf3c8,2024-11,Sussex Police,Sussex Police,-0.225540,51.101198,On or near Washington Road,E01031549,Crawley 010C,Public order,Local resolution,
efacd7d3d702163044f5de270c68ddb28c19b1a525d119d72205df08cbbbfd78,2024-11,Sussex Police,Sussex Police,-0.221071,51.104143,On or near Britten Close,E01031549,Crawley 010C,Public order,Investigation complete; no suspect identified,
5c2835aadd6624348842c04d8513d6945a0fe0a2c86e88ca473af0a8c59df61e,2024-11,Sussex Police,Sussex Police,-0.219871,51.100798,On or near Waterfall Crescent,E01031549,Crawley 010C,Violence and sexual offences,Unable to prosecute suspect,
aea19a8a3a266e98179d96ab920181afabba1dcb527d6c376073e4218e6c063a,2024-11,Sussex Police,Sussex Police,-0.217604,51.101060,On or near Jolesfield Court,E01031549,Crawley 010C,Violence and sexual offences,Unable to prosecute suspect,
,2024-11,Sussex Police,Sussex Police,-0.229772,51.105948,On or near Gemini Close,E01031550,Crawley 010D,Anti-social behaviour,,
5aaa4cea20f0e7ac63c8c810bb6564cec90bd09f77b4394b49f72b15fb8d8dfc,2024-11,Sussex Police,Sussex Police,-0.229048,51.106576,On or near Andromeda Close,E01031550,Crawley 010D,Criminal damage and arson,Investigation complete; no suspect identified,
3b1206486b9408c3ff7974f6ab40e7c22ae5fc566ce6cd0eecd05a95ff9c066d,2024-11,Sussex Police,Sussex Police,-0.225308,51.107265,On or near Soane Close,E01031550,Crawley 010D,Criminal damage and arson,Unable to prosecute suspect,
0570c35bb6075f80fc9cf3b6b8df1ff52a0c87fe5c1f13d2655c7282bc525ca7,2024-11,Sussex Police,Sussex Police,-0.225288,51.107049,On or near Hawkesmoor Road,E01031550,Crawley 010D,Other theft,Investigation complete; no suspect identified,
bf781b76122bf6889edf8980d95f029789a4415d3c20622c15724f43da27f726,2024-11,Sussex Police,Sussex Police,-0.221500,51.106722,On or near Morecambe Close,E01031550,Crawley 010D,Violence and sexual offences,Unable to prosecute suspect,
07c0b267624e483c0f54e06f085e7b4c495d679fd14ea9d95f3a287c135fb16d,2024-11,Sussex Police,Sussex Police,-0.225308,51.107265,On or near Soane Close,E01031550,Crawley 010D,Violence and sexual offences,Unable to prosecute suspect,
0008493afa946996ea558491ee617e5445bbd0d569a0e12a0c05ecb689ade9df,2024-11,Sussex Police,Sussex Police,-0.221500,51.106722,On or near Morecambe Close,E01031550,Crawley 010D,Violence and sexual offences,Unable to prosecute suspect,
ff47b16c7b9e3e6b8b27623ab6ff7087377bc14d0d49cfc1754dcb11b0fcdae5,2024-11,Sussex Police,Sussex Police,-0.228764,51.108775,On or near Waterfield Gardens,E01031550,Crawley 010D,Violence and sexual offences,Unable to prosecute suspect,
,2024-11,Sussex Police,Sussex Police,-0.227369,51.111649,On or near Hanbury Road,E01031569,Crawley 010E,Anti-social behaviour,,
75478d3cc2a5b4fa56bc1e039d5dc24e010c60196a5eb9b5d691b93c9ad4bf32,2024-11,Sussex Police,Sussex Police,-0.229540,51.110540,On or near Tunnmeade,E01031569,Crawley 010E,Violence and sexual offences,Unable to prosecute suspect,
ac47297fe16af1fe61f8861e4064deab4d81945ad64d78ace4c70b9981f496d4,2024-11,Sussex Police,Sussex Police,-0.233031,51.109639,On or near Kittiwake Close,E01031569,Crawley 010E,Violence and sexual offences,Unable to prosecute suspect,
9bb0883fa8e177806b33e9820fcbd59fff0c5cc2246b6b587dbf39ecdff8e953,2024-11,Sussex Police,Sussex Police,-0.233030,51.108542,On or near Keswick Close,E01031569,Crawley 010E,Violence and sexual offences,Unable to prosecute suspect,
9a6d84a3409aa7a4ae0ece3dbc50c02f4520163b4debfb6508ef8dda73e9b9ef,2024-11,Sussex Police,Sussex Police,-0.229065,51.110263,On or near Stackfield Road,E01031569,Crawley 010E,Violence and sexual offences,Unable to prosecute suspect,
0682856101af29ba9f54b2054e392c2bbaa842ef5c1e4592353dab39d2c713be,2024-11,Sussex Police,Sussex Police,-0.233031,51.109639,On or near Kittiwake Close,E01031569,Crawley 010E,Violence and sexual offences,Unable to prosecute suspect,
,2024-11,Sussex Police,Sussex Police,-0.182902,51.106353,On or near Southgate Avenue,E01031595,Crawley 011A,Anti-social behaviour,,
2f0509d2b328fa113541f3ef2fa10d8a3b6d10ca5439da9ef22c5a040372f958,2024-11,Sussex Police,Sussex Police,-0.186671,51.106412,On or near Southgate Drive,E01031595,Crawley 011A,Criminal damage and arson,Investigation complete; no suspect identified,
f113649f05b6f8dfef07ae80f9e3efb8574a7d87824b4798a7ddcdde1f5c2c1b,2024-11,Sussex Police,Sussex Police,-0.185110,51.106873,On or near Fisher Close,E01031595,Crawley 011A,Drugs,Status update unavailable,
81e48de79a44b29ee3475c5d3814d1baab05536204b5dc860ab83c3026f79612,2024-11,Sussex Police,Sussex Police,-0.187937,51.105469,On or near Collier Row,E01031595,Crawley 011A,Public order,Unable to prosecute suspect,
6df9dfdf0979fd02bacababd7a71cb31cd3241b479694d2dd2feb29a117c76c6,2024-11,Sussex Police,Sussex Police,-0.189689,51.103401,On or near Wakehurst Drive,E01031595,Crawley 011A,Vehicle crime,Investigation complete; no suspect identified,
bc9d64baea6019618f1deca300c3c144f42cbadf0ce7ad9152bbd20ceded29a1,2024-11,Sussex Police,Sussex Police,-0.186671,51.106412,On or near Southgate Drive,E01031595,Crawley 011A,Vehicle crime,Investigation complete; no suspect identified,
,2024-11,Sussex Police,Sussex Police,-0.177238,51.102551,On or near Ross Close,E01031604,Crawley 011B,Anti-social behaviour,,
,2024-11,Sussex Police,Sussex Police,-0.177238,51.102551,On or near Ross Close,E01031604,Crawley 011B,Anti-social behaviour,,
239e9733dae4d6adf343127e41f981abd9ece697d156204e1ea1bd17c85d72aa,2024-11,Sussex Police,Sussex Police,-0.177238,51.102551,On or near Ross Close,E01031604,Crawley 011B,Criminal damage and arson,Investigation complete; no suspect identified,
4a652f7fc0ed23436014a8a476bd985f52ed807afab011336013ae648823e5b1,2024-11,Sussex Police,Sussex Police,-0.176778,51.100079,On or near Gainsborough Road,E01031604,Crawley 011B,Criminal damage and arson,Unable to prosecute suspect,
c70b6a566ed7164f556d31e6627d1b2f038f179ea1fb080782027d573cb75e87,2024-11,Sussex Police,Sussex Police,-0.181445,51.102005,On or near Supermarket,E01031604,Crawley 011B,Vehicle crime,Investigation complete; no suspect identified,
9626bdce9561295c4a13433f97359e089ae2327ec0b919f88264376c8c6800b4,2024-11,Sussex Police,Sussex Police,-0.178189,51.100515,On or near Hogarth Road,E01031604,Crawley 011B,Violence and sexual offences,Unable to prosecute suspect,
1ec09073d837108fb2b55c7ae3530ecded1b0fabe798214da654954420526c6a,2024-11,Sussex Police,Sussex Police,-0.177352,51.100754,On or near Holbein Road,E01031604,Crawley 011B,Violence and sexual offences,Investigation complete; no suspect identified,
3be2a8b429395d47edb74292fd10a7de9d1fc54a53fec6ce2eed47aa15a8845a,2024-11,Sussex Police,Sussex Police,-0.180428,51.102070,On or near Tilgate Parade,E01031604,Crawley 011B,Violence and sexual offences,Action to be taken by another organisation,
129f8ba0870aaac6ffc82dd3a5339530c2b585dd349ff2ec7ab8b129d2be945a,2024-11,Sussex Police,Sussex Police,-0.177074,51.104545,On or near Loppets Road,E01031604,Crawley 011B,Violence and sexual offences,Action to be taken by another organisation,
645c4e5504b5b8b745bfb6d4987ace1ee62e1d8f8f52cec974fc673455b955b4,2024-11,Sussex Police,Sussex Police,-0.178189,51.100515,On or near Hogarth Road,E01031604,Crawley 011B,Violence and sexual offences,Unable to prosecute suspect,
2bad55d6ee8c2e8dc4dcf0fb177b6b0e796934265c8227e47061dfe4c2366e29,2024-11,Sussex Police,Sussex Police,-0.178189,51.100515,On or near Hogarth Road,E01031604,Crawley 011B,Violence and sexual offences,Unable to prosecute suspect,
e88a02f15f75c19b8a65bcec3a67b8c8741884be9ad00e2828c79ae5b9ace8e8,2024-11,Sussex Police,Sussex Police,-0.180428,51.102070,On or near Tilgate Parade,E01031604,Crawley 011B,Violence and sexual offences,Status update unavailable,
,2024-11,Sussex Police,Sussex Police,-0.186805,51.103005,On or near Dickens Road,E01031605,Crawley 011C,Anti-social behaviour,,
,2024-11,Sussex Police,Sussex Police,-0.185057,51.100208,On or near Chantrey Road,E01031605,Crawley 011C,Anti-social behaviour,,
a2ade0659a1ca3dcf4e8c857109c02e75db63c4d8789a1b43485b7746d1ccd3e,2024-11,Sussex Police,Sussex Police,-0.187532,51.100472,On or near Caxton Close,E01031605,Crawley 011C,Criminal damage and arson,Unable to prosecute suspect,
80854cfc341344ea4cdebd4d216349df0d8b634b4537f5d39f2d5a9435ca9e04,2024-11,Sussex Police,Sussex Police,-0.185325,51.097020,On or near Exeter Close,E01031605,Crawley 011C,Drugs,Local resolution,
7ac126407ab4db2021900d0f94bc42b92d4db4e6d1f4c50694a0a3325aada864,2024-11,Sussex Police,Sussex Police,-0.186332,51.098663,On or near Canterbury Road,E01031605,Crawley 011C,Other theft,Investigation complete; no suspect identified,
754cf11b806df28d34520e33d1c22e01f66ba5c32311d7967d6221015eaf3155,2024-11,Sussex Police,Sussex Police,-0.184994,51.098903,On or near Chichester Close,E01031605,Crawley 011C,Possession of weapons,Unable to prosecute suspect,
7bd9134f7c6c91a7a8b39c176083b6df775469c69d7a642f4088dcd24a0b5619,2024-11,Sussex Police,Sussex Police,-0.184994,51.098903,On or near Chichester Close,E01031605,Crawley 011C,Possession of weapons,Status update unavailable,
1769f0ff01402cf93e32ed26c308f10775ad44dd40fa7868e0ac791336b1ae5d,2024-11,Sussex Police,Sussex Police,-0.185057,51.100208,On or near Chantrey Road,E01031605,Crawley 011C,Shoplifting,Investigation complete; no suspect identified,
fad81cbb353a22d9b6bafe369437b421cf296d006851efdeeab63f304499d321,2024-11,Sussex Police,Sussex Police,-0.185057,51.100208,On or near Chantrey Road,E01031605,Crawley 011C,Violence and sexual offences,Investigation complete; no suspect identified,
dd536af2392397dfc23bfbad4c8a551444ee8afd72dee068651396baf4e73a07,2024-11,Sussex Police,Sussex Police,-0.187532,51.100472,On or near Caxton Close,E01031605,Crawley 011C,Violence and sexual offences,Unable to prosecute suspect,
3b616d63aea211862d1867e3140a1104e06f8a0f0103a7dfd45feebccc116443,2024-11,Sussex Police,Sussex Police,-0.187532,51.100472,On or near Caxton Close,E01031605,Crawley 011C,Violence and sexual offences,Unable to prosecute suspect,
df7dd5ad72b1ab8b35667435d2b076331a2d33e604b19953f5ab78fc2ee36e80,2024-11,Sussex Police,Sussex Police,-0.187532,51.100472,On or near Caxton Close,E01031605,Crawley 011C,Violence and sexual offences,Unable to prosecute suspect,
6536268b9af6ec95bc22e583f9c1a2b002e13c62692b991cf2ef5d6c595f1ca2,2024-11,Sussex Police,Sussex Police,-0.183571,51.096939,On or near Gloucester Road,E01031606,Crawley 011D,Bicycle theft,Investigation complete; no suspect identified,
a5a146743ad6ffb74161df9d0fa0148ce940bf77879767ea2baa47db9f76cabd,2024-11,Sussex Police,Sussex Police,-0.181968,51.101033,On or near Ashdown Drive,E01031606,Crawley 011D,Criminal damage and arson,Unable to prosecute suspect,
d6f470f782617fa2365606538d67317996b513e4e38b3414023a573fc0f3a0af,2024-11,Sussex Police,Sussex Police,-0.181968,51.101033,On or near Ashdown Drive,E01031606,Crawley 011D,Public order,Unable to prosecute suspect,
b4b301d7bbad1aa2817c423274ff1f00bebaa015dcef0b1e2eb04c907c83fbf9,2024-11,Sussex Police,Sussex Police,-0.183571,51.096939,On or near Gloucester Road,E01031606,Crawley 011D,Vehicle crime,Investigation complete; no suspect identified,
728332e85cb5d0098fb89f743cf3991bd5c407c5b75a386f9fbb5ee27df71119,2024-11,Sussex Police,Sussex Police,-0.181968,51.101033,On or near Ashdown Drive,E01031606,Crawley 011D,Violence and sexual offences,Unable to prosecute suspect,
879af110b6566ea99310ca86e4c492b86ca20343068517a53b4ccffcf5f98fe8,2024-11,Sussex Police,Sussex Police,-0.176616,51.098764,On or near Constable Road,E01031606,Crawley 011D,Violence and sexual offences,Unable to prosecute suspect,
25bba9c6cb4239aa70b32c83501dbd3a6657ea820200fdbbe679c0431700381a,2024-11,Sussex Police,Sussex Police,-0.178852,51.097468,On or near Salisbury Road,E01031606,Crawley 011D,Violence and sexual offences,Unable to prosecute suspect,
3f72cccb54b5de8a078f7bddbbc78b383d207c9a9b99b1997350335f5264a1b2,2024-11,Sussex Police,Sussex Police,-0.178852,51.097468,On or near Salisbury Road,E01031606,Crawley 011D,Violence and sexual offences,Status update unavailable,
,2024-11,Sussex Police,Sussex Police,-0.183408,51.102935,On or near Tilgate Way,E01031607,Crawley 011E,Anti-social behaviour,,
7d91009b1d1670820336c7e38e2475c3bd92133cf5efa7562ab10b067dd19b88,2024-11,Sussex Police,Sussex Police,-0.182884,51.101353,On or near Irving Walk,E01031607,Crawley 011E,Criminal damage and arson,Investigation complete; no suspect identified,
b1634eea410a2318ab270fcae253572228ef711c984590ceec9e82dfdb1f08ec,2024-11,Sussex Police,Sussex Police,-0.183408,51.102935,On or near Tilgate Way,E01031607,Crawley 011E,Public order,Investigation complete; no suspect identified,
807236993247774122df45301c796f5d4ead7fcd5634fba455c1432080f8b692,2024-11,Sussex Police,Sussex Police,-0.182674,51.104524,On or near Hawkins Road,E01031607,Crawley 011E,Public order,Court result unavailable,
b2af11c3c9d112f65f7cdcfe57e6d376c5e69ef2abe4cac09aee4c10ef0d5ba0,2024-11,Sussex Police,Sussex Police,-0.183408,51.102935,On or near Tilgate Way,E01031607,Crawley 011E,Public order,Unable to prosecute suspect,
b57e719931a369c3d29d570a8de74a94a3ad8e962d8d30a9ded761fbdc7d7f96,2024-11,Sussex Police,Sussex Police,-0.178290,51.106317,On or near Bligh Close,E01031607,Crawley 011E,Public order,Unable to prosecute suspect,
ea7995f7252d7e44764253670da4ac1e00254e31ab9e448fe7ed759b339fee48,2024-11,Sussex Police,Sussex Police,-0.183408,51.102935,On or near Tilgate Way,E01031607,Crawley 011E,Violence and sexual offences,Unable to prosecute suspect,
03ba75c81384d339f23c4fe0acd97264c8b45238169cfc8ae932d06d6daa58af,2024-11,Sussex Police,Sussex Police,-0.183408,51.102935,On or near Tilgate Way,E01031607,Crawley 011E,Violence and sexual offences,Unable to prosecute suspect,
bf0e88b32034f4ddc7ae32eb52c5ef635c71f753e25b9890f4db92011f1dae67,2024-11,Sussex Police,Sussex Police,-0.179985,51.104626,On or near Rhodes Way,E01031607,Crawley 011E,Violence and sexual offences,Unable to prosecute suspect,
b0bd04a135d699cf0dc8dd82fe210c8aa3ea6d65accfeea8e984c01a1af7b47f,2024-11,Sussex Police,Sussex Police,-0.180201,51.105664,On or near Stanley Close,E01031607,Crawley 011E,Violence and sexual offences,Unable to prosecute suspect,
49fef73fd5581ded26db2dfb1bc8648f5d677bfd54f8451c796b275df17f1255,2024-11,Sussex Police,Sussex Police,-0.182674,51.104524,On or near Hawkins Road,E01031607,Crawley 011E,Violence and sexual offences,Status update unavailable,
4964340d776e48f913ce630d1a8215e874406bcd539841c4ae342aade4863865,2024-11,Sussex Police,Sussex Police,-0.182884,51.101353,On or near Irving Walk,E01031607,Crawley 011E,Violence and sexual offences,Unable to prosecute suspect,
5489f9c4be65cb4edf9bacb85ff43b1ac917547fcfc646b6286274568ee5500a,2024-11,Sussex Police,Sussex Police,-0.178290,51.106317,On or near Bligh Close,E01031607,Crawley 011E,Violence and sexual offences,Unable to prosecute suspect,
3e82fba08b0d89cc94c50f110a1fb9e2fce6223240e123c5baa283bc822d1d47,2024-11,Sussex Police,Sussex Police,-0.179985,51.104626,On or near Rhodes Way,E01031607,Crawley 011E,Violence and sexual offences,Awaiting court outcome,
dcd3f763dcdad44e6f1706da50c7e05bb96a9eaa153d11b20b82db96c6f43926,2024-11,Sussex Police,Sussex Police,-0.178290,51.106317,On or near Bligh Close,E01031607,Crawley 011E,Violence and sexual offences,Unable to prosecute suspect,
6c41d5ef3df8687915c1b4cd65a693b5c3ab66896f1b607b35f25c05ce9580a7,2024-11,Sussex Police,Sussex Police,-0.180201,51.105664,On or near Stanley Close,E01031607,Crawley 011E,Violence and sexual offences,Unable to prosecute suspect,
7a590af90413ec34d2e88d0f7b5b506558db09e80f8465b6d42ab739c83b5f48,2024-11,Sussex Police,Sussex Police,-0.183408,51.102935,On or near Tilgate Way,E01031607,Crawley 011E,Violence and sexual offences,Court result unavailable,
,2024-11,Sussex Police,Sussex Police,-0.212154,51.102388,On or near Waddington Close,E01031546,Crawley 012A,Anti-social behaviour,,
2fa4cfefc26b15ecfde77f18127c4e23105fe9f2ac38cdf6fc88df4b55c7515e,2024-11,Sussex Police,Sussex Police,-0.213148,51.104004,On or near Patrington Close,E01031546,Crawley 012A,Drugs,Court result unavailable,
0fde0cf2eed88a8d1b1a595c03963b3b7f7f085b6520528c59cd721abd8a1a83,2024-11,Sussex Police,Sussex Police,-0.210925,51.103880,On or near Monarch Close,E01031546,Crawley 012A,Public order,Unable to prosecute suspect,
468d13224db7ba837138d20e250ef4427d5db14cd4358b09182ca729f6892e71,2024-11,Sussex Police,Sussex Police,-0.212154,51.102388,On or near Waddington Close,E01031546,Crawley 012A,Violence and sexual offences,Status update unavailable,
a269adf63c33a61deafaddb121ecf99a1971ef2ad8dfb706cd1b95a5d906ccee,2024-11,Sussex Police,Sussex Police,-0.212154,51.102388,On or near Waddington Close,E01031546,Crawley 012A,Violence and sexual offences,Offender given a caution,
fced04a2684eae842f4c5a67b3da693e4cc47721b14f32866049b6d3ba298854,2024-11,Sussex Police,Sussex Police,-0.212154,51.102388,On or near Waddington Close,E01031546,Crawley 012A,Violence and sexual offences,Offender given a caution,
f08db7ea7617b3d473e5b1c7eb1f5beebbdd59c768af76431921895b0756ffe6,2024-11,Sussex Police,Sussex Police,-0.213148,51.104004,On or near Patrington Close,E01031546,Crawley 012A,Violence and sexual offences,Unable to prosecute suspect,
022499149b5996dae8eaa291afa70138673f06bc4c064b286fa761cb8f3c4516,2024-11,Sussex Police,Sussex Police,-0.215467,51.104993,On or near Bewbush Drive,E01031551,Crawley 012B,Criminal damage and arson,Investigation complete; no suspect identified,
da2aafd8781dbc002d9485473bc329b2f37cccfa461ae9b24d679391841103e6,2024-11,Sussex Police,Sussex Police,-0.216830,51.106327,On or near Mowbray Drive,E01031551,Crawley 012B,Other theft,Investigation complete; no suspect identified,
31380938cdc59e1d13fc2c39ecd43fb834a8b783c5968cd00157c85c6edbb86c,2024-11,Sussex Police,Sussex Police,-0.214872,51.104121,On or near Nevile Close,E01031551,Crawley 012B,Other theft,Investigation complete; no suspect identified,
3794b5a0a556ca414a85182d1fb1c7ffa7b8417bc7f382a7cb36454015dfe788,2024-11,Sussex Police,Sussex Police,-0.219048,51.105848,On or near Otway Close,E01031551,Crawley 012B,Other theft,Investigation complete; no suspect identified,
87440d224e0ec0daf9bb6aa1ec3f7d92ee5d9fa8e2ca6ca385f065fe1474089b,2024-11,Sussex Police,Sussex Police,-0.215467,51.104993,On or near Bewbush Drive,E01031551,Crawley 012B,Violence and sexual offences,Unable to prosecute suspect,
ce166411b74833f4c93cee212764ca068251099e7a49d03b3e491c03f4485bd4,2024-11,Sussex Police,Sussex Police,-0.215467,51.104993,On or near Bewbush Drive,E01031551,Crawley 012B,Violence and sexual offences,Unable to prosecute suspect,
,2024-11,Sussex Police,Sussex Police,-0.209283,51.096085,On or near Beachy Road,E01031553,Crawley 012C,Anti-social behaviour,,
5f215c4d11c544590bb18735175ac093ce231d6aafc43b5dad56c5c134abe662,2024-11,Sussex Police,Sussex Police,-0.214937,51.095767,On or near Edrich Road,E01031553,Crawley 012C,Criminal damage and arson,Unable to prosecute suspect,
121d25819078ffba22c2235ed73c623a2a33dd2211853bede9fd68c6ea7bd839,2024-11,Sussex Police,Sussex Police,-0.209283,51.096085,On or near Beachy Road,E01031553,Crawley 012C,Criminal damage and arson,Investigation complete; no suspect identified,
80f516546fca09e7c3e53943079a9e3b7da960cb0449ed2177a5b6d2570a6460,2024-11,Sussex Police,Sussex Police,-0.209283,51.096085,On or near Beachy Road,E01031553,Crawley 012C,Public order,Court result unavailable,
e2152751924775d9f2ba0de20dcaabcbb4243f744d6dc38bc1969785d0d0cf6e,2024-11,Sussex Police,Sussex Police,-0.210163,51.094759,On or near Harvey Close,E01031553,Crawley 012C,Violence and sexual offences,Action to be taken by another organisation,
,2024-11,Sussex Police,Sussex Police,-0.211694,51.098398,On or near Pelham Drive,E01031554,Crawley 012D,Anti-social behaviour,,
,2024-11,Sussex Police,Sussex Police,-0.211694,51.098398,On or near Pelham Drive,E01031554,Crawley 012D,Anti-social behaviour,,
,2024-11,Sussex Police,Sussex Police,-0.212724,51.099825,On or near Snowdrop Close,E01031554,Crawley 012D,Anti-social behaviour,,
,2024-11,Sussex Police,Sussex Police,-0.207392,51.097620,On or near Petrol Station,E01031554,Crawley 012D,Anti-social behaviour,,
a35687b5e7f1c9b42c8892bc631f19f91a3b5d45e80095d2877bbb043ff827e9,2024-11,Sussex Police,Sussex Police,-0.212593,51.099149,On or near Sorrel Close,E01031554,Crawley 012D,Burglary,Investigation complete; no suspect identified,
40812bca19ee84450841a031b944b78c194ee7ff691566c60a6ebc2c64beef1d,2024-11,Sussex Police,Sussex Police,-0.218594,51.098719,On or near St Sampson Road,E01031554,Crawley 012D,Criminal damage and arson,Investigation complete; no suspect identified,
55f67caa00bab959cf271bd0078b846d5976247d7b1696658522433b1cbfaf08,2024-11,Sussex Police,Sussex Police,-0.207392,51.097620,On or near Petrol Station,E01031554,Crawley 012D,Criminal damage and arson,Investigation complete; no suspect identified,
13824258edefe15e9f832733c6d91268fdce2e5ee32f47c523cdbe85f1afb0d2,2024-11,Sussex Police,Sussex Police,-0.209563,51.098824,On or near Trefoil Crescent,E01031554,Crawley 012D,Criminal damage and arson,Investigation complete; no suspect identified,
1ad7a61b117f457841be8598f5cd9be6eedc6320f63ae319b0d7a2b5a70b4150,2024-11,Sussex Police,Sussex Police,-0.218594,51.098719,On or near St Sampson Road,E01031554,Crawley 012D,Drugs,Court result unavailable,
f8ab064c80e6b7c086edd2dc363402db53a0c55e671d2c9324ddec9dbb7d508a,2024-11,Sussex Police,Sussex Police,-0.207392,51.097620,On or near Petrol Station,E01031554,Crawley 012D,Public order,Court result unavailable,
a9d3fcca6f48ef98ef5a2b82bcf5340cbc7aecbc4a0ddd288a77d9e55d4c1a2f,2024-11,Sussex Police,Sussex Police,-0.212724,51.099825,On or near Snowdrop Close,E01031554,Crawley 012D,Theft from the person,Status update unavailable,
2bc3b6889ff6faf784fcf5bf3cfeef16ff5ca025f0d58887bb36082ae31549df,2024-11,Sussex Police,Sussex Police,-0.211694,51.098398,On or near Pelham Drive,E01031554,Crawley 012D,Vehicle crime,Investigation complete; no suspect identified,
79c29df263a3aa20e10f041540bd91d84f017b06d6341806aa9da270f78663b4,2024-11,Sussex Police,Sussex Police,-0.209563,51.098824,On or near Trefoil Crescent,E01031554,Crawley 012D,Vehicle crime,Investigation complete; no suspect identified,
68708d11d75f74b6c73953397ffbeb157a4a5789e1d97230f35f0ed79e0c635b,2024-11,Sussex Police,Sussex Police,-0.214383,51.099410,On or near Jersey Road,E01031554,Crawley 012D,Violence and sexual offences,Unable to prosecute suspect,
b9453d6ed1cb7b37f6489ee082ce16b18c900e4ee848c0d66e66d77bf98aecf0,2024-11,Sussex Police,Sussex Police,-0.211694,51.098398,On or near Pelham Drive,E01031554,Crawley 012D,Violence and sexual offences,Status update unavailable,
a86037c980d526aab2a4db0e87d640a9491a23c7316f6cf02ac45ab6e49976d2,2024-11,Sussex Police,Sussex Police,-0.209563,51.098824,On or near Trefoil Crescent,E01031554,Crawley 012D,Violence and sexual offences,Unable to prosecute suspect,
0b2c4caf0023ea62994aa79eeb68857cea5e5a922965eaf3e4fc8143ff7a19e1,2024-11,Sussex Police,Sussex Police,-0.207387,51.101182,On or near Teasel Close,E01031555,Crawley 012E,Criminal damage and arson,Investigation complete; no suspect identified,
8cc8c06c905052988a55a57ca492554f85f35b32b75f5a9a67fcd5604aadd653,2024-11,Sussex Police,Sussex Police,-0.207387,51.101182,On or near Teasel Close,E01031555,Crawley 012E,Criminal damage and arson,Investigation complete; no suspect identified,
3977a07fa1b8587a74713c541c8658a32149b3d315093a15def0ab8cc397ae4e,2024-11,Sussex Police,Sussex Police,-0.208095,51.099853,On or near Seymour Road,E01031555,Crawley 012E,Criminal damage and arson,Investigation complete; no suspect identified,
5594b8d929638734e807d432f77d881b9a47c694a216263ac48b3eb6c9149944,2024-11,Sussex Police,Sussex Police,-0.205449,51.101063,On or near Primrose Close,E01031555,Crawley 012E,Criminal damage and arson,Investigation complete; no suspect identified,
85a55951786d9be1cdbea4f23587b88920900d317885ca47aa24e95c1b7291b8,2024-11,Sussex Police,Sussex Police,-0.204116,51.103030,On or near Iona Close,E01031555,Crawley 012E,Drugs,Status update unavailable,
b2e4b677ddf4af5e647f3525b73818a0ba51aa061a21925fb985f290173593c9,2024-11,Sussex Police,Sussex Police,-0.210402,51.100770,On or near Saffron Close,E01031555,Crawley 012E,Other theft,Investigation complete; no suspect identified,
04d44af76369523f06e465a3a7a18f99a710044000c6a7e1a583c40aa342d78b,2024-11,Sussex Police,Sussex Police,-0.209652,51.099850,On or near Charlock Close,E01031555,Crawley 012E,Possession of weapons,Unable to prosecute suspect,
8a8f5c3e076adb9e9b4bae8633bea65fa6d66c144c238739963bc0c666540a86,2024-11,Sussex Police,Sussex Police,-0.207387,51.101182,On or near Teasel Close,E01031555,Crawley 012E,Public order,Status update unavailable,
6f5d34014241ab73e000b79fd5407401742988b08ec877317362418376232d1e,2024-11,Sussex Police,Sussex Police,-0.204910,51.102448,On or near Lismore Crescent,E01031555,Crawley 012E,Public order,Investigation complete; no suspect identified,
24cd51077ebcc7fc7fc87ceea95d98623aa18e91cb92add862e5cdcbbb915526,2024-11,Sussex Police,Sussex Police,-0.207387,51.101182,On or near Teasel Close,E01031555,Crawley 012E,Public order,Investigation complete; no suspect identified,
d612be842052932506759611752162d9d9ceb9c5eb349c296d30e11d63f126fd,2024-11,Sussex Police,Sussex Police,-0.204910,51.102448,On or near Lismore Crescent,E01031555,Crawley 012E,Vehicle crime,Investigation complete; no suspect identified,
ae405911d9d4046d19546201d91582bf4808fd0c920fa0c63f82759c70a4f5d5,2024-11,Sussex Police,Sussex Police,-0.205449,51.101063,On or near Primrose Close,E01031555,Crawley 012E,Vehicle crime,Investigation complete; no suspect identified,
efb1fd1fbbfef1858c7e8f1b1fe2745719fcd35d7ec0fc08da08e2aa31e8ca7f,2024-11,Sussex Police,Sussex Police,-0.203431,51.102632,On or near Jura Close,E01031552,Crawley 013A,Burglary,Investigation complete; no suspect identified,
f7bb1b73314273ace8f45ec554b249a2659fe6aab5a8cdee08b20db24397b3f0,2024-11,Sussex Police,Sussex Police,-0.198451,51.100299,On or near Anglesey Close,E01031552,Crawley 013A,Burglary,Investigation complete; no suspect identified,
c1948f9b6af623f6d987791db3bb508567de0aebfa8f84027d1781abe00f0ade,2024-11,Sussex Police,Sussex Police,-0.203377,51.099610,On or near Buchans Lawn,E01031552,Crawley 013A,Drugs,Investigation complete; no suspect identified,
b1fd9797827292af3d60694ff8e6f6763399d72a8a9c2f2110b30eb23aee8ae2,2024-11,Sussex Police,Sussex Police,-0.201267,51.101340,On or near Canvey Close,E01031552,Crawley 013A,Possession of weapons,Action to be taken by another organisation,
b5a2ab6179a848e9d442378d4f84ec248059663a7e5b08e240fd8c8a8de54464,2024-11,Sussex Police,Sussex Police,-0.201915,51.098266,On or near Coachmans Drive,E01031552,Crawley 013A,Public order,Unable to prosecute suspect,
1ca76afaf8cafd8a0dfcb353a449a77ea9f070513fab0276421d520f8a883dcb,2024-11,Sussex Police,Sussex Police,-0.200727,51.099443,On or near Enfield Road,E01031552,Crawley 013A,Public order,Investigation complete; no suspect identified,
809bb1d30c16b348ae00952bdc9ca47de35aa017b74be1442bfefc9eb51fe4a4,2024-11,Sussex Police,Sussex Police,-0.203336,51.096974,On or near Parking Area,E01031552,Crawley 013A,Vehicle crime,Investigation complete; no suspect identified,
4ff2ecddc72ae2f56994149f5a2e21122350d43dd6650606aa6fbc6084f5629f,2024-11,Sussex Police,Sussex Police,-0.200727,51.099443,On or near Enfield Road,E01031552,Crawley 013A,Vehicle crime,Investigation complete; no suspect identified,
e7a6f2afcb56cb8aa86f5523f44cbd7b88ad184a2962905f181e01a03a0addd5,2024-11,Sussex Police,Sussex Police,-0.202302,51.098973,On or near Lambeth Close,E01031552,Crawley 013A,Violence and sexual offences,Unable to prosecute suspect,
b13be59894e410576f600cf0f572318d12c7a56b3e5bffee6dbac6ece8716241,2024-11,Sussex Police,Sussex Police,-0.201194,51.099190,On or near Lewisham Close,E01031552,Crawley 013A,Violence and sexual offences,Unable to prosecute suspect,
79a51b46df2ade7bc4216f577fa16edb5894fe0fe4dda49a137d07a70fe2f096,2024-11,Sussex Police,Sussex Police,-0.201267,51.101340,On or near Canvey Close,E01031552,Crawley 013A,Violence and sexual offences,Unable to prosecute suspect,
952a6ffe060044898f77535d6ee54626bfc66bf7d42cac149fa9ff1b574cdd76,2024-11,Sussex Police,Sussex Police,-0.201267,51.101340,On or near Canvey Close,E01031552,Crawley 013A,Violence and sexual offences,Unable to prosecute suspect,
f82597e1142e41bb34ae4192ae363ca35aff5be1a65d8bf92d73d98e2eecff7d,2024-11,Sussex Police,Sussex Police,-0.201194,51.099190,On or near Lewisham Close,E01031552,Crawley 013A,Violence and sexual offences,Unable to prosecute suspect,
2425823637b73a4704730855d07c3f93a097222200ba186ecfa9b71276c0676a,2024-11,Sussex Police,Sussex Police,-0.201194,51.099190,On or near Lewisham Close,E01031552,Crawley 013A,Violence and sexual offences,Unable to prosecute suspect,
7f80e070ac44baa7516ca1e955ed1aebef9063a82cc446b9c5d62754ed970d48,2024-11,Sussex Police,Sussex Police,-0.198451,51.100299,On or near Anglesey Close,E01031552,Crawley 013A,Violence and sexual offences,Status update unavailable,
bce502c494d25b3b897f67723735cabd0c345c6fcdebe94670c36d5b8ae421bb,2024-11,Sussex Police,Sussex Police,-0.204257,51.099021,On or near Fulham Close,E01031552,Crawley 013A,Violence and sexual offences,Unable to prosecute suspect,
85c3bae5a82bedd97dccad2792a2e41fe11e17d17c1b03aaabcee6888f31eea6,2024-11,Sussex Police,Sussex Police,-0.201267,51.101340,On or near Canvey Close,E01031552,Crawley 013A,Violence and sexual offences,Action to be taken by another organisation,
,2024-11,Sussex Police,Sussex Police,-0.203834,51.089653,On or near Kelmscott Rise,E01031556,Crawley 013B,Anti-social behaviour,,
3d0ea3429b544daea2b9b26efe4f17fb1a550a1c7dcdc69e307279f2b2f9952a,2024-11,Sussex Police,Sussex Police,-0.203834,51.089653,On or near Kelmscott Rise,E01031556,Crawley 013B,Burglary,Unable to prosecute suspect,
44e0063c68199663868999f8b40541f9587e371e45f851a71a7067fb0e4ac2bb,2024-11,Sussex Police,Sussex Police,-0.205505,51.091135,On or near Jarvis Close,E01031556,Crawley 013B,Criminal damage and arson,Unable to prosecute suspect,
bf626a0bb2c217b84c5fa705bcec587baeac190ff1a9a9666bad3d97814d1bb1,2024-11,Sussex Police,Sussex Police,-0.206709,51.090272,On or near Rimmer Close,E01031556,Crawley 013B,Other theft,Unable to prosecute suspect,
3fedd7e21cf10fee3d855c80099059c8365708e1f5ce537aba10d172d8e03e21,2024-11,Sussex Police,Sussex Police,-0.210686,51.091869,On or near Sports/Recreation Area,E01031556,Crawley 013B,Theft from the person,Investigation complete; no suspect identified,
4964b81feef0598324290704642648610326f1f72de755a4f082a7c686087920,2024-11,Sussex Police,Sussex Police,-0.206709,51.090272,On or near Rimmer Close,E01031556,Crawley 013B,Vehicle crime,Status update unavailable,
a5ae72233705a54dd98d9b7656af1af1f92aa6652bce02bff4b71b6c171197b9,2024-11,Sussex Police,Sussex Police,-0.200645,51.089037,On or near Hillview Gardens,E01031556,Crawley 013B,Vehicle crime,Investigation complete; no suspect identified,
2b72983360b17b71f3ff07dd7cc082e534f61cc37bd75a2492bb668541625778,2024-11,Sussex Police,Sussex Police,-0.205505,51.091135,On or near Jarvis Close,E01031556,Crawley 013B,Violence and sexual offences,Unable to prosecute suspect,
ff2d7cefe35c23c8ae0148c942f41f456dc8c726f4d52096abdbfb00e5009e38,2024-11,Sussex Police,Sussex Police,-0.205505,51.091135,On or near Jarvis Close,E01031556,Crawley 013B,Violence and sexual offences,Investigation complete; no suspect identified,
d4f84540f6c910457e922bd6f6ab80036cf2c057e2c454e194b505416145bf36,2024-11,Sussex Police,Sussex Police,-0.202167,51.090311,On or near Faulkner Close,E01031556,Crawley 013B,Violence and sexual offences,Unable to prosecute suspect,
,2024-11,Sussex Police,Sussex Police,-0.201222,51.093309,On or near Hillingdale,E01031557,Crawley 013C,Anti-social behaviour,,
6a0cf1b9f27055130dca8514849e53881380cfe61d26f0afdf4d86c2fde2f3dd,2024-11,Sussex Police,Sussex Police,-0.194290,51.097860,On or near Conference/Exhibition Centre,E01031557,Crawley 013C,Bicycle theft,Investigation complete; no suspect identified,
94057acc556c3114d61f0a2838757d19fae351dba4a5d91bbafd22d1516d309a,2024-11,Sussex Police,Sussex Police,-0.195409,51.099559,On or near Conference/Exhibition Centre,E01031557,Crawley 013C,Criminal damage and arson,Investigation complete; no suspect identified,
5a3a741b3b38f2861b4a62deb0f81b2cffedc9bb91e725a1e56a7a0458bb41fe,2024-11,Sussex Police,Sussex Police,-0.201222,51.093309,On or near Hillingdale,E01031557,Crawley 013C,Other theft,Unable to prosecute suspect,
6d9fba897886ba7b5f451107b948762aa9a3606067dd0484ffb3cb242e6c6233,2024-11,Sussex Police,Sussex Police,-0.201222,51.093309,On or near Hillingdale,E01031557,Crawley 013C,Public order,Unable to prosecute suspect,
5ea7b0b748d527aa307fba03d621dd20dbb7a75c0aae8c81c85c973d4ccf394b,2024-11,Sussex Police,Sussex Police,-0.194290,51.097860,On or near Conference/Exhibition Centre,E01031557,Crawley 013C,Public order,Investigation complete; no suspect identified,
dc9d36851ad72c51c15fba6ad8cfc74c145d8bb1a2a2d2c4ddff8d9464a42ecb,2024-11,Sussex Police,Sussex Police,-0.201222,51.093309,On or near Hillingdale,E01031557,Crawley 013C,Vehicle crime,Investigation complete; no suspect identified,
7138ecef4d4c41b6491bfb3f2f3e1b85d1a491cd68d9303c8a4f1c03d4356160,2024-11,Sussex Police,Sussex Police,-0.203617,51.091583,On or near Gorse Close,E01031557,Crawley 013C,Vehicle crime,Investigation complete; no suspect identified,
46658721869548db2b77c6681f40c820d2a10762b63e82466bbf5f3c088bef04,2024-11,Sussex Police,Sussex Police,-0.194290,51.097860,On or near Conference/Exhibition Centre,E01031557,Crawley 013C,Violence and sexual offences,Unable to prosecute suspect,
248b883228d11abfde7d10395350ee9b0c37ad58274021c1b6274e6163d6e18c,2024-11,Sussex Police,Sussex Police,-0.194290,51.097860,On or near Conference/Exhibition Centre,E01031557,Crawley 013C,Violence and sexual offences,Investigation complete; no suspect identified,
ff9e277d182c34cdc7bfea38a3be82b8b83f146df2da653b5c5280ebd6f8131d,2024-11,Sussex Police,Sussex Police,-0.201222,51.093309,On or near Hillingdale,E01031557,Crawley 013C,Violence and sexual offences,Unable to prosecute suspect,
d30f943e3126caf511bcb3622c54e742ec8ee97a45ef731a9d6c9f9032223e39,2024-11,Sussex Police,Sussex Police,-0.201222,51.093309,On or near Hillingdale,E01031557,Crawley 013C,Violence and sexual offences,Status update unavailable,
f8b7c7a32c027e5f35e0ae608826828760d68cf642193f5f59ffbc5937fce0b6,2024-11,Sussex Police,Sussex Police,-0.194290,51.097860,On or near Conference/Exhibition Centre,E01031557,Crawley 013C,Violence and sexual offences,Unable to prosecute suspect,
ab64b22ffbf57ffa4be2f23b06b981c5702816cb0d770322e578bbcf0e052bae,2024-11,Sussex Police,Sussex Police,-0.195409,51.099559,On or near Conference/Exhibition Centre,E01031557,Crawley 013C,Violence and sexual offences,Unable to prosecute suspect,
,2024-11,Sussex Police,Sussex Police,-0.205699,51.096822,On or near Broadfield Place,E01031558,Crawley 013D,Anti-social behaviour,,
6a75529e64a1b6dc6348bff5ac75ae44946ff23bcad3e3c1646f1eb87ba4d168,2024-11,Sussex Police,Sussex Police,-0.201996,51.096189,On or near Kensington Road,E01031558,Crawley 013D,Criminal damage and arson,Investigation complete; no suspect identified,
4dde3348a30798dccb9d1165b421a0bc818e7db246048bf4027e89bd8ab0a8f9,2024-11,Sussex Police,Sussex Police,-0.205699,51.096822,On or near Broadfield Place,E01031558,Crawley 013D,Public order,Investigation complete; no suspect identified,
fc0edc109c55edf9bca3e8862321dc01868f442e792b68968beec85952ac3f12,2024-11,Sussex Police,Sussex Police,-0.199961,51.098208,On or near Regents Close,E01031558,Crawley 013D,Public order,Unable to prosecute suspect,
10beddacd2ee440314ff63b043dd818ef73a46a814a1b73db9a5269b19ba8bb1,2024-11,Sussex Police,Sussex Police,-0.205699,51.096822,On or near Broadfield Place,E01031558,Crawley 013D,Public order,Investigation complete; no suspect identified,
3c9c9fcea0556b5d0e01a1f80319e0021bd501efce2053044902aff067b2f18e,2024-11,Sussex Police,Sussex Police,-0.205699,51.096822,On or near Broadfield Place,E01031558,Crawley 013D,Shoplifting,Unable to prosecute suspect,
f5a1610dec35716f4b1dd180d82a36c03afc11a0e59b2558576ba4d9cc1bc27b,2024-11,Sussex Police,Sussex Police,-0.205699,51.096822,On or near Broadfield Place,E01031558,Crawley 013D,Shoplifting,Unable to prosecute suspect,
ae825db0371dc56bee202b0909c501a6a014f329c23fa02d3fc1afd512724148,2024-11,Sussex Police,Sussex Police,-0.205699,51.096822,On or near Broadfield Place,E01031558,Crawley 013D,Shoplifting,Unable to prosecute suspect,
bc8040719774e71724cd7119050bf7bee359da1f1f3ab3a8b3cb86728a01d389,2024-11,Sussex Police,Sussex Police,-0.205699,51.096822,On or near Broadfield Place,E01031558,Crawley 013D,Shoplifting,Awaiting court outcome,
8c75d93bf3de4836182819ee6105384e5589d061b8c03c57b1be189fa69a2efb,2024-11,Sussex Police,Sussex Police,-0.202639,51.095426,On or near Parking Area,E01031558,Crawley 013D,Violence and sexual offences,Status update unavailable,
a24e87add67d1dfe695b4cab872e9ee3ec0b5e9a3750ad9902c0159a14772032,2024-11,Sussex Police,Sussex Police,-0.203550,51.095881,On or near Lansbury Road,E01031558,Crawley 013D,Violence and sexual offences,Unable to prosecute suspect,
25dc6df6e8e1790f05f5ab7cdf911b67f65f1a9702b75bb581bbd5a3c58fe802,2024-11,Sussex Police,Sussex Police,-0.200431,51.096021,On or near Iveagh Close,E01031558,Crawley 013D,Violence and sexual offences,Unable to prosecute suspect,
3d3833fae68b5f14f3335438bba21d2cae6415371497f26e957eb735f981d046,2024-11,Sussex Police,Sussex Police,-0.201996,51.096189,On or near Kensington Road,E01031558,Crawley 013D,Violence and sexual offences,Investigation complete; no suspect identified,
5f2608fe34574042a5b4dc509766bb42b5143d02a0aa78ef880883a86173c433,2024-11,Sussex Police,Sussex Police,-0.204300,51.093473,On or near Hepplewhite Close,E01031559,Crawley 013E,Criminal damage and arson,Unable to prosecute suspect,
012401122f854371caedaa593dba2c68206b782cac475f526ac53cbea0ea9034,2024-11,Sussex Police,Sussex Police,-0.204300,51.093473,On or near Hepplewhite Close,E01031559,Crawley 013E,Other theft,Unable to prosecute suspect,
ecf4eff97f6a27913f9b415514af4b081e462cfc153c187d2fd11c1af92526e4,2024-11,Sussex Police,Sussex Police,-0.208028,51.095302,On or near Cole Close,E01031559,Crawley 013E,Other theft,Investigation complete; no suspect identified,
ff28ac435387f4b184ffeb7ae6754accbbb3c3fc14f6f3ae45b534c64b80a1d2,2024-11,Sussex Police,Sussex Police,-0.203064,51.093310,On or near Chadwick Close,E01031559,Crawley 013E,Public order,Unable to prosecute suspect,
6d0523d90e1207e3b4d406f593ca2f4614d74516aa47b1987939237085e71713,2024-11,Sussex Police,Sussex Police,-0.206150,51.092179,On or near Terry Road,E01031559,Crawley 013E,Public order,Unable to prosecute suspect,
19063789bf0aec063ef167ec9d4a1afab52852df46447101dd144461f668d6cd,2024-11,Sussex Police,Sussex Police,-0.209029,51.092700,On or near Eddington Hill,E01031559,Crawley 013E,Vehicle crime,Investigation complete; no suspect identified,
297492a3b6d208d0cc49eaa2283b6ac1bc81d30c23865573b72888ba00fac31d,2024-11,Sussex Police,Sussex Police,-0.208028,51.095302,On or near Cole Close,E01031559,Crawley 013E,Vehicle crime,Court result unavailable,
f743d60b0eaf33e79f9ae5dab2044be8f39ac2d97fcd82993d51c548d7606f25,2024-11,Sussex Police,Sussex Police,-0.203064,51.093310,On or near Chadwick Close,E01031559,Crawley 013E,Violence and sexual offences,Unable to prosecute suspect,
ca2422774d93b75aff3f5181e9a694603cac84aaa56d7e258371b4961cd5d1b4,2024-11,Sussex Police,Sussex Police,-0.206150,51.092179,On or near Terry Road,E01031559,Crawley 013E,Violence and sexual offences,Investigation complete; no suspect identified,
c8b8948ae0e06a5a8d65f569429a5818f3c8f0c6e37a0f16ee43b1c19ecc62e0,2024-11,Sussex Police,Sussex Police,-0.206150,51.092179,On or near Terry Road,E01031559,Crawley 013E,Violence and sexual offences,Status update unavailable,
0f2ec29535cafd79007ee9d989811f6d14fcf1cf45e01e4ed77e467b95316ff7,2024-11,Sussex Police,Sussex Police,-0.206150,51.092179,On or near Terry Road,E01031559,Crawley 013E,Violence and sexual offences,Unable to prosecute suspect,
c67059c746a8388a10cefdea366423f1188a3127d7911a560bc236290561eb00,2024-11,Sussex Police,Sussex Police,-0.206150,51.092179,On or near Terry Road,E01031559,Crawley 013E,Violence and sexual offences,Court result unavailable,
d36788fbb6958fbf3b79cd61c71fc7aa99f222f0508405f25d46767c09de1249,2024-11,Sussex Police,Sussex Police,-0.206150,51.092179,On or near Terry Road,E01031559,Crawley 013E,Violence and sexual offences,Unable to prosecute suspect,
caa12924dd027a744a3a5c7fdf16d40cd4de118c694b1847526e4d204e78c8bf,2024-11,Sussex Police,Sussex Police,-0.204300,51.093473,On or near Hepplewhite Close,E01031559,Crawley 013E,Violence and sexual offences,Unable to prosecute suspect,
1a90da50b200b4c37a3b5848098f037e21df75ee7164e96b6405caed8d722c9e,2024-11,Sussex Police,Sussex Police,-0.209029,51.092700,On or near Eddington Hill,E01031559,Crawley 013E,Violence and sexual offences,Unable to prosecute suspect,
4f03106f307c1f3af9d34b9bf57972aefcfdfc9bea945ced55011ff0f02d54f4,2024-11,Sussex Police,Sussex Police,-0.208617,51.094115,On or near Dalton Close,E01031559,Crawley 013E,Violence and sexual offences,Action to be taken by another organisation,
96de1174e9707125595dfae70363432f74cf37cddcfc5fdc1825c91a06c7dc2e,2024-11,Sussex Police,Sussex Police,-0.208028,51.095302,On or near Cole Close,E01031559,Crawley 013E,Violence and sexual offences,Unable to prosecute suspect,
89d316e44acf0496ec78391743bad35116e3ccdbb0983172dd905df8f0934f63,2024-11,Sussex Police,Sussex Police,-0.092243,51.349310,On or near Mayfield Road,E01001034,Croydon 031B,Violence and sexual offences,Unable to prosecute suspect,
e32050ca99962d1cf33db61639c13bdadae19d66623e095253dd9d06a4463e4a,2024-11,Sussex Police,Sussex Police,-0.122939,51.298853,On or near Goodenough Way,E01001021,Croydon 044D,Drugs,Court result unavailable,
,2024-11,Sussex Police,Sussex Police,0.297534,50.808837,On or near Shinewater Lane,E01020924,Eastbourne 001A,Anti-social behaviour,,
,2024-11,Sussex Police,Sussex Police,0.297534,50.808837,On or near Shinewater Lane,E01020924,Eastbourne 001A,Anti-social behaviour,,
c3ee6b02fc8792f86fcf1dc9b3fa53d2f32c6e3549fb65654ea2530b0152cbef,2024-11,Sussex Police,Sussex Police,0.297928,50.812229,On or near Grasmere Close,E01020924,Eastbourne 001A,Violence and sexual offences,Unable to prosecute suspect,
,2024-11,Sussex Police,Sussex Police,0.295665,50.809503,On or near Ranworth Close,E01020925,Eastbourne 001B,Anti-social behaviour,,
,2024-11,Sussex Police,Sussex Police,0.296236,50.809564,On or near Wroxham Road,E01020925,Eastbourne 001B,Anti-social behaviour,,
89081d3d93663e6656bd71250268a2ac12f437e4b02496e61025790695c9878a,2024-11,Sussex Police,Sussex Police,0.295906,50.806890,On or near Orchid Close,E01020925,Eastbourne 001B,Other theft,Investigation complete; no suspect identified,
4d3052eed3e2b0736292079560864d012658fda39c4ccc67ffe6e3886bf3ef94,2024-11,Sussex Police,Sussex Police,0.294885,50.808367,On or near Supermarket,E01020925,Eastbourne 001B,Other theft,Unable to prosecute suspect,
9062ce50ee4e678e50f070f0767c6eb8279ef77d22ed07df472148496b809d6b,2024-11,Sussex Police,Sussex Police,0.294885,50.808367,On or near Supermarket,E01020925,Eastbourne 001B,Public order,Investigation complete; no suspect identified,
bc5b4ffa8f84f8542cfd76bc3c15d8c731d60da91f1617ece4598be3742b7f30,2024-11,Sussex Police,Sussex Police,0.296721,50.804131,On or near Primrose Close,E01020925,Eastbourne 001B,Public order,Unable to prosecute suspect,
e6658556f279bb546abb0e8bf4adb43202795209bf86cad90db252d790fa6a77,2024-11,Sussex Police,Sussex Police,0.294885,50.808367,On or near Supermarket,E01020925,Eastbourne 001B,Robbery,Court result unavailable,
61a1e1262b842f1ba125867133cee08a67320038bb4b3dead1b4355a2110044b,2024-11,Sussex Police,Sussex Police,0.294885,50.808367,On or near Supermarket,E01020925,Eastbourne 001B,Robbery,Awaiting court outcome,
d3bbca54922314f79c7527beeecf29cfcc0f83b76547898140573ebda610d663,2024-11,Sussex Police,Sussex Police,0.294885,50.808367,On or near Supermarket,E01020925,Eastbourne 001B,Shoplifting,Investigation complete; no suspect identified,
7a18ca3090c9ec8a298b7904e676e4a812efd3f7333ec63148de4a07673873e4,2024-11,Sussex Police,Sussex Police,0.294885,50.808367,On or near Supermarket,E01020925,Eastbourne 001B,Shoplifting,Investigation complete; no suspect identified,
9af7b27ee533aeed54f8d9e82605071a6067138ed9bdc13764635502ad04b007,2024-11,Sussex Police,Sussex Police,0.294885,50.808367,On or near Supermarket,E01020925,Eastbourne 001B,Shoplifting,Court result unavailable,
087ce0c3f820278b58ea7e1a66ea3d8f74c7adada2a8460ad29438f6339b8027,2024-11,Sussex Police,Sussex Police,0.294885,50.808367,On or near Supermarket,E01020925,Eastbourne 001B,Shoplifting,Unable to prosecute suspect,
b204111b67014dab2bcb400766eac71a4abf81a10373a1bbf0cc51d9f0820d1b,2024-11,Sussex Police,Sussex Police,0.294885,50.808367,On or near Supermarket,E01020925,Eastbourne 001B,Shoplifting,Court result unavailable,
a52aac622437bc11986cb11153315a5facb79f0a1eb8045d9411a92484766814,2024-11,Sussex Police,Sussex Police,0.294885,50.808367,On or near Supermarket,E01020925,Eastbourne 001B,Shoplifting,Court result unavailable,
7c3c1eafb818917e588e0883a749f4ebaa6340cc5467eb31749193f8851a1ee4,2024-11,Sussex Police,Sussex Police,0.294885,50.808367,On or near Supermarket,E01020925,Eastbourne 001B,Shoplifting,Investigation complete; no suspect identified,
4aa175f897b1367ead8c770f0ec6011b42f3d78ab484885b20c15f7b2774eaf5,2024-11,Sussex Police,Sussex Police,0.294885,50.808367,On or near Supermarket,E01020925,Eastbourne 001B,Shoplifting,Court result unavailable,
3a66f5920dfbe8da8e7500fce1846cd1dff41b13909278c844bb4b7f8f99038c,2024-11,Sussex Police,Sussex Police,0.294885,50.808367,On or near Supermarket,E01020925,Eastbourne 001B,Shoplifting,Investigation complete; no suspect identified,
ac8c0f2e58ade67db1b9b899be61f4137e6b061570969102d7f8a2f67044531c,2024-11,Sussex Police,Sussex Police,0.294885,50.808367,On or near Supermarket,E01020925,Eastbourne 001B,Shoplifting,Status update unavailable,
57e5f6520edab1645951370115cfafcc6983a689aca9f0a191688b8a6302c4d9,2024-11,Sussex Police,Sussex Police,0.294885,50.808367,On or near Supermarket,E01020925,Eastbourne 001B,Shoplifting,Investigation complete; no suspect identified,
332d2bbfa87a99368cd75eaeef9545b3b3b4dc140db2de47950587d8d78c4afc,2024-11,Sussex Police,Sussex Police,0.294885,50.808367,On or near Supermarket,E01020925,Eastbourne 001B,Shoplifting,Court result unavailable,
aae4fc8712560c51fe7d0d7edc624cd9e925cbcd4fc5848b32789e4ca54a8836,2024-11,Sussex Police,Sussex Police,0.294885,50.808367,On or near Supermarket,E01020925,Eastbourne 001B,Shoplifting,Investigation complete; no suspect identified,
719d229f5ef1a70a879156ece71f2a5ecd96420b350e3f797c77839633fcbc3a,2024-11,Sussex Police,Sussex Police,0.294885,50.808367,On or near Supermarket,E01020925,Eastbourne 001B,Shoplifting,Investigation complete; no suspect identified,
52d640ebe3f8c9bc403d7fbe5388028b12bae8ce107f81ec4725825b1292e017,2024-11,Sussex Police,Sussex Police,0.294885,50.808367,On or near Supermarket,E01020925,Eastbourne 001B,Shoplifting,Court result unavailable,
b05676004975abc6330607e10ff6d9f6964c8b8c2760acc04a9cc12db41e54f9,2024-11,Sussex Police,Sussex Police,0.294885,50.808367,On or near Supermarket,E01020925,Eastbourne 001B,Shoplifting,Unable to prosecute suspect,
9823a658c72521d3becbe2f72861493931fc8739788c7b20aaa88d385f190c13,2024-11,Sussex Police,Sussex Police,0.294885,50.808367,On or near Supermarket,E01020925,Eastbourne 001B,Shoplifting,Unable to prosecute suspect,
3772d513ce2ee5dfe047a39ff389a26f224742bbffb71297994833aaf89ee5e3,2024-11,Sussex Police,Sussex Police,0.294885,50.808367,On or near Supermarket,E01020925,Eastbourne 001B,Shoplifting,Investigation complete; no suspect identified,
072a0d1617cc164813483c6b8b8932e59411d7d329f71d7bc2be0d02d29659cf,2024-11,Sussex Police,Sussex Police,0.294885,50.808367,On or near Supermarket,E01020925,Eastbourne 001B,Shoplifting,Court result unavailable,
e45534f32fb3479c98c2d6d65c011a5799f251584c3340b32a077628263e429f,2024-11,Sussex Police,Sussex Police,0.294885,50.808367,On or near Supermarket,E01020925,Eastbourne 001B,Shoplifting,Investigation complete; no suspect identified,
17590d3e5ab58c4cc0949419516beb2ece02cc5fd6f61957b9138f832e610e43,2024-11,Sussex Police,Sussex Police,0.294885,50.808367,On or near Supermarket,E01020925,Eastbourne 001B,Shoplifting,Unable to prosecute suspect,
d8f7cf86eb5656878f5e720db927a103f6dd76af0f947774208d6acf40945802,2024-11,Sussex Police,Sussex Police,0.294885,50.808367,On or near Supermarket,E01020925,Eastbourne 001B,Shoplifting,Investigation complete; no suspect identified,
50e5cdda225c1b5d3226ccded02d6496f19372aa29f6ab4b788b65da724076bf,2024-11,Sussex Police,Sussex Police,0.294885,50.808367,On or near Supermarket,E01020925,Eastbourne 001B,Shoplifting,Investigation complete; no suspect identified,
c9987f73f3a9dc63e92abccdcd2c396de46ef7ec51ff7648a4068d00f8731d7e,2024-11,Sussex Police,Sussex Police,0.294885,50.808367,On or near Supermarket,E01020925,Eastbourne 001B,Shoplifting,Investigation complete; no suspect identified,
817f6cfee87c2457c0c1f4f950cce02f1d33bf1fc55a6d2a1ba9f4c1b7e00283,2024-11,Sussex Police,Sussex Police,0.294885,50.808367,On or near Supermarket,E01020925,Eastbourne 001B,Shoplifting,Investigation complete; no suspect identified,
9e807589a7a12e08674925859e1a657fc31343d12a0b11254a50ba933a2c13e1,2024-11,Sussex Police,Sussex Police,0.293572,50.809967,On or near Alverstone Close,E01020925,Eastbourne 001B,Violence and sexual offences,Unable to prosecute suspect,
66aa8010859572b502581666098a5e7a31ee13e62ea4e3715b76781f0a16d8b0,2024-11,Sussex Police,Sussex Police,0.296236,50.809564,On or near Wroxham Road,E01020925,Eastbourne 001B,Violence and sexual offences,Unable to prosecute suspect,
9e29bdc7d20387d1e7ef9416742764ee4a29e793b93e50892644f6e5c1291fa1,2024-11,Sussex Police,Sussex Police,0.299524,50.808015,On or near Windsor Close,E01020925,Eastbourne 001B,Violence and sexual offences,Unable to prosecute suspect,
63a5c4e696d9607242725f3ba6f83770f25cd26b9e2f9d1d4d90477b77f02a84,2024-11,Sussex Police,Sussex Police,0.296083,50.807615,On or near Milfoil Drive,E01020925,Eastbourne 001B,Violence and sexual offences,Unable to prosecute suspect,
bfe63d4afe94618037a99eeaa126a88e0de44b84ae3fa66c13860b545f821f76,2024-11,Sussex Police,Sussex Police,0.294885,50.808367,On or near Supermarket,E01020925,Eastbourne 001B,Violence and sexual offences,Investigation complete; no suspect identified,
43f40237a4da8d9b385b1f256992be6a4a7f53e0f68bc4537a2a90631c074f87,2024-11,Sussex Police,Sussex Police,0.291759,50.809454,On or near Shanklin Close,E01020925,Eastbourne 001B,Violence and sexual offences,Investigation complete; no suspect identified,
a78435bfa677a5fbd21dff3e8037f90316a01c9d48167f2444c6f80647b61925,2024-11,Sussex Police,Sussex Police,0.296236,50.809564,On or near Wroxham Road,E01020925,Eastbourne 001B,Violence and sexual offences,Offender given a caution,
,2024-11,Sussex Police,Sussex Police,0.291816,50.810910,On or near Carisbrooke Close,E01020927,Eastbourne 001C,Anti-social behaviour,,
,2024-11,Sussex Police,Sussex Police,0.292244,50.806111,On or near Sports/Recreation Area,E01020927,Eastbourne 001C,Anti-social behaviour,,
b6dff5dbed51c99846a55ad029f6a856f0f727f4fa7266ad00ac1ff4b816676e,2024-11,Sussex Police,Sussex Police,0.299422,50.803349,On or near Jay Close,E01020927,Eastbourne 001C,Criminal damage and arson,Unable to prosecute suspect,
baa65912d59e2baad149127b41a2d40103ea557367e1b50ce8720c29c1fb9d7a,2024-11,Sussex Police,Sussex Police,0.295501,50.805576,On or near Bramble Close,E01020927,Eastbourne 001C,Public order,Investigation complete; no suspect identified,
c2c0c74ce087f48521adc030898a03da41859bd968919ccd5e38211aed2ad470,2024-11,Sussex Police,Sussex Police,0.293022,50.807721,On or near Bembridge Road,E01020927,Eastbourne 001C,Vehicle crime,Investigation complete; no suspect identified,
641b0595a46670fe2ef386adabd428185b7a4f6157e87d839b186162c80dc315,2024-11,Sussex Police,Sussex Police,0.295501,50.805576,On or near Bramble Close,E01020927,Eastbourne 001C,Violence and sexual offences,Investigation complete; no suspect identified,
7e3011d29c7398f6e59095cdc6e0227ebe9d7b78b56d8d6c6290daef7dd4dc74,2024-11,Sussex Police,Sussex Police,0.292494,50.806778,On or near Larkspur Drive,E01020927,Eastbourne 001C,Violence and sexual offences,Investigation complete; no suspect identified,
8cd8d057a7d6c89d33082684b4a4bfea1915f3a07cf73524a906a1efad216313,2024-11,Sussex Police,Sussex Police,0.292494,50.806778,On or near Larkspur Drive,E01020927,Eastbourne 001C,Violence and sexual offences,Unable to prosecute suspect,
5ba93d75e0c9c46356eec16204f8ede6e782173acc6307fde38ec780f61a37bc,2024-11,Sussex Police,Sussex Police,0.296568,50.803316,On or near Erica Close,E01020927,Eastbourne 001C,Violence and sexual offences,Unable to prosecute suspect,
0a6ade139553d3f280433c8a5c96271415a241ca5cc58e2fd5bb61ad238cba30,2024-11,Sussex Police,Sussex Police,0.291816,50.810910,On or near Carisbrooke Close,E01020927,Eastbourne 001C,Violence and sexual offences,Unable to prosecute suspect,
65320fa6fe67d5a7e8ac95833bdac418f9c25ea3c77140d67dec618c236b644f,2024-11,Sussex Police,Sussex Police,0.296568,50.803316,On or near Erica Close,E01020927,Eastbourne 001C,Violence and sexual offences,Unable to prosecute suspect,
59c12fcc84cc919e44caa86ee60fa2456b014cac4d3587d32fa9402e6c833177,2024-11,Sussex Police,Sussex Police,0.299422,50.803349,On or near Jay Close,E01020927,Eastbourne 001C,Violence and sexual offences,Unable to prosecute suspect,
da2c6d6a1f2600ce03ecb5c1b96f008c83233bc8b1cd264ec15b5cd88f91eecc,2024-11,Sussex Police,Sussex Police,0.292494,50.806778,On or near Larkspur Drive,E01020927,Eastbourne 001C,Violence and sexual offences,Investigation complete; no suspect identified,
8c60f919bd9001a1e8b7d60e3c8417d77344c6416aa33bb1c895f58be5b485b2,2024-11,Sussex Police,Sussex Police,0.292494,50.806778,On or near Larkspur Drive,E01020927,Eastbourne 001C,Violence and sexual offences,Unable to prosecute suspect,
970b9a8d8d38ca1a0a82fce2176e8d4f730e1d6b2049021c48a805ff8cbffc00,2024-11,Sussex Police,Sussex Police,0.292494,50.806778,On or near Larkspur Drive,E01020927,Eastbourne 001C,Violence and sexual offences,Unable to prosecute suspect,
df510818b2bea637fec72ccbb167520b02c639ecce66fb8ffb9cbc464ac7e889,2024-11,Sussex Police,Sussex Police,0.295501,50.805576,On or near Bramble Close,E01020927,Eastbourne 001C,Violence and sexual offences,Status update unavailable,
5903ada664538290a8e7b43c8790fa4f165ff0d7345859bcaabb5a793ec299b1,2024-11,Sussex Police,Sussex Police,0.285735,50.811101,On or near Sheffield Park Way,E01020927,Eastbourne 001C,Violence and sexual offences,Unable to prosecute suspect,
,2024-11,Sussex Police,Sussex Police,0.304251,50.803704,On or near Shopping Area,E01020928,Eastbourne 001D,Anti-social behaviour,,
,2024-11,Sussex Police,Sussex Police,0.302817,50.805414,On or near Old Drove,E01020928,Eastbourne 001D,Anti-social behaviour,,
,2024-11,Sussex Police,Sussex Police,0.300641,50.805052,On or near Jasmine Close,E01020928,Eastbourne 001D,Anti-social behaviour,,
,2024-11,Sussex Police,Sussex Police,0.304171,50.800045,On or near Bromley Close,E01020928,Eastbourne 001D,Anti-social behaviour,,
49b1fc5af2605754d1b737d19af0cd01c1975d7cb16d764656b6338e84de767c,2024-11,Sussex Police,Sussex Police,0.302817,50.805414,On or near Old Drove,E01020928,Eastbourne 001D,Criminal damage and arson,Unable to prosecute suspect,
cb0d18b27c41a35318e978b4448a53bf15ab12b1b1b190f459e0bcfd0de25e05,2024-11,Sussex Police,Sussex Police,0.302817,50.805414,On or near Old Drove,E01020928,Eastbourne 001D,Criminal damage and arson,Investigation complete; no suspect identified,
d0006fd55528f6199b280333db39411480ba3a8141d2462cacaf904f30876630,2024-11,Sussex Police,Sussex Police,0.301464,50.800701,On or near Lapwing Close,E01020928,Eastbourne 001D,Criminal damage and arson,Investigation complete; no suspect identified,
5771fe788177e67a5c64cb980dcee366d7e48c9f58ea9f1593cebd537b5eae30,2024-11,Sussex Police,Sussex Police,0.298636,50.804678,On or near Harebell Close,E01020928,Eastbourne 001D,Other theft,Investigation complete; no suspect identified,
852dbada0ed836e2d51b07bb7dab7c490392de0c614c1533cc86f5d47f84e06a,2024-11,Sussex Police,Sussex Police,0.302456,50.800969,On or near Chaffinch Road,E01020928,Eastbourne 001D,Possession of weapons,Unable to prosecute suspect,
f982f9b61a9c2cb2f47f7016adb2941df0c9cd2a567cc7f96dd31cded296d059,2024-11,Sussex Police,Sussex Police,0.305175,50.799683,On or near Sidcup Close,E01020928,Eastbourne 001D,Public order,Unable to prosecute suspect,
1821aa97da659b0731960c61bd605fc2b21c76f18e22ce43415fc3f3bbe058f7,2024-11,Sussex Police,Sussex Police,0.303864,50.803037,On or near Shopping Area,E01020928,Eastbourne 001D,Shoplifting,Unable to prosecute suspect,
571084e33869fbf5bc1440527c59848b619e5f1112f1871e62f7dc91507a2f3a,2024-11,Sussex Police,Sussex Police,0.303864,50.803037,On or near Shopping Area,E01020928,Eastbourne 001D,Shoplifting,Investigation complete; no suspect identified,
0e9220a35fa536d61fa1c9a3eafe19dcd9865f82b34fdc7e36a573aff63d1b4a,2024-11,Sussex Police,Sussex Police,0.303864,50.803037,On or near Shopping Area,E01020928,Eastbourne 001D,Shoplifting,Investigation complete; no suspect identified,
8f50f562cc408f111da285d9e79a6af5a0516a9cddb8209d4a5e4d55f6325e6f,2024-11,Sussex Police,Sussex Police,0.303864,50.803037,On or near Shopping Area,E01020928,Eastbourne 001D,Shoplifting,Investigation complete; no suspect identified,
699ba2783d266d73303a64028f06e20e2a47ce558fdfe0098c3197c4dc2230ab,2024-11,Sussex Police,Sussex Police,0.301464,50.800701,On or near Lapwing Close,E01020928,Eastbourne 001D,Violence and sexual offences,Unable to prosecute suspect,
5f2be0af62a68a679567ff7d0ea706e46ee6bf56f5b9d43c0e609932df621438,2024-11,Sussex Police,Sussex Police,0.301464,50.800701,On or near Lapwing Close,E01020928,Eastbourne 001D,Violence and sexual offences,Unable to prosecute suspect,
,2024-11,Sussex Police,Sussex Police,0.287615,50.812090,On or near Laughton Close,E01020930,Eastbourne 001E,Anti-social behaviour,,
341263db733e52066fb307e907d7680b043cdec69095008aec5737b24f9f694c,2024-11,Sussex Police,Sussex Police,0.293171,50.811918,On or near Burwash Close,E01020930,Eastbourne 001E,Criminal damage and arson,Unable to prosecute suspect,
0efd32046f20ba872fcdf6b3eed9f6414ed1566b7834faecdbd42f8423b94bd5,2024-11,Sussex Police,Sussex Police,0.294934,50.811973,On or near Cornish Close,E01020930,Eastbourne 001E,Vehicle crime,Investigation complete; no suspect identified,
060e8f919bfd89512b6db41a6f36726f3a39ae9b8c3c7b510b3cdf3f1a2c106a,2024-11,Sussex Police,Sussex Police,0.288133,50.811081,On or near Plumpton Close,E01020930,Eastbourne 001E,Violence and sexual offences,Unable to prosecute suspect,
95d25151e7213a4718a7c3daabd91a2d2761e50ffec01b8e80a5a3de374c8fc7,2024-11,Sussex Police,Sussex Police,0.289432,50.812666,On or near Boship Close,E01020930,Eastbourne 001E,Violence and sexual offences,Investigation complete; no suspect identified,
b076b0e072fca4942c84bd95052bb98fc39966477938b5faecb04fc677eb7042,2024-11,Sussex Police,Sussex Police,0.289432,50.812666,On or near Boship Close,E01020930,Eastbourne 001E,Violence and sexual offences,Unable to prosecute suspect,
56fce2d9ec83c04350d0bb9ac50f5775b592714efa56c573ae85037f3f1f8a91,2024-11,Sussex Police,Sussex Police,0.293764,50.812437,On or near Pagham Close,E01020930,Eastbourne 001E,Other crime,Unable to prosecute suspect,
,2024-11,Sussex Police,Sussex Police,0.271855,50.805302,On or near Parking Area,E01020917,Eastbourne 002A,Anti-social behaviour,,
8ca2ada87985cf8d93aa01afbf777df42f37a0778090c86e9e52c81b1a1b7f2e,2024-11,Sussex Police,Sussex Police,0.272314,50.807155,On or near Fountains Close,E01020917,Eastbourne 002A,Public order,Unable to prosecute suspect,
ab16def6bf3ee8279c20c13b36075064cd63a42158e0d8bb014fb5204e993a54,2024-11,Sussex Police,Sussex Police,0.271095,50.806145,On or near Sports/Recreation Area,E01020917,Eastbourne 002A,Violence and sexual offences,Unable to prosecute suspect,
420813148d6e3b59ec6025c4cd38c139076a1db8214f4781661ccf134072ecc8,2024-11,Sussex Police,Sussex Police,0.273434,50.806260,On or near Ash Close,E01020917,Eastbourne 002A,Violence and sexual offences,Unable to prosecute suspect,
1f5a4005b12c837c15109e866ab746732a87df0c2fd82be90882c6fda238fe2b,2024-11,Sussex Police,Sussex Police,0.271855,50.805302,On or near Parking Area,E01020917,Eastbourne 002A,Other crime,Unable to prosecute suspect,
,2024-11,Sussex Police,Sussex Police,0.279168,50.802749,On or near Southern Road,E01020918,Eastbourne 002B,Anti-social behaviour,,
f3f3c049268440ac80587268c6485771d5db782fc5c98164ce46761a4cea840b,2024-11,Sussex Police,Sussex Police,0.280822,50.804065,On or near Tugwell Road,E01020918,Eastbourne 002B,Burglary,Investigation complete; no suspect identified,
3cf170fb57722b5c7581483cdb8e58e4aaf24ad8e56acf9902de8a5e631c7f43,2024-11,Sussex Police,Sussex Police,0.275063,50.804736,On or near Mulberry Close,E01020918,Eastbourne 002B,Criminal damage and arson,Unable to prosecute suspect,
923092b16c621c2353ed919859f9013de669103fdad4057b4e30072f759d9c7f,2024-11,Sussex Police,Sussex Police,0.279406,50.805604,On or near Attfield Walk,E01020918,Eastbourne 002B,Violence and sexual offences,Status update unavailable,
5d9ddbc3a8a3ca118e710ac375ee83903bba967944175d13ff55953d862c17b3,2024-11,Sussex Police,Sussex Police,0.275063,50.804736,On or near Mulberry Close,E01020918,Eastbourne 002B,Violence and sexual offences,Offender given a caution,
d9ebbcf9309f63d2c9371a16a2fc230ede0b06ee724e9e923cd6c8092723d84c,2024-11,Sussex Police,Sussex Police,0.279168,50.802749,On or near Southern Road,E01020918,Eastbourne 002B,Violence and sexual offences,Status update unavailable,
,2024-11,Sussex Police,Sussex Police,0.273955,50.801205,On or near Petworth Place,E01020919,Eastbourne 002C,Anti-social behaviour,,
7ff049b11955d70a62b6f563913098ebbb91831c9a095453e1425b91e579235f,2024-11,Sussex Police,Sussex Police,0.283153,50.802113,On or near Cade Street,E01020919,Eastbourne 002C,Criminal damage and arson,Investigation complete; no suspect identified,
62cc1f58d72d59f06ac9d9c1ea7a0f455a55f606b8d014ded1fbfd9bbea44a8d,2024-11,Sussex Police,Sussex Police,0.280696,50.799733,On or near Withyham Close,E01020919,Eastbourne 002C,Public order,Status update unavailable,
65637995918a7536daa11572c43965d20a88ff20a17b52a12f9269f5b87de59e,2024-11,Sussex Police,Sussex Police,0.278848,50.802296,On or near The Paddock,E01020919,Eastbourne 002C,Public order,Local resolution,
529a0ba9f55e861a6caef7f6a401fc41e84d4fb93e8b9ddb53c54745db5f64f0,2024-11,Sussex Police,Sussex Police,0.273955,50.801205,On or near Petworth Place,E01020919,Eastbourne 002C,Vehicle crime,Investigation complete; no suspect identified,
ca18e285d080252622090b1833970d3b76955a71532ef520d80dea9d7243a737,2024-11,Sussex Police,Sussex Police,0.273955,50.801205,On or near Petworth Place,E01020919,Eastbourne 002C,Violence and sexual offences,Further investigation is not in the public interest,
4449b00ba7d0e6729c085e70317c3e9f6598c1b66654928c4371f248868a97d2,2024-11,Sussex Police,Sussex Police,0.282816,50.801895,On or near Benjamin Close,E01020919,Eastbourne 002C,Violence and sexual offences,Status update unavailable,
,2024-11,Sussex Police,Sussex Police,0.269816,50.809218,On or near Malvern Close,E01020923,Eastbourne 002D,Anti-social behaviour,,
,2024-11,Sussex Police,Sussex Police,0.269816,50.809218,On or near Malvern Close,E01020923,Eastbourne 002D,Anti-social behaviour,,
dd3b655ff1720f13d8a091125e1291a4b3c5391cff6c38d27afe46db224eacb5,2024-11,Sussex Police,Sussex Police,0.267972,50.808363,On or near Woburn Way,E01020923,Eastbourne 002D,Burglary,Investigation complete; no suspect identified,
accc75fdf97886487bc8758d71baaf9403eec748a4965aed3650a176ec427faf,2024-11,Sussex Police,Sussex Police,0.269816,50.809218,On or near Malvern Close,E01020923,Eastbourne 002D,Criminal damage and arson,Investigation complete; no suspect identified,
fdccb3c6a0bfee52ff0e00ffcc62487652104217db3cca07eccbd7a094f2ea9b,2024-11,Sussex Police,Sussex Police,0.269816,50.809218,On or near Malvern Close,E01020923,Eastbourne 002D,Criminal damage and arson,Investigation complete; no suspect identified,
e09a02cfc57f53ca23faab8d31819f001a26df0cb39827e03142a56a21745cfd,2024-11,Sussex Police,Sussex Police,0.270635,50.808842,On or near Kirkstall Close,E01020923,Eastbourne 002D,Vehicle crime,Investigation complete; no suspect identified,
d8fe8e66916ab41766ee99650ebb15a64a22d97133244401556cacae0bbd3047,2024-11,Sussex Police,Sussex Police,0.270662,50.807052,On or near Byland Close,E01020923,Eastbourne 002D,Violence and sexual offences,Unable to prosecute suspect,
39e9228fb6413c5d8e6d70de835ff8393494e16aab6b199245786a820e332953,2024-11,Sussex Police,Sussex Police,0.264549,50.804499,On or near Broom Close,E01020949,Eastbourne 002E,Burglary,Investigation complete; no suspect identified,
0a857c6e7a9df7e216a7662a1f87224bde40215c3696ceb70f9707d8d4535b46,2024-11,Sussex Police,Sussex Police,0.268737,50.802466,On or near Brodrick Road,E01020949,Eastbourne 002E,Public order,Unable to prosecute suspect,
3582a9fac9ed14d31fbd26cc847805eb1263c965e2efb6b0b46157713804bb91,2024-11,Sussex Police,Sussex Police,0.268737,50.802466,On or near Brodrick Road,E01020949,Eastbourne 002E,Public order,Investigation complete; no suspect identified,
97b618de1ac3d3a3d056134fe610f1a8dc6469c94ef061a935414f477724c3ec,2024-11,Sussex Police,Sussex Police,0.268737,50.802466,On or near Brodrick Road,E01020949,Eastbourne 002E,Violence and sexual offences,Unable to prosecute suspect,
4930968a69fbe09f0825b4e75b5ec007c7fe2aaa1b4550db58a1ce7e15ee812d,2024-11,Sussex Police,Sussex Police,0.268737,50.802466,On or near Brodrick Road,E01020949,Eastbourne 002E,Violence and sexual offences,Unable to prosecute suspect,
a6acb5b20b7a8e19eb6b377b4cc06de96ca2fab368d06feb7df2b4b785472ef2,2024-11,Sussex Police,Sussex Police,0.268737,50.802466,On or near Brodrick Road,E01020949,Eastbourne 002E,Violence and sexual offences,Unable to prosecute suspect,
20889de597fb851cec8c34c883fa7ff69d029b301e3f1bfd74a6a971c8c9412f,2024-11,Sussex Police,Sussex Police,0.268737,50.802466,On or near Brodrick Road,E01020949,Eastbourne 002E,Violence and sexual offences,Unable to prosecute suspect,
d8d1839e42180d76aa1020358a10d6403a0262ce29f22817a454e726f0c8b5a2,2024-11,Sussex Police,Sussex Police,0.268737,50.802466,On or near Brodrick Road,E01020949,Eastbourne 002E,Violence and sexual offences,Unable to prosecute suspect,
849d735a58c86c869133e089bf9ddcba239ad2e9c1934314aa93c43b939a9c2e,2024-11,Sussex Police,Sussex Police,0.268737,50.802466,On or near Brodrick Road,E01020949,Eastbourne 002E,Violence and sexual offences,Unable to prosecute suspect,
469892a6117f557b257752345c489626fc13dcb881cd0a1fe69ae67c275a35d6,2024-11,Sussex Police,Sussex Police,0.313072,50.807567,On or near Pentland Close,E01020926,Eastbourne 003A,Public order,Unable to prosecute suspect,
,2024-11,Sussex Police,Sussex Police,0.309790,50.799178,On or near Biddenden Close,E01020929,Eastbourne 003B,Anti-social behaviour,,
,2024-11,Sussex Police,Sussex Police,0.309790,50.799178,On or near Biddenden Close,E01020929,Eastbourne 003B,Anti-social behaviour,,
,2024-11,Sussex Police,Sussex Police,0.306826,50.798625,On or near Wrotham Close,E01020929,Eastbourne 003B,Anti-social behaviour,,
b0836313b3f3a72b6a628f2103013fec3ba3823dfd645d188466d74153bee268,2024-11,Sussex Police,Sussex Police,0.309521,50.798599,On or near Pembury Road,E01020929,Eastbourne 003B,Criminal damage and arson,Investigation complete; no suspect identified,
9a891215784670bfed5f2dbec3086bd07c7e94aebf61c2fd1cf25c5c7cf30c2e,2024-11,Sussex Police,Sussex Police,0.309521,50.798599,On or near Pembury Road,E01020929,Eastbourne 003B,Possession of weapons,Court result unavailable,
025db3b57cfd8b28f211eeb7948b1019a93107216212f17ea79e537861365436,2024-11,Sussex Police,Sussex Police,0.309521,50.798599,On or near Pembury Road,E01020929,Eastbourne 003B,Public order,Court result unavailable,
64d3ba35e4eadbb37b8e0ccb80cefe1377dc2068fac52c91fb82731feacf900e,2024-11,Sussex Police,Sussex Police,0.308490,50.802460,On or near Freshford Close,E01020929,Eastbourne 003B,Public order,Unable to prosecute suspect,
893a5958d54460431a9297f632bf526d37e1ef118a3643ae4938cf249c610ea2,2024-11,Sussex Police,Sussex Police,0.306347,50.803151,On or near Petrol Station,E01020929,Eastbourne 003B,Shoplifting,Investigation complete; no suspect identified,
c5784d603b0570492ffc4e460569f36b92b17a48ba270e6167be04c5e9dfaf21,2024-11,Sussex Police,Sussex Police,0.306347,50.803151,On or near Petrol Station,E01020929,Eastbourne 003B,Violence and sexual offences,Court result unavailable,
5e011acabb1f8d1397806f3aa3ba7395f4eabb025761953ba51adfe345f041eb,2024-11,Sussex Police,Sussex Police,0.308981,50.801757,On or near Bathford Close,E01020929,Eastbourne 003B,Violence and sexual offences,Investigation complete; no suspect identified,
9a443014e29aa97061d9a1debb55b7fe4a14828b6f6f30d53a4809d374c1d9b6,2024-11,Sussex Police,Sussex Police,0.309521,50.798599,On or near Pembury Road,E01020929,Eastbourne 003B,Violence and sexual offences,Investigation complete; no suspect identified,
43e8bab3d54539f34aef5d04ceb5a1fe50dae2682d886d0e934fa2990c7e5213,2024-11,Sussex Police,Sussex Police,0.306826,50.798625,On or near Wrotham Close,E01020929,Eastbourne 003B,Violence and sexual offences,Status update unavailable,
39627b3604821b5b411b8fe10271fc885e21641aaa55bf3bf6109a9f77e2f9c4,2024-11,Sussex Police,Sussex Police,0.312829,50.803237,On or near The Rising,E01020929,Eastbourne 003B,Violence and sexual offences,Unable to prosecute suspect,
69fe1bbc0eb659d15f2f3dc4e6753867bb0d04e45599130269a7912f7e6e8d8c,2024-11,Sussex Police,Sussex Police,0.306347,50.803151,On or near Petrol Station,E01020929,Eastbourne 003B,Violence and sexual offences,Unable to prosecute suspect,
29e3cdac281c4ee744ce44b700e3cba4b9f1dea58de79587720af1199f324786,2024-11,Sussex Police,Sussex Police,0.308834,50.803379,On or near Pensford Drive,E01020929,Eastbourne 003B,Violence and sexual offences,Investigation complete; no suspect identified,
6c3247762e35be863a938ab315ad8b399415494975dbc7fa93c5cb55490411d0,2024-11,Sussex Police,Sussex Police,0.306826,50.798625,On or near Wrotham Close,E01020929,Eastbourne 003B,Other crime,Unable to prosecute suspect,
15110500f9eb4dacdbf911ac1d382cca45190de586c1057a5c2ddc949155d680,2024-11,Sussex Police,Sussex Police,0.306826,50.798625,On or near Wrotham Close,E01020929,Eastbourne 003B,Other crime,Unable to prosecute suspect,
,2024-11,Sussex Police,Sussex Police,0.310332,50.798358,On or near Westerham Road,E01020955,Eastbourne 003C,Anti-social behaviour,,
,2024-11,Sussex Police,Sussex Police,0.314135,50.799785,On or near Ashgate Road,E01020955,Eastbourne 003C,Anti-social behaviour,,
,2024-11,Sussex Police,Sussex Police,0.311021,50.797373,On or near Gainsborough Crescent,E01020955,Eastbourne 003C,Anti-social behaviour,,
e278ff621e42435d82ee9584a49d87f2f19b44492b7e120e73810070d0a22d07,2024-11,Sussex Police,Sussex Police,0.314135,50.799785,On or near Ashgate Road,E01020955,Eastbourne 003C,Public order,Investigation complete; no suspect identified,
,2024-11,Sussex Police,Sussex Police,0.318445,50.801129,On or near Priory Road,E01020956,Eastbourne 003D,Anti-social behaviour,,
23e5b1b6e289440909837e647f687476ac9e4de14c2c308d729ea9f94b5765c9,2024-11,Sussex Police,Sussex Police,0.314935,50.804203,On or near Close Six,E01020956,Eastbourne 003D,Violence and sexual offences,Unable to prosecute suspect,
06d1681729127458c5dd08a935889d9200eedcd909da504d829a064834c26946,2024-11,Sussex Police,Sussex Police,0.311664,50.795435,On or near Reynolds Road,E01020957,Eastbourne 003E,Other theft,Investigation complete; no suspect identified,
225e6d0bc454d5ae4c93836080b5725d2ab0977a24285da7e0733d9fa037d6e9,2024-11,Sussex Police,Sussex Police,0.315742,50.795256,On or near Great Cliffe Road,E01020957,Eastbourne 003E,Other theft,Investigation complete; no suspect identified,
606ec94886b6c5bd7a5ef7797b8355fffedd482f574c83243e1ebe396204a270,2024-11,Sussex Police,Sussex Police,0.315321,50.793636,On or near Langney Green,E01020957,Eastbourne 003E,Violence and sexual offences,Unable to prosecute suspect,
ed4ce8acf4daedda82f116ff2284ddf6e4c5fd20f164d99a9c90ec670c075121,2024-11,Sussex Police,Sussex Police,0.311664,50.795435,On or near Reynolds Road,E01020957,Eastbourne 003E,Violence and sexual offences,Further action is not in the public interest,
588f6499455fef50d59d97e01268c7448df3f01355345df25c0be6907817d66c,2024-11,Sussex Police,Sussex Police,0.311664,50.795435,On or near Reynolds Road,E01020957,Eastbourne 003E,Violence and sexual offences,Further action is not in the public interest,
48279662431ee7f1124dc2d43b83c8e635c0fc6cbf9cb2632f717e4e80d01265,2024-11,Sussex Police,Sussex Police,0.315742,50.795256,On or near Great Cliffe Road,E01020957,Eastbourne 003E,Violence and sexual offences,Unable to prosecute suspect,
,2024-11,Sussex Police,Sussex Police,0.287975,50.799419,On or near Lakelands Close,E01020920,Eastbourne 004A,Anti-social behaviour,,
4eb270231c0e8229502c89ce5df060663cdfe96b00043b1d086c18d6874a2448,2024-11,Sussex Police,Sussex Police,0.289014,50.796575,On or near Whittle Drive,E01020920,Eastbourne 004A,Criminal damage and arson,Investigation complete; no suspect identified,
5c4d4147d22f0c8c9be3757781bf8e9dfb8329ad519c2ff6dc6c37e90b24fa89,2024-11,Sussex Police,Sussex Police,0.289014,50.796575,On or near Whittle Drive,E01020920,Eastbourne 004A,Criminal damage and arson,Investigation complete; no suspect identified,
11697127ea9fb92ad925f002dbcd4d4b43f35e0be0a0512a729a97860998434d,2024-11,Sussex Police,Sussex Police,0.284425,50.802295,On or near Iden Street,E01020920,Eastbourne 004A,Criminal damage and arson,Unable to prosecute suspect,
abda7f320bbf2de2f342973d35acc093d42ed7e57f4c275e9de14561f52ddec1,2024-11,Sussex Police,Sussex Police,0.287095,50.799419,On or near Ashington Road,E01020920,Eastbourne 004A,Drugs,Status update unavailable,
606a692f7b267ec6b432eec59ddeb927f33b17f76baddf3e08db822fcb7b3d56,2024-11,Sussex Police,Sussex Police,0.286517,50.798620,On or near Penhurst Close,E01020920,Eastbourne 004A,Public order,Investigation complete; no suspect identified,
7210f1e2675b706e3d710ded9e5248b297113ef395b8de52c04309599cbf301b,2024-11,Sussex Police,Sussex Police,0.282743,50.800106,On or near The Hydneye,E01020920,Eastbourne 004A,Public order,Investigation complete; no suspect identified,
b2e355e693d8288a3d5ae4a73acaa56faa67f971f457e84a93582a2233508ec4,2024-11,Sussex Police,Sussex Police,0.284862,50.796692,On or near Supermarket,E01020920,Eastbourne 004A,Public order,Investigation complete; no suspect identified,
2c167898857469524e9312c05ef4776adf098642e06da08d312ffe9a1e0ef293,2024-11,Sussex Police,Sussex Police,0.287975,50.799419,On or near Lakelands Close,E01020920,Eastbourne 004A,Public order,Unable to prosecute suspect,
03aec56034c14a3c6734d11df195da890aa14b9e4a312bb4e4c5d2b203fc6d5c,2024-11,Sussex Police,Sussex Police,0.284862,50.796692,On or near Supermarket,E01020920,Eastbourne 004A,Shoplifting,Investigation complete; no suspect identified,
94ad69fbaffd3c60ffa5a5b8d6f32635e9a8ef594743f5b02e441ae26b165f10,2024-11,Sussex Police,Sussex Police,0.284862,50.796692,On or near Supermarket,E01020920,Eastbourne 004A,Shoplifting,Investigation complete; no suspect identified,
66c2f3008277a3e620540093243a6fa46b186450227fde2629585c568b86eba9,2024-11,Sussex Police,Sussex Police,0.284862,50.796692,On or near Supermarket,E01020920,Eastbourne 004A,Shoplifting,Investigation complete; no suspect identified,
f2846ba5ca6eb2569a93d19e6da6fec720e7d6e257437e0fc5818527bb2530aa,2024-11,Sussex Police,Sussex Police,0.284862,50.796692,On or near Supermarket,E01020920,Eastbourne 004A,Shoplifting,Investigation complete; no suspect identified,
b8c522ee922e278ff5cdb316d7f29a04ed0c9370a82c1c889f3b9400e362be57,2024-11,Sussex Police,Sussex Police,0.284862,50.796692,On or near Supermarket,E01020920,Eastbourne 004A,Shoplifting,Investigation complete; no suspect identified,
3fd45d7ba9aed9cc24f426ec29e0439c3833a271c2951bb19c639e01b7700356,2024-11,Sussex Police,Sussex Police,0.287765,50.795691,On or near Edison Road,E01020920,Eastbourne 004A,Vehicle crime,Investigation complete; no suspect identified,
b65c2397dc9daf753f11135e633db1e0aa218d694da5792a3228148c33d41694,2024-11,Sussex Police,Sussex Police,0.284425,50.802295,On or near Iden Street,E01020920,Eastbourne 004A,Violence and sexual offences,Unable to prosecute suspect,
4c2037bf805c10e4fd57cfe77ed5431b0e6bbe288e0bb7e6717d913f29560423,2024-11,Sussex Police,Sussex Police,0.284425,50.802295,On or near Iden Street,E01020920,Eastbourne 004A,Violence and sexual offences,Unable to prosecute suspect,
2291a780398a73560ebcba22d20eeb922fb28602ce82b5a7646a1b7ff02dfba7,2024-11,Sussex Police,Sussex Police,0.286605,50.800427,On or near Fletching Road,E01020920,Eastbourne 004A,Violence and sexual offences,Unable to prosecute suspect,
77cbb66af85175be87ede187e6ace3d191b86b95f2f4462f8da74a05821ae51b,2024-11,Sussex Police,Sussex Police,0.286605,50.800427,On or near Fletching Road,E01020920,Eastbourne 004A,Violence and sexual offences,Unable to prosecute suspect,
9c63d65f4f6fb49777648cde6316242906af1897ce06b2140f9f841e91371d72,2024-11,Sussex Police,Sussex Police,0.283580,50.803292,On or near Midhurst Road,E01020920,Eastbourne 004A,Violence and sexual offences,Unable to prosecute suspect,
2a9422452a91dfa828e47088796ed91ad205f9959463f22a320969150471e1fb,2024-11,Sussex Police,Sussex Police,0.284862,50.796692,On or near Supermarket,E01020920,Eastbourne 004A,Violence and sexual offences,Unable to prosecute suspect,
dab53e18aaf7f37f730b89075b048913ece147c66845e909d3293a6f26f82df8,2024-11,Sussex Police,Sussex Police,0.284862,50.796692,On or near Supermarket,E01020920,Eastbourne 004A,Violence and sexual offences,Unable to prosecute suspect,
7881e1f1acd7f1ec4a76fb7a1972f243192e10e365ea295f4c2949ed00ac7f66,2024-11,Sussex Police,Sussex Police,0.273029,50.797031,On or near Nevill Avenue,E01020921,Eastbourne 004B,Other theft,Investigation complete; no suspect identified,
91541ed040968e5b763573c6fc419103aab52a863bdedce199f11ee51646bdc2,2024-11,Sussex Police,Sussex Police,0.273029,50.797031,On or near Nevill Avenue,E01020921,Eastbourne 004B,Other theft,Investigation complete; no suspect identified,
4a81ef9e5dcce17a21678fe4536166d9630c6d29b8f4964d643ee36f2d5310cf,2024-11,Sussex Police,Sussex Police,0.271598,50.800594,On or near Faygate Road,E01020921,Eastbourne 004B,Violence and sexual offences,Unable to prosecute suspect,
9088b8fff01adf8718ac207260c137524db15a1395c178d26176dcec777c77ac,2024-11,Sussex Police,Sussex Police,0.271216,50.801798,On or near Henfield Road,E01020921,Eastbourne 004B,Violence and sexual offences,Status update unavailable,
9ab47cd194045ff094945d3e460ef9bd46fc1b581e7e462efda8e428995c3883,2024-11,Sussex Police,Sussex Police,0.275403,50.798298,On or near Glynde Avenue,E01020921,Eastbourne 004B,Violence and sexual offences,Unable to prosecute suspect,
502ad9165cd383712529f285a5128562b4d479d0c708a55e98cbd32e548f938a,2024-11,Sussex Police,Sussex Police,0.271216,50.801798,On or near Henfield Road,E01020921,Eastbourne 004B,Violence and sexual offences,Action to be taken by another organisation,
02aae537546f69b00410d9edbb5f550a1095cc6ce70c6a0728920843d6b9a8a3,2024-11,Sussex Police,Sussex Police,0.271216,50.801798,On or near Henfield Road,E01020921,Eastbourne 004B,Violence and sexual offences,Unable to prosecute suspect,
a4fc665a0937cf86df9007a3d3afaa8e2f3fd0e279cc783c7df60445b922f2ea,2024-11,Sussex Police,Sussex Police,0.271216,50.801798,On or near Henfield Road,E01020921,Eastbourne 004B,Violence and sexual offences,Unable to prosecute suspect,
87b64049dcbb5196a6f3fb0d3d633e6eb58777b31da17c7847c26a6e804e5424,2024-11,Sussex Police,Sussex Police,0.271410,50.799932,On or near Binsted Close,E01020921,Eastbourne 004B,Violence and sexual offences,Offender given a caution,
,2024-11,Sussex Police,Sussex Police,0.283981,50.794344,On or near Marshall Road,E01020922,Eastbourne 004C,Anti-social behaviour,,
,2024-11,Sussex Police,Sussex Police,0.283981,50.794344,On or near Marshall Road,E01020922,Eastbourne 004C,Anti-social behaviour,,
,2024-11,Sussex Police,Sussex Police,0.279430,50.795890,On or near Parking Area,E01020922,Eastbourne 004C,Anti-social behaviour,,
,2024-11,Sussex Police,Sussex Police,0.278474,50.792563,On or near Broadwater Way,E01020922,Eastbourne 004C,Anti-social behaviour,,
,2024-11,Sussex Police,Sussex Police,0.279430,50.795890,On or near Parking Area,E01020922,Eastbourne 004C,Anti-social behaviour,,
,2024-11,Sussex Police,Sussex Police,0.283981,50.794344,On or near Marshall Road,E01020922,Eastbourne 004C,Anti-social behaviour,,
,2024-11,Sussex Police,Sussex Police,0.279571,50.795276,On or near Mallard Close,E01020922,Eastbourne 004C,Anti-social behaviour,,
23d38074bbc1b2e94053822cb1c5e0be5a87534460e2b62d5d232c58dce7970a,2024-11,Sussex Police,Sussex Police,0.279430,50.795890,On or near Parking Area,E01020922,Eastbourne 004C,Bicycle theft,Status update unavailable,
b1e8624e441cb5d5d03b5b0d482ee44a75f799c9f0fa2157d4984205fda6cf81,2024-11,Sussex Police,Sussex Police,0.283981,50.794344,On or near Marshall Road,E01020922,Eastbourne 004C,Criminal damage and arson,Investigation complete; no suspect identified,
8e5e05ef31ca080e2689737fffba2b2ecda44b52e4eea848204dea691198a1f9,2024-11,Sussex Police,Sussex Police,0.279571,50.795276,On or near Mallard Close,E01020922,Eastbourne 004C,Other theft,Investigation complete; no suspect identified,
9b579392e4c4ad1f1d3f2fdc9358623a5e266ccbc67913ee6e6c10d001c6c38f,2024-11,Sussex Police,Sussex Police,0.279534,50.799773,On or near Lottbridge Drive,E01020922,Eastbourne 004C,Public order,Unable to prosecute suspect,
d143875b5c123f5a102396283a324f97f2b5a0a86f3be081bb2c1d3d04e2917b,2024-11,Sussex Police,Sussex Police,0.283981,50.794344,On or near Marshall Road,E01020922,Eastbourne 004C,Public order,Investigation complete; no suspect identified,
bd2fa4192b6e7997e1ca2559f630ca87329564398ca7844dcf09fd86cc14f0c1,2024-11,Sussex Police,Sussex Police,0.277368,50.796956,On or near Elm Grove,E01020922,Eastbourne 004C,Public order,Unable to prosecute suspect,
c2ca49756af403aa7eb389f51021ecd14ed2bae980f04bd62c30c9ee626fde74,2024-11,Sussex Police,Sussex Police,0.283981,50.794344,On or near Marshall Road,E01020922,Eastbourne 004C,Public order,Investigation complete; no suspect identified,
9952926d6eb31a188a3812c5d366389901bc4f023ccc2dfbb18fb5984cca5893,2024-11,Sussex Police,Sussex Police,0.278683,50.799790,On or near Wadhurst Close,E01020922,Eastbourne 004C,Public order,Investigation complete; no suspect identified,
043b77c18ff5ffcb3d0d8bc117f450f02a07f33bba6f3f1db05d528fe413f38c,2024-11,Sussex Police,Sussex Police,0.277368,50.796956,On or near Elm Grove,E01020922,Eastbourne 004C,Robbery,Unable to prosecute suspect,
752da9401c3381fe7b39a05d6b1f456ba7e5bef68b14cef3c2ec2d56293d2926,2024-11,Sussex Police,Sussex Police,0.277368,50.796956,On or near Elm Grove,E01020922,Eastbourne 004C,Robbery,Unable to prosecute suspect,
596cf1dab5bd5b5bd05e379c5a58778a6547ee0fd39a552d33f096af89c6d02b,2024-11,Sussex Police,Sussex Police,0.283981,50.794344,On or near Marshall Road,E01020922,Eastbourne 004C,Shoplifting,Investigation complete; no suspect identified,
0647496115b513f9eb85dc2168b2b209b89883a4304fb83728f3e219a7f4cd80,2024-11,Sussex Police,Sussex Police,0.281587,50.796581,On or near Supermarket,E01020922,Eastbourne 004C,Shoplifting,Investigation complete; no suspect identified,
4af655fa66bca981eb85b74d8a03f1eb09e55df42b0154019a5d2a8bb5ac6ddd,2024-11,Sussex Police,Sussex Police,0.281587,50.796581,On or near Supermarket,E01020922,Eastbourne 004C,Shoplifting,Investigation complete; no suspect identified,
c408f9778e3b7ce00e46da523dc9dae6432ee999a42aceb8963cab3130fbfc0c,2024-11,Sussex Police,Sussex Police,0.281587,50.796581,On or near Supermarket,E01020922,Eastbourne 004C,Shoplifting,Investigation complete; no suspect identified,
009cf3d2bb79642dc0988b76f9d6ea01dbc726bd682472601b120c7f918016cb,2024-11,Sussex Police,Sussex Police,0.281587,50.796581,On or near Supermarket,E01020922,Eastbourne 004C,Shoplifting,Investigation complete; no suspect identified,
4df78a2abc64a33697526c99727ed077489970a5e2427a14917529fc81a810e3,2024-11,Sussex Police,Sussex Police,0.277368,50.796956,On or near Elm Grove,E01020922,Eastbourne 004C,Shoplifting,Investigation complete; no suspect identified,
c88def0c09a6171f92be9a3d699ace811f1c32090a9c7fbd27b47fd78f1f811d,2024-11,Sussex Police,Sussex Police,0.281587,50.796581,On or near Supermarket,E01020922,Eastbourne 004C,Shoplifting,Investigation complete; no suspect identified,
e3634b0504e1032ece596a7665794b40e8fae7b7009ca32ec16e3d4306f417a1,2024-11,Sussex Police,Sussex Police,0.277368,50.796956,On or near Elm Grove,E01020922,Eastbourne 004C,Shoplifting,Unable to prosecute suspect,
3b79b26e00f424159163104a746bebcc9dba9520d01adf72ae0f858ab6c3222b,2024-11,Sussex Police,Sussex Police,0.277368,50.796956,On or near Elm Grove,E01020922,Eastbourne 004C,Shoplifting,Investigation complete; no suspect identified,
993ae6bcb6974be89531e98cd782ad61c9b7dedda0194098d0b7716ca36efeae,2024-11,Sussex Police,Sussex Police,0.278720,50.792369,On or near Petrol Station,E01020922,Eastbourne 004C,Shoplifting,Investigation complete; no suspect identified,
f589906e94dcd2276e12ba003a0df2f7858da5388333099854dfcf4fe146bbdf,2024-11,Sussex Police,Sussex Police,0.280648,50.791180,On or near Cross Levels Way,E01020922,Eastbourne 004C,Shoplifting,Investigation complete; no suspect identified,
69cde406c1bb8beeb12f1e67cb4f5ed64e633fa0a20dcbb26874b02b8c3261ff,2024-11,Sussex Police,Sussex Police,0.279807,50.793605,On or near Supermarket,E01020922,Eastbourne 004C,Shoplifting,Investigation complete; no suspect identified,
68f12257caeca4facda8e9ade97b2e53cefc17083960e9c28c5b36d457f6dd66,2024-11,Sussex Police,Sussex Police,0.279807,50.793605,On or near Supermarket,E01020922,Eastbourne 004C,Shoplifting,Investigation complete; no suspect identified,
6d7c4029fbb93e3f4dcee6e6febf8f871edaa889406df577d8a3ac67cf542695,2024-11,Sussex Police,Sussex Police,0.278416,50.796342,On or near Edgeland Terrace,E01020922,Eastbourne 004C,Vehicle crime,Investigation complete; no suspect identified,
5d62d035bb1f114e2031cc5541a8775e6a0888f5b961b2c979499b2510feea39,2024-11,Sussex Police,Sussex Police,0.277368,50.796956,On or near Elm Grove,E01020922,Eastbourne 004C,Violence and sexual offences,Unable to prosecute suspect,
8fb93a368493d4f585cb6272aaecfd83a5c23dc94184f498cece26159e1929b5,2024-11,Sussex Police,Sussex Police,0.280177,50.797234,On or near Mountfield Road,E01020922,Eastbourne 004C,Violence and sexual offences,Unable to prosecute suspect,
534df458e9b90920912dfc27ad74f68afb9d79cc501fad289723bef497f1d879,2024-11,Sussex Police,Sussex Police,0.279571,50.795276,On or near Mallard Close,E01020922,Eastbourne 004C,Violence and sexual offences,Investigation complete; no suspect identified,
f0db242461bc5299cf850afec8cf8ddf4063811e174b663c60f47b13f5407b71,2024-11,Sussex Police,Sussex Police,0.277368,50.796956,On or near Elm Grove,E01020922,Eastbourne 004C,Violence and sexual offences,Investigation complete; no suspect identified,
c218d16f21951917dc381d635c2c6304188e5f367848f375f5af8e94c7a5e252,2024-11,Sussex Police,Sussex Police,0.279807,50.793605,On or near Supermarket,E01020922,Eastbourne 004C,Violence and sexual offences,Investigation complete; no suspect identified,
69b7cf92bc0e7afbffeb192128c15b6dac65c7a7c1a91e20910c402fe86a0d13,2024-11,Sussex Police,Sussex Police,0.279807,50.793605,On or near Supermarket,E01020922,Eastbourne 004C,Violence and sexual offences,Investigation complete; no suspect identified,
2778ebd62c8f069d2b55e1c1967948ce42ac2486be57a0b6e8afb7efa323926a,2024-11,Sussex Police,Sussex Police,0.259251,50.792074,On or near Park Lane,E01020945,Eastbourne 004D,Bicycle theft,Local resolution,
5d1cfd27965780654225267bfd2a9ad5f83d9606c958c902cef028b7809513d9,2024-11,Sussex Police,Sussex Police,0.267591,50.792290,On or near Clifton Close,E01020945,Eastbourne 004D,Criminal damage and arson,Investigation complete; no suspect identified,
c75e0d5c372d125d91e59d7cae15509abf72e0947ee7bbe0df1ff3446b72fc38,2024-11,Sussex Police,Sussex Police,0.262675,50.787447,On or near Eridge Road,E01020945,Eastbourne 004D,Other theft,Local resolution,
67599ec35d85efe2e53c61755215195ac2341261476ad4e1e0a4ec9d047e03e0,2024-11,Sussex Police,Sussex Police,0.261973,50.785545,On or near Tovey Close,E01020945,Eastbourne 004D,Other theft,Unable to prosecute suspect,
26fc7d524e8eb7ce697bf43a1ffb119235ab1d486da7f8ff3d491aceab833f8a,2024-11,Sussex Police,Sussex Police,0.266740,50.799330,On or near The Broadway,E01020945,Eastbourne 004D,Public order,Unable to prosecute suspect,
11b0b01770d510b42c17e233c793a02853ac76bd083bfdeab2d6e68ff61c611f,2024-11,Sussex Police,Sussex Police,0.267028,50.798830,On or near Lindfield Road,E01020945,Eastbourne 004D,Public order,Status update unavailable,
6d9567da3f9e9249b08be648c74c4a8bf41d5ca4c6a4758d54d82dc591c4bba8,2024-11,Sussex Police,Sussex Police,0.266740,50.799330,On or near The Broadway,E01020945,Eastbourne 004D,Public order,Unable to prosecute suspect,
1a8f7ab51e1e8de5e8e7aa6d677f0af0f3aadfabcd88ec0d426be6fbb47b8161,2024-11,Sussex Police,Sussex Police,0.263438,50.794745,On or near Waldron Close,E01020945,Eastbourne 004D,Vehicle crime,Investigation complete; no suspect identified,
8577248f98d25e9199e2f827a316068179acc96e69be85c6424e413da13b24b3,2024-11,Sussex Police,Sussex Police,0.262675,50.787447,On or near Eridge Road,E01020945,Eastbourne 004D,Vehicle crime,Court result unavailable,
a11c8f34c92014df5a9cae084ab4fc5408ead8e5ff71f5443b5bd8f861ef8b15,2024-11,Sussex Police,Sussex Police,0.259251,50.792074,On or near Park Lane,E01020945,Eastbourne 004D,Violence and sexual offences,Unable to prosecute suspect,
a60ab13a22ea2b772c54cf91fc07fde6763fb9a0ab964be07db933c07f3eea23,2024-11,Sussex Police,Sussex Police,0.259251,50.792074,On or near Park Lane,E01020945,Eastbourne 004D,Violence and sexual offences,Unable to prosecute suspect,
a93dcf23d7a1722e7c63dd3cfe17f0b556f0490ba8749c243414a3e830fa6462,2024-11,Sussex Police,Sussex Police,0.259251,50.792074,On or near Park Lane,E01020945,Eastbourne 004D,Violence and sexual offences,Investigation complete; no suspect identified,
0551b5effa30268ccde3f394f57f270ae580bd29ede41065f2cd637c4b104762,2024-11,Sussex Police,Sussex Police,0.259251,50.792074,On or near Park Lane,E01020945,Eastbourne 004D,Violence and sexual offences,Unable to prosecute suspect,
b2ffea00033c29f25d248b37c5690ca5fccdb52ef5fdf1f9e9b0e8b474e3d281,2024-11,Sussex Police,Sussex Police,0.259251,50.792074,On or near Park Lane,E01020945,Eastbourne 004D,Violence and sexual offences,Action to be taken by another organisation,
75dcee57ed3c7b79a859487ef6eb10e3b1cf7bcbfe72c8a0b6fa34080f33418f,2024-11,Sussex Police,Sussex Police,0.259251,50.792074,On or near Park Lane,E01020945,Eastbourne 004D,Violence and sexual offences,Further action is not in the public interest,
16720f839dcb93f3c57e30e1702fdde8a592d75f69db1b2c899198f29bb47a3e,2024-11,Sussex Police,Sussex Police,0.264229,50.799064,On or near Meadowlands Avenue,E01020950,Eastbourne 004E,Violence and sexual offences,Court result unavailable,
,2024-11,Sussex Police,Sussex Police,0.256134,50.778013,On or near Supermarket,E01020940,Eastbourne 006A,Anti-social behaviour,,
098f300f4c8732a0efe37cc26fa06a2ae952549942c1e7e86e9494bbfd728024,2024-11,Sussex Police,Sussex Police,0.257868,50.782207,On or near Glendale Avenue,E01020940,Eastbourne 006A,Burglary,Investigation complete; no suspect identified,
8ff74382ec1d305799b30e8969bce67efccc70c91783258c2f9f3e5793377b97,2024-11,Sussex Police,Sussex Police,0.256134,50.778013,On or near Supermarket,E01020940,Eastbourne 006A,Other theft,Unable to prosecute suspect,
08e8ac4f674826ace8f8ff823004f6abd5d720558cf7e6db48af63e944f7c975,2024-11,Sussex Police,Sussex Police,0.256134,50.778013,On or near Supermarket,E01020940,Eastbourne 006A,Other theft,Court result unavailable,
76c33a343a8ba8bc528ed74ee2b6c9287e871780bb1f95a4bfebd828acb2c5b5,2024-11,Sussex Police,Sussex Police,0.256134,50.778013,On or near Supermarket,E01020940,Eastbourne 006A,Public order,Unable to prosecute suspect,
b4174ff6e64af73e27ff1305218a8a2aafbe24235ace8bf4422b323b0986f3e9,2024-11,Sussex Police,Sussex Police,0.256134,50.778013,On or near Supermarket,E01020940,Eastbourne 006A,Public order,Investigation complete; no suspect identified,
616672a217a13ce799fd9240180f5ef66342bfe8fddc264b20aaf6a0f1fe00b5,2024-11,Sussex Police,Sussex Police,0.256134,50.778013,On or near Supermarket,E01020940,Eastbourne 006A,Public order,Unable to prosecute suspect,
89459be308941a6a5d07213fc2757d5f98cbf588f7a2c844967b06f154ef8be8,2024-11,Sussex Police,Sussex Police,0.256134,50.778013,On or near Supermarket,E01020940,Eastbourne 006A,Shoplifting,Local resolution,
5dab61c9f2693346bf24e5a9ec836e05cc7c8dd5110476af05ff910211263c7b,2024-11,Sussex Police,Sussex Police,0.256134,50.778013,On or near Supermarket,E01020940,Eastbourne 006A,Shoplifting,Investigation complete; no suspect identified,
1d55f6c8eeff8ee959d57a68830bbfbda4197e6ec7c1ef58f87da28165ba9dad,2024-11,Sussex Police,Sussex Police,0.256134,50.778013,On or near Supermarket,E01020940,Eastbourne 006A,Shoplifting,Investigation complete; no suspect identified,
e549b44ec6986d2d0a2520b8a6708ee963febccef097d2912ef8e26415920eb5,2024-11,Sussex Police,Sussex Police,0.256134,50.778013,On or near Supermarket,E01020940,Eastbourne 006A,Shoplifting,Court result unavailable,
85c34e27c585f3ec712adb68b4354a5df8836b4ea1ac47ced8ca23a44500831f,2024-11,Sussex Police,Sussex Police,0.256134,50.778013,On or near Supermarket,E01020940,Eastbourne 006A,Shoplifting,Court result unavailable,
2555a24ffe90fbef146620ce393dc19f55e8eaeb77637d1a2541ba66cf695e11,2024-11,Sussex Police,Sussex Police,0.256134,50.778013,On or near Supermarket,E01020940,Eastbourne 006A,Shoplifting,Investigation complete; no suspect identified,
00d9907a7e8c4e5f24c440547ad6a2c23735dfe2f91b8c85dc57ec9ae1dd9722,2024-11,Sussex Police,Sussex Police,0.256134,50.778013,On or near Supermarket,E01020940,Eastbourne 006A,Shoplifting,Investigation complete; no suspect identified,
f27dd3e5eea38afe062057ff2845ca5edea4ae7d1deaab9f3708a44d3a35813b,2024-11,Sussex Police,Sussex Police,0.256134,50.778013,On or near Supermarket,E01020940,Eastbourne 006A,Shoplifting,Unable to prosecute suspect,
1b74cf7ecf7ade025b94813ddf0357c8fd5ba1306e034b30400b4176d3eed90d,2024-11,Sussex Police,Sussex Police,0.256134,50.778013,On or near Supermarket,E01020940,Eastbourne 006A,Shoplifting,Investigation complete; no suspect identified,
71f1ebc83eed16ff375437b1491317500cf780519ba13b1abb659941b79d3f6d,2024-11,Sussex Police,Sussex Police,0.256134,50.778013,On or near Supermarket,E01020940,Eastbourne 006A,Shoplifting,Investigation complete; no suspect identified,
8ed7ee3814dbd27dc47f198d2aabbc5b47e0ebb7806a30fb740c4272953bcb54,2024-11,Sussex Police,Sussex Police,0.256134,50.778013,On or near Supermarket,E01020940,Eastbourne 006A,Shoplifting,Unable to prosecute suspect,
984181de10e309cbd6241261690b2a6fdcce14dc21722cfbd117e22aa53b11bd,2024-11,Sussex Police,Sussex Police,0.256134,50.778013,On or near Supermarket,E01020940,Eastbourne 006A,Shoplifting,Investigation complete; no suspect identified,
ca353e110d09c01a5b358975ce9efbe7e1b096d1992e359c456895de8aaafa81,2024-11,Sussex Police,Sussex Police,0.256134,50.778013,On or near Supermarket,E01020940,Eastbourne 006A,Shoplifting,Local resolution,
6c6debaa5acb4ac38782f7291e1e0e82dfa130b44cc68c651f06eef33ef559ff,2024-11,Sussex Police,Sussex Police,0.256134,50.778013,On or near Supermarket,E01020940,Eastbourne 006A,Shoplifting,Investigation complete; no suspect identified,
9a1530b3d54721c161499d972ed3177aa977ec435bfd7bfb92d9e6c9c6958c64,2024-11,Sussex Police,Sussex Police,0.256134,50.778013,On or near Supermarket,E01020940,Eastbourne 006A,Shoplifting,Investigation complete; no suspect identified,
40aa73eb191e7fdfa2f5537e438407996b07a29c26d68395c5361cf195040c37,2024-11,Sussex Police,Sussex Police,0.256134,50.778013,On or near Supermarket,E01020940,Eastbourne 006A,Shoplifting,Unable to prosecute suspect,
3b693a20e121c634e5c572e87c11f90c373393dd301d8be182fe0a0b685a00a8,2024-11,Sussex Police,Sussex Police,0.256134,50.778013,On or near Supermarket,E01020940,Eastbourne 006A,Shoplifting,Unable to prosecute suspect,
6174f3eb72cee92275c017f376f9743b3651be5368ce1dd0f7270e75637c32a8,2024-11,Sussex Police,Sussex Police,0.256134,50.778013,On or near Supermarket,E01020940,Eastbourne 006A,Shoplifting,Investigation complete; no suspect identified,
def91534cc17a73d10b8b42cedaacd5002224bf985da84ed4ec2699a736214a2,2024-11,Sussex Police,Sussex Police,0.256134,50.778013,On or near Supermarket,E01020940,Eastbourne 006A,Shoplifting,Investigation complete; no suspect identified,
bfbc306cc3c0f47a04ae11bd29cf5f92b1dd5cd3ba0e864644f183686fd2e518,2024-11,Sussex Police,Sussex Police,0.256134,50.778013,On or near Supermarket,E01020940,Eastbourne 006A,Shoplifting,Investigation complete; no suspect identified,
7fdda811bd9c5dc029d49d0d3fc8ff456d3f4569046a00a957e3fc50661f6c85,2024-11,Sussex Police,Sussex Police,0.256134,50.778013,On or near Supermarket,E01020940,Eastbourne 006A,Shoplifting,Investigation complete; no suspect identified,
7e7b6c401398c6b16fbb4170895fc08c24cedbb6af9d0bd1c265333d9b30ba65,2024-11,Sussex Police,Sussex Police,0.256134,50.778013,On or near Supermarket,E01020940,Eastbourne 006A,Shoplifting,Investigation complete; no suspect identified,
dc3df1c73763a5534d492542eaaa1bb8f8afa67af80bddb3b638433804304b88,2024-11,Sussex Police,Sussex Police,0.256134,50.778013,On or near Supermarket,E01020940,Eastbourne 006A,Shoplifting,Unable to prosecute suspect,
58d5deff25554da9b0518ad3078a322cb352239cb3f0ed198f668298f886b86b,2024-11,Sussex Police,Sussex Police,0.256134,50.778013,On or near Supermarket,E01020940,Eastbourne 006A,Shoplifting,Investigation complete; no suspect identified,
58fc99a605b98d8261cc1685bf7211c7b3afa9560c68c202a50793e6ff449f3d,2024-11,Sussex Police,Sussex Police,0.256134,50.778013,On or near Supermarket,E01020940,Eastbourne 006A,Shoplifting,Status update unavailable,
3c62acc654378700782d5a80b6e680f9a6160861a8d75b70f1c898e1b623b580,2024-11,Sussex Police,Sussex Police,0.256134,50.778013,On or near Supermarket,E01020940,Eastbourne 006A,Shoplifting,Investigation complete; no suspect identified,
130e78eec4a88c41d866bccc331585ef25ce6cb21961d2f1be4f57c8e6e24965,2024-11,Sussex Police,Sussex Police,0.256134,50.778013,On or near Supermarket,E01020940,Eastbourne 006A,Shoplifting,Investigation complete; no suspect identified,
71ac91435fb36461534ea064dccb12b72b11874fdcb40adeca6d3fd0184bfebc,2024-11,Sussex Police,Sussex Police,0.256134,50.778013,On or near Supermarket,E01020940,Eastbourne 006A,Shoplifting,Investigation complete; no suspect identified,
f7a26417453b520062ceaca7b4742d8cec824dcd4d3536719bd5946b2b221387,2024-11,Sussex Police,Sussex Police,0.256134,50.778013,On or near Supermarket,E01020940,Eastbourne 006A,Shoplifting,Investigation complete; no suspect identified,
8182f663d8d5d919f4d48283345c6a8fb9f2925af97ab8afb378856987349dcb,2024-11,Sussex Police,Sussex Police,0.256134,50.778013,On or near Supermarket,E01020940,Eastbourne 006A,Shoplifting,Unable to prosecute suspect,
b5b0a814b632843f475b4061288a716e6226a9a389ce784453602187896c1512,2024-11,Sussex Police,Sussex Police,0.256134,50.778013,On or near Supermarket,E01020940,Eastbourne 006A,Shoplifting,Court result unavailable,
1c0731a174d6fd37e7e1485cc0573cfda41884776c6e323474876f6fc6d23ecf,2024-11,Sussex Police,Sussex Police,0.256134,50.778013,On or near Supermarket,E01020940,Eastbourne 006A,Shoplifting,Court result unavailable,
924d0f02b7a2f21c1ce0af2be627791e5e8ce9ea44363c24169e9b97025c09fb,2024-11,Sussex Police,Sussex Police,0.256134,50.778013,On or near Supermarket,E01020940,Eastbourne 006A,Shoplifting,Court result unavailable,
2343ed1997fcb0e07f464f97084beb40fad33986b043b9009d4b65a2950ba02c,2024-11,Sussex Police,Sussex Police,0.256134,50.778013,On or near Supermarket,E01020940,Eastbourne 006A,Shoplifting,Investigation complete; no suspect identified,
74b2247b27e9d19b8797904dcbd8edbde64e28a5b0773420d04add9d247d2dcf,2024-11,Sussex Police,Sussex Police,0.256134,50.778013,On or near Supermarket,E01020940,Eastbourne 006A,Shoplifting,Investigation complete; no suspect identified,
a10fab7ee47ea36dcff487bd5db652ff4501acf99de15bca25ed04d3f90166a6,2024-11,Sussex Police,Sussex Police,0.256134,50.778013,On or near Supermarket,E01020940,Eastbourne 006A,Shoplifting,Investigation complete; no suspect identified,
a8ffee9dc059b08af5491f21dc047f7aab63b0f57c44bedd6ceeaac590106654,2024-11,Sussex Police,Sussex Police,0.256134,50.778013,On or near Supermarket,E01020940,Eastbourne 006A,Shoplifting,Investigation complete; no suspect identified,
92351e496632aaf5066b649964b3086f83b6ca4817ef534232a9d81d5db3b6e7,2024-11,Sussex Police,Sussex Police,0.256134,50.778013,On or near Supermarket,E01020940,Eastbourne 006A,Shoplifting,Court result unavailable,
7fc687a20f691aba46131bdb390ee00526af0db3a5c625d46194abc530cbc664,2024-11,Sussex Police,Sussex Police,0.256134,50.778013,On or near Supermarket,E01020940,Eastbourne 006A,Shoplifting,Investigation complete; no suspect identified,
54c29f7591e859e429b1827a76df7be0f87aeb38947f7c36d0c4feaf2fc87272,2024-11,Sussex Police,Sussex Police,0.256134,50.778013,On or near Supermarket,E01020940,Eastbourne 006A,Shoplifting,Court result unavailable,
f40b51ec317e3437a036f157085e63e2ef433f2320a188889bdc5c904adeced6,2024-11,Sussex Police,Sussex Police,0.256134,50.778013,On or near Supermarket,E01020940,Eastbourne 006A,Shoplifting,Court result unavailable,
05e20299ccc9ab5fb00c7708c03ce8a1990a899c3d74324327e96216d1a4304d,2024-11,Sussex Police,Sussex Police,0.256134,50.778013,On or near Supermarket,E01020940,Eastbourne 006A,Shoplifting,Investigation complete; no suspect identified,
9314a18fdd56d6fa009953afd7f272b472d11be3398f2be3e652bdceaab44ad7,2024-11,Sussex Police,Sussex Police,0.256134,50.778013,On or near Supermarket,E01020940,Eastbourne 006A,Shoplifting,Investigation complete; no suspect identified,
66f39664aac1749c01d1b0d8b2a7ecf107778aed7fe0560739417926326bda91,2024-11,Sussex Police,Sussex Police,0.256134,50.778013,On or near Supermarket,E01020940,Eastbourne 006A,Shoplifting,Investigation complete; no suspect identified,
bac083a05d00b724818b37d95ccecd1b85a58e54a8dd7450e777ed0001685aab,2024-11,Sussex Police,Sussex Police,0.256134,50.778013,On or near Supermarket,E01020940,Eastbourne 006A,Vehicle crime,Status update unavailable,
9d7f62582ad19a169a4b1af07b5a21067338852dc8a821af318ff32560c67b27,2024-11,Sussex Police,Sussex Police,0.259472,50.783120,On or near Cobbold Avenue,E01020940,Eastbourne 006A,Vehicle crime,Court result unavailable,
5cd6394d3183a5ccf3b5c0809340bdfba5ce5e8e25121a566cae11f8cf8bcd2a,2024-11,Sussex Police,Sussex Police,0.256134,50.778013,On or near Supermarket,E01020940,Eastbourne 006A,Vehicle crime,Investigation complete; no suspect identified,
bc3a87ff3245ee82b8029711826cce5757a779a64be73bbb1940517d71933adf,2024-11,Sussex Police,Sussex Police,0.259345,50.778725,On or near Macmillan Drive,E01020940,Eastbourne 006A,Violence and sexual offences,Status update unavailable,
b90c65ccc33535104691841994c1e6363e87086047304d21c6d49ebee72d1235,2024-11,Sussex Police,Sussex Police,0.259152,50.780015,On or near Eldon Road,E01020940,Eastbourne 006A,Violence and sexual offences,Court result unavailable,
ed8cebcba145b90ddbed09e3ecf65ebf623c6f2b4fba70515ee5906a9e909008,2024-11,Sussex Police,Sussex Police,0.250106,50.780702,On or near Lennox Close,E01020941,Eastbourne 006B,Criminal damage and arson,Unable to prosecute suspect,
0de575b289a61595ec65b138696816c969a7b232e8c6ad84ded19791eaa883f9,2024-11,Sussex Police,Sussex Police,0.253667,50.780112,On or near The Crescent,E01020941,Eastbourne 006B,Possession of weapons,Investigation complete; no suspect identified,
96d2cc4c78ff816409f054cdae6cabf99187a29ba6e3286d8ebbc96d3b0cc7db,2024-11,Sussex Police,Sussex Police,0.252086,50.783830,On or near Downs Avenue,E01020941,Eastbourne 006B,Public order,Local resolution,
3ae12a96ae81dbd542c87a1fb2fe53d11b12eac35f6be00293b56bc5212ad0bc,2024-11,Sussex Police,Sussex Police,0.252086,50.783830,On or near Downs Avenue,E01020941,Eastbourne 006B,Public order,Investigation complete; no suspect identified,
3ffb31bfea8fd5d497ae8fa2c3e759e3b04281216e01ee51994e22d2e54bcfa9,2024-11,Sussex Police,Sussex Police,0.252086,50.783830,On or near Downs Avenue,E01020941,Eastbourne 006B,Vehicle crime,Investigation complete; no suspect identified,
576024b406a2424b6b4a5da9dd925668a56852c3a5b70aed89b7020fd0311f52,2024-11,Sussex Police,Sussex Police,0.247812,50.782257,On or near Hill Road,E01020941,Eastbourne 006B,Violence and sexual offences,Unable to prosecute suspect,
b82950dcc36d856afdbddf325d299490e128a66264be4a12e4cc8dc75dba8bdc,2024-11,Sussex Police,Sussex Police,0.252086,50.783830,On or near Downs Avenue,E01020941,Eastbourne 006B,Violence and sexual offences,Unable to prosecute suspect,
fc087b2f067faa26fc1a483f1b5e7eff29265da8bfce513d1fb8ddb1dd543cdf,2024-11,Sussex Police,Sussex Police,0.252198,50.770795,On or near Cherry Garden Road,E01020942,Eastbourne 006C,Burglary,Status update unavailable,
8e84790cfe4c538a633efd992cf9229538b4e1e77e9be0c4e9977955b30bade4,2024-11,Sussex Police,Sussex Police,0.252976,50.777841,On or near Beechy Avenue,E01020942,Eastbourne 006C,Criminal damage and arson,Unable to prosecute suspect,
09a2ecffd75aaca94a2e71c5193dddbcc50f9639f95af280df52c4e4a4994a26,2024-11,Sussex Police,Sussex Police,0.252198,50.770795,On or near Cherry Garden Road,E01020942,Eastbourne 006C,Violence and sexual offences,Status update unavailable,
18c470b48c3f1d7555570e20b0427fcda93d45562d93e158a5ef79dc3f4da044,2024-11,Sussex Police,Sussex Police,0.252198,50.770795,On or near Cherry Garden Road,E01020942,Eastbourne 006C,Violence and sexual offences,Unable to prosecute suspect,
,2024-11,Sussex Police,Sussex Police,0.255031,50.796670,On or near Upper King'S Drive,E01020946,Eastbourne 006D,Anti-social behaviour,,
ae0330a0c2b8d8d3f64a64d27b0b7395d1184cbf3dc0f49cf11a2807bdcfa9b2,2024-11,Sussex Police,Sussex Police,0.252915,50.796630,On or near Spring Close,E01020946,Eastbourne 006D,Burglary,Investigation complete; no suspect identified,
21f7fc24fb8b4ccb301e99ad3d3eb131fc7a0bafaf8481aabd84911fbe92b7c1,2024-11,Sussex Police,Sussex Police,0.246630,50.793118,On or near Old Mansion Close,E01020946,Eastbourne 006D,Violence and sexual offences,Unable to prosecute suspect,
,2024-11,Sussex Police,Sussex Police,0.253279,50.786793,On or near Rockhurst Drive,E01020947,Eastbourne 006E,Anti-social behaviour,,
,2024-11,Sussex Police,Sussex Police,0.254197,50.784643,On or near Rusper Road,E01020947,Eastbourne 006E,Anti-social behaviour,,
bddf315a9db2bc2a9b21bbb9ca3a0028a1814bf97920f127d8955f989b27d0be,2024-11,Sussex Police,Sussex Police,0.253279,50.786793,On or near Rockhurst Drive,E01020947,Eastbourne 006E,Violence and sexual offences,Investigation complete; no suspect identified,
bb9f6de55c667fe1d2050b6d9c2f402ba9c6e7dafa2f65b8516a5d99688bb27b,2024-11,Sussex Police,Sussex Police,0.254197,50.784643,On or near Rusper Road,E01020947,Eastbourne 006E,Violence and sexual offences,Unable to prosecute suspect,
ea22eef611326778ffab0b62186fc64425b925c4d22b900c51ee5437e3402373,2024-11,Sussex Police,Sussex Police,0.254197,50.784643,On or near Rusper Road,E01020947,Eastbourne 006E,Violence and sexual offences,Unable to prosecute suspect,
,2024-11,Sussex Police,Sussex Police,0.292731,50.774808,On or near Firle Road,E01020914,Eastbourne 007A,Anti-social behaviour,,
,2024-11,Sussex Police,Sussex Police,0.289268,50.776504,On or near Waterworks Road,E01020914,Eastbourne 007A,Anti-social behaviour,,
3d1858177d0e20638e86b2cfe9aa15ca380a565b3e557b58711b689439189416,2024-11,Sussex Police,Sussex Police,0.295410,50.777364,On or near Kerrara Terrace,E01020914,Eastbourne 007A,Criminal damage and arson,Investigation complete; no suspect identified,
fbec2f3b7a8b64e9bfbca1e896cc8a937281ee94384bc6193a8764e7260062d2,2024-11,Sussex Police,Sussex Police,0.292731,50.774808,On or near Firle Road,E01020914,Eastbourne 007A,Criminal damage and arson,Investigation complete; no suspect identified,
1474a502126a67199b759ae5f26c939b4b01b7d83ade00e6d12a6f35369d58a2,2024-11,Sussex Police,Sussex Police,0.293581,50.776815,On or near Clarence Road,E01020914,Eastbourne 007A,Other theft,Investigation complete; no suspect identified,
d4f63fab3a245879f93095894a1efcbbd09c6e424111fb4e648bf9769ded310c,2024-11,Sussex Police,Sussex Police,0.295022,50.776985,On or near Mona Road,E01020914,Eastbourne 007A,Possession of weapons,Investigation complete; no suspect identified,
b1dff11451d073f016c7b37cbb934dc7d789af784c47c6bcab9f88139a663c64,2024-11,Sussex Police,Sussex Police,0.291097,50.775326,On or near Havelock Road,E01020914,Eastbourne 007A,Vehicle crime,Court result unavailable,
330b56b1ff5b7f46dbdae57f5a42065ab97e7910c10c9dc032788218f44cfec3,2024-11,Sussex Police,Sussex Police,0.292207,50.775403,On or near Western Road,E01020914,Eastbourne 007A,Violence and sexual offences,Unable to prosecute suspect,
f88595ddd8d2475d24e92cd890e016a09751f34ce6920acf578a5bb6b402982f,2024-11,Sussex Police,Sussex Police,0.298195,50.776014,On or near Barden Road,E01020914,Eastbourne 007A,Violence and sexual offences,Unable to prosecute suspect,
9d02a9ab9f154aa2e129ec5d4b4d2f7e8c90d976590adb9a1c539349ea10dc27,2024-11,Sussex Police,Sussex Police,0.293536,50.773866,On or near St George'S Road,E01020914,Eastbourne 007A,Violence and sexual offences,Unable to prosecute suspect,
163204f2fd9ed09367623b7d4528de81fdcdd979372e0fc29a19add0a551a29e,2024-11,Sussex Police,Sussex Police,0.291097,50.775326,On or near Havelock Road,E01020914,Eastbourne 007A,Violence and sexual offences,Action to be taken by another organisation,
38070063759786b2aca4bd979849957e4a6e130d97f4ea36ab53ce344939b965,2024-11,Sussex Police,Sussex Police,0.293581,50.776815,On or near Clarence Road,E01020914,Eastbourne 007A,Violence and sexual offences,Local resolution,
ea9c34335c1b8d0cb98f93a6c36b4196a7683c9c1c5f72b3679874abcb7ba83c,2024-11,Sussex Police,Sussex Police,0.294439,50.776672,On or near Kilda Street,E01020914,Eastbourne 007A,Violence and sexual offences,Unable to prosecute suspect,
b5a121861ee75019cbbe1ccd017757c37ddb0f8492bcd9510994768d5e6348f7,2024-11,Sussex Police,Sussex Police,0.292207,50.775403,On or near Western Road,E01020914,Eastbourne 007A,Violence and sexual offences,Unable to prosecute suspect,
ac772304513d8ef23525d8d1758ae136c57845c0d84a51ef9c8af78f1b65ca41,2024-11,Sussex Police,Sussex Police,0.288736,50.775777,On or near Stansted Road,E01020914,Eastbourne 007A,Violence and sexual offences,Investigation complete; no suspect identified,
b90f6fd9d0c15fe1090e9861cfb0dcc786b0825af1ff62d36d8e72617edf890c,2024-11,Sussex Police,Sussex Police,0.288736,50.775777,On or near Stansted Road,E01020914,Eastbourne 007A,Violence and sexual offences,Unable to prosecute suspect,
683f2e3d4ef178d87c7ba63d5d80fa3577222e74aba90aa9bdfdacb050426d33,2024-11,Sussex Police,Sussex Police,0.292207,50.775403,On or near Western Road,E01020914,Eastbourne 007A,Violence and sexual offences,Unable to prosecute suspect,
,2024-11,Sussex Police,Sussex Police,0.299891,50.776772,On or near Carlton Road,E01020915,Eastbourne 007B,Anti-social behaviour,,
7d27d35480dea2871c6565bb030839f9928a2738e9b51ce023dd28dcec5667ee,2024-11,Sussex Police,Sussex Police,0.299412,50.776251,On or near Beamsley Road,E01020915,Eastbourne 007B,Drugs,Offender given a caution,
53d921858d1bb3677b53b120dcd1c27657a024abc520b55f5706756420d018e5,2024-11,Sussex Police,Sussex Police,0.299587,50.778091,On or near Breakers Mews,E01020915,Eastbourne 007B,Violence and sexual offences,Unable to prosecute suspect,
a2d47bf0765c84c1a1d73b99a55922fa8870507c19f9a71ed2fd7cd597c36468,2024-11,Sussex Police,Sussex Police,0.299435,50.774991,On or near Rylstone Road,E01020915,Eastbourne 007B,Other crime,Further investigation is not in the public interest,
,2024-11,Sussex Police,Sussex Police,0.299818,50.780182,On or near Chandlers Mews,E01020952,Eastbourne 007C,Anti-social behaviour,,
,2024-11,Sussex Police,Sussex Police,0.299348,50.779292,On or near Belle Vue Road,E01020952,Eastbourne 007C,Anti-social behaviour,,
4797c7764303a28b2c42c49420167154b410fa904ab5f8408c4194fcaca27c99,2024-11,Sussex Police,Sussex Police,0.300486,50.779926,On or near Seaside,E01020952,Eastbourne 007C,Criminal damage and arson,Investigation complete; no suspect identified,
cbdf8880e5d66f9ca147abe1ea36148d0d3c20c7649ac27abdac1e5e14b9b9b0,2024-11,Sussex Police,Sussex Police,0.300988,50.781054,On or near Supermarket,E01020952,Eastbourne 007C,Shoplifting,Court result unavailable,
199d09055040ccce55a6b63818afc579359987e4e21a99cf6a39431f3de82621,2024-11,Sussex Police,Sussex Police,0.300486,50.779926,On or near Seaside,E01020952,Eastbourne 007C,Shoplifting,Investigation complete; no suspect identified,
abcbf866f1522fd701a7751150f1d2400eb2eae07fdcc7d00cca8d9970a0827a,2024-11,Sussex Police,Sussex Police,0.299818,50.780182,On or near Chandlers Mews,E01020952,Eastbourne 007C,Shoplifting,Unable to prosecute suspect,
ea515bde458b563240e6aec7789e0c184a6760bed32c816e756519e254dc18e3,2024-11,Sussex Police,Sussex Police,0.299818,50.780182,On or near Chandlers Mews,E01020952,Eastbourne 007C,Theft from the person,Investigation complete; no suspect identified,
e66d40f8158b5df42f35cdd5fb2041c5a62675be37a1e6ef2a27f0df72176793,2024-11,Sussex Police,Sussex Police,0.300988,50.781054,On or near Supermarket,E01020952,Eastbourne 007C,Violence and sexual offences,Unable to prosecute suspect,
e74cb24c5cab2c0ba668c7e3e3be7502a5092deabdc021722608e4cbcd6bc836,2024-11,Sussex Police,Sussex Police,0.299661,50.784502,On or near Northbourne Road,E01020952,Eastbourne 007C,Violence and sexual offences,Unable to prosecute suspect,
748e544c78af07d91c1b57e5ed5043c3febaf6e3acf7efa805749616b4d612a2,2024-11,Sussex Police,Sussex Police,0.299818,50.780182,On or near Chandlers Mews,E01020952,Eastbourne 007C,Violence and sexual offences,Unable to prosecute suspect,
76eada912a28ce9f7e81f8176a04f8160007e2abc287fb41500a2a8b3410b2b3,2024-11,Sussex Police,Sussex Police,0.299196,50.781399,On or near Windermere Crescent,E01020952,Eastbourne 007C,Other crime,Status update unavailable,
46da4289ffe3c2028606593dd2ade3210a1f99b016df9c53dfb61134ef9a9190,2024-11,Sussex Police,Sussex Police,0.297649,50.784272,On or near Churchdale Avenue,E01020953,Eastbourne 007D,Burglary,Investigation complete; no suspect identified,
46a6a3a7893e3c3babb72d275b1ec0793a791ed9a31b357e841a1cd75924589f,2024-11,Sussex Police,Sussex Police,0.290149,50.784375,On or near Badlesmere Road,E01020953,Eastbourne 007D,Drugs,Investigation complete; no suspect identified,
9e5e0be9c1b81dfe0e06c2023f86648a6fe4f64d15f32a7e257642f033148afb,2024-11,Sussex Police,Sussex Police,0.291225,50.784048,On or near Bridgemere Road,E01020953,Eastbourne 007D,Other crime,Further action is not in the public interest,
,2024-11,Sussex Police,Sussex Police,0.293958,50.780172,On or near St Philip'S Avenue,E01020954,Eastbourne 007E,Anti-social behaviour,,
,2024-11,Sussex Police,Sussex Police,0.293958,50.780172,On or near St Philip'S Avenue,E01020954,Eastbourne 007E,Anti-social behaviour,,
42e9ae4fb0df8c40def07f49fea8c1a7d15cd4868555a7df1556c7b8bc4f298f,2024-11,Sussex Police,Sussex Police,0.291834,50.779089,On or near Ringwood Road,E01020954,Eastbourne 007E,Other theft,Investigation complete; no suspect identified,
240c657592be84996866c5a42630cfe02165f2ccf24ec469cbc7634bb3f52137,2024-11,Sussex Police,Sussex Police,0.298133,50.778515,On or near Swan Mews,E01020954,Eastbourne 007E,Violence and sexual offences,Unable to prosecute suspect,
795b25ca9bcc2e576005b44ee4a654bfd5c14de2abd6e12d1c1d83ab4f3cead7,2024-11,Sussex Police,Sussex Police,0.291270,50.777121,On or near Whitley Road,E01020954,Eastbourne 007E,Violence and sexual offences,Unable to prosecute suspect,
,2024-11,Sussex Police,Sussex Police,0.268260,50.784128,On or near Rushlake Crescent,E01020948,Eastbourne 008A,Anti-social behaviour,,
06c0255eabe03aaedc633e88e41b2df6994334690611b8c60807f0f21eb51f81,2024-11,Sussex Police,Sussex Police,0.271108,50.786969,On or near Hospital,E01020948,Eastbourne 008A,Drugs,Formal action is not in the public interest,
cdd5bafcfda82bf805eca0c370fe8ed2196139f8ae3e51c418166d25152761a1,2024-11,Sussex Police,Sussex Police,0.268250,50.786548,On or near Parking Area,E01020948,Eastbourne 008A,Drugs,Court result unavailable,
a36f0244874a252a5094379db9d7f6b2fec1d77cac6e927fa4a2312c48e837e8,2024-11,Sussex Police,Sussex Police,0.270611,50.780826,On or near Fennell'S Close,E01020948,Eastbourne 008A,Drugs,Unable to prosecute suspect,
1ef2a8f0f3ca446f8d172688d040228af321fd7d2ec09b014f91b3ec14be44ae,2024-11,Sussex Police,Sussex Police,0.271108,50.786969,On or near Hospital,E01020948,Eastbourne 008A,Other theft,Unable to prosecute suspect,
0ae8129abb37a29502aa693c0b0c5723c3f0c723e94384894bb87b76f79ced06,2024-11,Sussex Police,Sussex Police,0.271108,50.786969,On or near Hospital,E01020948,Eastbourne 008A,Other theft,Status update unavailable,
d40f6d937db1cce3805b39312e3865cdff4a68915bf87bf16a62628a63f165d6,2024-11,Sussex Police,Sussex Police,0.271108,50.786969,On or near Hospital,E01020948,Eastbourne 008A,Possession of weapons,Court result unavailable,
d05ac26e635dc341526287f493028bf275f8f7ba6fe0ec9ac1963188eab833fb,2024-11,Sussex Police,Sussex Police,0.271108,50.786969,On or near Hospital,E01020948,Eastbourne 008A,Public order,Court result unavailable,
c7ebce3fc48ce8d96b2bb75d83565ff1a024d8d53408cba1b808918c23c85dee,2024-11,Sussex Police,Sussex Police,0.271108,50.786969,On or near Hospital,E01020948,Eastbourne 008A,Public order,Investigation complete; no suspect identified,
acc918167a1786c83329f508510b8d6bf6351d92f1ea9d4d00b8f595743df96a,2024-11,Sussex Police,Sussex Police,0.271108,50.786969,On or near Hospital,E01020948,Eastbourne 008A,Public order,Unable to prosecute suspect,
a6b7be60d3387c6a1bf5e2b5f9e4ff62fc7278b4ebc5bc2b7ce51b52974fec07,2024-11,Sussex Police,Sussex Police,0.267206,50.784032,On or near Supermarket,E01020948,Eastbourne 008A,Shoplifting,Unable to prosecute suspect,
e04fd6750912cab8698baa2de19c80815ad5beb50a8b69e6ee25e1c73a00a197,2024-11,Sussex Police,Sussex Police,0.267206,50.784032,On or near Supermarket,E01020948,Eastbourne 008A,Shoplifting,Court result unavailable,
46629e3ee6c3961996576e2046ac6a4eaf5246af178b9eb06a9d9bdec03cfe45,2024-11,Sussex Police,Sussex Police,0.267206,50.784032,On or near Supermarket,E01020948,Eastbourne 008A,Shoplifting,Unable to prosecute suspect,
b14223ea0f034aca481a301bd0d1c93484eabe817e19ab9fe715d017cdc77eee,2024-11,Sussex Police,Sussex Police,0.267206,50.784032,On or near Supermarket,E01020948,Eastbourne 008A,Shoplifting,Status update unavailable,
c20dddb740b6e740eb2c83d8cfb24f6795b379d9ade851be68aa4b89850ce0c0,2024-11,Sussex Police,Sussex Police,0.271108,50.786969,On or near Hospital,E01020948,Eastbourne 008A,Shoplifting,Unable to prosecute suspect,
5ee1b070bc997547123f4b33ead5b1f0999961a74bfc40e5961b4dd45b273f1d,2024-11,Sussex Police,Sussex Police,0.267206,50.784032,On or near Supermarket,E01020948,Eastbourne 008A,Shoplifting,Investigation complete; no suspect identified,
f9c991a7f9941ef33393a2dc751d220cbe545c3b302c4abc84b4696d87d35d9a,2024-11,Sussex Police,Sussex Police,0.272124,50.788909,On or near Further/Higher Educational Building,E01020948,Eastbourne 008A,Vehicle crime,Investigation complete; no suspect identified,
b9aa486c7b0db9dcdef666bce910d2fc8944fe6c28e07bafe42874c9121899e0,2024-11,Sussex Police,Sussex Police,0.264673,50.785061,On or near Selsfield Close,E01020948,Eastbourne 008A,Vehicle crime,Investigation complete; no suspect identified,
c08c667347928d36f6c1d314da561916be1bba5f735865e55cf833335bbc4dd5,2024-11,Sussex Police,Sussex Police,0.271108,50.786969,On or near Hospital,E01020948,Eastbourne 008A,Violence and sexual offences,Status update unavailable,
c639917fc74479d46d6eb92894c0d8faec566c54abbd76f484c88724be43bf53,2024-11,Sussex Police,Sussex Police,0.271108,50.786969,On or near Hospital,E01020948,Eastbourne 008A,Violence and sexual offences,Unable to prosecute suspect,
ecc71bc9dd00998aa934463f021dabc77324263d3a8e97c515e1662c78e935d6,2024-11,Sussex Police,Sussex Police,0.271108,50.786969,On or near Hospital,E01020948,Eastbourne 008A,Violence and sexual offences,Unable to prosecute suspect,
0bdfe6560be6e4e41254c1bff8eb8e5136072af8e0db321554a22c9433b8857c,2024-11,Sussex Police,Sussex Police,0.271108,50.786969,On or near Hospital,E01020948,Eastbourne 008A,Violence and sexual offences,Unable to prosecute suspect,
e7a6ea5f684de7269607a80907633eab0add1510e135bc647204c9e487fc7417,2024-11,Sussex Police,Sussex Police,0.271108,50.786969,On or near Hospital,E01020948,Eastbourne 008A,Violence and sexual offences,Court result unavailable,
3188edffed272314d1222d638a4443e835645255344d857aa1eae914f27e2d70,2024-11,Sussex Police,Sussex Police,0.271108,50.786969,On or near Hospital,E01020948,Eastbourne 008A,Violence and sexual offences,Court result unavailable,
387cac8c439780c1865c6bd5592d50335d80903b17896dbba0da5221752c315e,2024-11,Sussex Police,Sussex Police,0.271108,50.786969,On or near Hospital,E01020948,Eastbourne 008A,Violence and sexual offences,Unable to prosecute suspect,
2e123d88e7d6f340c0e23a7b076c00a618614bc7a5212f82d89f322d377e431e,2024-11,Sussex Police,Sussex Police,0.271108,50.786969,On or near Hospital,E01020948,Eastbourne 008A,Violence and sexual offences,Unable to prosecute suspect,
2f7d4541c43c22776ae7888b07f3aecc7afaf1b00e2c51ba93356ed7bf68280e,2024-11,Sussex Police,Sussex Police,0.265959,50.782320,On or near Rodmill Drive,E01020948,Eastbourne 008A,Violence and sexual offences,Unable to prosecute suspect,
,2024-11,Sussex Police,Sussex Police,0.271040,50.779433,On or near King'S Avenue,E01020963,Eastbourne 008B,Anti-social behaviour,,
277b3da7a8629c460a25fae057c7475991330010723f2a14a5f9715ba52c1ab7,2024-11,Sussex Police,Sussex Police,0.271426,50.782133,On or near Weavers Close,E01020963,Eastbourne 008B,Vehicle crime,Investigation complete; no suspect identified,
e7c021352d5a851a90526db3b0f7daabd995bdde64eec906c2e8d1e7153efac0,2024-11,Sussex Police,Sussex Police,0.273396,50.777984,On or near Ashburnham Road,E01020963,Eastbourne 008B,Vehicle crime,Court result unavailable,
085204eb520afaef58638cb6b294b13ac05e50089f97cf22339e078aba75284a,2024-11,Sussex Police,Sussex Police,0.268132,50.777970,On or near Mill Road,E01020963,Eastbourne 008B,Vehicle crime,Investigation complete; no suspect identified,
,2024-11,Sussex Police,Sussex Police,0.281229,50.773082,On or near Eversfield Road,E01020965,Eastbourne 008C,Anti-social behaviour,,
0919a0280e5bb5941053528b1d2d8411eea1f398027abcf5a404162c9f18e779,2024-11,Sussex Police,Sussex Police,0.279300,50.772796,On or near Hartfield Road,E01020965,Eastbourne 008C,Public order,Unable to prosecute suspect,
216dfe2e3296c42559830bbae8d0afcc3090bdd74f5d6e71c942af9c737891ee,2024-11,Sussex Police,Sussex Police,0.279300,50.772796,On or near Hartfield Road,E01020965,Eastbourne 008C,Public order,Court result unavailable,
d74598108c445ef2c828cde9efa9f6a7a80d8d27dbc7d51604a78de31d08265d,2024-11,Sussex Police,Sussex Police,0.281229,50.773082,On or near Eversfield Road,E01020965,Eastbourne 008C,Shoplifting,Unable to prosecute suspect,
6d2afbc8ca35f582def09dc28e709fca38bca73f2b0f4127a81227f088ec432e,2024-11,Sussex Police,Sussex Police,0.278963,50.776076,On or near Carew Road,E01020965,Eastbourne 008C,Vehicle crime,Investigation complete; no suspect identified,
da3ad5b38c1f7b0c048c859e857e3f7a1c22807d23994f56c2d2505219bc196d,2024-11,Sussex Police,Sussex Police,0.280262,50.774504,On or near Bedford Grove,E01020965,Eastbourne 008C,Violence and sexual offences,Unable to prosecute suspect,
685e3721bf6459fbe3d2f1784831bbdcda70cd8170bcb3d04a87681d25aa6e2b,2024-11,Sussex Police,Sussex Police,0.278210,50.771972,On or near Upperton Gardens,E01020965,Eastbourne 008C,Violence and sexual offences,Unable to prosecute suspect,
75eb9f3f4751a16880f32d6a9eea26b48c7ecd6f9142eaa5843446965a538264,2024-11,Sussex Police,Sussex Police,0.278963,50.776076,On or near Carew Road,E01020965,Eastbourne 008C,Other crime,Investigation complete; no suspect identified,
bb8dca2cad6ffe1f582ebf69137e3cf9bd6c0147be8668c348d5ff001fbc8202,2024-11,Sussex Police,Sussex Police,0.282952,50.777015,On or near Gorringe Road,E01020966,Eastbourne 008D,Other theft,Investigation complete; no suspect identified,
7193cf9cd666268735a415e08537b52b300b28c7178c336720ae1b2e4de221ee,2024-11,Sussex Police,Sussex Police,0.281448,50.776720,On or near Lewes Road,E01020966,Eastbourne 008D,Other theft,Status update unavailable,
b3dc37bb48fb81a0b6383c0d97073b2c4e8cbcbb379237fb7de0f3cafe1fdeae,2024-11,Sussex Police,Sussex Police,0.281448,50.776720,On or near Lewes Road,E01020966,Eastbourne 008D,Violence and sexual offences,Unable to prosecute suspect,
7ec328eef7fe9d8d70fe9cc5d20bb5cc3dfe49ab6cc148460d6c531ded8e7b64,2024-11,Sussex Police,Sussex Police,0.285407,50.775860,On or near Mayfield Place,E01020966,Eastbourne 008D,Violence and sexual offences,Unable to prosecute suspect,
1b6fd84d28d64cf8de2d6d4be028ee7b75c655567c0974caf68a38eae3e7c6e5,2024-11,Sussex Police,Sussex Police,0.285407,50.775860,On or near Mayfield Place,E01020966,Eastbourne 008D,Violence and sexual offences,Unable to prosecute suspect,
fca80050d58b6de8174e674db488cb573c12f57ce7442726e884ca6f3f93b057,2024-11,Sussex Police,Sussex Police,0.285203,50.773724,On or near Upper Avenue,E01020966,Eastbourne 008D,Violence and sexual offences,Status update unavailable,
c885e25346c469170c1365e4f2a12c7f5d9042a15cc1882c63a2fa10851dd58e,2024-11,Sussex Police,Sussex Police,0.281350,50.775571,On or near The Conifers,E01020966,Eastbourne 008D,Violence and sexual offences,Unable to prosecute suspect,
0d8d261412596b9e0c4e3170eab799649f889c3dc03e6562dc389b88c5d9b9c0,2024-11,Sussex Police,Sussex Police,0.281350,50.775571,On or near The Conifers,E01020966,Eastbourne 008D,Violence and sexual offences,Unable to prosecute suspect,
6ca4f1df7f3ee80113d418505fb9c86e99cafe51de54b01e4cb941bfdcd1d3e5,2024-11,Sussex Police,Sussex Police,0.285203,50.773724,On or near Upper Avenue,E01020966,Eastbourne 008D,Violence and sexual offences,Unable to prosecute suspect,
05ffe0a7ce4da3af005fc8edc54d310441ddfae9d4c106bd5b7f17bc3c60360f,2024-11,Sussex Police,Sussex Police,0.285203,50.773724,On or near Upper Avenue,E01020966,Eastbourne 008D,Other crime,Awaiting court outcome,
,2024-11,Sussex Police,Sussex Police,0.253121,50.779385,On or near Maxfield Close,E01020938,Eastbourne 009A,Anti-social behaviour,,
117cf3435a91d970ebc8238d0aa6a50b0dc7c65089048de0c12855631ddef522,2024-11,Sussex Police,Sussex Police,0.254693,50.776971,On or near Victoria Gardens,E01020938,Eastbourne 009A,Other theft,Unable to prosecute suspect,
5b873ec4ad61ff4c5381db8f7d90ad6477187cc4936ce25f958513091927f724,2024-11,Sussex Police,Sussex Police,0.252298,50.779967,On or near Central Avenue,E01020938,Eastbourne 009A,Public order,Unable to prosecute suspect,
022007d6aa6ad8d11e7568d355d1f6853d7636ad62496077acda7b6c95e1b909,2024-11,Sussex Police,Sussex Police,0.254094,50.777783,On or near Victoria Road,E01020938,Eastbourne 009A,Vehicle crime,Investigation complete; no suspect identified,
49055aa5adccf05233b355fbd16db47d8393f7ff244e6b51cb58765c82514259,2024-11,Sussex Police,Sussex Police,0.253121,50.779385,On or near Maxfield Close,E01020938,Eastbourne 009A,Violence and sexual offences,Further investigation is not in the public interest,
060088961b882b2df589e7c33f98a83684f2e8ec9b6085bf2b169f6cd16b7c3d,2024-11,Sussex Police,Sussex Police,0.253121,50.779385,On or near Maxfield Close,E01020938,Eastbourne 009A,Violence and sexual offences,Unable to prosecute suspect,
144e8010aa4ac8155c3daa3cc8cb06186379b4fbd0b8c4226c810c0478437c22,2024-11,Sussex Police,Sussex Police,0.257823,50.777459,On or near Chamberlain Road,E01020939,Eastbourne 009B,Burglary,Status update unavailable,
32e20509d643c46754775d5f847752628af85f22c93e0b2a921095f9f4c54cb4,2024-11,Sussex Police,Sussex Police,0.261963,50.772414,On or near Bradford Street,E01020943,Eastbourne 009C,Criminal damage and arson,Investigation complete; no suspect identified,
ac14d01ece1be0b0b98ffaca29f8afed13013369665e46e0ff051f77e7683e21,2024-11,Sussex Police,Sussex Police,0.258262,50.773601,On or near Dacre Road,E01020943,Eastbourne 009C,Vehicle crime,Investigation complete; no suspect identified,
3574334e57df912569755adeaf004af525104897f03555498006bc93f6161411,2024-11,Sussex Police,Sussex Police,0.264931,50.773076,On or near Bay Pond Road,E01020943,Eastbourne 009C,Violence and sexual offences,Unable to prosecute suspect,
,2024-11,Sussex Police,Sussex Police,0.267139,50.772970,On or near Baker'S Road,E01020964,Eastbourne 009D,Anti-social behaviour,,
,2024-11,Sussex Police,Sussex Police,0.267139,50.772970,On or near Baker'S Road,E01020964,Eastbourne 009D,Anti-social behaviour,,
,2024-11,Sussex Police,Sussex Police,0.267139,50.772970,On or near Baker'S Road,E01020964,Eastbourne 009D,Anti-social behaviour,,
983fb8155c78e0549fe075cb9a31d18b7e885c635e00edb469a58a61415afbe0,2024-11,Sussex Police,Sussex Police,0.270748,50.768421,On or near Compton Place Road,E01020964,Eastbourne 009D,Criminal damage and arson,Investigation complete; no suspect identified,
4a978cb5d72bfa01a553bd815fe865ef1109ad0053aa8e2e714d3b8170b8302d,2024-11,Sussex Police,Sussex Police,0.267139,50.772970,On or near Baker'S Road,E01020964,Eastbourne 009D,Other theft,Investigation complete; no suspect identified,
52ec59307c32f5d9144f140dcd677188788d21436d0a5fafdc7f926cace4fff9,2024-11,Sussex Police,Sussex Police,0.270748,50.768421,On or near Compton Place Road,E01020964,Eastbourne 009D,Other theft,Investigation complete; no suspect identified,
b85b98388b9be7a9aafc7aa0841b93e3f4d37b33510125444632f537dda00cd6,2024-11,Sussex Police,Sussex Police,0.270748,50.768421,On or near Compton Place Road,E01020964,Eastbourne 009D,Public order,Investigation complete; no suspect identified,
e657dc673cd0516ce64da1ed625aa3ae2f5ad50e37233d34f78c5dc5f8d73c15,2024-11,Sussex Police,Sussex Police,0.267139,50.772970,On or near Baker'S Road,E01020964,Eastbourne 009D,Shoplifting,Court result unavailable,
9630a81c38d4a9b80b5f91d68f11c5ee09e6070501d62ccf8062bbd01f17872c,2024-11,Sussex Police,Sussex Police,0.267139,50.772970,On or near Baker'S Road,E01020964,Eastbourne 009D,Shoplifting,Court result unavailable,
524410095aca65056ec7f1d6e3dbc0c707d39fa286b386f7e80f72e26ea34b6d,2024-11,Sussex Police,Sussex Police,0.267139,50.772970,On or near Baker'S Road,E01020964,Eastbourne 009D,Shoplifting,Investigation complete; no suspect identified,
f20db9a01826c0f94eabb90bf2979fa0de51139e5e8026981b5aa73976beef00,2024-11,Sussex Police,Sussex Police,0.267139,50.772970,On or near Baker'S Road,E01020964,Eastbourne 009D,Shoplifting,Investigation complete; no suspect identified,
9947747b064ecf81c073c98935947201a88510b830059d22f22144a129f18a5b,2024-11,Sussex Police,Sussex Police,0.267139,50.772970,On or near Baker'S Road,E01020964,Eastbourne 009D,Shoplifting,Awaiting court outcome,
76eca2b5d523a815ecfb8aac8cdd6d0e99b01f5610fe42e8fe4df9d715d3b894,2024-11,Sussex Police,Sussex Police,0.267139,50.772970,On or near Baker'S Road,E01020964,Eastbourne 009D,Shoplifting,Investigation complete; no suspect identified,
7d4cd0a405ccfaf73b3952d1ff3926be81eca2330031db0395d9fb9e1cac0547,2024-11,Sussex Police,Sussex Police,0.267139,50.772970,On or near Baker'S Road,E01020964,Eastbourne 009D,Shoplifting,Court result unavailable,
2663691ae33fe396dbf34c774c723063840efc605d7e614c96949b77044411f3,2024-11,Sussex Police,Sussex Police,0.267139,50.772970,On or near Baker'S Road,E01020964,Eastbourne 009D,Shoplifting,Investigation complete; no suspect identified,
519473fa3b5f58c3b967c869a34c9403ed48a879033a62b074e40ebd0af37b07,2024-11,Sussex Police,Sussex Police,0.264779,50.771991,On or near Brightland Road,E01020964,Eastbourne 009D,Vehicle crime,Investigation complete; no suspect identified,
505518ff0fd0f95da7052460d38726da76b4db0845bd3fe68539df5492444c06,2024-11,Sussex Police,Sussex Police,0.269773,50.775239,On or near Watts Lane,E01020964,Eastbourne 009D,Vehicle crime,Investigation complete; no suspect identified,
32ad305af351a2e50a6e2d457f63c1b5cbd2fdd7148841a27b730f285de8bf7c,2024-11,Sussex Police,Sussex Police,0.269355,50.773053,On or near Moat Croft Road,E01020964,Eastbourne 009D,Vehicle crime,Investigation complete; no suspect identified,
ea3863f36b196858ff007c36b226a86287fc52c54c9ae6f64613c23b9eecc469,2024-11,Sussex Police,Sussex Police,0.267673,50.769938,On or near Beechwood Crescent,E01020964,Eastbourne 009D,Violence and sexual offences,Unable to prosecute suspect,
cfdb3836e75156beb12e016cdf507867f7910e638d8ee4242b797f067762009b,2024-11,Sussex Police,Sussex Police,0.267673,50.769938,On or near Beechwood Crescent,E01020964,Eastbourne 009D,Violence and sexual offences,Further action is not in the public interest,
c960220531a56193cbb9ab47b10427d17d4dea24718c3466e9242fb57a09ce64,2024-11,Sussex Police,Sussex Police,0.265986,50.772012,On or near St Mary'S Cottages,E01020964,Eastbourne 009D,Violence and sexual offences,Unable to prosecute suspect,
ee75f10c67963e0e93a01e780fb9bc6da70e06a606c08286b383452a038d2ae1,2024-11,Sussex Police,Sussex Police,0.267139,50.772970,On or near Baker'S Road,E01020964,Eastbourne 009D,Violence and sexual offences,Offender given a caution,
92a14e745ac89533202353c4ea3358ea30e61b273149c8194b431a22aeda0d59,2024-11,Sussex Police,Sussex Police,0.265986,50.772012,On or near St Mary'S Cottages,E01020964,Eastbourne 009D,Violence and sexual offences,Unable to prosecute suspect,
21ef3079e72d7cdc070609e7ccd9dcb525dd83ca224cbf942612625d1a006cd3,2024-11,Sussex Police,Sussex Police,0.265986,50.772012,On or near St Mary'S Cottages,E01020964,Eastbourne 009D,Violence and sexual offences,Unable to prosecute suspect,
03bb5aa792281bec3d6308b071eb2a3462125375a98c8ffa192fb14f9b7f269b,2024-11,Sussex Police,Sussex Police,0.265986,50.772012,On or near St Mary'S Cottages,E01020964,Eastbourne 009D,Violence and sexual offences,Court result unavailable,
62ce45b18f8ede84ab0904675660bef3bf6dea5a8c363def7a4b12f1b6c0fdd5,2024-11,Sussex Police,Sussex Police,0.271739,50.775111,On or near Saxon Ground,E01020967,Eastbourne 009E,Criminal damage and arson,Investigation complete; no suspect identified,
4a35885fd0cc9c710a204bdbd1a3d0ea9a9ebe8043b332880b9e2cdbe86082a9,2024-11,Sussex Police,Sussex Police,0.271978,50.776249,On or near The Quadrant,E01020967,Eastbourne 009E,Public order,Unable to prosecute suspect,
ecb62cdf1f8f2c14d1481d9cf89a121cf709d349b26f8cb8c0dcca7c94931e3f,2024-11,Sussex Police,Sussex Police,0.272036,50.771877,On or near The Goffs,E01020967,Eastbourne 009E,Violence and sexual offences,Investigation complete; no suspect identified,
ea5cab1b1438d114392df89bffd48239a7ff014eaff71505dbac0054f4acbff3,2024-11,Sussex Police,Sussex Police,0.271978,50.776249,On or near The Quadrant,E01020967,Eastbourne 009E,Violence and sexual offences,Unable to prosecute suspect,
,2024-11,Sussex Police,Sussex Police,0.296134,50.771881,On or near St Aubyn'S Road,E01020910,Eastbourne 010A,Anti-social behaviour,,
,2024-11,Sussex Police,Sussex Police,0.298557,50.773848,On or near Halton Road,E01020910,Eastbourne 010A,Anti-social behaviour,,
,2024-11,Sussex Police,Sussex Police,0.298557,50.773848,On or near Halton Road,E01020910,Eastbourne 010A,Anti-social behaviour,,
,2024-11,Sussex Police,Sussex Police,0.298557,50.773848,On or near Halton Road,E01020910,Eastbourne 010A,Anti-social behaviour,,
,2024-11,Sussex Police,Sussex Police,0.295129,50.771640,On or near Burfield Road,E01020910,Eastbourne 010A,Anti-social behaviour,,
af2b850c5e2f8c2bcd7d416163eb632341784162d2c1794bf6f0a7c516515287,2024-11,Sussex Police,Sussex Police,0.295108,50.771209,On or near Leaf Hall Road,E01020910,Eastbourne 010A,Bicycle theft,Investigation complete; no suspect identified,
802727f4912fb811b7e836a36c09da39a0eb1be1e85ff3e68b6e40548c4f0251,2024-11,Sussex Police,Sussex Police,0.296313,50.774675,On or near Hanover Road,E01020910,Eastbourne 010A,Criminal damage and arson,Investigation complete; no suspect identified,
68d965673b49fbde66864ff58c8e9da5a073da09ae1b7254adebbe468f717a31,2024-11,Sussex Police,Sussex Police,0.297344,50.772541,On or near Bayham Road,E01020910,Eastbourne 010A,Criminal damage and arson,Unable to prosecute suspect,
66aadf96918c78af99c750d1ac1094d369d8c21c094a3a2f34d71960ddf9aa2f,2024-11,Sussex Police,Sussex Police,0.296313,50.774675,On or near Hanover Road,E01020910,Eastbourne 010A,Criminal damage and arson,Investigation complete; no suspect identified,
26e37786cda224318c5892df6e7afe00d7c2825d4230d7708ee7a1769a7fd8d4,2024-11,Sussex Police,Sussex Police,0.295108,50.771209,On or near Leaf Hall Road,E01020910,Eastbourne 010A,Criminal damage and arson,Unable to prosecute suspect,
fd49ab94624e3de63e6ad116f09c4f000c362b94f4fd35c86483cf5bc1d2741f,2024-11,Sussex Police,Sussex Police,0.293979,50.772184,On or near Willowfield Square,E01020910,Eastbourne 010A,Criminal damage and arson,Investigation complete; no suspect identified,
76497d04e647b3e70060d1abb4682fb79a4fb9626f51c13ea4ec66fea1dcf06c,2024-11,Sussex Police,Sussex Police,0.295285,50.774821,On or near Springfield Road,E01020910,Eastbourne 010A,Criminal damage and arson,Investigation complete; no suspect identified,
5f5d0f71e1cdca0922b7911e6da1cc63d3be1aee49c7ba1d252eb4fa6a6ee8c9,2024-11,Sussex Police,Sussex Police,0.301570,50.775713,On or near Parking Area,E01020910,Eastbourne 010A,Other theft,Investigation complete; no suspect identified,
08def5ba658ccda2771a538593a9e90cc84205b2398871b504411a3fe719b590,2024-11,Sussex Police,Sussex Police,0.293979,50.772184,On or near Willowfield Square,E01020910,Eastbourne 010A,Public order,Unable to prosecute suspect,
3a260a802a8f3e1d655064811fceef34468c8a9a3f94d3e60cd70ae7666c58bb,2024-11,Sussex Police,Sussex Police,0.296313,50.774675,On or near Hanover Road,E01020910,Eastbourne 010A,Public order,Unable to prosecute suspect,
d50174cdd1a7b948f600b4d846f94c6833926023670cb2401f0b078a36b54e0c,2024-11,Sussex Police,Sussex Police,0.297344,50.772541,On or near Bayham Road,E01020910,Eastbourne 010A,Violence and sexual offences,Unable to prosecute suspect,
d7fa60143fb2e79e862353d24280fbffd75dff7df078b6c37a526dcea255b24b,2024-11,Sussex Police,Sussex Police,0.297344,50.772541,On or near Bayham Road,E01020910,Eastbourne 010A,Violence and sexual offences,Unable to prosecute suspect,
84f6d2dfa833344982fa1c2eb88223db033c1df8c822dd286dcf5da927540f9a,2024-11,Sussex Police,Sussex Police,0.295313,50.775396,On or near Leslie Street,E01020910,Eastbourne 010A,Violence and sexual offences,Action to be taken by another organisation,
e87f9d42fd546befa3628fd3771d484040b33e53b7e69c6531586b9c85920d4a,2024-11,Sussex Police,Sussex Police,0.295108,50.771209,On or near Leaf Hall Road,E01020910,Eastbourne 010A,Violence and sexual offences,Unable to prosecute suspect,
9781dd199e82002184cb90efcd479924eef96fb36c46c1916f481f2779de8dfa,2024-11,Sussex Police,Sussex Police,0.297344,50.772541,On or near Bayham Road,E01020910,Eastbourne 010A,Violence and sexual offences,Unable to prosecute suspect,
42e9dc99fa528f82593cb3c9a992ac1b23c2868dd6f0d5ebddc94abe2da86d0d,2024-11,Sussex Police,Sussex Police,0.295129,50.771640,On or near Burfield Road,E01020910,Eastbourne 010A,Violence and sexual offences,Unable to prosecute suspect,
97a38a9ae088ed68a4627c8224a79e35481fff0901508aed88ba24655c3db62d,2024-11,Sussex Police,Sussex Police,0.296784,50.773856,On or near St James Road,E01020910,Eastbourne 010A,Violence and sexual offences,Investigation complete; no suspect identified,
24dd8294d188764def5633b0e56611588313379827aa97ca91d1e83c375ffd27,2024-11,Sussex Police,Sussex Police,0.297344,50.772541,On or near Bayham Road,E01020910,Eastbourne 010A,Violence and sexual offences,Status update unavailable,
5ec248d81fbcba772abacef3c8bfe0b3f740643e5dea39634474b1ba5885172e,2024-11,Sussex Police,Sussex Police,0.295129,50.771640,On or near Burfield Road,E01020910,Eastbourne 010A,Violence and sexual offences,Unable to prosecute suspect,
8fc3045ed96e2abb0be014debca3362ebf017af71b36a80d274316d8d16a3cd9,2024-11,Sussex Police,Sussex Police,0.295108,50.771209,On or near Leaf Hall Road,E01020910,Eastbourne 010A,Violence and sexual offences,Unable to prosecute suspect,
02b194d27bfb551c0b51b841c801385ba4a476b838c02922cfe3a424cf39fcba,2024-11,Sussex Police,Sussex Police,0.297477,50.773240,On or near Cambridge Road,E01020910,Eastbourne 010A,Violence and sexual offences,Investigation complete; no suspect identified,
4a31b05c37764cf0242815110e6fa8c9f549b7f949eb1e96088deaa827504f40,2024-11,Sussex Police,Sussex Police,0.293979,50.772184,On or near Willowfield Square,E01020910,Eastbourne 010A,Violence and sexual offences,Unable to prosecute suspect,
a9e2d9edbb5bb635676fd2d427cd030676c0c14e15a05b9c9c276eae1e4a34fe,2024-11,Sussex Police,Sussex Police,0.295313,50.775396,On or near Leslie Street,E01020910,Eastbourne 010A,Violence and sexual offences,Action to be taken by another organisation,
fef2fbed4b26ab1a5b72bed64dc339ae42e0f6f57684f8396f849b70ac9161d8,2024-11,Sussex Police,Sussex Police,0.293979,50.772184,On or near Willowfield Square,E01020910,Eastbourne 010A,Violence and sexual offences,Unable to prosecute suspect,
386f05483395e48645b2b0dc4b5c573c4fdaf826008679d822aa8f013d9b624e,2024-11,Sussex Police,Sussex Police,0.295108,50.771209,On or near Leaf Hall Road,E01020910,Eastbourne 010A,Violence and sexual offences,Status update unavailable,
ed4d933a6d160a46fef7b4c6f5c73a5a193fb91dd88b890bbf1672856f47759a,2024-11,Sussex Police,Sussex Police,0.295129,50.771640,On or near Burfield Road,E01020910,Eastbourne 010A,Violence and sexual offences,Unable to prosecute suspect,
30f59b4a817cfa592f7f023fcc56bb9affccbb41098641a6ba79617faffc6290,2024-11,Sussex Police,Sussex Police,0.296313,50.774675,On or near Hanover Road,E01020910,Eastbourne 010A,Violence and sexual offences,Unable to prosecute suspect,
b50542a7fa2779f0114d0f789a6991f5be9813e06f39db75f7b9bf0579dacacd,2024-11,Sussex Police,Sussex Police,0.296313,50.774675,On or near Hanover Road,E01020910,Eastbourne 010A,Violence and sexual offences,Unable to prosecute suspect,
,2024-11,Sussex Police,Sussex Police,0.288880,50.770018,On or near Harris Court,E01020911,Eastbourne 010B,Anti-social behaviour,,
,2024-11,Sussex Police,Sussex Police,0.284813,50.769801,On or near Parking Area,E01020911,Eastbourne 010B,Anti-social behaviour,,
,2024-11,Sussex Police,Sussex Police,0.291668,50.768722,On or near Bus/Coach Station,E01020911,Eastbourne 010B,Anti-social behaviour,,
,2024-11,Sussex Police,Sussex Police,0.286707,50.769071,On or near Shopping Area,E01020911,Eastbourne 010B,Anti-social behaviour,,
,2024-11,Sussex Police,Sussex Police,0.290561,50.770165,On or near Langney Road,E01020911,Eastbourne 010B,Anti-social behaviour,,
,2024-11,Sussex Police,Sussex Police,0.288880,50.770018,On or near Harris Court,E01020911,Eastbourne 010B,Anti-social behaviour,,
,2024-11,Sussex Police,Sussex Police,0.288253,50.768789,On or near Nightclub,E01020911,Eastbourne 010B,Anti-social behaviour,,
,2024-11,Sussex Police,Sussex Police,0.290911,50.767451,On or near Elms Avenue,E01020911,Eastbourne 010B,Anti-social behaviour,,
,2024-11,Sussex Police,Sussex Police,0.288774,50.767844,On or near Shopping Area,E01020911,Eastbourne 010B,Anti-social behaviour,,
,2024-11,Sussex Police,Sussex Police,0.290037,50.767270,On or near Elms Road,E01020911,Eastbourne 010B,Anti-social behaviour,,
d3e25437670ebea212502ac66a54d563900b31c65cadf4fabe281dd994af60f2,2024-11,Sussex Police,Sussex Police,0.289133,50.768214,On or near North Street,E01020911,Eastbourne 010B,Burglary,Investigation complete; no suspect identified,
6b325d4a206e4a60839afed1b2cb586aebb04db464c162acbee2968b5153839a,2024-11,Sussex Police,Sussex Police,0.290963,50.766784,On or near Burlington Road,E01020911,Eastbourne 010B,Burglary,Investigation complete; no suspect identified,
600844feb3fbb8885151299f25b128727261f38ac787ae398101eee14f096953,2024-11,Sussex Police,Sussex Police,0.284813,50.769801,On or near Parking Area,E01020911,Eastbourne 010B,Burglary,Offender given a caution,
2e10ea2a649ce15473ddf301405bad76b19fa123a494521e01ed2a6f05dda5b8,2024-11,Sussex Police,Sussex Police,0.291049,50.769697,On or near Pevensey Road,E01020911,Eastbourne 010B,Criminal damage and arson,Unable to prosecute suspect,
7c792069a33d415e4c9e700115b4c1b8cad9bc66fddcfbc5fd3b79460e87ed29,2024-11,Sussex Police,Sussex Police,0.287922,50.769857,On or near Susan'S Road,E01020911,Eastbourne 010B,Criminal damage and arson,Investigation complete; no suspect identified,
5dce342a2e61c2b8787fba2c0a8652ba7388eb808956e5b4e671188161fef53a,2024-11,Sussex Police,Sussex Police,0.289133,50.768214,On or near North Street,E01020911,Eastbourne 010B,Criminal damage and arson,Investigation complete; no suspect identified,
9db41263fba95838332bf8ca9d21877673f9283027ffeb01bd7960e6a65d2f95,2024-11,Sussex Police,Sussex Police,0.290963,50.766784,On or near Burlington Road,E01020911,Eastbourne 010B,Criminal damage and arson,Investigation complete; no suspect identified,
2997b35d9a0c9c4507e57d527cf57d34d7aa52fe7eb48155dacc60d1c1d6f0cc,2024-11,Sussex Police,Sussex Police,0.288053,50.770790,On or near Wellesley Road,E01020911,Eastbourne 010B,Criminal damage and arson,Investigation complete; no suspect identified,
a462b3792aece2e35348211a061cfc6583e0c7dc818eec2c6e6eef73e2755e86,2024-11,Sussex Police,Sussex Police,0.290037,50.767270,On or near Elms Road,E01020911,Eastbourne 010B,Criminal damage and arson,Investigation complete; no suspect identified,
dcd2122cd7d76fe592931645db83783ba1dd38fa8acd82f66ccaedb1aacbf1dc,2024-11,Sussex Police,Sussex Police,0.290256,50.770018,On or near Cavendish Place,E01020911,Eastbourne 010B,Criminal damage and arson,Investigation complete; no suspect identified,
803b5cabd8b51beb163706d93fd96df4e9343bc132bb93dde3e6064412024cbd,2024-11,Sussex Police,Sussex Police,0.290037,50.767270,On or near Elms Road,E01020911,Eastbourne 010B,Criminal damage and arson,Local resolution,
521805df7d1370fe3db001f1d5f6ef84c003754a876d883a47c4867edd546659,2024-11,Sussex Police,Sussex Police,0.284813,50.769801,On or near Parking Area,E01020911,Eastbourne 010B,Criminal damage and arson,Offender given a caution,
1e95c014283754e85dbfa8df8eaa2acfb6581ec2032cb84a1a4dc2179135e4a1,2024-11,Sussex Police,Sussex Police,0.290256,50.770018,On or near Cavendish Place,E01020911,Eastbourne 010B,Other theft,Unable to prosecute suspect,
5b3673e061ecf9047261dfa663c7e7d8590a28428167f9fff180e3ec04c539ef,2024-11,Sussex Police,Sussex Police,0.290561,50.770165,On or near Langney Road,E01020911,Eastbourne 010B,Other theft,Unable to prosecute suspect,
d282e267b856e00e67371f403b631b375eae4e0e4d758bfa612ea8f8ee5e7134,2024-11,Sussex Police,Sussex Police,0.284813,50.769801,On or near Parking Area,E01020911,Eastbourne 010B,Other theft,Investigation complete; no suspect identified,
92ab661be7b58a5faf2aa289dc9fd513407283aec194e3f406cedc6af0f6182e,2024-11,Sussex Police,Sussex Police,0.288053,50.770790,On or near Wellesley Road,E01020911,Eastbourne 010B,Possession of weapons,Investigation complete; no suspect identified,
1e6e31debe16cd7d8d68ba604c49d5ffa082e040f0c34661436308a0e8b9fa27,2024-11,Sussex Police,Sussex Police,0.288053,50.770790,On or near Wellesley Road,E01020911,Eastbourne 010B,Possession of weapons,Status update unavailable,
79229883ebf4cf2b0c69b502ff6a5a16c146e52d50c81bf8b0273948e8c2b0c6,2024-11,Sussex Police,Sussex Police,0.290561,50.770165,On or near Langney Road,E01020911,Eastbourne 010B,Public order,Investigation complete; no suspect identified,
07f7775a2b4c3c08e79b06856267337b8f091f482105c988f7c97d61136dab10,2024-11,Sussex Police,Sussex Police,0.291049,50.769697,On or near Pevensey Road,E01020911,Eastbourne 010B,Public order,Unable to prosecute suspect,
02a15329e666f734884bc33b2cd856fd59ca7f07323219dd7993b3daa0c94c78,2024-11,Sussex Police,Sussex Police,0.289133,50.768214,On or near North Street,E01020911,Eastbourne 010B,Public order,Status update unavailable,
d7f595454e23fe751885a50837753745a94d9adef3a26dbc8f2f32f64efb68f2,2024-11,Sussex Police,Sussex Police,0.286707,50.769071,On or near Shopping Area,E01020911,Eastbourne 010B,Public order,Investigation complete; no suspect identified,
2f66f60f388218d70f49e4176be8ff381daf0c6f947fa067512eaa760573c7bc,2024-11,Sussex Police,Sussex Police,0.288299,50.768573,On or near Nightclub,E01020911,Eastbourne 010B,Public order,Court result unavailable,
90376691668f41b88de5ceae8f7238944addd289f59d4911b51853891e1e42d5,2024-11,Sussex Police,Sussex Police,0.286707,50.769071,On or near Shopping Area,E01020911,Eastbourne 010B,Public order,Court result unavailable,
135bd7a3c115e25ed5b3666719fd9d32f572e73f9ff08dfd780b5ef8d6a03562,2024-11,Sussex Police,Sussex Police,0.289133,50.768214,On or near North Street,E01020911,Eastbourne 010B,Public order,Court result unavailable,
a5ac1fc3d99e03548f5a208b3b9476790b699c49a9694483a9f4fa7b87787099,2024-11,Sussex Police,Sussex Police,0.286707,50.769071,On or near Shopping Area,E01020911,Eastbourne 010B,Public order,Investigation complete; no suspect identified,
bdf098aacca2270c56e77ffbdc2bd09d7806765e23dc70045bdf6f7d4416170d,2024-11,Sussex Police,Sussex Police,0.286707,50.769071,On or near Shopping Area,E01020911,Eastbourne 010B,Public order,Unable to prosecute suspect,
b2a5e01b5f7a3a4bc1c02bdb9ccfa180fb4709ef8e8095ba0b6cea8d3ca3ace1,2024-11,Sussex Police,Sussex Police,0.284813,50.769801,On or near Parking Area,E01020911,Eastbourne 010B,Robbery,Unable to prosecute suspect,
9bc72c87d1c41a65d3d22ae6dc5c0064f9014e8d7fccff6233463a9b39265c6d,2024-11,Sussex Police,Sussex Police,0.284813,50.769801,On or near Parking Area,E01020911,Eastbourne 010B,Robbery,Unable to prosecute suspect,
1808632e2dcc760838b218fa84af7eb06b180624168b0af4bb0b0bdfcdfc3eda,2024-11,Sussex Police,Sussex Police,0.284813,50.769801,On or near Parking Area,E01020911,Eastbourne 010B,Robbery,Unable to prosecute suspect,
8ee27a6f9bdfefde87b780b4263d4db41a6c3e5c732914d7dcc14ab36e01be66,2024-11,Sussex Police,Sussex Police,0.286707,50.769071,On or near Shopping Area,E01020911,Eastbourne 010B,Shoplifting,Unable to prosecute suspect,
80e00b60ce28caabe6a14025f60cb0ec3a9a62ea3d96ea4399242f37f7b79977,2024-11,Sussex Police,Sussex Police,0.284813,50.769801,On or near Parking Area,E01020911,Eastbourne 010B,Shoplifting,Court result unavailable,
5da4bc7322799be9a5e3dd025c57c406bc53a34b3fe0ca5b6198330d4948a8ff,2024-11,Sussex Police,Sussex Police,0.284813,50.769801,On or near Parking Area,E01020911,Eastbourne 010B,Shoplifting,Unable to prosecute suspect,
ce83bf9eb4de802b5057ea5b6ef3e160e89f11596f06529f6f3ad520c8cff72c,2024-11,Sussex Police,Sussex Police,0.284813,50.769801,On or near Parking Area,E01020911,Eastbourne 010B,Shoplifting,Court result unavailable,
f3b715fd517b0b7501de49cc8a734b3d8002a5dafa400c23b7e2a76e4f3dd8ec,2024-11,Sussex Police,Sussex Police,0.284813,50.769801,On or near Parking Area,E01020911,Eastbourne 010B,Shoplifting,Court result unavailable,
f0af6bc72287cac6a17ec0fd4bfe317d66a6b309a1c39209149f8b2deb33a2eb,2024-11,Sussex Police,Sussex Police,0.286707,50.769071,On or near Shopping Area,E01020911,Eastbourne 010B,Shoplifting,Unable to prosecute suspect,
7bb85e9aa6bc7c4fed86214abc67437d1d67a502c7d74736d49cef15e83bcb14,2024-11,Sussex Police,Sussex Police,0.284813,50.769801,On or near Parking Area,E01020911,Eastbourne 010B,Shoplifting,Court result unavailable,
b453d2cfbaf840841277b820ad8b0cced2f8dbb9022af11ceb65145bb2fb0792,2024-11,Sussex Police,Sussex Police,0.284813,50.769801,On or near Parking Area,E01020911,Eastbourne 010B,Shoplifting,Court result unavailable,
f0a39418cf6135ed85d52ceb148fcaf618d4d5ad5cb1ae40b22341a9209116bf,2024-11,Sussex Police,Sussex Police,0.286707,50.769071,On or near Shopping Area,E01020911,Eastbourne 010B,Shoplifting,Status update unavailable,
0fa80032e105d8220f5c5cee95b6c13a98dfa7814c78bcd8fcf37c335ce8a8ec,2024-11,Sussex Police,Sussex Police,0.286707,50.769071,On or near Shopping Area,E01020911,Eastbourne 010B,Shoplifting,Investigation complete; no suspect identified,
0bbf9b092fbff90476c0014fd85518e7fda7489bc091925e91dbef7fa6c5d2f3,2024-11,Sussex Police,Sussex Police,0.284813,50.769801,On or near Parking Area,E01020911,Eastbourne 010B,Shoplifting,Investigation complete; no suspect identified,
9c36e3e2404c02ced85f9f51c1c795b1ab6d2f41c054b281e631c9ba8e9bc325,2024-11,Sussex Police,Sussex Police,0.284813,50.769801,On or near Parking Area,E01020911,Eastbourne 010B,Shoplifting,Court result unavailable,
ae9c3e71f399e83714cb773bfce412fb962cc8de200f5b4fb97712846aea44e4,2024-11,Sussex Police,Sussex Police,0.284813,50.769801,On or near Parking Area,E01020911,Eastbourne 010B,Shoplifting,Investigation complete; no suspect identified,
afe01d2d58c1506ee51ff997519aad6a576817d215d8d1a3c4a7f88fe9f2dafb,2024-11,Sussex Police,Sussex Police,0.284813,50.769801,On or near Parking Area,E01020911,Eastbourne 010B,Shoplifting,Unable to prosecute suspect,
a8f35e5ca5c88984c245e05a4890c4138354b2226e578491b31ddce483853491,2024-11,Sussex Police,Sussex Police,0.284813,50.769801,On or near Parking Area,E01020911,Eastbourne 010B,Shoplifting,Investigation complete; no suspect identified,
d1ea7f36947247165cb2cac91bf8a17b3705813c6240af3574d4623da2a90efb,2024-11,Sussex Police,Sussex Police,0.284813,50.769801,On or near Parking Area,E01020911,Eastbourne 010B,Shoplifting,Investigation complete; no suspect identified,
c19f600828b7391db8ebcc197c3da3477a833a6bf2887a8e7c9857b4e46ab200,2024-11,Sussex Police,Sussex Police,0.284813,50.769801,On or near Parking Area,E01020911,Eastbourne 010B,Shoplifting,Investigation complete; no suspect identified,
a966e517339edb2e998a7489352ff72a5db425c199022c30bd8191d3a6eaa537,2024-11,Sussex Police,Sussex Police,0.284813,50.769801,On or near Parking Area,E01020911,Eastbourne 010B,Shoplifting,Court result unavailable,
ca9e4d4da8da235a8576203eeb95d7298978df8332e2d3bc42f4f23c04c332fe,2024-11,Sussex Police,Sussex Police,0.284813,50.769801,On or near Parking Area,E01020911,Eastbourne 010B,Shoplifting,Investigation complete; no suspect identified,
cf498ca0bbe61a622ace497fe112d04381339b130556b618467752da993c9c12,2024-11,Sussex Police,Sussex Police,0.284813,50.769801,On or near Parking Area,E01020911,Eastbourne 010B,Shoplifting,Unable to prosecute suspect,
35ce38b5b0092f847e8f572244ab530e081f59f7c71b474631bb9a9bcfa107ca,2024-11,Sussex Police,Sussex Police,0.286707,50.769071,On or near Shopping Area,E01020911,Eastbourne 010B,Shoplifting,Investigation complete; no suspect identified,
4f1006e5aba93be297c1684f4a609a1925aad95317aa72a51e6572204a009d00,2024-11,Sussex Police,Sussex Police,0.284813,50.769801,On or near Parking Area,E01020911,Eastbourne 010B,Shoplifting,Unable to prosecute suspect,
09cc3f362be6aa26fe458c01cd8350df6a813154b95c1b4cb3c29c126650b836,2024-11,Sussex Police,Sussex Police,0.286707,50.769071,On or near Shopping Area,E01020911,Eastbourne 010B,Shoplifting,Investigation complete; no suspect identified,
7d58e8acd62f69cd4fef798f245b02eb324b713d453911e162f52364bc882bb4,2024-11,Sussex Police,Sussex Police,0.286707,50.769071,On or near Shopping Area,E01020911,Eastbourne 010B,Shoplifting,Unable to prosecute suspect,
75abe81212d20de2f76e6345b2f876887be7340666d938322fa53113eceeecec,2024-11,Sussex Police,Sussex Police,0.288253,50.768789,On or near Nightclub,E01020911,Eastbourne 010B,Shoplifting,Status update unavailable,
3a6c6bd573aa75453b51bc3dab6fe95a2120ddea09559688c513dfde14b4c347,2024-11,Sussex Police,Sussex Police,0.286707,50.769071,On or near Shopping Area,E01020911,Eastbourne 010B,Shoplifting,Investigation complete; no suspect identified,
27ab86dd3aecf442b8ea20472d43bdb55b1b78bfd4972ec86a7a94a2ecaaa748,2024-11,Sussex Police,Sussex Police,0.284813,50.769801,On or near Parking Area,E01020911,Eastbourne 010B,Shoplifting,Court result unavailable,
c037b28b683090b341ffac904ca8fe6b23c66e695ce9eb844d839e37c31b4182,2024-11,Sussex Police,Sussex Police,0.284813,50.769801,On or near Parking Area,E01020911,Eastbourne 010B,Shoplifting,Court result unavailable,
56c24d9d35780c0443411b237a1bb3ed850586415a652d75610711f54d8a53bb,2024-11,Sussex Police,Sussex Police,0.290561,50.770165,On or near Langney Road,E01020911,Eastbourne 010B,Vehicle crime,Investigation complete; no suspect identified,
152bb2d15f67388e08a6bb4538e7bbd77565593c43fc35e97c13bfecd3d2d670,2024-11,Sussex Police,Sussex Police,0.287922,50.769857,On or near Susan'S Road,E01020911,Eastbourne 010B,Vehicle crime,Investigation complete; no suspect identified,
03006639434ae64970f0ae6f790dc63b0a34ed857abf111fddac0dd10d3362fd,2024-11,Sussex Police,Sussex Police,0.288253,50.768789,On or near Nightclub,E01020911,Eastbourne 010B,Violence and sexual offences,Unable to prosecute suspect,
fe4c1131375ac745317ccba5763bc0946623ae7d177e82d6ace920ab9ada6f05,2024-11,Sussex Police,Sussex Police,0.288253,50.768789,On or near Nightclub,E01020911,Eastbourne 010B,Violence and sexual offences,Unable to prosecute suspect,
770ad4e8b1c119a0aa23b27759e2c04d160bc23d38ccca7c81b22afa41015140,2024-11,Sussex Police,Sussex Police,0.290561,50.770165,On or near Langney Road,E01020911,Eastbourne 010B,Violence and sexual offences,Unable to prosecute suspect,
e7eba00e17dd1f9e3263532e88266541215cfd794df10854f64ad8c31194c537,2024-11,Sussex Police,Sussex Police,0.290911,50.767451,On or near Elms Avenue,E01020911,Eastbourne 010B,Violence and sexual offences,Unable to prosecute suspect,
eb586fa7752ea4b3336a757e4b287f650398c7a4ea9e4cdb5e834bbfaea31a74,2024-11,Sussex Police,Sussex Police,0.291059,50.769031,On or near Shackleton Close,E01020911,Eastbourne 010B,Violence and sexual offences,Unable to prosecute suspect,
3a0d007781f91c3a1f07e6a778f458cc6010352dc8bc81e9f0d8c970341ada3a,2024-11,Sussex Police,Sussex Police,0.291059,50.769031,On or near Shackleton Close,E01020911,Eastbourne 010B,Violence and sexual offences,Unable to prosecute suspect,
9d41b1b453b386f8ab453fa876e6e072f7dbde61282335db41c5332015603d1b,2024-11,Sussex Police,Sussex Police,0.289133,50.768214,On or near North Street,E01020911,Eastbourne 010B,Violence and sexual offences,Unable to prosecute suspect,
60eac617799821d19be6bb61aff75b483139a9d381289a99b4a5ba4ca61f2025,2024-11,Sussex Police,Sussex Police,0.291059,50.769031,On or near Shackleton Close,E01020911,Eastbourne 010B,Violence and sexual offences,Unable to prosecute suspect,
d1153da5b23ba9302810da557279fbf2c06528e9c6d6133e859f6def7d0245a7,2024-11,Sussex Police,Sussex Police,0.290911,50.767451,On or near Elms Avenue,E01020911,Eastbourne 010B,Violence and sexual offences,Unable to prosecute suspect,
ce4707b6ced9372fefafe327ae9c489b770c04eb4e5d72f20b492ea9c307f9da,2024-11,Sussex Police,Sussex Police,0.285132,50.770236,On or near Ashford Road,E01020911,Eastbourne 010B,Violence and sexual offences,Unable to prosecute suspect,
19e1091944b652959e87e46292be51d97f7b9b488af95a38990462f724395ce2,2024-11,Sussex Police,Sussex Police,0.290256,50.770018,On or near Cavendish Place,E01020911,Eastbourne 010B,Violence and sexual offences,Unable to prosecute suspect,
b4d24848dff1e5b024f782252f6b5f293b20673e98677f41b094cabeb159c9b8,2024-11,Sussex Police,Sussex Police,0.288253,50.768789,On or near Nightclub,E01020911,Eastbourne 010B,Violence and sexual offences,Investigation complete; no suspect identified,
72632ee6288453f33225870ce80677c564ed0fd0d935a61164f01afdef54431d,2024-11,Sussex Police,Sussex Police,0.291049,50.769697,On or near Pevensey Road,E01020911,Eastbourne 010B,Violence and sexual offences,Unable to prosecute suspect,
83a0f1d3ae9f2e30c98e26a4bbb0355293887cc05c8f158d044f85de716b07dd,2024-11,Sussex Police,Sussex Police,0.290963,50.766784,On or near Burlington Road,E01020911,Eastbourne 010B,Violence and sexual offences,Unable to prosecute suspect,
268d442c6a4759e58d4c158d1e4db38da03db6f32e38616367fec5d8caa84179,2024-11,Sussex Police,Sussex Police,0.286707,50.769071,On or near Shopping Area,E01020911,Eastbourne 010B,Violence and sexual offences,Investigation complete; no suspect identified,
48da85e99d12bcb5f120a10b55b23f0ecae2916892724db9e24a3ebb2f47c2af,2024-11,Sussex Police,Sussex Police,0.291049,50.769697,On or near Pevensey Road,E01020911,Eastbourne 010B,Violence and sexual offences,Unable to prosecute suspect,
53921f66905009412fe9c3786486204da6d3f72df8b2723069f13fdbf7297ea4,2024-11,Sussex Police,Sussex Police,0.290963,50.766784,On or near Burlington Road,E01020911,Eastbourne 010B,Violence and sexual offences,Investigation complete; no suspect identified,
26734b0b64c8c5184b11d4d03f39d6a282b42ef45e171863b870653a3de0a62b,2024-11,Sussex Police,Sussex Police,0.286707,50.769071,On or near Shopping Area,E01020911,Eastbourne 010B,Violence and sexual offences,Investigation complete; no suspect identified,
f8c398133540e4d3fdc01c76780c51399235ac0c3f2eb84297109ef7212ed7a0,2024-11,Sussex Police,Sussex Police,0.288253,50.768789,On or near Nightclub,E01020911,Eastbourne 010B,Violence and sexual offences,Unable to prosecute suspect,
84185f579c653189ead5dcd06f6429daaff7da18911776d8a40a01f75bcda690,2024-11,Sussex Police,Sussex Police,0.291049,50.769697,On or near Pevensey Road,E01020911,Eastbourne 010B,Violence and sexual offences,Unable to prosecute suspect,
63f70cd42e3f4c1fdf647135bffaecbab96034f8cadbc028beab5ef716ef86a5,2024-11,Sussex Police,Sussex Police,0.288299,50.768573,On or near Nightclub,E01020911,Eastbourne 010B,Violence and sexual offences,Local resolution,
242cb4149730c9d81b28ad3d746de3e4cc9fb07a809bc816e6fceda92e9f62e6,2024-11,Sussex Police,Sussex Police,0.288970,50.770394,On or near Tideswell Road,E01020911,Eastbourne 010B,Violence and sexual offences,Investigation complete; no suspect identified,
d1c1e61960fe718a2b0a392151a4325c438101af5e8bc3c21e84a263d6051433,2024-11,Sussex Police,Sussex Police,0.288299,50.768573,On or near Nightclub,E01020911,Eastbourne 010B,Violence and sexual offences,Local resolution,
e646964735ab84c40b003a8eb09f2d528d60bfaa11f9b100c79d0c7650bbe81f,2024-11,Sussex Police,Sussex Police,0.290911,50.767451,On or near Elms Avenue,E01020911,Eastbourne 010B,Violence and sexual offences,Unable to prosecute suspect,
a6be140b388c153675851f1b1de4e0eef459f833fc182c71a894aafc5e728137,2024-11,Sussex Police,Sussex Police,0.290561,50.770165,On or near Langney Road,E01020911,Eastbourne 010B,Violence and sexual offences,Unable to prosecute suspect,
7a4c54277c1ab5066de2169f674cc01b01f04230add5098046d091af13755489,2024-11,Sussex Police,Sussex Police,0.291059,50.769031,On or near Shackleton Close,E01020911,Eastbourne 010B,Violence and sexual offences,Unable to prosecute suspect,
c7afb5456ec76ae738d90ffb54d3433c6b813e18e05359c0295c8621af2475ff,2024-11,Sussex Police,Sussex Police,0.289133,50.768214,On or near North Street,E01020911,Eastbourne 010B,Violence and sexual offences,Unable to prosecute suspect,
5859f7db7caa6ac69495eda802e0aacb3c8678fbb713b0da42f0c66ac64b0283,2024-11,Sussex Police,Sussex Police,0.290911,50.767451,On or near Elms Avenue,E01020911,Eastbourne 010B,Violence and sexual offences,Unable to prosecute suspect,
f11b3589f21c1f5c856227da4b842c125d6b79fdbeb02e710f92c724375e31b2,2024-11,Sussex Police,Sussex Police,0.288299,50.768573,On or near Nightclub,E01020911,Eastbourne 010B,Violence and sexual offences,Investigation complete; no suspect identified,
51081ecab821a82648f2e8951bcf96aaff18faeff2df5477ea3893ad94f2fe42,2024-11,Sussex Police,Sussex Police,0.288253,50.768789,On or near Nightclub,E01020911,Eastbourne 010B,Violence and sexual offences,Unable to prosecute suspect,
dbf87389eddc29cef08c3833e157667a191782f7d312b72eef4a9761aab5314e,2024-11,Sussex Police,Sussex Police,0.290256,50.770018,On or near Cavendish Place,E01020911,Eastbourne 010B,Violence and sexual offences,Investigation complete; no suspect identified,
7e72b045275e01a48d5b2e16b906b2e4ead3009cdb3d03dedc35382f448ec33f,2024-11,Sussex Police,Sussex Police,0.291049,50.769697,On or near Pevensey Road,E01020911,Eastbourne 010B,Violence and sexual offences,Unable to prosecute suspect,
eea5c40380dc59b85f7439cd9c9066a170906a26a0a4a37ca3d0fe4c918b9d12,2024-11,Sussex Police,Sussex Police,0.288253,50.768789,On or near Nightclub,E01020911,Eastbourne 010B,Violence and sexual offences,Unable to prosecute suspect,
500a8a99d4922ada233f73234a122a90a915b28e17ac70cdef546580e5e71356,2024-11,Sussex Police,Sussex Police,0.288253,50.768789,On or near Nightclub,E01020911,Eastbourne 010B,Violence and sexual offences,Unable to prosecute suspect,
4962e1d1d1cf37de0316c870386b6a86b18a22526d8492fdbdb6cebf12ccadd5,2024-11,Sussex Police,Sussex Police,0.288774,50.767844,On or near Shopping Area,E01020911,Eastbourne 010B,Violence and sexual offences,Local resolution,
e96b13a9a2afd8262fee81752d5e94e624a12d35f5fd26e43475cc97ef0b2be8,2024-11,Sussex Police,Sussex Police,0.288253,50.768789,On or near Nightclub,E01020911,Eastbourne 010B,Violence and sexual offences,Awaiting court outcome,
7a3baa8e5eba1feff34c3d69bacea5edecd18ea662b30abb8d5974a36bd15c8b,2024-11,Sussex Police,Sussex Police,0.288970,50.770394,On or near Tideswell Road,E01020911,Eastbourne 010B,Violence and sexual offences,Unable to prosecute suspect,
e6bd7162f46ef89ac39bb77d0a2828506f6ca72fefd7d74c903586e6496bd8a4,2024-11,Sussex Police,Sussex Police,0.291668,50.768722,On or near Bus/Coach Station,E01020911,Eastbourne 010B,Other crime,Unable to prosecute suspect,
021caf79cdac00e28cecfc1765e97513e99a692d5ac99d8e7e0c78c9dd96b87f,2024-11,Sussex Police,Sussex Police,0.290037,50.767270,On or near Elms Road,E01020911,Eastbourne 010B,Other crime,Investigation complete; no suspect identified,
88e9f911f88b51bb114bc8e4f5e1257cc4ab23ad59ff8fc80227a80ef9e603db,2024-11,Sussex Police,Sussex Police,0.288774,50.767844,On or near Shopping Area,E01020911,Eastbourne 010B,Other crime,Investigation complete; no suspect identified,
,2024-11,Sussex Police,Sussex Police,0.293776,50.768627,On or near Lion Lane,E01020912,Eastbourne 010C,Anti-social behaviour,,
,2024-11,Sussex Police,Sussex Police,0.291272,50.771365,On or near Bourne Street,E01020912,Eastbourne 010C,Anti-social behaviour,,
,2024-11,Sussex Police,Sussex Police,0.289375,50.771438,On or near Longstone Road,E01020912,Eastbourne 010C,Anti-social behaviour,,
,2024-11,Sussex Police,Sussex Police,0.292705,50.769375,On or near Theatre/Concert Hall,E01020912,Eastbourne 010C,Anti-social behaviour,,
,2024-11,Sussex Police,Sussex Police,0.291272,50.771365,On or near Bourne Street,E01020912,Eastbourne 010C,Anti-social behaviour,,
,2024-11,Sussex Police,Sussex Police,0.291272,50.771365,On or near Bourne Street,E01020912,Eastbourne 010C,Anti-social behaviour,,
,2024-11,Sussex Police,Sussex Police,0.292705,50.769375,On or near Theatre/Concert Hall,E01020912,Eastbourne 010C,Anti-social behaviour,,
,2024-11,Sussex Police,Sussex Police,0.291272,50.771365,On or near Bourne Street,E01020912,Eastbourne 010C,Anti-social behaviour,,
3acb34d60c05ab2d807f3d995db2560ddab40b9ec5285a856997ff7c6ddd825e,2024-11,Sussex Police,Sussex Police,0.293352,50.769238,On or near Colonnade Road,E01020912,Eastbourne 010C,Bicycle theft,Investigation complete; no suspect identified,
d5bc2c6b16bd770cd02009618bf8dd0d81580a0d50098b04a20e61334eef225b,2024-11,Sussex Police,Sussex Police,0.293018,50.769946,On or near Ceylon Place,E01020912,Eastbourne 010C,Burglary,Investigation complete; no suspect identified,
50d3acd75683b01504f5cb200a963a9c55635e895ad55fdee0d2f1a8b6214f63,2024-11,Sussex Police,Sussex Police,0.291369,50.768404,On or near Seaside Road,E01020912,Eastbourne 010C,Burglary,Investigation complete; no suspect identified,
697cba43bca6216f10053f7dc3d4fa1db42e5123ab3b092664873f1156333cb2,2024-11,Sussex Police,Sussex Police,0.292705,50.769375,On or near Theatre/Concert Hall,E01020912,Eastbourne 010C,Criminal damage and arson,Unable to prosecute suspect,
c408b28ce28c36e4aa3090aa568a6c056bf23edca3413f73c25118c2a3ed5233,2024-11,Sussex Police,Sussex Police,0.295384,50.770763,On or near Marine Road,E01020912,Eastbourne 010C,Criminal damage and arson,Investigation complete; no suspect identified,
4b7c391feaccb72597f61603cc716d1d8c0a7009d2936ca00d40ea940acf58a3,2024-11,Sussex Police,Sussex Police,0.293018,50.769946,On or near Ceylon Place,E01020912,Eastbourne 010C,Criminal damage and arson,Status update unavailable,
fe37ee43d56806cf8d5187886d49a05b2704204d40f575573fd3ec5482542eee,2024-11,Sussex Police,Sussex Police,0.292716,50.769109,On or near Theatre/Concert Hall,E01020912,Eastbourne 010C,Criminal damage and arson,Local resolution,
7ce7975115b202c22a0af390bb9619043d446ea0569fa15ba65a05e227518e71,2024-11,Sussex Police,Sussex Police,0.292564,50.768480,On or near Queens Gardens,E01020912,Eastbourne 010C,Criminal damage and arson,Offender given a caution,
5a8b9148cd97cb5a9e07a9e433cfee8c61e8917df41c5d114211ee32036dad52,2024-11,Sussex Police,Sussex Police,0.293018,50.769946,On or near Ceylon Place,E01020912,Eastbourne 010C,Criminal damage and arson,Court result unavailable,
6774710ecb96aa876a747d1842011c54775611f4a76888c5de2415e771f30132,2024-11,Sussex Police,Sussex Police,0.293776,50.768627,On or near Lion Lane,E01020912,Eastbourne 010C,Drugs,Local resolution,
bd6e476a894c608e43eacfe18f278081b308d5b46a4b6052d6e631bb3be58da0,2024-11,Sussex Police,Sussex Police,0.291272,50.771365,On or near Bourne Street,E01020912,Eastbourne 010C,Drugs,Court result unavailable,
2eae32a4e8093934196863dd2806374fdc72a02113eb14541cce335b131dd432,2024-11,Sussex Police,Sussex Police,0.291369,50.768404,On or near Seaside Road,E01020912,Eastbourne 010C,Drugs,Court result unavailable,
fcdbd2a6bfcc87efa3ddcd09a05b0085d820b8129ca364278f0298b635f57bd1,2024-11,Sussex Police,Sussex Police,0.291272,50.771365,On or near Bourne Street,E01020912,Eastbourne 010C,Other theft,Investigation complete; no suspect identified,
a66f86a226de9f4f6df2370af25e1f7d8020ed67fd1479431f10662a8b717052,2024-11,Sussex Police,Sussex Police,0.291369,50.768404,On or near Seaside Road,E01020912,Eastbourne 010C,Other theft,Unable to prosecute suspect,
195a1d88843cd70bc9d6bf9b951e25d2f3e7ae46e3e868ca5cb1db5161a3b2bc,2024-11,Sussex Police,Sussex Police,0.292564,50.768480,On or near Queens Gardens,E01020912,Eastbourne 010C,Other theft,Investigation complete; no suspect identified,
3e325ca72c879d02d64ee25c8dd34c29872e7308a82d5605d2828c19cc7ab2f7,2024-11,Sussex Police,Sussex Police,0.293018,50.769946,On or near Ceylon Place,E01020912,Eastbourne 010C,Public order,Investigation complete; no suspect identified,
a26f42f10ede8f4b9af5b2bd874478ae5ec9ff5d8ce1a09e7f6b3cbf4b9ea9b8,2024-11,Sussex Police,Sussex Police,0.291369,50.768404,On or near Seaside Road,E01020912,Eastbourne 010C,Public order,Unable to prosecute suspect,
b9a553bdc852e99d2233e193953af752bdffa9eb9717869a70f4b6f0588f338e,2024-11,Sussex Police,Sussex Police,0.291369,50.768404,On or near Seaside Road,E01020912,Eastbourne 010C,Public order,Unable to prosecute suspect,
612772581372e7fe7b76f481aba9d7c0ae140a255b859de26999b4022d5b37bb,2024-11,Sussex Police,Sussex Police,0.292705,50.769375,On or near Theatre/Concert Hall,E01020912,Eastbourne 010C,Public order,Investigation complete; no suspect identified,
f3b165f64cfb0ae2c094e4ce5a9cb20aaa715a9256b2157a472fbf5c12767f9f,2024-11,Sussex Police,Sussex Police,0.291369,50.768404,On or near Seaside Road,E01020912,Eastbourne 010C,Public order,Unable to prosecute suspect,
16fbf04a5be56a3fade89773a3705469fde6951cde30af35b33b0cfeb2721126,2024-11,Sussex Police,Sussex Police,0.292564,50.768480,On or near Queens Gardens,E01020912,Eastbourne 010C,Public order,Investigation complete; no suspect identified,
0a89521c308763af1b6cbb82441000aafb0c5bb01b38a65a9cc3d9702825569d,2024-11,Sussex Police,Sussex Police,0.291369,50.768404,On or near Seaside Road,E01020912,Eastbourne 010C,Shoplifting,Court result unavailable,
19cc05d9224fbe9b412a3a75ff2bd2f17f5ea0523790447f13e035715a6ca384,2024-11,Sussex Police,Sussex Police,0.293352,50.769238,On or near Colonnade Road,E01020912,Eastbourne 010C,Shoplifting,Investigation complete; no suspect identified,
91f59c27192ba6ce4365dea34404d1e206cc6374842e9a3973eaae642642083a,2024-11,Sussex Police,Sussex Police,0.293352,50.769238,On or near Colonnade Road,E01020912,Eastbourne 010C,Shoplifting,Investigation complete; no suspect identified,
fd71241c12fd72c5d32437d3dc527821ec0e9e6700e17fc084a550330ff5c411,2024-11,Sussex Police,Sussex Police,0.289375,50.771438,On or near Longstone Road,E01020912,Eastbourne 010C,Shoplifting,Investigation complete; no suspect identified,
aab39714ff40115517fdc0bc9a6611f3279df48d208e22716dc11a1dfc33a27f,2024-11,Sussex Police,Sussex Police,0.291369,50.768404,On or near Seaside Road,E01020912,Eastbourne 010C,Violence and sexual offences,Unable to prosecute suspect,
2f4ab5329e70b21d4ba630faee312f57b23b9ddd5bc2cc56ca30060a79ee82cd,2024-11,Sussex Police,Sussex Police,0.291272,50.771365,On or near Bourne Street,E01020912,Eastbourne 010C,Violence and sexual offences,Status update unavailable,
c2317ac29e3e0181b07fe3d62c967780b6b3ba96bbd11c45a6bcb85750443c58,2024-11,Sussex Police,Sussex Police,0.293352,50.769238,On or near Colonnade Road,E01020912,Eastbourne 010C,Violence and sexual offences,Unable to prosecute suspect,
38739e2a8e0fdeeffd4e6ed83e369e3066ab270925be0592b404300077155967,2024-11,Sussex Police,Sussex Police,0.293018,50.769946,On or near Ceylon Place,E01020912,Eastbourne 010C,Violence and sexual offences,Unable to prosecute suspect,
f5c1ae56cbafc0e4e781601a9cf50b78967d0c4fd64915f8863eb95f76798748,2024-11,Sussex Police,Sussex Police,0.291272,50.771365,On or near Bourne Street,E01020912,Eastbourne 010C,Violence and sexual offences,Investigation complete; no suspect identified,
46a092e3a282fa42e3b5dfee3698ce025563324dc3f14842b2df164bb82e417f,2024-11,Sussex Police,Sussex Police,0.292564,50.768480,On or near Queens Gardens,E01020912,Eastbourne 010C,Violence and sexual offences,Unable to prosecute suspect,
fc57a8958671851cb32696094f7d8a0037501de7054f707c398a4fe465a5f294,2024-11,Sussex Police,Sussex Police,0.291369,50.768404,On or near Seaside Road,E01020912,Eastbourne 010C,Violence and sexual offences,Unable to prosecute suspect,
018f166d3ed2a4f0a444172432a36c84ea3076ea3d34f6bc0ff6a8c74a19ac00,2024-11,Sussex Police,Sussex Police,0.291369,50.768404,On or near Seaside Road,E01020912,Eastbourne 010C,Violence and sexual offences,Unable to prosecute suspect,
08a4c736d22f09f1e0be0602095cc27fc8ea674d23a91738edbfbce2ea609f68,2024-11,Sussex Police,Sussex Police,0.291369,50.768404,On or near Seaside Road,E01020912,Eastbourne 010C,Violence and sexual offences,Unable to prosecute suspect,
c6bde970db783b644ece85aa5686b42f0078d60869db319eabe5b915c7f5a4c3,2024-11,Sussex Police,Sussex Police,0.293018,50.769946,On or near Ceylon Place,E01020912,Eastbourne 010C,Violence and sexual offences,Court result unavailable,
f1e82a5512767d3a6f88073d8cc1a534d54899d2a4a0632af6dd6a27575acfd4,2024-11,Sussex Police,Sussex Police,0.293018,50.769946,On or near Ceylon Place,E01020912,Eastbourne 010C,Violence and sexual offences,Unable to prosecute suspect,
4ea930ad6062fff482a547d25defdf882d7050e9493e6a4b1320cf001a153972,2024-11,Sussex Police,Sussex Police,0.292564,50.768480,On or near Queens Gardens,E01020912,Eastbourne 010C,Violence and sexual offences,Unable to prosecute suspect,
2d69c8585246d5322193a22785fb3b9e325691e9f3ecc54c81d55d6f83c41b60,2024-11,Sussex Police,Sussex Police,0.293617,50.769727,On or near Saddlers Mews,E01020912,Eastbourne 010C,Violence and sexual offences,Unable to prosecute suspect,
,2024-11,Sussex Police,Sussex Police,0.285472,50.771092,On or near Parking Area,E01020916,Eastbourne 010D,Anti-social behaviour,,
,2024-11,Sussex Police,Sussex Police,0.285472,50.771092,On or near Parking Area,E01020916,Eastbourne 010D,Anti-social behaviour,,
b476e1e8e16d3378d5fcaf3b748cd77923b097be465866750ef20f5272e2ff5a,2024-11,Sussex Police,Sussex Police,0.285472,50.771092,On or near Parking Area,E01020916,Eastbourne 010D,Criminal damage and arson,Investigation complete; no suspect identified,
cd13a216e8c65d6a363ecbc96a8ad6b73f92f251f6ba4f1e2224375296b5cb0b,2024-11,Sussex Police,Sussex Police,0.285472,50.771092,On or near Parking Area,E01020916,Eastbourne 010D,Criminal damage and arson,Investigation complete; no suspect identified,
4a7f85de2b8cd6f5e500ebcd7b6fb48e565b6fca823eb55e43faf6f1f5c940ef,2024-11,Sussex Police,Sussex Police,0.287126,50.771851,On or near Leaf Road,E01020916,Eastbourne 010D,Public order,Investigation complete; no suspect identified,
578d3cd20cb6cc0e23af81f214d5ed9e7e72e92c15874e069b0aff013c65a5c1,2024-11,Sussex Police,Sussex Police,0.287126,50.771851,On or near Leaf Road,E01020916,Eastbourne 010D,Theft from the person,Investigation complete; no suspect identified,
e187ee7c244853c646164a0dd9daf95b943d4524d53e22ef1c29f9016bf4c68f,2024-11,Sussex Police,Sussex Police,0.290518,50.772765,On or near New Road,E01020916,Eastbourne 010D,Violence and sexual offences,Investigation complete; no suspect identified,
2ad5e59d4ff8ea6e9be0f6fc3f5f7e75a4e83dd32e33f76addbd84e3c69706f5,2024-11,Sussex Police,Sussex Police,0.290518,50.772765,On or near New Road,E01020916,Eastbourne 010D,Violence and sexual offences,Action to be taken by another organisation,
dcfe509cbe9b9a78650c751ac1c4d3f9bf158992a15b4b152cf4a1019001d55b,2024-11,Sussex Police,Sussex Police,0.290927,50.774050,On or near Theatre/Concert Hall,E01020916,Eastbourne 010D,Violence and sexual offences,Unable to prosecute suspect,
67d23139f2edad4f0eb27d923b4ebe0bff32d00d2bdb0a3c54f6963e5c4e6eac,2024-11,Sussex Police,Sussex Police,0.288994,50.773793,On or near Dursley Road,E01020916,Eastbourne 010D,Other crime,Unable to prosecute suspect,
,2024-11,Sussex Police,Sussex Police,0.280093,50.767528,On or near Hyde Road,E01020935,Eastbourne 011A,Anti-social behaviour,,
,2024-11,Sussex Police,Sussex Police,0.279345,50.767021,On or near York Road,E01020935,Eastbourne 011A,Anti-social behaviour,,
,2024-11,Sussex Police,Sussex Police,0.284665,50.767464,On or near Supermarket,E01020935,Eastbourne 011A,Anti-social behaviour,,
,2024-11,Sussex Police,Sussex Police,0.280230,50.768578,On or near Ivy Terrace,E01020935,Eastbourne 011A,Anti-social behaviour,,
,2024-11,Sussex Police,Sussex Police,0.281931,50.763625,On or near Parking Area,E01020935,Eastbourne 011A,Anti-social behaviour,,
,2024-11,Sussex Police,Sussex Police,0.280967,50.767124,On or near West Street,E01020935,Eastbourne 011A,Anti-social behaviour,,
,2024-11,Sussex Police,Sussex Police,0.281409,50.766288,On or near South Street,E01020935,Eastbourne 011A,Anti-social behaviour,,
,2024-11,Sussex Police,Sussex Police,0.280230,50.768578,On or near Ivy Terrace,E01020935,Eastbourne 011A,Anti-social behaviour,,
,2024-11,Sussex Police,Sussex Police,0.282767,50.767683,On or near Hyde Gardens,E01020935,Eastbourne 011A,Anti-social behaviour,,
fdda608f368ba2cf30740e1d9d64b2617913d2c81ddfaae354145b6859cf0538,2024-11,Sussex Police,Sussex Police,0.284665,50.767464,On or near Supermarket,E01020935,Eastbourne 011A,Burglary,Court result unavailable,
fbf1f391f33c32d804461f5a8c53292b578c5566583c20d45b723059001b5af5,2024-11,Sussex Police,Sussex Police,0.279305,50.765610,On or near Furness Road,E01020935,Eastbourne 011A,Burglary,Investigation complete; no suspect identified,
c4d159a135a5ea44a11e05ce7bb391bce53f2b69a1d29d17bc92d8507d7b7a4c,2024-11,Sussex Police,Sussex Police,0.282638,50.768234,On or near Mark Lane,E01020935,Eastbourne 011A,Criminal damage and arson,Investigation complete; no suspect identified,
5e399269c49c7ca3dcc2d5e206a22b6c5616589173dac033f419ef9820c384f2,2024-11,Sussex Police,Sussex Police,0.284665,50.767464,On or near Supermarket,E01020935,Eastbourne 011A,Criminal damage and arson,Offender given a caution,
fd1727c630cae8f880fc050217a432d2e5e49f98567cefe33e496de41fc60b06,2024-11,Sussex Police,Sussex Police,0.283782,50.767555,On or near Connaught Road,E01020935,Eastbourne 011A,Criminal damage and arson,Unable to prosecute suspect,
d52aeefd27944e52bdd66fa85d7e1322aef5d257745e0f64fa5e610609f81fe4,2024-11,Sussex Police,Sussex Police,0.282324,50.768492,On or near Station Street,E01020935,Eastbourne 011A,Drugs,Status update unavailable,
3822131c5c23ac8a4a98e2fefa79fec1f45aef4333796fa46f3b7195b0a80ee8,2024-11,Sussex Police,Sussex Police,0.279345,50.767021,On or near York Road,E01020935,Eastbourne 011A,Drugs,Court result unavailable,
0c9d3ff3b8c7e17845bee0a70f1bc31c5a8094c430b5704966414ff49d841038,2024-11,Sussex Police,Sussex Police,0.282104,50.766014,On or near Spencer Road,E01020935,Eastbourne 011A,Drugs,Local resolution,
df0ab91380b1c44d360a59df8aeb5ef4c208164689ce40c81ef1396231d39d31,2024-11,Sussex Police,Sussex Police,0.283783,50.764659,On or near Hardwick Road,E01020935,Eastbourne 011A,Drugs,Local resolution,
892484aba5c8e6d712d0653513bac96544bf0970096295675d84e58b0613921b,2024-11,Sussex Police,Sussex Police,0.282324,50.768492,On or near Station Street,E01020935,Eastbourne 011A,Drugs,Court result unavailable,
ae455afc707fbe35472926dc2e5e8f7e77bf80e0ecb96dee485698953cd9c513,2024-11,Sussex Police,Sussex Police,0.286979,50.767681,On or near Lismore Road,E01020935,Eastbourne 011A,Drugs,Court result unavailable,
778f482c84ec80997b2c109fb3fca01f587669fa6424ada4faaab4ec0a20f14d,2024-11,Sussex Police,Sussex Police,0.280230,50.768578,On or near Ivy Terrace,E01020935,Eastbourne 011A,Other theft,Investigation complete; no suspect identified,
09b67ded81d3c1c8be9a617a02948a0ca57ca5fe55af1aae338649a9e07826d5,2024-11,Sussex Police,Sussex Police,0.285891,50.768332,On or near Terminus Road,E01020935,Eastbourne 011A,Other theft,Unable to prosecute suspect,
ad78a1109664f0e04d39d1e35e47eafdb3ad38fe3e7bd3041097fce99f2eb72d,2024-11,Sussex Police,Sussex Police,0.282324,50.768492,On or near Station Street,E01020935,Eastbourne 011A,Other theft,Investigation complete; no suspect identified,
3d72bd91bd83f80c0b6b22fe2871da35d0b610e06fed75977bf92725a0be1890,2024-11,Sussex Police,Sussex Police,0.282324,50.768492,On or near Station Street,E01020935,Eastbourne 011A,Possession of weapons,Court result unavailable,
b878f3236e1b4bfdd6534531faa6d607a95adb3096ae9165c62c7e562986d798,2024-11,Sussex Police,Sussex Police,0.282324,50.768492,On or near Station Street,E01020935,Eastbourne 011A,Possession of weapons,Status update unavailable,
b4fb84676041765c37075790c85ab7efaa511cfb7eeb043839d9902ecb3e70d7,2024-11,Sussex Police,Sussex Police,0.279345,50.767021,On or near York Road,E01020935,Eastbourne 011A,Public order,Unable to prosecute suspect,
d9d2e1d0c470fea088567a2451f6a108c115c57de51d70bdd5628e8ada4d54b4,2024-11,Sussex Police,Sussex Police,0.281511,50.767509,On or near Gildredge Road,E01020935,Eastbourne 011A,Public order,Investigation complete; no suspect identified,
32ea665170483d3c2ba34e84f8c9cdb9bdf36565f2b661afb7d868c86dc45b98,2024-11,Sussex Police,Sussex Police,0.285891,50.768332,On or near Terminus Road,E01020935,Eastbourne 011A,Public order,Court result unavailable,
c0b953f65bde9a480f6050fc1211f63c00006cdd6bf0240a467591ad62f6588f,2024-11,Sussex Police,Sussex Police,0.286979,50.767681,On or near Lismore Road,E01020935,Eastbourne 011A,Public order,Offender given a caution,
149e52d49f07857da04eb2e9e9dc5334aee139fe8d483cd90ff6de4117efd272,2024-11,Sussex Police,Sussex Police,0.279345,50.767021,On or near York Road,E01020935,Eastbourne 011A,Public order,Unable to prosecute suspect,
b6be485ae8e0278bbc86110d4e840eb287cac9096a32ab1d80e4559fe6e44af4,2024-11,Sussex Police,Sussex Police,0.279305,50.765610,On or near Furness Road,E01020935,Eastbourne 011A,Public order,Investigation complete; no suspect identified,
7340f052df50d00c8139cb0204ff34d0f9b474fed9f5e8309f836f8955546560,2024-11,Sussex Police,Sussex Police,0.280230,50.768578,On or near Ivy Terrace,E01020935,Eastbourne 011A,Public order,Investigation complete; no suspect identified,
7bd39cc00b8d4ebb820ac311a773094b934f781cab8a176492ade608d6db8715,2024-11,Sussex Police,Sussex Police,0.285891,50.768332,On or near Terminus Road,E01020935,Eastbourne 011A,Public order,Court result unavailable,
81d2559b0fab34838e6a321adb45a4bc3dfda423c3aa82a81e40eaec9d67500b,2024-11,Sussex Police,Sussex Police,0.285639,50.767527,On or near Bolton Road,E01020935,Eastbourne 011A,Public order,Unable to prosecute suspect,
c6dc83ec202d076c8845a50a214e36dbad25c4e3b3c2283b89964ef4c5889fa1,2024-11,Sussex Police,Sussex Police,0.281511,50.767509,On or near Gildredge Road,E01020935,Eastbourne 011A,Public order,Investigation complete; no suspect identified,
75ad7addcb51defe4463c1c4ee078bc568155f52776709ab794037fc046b3dea,2024-11,Sussex Police,Sussex Police,0.282324,50.768492,On or near Station Street,E01020935,Eastbourne 011A,Public order,Investigation complete; no suspect identified,
ac29b7b4974d505691285b887698f31bb71bb5002fbf448ec26fe87d632608a1,2024-11,Sussex Police,Sussex Police,0.284665,50.767464,On or near Supermarket,E01020935,Eastbourne 011A,Public order,Unable to prosecute suspect,
cd89d69cf161b5eecb38fdc3ae8a003a0db079b9951bb7041306ac61aa3d6f42,2024-11,Sussex Police,Sussex Police,0.279345,50.767021,On or near York Road,E01020935,Eastbourne 011A,Public order,Court result unavailable,
2b72afcda2a024cc5ea9e2f76679ee2b07ef6ce745b9915da56dc6b304e664e5,2024-11,Sussex Police,Sussex Police,0.284665,50.767464,On or near Supermarket,E01020935,Eastbourne 011A,Public order,Investigation complete; no suspect identified,
c35a987b086adb3669fb8c1d28c3bf31b52532654b0064c15dee8dd1c535254c,2024-11,Sussex Police,Sussex Police,0.280230,50.768578,On or near Ivy Terrace,E01020935,Eastbourne 011A,Public order,Investigation complete; no suspect identified,
cdfcf5759eda5fd8a3f9fcf621e5cbf0a8d72e9765a7f330102a0f77ebe1b1a8,2024-11,Sussex Police,Sussex Police,0.284665,50.767464,On or near Supermarket,E01020935,Eastbourne 011A,Public order,Investigation complete; no suspect identified,
0d19413aae4e6bd4c009733cc5aa18b683328ed84e42a465a177993c03457778,2024-11,Sussex Police,Sussex Police,0.282638,50.768234,On or near Mark Lane,E01020935,Eastbourne 011A,Robbery,Awaiting court outcome,
2f82304cd2c70827b047d3301e58af801e18b42e68ac7099236b7e3ac925236d,2024-11,Sussex Police,Sussex Police,0.285891,50.768332,On or near Terminus Road,E01020935,Eastbourne 011A,Shoplifting,Unable to prosecute suspect,
9dc2bf18623e95bf624602e7fd3ea43557c2da94b9d013a2e5b28ab6d2ad95a1,2024-11,Sussex Police,Sussex Police,0.285891,50.768332,On or near Terminus Road,E01020935,Eastbourne 011A,Shoplifting,Unable to prosecute suspect,
3fd0d7bbd2bac17759bf90eab13cb25bdd06927b968b76d3f7266c6facb9fcdb,2024-11,Sussex Police,Sussex Police,0.284665,50.767464,On or near Supermarket,E01020935,Eastbourne 011A,Shoplifting,Investigation complete; no suspect identified,
4e219824cfcbf281ebe40f6a3660385de4e0a74ec8f33f1f1bd6657a8935768b,2024-11,Sussex Police,Sussex Police,0.285891,50.768332,On or near Terminus Road,E01020935,Eastbourne 011A,Shoplifting,Court result unavailable,
b64e7f199d019dc33b50777f31fddc28f60bed42122fbd125c42ab5fe2f12004,2024-11,Sussex Police,Sussex Police,0.284665,50.767464,On or near Supermarket,E01020935,Eastbourne 011A,Shoplifting,Investigation complete; no suspect identified,
b8639fd2f8a82cc654da8a7b3b2c61c0703fe8ef654da3e4c9f920066b93e860,2024-11,Sussex Police,Sussex Police,0.285891,50.768332,On or near Terminus Road,E01020935,Eastbourne 011A,Shoplifting,Investigation complete; no suspect identified,
f83026012cb061c0850e047c39501b80cdcbe1c845baf41cafb7cd922d0f4e2f,2024-11,Sussex Police,Sussex Police,0.282324,50.768492,On or near Station Street,E01020935,Eastbourne 011A,Shoplifting,Court result unavailable,
78736e761479ad27fc179aa54930d3f83484cfff97ddc961fcc4644eac03d04a,2024-11,Sussex Police,Sussex Police,0.285891,50.768332,On or near Terminus Road,E01020935,Eastbourne 011A,Shoplifting,Investigation complete; no suspect identified,
210399c3c4d6f89c3d5a8390286857f244fdd6073717a39b8813a067c5dd580a,2024-11,Sussex Police,Sussex Police,0.285891,50.768332,On or near Terminus Road,E01020935,Eastbourne 011A,Shoplifting,Unable to prosecute suspect,
ece745bfc36d99c2a4651bb91f44fde9644001d84aed4fcd71ebfb47e28873fd,2024-11,Sussex Police,Sussex Police,0.285891,50.768332,On or near Terminus Road,E01020935,Eastbourne 011A,Shoplifting,Investigation complete; no suspect identified,
514307459c4abff6e53146bcdb872b4d0f1910761f739092fb12255c9144de49,2024-11,Sussex Police,Sussex Police,0.285891,50.768332,On or near Terminus Road,E01020935,Eastbourne 011A,Shoplifting,Court result unavailable,
e7cf0cd227a169220d869f7da151e42c405160c2a359d89f0180acce452011eb,2024-11,Sussex Police,Sussex Police,0.285891,50.768332,On or near Terminus Road,E01020935,Eastbourne 011A,Shoplifting,Unable to prosecute suspect,
92c5539e5e2fa2f2317c0934d693416888ff34a6a0b10170c166006b63688874,2024-11,Sussex Police,Sussex Police,0.285891,50.768332,On or near Terminus Road,E01020935,Eastbourne 011A,Shoplifting,Court result unavailable,
578c7153c5db5d5e36b6f75181b18d4e1e6d2df0cddb60e0cf705e86379e8f3e,2024-11,Sussex Police,Sussex Police,0.284665,50.767464,On or near Supermarket,E01020935,Eastbourne 011A,Shoplifting,Unable to prosecute suspect,
442771c8d9f60c0ccc487afda1a885c093255040b7a5c425dde531d37e451ee5,2024-11,Sussex Police,Sussex Police,0.284665,50.767464,On or near Supermarket,E01020935,Eastbourne 011A,Shoplifting,Court result unavailable,
4bc6d72595296c661ae832d0bbaa247dca9f093b4bce36918cb0cea59c649854,2024-11,Sussex Police,Sussex Police,0.285891,50.768332,On or near Terminus Road,E01020935,Eastbourne 011A,Shoplifting,Investigation complete; no suspect identified,
37eb6306bde90133cefad0ebc0445e527000d3a093695833d62d8af0a7312fb7,2024-11,Sussex Police,Sussex Police,0.285891,50.768332,On or near Terminus Road,E01020935,Eastbourne 011A,Shoplifting,Unable to prosecute suspect,
75ed76b1c7c24f7c4cf2d46a17ddfa566a5f54d00a58609c5462ce599a6f091c,2024-11,Sussex Police,Sussex Police,0.285891,50.768332,On or near Terminus Road,E01020935,Eastbourne 011A,Shoplifting,Investigation complete; no suspect identified,
158c9f44d85a282723b00691d3ebfd85764b512f8a84b1d0e10ff0cd90c8297e,2024-11,Sussex Police,Sussex Police,0.284665,50.767464,On or near Supermarket,E01020935,Eastbourne 011A,Shoplifting,Investigation complete; no suspect identified,
df094d8b3dd703e2323d3013e53860a2b8a43d906a8877c2ffec28c0e7c7e2bd,2024-11,Sussex Police,Sussex Police,0.285891,50.768332,On or near Terminus Road,E01020935,Eastbourne 011A,Shoplifting,Unable to prosecute suspect,
d18241fb3eb8ad557cf0b521fed5d385fa829884a1d6a8e53e152bfea997e18c,2024-11,Sussex Police,Sussex Police,0.285891,50.768332,On or near Terminus Road,E01020935,Eastbourne 011A,Shoplifting,Investigation complete; no suspect identified,
58a02f3979f7ba7d4afc6c10c83565efbca38918a174fbccb83bb6bcac741ff1,2024-11,Sussex Police,Sussex Police,0.285891,50.768332,On or near Terminus Road,E01020935,Eastbourne 011A,Shoplifting,Investigation complete; no suspect identified,
ef49729158b1310d79badd541b0b7c1146407c1f64327b59c790f4ab09a53022,2024-11,Sussex Police,Sussex Police,0.285891,50.768332,On or near Terminus Road,E01020935,Eastbourne 011A,Shoplifting,Investigation complete; no suspect identified,
795fc2f866b7547f8f970809bbe5283f7032d8adfc6438a19bd80d7a8951420a,2024-11,Sussex Police,Sussex Police,0.285891,50.768332,On or near Terminus Road,E01020935,Eastbourne 011A,Shoplifting,Investigation complete; no suspect identified,
09c9c6cc974e76dc72e91294efd4fe9e8a001851487d6d9d7587545f961e03cd,2024-11,Sussex Police,Sussex Police,0.284665,50.767464,On or near Supermarket,E01020935,Eastbourne 011A,Shoplifting,Unable to prosecute suspect,
86e602cb095f3e1bf4a1b7def021c30779bd8156d2d032f9b16cb5b45e1eb0cd,2024-11,Sussex Police,Sussex Police,0.285891,50.768332,On or near Terminus Road,E01020935,Eastbourne 011A,Shoplifting,Investigation complete; no suspect identified,
fb0d9301ca4bed2af12335dd140427d14185a2a1161148b22bd775dcb8b78507,2024-11,Sussex Police,Sussex Police,0.282638,50.768234,On or near Mark Lane,E01020935,Eastbourne 011A,Shoplifting,Further investigation is not in the public interest,
8631a81a0d3535125ca9b6709d604a09de945fd88d65e5e3a1a7242ce447128c,2024-11,Sussex Police,Sussex Police,0.285891,50.768332,On or near Terminus Road,E01020935,Eastbourne 011A,Shoplifting,Investigation complete; no suspect identified,
d1aa43f5dbb3b1e3c52cecd1dd33e0344a40b55ba77bde03e11ce88f2b9b0318,2024-11,Sussex Police,Sussex Police,0.285891,50.768332,On or near Terminus Road,E01020935,Eastbourne 011A,Shoplifting,Unable to prosecute suspect,
5c253187e85c07dbba85831bc3882a91ca223c4d8da00a78d40907d325cd316c,2024-11,Sussex Police,Sussex Police,0.284665,50.767464,On or near Supermarket,E01020935,Eastbourne 011A,Shoplifting,Investigation complete; no suspect identified,
27048ae2d1a1220bfb06edc9d13f127b8b6d60577b441b495b544ec664aeae75,2024-11,Sussex Police,Sussex Police,0.284665,50.767464,On or near Supermarket,E01020935,Eastbourne 011A,Shoplifting,Investigation complete; no suspect identified,
959e733e14d36922f4deed5250bb2fca586b8d0ef42a3fa330411928a974ec36,2024-11,Sussex Police,Sussex Police,0.285891,50.768332,On or near Terminus Road,E01020935,Eastbourne 011A,Shoplifting,Court result unavailable,
8a02e6f0ff5fb264ad14d4af1a4965fe540c5d5e7aa2472f88f486343dcbc415,2024-11,Sussex Police,Sussex Police,0.285891,50.768332,On or near Terminus Road,E01020935,Eastbourne 011A,Shoplifting,Court result unavailable,
efbed7f123d8a2ed7619938ed405fda4a169b618993ede593abc5fec5b6d200d,2024-11,Sussex Police,Sussex Police,0.285891,50.768332,On or near Terminus Road,E01020935,Eastbourne 011A,Shoplifting,Unable to prosecute suspect,
7706c97c6fb04a8d6776cd18f2433476a2014f5c2eca561aa4ebac9ac81a7456,2024-11,Sussex Police,Sussex Police,0.282324,50.768492,On or near Station Street,E01020935,Eastbourne 011A,Shoplifting,Investigation complete; no suspect identified,
a0a3c424aea2cff66a7ecac7da4818c21d6c4997de3473a0a81e5273ff6648c8,2024-11,Sussex Police,Sussex Police,0.280230,50.768578,On or near Ivy Terrace,E01020935,Eastbourne 011A,Shoplifting,Court result unavailable,
25a7eaca11ed8aec62027d711eb80d7683868e7f932266d8a50c5d739757e628,2024-11,Sussex Police,Sussex Police,0.285891,50.768332,On or near Terminus Road,E01020935,Eastbourne 011A,Shoplifting,Court result unavailable,
0e18e015aedd2df161895d6189293814a9542ec1e08771f8a3af2fdc0feffb69,2024-11,Sussex Police,Sussex Police,0.285891,50.768332,On or near Terminus Road,E01020935,Eastbourne 011A,Shoplifting,Court result unavailable,
54278c2cf119c499d5ccfc947d6e9b84ff70f2f3410b3cf12c24344757e40e27,2024-11,Sussex Police,Sussex Police,0.285891,50.768332,On or near Terminus Road,E01020935,Eastbourne 011A,Shoplifting,Investigation complete; no suspect identified,
6b69aeb896af2687123fc1f3511a52c187f292c608f8fd4275919b29e2990e41,2024-11,Sussex Police,Sussex Police,0.285891,50.768332,On or near Terminus Road,E01020935,Eastbourne 011A,Shoplifting,Court result unavailable,
13652253de222ce26625212f95f85ebb67d6906abce8c91c88ebe7f7d5b0a347,2024-11,Sussex Police,Sussex Police,0.285891,50.768332,On or near Terminus Road,E01020935,Eastbourne 011A,Shoplifting,Investigation complete; no suspect identified,
c93d551015b2337ef51162813e0c2e7ffd4244e3ff17d64304bd74018ad3e054,2024-11,Sussex Police,Sussex Police,0.285891,50.768332,On or near Terminus Road,E01020935,Eastbourne 011A,Shoplifting,Investigation complete; no suspect identified,
c440aab95d30452d51849c29c5ca5bbda31c7b792ed5bd0725f1b2541ebe88af,2024-11,Sussex Police,Sussex Police,0.285891,50.768332,On or near Terminus Road,E01020935,Eastbourne 011A,Shoplifting,Investigation complete; no suspect identified,
e4a88c062a91d53df99f56d9a7bc76ad59157c83a4ee5101ab89481308b57f21,2024-11,Sussex Police,Sussex Police,0.284665,50.767464,On or near Supermarket,E01020935,Eastbourne 011A,Shoplifting,Investigation complete; no suspect identified,
ba5bcb802bbcb87abd3320e385add620bb568ef15e6fde628044bd5426522483,2024-11,Sussex Police,Sussex Police,0.285891,50.768332,On or near Terminus Road,E01020935,Eastbourne 011A,Shoplifting,Investigation complete; no suspect identified,
64648a1d4657648b76427cedde361916cdcb35506164f25185710e9fa14e3a57,2024-11,Sussex Police,Sussex Police,0.285891,50.768332,On or near Terminus Road,E01020935,Eastbourne 011A,Shoplifting,Investigation complete; no suspect identified,
d1dc2684a3ba55ccfd2019ddca9456a71f3f905384e086ed1558e5889d950f11,2024-11,Sussex Police,Sussex Police,0.284665,50.767464,On or near Supermarket,E01020935,Eastbourne 011A,Shoplifting,Investigation complete; no suspect identified,
a2910933918264734ebcfb9302dbc64a2234e37d3dc82df175706328687c0803,2024-11,Sussex Police,Sussex Police,0.285891,50.768332,On or near Terminus Road,E01020935,Eastbourne 011A,Shoplifting,Investigation complete; no suspect identified,
8dd1ad10bd69ca2a6d1a641689e54fea52db1e1af9411e4d3c242cb288fe955a,2024-11,Sussex Police,Sussex Police,0.280230,50.768578,On or near Ivy Terrace,E01020935,Eastbourne 011A,Theft from the person,Investigation complete; no suspect identified,
93eaef54893ff4cc3990e08a98a6e62d02c7faf4ce4600dd096c9cb4d0821920,2024-11,Sussex Police,Sussex Police,0.285891,50.768332,On or near Terminus Road,E01020935,Eastbourne 011A,Theft from the person,Investigation complete; no suspect identified,
873da9c32227feaebbe57d47cc4c63d475e21a7b60154f2b7516f002f8db7794,2024-11,Sussex Police,Sussex Police,0.279305,50.765610,On or near Furness Road,E01020935,Eastbourne 011A,Vehicle crime,Status update unavailable,
17ff12384dfa611709fdbf3f9081ac82e18cc09f36a4bb03e7a093f9b1794472,2024-11,Sussex Police,Sussex Police,0.280230,50.768578,On or near Ivy Terrace,E01020935,Eastbourne 011A,Violence and sexual offences,Investigation complete; no suspect identified,
6e998bee4899550662abe041bd56a8e7064d45394104f5beb0abd066cb4bfea9,2024-11,Sussex Police,Sussex Police,0.285891,50.768332,On or near Terminus Road,E01020935,Eastbourne 011A,Violence and sexual offences,Unable to prosecute suspect,
15de4471ce8632f8d479e85d607a02fc1e6db43d7cc33dcb25442ecfb1f86002,2024-11,Sussex Police,Sussex Police,0.280230,50.768578,On or near Ivy Terrace,E01020935,Eastbourne 011A,Violence and sexual offences,Local resolution,
b77f332cc882fe08d1b9ab0ac48bded7b840b58aa9ca017cc3311bed8c04db5a,2024-11,Sussex Police,Sussex Police,0.282638,50.768234,On or near Mark Lane,E01020935,Eastbourne 011A,Violence and sexual offences,Unable to prosecute suspect,
992b798ee209e24480e3035a9a3c08472ca4aa08745e7e322cfd9e36cc512c1f,2024-11,Sussex Police,Sussex Police,0.282324,50.768492,On or near Station Street,E01020935,Eastbourne 011A,Violence and sexual offences,Investigation complete; no suspect identified,
68eb0f6db3dba5e7fc92f78a1b3a18ad895f586576502fc512ebae5bc747619e,2024-11,Sussex Police,Sussex Police,0.285891,50.768332,On or near Terminus Road,E01020935,Eastbourne 011A,Violence and sexual offences,Unable to prosecute suspect,
31be59c3150734bd135251a208ad9aa0d09d683c954d164a5fecf423fd01e24c,2024-11,Sussex Police,Sussex Police,0.280230,50.768578,On or near Ivy Terrace,E01020935,Eastbourne 011A,Violence and sexual offences,Unable to prosecute suspect,
0113da155a28a0480827e705928aa735f98151b7f7b8cc7b35a8855f934a6d9b,2024-11,Sussex Police,Sussex Police,0.280230,50.768578,On or near Ivy Terrace,E01020935,Eastbourne 011A,Violence and sexual offences,Investigation complete; no suspect identified,
00ea93e964a6716acde40b75698a75c27513ca8953b70333a6fc5ffc46c327e4,2024-11,Sussex Police,Sussex Police,0.285891,50.768332,On or near Terminus Road,E01020935,Eastbourne 011A,Violence and sexual offences,Court result unavailable,
bc3e0b3874e33a46c9cc0ae45c6de906f02edc39b3ca364fa9a8d71e1a5fab4a,2024-11,Sussex Police,Sussex Police,0.282324,50.768492,On or near Station Street,E01020935,Eastbourne 011A,Violence and sexual offences,Investigation complete; no suspect identified,
0a5982318b78c475027920711591424c8789761fda09800fc55781a744eeefa5,2024-11,Sussex Police,Sussex Police,0.282638,50.768234,On or near Mark Lane,E01020935,Eastbourne 011A,Violence and sexual offences,Unable to prosecute suspect,
f03a6b6b81bbd506b383dc80d32b9f57261f1c1781466159ed311fa102bbdeff,2024-11,Sussex Police,Sussex Police,0.285639,50.767527,On or near Bolton Road,E01020935,Eastbourne 011A,Violence and sexual offences,Unable to prosecute suspect,
6e55d3d9c7327e0dd60061a87dd69db8848561ee8ada2f016540b76a7e842903,2024-11,Sussex Police,Sussex Police,0.280230,50.768578,On or near Ivy Terrace,E01020935,Eastbourne 011A,Violence and sexual offences,Investigation complete; no suspect identified,
f258840c7071b95ec67d63cf4d97c833b9390b5f1bfcdd3444360fb5946b09a5,2024-11,Sussex Police,Sussex Police,0.285639,50.767527,On or near Bolton Road,E01020935,Eastbourne 011A,Violence and sexual offences,Unable to prosecute suspect,
832996c0d4ba614cb13a63cebb14459588eb7b20ccf046cc53de10cffd608097,2024-11,Sussex Police,Sussex Police,0.284665,50.767464,On or near Supermarket,E01020935,Eastbourne 011A,Violence and sexual offences,Investigation complete; no suspect identified,
e97483a919cf39528feafbe54aae575e1595979bc67b948ff35f0b45f69954d7,2024-11,Sussex Police,Sussex Police,0.285891,50.768332,On or near Terminus Road,E01020935,Eastbourne 011A,Violence and sexual offences,Unable to prosecute suspect,
e436aa1af6ee277b089521c0d6446cf7d4ae5a7dd7781e234eefa210cdeb7d52,2024-11,Sussex Police,Sussex Police,0.285891,50.768332,On or near Terminus Road,E01020935,Eastbourne 011A,Violence and sexual offences,Unable to prosecute suspect,
89d3b23a81ec688219898cfb62afe127c5fdc6d1aa6caaff0ec78b8e064cbf3f,2024-11,Sussex Police,Sussex Police,0.285891,50.768332,On or near Terminus Road,E01020935,Eastbourne 011A,Violence and sexual offences,Investigation complete; no suspect identified,
c74bd2333a38c96e30cdae53477487fc00f75d830731a8769354659fb2c9496c,2024-11,Sussex Police,Sussex Police,0.279345,50.767021,On or near York Road,E01020935,Eastbourne 011A,Violence and sexual offences,Unable to prosecute suspect,
8907c9f7826a1495a94607728a4b00b7f73a23230e95529b41719d60ec7d6276,2024-11,Sussex Police,Sussex Police,0.282324,50.768492,On or near Station Street,E01020935,Eastbourne 011A,Violence and sexual offences,Unable to prosecute suspect,
9f1542017608b52948f377ab34fe11b26316f9c254221821c32e26b735b3c046,2024-11,Sussex Police,Sussex Police,0.282324,50.768492,On or near Station Street,E01020935,Eastbourne 011A,Violence and sexual offences,Unable to prosecute suspect,
be8f274ec0fb83d0b50b05366234032478ed162e3a00ae762620425b8d52519e,2024-11,Sussex Police,Sussex Police,0.281409,50.766288,On or near South Street,E01020935,Eastbourne 011A,Violence and sexual offences,Unable to prosecute suspect,
61afbcdc6571661f8f5f4a101972a38be40f2844842ccdb2e78a5f65138e005b,2024-11,Sussex Police,Sussex Police,0.284466,50.767335,On or near Cornfield Road,E01020935,Eastbourne 011A,Violence and sexual offences,Unable to prosecute suspect,
3e6224445b63ce14d4715c4163b080e921b12a26d5eb70368b13b07d4428785f,2024-11,Sussex Police,Sussex Police,0.285639,50.767527,On or near Bolton Road,E01020935,Eastbourne 011A,Violence and sexual offences,Unable to prosecute suspect,
5caa7c7538d941db35b47133813c3fd5646f4474f4d92354972510d8d0fd6ee4,2024-11,Sussex Police,Sussex Police,0.285639,50.767527,On or near Bolton Road,E01020935,Eastbourne 011A,Violence and sexual offences,Offender given a caution,
999757e76f80ffe1e95dbfdf577aee543d1371079a4f3320b45928e0dad1ab73,2024-11,Sussex Police,Sussex Police,0.280230,50.768578,On or near Ivy Terrace,E01020935,Eastbourne 011A,Violence and sexual offences,Court result unavailable,
06a21e87307468d12240451259d3bd0356d835f512cc8fd3bc4fd710f9f1655c,2024-11,Sussex Police,Sussex Police,0.285639,50.767527,On or near Bolton Road,E01020935,Eastbourne 011A,Violence and sexual offences,Unable to prosecute suspect,
58d5ab1fc3ea1975ae4a2eee0702ebef90c665a34b7d3b2e9a4a28741ec42739,2024-11,Sussex Police,Sussex Police,0.284665,50.767464,On or near Supermarket,E01020935,Eastbourne 011A,Violence and sexual offences,Court result unavailable,
bc9947414bd736ddcc9550848e30677e1a688ce3c308b055243afacb3836d1ba,2024-11,Sussex Police,Sussex Police,0.285891,50.768332,On or near Terminus Road,E01020935,Eastbourne 011A,Violence and sexual offences,Offender given a caution,
01a0e05fceb289ba76e366d38e91518aaa6a61b2387b86ca670e1c53f6664167,2024-11,Sussex Police,Sussex Police,0.282104,50.766014,On or near Spencer Road,E01020935,Eastbourne 011A,Violence and sexual offences,Investigation complete; no suspect identified,
c4a2ff2b6720501416b1ba2836342fb3d91466fb1d4a32181ee15d77c16d9b9f,2024-11,Sussex Police,Sussex Police,0.284665,50.767464,On or near Supermarket,E01020935,Eastbourne 011A,Violence and sexual offences,Investigation complete; no suspect identified,
543fbe656ed44a9217ede28594ce3dd18b1c0dd0b208e395e5bd308f0b9a5453,2024-11,Sussex Police,Sussex Police,0.282850,50.767060,On or near Lushington Road,E01020935,Eastbourne 011A,Violence and sexual offences,Status update unavailable,
aad2fbab564012ce01ccafe817a3423c91dcba8a1536e49d97ac2ac4f89bcce1,2024-11,Sussex Police,Sussex Police,0.281409,50.766288,On or near South Street,E01020935,Eastbourne 011A,Violence and sexual offences,Investigation complete; no suspect identified,
76f1abd4d1ef0c25d925f647ad5f7cf9a8881016392cceb2a68f022f56358d7e,2024-11,Sussex Police,Sussex Police,0.279305,50.765610,On or near Furness Road,E01020935,Eastbourne 011A,Violence and sexual offences,Investigation complete; no suspect identified,
9f9c79bde24d562c25e0f12bedb2ae1e7c18aa07cb8d9dd7e08cfa835148f5d8,2024-11,Sussex Police,Sussex Police,0.280230,50.768578,On or near Ivy Terrace,E01020935,Eastbourne 011A,Violence and sexual offences,Investigation complete; no suspect identified,
917e404f30519b0aa45829bef817e70a37e29493151a8670ade5c6e4c662660d,2024-11,Sussex Police,Sussex Police,0.285639,50.767527,On or near Bolton Road,E01020935,Eastbourne 011A,Violence and sexual offences,Unable to prosecute suspect,
c55da83756a2c0192d19dd1ebdc8f0b110719b0b7d2a44806430a0b42871dd4d,2024-11,Sussex Police,Sussex Police,0.284466,50.767335,On or near Cornfield Road,E01020935,Eastbourne 011A,Violence and sexual offences,Investigation complete; no suspect identified,
99b588cce978f77e249ff401097d7f234113e8a189fb184bef706c2dae9187c7,2024-11,Sussex Police,Sussex Police,0.282638,50.768234,On or near Mark Lane,E01020935,Eastbourne 011A,Violence and sexual offences,Unable to prosecute suspect,
f74b0b5dbac73788a8f01e60960a0c4d20a651633f5593821bb9af7fb3a39b86,2024-11,Sussex Police,Sussex Police,0.282638,50.768234,On or near Mark Lane,E01020935,Eastbourne 011A,Violence and sexual offences,Unable to prosecute suspect,
9e00cdcc73bcb4956dfaa15dddea9475130def84fcd3b044fed503c4569879c2,2024-11,Sussex Police,Sussex Police,0.285891,50.768332,On or near Terminus Road,E01020935,Eastbourne 011A,Violence and sexual offences,Court result unavailable,
65cc7f2d834755a1157416770577a94d4e8cd7852d601c78b2324c521447f8d7,2024-11,Sussex Police,Sussex Police,0.285891,50.768332,On or near Terminus Road,E01020935,Eastbourne 011A,Violence and sexual offences,Investigation complete; no suspect identified,
d777b60e7f5139eebeb76a7e6614ee4131970a4589a528966064a6ea0e5ba0df,2024-11,Sussex Police,Sussex Police,0.284665,50.767464,On or near Supermarket,E01020935,Eastbourne 011A,Violence and sexual offences,Unable to prosecute suspect,
d8fd176a976713d90f1481b9cda568e96cb2b9a424aef282e9fdcb0a26100c7b,2024-11,Sussex Police,Sussex Police,0.282324,50.768492,On or near Station Street,E01020935,Eastbourne 011A,Violence and sexual offences,Unable to prosecute suspect,
9e1828ca16664b788bd596386a98acff57894d1759525f015536572d4ec9a3bc,2024-11,Sussex Police,Sussex Police,0.282324,50.768492,On or near Station Street,E01020935,Eastbourne 011A,Other crime,Offender given a caution,
ff9b8e034d15d6e5349c6d0a577357413cf0be9d07d70b2da07c91258a0c6abb,2024-11,Sussex Police,Sussex Police,0.282324,50.768492,On or near Station Street,E01020935,Eastbourne 011A,Other crime,Status update unavailable,
6a897c41f8a7282f866fa3512b2090bfd00a5834417e9037689d3bf0b38696d1,2024-11,Sussex Police,Sussex Police,0.282324,50.768492,On or near Station Street,E01020935,Eastbourne 011A,Other crime,Investigation complete; no suspect identified,
d72ed210f49db6ad9cd8723d7641a3a4851d74f202606c7ca2edde1a38ae4588,2024-11,Sussex Police,Sussex Police,0.282324,50.768492,On or near Station Street,E01020935,Eastbourne 011A,Other crime,Unable to prosecute suspect,
,2024-11,Sussex Police,Sussex Police,0.285709,50.763434,On or near Compton Street,E01020936,Eastbourne 011B,Anti-social behaviour,,
,2024-11,Sussex Police,Sussex Police,0.286871,50.766919,On or near Trinity Trees,E01020936,Eastbourne 011B,Anti-social behaviour,,
,2024-11,Sussex Police,Sussex Police,0.289821,50.766339,On or near Parking Area,E01020936,Eastbourne 011B,Anti-social behaviour,,
,2024-11,Sussex Police,Sussex Police,0.287039,50.764550,On or near Burlington Place,E01020936,Eastbourne 011B,Anti-social behaviour,,
,2024-11,Sussex Police,Sussex Police,0.285205,50.765620,On or near Cornfield Terrace,E01020936,Eastbourne 011B,Anti-social behaviour,,
470d35251162d46dc5049e33231cf187185f0b1c3c50687334380fa4a7c5bec0,2024-11,Sussex Police,Sussex Police,0.289884,50.765304,On or near Grand Parade,E01020936,Eastbourne 011B,Criminal damage and arson,Investigation complete; no suspect identified,
795519280c849cc895661c5c29858d529f6239e10006385701373f1bd0474f67,2024-11,Sussex Police,Sussex Police,0.285709,50.763434,On or near Compton Street,E01020936,Eastbourne 011B,Criminal damage and arson,Investigation complete; no suspect identified,
b6033e66d7ed883f0c718578b25ff09c1ab395ef16d8ca37fb67caa70740406d,2024-11,Sussex Police,Sussex Police,0.287039,50.764550,On or near Burlington Place,E01020936,Eastbourne 011B,Criminal damage and arson,Investigation complete; no suspect identified,
0cb58f026f66c3975bdad3afbf0b4bd9b38ee96659c2d8397db3c35f57637621,2024-11,Sussex Police,Sussex Police,0.287039,50.764550,On or near Burlington Place,E01020936,Eastbourne 011B,Criminal damage and arson,Investigation complete; no suspect identified,
2da7e324f34cd874641595d67a4fbef9c77d6af202b37721c2955a2f7d834e06,2024-11,Sussex Police,Sussex Police,0.285709,50.763434,On or near Compton Street,E01020936,Eastbourne 011B,Criminal damage and arson,Investigation complete; no suspect identified,
9177a9710f6fff891732bc85f6c038b055351c7e2951ce47b75ed495e269c169,2024-11,Sussex Police,Sussex Police,0.289764,50.764848,On or near Theatre/Concert Hall,E01020936,Eastbourne 011B,Drugs,Court result unavailable,
2da0999edddef20f8dc64f6c56795fbdce817c0fb786d7c2b5d841fe48c4c3c8,2024-11,Sussex Police,Sussex Police,0.285205,50.765620,On or near Cornfield Terrace,E01020936,Eastbourne 011B,Drugs,Unable to prosecute suspect,
a465a1d97fd352f0d1b08c43add34dfbb42b5b6b1de35edb2639e3ee0051b45c,2024-11,Sussex Police,Sussex Police,0.289821,50.766339,On or near Parking Area,E01020936,Eastbourne 011B,Drugs,Court result unavailable,
878c6df35b8db0e51c4d18e2f1567653f75c3fc3ff7abfc7588cc5f8576938cc,2024-11,Sussex Police,Sussex Police,0.289764,50.764848,On or near Theatre/Concert Hall,E01020936,Eastbourne 011B,Drugs,Court result unavailable,
3b5b333fc67cc2f8efee6c5f5ddcf9df61386d09cb2f2d53fc2112f80f40b69b,2024-11,Sussex Police,Sussex Police,0.287039,50.764550,On or near Burlington Place,E01020936,Eastbourne 011B,Other theft,Investigation complete; no suspect identified,
009fbb252c5ced65d25431b652af84d9ed1c19a6b4181d5ad463c6dd17fc1d04,2024-11,Sussex Police,Sussex Police,0.289764,50.764848,On or near Theatre/Concert Hall,E01020936,Eastbourne 011B,Other theft,Unable to prosecute suspect,
b9288a8e4e613761a25df09025a53d3033777a425c601ad97b68de064f39141f,2024-11,Sussex Police,Sussex Police,0.286871,50.766919,On or near Trinity Trees,E01020936,Eastbourne 011B,Public order,Local resolution,
cc7744b1e1cd9cd7581f60026daaf5446466d9881262b6f67a7f0ffaa356c61b,2024-11,Sussex Police,Sussex Police,0.285205,50.765620,On or near Cornfield Terrace,E01020936,Eastbourne 011B,Robbery,Investigation complete; no suspect identified,
351f1b709c6428dec865bde63f9885fb541a3542c9a4d8fafc79dbae0d2ef164,2024-11,Sussex Police,Sussex Police,0.289293,50.766565,On or near Petrol Station,E01020936,Eastbourne 011B,Shoplifting,Investigation complete; no suspect identified,
8950439848762b8f65c7f4962b0ff1336423b2a9a869ecadaca853f5bff819e2,2024-11,Sussex Police,Sussex Police,0.288082,50.766166,On or near Hartington Place,E01020936,Eastbourne 011B,Violence and sexual offences,Unable to prosecute suspect,
6ed2befb7c6b105e9b9c651a522ea99c4823de68393b82435953cca36eef2b94,2024-11,Sussex Police,Sussex Police,0.289821,50.766339,On or near Parking Area,E01020936,Eastbourne 011B,Violence and sexual offences,Court result unavailable,
7b2bcd5a0f31f6b38d44f159c0488c46311e7c18f26a9702f0620f7b3b1959d4,2024-11,Sussex Police,Sussex Police,0.286871,50.766919,On or near Trinity Trees,E01020936,Eastbourne 011B,Violence and sexual offences,Court result unavailable,
19fc84d9335a4e964f52db05777363cf16ba6c51b592664f53afacf93b92fea3,2024-11,Sussex Police,Sussex Police,0.289821,50.766339,On or near Parking Area,E01020936,Eastbourne 011B,Violence and sexual offences,Unable to prosecute suspect,
e56a77d272a002a08c2d723b9e4ab57cd83c6cb2a2f13c27f660730e18b90498,2024-11,Sussex Police,Sussex Police,0.286811,50.763655,On or near Howard Square,E01020936,Eastbourne 011B,Violence and sexual offences,Investigation complete; no suspect identified,
9cbf751a2e34e0f0fbc9f037b3b4c1f071b3908678db1eb0703e94c83a8f6f1f,2024-11,Sussex Police,Sussex Police,0.286811,50.763655,On or near Howard Square,E01020936,Eastbourne 011B,Violence and sexual offences,Investigation complete; no suspect identified,
271fcf79335fe5b843438695430faf416f5885147b68918c029c04fc38c3a819,2024-11,Sussex Police,Sussex Police,0.289821,50.766339,On or near Parking Area,E01020936,Eastbourne 011B,Violence and sexual offences,Investigation complete; no suspect identified,
63644e0b26619cc8644a7d18db44dd753e96825467b011d4936e9df53d1040c3,2024-11,Sussex Police,Sussex Police,0.289764,50.764848,On or near Theatre/Concert Hall,E01020936,Eastbourne 011B,Violence and sexual offences,Investigation complete; no suspect identified,
b1f22434ee58609d8edba470a0d6487fc0b15179026b773cc88d753fcdf17cac,2024-11,Sussex Police,Sussex Police,0.289764,50.764848,On or near Theatre/Concert Hall,E01020936,Eastbourne 011B,Violence and sexual offences,Investigation complete; no suspect identified,
e527fa8544a91c4a07ee2091e72eb49648e8771395304f0a2cbd99a5a308ec1e,2024-11,Sussex Police,Sussex Police,0.289764,50.764848,On or near Theatre/Concert Hall,E01020936,Eastbourne 011B,Violence and sexual offences,Unable to prosecute suspect,
,2024-11,Sussex Police,Sussex Police,0.281428,50.761152,On or near Jevington Gardens,E01020937,Eastbourne 011C,Anti-social behaviour,,
,2024-11,Sussex Police,Sussex Police,0.277796,50.759946,On or near Silverdale Road,E01020937,Eastbourne 011C,Anti-social behaviour,,
,2024-11,Sussex Police,Sussex Police,0.283152,50.762180,On or near Wilmington Gardens,E01020937,Eastbourne 011C,Anti-social behaviour,,
,2024-11,Sussex Police,Sussex Police,0.282060,50.759557,On or near Regency Mews,E01020937,Eastbourne 011C,Anti-social behaviour,,
13fe4e4fdfcb6728232a273f436ec7f8b4df715aaa3080db1ea6e0c68aee9819,2024-11,Sussex Police,Sussex Police,0.283152,50.762180,On or near Wilmington Gardens,E01020937,Eastbourne 011C,Burglary,Investigation complete; no suspect identified,
0f87ede0f1bf21a195ddc4923460f1557e26c7a144804432d8c5c7bdd79dc2ed,2024-11,Sussex Police,Sussex Police,0.280997,50.759272,On or near South Cliff Avenue,E01020937,Eastbourne 011C,Criminal damage and arson,Offender given a caution,
ee61deab36c31938e001b49b753d6c001af64bf36d2f88d9831d4b38d07d2290,2024-11,Sussex Police,Sussex Police,0.276982,50.762732,On or near Grassington Road,E01020937,Eastbourne 011C,Criminal damage and arson,Investigation complete; no suspect identified,
413784569f8a0937900c8bcae8ebd0512e8c7c264746f138c89b209e88e8913d,2024-11,Sussex Police,Sussex Police,0.281428,50.761152,On or near Jevington Gardens,E01020937,Eastbourne 011C,Other theft,Investigation complete; no suspect identified,
4ff08ed07acd442f31132a85b5e41cb3ebf1c1049cc34f54080d739b57503816,2024-11,Sussex Police,Sussex Police,0.276982,50.762732,On or near Grassington Road,E01020937,Eastbourne 011C,Public order,Investigation complete; no suspect identified,
256a60443a7a811116c2e307a167c6c004bc0235608b4d48544aa143c93884b4,2024-11,Sussex Police,Sussex Police,0.281428,50.761152,On or near Jevington Gardens,E01020937,Eastbourne 011C,Vehicle crime,Investigation complete; no suspect identified,
0cd519ea17aa8074471e34a0cbc20764acf87c125cf77e7359a510eb7065a136,2024-11,Sussex Police,Sussex Police,0.283152,50.762180,On or near Wilmington Gardens,E01020937,Eastbourne 011C,Violence and sexual offences,Unable to prosecute suspect,
751a3be91b522b1b275806740f20f144f4b995f4ff1d323abcbe1f20b728dba2,2024-11,Sussex Police,Sussex Police,0.284713,50.761628,On or near Wilmington Square,E01020937,Eastbourne 011C,Violence and sexual offences,Unable to prosecute suspect,
1e44cab4cbb8811adf105bd44636a1ccaf466316d9b0c6d05f02072c543d7e3a,2024-11,Sussex Police,Sussex Police,0.277796,50.759946,On or near Silverdale Road,E01020937,Eastbourne 011C,Violence and sexual offences,Offender given a caution,
18fea8f9b25ffe472b57b8396e5b2ee5764f534c928046667b76ec5ac5ed2778,2024-11,Sussex Police,Sussex Police,0.281428,50.761152,On or near Jevington Gardens,E01020937,Eastbourne 011C,Violence and sexual offences,Unable to prosecute suspect,
f2629beb546bc2b290d40a379e6e1d144482348ebee0b31d48da1bb1c552b325,2024-11,Sussex Police,Sussex Police,0.276982,50.762732,On or near Grassington Road,E01020937,Eastbourne 011C,Violence and sexual offences,Investigation complete; no suspect identified,
fc382b9bfacb63494de780c55f8f5e96da9c1fb9f26048db7b106fea21ce3e4b,2024-11,Sussex Police,Sussex Police,0.283152,50.762180,On or near Wilmington Gardens,E01020937,Eastbourne 011C,Violence and sexual offences,Unable to prosecute suspect,
8578a9c2e691e3f2bc3a7f6c2e523188a5e7ca3730f2e69b5eac0d989b393b2e,2024-11,Sussex Police,Sussex Police,0.282550,50.760546,On or near Theatre/Concert Hall,E01020937,Eastbourne 011C,Violence and sexual offences,Unable to prosecute suspect,
464ac530d3a3f7a46d40ecb172c8368c0149d4da5382b07a4d8f97e61c971a49,2024-11,Sussex Police,Sussex Police,0.283152,50.762180,On or near Wilmington Gardens,E01020937,Eastbourne 011C,Violence and sexual offences,Court result unavailable,
f5fc6a72951c9a7ce2ccd2fa61af96c6684bae1ade03e963a5e641d2efb8da4d,2024-11,Sussex Police,Sussex Police,0.283152,50.762180,On or near Wilmington Gardens,E01020937,Eastbourne 011C,Violence and sexual offences,Unable to prosecute suspect,
f0634fd4be2baa106fbdfbcd7d19c720e04f5d684a41f7d4bdbf0ab7defa95ce,2024-11,Sussex Police,Sussex Police,0.283152,50.762180,On or near Wilmington Gardens,E01020937,Eastbourne 011C,Violence and sexual offences,Unable to prosecute suspect,
f26a35f5e3a1dcd0eaa0fee0ac796e47901b4048abb2d00f8d023c4229369050,2024-11,Sussex Police,Sussex Police,0.281428,50.761152,On or near Jevington Gardens,E01020937,Eastbourne 011C,Violence and sexual offences,Court result unavailable,
,2024-11,Sussex Police,Sussex Police,0.280667,50.769999,On or near Shopping Area,E01020968,Eastbourne 011D,Anti-social behaviour,,
,2024-11,Sussex Police,Sussex Police,0.278965,50.767649,On or near Grove Road,E01020968,Eastbourne 011D,Anti-social behaviour,,
,2024-11,Sussex Police,Sussex Police,0.278965,50.767649,On or near Grove Road,E01020968,Eastbourne 011D,Anti-social behaviour,,
,2024-11,Sussex Police,Sussex Police,0.277795,50.769839,On or near Parking Area,E01020968,Eastbourne 011D,Anti-social behaviour,,
,2024-11,Sussex Police,Sussex Police,0.277795,50.769839,On or near Parking Area,E01020968,Eastbourne 011D,Anti-social behaviour,,
32c58ca6446d1e3ecf7ff28891ef1362b9360dea76577e4e1de8798c4aa3fdd5,2024-11,Sussex Police,Sussex Police,0.279320,50.768374,On or near Police Station,E01020968,Eastbourne 011D,Bicycle theft,Investigation complete; no suspect identified,
f8b48d4d388772516807c7bee588d7abdabc19227003edd7d499d6d820af2b66,2024-11,Sussex Police,Sussex Police,0.277997,50.768163,On or near Old Orchard Road,E01020968,Eastbourne 011D,Burglary,Investigation complete; no suspect identified,
1bca22e02cb4cb6d161f8ff1a0b79089cb3c6236a90e22160ec2dde53d9595bf,2024-11,Sussex Police,Sussex Police,0.277997,50.768163,On or near Old Orchard Road,E01020968,Eastbourne 011D,Burglary,Offender given a caution,
348bdfd111addbfd65c8f6e444cc30a19fef200974a66ee687f235a174d21927,2024-11,Sussex Police,Sussex Police,0.278965,50.767649,On or near Grove Road,E01020968,Eastbourne 011D,Criminal damage and arson,Court result unavailable,
70df071eb6d585e4a1af0b3d733dc36912773708b301fdadd0f0781240de6a85,2024-11,Sussex Police,Sussex Police,0.283691,50.771793,On or near Commercial Road,E01020968,Eastbourne 011D,Criminal damage and arson,Investigation complete; no suspect identified,
9d5cb0dff27858bce1179193854b4b6ca2d32c62df749c4073a8cdae66afb85b,2024-11,Sussex Police,Sussex Police,0.276664,50.772254,On or near Bernard Lane,E01020968,Eastbourne 011D,Other theft,Investigation complete; no suspect identified,
7d0c8c780fe50bac2464da40724e39a3922260c758d7429d6e418026ff757ca8,2024-11,Sussex Police,Sussex Police,0.277385,50.771332,On or near Upperton Lane,E01020968,Eastbourne 011D,Other theft,Investigation complete; no suspect identified,
0296d741d22f5b4e32b9124bc16778e7d86595d5f7b53f1bbbbea1286041babd,2024-11,Sussex Police,Sussex Police,0.280667,50.769999,On or near Shopping Area,E01020968,Eastbourne 011D,Possession of weapons,Investigation complete; no suspect identified,
cc735e94d668be165cb0ce5ab8be8db06f2e8455207e8ea68aa50430852e9ccf,2024-11,Sussex Police,Sussex Police,0.281917,50.771198,On or near St Leonard'S Road,E01020968,Eastbourne 011D,Public order,Unable to prosecute suspect,
30bd05017396bdb5c3b20b5f58ac4b01dc43de3ad6f65122cab2528442a8b08b,2024-11,Sussex Police,Sussex Police,0.280667,50.769999,On or near Shopping Area,E01020968,Eastbourne 011D,Public order,Status update unavailable,
aa41c70aa395fb1c21a64f6d41b26842bf232702824aa19f2818d0cf9bcee753,2024-11,Sussex Police,Sussex Police,0.280667,50.769999,On or near Shopping Area,E01020968,Eastbourne 011D,Theft from the person,Unable to prosecute suspect,
7b9434a8687eacc6a1a5159c09f802c244192d1f2dcdf71a3b8f4ab0c871d243,2024-11,Sussex Police,Sussex Police,0.277385,50.771332,On or near Upperton Lane,E01020968,Eastbourne 011D,Vehicle crime,Investigation complete; no suspect identified,
871678eb0836506428b5f49e2304c7fb154cffb490157906dc24128727567be6,2024-11,Sussex Police,Sussex Police,0.277385,50.771332,On or near Upperton Lane,E01020968,Eastbourne 011D,Vehicle crime,Investigation complete; no suspect identified,
e7ce7e0a78ed07ab5cdb647676335fecca653cfe5bdf493a07ff3a9e109ca48e,2024-11,Sussex Police,Sussex Police,0.283691,50.771793,On or near Commercial Road,E01020968,Eastbourne 011D,Vehicle crime,Investigation complete; no suspect identified,
4c12a8f67248a4b315cadc4966db303cc6f52663c8b160b5543f5c110a4209bd,2024-11,Sussex Police,Sussex Police,0.278965,50.767649,On or near Grove Road,E01020968,Eastbourne 011D,Violence and sexual offences,Unable to prosecute suspect,
fcb67164dd675a67f6f08ccfed233369acb6adc6c4f4a452071190986c30c92d,2024-11,Sussex Police,Sussex Police,0.280293,50.770753,On or near Avenue Lane,E01020968,Eastbourne 011D,Violence and sexual offences,Unable to prosecute suspect,
0f040b92f16d6389415a16ed3cc1d9932b4257b57bff979453b7b5e2b132017e,2024-11,Sussex Police,Sussex Police,0.278965,50.767649,On or near Grove Road,E01020968,Eastbourne 011D,Violence and sexual offences,Investigation complete; no suspect identified,
f12df3c5ce84624bbd72c3b015e1c4ce84c80ddcb38b7aac7551af175cf0c4e8,2024-11,Sussex Police,Sussex Police,0.276559,50.770088,On or near Southfields Road,E01020968,Eastbourne 011D,Violence and sexual offences,Unable to prosecute suspect,
93edb3dbef98d61aff3a42a4ee25ed0882804bb8960e2398560f346728f9b52d,2024-11,Sussex Police,Sussex Police,0.281917,50.771198,On or near St Leonard'S Road,E01020968,Eastbourne 011D,Violence and sexual offences,Offender given a caution,
f018cf1094cf2ab68b5e8ad571bd04f88bfe95d329001926e2d06f6739254fe5,2024-11,Sussex Police,Sussex Police,0.280667,50.769999,On or near Shopping Area,E01020968,Eastbourne 011D,Violence and sexual offences,Status update unavailable,
e1db5f347be44a95fb67a9369eba3161ee96e51c71ce50b11a8d93f1d9611213,2024-11,Sussex Police,Sussex Police,0.283691,50.771793,On or near Commercial Road,E01020968,Eastbourne 011D,Violence and sexual offences,Status update unavailable,
b7bb3c30f8c562e5bfcd4b5b8c5533b52230a9c13ac31ae9f4e12b52e642438e,2024-11,Sussex Police,Sussex Police,0.279894,50.769843,On or near Parking Area,E01020968,Eastbourne 011D,Violence and sexual offences,Unable to prosecute suspect,
266b6ec21feb320ff5488d493a5be6830f9cf1e88f65cb05d725a4a773585b19,2024-11,Sussex Police,Sussex Police,0.276559,50.770088,On or near Southfields Road,E01020968,Eastbourne 011D,Violence and sexual offences,Unable to prosecute suspect,
,2024-11,Sussex Police,Sussex Police,0.275063,50.758560,On or near Jephson Close,E01020931,Eastbourne 012A,Anti-social behaviour,,
,2024-11,Sussex Police,Sussex Police,0.274603,50.758416,On or near St John'S Road,E01020931,Eastbourne 012A,Anti-social behaviour,,
d413069a9525c2a026e6aff517438feb558207954bcf8aa43afac7601a3200c6,2024-11,Sussex Police,Sussex Police,0.274993,50.757402,On or near Bolsover Road,E01020931,Eastbourne 012A,Criminal damage and arson,Investigation complete; no suspect identified,
82629efe6f4272ba2c309be76de1e91ee1288c9aa93ca4c24340976409db8838,2024-11,Sussex Police,Sussex Police,0.275063,50.758560,On or near Jephson Close,E01020931,Eastbourne 012A,Public order,Unable to prosecute suspect,
66eeeeb0d918514c70c0d85a85c2f3e90bca61bd779e7c01993864249b1812c2,2024-11,Sussex Police,Sussex Police,0.270353,50.761135,On or near Ascham Place,E01020931,Eastbourne 012A,Robbery,Investigation complete; no suspect identified,
90f006ffa590f0134209af913d2ec2a17ec8b60bfdedf82da2c90961190eae30,2024-11,Sussex Police,Sussex Police,0.268462,50.759283,On or near Gaudick Place,E01020931,Eastbourne 012A,Violence and sexual offences,Unable to prosecute suspect,
,2024-11,Sussex Police,Sussex Police,0.275249,50.761813,On or near Granville Road,E01020932,Eastbourne 012B,Anti-social behaviour,,
25ebb05379788d5e148d3a56530af382e4fb37872bac2a29ff15525e54391bcd,2024-11,Sussex Police,Sussex Police,0.275249,50.761813,On or near Granville Road,E01020932,Eastbourne 012B,Burglary,Investigation complete; no suspect identified,
48632924061cff2992a1f2a23240a93351f291b4870f06d2487600501296440d,2024-11,Sussex Police,Sussex Police,0.279155,50.757851,On or near South Cliff,E01020932,Eastbourne 012B,Burglary,Unable to prosecute suspect,
add309dbf0386d8ff8262852e2cb5281c455a25b762f089991149ff51a015a87,2024-11,Sussex Police,Sussex Police,0.279155,50.757851,On or near South Cliff,E01020932,Eastbourne 012B,Burglary,Investigation complete; no suspect identified,
960d5e982216e910593e967eefee854ac80b5a99b499d87baf30018ecb0ada3b,2024-11,Sussex Police,Sussex Police,0.275249,50.761813,On or near Granville Road,E01020932,Eastbourne 012B,Burglary,Status update unavailable,
ef077eebafd2bb6a46a9953b1d1068594454c53589dc0aaeb6dd491b07a6f1cc,2024-11,Sussex Police,Sussex Police,0.274932,50.759651,On or near Fitzgerald Close,E01020932,Eastbourne 012B,Other crime,Unable to prosecute suspect,
b4204f2a3d339a6881cc31fb72a8ee2a476006c368997bdd0b8b6dfe9e210caa,2024-11,Sussex Police,Sussex Police,0.254719,50.769254,On or near Conference/Exhibition Centre,E01020944,Eastbourne 012E,Vehicle crime,Investigation complete; no suspect identified,
500db32562283b2cca54bedc91b4e132c068c2fb351bfb589ce8cca3a06c4233,2024-11,Sussex Police,Sussex Police,0.257831,50.772018,On or near Upwick Road,E01020944,Eastbourne 012E,Violence and sexual offences,Investigation complete; no suspect identified,
8c9c289e6af40a139823e487b061ee36aad3d8288283ee9df25170b6dd26a4c9,2024-11,Sussex Police,Sussex Police,0.262595,50.769056,On or near Summerdown Close,E01020944,Eastbourne 012E,Violence and sexual offences,Unable to prosecute suspect,
bb7594c51d5204e0f8250efaa065bb19833047c8f867bff89a17c18b08cae8cf,2024-11,Sussex Police,Sussex Police,0.260715,50.753002,On or near Combe Lane,E01034298,Eastbourne 012F,Burglary,Investigation complete; no suspect identified,
26e4ff0c91fa6fa6cf633cb8a68f1f5564544e3fa0a8acff36bee31382dbb84d,2024-11,Sussex Police,Sussex Police,0.260715,50.753002,On or near Combe Lane,E01034298,Eastbourne 012F,Criminal damage and arson,Investigation complete; no suspect identified,
b353adb7215e06cd4e82522f17eb7aa9030ff3a385128bd4fc5543c5f098a83e,2024-11,Sussex Police,Sussex Police,0.259895,50.753351,On or near Upper Duke'S Drive,E01034298,Eastbourne 012F,Drugs,Court result unavailable,
42855e618d20335babfce6591d57c96ad6f2473bb529366ada1c25038ada9ab4,2024-11,Sussex Police,Sussex Police,0.260715,50.753002,On or near Combe Lane,E01034298,Eastbourne 012F,Other theft,Investigation complete; no suspect identified,
22595d95f1464813ef48d12213ea8f60a67fc42902c61dcec35d1b00af837457,2024-11,Sussex Police,Sussex Police,0.265542,50.758116,On or near The Dentons,E01034298,Eastbourne 012F,Violence and sexual offences,Local resolution,
d131482ab41912cec67aaf0ff6b34caf86bdd5f1ce9744b40d40d7b6da8e2eef,2024-11,Sussex Police,Sussex Police,0.267007,50.752637,On or near Holywell Close,E01034298,Eastbourne 012F,Violence and sexual offences,Unable to prosecute suspect,
,2024-11,Sussex Police,Sussex Police,0.305697,50.783780,On or near Allfrey Road,E01020913,Eastbourne 013A,Anti-social behaviour,,
,2024-11,Sussex Police,Sussex Police,0.308503,50.783131,On or near Alexandra Road,E01020913,Eastbourne 013A,Anti-social behaviour,,
,2024-11,Sussex Police,Sussex Police,0.302654,50.779020,On or near Bexhill Road,E01020913,Eastbourne 013A,Anti-social behaviour,,
,2024-11,Sussex Police,Sussex Police,0.305697,50.783780,On or near Allfrey Road,E01020913,Eastbourne 013A,Anti-social behaviour,,
86a1a98c832059dbd51a5c456e2953c7d3acb625efef0e62163fbe56cc864c9a,2024-11,Sussex Police,Sussex Police,0.310809,50.783284,On or near Groombridge Avenue,E01020913,Eastbourne 013A,Burglary,Investigation complete; no suspect identified,
cfb69d5a17b4144428d2257016a59e346059010571df2837f37de4fabd655e77,2024-11,Sussex Police,Sussex Police,0.306514,50.781921,On or near Wartling Road,E01020913,Eastbourne 013A,Drugs,Unable to prosecute suspect,
4c939c7f8b4feb52deb0d3963a2a2c5c34c6269bf14aac1456f9df692cbafbf3,2024-11,Sussex Police,Sussex Police,0.305639,50.778547,On or near Desmond Road,E01020913,Eastbourne 013A,Drugs,Local resolution,
1a326d5307ae47d25adc68bfca51645d634d29d5b0246527655624ab74c40d20,2024-11,Sussex Police,Sussex Police,0.305697,50.783780,On or near Allfrey Road,E01020913,Eastbourne 013A,Other theft,Investigation complete; no suspect identified,
e5031612a3d8110112c43d89c2f92c394ac298f3f5a779d9f22ecdbc5571b87b,2024-11,Sussex Police,Sussex Police,0.309718,50.783611,On or near Wakehurst Road,E01020913,Eastbourne 013A,Other theft,Investigation complete; no suspect identified,
0bd93dbb9997dce76ac118c6eec061cb55a2b633c07a4cd0ba3da5832bc37d40,2024-11,Sussex Police,Sussex Police,0.306279,50.783490,On or near Norway Road,E01020913,Eastbourne 013A,Other theft,Investigation complete; no suspect identified,
8a8441efc8ca3e5ade7d64d6ebadbb3292e5acdc7fb1efa19abad95a75ba5e5b,2024-11,Sussex Police,Sussex Police,0.305639,50.778547,On or near Desmond Road,E01020913,Eastbourne 013A,Possession of weapons,Offender given a caution,
0c5db95626612efb57ed51c2acca4b66612b58ad48a4dc225021b454101fd298,2024-11,Sussex Police,Sussex Police,0.302642,50.781655,On or near Archery Lane,E01020913,Eastbourne 013A,Public order,Unable to prosecute suspect,
27bc726751082ee529573ea647b66e7a5bd4acc96ac5ade4e4df78f252337049,2024-11,Sussex Police,Sussex Police,0.306620,50.784940,On or near Fort Road,E01020913,Eastbourne 013A,Shoplifting,Unable to prosecute suspect,
2934a11277769d801be375a65ca8b4a650d063b31adc40d5971169aa55e2ce78,2024-11,Sussex Police,Sussex Police,0.304501,50.779937,On or near Channel View Road,E01020913,Eastbourne 013A,Theft from the person,Unable to prosecute suspect,
92bde442b066d8af65120b444e26b5da3f2e20b1a05d3f1fce364716de9e324d,2024-11,Sussex Police,Sussex Police,0.305697,50.783780,On or near Allfrey Road,E01020913,Eastbourne 013A,Vehicle crime,Investigation complete; no suspect identified,
ed05bcb86d0442b50e2baef267c5b9a1f9ae7dce97210962461adf63055bbafe,2024-11,Sussex Police,Sussex Police,0.305697,50.783780,On or near Allfrey Road,E01020913,Eastbourne 013A,Violence and sexual offences,Unable to prosecute suspect,
1ef1d1102da3df09043778ffa5babd9d62e7e806997b1d92610a6ae232295b84,2024-11,Sussex Police,Sussex Police,0.306044,50.784475,On or near Fort Lane,E01020913,Eastbourne 013A,Violence and sexual offences,Unable to prosecute suspect,
089d5d0e996b23248d45c6efd04ed6b351b93a53a583dca43a95f9c60cff8d74,2024-11,Sussex Police,Sussex Police,0.306279,50.783490,On or near Norway Road,E01020913,Eastbourne 013A,Violence and sexual offences,Status update unavailable,
ed5ee7577f68d0f8a6a0490883ef8c44628698f4e5ce18815cbe2b91a1b93c9c,2024-11,Sussex Police,Sussex Police,0.309718,50.783611,On or near Wakehurst Road,E01020913,Eastbourne 013A,Violence and sexual offences,Court result unavailable,
,2024-11,Sussex Police,Sussex Police,0.308582,50.790487,On or near Rotunda Road,E01020951,Eastbourne 013B,Anti-social behaviour,,
9b30d27ab17daba79d7dd9c8c34ae4073beb6e8a31a647bc710a05a92583f303,2024-11,Sussex Police,Sussex Police,0.302894,50.790247,On or near Bus/Coach Station,E01020951,Eastbourne 013B,Bicycle theft,Investigation complete; no suspect identified,
49249c3f4ee85f737b22dcc9b4d59a2314130a22e0f955f3508f3c49e4aa56b7,2024-11,Sussex Police,Sussex Police,0.302393,50.785833,On or near Petrol Station,E01020951,Eastbourne 013B,Criminal damage and arson,Investigation complete; no suspect identified,
a5cc83e3ed3b66b7914637f2bdc09aa5be447721177d8ed6259e0504daeee662,2024-11,Sussex Police,Sussex Police,0.302297,50.784441,On or near Finmere Road,E01020951,Eastbourne 013B,Criminal damage and arson,Unable to prosecute suspect,
0670da0e5c68f8b4878e18b31bccd0e3ff1b9a97ed3ab996eb20babc1172ec98,2024-11,Sussex Police,Sussex Police,0.297073,50.790471,On or near Lottbridge Drove,E01020951,Eastbourne 013B,Drugs,Unable to prosecute suspect,
ae310673689f268536340eb5478a093d63a8451ece5648ee81ef907d21af00bd,2024-11,Sussex Police,Sussex Police,0.297073,50.790471,On or near Lottbridge Drove,E01020951,Eastbourne 013B,Drugs,Court result unavailable,
ab6a57ea682a5529d99a9f63a8ef245a0bb1b6aa8ae86649840ef67025906b55,2024-11,Sussex Police,Sussex Police,0.297073,50.790471,On or near Lottbridge Drove,E01020951,Eastbourne 013B,Drugs,Court result unavailable,
21456691f3092dbe378c3b5cb3898e4294fdaa55d8965d360f0ce5db78cf6b5b,2024-11,Sussex Police,Sussex Police,0.297073,50.790471,On or near Lottbridge Drove,E01020951,Eastbourne 013B,Drugs,Offender given a caution,
3871e6489a78da7fa376bfbcc299e904b6d8537a161d6e2c0d65fc86843cf217,2024-11,Sussex Police,Sussex Police,0.297725,50.787841,On or near Police Station,E01020951,Eastbourne 013B,Drugs,Further investigation is not in the public interest,
645b96d4e0d67ac316970d069c8642b0104f69f77ff9d91cec02e3a300c539e0,2024-11,Sussex Police,Sussex Police,0.297073,50.790471,On or near Lottbridge Drove,E01020951,Eastbourne 013B,Drugs,Court result unavailable,
f65bd181d4502cfdd8e94b627d301ef038715f1bf3a5fe9acabf53c86272fd44,2024-11,Sussex Police,Sussex Police,0.297073,50.790471,On or near Lottbridge Drove,E01020951,Eastbourne 013B,Drugs,Court result unavailable,
2f8d5c7bfa3560cc9e57d39124fcd226cd651ca109451c9dfc168dce421f1508,2024-11,Sussex Police,Sussex Police,0.297073,50.790471,On or near Lottbridge Drove,E01020951,Eastbourne 013B,Drugs,Unable to prosecute suspect,
1d263a0b7860f2685ce9c14c6438203f37ec4bda134e4e4e226d73f57c6d3ce3,2024-11,Sussex Police,Sussex Police,0.297073,50.790471,On or near Lottbridge Drove,E01020951,Eastbourne 013B,Drugs,Local resolution,
c15cd0cdf34feae5ddf1b6c0528b6d5a05ec348821502082c6cd19b8d1e7964e,2024-11,Sussex Police,Sussex Police,0.297073,50.790471,On or near Lottbridge Drove,E01020951,Eastbourne 013B,Drugs,Court result unavailable,
4f6ce4d77c06931c5c0957a1c01a63e3582908ee86e6cf485cfb80b5584a48b9,2024-11,Sussex Police,Sussex Police,0.303395,50.786011,On or near Supermarket,E01020951,Eastbourne 013B,Other theft,Investigation complete; no suspect identified,
f172957255b345065670a28ac6c9a1236e2439c4a5bb622d34112caf0dfef5d6,2024-11,Sussex Police,Sussex Police,0.302393,50.785833,On or near Petrol Station,E01020951,Eastbourne 013B,Other theft,Investigation complete; no suspect identified,
9b34e7e134ad77a3d17cf8c50e6a20ca9233a6b7d64ff89446240b34b8f43371,2024-11,Sussex Police,Sussex Police,0.303395,50.786011,On or near Supermarket,E01020951,Eastbourne 013B,Other theft,Investigation complete; no suspect identified,
8e1f42aea5c6d27885e9a83841e2a834992dcccc9b01613fbbb16847891ca975,2024-11,Sussex Police,Sussex Police,0.309075,50.788687,On or near Winston Crescent,E01020951,Eastbourne 013B,Public order,Unable to prosecute suspect,
9f60428e449610f69819aeefeea559ec031f8530e34de1e790c935602f08f6ce,2024-11,Sussex Police,Sussex Police,0.303715,50.787318,On or near Petrol Station,E01020951,Eastbourne 013B,Public order,Investigation complete; no suspect identified,
a969e85fbf9739888a6a6b03f41dbbd83fc1667446b5bc055f16fae20e1231d6,2024-11,Sussex Police,Sussex Police,0.303395,50.786011,On or near Supermarket,E01020951,Eastbourne 013B,Shoplifting,Investigation complete; no suspect identified,
50a79b590d33a2f6b0c55a005812a9d57e1385ba488b653305b67ea502a3c3a0,2024-11,Sussex Police,Sussex Police,0.303395,50.786011,On or near Supermarket,E01020951,Eastbourne 013B,Shoplifting,Unable to prosecute suspect,
d894e485c3a7e4bde564c70c337bdb8f8ae05f87d6356ee53d9019314581cc26,2024-11,Sussex Police,Sussex Police,0.301848,50.788309,On or near A2290,E01020951,Eastbourne 013B,Shoplifting,Investigation complete; no suspect identified,
92035ab94484e31641ec710be41b62452a56831472686021e5751afd8d9f8e77,2024-11,Sussex Police,Sussex Police,0.301848,50.788309,On or near A2290,E01020951,Eastbourne 013B,Shoplifting,Investigation complete; no suspect identified,
86872742aa95c15fecdaffb69fa6e9c8476d9b6b40d119f30b46736a9450ca02,2024-11,Sussex Police,Sussex Police,0.301848,50.788309,On or near A2290,E01020951,Eastbourne 013B,Shoplifting,Investigation complete; no suspect identified,
10f36101b1036262c87586f248a9cb53c395df3fc53d94943ebb2aba11f5683d,2024-11,Sussex Police,Sussex Police,0.301848,50.788309,On or near A2290,E01020951,Eastbourne 013B,Vehicle crime,Investigation complete; no suspect identified,
b340c2aebb76f4732a88ee881ac196da27e5b565b4f0ab76d0ff5c4986227fd4,2024-11,Sussex Police,Sussex Police,0.303395,50.786011,On or near Supermarket,E01020951,Eastbourne 013B,Vehicle crime,Investigation complete; no suspect identified,
518680edb772295912ab8b80dcd89154e7261561124ee7a9a0271c37b1363308,2024-11,Sussex Police,Sussex Police,0.297073,50.790471,On or near Lottbridge Drove,E01020951,Eastbourne 013B,Violence and sexual offences,Status update unavailable,
20d831d7d5227a8129ac2608c641482975e9a1ca632268ff0046cf989a1b7ff1,2024-11,Sussex Police,Sussex Police,0.297073,50.790471,On or near Lottbridge Drove,E01020951,Eastbourne 013B,Violence and sexual offences,Court result unavailable,
c058ee2a92c8cb4b51edac64eb4926a11f81a589f4faa9d025d114698bfed223,2024-11,Sussex Police,Sussex Police,0.309075,50.788687,On or near Winston Crescent,E01020951,Eastbourne 013B,Violence and sexual offences,Investigation complete; no suspect identified,
a487e928157cbcbd9d9d930576b6c86881035efa08af13f2f8489d825e3ea305,2024-11,Sussex Police,Sussex Police,0.297073,50.790471,On or near Lottbridge Drove,E01020951,Eastbourne 013B,Violence and sexual offences,Court result unavailable,
0583831192bd92b2cf4e2120d39ac29470e779ed861bdf005d8e93edf0c253a7,2024-11,Sussex Police,Sussex Police,0.297073,50.790471,On or near Lottbridge Drove,E01020951,Eastbourne 013B,Violence and sexual offences,Court result unavailable,
d81ddc41d364e57a7ed94fa5ebc332b969baa79ea96eb9c53fab6470e5c60561,2024-11,Sussex Police,Sussex Police,0.303395,50.786011,On or near Supermarket,E01020951,Eastbourne 013B,Violence and sexual offences,Investigation complete; no suspect identified,
0e3809f81f0a7824d64d4452affc0799981e93cb0aa0abd762216ed466f04f1b,2024-11,Sussex Police,Sussex Police,0.297073,50.790471,On or near Lottbridge Drove,E01020951,Eastbourne 013B,Violence and sexual offences,Court result unavailable,
f26b73e30fa00d852681c37da08d1fd708fe15e90add5c98266d9dafd011eb33,2024-11,Sussex Police,Sussex Police,0.303715,50.787318,On or near Petrol Station,E01020951,Eastbourne 013B,Violence and sexual offences,Investigation complete; no suspect identified,
e0ce53102755ecab41506f5ff76ad50a66ec5e7569a680f157c3636d2ea3b6f9,2024-11,Sussex Police,Sussex Police,0.309075,50.788687,On or near Winston Crescent,E01020951,Eastbourne 013B,Violence and sexual offences,Investigation complete; no suspect identified,
4541895901724742c3931f6afe8ac43c18be0d8feb75ecef2f1b246f3fe50625,2024-11,Sussex Police,Sussex Police,0.303715,50.787318,On or near Petrol Station,E01020951,Eastbourne 013B,Other crime,Offender given a caution,
c09b27dba0dada02cef4fa401aa762ca555c8159ddd6cc41a2749815039d8124,2024-11,Sussex Police,Sussex Police,0.317866,50.793729,On or near Marina Walk,E01020959,Eastbourne 013C,Other theft,Unable to prosecute suspect,
7c2d48a0fb334bd82cdf4a12201cb49f476f21a469b50294ed05b6fdc3df7b0b,2024-11,Sussex Police,Sussex Police,0.317866,50.793729,On or near Marina Walk,E01020959,Eastbourne 013C,Other theft,Unable to prosecute suspect,
df9fcc6d309b6e679df37bc107407983f38a12a4339c8d92d7d3a9f2c0110b8d,2024-11,Sussex Police,Sussex Police,0.317866,50.793729,On or near Marina Walk,E01020959,Eastbourne 013C,Public order,Unable to prosecute suspect,
45d4a839c44791cce819c442ea444cdc91abc50ea78921f78cb791a667887ba7,2024-11,Sussex Police,Sussex Police,0.310986,50.788317,On or near Queen'S Road,E01020959,Eastbourne 013C,Violence and sexual offences,Status update unavailable,
ae7d887dcb1a9f332e4efc43f1e819b1559fb459db7a41435261342b7b4182d5,2024-11,Sussex Police,Sussex Police,0.317866,50.793729,On or near Marina Walk,E01020959,Eastbourne 013C,Violence and sexual offences,Unable to prosecute suspect,
0e73a8a227b803b822777dd6ab75c208e5f326936ce11263eb30890681174f82,2024-11,Sussex Police,Sussex Police,0.317866,50.793729,On or near Marina Walk,E01020959,Eastbourne 013C,Violence and sexual offences,Unable to prosecute suspect,
10c4dbca1b3d5a0a702a0e615f686de5f88dcc296c76b014e9fff2165f9211da,2024-11,Sussex Police,Sussex Police,0.319582,50.788839,On or near Wade Close,E01020961,Eastbourne 013D,Burglary,Status update unavailable,
3ef093d8cea5390aba26ea2103ca22d4a4cea88e2eca4ea2b5a7ca4f20ce1477,2024-11,Sussex Police,Sussex Police,0.312268,50.786403,On or near Cochrane Close,E01020961,Eastbourne 013D,Criminal damage and arson,Investigation complete; no suspect identified,
5d030d7e4bcc98a0ca329d6ed4af04bd8be422cb37aba692877009232f8feb29,2024-11,Sussex Police,Sussex Police,0.319582,50.788839,On or near Wade Close,E01020961,Eastbourne 013D,Vehicle crime,Status update unavailable,
7922f8e97e790d8673ccaaf8a08b1ee3c5784fbebc61cf83cd1601e37661485a,2024-11,Sussex Police,Sussex Police,0.322611,50.787546,On or near Sturdee Close,E01020961,Eastbourne 013D,Violence and sexual offences,Unable to prosecute suspect,
,2024-11,Sussex Police,Sussex Police,0.320225,50.787504,On or near Ramsay Way,E01020962,Eastbourne 013E,Anti-social behaviour,,
a4ff749a155c944eb83942238c6669930a753d1939795ea27d9a26e5b47be293,2024-11,Sussex Police,Sussex Police,0.327286,50.787111,On or near St Kitts Drive,E01020962,Eastbourne 013E,Burglary,Investigation complete; no suspect identified,
c220cb32070d2f175ea071b978cc1adc501c927ac3ee12257b8a0aca93e06148,2024-11,Sussex Police,Sussex Police,0.318407,50.785453,On or near Supermarket,E01020962,Eastbourne 013E,Shoplifting,Court result unavailable,
65e59bd395d21ac6308073b6e128525b1872bd1ae9ed19774873f2c8608acac4,2024-11,Sussex Police,Sussex Police,0.318407,50.785453,On or near Supermarket,E01020962,Eastbourne 013E,Shoplifting,Court result unavailable,
1160124e24425cb88223ae8df0ccfdcceeb2f2d3f9b00e6892efc83dd5b9b761,2024-11,Sussex Police,Sussex Police,0.318407,50.785453,On or near Supermarket,E01020962,Eastbourne 013E,Shoplifting,Court result unavailable,
0c386584bc5ba6f825021c7248cbee02bb4472a3e3e5cf0c9ea013381a4752c6,2024-11,Sussex Police,Sussex Police,0.318407,50.785453,On or near Supermarket,E01020962,Eastbourne 013E,Shoplifting,Court result unavailable,
,2024-11,Sussex Police,Sussex Police,0.320836,50.791818,On or near Plymouth Close,E01020960,Eastbourne 014A,Anti-social behaviour,,
58490bc075c6aae370a1b9b04ca0b3f1ab1bcc79bf9dbaf53aa0209cfa09441f,2024-11,Sussex Police,Sussex Police,0.323150,50.793274,On or near Daytona Quay,E01020960,Eastbourne 014A,Other theft,Investigation complete; no suspect identified,
ad7351ac0204e5d3cb012df811ed588d5c97a483a122ba25cb389899477acbd7,2024-11,Sussex Police,Sussex Police,0.322940,50.790463,On or near Jamaica Way,E01020960,Eastbourne 014A,Other theft,Investigation complete; no suspect identified,
c441dd7f65110a6a66f52cd494b92249a3e49ceb6ac6d2a8175196d4790e5f42,2024-11,Sussex Police,Sussex Police,0.321642,50.790893,On or near St Lucia Walk,E01020960,Eastbourne 014A,Vehicle crime,Investigation complete; no suspect identified,
,2024-11,Sussex Police,Sussex Police,0.331357,50.799073,On or near Brisbane Quay,E01032831,Eastbourne 014B,Anti-social behaviour,,
9ab4244dce6c36f732fadc40ec7ef84ce534b34e86ef56b0f90695d18f6cf9b7,2024-11,Sussex Police,Sussex Police,0.331357,50.799073,On or near Brisbane Quay,E01032831,Eastbourne 014B,Public order,Unable to prosecute suspect,
3050fabc127f22829cb822e433bd6fdf54031ce1a26795f149e6565ab9855fd3,2024-11,Sussex Police,Sussex Police,0.334551,50.800223,On or near Pitcairn Avenue,E01032831,Eastbourne 014B,Violence and sexual offences,Unable to prosecute suspect,
f2bafbe06f28d0d92a99f96dd95b4577ff03a79b214618953aaee75e2259f8d0,2024-11,Sussex Police,Sussex Police,0.333738,50.797307,On or near Long Beach View,E01032831,Eastbourne 014B,Violence and sexual offences,Unable to prosecute suspect,
387fec35bd69b2b8e3e3fd35da59bd5b83192b7844c32c81b84c2501f7a5b0bc,2024-11,Sussex Police,Sussex Police,0.316633,50.790894,On or near Fastnet Close,E01032832,Eastbourne 014C,Burglary,Investigation complete; no suspect identified,
526e330bd09c5a3c19d7d864f97af5758a0cf9d8edb9922af70e3160d0d33aef,2024-11,Sussex Police,Sussex Police,0.319895,50.794588,On or near Hereward Road,E01032832,Eastbourne 014C,Public order,Investigation complete; no suspect identified,
9a9132f9c7d409c19bfe96a6f676a6d0e5a2080c3eaefceb13f8a00f01c23034,2024-11,Sussex Police,Sussex Police,0.319895,50.794588,On or near Hereward Road,E01032832,Eastbourne 014C,Shoplifting,Court result unavailable,
d15cbee1d7c25bb7488116b362b8d88d698c8d70b798283b7caa44362724d6f3,2024-11,Sussex Police,Sussex Police,0.324213,50.794952,On or near Shopping Area,E01032832,Eastbourne 014C,Shoplifting,Court result unavailable,
90ea6ccfb7eaa5efe682a907af37b1e9bab616fbcde0f16715c223f44e9faf19,2024-11,Sussex Police,Sussex Police,0.324213,50.794952,On or near Shopping Area,E01032832,Eastbourne 014C,Shoplifting,Court result unavailable,
b1bf8a78b1b9e054d7f0302abe4ffd13f0ed3d1396f34a6ff02f62c3db2eb0a2,2024-11,Sussex Police,Sussex Police,0.324213,50.794952,On or near Shopping Area,E01032832,Eastbourne 014C,Shoplifting,Court result unavailable,
b8e0f9eb812befd6e1963e54d2b0c7944027a4e983628059d8bdc62a66175e5a,2024-11,Sussex Police,Sussex Police,0.319895,50.794588,On or near Hereward Road,E01032832,Eastbourne 014C,Shoplifting,Court result unavailable,
6647a786a20de1d54441b0a35bf1f8b4bfca1075603037b3d7645aaff99ee497,2024-11,Sussex Police,Sussex Police,0.324213,50.794952,On or near Shopping Area,E01032832,Eastbourne 014C,Shoplifting,Investigation complete; no suspect identified,
aadab5ae61e0b82021034b5c4265306f136d878cf7ed171515b5e4486a3f597d,2024-11,Sussex Police,Sussex Police,0.324213,50.794952,On or near Shopping Area,E01032832,Eastbourne 014C,Shoplifting,Investigation complete; no suspect identified,
9b8117f7fbbc23f1ef88880dcf940c92e97b752b8a1ae44b26f834c273029fc9,2024-11,Sussex Police,Sussex Police,0.324213,50.794952,On or near Shopping Area,E01032832,Eastbourne 014C,Shoplifting,Court result unavailable,
7993114282174e268ab4d73a73495eafc8c864f59802b6a201b7f6a06f0affb5,2024-11,Sussex Police,Sussex Police,0.324213,50.794952,On or near Shopping Area,E01032832,Eastbourne 014C,Shoplifting,Court result unavailable,
bf2d6bd1eb3d0d3019bbcf872464d03c3122719a9d4f9eed5beb5b67be21a4fc,2024-11,Sussex Police,Sussex Police,0.324213,50.794952,On or near Shopping Area,E01032832,Eastbourne 014C,Shoplifting,Court result unavailable,
c479019c27d2f2ea6105ccc2f89fb9d7db4aea73446ebe7c0d7d9a4a0031593a,2024-11,Sussex Police,Sussex Police,0.324213,50.794952,On or near Shopping Area,E01032832,Eastbourne 014C,Shoplifting,Court result unavailable,
3c65e9e540efad10db90867a8f465d5bbfdbdad1ba63cb7c33e2cfc740d1cec8,2024-11,Sussex Police,Sussex Police,0.319895,50.794588,On or near Hereward Road,E01032832,Eastbourne 014C,Shoplifting,Court result unavailable,
21879725c232ae1791f057fcfefab31311f118009dcec666f907b38c251fda83,2024-11,Sussex Police,Sussex Police,0.324213,50.794952,On or near Shopping Area,E01032832,Eastbourne 014C,Shoplifting,Status update unavailable,
6bc716aa834f8548f746710feb504d716570e634ac1a8d262637ed98fb054f32,2024-11,Sussex Police,Sussex Police,0.324213,50.794952,On or near Shopping Area,E01032832,Eastbourne 014C,Shoplifting,Court result unavailable,
ebe1b476d5286b7dea8a20d6136da02f1221172fe8b762dfdf0997d800726ca2,2024-11,Sussex Police,Sussex Police,0.324213,50.794952,On or near Shopping Area,E01032832,Eastbourne 014C,Shoplifting,Court result unavailable,
6259e9425dd883748d9f40a1933da3b374a4c14701c002f3895c267e48c3d543,2024-11,Sussex Police,Sussex Police,0.324213,50.794952,On or near Shopping Area,E01032832,Eastbourne 014C,Shoplifting,Investigation complete; no suspect identified,
d724d72bfbb77d83aa336c2e711495da821edad0da0bc50674aeba89fe59b432,2024-11,Sussex Police,Sussex Police,0.317312,50.792283,On or near Ethelred Close,E01032832,Eastbourne 014C,Violence and sexual offences,Unable to prosecute suspect,
3e5d4bc41f105c8465d655c0d48e83db0ae6ed352b0f6633b72a9435ab251037,2024-11,Sussex Police,Sussex Police,0.319895,50.794588,On or near Hereward Road,E01032832,Eastbourne 014C,Violence and sexual offences,Court result unavailable,
8d6e986d871fdb1b611c947312a73dd61b197eb9db88b1d87c50f07e4e590144,2024-11,Sussex Police,Sussex Police,0.324213,50.794952,On or near Shopping Area,E01032832,Eastbourne 014C,Violence and sexual offences,Unable to prosecute suspect,
3de83595be33eb9137a345e14e3133f8b120b50e767d3dfc2d2b3800895b05f8,2024-11,Sussex Police,Sussex Police,0.330897,50.792966,On or near Macquarie Quay,E01032833,Eastbourne 014D,Burglary,Investigation complete; no suspect identified,
619ef1885abbf1e31186c356a350675ceb3c84823b36dde719df85489cccdd21,2024-11,Sussex Police,Sussex Police,0.330897,50.792966,On or near Macquarie Quay,E01032833,Eastbourne 014D,Burglary,Investigation complete; no suspect identified,
9130b92bb9a5a0bbe0ebb01e49271fb1566b7efa105a7e33c493c0beb5317658,2024-11,Sussex Police,Sussex Police,0.330897,50.792966,On or near Macquarie Quay,E01032833,Eastbourne 014D,Other theft,Investigation complete; no suspect identified,
37e2af70ddce92339f0f6fcf1d4972740c1e6f938fc34a54ef4a881cef5750a6,2024-11,Sussex Police,Sussex Police,0.333918,50.795496,On or near Caroline Way,E01032833,Eastbourne 014D,Vehicle crime,Investigation complete; no suspect identified,
fa0525460638fb444d7eedc2965e590fdeb83b156200e2b2c849e05f6c21a1ef,2024-11,Sussex Police,Sussex Police,-0.562774,51.237050,On or near Hunter Road,E01030455,Guildford 013E,Other crime,Unable to prosecute suspect,
,2024-11,Sussex Police,Sussex Police,0.551983,50.877326,On or near Bellingham Close,E01020969,Hastings 001A,Anti-social behaviour,,
0c70e8b3931ef207207136ecc13b28b88ad0694d40d3c55d99ff87669213d7b0,2024-11,Sussex Police,Sussex Police,0.552244,50.878454,On or near Upper Church Road,E01020969,Hastings 001A,Criminal damage and arson,Investigation complete; no suspect identified,
c74fe567e89075ecdc971ed57b14f3fe22fda27e6235a1652c1dc8aac551035e,2024-11,Sussex Police,Sussex Police,0.555734,50.878333,On or near Clarendon Close,E01020969,Hastings 001A,Criminal damage and arson,Offender given a caution,
cd886c671cdea725ae25719d6be175e5968c689f7495b9aa26ed3571a60d6b8d,2024-11,Sussex Police,Sussex Police,0.551983,50.877326,On or near Bellingham Close,E01020969,Hastings 001A,Other theft,Investigation complete; no suspect identified,
7783ee8151b3845623159c520dcad91a8ac0007d5b06b5b69b3850a807c83282,2024-11,Sussex Police,Sussex Police,0.555734,50.878333,On or near Clarendon Close,E01020969,Hastings 001A,Public order,Investigation complete; no suspect identified,
0c9aa8c47549b1cf01f57d1b7a232310eaac7f9da8a66cc8f22b2e3e846e5243,2024-11,Sussex Police,Sussex Police,0.552837,50.876309,On or near Battle Crescent,E01020969,Hastings 001A,Public order,Unable to prosecute suspect,
746b28bfee28674a83345944701734e0cda19a1a5dcb643022040c8ef95cbdb1,2024-11,Sussex Police,Sussex Police,0.555734,50.878333,On or near Clarendon Close,E01020969,Hastings 001A,Public order,Investigation complete; no suspect identified,
7ffc6d4bb518d7a7efa58b7ecd671a1414cf529f11be4ef9310ee5632209ad8b,2024-11,Sussex Police,Sussex Police,0.554326,50.877275,On or near Shirley Drive,E01020969,Hastings 001A,Vehicle crime,Investigation complete; no suspect identified,
82e6362e169379034cb067d98705f7946610d5bb5fd47cb7353a3df9af528a75,2024-11,Sussex Police,Sussex Police,0.555734,50.878333,On or near Clarendon Close,E01020969,Hastings 001A,Violence and sexual offences,Unable to prosecute suspect,
6f77cfa96616c016700d5a21a7b2ee425bf6c1540e0f7afcaee8571641495420,2024-11,Sussex Police,Sussex Police,0.552244,50.878454,On or near Upper Church Road,E01020969,Hastings 001A,Violence and sexual offences,Status update unavailable,
926dd5813f7396a59aeafd13a342cd3314e9aa96943b0fe2e556011974415f12,2024-11,Sussex Police,Sussex Police,0.549891,50.880151,On or near Upper Glen Road,E01020969,Hastings 001A,Violence and sexual offences,Unable to prosecute suspect,
c66763fc51d5c53227a4d5e954fb8a81503538b425cf77fda011bfe380908538,2024-11,Sussex Police,Sussex Police,0.551983,50.877326,On or near Bellingham Close,E01020969,Hastings 001A,Violence and sexual offences,Status update unavailable,
59e6c17e053ff13b2cd17707af71504be043933ca03e1edb6f6c2e479e94ebfd,2024-11,Sussex Police,Sussex Police,0.555734,50.878333,On or near Clarendon Close,E01020969,Hastings 001A,Violence and sexual offences,Investigation complete; no suspect identified,
9d838d5828135dac030bb32f519c8d66b32464f21fa66ae03b759b53d6705be8,2024-11,Sussex Police,Sussex Police,0.555734,50.878333,On or near Clarendon Close,E01020969,Hastings 001A,Violence and sexual offences,Unable to prosecute suspect,
cab2fb2d1c2266f1b1133fed49d71c420d7a0740712ec679bc959b91b9c27310,2024-11,Sussex Police,Sussex Police,0.555734,50.878333,On or near Clarendon Close,E01020969,Hastings 001A,Violence and sexual offences,Offender given a caution,
08168880654def32b92d621b9dd66340874639a31fa61d97fda56e61ad84deb3,2024-11,Sussex Police,Sussex Police,0.556106,50.879404,On or near Bower Close,E01020969,Hastings 001A,Other crime,Status update unavailable,
2ada742f08cd7c6b1f5573950930ea6a0e29aa9eb77a81b657d9ee9e8ba1b18a,2024-11,Sussex Police,Sussex Police,0.537946,50.887427,On or near Vermont Way,E01020970,Hastings 001B,Other theft,Investigation complete; no suspect identified,
2564f01aafeed2a3f492c995c01937a477e19f96dfb5a96e5a071382bd4513ba,2024-11,Sussex Police,Sussex Police,0.541074,50.886109,On or near High Beech Close,E01020970,Hastings 001B,Other theft,Unable to prosecute suspect,
483c4425a862e49d3eee2a627c5358e3c0672295919dd868261f8a049906f32b,2024-11,Sussex Police,Sussex Police,0.536701,50.891196,On or near Stonebeach Rise,E01020970,Hastings 001B,Violence and sexual offences,Unable to prosecute suspect,
11f29fd520f0a52527f03c71f89825f8d4f957fcba70623015be33abacf98cad,2024-11,Sussex Police,Sussex Police,0.539302,50.893010,On or near Stonehouse Drive,E01020970,Hastings 001B,Violence and sexual offences,Unable to prosecute suspect,
9f7397a85b4b10c7d61fb6afa3f9ceb33f9b1224e4a7eedbcce19e0dbe3b1d94,2024-11,Sussex Police,Sussex Police,0.522030,50.870495,On or near Crowhurst Road,E01020970,Hastings 001B,Violence and sexual offences,Unable to prosecute suspect,
b405b990dcfca8bffb137505b649c8226536b4d62b1b5b4de0a72e6296261138,2024-11,Sussex Police,Sussex Police,0.547485,50.891285,On or near The Ridge West,E01020970,Hastings 001B,Violence and sexual offences,Court result unavailable,
d5c14ce30bccd8cdcf0ffebcc3f6de1733b3c1838464ce9e3812609dc83ce049,2024-11,Sussex Police,Sussex Police,0.541074,50.886109,On or near High Beech Close,E01020970,Hastings 001B,Violence and sexual offences,Unable to prosecute suspect,
5ec74ca41b3f957741985a73842155b658de8253fe73de9855f943c1b50ab308,2024-11,Sussex Police,Sussex Police,0.522030,50.870495,On or near Crowhurst Road,E01020970,Hastings 001B,Violence and sexual offences,Unable to prosecute suspect,
21882fa966bd8de55ff28ed1b438f7d9681de5262da44c990f03965f26bc587f,2024-11,Sussex Police,Sussex Police,0.549386,50.883652,On or near Seven Acre Close,E01020971,Hastings 001C,Burglary,Investigation complete; no suspect identified,
6acdd41b13cc25147919c3f84c762bc5bfcd8f13285eeb007f15f02a493ea544,2024-11,Sussex Police,Sussex Police,0.555153,50.883040,On or near Sandy Close,E01020971,Hastings 001C,Criminal damage and arson,Local resolution,
aa773acf51581b0106e33b55fce6bdd1da211146603fa619e8b4794f662b0fab,2024-11,Sussex Police,Sussex Police,0.550879,50.882099,On or near Thomas Brassey Close,E01020971,Hastings 001C,Criminal damage and arson,Investigation complete; no suspect identified,
4a1512114d6d5bf85797cd2ee771db2b5ef77f4167fbc69dc7c0a34a46def528,2024-11,Sussex Police,Sussex Police,0.550879,50.882099,On or near Thomas Brassey Close,E01020971,Hastings 001C,Criminal damage and arson,Unable to prosecute suspect,
1df924fef7257d7b86b383a21ca8133141022b03a4a0ad6ebb69b6ad58c60ba5,2024-11,Sussex Police,Sussex Police,0.555625,50.889839,On or near Stockton View,E01020971,Hastings 001C,Drugs,Local resolution,
848e6bf861e9662cfea9408db32cc1c7bac402728222687bcf0cc46d718d6ea5,2024-11,Sussex Police,Sussex Police,0.555625,50.889839,On or near Stockton View,E01020971,Hastings 001C,Shoplifting,Investigation complete; no suspect identified,
c4c12cad9f99dc38593676c4042aa8f60f5eb2b561c6c8d14ceac7046ef60d2d,2024-11,Sussex Police,Sussex Police,0.550541,50.889437,On or near Whitworth Road,E01020971,Hastings 001C,Shoplifting,Unable to prosecute suspect,
7b72f8f33826792d297f77a69a113e68540a38ec0980b9b6aab758a401dd3266,2024-11,Sussex Police,Sussex Police,0.555625,50.889839,On or near Stockton View,E01020971,Hastings 001C,Shoplifting,Investigation complete; no suspect identified,
8481f07160fb421a22f123550be5f4cd8daa57ea2becc7dc2d24fac3dfd818ee,2024-11,Sussex Police,Sussex Police,0.551682,50.884564,On or near The Hoe,E01020971,Hastings 001C,Violence and sexual offences,Unable to prosecute suspect,
ae5e09eaa956352a387691659424274a99638bb898174000e7d4dab66dd207ad,2024-11,Sussex Police,Sussex Police,0.557004,50.885428,On or near Welton Rise,E01020971,Hastings 001C,Violence and sexual offences,Investigation complete; no suspect identified,
9062417a9e07ca2ab84139ff5e53ed3f6ea677075204cbfcd4064717e0533999,2024-11,Sussex Police,Sussex Police,0.549545,50.885268,On or near Harlequin Gardens,E01020971,Hastings 001C,Violence and sexual offences,Investigation complete; no suspect identified,
122566029d2cbc13168c0e82cad6a1fd15b60c727f9ea1fc18d85238ea33a1c5,2024-11,Sussex Police,Sussex Police,0.555625,50.889839,On or near Stockton View,E01020971,Hastings 001C,Violence and sexual offences,Further action is not in the public interest,
f80604c169098b38d7615b1e29fdfff17e0a2e616e19b61699c95483282fb577,2024-11,Sussex Police,Sussex Police,0.550879,50.882099,On or near Thomas Brassey Close,E01020971,Hastings 001C,Violence and sexual offences,Unable to prosecute suspect,
0a254fb76450fa2ff657c140800c7d8032fda6ee5917173fd6bb7b83ef9866ec,2024-11,Sussex Police,Sussex Police,0.557004,50.885428,On or near Welton Rise,E01020971,Hastings 001C,Violence and sexual offences,Formal action is not in the public interest,
7b294272cc2b53d66ea667dc85f862b146218631a9f6ec3c4aca755c6c8e901a,2024-11,Sussex Police,Sussex Police,0.567133,50.883443,On or near Oasthouse Close,E01020987,Hastings 001D,Criminal damage and arson,Unable to prosecute suspect,
e984115b5228c003ed732d60a80aee2c53ffefcabe13b216eb3a8296ce6e8591,2024-11,Sussex Police,Sussex Police,0.567133,50.883443,On or near Oasthouse Close,E01020987,Hastings 001D,Criminal damage and arson,Investigation complete; no suspect identified,
ced37e50a8fb59a5933ca8565eecff4bb3643c85765f55711c3b1cdb0054058f,2024-11,Sussex Police,Sussex Police,0.567133,50.883443,On or near Oasthouse Close,E01020987,Hastings 001D,Criminal damage and arson,Investigation complete; no suspect identified,
37f993780fa3aa2be96f1b973e902975fec96b09f9db19b216b4426be1027423,2024-11,Sussex Police,Sussex Police,0.567133,50.883443,On or near Oasthouse Close,E01020987,Hastings 001D,Other theft,Investigation complete; no suspect identified,
d3757518bff61ac96402b424c87db24299bd4ddc0d61df9b4677adf53551a85f,2024-11,Sussex Police,Sussex Police,0.563842,50.882562,On or near Little Ridge Avenue,E01020987,Hastings 001D,Public order,Unable to prosecute suspect,
d7de2eedd46b57d25d39f2d850758ea3243c9b363d392d4fa5b1311f82df45b2,2024-11,Sussex Police,Sussex Police,0.567133,50.883443,On or near Oasthouse Close,E01020987,Hastings 001D,Public order,Unable to prosecute suspect,
823e59ce142bb9a0977de7c9d1a01161e7e2c48c00c74072771c4cbacb0a8176,2024-11,Sussex Police,Sussex Police,0.567133,50.883443,On or near Oasthouse Close,E01020987,Hastings 001D,Public order,Unable to prosecute suspect,
deaaa52e2482b381c4e3fc3277712034c80c2a3273651fea1c448841b34acbcb,2024-11,Sussex Police,Sussex Police,0.560704,50.887820,On or near Eldridge Way,E01020987,Hastings 001D,Public order,Investigation complete; no suspect identified,
baecf30868c07ecde2b332c7bb252f24f0787a6f5a11de2ec3cee3ff14aa0f13,2024-11,Sussex Police,Sussex Police,0.560880,50.887646,On or near Francis Bird Place,E01020987,Hastings 001D,Public order,Unable to prosecute suspect,
de239d4c69ed8f47d76950c44d116536be4948bae917687c43435ffcccdae2d6,2024-11,Sussex Police,Sussex Police,0.567133,50.883443,On or near Oasthouse Close,E01020987,Hastings 001D,Violence and sexual offences,Unable to prosecute suspect,
1b414f107b36cdef7b027a8a2374de6c0509e0359f23ce2d10fdcb006e9450d3,2024-11,Sussex Police,Sussex Police,0.567133,50.883443,On or near Oasthouse Close,E01020987,Hastings 001D,Violence and sexual offences,Unable to prosecute suspect,
f5a594dee3bd9d7e3a2ba18e36327c8a1ee6fe4a930816be2e03c5c71acdd8ed,2024-11,Sussex Police,Sussex Police,0.560880,50.887646,On or near Francis Bird Place,E01020987,Hastings 001D,Violence and sexual offences,Unable to prosecute suspect,
8aa51501196c7cfdd266b5f84b05f095df57a387c363a4ea49dcfaf95fb8cc76,2024-11,Sussex Police,Sussex Police,0.560880,50.887646,On or near Francis Bird Place,E01020987,Hastings 001D,Violence and sexual offences,Unable to prosecute suspect,
848727f31a91c5ca157c27ae7d5cf7cdfcb3f2e6b0324fcd2b5734514e8a8495,2024-11,Sussex Police,Sussex Police,0.567133,50.883443,On or near Oasthouse Close,E01020987,Hastings 001D,Violence and sexual offences,Court result unavailable,
53cc2b2784ad6f51bb20ba4c1952b037e63fbb61c26e0783f45148d7f578f4be,2024-11,Sussex Police,Sussex Police,0.567133,50.883443,On or near Oasthouse Close,E01020987,Hastings 001D,Violence and sexual offences,Status update unavailable,
4aa07be990e16fb298bb11e494ee9cf335c3fcaf967909d0fec70173780d78ca,2024-11,Sussex Police,Sussex Police,0.567133,50.883443,On or near Oasthouse Close,E01020987,Hastings 001D,Violence and sexual offences,Court result unavailable,
60166e7cae6bf819343af8a2db219c9e5a55ab9c62d4ada10e66ac5a0a906665,2024-11,Sussex Police,Sussex Police,0.567133,50.883443,On or near Oasthouse Close,E01020987,Hastings 001D,Violence and sexual offences,Unable to prosecute suspect,
936a0e935bb2dd95a71500b1ced50ed13e3dc343f4a3eb379fa230e3ca5bcf46,2024-11,Sussex Police,Sussex Police,0.567133,50.883443,On or near Oasthouse Close,E01020987,Hastings 001D,Violence and sexual offences,Unable to prosecute suspect,
af41f186074eb6555c0f932a081cca514111cfdd6ed3c386356af6c07363ddd0,2024-11,Sussex Police,Sussex Police,0.567133,50.883443,On or near Oasthouse Close,E01020987,Hastings 001D,Violence and sexual offences,Unable to prosecute suspect,
4a30a32079947dacda7f84842e720f4386de211b8f022fe42869a562640f2e29,2024-11,Sussex Police,Sussex Police,0.560880,50.887646,On or near Francis Bird Place,E01020987,Hastings 001D,Violence and sexual offences,Investigation complete; no suspect identified,
cc78165c66f7a5624e915c156b8a01f2eef9b2f242cd3731906509046045e2d3,2024-11,Sussex Police,Sussex Police,0.592099,50.874220,On or near Amberstone Close,E01020974,Hastings 002A,Criminal damage and arson,Investigation complete; no suspect identified,
849d4fb1a9d8505da793c4eb635e6fa9d51de36b61a22a95a1525c03b15d9a2e,2024-11,Sussex Police,Sussex Police,0.586911,50.874610,On or near Sports/Recreation Area,E01020974,Hastings 002A,Public order,Unable to prosecute suspect,
bb08b59973b3b57664df7e90e59a9c535449b009b249df15b80ce7aaab82b121,2024-11,Sussex Police,Sussex Police,0.590126,50.871953,On or near Hoad'S Wood Road,E01020974,Hastings 002A,Robbery,Investigation complete; no suspect identified,
8fe7db26e1b4b95456243d2cda2d831d6b7abe067fa444428e91eaff2c40a6e0,2024-11,Sussex Police,Sussex Police,0.589257,50.870650,On or near Linley Drive,E01020974,Hastings 002A,Vehicle crime,Investigation complete; no suspect identified,
902b622d979eac1f689df9290bf0bd0c45931a423dc5fa00166a3252f95b70ec,2024-11,Sussex Police,Sussex Police,0.586911,50.874610,On or near Sports/Recreation Area,E01020974,Hastings 002A,Violence and sexual offences,Unable to prosecute suspect,
53a973b413edb3e1154659fded52f0c5e7a818bea30b5083e3e3ea7579ec79ff,2024-11,Sussex Police,Sussex Police,0.586911,50.874610,On or near Sports/Recreation Area,E01020974,Hastings 002A,Violence and sexual offences,Status update unavailable,
a825e01ee33595b9101b0847f51ebbb45a227706689ac508e7079fc48ab0d0f2,2024-11,Sussex Police,Sussex Police,0.590126,50.871953,On or near Hoad'S Wood Road,E01020974,Hastings 002A,Violence and sexual offences,Unable to prosecute suspect,
109ebd5929e71bea454fe7b792531123fc0116004a9c14d5aa3610d0c8969e97,2024-11,Sussex Police,Sussex Police,0.586911,50.874610,On or near Sports/Recreation Area,E01020974,Hastings 002A,Violence and sexual offences,Unable to prosecute suspect,
39838031812cf59b51ca5a616c10b8ecf7ba045a93980bed983945462ebf5d6d,2024-11,Sussex Police,Sussex Police,0.586911,50.874610,On or near Sports/Recreation Area,E01020974,Hastings 002A,Violence and sexual offences,Unable to prosecute suspect,
,2024-11,Sussex Police,Sussex Police,0.575092,50.881846,On or near Grange Road,E01020986,Hastings 002B,Anti-social behaviour,,
888547d1891f03a9af4fb1b3507a477b337bdd1277556391aae0b496dbf3dac7,2024-11,Sussex Police,Sussex Police,0.575087,50.884599,On or near Maitland Close,E01020986,Hastings 002B,Drugs,Local resolution,
3a62d06f53a2a327f96a7c15181089183f97e9c98b174954dc5e0be028e232d7,2024-11,Sussex Police,Sussex Police,0.575087,50.884599,On or near Maitland Close,E01020986,Hastings 002B,Other theft,Investigation complete; no suspect identified,
5e34b6622242b939df6e1e5d8914ed93adea0917314bd197afe00f2b5e8d873e,2024-11,Sussex Police,Sussex Police,0.582297,50.882820,On or near Sandrock Park,E01020986,Hastings 002B,Other theft,Investigation complete; no suspect identified,
6b47f6e71cd2a88ffb2963f0bd4d186a7e3eb0b7169737de391faf1105e9c39c,2024-11,Sussex Police,Sussex Police,0.571453,50.884967,On or near Byways,E01020986,Hastings 002B,Violence and sexual offences,Unable to prosecute suspect,
dfd26dbaebc7849bb4910fe40ac0322b32dade192ebe15a186f8e5225e0c59f1,2024-11,Sussex Police,Sussex Police,0.567005,50.877240,On or near Ghyllside Way,E01020988,Hastings 002C,Violence and sexual offences,Further investigation is not in the public interest,
07bfa7bef171430b1da390096c46cfadd6a02068c6c8c5b562575cbfbf91d02b,2024-11,Sussex Police,Sussex Police,0.567005,50.877240,On or near Ghyllside Way,E01020988,Hastings 002C,Violence and sexual offences,Further investigation is not in the public interest,
59a0748e4fc258e32d9e0b2c684a2bea0065e1f2d8fb02745d8cc1576c26f2a1,2024-11,Sussex Police,Sussex Police,0.571780,50.872053,On or near Hardrada Rise,E01021007,Hastings 002D,Violence and sexual offences,Unable to prosecute suspect,
021043970709ff79595f696a0bcf4f5c567743c8696fe7032824ef45ace976ba,2024-11,Sussex Police,Sussex Police,0.572464,50.871048,On or near Ashford Way,E01021007,Hastings 002D,Violence and sexual offences,Investigation complete; no suspect identified,
,2024-11,Sussex Police,Sussex Police,0.571179,50.865518,On or near A2101,E01021008,Hastings 002E,Anti-social behaviour,,
814ba223bc22693e6410a27c35a7b27ff885a0bf1a734ac3fd66e18c46e866bf,2024-11,Sussex Police,Sussex Police,0.575057,50.866251,On or near St Helen'S Crescent,E01021008,Hastings 002E,Vehicle crime,Investigation complete; no suspect identified,
84efa2ae785f2964f230cf5f301936ae74e566d146d9521e235620f15366760f,2024-11,Sussex Police,Sussex Police,0.580944,50.870420,On or near Abbotsfield Close,E01021008,Hastings 002E,Violence and sexual offences,Unable to prosecute suspect,
,2024-11,Sussex Police,Sussex Police,0.574663,50.867366,On or near Thanet Way,E01021009,Hastings 002F,Anti-social behaviour,,
,2024-11,Sussex Police,Sussex Police,0.576975,50.868044,On or near St Helen'S Court,E01021009,Hastings 002F,Anti-social behaviour,,
,2024-11,Sussex Police,Sussex Police,0.566798,50.868304,On or near St Helen'S Road,E01021009,Hastings 002F,Anti-social behaviour,,
8e12ea2f23d2b3f9ca22f1ba2460fbedcef154bae5ce0e06897c6d2f14afa9fa,2024-11,Sussex Police,Sussex Police,0.573157,50.868919,On or near Ashford Road,E01021009,Hastings 002F,Public order,Status update unavailable,
f77afa0b564c2e3775ddce7d9279ebebc29a86e84db0e121dba2cca5f8295050,2024-11,Sussex Police,Sussex Police,0.567797,50.870180,On or near Park View,E01021009,Hastings 002F,Public order,Unable to prosecute suspect,
70cfa17d91af50c7ab89ce4a0b3436273d13a6adcb3156365b649c484b864a58,2024-11,Sussex Police,Sussex Police,0.567785,50.873337,On or near Park Close,E01021009,Hastings 002F,Vehicle crime,Investigation complete; no suspect identified,
3d92c28db945086c1f333ff6836b6826eb067756ff85fec1255ea7812c6bbde7,2024-11,Sussex Police,Sussex Police,0.567797,50.870180,On or near Park View,E01021009,Hastings 002F,Violence and sexual offences,Unable to prosecute suspect,
7bb704d36f6046e8716c62408a51b376935d37bd57e663f029f90565fc66ea59,2024-11,Sussex Police,Sussex Police,0.573157,50.868919,On or near Ashford Road,E01021009,Hastings 002F,Violence and sexual offences,Unable to prosecute suspect,
8758834d81c22718281caeba4e90803207555f2fdd5421f16974215ac429dc1f,2024-11,Sussex Police,Sussex Police,0.576363,50.869064,On or near Osborne Close,E01021009,Hastings 002F,Violence and sexual offences,Unable to prosecute suspect,
ac1246832f7ce69630db777201aaf188bcafd3629910aa5f9547cbee8bced796,2024-11,Sussex Police,Sussex Police,0.576363,50.869064,On or near Osborne Close,E01021009,Hastings 002F,Violence and sexual offences,Unable to prosecute suspect,
b0f96f2c2901295bcc5311e2683a28e543c2f31a0ec6cde396d3b9309d9c741c,2024-11,Sussex Police,Sussex Police,0.570440,50.870176,On or near Park Crescent,E01021009,Hastings 002F,Violence and sexual offences,Unable to prosecute suspect,
af4f7bd7bd993a3eac3e08b9593e7bc27a626bdac98ce6b2b9d455a79b902781,2024-11,Sussex Police,Sussex Police,0.576377,50.868551,On or near Freshwater Avenue,E01021009,Hastings 002F,Violence and sexual offences,Unable to prosecute suspect,
,2024-11,Sussex Police,Sussex Police,0.545190,50.876072,On or near Marline Avenue,E01020993,Hastings 003A,Anti-social behaviour,,
f883746eba4c297a105cac1cd6249551c211810877353ba25e1b8124e07d2f3e,2024-11,Sussex Police,Sussex Police,0.545190,50.876072,On or near Marline Avenue,E01020993,Hastings 003A,Criminal damage and arson,Unable to prosecute suspect,
f3e7d376b311aa3899c9876abf3c9871e8ceb5bb3cc0203debbf47f3c59dd19c,2024-11,Sussex Police,Sussex Police,0.551084,50.875178,On or near Hollington Old Lane,E01020993,Hastings 003A,Criminal damage and arson,Unable to prosecute suspect,
8151f9fde7c8e6e056cac2771a77de52d4818e94bd73de5977423012ba78459a,2024-11,Sussex Police,Sussex Police,0.546525,50.879694,On or near Willingdon Avenue,E01020993,Hastings 003A,Criminal damage and arson,Investigation complete; no suspect identified,
9e6b1b728796ae6ed5c0ea534f94861df1ed6a6f88c28195a1302c81d4541f37,2024-11,Sussex Police,Sussex Police,0.551084,50.875178,On or near Hollington Old Lane,E01020993,Hastings 003A,Public order,Investigation complete; no suspect identified,
aa77b66176e7cddf110f2c49f21a7d398fed33928bec664d79fabd83d59c775f,2024-11,Sussex Police,Sussex Police,0.551084,50.875178,On or near Hollington Old Lane,E01020993,Hastings 003A,Shoplifting,Investigation complete; no suspect identified,
04708620f67ff0a6e8424dd59493e17d4a2fba523314c8c5d4b437f2c19d54d5,2024-11,Sussex Police,Sussex Police,0.547015,50.875384,On or near Beauchamp Road,E01020993,Hastings 003A,Violence and sexual offences,Further investigation is not in the public interest,
44714e6bb1436ff89eb7e16f4f36d3d28a9260081e8f66d6d7e87065c095f51d,2024-11,Sussex Police,Sussex Police,0.545190,50.876072,On or near Marline Avenue,E01020993,Hastings 003A,Violence and sexual offences,Unable to prosecute suspect,
90dace07c5bd3505a38aa1851fb6837159776a2dac599ec869898e0805f955f7,2024-11,Sussex Police,Sussex Police,0.547170,50.879788,On or near Willingdon Way,E01020993,Hastings 003A,Violence and sexual offences,Status update unavailable,
b980eb733b8e1fd0f8d1a74d9bc88498bdaff3b3f00131310cd563665b6a52ec,2024-11,Sussex Police,Sussex Police,0.547015,50.875384,On or near Beauchamp Road,E01020993,Hastings 003A,Violence and sexual offences,Unable to prosecute suspect,
a35bf83cb00d435fd24be808486b58e931175bc06e0407329392db02c9bbb21c,2024-11,Sussex Police,Sussex Police,0.551084,50.875178,On or near Hollington Old Lane,E01020993,Hastings 003A,Violence and sexual offences,Unable to prosecute suspect,
d6981293745760c67805080395d8543daaf87a474d827d27e0da05a69efeddc1,2024-11,Sussex Police,Sussex Police,0.551084,50.875178,On or near Hollington Old Lane,E01020993,Hastings 003A,Other crime,Unable to prosecute suspect,
,2024-11,Sussex Police,Sussex Police,0.543196,50.878858,On or near Lincoln Close,E01020994,Hastings 003B,Anti-social behaviour,,
f5558228eca535106ce282c356306aa2a86068d13fabdf68d90334ae51a5c748,2024-11,Sussex Police,Sussex Police,0.544330,50.877494,On or near Hertford Close,E01020994,Hastings 003B,Burglary,Investigation complete; no suspect identified,
55b9c5a6a99805dadfc75d6a974fc4b0dad4690b5d552859d91e4ced3fce23b4,2024-11,Sussex Police,Sussex Police,0.545097,50.877747,On or near Wishing Tree Road North,E01020994,Hastings 003B,Drugs,Local resolution,
1ca96aed919fa141538400e04fb9bfa533e5f8b254ebcd5794c7f6902951bcb5,2024-11,Sussex Police,Sussex Police,0.542670,50.880435,On or near Lancaster Road,E01020994,Hastings 003B,Drugs,Status update unavailable,
dcdef208abb3aed118830086d9a7a0171d9571887a3c9db4313be4872b7652e3,2024-11,Sussex Police,Sussex Police,0.542670,50.880435,On or near Lancaster Road,E01020994,Hastings 003B,Public order,Unable to prosecute suspect,
7981cbc029b376aa0daf64ae9b13ad42c2c999e93530cc014dba9e3a41e5e2dc,2024-11,Sussex Police,Sussex Police,0.546324,50.878098,On or near Edward Terrace,E01020994,Hastings 003B,Public order,Unable to prosecute suspect,
bd55714b8f88416bcad69f11f82701b16747f33d79d96c04e4fbfa8d925fb76f,2024-11,Sussex Police,Sussex Police,0.542670,50.880435,On or near Lancaster Road,E01020994,Hastings 003B,Violence and sexual offences,Unable to prosecute suspect,
c3efb32aa4f39a729e183ed75e13241dc0d082ed83fc1b073bdb7db8d3c7cc54,2024-11,Sussex Police,Sussex Police,0.543097,50.879400,On or near Northampton Way,E01020994,Hastings 003B,Violence and sexual offences,Unable to prosecute suspect,
d277ed9cfe2ad9e9e5c0ee47948109fa8baa34f17b2e35abdc9455d8d17820d2,2024-11,Sussex Police,Sussex Police,0.542670,50.880435,On or near Lancaster Road,E01020994,Hastings 003B,Violence and sexual offences,Local resolution,
94e2bfa957a363710e0c865bf6d694691807475eedeca694dba601c0b977dd4f,2024-11,Sussex Police,Sussex Police,0.545097,50.877747,On or near Wishing Tree Road North,E01020994,Hastings 003B,Other crime,Unable to prosecute suspect,
,2024-11,Sussex Police,Sussex Police,0.539451,50.879021,On or near Taylor Close,E01020995,Hastings 003C,Anti-social behaviour,,
,2024-11,Sussex Police,Sussex Police,0.534763,50.876730,On or near Petrol Station,E01020995,Hastings 003C,Anti-social behaviour,,
,2024-11,Sussex Police,Sussex Police,0.538441,50.879268,On or near Carpenter Drive,E01020995,Hastings 003C,Anti-social behaviour,,
5d33339c484e0c0069a8193d1f0efb3d18483bf1a46de07d1c1836c97f6433f6,2024-11,Sussex Police,Sussex Police,0.534763,50.876730,On or near Petrol Station,E01020995,Hastings 003C,Criminal damage and arson,Investigation complete; no suspect identified,
7887b4e1be91bef7412f875ae98dfcb9ac227b84d674ee18047ce767a143a10f,2024-11,Sussex Police,Sussex Police,0.534763,50.876730,On or near Petrol Station,E01020995,Hastings 003C,Other theft,Unable to prosecute suspect,
bd61b81188cf99af0a875c51f02f6f774a0237b270b073a0529aec894911e061,2024-11,Sussex Police,Sussex Police,0.541218,50.877265,On or near Howlett Close,E01020995,Hastings 003C,Other theft,Unable to prosecute suspect,
165faf513329ee93d48924a11d34e7be00ca9d6348e47225015bc4727432d1fb,2024-11,Sussex Police,Sussex Police,0.541218,50.877265,On or near Howlett Close,E01020995,Hastings 003C,Other theft,Unable to prosecute suspect,
d3ce56d303c70ec69551ddae1ef8b2e7f952caffe79677f8df326cfd46b173df,2024-11,Sussex Police,Sussex Police,0.534763,50.876730,On or near Petrol Station,E01020995,Hastings 003C,Other theft,Investigation complete; no suspect identified,
d6601d46c9aa12b65d62e173c9ffa859c159395dd1697a82c165b4aa501fa12d,2024-11,Sussex Police,Sussex Police,0.534763,50.876730,On or near Petrol Station,E01020995,Hastings 003C,Other theft,Investigation complete; no suspect identified,
ff1beb3b42eadafc1a351e2538d72fca5606cdf2a965336ca335c093a6304f5d,2024-11,Sussex Police,Sussex Police,0.534763,50.876730,On or near Petrol Station,E01020995,Hastings 003C,Other theft,Investigation complete; no suspect identified,
b1f338ac9dd7553346061b7f4ebf6def72140c09c5c81366855db6f4ee196a75,2024-11,Sussex Police,Sussex Police,0.534763,50.876730,On or near Petrol Station,E01020995,Hastings 003C,Public order,Unable to prosecute suspect,
2dcc868e8c78286fb17f9e7ea69abf7f440191bbadfb45141d62be94165942a5,2024-11,Sussex Police,Sussex Police,0.539109,50.880827,On or near Stanier Road,E01020995,Hastings 003C,Public order,Unable to prosecute suspect,
dfe3d206c3789ba2c4e0677ae8b43c7e6d0abb9d5ed31fbb9d0489961492abab,2024-11,Sussex Police,Sussex Police,0.534763,50.876730,On or near Petrol Station,E01020995,Hastings 003C,Shoplifting,Unable to prosecute suspect,
06335c3d71a379aadaff2208b8f4bbe49131c4c993c2ecc9dd678056023c73f6,2024-11,Sussex Police,Sussex Police,0.534763,50.876730,On or near Petrol Station,E01020995,Hastings 003C,Shoplifting,Investigation complete; no suspect identified,
e6fafa0f568b9d1b887a4f3375d84c69259e8d3cd89b90d0e801f00d252838ce,2024-11,Sussex Police,Sussex Police,0.539701,50.877073,On or near Frewyn Close,E01020995,Hastings 003C,Vehicle crime,Investigation complete; no suspect identified,
8d1e9f89b6599abfa37aa8ef5ae241956344f36535750117694ffac59195f4db,2024-11,Sussex Police,Sussex Police,0.538273,50.878786,On or near Michelson Close,E01020995,Hastings 003C,Violence and sexual offences,Offender given a caution,
254a2f10b450e95d8eb0bfeab577a40dfbe7441c7f39bf67447bed5944daa9d0,2024-11,Sussex Police,Sussex Police,0.539701,50.877073,On or near Frewyn Close,E01020995,Hastings 003C,Violence and sexual offences,Unable to prosecute suspect,
bfb5ad2977027cbc214d652e9b814e8a363754214a77d72fc4c003de9350a79b,2024-11,Sussex Police,Sussex Police,0.541024,50.878654,On or near Adam Close,E01020995,Hastings 003C,Other crime,Investigation complete; no suspect identified,
,2024-11,Sussex Police,Sussex Police,0.526744,50.870914,On or near Salehurst Gardens,E01020996,Hastings 003D,Anti-social behaviour,,
,2024-11,Sussex Police,Sussex Police,0.527541,50.871733,On or near Hartfield Meadow,E01020996,Hastings 003D,Anti-social behaviour,,
8db121d660bc2d8218a1776d12044d8d358fc8022d103065130473e97dc0e7e2,2024-11,Sussex Police,Sussex Police,0.542852,50.874890,On or near The Slides,E01020996,Hastings 003D,Other theft,Investigation complete; no suspect identified,
f524dcaa3cff8a9cc5fb1051fa26530c522605ff8eff2fc4908941f19158b83d,2024-11,Sussex Police,Sussex Police,0.542852,50.874890,On or near The Slides,E01020996,Hastings 003D,Other theft,Status update unavailable,
76f90d7a7bbf5fdfd6c4224509cf6f732231a213a3f26e97c450fb0f4d7c1f70,2024-11,Sussex Police,Sussex Police,0.527807,50.868508,On or near Catsfield Close,E01020996,Hastings 003D,Possession of weapons,Unable to prosecute suspect,
859a56aaab774aad76fea39d3232d8f5ee200ea66c16833b1b51d483f0502279,2024-11,Sussex Police,Sussex Police,0.533168,50.874310,On or near Plover Court,E01020996,Hastings 003D,Possession of weapons,Offender given a caution,
703489f0e4cd40d1027df413c7ebed5c4dda6dd7b3564678199e2deb6cf03ec9,2024-11,Sussex Police,Sussex Police,0.542852,50.874890,On or near The Slides,E01020996,Hastings 003D,Violence and sexual offences,Investigation complete; no suspect identified,
7e6bb5515c1390fa6b657cd109a7abd8eeb1f15a222d725785450eb0f8787244,2024-11,Sussex Police,Sussex Police,0.542852,50.874890,On or near The Slides,E01020996,Hastings 003D,Violence and sexual offences,Investigation complete; no suspect identified,
dd1f96d5f76514353478e65c272583f892fd7a12cf380e3b577adf25ca8f5104,2024-11,Sussex Police,Sussex Police,0.528650,50.872249,On or near Kensington Close,E01020996,Hastings 003D,Violence and sexual offences,Unable to prosecute suspect,
0b8a350eec070ac33d2959415e495af7475aa104a687257156b256db1e03cd87,2024-11,Sussex Police,Sussex Police,0.528650,50.872249,On or near Kensington Close,E01020996,Hastings 003D,Violence and sexual offences,Unable to prosecute suspect,
c47406b49572a19b233c0ebb7b6b7d784578fe433be28505ba8bfaa04969c214,2024-11,Sussex Police,Sussex Police,0.525340,50.872824,On or near Watermill Drive,E01020996,Hastings 003D,Violence and sexual offences,Unable to prosecute suspect,
493424623a3726bffb98a720b77df3a578458c28b592e82626ffab5d07053e39,2024-11,Sussex Police,Sussex Police,0.542852,50.874890,On or near The Slides,E01020996,Hastings 003D,Other crime,Investigation complete; no suspect identified,
,2024-11,Sussex Police,Sussex Police,0.551537,50.870195,On or near Menzies Road,E01021019,Hastings 003E,Anti-social behaviour,,
,2024-11,Sussex Police,Sussex Police,0.553030,50.872033,On or near Adelaide Road,E01021019,Hastings 003E,Anti-social behaviour,,
,2024-11,Sussex Police,Sussex Police,0.552058,50.871928,On or near Sydney Close,E01021019,Hastings 003E,Anti-social behaviour,,
a6b8ec1ceeacef2a2f806a44a5d9f12d9d7930ed897623541e07d6a185c9588d,2024-11,Sussex Police,Sussex Police,0.553060,50.869208,On or near Petrol Station,E01021019,Hastings 003E,Criminal damage and arson,Investigation complete; no suspect identified,
07d3633dcb5d3af21f9f84313c220aab04f54a2a7139369a88b6243df06d929a,2024-11,Sussex Police,Sussex Police,0.553030,50.872033,On or near Adelaide Road,E01021019,Hastings 003E,Criminal damage and arson,Unable to prosecute suspect,
de9f3912d91eef4240f062ca5680245992d99efa77f95bf2da7a90630ba4f408,2024-11,Sussex Police,Sussex Police,0.552058,50.871928,On or near Sydney Close,E01021019,Hastings 003E,Other theft,Unable to prosecute suspect,
f157ad8953fcd990eb6f8fc82f45cd9cb61c374fe9a495508e2a6bfa055d5783,2024-11,Sussex Police,Sussex Police,0.552058,50.871928,On or near Sydney Close,E01021019,Hastings 003E,Other theft,Investigation complete; no suspect identified,
34c3d5e94f5f54d3af38d455cb515be63a61e9e0508c22382a43e0bace3a8d0a,2024-11,Sussex Police,Sussex Police,0.553030,50.872033,On or near Adelaide Road,E01021019,Hastings 003E,Possession of weapons,Offender given a caution,
89b84b1c6a60b13cb3c1369bd90016ffe0b78a1d592530435b71f2b1bd0b97b3,2024-11,Sussex Police,Sussex Police,0.551537,50.870195,On or near Menzies Road,E01021019,Hastings 003E,Public order,Investigation complete; no suspect identified,
d3b4aa2b0d89994865de89f52a71d514aa8850455bc3c98526f7d9cfde99fbad,2024-11,Sussex Police,Sussex Police,0.551537,50.870195,On or near Menzies Road,E01021019,Hastings 003E,Shoplifting,Investigation complete; no suspect identified,
9f964add11374578af1eb45afd8b5f5f87d254abe51afe94d68788f918bfd134,2024-11,Sussex Police,Sussex Police,0.552058,50.871928,On or near Sydney Close,E01021019,Hastings 003E,Vehicle crime,Investigation complete; no suspect identified,
97dfb86e543dd6aff2bc0fc4e1e92cce1d0235b1a45c8d03de2993989a8bd7f2,2024-11,Sussex Police,Sussex Police,0.551537,50.870195,On or near Menzies Road,E01021019,Hastings 003E,Violence and sexual offences,Court result unavailable,
ec4cdbbed9dbada63bd7afbd2f89e75683bd1c974d802f95be4b8adc83d5d5d2,2024-11,Sussex Police,Sussex Police,0.551537,50.870195,On or near Menzies Road,E01021019,Hastings 003E,Violence and sexual offences,Court result unavailable,
a209802c20b1e7232ed9b8b9e478f71f9e499b88a711720d4274029990dfeba5,2024-11,Sussex Police,Sussex Police,0.552058,50.871928,On or near Sydney Close,E01021019,Hastings 003E,Violence and sexual offences,Status update unavailable,
7d513404803f2a0b616980b378f9905b88f6dbd5c1ec32fd421d97818df7dc83,2024-11,Sussex Police,Sussex Police,0.549919,50.874152,On or near Rymill Road,E01021019,Hastings 003E,Violence and sexual offences,Awaiting court outcome,
4b2e2b6ddc4d171243ca37f9fc8af52327ce59c373f671d95a094eae45c7df89,2024-11,Sussex Police,Sussex Police,0.551537,50.870195,On or near Menzies Road,E01021019,Hastings 003E,Violence and sexual offences,Unable to prosecute suspect,
2125d7f190c10d13295fcc120c7e4953b0d78ec10ed698abb4293a10ec2bd892,2024-11,Sussex Police,Sussex Police,0.553030,50.872033,On or near Adelaide Road,E01021019,Hastings 003E,Violence and sexual offences,Unable to prosecute suspect,
226472071ad5e8bcb202933570c949001ef613070ac31d853605ca01e67e0ced,2024-11,Sussex Police,Sussex Police,0.553030,50.872033,On or near Adelaide Road,E01021019,Hastings 003E,Violence and sexual offences,Unable to prosecute suspect,
8860738d734135328d83d63880ed83391c36d8d98c5d1cc0affd8991e0d59ede,2024-11,Sussex Police,Sussex Police,0.553030,50.872033,On or near Adelaide Road,E01021019,Hastings 003E,Other crime,Unable to prosecute suspect,
,2024-11,Sussex Police,Sussex Police,0.609204,50.875044,On or near Supermarket,E01021004,Hastings 004A,Anti-social behaviour,,
26e049cde4f77f60ca4f1c1a2383ccd3eac6c71458e69fd701b5193fea0bf83a,2024-11,Sussex Police,Sussex Police,0.625770,50.875635,On or near Parking Area,E01021004,Hastings 004A,Criminal damage and arson,Investigation complete; no suspect identified,
7728c7c347fdf192d4145b6cbb8aff6eff3ab31b242f262692aa078ae34f2a65,2024-11,Sussex Police,Sussex Police,0.609204,50.875044,On or near Supermarket,E01021004,Hastings 004A,Public order,Unable to prosecute suspect,
b93fc402216a6a21a0ad9ba111a44e9494f1b4982b0beff98fba47fcaf0c4283,2024-11,Sussex Police,Sussex Police,0.609204,50.875044,On or near Supermarket,E01021004,Hastings 004A,Shoplifting,Investigation complete; no suspect identified,
718046771ec635509c77a3c01f04abfb61be3a1ea6d3e6496fc3735fc962ddd3,2024-11,Sussex Police,Sussex Police,0.609204,50.875044,On or near Supermarket,E01021004,Hastings 004A,Shoplifting,Investigation complete; no suspect identified,
33e675f75087296ba3a5c906dbfd5d59efc5951d06817b3613a20f5ef67a3a7c,2024-11,Sussex Police,Sussex Police,0.609204,50.875044,On or near Supermarket,E01021004,Hastings 004A,Shoplifting,Investigation complete; no suspect identified,
d65205c4e8a54d914716d27e52394049bd16605cd18aaab33ec2469a7c1057d4,2024-11,Sussex Police,Sussex Police,0.611991,50.873795,On or near The Broadway,E01021004,Hastings 004A,Vehicle crime,Investigation complete; no suspect identified,
181a2a9024e42bb0d1d49d6ed2d227aeff19fef17e79404dadca15f508dff984,2024-11,Sussex Police,Sussex Police,0.616644,50.875894,On or near Firle Close,E01021004,Hastings 004A,Vehicle crime,Investigation complete; no suspect identified,
510be816ef7a8165ac9cd3ca38281547e87b4c4f2b91ef18df5dc04eacf7e939,2024-11,Sussex Police,Sussex Police,0.614339,50.880695,On or near Winchelsea Lane,E01021004,Hastings 004A,Violence and sexual offences,Further action is not in the public interest,
37923662566b8dcab312c166dc12965cc74660413620d9a7b6fbfd210c3cc420,2024-11,Sussex Police,Sussex Police,0.609204,50.875044,On or near Supermarket,E01021004,Hastings 004A,Violence and sexual offences,Investigation complete; no suspect identified,
b2fa2d08016b3f836a2cb1e63f10c1e13de2a4ec454389914df2682e23a7cf84,2024-11,Sussex Police,Sussex Police,0.609204,50.875044,On or near Supermarket,E01021004,Hastings 004A,Violence and sexual offences,Investigation complete; no suspect identified,
4d14b0c8e1b03971f241c450c9dc452ff5fd6915765cf5ea1bb99076c7f06bd2,2024-11,Sussex Police,Sussex Police,0.609204,50.875044,On or near Supermarket,E01021004,Hastings 004A,Violence and sexual offences,Unable to prosecute suspect,
80935b27e14c24b17f554553071721035223aeb47fb557f60a916fc09b3df586,2024-11,Sussex Police,Sussex Police,0.614339,50.880695,On or near Winchelsea Lane,E01021004,Hastings 004A,Violence and sexual offences,Unable to prosecute suspect,
,2024-11,Sussex Police,Sussex Police,0.611317,50.878262,On or near Montgomery Road,E01021005,Hastings 004B,Anti-social behaviour,,
d0c6015776c13c964c8995597f21d66f36ae92b66f2288ce6f1b04b57337b677,2024-11,Sussex Police,Sussex Police,0.615044,50.876020,On or near Crowborough Road,E01021005,Hastings 004B,Burglary,Unable to prosecute suspect,
a99d42972450bac3230b1a1e04ad063ddb1ebb84aca25821bd62bd741c2fabbc,2024-11,Sussex Police,Sussex Police,0.611586,50.875944,On or near Sports/Recreation Area,E01021005,Hastings 004B,Public order,Unable to prosecute suspect,
a1151d691b2be4b0e912af32fbb8068704967130fa9dcf06c339a20c324ecbdf,2024-11,Sussex Police,Sussex Police,0.615044,50.876020,On or near Crowborough Road,E01021005,Hastings 004B,Public order,Investigation complete; no suspect identified,
4d2308dfa545eb541ecd9fa51f9bfc739991ff6a0f060dddecd56f54db2dd242,2024-11,Sussex Police,Sussex Police,0.615044,50.876020,On or near Crowborough Road,E01021005,Hastings 004B,Violence and sexual offences,Unable to prosecute suspect,
61be562de70c343431870119d68d3e1c8a0766773a4d8a7da8bb089b4325e9ca,2024-11,Sussex Police,Sussex Police,0.615514,50.876531,On or near Ditchling Drive,E01021005,Hastings 004B,Violence and sexual offences,Unable to prosecute suspect,
72370f503c68c75823b83660c49da947807d9b2aba6b699e92d9b710b4f99e46,2024-11,Sussex Police,Sussex Police,0.613863,50.879041,On or near Rye Road,E01021005,Hastings 004B,Violence and sexual offences,Unable to prosecute suspect,
cd60267984055b3a04fc87d6acc8087aaa934885fd7d4ad6a5154ab1ee59ba8a,2024-11,Sussex Police,Sussex Police,0.611317,50.878262,On or near Montgomery Road,E01021005,Hastings 004B,Violence and sexual offences,Unable to prosecute suspect,
572c487e81212c620798fcea39b004fca7fe66b36dcd78c3e7f5bd76b3f650f6,2024-11,Sussex Police,Sussex Police,0.611317,50.878262,On or near Montgomery Road,E01021005,Hastings 004B,Violence and sexual offences,Unable to prosecute suspect,
,2024-11,Sussex Police,Sussex Police,0.610179,50.866298,On or near Pinders Road,E01021006,Hastings 004C,Anti-social behaviour,,
c3f4c92b0715fb6a92c7b83370a8dc8a8b583d1a009a022a6b2deae4f11ba554,2024-11,Sussex Police,Sussex Police,0.609120,50.870990,On or near Canute Road,E01021006,Hastings 004C,Burglary,Unable to prosecute suspect,
a5603aa1c14e0f87fcf42d486b9c6cc8faa99db05c9281b5138cbcf1f4f6ca93,2024-11,Sussex Police,Sussex Police,0.609252,50.872336,On or near Supermarket,E01021006,Hastings 004C,Criminal damage and arson,Investigation complete; no suspect identified,
f9dc5ad2acc84f4c8510750c55c43197eef02f7c1ef4013e090bf416d23853a3,2024-11,Sussex Police,Sussex Police,0.609252,50.872336,On or near Supermarket,E01021006,Hastings 004C,Criminal damage and arson,Investigation complete; no suspect identified,
8a016dcaadbc207806f4f8ba67b80c2ca4f846c3b369e776803c3dbb2823bd88,2024-11,Sussex Police,Sussex Police,0.609120,50.870990,On or near Canute Road,E01021006,Hastings 004C,Criminal damage and arson,Unable to prosecute suspect,
6e845689e942a6c7ec1a4836356da78fcb985da009983060c3dbb8fade78032d,2024-11,Sussex Police,Sussex Police,0.612565,50.867783,On or near Hornbeam Heights,E01021006,Hastings 004C,Other theft,Investigation complete; no suspect identified,
2e9cffb38e624c6eba5096ed3c21091adff0b1ef648daea4666c76120dec2c71,2024-11,Sussex Police,Sussex Police,0.612134,50.868215,On or near Hawthorn Road,E01021006,Hastings 004C,Possession of weapons,Unable to prosecute suspect,
f4a43e88c181572002bcd54e8b51f5ddc9d4c8210933e8353736bb32fcee2bb7,2024-11,Sussex Police,Sussex Police,0.612565,50.867783,On or near Hornbeam Heights,E01021006,Hastings 004C,Public order,Investigation complete; no suspect identified,
7460b957c22ff73d628d000150e6a8112b715cb24bd5259c61371c6016c057bb,2024-11,Sussex Police,Sussex Police,0.609120,50.870990,On or near Canute Road,E01021006,Hastings 004C,Violence and sexual offences,Unable to prosecute suspect,
,2024-11,Sussex Police,Sussex Police,0.603197,50.870564,On or near Sandown Road,E01021013,Hastings 004D,Anti-social behaviour,,
,2024-11,Sussex Police,Sussex Police,0.604734,50.873912,On or near Travellers Lane,E01021013,Hastings 004D,Anti-social behaviour,,
36e1a9d49c8221398b52fd8bc4d03a99eb15b8097511fadc271eb1db2d565b85,2024-11,Sussex Police,Sussex Police,0.604085,50.870689,On or near School Road,E01021013,Hastings 004D,Criminal damage and arson,Unable to prosecute suspect,
ab903b08a715ea77a784f9dc722002f8057d5b7af2b9e7630877e865c74804f9,2024-11,Sussex Police,Sussex Police,0.603056,50.874930,On or near Coghurst Road,E01021013,Hastings 004D,Criminal damage and arson,Investigation complete; no suspect identified,
1c3a9672fd95245cec90c99d4e45d3ecceb1d7ce149b06a0e68fd11d3b609ea8,2024-11,Sussex Police,Sussex Police,0.603158,50.873947,On or near Percy Road,E01021013,Hastings 004D,Vehicle crime,Investigation complete; no suspect identified,
6ff4d249a890406afbabac76fd0baf3f04520eb96a36c5c927622ccd26d7ab1b,2024-11,Sussex Police,Sussex Police,0.604734,50.873912,On or near Travellers Lane,E01021013,Hastings 004D,Vehicle crime,Investigation complete; no suspect identified,
e66c9bb0bf54f52b0a0e3ee94d4cfdbd0ab588a0cd7daf917f270a2ec59373f8,2024-11,Sussex Police,Sussex Police,0.604734,50.873912,On or near Travellers Lane,E01021013,Hastings 004D,Vehicle crime,Investigation complete; no suspect identified,
429955a8486349a0b6185d14c6178b38e56b50bbfe1b18bc31f06fe727170afd,2024-11,Sussex Police,Sussex Police,0.604131,50.870750,On or near Solle Mews,E01021013,Hastings 004D,Violence and sexual offences,Unable to prosecute suspect,
570332b0bafaa11fbc657b2debd2325babacc8b241819ac075dbc898412e0694,2024-11,Sussex Police,Sussex Police,0.608283,50.873833,On or near Leeds Close,E01021013,Hastings 004D,Violence and sexual offences,Further investigation is not in the public interest,
3eacc18753aa3457ae11efa27639aa8da2195f376ada4b8f8e1df38c2a34adb9,2024-11,Sussex Police,Sussex Police,0.607699,50.872020,On or near Graystone Lane,E01021013,Hastings 004D,Violence and sexual offences,Investigation complete; no suspect identified,
450104dc18ff52913205a3e73ffb878ab22dbe3875e491c5407f65cb03c37eb4,2024-11,Sussex Police,Sussex Police,0.601659,50.868989,On or near High Bank Close,E01021013,Hastings 004D,Violence and sexual offences,Unable to prosecute suspect,
db4e956ecfc5408106d229fdc9c56fbc5741fddcd6fb4f1562a8d987fbd45437,2024-11,Sussex Police,Sussex Police,0.607699,50.872020,On or near Graystone Lane,E01021013,Hastings 004D,Violence and sexual offences,Status update unavailable,
fc3a712deb4245f6cbd4d3cb1a21e3fdbfba0e8a4a5e36f55733ff8cbfaf18a1,2024-11,Sussex Police,Sussex Police,0.608283,50.873833,On or near Leeds Close,E01021013,Hastings 004D,Violence and sexual offences,Unable to prosecute suspect,
e66be3eed393ff43aa05400c0de80db3e383fd1c4083833dad27fb34e89a37af,2024-11,Sussex Police,Sussex Police,0.608283,50.873833,On or near Leeds Close,E01021013,Hastings 004D,Violence and sexual offences,Further investigation is not in the public interest,
,2024-11,Sussex Police,Sussex Police,0.596562,50.871648,On or near Brendon Rise,E01020972,Hastings 005A,Anti-social behaviour,,
fda7a485abe57cf2b1404d1257b80828f8734da0927e67f7f7ce39b7ec9d957b,2024-11,Sussex Police,Sussex Police,0.592366,50.870050,On or near Cobb Close,E01020972,Hastings 005A,Other theft,Unable to prosecute suspect,
2443765567dabd57e901bf985f964ff2fc3770a179a57b579dc4dd5117fa3c7d,2024-11,Sussex Police,Sussex Police,0.592366,50.870050,On or near Cobb Close,E01020972,Hastings 005A,Public order,Unable to prosecute suspect,
3f341cc474ce5b267385b265fafad086468b1eaf54b500edff535232479e3691,2024-11,Sussex Police,Sussex Police,0.599875,50.875235,On or near The Cheviots,E01020972,Hastings 005A,Public order,Unable to prosecute suspect,
bb4c09a0dcfd89443ba0bdeab9722265493d697d8c12673bbc6f74ef06458f5b,2024-11,Sussex Police,Sussex Police,0.592366,50.870050,On or near Cobb Close,E01020972,Hastings 005A,Public order,Unable to prosecute suspect,
24fd432f959a5334d48330d659c1c7fd0e649dfdec2b19f1fd7d1de8ce9acc57,2024-11,Sussex Police,Sussex Police,0.598758,50.874828,On or near Pennine Rise,E01020972,Hastings 005A,Public order,Investigation complete; no suspect identified,
4e44e920088facc4befcea5ad84d09941b5c3e57ecb8b745f93e8cd11584fed3,2024-11,Sussex Police,Sussex Police,0.593268,50.869913,On or near Fellows Road,E01020972,Hastings 005A,Vehicle crime,Investigation complete; no suspect identified,
de3f78b30beba74ae2db34b9711f7857aee25fde95df521bb105691c0b532e4d,2024-11,Sussex Police,Sussex Police,0.596562,50.871648,On or near Brendon Rise,E01020972,Hastings 005A,Violence and sexual offences,Unable to prosecute suspect,
6c27c7decb8f597bf949885cc530f13c769879377589467a6eff974543294b4c,2024-11,Sussex Police,Sussex Police,0.598758,50.874828,On or near Pennine Rise,E01020972,Hastings 005A,Violence and sexual offences,Unable to prosecute suspect,
9a909155d8e88ccb4798029542af064941858ceb01e784cd8074db6731d082d3,2024-11,Sussex Police,Sussex Police,0.592366,50.870050,On or near Cobb Close,E01020972,Hastings 005A,Violence and sexual offences,Unable to prosecute suspect,
3e7d271b0879084fb185dc5c6a43e33b151f8432332f377b964892493f9edf5d,2024-11,Sussex Police,Sussex Police,0.599042,50.873805,On or near Mendip Gardens,E01020972,Hastings 005A,Violence and sexual offences,Unable to prosecute suspect,
6b376329d1ecdf73bf9b0b3bd38c10a25a44168437f15314bff0df54a085c3a2,2024-11,Sussex Police,Sussex Police,0.599042,50.873805,On or near Mendip Gardens,E01020972,Hastings 005A,Other crime,Unable to prosecute suspect,
,2024-11,Sussex Police,Sussex Police,0.590035,50.866729,On or near Ore Valley Road,E01020973,Hastings 005B,Anti-social behaviour,,
,2024-11,Sussex Police,Sussex Police,0.584199,50.868891,On or near Waldene Close,E01020973,Hastings 005B,Anti-social behaviour,,
,2024-11,Sussex Police,Sussex Police,0.590035,50.866729,On or near Ore Valley Road,E01020973,Hastings 005B,Anti-social behaviour,,
,2024-11,Sussex Police,Sussex Police,0.590035,50.866729,On or near Ore Valley Road,E01020973,Hastings 005B,Anti-social behaviour,,
c83f2f621c0bed1e80039083644fa84ce3f4554a72298a510f6fcb86842e0344,2024-11,Sussex Police,Sussex Police,0.584275,50.870778,On or near Elphinstone Gardens,E01020973,Hastings 005B,Criminal damage and arson,Investigation complete; no suspect identified,
09a4399fdb09b0ffcec3510fedfcbfcdfc90fe05d8f0bc01adad9c6717f49fce,2024-11,Sussex Police,Sussex Police,0.585708,50.869946,On or near Oaktree Mews,E01020973,Hastings 005B,Criminal damage and arson,Investigation complete; no suspect identified,
f4387f0d19db771a34c79f269a48c5c3dc4695fc7a3a800524675e113b2f2681,2024-11,Sussex Police,Sussex Police,0.587618,50.869796,On or near Linley Close,E01020973,Hastings 005B,Violence and sexual offences,Status update unavailable,
e4d434066d3b7c2889037df090a2e7939edd2edb66f1ce85c3547626006a5d7e,2024-11,Sussex Police,Sussex Police,0.584199,50.868891,On or near Waldene Close,E01020973,Hastings 005B,Violence and sexual offences,Unable to prosecute suspect,
56e9d1087752d34fcbffb1ef70be049a2d337e19c79d6c13876b8ebeebeefcac,2024-11,Sussex Police,Sussex Police,0.585672,50.871350,On or near Scutes Close,E01020973,Hastings 005B,Violence and sexual offences,Local resolution,
e529213001a381b54d92f1d513ba2502fd531c9b3a094346297af54c0d55f565,2024-11,Sussex Police,Sussex Police,0.584199,50.868891,On or near Waldene Close,E01020973,Hastings 005B,Other crime,Awaiting court outcome,
4fc99f01151a5752dd9c6f838f678cc80c5c9d6a485f757510212531c5ee4a22,2024-11,Sussex Police,Sussex Police,0.589418,50.867390,On or near Turing Way,E01020973,Hastings 005B,Other crime,Investigation complete; no suspect identified,
,2024-11,Sussex Police,Sussex Police,0.585211,50.864821,On or near Quarry Road,E01020977,Hastings 005C,Anti-social behaviour,,
,2024-11,Sussex Police,Sussex Police,0.583878,50.865642,On or near Hughenden Place,E01020977,Hastings 005C,Anti-social behaviour,,
,2024-11,Sussex Police,Sussex Police,0.585816,50.864718,On or near Quarry Crescent,E01020977,Hastings 005C,Anti-social behaviour,,
1e34181e5cb073199faac7cf3f6ccab6ac946f257e6cf70f3c5dd360881b3c66,2024-11,Sussex Police,Sussex Police,0.584812,50.866854,On or near Beaconsfield Road,E01020977,Hastings 005C,Other theft,Investigation complete; no suspect identified,
de1eebaed82af123310d46c20b881c96225d44f74f38dcc765df6015ba02a6c9,2024-11,Sussex Police,Sussex Police,0.584812,50.866854,On or near Beaconsfield Road,E01020977,Hastings 005C,Other theft,Investigation complete; no suspect identified,
9ff1327dfffca2f9e11e259d1c93661576b90fdaa1931d866933dd041486f8f9,2024-11,Sussex Police,Sussex Police,0.583878,50.865642,On or near Hughenden Place,E01020977,Hastings 005C,Violence and sexual offences,Unable to prosecute suspect,
afa80ed02fca3717506a99b806c762dfb132b1a4433c203f29e89bd964523d0f,2024-11,Sussex Police,Sussex Police,0.583878,50.865642,On or near Hughenden Place,E01020977,Hastings 005C,Violence and sexual offences,Unable to prosecute suspect,
,2024-11,Sussex Police,Sussex Police,0.596027,50.868152,On or near Hurrell Road,E01021015,Hastings 005D,Anti-social behaviour,,
,2024-11,Sussex Police,Sussex Police,0.599533,50.867561,On or near North Terrace,E01021015,Hastings 005D,Anti-social behaviour,,
e7e00259908d787d13bb8c3e4844088136f0c8c5360f56791d74b17fca2411cd,2024-11,Sussex Police,Sussex Police,0.599331,50.868015,On or near Ann Street,E01021015,Hastings 005D,Criminal damage and arson,Unable to prosecute suspect,
0bc06bf4f0265a8d3aaef871f18c2ab83794d68da7c5a4b9b6d106f53e559912,2024-11,Sussex Police,Sussex Police,0.595737,50.865235,On or near Egremont Place,E01021015,Hastings 005D,Criminal damage and arson,Investigation complete; no suspect identified,
9b8ebcdf8d8575c0e254ce07499ed8f354d26bde34daa555808489965e1bbfb8,2024-11,Sussex Police,Sussex Police,0.596879,50.868655,On or near Bishop Avenue,E01021015,Hastings 005D,Possession of weapons,Unable to prosecute suspect,
43546d3b43dd38f470c027fdab7ba9f247396081fbd29022106902cac7bc342f,2024-11,Sussex Police,Sussex Police,0.598000,50.868360,On or near Farley Bank,E01021015,Hastings 005D,Public order,Investigation complete; no suspect identified,
d16680d92d8c32a204f42ebacc446485e6afb9f9b9e53000ad2d368260a5a72d,2024-11,Sussex Police,Sussex Police,0.599331,50.868015,On or near Ann Street,E01021015,Hastings 005D,Public order,Investigation complete; no suspect identified,
8e0f870b9bfc0c89f611894b9e366f505a7e686c0fe39e2855fe7346584650eb,2024-11,Sussex Police,Sussex Police,0.598419,50.865940,On or near Robertsons Hill,E01021015,Hastings 005D,Public order,Investigation complete; no suspect identified,
67ea0c5d397144302d3e9264ed70c83629a834398db444db75fd1b439c258a89,2024-11,Sussex Police,Sussex Police,0.596027,50.868152,On or near Hurrell Road,E01021015,Hastings 005D,Public order,Investigation complete; no suspect identified,
dae92468c4bf4bdc4ac3d4b168c17a51c60269baa0578ed6cdb0ee4371857f82,2024-11,Sussex Police,Sussex Police,0.596499,50.866423,On or near West View,E01021015,Hastings 005D,Public order,Investigation complete; no suspect identified,
14d367cd011ffabb20ca61974b80e70530f7655d43d6438e23a074aa4bc96258,2024-11,Sussex Police,Sussex Police,0.598000,50.868360,On or near Farley Bank,E01021015,Hastings 005D,Public order,Unable to prosecute suspect,
515003567ff27a51d3645a883572c46d31940d7184b567e8a9e7da0bc026e3f5,2024-11,Sussex Police,Sussex Police,0.598000,50.868360,On or near Farley Bank,E01021015,Hastings 005D,Public order,Investigation complete; no suspect identified,
53915ed84c0d253ed730fb06734df4ad3e390ea9dc88be32a6d2c07a431cf994,2024-11,Sussex Police,Sussex Police,0.598242,50.866843,On or near Halton Place,E01021015,Hastings 005D,Vehicle crime,Investigation complete; no suspect identified,
75e75a6d3b53aaf0744dd2b02af811037f4f5c3c3b214d220924683b7d195da0,2024-11,Sussex Police,Sussex Police,0.596578,50.866053,On or near Halton Terrace,E01021015,Hastings 005D,Vehicle crime,Investigation complete; no suspect identified,
dcbc012971c33f8774f42009845e64233c38da2e30a81a6203706d536d75c514,2024-11,Sussex Police,Sussex Police,0.599978,50.870708,On or near Deepdene Gardens,E01021015,Hastings 005D,Violence and sexual offences,Unable to prosecute suspect,
a208efaa5fa66095da462f90cb482fd20e9d3829f8276c9a615399cb382dc47f,2024-11,Sussex Police,Sussex Police,0.598242,50.866843,On or near Halton Place,E01021015,Hastings 005D,Violence and sexual offences,Unable to prosecute suspect,
09980812f8a8db31dc0c611ac4572d9b816652b8232df6850b798bb2d00854b5,2024-11,Sussex Police,Sussex Police,0.596499,50.866423,On or near West View,E01021015,Hastings 005D,Violence and sexual offences,Unable to prosecute suspect,
51fe5ccb110e4644e8e64dbf672f14336b4d5b41de2fa3c6f1661a306b608584,2024-11,Sussex Police,Sussex Police,0.596879,50.868655,On or near Bishop Avenue,E01021015,Hastings 005D,Violence and sexual offences,Unable to prosecute suspect,
873c167a3e2874872fc9ae12dcde6b3b66301f1d5e193894a6ee4b29cfda6014,2024-11,Sussex Police,Sussex Police,0.599978,50.870708,On or near Deepdene Gardens,E01021015,Hastings 005D,Violence and sexual offences,Unable to prosecute suspect,
de72e6ffeae9e1f559508bb3a16aa967dba9a112b5c9d227efd5e2e050718070,2024-11,Sussex Police,Sussex Police,0.596879,50.868655,On or near Bishop Avenue,E01021015,Hastings 005D,Violence and sexual offences,Unable to prosecute suspect,
a18a64dbaf738e53255b6fd8f158b62285f671f2d87a215c23f798bb6481dc7f,2024-11,Sussex Police,Sussex Police,0.595737,50.865235,On or near Egremont Place,E01021015,Hastings 005D,Violence and sexual offences,Investigation complete; no suspect identified,
0e5f0fe22b5b8c5ca3b9992fe864c157298d005de42ac313b2d8fd9c6336ad2a,2024-11,Sussex Police,Sussex Police,0.599533,50.867561,On or near North Terrace,E01021015,Hastings 005D,Violence and sexual offences,Court result unavailable,
586e11d1e23e559223a0a92ec21866f77feedbbe3c7421b80d13221e0a1cceb4,2024-11,Sussex Police,Sussex Police,0.596499,50.866423,On or near West View,E01021015,Hastings 005D,Violence and sexual offences,Unable to prosecute suspect,
f15b5a73915bb77b74833773d553425c3b275aea6a27dffdbcb8e54793918e24,2024-11,Sussex Police,Sussex Police,0.596027,50.868152,On or near Hurrell Road,E01021015,Hastings 005D,Violence and sexual offences,Local resolution,
,2024-11,Sussex Police,Sussex Police,0.552891,50.875463,On or near Ashbrook Road,E01021010,Hastings 006A,Anti-social behaviour,,
3c9f5a4fb39334f90351cef989c3f97b2a9d42c445667498d09ae3c03bd1d9a9,2024-11,Sussex Police,Sussex Police,0.553198,50.874323,On or near Supermarket,E01021010,Hastings 006A,Criminal damage and arson,Local resolution,
36ed7efa07f9df25349899ff11fc21f51fddd44f5fc225dd4b19fac4f56a4ecd,2024-11,Sussex Police,Sussex Police,0.559291,50.874747,On or near Radcliffe Close,E01021010,Hastings 006A,Criminal damage and arson,Offender given a caution,
288b63466abe0e59806017942b56a8e0c98f00eb6c97409ab6a63f04e9c26d06,2024-11,Sussex Police,Sussex Police,0.553198,50.874323,On or near Supermarket,E01021010,Hastings 006A,Criminal damage and arson,Unable to prosecute suspect,
b8d99f59a6d590be6021af478c900a9cc2d5e12548f4d7b15cff56cd3c6c5cd6,2024-11,Sussex Police,Sussex Police,0.553198,50.874323,On or near Supermarket,E01021010,Hastings 006A,Other theft,Investigation complete; no suspect identified,
ec9eca33900e686bcb4fec9aa18f114e2a983633f0ec44fbc65f265fb3955017,2024-11,Sussex Police,Sussex Police,0.553198,50.874323,On or near Supermarket,E01021010,Hastings 006A,Shoplifting,Investigation complete; no suspect identified,
e149e1e6d38b1694b2571f30d560c42fb9a08ade5470c04b616a375c67cf10f8,2024-11,Sussex Police,Sussex Police,0.553198,50.874323,On or near Supermarket,E01021010,Hastings 006A,Shoplifting,Unable to prosecute suspect,
7a4118013fed6569a1e278bb240b2c802cc7e5ee141d8bbcf251cab526f58ca1,2024-11,Sussex Police,Sussex Police,0.553198,50.874323,On or near Supermarket,E01021010,Hastings 006A,Shoplifting,Investigation complete; no suspect identified,
5a605064096d979b6a8f037dd703a32f5dda9021b429b70ddbc181d06554fa0c,2024-11,Sussex Police,Sussex Police,0.555503,50.872294,On or near Perth Road,E01021010,Hastings 006A,Violence and sexual offences,Investigation complete; no suspect identified,
4ba79eb02532caeb3d5ba2c213dcc22442df236c8d5f0b1d2c5d88098c18e9f4,2024-11,Sussex Police,Sussex Police,0.553198,50.874323,On or near Supermarket,E01021010,Hastings 006A,Violence and sexual offences,Unable to prosecute suspect,
4947eabc66be6a2d2cd66eac104f982200c7c40f3a9a2f3b5a55b51a3556c700,2024-11,Sussex Police,Sussex Police,0.555503,50.872294,On or near Perth Road,E01021010,Hastings 006A,Violence and sexual offences,Unable to prosecute suspect,
92717b1cafeb9f0b8ea902f31526922a21b3fdd3f4fdc3a6185f14b9a1d9635f,2024-11,Sussex Police,Sussex Police,0.559525,50.872268,On or near Briers Gardens,E01021010,Hastings 006A,Violence and sexual offences,Unable to prosecute suspect,
acfd34f6d604f85f22e3749b1d6a95e7af990869b5dbcc4301d6674fae51d5bc,2024-11,Sussex Police,Sussex Police,0.553198,50.874323,On or near Supermarket,E01021010,Hastings 006A,Violence and sexual offences,Investigation complete; no suspect identified,
507ddc6e46c91ba1ec06946465d726b620d296521c959c183cc3bdc63346400a,2024-11,Sussex Police,Sussex Police,0.559525,50.872268,On or near Briers Gardens,E01021010,Hastings 006A,Violence and sexual offences,Local resolution,
c741f1d9ec51e5a16faf2c5e614f035ae6095844d6a45353c0b773eaad62b654,2024-11,Sussex Police,Sussex Police,0.558636,50.874734,On or near A21,E01021010,Hastings 006A,Violence and sexual offences,Unable to prosecute suspect,
51867a286942ad502cb31484061b5c56207acb5b942008701ff2911df5e7ef7c,2024-11,Sussex Police,Sussex Police,0.553198,50.874323,On or near Supermarket,E01021010,Hastings 006A,Violence and sexual offences,Status update unavailable,
e79b115f32b6e526280b1711c9ee6cbf0515f99962ec0dbea15053db67ce6926,2024-11,Sussex Police,Sussex Police,0.558636,50.874734,On or near A21,E01021010,Hastings 006A,Violence and sexual offences,Unable to prosecute suspect,
29784c077261faad79b40f2caf0bd5f1168b1af65630f26ddb2e9f6a1de2e2ca,2024-11,Sussex Police,Sussex Police,0.555503,50.872294,On or near Perth Road,E01021010,Hastings 006A,Other crime,Investigation complete; no suspect identified,
,2024-11,Sussex Police,Sussex Police,0.556674,50.871341,On or near Paynton Road,E01021011,Hastings 006B,Anti-social behaviour,,
09f8f77704d78baa05cd780bf3404b4d9fb9176a612df130ee579b22852b6494,2024-11,Sussex Police,Sussex Police,0.556596,50.870444,On or near Duke Road,E01021011,Hastings 006B,Criminal damage and arson,Investigation complete; no suspect identified,
856d7a5d804ec57f9b4bce4677cc377d7dbb0c123a23399d71a951715f7fcb6e,2024-11,Sussex Police,Sussex Police,0.556674,50.871341,On or near Paynton Road,E01021011,Hastings 006B,Public order,Investigation complete; no suspect identified,
ddb79ed94e0b3088ac55712c00fd5eb57bdef8ed201e5d8d46ce687eef61d9d4,2024-11,Sussex Police,Sussex Police,0.559357,50.869727,On or near Alma Villas,E01021011,Hastings 006B,Violence and sexual offences,Unable to prosecute suspect,
df9cd81dbaabd5702fafeec3cb0c74d0793817b856b10a3fdbacf25f75005b3d,2024-11,Sussex Police,Sussex Police,0.556022,50.868783,On or near Petrol Station,E01021011,Hastings 006B,Violence and sexual offences,Status update unavailable,
ed88b956af5f0cff91cbc0b3268206fdbe3af4f3d3804cb14a55475de250f702,2024-11,Sussex Police,Sussex Police,0.556088,50.869735,On or near Duke Mews,E01021011,Hastings 006B,Violence and sexual offences,Investigation complete; no suspect identified,
491230725f19c5fdbaf7cd5b599c961b2434eadcb42691f8c73e60ca5dab37dc,2024-11,Sussex Police,Sussex Police,0.556674,50.871341,On or near Paynton Road,E01021011,Hastings 006B,Other crime,Status update unavailable,
,2024-11,Sussex Police,Sussex Police,0.556448,50.867731,On or near Rochester Road,E01021012,Hastings 006C,Anti-social behaviour,,
,2024-11,Sussex Police,Sussex Police,0.556448,50.867731,On or near Rochester Road,E01021012,Hastings 006C,Anti-social behaviour,,
0159b11ac1ad670a2d0f41dfbaeb46cf54e95cd32f1d8c4daf4bc2d769caa3c6,2024-11,Sussex Police,Sussex Police,0.555444,50.866017,On or near Rectory Close,E01021012,Hastings 006C,Criminal damage and arson,Investigation complete; no suspect identified,
f540c7e76bb119babc0c0bc1d92683f8062bba2686f9e041b09615914f5f558d,2024-11,Sussex Police,Sussex Police,0.558247,50.867107,On or near Beaufort Road,E01021012,Hastings 006C,Drugs,Status update unavailable,
a82c889f3d77bafe92f463eb8258e7953a417725cf0f851f4446610cdae24289,2024-11,Sussex Police,Sussex Police,0.555444,50.866017,On or near Rectory Close,E01021012,Hastings 006C,Drugs,Court result unavailable,
ec7747f73344acd4d66cf2a11e6c866a49d946ef106d8dc145cfeae06db28491,2024-11,Sussex Police,Sussex Police,0.558325,50.868004,On or near York Road,E01021012,Hastings 006C,Other theft,Investigation complete; no suspect identified,
ecd13a4442ac7c158a65c475a6d0f920bcc400dd42bed7e04fe9241b6780731b,2024-11,Sussex Police,Sussex Police,0.558247,50.867107,On or near Beaufort Road,E01021012,Hastings 006C,Other theft,Investigation complete; no suspect identified,
132bd5ee7f6b7ce8d5049da8ae908cc1685c5172037c0d163d9d7b9bd2f810d9,2024-11,Sussex Police,Sussex Police,0.556554,50.862395,On or near Buchannan Gardens,E01021012,Hastings 006C,Public order,Unable to prosecute suspect,
2620b61d0c0f11491f3e402481df61607091fb19c1b5ce523b39ed73bb485987,2024-11,Sussex Police,Sussex Police,0.556448,50.867731,On or near Rochester Road,E01021012,Hastings 006C,Shoplifting,Investigation complete; no suspect identified,
9a35f9df7bf2a1b3bb31cfc0f4a1f81a6328828e1a5f3c559cebd9de5d6c53c3,2024-11,Sussex Police,Sussex Police,0.555667,50.865148,On or near Michele Close,E01021012,Hastings 006C,Violence and sexual offences,Unable to prosecute suspect,
7f1a247cc712ac8d9ea7ceac63dd007def4bdc3bfb10bcdcf88d5a4b0b1bf26c,2024-11,Sussex Police,Sussex Police,0.556554,50.862395,On or near Buchannan Gardens,E01021012,Hastings 006C,Violence and sexual offences,Unable to prosecute suspect,
73028940040b65461d38348b99fcc7c9282d80add5801a5b91a62e63c5234c12,2024-11,Sussex Police,Sussex Police,0.556448,50.867731,On or near Rochester Road,E01021012,Hastings 006C,Violence and sexual offences,Investigation complete; no suspect identified,
259a8a681cf3c3c38923911af1b0464120f3c1ccd86740141134304773a2db40,2024-11,Sussex Police,Sussex Police,0.548808,50.873339,On or near Oxford Road,E01021020,Hastings 006D,Burglary,Unable to prosecute suspect,
20f38ce11aca6b89a66e0db0b694bd0cc1795bef0298d5f4733b9164282e07d4,2024-11,Sussex Police,Sussex Police,0.542623,50.871478,On or near Chambers Crescent,E01021020,Hastings 006D,Criminal damage and arson,Investigation complete; no suspect identified,
f324edbad67088a39e5ad9409cddad7dd60ffe5e28d695dd27eb3b91950d0d24,2024-11,Sussex Police,Sussex Police,0.540756,50.869818,On or near Murdock Mews,E01021020,Hastings 006D,Criminal damage and arson,Offender given a caution,
1175e96b603f25849c2b8a65dfadff203687918df84689b01ff878fec356d046,2024-11,Sussex Police,Sussex Police,0.546966,50.871617,On or near Lewis Road,E01021020,Hastings 006D,Criminal damage and arson,Investigation complete; no suspect identified,
9858153dd6d45c94c6f9407d4b8c593aa04f31043dc333396c1e91827b7f41c5,2024-11,Sussex Police,Sussex Police,0.542882,50.871526,On or near Chambers Road,E01021020,Hastings 006D,Criminal damage and arson,Investigation complete; no suspect identified,
2d94fe1b27b911a9b6d22768c936a230981501fca76d82c8b03aed283d95e26a,2024-11,Sussex Police,Sussex Police,0.542882,50.871526,On or near Chambers Road,E01021020,Hastings 006D,Criminal damage and arson,Investigation complete; no suspect identified,
66caa97c01971f6b4f1ad0f24b8b8c7e9b7bfb9abcecee7cc77139a4efcde24d,2024-11,Sussex Police,Sussex Police,0.542882,50.871526,On or near Chambers Road,E01021020,Hastings 006D,Criminal damage and arson,Unable to prosecute suspect,
131198fbe63a96ba27824c49eb0b2c029c5650498bf86eea8cc1e9a7c0886a95,2024-11,Sussex Police,Sussex Police,0.546073,50.873219,On or near Blackman Avenue,E01021020,Hastings 006D,Criminal damage and arson,Investigation complete; no suspect identified,
3d4703080ba58cb206db63a2b1b916f972544e346c705f790bc2339d00c9f21a,2024-11,Sussex Police,Sussex Police,0.548581,50.870466,On or near Stonehouse Drive,E01021020,Hastings 006D,Other theft,Investigation complete; no suspect identified,
65ba6d9b5c140f4b5173b385b1b4809eeca711dca34d465682ba411980669dfc,2024-11,Sussex Police,Sussex Police,0.542623,50.871478,On or near Chambers Crescent,E01021020,Hastings 006D,Vehicle crime,Investigation complete; no suspect identified,
c7eecc3a7302f8a8178daddf8696e590c5cf36b556d89b5bc796df862b410d9c,2024-11,Sussex Police,Sussex Police,0.546966,50.871617,On or near Lewis Road,E01021020,Hastings 006D,Vehicle crime,Investigation complete; no suspect identified,
ff02efe95c084a02e8ff2205af2d41daf6c2aac46ddd348bc060736f4c4ffcad,2024-11,Sussex Police,Sussex Police,0.546966,50.871617,On or near Lewis Road,E01021020,Hastings 006D,Violence and sexual offences,Status update unavailable,
7904494023bc76f2f81d35faffaab3c282889a976e8c6e4dd939c0f8a54c721b,2024-11,Sussex Police,Sussex Police,0.548581,50.870466,On or near Stonehouse Drive,E01021020,Hastings 006D,Violence and sexual offences,Unable to prosecute suspect,
f1e4500e04c6fe6d25862197e238c98ada0ff2cc4f0886ce8029e5851831ef55,2024-11,Sussex Police,Sussex Police,0.548581,50.870466,On or near Stonehouse Drive,E01021020,Hastings 006D,Violence and sexual offences,Unable to prosecute suspect,
5d44bb2682e3b472534daa5df684b7d1456e7d3f6c66dec4f37c3c2d7dfd26a5,2024-11,Sussex Police,Sussex Police,0.548581,50.870466,On or near Stonehouse Drive,E01021020,Hastings 006D,Violence and sexual offences,Unable to prosecute suspect,
61d9998ffeba1343e37793978dd5e3a2f0f0af24381a450c8b3b6904876ba36f,2024-11,Sussex Police,Sussex Police,0.548581,50.870466,On or near Stonehouse Drive,E01021020,Hastings 006D,Violence and sexual offences,Unable to prosecute suspect,
c215c847b47e1164f6386a695047ba11304e8ec8719cc2618a03e218a8960af9,2024-11,Sussex Police,Sussex Police,0.541218,50.870204,On or near Redgeland Rise,E01021020,Hastings 006D,Violence and sexual offences,Status update unavailable,
826bd75d6c8a9f8a04b639a54d20a386a6b21305663a5c5a85c99a3aa89a86b5,2024-11,Sussex Police,Sussex Police,0.542623,50.871478,On or near Chambers Crescent,E01021020,Hastings 006D,Violence and sexual offences,Unable to prosecute suspect,
7e5199967d64f734dc03fe2b965b8afa3cc2faf62b115236ff7504ddd1bcb424,2024-11,Sussex Police,Sussex Police,0.546966,50.871617,On or near Lewis Road,E01021020,Hastings 006D,Other crime,Action to be taken by another organisation,
,2024-11,Sussex Police,Sussex Police,0.547289,50.865296,On or near Arbourvale,E01021021,Hastings 006E,Anti-social behaviour,,
,2024-11,Sussex Police,Sussex Police,0.548644,50.866157,On or near Dell Close,E01021021,Hastings 006E,Anti-social behaviour,,
386a915928ab0dd9bc218983abf38b6d65bc842a20c1c26b5afcca0745c7d516,2024-11,Sussex Police,Sussex Police,0.551166,50.864977,On or near Hollybank Gardens,E01021021,Hastings 006E,Burglary,Unable to prosecute suspect,
722bf250bb7e1cee027a58ed314d1b3ba8e17d82c297a6f39ad43ae6f772a4c3,2024-11,Sussex Police,Sussex Police,0.551166,50.864977,On or near Hollybank Gardens,E01021021,Hastings 006E,Burglary,Offender given a caution,
a606afb26fac9d09532990a5b9bd95285ddf8ee0218bf2091b132715cef1c87c,2024-11,Sussex Police,Sussex Police,0.554139,50.867107,On or near Ponswood Road,E01021021,Hastings 006E,Criminal damage and arson,Unable to prosecute suspect,
f98f4f7e5603aaf5d0e80f0425449e93ddcd71f9831cc310886f1666bc57a0ea,2024-11,Sussex Police,Sussex Police,0.554231,50.867995,On or near Petrol Station,E01021021,Hastings 006E,Criminal damage and arson,Investigation complete; no suspect identified,
2e21d70b0dfc96d585b725e8a1b8db084d99165663b3b5c2bff7c6b6009f529d,2024-11,Sussex Police,Sussex Police,0.554231,50.867995,On or near Petrol Station,E01021021,Hastings 006E,Other theft,Investigation complete; no suspect identified,
f59173bdfec63c7551d9e239aad5bc2547787d26280906a0e92f84c09f72bb6f,2024-11,Sussex Police,Sussex Police,0.551166,50.864977,On or near Hollybank Gardens,E01021021,Hastings 006E,Possession of weapons,Offender given a caution,
9c7b44b071660863afde016b505576340cdd159433f3486fdf5a93c2ff600d55,2024-11,Sussex Police,Sussex Police,0.554231,50.867995,On or near Petrol Station,E01021021,Hastings 006E,Possession of weapons,Local resolution,
eb1adf9380d7cafe9c15ded6b279dce9b34dc1523f3a035a17af65d030ca58ff,2024-11,Sussex Police,Sussex Police,0.554231,50.867995,On or near Petrol Station,E01021021,Hastings 006E,Public order,Unable to prosecute suspect,
2008408582ecfd3e768f5dcc29a8099815ce2c7ad748b30f296580ef37021565,2024-11,Sussex Police,Sussex Police,0.554231,50.867995,On or near Petrol Station,E01021021,Hastings 006E,Shoplifting,Court result unavailable,
aa55c19065f8d9d391d0a025a1cdd8b3b0a7acb4837e9934a53c45e33f4a2c8a,2024-11,Sussex Police,Sussex Police,0.554231,50.867995,On or near Petrol Station,E01021021,Hastings 006E,Shoplifting,Unable to prosecute suspect,
9b3e9861b4f9b3994e5e0522698e35be779ad7b7c23be7170d3f9a0114669c42,2024-11,Sussex Police,Sussex Police,0.554231,50.867995,On or near Petrol Station,E01021021,Hastings 006E,Shoplifting,Investigation complete; no suspect identified,
51ceaf86b6966c32a1267e101255e23e881cd96198408f9b099ede0b7e5b5f3a,2024-11,Sussex Police,Sussex Police,0.554231,50.867995,On or near Petrol Station,E01021021,Hastings 006E,Theft from the person,Unable to prosecute suspect,
a1aae93c42c150d09e28c62fecc736114640d0b7b45a960cf373d076670ae8fd,2024-11,Sussex Police,Sussex Police,0.550675,50.865878,On or near Sedlescombe Gardens,E01021021,Hastings 006E,Vehicle crime,Investigation complete; no suspect identified,
3d5e0a5ca54847478197d2fe0fb2771665a12b05cedbf45377a14dce8956ba3a,2024-11,Sussex Police,Sussex Police,0.545712,50.867120,On or near Snowdrop Rise,E01021021,Hastings 006E,Violence and sexual offences,Unable to prosecute suspect,
a3ab9b763f5ba9099fcb737cefeb48c2d70bc91d088b85bae9fc5ef65a0d1b24,2024-11,Sussex Police,Sussex Police,0.554139,50.867107,On or near Ponswood Road,E01021021,Hastings 006E,Violence and sexual offences,Unable to prosecute suspect,
2f31d05a520e82bc4da9e72a5c1bca696047cc35fa60dd41bf922ebccb412959,2024-11,Sussex Police,Sussex Police,0.554231,50.867995,On or near Petrol Station,E01021021,Hastings 006E,Violence and sexual offences,Status update unavailable,
b3901c5ea461403a49b1d2e3e01f99dee8a791fbdbf2a30128c0da890dd79c33,2024-11,Sussex Police,Sussex Police,0.551590,50.867010,On or near Windmill Road,E01021021,Hastings 006E,Violence and sexual offences,Investigation complete; no suspect identified,
e5c8895fd5259c9cfaa280772691ceede3328ed0cd86cb0c1c8d5e61f5bf0fd2,2024-11,Sussex Police,Sussex Police,0.550963,50.866726,On or near Horseshoe Close,E01021021,Hastings 006E,Violence and sexual offences,Status update unavailable,
5db3cd62a083ffa83adb7c634ef9e191f4c4ca56926db01abb29e6f1096c45e7,2024-11,Sussex Police,Sussex Police,0.541061,50.866025,On or near Gillsman'S Drive,E01021021,Hastings 006E,Violence and sexual offences,Investigation complete; no suspect identified,
69777ede386c92afdce362ba3396526b75c906fb28151773f79517534c47ca44,2024-11,Sussex Police,Sussex Police,0.554231,50.867995,On or near Petrol Station,E01021021,Hastings 006E,Violence and sexual offences,Unable to prosecute suspect,
69f467646983e1b286d1c73114b0e4227bebe841143f0f23d6f7f91a7b537537,2024-11,Sussex Police,Sussex Police,0.554231,50.867995,On or near Petrol Station,E01021021,Hastings 006E,Violence and sexual offences,Unable to prosecute suspect,
11b3cabaa3f5b1403b315bd6a810e7ccb4318c5e85331800d1987db8af21771c,2024-11,Sussex Police,Sussex Police,0.547289,50.865296,On or near Arbourvale,E01021021,Hastings 006E,Violence and sexual offences,Unable to prosecute suspect,
557380d647881f86d2a14a0d4e33ec4ecd247d85e584a5da0ff06e2d7509483a,2024-11,Sussex Police,Sussex Police,0.606454,50.868306,On or near Berlin Road,E01021000,Hastings 007A,Criminal damage and arson,Investigation complete; no suspect identified,
325f733c302fc227b9b545c27af321aa2166e12049f7fac0740caac3568b5e85,2024-11,Sussex Police,Sussex Police,0.606454,50.868306,On or near Berlin Road,E01021000,Hastings 007A,Vehicle crime,Investigation complete; no suspect identified,
dfe5bcad20e96d3c538e75852e6b73a5a863a4aa01c84c48c2991bac9f3dd33b,2024-11,Sussex Police,Sussex Police,0.605053,50.868427,On or near Clive Avenue,E01021000,Hastings 007A,Violence and sexual offences,Status update unavailable,
cae13c6811ac377707b3652b870e65f626f8025cfc6f29db13207a5a4dd9479f,2024-11,Sussex Police,Sussex Police,0.606115,50.867333,On or near Bedford Road,E01021000,Hastings 007A,Violence and sexual offences,Local resolution,
3635a8bfdf2d2a6f0383953be6f428ca2508cb5a6051654a22d0198e73bf4b60,2024-11,Sussex Police,Sussex Police,0.603832,50.864362,On or near Harold Road,E01021000,Hastings 007A,Violence and sexual offences,Unable to prosecute suspect,
c18408b32278a2707a22971a7fff87c74a157433259b131e02fe1066f552f8b4,2024-11,Sussex Police,Sussex Police,0.609711,50.870383,On or near Saxon Road,E01021001,Hastings 007B,Robbery,Investigation complete; no suspect identified,
a7fdb253871f745694912127a06a50b574b7926f2756847bce1c6b1bfab04dcd,2024-11,Sussex Police,Sussex Police,0.597349,50.865100,On or near Petrol Station,E01021002,Hastings 007C,Criminal damage and arson,Investigation complete; no suspect identified,
49ec9dd5474336f2696b1edce62396bc24aff4a4716374b690637ce34c15778b,2024-11,Sussex Police,Sussex Police,0.597349,50.865100,On or near Petrol Station,E01021002,Hastings 007C,Criminal damage and arson,Unable to prosecute suspect,
090db22868fc73222f2e9cd6b32ab0a0af52714c0250e8cf271cf098df5d4ff2,2024-11,Sussex Police,Sussex Police,0.594651,50.856184,On or near Rock-A-Nore Road,E01021002,Hastings 007C,Drugs,Investigation complete; no suspect identified,
bc228a552a3f08e880d801a2adc1bb8a85f7a5a7c784fdfed213ad92a2f28f2a,2024-11,Sussex Police,Sussex Police,0.600004,50.864025,On or near Dudley Road,E01021002,Hastings 007C,Other theft,Investigation complete; no suspect identified,
be69abfa0cce3e71d14753b7584d604fe4b51382c975c002f2e349f74397bcae,2024-11,Sussex Police,Sussex Police,0.600567,50.868006,On or near Old London Road,E01021002,Hastings 007C,Vehicle crime,Investigation complete; no suspect identified,
8bb6036d2f8600d0d44c041c671bf84e4517f81b69b09bd025885b55066b562f,2024-11,Sussex Police,Sussex Police,0.605337,50.864329,On or near Lodge Road,E01021002,Hastings 007C,Violence and sexual offences,Investigation complete; no suspect identified,
bb5a729bf3b3e97013ccb77d0137ab95b9751145f58ea9d42ee21a36a8d1f013,2024-11,Sussex Police,Sussex Police,0.594651,50.856184,On or near Rock-A-Nore Road,E01021002,Hastings 007C,Violence and sexual offences,Unable to prosecute suspect,
2decdbae39b9c2d2dc11cda0ee588e3af90cc6e42dd59c6e3a5d8ad082693e43,2024-11,Sussex Police,Sussex Police,0.603900,50.863281,On or near Boyne Road,E01021002,Hastings 007C,Violence and sexual offences,Unable to prosecute suspect,
5d1045b715de4c27a0219daaca49c44ea62f89cfa98b9911812eaaa9522d118e,2024-11,Sussex Police,Sussex Police,0.600567,50.868006,On or near Old London Road,E01021002,Hastings 007C,Violence and sexual offences,Unable to prosecute suspect,
,2024-11,Sussex Police,Sussex Police,0.594496,50.860298,On or near Torfield Close,E01021003,Hastings 007D,Anti-social behaviour,,
,2024-11,Sussex Police,Sussex Police,0.592662,50.856435,On or near East Bourne Street,E01021003,Hastings 007D,Anti-social behaviour,,
1389161ca5448d0f42dad381bda66126879eefb377923f2d5a7e3d3888a8b89d,2024-11,Sussex Police,Sussex Police,0.589764,50.856203,On or near Nightclub,E01021003,Hastings 007D,Burglary,Investigation complete; no suspect identified,
db4f76f9f34007c722573cbb1300b08b3680a5362c8dac926c5144968e05cb1d,2024-11,Sussex Police,Sussex Police,0.591928,50.859851,On or near Croft Road,E01021003,Hastings 007D,Criminal damage and arson,Investigation complete; no suspect identified,
8b29d470504437a4dc16427512dae75848c2a528991cc53453e6d2ba20293309,2024-11,Sussex Police,Sussex Police,0.592126,50.857275,On or near Courthouse Street,E01021003,Hastings 007D,Other theft,Investigation complete; no suspect identified,
e974cdc84d49f83e9801448a18a77c9750626529b28603070dd72259e3db26ed,2024-11,Sussex Police,Sussex Police,0.592126,50.857275,On or near Courthouse Street,E01021003,Hastings 007D,Public order,Investigation complete; no suspect identified,
1630ccb953ca27068762da9234b2bddf5b87c2b302248334cd77c9d9bfe5b89f,2024-11,Sussex Police,Sussex Police,0.589764,50.856203,On or near Nightclub,E01021003,Hastings 007D,Public order,Unable to prosecute suspect,
4b1e652ab16ff5bf0b052c6720abceaf801f1893ebfae8649da6143862689234,2024-11,Sussex Police,Sussex Police,0.590269,50.856084,On or near Shell Lane,E01021003,Hastings 007D,Public order,Investigation complete; no suspect identified,
b808bfabb0b8ee1c6022ec2f48dd53d0322ee43533b189493ebb00213190f734,2024-11,Sussex Police,Sussex Police,0.589764,50.856203,On or near Nightclub,E01021003,Hastings 007D,Public order,Investigation complete; no suspect identified,
ff561474e5ef74dcb9e1c7c360c0ad6d20231502fc7133431ee550a1d37191ba,2024-11,Sussex Police,Sussex Police,0.587800,50.855374,On or near Albion Lane,E01021003,Hastings 007D,Shoplifting,Investigation complete; no suspect identified,
ea37139cdddc8e0f9d517f972df048ea692f0691418dcf543502f95226a63260,2024-11,Sussex Police,Sussex Police,0.590988,50.856229,On or near East Street,E01021003,Hastings 007D,Shoplifting,Investigation complete; no suspect identified,
148c3e6443a5c960b8b1fb59728fabfdb5a2a312bb2f5f28b86384e9e4e82fb1,2024-11,Sussex Police,Sussex Police,0.587800,50.855374,On or near Albion Lane,E01021003,Hastings 007D,Violence and sexual offences,Unable to prosecute suspect,
11b0d6d783c4e1d178f9e7dfcf5cb30eca6948ddee60c7c2984804413e0c83b2,2024-11,Sussex Police,Sussex Police,0.591928,50.859851,On or near Croft Road,E01021003,Hastings 007D,Violence and sexual offences,Investigation complete; no suspect identified,
4a9dd96bf30864fc4aca482cc09044cc376b1a22b48bac8c413c8fba2322050f,2024-11,Sussex Police,Sussex Police,0.590988,50.856229,On or near East Street,E01021003,Hastings 007D,Violence and sexual offences,Awaiting court outcome,
e636cc90e6de035d1512ea222e323e29cf7fb95d3dd8c31dcc95c86fe6024a01,2024-11,Sussex Police,Sussex Police,0.589764,50.856203,On or near Nightclub,E01021003,Hastings 007D,Violence and sexual offences,Investigation complete; no suspect identified,
7fa78c3af80930b35a31ab9b577416f835fea0a8a2b769bd37b3001fc3377e90,2024-11,Sussex Police,Sussex Police,0.592662,50.856435,On or near East Bourne Street,E01021003,Hastings 007D,Violence and sexual offences,Investigation complete; no suspect identified,
f8f7ee03a285197dbfbc926cc657e7915af91552dcbd1500887c63c20cce2650,2024-11,Sussex Police,Sussex Police,0.592662,50.856435,On or near East Bourne Street,E01021003,Hastings 007D,Violence and sexual offences,Unable to prosecute suspect,
dfd81cd1408b6e3b949f9a246a5820bab5215947bd1c4453db3b79acacfef877,2024-11,Sussex Police,Sussex Police,0.589764,50.856203,On or near Nightclub,E01021003,Hastings 007D,Violence and sexual offences,Investigation complete; no suspect identified,
27b31ba2bc728fe5048d9c3ba5f234a45771980ddd301c1553915ae118c2573e,2024-11,Sussex Police,Sussex Police,0.589764,50.856203,On or near Nightclub,E01021003,Hastings 007D,Violence and sexual offences,Unable to prosecute suspect,
,2024-11,Sussex Police,Sussex Police,0.589548,50.863322,On or near Emmanuel Road,E01021014,Hastings 007E,Anti-social behaviour,,
,2024-11,Sussex Police,Sussex Police,0.590396,50.864787,On or near St George'S Road,E01021014,Hastings 007E,Anti-social behaviour,,
4abce38774bf6bb5d54a657c8f97f22c73ee093e1720acb6b35c847d14c1ff9a,2024-11,Sussex Police,Sussex Police,0.588869,50.865694,On or near Mount Pleasant Road,E01021014,Hastings 007E,Criminal damage and arson,Unable to prosecute suspect,
53555ea6f4db87442d903c84bcb96c6e3a7331c9c5ad76bad301837e202d7e52,2024-11,Sussex Police,Sussex Police,0.592586,50.864028,On or near Priory Road,E01021014,Hastings 007E,Public order,Unable to prosecute suspect,
6b5bef62c49214a10aa1e8997d920b143f225cc7e42ef7f8d894226dad6b7563,2024-11,Sussex Police,Sussex Police,0.591684,50.864165,On or near St Thomas'S Road,E01021014,Hastings 007E,Violence and sexual offences,Investigation complete; no suspect identified,
0312ffdb100422eacf4ac1b5d271cda7d14e2ed7e0532eccc5e786228ee6cba5,2024-11,Sussex Police,Sussex Police,0.591684,50.864165,On or near St Thomas'S Road,E01021014,Hastings 007E,Violence and sexual offences,Unable to prosecute suspect,
168662cda1ada64d5841b43b38adf8d03d87d435e979f6e626de3c506e7f2ea6,2024-11,Sussex Police,Sussex Police,0.589548,50.863322,On or near Emmanuel Road,E01021014,Hastings 007E,Violence and sexual offences,Investigation complete; no suspect identified,
ee05c99f7a635e6736660bdbd29b7e2ff552054f41ac24d9b75530156eac2ccf,2024-11,Sussex Police,Sussex Police,0.594797,50.864698,On or near The Glebe,E01021014,Hastings 007E,Violence and sexual offences,Unable to prosecute suspect,
f86ec62f081964aaa9a7078fcc03930115fd0820200f834958b663113e37bf08,2024-11,Sussex Police,Sussex Police,0.594797,50.864698,On or near The Glebe,E01021014,Hastings 007E,Violence and sexual offences,Unable to prosecute suspect,
7287fe27fc5287a467cc1d792d16c39bdf5c606f2b7b593bac23d47aa6e31b3b,2024-11,Sussex Police,Sussex Police,0.580845,50.862723,On or near Park/Open Space,E01020975,Hastings 008A,Vehicle crime,Investigation complete; no suspect identified,
cf8888182186d68fc2c8f88b167afd5a68bb21f4b179b940c06f06e84a6ebfd9,2024-11,Sussex Police,Sussex Police,0.574811,50.863594,On or near Kathleen Close,E01020975,Hastings 008A,Vehicle crime,Investigation complete; no suspect identified,
420743459fa9e4fa2491058e799c34521537c2ea777e59a7e5933dbb59b707f7,2024-11,Sussex Police,Sussex Police,0.582101,50.864620,On or near Sherwood Close,E01020975,Hastings 008A,Vehicle crime,Court result unavailable,
b18d73a0b8013cff34a74a289d66fa4d1691268ebd85ab0410bc232e3674825f,2024-11,Sussex Police,Sussex Police,0.581477,50.864634,On or near Baldslow Road,E01020975,Hastings 008A,Violence and sexual offences,Court result unavailable,
805e65d4512f8355812c7bf0f6a7702e4fc369146e12c37da4a9242976c095d8,2024-11,Sussex Police,Sussex Police,0.581477,50.864634,On or near Baldslow Road,E01020975,Hastings 008A,Violence and sexual offences,Court result unavailable,
e4b986f3dc97cfb74d89107624a890e4ba45e97a48d0d4e2cecba0f789c57d7e,2024-11,Sussex Police,Sussex Police,0.581477,50.864634,On or near Baldslow Road,E01020975,Hastings 008A,Violence and sexual offences,Court result unavailable,
9254e97ca21c111e142f1f0b65164455e187a432cc020a419ebf6b0fb102cc81,2024-11,Sussex Police,Sussex Police,0.581477,50.864634,On or near Baldslow Road,E01020975,Hastings 008A,Other crime,Court result unavailable,
6fc45c470890397bdbc4c29de02c8cbcc46e191be3ce5835b1de19c33925adc1,2024-11,Sussex Police,Sussex Police,0.576492,50.860058,On or near Stanley Road,E01020976,Hastings 008B,Drugs,Status update unavailable,
b3358bcbe965343d0ab0f92c561d513f7df1edaa28a6a470504e103fc755a2f7,2024-11,Sussex Police,Sussex Police,0.575637,50.862596,On or near The Coppice,E01020976,Hastings 008B,Public order,Investigation complete; no suspect identified,
1bd1fecff325faabd5483c2c30b7472c336c9b9523558d162f9fc697ff25e838,2024-11,Sussex Police,Sussex Police,0.576912,50.863296,On or near Piltdown Close,E01020976,Hastings 008B,Vehicle crime,Investigation complete; no suspect identified,
d1c027db9446e54a03b2a8dd512996197657426cb2217596fadce50e38b32bf6,2024-11,Sussex Police,Sussex Police,0.578526,50.859582,On or near Braybrooke Road,E01020976,Hastings 008B,Vehicle crime,Investigation complete; no suspect identified,
12b361cde5faf88e8188ed222c037a8c08379cb62f8b0bf2826561cdb940dced,2024-11,Sussex Police,Sussex Police,0.574584,50.860766,On or near Wykeham Road,E01020976,Hastings 008B,Vehicle crime,Investigation complete; no suspect identified,
078e691f684994c0438efc72f7f56eaad38aec2722d8043d2b424f4bd0c36922,2024-11,Sussex Police,Sussex Police,0.576912,50.863296,On or near Piltdown Close,E01020976,Hastings 008B,Vehicle crime,Investigation complete; no suspect identified,
45aaec18d9ed7c18b16cc7afb768bd566731f3bd7dd45f1274b0d3c1705c761b,2024-11,Sussex Police,Sussex Police,0.557597,50.862768,On or near Lower South Road,E01020990,Hastings 008C,Burglary,Investigation complete; no suspect identified,
20fe4246813fca46ff32686605b8cde099138224513e05afde98b2a039b74aea,2024-11,Sussex Police,Sussex Police,0.557597,50.862768,On or near Lower South Road,E01020990,Hastings 008C,Criminal damage and arson,Investigation complete; no suspect identified,
9a7b56216652053a1c7164519d07f588fb26b3c51a1f61f597e9b87e8d3a3049,2024-11,Sussex Police,Sussex Police,0.559017,50.863528,On or near Supermarket,E01020990,Hastings 008C,Criminal damage and arson,Unable to prosecute suspect,
6dc50e8866cbffc08bbef903095c640aad182425af38e6552331932ee39154d6,2024-11,Sussex Police,Sussex Police,0.557597,50.862768,On or near Lower South Road,E01020990,Hastings 008C,Criminal damage and arson,Investigation complete; no suspect identified,
0feca79926aea8f4bba73868a2b5065ebe0762ab987e68756ca66970fe9a7be5,2024-11,Sussex Police,Sussex Police,0.557674,50.865464,On or near Upper Clarence Road,E01020990,Hastings 008C,Criminal damage and arson,Investigation complete; no suspect identified,
ab2fd47192c9928cccfdef0da507f6f7efaa08d600bea82cc33435fcef2165ad,2024-11,Sussex Police,Sussex Police,0.562702,50.862557,On or near Horntye Road,E01020990,Hastings 008C,Public order,Investigation complete; no suspect identified,
409413e1c1879090d612f280d5c500b8f148cdc05353094d71e60284b556bdab,2024-11,Sussex Police,Sussex Police,0.559017,50.863528,On or near Supermarket,E01020990,Hastings 008C,Shoplifting,Court result unavailable,
8ebe6d8d66a075deb3d945b1f232039cbd3b58409010e92847034af65591b90e,2024-11,Sussex Police,Sussex Police,0.559017,50.863528,On or near Supermarket,E01020990,Hastings 008C,Shoplifting,Court result unavailable,
b8345a91e1fdbd58ca364b4652ad795b62afd8da0701dced70db3da79676ebe1,2024-11,Sussex Police,Sussex Police,0.559017,50.863528,On or near Supermarket,E01020990,Hastings 008C,Shoplifting,Investigation complete; no suspect identified,
e1e9db3a96727636252f5c68f3aaa57ebc9c9b7cd133240159453a6ba3141af2,2024-11,Sussex Police,Sussex Police,0.559017,50.863528,On or near Supermarket,E01020990,Hastings 008C,Shoplifting,Court result unavailable,
70b02dc6bed36faa88aaf518b1419797042bba5b0656b6bda418653b6e8293f8,2024-11,Sussex Police,Sussex Police,0.559017,50.863528,On or near Supermarket,E01020990,Hastings 008C,Shoplifting,Unable to prosecute suspect,
fd8bda068a1141e9b5bb7354dc7c175ab2875b104565731d820d403e73193d22,2024-11,Sussex Police,Sussex Police,0.559017,50.863528,On or near Supermarket,E01020990,Hastings 008C,Shoplifting,Unable to prosecute suspect,
8872452875389f71d6283607bde5ed4de489018686689f72aea8ab709fd76c53,2024-11,Sussex Police,Sussex Police,0.559017,50.863528,On or near Supermarket,E01020990,Hastings 008C,Shoplifting,Court result unavailable,
2b653529e3327277190c897c7dfa3f3ada9a4c5d8ec0bf9e85b2a430ad457344,2024-11,Sussex Police,Sussex Police,0.559017,50.863528,On or near Supermarket,E01020990,Hastings 008C,Shoplifting,Investigation complete; no suspect identified,
13bb7897bbeb979cc21b864d261b7d061c20ea72ec82c41f18ef21a675c53dd1,2024-11,Sussex Police,Sussex Police,0.559017,50.863528,On or near Supermarket,E01020990,Hastings 008C,Shoplifting,Court result unavailable,
6426490f210c8c65a79156ec350f00314421eb2c9d4c00c23c9d31243fb3f261,2024-11,Sussex Police,Sussex Police,0.559017,50.863528,On or near Supermarket,E01020990,Hastings 008C,Shoplifting,Court result unavailable,
a6a2989d7d11df0373ba755de87f47245aca7857270da363786a646efb89ef47,2024-11,Sussex Police,Sussex Police,0.559017,50.863528,On or near Supermarket,E01020990,Hastings 008C,Shoplifting,Court result unavailable,
214fe97aea8e07c7d7499270027a3e63b8c1c262f74e3e93068ac3e9fcbb4863,2024-11,Sussex Police,Sussex Police,0.559017,50.863528,On or near Supermarket,E01020990,Hastings 008C,Shoplifting,Investigation complete; no suspect identified,
4bc1b626b01a8552bb3c001c087849cd36505fd7fc4d2b27272e68ffa90c1e12,2024-11,Sussex Police,Sussex Police,0.559017,50.863528,On or near Supermarket,E01020990,Hastings 008C,Shoplifting,Court result unavailable,
d3b7f89fc856d87937efee08dd898a07694c0d34f7773169120e89b1a38af940,2024-11,Sussex Police,Sussex Police,0.559017,50.863528,On or near Supermarket,E01020990,Hastings 008C,Shoplifting,Unable to prosecute suspect,
eee31246dd1114a9a4aacfd4aad8be0ad218f7b9d518eeaa1005064709ab8bbd,2024-11,Sussex Police,Sussex Police,0.559017,50.863528,On or near Supermarket,E01020990,Hastings 008C,Shoplifting,Investigation complete; no suspect identified,
04051679562ac82f9914dfd68ca9c7e3a9ddef50d26bea3fa3af7c2d6ab9c601,2024-11,Sussex Police,Sussex Police,0.559017,50.863528,On or near Supermarket,E01020990,Hastings 008C,Shoplifting,Investigation complete; no suspect identified,
73f79f20f717e130b73d0d230b63b97b74a436cab869452f615d0e27408559e0,2024-11,Sussex Police,Sussex Police,0.559017,50.863528,On or near Supermarket,E01020990,Hastings 008C,Shoplifting,Investigation complete; no suspect identified,
679f07ddd32502fee598deb9de38e0d410afc507ace5515801fb252b5453370a,2024-11,Sussex Police,Sussex Police,0.559017,50.863528,On or near Supermarket,E01020990,Hastings 008C,Shoplifting,Unable to prosecute suspect,
4e55dd46c91d8e68fc1e0239828307054735f7e83adf3cc944441bc2f31c8766,2024-11,Sussex Police,Sussex Police,0.559017,50.863528,On or near Supermarket,E01020990,Hastings 008C,Shoplifting,Investigation complete; no suspect identified,
9bba33ee0285a16c3ab91a63537fcda1bdf0b998caa1e18d5a613c0bdd7a3e9c,2024-11,Sussex Police,Sussex Police,0.557597,50.862768,On or near Lower South Road,E01020990,Hastings 008C,Shoplifting,Investigation complete; no suspect identified,
d871dcd14009ac0748a848b08c69828651a7051ec8c66dacb32d4909c6f897e1,2024-11,Sussex Police,Sussex Police,0.559017,50.863528,On or near Supermarket,E01020990,Hastings 008C,Shoplifting,Investigation complete; no suspect identified,
ed8899fffe129ce72fb713ab0d8e3f578b630e60bea39f7d6bb45893716d2aa5,2024-11,Sussex Police,Sussex Police,0.559017,50.863528,On or near Supermarket,E01020990,Hastings 008C,Shoplifting,Unable to prosecute suspect,
89b694d8200dc064911a66cce10adf4db3da41463b173eca051b90b1a2523ab0,2024-11,Sussex Police,Sussex Police,0.559017,50.863528,On or near Supermarket,E01020990,Hastings 008C,Shoplifting,Investigation complete; no suspect identified,
a96ae052c770dec5de92be2cda76daef67159244f81b9d125ed375ec5fb1a122,2024-11,Sussex Police,Sussex Police,0.559017,50.863528,On or near Supermarket,E01020990,Hastings 008C,Shoplifting,Unable to prosecute suspect,
f048278cdb58a2027e1fbe0ddab817bdf2fa16efa3a9aea41874009b3d8646ba,2024-11,Sussex Police,Sussex Police,0.559017,50.863528,On or near Supermarket,E01020990,Hastings 008C,Shoplifting,Court result unavailable,
61b83b30a8ddff454fb5e6436fa30758c571748cfc449b0e368e2ca8bb918479,2024-11,Sussex Police,Sussex Police,0.559017,50.863528,On or near Supermarket,E01020990,Hastings 008C,Shoplifting,Court result unavailable,
d0cf8acb94085f45ba719b4310cc670d6ed71a4dfb79cc3f197959a2e356b3f5,2024-11,Sussex Police,Sussex Police,0.559017,50.863528,On or near Supermarket,E01020990,Hastings 008C,Shoplifting,Court result unavailable,
7f68c9b9bbd454984d38e27c1744f598e3214bf9e2a3d8d00f1631331377c82e,2024-11,Sussex Police,Sussex Police,0.559017,50.863528,On or near Supermarket,E01020990,Hastings 008C,Shoplifting,Court result unavailable,
5984e03b403d4e92c8027de5ca0fa3b06444c2e0e45b061e9905bcacc0c5ce95,2024-11,Sussex Police,Sussex Police,0.559017,50.863528,On or near Supermarket,E01020990,Hastings 008C,Shoplifting,Investigation complete; no suspect identified,
0e1ee1fcb4e1b178a6441961a98781e01373816168add01504224950f2dc90ff,2024-11,Sussex Police,Sussex Police,0.559017,50.863528,On or near Supermarket,E01020990,Hastings 008C,Shoplifting,Court result unavailable,
761463978586a7bff5e21562126bad6d4a0da85583699a26b50dad64bc999036,2024-11,Sussex Police,Sussex Police,0.559017,50.863528,On or near Supermarket,E01020990,Hastings 008C,Shoplifting,Unable to prosecute suspect,
b781df465cba48491fa6e9ef835d794904795f5435c2cbed5a751c898661ded3,2024-11,Sussex Police,Sussex Police,0.559017,50.863528,On or near Supermarket,E01020990,Hastings 008C,Shoplifting,Investigation complete; no suspect identified,
e8d4198f40a4f0c55ec8d0fb48d9eaad9cbc8da16cfde1f4a2fbaf63733f39f0,2024-11,Sussex Police,Sussex Police,0.559017,50.863528,On or near Supermarket,E01020990,Hastings 008C,Shoplifting,Unable to prosecute suspect,
57d167cb3ffe66a5843d141f224d728bac3ceca045c950cdbd523200655a7552,2024-11,Sussex Police,Sussex Police,0.559017,50.863528,On or near Supermarket,E01020990,Hastings 008C,Shoplifting,Court result unavailable,
21573f45cfbaf0436bdca54816ee62fb9551bf64cc28e9014a09b4ed2b310740,2024-11,Sussex Police,Sussex Police,0.559017,50.863528,On or near Supermarket,E01020990,Hastings 008C,Shoplifting,Investigation complete; no suspect identified,
d091988712d1a55caadf4c105ee9f805ceee64b78dc86794f6bb7d4a363380f9,2024-11,Sussex Police,Sussex Police,0.559017,50.863528,On or near Supermarket,E01020990,Hastings 008C,Shoplifting,Unable to prosecute suspect,
237adae843555ac88d82e3cf11b395efdeb0f3bc55a3589b49ae145cbdfd7a9c,2024-11,Sussex Police,Sussex Police,0.559017,50.863528,On or near Supermarket,E01020990,Hastings 008C,Shoplifting,Unable to prosecute suspect,
,2024-11,Sussex Police,Sussex Police,0.552209,50.858299,On or near Markwick Terrace,E01020991,Hastings 008D,Anti-social behaviour,,
adaac51562430b27806064cc97823c4ca02568e8e1bed8be1b7349c69fcdc476,2024-11,Sussex Police,Sussex Police,0.554117,50.860451,On or near Tower Road West,E01020991,Hastings 008D,Criminal damage and arson,Investigation complete; no suspect identified,
b9666f5cc3bf8a1123fad82d46a640cf8578243223d79119407026c4acecd0f9,2024-11,Sussex Police,Sussex Police,0.553247,50.856765,On or near Brittany Mews,E01020991,Hastings 008D,Public order,Investigation complete; no suspect identified,
1e9763ec53e759965b2ecb27401deecf10a21e2fcc4f7cf6df09f8317551f282,2024-11,Sussex Police,Sussex Police,0.554176,50.861538,On or near Combermere Road,E01020991,Hastings 008D,Violence and sexual offences,Unable to prosecute suspect,
0b624ca6c6029bffe20ec55e38016c726f822931c7ac6e61ca689832509ad04a,2024-11,Sussex Police,Sussex Police,0.555037,50.857796,On or near Cumberland Gardens,E01020991,Hastings 008D,Violence and sexual offences,Unable to prosecute suspect,
,2024-11,Sussex Police,Sussex Police,0.565726,50.859918,On or near Bohemy Fields,E01020992,Hastings 008E,Anti-social behaviour,,
,2024-11,Sussex Police,Sussex Police,0.565726,50.859918,On or near Bohemy Fields,E01020992,Hastings 008E,Anti-social behaviour,,
,2024-11,Sussex Police,Sussex Police,0.565726,50.859918,On or near Bohemy Fields,E01020992,Hastings 008E,Anti-social behaviour,,
,2024-11,Sussex Police,Sussex Police,0.559500,50.861188,On or near St Peter'S Road,E01020992,Hastings 008E,Anti-social behaviour,,
,2024-11,Sussex Police,Sussex Police,0.560189,50.857413,On or near Southwater Road,E01020992,Hastings 008E,Anti-social behaviour,,
,2024-11,Sussex Police,Sussex Police,0.565726,50.859918,On or near Bohemy Fields,E01020992,Hastings 008E,Anti-social behaviour,,
,2024-11,Sussex Police,Sussex Police,0.558572,50.860579,On or near Woodland Vale Road,E01020992,Hastings 008E,Anti-social behaviour,,
,2024-11,Sussex Police,Sussex Police,0.560064,50.860330,On or near Cloudesley Road,E01020992,Hastings 008E,Anti-social behaviour,,
,2024-11,Sussex Police,Sussex Police,0.565726,50.859918,On or near Bohemy Fields,E01020992,Hastings 008E,Anti-social behaviour,,
,2024-11,Sussex Police,Sussex Police,0.557170,50.859377,On or near London Road,E01020992,Hastings 008E,Anti-social behaviour,,
,2024-11,Sussex Police,Sussex Police,0.557170,50.859377,On or near London Road,E01020992,Hastings 008E,Anti-social behaviour,,
,2024-11,Sussex Police,Sussex Police,0.558572,50.860579,On or near Woodland Vale Road,E01020992,Hastings 008E,Anti-social behaviour,,
2bf49b1825890b3126b218321f651f1edf75966574ef45f27d3f00fe33648050,2024-11,Sussex Police,Sussex Police,0.565726,50.859918,On or near Bohemy Fields,E01020992,Hastings 008E,Drugs,Offender given a caution,
b7b9bdc7c729edf565f7e0f62bce41b409dde4536b56d0c74bff820f14986dc2,2024-11,Sussex Police,Sussex Police,0.564494,50.858704,On or near De Cham Avenue,E01020992,Hastings 008E,Drugs,Further investigation is not in the public interest,
2ecb807238c3922cb7080963b8725d5dde47d5a8c839d1a6232dc481fc48d09c,2024-11,Sussex Police,Sussex Police,0.559607,50.861581,On or near Cornfield Terrace,E01020992,Hastings 008E,Other theft,Investigation complete; no suspect identified,
7a53672a62cc75f41bc26240199e7df3837c3a1ddeeef5d69ede7273ae8e319a,2024-11,Sussex Police,Sussex Police,0.563441,50.859716,On or near Bohemia Road,E01020992,Hastings 008E,Other theft,Investigation complete; no suspect identified,
7439e639c9bf0a9f2259d537f4d0dbaeefdc9c5f9255b1c63b4c7632a199603a,2024-11,Sussex Police,Sussex Police,0.565726,50.859918,On or near Bohemy Fields,E01020992,Hastings 008E,Possession of weapons,Unable to prosecute suspect,
8128e1d36a7738af7db9789eb1cd402287abc80e4b7db11312af4273fca68270,2024-11,Sussex Police,Sussex Police,0.563441,50.859716,On or near Bohemia Road,E01020992,Hastings 008E,Possession of weapons,Offender given a caution,
9f237bd5e75d3829a52b312e21f97efafdaed584821862020b09fcb0f5938b93,2024-11,Sussex Police,Sussex Police,0.564611,50.858233,On or near St Catherine'S Close,E01020992,Hastings 008E,Public order,Investigation complete; no suspect identified,
b2f114c782f915874de666a983cb32982b45a327b0a0d93d449c9517792d9a1a,2024-11,Sussex Police,Sussex Police,0.565726,50.859918,On or near Bohemy Fields,E01020992,Hastings 008E,Public order,Court result unavailable,
a40bc411fb907b6af54f4e36c978da9f93666c89c0db97ed9147eff1bd5f4690,2024-11,Sussex Police,Sussex Police,0.564611,50.858233,On or near St Catherine'S Close,E01020992,Hastings 008E,Shoplifting,Investigation complete; no suspect identified,
bda91daa4c50173ad0042a8385dd35e432e3f3a02af9b178085201e22e4215bc,2024-11,Sussex Police,Sussex Police,0.563441,50.859716,On or near Bohemia Road,E01020992,Hastings 008E,Shoplifting,Investigation complete; no suspect identified,
bbb0d305aca7ff64e2c54eded8f9981334b19d8cf2f15c8d7fc67c80bc1660c2,2024-11,Sussex Police,Sussex Police,0.563441,50.859716,On or near Bohemia Road,E01020992,Hastings 008E,Shoplifting,Investigation complete; no suspect identified,
6cf21e3aea4dbd4056318d2cf3eaa2f40fab67834c4177fe470311fbc3f36551,2024-11,Sussex Police,Sussex Police,0.563441,50.859716,On or near Bohemia Road,E01020992,Hastings 008E,Shoplifting,Investigation complete; no suspect identified,
1e0970347ac0f7f3de5857a40c223fe1744a98d3787be7810a80ef22fe0f19bc,2024-11,Sussex Police,Sussex Police,0.563441,50.859716,On or near Bohemia Road,E01020992,Hastings 008E,Shoplifting,Investigation complete; no suspect identified,
3d1945c35c38612f8adde1e3f1f17943995e03bc914954ad933f2701f4248b8f,2024-11,Sussex Police,Sussex Police,0.559500,50.861188,On or near St Peter'S Road,E01020992,Hastings 008E,Vehicle crime,Investigation complete; no suspect identified,
a083c25f5563a33e636ceee41913a4d65e29b78f1b96f208c3c200a8729a2a3a,2024-11,Sussex Police,Sussex Police,0.561981,50.860558,On or near Petrol Station,E01020992,Hastings 008E,Vehicle crime,Investigation complete; no suspect identified,
14480d0b0a3b8999d35ea63a6c5e3a59e60665c7f05f09b84310a372cbedab84,2024-11,Sussex Police,Sussex Police,0.563386,50.857937,On or near Cherry Tree Close,E01020992,Hastings 008E,Vehicle crime,Unable to prosecute suspect,
be0a45c07ff82ff068393b9c0f2a0a274038b5c68c35ecfd2e465269d38c6808,2024-11,Sussex Police,Sussex Police,0.565726,50.859918,On or near Bohemy Fields,E01020992,Hastings 008E,Violence and sexual offences,Unable to prosecute suspect,
576d60ecd963c9da4fea5058ee7513cdcfeacb4c7775bd939aafd7301f037127,2024-11,Sussex Police,Sussex Police,0.557170,50.859377,On or near London Road,E01020992,Hastings 008E,Violence and sexual offences,Unable to prosecute suspect,
bb88496091db9550a0189c029bce17281bbb6887c7a8fca97a137aaed651df2d,2024-11,Sussex Police,Sussex Police,0.565726,50.859918,On or near Bohemy Fields,E01020992,Hastings 008E,Violence and sexual offences,Unable to prosecute suspect,
ee03f8e29afbd5378588edc53d48a2528fc9be2a652ecf2a417b61a27cb6e48e,2024-11,Sussex Police,Sussex Police,0.557170,50.859377,On or near London Road,E01020992,Hastings 008E,Violence and sexual offences,Status update unavailable,
6d7f1db466939d69a2404a7321dd7a1537d8d0699b74cd5f887b14ce73d523f3,2024-11,Sussex Police,Sussex Police,0.562032,50.861735,On or near St Paul'S Road,E01020992,Hastings 008E,Violence and sexual offences,Unable to prosecute suspect,
584a43ce69ba144e2ac574b2e1f43b60837897ee7347531b9a4cce10bacb49fb,2024-11,Sussex Police,Sussex Police,0.560189,50.857413,On or near Southwater Road,E01020992,Hastings 008E,Violence and sexual offences,Offender given a caution,
879f6fd316ac2a0eccd65b24278c1751b65b47b99946fffe5a7681af2cd7ab30,2024-11,Sussex Police,Sussex Police,0.564494,50.858704,On or near De Cham Avenue,E01020992,Hastings 008E,Violence and sexual offences,Court result unavailable,
69d7aaae17b39007f0aa635ed8978c65aaf84592a0aa4550a52763f77f45b192,2024-11,Sussex Police,Sussex Police,0.557170,50.859377,On or near London Road,E01020992,Hastings 008E,Violence and sexual offences,Unable to prosecute suspect,
fe3e33f0b06e182f9664f0cf2c0fa8f750e7f0e6876a943a6ee5e8ae9206bd8f,2024-11,Sussex Police,Sussex Police,0.560189,50.857413,On or near Southwater Road,E01020992,Hastings 008E,Violence and sexual offences,Offender given a caution,
3163a56fa116cdbeff484ba687e29262276a4e2b56d0232ffa6ddc20680a0b3b,2024-11,Sussex Police,Sussex Police,0.560189,50.857413,On or near Southwater Road,E01020992,Hastings 008E,Violence and sexual offences,Unable to prosecute suspect,
253b6d7892a179c94c80e2bc3db5ff4427f8a7e9f27c13b9d70deda420876d5d,2024-11,Sussex Police,Sussex Police,0.557170,50.859377,On or near London Road,E01020992,Hastings 008E,Other crime,Court result unavailable,
1a34b9c0ef8109ad9693c66ec9a77e8a5b791b333034d497abac7409c05b574e,2024-11,Sussex Police,Sussex Police,0.561981,50.860558,On or near Petrol Station,E01020992,Hastings 008E,Other crime,Court result unavailable,
,2024-11,Sussex Police,Sussex Police,0.582056,50.856607,On or near Russell Street,E01020978,Hastings 009A,Anti-social behaviour,,
,2024-11,Sussex Police,Sussex Police,0.578392,50.854827,On or near Robertson Terrace,E01020978,Hastings 009A,Anti-social behaviour,,
,2024-11,Sussex Police,Sussex Police,0.581514,50.855018,On or near Pelham Street,E01020978,Hastings 009A,Anti-social behaviour,,
,2024-11,Sussex Police,Sussex Police,0.581027,50.855713,On or near York Gardens,E01020978,Hastings 009A,Anti-social behaviour,,
,2024-11,Sussex Police,Sussex Police,0.584294,50.859814,On or near Stonefield Place,E01020978,Hastings 009A,Anti-social behaviour,,
,2024-11,Sussex Police,Sussex Police,0.581027,50.855713,On or near York Gardens,E01020978,Hastings 009A,Anti-social behaviour,,
,2024-11,Sussex Police,Sussex Police,0.583014,50.855165,On or near Castle Street,E01020978,Hastings 009A,Anti-social behaviour,,
,2024-11,Sussex Police,Sussex Police,0.583524,50.857969,On or near Stone Street,E01020978,Hastings 009A,Anti-social behaviour,,
0f3df30747b682d18cb100863d5288e92c26bf6308c3fe91fc6750310b6810f0,2024-11,Sussex Police,Sussex Police,0.582207,50.858556,On or near St Andrews Square,E01020978,Hastings 009A,Burglary,Suspect charged as part of another case,
30aa0152a0f1495ffe4ba0c19fc59c1389a134436cc7b883887c472118e0155d,2024-11,Sussex Police,Sussex Police,0.584444,50.859433,On or near Stonefield Road,E01020978,Hastings 009A,Burglary,Status update unavailable,
5b86743419d51318c6790f14a583b7a995ab44d2ca1d55daad980523401d7ba7,2024-11,Sussex Police,Sussex Police,0.580198,50.855111,On or near Harold Place,E01020978,Hastings 009A,Burglary,Investigation complete; no suspect identified,
de19bace86fc36e49c11d235dedebb784fe15ad75dc793fde3195967eca6ebc3,2024-11,Sussex Police,Sussex Police,0.583014,50.855165,On or near Castle Street,E01020978,Hastings 009A,Criminal damage and arson,Investigation complete; no suspect identified,
bbc2308d87a121ee4ca7edf770d6e85a07a7351fb25f4fb3ee94e96f5fd85c32,2024-11,Sussex Police,Sussex Police,0.580873,50.855509,On or near Wellington Place,E01020978,Hastings 009A,Criminal damage and arson,Unable to prosecute suspect,
5ecfb79e7a4e9ea65dd91b9a7fce5098856578909fd4935d90547f98fe72872c,2024-11,Sussex Police,Sussex Police,0.580873,50.855509,On or near Wellington Place,E01020978,Hastings 009A,Criminal damage and arson,Investigation complete; no suspect identified,
41434dc5a2044b2b8dc1902c7661aaa5ffc1afb40e81bab89de6d9e5e0cfa2ee,2024-11,Sussex Police,Sussex Police,0.581514,50.855018,On or near Pelham Street,E01020978,Hastings 009A,Criminal damage and arson,Investigation complete; no suspect identified,
d987785b3ce130bef512f0c6370f3678ab59c30c98e4a8e7a333b3301a15fc51,2024-11,Sussex Police,Sussex Police,0.581027,50.855713,On or near York Gardens,E01020978,Hastings 009A,Criminal damage and arson,Investigation complete; no suspect identified,
ac20cff725f0409dc7969c3d6140ae62b3f54b98202fa9dab871cbc61dedcc74,2024-11,Sussex Police,Sussex Police,0.581027,50.855713,On or near York Gardens,E01020978,Hastings 009A,Other theft,Status update unavailable,
2ea98e38b4ad6665e820e8e307ea828c0f55d63d4de386f620201845d7734481,2024-11,Sussex Police,Sussex Police,0.583014,50.855426,On or near Castle Gardens,E01020978,Hastings 009A,Other theft,Investigation complete; no suspect identified,
cda0874ca8514b36aa70d4ce49ad080cca8aaa1f1af02fe1d7b9c58453906782,2024-11,Sussex Police,Sussex Police,0.584444,50.859433,On or near Stonefield Road,E01020978,Hastings 009A,Other theft,Investigation complete; no suspect identified,
93ea889b0facfc03cb8dd29907b5e868e7deb5e860e46eb5937a57cbe782ebd8,2024-11,Sussex Police,Sussex Police,0.581514,50.855018,On or near Pelham Street,E01020978,Hastings 009A,Other theft,Unable to prosecute suspect,
8814034c3dd62ebec9afcf9e76a9e38910869cdb699a35ce9c4317e86d78ae3a,2024-11,Sussex Police,Sussex Police,0.582056,50.856607,On or near Russell Street,E01020978,Hastings 009A,Possession of weapons,Court result unavailable,
4cdfe7f4e677682e4f9a42c79efc9888c3a507a9378bbfb87378ab01f3c66b4e,2024-11,Sussex Police,Sussex Police,0.580963,50.858673,On or near Parking Area,E01020978,Hastings 009A,Public order,Investigation complete; no suspect identified,
2804739c96488e1c6f8e6eddb3fb8a3ef8ce14d39a0baf2a7648a76cb1619ee0,2024-11,Sussex Police,Sussex Police,0.580873,50.855509,On or near Wellington Place,E01020978,Hastings 009A,Public order,Investigation complete; no suspect identified,
d2e068fc079c17e7eca88e741a61dd8829042d340c6aa5f3d3b45652e1b30401,2024-11,Sussex Police,Sussex Police,0.585630,50.855188,On or near Pelham Place,E01020978,Hastings 009A,Public order,Investigation complete; no suspect identified,
6972917861f0571952afa3f562db1c1de2f37070dd9bda9bdfa1a7cae21b9e55,2024-11,Sussex Police,Sussex Police,0.582546,50.857244,On or near Portland Place,E01020978,Hastings 009A,Public order,Court result unavailable,
dfd8e29317ac07bc18fc8a90a2c6ce21652821e34c151fae902c9254ad259ff3,2024-11,Sussex Police,Sussex Police,0.580198,50.855111,On or near Harold Place,E01020978,Hastings 009A,Public order,Investigation complete; no suspect identified,
b878f35221d43da36ce50ff963aea1ba922b1629041da3915c34fc3acf8e020f,2024-11,Sussex Police,Sussex Police,0.582337,50.858607,On or near Cornwallis Street,E01020978,Hastings 009A,Public order,Investigation complete; no suspect identified,
aa43138ce5b34797854f8062b3a0403ab6f454b8b5388e271f875f663f629172,2024-11,Sussex Police,Sussex Police,0.580963,50.858673,On or near Parking Area,E01020978,Hastings 009A,Public order,Unable to prosecute suspect,
69889ac719bac3aa36659c7721dfb1cb91691f4a6b6aa1fef7836931ca5c04b0,2024-11,Sussex Police,Sussex Police,0.581027,50.855713,On or near York Gardens,E01020978,Hastings 009A,Shoplifting,Unable to prosecute suspect,
be154a364163ce87da9319e6ddb22324ab7544807fd9557e9b8bdddfd5679aa0,2024-11,Sussex Police,Sussex Police,0.584294,50.859814,On or near Stonefield Place,E01020978,Hastings 009A,Shoplifting,Investigation complete; no suspect identified,
598ab78437ad2ef701f5411d6908b40ed694d0999521d9d3f4f0952965cda247,2024-11,Sussex Police,Sussex Police,0.583014,50.855426,On or near Castle Gardens,E01020978,Hastings 009A,Shoplifting,Court result unavailable,
0b47ac927e089b7d54790206881402f966405785ccba4669bc601634a172aa24,2024-11,Sussex Police,Sussex Police,0.581027,50.855713,On or near York Gardens,E01020978,Hastings 009A,Shoplifting,Court result unavailable,
bff57c60adb6134f97d672504d76d5138aa0c1c625db5dc8e665cbfff57e6de1,2024-11,Sussex Police,Sussex Police,0.582056,50.856607,On or near Russell Street,E01020978,Hastings 009A,Shoplifting,Investigation complete; no suspect identified,
e030c277a86d0c79fdc4122940638b944bddc33c81e12b0c2c1cbdf375965afa,2024-11,Sussex Police,Sussex Police,0.580873,50.855509,On or near Wellington Place,E01020978,Hastings 009A,Shoplifting,Court result unavailable,
6150fecaa94ae37f6e96cb1de0411065fe47b7b9f00dabaac5cb1f1dcc20b968,2024-11,Sussex Police,Sussex Police,0.582056,50.856607,On or near Russell Street,E01020978,Hastings 009A,Shoplifting,Unable to prosecute suspect,
5b0efe0dc6b7ff953a53353c7933a0839a3b0695601607ccd644615e4e5306d9,2024-11,Sussex Police,Sussex Police,0.580896,50.859008,On or near Mann Street,E01020978,Hastings 009A,Theft from the person,Investigation complete; no suspect identified,
974fd78b45dede052c6c6a61851a4219aa7db22fa9e2644668031dee8238df5c,2024-11,Sussex Police,Sussex Police,0.585886,50.858016,On or near Wellington Road,E01020978,Hastings 009A,Vehicle crime,Investigation complete; no suspect identified,
c5498f4f6f6c236449c4331f325c9dc22d26a9ce73cd6ba20efc7fe9a195b084,2024-11,Sussex Police,Sussex Police,0.578392,50.854827,On or near Robertson Terrace,E01020978,Hastings 009A,Vehicle crime,Investigation complete; no suspect identified,
eece13f2f1e86b66ec7667c56119d6fc363aa06f3f6650b0ae6b3feb78d39a20,2024-11,Sussex Police,Sussex Police,0.581027,50.855713,On or near York Gardens,E01020978,Hastings 009A,Violence and sexual offences,Investigation complete; no suspect identified,
37cfcb5073040d6e4654e75425cc395e3c2c63ea13beb62c20483539ba4a1c04,2024-11,Sussex Police,Sussex Police,0.580198,50.855111,On or near Harold Place,E01020978,Hastings 009A,Violence and sexual offences,Investigation complete; no suspect identified,
c9a5d503c93395b221398aac2e40651dc836d8fe7be42611484da8dca8483424,2024-11,Sussex Police,Sussex Police,0.580873,50.855509,On or near Wellington Place,E01020978,Hastings 009A,Violence and sexual offences,Unable to prosecute suspect,
d75bda5264b7af88976d437a713be48911b986c1e381ac5abf1cc13e705de63f,2024-11,Sussex Police,Sussex Police,0.582056,50.856607,On or near Russell Street,E01020978,Hastings 009A,Violence and sexual offences,Investigation complete; no suspect identified,
d5c37cb6cbe6ef7d01e3c72877bb2af7eb065a4d903b4d3bf2a57a8bef1b5e6e,2024-11,Sussex Police,Sussex Police,0.580873,50.855509,On or near Wellington Place,E01020978,Hastings 009A,Violence and sexual offences,Local resolution,
9de7a5154663b3c1670e5c023ae03ce801a2ec80d76e01273be093aa8113e2e0,2024-11,Sussex Police,Sussex Police,0.578679,50.854631,On or near Carlisle Parade,E01020978,Hastings 009A,Violence and sexual offences,Investigation complete; no suspect identified,
7e25142cd604ce35049f022ef952ca0c5422675ccbd5db2424a64073c42eaa7e,2024-11,Sussex Police,Sussex Police,0.583524,50.857969,On or near Stone Street,E01020978,Hastings 009A,Violence and sexual offences,Unable to prosecute suspect,
5d167259bc375447a1d80ed5b337606469e267b9ff694b65c06678b382d890f2,2024-11,Sussex Police,Sussex Police,0.580873,50.855509,On or near Wellington Place,E01020978,Hastings 009A,Violence and sexual offences,Unable to prosecute suspect,
f92d48773ebf440df5269b6035cb863de4c1695e804517aec993252eaa118381,2024-11,Sussex Police,Sussex Police,0.582546,50.857244,On or near Portland Place,E01020978,Hastings 009A,Violence and sexual offences,Unable to prosecute suspect,
b0f3a2b80adfffd081b3386e1bb28b51a54b4ec75a0fceaa6dd8a0dd45c95961,2024-11,Sussex Police,Sussex Police,0.583014,50.855426,On or near Castle Gardens,E01020978,Hastings 009A,Violence and sexual offences,Investigation complete; no suspect identified,
ee0cfa9cc928e7f52916358f83919836771d094b2d55da9304fdc24693c6c061,2024-11,Sussex Police,Sussex Police,0.581027,50.855713,On or near York Gardens,E01020978,Hastings 009A,Violence and sexual offences,Investigation complete; no suspect identified,
d88fe32c35e8ac5f0b4a20b5476ed243df1afead3a0b5a5d2db12a06d5338f1b,2024-11,Sussex Police,Sussex Police,0.580873,50.855509,On or near Wellington Place,E01020978,Hastings 009A,Violence and sexual offences,Investigation complete; no suspect identified,
82d3f0526bf43edaf3ce06ae795b277dde80f4b172d8b96b4f1fd194d7ff9234,2024-11,Sussex Police,Sussex Police,0.580198,50.855111,On or near Harold Place,E01020978,Hastings 009A,Violence and sexual offences,Court result unavailable,
112761c75bd964aa4dc6c82550b031f1c39b0619b399e779ee326af31876b379,2024-11,Sussex Police,Sussex Police,0.583755,50.858800,On or near Wellington Mews,E01020978,Hastings 009A,Violence and sexual offences,Unable to prosecute suspect,
0cff1cdc6a59f44dee1c3d5a9f982a400e6a141798d1832df1d3d10766c46b6e,2024-11,Sussex Police,Sussex Police,0.578392,50.854827,On or near Robertson Terrace,E01020978,Hastings 009A,Violence and sexual offences,Unable to prosecute suspect,
affee9a64cb1cae576fdeac6e0faa7a92de43038d57535cfbbdf3c159e4dafc6,2024-11,Sussex Police,Sussex Police,0.583684,50.854943,On or near Breeds Place,E01020978,Hastings 009A,Violence and sexual offences,Unable to prosecute suspect,
c84d57eac252b1fc8babfb21449bd890613b9f259ca1905c8cea9f7bd0b53ec0,2024-11,Sussex Police,Sussex Police,0.580896,50.859008,On or near Mann Street,E01020978,Hastings 009A,Violence and sexual offences,Court result unavailable,
10a129a27a36c98ef235d430ea5d2141685613943cea845dd4d214b85859a2cc,2024-11,Sussex Police,Sussex Police,0.583524,50.857969,On or near Stone Street,E01020978,Hastings 009A,Violence and sexual offences,Status update unavailable,
d5f294e2994eff5adbc9f8680d2a1eb851aeb85c2b68ab6a97b5fbc04d6fcdc0,2024-11,Sussex Police,Sussex Police,0.580873,50.855509,On or near Wellington Place,E01020978,Hastings 009A,Violence and sexual offences,Unable to prosecute suspect,
74ba5e7edc8af9ac91f78704f0cea8d7a1a9dcc34a90d26207e0190dc96d2f7d,2024-11,Sussex Police,Sussex Police,0.584444,50.859433,On or near Stonefield Road,E01020978,Hastings 009A,Violence and sexual offences,Status update unavailable,
af06a98a395b652113f527ebbe903a86fc28cf2b9838bd902299ea7b776893e0,2024-11,Sussex Police,Sussex Police,0.583014,50.855426,On or near Castle Gardens,E01020978,Hastings 009A,Violence and sexual offences,Unable to prosecute suspect,
967f81d6a8547eaae659e5190319de47c128555180e0df2e8aaf824abe8346d4,2024-11,Sussex Police,Sussex Police,0.581027,50.855713,On or near York Gardens,E01020978,Hastings 009A,Violence and sexual offences,Unable to prosecute suspect,
0a160e418dc5ee568c08a7bf79ce15f898c811353cd22c99fe4f941acb78637a,2024-11,Sussex Police,Sussex Police,0.580896,50.859008,On or near Mann Street,E01020978,Hastings 009A,Violence and sexual offences,Unable to prosecute suspect,
37fafc0ffd9d9bac09fd9b360b6b6e163090153c51e27d7105e2ad25e2c71d84,2024-11,Sussex Police,Sussex Police,0.584806,50.856996,On or near Castle Hill Road,E01020978,Hastings 009A,Violence and sexual offences,Unable to prosecute suspect,
3be41d361eebc6ff02bfeb559022fdc56b2c20421f3a4db814f855526adca7f1,2024-11,Sussex Police,Sussex Police,0.578679,50.854631,On or near Carlisle Parade,E01020978,Hastings 009A,Violence and sexual offences,Investigation complete; no suspect identified,
386bd7e20df3f6edd9318b917010a459a59327db1b9ab071324a7caeb4e289fc,2024-11,Sussex Police,Sussex Police,0.581027,50.855713,On or near York Gardens,E01020978,Hastings 009A,Violence and sexual offences,Investigation complete; no suspect identified,
4c91eccf65ef284a613fcf8cf98823faaedb032d5fad03bfa21659e5f90af21c,2024-11,Sussex Police,Sussex Police,0.580873,50.855509,On or near Wellington Place,E01020978,Hastings 009A,Violence and sexual offences,Unable to prosecute suspect,
22b244a688a3c98a84d9474cf4e864290dfd4fa7579c7d68648caef6651c7a09,2024-11,Sussex Police,Sussex Police,0.580873,50.855509,On or near Wellington Place,E01020978,Hastings 009A,Violence and sexual offences,Unable to prosecute suspect,
,2024-11,Sussex Police,Sussex Police,0.576015,50.855023,On or near The Alley,E01020979,Hastings 009B,Anti-social behaviour,,
,2024-11,Sussex Police,Sussex Police,0.577177,50.856769,On or near Parking Area,E01020979,Hastings 009B,Anti-social behaviour,,
,2024-11,Sussex Police,Sussex Police,0.577177,50.856769,On or near Parking Area,E01020979,Hastings 009B,Anti-social behaviour,,
,2024-11,Sussex Police,Sussex Police,0.577177,50.856769,On or near Parking Area,E01020979,Hastings 009B,Anti-social behaviour,,
,2024-11,Sussex Police,Sussex Police,0.577517,50.855206,On or near Robertson Street,E01020979,Hastings 009B,Anti-social behaviour,,
7794006dd88c7f15174ee176794a5e99996d43c320d5169cfe04cf0159b1533c,2024-11,Sussex Police,Sussex Police,0.578518,50.856083,On or near Nightclub,E01020979,Hastings 009B,Criminal damage and arson,Investigation complete; no suspect identified,
416d03d0cd4427b96ecce469cebda5d93a078ccc6acf6d0ce0268e60780dd2cf,2024-11,Sussex Police,Sussex Police,0.577937,50.855080,On or near Robertson Passage,E01020979,Hastings 009B,Criminal damage and arson,Investigation complete; no suspect identified,
711345fa58afd5c729143ebcd78bbccb39158d7ab669de3b7044c49b977d4973,2024-11,Sussex Police,Sussex Police,0.578518,50.856083,On or near Nightclub,E01020979,Hastings 009B,Criminal damage and arson,Investigation complete; no suspect identified,
285fc1cdc7b70a081f320d7dd74346b60a78a84d74e85176092875664687af23,2024-11,Sussex Police,Sussex Police,0.578518,50.856083,On or near Nightclub,E01020979,Hastings 009B,Criminal damage and arson,Investigation complete; no suspect identified,
c648261dbdb8c98e8996416848aa42f9041632873a3863d611a92e37018c5776,2024-11,Sussex Police,Sussex Police,0.576359,50.856356,On or near Cambridge Gardens,E01020979,Hastings 009B,Criminal damage and arson,Unable to prosecute suspect,
425c7e0042771530a1593561ad9e84931136712ffe0b2dcae46d3aee750a52c2,2024-11,Sussex Police,Sussex Police,0.576359,50.856356,On or near Cambridge Gardens,E01020979,Hastings 009B,Drugs,Court result unavailable,
db92cc207262492af62f7e29c87e4a07f3f386b9d77106529c2be5eb6cf1d14c,2024-11,Sussex Police,Sussex Police,0.577177,50.856769,On or near Parking Area,E01020979,Hastings 009B,Other theft,Investigation complete; no suspect identified,
e297921f8f2185bb6a404d42cc581cb55d7c4daf68202996fa01354f8a599001,2024-11,Sussex Police,Sussex Police,0.573636,50.856200,On or near Holmesdale Gardens,E01020979,Hastings 009B,Other theft,Investigation complete; no suspect identified,
b9dd51b61fccf0497696bcc4cd8bacdf7804e485fa18cfb1204739ae58b82bc9,2024-11,Sussex Police,Sussex Police,0.578733,50.857418,On or near Station Road,E01020979,Hastings 009B,Other theft,Investigation complete; no suspect identified,
801e00676b6028e43ab9468813e9d06e8e839615df9b348356e14b9a8a175b8d,2024-11,Sussex Police,Sussex Police,0.578985,50.857854,On or near Devonshire Road,E01020979,Hastings 009B,Other theft,Investigation complete; no suspect identified,
c48e692f36331c2301258a2785013790605761fa6284e84440a1eb059c66f038,2024-11,Sussex Police,Sussex Police,0.577969,50.858159,On or near Further/Higher Educational Building,E01020979,Hastings 009B,Possession of weapons,Unable to prosecute suspect,
574b981fe09dc0b8e982824e9a844f9d027bc0db5bc05e8af3b4c460afa92a4a,2024-11,Sussex Police,Sussex Police,0.573636,50.856200,On or near Holmesdale Gardens,E01020979,Hastings 009B,Public order,Investigation complete; no suspect identified,
5abc8fd8cb9debdeba5530329d0e468e98005ba115373a9a13a869e15f6fa479,2024-11,Sussex Police,Sussex Police,0.578733,50.857418,On or near Station Road,E01020979,Hastings 009B,Public order,Unable to prosecute suspect,
1ab6a4956ffdc5ff82b5ddd5dce20be5a49be0aefe934c22a2da5f34812b4341,2024-11,Sussex Police,Sussex Police,0.577263,50.855229,On or near Trinity Street,E01020979,Hastings 009B,Public order,Local resolution,
48241a76d7bc12b8417785692da1be110ecf37a0d512cbad20f60b810a3e4e5c,2024-11,Sussex Police,Sussex Police,0.577517,50.855206,On or near Robertson Street,E01020979,Hastings 009B,Public order,Investigation complete; no suspect identified,
996658b9c38dbaa683e56461904febaad60d19b2b642a6e599635e2d727a216b,2024-11,Sussex Police,Sussex Police,0.577517,50.855206,On or near Robertson Street,E01020979,Hastings 009B,Public order,Investigation complete; no suspect identified,
7ee960f38f581b0fe8786b344b12dac90a51d78c9466dc19ec0c881950fc9d6c,2024-11,Sussex Police,Sussex Police,0.573636,50.856200,On or near Holmesdale Gardens,E01020979,Hastings 009B,Public order,Unable to prosecute suspect,
62211bf361e278e3e1ff54e9b08d90251af16f66064e1ef0669301c84bc19394,2024-11,Sussex Police,Sussex Police,0.578733,50.857418,On or near Station Road,E01020979,Hastings 009B,Shoplifting,Unable to prosecute suspect,
140b74a31411899941ce4e2b8f086dd438cfc119ec2b95521a8b45af56cb3128,2024-11,Sussex Police,Sussex Police,0.578733,50.857418,On or near Station Road,E01020979,Hastings 009B,Shoplifting,Investigation complete; no suspect identified,
00ffc54b9f1275df522b99f5b2a0848e89ca85e78d16768adaf0083dc1413ed2,2024-11,Sussex Police,Sussex Police,0.577969,50.858159,On or near Further/Higher Educational Building,E01020979,Hastings 009B,Shoplifting,Investigation complete; no suspect identified,
ba1d4da646636ba172a72ba96dbb546b467ffbbefe665b044d6d8a302c725fe2,2024-11,Sussex Police,Sussex Police,0.580221,50.857844,On or near Parking Area,E01020979,Hastings 009B,Shoplifting,Local resolution,
68823d11231f25bab09d4328fee155d37590c4f183da173cd76228b37c5a9de4,2024-11,Sussex Police,Sussex Police,0.577937,50.855080,On or near Robertson Passage,E01020979,Hastings 009B,Shoplifting,Court result unavailable,
de4523170c9e63bf37d66f43024b58e413c0eed84db2e00da6bd6f480b247b5b,2024-11,Sussex Police,Sussex Police,0.581530,50.857676,On or near Shopping Area,E01020979,Hastings 009B,Shoplifting,Unable to prosecute suspect,
d320dfacf3537583368874ded366598d799d6fe16a8945b99ca5cf550ca2bfa2,2024-11,Sussex Police,Sussex Police,0.580221,50.857844,On or near Parking Area,E01020979,Hastings 009B,Shoplifting,Local resolution,
d58675a33454ddbd9e6e5e8a76957da13be2398b7e2023207994db9a616ed385,2024-11,Sussex Police,Sussex Police,0.580221,50.857844,On or near Parking Area,E01020979,Hastings 009B,Shoplifting,Court result unavailable,
4558c33964f2fddaeb91222f09e3776776687ee15daa7962e662f91b36b12374,2024-11,Sussex Police,Sussex Police,0.578733,50.857418,On or near Station Road,E01020979,Hastings 009B,Shoplifting,Investigation complete; no suspect identified,
a6081f2117dd7bdc21a09cb730b8769d0a10bc7122b254a7510536d2755d666f,2024-11,Sussex Police,Sussex Police,0.581530,50.857676,On or near Shopping Area,E01020979,Hastings 009B,Shoplifting,Court result unavailable,
dd1e0b5f489473904d6e3ba3745d7896a96f9b09851d86ae2a78c042ffeef60f,2024-11,Sussex Police,Sussex Police,0.578613,50.856270,On or near Havelock Road,E01020979,Hastings 009B,Shoplifting,Unable to prosecute suspect,
66a7fea00f418392d56366cd53c1ea789b1d1c260a8192c4e833a40d7f11cee0,2024-11,Sussex Police,Sussex Police,0.581530,50.857676,On or near Shopping Area,E01020979,Hastings 009B,Shoplifting,Court result unavailable,
15fbf58bd8b92f5825b1bc8184863c8f0644bad0315647240defd181dfc4a5a6,2024-11,Sussex Police,Sussex Police,0.578733,50.857418,On or near Station Road,E01020979,Hastings 009B,Shoplifting,Unable to prosecute suspect,
e97c2366f51e96073bbb124dbec73f5e78ba97382a15bd940c6dec5788015b32,2024-11,Sussex Police,Sussex Police,0.581530,50.857676,On or near Shopping Area,E01020979,Hastings 009B,Shoplifting,Court result unavailable,
a2b58412ee4b3c5fa5cd4dd84f8f0d71af6bc7fd3e4713a464e9e964715b57f7,2024-11,Sussex Police,Sussex Police,0.577937,50.855080,On or near Robertson Passage,E01020979,Hastings 009B,Shoplifting,Investigation complete; no suspect identified,
5b35aa494feabafa13022266e9ffdbd264e72a002ccdd7a815339dadb23c2538,2024-11,Sussex Police,Sussex Police,0.578733,50.857418,On or near Station Road,E01020979,Hastings 009B,Shoplifting,Investigation complete; no suspect identified,
2acaf05a09b0b15fe1a9232e4ef3847a7f6c9af4f930a6b5e0b1b76efcc32c26,2024-11,Sussex Police,Sussex Police,0.578613,50.856270,On or near Havelock Road,E01020979,Hastings 009B,Shoplifting,Investigation complete; no suspect identified,
8c695f5afac6275810252e5d5f79ac645c1bb25380cad5faaaff25ecc9b305eb,2024-11,Sussex Police,Sussex Police,0.581530,50.857676,On or near Shopping Area,E01020979,Hastings 009B,Shoplifting,Court result unavailable,
040c88daf51e17f460f969c87bf26dca712880bfbff7884d40fe8ece34bd41b7,2024-11,Sussex Police,Sussex Police,0.577177,50.856769,On or near Parking Area,E01020979,Hastings 009B,Theft from the person,Status update unavailable,
125aa149a2d2ca31ca9e55587eac9f82e376f46d1674c6236ef0c2ece4088f40,2024-11,Sussex Police,Sussex Police,0.574703,50.856473,On or near Cornwallis Gardens,E01020979,Hastings 009B,Theft from the person,Investigation complete; no suspect identified,
99057ef769dc33b667d62be640828ce243632a45643eea669d21e413478ad6bc,2024-11,Sussex Police,Sussex Police,0.577047,50.858022,On or near Hastings,E01020979,Hastings 009B,Violence and sexual offences,Unable to prosecute suspect,
5b4af37a65a14718fe0fbd101992d47ff0ef355b8a125010af4edaaed49b328e,2024-11,Sussex Police,Sussex Police,0.578518,50.856083,On or near Nightclub,E01020979,Hastings 009B,Violence and sexual offences,Investigation complete; no suspect identified,
08a595681b8ff2d87138d10a6c62b2ab2bf13be10c926c089d5cf425a8f6c657,2024-11,Sussex Police,Sussex Police,0.578613,50.856270,On or near Havelock Road,E01020979,Hastings 009B,Violence and sexual offences,Investigation complete; no suspect identified,
689aa9e5a47686fcee7365c263d8dfdadd15a6a9d0e6ca9de5fc3f7de31293dc,2024-11,Sussex Police,Sussex Police,0.581530,50.857676,On or near Shopping Area,E01020979,Hastings 009B,Violence and sexual offences,Court result unavailable,
cc696e5a4ae5a5d7c80f3a1580dd22550fbf36367185bc454fcf2b19913497a8,2024-11,Sussex Police,Sussex Police,0.578518,50.856083,On or near Nightclub,E01020979,Hastings 009B,Violence and sexual offences,Unable to prosecute suspect,
d9786668b18a5cc89da81eac2c74e6eba703205db3ad5afdc308c29958378054,2024-11,Sussex Police,Sussex Police,0.578518,50.856083,On or near Nightclub,E01020979,Hastings 009B,Violence and sexual offences,Unable to prosecute suspect,
892eb8feff8bb2b9382883b5375648c81e5c1f2c92a3fb1a6d6040093c4a2571,2024-11,Sussex Police,Sussex Police,0.577937,50.855080,On or near Robertson Passage,E01020979,Hastings 009B,Violence and sexual offences,Investigation complete; no suspect identified,
6dd46a126fabb0c1a2967fc920af54c6f1ed4cfd65339eebdf52f36ea60fc6a9,2024-11,Sussex Police,Sussex Police,0.580310,50.858427,On or near South Terrace,E01020979,Hastings 009B,Violence and sexual offences,Unable to prosecute suspect,
154d630a100638368833f7bbcc5e0e5b82effa97cc0554e27d039f726927716d,2024-11,Sussex Police,Sussex Police,0.580310,50.858427,On or near South Terrace,E01020979,Hastings 009B,Violence and sexual offences,Unable to prosecute suspect,
39a623d5e6ef3b37dd77e8230325259c5fc73ac1073295ad85a0509f1afc9db3,2024-11,Sussex Police,Sussex Police,0.573636,50.856200,On or near Holmesdale Gardens,E01020979,Hastings 009B,Violence and sexual offences,Unable to prosecute suspect,
9c6d168cea9e4d2bb78d7661ecf413bff2cfdba3d7fcba7f2f86ca7a0eb2a9c6,2024-11,Sussex Police,Sussex Police,0.580221,50.857844,On or near Parking Area,E01020979,Hastings 009B,Violence and sexual offences,Unable to prosecute suspect,
8f79550156132b2e7a2976ce25139e64aa9ebe145edb2748899d4b76690dd65e,2024-11,Sussex Police,Sussex Police,0.577517,50.855206,On or near Robertson Street,E01020979,Hastings 009B,Violence and sexual offences,Unable to prosecute suspect,
6b2868799e67e5e78c7b7b79f97d64cc440eecd865caf0b62c67f183ec1cf65c,2024-11,Sussex Police,Sussex Police,0.575649,50.855598,On or near Cambridge Road,E01020979,Hastings 009B,Violence and sexual offences,Unable to prosecute suspect,
ea3d42bd3a41cb70c27c82020dc6975564352cac475c55fde07f8723e08269cb,2024-11,Sussex Police,Sussex Police,0.577177,50.856769,On or near Parking Area,E01020979,Hastings 009B,Violence and sexual offences,Investigation complete; no suspect identified,
b3fd96fb5c176124dba5ac453f60c6a594a08a7c93542ced1912e4e50490ef54,2024-11,Sussex Police,Sussex Police,0.575649,50.855598,On or near Cambridge Road,E01020979,Hastings 009B,Violence and sexual offences,Court result unavailable,
558a52f261ba021c7b96e00959c2dc748e9afcbba2dd41a059f1b94948bc2bbe,2024-11,Sussex Police,Sussex Police,0.577517,50.855206,On or near Robertson Street,E01020979,Hastings 009B,Violence and sexual offences,Unable to prosecute suspect,
e5b6e965d319775bc703ee2663ade9c187e86ade5369b6fccf7ad4b2d2ac8910,2024-11,Sussex Police,Sussex Police,0.572183,50.853803,On or near Theatre/Concert Hall,E01020979,Hastings 009B,Violence and sexual offences,Investigation complete; no suspect identified,
a73ce015eb4377f0eacde7ebb197b755fcd52f0472c9de699db7556265232c20,2024-11,Sussex Police,Sussex Police,0.571644,50.856154,On or near Ellis Close,E01020979,Hastings 009B,Violence and sexual offences,Investigation complete; no suspect identified,
c81e56ca79da8dc4c8a9d951664b9f23fcb98f0f53ff7fa473bb6c8482284170,2024-11,Sussex Police,Sussex Police,0.580221,50.857844,On or near Parking Area,E01020979,Hastings 009B,Violence and sexual offences,Local resolution,
85bce39a7921d802cbb96562ccdf6456afbe867f0938355e86843a24be0e0697,2024-11,Sussex Police,Sussex Police,0.577937,50.855080,On or near Robertson Passage,E01020979,Hastings 009B,Violence and sexual offences,Investigation complete; no suspect identified,
19cfe963713fd4741af4a420c248f01b1f858a77fd49e1f5040d6b17ccc5c05a,2024-11,Sussex Police,Sussex Police,0.576211,50.854713,On or near Nightclub,E01020979,Hastings 009B,Violence and sexual offences,Unable to prosecute suspect,
f9c099090d00fba4d9f4bea40e1f5fcfe987d15560c605762963764ef501323f,2024-11,Sussex Police,Sussex Police,0.577177,50.856769,On or near Parking Area,E01020979,Hastings 009B,Violence and sexual offences,Court result unavailable,
889bcd7f5d49dde02fcdbd7e6cc1df9a819b1dd45384164638f49fee47bd4dac,2024-11,Sussex Police,Sussex Police,0.578733,50.857418,On or near Station Road,E01020979,Hastings 009B,Violence and sexual offences,Investigation complete; no suspect identified,
5e9be6fbea068ec677c3b2d4a79437982e4de56e31a394cd68c700a0f08233fb,2024-11,Sussex Police,Sussex Police,0.578518,50.856083,On or near Nightclub,E01020979,Hastings 009B,Violence and sexual offences,Court result unavailable,
d7f7949d794507a54b4ffe7699d73eb15fb4fbee0b820cc4a8814173379a7bfc,2024-11,Sussex Police,Sussex Police,0.578518,50.856083,On or near Nightclub,E01020979,Hastings 009B,Violence and sexual offences,Investigation complete; no suspect identified,
dda256a88431977497bdbfc65951a29f831a2aed5f575452b2e3c363a34c58f8,2024-11,Sussex Police,Sussex Police,0.578518,50.856083,On or near Nightclub,E01020979,Hastings 009B,Violence and sexual offences,Court result unavailable,
fe863f7ff6fbdd810d8f91ee181acfdfb018d1a3f303f1159a06ba5f4010dc24,2024-11,Sussex Police,Sussex Police,0.577969,50.858159,On or near Further/Higher Educational Building,E01020979,Hastings 009B,Violence and sexual offences,Unable to prosecute suspect,
de365fd7aeba5200c1c936e9ec2033b0974e8a1f292ff7b0967208e3cb8247ad,2024-11,Sussex Police,Sussex Police,0.576359,50.856356,On or near Cambridge Gardens,E01020979,Hastings 009B,Violence and sexual offences,Unable to prosecute suspect,
95882aac77d99ac4f8348f03be518fbd8a8bba1d038f04976dc4174dd6ace252,2024-11,Sussex Police,Sussex Police,0.573990,50.855661,On or near Further/Higher Educational Building,E01020979,Hastings 009B,Violence and sexual offences,Unable to prosecute suspect,
df5ef57e5b62b272c62ff6f05ad5af4c099a08d1781bf42a760007d0366379a0,2024-11,Sussex Police,Sussex Police,0.578518,50.856083,On or near Nightclub,E01020979,Hastings 009B,Violence and sexual offences,Investigation complete; no suspect identified,
a1292a6f6404d9e25c31a16ce9c6871cbbecb89274fa4e352bf3165e18ecd62b,2024-11,Sussex Police,Sussex Police,0.580310,50.858427,On or near South Terrace,E01020979,Hastings 009B,Violence and sexual offences,Unable to prosecute suspect,
58abbc48dbb97bab72db775269cb17dfdb29fe2322ebbbc0bca3fa47bf1efff8,2024-11,Sussex Police,Sussex Police,0.576485,50.857108,On or near Cornwallis Terrace,E01020979,Hastings 009B,Violence and sexual offences,Unable to prosecute suspect,
8d6118879a95dcb8e2f65ab4089f97e6b2b0366676c44911345b4d5409482ca0,2024-11,Sussex Police,Sussex Police,0.578518,50.856083,On or near Nightclub,E01020979,Hastings 009B,Violence and sexual offences,Investigation complete; no suspect identified,
10bde12a0ca56e1ced1f4ce0c4b00be6f0fa66ed653dd9801733c5c4d40a04db,2024-11,Sussex Police,Sussex Police,0.578518,50.856083,On or near Nightclub,E01020979,Hastings 009B,Violence and sexual offences,Unable to prosecute suspect,
1cd5ecd58aa352635494757ceaa3508c797b28955c7a04899ea2858e639d68ab,2024-11,Sussex Police,Sussex Police,0.577047,50.858022,On or near Hastings,E01020979,Hastings 009B,Violence and sexual offences,Investigation complete; no suspect identified,
ef454fcde8fbd03c36234021af8bdfbe7aeb875489f8a773cdd5fddfe1f3bc90,2024-11,Sussex Police,Sussex Police,0.580310,50.858427,On or near South Terrace,E01020979,Hastings 009B,Violence and sexual offences,Awaiting court outcome,
7d9ae52d1b71b751f25555c634a9ba078cee90b07c4123741f883e235d4c5be0,2024-11,Sussex Police,Sussex Police,0.578518,50.856083,On or near Nightclub,E01020979,Hastings 009B,Violence and sexual offences,Investigation complete; no suspect identified,
2bb5663019de61a08fa52d2ae43368df9855c88a31d818df4803bf85ff007f1e,2024-11,Sussex Police,Sussex Police,0.577517,50.855206,On or near Robertson Street,E01020979,Hastings 009B,Violence and sexual offences,Offender given a caution,
,2024-11,Sussex Police,Sussex Police,0.583275,50.860916,On or near Waterworks Road,E01020980,Hastings 009C,Anti-social behaviour,,
c4381d11559f66769e0ab6200ac7065ba629a907fd65210ecdcdadd2a0abadea,2024-11,Sussex Police,Sussex Police,0.587416,50.864359,On or near St Mary'S Road,E01020980,Hastings 009C,Criminal damage and arson,Investigation complete; no suspect identified,
b90a77bc09271ad91d685ccf3b4403f4e0bb65075471798e90fb2115db62e721,2024-11,Sussex Police,Sussex Police,0.583275,50.860916,On or near Waterworks Road,E01020980,Hastings 009C,Criminal damage and arson,Investigation complete; no suspect identified,
c80fec3dc6e87efd14f808871a69fb692bbc548ac800aac391eaf4764099d343,2024-11,Sussex Police,Sussex Police,0.583275,50.860916,On or near Waterworks Road,E01020980,Hastings 009C,Criminal damage and arson,Investigation complete; no suspect identified,
9e9bb2bc12e2f286067e59161751a49f8e46b53871c71b1c51db775ff011519e,2024-11,Sussex Police,Sussex Police,0.583275,50.860916,On or near Waterworks Road,E01020980,Hastings 009C,Criminal damage and arson,Investigation complete; no suspect identified,
1fb47ad4fafe7944cf0b25a2a8f4711f704fcdc5a6226adc1a05b2e0631b4390,2024-11,Sussex Police,Sussex Police,0.583275,50.860916,On or near Waterworks Road,E01020980,Hastings 009C,Criminal damage and arson,Investigation complete; no suspect identified,
663770000eea68fc92e28cf655fbf1fbad69baf3b56af91a700b0e7d3846bcc3,2024-11,Sussex Police,Sussex Police,0.587416,50.864359,On or near St Mary'S Road,E01020980,Hastings 009C,Criminal damage and arson,Investigation complete; no suspect identified,
9172d798d263b3853a0e74d0e4a739c3b00c9e8442e3af97cfae0f113a22a975,2024-11,Sussex Police,Sussex Police,0.586048,50.859397,On or near Milward Crescent,E01020980,Hastings 009C,Other theft,Investigation complete; no suspect identified,
11c8b85e205a8dcf4b3336b05eadf29eab7f0a5c4541f23102437a78f74fe334,2024-11,Sussex Police,Sussex Police,0.585776,50.860141,On or near Milward Road,E01020980,Hastings 009C,Public order,Court result unavailable,
66765694811317da92127744e53011060eaba901c51365400a523f3bfa60a734,2024-11,Sussex Police,Sussex Police,0.585776,50.860141,On or near Milward Road,E01020980,Hastings 009C,Violence and sexual offences,Unable to prosecute suspect,
53f109cdc76b592bb50ec41a2b60e9eb020991bb45ac5bde671206157ec46981,2024-11,Sussex Police,Sussex Police,0.585776,50.860141,On or near Milward Road,E01020980,Hastings 009C,Violence and sexual offences,Court result unavailable,
216e23f9ad1ef597bf8e73669e9413eb8a6e446bfc7a9ac57b57b7d3b55569f9,2024-11,Sussex Police,Sussex Police,0.583275,50.860916,On or near Waterworks Road,E01020980,Hastings 009C,Violence and sexual offences,Investigation complete; no suspect identified,
,2024-11,Sussex Police,Sussex Police,0.589252,50.863113,On or near Whitefriars Road,E01020981,Hastings 009D,Anti-social behaviour,,
,2024-11,Sussex Police,Sussex Police,0.587295,50.861132,On or near St Mary'S Terrace,E01020981,Hastings 009D,Anti-social behaviour,,
,2024-11,Sussex Police,Sussex Police,0.589252,50.863113,On or near Whitefriars Road,E01020981,Hastings 009D,Anti-social behaviour,,
1cede58f4d7571b3210461c1c5da98c89b91554acc79fea474fe826d07e53089,2024-11,Sussex Police,Sussex Police,0.587786,50.862570,On or near Vicarage Road,E01020981,Hastings 009D,Violence and sexual offences,Unable to prosecute suspect,
2fd0842c40badc40031ccba65ca28abeb66d0bf3046662456ae540dda0b5a174,2024-11,Sussex Police,Sussex Police,0.587772,50.863856,On or near Manor Road,E01020981,Hastings 009D,Violence and sexual offences,Unable to prosecute suspect,
c784b94d03aea1ebe4d2671d0e2a9eae7c577c1b3281357a44c250faad46d4c4,2024-11,Sussex Police,Sussex Police,0.587772,50.863856,On or near Manor Road,E01020981,Hastings 009D,Violence and sexual offences,Unable to prosecute suspect,
8dec592283e3a5b8443acda55a592af19ddd344c7ad90d5a6610b061a751aaae,2024-11,Sussex Police,Sussex Police,0.587295,50.861132,On or near St Mary'S Terrace,E01020981,Hastings 009D,Violence and sexual offences,Unable to prosecute suspect,
1c7a10d877c49b5ed733f134e70998fe4c9b7052053c3abe1e51b6cbd5b2979f,2024-11,Sussex Police,Sussex Police,0.587772,50.863856,On or near Manor Road,E01020981,Hastings 009D,Violence and sexual offences,Unable to prosecute suspect,
,2024-11,Sussex Police,Sussex Police,0.542740,50.856383,On or near Merrimede Close,E01020997,Hastings 010A,Anti-social behaviour,,
769bf2054c70ae8642fbfd58b6bf49c16a787c575c05b08e8f2f4ca076afa2fc,2024-11,Sussex Police,Sussex Police,0.540298,50.858001,On or near Muirfield Rise,E01020997,Hastings 010A,Criminal damage and arson,Investigation complete; no suspect identified,
22567b8fd098c5a7760f38a7ab950ba24c583a25b55c1c54d5590424964f0e8f,2024-11,Sussex Police,Sussex Police,0.544135,50.854868,On or near Collinswood Drive,E01020997,Hastings 010A,Criminal damage and arson,Investigation complete; no suspect identified,
b3d732255be5ee49a8440bcf73eb947b4a0d775f28463a72841f4910906527de,2024-11,Sussex Police,Sussex Police,0.540291,50.852901,On or near Parking Area,E01020997,Hastings 010A,Drugs,Court result unavailable,
b6946dafdff142b50d9355637d5528c3abdfba17ad3265f697a802b59ef212ee,2024-11,Sussex Police,Sussex Police,0.547572,50.854317,On or near Tudor Avenue,E01020997,Hastings 010A,Other theft,Investigation complete; no suspect identified,
ea0dad23ba307d4e3fdc0e1c83efb967a538f05ff493bf9799c5df066fbd2f3f,2024-11,Sussex Police,Sussex Police,0.540291,50.852901,On or near Parking Area,E01020997,Hastings 010A,Shoplifting,Court result unavailable,
3d70b230d4f487a0000fcdbcff56d7d8dfeb4d7eaf847b0a00bc47847fdf974a,2024-11,Sussex Police,Sussex Police,0.539621,50.856774,On or near Carnoustie Close,E01020997,Hastings 010A,Vehicle crime,Investigation complete; no suspect identified,
29a24df77ef3ece8a64d5eac733f6aaa3f79da5094527a2eaef30a0167096ce7,2024-11,Sussex Police,Sussex Police,0.539467,50.853423,On or near West St Leonards,E01020997,Hastings 010A,Vehicle crime,Unable to prosecute suspect,
a36acf7f31e0891a10b065e6cdf2d9422359f95f92edd3b68a77f2218166fedc,2024-11,Sussex Police,Sussex Police,0.542740,50.856383,On or near Merrimede Close,E01020997,Hastings 010A,Violence and sexual offences,Unable to prosecute suspect,
1ec353d6c0e3b2815411525cd5e3f50a6f7a6e2a4846d396587d9b2219b31856,2024-11,Sussex Police,Sussex Police,0.542740,50.856383,On or near Merrimede Close,E01020997,Hastings 010A,Violence and sexual offences,Further investigation is not in the public interest,
ff763c0e9c714f6b241415885c9c813f8e11f70c929404e1bb359fd0733f5467,2024-11,Sussex Police,Sussex Police,0.542740,50.856383,On or near Merrimede Close,E01020997,Hastings 010A,Violence and sexual offences,Further investigation is not in the public interest,
ffe8b23835760b75944fad363764c3a6a2cb0818f93baba2e93e0d6183c607c3,2024-11,Sussex Police,Sussex Police,0.540291,50.852901,On or near Parking Area,E01020997,Hastings 010A,Violence and sexual offences,Action to be taken by another organisation,
,2024-11,Sussex Police,Sussex Police,0.551945,50.852692,On or near Archery Road,E01020998,Hastings 010B,Anti-social behaviour,,
a0a917897a6728cb0f728f651682f9d4b6ac4fbe06c11c99f1213a288d99444d,2024-11,Sussex Police,Sussex Police,0.551945,50.852692,On or near Archery Road,E01020998,Hastings 010B,Other theft,Investigation complete; no suspect identified,
0d6501abb0a426f49f65e71d6236da793a67b36ec98564186e1b891ec34a2003,2024-11,Sussex Police,Sussex Police,0.550160,50.853828,On or near Highlands Gardens,E01020998,Hastings 010B,Public order,Unable to prosecute suspect,
fd0c938d7bba6075a5a6a93a2b3f30a0457460a8fda448f7d2996a19b71bd693,2024-11,Sussex Police,Sussex Police,0.549219,50.857150,On or near Albany Road,E01020998,Hastings 010B,Vehicle crime,Investigation complete; no suspect identified,
e83f14943e5639d9ac3134981959e357ee52a76fe3f05f6364f88fc98c695051,2024-11,Sussex Police,Sussex Police,0.548655,50.852818,On or near Boscobel Road,E01020998,Hastings 010B,Violence and sexual offences,Unable to prosecute suspect,
faf36e89dba7770f35e00e5de7dc1e46ac2dfdc37eda2b40088ed29a195367dd,2024-11,Sussex Police,Sussex Police,0.550307,50.853915,On or near Highlands Drive,E01020998,Hastings 010B,Violence and sexual offences,Unable to prosecute suspect,
,2024-11,Sussex Police,Sussex Police,0.545156,50.858750,On or near Jubilee Gardens,E01020999,Hastings 010C,Anti-social behaviour,,
0d00b45acc90a46fb1d2c6a39330c23ea52fb9757784070e82d651874012205e,2024-11,Sussex Police,Sussex Police,0.544051,50.857766,On or near St Dominic Close,E01020999,Hastings 010C,Other theft,Investigation complete; no suspect identified,
35f6e303081c4c215b2813d90a8182f58065e8e5f2782664d50a9912bc4d2950,2024-11,Sussex Police,Sussex Police,0.549471,50.862307,On or near Lime Close,E01020999,Hastings 010C,Other theft,Unable to prosecute suspect,
a78e8f4b3377ebb6cf782aad8fa660e11d3a541e5d6615476f0eda0da217acf2,2024-11,Sussex Police,Sussex Police,0.545156,50.858750,On or near Jubilee Gardens,E01020999,Hastings 010C,Other theft,Investigation complete; no suspect identified,
8e59a06d3551278ddeda5f7eee13962344729aeeaa586430a5e0bd2127a07f2b,2024-11,Sussex Police,Sussex Police,0.544044,50.863118,On or near Marlborough Close,E01020999,Hastings 010C,Vehicle crime,Investigation complete; no suspect identified,
78fa0ab17a90c17a2b57c38e0f771015db0263a94b8e81212045cf3d8f957727,2024-11,Sussex Police,Sussex Police,0.541487,50.857121,On or near Burhill Way,E01020999,Hastings 010C,Vehicle crime,Court result unavailable,
11a3b9ddc963d369b65f33897d3d3f82901619bf091eb10727bfbfc2bd4e1345,2024-11,Sussex Police,Sussex Police,0.549471,50.862307,On or near Lime Close,E01020999,Hastings 010C,Violence and sexual offences,Unable to prosecute suspect,
48806f8fb666fc2e05aa1f5dbf22b8cd7a2247bc1f4912e53278132feddde646,2024-11,Sussex Police,Sussex Police,0.547935,50.861495,On or near Hollington Court,E01020999,Hastings 010C,Violence and sexual offences,Status update unavailable,
4995433f3631451179c58043242e937f7755caeab8fb1e382583c8735cccf6f1,2024-11,Sussex Police,Sussex Police,0.544051,50.857766,On or near St Dominic Close,E01020999,Hastings 010C,Violence and sexual offences,Unable to prosecute suspect,
3a0eae92765d9e862bec56b00dac7abe55e264b88e230bd306fc7ddb9c25465b,2024-11,Sussex Police,Sussex Police,0.544051,50.857766,On or near St Dominic Close,E01020999,Hastings 010C,Violence and sexual offences,Unable to prosecute suspect,
61c35e3cc7a2b53c584a0e80ccaafd7e8e86390b1f1dc7782caf9c1d07f7f76d,2024-11,Sussex Police,Sussex Police,0.547935,50.861495,On or near Hollington Court,E01020999,Hastings 010C,Violence and sexual offences,Unable to prosecute suspect,
,2024-11,Sussex Police,Sussex Police,0.529369,50.853507,On or near Conqueror Road,E01021016,Hastings 010D,Anti-social behaviour,,
,2024-11,Sussex Police,Sussex Police,0.527841,50.851787,On or near Lovat Mead,E01021016,Hastings 010D,Anti-social behaviour,,
,2024-11,Sussex Police,Sussex Police,0.536756,50.850856,On or near Seaside Way,E01021016,Hastings 010D,Anti-social behaviour,,
89ac378c9cd597095cf8b1e655095b498e18117ce21ba704cb7db661282860d0,2024-11,Sussex Police,Sussex Police,0.534417,50.850439,On or near Cinque Ports Way,E01021016,Hastings 010D,Burglary,Awaiting court outcome,
66502048ea37ffd9c68771c6491be1c7f7018c19590e9cf9f3c8581442e27fc7,2024-11,Sussex Police,Sussex Police,0.534507,50.852092,On or near Keymer Close,E01021016,Hastings 010D,Burglary,Investigation complete; no suspect identified,
9423d33474a0ddd3c2a713cd2d4a149db7ffaec47cec15345d61625bd5c8b4c0,2024-11,Sussex Police,Sussex Police,0.534417,50.850439,On or near Cinque Ports Way,E01021016,Hastings 010D,Burglary,Investigation complete; no suspect identified,
e1263935e7c1435f2a470c0e5c367e7bb4f554b3f93913ed1ee6770230ef8516,2024-11,Sussex Police,Sussex Police,0.532895,50.856435,On or near Edinburgh Road,E01021016,Hastings 010D,Public order,Unable to prosecute suspect,
2a6aa1a9da7fe8cedd2795faa32bc123c956eee9c8767179a75ce6a65571af92,2024-11,Sussex Police,Sussex Police,0.532895,50.856435,On or near Edinburgh Road,E01021016,Hastings 010D,Public order,Investigation complete; no suspect identified,
f9098f782f2f91ae01037feeae64dd1ccc56457d37c9639affe1c47541f20a42,2024-11,Sussex Police,Sussex Police,0.534417,50.850439,On or near Cinque Ports Way,E01021016,Hastings 010D,Public order,Unable to prosecute suspect,
88f7588963d26614503a8c6ecaeb086141831b09538bd0f0fb2e92142b90ca92,2024-11,Sussex Police,Sussex Police,0.532895,50.856435,On or near Edinburgh Road,E01021016,Hastings 010D,Public order,Unable to prosecute suspect,
3c7a50f84e254e38950880976107a2c10dfc93ae37bf8ebad016e761f3499659,2024-11,Sussex Police,Sussex Police,0.534417,50.850439,On or near Cinque Ports Way,E01021016,Hastings 010D,Robbery,Investigation complete; no suspect identified,
e1d28b8f45467c2aa294580c835d485949d29e33636d749bcc82a96ff66a3157,2024-11,Sussex Police,Sussex Police,0.534417,50.850439,On or near Cinque Ports Way,E01021016,Hastings 010D,Robbery,Investigation complete; no suspect identified,
e2e8b5051043747c6158fb5df290987af0a0521c9fa5577a865bb41329785519,2024-11,Sussex Police,Sussex Police,0.531132,50.855358,On or near William Road,E01021016,Hastings 010D,Vehicle crime,Investigation complete; no suspect identified,
f73ac2dfe9e339e20cbcf3a3eeec965c386029564ee3bf70e483950db4872b3d,2024-11,Sussex Police,Sussex Police,0.531132,50.855358,On or near William Road,E01021016,Hastings 010D,Vehicle crime,Investigation complete; no suspect identified,
ce6019d8a0451334b0cebbd22961a8706b01f92903af90db53ae1ce2f4f0eebe,2024-11,Sussex Police,Sussex Police,0.535444,50.852863,On or near St Saviour'S Road,E01021016,Hastings 010D,Violence and sexual offences,Unable to prosecute suspect,
383582116823ff97dd712046c5cbefba11a0db1695d6d58d880497ad1cdefbcb,2024-11,Sussex Police,Sussex Police,0.527841,50.851787,On or near Lovat Mead,E01021016,Hastings 010D,Violence and sexual offences,Unable to prosecute suspect,
c47679b72ec4d2b170ae33807f03519cc1b23ac3a56e99c08ddd72d10a41a09f,2024-11,Sussex Police,Sussex Police,0.532895,50.856435,On or near Edinburgh Road,E01021016,Hastings 010D,Violence and sexual offences,Further investigation is not in the public interest,
4d4702e67f30931f9c7425a396f43521f4cbaf7b11feaa7bfb2a323acbed5ce7,2024-11,Sussex Police,Sussex Police,0.535444,50.852863,On or near St Saviour'S Road,E01021016,Hastings 010D,Violence and sexual offences,Unable to prosecute suspect,
1ba9c39d67030247b81a593e453a7e79d1e9411b8ef7f16d50baf7662c3b9903,2024-11,Sussex Police,Sussex Police,0.535444,50.852863,On or near St Saviour'S Road,E01021016,Hastings 010D,Violence and sexual offences,Offender given a caution,
31cb2cf49c407ac38700f3c3dd077cae51d509fb57b0073d3a31081716450318,2024-11,Sussex Police,Sussex Police,0.538875,50.851682,On or near Keats Close,E01021016,Hastings 010D,Violence and sexual offences,Investigation complete; no suspect identified,
5d510f4ea0c450d6013adc49a29e70d73e8f849dbb102b0698942458e07032c4,2024-11,Sussex Police,Sussex Police,0.532895,50.856435,On or near Edinburgh Road,E01021016,Hastings 010D,Violence and sexual offences,Investigation complete; no suspect identified,
4ccfb53d952ebfe68408e1968049fdd37274e752bc177b9737185592208b86fd,2024-11,Sussex Police,Sussex Police,0.531132,50.855358,On or near William Road,E01021016,Hastings 010D,Violence and sexual offences,Unable to prosecute suspect,
e8a41c43854e72c2ddbde831c60c96bc26b37c4c86fa650e73fe298f0477fcf5,2024-11,Sussex Police,Sussex Police,0.531132,50.855358,On or near William Road,E01021016,Hastings 010D,Violence and sexual offences,Unable to prosecute suspect,
5e76fdbdd797b05cca764415b7d0f6123dbf1cb70974048b28bf99364e3e008f,2024-11,Sussex Police,Sussex Police,0.527841,50.851787,On or near Lovat Mead,E01021016,Hastings 010D,Violence and sexual offences,Unable to prosecute suspect,
,2024-11,Sussex Police,Sussex Police,0.519781,50.849874,On or near Bexhill Road,E01021017,Hastings 010E,Anti-social behaviour,,
bf5d8288ac1b0e732a2e8cd313f570da03639b3334a8706b4c354d7b6877ec95,2024-11,Sussex Police,Sussex Police,0.504803,50.844783,On or near Petrol Station,E01021017,Hastings 010E,Other theft,Investigation complete; no suspect identified,
ffe698c6b131fd7887d4348fc908522dcddd92ef3326b3762f9847731d2cd3b6,2024-11,Sussex Police,Sussex Police,0.519781,50.849874,On or near Bexhill Road,E01021017,Hastings 010E,Other theft,Investigation complete; no suspect identified,
8a5e2caa8ee0a6326b456608f1271dc4c840317e938718571f9bf9f9326e451b,2024-11,Sussex Police,Sussex Police,0.504803,50.844783,On or near Petrol Station,E01021017,Hastings 010E,Other theft,Investigation complete; no suspect identified,
a92a437c1363538ebf3ff73931a58d37f5ae4e0fbab5464d5a557163af126905,2024-11,Sussex Police,Sussex Police,0.516661,50.849972,On or near Sports/Recreation Area,E01021017,Hastings 010E,Public order,Investigation complete; no suspect identified,
d4c41ca90cac0f78b51b41ec71b4af81388d27563d5d12ebd7ba6f12ea28332c,2024-11,Sussex Police,Sussex Police,0.521145,50.849881,On or near Shopping Area,E01021017,Hastings 010E,Shoplifting,Unable to prosecute suspect,
ddbd55335df2d92da37d2659f5e11dfca2e7a763cf8df15032a7e23b712ce799,2024-11,Sussex Police,Sussex Police,0.521145,50.849881,On or near Shopping Area,E01021017,Hastings 010E,Shoplifting,Investigation complete; no suspect identified,
e2828f16e7acbdb7d17c71c97e0a1f527d608a63e0c371addd76f6ef42146f32,2024-11,Sussex Police,Sussex Police,0.511436,50.847131,On or near Hythe Avenue,E01021017,Hastings 010E,Vehicle crime,Investigation complete; no suspect identified,
dd7ee4537d3ce9af49edb9c563d80f9b2957d349f0051dbe98b83f5ef7f7c0ca,2024-11,Sussex Police,Sussex Police,0.520479,50.850165,On or near Bexhill Road,E01021017,Hastings 010E,Vehicle crime,Unable to prosecute suspect,
719b3d41bfdd4970d21c6ba3231accedac0b76f380ae4a973c555cb657c9da58,2024-11,Sussex Police,Sussex Police,0.509825,50.846761,On or near Bexleigh Avenue,E01021017,Hastings 010E,Vehicle crime,Investigation complete; no suspect identified,
63fd17501991342bbe28e5e61067e5c9ba94b7578d740034227c464e677405c4,2024-11,Sussex Police,Sussex Police,0.520479,50.850165,On or near Bexhill Road,E01021017,Hastings 010E,Vehicle crime,Status update unavailable,
d0768b649b7b3f8072b9a3e2ab5f00abebb0f5b075bb73e2a59e78aadb297437,2024-11,Sussex Police,Sussex Police,0.527322,50.850602,On or near Bulverhythe Road,E01021017,Hastings 010E,Violence and sexual offences,Unable to prosecute suspect,
8d2d88356f5ab5baaba1968367e801dbe6f76c935bf119b24ad038688b09161c,2024-11,Sussex Police,Sussex Police,0.512524,50.848871,On or near Parking Area,E01021017,Hastings 010E,Violence and sexual offences,Unable to prosecute suspect,
611d9e90ed87f254be3d97d9ca48161358d746fc57f5e1fc27f36d7c13ca1129,2024-11,Sussex Police,Sussex Police,0.504803,50.844783,On or near Petrol Station,E01021017,Hastings 010E,Violence and sexual offences,Unable to prosecute suspect,
52787296b327121fdcf2eadb69d2ec9f3357861473b6dc76d06b08c94808ed34,2024-11,Sussex Police,Sussex Police,0.520479,50.850165,On or near Bexhill Road,E01021017,Hastings 010E,Violence and sexual offences,Investigation complete; no suspect identified,
f9b42f29a9dd7ddad1f72189cfcd962b5609678b513630f11765fa33b5a76a37,2024-11,Sussex Police,Sussex Police,0.520479,50.850165,On or near Bexhill Road,E01021017,Hastings 010E,Violence and sexual offences,Court result unavailable,
bfc706869908bc16fc0ffb75b05b0bf6127caa09094e44aa3d72904cebbbf027,2024-11,Sussex Police,Sussex Police,0.520479,50.850165,On or near Bexhill Road,E01021017,Hastings 010E,Violence and sexual offences,Court result unavailable,
9eb7d207c3af4ea420453c722e5bc8e0946df5282c56fd961f9ab5f915774f6f,2024-11,Sussex Police,Sussex Police,0.520479,50.850165,On or near Bexhill Road,E01021017,Hastings 010E,Violence and sexual offences,Court result unavailable,
5d31a3c0b63ea6cbb4abf202d24a772589e3c31c94fdaf539a416a83f7794f1a,2024-11,Sussex Police,Sussex Police,0.520479,50.850165,On or near Bexhill Road,E01021017,Hastings 010E,Violence and sexual offences,Investigation complete; no suspect identified,
41a361cbe85ae45e4946844700a35d732b1ab7a74b330c5f27876c94b0c9d88a,2024-11,Sussex Police,Sussex Police,0.520479,50.850165,On or near Bexhill Road,E01021017,Hastings 010E,Other crime,Status update unavailable,
,2024-11,Sussex Police,Sussex Police,0.532897,50.858045,On or near Harley Shute Road,E01021018,Hastings 010F,Anti-social behaviour,,
,2024-11,Sussex Police,Sussex Police,0.538363,50.861884,On or near Fernside Avenue,E01021018,Hastings 010F,Anti-social behaviour,,
3d8ee743a7cf4dad6db2e764fbffb82cc8253327a0f12aae8e1b155e54c2fd1f,2024-11,Sussex Police,Sussex Police,0.530952,50.857817,On or near Asten Close,E01021018,Hastings 010F,Bicycle theft,Investigation complete; no suspect identified,
83b03a80fee1bfc187ea1533e4a86fb9bf8351788c2865432f1e11a8233d570e,2024-11,Sussex Police,Sussex Police,0.530952,50.857817,On or near Asten Close,E01021018,Hastings 010F,Other theft,Investigation complete; no suspect identified,
00755da95d70fc56a22a902bedc11b0c9c5992aa0cb07c05a186bd6d4caaf43a,2024-11,Sussex Police,Sussex Police,0.530952,50.857817,On or near Asten Close,E01021018,Hastings 010F,Public order,Unable to prosecute suspect,
29520b874536a94dc97d1f91b485591c934558c218994d0fa58b8445e0b8b99c,2024-11,Sussex Police,Sussex Police,0.530952,50.857817,On or near Asten Close,E01021018,Hastings 010F,Shoplifting,Unable to prosecute suspect,
b1ccf56faf2ab81afa5880a5d3330465324d8a2d7acaa8da9f5b25bcb4958455,2024-11,Sussex Police,Sussex Police,0.530952,50.857817,On or near Asten Close,E01021018,Hastings 010F,Vehicle crime,Investigation complete; no suspect identified,
ba045e0ec8c17234a9a3762e3e0c9aab0ff1ca2cf71b6e81991cc36c9b46fe95,2024-11,Sussex Police,Sussex Police,0.530952,50.857817,On or near Asten Close,E01021018,Hastings 010F,Violence and sexual offences,Unable to prosecute suspect,
03b33b695906edd65d4828a43b80c7cf43ce7cf0ab33d0ae61c09ebb895e8532,2024-11,Sussex Police,Sussex Police,0.537865,50.865789,On or near Wishing Tree Lane,E01021018,Hastings 010F,Violence and sexual offences,Unable to prosecute suspect,
1f2dad89d1d31a7f90a775f29a141b2eb5361fa419c55024fbad0707189d3ac2,2024-11,Sussex Police,Sussex Police,0.530952,50.857817,On or near Asten Close,E01021018,Hastings 010F,Violence and sexual offences,Investigation complete; no suspect identified,
c507d28f69e1e3138e3c5ffe4eed5f99958ba5e2c594f022033ca8f7a94b2a83,2024-11,Sussex Police,Sussex Police,0.530952,50.857817,On or near Asten Close,E01021018,Hastings 010F,Violence and sexual offences,Unable to prosecute suspect,
1eb7df9dd569590ab6d8ad2b579948c81a69fb9a30339ef19ff603be67e86fe7,2024-11,Sussex Police,Sussex Police,0.529052,50.859990,On or near Magpie Close,E01021018,Hastings 010F,Violence and sexual offences,Unable to prosecute suspect,
,2024-11,Sussex Police,Sussex Police,0.555965,50.854754,On or near Carisbrooke Road,E01020982,Hastings 011A,Anti-social behaviour,,
5ef56a9764efc2ad0f0b6a32b6c752803bb7de563c72c63f2b12459ae8cbaa34,2024-11,Sussex Police,Sussex Police,0.560530,50.854555,On or near Shopping Area,E01020982,Hastings 011A,Criminal damage and arson,Investigation complete; no suspect identified,
0c7ae3771188d6642381543bef84b1f35a4ea718219cc34b7c0557870a8f0345,2024-11,Sussex Police,Sussex Police,0.558228,50.853787,On or near Silchester Road,E01020982,Hastings 011A,Criminal damage and arson,Court result unavailable,
fbdc128d2ca7bae67143ad80d5e38966f486d62db859bbb4355a85ad5bc9c5e0,2024-11,Sussex Police,Sussex Police,0.556619,50.854766,On or near Cardiff Road,E01020982,Hastings 011A,Violence and sexual offences,Unable to prosecute suspect,
3879a627df345770577dda7a56112c4a3cc8cd257f9e2eeb52ca0f3d70d0860d,2024-11,Sussex Police,Sussex Police,0.557919,50.852804,On or near Gensing Road,E01020982,Hastings 011A,Violence and sexual offences,Unable to prosecute suspect,
9fe77f1713fed1806037248072e00a73fa9132dc86efe418aadda02edef77eab,2024-11,Sussex Police,Sussex Police,0.557919,50.852804,On or near Gensing Road,E01020982,Hastings 011A,Violence and sexual offences,Unable to prosecute suspect,
7033f88c471b499f626c316b48de215aaff9ee8f1d7524837c89f0471c654188,2024-11,Sussex Police,Sussex Police,0.557317,50.854526,On or near Stockleigh Road,E01020982,Hastings 011A,Violence and sexual offences,Status update unavailable,
,2024-11,Sussex Police,Sussex Police,0.560819,50.853361,On or near Cross Street,E01020983,Hastings 011B,Anti-social behaviour,,
495a202b544ca0497f602b55271f54b1963cf3348b59346b9550dd2d8c8f0375,2024-11,Sussex Police,Sussex Police,0.560819,50.853361,On or near Cross Street,E01020983,Hastings 011B,Criminal damage and arson,Unable to prosecute suspect,
28358f44330b3a3bbae13176070ed8d66a40c538c0cb4d80ec56481d16e9b3d7,2024-11,Sussex Police,Sussex Police,0.563485,50.853509,On or near Warrior Square,E01020983,Hastings 011B,Criminal damage and arson,Investigation complete; no suspect identified,
9fe6fe12d76c1b6580afd63a8143721e13de1b99c34d214189d0c6b6ce586ffd,2024-11,Sussex Police,Sussex Police,0.560593,50.853645,On or near Laser Lane,E01020983,Hastings 011B,Criminal damage and arson,Investigation complete; no suspect identified,
01fd84d4d82f23b6f59ecd313f6504d990ac313e571d2f24cec0ecab3bbffb1c,2024-11,Sussex Police,Sussex Police,0.563485,50.853509,On or near Warrior Square,E01020983,Hastings 011B,Possession of weapons,Unable to prosecute suspect,
f7ce5914a368c1574e1c7aebfb151755b5950d15d8cf4a190c1d9bf1fdd84224,2024-11,Sussex Police,Sussex Police,0.560188,50.854292,On or near King'S Road,E01020983,Hastings 011B,Public order,Unable to prosecute suspect,
3c18e6b0870c3f4fef78406998fea69dac18a67ff8f0a3fcc0de1480e1aa169f,2024-11,Sussex Police,Sussex Police,0.562810,50.855197,On or near Warrior Gardens,E01020983,Hastings 011B,Vehicle crime,Investigation complete; no suspect identified,
b240eacaed28119f8fbbf4762361e54d19aff3f552683ab9b71a199c5b2923ae,2024-11,Sussex Police,Sussex Police,0.562810,50.855197,On or near Warrior Gardens,E01020983,Hastings 011B,Vehicle crime,Investigation complete; no suspect identified,
3b0fe1f6a08b271ccacd5ba01a977771627a4bb80aa1f9cc71f05fc4fea2842f,2024-11,Sussex Police,Sussex Police,0.561720,50.854492,On or near Terrace Road,E01020983,Hastings 011B,Vehicle crime,Investigation complete; no suspect identified,
f3fd912e7fec61dae3b397e67ca7631406691d29d91b0829cc49fcaeb6ae9ce6,2024-11,Sussex Police,Sussex Police,0.560593,50.853645,On or near Laser Lane,E01020983,Hastings 011B,Violence and sexual offences,Unable to prosecute suspect,
958ab4e1bdf47b3b3e71b2fe51e31a75fe73e246e88eece2f87839a3a88bbc59,2024-11,Sussex Police,Sussex Police,0.560819,50.853361,On or near Cross Street,E01020983,Hastings 011B,Violence and sexual offences,Unable to prosecute suspect,
6e2476577594230c38ca6cc72ab0c948197370ec429b2a39ddbe23ba8df6fcbe,2024-11,Sussex Police,Sussex Police,0.560188,50.854292,On or near King'S Road,E01020983,Hastings 011B,Violence and sexual offences,Investigation complete; no suspect identified,
8655c0d9b7e0a28480d636ba45d30bebc538f886b7880dc7e23066e99e491d83,2024-11,Sussex Police,Sussex Police,0.561079,50.853940,On or near Western Road,E01020983,Hastings 011B,Violence and sexual offences,Unable to prosecute suspect,
1fb31fd440e101773232c5c8cc8be6bea3bc63c4c864556d4361e61aaf0ee955,2024-11,Sussex Police,Sussex Police,0.561720,50.854492,On or near Terrace Road,E01020983,Hastings 011B,Violence and sexual offences,Unable to prosecute suspect,
a918c220db3fd65a694fb9260e2e6bd1210cf17aa149020e19b51fd7881a751e,2024-11,Sussex Police,Sussex Police,0.561831,50.852376,On or near Saxon Street,E01020984,Hastings 011C,Bicycle theft,Investigation complete; no suspect identified,
921dac088798ed53a54ac8ec47f1096b604d05f41b7ff21e0cc1fab7ff3803af,2024-11,Sussex Police,Sussex Police,0.565486,50.853204,On or near St Margaret'S Terrace,E01020984,Hastings 011C,Criminal damage and arson,Unable to prosecute suspect,
6da8edefc31a9db24872c1b595cb821b977bb8585e4bfca2e6181ea0d11ae02d,2024-11,Sussex Police,Sussex Police,0.564639,50.852270,On or near A259,E01020984,Hastings 011C,Criminal damage and arson,Investigation complete; no suspect identified,
a26a4de86c7828cbe71b96921c6868116201a04b88c779dae1d5bc3d6d9d24fc,2024-11,Sussex Police,Sussex Police,0.567669,50.853372,On or near St Margaret'S Road,E01020984,Hastings 011C,Drugs,Status update unavailable,
a824327251a5eef9df37f6c7b20e076b151ba7d45048e3b472aeee22e9e1945c,2024-11,Sussex Police,Sussex Police,0.567669,50.853372,On or near St Margaret'S Road,E01020984,Hastings 011C,Drugs,Unable to prosecute suspect,
d7e64c5bc1eb9110277949617936745d1a385fb8b0f2743ded79782c9f93192f,2024-11,Sussex Police,Sussex Police,0.567669,50.853372,On or near St Margaret'S Road,E01020984,Hastings 011C,Drugs,Status update unavailable,
40502cf9e4d733da7183a49295a86dda44bb3fa37d3dc28b3f7b8b4bd757eb37,2024-11,Sussex Police,Sussex Police,0.564024,50.854793,On or near Edward Road,E01020984,Hastings 011C,Other theft,Unable to prosecute suspect,
0a04dd16d392713510897504b88d31576e0147b6cae384f0c5c9adaee2527dcf,2024-11,Sussex Police,Sussex Police,0.561297,50.851696,On or near Grand Parade,E01020984,Hastings 011C,Public order,Unable to prosecute suspect,
9e292b852aa418adb448b9cf76b2d1615922a0121e24c9b879d40a179bbb6463,2024-11,Sussex Police,Sussex Police,0.564639,50.852270,On or near A259,E01020984,Hastings 011C,Public order,Unable to prosecute suspect,
5cc3822fb3de74dccd4a7e89391527432e1122f703a3c9f16d03ca555292e80a,2024-11,Sussex Police,Sussex Police,0.559865,50.852883,On or near Supermarket,E01020984,Hastings 011C,Shoplifting,Court result unavailable,
80e0dd1bbc8ce1d815be842ddfa4f4bcf3a0e5799efd05852129e41f67fdc91d,2024-11,Sussex Police,Sussex Police,0.559865,50.852883,On or near Supermarket,E01020984,Hastings 011C,Shoplifting,Investigation complete; no suspect identified,
11412329468c4c6703e535c1d9ea31ca2b200b745f20f07f4e3e85b97a481cc7,2024-11,Sussex Police,Sussex Police,0.564639,50.852270,On or near A259,E01020984,Hastings 011C,Vehicle crime,Investigation complete; no suspect identified,
84640da522572d62b9d697d0240ada07fe1731f4fa62cdec3348e458852bda04,2024-11,Sussex Police,Sussex Police,0.565486,50.853204,On or near St Margaret'S Terrace,E01020984,Hastings 011C,Violence and sexual offences,Unable to prosecute suspect,
04c251829f2667df81f5117c3cade90865f235d313ba2d7057858fe458183a6b,2024-11,Sussex Police,Sussex Police,0.567588,50.852672,On or near Eversfield Place,E01020984,Hastings 011C,Violence and sexual offences,Investigation complete; no suspect identified,
b3f33f2bb50713059d6f2e9a8f9aa944435d7acf42ed4fe21c41d722873fa0fd,2024-11,Sussex Police,Sussex Police,0.569197,50.853510,On or near Parking Area,E01020984,Hastings 011C,Violence and sexual offences,Unable to prosecute suspect,
b93086b06e68e19770521d21a8d5003ad355a74449935b1c4b3292a40427a455,2024-11,Sussex Police,Sussex Police,0.561831,50.852376,On or near Saxon Street,E01020984,Hastings 011C,Violence and sexual offences,Investigation complete; no suspect identified,
a0d060961bb5f1c559246b72b00498e13378861e3905c0fdc90ea9b485b91c2c,2024-11,Sussex Police,Sussex Police,0.564639,50.852270,On or near A259,E01020984,Hastings 011C,Violence and sexual offences,Investigation complete; no suspect identified,
94756ef7ca051fecb192cf0bfb68ad730d899e0db118a418151c1e1de245c81d,2024-11,Sussex Police,Sussex Police,0.559865,50.852883,On or near Supermarket,E01020984,Hastings 011C,Violence and sexual offences,Unable to prosecute suspect,
9624f9e00774ae14adbd8d215b9c58eb01d49b5bc6a03a1f795055f252347e7d,2024-11,Sussex Police,Sussex Police,0.559865,50.852883,On or near Supermarket,E01020984,Hastings 011C,Violence and sexual offences,Investigation complete; no suspect identified,
0cc00857fe090c023cb2bfbb66cc8efd3832f748ecb86903f20a6445ab279aed,2024-11,Sussex Police,Sussex Police,0.559865,50.852883,On or near Supermarket,E01020984,Hastings 011C,Violence and sexual offences,Local resolution,
f3de26c8baea3781521f6d111b712deeadf72f7d365d9b731fe8b521193ec42d,2024-11,Sussex Police,Sussex Police,0.565486,50.853204,On or near St Margaret'S Terrace,E01020984,Hastings 011C,Violence and sexual offences,Unable to prosecute suspect,
9827001a9606ee7b3670dbe8d042cc3384f2d6b82ff5f6d8f054bee3d6eb2a4a,2024-11,Sussex Police,Sussex Police,0.561831,50.852376,On or near Saxon Street,E01020984,Hastings 011C,Violence and sexual offences,Unable to prosecute suspect,
8fd462654654fe80935892e1ffc05f6490884daaee21d5de83f19e8f6620bff9,2024-11,Sussex Police,Sussex Police,0.561831,50.852376,On or near Saxon Street,E01020984,Hastings 011C,Violence and sexual offences,Investigation complete; no suspect identified,
751b5ce61b3f79f46e5cc162b34442208873fb623fc47c9cea0dc15603b0392b,2024-11,Sussex Police,Sussex Police,0.565486,50.853204,On or near St Margaret'S Terrace,E01020984,Hastings 011C,Other crime,Further investigation is not in the public interest,
,2024-11,Sussex Police,Sussex Police,0.552218,50.850671,On or near Parking Area,E01020985,Hastings 011D,Anti-social behaviour,,
,2024-11,Sussex Police,Sussex Police,0.546569,50.851029,On or near Sussex Road,E01020985,Hastings 011D,Anti-social behaviour,,
51abdacdd5a0cac8ca12ce15ef2e56aa35a852f1503bf7b7a7f606a8ccd440a4,2024-11,Sussex Police,Sussex Police,0.546569,50.851029,On or near Sussex Road,E01020985,Hastings 011D,Bicycle theft,Investigation complete; no suspect identified,
b517c9b0130a7107227eae4e80c9ac1c6fc62996c0af5df905bb55ad78d44f81,2024-11,Sussex Police,Sussex Police,0.550161,50.850725,On or near Marina,E01020985,Hastings 011D,Bicycle theft,Investigation complete; no suspect identified,
85d0b9a39005ef5da337fd93c7e99bba1a9fa62977633cf626f8a36cc6aa995c,2024-11,Sussex Police,Sussex Police,0.559333,50.852431,On or near Shepherd Street,E01020985,Hastings 011D,Criminal damage and arson,Investigation complete; no suspect identified,
077545cac3105949136d7b67d8882a2176f46b26062af824b77ffccc17b3c2d3,2024-11,Sussex Police,Sussex Police,0.555891,50.851832,On or near Mews Road,E01020985,Hastings 011D,Criminal damage and arson,Investigation complete; no suspect identified,
c0501de0c80cabfaef1c7aea10d5a88aea74e216c48823e2470c3f227f8c1670,2024-11,Sussex Police,Sussex Police,0.555059,50.853262,On or near The Uplands,E01020985,Hastings 011D,Public order,Investigation complete; no suspect identified,
76b6c7e6fa832e1fd0f437bf1400c3c8ec2bc0f039554e46d29b75e16b978e67,2024-11,Sussex Police,Sussex Police,0.556058,50.851262,On or near East Ascent,E01020985,Hastings 011D,Public order,Investigation complete; no suspect identified,
f8af92f3a6a65f6dcafa3dde47601fe7cc04ccfab79268509cbe4b917ba8fbe0,2024-11,Sussex Police,Sussex Police,0.556058,50.851262,On or near East Ascent,E01020985,Hastings 011D,Shoplifting,Investigation complete; no suspect identified,
1deef02c68b584019c63aa0e3bcfab22e4f79e7240fc092fb5a4fcf65414ce9d,2024-11,Sussex Police,Sussex Police,0.555457,50.854036,On or near Kenilworth Road,E01020985,Hastings 011D,Vehicle crime,Investigation complete; no suspect identified,
c3fbb17f6d81d9119dfb5928f5e5ffd5fc227d82a062dbeb6e4f1cab760ddfd5,2024-11,Sussex Police,Sussex Police,0.559333,50.852431,On or near Shepherd Street,E01020985,Hastings 011D,Violence and sexual offences,Unable to prosecute suspect,
9ba4a394f73ac036c1e4137e3cb0efe348adfcdbe17ac71576233f8d19db71ff,2024-11,Sussex Police,Sussex Police,0.555457,50.854036,On or near Kenilworth Road,E01020985,Hastings 011D,Violence and sexual offences,Unable to prosecute suspect,
d2417b3ec878246159ab98bbbb29561d71bf18183ca2d3c0647d87195b664c38,2024-11,Sussex Police,Sussex Police,0.560229,50.852187,On or near Norman Road,E01020985,Hastings 011D,Violence and sexual offences,Investigation complete; no suspect identified,
4344fc7a80e7ece00dfe6232bbb41e38a5be44c740881efe2906cb8c4d0d7160,2024-11,Sussex Police,Sussex Police,0.545109,50.851096,On or near Caves Road,E01020985,Hastings 011D,Violence and sexual offences,Unable to prosecute suspect,
b1c9298582cb97cbae5d7fc5665aeeb5c2df0e7173dc69aeef425ba42dfc9d1d,2024-11,Sussex Police,Sussex Police,0.556058,50.851262,On or near East Ascent,E01020985,Hastings 011D,Violence and sexual offences,Local resolution,
b251af29e28f0f98b65c5fd60405c2addb33a2a52739352774faad96d0cfab33,2024-11,Sussex Police,Sussex Police,0.550161,50.850725,On or near Marina,E01020985,Hastings 011D,Violence and sexual offences,Investigation complete; no suspect identified,
3c79c85fd59a4a94dabbbaaaf63575dd29da28c930ee030fac701d44c63b3bc7,2024-11,Sussex Police,Sussex Police,0.555457,50.854036,On or near Kenilworth Road,E01020985,Hastings 011D,Other crime,Investigation complete; no suspect identified,
,2024-11,Sussex Police,Sussex Police,0.561545,50.857779,On or near Chapel Park Road,E01020989,Hastings 011E,Anti-social behaviour,,
2db9e8a7670f88607a733549250081d1b5e0bae24939dfd6f1d7d5b5cc0ad26e,2024-11,Sussex Police,Sussex Police,0.562728,50.855514,On or near St John'S Road,E01020989,Hastings 011E,Burglary,Investigation complete; no suspect identified,
adaa29dd918a968ec9dbaec5d308a9722cf0a69baf1c55ca6c5daceeaad56d3b,2024-11,Sussex Police,Sussex Police,0.561545,50.857779,On or near Chapel Park Road,E01020989,Hastings 011E,Criminal damage and arson,Investigation complete; no suspect identified,
b6660ac2b0572f764746d99668c1520b3a99023aee283fbdf2cc8f0ba155de41,2024-11,Sussex Police,Sussex Police,0.559752,50.855921,On or near Station Approach,E01020989,Hastings 011E,Other theft,Investigation complete; no suspect identified,
7a5853c699ffb58bffd03ae3387c602c1da89eb9959abf3a7dbe891ed93b36ed,2024-11,Sussex Police,Sussex Police,0.559381,50.856936,On or near Alexandra Road,E01020989,Hastings 011E,Violence and sexual offences,Investigation complete; no suspect identified,
4889dfd6458e40f0469ef69f1eba3e11357cc1b7d5d4180fd24b2cfc04c62bbf,2024-11,Sussex Police,Sussex Police,0.558232,50.858005,On or near A2102,E01020989,Hastings 011E,Violence and sexual offences,Action to be taken by another organisation,
a4349eeeafc2010246c5412b9aae2cb0824670663500877020871866e1252d58,2024-11,Sussex Police,Sussex Police,0.556142,50.857979,On or near Charles Road,E01020989,Hastings 011E,Violence and sexual offences,Unable to prosecute suspect,
0fb7c4a01a420428d3a749a30e58cc8e5960a651377248276de4d0347de16e56,2024-11,Sussex Police,Sussex Police,0.561928,50.858544,On or near De Cham Road,E01020989,Hastings 011E,Violence and sexual offences,Unable to prosecute suspect,
e085e2d21d075a611a488d524447f8d0211c6dbcf4caae91f482394c2026a6ef,2024-11,Sussex Police,Sussex Police,0.559381,50.856936,On or near Alexandra Road,E01020989,Hastings 011E,Violence and sexual offences,Offender given a caution,
9c7033978f65ff7f16ebf09fd944c68e9318840b3a1db988937b0564bc55e441,2024-11,Sussex Police,Sussex Police,0.556142,50.857979,On or near Charles Road,E01020989,Hastings 011E,Violence and sexual offences,Investigation complete; no suspect identified,
c659d88c08bddb2a085f371f2250327f9cc2f0f328990eeafc4dae8e87753f0d,2024-11,Sussex Police,Sussex Police,0.557657,50.856587,On or near Clyde Road,E01020989,Hastings 011E,Violence and sexual offences,Court result unavailable,
fea47fff318eb9bd7d7e01678ae4ed00ae881d70adcb368869ba3d738c3ad613,2024-11,Sussex Police,Sussex Police,0.561928,50.858544,On or near De Cham Road,E01020989,Hastings 011E,Violence and sexual offences,Unable to prosecute suspect,
84c121544f75a4a9b22de136f87d3691332108caf691485e8934f8565669521c,2024-11,Sussex Police,Sussex Police,0.561928,50.858544,On or near De Cham Road,E01020989,Hastings 011E,Violence and sexual offences,Investigation complete; no suspect identified,
37059248f2a3a3a2a977ba09f6df161b1b5affdd7ac59d69948e92206d621823,2024-11,Sussex Police,Sussex Police,0.561163,50.855998,On or near Parking Area,E01020989,Hastings 011E,Other crime,Unable to prosecute suspect,
ae354ab6cdfe2aaa91774a48c7b7c770273dbfdc97837a0fed5cc57fb5492fe8,2024-11,Sussex Police,Sussex Police,-0.977084,50.862021,On or near Swarraton Road,E01022913,Havant 009A,Violence and sexual offences,Status update unavailable,
9ac7ac60ec6b554d01d7471ebd54e15049e3e7e9a4748a1ac7716860151f0444,2024-11,Sussex Police,Sussex Police,-0.979428,50.863345,On or near Stockheath Way,E01022904,Havant 010B,Violence and sexual offences,Status update unavailable,
79db3120d25baf660f5bff784e0367c15041ff034d8b84da020d0f8f231360be,2024-11,Sussex Police,Sussex Police,-0.935293,50.855847,On or near Danbury Court,E01022924,Havant 013A,Vehicle crime,Investigation complete; no suspect identified,
37db726d0df9d132bfba31465e6eba154cc31152e533b1f274176e6c310182ea,2024-11,Sussex Police,Sussex Police,-0.942302,50.863815,On or near Tudor Avenue,E01022925,Havant 013B,Violence and sexual offences,Unable to prosecute suspect,
e319aeffa6c1661bd6f5642ff793135194e8121fac50981c4f906b0fc5ace8dd,2024-11,Sussex Police,Sussex Police,-0.944274,50.860182,On or near Crowsbury Close,E01022926,Havant 013C,Criminal damage and arson,Investigation complete; no suspect identified,
e4a563c0a62f3c476926f0de318ec0e70f0af523623e338e1635c5e7d82a218e,2024-11,Sussex Police,Sussex Police,-0.298083,51.070118,On or near Shelleys Court,E01031670,Horsham 001A,Drugs,Local resolution,
859f04e92bef06689f3a4f883d57f7eecbca12d8b286bcbaa91ef299adecdab7,2024-11,Sussex Police,Sussex Police,-0.297951,51.071789,On or near Wallis Way,E01031670,Horsham 001A,Public order,Investigation complete; no suspect identified,
af35d678b4c3395dc0963589152a9ea2b155d7065582c19b138831da35bc9b34,2024-11,Sussex Police,Sussex Police,-0.296848,51.072663,On or near Acorns,E01031670,Horsham 001A,Public order,Investigation complete; no suspect identified,
c17fc3870c7a01ab64d3d909f68f551cdb405f9e13cba341454113ee3c4d07ff,2024-11,Sussex Police,Sussex Police,-0.299106,51.073757,On or near Lancing Court,E01031670,Horsham 001A,Public order,Unable to prosecute suspect,
8b01ba7150d2369ed6e18cc5d66a3eb0722ed8e0067df6a67348d87b427c4fc4,2024-11,Sussex Police,Sussex Police,-0.302400,51.073472,On or near Supermarket,E01031670,Horsham 001A,Shoplifting,Unable to prosecute suspect,
df311103debaa27cf39f330842f79ed54f50300f3fa38e9e8f5c372abd91c2a0,2024-11,Sussex Police,Sussex Police,-0.303011,51.072753,On or near Godwin Way,E01031670,Horsham 001A,Violence and sexual offences,Investigation complete; no suspect identified,
4abaf03f69eb875a3cc99fbef3123b752bbc66085a215b46a9313ef09608953c,2024-11,Sussex Police,Sussex Police,-0.298083,51.070118,On or near Shelleys Court,E01031670,Horsham 001A,Violence and sexual offences,Unable to prosecute suspect,
fe11790528bec6679bfcd1fc56a07d77ea9fba09120f20d5c7a64b9e0ce00cbc,2024-11,Sussex Police,Sussex Police,-0.290094,51.075811,On or near Holly Close,E01031671,Horsham 001B,Criminal damage and arson,Unable to prosecute suspect,
cfe4f06e748daa8a25932c8fd7f320e3a3b588adbda9531f8612176da47c0ce3,2024-11,Sussex Police,Sussex Police,-0.291380,51.074247,On or near The Orchard,E01031671,Horsham 001B,Possession of weapons,Unable to prosecute suspect,
7dfd397a41e6457927b3036d221ec66a2cf0e5f32f19cc678cb1b4aa0668b6f0,2024-11,Sussex Police,Sussex Police,-0.292175,51.075140,On or near Forest Mews,E01031671,Horsham 001B,Public order,Investigation complete; no suspect identified,
a1c7b6d337cd76a815fa0f6abc566e677b4bfae74050f086a8a10c1d553a0ce3,2024-11,Sussex Police,Sussex Police,-0.290094,51.075811,On or near Holly Close,E01031671,Horsham 001B,Violence and sexual offences,Offender given a caution,
b094d6a291a0b633c8390585e53b4fb31ad03cc277a9717772987b19ccc86ec5,2024-11,Sussex Police,Sussex Police,-0.292530,51.073625,On or near South Holmes Road,E01031671,Horsham 001B,Violence and sexual offences,Unable to prosecute suspect,
9f5ad5b80bbe4bce62e59b80057b6af55d5a921baa30ad7080eabd93a476a76f,2024-11,Sussex Police,Sussex Police,-0.292827,51.074484,On or near Forest Close,E01031671,Horsham 001B,Violence and sexual offences,Status update unavailable,
01d037b6ec07f96ee0f8a05a9f54c06d4a774b5737f6911730954cb4eb9aed0c,2024-11,Sussex Police,Sussex Police,-0.291380,51.074247,On or near The Orchard,E01031671,Horsham 001B,Violence and sexual offences,Unable to prosecute suspect,
fcc94f168fb1ee2c8930bbd8380254014a28eb1e439ae175ee7782bfd4fed89d,2024-11,Sussex Police,Sussex Police,-0.286004,51.078728,On or near Parking Area,E01031673,Horsham 001C,Criminal damage and arson,Investigation complete; no suspect identified,
e36180f3d6d1b8ef73abdb2ef2f3c64197c094f8bbb80116ccdd0a36a2e2beda,2024-11,Sussex Police,Sussex Police,-0.287152,51.077405,On or near The Pines,E01031673,Horsham 001C,Other theft,Investigation complete; no suspect identified,
6e610c07c4c36a629d394dac65ad22887730664a02a1cab2fab4161396817e47,2024-11,Sussex Police,Sussex Police,-0.290388,51.077533,On or near Church Road,E01031673,Horsham 001C,Violence and sexual offences,Unable to prosecute suspect,
96d5b12603f3244ea231f1ec65165921876e56938812e0034b1bf502f3878594,2024-11,Sussex Police,Sussex Police,-0.286025,51.074663,On or near Pinetops,E01031673,Horsham 001C,Violence and sexual offences,Unable to prosecute suspect,
cb3861a0350aaf3d512f42077279c8381418689945c6feda17e62853d17e7b3b,2024-11,Sussex Police,Sussex Police,-0.292196,51.077676,On or near Bracken Grove,E01031673,Horsham 001C,Violence and sexual offences,Investigation complete; no suspect identified,
7afcec1d50cf1af78711d947ac1003d7cc2ecefa7a1a5d6949566056cbf885e7,2024-11,Sussex Police,Sussex Police,-0.238747,51.136651,On or near Prestwood Lane,E01035330,Horsham 001E,Criminal damage and arson,Investigation complete; no suspect identified,
00363a22170be648bddc8f0e581f622ed68e3ebcad6424831bccc64a010ca0de,2024-11,Sussex Police,Sussex Police,-0.227407,51.114375,On or near Stanbridge Close,E01035330,Horsham 001E,Criminal damage and arson,Investigation complete; no suspect identified,
1bb83dda050ef59fe5bf0ef07102e03aba5c3d5e043db2c215651684dd72ee9a,2024-11,Sussex Police,Sussex Police,-0.224133,51.117409,On or near Charman Gardens,E01035330,Horsham 001E,Drugs,Unable to prosecute suspect,
195d6b67bb8378d9dc227bb969c1ed35fc3ced2c27f44a66e451d9462726b962,2024-11,Sussex Police,Sussex Police,-0.224133,51.117409,On or near Charman Gardens,E01035330,Horsham 001E,Drugs,Status update unavailable,
28d3207652c3e1750b8381d89face4d96a1a421373cfef0f474d6a4fdf8e7bbd,2024-11,Sussex Police,Sussex Police,-0.224133,51.117409,On or near Charman Gardens,E01035330,Horsham 001E,Possession of weapons,Status update unavailable,
25fdd87a09ad60064c8a94825d068861486e3180ee74ca696520d429aadc3927,2024-11,Sussex Police,Sussex Police,-0.225324,51.117302,On or near Ellis Walk,E01035330,Horsham 001E,Possession of weapons,Status update unavailable,
a330d96667509abc259f6429292e7804f628d4b97b8a722c41f4aaa868040273,2024-11,Sussex Police,Sussex Police,-0.238747,51.136651,On or near Prestwood Lane,E01035330,Horsham 001E,Vehicle crime,Investigation complete; no suspect identified,
e22a407d7512132679ebdaccc9a4e4ee838ceae3717c186e66c16934e7022a05,2024-11,Sussex Police,Sussex Police,-0.224133,51.117409,On or near Charman Gardens,E01035330,Horsham 001E,Violence and sexual offences,Unable to prosecute suspect,
6ed918889390ec88b23cca6dee9633123996975be8a81dafd7264791b8b43f90,2024-11,Sussex Police,Sussex Police,-0.233349,51.128646,On or near Ifield Wood,E01035330,Horsham 001E,Violence and sexual offences,Investigation complete; no suspect identified,
d62a3af7d7296b8773ce53c0c5a0d9d9000855255bf0aa0bc90a759234ed792e,2024-11,Sussex Police,Sussex Police,-0.224133,51.117409,On or near Charman Gardens,E01035330,Horsham 001E,Other crime,Unable to prosecute suspect,
,2024-11,Sussex Police,Sussex Police,-0.263572,51.092552,On or near Newtimber,E01035331,Horsham 001F,Anti-social behaviour,,
,2024-11,Sussex Police,Sussex Police,-0.263572,51.092552,On or near Newtimber,E01035331,Horsham 001F,Anti-social behaviour,,
9ec3ecfa189d4b2cec2ca5f515612f6a04ad3943b49998f8c29f8e1f2188a588,2024-11,Sussex Police,Sussex Police,-0.263572,51.092552,On or near Newtimber,E01035331,Horsham 001F,Criminal damage and arson,Unable to prosecute suspect,
3be98c0da5b2bd6973151cbf1898f93d93521e94e013af6ba06d35ca41d3acb2,2024-11,Sussex Police,Sussex Police,-0.263572,51.092552,On or near Newtimber,E01035331,Horsham 001F,Criminal damage and arson,Unable to prosecute suspect,
e87746b9504b4ade2793e54fc863cd1db0406db1fb5ea2248b7494283c803281,2024-11,Sussex Police,Sussex Police,-0.262961,51.095915,On or near Faygate,E01035331,Horsham 001F,Drugs,Local resolution,
c5ec7dccc60e63978b0eeb61f1864a681703fa9b166e79e0074f32c3ea60b25a,2024-11,Sussex Police,Sussex Police,-0.263572,51.092552,On or near Newtimber,E01035331,Horsham 001F,Shoplifting,Investigation complete; no suspect identified,
5efbd6ba872140be1d0cfcefcd38f022e5a256bc03a70f48f188005e059900c9,2024-11,Sussex Police,Sussex Police,-0.278107,51.086849,On or near Clovers Way,E01035331,Horsham 001F,Violence and sexual offences,Investigation complete; no suspect identified,
a9d49b8ab589d01a100164d04f2395469fbbebb9110d746220e31f1ef0c1e34b,2024-11,Sussex Police,Sussex Police,-0.278107,51.086849,On or near Clovers Way,E01035331,Horsham 001F,Violence and sexual offences,Unable to prosecute suspect,
cf541d18f7eb2a44f9d59759ce575c8eccb1791fe0500b1deb4b036707cbfd03,2024-11,Sussex Police,Sussex Police,-0.278107,51.086849,On or near Clovers Way,E01035331,Horsham 001F,Violence and sexual offences,Unable to prosecute suspect,
7e49104c8bb48e6131fca201bea235c637b4f3ed3e14e092f4b1dbd2e7459db3,2024-11,Sussex Police,Sussex Police,-0.238215,51.098422,On or near Pondtail Avenue,E01035332,Horsham 001G,Public order,Unable to prosecute suspect,
49db71a1c1228484249014b71ef5db3ccd80eec13234e1451f597273dff2c8eb,2024-11,Sussex Police,Sussex Police,-0.238601,51.099534,On or near Willow Street,E01035332,Horsham 001G,Violence and sexual offences,Unable to prosecute suspect,
e71c9870bd686589a6a6fa6e35fa53a69b4d1b9b326d4441a51bcac30c717645,2024-11,Sussex Police,Sussex Police,-0.238215,51.098422,On or near Pondtail Avenue,E01035332,Horsham 001G,Violence and sexual offences,Awaiting court outcome,
a64770c3003463519b9c39601d187393909c7d167cfc6c193b8160f52a222fb3,2024-11,Sussex Police,Sussex Police,-0.242039,51.100791,On or near Brickyard Way,E01035332,Horsham 001G,Violence and sexual offences,Unable to prosecute suspect,
10b2196675002066defe7aa54e002f56f3cbbee32a24edd4297aa6601ecc843c,2024-11,Sussex Police,Sussex Police,-0.238601,51.099534,On or near Willow Street,E01035332,Horsham 001G,Violence and sexual offences,Unable to prosecute suspect,
1c29484c83b312131b296907878a5e0e943c767e5b24b092ea592a3d56f48cfd,2024-11,Sussex Police,Sussex Police,-0.242858,51.098384,On or near Millpond Lane,E01035332,Horsham 001G,Other crime,Further action is not in the public interest,
6e190c2dec22438ad0754527c3232950e0565b8a6b7daf18ba7ee8c2c011708a,2024-11,Sussex Police,Sussex Police,-0.267861,51.080952,On or near Beedingwood Drive,E01035333,Horsham 001H,Burglary,Investigation complete; no suspect identified,
0bd20809e7121197189860cd54e5dad12f7d1a901f59b33cc75db60d75ed0f68,2024-11,Sussex Police,Sussex Police,-0.267861,51.080952,On or near Beedingwood Drive,E01035333,Horsham 001H,Burglary,Investigation complete; no suspect identified,
1ba7645869b1d2a8f2de73f08b1dfbd5ab64463a4645355396e01569062e61e8,2024-11,Sussex Police,Sussex Police,-0.231456,51.100380,On or near Holmbush Drive,E01035333,Horsham 001H,Other theft,Investigation complete; no suspect identified,
6aaf13f7a39cf7043c7bc10d0b0b37358cfbb647648365588f03935fc3e58966,2024-11,Sussex Police,Sussex Police,-0.314365,51.082818,On or near St Mark'S Lane,E01031644,Horsham 002A,Criminal damage and arson,Investigation complete; no suspect identified,
6468178692be514f7fdffa4e6a67ae694d89ebb76d35723d05c32b8b044e384d,2024-11,Sussex Police,Sussex Police,-0.318903,51.075006,On or near Allcard Close,E01031644,Horsham 002A,Drugs,Formal action is not in the public interest,
45b52781149eb2d0c2a5579c0c948e219feb8bad6227360f66e2e68bfa542c25,2024-11,Sussex Police,Sussex Police,-0.315893,51.074144,On or near Olive Close,E01031644,Horsham 002A,Other theft,Investigation complete; no suspect identified,
abee628115219d0c0c204e0dd8ca6f6fe807262239eac52c0f00d0158a3c4f57,2024-11,Sussex Police,Sussex Police,-0.315904,51.078182,On or near Campion Road,E01031644,Horsham 002A,Shoplifting,Court result unavailable,
e9e761e09fea059201632233160449434e837d1f6c07b18d8afa3524b3d3ef1a,2024-11,Sussex Police,Sussex Police,-0.315904,51.078182,On or near Campion Road,E01031644,Horsham 002A,Shoplifting,Investigation complete; no suspect identified,
54167e95c638b238f10ef3777ca202e82c99b79701b8c36f9fad527cd094705b,2024-11,Sussex Police,Sussex Police,-0.315904,51.078182,On or near Campion Road,E01031644,Horsham 002A,Shoplifting,Court result unavailable,
4796bc44a95e910e9b443398634d821173fa7369328c7fff333e86c4afdb8de8,2024-11,Sussex Police,Sussex Police,-0.317163,51.075727,On or near Harvesters,E01031644,Horsham 002A,Vehicle crime,Investigation complete; no suspect identified,
55877432c69a7bbcdda51a6b535872110fc499230a1a931b1a3af0fde618c227,2024-11,Sussex Police,Sussex Police,-0.315893,51.074144,On or near Olive Close,E01031644,Horsham 002A,Violence and sexual offences,Unable to prosecute suspect,
41fa75b59ea5750b0b64001fb3165ab9e19955977818042c230e7df25afce559,2024-11,Sussex Police,Sussex Police,-0.308702,51.087529,On or near Sports/Recreation Area,E01031645,Horsham 002B,Public order,Unable to prosecute suspect,
fe53aeb4f6863676ef0c9211d9b096e97ae70e6a516e60974e254cadb0c50a33,2024-11,Sussex Police,Sussex Police,-0.302538,51.085300,On or near Lemmington Way,E01031646,Horsham 002C,Drugs,Court result unavailable,
6675a9fc2739d5dbf01dbe4fca1e30a3871f5043bf3efb0d3490de2092ba680a,2024-11,Sussex Police,Sussex Police,-0.309737,51.080521,On or near Raven Close,E01031647,Horsham 002D,Drugs,Investigation complete; no suspect identified,
,2024-11,Sussex Police,Sussex Police,-0.323881,51.077872,On or near Sports/Recreation Area,E01031649,Horsham 002E,Anti-social behaviour,,
367a165c62e5987a246df3895ebaacd652c9fd9c4400302b88b07d663acc96c8,2024-11,Sussex Police,Sussex Police,-0.320514,51.078204,On or near Erica Way,E01031649,Horsham 002E,Vehicle crime,Investigation complete; no suspect identified,
a962ce92ebd51bbecae5b1ed6803a7fed9e53eba512a9b0acc53ee395bb880fb,2024-11,Sussex Police,Sussex Police,-0.315777,51.087560,On or near Bakehouse Barn Close,E01031650,Horsham 002F,Other theft,Investigation complete; no suspect identified,
9d02af3b404a08515aca02b7ed787fc7cdd0a4cd85c88ef75dd8542a7dbcd5e2,2024-11,Sussex Police,Sussex Police,-0.321802,51.087602,On or near Greenfinch Way,E01031650,Horsham 002F,Violence and sexual offences,Investigation complete; no suspect identified,
3e6e88ae35a8036aefdaa5ff07f66cfa6a75cb81325aa21df7bac48a3b7e2af0,2024-11,Sussex Police,Sussex Police,-0.294401,51.080218,On or near Buttermere Close,E01031666,Horsham 002G,Drugs,Unable to prosecute suspect,
0610f7684f1f251d6145a87d14450e41a9604dfc1f86d5e25955829107bcdf9b,2024-11,Sussex Police,Sussex Police,-0.290127,51.080344,On or near Conifers Close,E01031666,Horsham 002G,Vehicle crime,Investigation complete; no suspect identified,
4aa19fe29489cb020cd5aa9ea9c8c0613984b85b9c01732a3b6da31fd4a628ee,2024-11,Sussex Police,Sussex Police,-0.293787,51.080982,On or near Derwent Close,E01031666,Horsham 002G,Vehicle crime,Unable to prosecute suspect,
812770f3b96c37524198a2ed6e2cde1cc30b72fd34c0b4327496a33a6ef5ec03,2024-11,Sussex Police,Sussex Police,-0.294401,51.080218,On or near Buttermere Close,E01031666,Horsham 002G,Other crime,Court result unavailable,
,2024-11,Sussex Police,Sussex Police,-0.306396,51.077802,On or near Luxford Close,E01031668,Horsham 002H,Anti-social behaviour,,
14c27d1b6860d37b2c0eba6eb92a7e70be5733028f24f2fac3f5ec5354b9f93d,2024-11,Sussex Police,Sussex Police,-0.308916,51.079152,On or near Littlehaven,E01031668,Horsham 002H,Burglary,Offender given a caution,
e1e4b15fbfb3742f5dad0c253fe312ce5ef84a74757cc5f30cb5f64eb7d8ec74,2024-11,Sussex Police,Sussex Police,-0.303160,51.080795,On or near Farhalls Crescent,E01031668,Horsham 002H,Vehicle crime,Investigation complete; no suspect identified,
,2024-11,Sussex Police,Sussex Police,-0.355802,51.072626,On or near Caffyn Place,E01031620,Horsham 003A,Anti-social behaviour,,
1c445ea7b8215718508f9c7648185ae4a4cf7f8c31dfc562416b9324b833847c,2024-11,Sussex Police,Sussex Police,-0.356675,51.065971,On or near Supermarket,E01031620,Horsham 003A,Bicycle theft,Investigation complete; no suspect identified,
7af4eb1662eddd943c0463bd39cd79fdf22bbe613c4b5df92f7e97d3f871aafe,2024-11,Sussex Police,Sussex Police,-0.355665,51.067893,On or near Shopping Area,E01031620,Horsham 003A,Burglary,Unable to prosecute suspect,
70a28a5bd02fd44995e3cdbd1c0671890f61289d539cb7143ebd18095dfd0e8c,2024-11,Sussex Police,Sussex Police,-0.356053,51.069581,On or near Swann Way,E01031620,Horsham 003A,Criminal damage and arson,Investigation complete; no suspect identified,
cc156b0ecca04fbd2678abd162f59f3d11b37582e1dd8a1a3d9ba5a986501e5f,2024-11,Sussex Police,Sussex Police,-0.364004,51.072390,On or near Vinall Gardens,E01031620,Horsham 003A,Criminal damage and arson,Investigation complete; no suspect identified,
5fe883abe61865cf496a09f06dbf898f1dda7d3f3d84d1b141196ca20f7287fe,2024-11,Sussex Police,Sussex Police,-0.356675,51.065971,On or near Supermarket,E01031620,Horsham 003A,Other theft,Investigation complete; no suspect identified,
7563e74b44405cc97e1638034245b0ed6eee448110bba4a323dc7c8716757d5d,2024-11,Sussex Police,Sussex Police,-0.356675,51.065971,On or near Supermarket,E01031620,Horsham 003A,Public order,Investigation complete; no suspect identified,
cdba1f51c14f271ad88cae64bf2178e316d34b881f3f66e371043cdb3147f5ef,2024-11,Sussex Police,Sussex Police,-0.356675,51.065971,On or near Supermarket,E01031620,Horsham 003A,Shoplifting,Investigation complete; no suspect identified,
2d5c24b55239aa35e942cf4d56590de7d50ac21534d3a903b75c16bd57efb7de,2024-11,Sussex Police,Sussex Police,-0.355665,51.067893,On or near Shopping Area,E01031620,Horsham 003A,Vehicle crime,Investigation complete; no suspect identified,
ebfa1d5677eea621df435e63e798688500190d4f25e00521dd7ba61633cd8cc8,2024-11,Sussex Police,Sussex Police,-0.355745,51.070215,On or near Sleets Road,E01031620,Horsham 003A,Vehicle crime,Investigation complete; no suspect identified,
1426f2621cc92e575cf3650bc2812c4e8859254c90949f5751e5e8e18c73d7b1,2024-11,Sussex Police,Sussex Police,-0.357994,51.072423,On or near Onslow Walk,E01031620,Horsham 003A,Violence and sexual offences,Unable to prosecute suspect,
09fa66fd8f174259de749da890f68d7adcdf00b81b7b432fe5733c91ea7f969f,2024-11,Sussex Police,Sussex Police,-0.364004,51.072390,On or near Vinall Gardens,E01031620,Horsham 003A,Violence and sexual offences,Unable to prosecute suspect,
1f132375f791ff7ffc53f365b8d558ddadaff78637cb5f30a2affe2aa63920cb,2024-11,Sussex Police,Sussex Police,-0.357994,51.072423,On or near Onslow Walk,E01031620,Horsham 003A,Violence and sexual offences,Unable to prosecute suspect,
,2024-11,Sussex Police,Sussex Police,-0.329148,51.075513,On or near Supermarket,E01031648,Horsham 003B,Anti-social behaviour,,
dde287c8805ec02ef3562c50f4d8f00fed668d9f8e60ab9c0a3035b3ef51b211,2024-11,Sussex Police,Sussex Police,-0.333248,51.077810,On or near Warnham Road,E01031648,Horsham 003B,Violence and sexual offences,Unable to prosecute suspect,
fb4bbcea105b3c8e905a746e33da6a57bbe50ff4285ea8b6737ee670517be0d9,2024-11,Sussex Police,Sussex Police,-0.333248,51.077810,On or near Warnham Road,E01031648,Horsham 003B,Violence and sexual offences,Unable to prosecute suspect,
d76fa559e0c32b9868e25563cd0c15a765a2207f12f4598c2fe1cd64e2c428a8,2024-11,Sussex Police,Sussex Police,-0.333248,51.077810,On or near Warnham Road,E01031648,Horsham 003B,Violence and sexual offences,Unable to prosecute suspect,
0c85503f855c4178b4ea2d0c71d5039e53890f86ff16655c3d1d763199fe9a31,2024-11,Sussex Police,Sussex Police,-0.321928,51.077010,On or near Woodstock Close,E01031648,Horsham 003B,Violence and sexual offences,Investigation complete; no suspect identified,
,2024-11,Sussex Police,Sussex Police,-0.316856,51.083412,On or near Peary Close,E01031651,Horsham 003C,Anti-social behaviour,,
,2024-11,Sussex Police,Sussex Police,-0.321741,51.079804,On or near Pondtail Close,E01031651,Horsham 003C,Anti-social behaviour,,
,2024-11,Sussex Police,Sussex Police,-0.321741,51.079804,On or near Pondtail Close,E01031651,Horsham 003C,Anti-social behaviour,,
,2024-11,Sussex Police,Sussex Police,-0.322291,51.079218,On or near The Willows,E01031651,Horsham 003C,Anti-social behaviour,,
,2024-11,Sussex Police,Sussex Police,-0.316856,51.083412,On or near Peary Close,E01031651,Horsham 003C,Anti-social behaviour,,
,2024-11,Sussex Police,Sussex Police,-0.316856,51.083412,On or near Peary Close,E01031651,Horsham 003C,Anti-social behaviour,,
,2024-11,Sussex Police,Sussex Police,-0.316856,51.083412,On or near Peary Close,E01031651,Horsham 003C,Anti-social behaviour,,
ead7ceb4dd9aa144eb926916ec5aaa6e6ff905543c0b0f2d1b54a02639877ac5,2024-11,Sussex Police,Sussex Police,-0.316856,51.083412,On or near Peary Close,E01031651,Horsham 003C,Criminal damage and arson,Unable to prosecute suspect,
1658c480f6e1d0dae17ba1bad32bf42adc1054d59ce022a3f8ccc70234bcb139,2024-11,Sussex Police,Sussex Police,-0.316856,51.083412,On or near Peary Close,E01031651,Horsham 003C,Criminal damage and arson,Local resolution,
58842a506df2da3dad05397637a3dbb7b25345ff4dea06602ccd423bda401b39,2024-11,Sussex Police,Sussex Police,-0.316856,51.083412,On or near Peary Close,E01031651,Horsham 003C,Criminal damage and arson,Investigation complete; no suspect identified,
93dce7c29bf49edb7f6a95b1b641c0aa42bc81b8fa4b1c7a2d5449da35759ce7,2024-11,Sussex Police,Sussex Police,-0.321741,51.079804,On or near Pondtail Close,E01031651,Horsham 003C,Public order,Investigation complete; no suspect identified,
731679399bdda1f464781b171a58faf8c1999a9a830617c9519275910a77a03c,2024-11,Sussex Police,Sussex Police,-0.316338,51.080392,On or near North Heath Lane,E01031651,Horsham 003C,Shoplifting,Investigation complete; no suspect identified,
2d39883f3403fc65701f79b232944d759abfba0cd6965469d004cd237c06f59c,2024-11,Sussex Police,Sussex Police,-0.316856,51.083412,On or near Peary Close,E01031651,Horsham 003C,Vehicle crime,Investigation complete; no suspect identified,
06e3a6e6b7204eba240c39e14a7139f4096a8913fa4abd6ddd1ae42168f31914,2024-11,Sussex Police,Sussex Police,-0.316856,51.083412,On or near Peary Close,E01031651,Horsham 003C,Vehicle crime,Investigation complete; no suspect identified,
0f656b53d380da6429d4c084545fec41b8041a6720b152de76cf26820b97bd03,2024-11,Sussex Police,Sussex Police,-0.318568,51.081476,On or near Amundsen Road,E01031651,Horsham 003C,Vehicle crime,Investigation complete; no suspect identified,
fb3a24dd1d714502f4bb13e2e3fb6a7b751e5a73e65d5c97a51c5100ac60b158,2024-11,Sussex Police,Sussex Police,-0.321398,51.083369,On or near Pondtail Copse,E01031651,Horsham 003C,Violence and sexual offences,Unable to prosecute suspect,
8695daa1ab826810338488062ce05057919e3faa0021bda73104328146a3a93e,2024-11,Sussex Police,Sussex Police,-0.316856,51.083412,On or near Peary Close,E01031651,Horsham 003C,Violence and sexual offences,Unable to prosecute suspect,
074581016b949fd10a41606c8776254c963b9492978248c1f524cbadf99231d1,2024-11,Sussex Police,Sussex Police,-0.316856,51.083412,On or near Peary Close,E01031651,Horsham 003C,Violence and sexual offences,Unable to prosecute suspect,
297df498386857063fcd4176517dcf89fafb7f7e0e684e3f48b42f8f9eadad01,2024-11,Sussex Police,Sussex Police,-0.321163,51.080785,On or near Pondtail Park,E01031651,Horsham 003C,Violence and sexual offences,Local resolution,
590f0063e6194fab652837053a905bc54725d8dbc620f3e75a9defb15b8ffeb7,2024-11,Sussex Police,Sussex Police,-0.316856,51.083412,On or near Peary Close,E01031651,Horsham 003C,Violence and sexual offences,Unable to prosecute suspect,
0005efe0f23fb4e93fe6489671b053193af6864eca1942e514ff246220a498da,2024-11,Sussex Police,Sussex Police,-0.316856,51.083412,On or near Peary Close,E01031651,Horsham 003C,Other crime,Unable to prosecute suspect,
a384b7acba8d62dac3d79416edf86b3bd25376cbd841f54565dabeb2b79e4f3d,2024-11,Sussex Police,Sussex Police,-0.371956,51.086602,On or near Strood Lane,E01031658,Horsham 003D,Public order,Investigation complete; no suspect identified,
,2024-11,Sussex Police,Sussex Police,-0.330791,51.072299,On or near Trafalgar Road,E01031689,Horsham 003E,Anti-social behaviour,,
912e04bd0682437d710d26f727f0dfa16453f6f0e28acb93947db34ca25f29b1,2024-11,Sussex Police,Sussex Police,-0.331260,51.070372,On or near Milton Road,E01031689,Horsham 003E,Drugs,Unable to prosecute suspect,
3eee5a3e291c2702afb276a0728a744981be8b7419142e3bb3c393ae396f5f30,2024-11,Sussex Police,Sussex Police,-0.327747,51.070816,On or near North Parade,E01031689,Horsham 003E,Other theft,Investigation complete; no suspect identified,
a9c74512752d7b0ccdbe20e3c2771744d52be87ad67f155248d8a42a8cb071ab,2024-11,Sussex Police,Sussex Police,-0.331306,51.074644,On or near Collingwood Road,E01031689,Horsham 003E,Vehicle crime,Investigation complete; no suspect identified,
5c63a9d537a3d694aa70e2f9928e16acc749d99a38fc9039c14332800d21767f,2024-11,Sussex Police,Sussex Police,-0.328541,51.072959,On or near White Hart Court,E01031689,Horsham 003E,Vehicle crime,Investigation complete; no suspect identified,
371a52bf56ae783591c06a62e604a9682fdbdc6f48daac1a8b8bfbbf5669ed25,2024-11,Sussex Police,Sussex Police,-0.328550,51.073481,On or near Fishers Court,E01031689,Horsham 003E,Violence and sexual offences,Status update unavailable,
f212f314121d4a8548f67a91de00cafe4d42c5da4661cad53a2fcfd823e67a6d,2024-11,Sussex Police,Sussex Police,-0.310617,51.064994,On or near Depot Road,E01031654,Horsham 004A,Criminal damage and arson,Investigation complete; no suspect identified,
cdbcf11ca087bc09939fff0b82d4ff36f5049a8deeb165ba6b3de0a1bfc9c83d,2024-11,Sussex Police,Sussex Police,-0.308790,51.062630,On or near Eady Close,E01031654,Horsham 004A,Drugs,Investigation complete; no suspect identified,
d1f08d187791c5ec18ffb5585a2df0c4393c0889a073a375542e016a86ffc589,2024-11,Sussex Police,Sussex Police,-0.315291,51.067148,On or near Booth Way,E01031654,Horsham 004A,Other theft,Status update unavailable,
d0d726934d3a4df43cf982a445e0106b2d67d1c4df3fef1e471a9f1eda8224f6,2024-11,Sussex Police,Sussex Police,-0.308790,51.062630,On or near Eady Close,E01031654,Horsham 004A,Other theft,Investigation complete; no suspect identified,
6ff10f06297b1b3b375402eb3557360cc1dc6a0fa0866588c5f6dc9bf22ae314,2024-11,Sussex Police,Sussex Police,-0.315291,51.067148,On or near Booth Way,E01031654,Horsham 004A,Shoplifting,Unable to prosecute suspect,
d19ea1a4c69b9325dd6d8853701576226a2d5c6b71d4faae91f4168a169f0724,2024-11,Sussex Police,Sussex Police,-0.315291,51.067148,On or near Booth Way,E01031654,Horsham 004A,Shoplifting,Investigation complete; no suspect identified,
95180ba1f54623d9a3ead01dc027d6311c100fc5743cac5cfcccc43b80cd521e,2024-11,Sussex Police,Sussex Police,-0.310814,51.066229,On or near Lanark Close,E01031654,Horsham 004A,Vehicle crime,Status update unavailable,
728fdbc1a2fb7a4497082a09a5f231808e6ce8377ff84691ea4bf0ccf8320a78,2024-11,Sussex Police,Sussex Police,-0.305002,51.064769,On or near Danehurst Crescent,E01031654,Horsham 004A,Vehicle crime,Investigation complete; no suspect identified,
ab09b092a01b3167460fea8efa795bc4464c773d1bbf504edb7bbab291b9361e,2024-11,Sussex Police,Sussex Police,-0.315291,51.067148,On or near Booth Way,E01031654,Horsham 004A,Violence and sexual offences,Court result unavailable,
,2024-11,Sussex Police,Sussex Police,-0.319742,51.062473,On or near New Street,E01031655,Horsham 004B,Anti-social behaviour,,
,2024-11,Sussex Police,Sussex Police,-0.319742,51.062473,On or near New Street,E01031655,Horsham 004B,Anti-social behaviour,,
b9a8fd326260a74965d076480c79a1b3abe595750a3dea0c8280215568c2d600,2024-11,Sussex Police,Sussex Police,-0.317480,51.062287,On or near Devonshire Road,E01031655,Horsham 004B,Other theft,Investigation complete; no suspect identified,
dbe9d5297225014ae051e8524bb7e7187a6aeb513fa7cb5c76bdce16b09f983b,2024-11,Sussex Police,Sussex Police,-0.319025,51.062184,On or near Cambridge Road,E01031655,Horsham 004B,Public order,Investigation complete; no suspect identified,
9a88e6cbf0f15acf7534ce444196b8bdf5afcc9f5ac2dcf227a6abe532b5f2e7,2024-11,Sussex Police,Sussex Police,-0.311531,51.064963,On or near Sayers Close,E01031655,Horsham 004B,Vehicle crime,Investigation complete; no suspect identified,
f544d59a3b63371b5e276ceecee0246968736d41e0f89cee2ecde8f443ae9bd4,2024-11,Sussex Police,Sussex Police,-0.317480,51.062287,On or near Devonshire Road,E01031655,Horsham 004B,Violence and sexual offences,Unable to prosecute suspect,
a4b3d203ce5aa3dbb15c0fce4a541fe4a36543eb2127fe946fac655ed23393b8,2024-11,Sussex Police,Sussex Police,-0.297756,51.079421,On or near Southdown Close,E01031667,Horsham 004C,Criminal damage and arson,Investigation complete; no suspect identified,
652170c714570d1c5f16490ff33650cab4aac8f51b02971c29449f8c3d825651,2024-11,Sussex Police,Sussex Police,-0.298197,51.078304,On or near Ashurst Close,E01031667,Horsham 004C,Shoplifting,Unable to prosecute suspect,
597e05dec48f94eb3909631f120b096da2784dd56adce9b35921e50df6c5597b,2024-11,Sussex Police,Sussex Police,-0.297756,51.079421,On or near Southdown Close,E01031667,Horsham 004C,Violence and sexual offences,Investigation complete; no suspect identified,
053d95a04503c0934357e5164fac70695ad7e69ba17cd0ae5eada3887aecce9d,2024-11,Sussex Police,Sussex Police,-0.296137,51.075297,On or near Bostock Avenue,E01031667,Horsham 004C,Violence and sexual offences,Unable to prosecute suspect,
189fe0d3e7ab5a62a849afc8bf8d4b5bbf501a5376514e4f0c03203348f33f91,2024-11,Sussex Police,Sussex Police,-0.302129,51.077345,On or near Honeysuckle Walk,E01031667,Horsham 004C,Violence and sexual offences,Unable to prosecute suspect,
98fcb8a7db49c22cf071ad804843cffa5f3dcb66020da9c04bff8d654536070d,2024-11,Sussex Police,Sussex Police,-0.298091,51.074192,On or near Crawley Road,E01031667,Horsham 004C,Violence and sexual offences,Unable to prosecute suspect,
f03d25ab19edc7a45cbaf3854a9625895e2bfee6b896db539f209b10dbb43b15,2024-11,Sussex Police,Sussex Police,-0.299988,51.075407,On or near Leith View Road,E01031667,Horsham 004C,Violence and sexual offences,Unable to prosecute suspect,
,2024-11,Sussex Police,Sussex Police,-0.305554,51.075038,On or near Canberra Place,E01031669,Horsham 004D,Anti-social behaviour,,
,2024-11,Sussex Police,Sussex Police,-0.305554,51.075038,On or near Canberra Place,E01031669,Horsham 004D,Anti-social behaviour,,
,2024-11,Sussex Police,Sussex Police,-0.305554,51.075038,On or near Canberra Place,E01031669,Horsham 004D,Anti-social behaviour,,
,2024-11,Sussex Police,Sussex Police,-0.305554,51.075038,On or near Canberra Place,E01031669,Horsham 004D,Anti-social behaviour,,
,2024-11,Sussex Police,Sussex Police,-0.305554,51.075038,On or near Canberra Place,E01031669,Horsham 004D,Anti-social behaviour,,
7f22b5573ce1b189ee43dd9ec3efaac2ba2e5a2c922d6cb03a6a14ccfd461800,2024-11,Sussex Police,Sussex Police,-0.312911,51.073319,On or near Linden Close,E01031669,Horsham 004D,Violence and sexual offences,Unable to prosecute suspect,
d674fdb0e9790d3c50061ddca78f0507a01d8258a93323185ac49614a85b045d,2024-11,Sussex Police,Sussex Police,-0.305704,51.076029,On or near Littlehaven Lane,E01031669,Horsham 004D,Violence and sexual offences,Investigation complete; no suspect identified,
609cd915b8cfcfad592189a209461b9448ff145b12656163ce21d5b7491e6b0f,2024-11,Sussex Police,Sussex Police,-0.308044,51.071747,On or near Petrol Station,E01031672,Horsham 004E,Public order,Unable to prosecute suspect,
9563b6ab02d950a52cd76850d7e4250fab43f201dd79d89997472d5005564c4a,2024-11,Sussex Police,Sussex Police,-0.310978,51.070359,On or near Lintott Gardens,E01031672,Horsham 004E,Public order,Unable to prosecute suspect,
3ca59919604813c8b4a70dc49d72047631b3b91de8287d2cca36a3a882912535,2024-11,Sussex Police,Sussex Police,-0.308044,51.071747,On or near Petrol Station,E01031672,Horsham 004E,Shoplifting,Unable to prosecute suspect,
416370092df31236aedf5dff716248b3136500e349b757b57142cfb5afab92e7,2024-11,Sussex Police,Sussex Police,-0.308044,51.071747,On or near Petrol Station,E01031672,Horsham 004E,Shoplifting,Unable to prosecute suspect,
d42535e3dcfd9dd420850879a89ff0dd6eedc3e01715f70a6fb95ac57c1b94b5,2024-11,Sussex Police,Sussex Police,-0.304873,51.069857,On or near York Close,E01031672,Horsham 004E,Violence and sexual offences,Unable to prosecute suspect,
,2024-11,Sussex Police,Sussex Police,-0.419970,51.065777,On or near Yew Trees,E01031657,Horsham 005A,Anti-social behaviour,,
da0b64ae29dd7d31b7cad008cbbdb5a3318df78e96331c44eb506b49e0ab31e0,2024-11,Sussex Police,Sussex Police,-0.384922,51.064840,On or near Pinkhurst Lane,E01031657,Horsham 005A,Burglary,Investigation complete; no suspect identified,
539da79a3151977f76b8da456502e22c10a456167385d42280f35f15addf6b84,2024-11,Sussex Police,Sussex Police,-0.384922,51.064840,On or near Pinkhurst Lane,E01031657,Horsham 005A,Criminal damage and arson,Investigation complete; no suspect identified,
8c3e5ebc87337f3c0ba32e56cae6f00d796912aeec7caf0c405b81db666581c3,2024-11,Sussex Police,Sussex Police,-0.384922,51.064840,On or near Pinkhurst Lane,E01031657,Horsham 005A,Vehicle crime,Investigation complete; no suspect identified,
4abccc224ea5a0b151610a19f8c720531a4c1f6fae161bb4f6d0ced11431a02e,2024-11,Sussex Police,Sussex Police,-0.391988,51.030998,On or near Salt Box Close,E01031659,Horsham 005B,Vehicle crime,Investigation complete; no suspect identified,
b9e926f11e0789b1e1dfcf56a0deb5053f8749f4183e3c02bf771ba2d95684c0,2024-11,Sussex Police,Sussex Police,-0.383416,51.030205,On or near Rye Farm Lane,E01031659,Horsham 005B,Violence and sexual offences,Unable to prosecute suspect,
2bf8f93fa7ffd7e56e2152990da4f73e8498c31a3c22ee5f838287f19d2b0099,2024-11,Sussex Police,Sussex Police,-0.410016,51.025120,On or near Valewood Close,E01031659,Horsham 005B,Violence and sexual offences,Unable to prosecute suspect,
07032f1a814404f631bf4e44fb6737d7616f00187db2916f31f0db6aaf814e34,2024-11,Sussex Police,Sussex Police,-0.400531,51.046322,On or near Bashurst Hill,E01031659,Horsham 005B,Violence and sexual offences,Unable to prosecute suspect,
9d45dcf6e8753cd38c05faa216d0c40fca0acc422d1081d6409978d55c149a6a,2024-11,Sussex Police,Sussex Police,-0.388508,51.039223,On or near Plumtree Cross Lane,E01031659,Horsham 005B,Violence and sexual offences,Investigation complete; no suspect identified,
64b4d4ea9eeccdd68b1818fc1689fb781f055111cea8a445ee711d2994070ce8,2024-11,Sussex Police,Sussex Police,-0.385566,51.048769,On or near Fulfords Hill,E01031659,Horsham 005B,Violence and sexual offences,Court result unavailable,
5a844163af7ddb091204264dd329f62233ed5fb5453f0aa7fa65d69a2f4ae716,2024-11,Sussex Police,Sussex Police,-0.397594,51.033440,On or near Muntham Drive,E01031659,Horsham 005B,Violence and sexual offences,Unable to prosecute suspect,
9661b9b4395dcd9071d837964119ed77ef5e2c3fa9ada88396b9c5f3ede69ec2,2024-11,Sussex Police,Sussex Police,-0.397594,51.033440,On or near Muntham Drive,E01031659,Horsham 005B,Violence and sexual offences,Unable to prosecute suspect,
b26494e6be05af7818898d92d8a974a7eae14ab1699e5eb9fda30ba53f68735c,2024-11,Sussex Police,Sussex Police,-0.397594,51.033440,On or near Muntham Drive,E01031659,Horsham 005B,Violence and sexual offences,Unable to prosecute suspect,
50be96d81c2f069db820b70cfeb0d78e31fb9bddad4fb861e1e2918654c66e36,2024-11,Sussex Police,Sussex Police,-0.397594,51.033440,On or near Muntham Drive,E01031659,Horsham 005B,Violence and sexual offences,Unable to prosecute suspect,
56e7c041e2be200d2b0e3bc1f03ecc16d45fd8cf260f649835e481023c3cb6f1,2024-11,Sussex Police,Sussex Police,-0.391988,51.030998,On or near Salt Box Close,E01031659,Horsham 005B,Other crime,Investigation complete; no suspect identified,
958e166eaa607224b243da079510df789c5e1fe9cca9e3d78678cf586e40e205,2024-11,Sussex Police,Sussex Police,-0.456066,51.062276,On or near Marles Lane,E01031674,Horsham 005C,Vehicle crime,Investigation complete; no suspect identified,
37334982814da6feda9956fba3bb199c68fcfa3e042d0732ab60a06fc0fec30b,2024-11,Sussex Police,Sussex Police,-0.451837,51.086806,On or near Pathfield Close,E01031675,Horsham 005D,Criminal damage and arson,Investigation complete; no suspect identified,
0935a59085397015d723562c0acd6444d59c56eb3edb75c53604578c01cf8cc8,2024-11,Sussex Police,Sussex Police,-0.441640,51.096230,On or near Dairy Close,E01031675,Horsham 005D,Drugs,Investigation complete; no suspect identified,
,2024-11,Sussex Police,Sussex Police,-0.312114,51.058757,On or near Bennetts Road,E01031652,Horsham 006B,Anti-social behaviour,,
7053c0204620c1ce775c4c0a9f41790c1f847f1fc2194ec44a93d0f8a799dc09,2024-11,Sussex Police,Sussex Police,-0.313959,51.060996,On or near Bethune Road,E01031652,Horsham 006B,Criminal damage and arson,Unable to prosecute suspect,
a64d0085c290677ce7a7561f957e3a30c80b7c4adff49a09e60c30dedc9c3bb7,2024-11,Sussex Police,Sussex Police,-0.313959,51.060996,On or near Bethune Road,E01031652,Horsham 006B,Drugs,Investigation complete; no suspect identified,
921eec4bbc5e801747e5cf51a54533cb194de47c021043469f6167d5c7b8144a,2024-11,Sussex Police,Sussex Police,-0.309400,51.059986,On or near Laurel Walk,E01031652,Horsham 006B,Drugs,Investigation complete; no suspect identified,
2163b9312083a0372c6e2d6a349b04b8d6b582f687659b53e914661e377ea28b,2024-11,Sussex Police,Sussex Police,-0.313249,51.057352,On or near Higgins Way,E01031652,Horsham 006B,Vehicle crime,Investigation complete; no suspect identified,
6a8d0c3b672c0ee15cba0b67ca3d73b66970acdfc08153ef38fdd8e9f017a17d,2024-11,Sussex Police,Sussex Police,-0.310372,51.061510,On or near Macleod Road,E01031652,Horsham 006B,Vehicle crime,Investigation complete; no suspect identified,
8272ac15cb2e01670cff763290b8dd7bcb981aae9423a3a50592acafd08e7808,2024-11,Sussex Police,Sussex Police,-0.313987,51.060214,On or near Eversfield Road,E01031652,Horsham 006B,Violence and sexual offences,Unable to prosecute suspect,
c3fe31a7f90649e0a32cab93b2e7d916edeb91eb3c3fa14114fdd220aa521b6a,2024-11,Sussex Police,Sussex Police,-0.313959,51.060996,On or near Bethune Road,E01031652,Horsham 006B,Violence and sexual offences,Status update unavailable,
,2024-11,Sussex Police,Sussex Police,-0.316931,51.065202,On or near Barrington Road,E01031653,Horsham 006C,Anti-social behaviour,,
,2024-11,Sussex Police,Sussex Police,-0.320897,51.068803,On or near Hurst Court,E01031653,Horsham 006C,Anti-social behaviour,,
,2024-11,Sussex Police,Sussex Police,-0.326590,51.064109,On or near Madeira Avenue,E01031653,Horsham 006C,Anti-social behaviour,,
,2024-11,Sussex Police,Sussex Police,-0.329107,51.065161,On or near London Road,E01031653,Horsham 006C,Anti-social behaviour,,
,2024-11,Sussex Police,Sussex Police,-0.320730,51.066327,On or near Parkside Mews,E01031653,Horsham 006C,Anti-social behaviour,,
,2024-11,Sussex Police,Sussex Police,-0.329899,51.064570,On or near Parking Area,E01031653,Horsham 006C,Anti-social behaviour,,
,2024-11,Sussex Police,Sussex Police,-0.329899,51.064570,On or near Parking Area,E01031653,Horsham 006C,Anti-social behaviour,,
,2024-11,Sussex Police,Sussex Police,-0.316931,51.065202,On or near Barrington Road,E01031653,Horsham 006C,Anti-social behaviour,,
,2024-11,Sussex Police,Sussex Police,-0.329899,51.064570,On or near Parking Area,E01031653,Horsham 006C,Anti-social behaviour,,
9fb20584d424bf7c3db0b0784fcf90a0c8e1a6d846655d9de435142e8aa726bc,2024-11,Sussex Police,Sussex Police,-0.322918,51.063445,On or near Norfolk Road,E01031653,Horsham 006C,Bicycle theft,Investigation complete; no suspect identified,
4356f299e107ba1c04ab29ef4fdbb1297adcb50bdd7e32d982aa666dc0d7b657,2024-11,Sussex Police,Sussex Police,-0.326590,51.064109,On or near Madeira Avenue,E01031653,Horsham 006C,Bicycle theft,Unable to prosecute suspect,
a111a540e1d075d792d67374ea5d07ee1f31b3db48e5361ae0794ac65d3afde2,2024-11,Sussex Police,Sussex Police,-0.320730,51.066327,On or near Parkside Mews,E01031653,Horsham 006C,Bicycle theft,Investigation complete; no suspect identified,
3d1d3c8c2d9de0199c41400b62f1f6a7ca9f3d1187449914898fb51f58f58d02,2024-11,Sussex Police,Sussex Police,-0.320897,51.068803,On or near Hurst Court,E01031653,Horsham 006C,Burglary,Unable to prosecute suspect,
07d19f323e1083b7c0a47fefe8cb02dc710e3cd9d509854e71e99a8fb4d8ba36,2024-11,Sussex Police,Sussex Police,-0.326590,51.064109,On or near Madeira Avenue,E01031653,Horsham 006C,Criminal damage and arson,Investigation complete; no suspect identified,
070c7573a807845dece8f1303ab238a0a5ab6123b872af7f80a6ca361c7d6d91,2024-11,Sussex Police,Sussex Police,-0.317637,51.066220,On or near Station Road,E01031653,Horsham 006C,Criminal damage and arson,Investigation complete; no suspect identified,
4057d83009a2ab6179283d3ca1905b6fffe9b30be0ffc06c019ca253e2c3a0a3,2024-11,Sussex Police,Sussex Police,-0.316931,51.065202,On or near Barrington Road,E01031653,Horsham 006C,Possession of weapons,Court result unavailable,
0a46bc530278cedf26418dcbf1f33b63c6ba4c683841717127ea6f54ddfc69bf,2024-11,Sussex Police,Sussex Police,-0.324582,51.063199,On or near Park Street,E01031653,Horsham 006C,Public order,Unable to prosecute suspect,
6754ce16bf009d216d3a4ac6d26e082d7b961e54cc848401f504381c1fad13bc,2024-11,Sussex Police,Sussex Police,-0.329899,51.064570,On or near Parking Area,E01031653,Horsham 006C,Public order,Unable to prosecute suspect,
0fb006a5c781f440a21004542d7159f542eeebe49293baf81e859a7a3363d563,2024-11,Sussex Police,Sussex Police,-0.324582,51.063199,On or near Park Street,E01031653,Horsham 006C,Public order,Unable to prosecute suspect,
644177d8036b6c07c5a27c34598876c885775b3641f8c80358a1778ace5f583f,2024-11,Sussex Police,Sussex Police,-0.329107,51.065161,On or near London Road,E01031653,Horsham 006C,Public order,Investigation complete; no suspect identified,
b5ffcd95f462f3f25854f85536374ef666d31d1abe1c3c6142830d9902d72c4f,2024-11,Sussex Police,Sussex Police,-0.316931,51.065202,On or near Barrington Road,E01031653,Horsham 006C,Public order,Investigation complete; no suspect identified,
dad0966e43d1d018b6c72fa8e0f28d60dadfe370240760af23c79efd609df65c,2024-11,Sussex Police,Sussex Police,-0.329899,51.064570,On or near Parking Area,E01031653,Horsham 006C,Robbery,Unable to prosecute suspect,
1933cac46b735ee8c9fb9dff1aebaff44e84b1b3d093527d37b432bd29c687c0,2024-11,Sussex Police,Sussex Police,-0.316931,51.065202,On or near Barrington Road,E01031653,Horsham 006C,Shoplifting,Investigation complete; no suspect identified,
67a8c77f68547da090921a8161f73e738491566edc4be3ad297b7fb60fe7d080,2024-11,Sussex Police,Sussex Police,-0.326590,51.064109,On or near Madeira Avenue,E01031653,Horsham 006C,Theft from the person,Unable to prosecute suspect,
a826f66d3f1acf1e6b07accebee158881892f8ab8aac3b3808f333fcdad16aca,2024-11,Sussex Police,Sussex Police,-0.319853,51.066099,On or near B2180,E01031653,Horsham 006C,Vehicle crime,Investigation complete; no suspect identified,
443b81113846cca654b7844921c891b64e7b0c7be06879d5d7b4cf5762585eed,2024-11,Sussex Police,Sussex Police,-0.319853,51.066099,On or near B2180,E01031653,Horsham 006C,Vehicle crime,Status update unavailable,
34136a32db2057c95995e772d0316acd96ce2bf19f8a671ded1600ddf9aa1ee0,2024-11,Sussex Police,Sussex Police,-0.319853,51.066099,On or near B2180,E01031653,Horsham 006C,Vehicle crime,Investigation complete; no suspect identified,
b7a56246f9b2451f054f0609972917b96750d24d3a4751f26cc98b1109ad4540,2024-11,Sussex Police,Sussex Police,-0.320354,51.067257,On or near Gladstone Road,E01031653,Horsham 006C,Violence and sexual offences,Unable to prosecute suspect,
48e2be958560d43ac2a5f583ba25bf968c05298c0e28522769e4e7fe99f646c6,2024-11,Sussex Police,Sussex Police,-0.319853,51.066099,On or near B2180,E01031653,Horsham 006C,Violence and sexual offences,Unable to prosecute suspect,
3f629a3470c95af4578eb155cbbdadfcf72048c58af9c7352cc2a5862f35b95f,2024-11,Sussex Police,Sussex Police,-0.319853,51.066099,On or near B2180,E01031653,Horsham 006C,Violence and sexual offences,Unable to prosecute suspect,
9c9f78329b8b1cb8fca91f18880926f1b22d67dfb715fadabc9197ea49da5543,2024-11,Sussex Police,Sussex Police,-0.319853,51.066099,On or near B2180,E01031653,Horsham 006C,Violence and sexual offences,Unable to prosecute suspect,
477de8e14f3b78d9209f176a3b69fde5d00c4ab733b52779fe88ac61a9f1c6e6,2024-11,Sussex Police,Sussex Police,-0.319853,51.066099,On or near B2180,E01031653,Horsham 006C,Violence and sexual offences,Status update unavailable,
b29ad57b2f04dfd90caa08eb67660569418d5cdc2e643929b1b57cda437ff409,2024-11,Sussex Police,Sussex Police,-0.320354,51.067257,On or near Gladstone Road,E01031653,Horsham 006C,Violence and sexual offences,Unable to prosecute suspect,
6ea06f432a79795c1448df70d7daa05d88ebb5d7d9cc817740a97193398a26eb,2024-11,Sussex Police,Sussex Police,-0.320354,51.067257,On or near Gladstone Road,E01031653,Horsham 006C,Violence and sexual offences,Unable to prosecute suspect,
086b0d9fb5d374fd3dee73cfe04d1c0d3133155310a2449b6733a047602e1c7f,2024-11,Sussex Police,Sussex Police,-0.326827,51.064679,On or near Parking Area,E01031653,Horsham 006C,Violence and sexual offences,Investigation complete; no suspect identified,
2320e23ccdc3cccb94289d70df90c139ab921e94eea71e4d0d0bd3783dbd681b,2024-11,Sussex Police,Sussex Police,-0.316931,51.065202,On or near Barrington Road,E01031653,Horsham 006C,Violence and sexual offences,Investigation complete; no suspect identified,
338317605e989a68f4a6b02b3588228adb43db8556fe67ab953edf612d8d0428,2024-11,Sussex Police,Sussex Police,-0.326590,51.064109,On or near Madeira Avenue,E01031653,Horsham 006C,Violence and sexual offences,Investigation complete; no suspect identified,
2dfa41a978ccadfe059d04f8bacb60e751d63175f23b45906255e37e0dd5ca44,2024-11,Sussex Police,Sussex Police,-0.319853,51.066099,On or near B2180,E01031653,Horsham 006C,Violence and sexual offences,Investigation complete; no suspect identified,
5d69e3fcdbec71550bdd4f19cea5832f3b87ad383d705b9dd2941d55f679d03b,2024-11,Sussex Police,Sussex Police,-0.326590,51.064109,On or near Madeira Avenue,E01031653,Horsham 006C,Violence and sexual offences,Unable to prosecute suspect,
66cfb91776d76763122f667ff0e18883f15bede8d9508ac037d8fc2aedb12931,2024-11,Sussex Police,Sussex Police,-0.326827,51.064679,On or near Parking Area,E01031653,Horsham 006C,Violence and sexual offences,Unable to prosecute suspect,
48351e013cf1040ac1299aaa20035603fc8b8e0a38d770e9221af520182bba71,2024-11,Sussex Police,Sussex Police,-0.319853,51.066099,On or near B2180,E01031653,Horsham 006C,Violence and sexual offences,Unable to prosecute suspect,
,2024-11,Sussex Police,Sussex Police,-0.322321,51.061790,On or near Livingstone Road,E01031656,Horsham 006D,Anti-social behaviour,,
,2024-11,Sussex Police,Sussex Police,-0.322111,51.060906,On or near Parking Area,E01031656,Horsham 006D,Anti-social behaviour,,
,2024-11,Sussex Police,Sussex Police,-0.318793,51.064231,On or near Standings Court,E01031656,Horsham 006D,Anti-social behaviour,,
,2024-11,Sussex Police,Sussex Police,-0.319642,51.064837,On or near Parking Area,E01031656,Horsham 006D,Anti-social behaviour,,
,2024-11,Sussex Police,Sussex Police,-0.322803,51.064127,On or near Theatre/Concert Hall,E01031656,Horsham 006D,Anti-social behaviour,,
,2024-11,Sussex Police,Sussex Police,-0.322803,51.064127,On or near Theatre/Concert Hall,E01031656,Horsham 006D,Anti-social behaviour,,
,2024-11,Sussex Police,Sussex Police,-0.322818,51.061483,On or near Park Terrace East,E01031656,Horsham 006D,Anti-social behaviour,,
e5372778514fc1252080a784139afce5b28bd366350d3dbfe62ed425236ebfd7,2024-11,Sussex Police,Sussex Police,-0.316666,51.059524,On or near Tanyard Close,E01031656,Horsham 006D,Drugs,Court result unavailable,
136f5691f038395a7466d897326e3869ca37e2b1114f6afd156576dc9925c086,2024-11,Sussex Police,Sussex Police,-0.316666,51.059524,On or near Tanyard Close,E01031656,Horsham 006D,Other theft,Investigation complete; no suspect identified,
c6a6076746725d4f806047f10004eec284b1020736a089111f7a5b8a3d29429b,2024-11,Sussex Police,Sussex Police,-0.322321,51.061790,On or near Livingstone Road,E01031656,Horsham 006D,Public order,Investigation complete; no suspect identified,
64b47bf1bd8d3f06da3a9a672d5b5571a41cdc847b1f70d0113edecef100102b,2024-11,Sussex Police,Sussex Police,-0.318558,51.061278,On or near Bedford Road,E01031656,Horsham 006D,Vehicle crime,Court result unavailable,
a305558b246b98dab47180630884a5a01d1617ac58f182626be04e29331b97ed,2024-11,Sussex Police,Sussex Police,-0.322818,51.061483,On or near Park Terrace East,E01031656,Horsham 006D,Vehicle crime,Investigation complete; no suspect identified,
57b98e6091bbea82b47f5b166f8ee6e5a4aff80932ec8f96d2b65771be8b6b5b,2024-11,Sussex Police,Sussex Police,-0.320722,51.062217,On or near Victoria Street,E01031656,Horsham 006D,Violence and sexual offences,Unable to prosecute suspect,
5329762d2fc45641d5f27ad24f322642d11039c144362aa3cb1c3b1fdbac24b5,2024-11,Sussex Police,Sussex Police,-0.315415,51.060576,On or near Elm Grove,E01031656,Horsham 006D,Violence and sexual offences,Status update unavailable,
ce726e20061a68089790f8e75a8ddc490600fc45898431c37e58a4b7abf42421,2024-11,Sussex Police,Sussex Police,-0.331533,51.077066,On or near Warnham Road,E01031688,Horsham 006E,Drugs,Local resolution,
55517378e0ef9091bacc67a515059b365a20035662168e7b61fc32ea2a5311a5,2024-11,Sussex Police,Sussex Police,-0.337219,51.070996,On or near Larch End,E01031688,Horsham 006E,Vehicle crime,Investigation complete; no suspect identified,
2096707329704ec4386fc321dd9c3401710a6a68dec11269bbc890af380250c3,2024-11,Sussex Police,Sussex Police,-0.331335,51.071083,On or near Hardy Close,E01031688,Horsham 006E,Violence and sexual offences,Further investigation is not in the public interest,
6b5720bb2155785587dc2f8e1df6e5f57341902eb7d888683c675966a2e54f73,2024-11,Sussex Police,Sussex Police,-0.334083,51.069288,On or near Percy Road,E01031688,Horsham 006E,Violence and sexual offences,Unable to prosecute suspect,
73ed7a69c62b05ea66a161ede40c95c03ffdb528531c4b02c3550a9f93889aa3,2024-11,Sussex Police,Sussex Police,-0.336889,51.074625,On or near Redford Avenue,E01031688,Horsham 006E,Violence and sexual offences,Status update unavailable,
,2024-11,Sussex Police,Sussex Police,-0.332496,51.069346,On or near Shelley Road,E01031691,Horsham 006F,Anti-social behaviour,,
a618d7c1f3fa77afe3df64f020a1214b3ca060ccea284ececf437f6b00531167,2024-11,Sussex Police,Sussex Police,-0.333737,51.064202,On or near Barnes Mews,E01031691,Horsham 006F,Burglary,Investigation complete; no suspect identified,
e7fbd7ac91f41e6203427d060421e42560c582a2ffded9cacaf64f82facae47e,2024-11,Sussex Police,Sussex Police,-0.329234,51.066386,On or near B2237,E01031691,Horsham 006F,Drugs,Offender given a caution,
da74de9c6451444c9a4f6a237de4d9add1c30130df772bb5d882c376b38b68cf,2024-11,Sussex Police,Sussex Police,-0.333737,51.064202,On or near Barnes Mews,E01031691,Horsham 006F,Other theft,Investigation complete; no suspect identified,
ae2b6f67700bb28e3f892fc3e266599e6bf049f6cbe6eddc3553062685a5e775,2024-11,Sussex Police,Sussex Police,-0.335338,51.064522,On or near Richmond Mews,E01031691,Horsham 006F,Violence and sexual offences,Unable to prosecute suspect,
,2024-11,Sussex Police,Sussex Police,-0.338175,51.063411,On or near Gilligan Close,E01035334,Horsham 006G,Anti-social behaviour,,
041e48b13ff793135b2dc44cb0e0b58040d8e73670f0d7cbd02fef1e86eef6d1,2024-11,Sussex Police,Sussex Police,-0.335990,51.059081,On or near Cricket Field Road,E01035334,Horsham 006G,Burglary,Investigation complete; no suspect identified,
6e67c8bb0511a8c15c204573133015a1cb281ad7f453a7372f80c11764081511,2024-11,Sussex Police,Sussex Police,-0.337814,51.064738,On or near Supermarket,E01035334,Horsham 006G,Other theft,Investigation complete; no suspect identified,
2a0acf251daae4dfdb4b6dd3ef6e40ceaf2d6197cfd390ae12a571de72de597b,2024-11,Sussex Police,Sussex Police,-0.335906,51.063010,On or near Supermarket,E01035334,Horsham 006G,Public order,Unable to prosecute suspect,
6f9547d18a4c42f2b9203fa8815c668e7afc82f5689c3ccc91e1eede5bcc387b,2024-11,Sussex Police,Sussex Police,-0.337814,51.064738,On or near Supermarket,E01035334,Horsham 006G,Public order,Investigation complete; no suspect identified,
a39c3f7e8d6597df1d8fce4372de4eeee6902b71d06debac6800032521960513,2024-11,Sussex Police,Sussex Police,-0.337814,51.064738,On or near Supermarket,E01035334,Horsham 006G,Shoplifting,Status update unavailable,
625d393b3d44e9af28dfe5c2af97cd0571e231ba647a8d878aa2a234e9b34cfe,2024-11,Sussex Police,Sussex Police,-0.335906,51.063010,On or near Supermarket,E01035334,Horsham 006G,Shoplifting,Investigation complete; no suspect identified,
67208f66c6096b554cf1a84f3f41e7f7719d7b852909f87fb5deca79d1791166,2024-11,Sussex Police,Sussex Police,-0.335906,51.063010,On or near Supermarket,E01035334,Horsham 006G,Shoplifting,Investigation complete; no suspect identified,
b7f9bd2635a9fd9101b3b2a487af9b999a1cb3d1c919e187d557bf2abfc1d5ae,2024-11,Sussex Police,Sussex Police,-0.335906,51.063010,On or near Supermarket,E01035334,Horsham 006G,Shoplifting,Investigation complete; no suspect identified,
5d190460be8943c9316cf84c5e70c5ff406fa327356a4a46ae133808c200bc86,2024-11,Sussex Police,Sussex Police,-0.336197,51.061278,On or near River Mead,E01035334,Horsham 006G,Shoplifting,Unable to prosecute suspect,
558a18df1bd1ca3b55b7b3ecc682c544b5150491322e895d986432c91cf754da,2024-11,Sussex Police,Sussex Police,-0.337814,51.064738,On or near Supermarket,E01035334,Horsham 006G,Shoplifting,Court result unavailable,
692d2d45f540b5892635968706ed356a1e704037ed034015596749fedc83a560,2024-11,Sussex Police,Sussex Police,-0.335906,51.063010,On or near Supermarket,E01035334,Horsham 006G,Shoplifting,Investigation complete; no suspect identified,
31e651d92676e55aec180c433e43f8ad40e3561c08adee12d8bb40f4a6b74a2c,2024-11,Sussex Police,Sussex Police,-0.335906,51.063010,On or near Supermarket,E01035334,Horsham 006G,Shoplifting,Investigation complete; no suspect identified,
a57c54f1dc20a9baba5aa53b16ecc4269a35ee336fb1316eaf389b213eb5bc80,2024-11,Sussex Police,Sussex Police,-0.335906,51.063010,On or near Supermarket,E01035334,Horsham 006G,Shoplifting,Investigation complete; no suspect identified,
d33ac8d6d9abc539ac34896131c78a9b1e8f2bf81e87a9c21668cc9dd22bc7b9,2024-11,Sussex Police,Sussex Police,-0.336197,51.061278,On or near River Mead,E01035334,Horsham 006G,Shoplifting,Investigation complete; no suspect identified,
e547b370d2dc4c67d440fa824398ed229bda817190989e560f88a986f2d5c808,2024-11,Sussex Police,Sussex Police,-0.336197,51.061278,On or near River Mead,E01035334,Horsham 006G,Shoplifting,Status update unavailable,
567c817577ab3af9c8e1579b337eb7d1cca3b2ee6923909a68dcfc5260e7f185,2024-11,Sussex Police,Sussex Police,-0.335906,51.063010,On or near Supermarket,E01035334,Horsham 006G,Shoplifting,Investigation complete; no suspect identified,
f6ab5a7c79aa2aa283c609d40ba7df38deb69d3523303e17c9b78de69f1f20d8,2024-11,Sussex Police,Sussex Police,-0.335906,51.063010,On or near Supermarket,E01035334,Horsham 006G,Shoplifting,Investigation complete; no suspect identified,
d1f39ff4d76991f5ccc9b5d4562fbecdd0da50b6375089df6790bf665be861a7,2024-11,Sussex Police,Sussex Police,-0.335906,51.063010,On or near Supermarket,E01035334,Horsham 006G,Shoplifting,Court result unavailable,
ec96012fa54f6e1cb8ac1339f1f1054b8dc8861712ba5e19d6f98c5a9214e8ec,2024-11,Sussex Police,Sussex Police,-0.335906,51.063010,On or near Supermarket,E01035334,Horsham 006G,Violence and sexual offences,Investigation complete; no suspect identified,
f3f72e5edaf480859e81deca578fbdbe94122b35afbe264cd06b0b2ac0825f72,2024-11,Sussex Police,Sussex Police,-0.335906,51.063010,On or near Supermarket,E01035334,Horsham 006G,Violence and sexual offences,Unable to prosecute suspect,
48ab662c5f73db770c0cb2d2579e5a188cf19ace013cf52df15f18d3e11d880a,2024-11,Sussex Police,Sussex Police,-0.335906,51.063010,On or near Supermarket,E01035334,Horsham 006G,Violence and sexual offences,Unable to prosecute suspect,
,2024-11,Sussex Police,Sussex Police,-0.330846,51.062443,On or near Black Horse Way,E01035335,Horsham 006H,Anti-social behaviour,,
,2024-11,Sussex Police,Sussex Police,-0.327719,51.062497,On or near Carfax,E01035335,Horsham 006H,Anti-social behaviour,,
,2024-11,Sussex Police,Sussex Police,-0.331419,51.063575,On or near Shopping Area,E01035335,Horsham 006H,Anti-social behaviour,,
,2024-11,Sussex Police,Sussex Police,-0.330846,51.062443,On or near Black Horse Way,E01035335,Horsham 006H,Anti-social behaviour,,
,2024-11,Sussex Police,Sussex Police,-0.329860,51.062087,On or near Hewells Court,E01035335,Horsham 006H,Anti-social behaviour,,
,2024-11,Sussex Police,Sussex Police,-0.332519,51.061954,On or near Parking Area,E01035335,Horsham 006H,Anti-social behaviour,,
,2024-11,Sussex Police,Sussex Police,-0.326114,51.061485,On or near East Street,E01035335,Horsham 006H,Anti-social behaviour,,
,2024-11,Sussex Police,Sussex Police,-0.331473,51.062470,On or near Parking Area,E01035335,Horsham 006H,Anti-social behaviour,,
,2024-11,Sussex Police,Sussex Police,-0.330846,51.062443,On or near Black Horse Way,E01035335,Horsham 006H,Anti-social behaviour,,
,2024-11,Sussex Police,Sussex Police,-0.331419,51.063575,On or near Shopping Area,E01035335,Horsham 006H,Anti-social behaviour,,
,2024-11,Sussex Police,Sussex Police,-0.332703,51.062784,On or near Horsham Bus Station,E01035335,Horsham 006H,Anti-social behaviour,,
17bd5f73f37fe8abb4b1b87a7ab46a690c923b1cbd8a099ae363cb39799b4688,2024-11,Sussex Police,Sussex Police,-0.332245,51.060835,On or near Supermarket,E01035335,Horsham 006H,Bicycle theft,Investigation complete; no suspect identified,
4a775c3665e9d447ded20d3f3440cd4bd9f5236f0a1147405782c090f1313179,2024-11,Sussex Police,Sussex Police,-0.327534,51.060903,On or near Parking Area,E01035335,Horsham 006H,Bicycle theft,Investigation complete; no suspect identified,
2f6fbeb17f193f899b5b3c7ebe4517926135e106e709dfc9756933c2368ba819,2024-11,Sussex Police,Sussex Police,-0.331419,51.063575,On or near Shopping Area,E01035335,Horsham 006H,Burglary,Awaiting court outcome,
dff5d5b4e17d48c7e76311461166196210808e9e4055388af079e4dab511c666,2024-11,Sussex Police,Sussex Police,-0.327719,51.062497,On or near Carfax,E01035335,Horsham 006H,Burglary,Investigation complete; no suspect identified,
15e15d98c9d728793f54931dd2d43dfb493505cc3ea44c71323c759d8f593545,2024-11,Sussex Police,Sussex Police,-0.327719,51.062497,On or near Carfax,E01035335,Horsham 006H,Burglary,Investigation complete; no suspect identified,
e050a9b7a1c43c2a9b42202e3c579e5622c6bd6181356b4bfa44206d6ff2ecc3,2024-11,Sussex Police,Sussex Police,-0.325451,51.060477,On or near Denne Parade,E01035335,Horsham 006H,Criminal damage and arson,Local resolution,
d438acd24da89bb40a34ad536b3addb3cc70e9798de4fbb78aa4605c5c34615b,2024-11,Sussex Police,Sussex Police,-0.328354,51.061895,On or near Market Square,E01035335,Horsham 006H,Criminal damage and arson,Investigation complete; no suspect identified,
2ad469d16fe2a988708758ed333f65b8bd9dfe2b19b66c251dd16acff64f5b72,2024-11,Sussex Police,Sussex Police,-0.327719,51.062497,On or near Carfax,E01035335,Horsham 006H,Criminal damage and arson,Investigation complete; no suspect identified,
e1aa6673eeabe1ba86cfca52e8a94d6917979d925308cf845b4bfd9ccbc782d7,2024-11,Sussex Police,Sussex Police,-0.328354,51.061895,On or near Market Square,E01035335,Horsham 006H,Criminal damage and arson,Investigation complete; no suspect identified,
599159d1222ad9497e2200d0dc421db5a38825c5066194c72716961bd04ab988,2024-11,Sussex Police,Sussex Police,-0.325451,51.060477,On or near Denne Parade,E01035335,Horsham 006H,Drugs,Investigation complete; no suspect identified,
3701d2a6c03c42c6b2f788684935eec5f4cd53d2f7facd2296d4f47485b59e98,2024-11,Sussex Police,Sussex Police,-0.327719,51.062497,On or near Carfax,E01035335,Horsham 006H,Drugs,Local resolution,
7664656955dd87f4225fe5a4a1dd3e946ed61d37cc32c50495b70226becd9c77,2024-11,Sussex Police,Sussex Police,-0.327719,51.062497,On or near Carfax,E01035335,Horsham 006H,Other theft,Investigation complete; no suspect identified,
db63c3694140fe2ca7f42bd3d436e3b6085cc346072010183158e51143142812,2024-11,Sussex Police,Sussex Police,-0.328996,51.061904,On or near Glynde Place,E01035335,Horsham 006H,Other theft,Investigation complete; no suspect identified,
4f8424340a8e0ee33b080b7304d1436098ef023bef90c00fa07e881233184c87,2024-11,Sussex Police,Sussex Police,-0.327719,51.062497,On or near Carfax,E01035335,Horsham 006H,Other theft,Status update unavailable,
5570be4a816240472f52e1cf0d0f0ad940641c30af0bcbed62590b9d27ab445b,2024-11,Sussex Police,Sussex Police,-0.325096,51.062001,On or near Park Way,E01035335,Horsham 006H,Public order,Investigation complete; no suspect identified,
3ed6747dcb8169aa96915328ec305c16ff3024e55781762109325b3594f170c0,2024-11,Sussex Police,Sussex Police,-0.328996,51.061904,On or near Glynde Place,E01035335,Horsham 006H,Public order,Investigation complete; no suspect identified,
330f353dcf62b6dc7c31bfb2f16609a97179d287ff600f6df4f7f9616fb65e9c,2024-11,Sussex Police,Sussex Police,-0.331473,51.062470,On or near Parking Area,E01035335,Horsham 006H,Public order,Unable to prosecute suspect,
d1ac2c3707c339e4dbcb649ab2f97b3a456d59416629dd290ee857911149982e,2024-11,Sussex Police,Sussex Police,-0.331473,51.062470,On or near Parking Area,E01035335,Horsham 006H,Shoplifting,Investigation complete; no suspect identified,
87069003990db2aa71ede9ba3b7a9db3310be7d1125c32a1e52743c720dca287,2024-11,Sussex Police,Sussex Police,-0.330846,51.062443,On or near Black Horse Way,E01035335,Horsham 006H,Shoplifting,Investigation complete; no suspect identified,
704ee93bd51c04486bc3f108f8ee0a145d2cf802e8fdabcfd10272f682568326,2024-11,Sussex Police,Sussex Police,-0.331419,51.063575,On or near Shopping Area,E01035335,Horsham 006H,Shoplifting,Investigation complete; no suspect identified,
ac58fdedcec4390276df149fc78b2aa10a75e9ac4f085ca336ee44c73ce80524,2024-11,Sussex Police,Sussex Police,-0.331473,51.062470,On or near Parking Area,E01035335,Horsham 006H,Shoplifting,Investigation complete; no suspect identified,
7fc3fb306cc34aa94889e2f8c5f3c5aa0f1d88beecb665e22f1a87c6762fc196,2024-11,Sussex Police,Sussex Police,-0.331473,51.062470,On or near Parking Area,E01035335,Horsham 006H,Shoplifting,Investigation complete; no suspect identified,
a78fd9571c94b816a5dd1d3e21e0efae484e0caa8fa5bf1c80c14f97c96520d3,2024-11,Sussex Police,Sussex Police,-0.329860,51.062087,On or near Hewells Court,E01035335,Horsham 006H,Shoplifting,Investigation complete; no suspect identified,
44816098f6483d87e214e6393aaf4116828f34620d39fa0f681c1eab091695b4,2024-11,Sussex Police,Sussex Police,-0.331473,51.062470,On or near Parking Area,E01035335,Horsham 006H,Shoplifting,Status update unavailable,
0e101e8a6edcc10d179b877b24a501185d3c96b147bd46fc979e0c28971182e1,2024-11,Sussex Police,Sussex Police,-0.331419,51.063575,On or near Shopping Area,E01035335,Horsham 006H,Shoplifting,Investigation complete; no suspect identified,
f64609aeabe28f88fda25d9f82e900e04e358bbe5e3e09c18e13f39741c110cb,2024-11,Sussex Police,Sussex Police,-0.330846,51.062443,On or near Black Horse Way,E01035335,Horsham 006H,Shoplifting,Investigation complete; no suspect identified,
0c2cbd32575e369bf22df994b7bfce6a67d067b98df9ac110784e213d1bfebfd,2024-11,Sussex Police,Sussex Police,-0.331473,51.062470,On or near Parking Area,E01035335,Horsham 006H,Shoplifting,Investigation complete; no suspect identified,
24d9cb791982f4e39733a82b15d0717845def87bdeb4ca67a70ee9178da29adc,2024-11,Sussex Police,Sussex Police,-0.331473,51.062470,On or near Parking Area,E01035335,Horsham 006H,Shoplifting,Investigation complete; no suspect identified,
b03025080ebbf98a258a65da6b158ae7b40a7091d6b1407ce69e57a8f7ea8c5d,2024-11,Sussex Police,Sussex Police,-0.328354,51.061895,On or near Market Square,E01035335,Horsham 006H,Shoplifting,Investigation complete; no suspect identified,
bc4e7792f252d6065f2ef2b97bc28f4b4ca5720cd13e08babb0aba60b12a4758,2024-11,Sussex Police,Sussex Police,-0.331473,51.062470,On or near Parking Area,E01035335,Horsham 006H,Shoplifting,Status update unavailable,
565ce3eae974a9b94c5a99aff511768d71a6dfa833a1cce2c4df90cf1e3241ab,2024-11,Sussex Police,Sussex Police,-0.331473,51.062470,On or near Parking Area,E01035335,Horsham 006H,Shoplifting,Status update unavailable,
173e7de7029d39723b1847c68dcaabe8ceae3f3871a125a178729b0f51587d6d,2024-11,Sussex Police,Sussex Police,-0.331473,51.062470,On or near Parking Area,E01035335,Horsham 006H,Shoplifting,Court result unavailable,
ba8270af00e8637c5db1670c9a2196939efbcb1c9ac220dd27bf6b653c3cb4d4,2024-11,Sussex Police,Sussex Police,-0.331473,51.062470,On or near Parking Area,E01035335,Horsham 006H,Shoplifting,Unable to prosecute suspect,
9e7c53039d62725e841b55bd7fa97fea1e99daf977a89fc6f99f3813a63ea837,2024-11,Sussex Police,Sussex Police,-0.328996,51.061904,On or near Glynde Place,E01035335,Horsham 006H,Theft from the person,Unable to prosecute suspect,
ceb8cb36805283414d165996f58aec54163c40d53f4e0ac18dd522ef78d3cf20,2024-11,Sussex Police,Sussex Police,-0.330846,51.062443,On or near Black Horse Way,E01035335,Horsham 006H,Theft from the person,Investigation complete; no suspect identified,
6050656ae1ac4ef9664d01842cee78f6c63a18d637a48a93a67d64c1cfc572f8,2024-11,Sussex Police,Sussex Police,-0.325716,51.062622,On or near Copnall Way,E01035335,Horsham 006H,Vehicle crime,Investigation complete; no suspect identified,
53943d6122778e6250f1fea67dd812d1ea30dd12a8c02c146de0802131a57b06,2024-11,Sussex Police,Sussex Police,-0.326114,51.061485,On or near East Street,E01035335,Horsham 006H,Violence and sexual offences,Unable to prosecute suspect,
9a389ed068078457aa308050e8e2fc03e6367eee13b3bac06a2d005386cc3239,2024-11,Sussex Police,Sussex Police,-0.332703,51.062784,On or near Horsham Bus Station,E01035335,Horsham 006H,Violence and sexual offences,Unable to prosecute suspect,
b4d69981850b2b521b07bd4779853ebd933d550b7ddd715f85ef98a70491a2e5,2024-11,Sussex Police,Sussex Police,-0.328722,51.058411,On or near St Mary'S Gardens,E01035335,Horsham 006H,Violence and sexual offences,Investigation complete; no suspect identified,
dd0a1728a413c6ece2acf6cc1a68116eb82aefe4ffacbbb55f781220bfb2fed5,2024-11,Sussex Police,Sussex Police,-0.328354,51.061895,On or near Market Square,E01035335,Horsham 006H,Violence and sexual offences,Court result unavailable,
8098e8aa4209e3cda1440b5272c4bf8931b5f6415239c7a30871a2048f15224f,2024-11,Sussex Police,Sussex Police,-0.326114,51.061485,On or near East Street,E01035335,Horsham 006H,Violence and sexual offences,Investigation complete; no suspect identified,
feb36ee1dd9f3c4edf69011262d1935a3805542488c84693f0900b6cce864743,2024-11,Sussex Police,Sussex Police,-0.331419,51.063575,On or near Shopping Area,E01035335,Horsham 006H,Violence and sexual offences,Court result unavailable,
6d0da502e7e7e64b9057127f794b8c4e2d9bcdde4bb5d5e687fcfebafc000eac,2024-11,Sussex Police,Sussex Police,-0.328354,51.061895,On or near Market Square,E01035335,Horsham 006H,Violence and sexual offences,Court result unavailable,
3cf248400e44a8fca74f69cf0649eed30db3d5ac86bdc71183e4dc487c3488c7,2024-11,Sussex Police,Sussex Police,-0.328354,51.061895,On or near Market Square,E01035335,Horsham 006H,Violence and sexual offences,Awaiting court outcome,
4dd28d2ffb2cf0d8040bc5c5a4105aa39589377704183e708dc1c674fcbe116d,2024-11,Sussex Police,Sussex Police,-0.328354,51.061895,On or near Market Square,E01035335,Horsham 006H,Violence and sexual offences,Awaiting court outcome,
f701e235937d330a9f202fbff6354eb3f15d3639cd9bdb3a9d7a1e4e1f35b80f,2024-11,Sussex Police,Sussex Police,-0.328354,51.061895,On or near Market Square,E01035335,Horsham 006H,Violence and sexual offences,Awaiting court outcome,
5273fe6eb01e857d989d6ef333dc1ea0e46817840abd3e5eadf4783cff9e94ef,2024-11,Sussex Police,Sussex Police,-0.332245,51.060835,On or near Supermarket,E01035335,Horsham 006H,Violence and sexual offences,Local resolution,
1ec3e50d67227623e2106878aafeae1c2e5bbbaec31c20177bca1b0b3d097269,2024-11,Sussex Police,Sussex Police,-0.332245,51.060835,On or near Supermarket,E01035335,Horsham 006H,Violence and sexual offences,Local resolution,
e629c1d44f0a629132a143f00db0dad1ae7883047cbb030d6c13d10faa9c4145,2024-11,Sussex Police,Sussex Police,-0.331473,51.062470,On or near Parking Area,E01035335,Horsham 006H,Violence and sexual offences,Court result unavailable,
6be366fc423fb0cb6f309fb2a7fba0907e5c5e30cd32420d3c75b590e4df3a64,2024-11,Sussex Police,Sussex Police,-0.325451,51.060477,On or near Denne Parade,E01035335,Horsham 006H,Violence and sexual offences,Unable to prosecute suspect,
37ca2e13cd9d8b96d365f604bd8f49e709b6d30e658820b7d61e6d6a57c0cff4,2024-11,Sussex Police,Sussex Police,-0.332703,51.062784,On or near Horsham Bus Station,E01035335,Horsham 006H,Violence and sexual offences,Investigation complete; no suspect identified,
e6994607266e0c91cf8139508d75943721293754628612abb8003475b385441f,2024-11,Sussex Police,Sussex Police,-0.328354,51.061895,On or near Market Square,E01035335,Horsham 006H,Violence and sexual offences,Unable to prosecute suspect,
f5c115ddd5af8c2603b65635b9f12604ce070de2f7b9844fcc535a4ad73cdb58,2024-11,Sussex Police,Sussex Police,-0.328354,51.061895,On or near Market Square,E01035335,Horsham 006H,Violence and sexual offences,Court result unavailable,
24dcf19544f3ece5f34852274589da6ee57061157101f39d697bdbfe9bbe8322,2024-11,Sussex Police,Sussex Police,-0.326114,51.061485,On or near East Street,E01035335,Horsham 006H,Violence and sexual offences,Unable to prosecute suspect,
437d9ca2017506379079433ca48b90498eef7d1c486d9b985a5b849a07f7a05b,2024-11,Sussex Police,Sussex Police,-0.327719,51.062497,On or near Carfax,E01035335,Horsham 006H,Violence and sexual offences,Investigation complete; no suspect identified,
1d83ec3b065b74cd4a712c996c2bb461a412ce35ef1b4bd9baa3f0bc08b64fc0,2024-11,Sussex Police,Sussex Police,-0.327719,51.062497,On or near Carfax,E01035335,Horsham 006H,Violence and sexual offences,Status update unavailable,
5f6fd334243dcb64693873ca17c0430a4877a26ed053837dec172b77ddd0a4ac,2024-11,Sussex Police,Sussex Police,-0.327719,51.062497,On or near Carfax,E01035335,Horsham 006H,Violence and sexual offences,Status update unavailable,
54585267d3ac3198d12d603e384f28d88d897df10eda7e394490b1f501a4e147,2024-11,Sussex Police,Sussex Police,-0.327719,51.062497,On or near Carfax,E01035335,Horsham 006H,Violence and sexual offences,Status update unavailable,
9d8a84746d86720b882d742b426a1cf0113127f1eafaad4346624a0517716e9a,2024-11,Sussex Police,Sussex Police,-0.330846,51.062443,On or near Black Horse Way,E01035335,Horsham 006H,Violence and sexual offences,Unable to prosecute suspect,
4d277be1292a2838d8d4f344de01ae4b2aee16c7d64723d697d6c1e07a02261e,2024-11,Sussex Police,Sussex Police,-0.329860,51.062087,On or near Hewells Court,E01035335,Horsham 006H,Violence and sexual offences,Local resolution,
745bbc97baaf7034ead605807567886b2efc57473366c2e138fc96387463faed,2024-11,Sussex Police,Sussex Police,-0.329860,51.062087,On or near Hewells Court,E01035335,Horsham 006H,Violence and sexual offences,Unable to prosecute suspect,
,2024-11,Sussex Police,Sussex Police,-0.350523,51.061724,On or near Stoneybrook,E01031638,Horsham 007C,Anti-social behaviour,,
a552967fdedd7c53c0575a15c4e3c95f6f04135194f975b1d0ce17bd603fa5a6,2024-11,Sussex Police,Sussex Police,-0.343660,51.060476,On or near Shandys Close,E01031638,Horsham 007C,Other theft,Investigation complete; no suspect identified,
64116675331af12017cb86b8f93a4b7b1631a300aad20b4331f1628bbdcf01dc,2024-11,Sussex Police,Sussex Police,-0.346965,51.065055,On or near Wells Close,E01031638,Horsham 007C,Other theft,Investigation complete; no suspect identified,
86f032d8e60dc76f175730b619589e60f81f00870325a5e75831bb4c5d69d9ed,2024-11,Sussex Police,Sussex Police,-0.350522,51.060555,On or near Fenhurst Close,E01031638,Horsham 007C,Vehicle crime,Investigation complete; no suspect identified,
002179096e95371f4b7c6aecede07659fb1f0c9f45b47b80825707149b26b8e6,2024-11,Sussex Police,Sussex Police,-0.347711,51.060938,On or near Wakehurst Mews,E01031638,Horsham 007C,Vehicle crime,Investigation complete; no suspect identified,
248b47fac0e67a9ce72d826692a68d54fe91389e91a6cfdd3386ca1853667b4d,2024-11,Sussex Police,Sussex Police,-0.340649,51.064471,On or near Ingram Close,E01031638,Horsham 007C,Violence and sexual offences,Court result unavailable,
a2d1ad34cbc2c76bfe8aecb4b22ec7d58c4b96645c7e77f94791acbf08a461aa,2024-11,Sussex Police,Sussex Police,-0.347711,51.060938,On or near Wakehurst Mews,E01031638,Horsham 007C,Violence and sexual offences,Unable to prosecute suspect,
666f05f41fc9ea2e8365fcf8837f8ae05fea6bb423f788612dca0f591d4e7af6,2024-11,Sussex Police,Sussex Police,-0.351289,51.060656,On or near Brockhurst Close,E01031638,Horsham 007C,Violence and sexual offences,Local resolution,
,2024-11,Sussex Police,Sussex Police,-0.336656,51.067589,On or near Farm Avenue,E01031690,Horsham 007D,Anti-social behaviour,,
fd0947be60167f0868a36b9bda290065d88c854ab5d0ba95c4afb65799de234c,2024-11,Sussex Police,Sussex Police,-0.336656,51.067589,On or near Farm Avenue,E01031690,Horsham 007D,Public order,Unable to prosecute suspect,
ef6106d414f025b261118d6ccdb3260d56d80b55b3d228941ff1b267c501851c,2024-11,Sussex Police,Sussex Police,-0.342944,51.068146,On or near Stubfield,E01031690,Horsham 007D,Vehicle crime,Investigation complete; no suspect identified,
2c7162e89e745a6ae8261169506e281eac6664b4f17c8cd9f1bba8dfe78b96d8,2024-11,Sussex Police,Sussex Police,-0.337258,51.065898,On or near Curzon Avenue,E01031690,Horsham 007D,Vehicle crime,Investigation complete; no suspect identified,
a77eb2c3f2afb73c068239a395a5dd037013b011d7b7c13e41a245ead63afb25,2024-11,Sussex Police,Sussex Police,-0.341245,51.069759,On or near Croft Way,E01031690,Horsham 007D,Vehicle crime,Investigation complete; no suspect identified,
a53cba9d1adee2f3514e811f6ef3f481ac97f028227e9fb17bae21df7f0754b4,2024-11,Sussex Police,Sussex Police,-0.369290,51.069416,On or near Newbridge Close,E01035336,Horsham 007E,Violence and sexual offences,Status update unavailable,
37741687d6360bffc79e2f9a67b5ee0d3f77e04ffff8787b10d4dd8e8050e7b4,2024-11,Sussex Police,Sussex Police,-0.362321,51.068716,On or near Thelton Avenue,E01035337,Horsham 007F,Other theft,Investigation complete; no suspect identified,
41ccb70f69cd573600cadb7e735a143b9272dd3e23e207307a1045fc935f264f,2024-11,Sussex Police,Sussex Police,-0.363430,51.067424,On or near Sports/Recreation Area,E01035337,Horsham 007F,Violence and sexual offences,Investigation complete; no suspect identified,
605dab8c2c55383775c6537b2e10ac2547954235aff730589de2be2ef8c30697,2024-11,Sussex Police,Sussex Police,-0.363334,51.063055,On or near Brown Close,E01035337,Horsham 007F,Violence and sexual offences,Unable to prosecute suspect,
a90adb384aa4211b0e20810b0bf3e92dfc15184a33b84a60c7d75677135b2003,2024-11,Sussex Police,Sussex Police,-0.353966,51.063634,On or near Scholars Walk,E01035338,Horsham 007G,Burglary,Investigation complete; no suspect identified,
4a011b0c77b2d5a236824ea823744378d98015ac2ed00b9a808439e57445d5bb,2024-11,Sussex Police,Sussex Police,-0.354605,51.063320,On or near Longhurst Avenue,E01035338,Horsham 007G,Criminal damage and arson,Investigation complete; no suspect identified,
bcb1a47a81d391896dce8b125e3abd1c565fee4b5c37d356654b82f24af1b51e,2024-11,Sussex Police,Sussex Police,-0.351535,51.068582,On or near Firs Close,E01035338,Horsham 007G,Drugs,Local resolution,
f153c0b7f6f6919ef751d445100a1ea3052d560b6c303035892b234ba5eec380,2024-11,Sussex Police,Sussex Police,-0.355497,51.062712,On or near Highwood Crescent,E01035338,Horsham 007G,Other theft,Status update unavailable,
6d1e86521660f924033289cc5bf2f8fb84d3d7af8cc59636027c4b664abe164e,2024-11,Sussex Police,Sussex Police,-0.349467,51.064128,On or near Hills Farm Lane,E01035338,Horsham 007G,Other theft,Investigation complete; no suspect identified,
aa5a20f0fc89d4257a1700969c54bb852b5acd181d33cda66ae1bdac24665220,2024-11,Sussex Police,Sussex Police,-0.349467,51.064128,On or near Hills Farm Lane,E01035338,Horsham 007G,Public order,Investigation complete; no suspect identified,
56c958855d110374ab6182440c3d9684774bfaac639d2cc987f94739f2984293,2024-11,Sussex Police,Sussex Police,-0.355497,51.062712,On or near Highwood Crescent,E01035338,Horsham 007G,Vehicle crime,Status update unavailable,
475d6a5ba3d30b0865826dfaa63f5b12953c4d708b8b806ed61a1c392e629b52,2024-11,Sussex Police,Sussex Police,-0.353585,51.058692,On or near Howard Place,E01035338,Horsham 007G,Violence and sexual offences,Unable to prosecute suspect,
86655fd6f4313da23fb41d0535992be0b1f4d2dbd787a4f538fa68089807f645,2024-11,Sussex Police,Sussex Police,-0.349232,51.057497,On or near Henderson Way,E01035338,Horsham 007G,Violence and sexual offences,Unable to prosecute suspect,
d57bfdfc7c1d45040c1f4cde44a463ca5abcb86c3782e9cc68fca6f1e55af0c9,2024-11,Sussex Police,Sussex Police,-0.353585,51.058692,On or near Howard Place,E01035338,Horsham 007G,Violence and sexual offences,Further investigation is not in the public interest,
e2fcb0cd2562088a1a1c67671f2deaf4b2cb3111d41ccec0524ea52de94ec375,2024-11,Sussex Police,Sussex Police,-0.349232,51.057497,On or near Henderson Way,E01035338,Horsham 007G,Violence and sexual offences,Unable to prosecute suspect,
7ef43e2371fc82a0f8b7b8593e38292777a3a03b4263860b0f1cad68afe08017,2024-11,Sussex Police,Sussex Police,-0.349232,51.057497,On or near Henderson Way,E01035338,Horsham 007G,Violence and sexual offences,Unable to prosecute suspect,
e23eb048b0eacbbc69bb3d89257723a7938a71f7c527e1a9120a8ad6335e3105,2024-11,Sussex Police,Sussex Police,-0.353585,51.058692,On or near Howard Place,E01035338,Horsham 007G,Violence and sexual offences,Local resolution,
e5aafe68b40ee528a5aeb333eea307b65435a0db710ad191196a29a736a9f501,2024-11,Sussex Police,Sussex Police,-0.349232,51.057497,On or near Henderson Way,E01035338,Horsham 007G,Violence and sexual offences,Unable to prosecute suspect,
1ef3daf75ee2e6e7f86caee1ba8a0d02b4375947185695f555ce4a4af8d9e0d0,2024-11,Sussex Police,Sussex Police,-0.349232,51.057497,On or near Henderson Way,E01035338,Horsham 007G,Violence and sexual offences,Unable to prosecute suspect,
e4c2d1cf67c84d79ee44b799a9652e28397ff29f589d62ff1f932ddc2be68f95,2024-11,Sussex Police,Sussex Police,-0.353585,51.058692,On or near Howard Place,E01035338,Horsham 007G,Violence and sexual offences,Further investigation is not in the public interest,
2b1fa2a2ac31a5757700b95f2adfb5bd47741f0797b0f2b10fb2452bb67a6624,2024-11,Sussex Police,Sussex Police,-0.349232,51.057497,On or near Henderson Way,E01035338,Horsham 007G,Violence and sexual offences,Unable to prosecute suspect,
b3f8e09b82d807a206f46b2e490c56a8519d6778f6f5195f7921a3fb81c1dbce,2024-11,Sussex Police,Sussex Police,-0.368007,51.063687,On or near Churchill Way,E01035339,Horsham 007H,Public order,Court result unavailable,
49d9e68944df35009e77d011e0cd874b579f9366165adfa566ea398ad9e12af1,2024-11,Sussex Police,Sussex Police,-0.370444,51.066230,On or near Langridge Lane,E01035339,Horsham 007H,Shoplifting,Unable to prosecute suspect,
dde7c136605b8479fae6b2e5f25c5a6718c70fb1dea9c28dd63abc4ecf959c14,2024-11,Sussex Police,Sussex Police,-0.370821,51.064446,On or near Wakeford Lane,E01035339,Horsham 007H,Violence and sexual offences,Action to be taken by another organisation,
c968c92cd695eb7bd0bc24c5933fc1d9511cdc8dd6db13e40f49f07d4b893d88,2024-11,Sussex Police,Sussex Police,-0.370821,51.064446,On or near Wakeford Lane,E01035339,Horsham 007H,Violence and sexual offences,Action to be taken by another organisation,
722eab6aded8a08fa10750381e836602730f2c5a0d32e74e39c035c0a08a0868,2024-11,Sussex Police,Sussex Police,-0.365747,51.063827,On or near Buck Way,E01035339,Horsham 007H,Violence and sexual offences,Unable to prosecute suspect,
b48debef57c160e08de4e9350de5e0445cde34a0ce69c37754e6dfd959ef13f2,2024-11,Sussex Police,Sussex Police,-0.370444,51.066230,On or near Langridge Lane,E01035339,Horsham 007H,Violence and sexual offences,Unable to prosecute suspect,
d0eda8164c1b1db33871866ae104ac13579ab30bb0be3d6bf65eb1218d8765b6,2024-11,Sussex Police,Sussex Police,-0.369114,51.066311,On or near Heydon Way,E01035339,Horsham 007H,Violence and sexual offences,Unable to prosecute suspect,
ce25ce89f397f2c1c4bfced2096a5848e0e3ef87780306b4ada5b5e096e547b0,2024-11,Sussex Police,Sussex Police,-0.341332,51.060137,On or near Three Acres,E01035340,Horsham 007I,Burglary,Investigation complete; no suspect identified,
a6b3e845768dd7a838652bcb543edcd7cd267bd8569911714f51c12ef9353459,2024-11,Sussex Police,Sussex Police,-0.345357,51.058108,On or near Granary Way,E01035340,Horsham 007I,Criminal damage and arson,Unable to prosecute suspect,
461150c5f63e2cc1f7778a0eea61881965feac6ff27b5909c4b380226dc34268,2024-11,Sussex Police,Sussex Police,-0.341833,51.058112,On or near Jockey Mead,E01035340,Horsham 007I,Other theft,Unable to prosecute suspect,
4751f3c5388f2bc311a243ebfafb28aa1fe7a4d3d348bf02df974337f8db255d,2024-11,Sussex Police,Sussex Police,-0.348742,51.057221,On or near Parsons Walk,E01035340,Horsham 007I,Possession of weapons,Status update unavailable,
0a3570040f23fa90070d10dc0412ac411f4e3c9a07f4409df98e60f55f786b7a,2024-11,Sussex Police,Sussex Police,-0.341332,51.060137,On or near Three Acres,E01035340,Horsham 007I,Vehicle crime,Investigation complete; no suspect identified,
683aea50a923f516a086645f26f14bd1d7478a677a397ef0ab74c1ad909a96ea,2024-11,Sussex Police,Sussex Police,-0.336742,51.059604,On or near Worthing Road,E01035340,Horsham 007I,Vehicle crime,Investigation complete; no suspect identified,
7828235f04625f0c3bd1e2ca6017508782019d36ec15a5f03472441c1a950e97,2024-11,Sussex Police,Sussex Police,-0.345357,51.058108,On or near Granary Way,E01035340,Horsham 007I,Violence and sexual offences,Unable to prosecute suspect,
b922017460f2f198d224a80c449d0e7f3f33b4a67e57d73c8f318009055812e7,2024-11,Sussex Police,Sussex Police,-0.346191,51.057535,On or near Alder Copse,E01035340,Horsham 007I,Violence and sexual offences,Awaiting court outcome,
8a8174e356f84bad3300cbdbced8d1e0306ad6022caf161955d492cb4331ae56,2024-11,Sussex Police,Sussex Police,-0.345357,51.058108,On or near Granary Way,E01035340,Horsham 007I,Violence and sexual offences,Unable to prosecute suspect,
d2783a42598f9dfa703cabd1af656dd0b3cd4b46d417663efbd2f0a8fe26b5e4,2024-11,Sussex Police,Sussex Police,-0.339755,51.057543,On or near Oliver Road,E01035340,Horsham 007I,Violence and sexual offences,Unable to prosecute suspect,
97cd49b0a8bca8c53db4262eab8e89c9d0855e319d6b40c8dcdff7a8cc261b64,2024-11,Sussex Police,Sussex Police,-0.348742,51.057221,On or near Parsons Walk,E01035340,Horsham 007I,Other crime,Court result unavailable,
3e5451f4b321aa8296483f91ae8477be92e781197c34335a531a7af7da9a2a02,2024-11,Sussex Police,Sussex Police,-0.323037,51.060542,On or near Queen Street,E01031639,Horsham 008A,Bicycle theft,Investigation complete; no suspect identified,
7642b5a83b0f511e78e67cf893b2259cb683e80448e2269f22ab7ec82dd2bdfb,2024-11,Sussex Police,Sussex Police,-0.320765,51.059835,On or near Arthur Road,E01031639,Horsham 008A,Criminal damage and arson,Unable to prosecute suspect,
aca38fad0fc91117b1465a3deef231b6b5980d18d5f8b77a3f069415f4dc127b,2024-11,Sussex Police,Sussex Police,-0.323037,51.060542,On or near Queen Street,E01031639,Horsham 008A,Other theft,Investigation complete; no suspect identified,
5f6bc92d521fa80f2d2b6c2058facd232797d6b9857c5e97395b8ddbbc662718,2024-11,Sussex Police,Sussex Police,-0.321481,51.059386,On or near Boxall Walk,E01031639,Horsham 008A,Public order,Unable to prosecute suspect,
878560938daec13bfd8ec9a4c3527ad1bc61cff7a633e5b93a467a36b16b209d,2024-11,Sussex Police,Sussex Police,-0.313618,51.054273,On or near Kerves Lane,E01031639,Horsham 008A,Vehicle crime,Investigation complete; no suspect identified,
99de9e0c58e506fbbfa50cd9350aabe618377d8732b872c4d9222126cc2a6c39,2024-11,Sussex Police,Sussex Police,-0.316386,51.057029,On or near Weald Close,E01031639,Horsham 008A,Vehicle crime,Investigation complete; no suspect identified,
287948f857e8b352b5ef26319ae626bb8c313b1a97153a1712fa9c2e53a5b499,2024-11,Sussex Police,Sussex Police,-0.316386,51.057029,On or near Weald Close,E01031639,Horsham 008A,Vehicle crime,Investigation complete; no suspect identified,
dfcf03efb7250dabd9075687561ce95fffffeefcd340c68d563018aa9affdaab,2024-11,Sussex Police,Sussex Police,-0.315104,51.056570,On or near Paget Close,E01031639,Horsham 008A,Vehicle crime,Court result unavailable,
9e24cfe3499551ed8db00f4995d454ee79531d12be285d4cd9112dca6595c864,2024-11,Sussex Police,Sussex Police,-0.313618,51.054273,On or near Kerves Lane,E01031639,Horsham 008A,Vehicle crime,Investigation complete; no suspect identified,
017d40fedc4e95cfca66b692f9ed216a4e762dab3df5478fb3d421006d8e8f0d,2024-11,Sussex Police,Sussex Police,-0.320765,51.059835,On or near Arthur Road,E01031639,Horsham 008A,Violence and sexual offences,Unable to prosecute suspect,
d291751fc47db77a56c8fc6a4085ec3f8f800f31a3759c5acd181ca914879bbe,2024-11,Sussex Police,Sussex Police,-0.306368,51.051956,On or near Woodland Park,E01031640,Horsham 008B,Burglary,Investigation complete; no suspect identified,
657429b60acec1443931acd24cf3ffad0b0fef4ecb90956895c54cf56be84117,2024-11,Sussex Police,Sussex Police,-0.301327,51.064158,On or near Hampers Lane,E01031640,Horsham 008B,Burglary,Investigation complete; no suspect identified,
bf768f0e3c1248c9f24c45cf6c7f0cf8aa73867d7a8791306c4fe2cbf797d36f,2024-11,Sussex Police,Sussex Police,-0.304778,51.061915,On or near Little Comptons,E01031640,Horsham 008B,Other theft,Investigation complete; no suspect identified,
72c4b5bf215e7fbd7ad6694408cc661a54b69505fc092045084e9b77ee3a86f5,2024-11,Sussex Police,Sussex Police,-0.295576,51.054056,On or near Copperfields Manor,E01031640,Horsham 008B,Public order,Status update unavailable,
d571e311750c5533a687f3e225a3cc9eb1a1d2131eb7c6fbdcf5073883852491,2024-11,Sussex Police,Sussex Police,-0.306920,51.060309,On or near Mills Close,E01031640,Horsham 008B,Public order,Investigation complete; no suspect identified,
041601b7d0eb11a7c1533fe07dee63d01d0f54c5e6241a56dd9efb8e76723bbc,2024-11,Sussex Police,Sussex Police,-0.295576,51.054056,On or near Copperfields Manor,E01031640,Horsham 008B,Violence and sexual offences,Court result unavailable,
4f5669175bcf90a7aed8ddac79ef629e26cb3d5f16a888ab341e86f0362d0368,2024-11,Sussex Police,Sussex Police,-0.295576,51.054056,On or near Copperfields Manor,E01031640,Horsham 008B,Violence and sexual offences,Court result unavailable,
53e94dcf7f74f89623d30c1b8a1dc6656fb3f38137613b4c7cdefed066b07514,2024-11,Sussex Police,Sussex Police,-0.295576,51.054056,On or near Copperfields Manor,E01031640,Horsham 008B,Violence and sexual offences,Court result unavailable,
,2024-11,Sussex Police,Sussex Police,-0.269600,51.031241,On or near Race Track,E01031661,Horsham 008D,Anti-social behaviour,,
ac6908934bc806edce8709519d85c2b2d7c05cd96c9211726186cd883522b1b1,2024-11,Sussex Police,Sussex Police,-0.269600,51.031241,On or near Race Track,E01031661,Horsham 008D,Burglary,Investigation complete; no suspect identified,
705e3771b924f98b031b973ca8adf865de42ed5a4f73790312a8bead01f0fa44,2024-11,Sussex Police,Sussex Police,-0.256968,51.034583,On or near Church Lane,E01031661,Horsham 008D,Other theft,Investigation complete; no suspect identified,
5a27b4d33d202b76c6733b950bf44f330187f8491715d3178945038bd328b353,2024-11,Sussex Police,Sussex Police,-0.251418,51.036155,On or near Handcross Road,E01031661,Horsham 008D,Other theft,Investigation complete; no suspect identified,
8d41d4fe0bbb0746f2c90b8b7c481ef3bb49a8e3f9f99d048b88adff4f380446,2024-11,Sussex Police,Sussex Police,-0.240323,51.039118,On or near Handcross Road,E01031661,Horsham 008D,Other theft,Investigation complete; no suspect identified,
f6d2f653b951fca68ddddda105806fbe73d3f844f2d6f0b8b4ac5e80a5e3c1ae,2024-11,Sussex Police,Sussex Police,-0.262119,51.031854,On or near Trinity Field,E01031661,Horsham 008D,Violence and sexual offences,Status update unavailable,
e5ad36ef6b78d2ab7c149b182166cca61da37c434b06ab6b1b4ee30f14d91088,2024-11,Sussex Police,Sussex Police,-0.282781,51.046216,On or near The Timbers,E01031661,Horsham 008D,Violence and sexual offences,Unable to prosecute suspect,
f5d44c7bbfbcf8bb9ea1d52a037e83644363e5f6481796f40707ac028fc83a93,2024-11,Sussex Police,Sussex Police,-0.282781,51.046216,On or near The Timbers,E01031661,Horsham 008D,Violence and sexual offences,Unable to prosecute suspect,
e8f90194c1c08728a2cb6205e13d05935d5351328440af5fac1049a98ce7395a,2024-11,Sussex Police,Sussex Police,-0.283574,51.047172,On or near Oakway,E01031661,Horsham 008D,Violence and sexual offences,Local resolution,
edeb5ee8730adc2fa89da825744e82575c294c913ed8217f7299d5eb147e9701,2024-11,Sussex Police,Sussex Police,-0.283574,51.047172,On or near Oakway,E01031661,Horsham 008D,Violence and sexual offences,Local resolution,
95062143a56c6e8c1b3ca0813d4ecad628243ca2b2bda7660a360fb0e6f4079e,2024-11,Sussex Police,Sussex Police,-0.283574,51.047172,On or near Oakway,E01031661,Horsham 008D,Violence and sexual offences,Local resolution,
7ff538c76edcd1934716e6ce0256fd477c1d82d47ef3ac80de7d33b509789812,2024-11,Sussex Police,Sussex Police,-0.256968,51.034583,On or near Church Lane,E01031661,Horsham 008D,Violence and sexual offences,Status update unavailable,
bf7ae5453f4e0f749cfcd2e655f7409b0aa3a29de2e1e380adbe04d0732eec09,2024-11,Sussex Police,Sussex Police,-0.357691,51.045071,On or near Infirmary Drive,E01031679,Horsham 008E,Violence and sexual offences,Unable to prosecute suspect,
6f85105ebd311e1df60800202acc13a701f52492f76a4b4e427b4bb4baab2143,2024-11,Sussex Police,Sussex Police,-0.353004,51.016327,On or near Shipley Road,E01031677,Horsham 009A,Criminal damage and arson,Investigation complete; no suspect identified,
cd37f9ead7ef384d9b53bdfcc620bcd8a7fc573dac50f40903755d681aced846,2024-11,Sussex Police,Sussex Police,-0.354584,51.018417,On or near Beechwood,E01031677,Horsham 009A,Other theft,Investigation complete; no suspect identified,
dce9efbfa903da255dd0bbc64f67202859523965306dc8ede8268b12f213ed22,2024-11,Sussex Police,Sussex Police,-0.353004,51.016327,On or near Shipley Road,E01031677,Horsham 009A,Violence and sexual offences,Unable to prosecute suspect,
128e48bc0a5f42a6e19582462ac1e354e8f53d4b06ff305d3390a2ebda0c404f,2024-11,Sussex Police,Sussex Police,-0.356080,51.022476,On or near Ash Road,E01031677,Horsham 009A,Violence and sexual offences,Unable to prosecute suspect,
,2024-11,Sussex Police,Sussex Police,-0.339992,51.023787,On or near Eversfield,E01031678,Horsham 009B,Anti-social behaviour,,
1da6d3bbcb4b78e539814707ab7e93d50578c1a05f2196410f3fb1f9176ba442,2024-11,Sussex Police,Sussex Police,-0.349481,51.017563,On or near Parking Area,E01031678,Horsham 009B,Drugs,Investigation complete; no suspect identified,
a6f0a65acd7209fe0ea9f69ad5d1b1cc4323b63304a6bbd6d2761b60b96d198a,2024-11,Sussex Police,Sussex Police,-0.343737,51.023516,On or near Edinburgh Close,E01031678,Horsham 009B,Other theft,Investigation complete; no suspect identified,
4bd123d23385ee535195281780273cc9e1457490f7ce5dcd9dd177a4ef2846c4,2024-11,Sussex Police,Sussex Police,-0.343694,51.016321,On or near Roman Lane,E01031678,Horsham 009B,Violence and sexual offences,Action to be taken by another organisation,
e201aea66497d32a17fbc48c5b85ac7785697afba6f8245f06a9f3e80213e92b,2024-11,Sussex Police,Sussex Police,-0.346013,51.017271,On or near Millfield,E01031678,Horsham 009B,Violence and sexual offences,Offender given a caution,
,2024-11,Sussex Police,Sussex Police,-0.350609,51.029980,On or near The Copse,E01031681,Horsham 009D,Anti-social behaviour,,
,2024-11,Sussex Police,Sussex Police,-0.353228,51.027697,On or near Kensett Avenue,E01031681,Horsham 009D,Anti-social behaviour,,
cccf557103df7c35f657acc48d538a3a51362aee5600fee5352b29f80e2cbd52,2024-11,Sussex Police,Sussex Police,-0.344228,51.030565,On or near Cowslip Close,E01031681,Horsham 009D,Other crime,Further action is not in the public interest,
77c9e947e337fe4bac7e6864801d2a601eee4077544bd24b7bfcf4ac79df0d03,2024-11,Sussex Police,Sussex Police,-0.344228,51.030565,On or near Cowslip Close,E01031681,Horsham 009D,Other crime,Further action is not in the public interest,
e76f943ebf6ceee4a1d0e154a895def0e8237a1f664d6b7a1a110aa2edcb8df1,2024-11,Sussex Police,Sussex Police,-0.343569,51.028244,On or near Robin Close,E01031682,Horsham 009E,Violence and sexual offences,Unable to prosecute suspect,
e067e29848f7566c71ec41b2c3bc65e452879f1ea32bfce86ab4cd0519daa9f2,2024-11,Sussex Police,Sussex Police,-0.352644,51.025279,On or near Pipers Close,E01031683,Horsham 009F,Criminal damage and arson,Investigation complete; no suspect identified,
198b427ed9adeb396e64f5daae63cb32b08365cd6fd05e282dbb4708dc2e6ce8,2024-11,Sussex Police,Sussex Police,-0.352644,51.025279,On or near Pipers Close,E01031683,Horsham 009F,Criminal damage and arson,Investigation complete; no suspect identified,
cf813a665212b71d73311b0d519f531a0ab7cf5d283efecf223c5dc3581afbb4,2024-11,Sussex Police,Sussex Police,-0.349615,51.024634,On or near Police Station,E01031683,Horsham 009F,Criminal damage and arson,Investigation complete; no suspect identified,
8a0e620ab91503ff770eb71968b21ba5e5c6247a7c7180e23eac952404db057c,2024-11,Sussex Police,Sussex Police,-0.350456,51.025050,On or near Fairbank Road,E01031683,Horsham 009F,Criminal damage and arson,Investigation complete; no suspect identified,
a3d9cdb0614bee9dcb0419a72b5da5a7030f9feb0cf380c60c5d2dbd519c90c3,2024-11,Sussex Police,Sussex Police,-0.351636,51.023556,On or near Andrew'S Lane,E01031683,Horsham 009F,Public order,Unable to prosecute suspect,
6193767f0f2b41e568081529a54f8c1764be91489abf8db67a8ba93af8ce26aa,2024-11,Sussex Police,Sussex Police,-0.352234,51.023169,On or near Bakers Close,E01031683,Horsham 009F,Public order,Unable to prosecute suspect,
64116668ac6a58d85fc8c9977016165dfb9055dab2d9ddc0272c51e0b9ef24ca,2024-11,Sussex Police,Sussex Police,-0.352234,51.023169,On or near Bakers Close,E01031683,Horsham 009F,Shoplifting,Investigation complete; no suspect identified,
e0cc62cbb44b02e06f3604dc998062161f5685a5441cab2e01ecbf53642db680,2024-11,Sussex Police,Sussex Police,-0.351483,51.024642,On or near Parking Area,E01031683,Horsham 009F,Vehicle crime,Investigation complete; no suspect identified,
91d272dd7ce00213210d44cdac3f67fca32cfe484752a6cfbd6c9cf1ebe7d676,2024-11,Sussex Police,Sussex Police,-0.352644,51.025279,On or near Pipers Close,E01031683,Horsham 009F,Violence and sexual offences,Status update unavailable,
b97cbb2eb0fef494b600f14fe3ae805cfb24855c0e2d4f44500afbe382c4c564,2024-11,Sussex Police,Sussex Police,-0.352644,51.025279,On or near Pipers Close,E01031683,Horsham 009F,Violence and sexual offences,Status update unavailable,
47631c30efdfa2e18f049d705d15486ac25714ae5ceaf4bf9f1a29230f8e0742,2024-11,Sussex Police,Sussex Police,-0.352234,51.023169,On or near Bakers Close,E01031683,Horsham 009F,Violence and sexual offences,Local resolution,
7dde59eb62f329ec9cf28ca2b74b6af17aea9271abe7b404ef53a62aa147f5ca,2024-11,Sussex Police,Sussex Police,-0.351563,51.026415,On or near Quarry Way,E01031683,Horsham 009F,Other crime,Further action is not in the public interest,
,2024-11,Sussex Police,Sussex Police,-0.445432,51.027413,On or near Becks Way,E01031611,Horsham 010A,Anti-social behaviour,,
5eb1bfcf8cbcbd419bf16541f52160e320db32f54fcc42f6584bcfd636213441,2024-11,Sussex Police,Sussex Police,-0.441637,51.021086,On or near Henshaw Way,E01031611,Horsham 010A,Burglary,Investigation complete; no suspect identified,
c414c4380b986d1aacc0e4fb1d190169d47e17e7e80efcbdad7c8b85f24b64a9,2024-11,Sussex Police,Sussex Police,-0.445432,51.027413,On or near Becks Way,E01031611,Horsham 010A,Criminal damage and arson,Unable to prosecute suspect,
cfc7194492efde55b58d13249743af4757eae9e1dd653ad84f2203ce1090f63e,2024-11,Sussex Police,Sussex Police,-0.405476,50.993259,On or near West Chiltington Lane,E01031611,Horsham 010A,Other theft,Investigation complete; no suspect identified,
68161a069d766d36cfe7ee16ed1da7f9154e99e806942cd528ee940b2cf97996,2024-11,Sussex Police,Sussex Police,-0.374426,51.006726,On or near Dragons Green Road,E01031611,Horsham 010A,Other theft,Investigation complete; no suspect identified,
18f8ca63ae172809790530e6fb8344952f1ead236ad618e52c9e65cce7e3ac22,2024-11,Sussex Police,Sussex Police,-0.347503,51.014271,On or near Hayler Gardens,E01031611,Horsham 010A,Shoplifting,Local resolution,
2cd54f4ce2a984d3004c289b69200da38cc88a95da9677e5a71f4984a77161d8,2024-11,Sussex Police,Sussex Police,-0.345928,51.012855,On or near Heasman Place,E01031611,Horsham 010A,Vehicle crime,Investigation complete; no suspect identified,
b188605749336ab80590ba48a37dd9c4aef286ca9f3a02b965434fb861e2d2b4,2024-11,Sussex Police,Sussex Police,-0.369849,50.984791,On or near Church Close,E01031611,Horsham 010A,Vehicle crime,Investigation complete; no suspect identified,
c29f81597957a9d0219d11adc2dd3ec82a0aa9ce647da5a81851aa4565dec5d0,2024-11,Sussex Police,Sussex Police,-0.404586,50.994281,On or near Coolham Road,E01031611,Horsham 010A,Vehicle crime,Investigation complete; no suspect identified,
8acc74dffeede85a36e87dc4594f20732b72e1ba58d63984a4cd1129d026f798,2024-11,Sussex Police,Sussex Police,-0.370488,50.985681,On or near Red Lane,E01031611,Horsham 010A,Vehicle crime,Investigation complete; no suspect identified,
ea1128388408e119d8803e3f571c742c62aafb251281e658585ddf063c76dca5,2024-11,Sussex Police,Sussex Police,-0.381883,50.988223,On or near Smithers Hill Lane,E01031611,Horsham 010A,Vehicle crime,Investigation complete; no suspect identified,
938ed42e36e4c106cf41e56d5b4252fa32460b69dcf545922a8495d8834fc318,2024-11,Sussex Police,Sussex Police,-0.434829,51.014079,On or near Coneyhurst Road,E01031611,Horsham 010A,Violence and sexual offences,Unable to prosecute suspect,
af79c2ffbb95b97998f0d3fc77ddbe660f20786cbf5ae366c50e8c55ee561d41,2024-11,Sussex Police,Sussex Police,-0.404586,50.994281,On or near Coolham Road,E01031611,Horsham 010A,Violence and sexual offences,Investigation complete; no suspect identified,
52b1dc2671cda7bbec31f4c2a11e2f3d86c572ea0d7db744e61fa88b23e3411f,2024-11,Sussex Police,Sussex Police,-0.405476,50.993259,On or near West Chiltington Lane,E01031611,Horsham 010A,Violence and sexual offences,Unable to prosecute suspect,
56ce98010332fb4402d9f69cb1f1cf272852cc6462a4be1d4e162edadc0d43dc,2024-11,Sussex Police,Sussex Police,-0.347503,51.014271,On or near Hayler Gardens,E01031611,Horsham 010A,Other crime,Further action is not in the public interest,
,2024-11,Sussex Police,Sussex Police,-0.453748,51.019628,On or near Alicks Hill,E01031612,Horsham 010B,Anti-social behaviour,,
878a78f3b5f6596dcead45c9cca9a673f905f8629f8c0cd40278e20e0ef1ff84,2024-11,Sussex Police,Sussex Police,-0.458240,51.020892,On or near Saddlers Close,E01031612,Horsham 010B,Burglary,Unable to prosecute suspect,
553e521b983b917e7db3637bae2638ed316f92687f144b2e37afeaba5f7a13c5,2024-11,Sussex Police,Sussex Police,-0.460290,51.020551,On or near Newbridge Road East,E01031612,Horsham 010B,Public order,Unable to prosecute suspect,
79292e6a650fcc6c2dd27f9aa91040a85d62f9c1a824f15cafe1ddf56ae242db,2024-11,Sussex Police,Sussex Police,-0.457104,51.019897,On or near Cedars Farm Close,E01031612,Horsham 010B,Vehicle crime,Investigation complete; no suspect identified,
e0414a515f6eb87c27c28ed33764407f810124ea65393aad9fee9022c494dbd0,2024-11,Sussex Police,Sussex Police,-0.451148,51.017615,On or near Station Road,E01031612,Horsham 010B,Violence and sexual offences,Offender given a caution,
,2024-11,Sussex Police,Sussex Police,-0.446553,51.025864,On or near Norman Close,E01031614,Horsham 010D,Anti-social behaviour,,
,2024-11,Sussex Police,Sussex Police,-0.446553,51.025864,On or near Norman Close,E01031614,Horsham 010D,Anti-social behaviour,,
,2024-11,Sussex Police,Sussex Police,-0.445667,51.024647,On or near Bowling Lane,E01031614,Horsham 010D,Anti-social behaviour,,
,2024-11,Sussex Police,Sussex Police,-0.456178,51.027423,On or near Sports/Recreation Area,E01031614,Horsham 010D,Anti-social behaviour,,
f83001d9d90cb3a65888a804d93ca36281df56946396642d57067fa8db08ca2f,2024-11,Sussex Police,Sussex Police,-0.446553,51.025864,On or near Norman Close,E01031614,Horsham 010D,Criminal damage and arson,Investigation complete; no suspect identified,
2fb8ab33ad4a8a933793bf08d74e0f01af285bb1a3d0515d082bb3d69ca78428,2024-11,Sussex Police,Sussex Police,-0.446553,51.025864,On or near Norman Close,E01031614,Horsham 010D,Other theft,Investigation complete; no suspect identified,
434b08994fa0cc4c99a71429a4fad8fca6827c0f9512cbf04371ccbf8957671a,2024-11,Sussex Police,Sussex Police,-0.433121,51.044866,On or near Hayes Wood Road,E01031614,Horsham 010D,Other theft,Investigation complete; no suspect identified,
4a8d74f16ab741569ea98e8f051e28931396fd20f422e3ed479eb1ac3e704537,2024-11,Sussex Police,Sussex Police,-0.460057,51.021564,On or near Platts Meadow,E01031614,Horsham 010D,Violence and sexual offences,Unable to prosecute suspect,
6bd48167c8e87459779623d01216130917a8812d634658506278fcdbf7f834f0,2024-11,Sussex Police,Sussex Police,-0.423857,51.046702,On or near Furze View,E01031614,Horsham 010D,Violence and sexual offences,Action to be taken by another organisation,
496d89c6851c90f6a10046c16d80eabc7b561b8e920cea42e48dd17b307c7e5d,2024-11,Sussex Police,Sussex Police,-0.451009,51.025230,On or near Coombe Close,E01031614,Horsham 010D,Violence and sexual offences,Status update unavailable,
a91dd93f60bce55ed60c2b115df2bfb1ceb959a3c8b3f97c5b51ad21958ea231,2024-11,Sussex Police,Sussex Police,-0.451009,51.025230,On or near Coombe Close,E01031614,Horsham 010D,Violence and sexual offences,Unable to prosecute suspect,
425e642981ff77939687c7e0be97d07752e3535154f3b4faf2f87101dd728c78,2024-11,Sussex Police,Sussex Police,-0.446405,51.024746,On or near Underwood Road,E01031614,Horsham 010D,Violence and sexual offences,Status update unavailable,
6f797d57fffc288bb0d81b94042ed8d0dc0599fb334f03be7e3dc0d0c879601f,2024-11,Sussex Police,Sussex Police,-0.457017,51.023358,On or near Arun Road,E01031614,Horsham 010D,Violence and sexual offences,Unable to prosecute suspect,
ac550fed06b75dce158a466ecb5d11422057180a4e1c026287e0f05fdb570042,2024-11,Sussex Police,Sussex Police,-0.450017,51.025478,On or near Griffin Close,E01031614,Horsham 010D,Violence and sexual offences,Unable to prosecute suspect,
866a69d2c591740c8f6b5dd089abeda33281c3fc4c1c35a303ca479ecccc1127,2024-11,Sussex Police,Sussex Police,-0.450017,51.025478,On or near Griffin Close,E01031614,Horsham 010D,Violence and sexual offences,Action to be taken by another organisation,
6b33e3662ad46fe9e7e89971860e18220c1dba3748d8c604dcf9933594f4b26e,2024-11,Sussex Police,Sussex Police,-0.423857,51.046702,On or near Furze View,E01031614,Horsham 010D,Violence and sexual offences,Investigation complete; no suspect identified,
fbbc76eaf8a0a548fe69b161f1d562e38cac9d790223772168f375dcc9249b58,2024-11,Sussex Police,Sussex Police,-0.444853,51.026803,On or near Puttock Way,E01031614,Horsham 010D,Violence and sexual offences,Status update unavailable,
a878e0f92cb75543623778473c716bb63b70410541b7e8e8a3b53362034c1661,2024-11,Sussex Police,Sussex Police,-0.459170,51.023369,On or near Holders Close,E01031614,Horsham 010D,Other crime,Unable to prosecute suspect,
,2024-11,Sussex Police,Sussex Police,-0.450815,51.019508,On or near Clevelands,E01031615,Horsham 010E,Anti-social behaviour,,
,2024-11,Sussex Police,Sussex Police,-0.445985,51.021108,On or near Nightingale Walk,E01031615,Horsham 010E,Anti-social behaviour,,
,2024-11,Sussex Police,Sussex Police,-0.448967,51.016336,On or near Brooker'S Road,E01031615,Horsham 010E,Anti-social behaviour,,
,2024-11,Sussex Police,Sussex Police,-0.452050,51.019659,On or near Carpenters,E01031615,Horsham 010E,Anti-social behaviour,,
45594a361e4712edc5c27878b78eded4ccd0a3c73a9c95b2bb1ca70bebd76b70,2024-11,Sussex Police,Sussex Police,-0.450289,51.016893,On or near Saville Gardens,E01031615,Horsham 010E,Other theft,Local resolution,
e0e43de385faab0577ec137bbdd4a24d9911d304f7e9664d8c0c73a99080be6b,2024-11,Sussex Police,Sussex Police,-0.453197,51.022903,On or near Parking Area,E01031615,Horsham 010E,Public order,Investigation complete; no suspect identified,
5c10512ef0f85edf30eed751e9c4693556d8631566879b2db1d8adbcec6da771,2024-11,Sussex Police,Sussex Police,-0.453197,51.022903,On or near Parking Area,E01031615,Horsham 010E,Shoplifting,Unable to prosecute suspect,
1fe618cfba8e1c81a50a3e1e10da812f2e56dd9aa48bd1b07f6eca97992c2530,2024-11,Sussex Police,Sussex Police,-0.453197,51.022903,On or near Parking Area,E01031615,Horsham 010E,Shoplifting,Unable to prosecute suspect,
dd43439d2e795f4316b5688c22340d7600bcbb937d5cd93193c44d4b54655a68,2024-11,Sussex Police,Sussex Police,-0.442628,51.020856,On or near Barnfield,E01031615,Horsham 010E,Vehicle crime,Investigation complete; no suspect identified,
7d614bed0edb24699f476bb4ef0d561282884542be9f3a354ddc7350c305f971,2024-11,Sussex Police,Sussex Police,-0.443481,51.020922,On or near Catsfield,E01031615,Horsham 010E,Vehicle crime,Investigation complete; no suspect identified,
9dcd5e02d1968cc38eb4d3c881e6282e0df15de5d8788b480bb1e0826e6fc781,2024-11,Sussex Police,Sussex Police,-0.451882,51.024711,On or near Coombe Hill,E01031615,Horsham 010E,Violence and sexual offences,Status update unavailable,
,2024-11,Sussex Police,Sussex Police,-0.459560,51.011602,On or near Bridgewater Close,E01035341,Horsham 010F,Anti-social behaviour,,
27d75bd0a9a163264bc9425997cdc9907e9d03b0fc212b9ebfec72a0e26dd0a3,2024-11,Sussex Police,Sussex Police,-0.472064,50.999824,On or near Lordings Road,E01035341,Horsham 010F,Burglary,Investigation complete; no suspect identified,
24ca2f7b7c36b2fe7564e1626705947fdd5fd30b087563bf915efa6863c779da,2024-11,Sussex Police,Sussex Police,-0.457253,51.011095,On or near Hawthorn Way,E01035341,Horsham 010F,Public order,Status update unavailable,
9a95371e45cd3a36ee975f65f73fac7a185ea0bfecdf5a01f55e277d4832978a,2024-11,Sussex Police,Sussex Police,-0.457253,51.011095,On or near Hawthorn Way,E01035341,Horsham 010F,Public order,Status update unavailable,
476778c05fbaa85a31bd688e84dff64e7f6146a4a050e120e0d841ac6866eb29,2024-11,Sussex Police,Sussex Police,-0.452174,50.994526,On or near Adversane Lane,E01035341,Horsham 010F,Violence and sexual offences,Unable to prosecute suspect,
2339a85cf459e3a05480a547fe537504efefebb7204332943c5a213d6edffcf8,2024-11,Sussex Police,Sussex Police,-0.451775,51.017650,On or near Oaklands,E01035342,Horsham 010G,Criminal damage and arson,Unable to prosecute suspect,
8e04258630ae71e8faa2d9088b7f0f23d5de416186d24d8f621b2c75e7423ada,2024-11,Sussex Police,Sussex Police,-0.448052,51.014705,On or near Daux Road,E01035342,Horsham 010G,Other theft,Investigation complete; no suspect identified,
0d9bb6b28d6faf986e46d712a90a014743a3d5233a87f14310e31dc943c18f02,2024-11,Sussex Police,Sussex Police,-0.448052,51.014705,On or near Daux Road,E01035342,Horsham 010G,Other theft,Unable to prosecute suspect,
aeb9a876030bf701cbb96de87fe7479ce21ff07fcb39c601fb3f6a80cc4a4fca,2024-11,Sussex Police,Sussex Police,-0.451775,51.017650,On or near Oaklands,E01035342,Horsham 010G,Public order,Investigation complete; no suspect identified,
ffeaa59027c8293baa7a740f9d0b6093dfc66262eed0dea81c799940025454d2,2024-11,Sussex Police,Sussex Police,-0.451832,51.010790,On or near Stanley Mews,E01035342,Horsham 010G,Violence and sexual offences,Unable to prosecute suspect,
cdd1796ec0e960863e627782fa5b0265de8d33328ccc617f569df8beb8350d82,2024-11,Sussex Police,Sussex Police,-0.451775,51.017650,On or near Oaklands,E01035342,Horsham 010G,Violence and sexual offences,Unable to prosecute suspect,
448a94c957694cf5dbb7a09fd752b7e15b8bda8d8d9c9613dc1f4b8853a4471c,2024-11,Sussex Police,Sussex Police,-0.449657,51.015652,On or near Shopping Area,E01035342,Horsham 010G,Violence and sexual offences,Unable to prosecute suspect,
b0100f34bd1f9350f03699f9e29c408512a8fb4979d168d53d6cb8cb6883575b,2024-11,Sussex Police,Sussex Police,-0.451775,51.017650,On or near Oaklands,E01035342,Horsham 010G,Violence and sexual offences,Unable to prosecute suspect,
,2024-11,Sussex Police,Sussex Police,-0.286893,50.991985,On or near Browning'S Hill,E01031632,Horsham 011A,Anti-social behaviour,,
fd8c70f5e4acd2ef935fb4ce23fb3244294ed882a1e1d0221dd00000c2ea6d9c,2024-11,Sussex Police,Sussex Police,-0.339243,50.990475,On or near Kippens Lane,E01031632,Horsham 011A,Public order,Unable to prosecute suspect,
15de520f5fe857f27d7549936e11a07f7369a640752ea66adcc4ef2949f81a21,2024-11,Sussex Police,Sussex Police,-0.241715,50.963867,On or near Fryland Lane,E01031632,Horsham 011A,Vehicle crime,Investigation complete; no suspect identified,
05bde7ef53a22bc2a238dbe600c84f5c149b03653bd5d02146964c027ee37cbd,2024-11,Sussex Police,Sussex Police,-0.282174,50.967734,On or near Greentree Lane,E01031632,Horsham 011A,Vehicle crime,Investigation complete; no suspect identified,
529da9aae39b19c81923acb0eff5f17e5069df5b1461a72458cadf791a4067cd,2024-11,Sussex Police,Sussex Police,-0.275429,50.990630,On or near Station Road,E01031632,Horsham 011A,Violence and sexual offences,Unable to prosecute suspect,
93b51dab8527a7bb11ba6c52c9f16a6f69bc495e41bb1c467ede4636f76ff919,2024-11,Sussex Police,Sussex Police,-0.345667,50.948448,On or near Conference/Exhibition Centre,E01031633,Horsham 011B,Burglary,Investigation complete; no suspect identified,
d26dce5c50a366fb0e56a4df90691a378c2451ce5e9dfe0ca6a671e7791b3df2,2024-11,Sussex Police,Sussex Police,-0.303340,50.960624,On or near Old Yard Close,E01031633,Horsham 011B,Vehicle crime,Investigation complete; no suspect identified,
c18293389266009622fc08b19071b76a128e01537e7784c0bb74d94777927a70,2024-11,Sussex Police,Sussex Police,-0.301438,50.961252,On or near Blanches Walk,E01031633,Horsham 011B,Vehicle crime,Investigation complete; no suspect identified,
72d3e46af63268251e86d48ff39db8309feb433f8a7d34e4ca74594a1f49db8e,2024-11,Sussex Police,Sussex Police,-0.300114,50.962411,On or near The Rise,E01031633,Horsham 011B,Vehicle crime,Investigation complete; no suspect identified,
8675fc5731ec0835b49bc87c643d37b9d38daeb13e3eeef86a9483a75f884529,2024-11,Sussex Police,Sussex Police,-0.301290,50.962168,On or near Blanches Road,E01031633,Horsham 011B,Violence and sexual offences,Local resolution,
,2024-11,Sussex Police,Sussex Police,-0.241731,51.003032,On or near Long House Lane,E01031634,Horsham 011C,Anti-social behaviour,,
f4f1c7720b45c61d2d447bf89318aeab8ed9ba270b9cc8fadebfb104fc39d453,2024-11,Sussex Police,Sussex Police,-0.268259,50.988032,On or near Holm Oaks,E01031634,Horsham 011C,Criminal damage and arson,Investigation complete; no suspect identified,
4f2ce866dd606090a0c8929e262ec56be3a629ea74511f8be29775e122a67562,2024-11,Sussex Police,Sussex Police,-0.272878,50.989486,On or near Yew Tree Close,E01031634,Horsham 011C,Violence and sexual offences,Court result unavailable,
3215899419d8a3d9c1aed8169199bde0b8fd75cfac46f0380e0d5e29538d69d1,2024-11,Sussex Police,Sussex Police,-0.302384,50.962246,On or near Littleworth Lane,E01031635,Horsham 011D,Criminal damage and arson,Investigation complete; no suspect identified,
42f5942ac9bddd7f923afb7f64b5a84db82657bcda03749d4f12ad524d4f603d,2024-11,Sussex Police,Sussex Police,-0.303761,50.960018,On or near High Street,E01031635,Horsham 011D,Vehicle crime,Investigation complete; no suspect identified,
881bfe79b7a0a949ada5268ab2c5096c765755e8a2711041d58a891e52241cfb,2024-11,Sussex Police,Sussex Police,-0.458805,50.937149,On or near Sunset Lane,E01031621,Horsham 012A,Vehicle crime,Investigation complete; no suspect identified,
fd6057831477b76682089c494696074b8c031dbb4d4a34b45a29e3b0f94e0ca6,2024-11,Sussex Police,Sussex Police,-0.459278,50.944799,On or near Morris Way,E01031621,Horsham 012A,Vehicle crime,Investigation complete; no suspect identified,
5a6f28bb9f70aab5b63cc493829d9981c8a98d9be0e82a6798aed27f559b9a6d,2024-11,Sussex Police,Sussex Police,-0.459278,50.944799,On or near Morris Way,E01031621,Horsham 012A,Vehicle crime,Investigation complete; no suspect identified,
1816d0dd282c5a32627e8db4d293bab306ab0d88affa2a94234cad29349e4ba6,2024-11,Sussex Police,Sussex Police,-0.459278,50.944799,On or near Morris Way,E01031621,Horsham 012A,Vehicle crime,Investigation complete; no suspect identified,
b9ff94861c1fe43e9af8846d3d4ff882b46932db931af09836d24130207c9d53,2024-11,Sussex Police,Sussex Police,-0.453716,50.936533,On or near Birch Grove,E01031621,Horsham 012A,Vehicle crime,Investigation complete; no suspect identified,
547f5197881f642b07bd2e3c2f0397564f0b0382934ceddc89c01cd60bf369a8,2024-11,Sussex Police,Sussex Police,-0.453716,50.936533,On or near Birch Grove,E01031621,Horsham 012A,Violence and sexual offences,Unable to prosecute suspect,
c5a083489efee1e239568e94172f00e67d7d4fd738982bf2710d668b18ca29c1,2024-11,Sussex Police,Sussex Police,-0.453716,50.936533,On or near Birch Grove,E01031621,Horsham 012A,Violence and sexual offences,Unable to prosecute suspect,
37f1f3070240a713f6386bbbdcdfb1f48c4c6c7e8c388066b8c1a15e0a29d4c6,2024-11,Sussex Police,Sussex Police,-0.453716,50.936533,On or near Birch Grove,E01031621,Horsham 012A,Violence and sexual offences,Unable to prosecute suspect,
d77a7d6d1677f4cc000fe209b5a1f8afff9bef849460df90afb45f02736dc294,2024-11,Sussex Police,Sussex Police,-0.442553,50.953273,On or near Sinnocks,E01031623,Horsham 012B,Criminal damage and arson,Investigation complete; no suspect identified,
b1c1bbb6626cb301aded9613d327fbeabae14b8e8e104ebc6c60983a121060cf,2024-11,Sussex Police,Sussex Police,-0.445518,50.953609,On or near Steele Close,E01031623,Horsham 012B,Criminal damage and arson,Investigation complete; no suspect identified,
82aa96b93378da5a396fc6d2953d9898622f48610e77280666bddff1152109a5,2024-11,Sussex Police,Sussex Police,-0.448043,50.957294,On or near Broadford Bridge Road,E01031623,Horsham 012B,Drugs,Local resolution,
0b06c08203c51ceea01babda8b8a94eb97de0dcadbc462bd0d3df79be0ab31f5,2024-11,Sussex Police,Sussex Police,-0.445927,50.953705,On or near Steele Close,E01031623,Horsham 012B,Vehicle crime,Investigation complete; no suspect identified,
3195113799479e0f6a5e59a41808ce7c4d7ab569fb4cea47c602ab41297fcd7d,2024-11,Sussex Police,Sussex Police,-0.448779,50.954867,On or near Wheelwrights,E01031623,Horsham 012B,Vehicle crime,Status update unavailable,
95c90baac221b761485d374da084e68412cd7074285c44696702746db95a3269,2024-11,Sussex Police,Sussex Police,-0.450441,50.953261,On or near Curbey Close,E01031623,Horsham 012B,Vehicle crime,Status update unavailable,
53c13ba10999933ebbc300c2ebff96a695569aa2fe12f6cfbf1fa80bcad336c6,2024-11,Sussex Police,Sussex Police,-0.448779,50.954867,On or near Wheelwrights,E01031623,Horsham 012B,Violence and sexual offences,Investigation complete; no suspect identified,
e1ae73bcd23b26098fc7fec24b63d75627aed64b7dea1b6e4548d7524e63be44,2024-11,Sussex Police,Sussex Police,-0.448779,50.954867,On or near Wheelwrights,E01031623,Horsham 012B,Violence and sexual offences,Investigation complete; no suspect identified,
a1c89453a52a193bc1f9561bb92073933a56b0dae57b1d40a0822c203501966e,2024-11,Sussex Police,Sussex Police,-0.460354,50.947547,On or near Little Hill,E01031623,Horsham 012B,Violence and sexual offences,Unable to prosecute suspect,
57b0e6b44730526b1f786395a248f8ac31ef78c25efda738e8f40e786ea4da90,2024-11,Sussex Police,Sussex Police,-0.448631,50.923803,On or near Greenfield Way,E01031627,Horsham 012C,Criminal damage and arson,Investigation complete; no suspect identified,
7c2d8d58f5065f4f8ee368ebe643e6050e531690d43984d83dc9fba220704784,2024-11,Sussex Police,Sussex Police,-0.448423,50.924502,On or near Melton Close,E01031627,Horsham 012C,Criminal damage and arson,Investigation complete; no suspect identified,
023aadd48ca12453fe791e8c5d6006618776a7fd224eb33b2c7853df27ced8fe,2024-11,Sussex Police,Sussex Police,-0.448631,50.923803,On or near Greenfield Way,E01031627,Horsham 012C,Vehicle crime,Investigation complete; no suspect identified,
4a108825f2b935be3c3792a17dad1f554241875eba59b639768ea2976cd7a682,2024-11,Sussex Police,Sussex Police,-0.448423,50.924502,On or near Melton Close,E01031627,Horsham 012C,Vehicle crime,Investigation complete; no suspect identified,
3e3eb9a88287537cbe9bfd146dbd73c296e692d551474f5569514f6a8758851c,2024-11,Sussex Police,Sussex Police,-0.464993,50.921654,On or near Turners Mead,E01031627,Horsham 012C,Violence and sexual offences,Unable to prosecute suspect,
ec25db1b8b767b29cc506d68481217710bddbad37859783c2cef36eb67061e9d,2024-11,Sussex Police,Sussex Police,-0.462664,50.924573,On or near Dean Way,E01031627,Horsham 012C,Violence and sexual offences,Investigation complete; no suspect identified,
0e06c0ad72531287f969cd62ae4b9247e61e392d1c4fa085d8d1fb1a735f03ca,2024-11,Sussex Police,Sussex Police,-0.473985,50.994255,On or near Parking Area,E01031664,Horsham 012D,Burglary,Investigation complete; no suspect identified,
81ccad5c2042c72e3803c8e9ba3a5b5259aaf78170811daa002fa059caf1b084,2024-11,Sussex Police,Sussex Police,-0.482122,50.988138,On or near Park/Open Space,E01031664,Horsham 012D,Violence and sexual offences,Unable to prosecute suspect,
2b8d124c78f61d83893acfce9b499f4b5cbcf77520f5648ef0aa25011421f27e,2024-11,Sussex Police,Sussex Police,-0.482055,50.955682,On or near Kings Lane,E01031664,Horsham 012D,Violence and sexual offences,Investigation complete; no suspect identified,
162f6165031d4e9eb1fe6a370b0b1c9ee5ebbdc72ce97284d71d05c3cb882c96,2024-11,Sussex Police,Sussex Police,-0.482122,50.988138,On or near Park/Open Space,E01031664,Horsham 012D,Violence and sexual offences,Unable to prosecute suspect,
71c1755f580154fdef25e0ea139cd6cfd0f488c0cd1951eff1fe6eda32189284,2024-11,Sussex Police,Sussex Police,-0.469633,50.918145,On or near Bax Close,E01031626,Horsham 013A,Criminal damage and arson,Investigation complete; no suspect identified,
9d95b02f818fbf58713e521d30e2a8aab48c68ea70b7a0ca2277b214494ea341,2024-11,Sussex Police,Sussex Police,-0.521375,50.911437,On or near Rackham Road,E01031626,Horsham 013A,Other theft,Investigation complete; no suspect identified,
9a5b6aa63d9d8b576296ca07e6c73117bdd5c940fda5ed5bd9ad453e01872ac5,2024-11,Sussex Police,Sussex Police,-0.531853,50.906623,On or near Turnpike Road,E01031626,Horsham 013A,Other theft,Investigation complete; no suspect identified,
f7bbf73d1eb99ea705b3f455270f67a6e5124d24a69fbac9a98c99d42467c176,2024-11,Sussex Police,Sussex Police,-0.534811,50.909376,On or near Hog Lane,E01031626,Horsham 013A,Vehicle crime,Investigation complete; no suspect identified,
4b778087d6642d0ac453c06b75b74e572380ceb980a6ec8beb05cc854549274e,2024-11,Sussex Police,Sussex Police,-0.521375,50.911437,On or near Rackham Road,E01031626,Horsham 013A,Violence and sexual offences,Unable to prosecute suspect,
032e4633ba0638db744e7f72678f39e8b7bb82c0e619f0be0c0ccbd13c25892e,2024-11,Sussex Police,Sussex Police,-0.542776,50.896158,On or near Houghton Bridge,E01031626,Horsham 013A,Violence and sexual offences,Status update unavailable,
4382b4d0a0f030f1d9b4ca1101b695b2918014aaa5a73f8660da45b4d225ace6,2024-11,Sussex Police,Sussex Police,-0.521375,50.911437,On or near Rackham Road,E01031626,Horsham 013A,Other crime,Status update unavailable,
,2024-11,Sussex Police,Sussex Police,-0.457487,50.921061,On or near Spierbridge Road,E01031630,Horsham 013B,Anti-social behaviour,,
5a9316ebf65025204da04bbbbe7ccf5da3b4c54533fb4c89ecc3653965849eac,2024-11,Sussex Police,Sussex Police,-0.454587,50.918396,On or near Mant Close,E01031630,Horsham 013B,Criminal damage and arson,Investigation complete; no suspect identified,
76615619f52ea34311d68f5fbe2015e1b76912ec718bbef68a05769452168761,2024-11,Sussex Police,Sussex Police,-0.454797,50.919352,On or near Ryecroft Lane,E01031630,Horsham 013B,Criminal damage and arson,Further investigation is not in the public interest,
8897250807a39e7fa1c6e89515da6efdb2821a129892011aa0016d180c99dce8,2024-11,Sussex Police,Sussex Police,-0.454797,50.919352,On or near Ryecroft Lane,E01031630,Horsham 013B,Criminal damage and arson,Investigation complete; no suspect identified,
2bdbaae5d389cf219d40251b78e1039ad3d29352d19c50e446490aafe5bab364,2024-11,Sussex Police,Sussex Police,-0.453514,50.918157,On or near Brewers Yard,E01031630,Horsham 013B,Violence and sexual offences,Court result unavailable,
1c64b5a04983cd7503ed38de2ec7fe0e368f32100f83cb7975c0609b14d39fa8,2024-11,Sussex Police,Sussex Police,-0.452690,50.917679,On or near High Street,E01031631,Horsham 013C,Criminal damage and arson,Unable to prosecute suspect,
58bb7c3baa845b9ae08af0a63a928ca9dc77fd165fe297b64b6c2267d1ff22ac,2024-11,Sussex Police,Sussex Police,-0.450649,50.918740,On or near School Hill,E01031631,Horsham 013C,Criminal damage and arson,Court result unavailable,
70ce3742f8f8d38aca94841554b1235704e151fb10d697ee7f50cabfa1dd2fdf,2024-11,Sussex Police,Sussex Police,-0.450226,50.913914,On or near Post View,E01031631,Horsham 013C,Criminal damage and arson,Investigation complete; no suspect identified,
9b3070a10a527a5d99c9715e94e2a52eba1c55457e35b43c69258b1531f8685a,2024-11,Sussex Police,Sussex Police,-0.450649,50.918740,On or near School Hill,E01031631,Horsham 013C,Criminal damage and arson,Unable to prosecute suspect,
ca16e4ea4685d8e6523c78506dd4cf7b3a81934b51fb3630ffccf302861e3d2f,2024-11,Sussex Police,Sussex Police,-0.451168,50.915959,On or near Meadowside,E01031631,Horsham 013C,Criminal damage and arson,Investigation complete; no suspect identified,
be1203e711fefbacab0b2ccf57e9e8e54ef0420dc25a2e094ee644c80bb80be4,2024-11,Sussex Police,Sussex Police,-0.450226,50.913914,On or near Post View,E01031631,Horsham 013C,Other theft,Investigation complete; no suspect identified,
9cc93194276948cb480aa0fbf3806f880cb4d7b20f0d579407ee7f6fc9f42e19,2024-11,Sussex Police,Sussex Police,-0.448190,50.916117,On or near Chantry Close,E01031631,Horsham 013C,Public order,Unable to prosecute suspect,
4814b0dd3a06792e5c7c450dadefc6927372f0a0eda4b1c10ad7fbbc63cb947f,2024-11,Sussex Police,Sussex Police,-0.450226,50.913914,On or near Post View,E01031631,Horsham 013C,Public order,Unable to prosecute suspect,
9211899e0a4c9a00b72af7861dc522c1c29533c7eeb482c64b859a907a381526,2024-11,Sussex Police,Sussex Police,-0.448943,50.921703,On or near Windmill Copse,E01031631,Horsham 013C,Vehicle crime,Investigation complete; no suspect identified,
e641bef7a773913d60241280547c0ea3060f9345a323711cdd04a410735a7c82,2024-11,Sussex Police,Sussex Police,-0.448943,50.921703,On or near Windmill Copse,E01031631,Horsham 013C,Vehicle crime,Investigation complete; no suspect identified,
f777fbc2566e6d157d93f802fc51dbb7f55a8bb105d7f39b371e3c84f40e7aed,2024-11,Sussex Police,Sussex Police,-0.450183,50.918626,On or near Wisborough Lane,E01031631,Horsham 013C,Vehicle crime,Investigation complete; no suspect identified,
64d37ecc24ebee9002073ec83df51149d97525f424eaf7b6c19eef8ec455d1ed,2024-11,Sussex Police,Sussex Police,-0.448943,50.921703,On or near Windmill Copse,E01031631,Horsham 013C,Vehicle crime,Investigation complete; no suspect identified,
b5ed75488577075bb1f6eb2b4189d5836cd7380614cb993167024d17f838467a,2024-11,Sussex Police,Sussex Police,-0.448479,50.919826,On or near Puttick Close,E01031631,Horsham 013C,Violence and sexual offences,Unable to prosecute suspect,
8e4a9d36d8fa983167454c79486214f51d489b72d536edf58bd99c47486604ee,2024-11,Sussex Police,Sussex Police,-0.499584,50.957851,On or near Rectory Lane,E01031662,Horsham 013D,Shoplifting,Investigation complete; no suspect identified,
ac02938397578922413f6469419b6c1e3a9362d61d8d871e610f66c5492da4bf,2024-11,Sussex Police,Sussex Police,-0.508325,50.960103,On or near London Road,E01031662,Horsham 013D,Shoplifting,Investigation complete; no suspect identified,
7a475f36365cb3107db3d3e4e5778614be8f51a24c1e8c4a1482046b395f5830,2024-11,Sussex Police,Sussex Police,-0.507169,50.960187,On or near Chestnut Walk,E01031662,Horsham 013D,Shoplifting,Investigation complete; no suspect identified,
6791c03468b959c554fd9894b214bcd8f5bc7820f96528ee95b9dbef5051e71d,2024-11,Sussex Police,Sussex Police,-0.508325,50.960103,On or near London Road,E01031662,Horsham 013D,Shoplifting,Investigation complete; no suspect identified,
ac4dc4cf3ec0b2dbd598de8e45183e06e9ebc2d39c60df335150f0a8afcfa2fb,2024-11,Sussex Police,Sussex Police,-0.499303,50.956381,On or near Little Dipper'S,E01031662,Horsham 013D,Vehicle crime,Investigation complete; no suspect identified,
d3f5beaa2dd299333d7a4774652afe9ef022d1910b0051d4aedf6c4216f66d3f,2024-11,Sussex Police,Sussex Police,-0.508325,50.960103,On or near London Road,E01031662,Horsham 013D,Violence and sexual offences,Investigation complete; no suspect identified,
f1f40273f4c7c21b54d5f655867e8a5303636ca2b68bc5650179fc5920f256e4,2024-11,Sussex Police,Sussex Police,-0.508325,50.960103,On or near London Road,E01031662,Horsham 013D,Violence and sexual offences,Unable to prosecute suspect,
d64b7d5b3664206b138536c0603612587f7c6d63c80b92bb16f49ee079fc2b5e,2024-11,Sussex Police,Sussex Police,-0.503784,50.956960,On or near Carpenters Meadow,E01031662,Horsham 013D,Violence and sexual offences,Unable to prosecute suspect,
,2024-11,Sussex Police,Sussex Police,-0.498533,50.960841,On or near Strawberry Field,E01031663,Horsham 013E,Anti-social behaviour,,
bff03842b3a6215875dba006add1fff850132187ece0fb0ff3162ba8511c7d78,2024-11,Sussex Police,Sussex Police,-0.501571,50.959378,On or near Link Drive,E01031663,Horsham 013E,Burglary,Offender given a caution,
fc96ab3283e7363b576a71623689ea4bc788ebdd04dbd4c44130c9404b93a0d3,2024-11,Sussex Police,Sussex Police,-0.501812,50.967817,On or near Oddstones,E01031663,Horsham 013E,Criminal damage and arson,Investigation complete; no suspect identified,
e525d600e35f0f3838c680979bc47b6f4b3cf938239f6aeb753fac764111d181,2024-11,Sussex Police,Sussex Police,-0.498533,50.960841,On or near Strawberry Field,E01031663,Horsham 013E,Criminal damage and arson,Unable to prosecute suspect,
df005851ccd23e9dc453cc14ff522ec3cf562311cdb05bb8144d1ec1e733799d,2024-11,Sussex Police,Sussex Police,-0.504229,50.963963,On or near Stane Street,E01031663,Horsham 013E,Criminal damage and arson,Investigation complete; no suspect identified,
3e78dcfdf567cdcccdcf4a8d099ea260be29a00d87926ab802d0d694623e4b14,2024-11,Sussex Police,Sussex Police,-0.500636,50.967172,On or near Supermarket,E01031663,Horsham 013E,Public order,Unable to prosecute suspect,
30295f134baa8fb16b570791448ba4460e0f0f8c31f79fe3a121a0ddaef362c9,2024-11,Sussex Police,Sussex Police,-0.498572,50.958764,On or near Southside,E01031663,Horsham 013E,Vehicle crime,Investigation complete; no suspect identified,
59c55623b0ee245d1ed02ffad62dfee0242cfa1a67f0824f3050de70c6b6cc39,2024-11,Sussex Police,Sussex Police,-0.497314,50.960681,On or near Spinney North,E01031663,Horsham 013E,Vehicle crime,Investigation complete; no suspect identified,
11a8019af58bb46bbba6f4320bcb14a50fd50ba5e121ff0b2666ec1c1227a244,2024-11,Sussex Police,Sussex Police,-0.499892,50.959330,On or near The Moat,E01031663,Horsham 013E,Violence and sexual offences,Status update unavailable,
1ad279027be2eecb4ce2246b1f26e6d9a27d149d9b9bc8bc0886830423cd3e5d,2024-11,Sussex Police,Sussex Police,-0.499892,50.959330,On or near The Moat,E01031663,Horsham 013E,Violence and sexual offences,Action to be taken by another organisation,
7ed092018301355cc2207bddba80401223dadf3a82603ab7d6a9fcbf44d12372,2024-11,Sussex Police,Sussex Police,-0.499892,50.959330,On or near The Moat,E01031663,Horsham 013E,Violence and sexual offences,Status update unavailable,
defc54913e72fd792e99efba1085bc4db7fed232e8bad2661b753dfadb253438,2024-11,Sussex Police,Sussex Police,-0.502356,50.965962,On or near Stane Street,E01031663,Horsham 013E,Violence and sexual offences,Status update unavailable,
1b574e3b455c06311c5e6830c6f24c7c877280517e9daaa884b186b98060a86b,2024-11,Sussex Police,Sussex Police,-0.502967,50.967310,On or near Stane Street Close,E01031663,Horsham 013E,Other crime,Unable to prosecute suspect,
,2024-11,Sussex Police,Sussex Police,-0.556894,50.932601,On or near River Lane,E01031665,Horsham 013F,Anti-social behaviour,,
,2024-11,Sussex Police,Sussex Police,-0.517037,50.956617,On or near Waters Edge,E01031665,Horsham 013F,Anti-social behaviour,,
,2024-11,Sussex Police,Sussex Police,-0.556894,50.932601,On or near River Lane,E01031665,Horsham 013F,Anti-social behaviour,,
1c924b279396d6bbabea8e6b5d415ffe6c2f2e47caa0f69d9d0ba2886533554f,2024-11,Sussex Police,Sussex Police,-0.557386,50.932778,On or near Chapel Close,E01031665,Horsham 013F,Criminal damage and arson,Investigation complete; no suspect identified,
e5035396509cb2e0c79bffc34e5f00fb4633979d4c0983ac811d9b0c6de40f05,2024-11,Sussex Police,Sussex Police,-0.557386,50.932778,On or near Chapel Close,E01031665,Horsham 013F,Criminal damage and arson,Investigation complete; no suspect identified,
97d1eb53d06fe4b89c620652c1f2d3b4bebbd2ae6b8378694b6887e6e0c834c7,2024-11,Sussex Police,Sussex Police,-0.541062,50.938268,On or near Shackleton Close,E01031665,Horsham 013F,Other theft,Investigation complete; no suspect identified,
d01ead354761e0885993a9a533567ebec8d62bfc0a24459af0869f3126f5fbb5,2024-11,Sussex Police,Sussex Police,-0.541062,50.938268,On or near Shackleton Close,E01031665,Horsham 013F,Other theft,Unable to prosecute suspect,
01ce4925d080b87cca730eaa3493bc1012f9f05c84151029bf6d8cbe94c137b3,2024-11,Sussex Police,Sussex Police,-0.546655,50.935559,On or near Brookland Way,E01031665,Horsham 013F,Vehicle crime,Investigation complete; no suspect identified,
2923945fed3ebace29d355a5e3f2caf9d61fceb4ffc2a5844663642c47d78d45,2024-11,Sussex Police,Sussex Police,-0.548113,50.936252,On or near Brookview,E01031665,Horsham 013F,Vehicle crime,Investigation complete; no suspect identified,
d54d98d8c74b6a4cf5573723b8471c51d9ccad51deaefe77b32da1dc4e0bcf6c,2024-11,Sussex Police,Sussex Police,-0.522127,50.955953,On or near Parking Area,E01031665,Horsham 013F,Vehicle crime,Investigation complete; no suspect identified,
f313f4e20538d98654fe4a15d644884657382e1d4af79e6ee13b4bdbc6a2630b,2024-11,Sussex Police,Sussex Police,-0.270811,50.909731,On or near Shoreham Road,E01031618,Horsham 014A,Burglary,Investigation complete; no suspect identified,
e5d7e234e0c8e2e1cc8720862148624d7d09d4a4b0ce560e3a7206b7896ae157,2024-11,Sussex Police,Sussex Police,-0.274660,50.902566,On or near Henfield Road,E01031618,Horsham 014A,Violence and sexual offences,Unable to prosecute suspect,
8f8a8cc3772020ff601256f9df1d60a5cc8995ca1383bc16ed8abfdff17ab80f,2024-11,Sussex Police,Sussex Police,-0.272423,50.929567,On or near High Street,E01031641,Horsham 014B,Criminal damage and arson,Investigation complete; no suspect identified,
b50de038dbbc9a33fac4bdc4d9544caa19839b42cf6fbd626af7e4c0758eaabb,2024-11,Sussex Police,Sussex Police,-0.272423,50.929567,On or near High Street,E01031641,Horsham 014B,Violence and sexual offences,Investigation complete; no suspect identified,
423a09b60318be43517dfec37ae11d949764ef836dfe0a980d207f6d4dc9b6c7,2024-11,Sussex Police,Sussex Police,-0.276321,50.927286,On or near Weavers Lane,E01031641,Horsham 014B,Violence and sexual offences,Unable to prosecute suspect,
910bea9cf819a25df59748f33f470b4dcf4c3735069b5ba206833b3372cb092d,2024-11,Sussex Police,Sussex Police,-0.271701,50.930635,On or near Coopers Way,E01031641,Horsham 014B,Violence and sexual offences,Investigation complete; no suspect identified,
e2d21f20cb635cc4f9f79c5e0d09974bb2ecc751408d5566b5d162d117880e86,2024-11,Sussex Police,Sussex Police,-0.262717,50.932273,On or near Furners Lane,E01031642,Horsham 014C,Other theft,Investigation complete; no suspect identified,
1ff90093e0bfc28ac382bb8da3a8b7e1ee2d9075a4a9a0c931a4c4b5360df418,2024-11,Sussex Police,Sussex Police,-0.251746,50.949305,On or near Sake Ride Lane,E01031642,Horsham 014C,Vehicle crime,Unable to prosecute suspect,
9bce224d2ab55295fd34b054e309f079fe7e110d9d29a1bbe0cad8b3b15f1236,2024-11,Sussex Police,Sussex Police,-0.287163,50.932743,On or near Newman Walk,E01031642,Horsham 014C,Violence and sexual offences,Unable to prosecute suspect,
bffabdbff5f2b4c75b81c904d1179df76dc30efce51471b136cd034e000bdff6,2024-11,Sussex Police,Sussex Police,-0.287163,50.932743,On or near Newman Walk,E01031642,Horsham 014C,Violence and sexual offences,Unable to prosecute suspect,
6a09a8bbaf24405161c0e01ee24ac5f8e489afaf38061f529851887b142c66a1,2024-11,Sussex Police,Sussex Police,-0.285929,50.931483,On or near Hollands Road,E01031642,Horsham 014C,Violence and sexual offences,Investigation complete; no suspect identified,
f999ef9217fbc429a3cae61c359bdd1a826137a6a74e09b81a0c31b23a856509,2024-11,Sussex Police,Sussex Police,-0.274678,50.936327,On or near North Mead,E01031643,Horsham 014D,Criminal damage and arson,Investigation complete; no suspect identified,
5ceed004deb7776d091e3f621c7e035562fa4158243fb4bee5dd43c71451c8ad,2024-11,Sussex Police,Sussex Police,-0.274678,50.936327,On or near North Mead,E01031643,Horsham 014D,Criminal damage and arson,Unable to prosecute suspect,
a0309b72610fc4a637fedf26b4f1c2ff74409ab599a8f69bb7aa8647697e5213,2024-11,Sussex Police,Sussex Police,-0.275633,50.933967,On or near Farm Close,E01031643,Horsham 014D,Criminal damage and arson,Unable to prosecute suspect,
4874c4b232b84e1136c80029da9143b4a44d9c1fbfe35c576560e87e85e99d12,2024-11,Sussex Police,Sussex Police,-0.274678,50.936327,On or near North Mead,E01031643,Horsham 014D,Public order,Unable to prosecute suspect,
64dd949a954a667ece16b7498405e3ee656105f66d813ca7bbbf55b2e0050e86,2024-11,Sussex Police,Sussex Police,-0.270899,50.938429,On or near Chess Brook Green,E01031643,Horsham 014D,Public order,Unable to prosecute suspect,
fd43d158baba23cd34329f26a082afdceb8a9a21da2824efa867977a396289ee,2024-11,Sussex Police,Sussex Police,-0.278330,50.937253,On or near Meadow Drive,E01031643,Horsham 014D,Violence and sexual offences,Unable to prosecute suspect,
07058db8b6847351d3f9519197e4351fde025c3f59f0dacba232eff9539ec2f4,2024-11,Sussex Police,Sussex Police,-0.283418,50.934738,On or near Staples Barn,E01031643,Horsham 014D,Violence and sexual offences,Unable to prosecute suspect,
0924387d6c3ebdafbd4b040ab41b11f5c6495b74f96c9f5546299a9dc8e9ffa9,2024-11,Sussex Police,Sussex Police,-0.279404,50.934355,On or near Northcroft,E01031643,Horsham 014D,Violence and sexual offences,Unable to prosecute suspect,
dacecd80ffddce36dba5fb8d97e6326f47d7e26e14720f327e0cadc4819958ff,2024-11,Sussex Police,Sussex Police,-0.279404,50.934355,On or near Northcroft,E01031643,Horsham 014D,Other crime,Unable to prosecute suspect,
,2024-11,Sussex Police,Sussex Police,-0.327730,50.894057,On or near Shooting Field,E01031687,Horsham 014E,Anti-social behaviour,,
,2024-11,Sussex Police,Sussex Police,-0.326205,50.890978,On or near Church Lane,E01031687,Horsham 014E,Anti-social behaviour,,
1acb742ff5df8a5d46d86362aff5388b926278729580d4ec458929a6c538361e,2024-11,Sussex Police,Sussex Police,-0.327730,50.894057,On or near Shooting Field,E01031687,Horsham 014E,Public order,Unable to prosecute suspect,
bf5ee4e07873b01d7a87a6731d894dd49405c959e89669e1cf743651c97e3bf2,2024-11,Sussex Police,Sussex Police,-0.324461,50.894802,On or near Farnefold Road,E01031687,Horsham 014E,Vehicle crime,Investigation complete; no suspect identified,
2df34a3b3cec4e4ffbd3589ea257ea4e144685aa18fc75ffd98d7a9a95e2631d,2024-11,Sussex Police,Sussex Police,-0.328003,50.896741,On or near Reads Walk,E01031687,Horsham 014E,Violence and sexual offences,Unable to prosecute suspect,
64e363848e7ebfc7798e21e177a22efab080ec9c8028db001bbf67545cd8e51f,2024-11,Sussex Police,Sussex Police,-0.327730,50.894057,On or near Shooting Field,E01031687,Horsham 014E,Violence and sexual offences,Investigation complete; no suspect identified,
aef8c7edec637590d9be8590e565abb2ad72dee38c6e5329c527021d9a2448c0,2024-11,Sussex Police,Sussex Police,-0.325588,50.894288,On or near Middle Mead,E01031687,Horsham 014E,Violence and sexual offences,Status update unavailable,
6214437ed1b3edba10334ea055a7a939ad498783f5ad5d1140e3c256e385992e,2024-11,Sussex Police,Sussex Police,-0.331412,50.906791,On or near Horsham Road,E01031687,Horsham 014E,Violence and sexual offences,Unable to prosecute suspect,
1851e91d47a88785cbdf54056ed6481fc6128faa582fe000e088521745a32160,2024-11,Sussex Police,Sussex Police,-0.327730,50.894057,On or near Shooting Field,E01031687,Horsham 014E,Violence and sexual offences,Unable to prosecute suspect,
a7b54aad660f9c975a9c0f42cbdd233549d4a544a8548f5c77c3f22dd6990e36,2024-11,Sussex Police,Sussex Police,-0.371400,50.903785,On or near Chanctonbury Ring Road,E01031622,Horsham 015A,Criminal damage and arson,Investigation complete; no suspect identified,
10a184e0a6bea218ee1cff4636eb1c3a2dc75eabef66ef2cc271c4b68fce9538,2024-11,Sussex Police,Sussex Police,-0.392404,50.928627,On or near Willow Way,E01031622,Horsham 015A,Vehicle crime,Investigation complete; no suspect identified,
137f8480379ac48e2b37923f202d00f48930788591e64729c905ffb29bb5a851,2024-11,Sussex Police,Sussex Police,-0.389901,50.938467,On or near Linfield Lane,E01031622,Horsham 015A,Vehicle crime,Investigation complete; no suspect identified,
8f5eea3f81d933f5e826f6cba1fc6d4e189ee8cf56841ccddb1c59ce45610deb,2024-11,Sussex Police,Sussex Police,-0.389901,50.938467,On or near Linfield Lane,E01031622,Horsham 015A,Vehicle crime,Investigation complete; no suspect identified,
f64b3b5f84acd573c64024bcf8f268decdd90ded0d5b91217e3f809fa9428f42,2024-11,Sussex Police,Sussex Police,-0.389901,50.938467,On or near Linfield Lane,E01031622,Horsham 015A,Vehicle crime,Investigation complete; no suspect identified,
75608660b7a5fc897b2eed68b41c63410e6969bbf10eecb0b48b451064fdad7c,2024-11,Sussex Police,Sussex Police,-0.394009,50.928308,On or near Mill Lane,E01031622,Horsham 015A,Violence and sexual offences,Unable to prosecute suspect,
eafd99bb8fcf89926b16d6771794fd717abdacb3e36b4750e6dfec99ff47490c,2024-11,Sussex Police,Sussex Police,-0.392400,50.930399,On or near Fairfield Way,E01031622,Horsham 015A,Violence and sexual offences,Unable to prosecute suspect,
007270160bbc9da2e5e977b82529f9baa74757660035b8cf02ea0064d0302ea5,2024-11,Sussex Police,Sussex Police,-0.389901,50.938467,On or near Linfield Lane,E01031622,Horsham 015A,Violence and sexual offences,Unable to prosecute suspect,
d074878e65ee2a29a07d02ec804c347c2bd46b3a95aefb0b5ab0c955b7946ff4,2024-11,Sussex Police,Sussex Police,-0.396397,50.936245,On or near Blakiston Close,E01031624,Horsham 015B,Burglary,Investigation complete; no suspect identified,
99b02b102729310b861ddf3be014ce4e549f0cb0207749be52394d12b4cb2981,2024-11,Sussex Police,Sussex Police,-0.420893,50.945006,On or near Cray'S Lane,E01031624,Horsham 015B,Burglary,Investigation complete; no suspect identified,
c9348b61166c4cf35b9c1a929bcdc22140f23fa000f096d01990e88a04fc5d75,2024-11,Sussex Police,Sussex Police,-0.394000,50.931473,On or near Parking Area,E01031624,Horsham 015B,Criminal damage and arson,Investigation complete; no suspect identified,
ef13231c46bff127513d235c8848cbc614fa10da808140f3550e82cf3d8e6cc7,2024-11,Sussex Police,Sussex Police,-0.413892,50.956647,On or near Goosegreen Lane,E01031624,Horsham 015B,Vehicle crime,Investigation complete; no suspect identified,
f39b003ac762be957cc90a197df724040eb5ced9b937ea0c51bfdc0393a0d14e,2024-11,Sussex Police,Sussex Police,-0.396190,50.935235,On or near Meiros Road,E01031624,Horsham 015B,Violence and sexual offences,Offender given a caution,
14c05b9d93046bedcb49409f56de47332eb7122e8482414409a2bcf9f0584b13,2024-11,Sussex Police,Sussex Police,-0.393608,50.936243,On or near Rectory Place,E01031624,Horsham 015B,Violence and sexual offences,Unable to prosecute suspect,
,2024-11,Sussex Police,Sussex Police,-0.429218,50.938760,On or near Penn Stone Way,E01031625,Horsham 015C,Anti-social behaviour,,
fe027e0ed90eee5e550c72cee35d898c477c18f1852d64b0767dc293f2f92e02,2024-11,Sussex Police,Sussex Police,-0.434715,50.934832,On or near Storrington Road,E01031625,Horsham 015C,Burglary,Investigation complete; no suspect identified,
b6db2779bdb331573d8b93f3c958f8d23757acd1b9f7591e273b2ab0983dd264,2024-11,Sussex Police,Sussex Police,-0.435552,50.927280,On or near Storrington Road,E01031625,Horsham 015C,Criminal damage and arson,Investigation complete; no suspect identified,
21b302082fb3d69a29cfe42bc9b35e501cf782c661546534677fa52fec27075b,2024-11,Sussex Police,Sussex Police,-0.439463,50.924373,On or near Snapes Road,E01031625,Horsham 015C,Criminal damage and arson,Investigation complete; no suspect identified,
094a7bfc8f2e396fbc4182ac6dd4ef2e0134a6c1ceb803eaffa7f3f4f79ee0fd,2024-11,Sussex Police,Sussex Police,-0.429218,50.938760,On or near Penn Stone Way,E01031625,Horsham 015C,Criminal damage and arson,Investigation complete; no suspect identified,
9ab2f45c9ac77b3698d5f7cf737938b98e0be76aaa879d3594fdccc1048d5ad8,2024-11,Sussex Police,Sussex Police,-0.440121,50.925120,On or near Brook Close,E01031625,Horsham 015C,Other theft,Investigation complete; no suspect identified,
6b7b5c2bbeb9e76b00b1fa722c43e4ffb469f2a74ca67698762b4bbf2d3dd4a1,2024-11,Sussex Police,Sussex Police,-0.439436,50.926028,On or near Leatherbottle Way,E01031625,Horsham 015C,Public order,Unable to prosecute suspect,
a856e47ebb3cbb994f9365ba5cd9b5c3852847317dff7dd86e024235b65be5b7,2024-11,Sussex Police,Sussex Police,-0.436690,50.925191,On or near Concorde Close,E01031625,Horsham 015C,Violence and sexual offences,Unable to prosecute suspect,
83aa0c93c73c697c795e475f008ad175296b193bb0ae99e10b730bbfd73227f4,2024-11,Sussex Police,Sussex Police,-0.436690,50.925191,On or near Concorde Close,E01031625,Horsham 015C,Violence and sexual offences,Unable to prosecute suspect,
,2024-11,Sussex Police,Sussex Police,-0.440230,50.922711,On or near Knapweld Chase,E01031628,Horsham 015D,Anti-social behaviour,,
320b2688aae9a74d6269d77d2d6d5304c8fbe247e61042bc4df07b41f9c0d3d6,2024-11,Sussex Police,Sussex Police,-0.412084,50.896440,On or near Glaseby Lane,E01031628,Horsham 015D,Burglary,Investigation complete; no suspect identified,
86d3818b6aa45969dee85ec4ec56d6c124cd210e3a8a7c9869582019fee08944,2024-11,Sussex Police,Sussex Police,-0.437931,50.916583,On or near Parking Area,E01031628,Horsham 015D,Burglary,Investigation complete; no suspect identified,
17d59dfb0c82a23f95e857cc87b335d55e02000ff5836b67b56c8c21a5b957d2,2024-11,Sussex Police,Sussex Police,-0.442043,50.923823,On or near The Green,E01031628,Horsham 015D,Criminal damage and arson,Investigation complete; no suspect identified,
78ebd3e07084322e8c5bac18da5185b486b0bfcec7ab93fa7916002b68b46b5c,2024-11,Sussex Police,Sussex Police,-0.441924,50.922680,On or near Oak Close,E01031628,Horsham 015D,Vehicle crime,Investigation complete; no suspect identified,
3eb0517087a157e38051e87b88b8120cc4cfa695f631573dd933bdb74e9ca4d3,2024-11,Sussex Police,Sussex Police,-0.442043,50.923823,On or near The Green,E01031628,Horsham 015D,Violence and sexual offences,Unable to prosecute suspect,
73bcedf1821be291546daa652a3cea9b96995fcb652c25803d7462ccf58f6b09,2024-11,Sussex Police,Sussex Police,-0.440230,50.922711,On or near Knapweld Chase,E01031628,Horsham 015D,Violence and sexual offences,Status update unavailable,
,2024-11,Sussex Police,Sussex Police,-0.403055,50.919717,On or near Spring Gardens,E01031629,Horsham 015E,Anti-social behaviour,,
45005e8f661a51058daf55cdddb2d68a562e7f3ec30f7595a963794552736a9c,2024-11,Sussex Police,Sussex Police,-0.423618,50.923360,On or near Hazelwood Close,E01031629,Horsham 015E,Other theft,Status update unavailable,
881caffa939c53144dc09f49991db29b8cac9cc60f9897a91cec3b59586a7323,2024-11,Sussex Police,Sussex Police,-0.406319,50.909941,On or near Sandhill Lane,E01031629,Horsham 015E,Public order,Investigation complete; no suspect identified,
e69dcc64d47ee9ccccae23eca1e97a5067dc65aa33cdf39626c4bf8afe3dc670,2024-11,Sussex Police,Sussex Police,-0.417411,50.923888,On or near Rock Road,E01031629,Horsham 015E,Vehicle crime,Investigation complete; no suspect identified,
23ddac8bc599fb190acf845dc9dceab3d86c21f025f01fb1ef4a88ea0eea359f,2024-11,Sussex Police,Sussex Police,-0.403055,50.919717,On or near Spring Gardens,E01031629,Horsham 015E,Vehicle crime,Investigation complete; no suspect identified,
d396d6a7a1005e213f97c047d0cf7dcb58848df6c8fa9d2c925e6663e8acc1cf,2024-11,Sussex Police,Sussex Police,-0.419316,50.918059,On or near Veras Walk,E01031629,Horsham 015E,Violence and sexual offences,Investigation complete; no suspect identified,
,2024-11,Sussex Police,Sussex Police,-0.303080,50.880931,On or near Dawn Crescent,E01031616,Horsham 016A,Anti-social behaviour,,
,2024-11,Sussex Police,Sussex Police,-0.303080,50.880931,On or near Dawn Crescent,E01031616,Horsham 016A,Anti-social behaviour,,
,2024-11,Sussex Police,Sussex Police,-0.303080,50.880931,On or near Dawn Crescent,E01031616,Horsham 016A,Anti-social behaviour,,
c67b553fe4c53258230661c39641edc87589ffb2752bd07c9d5837a931839b29,2024-11,Sussex Police,Sussex Police,-0.300652,50.882425,On or near Hyde Lane,E01031616,Horsham 016A,Violence and sexual offences,Unable to prosecute suspect,
,2024-11,Sussex Police,Sussex Police,-0.300064,50.883352,On or near Hyde Square,E01031617,Horsham 016B,Anti-social behaviour,,
30761e71bb9757fb7b1b842b81b49d88617a3ae26241f16575b5530c4eb21fb2,2024-11,Sussex Police,Sussex Police,-0.297635,50.868082,On or near Dacre Gardens,E01031617,Horsham 016B,Burglary,Investigation complete; no suspect identified,
dceb75939f0b1549281591a7135c29d2c71cb48373f11029067cd4c3c52441a9,2024-11,Sussex Police,Sussex Police,-0.293918,50.877641,On or near The Bostal,E01031617,Horsham 016B,Other theft,Investigation complete; no suspect identified,
a7affd2522cd9f3217d0dbda32cd891e75e61e5b55c79858108165164c9dce25,2024-11,Sussex Police,Sussex Police,-0.275261,50.895551,On or near Hillside Lane,E01031617,Horsham 016B,Other theft,Unable to prosecute suspect,
d9a64e2830240ccedfb0172fda9e5ce84b879855d2f2cdc843d972abce5252ff,2024-11,Sussex Police,Sussex Police,-0.301529,50.884497,On or near Monks Walk,E01031617,Horsham 016B,Other theft,Investigation complete; no suspect identified,
296a787b1f6faa42f6420ab04b427e98380ce58176d31e0481e2b5fe2c03ed6b,2024-11,Sussex Police,Sussex Police,-0.311260,50.872506,On or near Annington Road,E01031617,Horsham 016B,Other theft,Investigation complete; no suspect identified,
b4c3f5d1342a8abdd2ffee0babf9f37c800c0cb3e416cbf06a9b9a5c02d458c5,2024-11,Sussex Police,Sussex Police,-0.294975,50.881398,On or near College Road,E01031617,Horsham 016B,Vehicle crime,Investigation complete; no suspect identified,
17577e12250d7affd4857a3fba364faf0f3d19945dcd08bee83e6e32c396aed0,2024-11,Sussex Police,Sussex Police,-0.279125,50.891409,On or near Henfield Road,E01031617,Horsham 016B,Vehicle crime,Investigation complete; no suspect identified,
09eb68e6e9269a3c75dc11bb4aed9bebd10da430796fcd3396f1f97ac8a979f7,2024-11,Sussex Police,Sussex Police,-0.294975,50.881398,On or near College Road,E01031617,Horsham 016B,Vehicle crime,Investigation complete; no suspect identified,
de577650ffad45d08bf194c6b34dd846e528a460f49500fd75a0fcfa96fc07c5,2024-11,Sussex Police,Sussex Police,-0.318753,50.884675,On or near Castle Close,E01031617,Horsham 016B,Violence and sexual offences,Unable to prosecute suspect,
8bf36ea7c717512ac29c8d285a2eddd39f288106644fd9112fbb168f06d9d8e3,2024-11,Sussex Police,Sussex Police,-0.301372,50.878667,On or near Shoreham Road,E01031617,Horsham 016B,Violence and sexual offences,Local resolution,
02673b78fbc2409247d4035b90dc8a3e51c164119056842c3da52944748863a6,2024-11,Sussex Police,Sussex Police,-0.275261,50.895551,On or near Hillside Lane,E01031617,Horsham 016B,Violence and sexual offences,Local resolution,
6152cd9e855d7de18a907d9ce9f04e778770cf578c727480be5bc2330843209f,2024-11,Sussex Police,Sussex Police,-0.304480,50.884675,On or near Church Lane,E01031617,Horsham 016B,Violence and sexual offences,Offender given a caution,
,2024-11,Sussex Police,Sussex Police,-0.315771,50.887347,On or near King'S Stone Avenue,E01031684,Horsham 016C,Anti-social behaviour,,
6e3ceba7b259ac43b4e21744137a616e12313377eccb23f3598fe66b259b7e42,2024-11,Sussex Police,Sussex Police,-0.324427,50.892571,On or near Bowmans Close,E01031684,Horsham 016C,Burglary,Status update unavailable,
f04a572d1c5a15a32eda81007cd454283c8e7c224a95c5e77a079351d70b84c5,2024-11,Sussex Police,Sussex Police,-0.325425,50.888521,On or near Parking Area,E01031684,Horsham 016C,Criminal damage and arson,Investigation complete; no suspect identified,
52e8d74ed85f0dc0db6023408db87e1e80c7d6267c40825a197b8571b8acc860,2024-11,Sussex Police,Sussex Police,-0.316654,50.889663,On or near King'S Barn Lane,E01031684,Horsham 016C,Vehicle crime,Investigation complete; no suspect identified,
,2024-11,Sussex Police,Sussex Police,-0.328764,50.890583,On or near Tanyard Lane,E01031685,Horsham 016D,Anti-social behaviour,,
,2024-11,Sussex Police,Sussex Police,-0.328582,50.887712,On or near Sheep Pen Lane,E01031685,Horsham 016D,Anti-social behaviour,,
e07e5b993dfe6c8f3794d37028549eb28edfd41555843ac7579e40fa76c5a82e,2024-11,Sussex Police,Sussex Police,-0.325493,50.885851,On or near College Hill,E01031685,Horsham 016D,Burglary,Investigation complete; no suspect identified,
a06e4ec736cb1ecee7b82c7e17ded06807ff7b43aa030c18f629241e57793aa7,2024-11,Sussex Police,Sussex Police,-0.330636,50.888739,On or near Charlton Street,E01031685,Horsham 016D,Criminal damage and arson,Investigation complete; no suspect identified,
8f44af0fc19ab9ca5a4c100c221d3483c9607b21bbb6f866f4735b58931c33a7,2024-11,Sussex Police,Sussex Police,-0.329939,50.891121,On or near Breach Close,E01031685,Horsham 016D,Criminal damage and arson,Investigation complete; no suspect identified,
9077008303b5a37b8e1beaa9bc6cb37660e8a5beac0cb36e94a9f60d48735b54,2024-11,Sussex Police,Sussex Police,-0.329722,50.887251,On or near Dukes Lane,E01031685,Horsham 016D,Other theft,Investigation complete; no suspect identified,
a957bf5883dcb3165360dbf9d59eda7e099b4f7958e88430cedea5a910217722,2024-11,Sussex Police,Sussex Police,-0.329576,50.888562,On or near Supermarket,E01031685,Horsham 016D,Public order,Investigation complete; no suspect identified,
57ce9e41c66068f355fc08e4b603ef632a4abbd4757c1f323700064a39e22bd3,2024-11,Sussex Police,Sussex Police,-0.330636,50.888739,On or near Charlton Street,E01031685,Horsham 016D,Robbery,Investigation complete; no suspect identified,
0d7a6aa5a903487c38a73113b4771bd1343c4696b12d190b29da52425263d6a9,2024-11,Sussex Police,Sussex Police,-0.330636,50.888739,On or near Charlton Street,E01031685,Horsham 016D,Robbery,Investigation complete; no suspect identified,
df7f2ed1e3bb94bd1da3afd19e090db093d3e1d54e25ca4cbd4999acb104a608,2024-11,Sussex Police,Sussex Police,-0.330636,50.888739,On or near Charlton Street,E01031685,Horsham 016D,Robbery,Investigation complete; no suspect identified,
f8282d9a0aa8436c400e761cf93fff67a2d39f1ccd4f837c68c5c877bb87efab,2024-11,Sussex Police,Sussex Police,-0.329576,50.888562,On or near Supermarket,E01031685,Horsham 016D,Shoplifting,Investigation complete; no suspect identified,
68ce5fc7ff05aefb81d3255451a7df0a9952adce76f85f2a9977dd7634ddaf32,2024-11,Sussex Police,Sussex Police,-0.329576,50.888562,On or near Supermarket,E01031685,Horsham 016D,Shoplifting,Unable to prosecute suspect,
e08d375bba86366c0739c67ea7f9d0dea76384e0468d4cc230046bf3c981986b,2024-11,Sussex Police,Sussex Police,-0.329576,50.888562,On or near Supermarket,E01031685,Horsham 016D,Shoplifting,Investigation complete; no suspect identified,
a59f6633e09f6ea4372615c9c1e4faba5809213356bfb72b5e03ea958cadc6a1,2024-11,Sussex Police,Sussex Police,-0.329576,50.888562,On or near Supermarket,E01031685,Horsham 016D,Shoplifting,Unable to prosecute suspect,
dbfa191d7bb5d05b089268bea4e23a962caeacc883762a7b4d232f81aca4c3ec,2024-11,Sussex Police,Sussex Police,-0.331848,50.891427,On or near Penns Court,E01031685,Horsham 016D,Vehicle crime,Investigation complete; no suspect identified,
c56999229861c675b5d1dfe0f9dc9bf647143f84d562bb114e4bea7abcd57c14,2024-11,Sussex Police,Sussex Police,-0.333715,50.891688,On or near Mouse Lane,E01031685,Horsham 016D,Vehicle crime,Investigation complete; no suspect identified,
2369222d59d7e0874359b90f14055bc5f19ae0ccd2261ea743a21ae5f4c23c5f,2024-11,Sussex Police,Sussex Police,-0.331028,50.892468,On or near Coxham Lane,E01031685,Horsham 016D,Vehicle crime,Investigation complete; no suspect identified,
dc1f975be2f6b9a562e3d1e56b3ed98b4991f16ce0ddfd00959012b6339352d0,2024-11,Sussex Police,Sussex Police,-0.331848,50.891427,On or near Penns Court,E01031685,Horsham 016D,Violence and sexual offences,Investigation complete; no suspect identified,
ea2db0f6f0cc5fa91bec7f27681d01d670b1af6698774425952a9423ec007e0b,2024-11,Sussex Police,Sussex Police,-0.329576,50.888562,On or near Supermarket,E01031685,Horsham 016D,Violence and sexual offences,Unable to prosecute suspect,
,2024-11,Sussex Police,Sussex Police,-0.291766,51.410293,On or near Church Road,E01002972,Kingston upon Thames 005D,Anti-social behaviour,,
2bd5ef72d226908c1fbe0b9f7a14a59202604edefc71168eb042a3d75c1cfe19,2024-11,Sussex Police,Sussex Police,0.019242,50.926406,On or near School Field,E01021022,Lewes 001A,Criminal damage and arson,Investigation complete; no suspect identified,
c6135bb6b28ed9903e07fc578f8d81980e4434641e9eafc482da5f5e5d197f06,2024-11,Sussex Police,Sussex Police,-0.002432,50.902767,On or near Hamsey Lane,E01021022,Lewes 001A,Public order,Investigation complete; no suspect identified,
72c018c5cb73ab20b23f2c185076625e54ea0a44ed8c3638709b92b32e3959bb,2024-11,Sussex Police,Sussex Police,0.019454,50.913227,On or near Church Road,E01021022,Lewes 001A,Violence and sexual offences,Status update unavailable,
1548c73af1c77fa4c3a35e42f793b77ccd32ab73980ff9d5541f43d9d484d060,2024-11,Sussex Police,Sussex Police,0.006613,50.923252,On or near Cooksbridge Road,E01021022,Lewes 001A,Violence and sexual offences,Status update unavailable,
ec45b3e07a5a93a6cf8b18ca78a8bf873379ebcfc9d753617ccb565fa99e2a94,2024-11,Sussex Police,Sussex Police,-0.014218,50.925263,On or near Old Brickworks Lane,E01021022,Lewes 001A,Violence and sexual offences,Unable to prosecute suspect,
721fccdd2d5d9a2f2e19abf35ccd52db5b90a3bdbfe642b37e09a2aed7f9388f,2024-11,Sussex Police,Sussex Police,0.019242,50.926406,On or near School Field,E01021022,Lewes 001A,Violence and sexual offences,Investigation complete; no suspect identified,
0fdbbbc2ad7091f847a9d385dcda24d74ab6efdec7a6d35e209573d14c79e27b,2024-11,Sussex Police,Sussex Police,-0.021839,50.937830,On or near Hornbuckles Close,E01021024,Lewes 001B,Criminal damage and arson,Unable to prosecute suspect,
1ff0b4e43005e0a60c91e38e2839a23be9c89ccfa82d31885919b0c77fffe175,2024-11,Sussex Police,Sussex Police,-0.019576,50.947540,On or near Markstakes Corner,E01021024,Lewes 001B,Possession of weapons,Unable to prosecute suspect,
4995d5a46d9df31e7b13ea0e3770d375c77bd45805b6e5411317241094f899e8,2024-11,Sussex Police,Sussex Police,-0.019576,50.947540,On or near Markstakes Corner,E01021024,Lewes 001B,Violence and sexual offences,Unable to prosecute suspect,
7b052e3294c2a6856a13e383d082d122894ff880554634d3662d0c27936824cd,2024-11,Sussex Police,Sussex Police,-0.030206,50.938565,On or near Gradwell End,E01021024,Lewes 001B,Violence and sexual offences,Unable to prosecute suspect,
,2024-11,Sussex Police,Sussex Police,-0.011676,50.972183,On or near Station Road,E01021025,Lewes 001C,Anti-social behaviour,,
,2024-11,Sussex Police,Sussex Police,0.004773,50.970805,On or near Oxbottom Close,E01021025,Lewes 001C,Anti-social behaviour,,
fb527fd82047a2734aa660c0a77193b777283410569c7ad819bf79e5acdf9300,2024-11,Sussex Police,Sussex Police,-0.017418,50.948403,On or near Markstakes Lane,E01021025,Lewes 001C,Criminal damage and arson,Investigation complete; no suspect identified,
56cdbf9b325530d117bbca2a37bfe077f1115b262dd5c160106f9524b58c49f3,2024-11,Sussex Police,Sussex Police,-0.016162,50.981585,On or near New Heritage Way,E01021025,Lewes 001C,Violence and sexual offences,Action to be taken by another organisation,
39a002ccaa306ad7cf4222e03d1139f89e37af80a73e65f165f9327afcb45519,2024-11,Sussex Police,Sussex Police,0.001090,50.994799,On or near Parking Area,E01021025,Lewes 001C,Violence and sexual offences,Unable to prosecute suspect,
5360cb532b0b82c7d6eb28b0182e1c2a02bdef948f9e79db4a81d2881018f003,2024-11,Sussex Police,Sussex Police,0.004773,50.970805,On or near Oxbottom Close,E01021025,Lewes 001C,Violence and sexual offences,Investigation complete; no suspect identified,
38d4a0c93e80049f093b813213dfc9099e493fb4ad35a758714097494c619fd0,2024-11,Sussex Police,Sussex Police,0.007884,50.980428,On or near Park/Open Space,E01021052,Lewes 001D,Violence and sexual offences,Investigation complete; no suspect identified,
c13224dea8666b4358ebf1507d3abb8c83355326706bca6d8b6421e5aecc10f8,2024-11,Sussex Police,Sussex Police,0.017167,50.973487,On or near Marbles Road,E01021052,Lewes 001D,Violence and sexual offences,Unable to prosecute suspect,
abf12893691064f81f405e5b5e14883188bccd2c48d8aaffdd5ce29bb9ecd2c8,2024-11,Sussex Police,Sussex Police,0.021573,50.970632,On or near Church Road,E01021053,Lewes 001E,Burglary,Investigation complete; no suspect identified,
27c0814a0f0e9208880e0031c834f2433ecbb52d6f95de3fa5a4e726e9e3dc2f,2024-11,Sussex Police,Sussex Police,0.019286,50.973738,On or near The Green,E01021053,Lewes 001E,Criminal damage and arson,Investigation complete; no suspect identified,
1a1af9bc8f1347a729d8dbf295544feb26ae7615d7c4e7258bcad0c18604f5c3,2024-11,Sussex Police,Sussex Police,0.019286,50.973738,On or near The Green,E01021053,Lewes 001E,Other theft,Investigation complete; no suspect identified,
8c7bef0f09c2755a25c5a711d3ea039bc56dd8a26376c6c19d2de3cf13a2b59c,2024-11,Sussex Police,Sussex Police,0.019286,50.973738,On or near The Green,E01021053,Lewes 001E,Violence and sexual offences,Unable to prosecute suspect,
,2024-11,Sussex Police,Sussex Police,-0.115717,50.967532,On or near Charlwood Gardens,E01021023,Lewes 002A,Anti-social behaviour,,
9da18ddc8775c0525afb8fb35ecd50c6e503d2f81dd8757fb1412cfd335831a4,2024-11,Sussex Police,Sussex Police,-0.075483,50.961660,On or near Shepherds Close,E01021023,Lewes 002A,Criminal damage and arson,Offender given a caution,
1c01d70d0484af3ed774d564ac78b921ff40574b1056187fad018222ee607f5c,2024-11,Sussex Police,Sussex Police,-0.085848,50.963098,On or near Eastern Road,E01021023,Lewes 002A,Other theft,Investigation complete; no suspect identified,
,2024-11,Sussex Police,Sussex Police,-0.098559,50.906027,On or near Westmeston Bostall,E01021026,Lewes 002B,Anti-social behaviour,,
450266b2d823e889c3d7216d47aa0f703d2377fa1c8ed2c6925f1c19ae55e8f2,2024-11,Sussex Police,Sussex Police,-0.114823,50.921696,On or near High Street,E01021026,Lewes 002B,Public order,Investigation complete; no suspect identified,
1f41e2b09e585766e6c3cdac3a2c6e6d1df28d5a45f1f2efc315cd30f2e6e4c4,2024-11,Sussex Police,Sussex Police,-0.108658,50.933738,On or near Common Lane,E01021026,Lewes 002B,Shoplifting,Unable to prosecute suspect,
49818c44333ab1bf349824d03635fbddfa562d24d544b0e8f661adaeab807aee,2024-11,Sussex Police,Sussex Police,-0.108658,50.933738,On or near Common Lane,E01021026,Lewes 002B,Shoplifting,Unable to prosecute suspect,
0cea589bb9ee48b08dbead6d142a0f970d3a8b1e4c6da0a92ff323450fe14a23,2024-11,Sussex Police,Sussex Police,-0.115800,50.916181,On or near Long Park Corner,E01021026,Lewes 002B,Violence and sexual offences,Unable to prosecute suspect,
5d57330ead31aa0e7730c63ae185ae35cbe17a0f286f6498feae9a27bacd2107,2024-11,Sussex Police,Sussex Police,-0.108658,50.933738,On or near Common Lane,E01021026,Lewes 002B,Violence and sexual offences,Unable to prosecute suspect,
cfa221e205372a802c6d410aac557119dcef6e5621770186945365648dd3f868,2024-11,Sussex Police,Sussex Police,-0.006972,50.855385,On or near The Droveway,E01021032,Lewes 002C,Criminal damage and arson,Investigation complete; no suspect identified,
1bffb9855efb6f065ae9171b8ee001075830c0c5391299e713d098d5c34c6d8a,2024-11,Sussex Police,Sussex Police,-0.006972,50.855385,On or near The Droveway,E01021032,Lewes 002C,Criminal damage and arson,Unable to prosecute suspect,
21abbf72c0f93402f7d425383debd1a051f5ee953fee4e1eaa6d6d74cb01e172,2024-11,Sussex Police,Sussex Police,-0.006972,50.855385,On or near The Droveway,E01021032,Lewes 002C,Criminal damage and arson,Unable to prosecute suspect,
04e4aa20d710615bfec329c705ef57e4892298d59831e192039f9545b1f41005,2024-11,Sussex Police,Sussex Police,-0.006972,50.855385,On or near The Droveway,E01021032,Lewes 002C,Criminal damage and arson,Unable to prosecute suspect,
f6a37e5e03895658bbfcc2e99f1cb2743ab8f39aeb691d481168c37f3be26bd5,2024-11,Sussex Police,Sussex Police,-0.006972,50.855385,On or near The Droveway,E01021032,Lewes 002C,Other theft,Unable to prosecute suspect,
931b8bc0e7c36a0d523bee725e8100b7139b0341d56e183722fa6f433d8731ac,2024-11,Sussex Police,Sussex Police,-0.014438,50.856916,On or near Wellgreen Lane,E01021032,Lewes 002C,Other theft,Investigation complete; no suspect identified,
6964aa5e59ca4fcbe182032ecb311c33546322774b6466451acfb59569f402bf,2024-11,Sussex Police,Sussex Police,0.034525,50.808559,On or near Lewes Road,E01021032,Lewes 002C,Public order,Status update unavailable,
5872b41f7f04cd4ea74f4ac2917245b310a144d8f235b8d1a22b34b08c155ac0,2024-11,Sussex Police,Sussex Police,-0.082453,50.863207,On or near Falmer Hill,E01021032,Lewes 002C,Public order,Investigation complete; no suspect identified,
96254d46886bb0eaea90bfc490a8a1662b8e017eba85539ba5fc73caae88db40,2024-11,Sussex Police,Sussex Police,-0.006972,50.855385,On or near The Droveway,E01021032,Lewes 002C,Violence and sexual offences,Local resolution,
af733664cb5d891c9c7bebe2ce6ef5b8487bc16ff0c916f942880e13231521aa,2024-11,Sussex Police,Sussex Police,0.034525,50.808559,On or near Lewes Road,E01021032,Lewes 002C,Violence and sexual offences,Local resolution,
fd0938c0811730856891ce2262768126c82fb28ceca01d08681e4d34a13dd949,2024-11,Sussex Police,Sussex Police,-0.025781,50.866219,On or near Parking Area,E01021032,Lewes 002C,Violence and sexual offences,Unable to prosecute suspect,
b499d965252665e5b09eb0eb26ae25d4b6ed8170f38e65b910658ee5bd8a35cd,2024-11,Sussex Police,Sussex Police,-0.028369,50.857764,On or near Church Lane,E01021032,Lewes 002C,Violence and sexual offences,Unable to prosecute suspect,
9f95f07842242a16d3c5ec95ed4d51c7dff930d7cedb035fd0e67fe6d68bf112,2024-11,Sussex Police,Sussex Police,-0.006972,50.855385,On or near The Droveway,E01021032,Lewes 002C,Violence and sexual offences,Unable to prosecute suspect,
15ba326920fe95267f8ba8d714b16ec3c0f60da4b0e9b42ca8a9b9a44817a6e6,2024-11,Sussex Police,Sussex Police,0.036379,50.807124,On or near Shepherds Close,E01021032,Lewes 002C,Violence and sexual offences,Unable to prosecute suspect,
641c19ffe79ffd62a3569e3140eee2f77f0a9f01b01bdc328a2a3efe5f9f2f89,2024-11,Sussex Police,Sussex Police,-0.006972,50.855385,On or near The Droveway,E01021032,Lewes 002C,Violence and sexual offences,Unable to prosecute suspect,
f8e71c212b21bca142f8e26eac1bf8944c734be2bf19d906a90e309e8f498431,2024-11,Sussex Police,Sussex Police,0.001820,50.840710,On or near White Way,E01021032,Lewes 002C,Violence and sexual offences,Unable to prosecute suspect,
1c058dd78b4f7e11c745f2e552ad147299f74978535db0e7daf4c74bcc832c7b,2024-11,Sussex Police,Sussex Police,0.036379,50.807124,On or near Shepherds Close,E01021032,Lewes 002C,Violence and sexual offences,Unable to prosecute suspect,
58447c3d7b59127f03a180937242530910dea4a0ac4ccb4807245e454a53d5f4,2024-11,Sussex Police,Sussex Police,-0.006972,50.855385,On or near The Droveway,E01021032,Lewes 002C,Violence and sexual offences,Further action is not in the public interest,
,2024-11,Sussex Police,Sussex Police,-0.059708,50.935579,On or near Wells Close,E01021067,Lewes 002D,Anti-social behaviour,,
f1511006346f43e737cca86ea8fd2b1121bb5839ded2588d1e33b99683f183fe,2024-11,Sussex Police,Sussex Police,-0.059444,50.937139,On or near Woodgate Meadow,E01021067,Lewes 002D,Criminal damage and arson,Investigation complete; no suspect identified,
77cd78470f7f619bc65ca7f413c1082eee430e78e5686b20db74792cd09fcadc,2024-11,Sussex Police,Sussex Police,-0.059546,50.930593,On or near South Downs,E01021067,Lewes 002D,Violence and sexual offences,Unable to prosecute suspect,
4be2d46d27af6028f05da0861b38cbbb4cbc6c00290dc23b2f6a16960db5f33d,2024-11,Sussex Police,Sussex Police,-0.068731,50.946592,On or near St. Helena Lane,E01021068,Lewes 002E,Burglary,Unable to prosecute suspect,
,2024-11,Sussex Police,Sussex Police,0.017243,50.874566,On or near North Court,E01021033,Lewes 003A,Anti-social behaviour,,
,2024-11,Sussex Police,Sussex Police,0.017243,50.874566,On or near North Court,E01021033,Lewes 003A,Anti-social behaviour,,
,2024-11,Sussex Police,Sussex Police,0.019075,50.874535,On or near Parking Area,E01021033,Lewes 003A,Anti-social behaviour,,
,2024-11,Sussex Police,Sussex Police,0.017243,50.874566,On or near North Court,E01021033,Lewes 003A,Anti-social behaviour,,
,2024-11,Sussex Police,Sussex Police,0.017243,50.874566,On or near North Court,E01021033,Lewes 003A,Anti-social behaviour,,
,2024-11,Sussex Police,Sussex Police,0.018603,50.880730,On or near Spences Field,E01021033,Lewes 003A,Anti-social behaviour,,
d492085d0706d2736461c38844bc6c6c2a0d2b8cb93548795c8b0099bbc14432,2024-11,Sussex Police,Sussex Police,0.017243,50.874566,On or near North Court,E01021033,Lewes 003A,Criminal damage and arson,Investigation complete; no suspect identified,
f21ace8d36deca9f85009843ffebc93bc04507ba811f2c5466129893a1aae7f1,2024-11,Sussex Police,Sussex Police,0.019895,50.881005,On or near Malling Hill,E01021033,Lewes 003A,Other theft,Action to be taken by another organisation,
92be20679f4cdb864276e032a267151fd3e7a6921f9ecbce517c6e86e1ad739d,2024-11,Sussex Police,Sussex Police,0.020049,50.883583,On or near Malling Down,E01021033,Lewes 003A,Possession of weapons,Investigation complete; no suspect identified,
c955f54feacc5c54621fdbdcbd6b49884a372e246f7fd250cb9b61a833960f64,2024-11,Sussex Police,Sussex Police,0.021045,50.877352,On or near Petrol Station,E01021033,Lewes 003A,Shoplifting,Investigation complete; no suspect identified,
9bb656f0b0d2b848eca57d5493e015de39d1a9a9d00426cc3a6112d7927fb58d,2024-11,Sussex Police,Sussex Police,0.018132,50.875091,On or near Parking Area,E01021033,Lewes 003A,Violence and sexual offences,Investigation complete; no suspect identified,
4d965f9c4bf8977b440158675d304acc18fa59879cddd60c2dffc3c9a1fd14d1,2024-11,Sussex Police,Sussex Police,0.021087,50.878331,On or near The Spinneys,E01021033,Lewes 003A,Violence and sexual offences,Unable to prosecute suspect,
f5cfdec5b9ed4e200dce6fa65c49dd2d4440c9e19e9adc01e473dfcda1ad3511,2024-11,Sussex Police,Sussex Police,0.016801,50.880465,On or near Spences Lane,E01021033,Lewes 003A,Other crime,Unable to prosecute suspect,
,2024-11,Sussex Police,Sussex Police,0.011712,50.881461,On or near St Michael'S Terrace,E01021034,Lewes 003B,Anti-social behaviour,,
,2024-11,Sussex Police,Sussex Police,0.011712,50.881461,On or near St Michael'S Terrace,E01021034,Lewes 003B,Anti-social behaviour,,
,2024-11,Sussex Police,Sussex Police,0.012410,50.879425,On or near Sports/Recreation Area,E01021034,Lewes 003B,Anti-social behaviour,,
,2024-11,Sussex Police,Sussex Police,0.011712,50.881461,On or near St Michael'S Terrace,E01021034,Lewes 003B,Anti-social behaviour,,
,2024-11,Sussex Police,Sussex Police,0.011712,50.881461,On or near St Michael'S Terrace,E01021034,Lewes 003B,Anti-social behaviour,,
,2024-11,Sussex Police,Sussex Police,0.011712,50.881461,On or near St Michael'S Terrace,E01021034,Lewes 003B,Anti-social behaviour,,
,2024-11,Sussex Police,Sussex Police,0.011712,50.881461,On or near St Michael'S Terrace,E01021034,Lewes 003B,Anti-social behaviour,,
,2024-11,Sussex Police,Sussex Police,0.014534,50.878669,On or near Brooks Close,E01021034,Lewes 003B,Anti-social behaviour,,
4e4b761bcc18e0e5fa4c64386afcdea1f7a9155d0d429f7a62e76e57321aafbd,2024-11,Sussex Police,Sussex Police,0.014534,50.878669,On or near Brooks Close,E01021034,Lewes 003B,Drugs,Further action is not in the public interest,
c2dec60323ef6faf4523a0136ed898b6b73fcffbba2250cdd19be50fc41a6541,2024-11,Sussex Police,Sussex Police,0.011712,50.881461,On or near St Michael'S Terrace,E01021034,Lewes 003B,Other theft,Investigation complete; no suspect identified,
7a4d316c326d6c0de12f6711837549d80116d981e27aea3cbdb7ddf430af89d4,2024-11,Sussex Police,Sussex Police,0.011712,50.881461,On or near St Michael'S Terrace,E01021034,Lewes 003B,Other theft,Investigation complete; no suspect identified,
23732dd0a6d925ffe24140346414ae068f1bf1d270ae86c163637eb961ac3628,2024-11,Sussex Police,Sussex Police,0.011712,50.881461,On or near St Michael'S Terrace,E01021034,Lewes 003B,Other theft,Investigation complete; no suspect identified,
1ce59871ff0e3913290167823bedf736177728605650b0f6be285b0709be20ec,2024-11,Sussex Police,Sussex Police,0.012410,50.879425,On or near Sports/Recreation Area,E01021034,Lewes 003B,Public order,Unable to prosecute suspect,
8d9d957a2112fcd7614dac7a102f6eaf7c163d0f3a7f82ca522b27d9f22ee26c,2024-11,Sussex Police,Sussex Police,0.014737,50.877452,On or near Supermarket,E01021034,Lewes 003B,Theft from the person,Investigation complete; no suspect identified,
acc04d5b7d897ec21ee9d27397aaa27479b04a32abb6ff13b8b2a56dc5c8eb0f,2024-11,Sussex Police,Sussex Police,0.014737,50.877452,On or near Supermarket,E01021034,Lewes 003B,Vehicle crime,Investigation complete; no suspect identified,
f53732f16b0b1852ddcaf95291cb65654f1eab086bbe8c972eb6f00d9d84cc44,2024-11,Sussex Police,Sussex Police,0.007512,50.884294,On or near Stoneham Close,E01021034,Lewes 003B,Violence and sexual offences,Unable to prosecute suspect,
1125c9d105c2e645b30c1bb1d245a2a4ffb1fb177c2e0aac01001c78cd19afbb,2024-11,Sussex Police,Sussex Police,0.014737,50.877452,On or near Supermarket,E01021034,Lewes 003B,Violence and sexual offences,Unable to prosecute suspect,
97526d3a8a5d79174fad3d2d0c83514f130030d79099ed75430804b3edfd3bc4,2024-11,Sussex Police,Sussex Police,0.012410,50.879425,On or near Sports/Recreation Area,E01021034,Lewes 003B,Violence and sexual offences,Further action is not in the public interest,
ef88d893d3732e3f6cf9761289bed5da19930875ed7ea62969a80dc9b4ef75ca,2024-11,Sussex Police,Sussex Police,0.014737,50.877452,On or near Supermarket,E01021034,Lewes 003B,Violence and sexual offences,Further action is not in the public interest,
94a682d7d190576a54e90ca929b5b0ec6b90ff354d48d556a7a8eef125a2b4af,2024-11,Sussex Police,Sussex Police,0.014534,50.878669,On or near Brooks Close,E01021034,Lewes 003B,Violence and sexual offences,Unable to prosecute suspect,
08f2c93d55ca35a583c8b55d7eb4cdbccfff7ec3ce20cb6514e37335540984c2,2024-11,Sussex Police,Sussex Police,0.014737,50.877452,On or near Supermarket,E01021034,Lewes 003B,Violence and sexual offences,Unable to prosecute suspect,
90497a49d39fcd80929158b3f33f7bc1d4273d3a60023a92cf45bccdbd697bd8,2024-11,Sussex Police,Sussex Police,0.009351,50.884425,On or near Harvard Close,E01021034,Lewes 003B,Other crime,Further action is not in the public interest,
,2024-11,Sussex Police,Sussex Police,0.013097,50.871715,On or near Pinwell Road,E01021035,Lewes 003C,Anti-social behaviour,,
,2024-11,Sussex Police,Sussex Police,0.014797,50.872234,On or near Court Road,E01021035,Lewes 003C,Anti-social behaviour,,
,2024-11,Sussex Police,Sussex Police,0.012841,50.873698,On or near Shopping Area,E01021035,Lewes 003C,Anti-social behaviour,,
,2024-11,Sussex Police,Sussex Police,0.014797,50.872234,On or near Court Road,E01021035,Lewes 003C,Anti-social behaviour,,
,2024-11,Sussex Police,Sussex Police,0.013396,50.873706,On or near Fullers Passage,E01021035,Lewes 003C,Anti-social behaviour,,
,2024-11,Sussex Police,Sussex Police,0.013097,50.871715,On or near Pinwell Road,E01021035,Lewes 003C,Anti-social behaviour,,
9b03f3ba4856583df915dd042bd26b7e5aa1362b6554e625405a66f1a840b460,2024-11,Sussex Police,Sussex Police,0.012410,50.871610,On or near Parking Area,E01021035,Lewes 003C,Criminal damage and arson,Offender given a caution,
c11dca30670395674cdf4b2aab41128822ea549335247af6a5b942abdd279f4f,2024-11,Sussex Police,Sussex Police,0.012410,50.871610,On or near Parking Area,E01021035,Lewes 003C,Criminal damage and arson,Unable to prosecute suspect,
afddf8552dc91a239afc8a91495818926fbc854270076016d01e4f35cfe41e86,2024-11,Sussex Police,Sussex Police,0.012410,50.871610,On or near Parking Area,E01021035,Lewes 003C,Drugs,Status update unavailable,
14afd8f88d84f97c4e2e9214cf157dae47541fcb7adbdc9f5073fd3502987ac2,2024-11,Sussex Police,Sussex Police,0.014117,50.874593,On or near Eastgate Wharf,E01021035,Lewes 003C,Other theft,Unable to prosecute suspect,
251100025afee8e56c7279eb24e18815776e32d10957749cd846d6272230b2ed,2024-11,Sussex Police,Sussex Police,0.014117,50.874593,On or near Eastgate Wharf,E01021035,Lewes 003C,Other theft,Investigation complete; no suspect identified,
c0cf7e1907fe88ee09996b3970ad85174f0c52ea5777db6b29d2ea66804678ea,2024-11,Sussex Police,Sussex Police,0.012410,50.871610,On or near Parking Area,E01021035,Lewes 003C,Other theft,Investigation complete; no suspect identified,
a7a0599e1f47838484a567caff96003b0af7460513e621bf3eabea7437829566,2024-11,Sussex Police,Sussex Police,0.017513,50.874238,On or near Cliffe High Street,E01021035,Lewes 003C,Public order,Unable to prosecute suspect,
8009bcf3d0dbaea46dda8ab309c4cda446c1c828b3ed7bd4ec560fa1272f8529,2024-11,Sussex Police,Sussex Police,0.013396,50.873706,On or near Fullers Passage,E01021035,Lewes 003C,Public order,Investigation complete; no suspect identified,
c2fe6314ac62c94e30329831455a4790079b730965b0e7fe87168995f2897e5b,2024-11,Sussex Police,Sussex Police,0.017513,50.874238,On or near Cliffe High Street,E01021035,Lewes 003C,Public order,Investigation complete; no suspect identified,
702dc43658d50813899964f7ee3574242be04c6d487b1e15bd4288caa2463882,2024-11,Sussex Police,Sussex Police,0.021251,50.872932,On or near South Street,E01021035,Lewes 003C,Public order,Investigation complete; no suspect identified,
d84f866a1ee6b2a3f8bcede7e70a0fc563c78a329710fb6fff4146989b07d7bd,2024-11,Sussex Police,Sussex Police,0.012410,50.871610,On or near Parking Area,E01021035,Lewes 003C,Public order,Unable to prosecute suspect,
cfd1593ea2da52e4c4fd3811feebf25d5c214fc8683f16804f0400babf9472e9,2024-11,Sussex Police,Sussex Police,0.014117,50.874593,On or near Eastgate Wharf,E01021035,Lewes 003C,Shoplifting,Unable to prosecute suspect,
9eb845363989b31cf68ed224e26e7a560e317d94eea0ec6583bc6ca3aebd43fa,2024-11,Sussex Police,Sussex Police,0.014117,50.874593,On or near Eastgate Wharf,E01021035,Lewes 003C,Shoplifting,Investigation complete; no suspect identified,
0e5f166200243bd9f7d7cc43260cdf124c31da47f715c6e8bfd1772d2a292a7e,2024-11,Sussex Police,Sussex Police,0.014117,50.874593,On or near Eastgate Wharf,E01021035,Lewes 003C,Shoplifting,Investigation complete; no suspect identified,
be18a5db48cb120edd367dc7098f73e70f092d8126e6bced6c631e499a6abcc3,2024-11,Sussex Police,Sussex Police,0.014117,50.874593,On or near Eastgate Wharf,E01021035,Lewes 003C,Shoplifting,Investigation complete; no suspect identified,
7e6767bb8b11dc5a33975182419a2d98951590447f16dd7fba06caf509c0f3a3,2024-11,Sussex Police,Sussex Police,0.014117,50.874593,On or near Eastgate Wharf,E01021035,Lewes 003C,Shoplifting,Investigation complete; no suspect identified,
74a33081e878a953a76be4759b1c1ae916386b923c0554e2628cad3dc5af6af1,2024-11,Sussex Police,Sussex Police,0.014117,50.874593,On or near Eastgate Wharf,E01021035,Lewes 003C,Shoplifting,Offender given a caution,
cea5245feb40b8cde8b60a26b6deba7d36b1518b8b8f174c96d5711ddc63e633,2024-11,Sussex Police,Sussex Police,0.014117,50.874593,On or near Eastgate Wharf,E01021035,Lewes 003C,Shoplifting,Investigation complete; no suspect identified,
bba2f271c58210d41b5400c0f44db2f5f6a1efe9fa25e45d2f2fa6b58e9f14bc,2024-11,Sussex Police,Sussex Police,0.014117,50.874593,On or near Eastgate Wharf,E01021035,Lewes 003C,Shoplifting,Unable to prosecute suspect,
d6e52e3a80df9a1b0fd6ab744535fdfb6a2ad43ef2953e14bb62a9ae9108611d,2024-11,Sussex Police,Sussex Police,0.014117,50.874593,On or near Eastgate Wharf,E01021035,Lewes 003C,Shoplifting,Unable to prosecute suspect,
bde26aa8ec21bab74df0202a5c6f56291361d74398dbaf0492568d2a964f40c4,2024-11,Sussex Police,Sussex Police,0.019858,50.872920,On or near Hillman Close,E01021035,Lewes 003C,Violence and sexual offences,Unable to prosecute suspect,
b107f30405eaf55f84c51a9ccdc72c7488540f65717cd38dcfcda814853c83a3,2024-11,Sussex Police,Sussex Police,0.012841,50.873698,On or near Shopping Area,E01021035,Lewes 003C,Violence and sexual offences,Investigation complete; no suspect identified,
93dd5f154d1f62dbdc421e2e63e135351eb9281ea5a929d97cbe2d675078d22f,2024-11,Sussex Police,Sussex Police,0.012841,50.873698,On or near Shopping Area,E01021035,Lewes 003C,Violence and sexual offences,Investigation complete; no suspect identified,
126122fc27fee5c161d76d25dd716c3544e8d8909889589ba6ea5968d66ad1b7,2024-11,Sussex Police,Sussex Police,0.014797,50.872234,On or near Court Road,E01021035,Lewes 003C,Violence and sexual offences,Further action is not in the public interest,
361c4172bffdc3be3187328bfb778ad53c91890ecf5b1aef2195fcc91e49bb1c,2024-11,Sussex Police,Sussex Police,0.015545,50.872770,On or near Greyfriars Court,E01021035,Lewes 003C,Violence and sexual offences,Unable to prosecute suspect,
90cb8166d451e13f6aebf6ff7952aea7b7d8af11d95a562cac7daf7410b6e8c9,2024-11,Sussex Police,Sussex Police,0.014117,50.874593,On or near Eastgate Wharf,E01021035,Lewes 003C,Violence and sexual offences,Investigation complete; no suspect identified,
fe72ddec381a81f993dba895286baf4d1bc5df6a094ad8f4157ee8bbc2aaeb0d,2024-11,Sussex Police,Sussex Police,-0.003992,50.876919,On or near Fitzjohns Road,E01021036,Lewes 003D,Burglary,Investigation complete; no suspect identified,
fad54cffc4358d432d16a835305be844836f08ed718ad5799a236dfc6e2a7381,2024-11,Sussex Police,Sussex Police,-0.003699,50.879459,On or near Hill Road,E01021036,Lewes 003D,Robbery,Investigation complete; no suspect identified,
9e29e057ecf43ccd502c4783cc9014a8331b4c1c96873fba2ebd724a9fa6e0da,2024-11,Sussex Police,Sussex Police,-0.005218,50.884162,On or near Hayward Road,E01021037,Lewes 003E,Criminal damage and arson,Court result unavailable,
83ebe65d1556579f7b2f2dab4e46c4c8950da165289d16877935cc0fee0e2b86,2024-11,Sussex Police,Sussex Police,-0.002399,50.882594,On or near De La Warr Green,E01021037,Lewes 003E,Other theft,Investigation complete; no suspect identified,
a246aca0d7e098728ef4faedfcad2a4924e81087332d94fdd757a1fb79235376,2024-11,Sussex Police,Sussex Police,-0.004087,50.882695,On or near Pellbrook Road,E01021037,Lewes 003E,Robbery,Investigation complete; no suspect identified,
dc909639d61a378008e03443862e4dc0fe2a93682a87f652da123531ecda2a04,2024-11,Sussex Police,Sussex Police,0.000599,50.880915,On or near Landport Road,E01021037,Lewes 003E,Violence and sexual offences,Investigation complete; no suspect identified,
77e89ec92568e6661ada378a51f1ade3d287dd9e3bbdacdd9ecdd4a6080ce868,2024-11,Sussex Police,Sussex Police,-0.004465,50.881829,On or near Crisp Road,E01021037,Lewes 003E,Violence and sexual offences,Unable to prosecute suspect,
55eb31c3da30d6628aa6bf6ad15c8e2beb24b71124fa9869bfc67b9ba9d0a9ea,2024-11,Sussex Police,Sussex Police,-0.002479,50.882055,On or near Horsfield Road,E01021037,Lewes 003E,Violence and sexual offences,Unable to prosecute suspect,
,2024-11,Sussex Police,Sussex Police,0.010200,50.873420,On or near Fisher Street,E01021038,Lewes 003F,Anti-social behaviour,,
,2024-11,Sussex Police,Sussex Police,0.012948,50.875522,On or near Waterloo Place,E01021038,Lewes 003F,Anti-social behaviour,,
b4c5a228f9936cbed59bb726995caf8b04f6f3c6af6de3ac6dbc7e770b91b05b,2024-11,Sussex Police,Sussex Police,0.008182,50.876746,On or near Pelham Terrace,E01021038,Lewes 003F,Possession of weapons,Offender given a caution,
3f231e072ef04334ea0c88c3152d15392a22e8ffffbc709c8116fe532245bfac,2024-11,Sussex Police,Sussex Police,0.008972,50.872623,On or near High Street,E01021038,Lewes 003F,Public order,Investigation complete; no suspect identified,
1b38d1c2fd325588e5cceb7948c0c35c788fc521bcc2c48dee07f7e82d0cfd1c,2024-11,Sussex Police,Sussex Police,0.010200,50.873420,On or near Fisher Street,E01021038,Lewes 003F,Public order,Investigation complete; no suspect identified,
6ba4b75f59cd25bdde319d9b6f6fd026dd4184d996d653daf40a7c72364b493b,2024-11,Sussex Police,Sussex Police,0.011362,50.873993,On or near Market Street,E01021038,Lewes 003F,Shoplifting,Local resolution,
aa2ef231b80db2cbd6e097e7bf69b46dccd394aef1de354280375e111d3ac0df,2024-11,Sussex Police,Sussex Police,0.011362,50.873993,On or near Market Street,E01021038,Lewes 003F,Shoplifting,Status update unavailable,
93a8b1decaee9b32b35de94201fb799990bb5918d559310f5abb14882b50a8eb,2024-11,Sussex Police,Sussex Police,0.010510,50.875672,On or near Lancaster Street,E01021038,Lewes 003F,Violence and sexual offences,Unable to prosecute suspect,
6cf8d0cb711e675b24898e5d544f4f625ebf95b2291a120efc3d4dc52dd2c213,2024-11,Sussex Police,Sussex Police,0.009112,50.875885,On or near St John'S Hill,E01021038,Lewes 003F,Violence and sexual offences,Unable to prosecute suspect,
3f31ff9b704a36582bb5719d42b50b960a283ddd6f928e60af0fa1eb5ede853e,2024-11,Sussex Police,Sussex Police,0.006225,50.872544,On or near Parking Area,E01021038,Lewes 003F,Violence and sexual offences,Local resolution,
5fb35b80ba8ef322629ceaf1a18bd7572e2d9458b883146971ad5c663f4c8369,2024-11,Sussex Police,Sussex Police,0.012786,50.875723,On or near Wellington Street,E01021038,Lewes 003F,Violence and sexual offences,Unable to prosecute suspect,
b78c589505bb4a01e561de75805b74ddc12db4db3ef33f983cce8d2388366f03,2024-11,Sussex Police,Sussex Police,0.010251,50.876926,On or near Sports/Recreation Area,E01021038,Lewes 003F,Violence and sexual offences,Investigation complete; no suspect identified,
4a732172bdb584b20920cfe2c08b3949fdeeed8170d2d5b144a793eb57990eba,2024-11,Sussex Police,Sussex Police,0.009335,50.873147,On or near Castle Ditch Lane,E01021038,Lewes 003F,Other crime,Status update unavailable,
6e3a6a18db2d7b49726acf7c714cc4285c849a397e3d1057df5ed6d2358f673b,2024-11,Sussex Police,Sussex Police,0.063918,50.893446,On or near Harrisons Lane,E01021054,Lewes 004A,Criminal damage and arson,Court result unavailable,
f73c0173d354b3490a9fa8074978ae45faccdd0dc170c4f4d8805cd4839e25eb,2024-11,Sussex Police,Sussex Police,0.063918,50.893446,On or near Harrisons Lane,E01021054,Lewes 004A,Criminal damage and arson,Court result unavailable,
6f2ce802bb06f0ae7675a1c525247439b3ab44c5f8d5e27c210c4ae83eaeb513,2024-11,Sussex Police,Sussex Police,0.063918,50.893446,On or near Harrisons Lane,E01021054,Lewes 004A,Criminal damage and arson,Court result unavailable,
54f8d9737dfa11aa8a366720d9453e70d1ffaa1feaf376f887b541729ddb179f,2024-11,Sussex Police,Sussex Police,0.065113,50.894109,On or near Greater Paddock,E01021054,Lewes 004A,Criminal damage and arson,Court result unavailable,
66e454c9d5a5edb623ac5e82898a7d7b3eab6c45a87150aca0adcc53be9dd5b7,2024-11,Sussex Police,Sussex Police,0.074981,50.903368,On or near Kiln Road,E01021054,Lewes 004A,Violence and sexual offences,Unable to prosecute suspect,
82c54c8da055e2f205e019baf6e6d5ec30d7fd019ad7d809e0cae1751f7cacb2,2024-11,Sussex Police,Sussex Police,0.074981,50.903368,On or near Kiln Road,E01021054,Lewes 004A,Violence and sexual offences,Unable to prosecute suspect,
,2024-11,Sussex Police,Sussex Police,0.058947,50.893264,On or near Shelley Road,E01021055,Lewes 004B,Anti-social behaviour,,
,2024-11,Sussex Police,Sussex Police,0.058947,50.893264,On or near Shelley Road,E01021055,Lewes 004B,Anti-social behaviour,,
,2024-11,Sussex Police,Sussex Police,0.059041,50.890879,On or near Mill Road,E01021055,Lewes 004B,Anti-social behaviour,,
2fab95151f745f057bb497d04378566f208e0076486fc788180cb76f6fc50097,2024-11,Sussex Police,Sussex Police,0.058947,50.893264,On or near Shelley Road,E01021055,Lewes 004B,Burglary,Local resolution,
f819561943327970094bf45ce3b1d1365701208b80a20e2062a9f2bc619b97f4,2024-11,Sussex Police,Sussex Police,0.059803,50.893969,On or near Petrol Station,E01021055,Lewes 004B,Criminal damage and arson,Unable to prosecute suspect,
db41f5888c62b35a59271e7f9d1dae347c8250fe68def4eb53c3becd172a2098,2024-11,Sussex Police,Sussex Police,0.060456,50.894272,On or near Little Paddock,E01021055,Lewes 004B,Criminal damage and arson,Investigation complete; no suspect identified,
62e432ed3010636e0854a537cf9d606eac820a1044136b6cd4a1f98837f075b4,2024-11,Sussex Police,Sussex Police,0.059803,50.893969,On or near Petrol Station,E01021055,Lewes 004B,Criminal damage and arson,Unable to prosecute suspect,
ea9cea549be6e69d65aab4a466814618d478a4e85f8e2174c021aefe0d7cf0ee,2024-11,Sussex Police,Sussex Police,0.061625,50.895942,On or near Bishop'S Close,E01021055,Lewes 004B,Possession of weapons,Unable to prosecute suspect,
736a9b479e9a5a704c23a29b4a61412aa45ea49de1f02a3222a89ee67a4d59eb,2024-11,Sussex Police,Sussex Police,0.058361,50.891704,On or near Sports/Recreation Area,E01021055,Lewes 004B,Violence and sexual offences,Unable to prosecute suspect,
3a4f4dd78f9ace9111c348ea4d3f787a64550ada4d73e052a1510df43aaab8ef,2024-11,Sussex Police,Sussex Police,0.056828,50.891961,On or near Springett Avenue,E01021055,Lewes 004B,Violence and sexual offences,Action to be taken by another organisation,
084cc16b27ef04c8383923a817e7accaaa06ebe90ee94b309ab6316f3170135a,2024-11,Sussex Police,Sussex Police,0.058947,50.893264,On or near Shelley Road,E01021055,Lewes 004B,Violence and sexual offences,Unable to prosecute suspect,
3bb28769dbdabf1f7d407e4c89ecda477269cf622440f06e6a492eeaed846dca,2024-11,Sussex Police,Sussex Police,0.058947,50.893264,On or near Shelley Road,E01021055,Lewes 004B,Violence and sexual offences,Unable to prosecute suspect,
cf40a327df2c840d8c57cfcaeda61cb1968d9db18aa862f9199fc18f22762de4,2024-11,Sussex Police,Sussex Police,0.063004,50.895612,On or near Green Close,E01021055,Lewes 004B,Violence and sexual offences,Unable to prosecute suspect,
e372e76fc4854b3c31009ddee6029ba9a64ff3dd105be9e47ad2babeb39ff4b9,2024-11,Sussex Police,Sussex Police,0.059803,50.893969,On or near Petrol Station,E01021055,Lewes 004B,Violence and sexual offences,Unable to prosecute suspect,
,2024-11,Sussex Police,Sussex Police,0.051068,50.890642,On or near The Forge,E01021056,Lewes 004C,Anti-social behaviour,,
,2024-11,Sussex Police,Sussex Police,0.051068,50.890642,On or near The Forge,E01021056,Lewes 004C,Anti-social behaviour,,
81b85463320b0cbabce69caa4a11e893956d010d4d5fb65ef3e88582db5977ee,2024-11,Sussex Police,Sussex Police,0.073073,50.897223,On or near Lewes Road,E01021056,Lewes 004C,Burglary,Investigation complete; no suspect identified,
1a2bcb7736959f58bab91ee63540def3b4b88aa3100476f76ae5dd0e8aa740cf,2024-11,Sussex Police,Sussex Police,0.073073,50.897223,On or near Lewes Road,E01021056,Lewes 004C,Criminal damage and arson,Investigation complete; no suspect identified,
9cf7bd072663e4487b001ce7e0c7a0e3ab766f6443837b6fbb482430a5596e8e,2024-11,Sussex Police,Sussex Police,0.043601,50.901970,On or near Uckfield Road,E01021056,Lewes 004C,Shoplifting,Investigation complete; no suspect identified,
e357e61966eaf4968891b1d8a275776d337a1856714a1a607e841b3d2910f094,2024-11,Sussex Police,Sussex Police,0.043601,50.901970,On or near Uckfield Road,E01021056,Lewes 004C,Shoplifting,Investigation complete; no suspect identified,
e638bdcbca6dbeb479cc73f361153a0dc210d4d52a892259e66d979265c1d73d,2024-11,Sussex Police,Sussex Police,0.074401,50.900878,On or near Broyle Paddock,E01021056,Lewes 004C,Violence and sexual offences,Unable to prosecute suspect,
e48bd04cd873839154119efd8471dd4a8b67d504ff123941a10aee53d634e1fe,2024-11,Sussex Police,Sussex Police,0.049417,50.907777,On or near Petrol Station,E01021056,Lewes 004C,Violence and sexual offences,Investigation complete; no suspect identified,
73312b4d3d832d6789cc7d3819a747900bc8b62d4bd7358e0fac616efe0ff443,2024-11,Sussex Police,Sussex Police,0.048806,50.886077,On or near New Road,E01021056,Lewes 004C,Violence and sexual offences,Investigation complete; no suspect identified,
00c41f9e8e434d863dd3566101436d8875ba55454c30088ce1bdc8836ee55e3b,2024-11,Sussex Police,Sussex Police,0.021661,50.884374,On or near B2192,E01021056,Lewes 004C,Other crime,Investigation complete; no suspect identified,
9a373b4e1acd1516c8f63c2b1ef6f0e730bee0717f1b40885613c78eeebb5d8b,2024-11,Sussex Police,Sussex Police,0.051068,50.890642,On or near The Forge,E01021056,Lewes 004C,Other crime,Unable to prosecute suspect,
,2024-11,Sussex Police,Sussex Police,0.056961,50.803597,On or near Iveagh Crescent,E01021057,Lewes 004D,Anti-social behaviour,,
,2024-11,Sussex Police,Sussex Police,0.057634,50.806625,On or near Heighton Road,E01021057,Lewes 004D,Anti-social behaviour,,
,2024-11,Sussex Police,Sussex Police,0.054757,50.809156,On or near Sports/Recreation Area,E01021057,Lewes 004D,Anti-social behaviour,,
,2024-11,Sussex Police,Sussex Police,0.056961,50.803597,On or near Iveagh Crescent,E01021057,Lewes 004D,Anti-social behaviour,,
bbded759c6b622456792db91d887e0a8807b785ac1d4030feecee66acc628c7c,2024-11,Sussex Police,Sussex Police,0.054757,50.809156,On or near Sports/Recreation Area,E01021057,Lewes 004D,Drugs,Unable to prosecute suspect,
3c730f4f47385f4e2902eb75d1d8401b43763aa1a4dfe3b10bb8e5422db18a03,2024-11,Sussex Police,Sussex Police,0.030716,50.831010,On or near Southease,E01021057,Lewes 004D,Other theft,Investigation complete; no suspect identified,
4527feda64aeb3d8abac12b767d7a00fe316d83e7b55f4473c2bc5f99d1dddfa,2024-11,Sussex Police,Sussex Police,0.054537,50.803343,On or near Cottage Close,E01021057,Lewes 004D,Shoplifting,Investigation complete; no suspect identified,
441f5164bb035e33fc8fd832d0a16a45261e9e0ea1da21775034e342645d726c,2024-11,Sussex Police,Sussex Police,0.054537,50.803343,On or near Cottage Close,E01021057,Lewes 004D,Shoplifting,Investigation complete; no suspect identified,
afdbd2ce5397a60d4b84d56d3d57a175bc16a28b1e7c27b223cd3eec38cc4e60,2024-11,Sussex Police,Sussex Police,0.054537,50.803343,On or near Cottage Close,E01021057,Lewes 004D,Shoplifting,Investigation complete; no suspect identified,
7933e2451085e92d7b1346e2504827d470d5fdede8911f2d099d155e98d084d7,2024-11,Sussex Police,Sussex Police,0.054537,50.803343,On or near Cottage Close,E01021057,Lewes 004D,Shoplifting,Court result unavailable,
d7ce278d19cf60a16912b66f1bd9e237d81bae7672c120d918801118ce6611db,2024-11,Sussex Police,Sussex Police,0.056961,50.803597,On or near Iveagh Crescent,E01021057,Lewes 004D,Violence and sexual offences,Unable to prosecute suspect,
35033cba6662eb0ed66b3d7ca11fb0f32a9d9ab49661317d9831494db8b1c7f1,2024-11,Sussex Police,Sussex Police,0.057634,50.806625,On or near Heighton Road,E01021057,Lewes 004D,Violence and sexual offences,Investigation complete; no suspect identified,
aaa85830d396414b8eff01ff73962670a1215736df2d724445b2667b5bd5beb9,2024-11,Sussex Police,Sussex Police,0.057634,50.806625,On or near Heighton Road,E01021057,Lewes 004D,Violence and sexual offences,Court result unavailable,
a06cdfc971df884fc2ba5f4303cad7b81c79b5c375b074fcb280013207e5a071,2024-11,Sussex Police,Sussex Police,0.078970,50.854131,On or near Parking Area,E01021057,Lewes 004D,Violence and sexual offences,Unable to prosecute suspect,
d20461d413ce83a054cda2ccc6d66ea3834e46020cf185fa3b8ce610184717aa,2024-11,Sussex Police,Sussex Police,0.055815,50.804642,On or near Glynde Close,E01021057,Lewes 004D,Violence and sexual offences,Unable to prosecute suspect,
ce3df8b7d6cafc0b1a479d2b84fb7ce1a733addb3cb9ef4180ddfb3b37d68f13,2024-11,Sussex Police,Sussex Police,0.087662,50.846293,On or near The Dock,E01021057,Lewes 004D,Violence and sexual offences,Unable to prosecute suspect,
,2024-11,Sussex Police,Sussex Police,0.006374,50.869394,On or near St James Street,E01021039,Lewes 005A,Anti-social behaviour,,
,2024-11,Sussex Police,Sussex Police,0.011108,50.870751,On or near Station Road,E01021039,Lewes 005A,Anti-social behaviour,,
,2024-11,Sussex Police,Sussex Police,0.006374,50.869394,On or near St James Street,E01021039,Lewes 005A,Anti-social behaviour,,
,2024-11,Sussex Police,Sussex Police,0.010104,50.872180,On or near St Andrew'S Lane,E01021039,Lewes 005A,Anti-social behaviour,,
,2024-11,Sussex Police,Sussex Police,0.011108,50.870751,On or near Station Road,E01021039,Lewes 005A,Anti-social behaviour,,
,2024-11,Sussex Police,Sussex Police,0.010915,50.872526,On or near Station Street,E01021039,Lewes 005A,Anti-social behaviour,,
ecaa9695cd7172dff2e9515e6ce5a4e8edead5c2be3ec24ede6221944a53f8ef,2024-11,Sussex Police,Sussex Police,0.011108,50.870751,On or near Station Road,E01021039,Lewes 005A,Criminal damage and arson,Investigation complete; no suspect identified,
8163179fe47f5e624f10bd2e22804ef2a1ccc193bed771401f0cff6bd418b7a1,2024-11,Sussex Police,Sussex Police,0.006929,50.871722,On or near Bull Lane,E01021039,Lewes 005A,Criminal damage and arson,Investigation complete; no suspect identified,
db1306d3568a957ecdcd06c730c79a6ea08b1593580aedc5523ff69a95953410,2024-11,Sussex Police,Sussex Police,0.008682,50.871845,On or near St Martin'S Lane,E01021039,Lewes 005A,Drugs,Local resolution,
4df441ed085c8214824b93e4043f2853a0ed1abddc3b2f11353227f1d2ddc1ca,2024-11,Sussex Police,Sussex Police,0.010915,50.872526,On or near Station Street,E01021039,Lewes 005A,Drugs,Local resolution,
3d4b6b6d01ed00025240c90c45df23d4d052babc69c0e6d54adc8eae00b2cab2,2024-11,Sussex Police,Sussex Police,0.014899,50.869337,On or near Mountfield Road,E01021039,Lewes 005A,Drugs,Further action is not in the public interest,
78c00e8c00c9a4cce9c648f95e3eb19a7d87457120ac98df23be0cd39fdf933e,2024-11,Sussex Police,Sussex Police,0.011108,50.870751,On or near Station Road,E01021039,Lewes 005A,Drugs,Local resolution,
e2569648c31b8ed57226b6acef9a83b60287d080e86d756d324b6b8a95ac9a13,2024-11,Sussex Police,Sussex Police,0.007733,50.871915,On or near Stewards Inn Lane,E01021039,Lewes 005A,Other theft,Investigation complete; no suspect identified,
3b0ca19f6475be9177a678653441b6e0870ffd88a449edfd6ea8a62bdbf04e07,2024-11,Sussex Police,Sussex Police,0.014899,50.869337,On or near Mountfield Road,E01021039,Lewes 005A,Public order,Unable to prosecute suspect,
37700b35cbe8c7a0cd5d3569199246be7e3b5e2424a414918449dc6beccc5524,2024-11,Sussex Police,Sussex Police,0.014899,50.869337,On or near Mountfield Road,E01021039,Lewes 005A,Violence and sexual offences,Unable to prosecute suspect,
de4090b25684bcd34517ad427e5f19fe719fe59875e9403554f19f4d9cdf3e30,2024-11,Sussex Police,Sussex Police,-0.005303,50.872867,On or near Prison,E01021040,Lewes 005B,Criminal damage and arson,Action to be taken by another organisation,
f6c1bd564d6660357d494306599a0ea1c060a188567002e58660776c5a7c489c,2024-11,Sussex Police,Sussex Police,0.001870,50.869768,On or near St Pancras Road,E01021040,Lewes 005B,Other theft,Investigation complete; no suspect identified,
93a1f353dbea37611543781895476f10c25cb8dfdbd198dfc5a85c1dfb69c297,2024-11,Sussex Police,Sussex Police,-0.005303,50.872867,On or near Prison,E01021040,Lewes 005B,Violence and sexual offences,Unable to prosecute suspect,
7fe8d9d3d49b60e198a1eb080d279965cca7cf7aed9fefcea09cd44ec68cf919,2024-11,Sussex Police,Sussex Police,0.005569,50.867870,On or near Cockshut Road,E01021040,Lewes 005B,Violence and sexual offences,Further action is not in the public interest,
d22dfd6c3a8809a6334e09570357db481b4253978cf03de9eb2e9705c17e31ea,2024-11,Sussex Police,Sussex Police,-0.005303,50.872867,On or near Prison,E01021040,Lewes 005B,Violence and sexual offences,Unable to prosecute suspect,
cfb44a291d14061692dbfc89d88db0b2844d5f5b5b08d3c275288f6a61116ada,2024-11,Sussex Police,Sussex Police,-0.005303,50.872867,On or near Prison,E01021040,Lewes 005B,Other crime,Action to be taken by another organisation,
6c08f5d077faddd0ead74c1c6b611883489192c3fb247f1f021586ce85f7fe79,2024-11,Sussex Police,Sussex Police,-0.005303,50.872867,On or near Prison,E01021040,Lewes 005B,Other crime,Court result unavailable,
5368adda9c17164fc82a0ead2c8a881730ef95f16295d97d0801b0c7b4c09302,2024-11,Sussex Police,Sussex Police,-0.005303,50.872867,On or near Prison,E01021040,Lewes 005B,Other crime,Status update unavailable,
ba666bed96a041352502ef0a78124ca1894f0fd8f1f516e96d5eec7a2e3b594b,2024-11,Sussex Police,Sussex Police,-0.005303,50.872867,On or near Prison,E01021040,Lewes 005B,Other crime,Investigation complete; no suspect identified,
20e5ff66e01f29c16230c1a88535c48aa5ba18efdce09d8d07979996f31ae46e,2024-11,Sussex Police,Sussex Police,-0.005303,50.872867,On or near Prison,E01021040,Lewes 005B,Other crime,Unable to prosecute suspect,
84c4b7141c9fe7a58a91f486a682bf62af3a8f0ce14cae65115d170692c6fe76,2024-11,Sussex Police,Sussex Police,-0.005303,50.872867,On or near Prison,E01021040,Lewes 005B,Other crime,Action to be taken by another organisation,
c48f47cd43f8a2dbf198550d15aabf9c5d4acdbf23e88a039bb95cc4dd87aa43,2024-11,Sussex Police,Sussex Police,-0.000895,50.868592,On or near Juggs Close,E01021041,Lewes 005C,Criminal damage and arson,Unable to prosecute suspect,
dd5fe58554aedb3de2080a6f366c5ff4ab8aab45da1899f466847e9a42ab6521,2024-11,Sussex Police,Sussex Police,-0.006917,50.870008,On or near Barons Down Road,E01021041,Lewes 005C,Violence and sexual offences,Unable to prosecute suspect,
98a076d09088c26267312d2e03351f29f6d936fc81ca631b2de49ef13bd565ae,2024-11,Sussex Police,Sussex Police,-0.000895,50.868592,On or near Juggs Close,E01021041,Lewes 005C,Violence and sexual offences,Unable to prosecute suspect,
6a34d2cbded04128aa2843e8d4e15a1477433da556bec4cd58fe18da9cd82de6,2024-11,Sussex Police,Sussex Police,-0.000895,50.868592,On or near Juggs Close,E01021041,Lewes 005C,Violence and sexual offences,Unable to prosecute suspect,
0150999f9a95d6ceef91df81cdd0f235d2372d3d920450fa2588898a8a742830,2024-11,Sussex Police,Sussex Police,-0.004698,50.865734,On or near Cranedown,E01021041,Lewes 005C,Other crime,Investigation complete; no suspect identified,
167558404766c9243361dbf41325a0434657a9799bfff8e0f3a5fed7b88a1c34,2024-11,Sussex Police,Sussex Police,-0.009326,50.879178,On or near Windover Crescent,E01021042,Lewes 005D,Shoplifting,Investigation complete; no suspect identified,
e9146b9d4ab9bf00defb82c85e329e40cf0299aaccbfbc89afda4d7170d56b6b,2024-11,Sussex Police,Sussex Police,-0.008963,50.878020,On or near North Way,E01021042,Lewes 005D,Violence and sexual offences,Further investigation is not in the public interest,
60b3525d4516be1f2e9fb84f4465d1d3ca26fed6c6a4684d3f6c3cde75c9c5c5,2024-11,Sussex Police,Sussex Police,-0.010898,50.877981,On or near Downs Close,E01021042,Lewes 005D,Violence and sexual offences,Investigation complete; no suspect identified,
67ed532c0daff7ae3852e50520c92cd0d444ce4dc8413ee84a558f31fbc92e48,2024-11,Sussex Police,Sussex Police,-0.008963,50.878020,On or near North Way,E01021042,Lewes 005D,Violence and sexual offences,Unable to prosecute suspect,
,2024-11,Sussex Police,Sussex Police,-0.003986,50.873420,On or near Spital Road,E01021043,Lewes 005E,Anti-social behaviour,,
,2024-11,Sussex Police,Sussex Police,-0.003986,50.873420,On or near Spital Road,E01021043,Lewes 005E,Anti-social behaviour,,
,2024-11,Sussex Police,Sussex Police,-0.007365,50.874503,On or near Hawkenbury Way,E01021043,Lewes 005E,Anti-social behaviour,,
,2024-11,Sussex Police,Sussex Police,-0.003986,50.873420,On or near Spital Road,E01021043,Lewes 005E,Anti-social behaviour,,
dee9cc5c51be337eedc943c372b9143422ee910a5731aa7319d47da60c91b0f0,2024-11,Sussex Police,Sussex Police,-0.007365,50.874503,On or near Hawkenbury Way,E01021043,Lewes 005E,Public order,Unable to prosecute suspect,
ab57ed9b887eca469dab902a145ad2fb497d853627718ed722700a9fbafb626c,2024-11,Sussex Police,Sussex Police,-0.007365,50.874503,On or near Hawkenbury Way,E01021043,Lewes 005E,Public order,Investigation complete; no suspect identified,
1fed3ce0a68f8a2bc36d5e5178e6ab1fa5e17340abea8a9954347576004f5d7c,2024-11,Sussex Police,Sussex Police,-0.000548,50.873362,On or near De Montfort Road,E01021043,Lewes 005E,Vehicle crime,Investigation complete; no suspect identified,
7ad0bf47ae0678c948d8c8f1fc6d6ab39e4cae0451fa19053920f4bdfb6be49a,2024-11,Sussex Police,Sussex Police,-0.000528,50.874180,On or near Ousedale Close,E01021043,Lewes 005E,Violence and sexual offences,Unable to prosecute suspect,
4cd512409105b67df5a659a4027e4cfa35f83866fd95a09c5ae701c85a0fbafc,2024-11,Sussex Police,Sussex Police,-0.000528,50.874180,On or near Ousedale Close,E01021043,Lewes 005E,Violence and sexual offences,Further action is not in the public interest,
ba9a6e7f8877b531d1c99f62c47ce91b71b9ff1a06794e058aad027a5f9deb2c,2024-11,Sussex Police,Sussex Police,-0.003986,50.873420,On or near Spital Road,E01021043,Lewes 005E,Violence and sexual offences,Investigation complete; no suspect identified,
10b938f40b0eb12ac567d9de08b7d8b2499b93b0e0b412f1b7ad4457a4446bdb,2024-11,Sussex Police,Sussex Police,-0.028300,50.803792,On or near Bevendean Avenue,E01021027,Lewes 006A,Violence and sexual offences,Unable to prosecute suspect,
729522d476fb646be9d3b8003349b89711c092fbc74b4e5727934ce26d3aabd8,2024-11,Sussex Police,Sussex Police,-0.028300,50.803792,On or near Bevendean Avenue,E01021027,Lewes 006A,Violence and sexual offences,Unable to prosecute suspect,
,2024-11,Sussex Police,Sussex Police,-0.008642,50.798152,On or near Ambleside Avenue,E01021028,Lewes 006B,Anti-social behaviour,,
11b27bf396567ebbbe424830ad6d60a26e545ac2522b14d5cf935876a504fe15,2024-11,Sussex Police,Sussex Police,-0.010387,50.800826,On or near Park View Close,E01021028,Lewes 006B,Vehicle crime,Investigation complete; no suspect identified,
411e31a6364caaed32c710506a120952e21aa30d1c21c9688700a9917ea58b09,2024-11,Sussex Police,Sussex Police,-0.010387,50.800826,On or near Park View Close,E01021028,Lewes 006B,Violence and sexual offences,Status update unavailable,
0bc40fb746ef74d0e7a1cbe496eab4fb63bd8ec98bc91e449f4f59b86034c688,2024-11,Sussex Police,Sussex Police,-0.006172,50.805502,On or near Harvest Close,E01021028,Lewes 006B,Violence and sexual offences,Unable to prosecute suspect,
21effb94132b3bd6d5ff035c23c1733c445961d3e8cf59f376a58dc9533a6103,2024-11,Sussex Police,Sussex Police,-0.004801,50.804373,On or near The Swallows,E01021029,Lewes 006C,Other theft,Unable to prosecute suspect,
a96cb10ea84b1ff1460e5c7447ac0da86953ea6b76a52e838dd481b263120c0f,2024-11,Sussex Police,Sussex Police,-0.018917,50.797131,On or near Broomfield Avenue,E01021029,Lewes 006C,Violence and sexual offences,Unable to prosecute suspect,
9ba39ce37429d26d419102592c4e3a894c7aaae6ddfa18d94c38da77025f3f4a,2024-11,Sussex Police,Sussex Police,-0.018917,50.797131,On or near Broomfield Avenue,E01021029,Lewes 006C,Violence and sexual offences,Investigation complete; no suspect identified,
9e84061d67e6061696986bbc0228e9fd826bad2cd1806791c1bb50aaacd7cd46,2024-11,Sussex Police,Sussex Police,-0.033453,50.800722,On or near Nutley Avenue,E01021030,Lewes 006D,Vehicle crime,Investigation complete; no suspect identified,
56ba8776bfb1d97ba20affa48ec06336bc29983464e8c8d3da5aecb962a5f626,2024-11,Sussex Police,Sussex Police,-0.035095,50.800840,On or near Crowborough Road,E01021030,Lewes 006D,Violence and sexual offences,Investigation complete; no suspect identified,
b063fb257c5933f9587d36dcfc94e6b815660d560bbc868d49efbf56bd1757cd,2024-11,Sussex Police,Sussex Police,-0.036214,50.800544,On or near Lynwood Road,E01021030,Lewes 006D,Violence and sexual offences,Unable to prosecute suspect,
423d9b441b299cbd06b028da6603d2a469408d925c9ad458aead40576825ff9f,2024-11,Sussex Police,Sussex Police,-0.015646,50.793271,On or near The Esplanade,E01021031,Lewes 006E,Public order,Investigation complete; no suspect identified,
f26ef004b2c1b6c72789ed87580fa97d3f1110d45ce902a16c89719146e66b19,2024-11,Sussex Police,Sussex Police,-0.015646,50.793271,On or near The Esplanade,E01021031,Lewes 006E,Violence and sexual offences,Unable to prosecute suspect,
a19410f59f86dfc568a91ff821523d54e0baf28bf32998f0324ac9db45a57451,2024-11,Sussex Police,Sussex Police,-0.016115,50.794601,On or near Petrol Station,E01021031,Lewes 006E,Violence and sexual offences,Unable to prosecute suspect,
f3b67716c3e643e368c3e1f4e50eb78c798e6d3f21a090421b7b9c6b7b6b9092,2024-11,Sussex Police,Sussex Police,-0.016115,50.794601,On or near Petrol Station,E01021031,Lewes 006E,Other crime,Investigation complete; no suspect identified,
,2024-11,Sussex Police,Sussex Police,0.000908,50.800794,On or near Hairpin Croft,E01021061,Lewes 007A,Anti-social behaviour,,
b8b5e572c544de9970c4bc0c4380c9248f90e30d42f7726ad2619a7224f77caf,2024-11,Sussex Police,Sussex Police,0.000559,50.801268,On or near The Sheepfold,E01021061,Lewes 007A,Vehicle crime,Investigation complete; no suspect identified,
8deb6c7ccdd9d9dbd11eb87497182076b1a77b20061fb196d04776867cf678b7,2024-11,Sussex Police,Sussex Police,0.002653,50.800791,On or near Turnpike Close,E01021061,Lewes 007A,Violence and sexual offences,Unable to prosecute suspect,
86be78eb751a164d6f36dbfd2a5dd03c91cb3f8cc817cc3a9dff01380580b93a,2024-11,Sussex Police,Sussex Police,0.001455,50.799976,On or near Firle Road,E01021061,Lewes 007A,Violence and sexual offences,Investigation complete; no suspect identified,
a8d235cc00f9161e643ef9254910f57fb14674afa4ab8afc5cc819d386f4a011,2024-11,Sussex Police,Sussex Police,0.007951,50.803857,On or near Pelham Rise,E01021063,Lewes 007B,Drugs,Unable to prosecute suspect,
be9e68722b2259b93daa5954b723250aceba0f37830be505c10b7bc5ac445f3b,2024-11,Sussex Police,Sussex Police,0.004520,50.803287,On or near Badgers Field,E01021063,Lewes 007B,Public order,Unable to prosecute suspect,
c6c3bb9508d70b1d8113164b825f7b7904c4cd8d6f3b5a7e8d83208bce8628c6,2024-11,Sussex Police,Sussex Police,0.004520,50.803287,On or near Badgers Field,E01021063,Lewes 007B,Violence and sexual offences,Unable to prosecute suspect,
22ddaf095cec27868c1ed052ad62b99b2f049268d60df705faffafb4bba5d5be,2024-11,Sussex Police,Sussex Police,0.007951,50.803857,On or near Pelham Rise,E01021063,Lewes 007B,Violence and sexual offences,Unable to prosecute suspect,
2384860e6477ca0186a67365c20039e3657c3b533d74a1623f34a07ce6b08b2c,2024-11,Sussex Police,Sussex Police,0.009199,50.805167,On or near Linthouse Close,E01021063,Lewes 007B,Violence and sexual offences,Unable to prosecute suspect,
0d9ab66b35257e7651ffaceeb13611ac58ab19df058cf64313eb13ede0f61341,2024-11,Sussex Police,Sussex Police,-0.002961,50.791939,On or near Parking Area,E01021064,Lewes 007C,Criminal damage and arson,Investigation complete; no suspect identified,
1395bc3e053f25d8ae09e278c96bd1ce84cc46de5155eec6d7d1f0252501a03a,2024-11,Sussex Police,Sussex Police,-0.011162,50.793941,On or near Second Road,E01021064,Lewes 007C,Other theft,Investigation complete; no suspect identified,
3c82eacf880d9b9031bc0bc87b76c03e6ea594fb3bd760ea863504b0ca61bd6d,2024-11,Sussex Police,Sussex Police,-0.002961,50.791939,On or near Parking Area,E01021064,Lewes 007C,Public order,Unable to prosecute suspect,
157b3f16f84b72a1e7c862fa457406c58f4087bfd782ee2a70d2e765248a21de,2024-11,Sussex Police,Sussex Police,-0.000656,50.791423,On or near Horsham Avenue,E01021064,Lewes 007C,Violence and sexual offences,Unable to prosecute suspect,
53b5efff1e1dbe08613d41f58634c301d089cb9ded681ab937f46b87dac46a06,2024-11,Sussex Police,Sussex Police,-0.002961,50.791939,On or near Parking Area,E01021064,Lewes 007C,Violence and sexual offences,Investigation complete; no suspect identified,
197173237f68db8786cc21cdd6125e973923cf5453fd43aeec6c3e68da018909,2024-11,Sussex Police,Sussex Police,-0.000656,50.791423,On or near Horsham Avenue,E01021064,Lewes 007C,Violence and sexual offences,Court result unavailable,
,2024-11,Sussex Police,Sussex Police,-0.001377,50.797137,On or near Lake Drive,E01021065,Lewes 007D,Anti-social behaviour,,
,2024-11,Sussex Police,Sussex Police,-0.001377,50.797137,On or near Lake Drive,E01021065,Lewes 007D,Anti-social behaviour,,
8ac45e13d19a56baa7d9255bef01c939585f9506f0771de8880ac9bf5e5f3a0e,2024-11,Sussex Police,Sussex Police,-0.001377,50.797137,On or near Lake Drive,E01021065,Lewes 007D,Criminal damage and arson,Investigation complete; no suspect identified,
68d9b4f0c72c45138fabfa29506ba7a0a7f06d25802de25a848d3fba497ca19e,2024-11,Sussex Police,Sussex Police,0.001485,50.791386,On or near Bramber Avenue,E01021065,Lewes 007D,Shoplifting,Investigation complete; no suspect identified,
fd4cfc771c02d994ddf71c286e9571365678b2a82a1beebbe2775b902ceb5b76,2024-11,Sussex Police,Sussex Police,0.001485,50.791386,On or near Bramber Avenue,E01021065,Lewes 007D,Shoplifting,Investigation complete; no suspect identified,
e1956883f3e4b0354c1223ec28d029c99fbc20b4148614e01516072b0dc1b1e2,2024-11,Sussex Police,Sussex Police,0.000591,50.791716,On or near Dorothy Avenue,E01021065,Lewes 007D,Violence and sexual offences,Investigation complete; no suspect identified,
220cbed6c52ce4c926dab1e20bd5373c26cfeb4939a7b03572edca5e0209dba9,2024-11,Sussex Police,Sussex Police,-0.001377,50.797137,On or near Lake Drive,E01021065,Lewes 007D,Violence and sexual offences,Unable to prosecute suspect,
,2024-11,Sussex Police,Sussex Police,0.003181,50.794550,On or near Newton Road,E01021066,Lewes 007E,Anti-social behaviour,,
86eb63fd3c6c882c6705ecc655957729ab5df2b2886dc962919c1168d98fce77,2024-11,Sussex Police,Sussex Police,0.004954,50.796525,On or near Bramber Close,E01021066,Lewes 007E,Other theft,Investigation complete; no suspect identified,
ef166f7d744c90a0aef256627f7212c518e743687993023b74a6dffabb9bf8cb,2024-11,Sussex Police,Sussex Police,0.004954,50.796525,On or near Bramber Close,E01021066,Lewes 007E,Violence and sexual offences,Further action is not in the public interest,
b31b8a6ae7866a205f73d4aff0f5a149e8bddcef2a7acf8aea9a854794631603,2024-11,Sussex Police,Sussex Police,-0.003541,50.797633,On or near Balcombe Road,E01021066,Lewes 007E,Violence and sexual offences,Unable to prosecute suspect,
,2024-11,Sussex Police,Sussex Police,0.043558,50.782985,On or near Newhaven Heights,E01021045,Lewes 008A,Anti-social behaviour,,
,2024-11,Sussex Police,Sussex Police,0.046869,50.791552,On or near Neill'S Close,E01021045,Lewes 008A,Anti-social behaviour,,
,2024-11,Sussex Police,Sussex Police,0.053779,50.784433,On or near Fort Rise,E01021045,Lewes 008A,Anti-social behaviour,,
,2024-11,Sussex Police,Sussex Police,0.051079,50.785437,On or near Sports/Recreation Area,E01021045,Lewes 008A,Anti-social behaviour,,
,2024-11,Sussex Police,Sussex Police,0.052399,50.787587,On or near Riverside South,E01021045,Lewes 008A,Anti-social behaviour,,
a2b5a9a19a0226240692c32130153f77314eb51bc7fa073a61dc6ddb7a9bf661,2024-11,Sussex Police,Sussex Police,0.052399,50.787587,On or near Riverside South,E01021045,Lewes 008A,Criminal damage and arson,Investigation complete; no suspect identified,
86fa47ec212d9cfe015935b73d8611806d14f5c5d8d7c2bbc1f6c53d84494e76,2024-11,Sussex Police,Sussex Police,0.061247,50.793583,On or near Mckinlay Way,E01021045,Lewes 008A,Drugs,Court result unavailable,
6dad041185dbb531ee005701e7589ccc44eb8284a06d7dc54d589080afba18fd,2024-11,Sussex Police,Sussex Police,0.046869,50.791552,On or near Neill'S Close,E01021045,Lewes 008A,Other theft,Investigation complete; no suspect identified,
791fc1e2bbf5e2f608b21f8ef7b61f7b1fb98301599be9ccef7be1f53e63820e,2024-11,Sussex Police,Sussex Police,0.052399,50.787587,On or near Riverside South,E01021045,Lewes 008A,Other theft,Investigation complete; no suspect identified,
c6749d3d1c176af7024cf38f48019070c096e2c263889379a72c1e386d06a5e1,2024-11,Sussex Police,Sussex Police,0.061247,50.793583,On or near Mckinlay Way,E01021045,Lewes 008A,Public order,Investigation complete; no suspect identified,
2291e81a67487f82aa56be18c590ada17700491f7b29c7f501cc50865d877e40,2024-11,Sussex Police,Sussex Police,0.051295,50.787188,On or near Supermarket,E01021045,Lewes 008A,Shoplifting,Investigation complete; no suspect identified,
3665ef163f48b5f49b46cc3399fbd420cce4899a33cd0a4a55f9aa6fcd44f2f3,2024-11,Sussex Police,Sussex Police,0.061247,50.793583,On or near Mckinlay Way,E01021045,Lewes 008A,Violence and sexual offences,Investigation complete; no suspect identified,
b086c08cb5a619274b832d41206e89a4e7efd9c31182fd0229c5589cea84a0a4,2024-11,Sussex Police,Sussex Police,0.051295,50.787188,On or near Supermarket,E01021045,Lewes 008A,Violence and sexual offences,Unable to prosecute suspect,
decc10b7544be954a8b8f5e0cd1007a7f6f42881188cb339535d4d6f86d46a78,2024-11,Sussex Police,Sussex Police,0.055362,50.790449,On or near Transit Road,E01021045,Lewes 008A,Violence and sexual offences,Investigation complete; no suspect identified,
85824f4e7feedc3bb27975c3226deedce139dcd15d0dcd8aefeacdc80fc3f5dc,2024-11,Sussex Police,Sussex Police,0.061247,50.793583,On or near Mckinlay Way,E01021045,Lewes 008A,Violence and sexual offences,Investigation complete; no suspect identified,
e4571c5eca99ce46c6d147a9595b9691c162ef889428b935dc39c2d4407d5713,2024-11,Sussex Police,Sussex Police,0.061247,50.793583,On or near Mckinlay Way,E01021045,Lewes 008A,Violence and sexual offences,Investigation complete; no suspect identified,
eb9c7283942c25d07eb0f287a8b223684a647fa4111586514cf281dd06b36f75,2024-11,Sussex Police,Sussex Police,0.043558,50.782985,On or near Newhaven Heights,E01021045,Lewes 008A,Other crime,Investigation complete; no suspect identified,
b257a2e4575385b1b05a704513dba6819923e1ba8231357eea597775cc5c63bd,2024-11,Sussex Police,Sussex Police,0.043558,50.782985,On or near Newhaven Heights,E01021045,Lewes 008A,Other crime,Investigation complete; no suspect identified,
85d339c3bf3b4d1dcbd25e1d47bdaaa272e82310cced1e45fb7bb41973177237,2024-11,Sussex Police,Sussex Police,0.068461,50.800461,On or near Falaise Road,E01021046,Lewes 008B,Criminal damage and arson,Investigation complete; no suspect identified,
768bb506f0c3ee855f5e9dcd022785fc105123cc55540a3014e1e91f49f45231,2024-11,Sussex Police,Sussex Police,0.068461,50.800461,On or near Falaise Road,E01021046,Lewes 008B,Public order,Unable to prosecute suspect,
6f4ea428549fdd9d1e2da718eb60469c484d7521518387330d5767ea609c20a6,2024-11,Sussex Police,Sussex Police,0.068461,50.800461,On or near Falaise Road,E01021046,Lewes 008B,Public order,Unable to prosecute suspect,
954a71b056b03a321caf36d0f9f343c266808cb14a8d653b4be3ea21444b9f7d,2024-11,Sussex Police,Sussex Police,0.068461,50.800461,On or near Falaise Road,E01021046,Lewes 008B,Public order,Unable to prosecute suspect,
3482ce015c0ce08c974acc08d6daec570e0f2f0487f929bb6bcecd35b7ac2253,2024-11,Sussex Police,Sussex Police,0.068461,50.800461,On or near Falaise Road,E01021046,Lewes 008B,Violence and sexual offences,Unable to prosecute suspect,
7e6a2444657313bec16481ef4905f663f2e97c9f1dbf64512cd2ec8c30ba5cef,2024-11,Sussex Police,Sussex Police,0.068461,50.800461,On or near Falaise Road,E01021046,Lewes 008B,Violence and sexual offences,Unable to prosecute suspect,
f98188158ff9773f8b94f54295421dfe72fc9f56f627e13c5e8a953e6be0cedd,2024-11,Sussex Police,Sussex Police,0.068461,50.800461,On or near Falaise Road,E01021046,Lewes 008B,Violence and sexual offences,Unable to prosecute suspect,
,2024-11,Sussex Police,Sussex Police,0.055577,50.794052,On or near Railway Road,E01021047,Lewes 008C,Anti-social behaviour,,
,2024-11,Sussex Police,Sussex Police,0.055577,50.794052,On or near Railway Road,E01021047,Lewes 008C,Anti-social behaviour,,
117b011f631588e29e48ec30e989f8e2ec90a7cbc77313d4237dc0d92cbc9c1a,2024-11,Sussex Police,Sussex Police,0.055876,50.792122,On or near Clifton Road,E01021047,Lewes 008C,Burglary,Investigation complete; no suspect identified,
1c19e69a9fef52971b4102600498774b3892a74e9dfeb974ef24869360f6122c,2024-11,Sussex Police,Sussex Police,0.056494,50.792318,On or near Norton Terrace,E01021047,Lewes 008C,Burglary,Investigation complete; no suspect identified,
6c2cdc649b616c530176e31420b087f9f421c45c260ee3a459df810b2f2ca4d3,2024-11,Sussex Police,Sussex Police,0.055577,50.794052,On or near Railway Road,E01021047,Lewes 008C,Criminal damage and arson,Awaiting court outcome,
3ac40b0fcd3ed861f8ff8be7d0e059439d151a5911dd1b718553eafa79762648,2024-11,Sussex Police,Sussex Police,0.063366,50.800471,On or near Beresford Road,E01021047,Lewes 008C,Other theft,Investigation complete; no suspect identified,
0b9946ae4f1516483f83041da3ba8c738cf8d3e467cb2887abf6db16a746a1c0,2024-11,Sussex Police,Sussex Police,0.052092,50.793537,On or near Riverside North,E01021047,Lewes 008C,Possession of weapons,Action to be taken by another organisation,
56d74e154eef5f2a3b3b44e1b5fad0d43427cd8d8fdde91a03b9f321312e4803,2024-11,Sussex Police,Sussex Police,0.055577,50.794052,On or near Railway Road,E01021047,Lewes 008C,Possession of weapons,Court result unavailable,
1c613115d803d131e3d6b574e0c7cfead640d0cab297cb3e9d7ce5d7667e5489,2024-11,Sussex Police,Sussex Police,0.052294,50.798786,On or near North Quay Road,E01021047,Lewes 008C,Public order,Unable to prosecute suspect,
6e28bdb6a3546910f021edc1012a5521d3b45b0508de8e1894eaeba77e557d9e,2024-11,Sussex Police,Sussex Police,0.055577,50.794052,On or near Railway Road,E01021047,Lewes 008C,Shoplifting,Further investigation is not in the public interest,
408382e034abe7e639329262036edadaf75133f2c1dfd7d0ff1e392c0df6617a,2024-11,Sussex Police,Sussex Police,0.055577,50.794052,On or near Railway Road,E01021047,Lewes 008C,Shoplifting,Unable to prosecute suspect,
ae0a86d6d6f9bb9451ce16d823dc1c928d45b5385b592fadb5f07ff5ecae931c,2024-11,Sussex Police,Sussex Police,0.055577,50.794052,On or near Railway Road,E01021047,Lewes 008C,Shoplifting,Investigation complete; no suspect identified,
3b62c558cc7d5fdbc0de05217e5dad03fb078ef5f8e97762ac8aa3ff421049f3,2024-11,Sussex Police,Sussex Police,0.064118,50.799162,On or near Tide Mills View,E01021047,Lewes 008C,Shoplifting,Unable to prosecute suspect,
c81c426740c16eda81fb78d6ebc19b25c727a4a59d08d09e58d67d2cf9f3140c,2024-11,Sussex Police,Sussex Police,0.063366,50.800471,On or near Beresford Road,E01021047,Lewes 008C,Violence and sexual offences,Awaiting court outcome,
2e8964f0f7fce484de49475c5770856cd6790200a232bfe7ce547b00498db0ee,2024-11,Sussex Police,Sussex Police,0.059568,50.801545,On or near Avis Close,E01021047,Lewes 008C,Violence and sexual offences,Unable to prosecute suspect,
04769901263b831919d56bb460b9a4ad43a7e1e26e815cd4fb4118e216b79727,2024-11,Sussex Police,Sussex Police,0.063366,50.800471,On or near Beresford Road,E01021047,Lewes 008C,Violence and sexual offences,Court result unavailable,
3884a6b04117f5736b51ef95bf8ca2abfd7defd883884d1ec9c4f9cc286743d9,2024-11,Sussex Police,Sussex Police,0.055577,50.794052,On or near Railway Road,E01021047,Lewes 008C,Violence and sexual offences,Unable to prosecute suspect,
f796acf0904f2116d0d682dfd17f3baa99b22da6db022867d3d9a16dc2ebfe48,2024-11,Sussex Police,Sussex Police,0.055577,50.794052,On or near Railway Road,E01021047,Lewes 008C,Violence and sexual offences,Unable to prosecute suspect,
4ae9da730959e744ad8b374606728cb0d0560ed6347bf6df010292feee80d462,2024-11,Sussex Police,Sussex Police,0.055577,50.794052,On or near Railway Road,E01021047,Lewes 008C,Violence and sexual offences,Unable to prosecute suspect,
661995c57f1516cbc13de74a28ebf969bc82a1baa811e113e34dc21e18a06a75,2024-11,Sussex Police,Sussex Police,0.056494,50.792318,On or near Norton Terrace,E01021047,Lewes 008C,Violence and sexual offences,Unable to prosecute suspect,
c494e5c232d6f1f72f50027546c529efbc53969595f5bca1f66c6bda2bd6cf35,2024-11,Sussex Police,Sussex Police,0.064118,50.799162,On or near Tide Mills View,E01021047,Lewes 008C,Violence and sexual offences,Investigation complete; no suspect identified,
409a3c80ba09fbcf58f1e49404451a097abd3fdfb2bedea45ea48c1fb11a04dd,2024-11,Sussex Police,Sussex Police,0.055577,50.794052,On or near Railway Road,E01021047,Lewes 008C,Violence and sexual offences,Local resolution,
ab75a127b6cd1539fb7475a03894425953b34b4ca53808122ff4034cbb0a6319,2024-11,Sussex Police,Sussex Police,0.064118,50.799162,On or near Tide Mills View,E01021047,Lewes 008C,Violence and sexual offences,Investigation complete; no suspect identified,
b6c0ae84eee800a9fec7137643e583ffdf720a6feba9a36d8cc8c62eebbfad31,2024-11,Sussex Police,Sussex Police,0.055577,50.794052,On or near Railway Road,E01021047,Lewes 008C,Violence and sexual offences,Investigation complete; no suspect identified,
,2024-11,Sussex Police,Sussex Police,0.050307,50.793281,On or near Police Station,E01021048,Lewes 008D,Anti-social behaviour,,
,2024-11,Sussex Police,Sussex Police,0.051302,50.792661,On or near Chapel Street,E01021048,Lewes 008D,Anti-social behaviour,,
35929917d7d88079fd7a4f9220ec0327e2a8cc4ca7ebe71b29d32a4b312b85a2,2024-11,Sussex Police,Sussex Police,0.049128,50.792924,On or near Meeching Road,E01021048,Lewes 008D,Public order,Investigation complete; no suspect identified,
86f393febecc4d4edde8e47accc9441553ac4a43a219fbd1a6471825f426d92b,2024-11,Sussex Police,Sussex Police,0.050307,50.793281,On or near Police Station,E01021048,Lewes 008D,Vehicle crime,Investigation complete; no suspect identified,
cee440b0619041d264fd214b94df31d6b51e5c1bcea1da183064eea2ab4ecb55,2024-11,Sussex Police,Sussex Police,0.048807,50.792066,On or near Norman Road,E01021048,Lewes 008D,Violence and sexual offences,Investigation complete; no suspect identified,
520d96479b33b7a0252db62870a8fd1a2850d41bb76da24ea7e1ef00f2a8a2a2,2024-11,Sussex Police,Sussex Police,0.050655,50.791809,On or near Hill Side,E01021048,Lewes 008D,Violence and sexual offences,Unable to prosecute suspect,
3418ef09b44ca9c7747eae467ec9d4c293c32e0dab66593d9cf553cdb2a85a48,2024-11,Sussex Police,Sussex Police,0.048807,50.792066,On or near Norman Road,E01021048,Lewes 008D,Violence and sexual offences,Unable to prosecute suspect,
c7c66baa0920a8f62a2ee45d3765439bc8e84fc619969839d6aa91ae8ddc9ec3,2024-11,Sussex Police,Sussex Police,0.046825,50.793144,On or near Cloisters,E01021048,Lewes 008D,Violence and sexual offences,Local resolution,
8d58b99d8d38f3854568aa8ee1e47a8d01e819ac185f857e270f0314dc69d0b7,2024-11,Sussex Police,Sussex Police,0.049417,50.791408,On or near Bay Vue Road,E01021048,Lewes 008D,Violence and sexual offences,Status update unavailable,
3def655d85d89803e0f373dfb2aa2c34e81a9b1005b8de29a210fec5f93aacf4,2024-11,Sussex Police,Sussex Police,0.048807,50.792066,On or near Norman Road,E01021048,Lewes 008D,Violence and sexual offences,Unable to prosecute suspect,
e5d8462beeb8ec89785d5e85aa3606d047508d5613c23602ed5e43fce4b77e53,2024-11,Sussex Police,Sussex Police,0.050655,50.791809,On or near Hill Side,E01021048,Lewes 008D,Violence and sexual offences,Unable to prosecute suspect,
644769777ef5fe216714fb3a5980db3036c6961748d122e56284545b8c5b772f,2024-11,Sussex Police,Sussex Police,0.048807,50.792066,On or near Norman Road,E01021048,Lewes 008D,Violence and sexual offences,Unable to prosecute suspect,
,2024-11,Sussex Police,Sussex Police,0.043748,50.787667,On or near Gibbon Road,E01021044,Lewes 009A,Anti-social behaviour,,
,2024-11,Sussex Police,Sussex Police,0.037550,50.788369,On or near Southdown Close,E01021044,Lewes 009A,Anti-social behaviour,,
,2024-11,Sussex Police,Sussex Police,0.042162,50.790006,On or near Northdown Close,E01021044,Lewes 009A,Anti-social behaviour,,
,2024-11,Sussex Police,Sussex Police,0.043939,50.788797,On or near Western Road,E01021044,Lewes 009A,Anti-social behaviour,,
,2024-11,Sussex Police,Sussex Police,0.037550,50.788369,On or near Southdown Close,E01021044,Lewes 009A,Anti-social behaviour,,
,2024-11,Sussex Police,Sussex Police,0.039532,50.787939,On or near Southdown Road,E01021044,Lewes 009A,Anti-social behaviour,,
,2024-11,Sussex Police,Sussex Police,0.037550,50.788369,On or near Southdown Close,E01021044,Lewes 009A,Anti-social behaviour,,
,2024-11,Sussex Police,Sussex Police,0.042345,50.787377,On or near Hanson Road,E01021044,Lewes 009A,Anti-social behaviour,,
9dac3bf5d6f0f88f1ee93480eae77ce3e793704d96b2d5f3edea6a3b9c025bbf,2024-11,Sussex Police,Sussex Police,0.042345,50.787377,On or near Hanson Road,E01021044,Lewes 009A,Criminal damage and arson,Investigation complete; no suspect identified,
dcaceba1927e2a1ed1ce0c7d5fa9124b573b734be80b045558843cbff25c45ef,2024-11,Sussex Police,Sussex Police,0.043939,50.788797,On or near Western Road,E01021044,Lewes 009A,Criminal damage and arson,Investigation complete; no suspect identified,
85d9e7c7b52f054a7ee7560efc51f79fb6a22714c8240ef9354023ce397de4df,2024-11,Sussex Police,Sussex Police,0.043939,50.788797,On or near Western Road,E01021044,Lewes 009A,Criminal damage and arson,Local resolution,
6e651af08e72fc08de683b8ce03abc10f956e15f0aac9f329665c33535803136,2024-11,Sussex Police,Sussex Police,0.043939,50.788797,On or near Western Road,E01021044,Lewes 009A,Violence and sexual offences,Local resolution,
a601fc8ebab7c9b3fa0f1b62e6f5d1306a64e1de6ba5d51724d65cddf2b1c3c6,2024-11,Sussex Police,Sussex Police,0.038064,50.786148,On or near Harbour View Road,E01021044,Lewes 009A,Violence and sexual offences,Court result unavailable,
3d6a10e71ad62fef771a22298cb2775f96ae022f5381b4e5d6cdaddd7eee5152,2024-11,Sussex Police,Sussex Police,0.042345,50.787377,On or near Hanson Road,E01021044,Lewes 009A,Violence and sexual offences,Unable to prosecute suspect,
28bcb88136c04a3a3b95ca8d9bafc4b063d247af4e038f4295929034d4773770,2024-11,Sussex Police,Sussex Police,0.043939,50.788797,On or near Western Road,E01021044,Lewes 009A,Violence and sexual offences,Investigation complete; no suspect identified,
ce633cbf467e5e40cb938e6fe3290e9ca01e99668de6418f7844ac872816b159,2024-11,Sussex Police,Sussex Police,0.032506,50.784266,On or near Cornelius Avenue,E01021044,Lewes 009A,Violence and sexual offences,Unable to prosecute suspect,
,2024-11,Sussex Police,Sussex Police,0.050574,50.794517,On or near Bridge Street,E01021049,Lewes 009B,Anti-social behaviour,,
,2024-11,Sussex Police,Sussex Police,0.048048,50.794832,On or near Parking Area,E01021049,Lewes 009B,Anti-social behaviour,,
,2024-11,Sussex Police,Sussex Police,0.045010,50.792843,On or near Newfield Road,E01021049,Lewes 009B,Anti-social behaviour,,
aaf4d4dcb97c143cec52a3647975517993c11838329eafd5c4eee70513788b19,2024-11,Sussex Police,Sussex Police,0.043524,50.792932,On or near The Rose Walk,E01021049,Lewes 009B,Criminal damage and arson,Unable to prosecute suspect,
cb73fa236251622749d6cb79078b349adf75ec0a3c8f7a52f3cac396a8c30fcb,2024-11,Sussex Police,Sussex Police,0.043432,50.794076,On or near Murray Avenue,E01021049,Lewes 009B,Other theft,Further investigation is not in the public interest,
67708852d0c7da48df4418defae0d713181ce81c59dfa92f7d86a14a1feadf5c,2024-11,Sussex Police,Sussex Police,0.045880,50.794249,On or near Harpers Road,E01021049,Lewes 009B,Robbery,Investigation complete; no suspect identified,
31636022658b5a6f4cdacc56215b175b8c08fc880eda7441338012cfcd1fff90,2024-11,Sussex Police,Sussex Police,0.047860,50.794098,On or near North Lane,E01021049,Lewes 009B,Shoplifting,Local resolution,
d2d9fd404fbd8b131f22d9277f092e38548258941ef9567dbf2b213ac24ff6f0,2024-11,Sussex Police,Sussex Police,0.048744,50.794837,On or near Butchers Lane,E01021049,Lewes 009B,Shoplifting,Unable to prosecute suspect,
55a9cea6e34e02c5950358e9ec930b9b0656bd3dab8ee0422f7d71730df6ba80,2024-11,Sussex Police,Sussex Police,0.048744,50.794837,On or near Butchers Lane,E01021049,Lewes 009B,Violence and sexual offences,Unable to prosecute suspect,
9380b2c1ab1641abbe0c5553b9617283b13d8528bf9308cb6d8552b091e70d1e,2024-11,Sussex Police,Sussex Police,0.043432,50.794076,On or near Murray Avenue,E01021049,Lewes 009B,Violence and sexual offences,Unable to prosecute suspect,
5e5cc1f806e041d0aa0d723a30053afe0592595f12d30cf30aabbe7312fe43c0,2024-11,Sussex Police,Sussex Police,0.045010,50.792843,On or near Newfield Road,E01021049,Lewes 009B,Violence and sexual offences,Unable to prosecute suspect,
f5b454b30a47c42a6f6278f3cf72575ef97ec41c0f6ae9865094a6b914e740a8,2024-11,Sussex Police,Sussex Police,0.048744,50.794837,On or near Butchers Lane,E01021049,Lewes 009B,Violence and sexual offences,Unable to prosecute suspect,
,2024-11,Sussex Police,Sussex Police,0.033962,50.792002,On or near Rothwell Court,E01021050,Lewes 009C,Anti-social behaviour,,
f74279fb06e5a010a3d250337610dd9aff07f16e13fc19137274b1acb1071f09,2024-11,Sussex Police,Sussex Police,0.036786,50.792322,On or near Lewry Close,E01021050,Lewes 009C,Public order,Unable to prosecute suspect,
8ece6d6cf6423602f2e2fea1b59c3b548e9fa5d710f684688ef9b09b80433da2,2024-11,Sussex Police,Sussex Police,0.036786,50.792322,On or near Lewry Close,E01021050,Lewes 009C,Robbery,Investigation complete; no suspect identified,
47098fae8bcd988b47be4d0c96c9f1f8761c64a49a4768b8a9660d847db77f48,2024-11,Sussex Police,Sussex Police,0.041141,50.794575,On or near Fullwood Avenue,E01021050,Lewes 009C,Violence and sexual offences,Court result unavailable,
3b146bdb557cf81f1a94f7acf9e10b521e47090c528324b6594e0402cf155003,2024-11,Sussex Police,Sussex Police,0.036786,50.792322,On or near Lewry Close,E01021050,Lewes 009C,Violence and sexual offences,Investigation complete; no suspect identified,
f49cab8cbcc5d0f9191d36a94bd947c796629e4599a4dcec2cd25d48cc45d7e3,2024-11,Sussex Police,Sussex Police,0.034230,50.792618,On or near The Fairway,E01021050,Lewes 009C,Violence and sexual offences,Unable to prosecute suspect,
a5ebd90692edf496e8f032b2a7a72ed8c525c5f3f1d74dd30423e89c1cbd2226,2024-11,Sussex Police,Sussex Police,0.034635,50.792467,On or near Brazen Close,E01021050,Lewes 009C,Violence and sexual offences,Investigation complete; no suspect identified,
d129aaba6ee7ffcfa1b1877e2c2f58bb4d228c40882f5568fc855fe07a9ed6c0,2024-11,Sussex Police,Sussex Police,0.034230,50.792618,On or near The Fairway,E01021050,Lewes 009C,Violence and sexual offences,Awaiting court outcome,
f15ea2163ec92daee73c56a0e5207a48cb1a723fd75c37c2069c7f9ce75adb1b,2024-11,Sussex Police,Sussex Police,0.041141,50.794575,On or near Fullwood Avenue,E01021050,Lewes 009C,Violence and sexual offences,Court result unavailable,
91245c1d948a2bf95dd86197c123258680ff88e41c8341b44d9e803592f4cf98,2024-11,Sussex Police,Sussex Police,0.041141,50.794575,On or near Fullwood Avenue,E01021050,Lewes 009C,Violence and sexual offences,Unable to prosecute suspect,
76c3b3e413b0b253579f3316478a80bfe7fd07167c04d2486c5ee8dfa066274a,2024-11,Sussex Police,Sussex Police,0.034230,50.792618,On or near The Fairway,E01021050,Lewes 009C,Violence and sexual offences,Awaiting court outcome,
8633480cd99bcfef4ddc83f020d9020688920b149cef9c9b9586b3d82a6b720a,2024-11,Sussex Police,Sussex Police,0.034230,50.792618,On or near The Fairway,E01021050,Lewes 009C,Violence and sexual offences,Status update unavailable,
6333a928b28b67d1f0a7bae5f9cbfe5b6a2e345e4c49d9f65a2bed3375fc91e6,2024-11,Sussex Police,Sussex Police,0.034230,50.792618,On or near The Fairway,E01021050,Lewes 009C,Violence and sexual offences,Awaiting court outcome,
deb1ac5bad15910f287f6ab7384ae08d6ba08b6164a643d87c04cc42bf79d459,2024-11,Sussex Police,Sussex Police,0.036786,50.792322,On or near Lewry Close,E01021050,Lewes 009C,Violence and sexual offences,Unable to prosecute suspect,
a89d89a8703454e4f21e90ca727c9c00c07923334ae436c83f860a1002a8b056,2024-11,Sussex Police,Sussex Police,0.036786,50.792322,On or near Lewry Close,E01021050,Lewes 009C,Other crime,Unable to prosecute suspect,
9332eae5d7ea1a03f97784aa4ee7fb88702589cb023bae5c88d52ea1f3c9de61,2024-11,Sussex Police,Sussex Police,0.048827,50.796095,On or near Further/Higher Educational Building,E01021051,Lewes 009D,Criminal damage and arson,Investigation complete; no suspect identified,
1b39eb1ddbcdff1beee1e76b1334906e6d93b2f564fe3cf1c2d9d07cfe5eb2ff,2024-11,Sussex Police,Sussex Police,0.046324,50.796616,On or near Robinson Road,E01021051,Lewes 009D,Criminal damage and arson,Unable to prosecute suspect,
0a06c569750824852cf453b04fa52b0841c3cb11649965e728a3a54542604009,2024-11,Sussex Police,Sussex Police,0.045858,50.796336,On or near Elphick Road,E01021051,Lewes 009D,Violence and sexual offences,Action to be taken by another organisation,
5bfed5d40ad85be68b860ee4780b3eb78a951ac7db7ef211cc4eeccfde3b1b14,2024-11,Sussex Police,Sussex Police,0.046324,50.796616,On or near Robinson Road,E01021051,Lewes 009D,Violence and sexual offences,Unable to prosecute suspect,
c2941dc5a250ff61ff9a3b691b3c8f1120399c0d133c444fc8ca9283fbdabd8a,2024-11,Sussex Police,Sussex Police,0.045858,50.796336,On or near Elphick Road,E01021051,Lewes 009D,Violence and sexual offences,Unable to prosecute suspect,
6a308d14edcf6210fed4fa5021d631aa61fed7c8e411542f99e6b0284c773f3e,2024-11,Sussex Police,Sussex Police,0.042137,50.798542,On or near Lewes Road,E01021051,Lewes 009D,Violence and sexual offences,Unable to prosecute suspect,
dd844615ae7f58c40511c89ae37e438d43d762ed15841f925707c818ed3be1d8,2024-11,Sussex Police,Sussex Police,0.046324,50.796616,On or near Robinson Road,E01021051,Lewes 009D,Violence and sexual offences,Status update unavailable,
b4ddda43d97132d2a8512b12fd8c0e07421189380b6fda20473d1df491d6e981,2024-11,Sussex Police,Sussex Police,0.045858,50.796336,On or near Elphick Road,E01021051,Lewes 009D,Violence and sexual offences,Status update unavailable,
,2024-11,Sussex Police,Sussex Police,0.009714,50.790372,On or near Piddinghoe Avenue,E01021058,Lewes 010A,Anti-social behaviour,,
05bbbc22b3ed1fd29ff196f6d60d68949bb118c6dbdf39cd5af54fb9f1638151,2024-11,Sussex Police,Sussex Police,0.010453,50.793049,On or near Flint Way,E01021058,Lewes 010A,Burglary,Status update unavailable,
83751d925c9a1cfa857bb6b70daed365b7554defd9e15537add5e9e41c999e33,2024-11,Sussex Police,Sussex Police,0.004394,50.790734,On or near Bolney Avenue,E01021058,Lewes 010A,Criminal damage and arson,Investigation complete; no suspect identified,
f36d52eda6a8fff25873b7dcc174b6c063e744c3e96909a114bee2bcc673924d,2024-11,Sussex Police,Sussex Police,0.005638,50.793608,On or near Damon Close,E01021058,Lewes 010A,Public order,Unable to prosecute suspect,
63419258657e052a3271acd023bb1b0891831a394959dff59aa0fe14113634f6,2024-11,Sussex Police,Sussex Police,0.009452,50.791870,On or near Arundel Road,E01021058,Lewes 010A,Violence and sexual offences,Unable to prosecute suspect,
e9efdeaa11f8acfee2c18fc2465af186bf6d5f89490082b6f4d8e96740d476e7,2024-11,Sussex Police,Sussex Police,0.001683,50.790708,On or near Parking Area,E01021058,Lewes 010A,Violence and sexual offences,Unable to prosecute suspect,
bf8479eb151a2ff4c69c197a8736f2ceacc8b794861b4448fc6b9e57aa3850ee,2024-11,Sussex Police,Sussex Police,0.003486,50.791064,On or near Victoria Avenue,E01021058,Lewes 010A,Violence and sexual offences,Unable to prosecute suspect,
cb1565e1798a21d301192b02d02c9aba90d2d0bc6391f7e152b565bae5c48ed8,2024-11,Sussex Police,Sussex Police,0.005220,50.790468,On or near Supermarket,E01021058,Lewes 010A,Violence and sexual offences,Investigation complete; no suspect identified,
e543c01c199768fc00800b74cf185568f35b9ca18cf70c9ee812914b055dc4df,2024-11,Sussex Police,Sussex Police,0.003486,50.791064,On or near Victoria Avenue,E01021058,Lewes 010A,Violence and sexual offences,Unable to prosecute suspect,
,2024-11,Sussex Police,Sussex Police,0.001039,50.788911,On or near Parking Area,E01021059,Lewes 010B,Anti-social behaviour,,
88059c5596c50e65bc8fee38a3a75a57eb83be95df4c9de3bbed25ddc243f76f,2024-11,Sussex Police,Sussex Police,0.008348,50.787958,On or near Neville Road,E01021059,Lewes 010B,Vehicle crime,Investigation complete; no suspect identified,
,2024-11,Sussex Police,Sussex Police,0.019050,50.791686,On or near Cissbury Avenue,E01021060,Lewes 010C,Anti-social behaviour,,
,2024-11,Sussex Police,Sussex Police,0.022736,50.790300,On or near Abbey Avenue,E01021060,Lewes 010C,Anti-social behaviour,,
,2024-11,Sussex Police,Sussex Police,0.019050,50.791686,On or near Cissbury Avenue,E01021060,Lewes 010C,Anti-social behaviour,,
,2024-11,Sussex Police,Sussex Police,0.014922,50.792045,On or near Westview Close,E01021060,Lewes 010C,Anti-social behaviour,,
cb019d7a65a1a996e90837c729939853a2ffa64a525e15d7728988eac2df6866,2024-11,Sussex Police,Sussex Police,0.028325,50.788962,On or near Blakeney Avenue,E01021060,Lewes 010C,Criminal damage and arson,Court result unavailable,
8541f9177050b63119c17432fac447f09742a55d0e9de518483c0a59242491dd,2024-11,Sussex Police,Sussex Police,0.011817,50.793088,On or near Parking Area,E01021060,Lewes 010C,Drugs,Status update unavailable,
3951a20fa1cddff1fc0d63642d8a473a0e70e5d3eaff91d82fe7481091383c98,2024-11,Sussex Police,Sussex Police,0.019050,50.791686,On or near Cissbury Avenue,E01021060,Lewes 010C,Public order,Investigation complete; no suspect identified,
db612b71ffd16766a3bdd827e5de459ca028ed0bb0e88b29761cff3070c08334,2024-11,Sussex Police,Sussex Police,0.028325,50.788962,On or near Blakeney Avenue,E01021060,Lewes 010C,Violence and sexual offences,Status update unavailable,
a0ab4c8664409261875a04df9516e9b558d001aa3a979efcc63bd45c32e93dca,2024-11,Sussex Police,Sussex Police,0.028325,50.788962,On or near Blakeney Avenue,E01021060,Lewes 010C,Violence and sexual offences,Court result unavailable,
4fa05a9163e41fe14e4d791dc5f7a313f878b7bf78604802f038378ef34f60ed,2024-11,Sussex Police,Sussex Police,0.028325,50.788962,On or near Blakeney Avenue,E01021060,Lewes 010C,Violence and sexual offences,Unable to prosecute suspect,
fecda3e5939646d6dcddec8c87cef51ec8b37e18e9478a9f658426261c9275f7,2024-11,Sussex Police,Sussex Police,0.028325,50.788962,On or near Blakeney Avenue,E01021060,Lewes 010C,Violence and sexual offences,Court result unavailable,
e3448ac587eadfdb4e6183070947286be6128f07d816051b617123e70ca797fc,2024-11,Sussex Police,Sussex Police,0.028325,50.788962,On or near Blakeney Avenue,E01021060,Lewes 010C,Violence and sexual offences,Court result unavailable,
d1ca0634e117e8d8abaaaaaa25bb2c9ce0095626190162c67d433283c652e41f,2024-11,Sussex Police,Sussex Police,0.028325,50.788962,On or near Blakeney Avenue,E01021060,Lewes 010C,Violence and sexual offences,Status update unavailable,
934d1f2d079dffac968c041273bfd3c73acc53accccad71185226942aba3bf3f,2024-11,Sussex Police,Sussex Police,0.019050,50.791686,On or near Cissbury Avenue,E01021060,Lewes 010C,Violence and sexual offences,Status update unavailable,
673b0f0aff07d024626dce4a31c484f818797c5c1868491cc5852791899ae7d1,2024-11,Sussex Police,Sussex Police,0.017696,50.788912,On or near Searle Avenue,E01021060,Lewes 010C,Other crime,Awaiting court outcome,
,2024-11,Sussex Police,Sussex Police,0.007517,50.803001,On or near The Sparrows,E01021062,Lewes 010D,Anti-social behaviour,,
c34d9e0aaece86f306a8cd820fbc6042ca37c4fc6f8e9dcc412a1f10bbde231e,2024-11,Sussex Police,Sussex Police,0.006849,50.800009,On or near The Bricky,E01021062,Lewes 010D,Criminal damage and arson,Court result unavailable,
18ea2caca369132b0d574a9bb829be44aa172316068d6e7f10666b66fd9b1b99,2024-11,Sussex Police,Sussex Police,0.006849,50.800009,On or near The Bricky,E01021062,Lewes 010D,Criminal damage and arson,Court result unavailable,
b3358fd648e2e4f968af3d1ba43f886761668b703e08c2793a63bde284ba4cd4,2024-11,Sussex Police,Sussex Police,0.006498,50.798117,On or near View Road,E01021062,Lewes 010D,Vehicle crime,Status update unavailable,
73bc9a432cb19d3dfc36e4a60d937f27fa422519801610b389fd223fa20d4b82,2024-11,Sussex Police,Sussex Police,0.008493,50.799612,On or near Goldfinch Avenue,E01021062,Lewes 010D,Violence and sexual offences,Investigation complete; no suspect identified,
0c4c2595071ae6e929b4a3c557fa95aafadb2d316662c75fcc69b668fe1dfdf4,2024-11,Sussex Police,Sussex Police,0.009848,50.800785,On or near Swallow Close,E01021062,Lewes 010D,Violence and sexual offences,Unable to prosecute suspect,
,2024-11,Sussex Police,Sussex Police,0.098713,50.777868,On or near Belgrave Road,E01021069,Lewes 011A,Anti-social behaviour,,
7270e17d7591e68a328f18ba47f86dd0a65ef18b3dd2cf69c0b73eb7e0c4f171,2024-11,Sussex Police,Sussex Police,0.102825,50.774664,On or near Blatchington Road,E01021069,Lewes 011A,Burglary,Investigation complete; no suspect identified,
14beab9aa4533f897b2f0415f690929b40d72afaffd837ac268d11a672e190e3,2024-11,Sussex Police,Sussex Police,0.102825,50.774664,On or near Blatchington Road,E01021069,Lewes 011A,Drugs,Local resolution,
f89b37be7d7ffd5317964dfc1b267ee9d5d9e036bb3b29c59b546732bbdf5e8f,2024-11,Sussex Police,Sussex Police,0.115076,50.783382,On or near Lexden Drive,E01021075,Lewes 011B,Other theft,Unable to prosecute suspect,
7b56a674d599a29014704c27d48689b4a8b17fb32b4fee6e628aef5dddd9b817,2024-11,Sussex Police,Sussex Police,0.110328,50.779376,On or near Northcliffe Close,E01021077,Lewes 011C,Criminal damage and arson,Investigation complete; no suspect identified,
bb4f59456be540434140e07a756b041625e9fca34e48493232efaf793e834f23,2024-11,Sussex Police,Sussex Police,0.104567,50.785659,On or near Bowden Rise,E01021077,Lewes 011C,Other theft,Investigation complete; no suspect identified,
1163c7a662aef3735b7a89c3964f15cd9eb7b6410bcc3729ac8398c50359cf41,2024-11,Sussex Police,Sussex Police,0.094244,50.775934,On or near Claremont Road,E01021081,Lewes 011D,Criminal damage and arson,Court result unavailable,
a09d038c552b57930edde0e9de79b976112c51b1d87e0d8ef33537f7f19ad4dc,2024-11,Sussex Police,Sussex Police,0.089975,50.780408,On or near Buckle By-Pass,E01021081,Lewes 011D,Other theft,Status update unavailable,
c5535ad14aa9a9908f17c76b967e7dc3418e347f6294326005c4e2f3a31738bc,2024-11,Sussex Police,Sussex Police,0.089103,50.776764,On or near Queens Park Gardens,E01021081,Lewes 011D,Public order,Investigation complete; no suspect identified,
e0be1c2d19849c6b06c521a5c84bc531d25be4016ab9abf5fa55834263d6c068,2024-11,Sussex Police,Sussex Police,0.086019,50.782683,On or near Hill Rise,E01021081,Lewes 011D,Public order,Investigation complete; no suspect identified,
70b0990e42cd61c8a746fd3b2af7c2338050d072d16edbb3313c6b2eff404145,2024-11,Sussex Police,Sussex Police,0.092312,50.775870,On or near Parking Area,E01021081,Lewes 011D,Vehicle crime,Investigation complete; no suspect identified,
f354b79300e2e580aad127d651e931fd9292dabd02727ad732cb06c2be8837c2,2024-11,Sussex Police,Sussex Police,0.094244,50.775934,On or near Claremont Road,E01021081,Lewes 011D,Violence and sexual offences,Court result unavailable,
c9a77b7981c8a648a822a06c177569ce00447e81d4e1d80b1fad1c196491a2e2,2024-11,Sussex Police,Sussex Police,0.089975,50.780408,On or near Buckle By-Pass,E01021081,Lewes 011D,Violence and sexual offences,Unable to prosecute suspect,
f802387729f22a8ca4c0c8b00aeea24ec921968c866fe1aef281fa8d0e5fa27a,2024-11,Sussex Police,Sussex Police,0.089244,50.775781,On or near Albany Road,E01021082,Lewes 011E,Criminal damage and arson,Investigation complete; no suspect identified,
0bfb0f66c6de4619f41fc335fb6e2237271ade89b18f1f48b62d43da05d42c6e,2024-11,Sussex Police,Sussex Police,0.082606,50.779929,On or near Bishopstone,E01021082,Lewes 011E,Other theft,Investigation complete; no suspect identified,
89e80c7cdc2c7961a992a43ec8bbf8e5c9317a9a5c8c9f7ccdeced403fd234ca,2024-11,Sussex Police,Sussex Police,0.082335,50.777982,On or near Parking Area,E01021082,Lewes 011E,Possession of weapons,Court result unavailable,
3e81d465625afec5b2e434ccd555a750ab0b078c88bf4c5e1882b09b693f99bb,2024-11,Sussex Police,Sussex Police,0.082335,50.777982,On or near Parking Area,E01021082,Lewes 011E,Violence and sexual offences,Unable to prosecute suspect,
,2024-11,Sussex Police,Sussex Police,0.092194,50.780863,On or near Dukes Close,E01021083,Lewes 011F,Anti-social behaviour,,
,2024-11,Sussex Police,Sussex Police,0.121502,50.778976,On or near Blue Haze Avenue,E01021073,Lewes 012B,Anti-social behaviour,,
31df79f3c0677b0b1f317284084edc6a5cd7d8a2054cf36607c843517e3b7804,2024-11,Sussex Police,Sussex Police,0.124752,50.781498,On or near Seafield Close,E01021073,Lewes 012B,Violence and sexual offences,Unable to prosecute suspect,
9bd0ca74da9144c7767fd8fbf05445f9f70e7279b6d6428afce7823f46ed6434,2024-11,Sussex Police,Sussex Police,0.126274,50.779401,On or near Millberg Road,E01021073,Lewes 012B,Violence and sexual offences,Unable to prosecute suspect,
02e0a86358c30d886ec4d3d068a9e29098b410f8be8012d7eaf9464e5045d58e,2024-11,Sussex Police,Sussex Police,0.122411,50.775856,On or near Stoke Manor Close,E01021073,Lewes 012B,Violence and sexual offences,Action to be taken by another organisation,
cd50227b71cda7c3b0c7af7e293314ab48e94699a6cedf6cb017fd8b9be6ce86,2024-11,Sussex Police,Sussex Police,0.126274,50.779401,On or near Millberg Road,E01021073,Lewes 012B,Violence and sexual offences,Unable to prosecute suspect,
24a9e7b5753e79be7f4c01444a2e34d6255cea350e54fc336b6e6dc7f633fcbf,2024-11,Sussex Police,Sussex Police,0.122411,50.775856,On or near Stoke Manor Close,E01021073,Lewes 012B,Violence and sexual offences,Unable to prosecute suspect,
,2024-11,Sussex Police,Sussex Police,0.128717,50.777288,On or near Walmer Road,E01021074,Lewes 012C,Anti-social behaviour,,
7610b10b89a6fbdffc621710130c29d85d97926991d4099a36addefa6f5768b6,2024-11,Sussex Police,Sussex Police,0.130983,50.780332,On or near Hythe Close,E01021074,Lewes 012C,Criminal damage and arson,Unable to prosecute suspect,
3bea67ec67a7617625b68e36d897123e428dcef5888f667e41f21f28aeedec77,2024-11,Sussex Police,Sussex Police,0.128717,50.777288,On or near Walmer Road,E01021074,Lewes 012C,Public order,Investigation complete; no suspect identified,
8a8b2721a34db2c5a74f6edfb726344b6aaf64f13ab86403082577ddf273fd58,2024-11,Sussex Police,Sussex Police,0.129555,50.778874,On or near Cinque Ports Way,E01021074,Lewes 012C,Violence and sexual offences,Investigation complete; no suspect identified,
1ac7ae61caae0eca979d0be469f152b1827b45591868043e34ce4613aa4bf903,2024-11,Sussex Police,Sussex Police,0.130983,50.780332,On or near Hythe Close,E01021074,Lewes 012C,Violence and sexual offences,Unable to prosecute suspect,
60e4ee602efaa535e82a8a32a9167a5aac18aec441297af1e244583c82abab71,2024-11,Sussex Police,Sussex Police,0.126242,50.778709,On or near Rye Close,E01021074,Lewes 012C,Violence and sexual offences,Unable to prosecute suspect,
8ded50663c032c81de202e3d0bc431ff4979474e113a91dd11f9ae865c3f1379,2024-11,Sussex Police,Sussex Police,0.130415,50.782510,On or near Dover Close,E01021074,Lewes 012C,Other crime,Unable to prosecute suspect,
7224311a08fef58c5227d88f07bad3950b23bee401d5f7409ec099a05661b8f5,2024-11,Sussex Police,Sussex Police,0.115596,50.781700,On or near Quarry Lane,E01021076,Lewes 012D,Public order,Unable to prosecute suspect,
ee259eb1fb013826271010b59b598773bc4db8951f3dcf0d215dd01342a93e12,2024-11,Sussex Police,Sussex Police,0.119218,50.780213,On or near Vale Close,E01021076,Lewes 012D,Violence and sexual offences,Investigation complete; no suspect identified,
f44b3359b5dfa206f19d99606ce3fdd40ba07b117d2e93e4d21f13b4289986dc,2024-11,Sussex Police,Sussex Police,0.119218,50.780213,On or near Vale Close,E01021076,Lewes 012D,Violence and sexual offences,Status update unavailable,
e215863c89825c88d6a3e15501d42dbc6894dca16175b9b6f0097bcd4b4706e8,2024-11,Sussex Police,Sussex Police,0.120936,50.773365,On or near Manor Road,E01021078,Lewes 012E,Criminal damage and arson,Status update unavailable,
718240da55040916716c69e4baabbf1785ec214494cc000b111312b4eec80e95,2024-11,Sussex Police,Sussex Police,0.110993,50.766737,On or near Corsica Road,E01021078,Lewes 012E,Drugs,Local resolution,
098fc9cf7c5a7ee95bfbbb2ec4abdfd5f4292cf3e2fbb16c5b522b93b539433e,2024-11,Sussex Police,Sussex Police,0.114946,50.772313,On or near Headland Avenue,E01021078,Lewes 012E,Violence and sexual offences,Unable to prosecute suspect,
b10deb85ce29af3cda96628a32b19011ae94c1fb3dbffbb1f5d851e3c66f88e4,2024-11,Sussex Police,Sussex Police,0.118589,50.771330,On or near Arundel Road,E01021078,Lewes 012E,Violence and sexual offences,Unable to prosecute suspect,
d7b4b1c26998dbf96ab03b0e552ed0fbbf69375829de9628e4c3ee39befae2e8,2024-11,Sussex Police,Sussex Police,0.096305,50.774764,On or near St Crispians,E01021070,Lewes 013A,Other theft,Investigation complete; no suspect identified,
03c6a5cae00ec781bc30d3a7da38427874ac78bdd4f4a9c4e5e3230e0919c6d2,2024-11,Sussex Police,Sussex Police,0.110911,50.775310,On or near Milldown Road,E01021070,Lewes 013A,Violence and sexual offences,Unable to prosecute suspect,
3a7c3cca4bbc063b463d33608f516e34a152a20bbe6e9c1978103801223bfc7e,2024-11,Sussex Police,Sussex Police,0.096305,50.774764,On or near St Crispians,E01021070,Lewes 013A,Violence and sexual offences,Unable to prosecute suspect,
,2024-11,Sussex Police,Sussex Police,0.103567,50.773500,On or near Warwick Road,E01021071,Lewes 013B,Anti-social behaviour,,
,2024-11,Sussex Police,Sussex Police,0.103388,50.770760,On or near Saxon Lane,E01021071,Lewes 013B,Anti-social behaviour,,
,2024-11,Sussex Police,Sussex Police,0.103567,50.773500,On or near Warwick Road,E01021071,Lewes 013B,Anti-social behaviour,,
,2024-11,Sussex Police,Sussex Police,0.099223,50.771824,On or near Supermarket,E01021071,Lewes 013B,Anti-social behaviour,,
,2024-11,Sussex Police,Sussex Police,0.098310,50.771400,On or near Green Lane,E01021071,Lewes 013B,Anti-social behaviour,,
5da6cffd61a55ea8dcad020533db4cc2eb385e87a5092a1af2b1f4fa38c0dd5e,2024-11,Sussex Police,Sussex Police,0.099480,50.773133,On or near Parking Area,E01021071,Lewes 013B,Criminal damage and arson,Investigation complete; no suspect identified,
e8417935e5408835abedde64ae48fec8cf9a10487753943809d58d08b0846ce7,2024-11,Sussex Police,Sussex Police,0.102177,50.772859,On or near Broad Street,E01021071,Lewes 013B,Drugs,Local resolution,
644441b54ab0fd277ec95f190bd7990f8934ce2d9e0c0fd28234850aee3d680e,2024-11,Sussex Police,Sussex Police,0.102177,50.772859,On or near Broad Street,E01021071,Lewes 013B,Drugs,Status update unavailable,
953eebb1bf60eb3deb85d291940dc9c9bb7fb9367f0d635a056b797c5fd274dd,2024-11,Sussex Police,Sussex Police,0.099223,50.771824,On or near Supermarket,E01021071,Lewes 013B,Other theft,Investigation complete; no suspect identified,
5533d3defb8552ccb3919fefd6adb509bb867120e391aaf2c8f41c465c4db2ee,2024-11,Sussex Police,Sussex Police,0.102169,50.771420,On or near Church Lane,E01021071,Lewes 013B,Other theft,Investigation complete; no suspect identified,
f574e417709e9ec10c65e664c9eb37cd24eb5fd871011f8ad95057f0e4b83299,2024-11,Sussex Police,Sussex Police,0.101078,50.771431,On or near Church Street,E01021071,Lewes 013B,Public order,Investigation complete; no suspect identified,
9c4ee6f7b163a12349b01b3d437cc23b7f80288a1dfd6e920a84a9ec77ae147e,2024-11,Sussex Police,Sussex Police,0.099223,50.771824,On or near Supermarket,E01021071,Lewes 013B,Public order,Investigation complete; no suspect identified,
9641b806085a022a8723f8ef76987315d2e40e4f152bf211db1ceb1e763d7cda,2024-11,Sussex Police,Sussex Police,0.099223,50.771824,On or near Supermarket,E01021071,Lewes 013B,Shoplifting,Investigation complete; no suspect identified,
e21cd5aa097e02322d7400554b7fe5fe5796fda692fea574e762d9d97aa33927,2024-11,Sussex Police,Sussex Police,0.099223,50.771824,On or near Supermarket,E01021071,Lewes 013B,Shoplifting,Investigation complete; no suspect identified,
d07ce6ed033e12b290442ca4526caba5b1a9491ae86cfc75244e9c88635c9955,2024-11,Sussex Police,Sussex Police,0.099223,50.771824,On or near Supermarket,E01021071,Lewes 013B,Shoplifting,Investigation complete; no suspect identified,
805a1d4565d1477559d0a9627b68b7ffbb7e87ca0f4c2d93b80a4857a8ee5302,2024-11,Sussex Police,Sussex Police,0.099223,50.771824,On or near Supermarket,E01021071,Lewes 013B,Shoplifting,Investigation complete; no suspect identified,
014b7eab8f94ecb46b440e8b97198f507630b7b61dc44405625b4453401986fc,2024-11,Sussex Police,Sussex Police,0.099828,50.771408,On or near Pelham Road,E01021071,Lewes 013B,Violence and sexual offences,Unable to prosecute suspect,
010339b7f1ed3939ded898deec3a6f5c26b1970a7a905885853dd9622b2c20a6,2024-11,Sussex Police,Sussex Police,0.103567,50.773500,On or near Warwick Road,E01021071,Lewes 013B,Violence and sexual offences,Unable to prosecute suspect,
cde9f551bde18bf2b23a6bb1e17d8576029eecbd6210031b91e0097823db0d1b,2024-11,Sussex Police,Sussex Police,0.100878,50.769186,On or near Mallett Close,E01021071,Lewes 013B,Violence and sexual offences,Unable to prosecute suspect,
9c45a5a18b074d0044e0acd02dc2deef63611e6f622a7c50925df94f3a422fcf,2024-11,Sussex Police,Sussex Police,0.103567,50.773500,On or near Warwick Road,E01021071,Lewes 013B,Other crime,Unable to prosecute suspect,
,2024-11,Sussex Police,Sussex Police,0.105646,50.767994,On or near Cricketfield Road,E01021079,Lewes 013C,Anti-social behaviour,,
,2024-11,Sussex Police,Sussex Police,0.105646,50.767994,On or near Cricketfield Road,E01021079,Lewes 013C,Anti-social behaviour,,
,2024-11,Sussex Police,Sussex Police,0.105646,50.767994,On or near Cricketfield Road,E01021079,Lewes 013C,Anti-social behaviour,,
,2024-11,Sussex Police,Sussex Police,0.103035,50.771755,On or near Supermarket,E01021079,Lewes 013C,Anti-social behaviour,,
34fe73ffd7eff706d4e936433f02e68037d7a6498742c5aa41c40a9f8473bda4,2024-11,Sussex Police,Sussex Police,0.104316,50.773738,On or near Sutton Park Road,E01021079,Lewes 013C,Burglary,Investigation complete; no suspect identified,
341434248fe322868ff0a6b6aada5b2a16b104de0e533d568d717f5faba30247,2024-11,Sussex Police,Sussex Police,0.105646,50.767994,On or near Cricketfield Road,E01021079,Lewes 013C,Criminal damage and arson,Investigation complete; no suspect identified,
f96973c01e2e67424d696301b05bc965dd6ae8c5a40150940cd41fb5dfdc3686,2024-11,Sussex Police,Sussex Police,0.103620,50.770049,On or near Theatre/Concert Hall,E01021079,Lewes 013C,Other theft,Investigation complete; no suspect identified,
36d73ef650a461febee053e389f9cc2c3b6ffa16076a66b425f188f075777615,2024-11,Sussex Police,Sussex Police,0.105362,50.772091,On or near Mercread Road,E01021079,Lewes 013C,Public order,Investigation complete; no suspect identified,
b4c5f72122a907b2e1629b81083e84ed62df44457335f3dcebe21acc6b87c58f,2024-11,Sussex Police,Sussex Police,0.107120,50.769541,On or near Ashurst Road,E01021079,Lewes 013C,Other crime,Action to be taken by another organisation,
a96599609d40ccb1defd8887c42f3916936a866e7f6aed2556daba9280d63ab9,2024-11,Sussex Police,Sussex Police,0.114918,50.778304,On or near Haven Brow,E01021080,Lewes 013D,Criminal damage and arson,Investigation complete; no suspect identified,
0a7bab759b70755684def43e9ba145ed3952f49e867d0e6f7a63d0f12b708ca8,2024-11,Sussex Police,Sussex Police,0.107421,50.772764,On or near Cornfield Close,E01021080,Lewes 013D,Criminal damage and arson,Unable to prosecute suspect,
83092b8843038bcf6ed3f34b2763d0d134538edcc1931fa7c7bc9b057e79144f,2024-11,Sussex Police,Sussex Police,0.115275,50.779287,On or near Etherton Way,E01021080,Lewes 013D,Drugs,Unable to prosecute suspect,
beebcf4cd0b99b686e64f4c9cbd9d11884fbbbbd23bfb4ede7800272c74332ee,2024-11,Sussex Police,Sussex Police,0.109576,50.774021,On or near Meads Road,E01021080,Lewes 013D,Public order,Investigation complete; no suspect identified,
7675844de00a0bbc02bfb20e5a4581218aa2617d1d656596377ebacd1f58d8b7,2024-11,Sussex Police,Sussex Police,0.112119,50.770017,On or near Southdown Road,E01021080,Lewes 013D,Public order,Investigation complete; no suspect identified,
03a272953b4a3ef333efcedf4cb79c97b943ff6aa7d60895d6b7181cb6f6f6bd,2024-11,Sussex Police,Sussex Police,0.109576,50.774021,On or near Meads Road,E01021080,Lewes 013D,Violence and sexual offences,Unable to prosecute suspect,
555b6925cff798e898512d60e2c7201559c94cdb2d0eb61e8436585c57dd8bad,2024-11,Sussex Police,Sussex Police,0.112119,50.770017,On or near Southdown Road,E01021080,Lewes 013D,Violence and sexual offences,Investigation complete; no suspect identified,
,2024-11,Sussex Police,Sussex Police,-0.006325,51.132559,On or near Badgers Way,E01031731,Mid Sussex 001A,Anti-social behaviour,,
,2024-11,Sussex Police,Sussex Police,-0.006325,51.132559,On or near Badgers Way,E01031731,Mid Sussex 001A,Anti-social behaviour,,
,2024-11,Sussex Police,Sussex Police,-0.006325,51.132559,On or near Badgers Way,E01031731,Mid Sussex 001A,Anti-social behaviour,,
,2024-11,Sussex Police,Sussex Police,0.001420,51.136807,On or near Quarry Rise,E01031731,Mid Sussex 001A,Anti-social behaviour,,
,2024-11,Sussex Police,Sussex Police,0.001420,51.136807,On or near Quarry Rise,E01031731,Mid Sussex 001A,Anti-social behaviour,,
,2024-11,Sussex Police,Sussex Police,-0.006325,51.132559,On or near Badgers Way,E01031731,Mid Sussex 001A,Anti-social behaviour,,
,2024-11,Sussex Police,Sussex Police,0.001420,51.136807,On or near Quarry Rise,E01031731,Mid Sussex 001A,Anti-social behaviour,,
,2024-11,Sussex Police,Sussex Police,0.001420,51.136807,On or near Quarry Rise,E01031731,Mid Sussex 001A,Anti-social behaviour,,
,2024-11,Sussex Police,Sussex Police,0.001420,51.136807,On or near Quarry Rise,E01031731,Mid Sussex 001A,Anti-social behaviour,,
,2024-11,Sussex Police,Sussex Police,-0.004537,51.133239,On or near Greenstede Avenue,E01031731,Mid Sussex 001A,Anti-social behaviour,,
,2024-11,Sussex Police,Sussex Police,0.001420,51.136807,On or near Quarry Rise,E01031731,Mid Sussex 001A,Anti-social behaviour,,
614cf39fc5708869e4322d5f1adc959967aea9eeccf2fa917f56b6d0aecafa77,2024-11,Sussex Police,Sussex Police,-0.002430,51.138023,On or near The Weald,E01031731,Mid Sussex 001A,Burglary,Investigation complete; no suspect identified,
9ba39841fa62dc2388b90fe0d1d15c6e74fcc968adf10460f90fbb75a5b4662c,2024-11,Sussex Police,Sussex Police,-0.002417,51.134021,On or near Hospital,E01031731,Mid Sussex 001A,Other theft,Investigation complete; no suspect identified,
f24c0b282c698013bc5957a21836a7f511838d2d1533ab1abde038a9e32eee41,2024-11,Sussex Police,Sussex Police,-0.005511,51.135180,On or near St Margaret'S Road,E01031731,Mid Sussex 001A,Public order,Investigation complete; no suspect identified,
261165ef57dfbe6251321331fffbe561c83b69f3178e31421b1e41d8eea81297,2024-11,Sussex Police,Sussex Police,-0.005511,51.135180,On or near St Margaret'S Road,E01031731,Mid Sussex 001A,Public order,Unable to prosecute suspect,
1dfaaa6d647ab908fe88879c3e94bbc6184d240aabb0d7c57772be3d6aca366a,2024-11,Sussex Police,Sussex Police,-0.002900,51.135073,On or near Hospital,E01031731,Mid Sussex 001A,Public order,Offender given a caution,
314a8bea29cc25680653d217ec3ecb695a988974f9f22f1a49f8f2f1429d95e6,2024-11,Sussex Police,Sussex Police,-0.004537,51.133239,On or near Greenstede Avenue,E01031731,Mid Sussex 001A,Violence and sexual offences,Unable to prosecute suspect,
2056add7c75adc7eae3c754729da5d6ee378a091b1dc82fbe41df3dffd910d88,2024-11,Sussex Police,Sussex Police,0.000351,51.137544,On or near Holtye Avenue,E01031731,Mid Sussex 001A,Violence and sexual offences,Unable to prosecute suspect,
baf114fa36c3034fd324a0bf5a371a65f8888c3692a81be7765bdd217831a2ae,2024-11,Sussex Police,Sussex Police,0.000071,51.138340,On or near Hoskins Place,E01031731,Mid Sussex 001A,Violence and sexual offences,Unable to prosecute suspect,
7710cfcda5541eea6e8fb7b3d6e2d45a2ab0d2581e100a3efbe6f61c0d781202,2024-11,Sussex Police,Sussex Police,0.000351,51.137544,On or near Holtye Avenue,E01031731,Mid Sussex 001A,Violence and sexual offences,Unable to prosecute suspect,
6325d550e1994561970f8990d7b8de94744a117a428d6ea7184032b63662833c,2024-11,Sussex Police,Sussex Police,0.001420,51.136807,On or near Quarry Rise,E01031731,Mid Sussex 001A,Violence and sexual offences,Unable to prosecute suspect,
3724539641e1460663bcf34cab0a07c565ba8f4e199c8feeec544a4863240ff7,2024-11,Sussex Police,Sussex Police,-0.006325,51.132559,On or near Badgers Way,E01031731,Mid Sussex 001A,Violence and sexual offences,Unable to prosecute suspect,
2c8fc39968efab0f0739716081fb78f878afdce6aa238095e7ab389072e2e99d,2024-11,Sussex Police,Sussex Police,0.001420,51.136807,On or near Quarry Rise,E01031731,Mid Sussex 001A,Violence and sexual offences,Unable to prosecute suspect,
f6f76edf83b9ddce22a46896321d532af2db84e05416d6a4f2756120c8ee58da,2024-11,Sussex Police,Sussex Police,0.000351,51.137544,On or near Holtye Avenue,E01031731,Mid Sussex 001A,Violence and sexual offences,Unable to prosecute suspect,
,2024-11,Sussex Police,Sussex Police,-0.024260,51.135301,On or near Buckhurst Close,E01031732,Mid Sussex 001B,Anti-social behaviour,,
,2024-11,Sussex Police,Sussex Police,-0.024260,51.135301,On or near Buckhurst Close,E01031732,Mid Sussex 001B,Anti-social behaviour,,
860db6e21572adcee06cda60d060f426ff5294ada3a48c86ff99ff33e14a426a,2024-11,Sussex Police,Sussex Police,-0.029034,51.137657,On or near Birch Tree Gardens,E01031732,Mid Sussex 001B,Burglary,Investigation complete; no suspect identified,
546fb2d1024542b6f0f7fa4984e0fb9be8a3a76e9a6783fa9c9f10566e446b6a,2024-11,Sussex Police,Sussex Police,-0.026889,51.136676,On or near Oak Tree Close,E01031732,Mid Sussex 001B,Public order,Unable to prosecute suspect,
497a48d3cb311d7dc244c646eb7213164e5e996b883f9e3046a1d406f4b395bf,2024-11,Sussex Police,Sussex Police,-0.029034,51.137657,On or near Birch Tree Gardens,E01031732,Mid Sussex 001B,Vehicle crime,Investigation complete; no suspect identified,
daed8fb510ae0be7ae573384971313cd420576cd337b50fa8c52aca4fddc5b54,2024-11,Sussex Police,Sussex Police,-0.025762,51.133599,On or near Gwynne Gardens,E01031732,Mid Sussex 001B,Violence and sexual offences,Local resolution,
2f5fe768b0a05665c75f4d06776081aebe67b9674915c6e4c947b4e6605b8e0b,2024-11,Sussex Police,Sussex Police,-0.025762,51.133599,On or near Gwynne Gardens,E01031732,Mid Sussex 001B,Violence and sexual offences,Local resolution,
430943f6945e3baa19278b62b1f98af663fadd379b70d47d68ee33b47cf9bfa1,2024-11,Sussex Police,Sussex Police,-0.025630,51.136358,On or near Sackville Gardens,E01031732,Mid Sussex 001B,Violence and sexual offences,Investigation complete; no suspect identified,
a61027478f54b8df728e6756fa21763219e7c58a1428392ea17ca51ce782eb27,2024-11,Sussex Police,Sussex Police,-0.028357,51.133751,On or near Halsford Lane,E01031732,Mid Sussex 001B,Violence and sexual offences,Unable to prosecute suspect,
69796562fd5f4dac3e105e2d54c61ff28cbde9656e9359a12389b8ddb8d85c33,2024-11,Sussex Police,Sussex Police,-0.025762,51.133599,On or near Gwynne Gardens,E01031732,Mid Sussex 001B,Violence and sexual offences,Local resolution,
a5fd29b300c392c89fa33ec756d44c0cfd456f90a046a22cf1892800bd4e3da1,2024-11,Sussex Police,Sussex Police,-0.028357,51.133751,On or near Halsford Lane,E01031732,Mid Sussex 001B,Violence and sexual offences,Investigation complete; no suspect identified,
3eee1ddc996f8bead34615b7d693aaf6b557185177685fd729b3320c304b262e,2024-11,Sussex Police,Sussex Police,-0.028357,51.133751,On or near Halsford Lane,E01031732,Mid Sussex 001B,Violence and sexual offences,Unable to prosecute suspect,
,2024-11,Sussex Police,Sussex Police,-0.023524,51.137806,On or near Meadway Place,E01031733,Mid Sussex 001C,Anti-social behaviour,,
,2024-11,Sussex Police,Sussex Police,-0.023524,51.137806,On or near Meadway Place,E01031733,Mid Sussex 001C,Anti-social behaviour,,
7e40b1c26fb4270f4dd93f847264fb3209451b85f708f6f8dddc32b5696c58de,2024-11,Sussex Police,Sussex Police,-0.023524,51.137806,On or near Meadway Place,E01031733,Mid Sussex 001C,Criminal damage and arson,Investigation complete; no suspect identified,
2834dc2b183172248b4a7f5ffded513e83f4a54595651067d121326a0fba41e0,2024-11,Sussex Police,Sussex Police,-0.022966,51.133813,On or near Dorset Gardens,E01031733,Mid Sussex 001C,Criminal damage and arson,Investigation complete; no suspect identified,
0bb54dba79c5c73283a4898d1df10522274e7b644fb0f0f5d083338af4d7a2c3,2024-11,Sussex Police,Sussex Police,-0.017651,51.133084,On or near Chetnole,E01031733,Mid Sussex 001C,Other theft,Investigation complete; no suspect identified,
7794bda353c7d37f7d739d5295649232cce12837ef477fcc01ff5fa64a059b76,2024-11,Sussex Police,Sussex Police,-0.023524,51.137806,On or near Meadway Place,E01031733,Mid Sussex 001C,Other theft,Status update unavailable,
bbacc4515613c8a8e79b463aa405588cf577e1fb18e3d170af9735e582449bff,2024-11,Sussex Police,Sussex Police,-0.017422,51.131759,On or near Moor Place,E01031733,Mid Sussex 001C,Public order,Investigation complete; no suspect identified,
da411e76435dec22b6f117b023c26040242e777f0658682f291ea65342919f6d,2024-11,Sussex Police,Sussex Police,-0.015493,51.133426,On or near Charlwoods Business Centre,E01031733,Mid Sussex 001C,Public order,Investigation complete; no suspect identified,
75e4ff5b0b2ab7c56f69092b203be3c3d282e32144f4788893863b67cc49b507,2024-11,Sussex Police,Sussex Police,-0.016032,51.134172,On or near Durkins Road,E01031733,Mid Sussex 001C,Vehicle crime,Investigation complete; no suspect identified,
a78de757ef72b60a3652b884252097ad9c4a284e6c2b0ac26ce139097d980bcb,2024-11,Sussex Police,Sussex Police,-0.021630,51.133296,On or near Richmond Square,E01031733,Mid Sussex 001C,Violence and sexual offences,Unable to prosecute suspect,
ac198890c49aae84d7954a235f11a61904f5505b00e1a07b56107357a7294dd7,2024-11,Sussex Police,Sussex Police,-0.017974,51.136238,On or near Lingfield Road,E01031733,Mid Sussex 001C,Violence and sexual offences,Investigation complete; no suspect identified,
8a1241b7f02d907729ac0b23b151a00ddd466c08d5431535acdecd58d1c46a8a,2024-11,Sussex Police,Sussex Police,-0.022966,51.133813,On or near Dorset Gardens,E01031733,Mid Sussex 001C,Violence and sexual offences,Investigation complete; no suspect identified,
1f57d87d2222b143d882ba5a683afab6a7cab20dfb76229947c079cd5c0a8344,2024-11,Sussex Police,Sussex Police,-0.020549,51.130831,On or near Newlands Crescent,E01031733,Mid Sussex 001C,Violence and sexual offences,Unable to prosecute suspect,
2b90bf1c6fa909a529fadb266a7200ff78dbb654764f4d05d110d6a768a3a29a,2024-11,Sussex Police,Sussex Police,-0.017974,51.136238,On or near Lingfield Road,E01031733,Mid Sussex 001C,Violence and sexual offences,Unable to prosecute suspect,
,2024-11,Sussex Police,Sussex Police,-0.011443,51.136513,On or near Lambourn Close,E01031734,Mid Sussex 001D,Anti-social behaviour,,
0226fb213b62c7d3907f1cc2d780ddf29731d0b4b7c63cd6c6f64018cb55318a,2024-11,Sussex Police,Sussex Police,-0.014582,51.138653,On or near Eden Vale,E01031734,Mid Sussex 001D,Burglary,Investigation complete; no suspect identified,
,2024-11,Sussex Police,Sussex Police,-0.009437,51.131317,On or near Parking Area,E01031741,Mid Sussex 001E,Anti-social behaviour,,
,2024-11,Sussex Police,Sussex Police,-0.009437,51.131317,On or near Parking Area,E01031741,Mid Sussex 001E,Anti-social behaviour,,
,2024-11,Sussex Police,Sussex Police,-0.014971,51.127913,On or near St James'S Road,E01031741,Mid Sussex 001E,Anti-social behaviour,,
bb3e3cc6b3afb82fe9a25cc219bb4b5f8ed03a08bd2b65bffefc14f49f4a6988,2024-11,Sussex Police,Sussex Police,-0.014971,51.127913,On or near St James'S Road,E01031741,Mid Sussex 001E,Burglary,Investigation complete; no suspect identified,
f0497a65e060590ff002de9f67f0b385eda727576ec442aa68ebde0bf83b8462,2024-11,Sussex Police,Sussex Police,-0.009715,51.126834,On or near Parking Area,E01031741,Mid Sussex 001E,Criminal damage and arson,Investigation complete; no suspect identified,
85d91a007d56bdefeba4af905f82d643e81cf28596934449a6b7424a219b2a0f,2024-11,Sussex Police,Sussex Police,-0.006391,51.127362,On or near Sandy Lane,E01031741,Mid Sussex 001E,Possession of weapons,Investigation complete; no suspect identified,
010c7c63a6d2317941c12e423c5240108d0c0eee74901392ced94ea014e7760b,2024-11,Sussex Police,Sussex Police,-0.013515,51.130541,On or near Mason Close,E01031741,Mid Sussex 001E,Public order,Unable to prosecute suspect,
d0baf49374b293e59a698fadceaeb53a96adcba39ea97421a4c5c45e12b24d0d,2024-11,Sussex Police,Sussex Police,-0.014971,51.127913,On or near St James'S Road,E01031741,Mid Sussex 001E,Shoplifting,Investigation complete; no suspect identified,
62f73f3aa6ecc013cb6e6b264a2487ae25d9885c6eac9c93ee9d9f3cd52a1ce7,2024-11,Sussex Police,Sussex Police,-0.012591,51.127862,On or near Petrol Station,E01031741,Mid Sussex 001E,Shoplifting,Court result unavailable,
3272cfda91e97d1c51221ee50d9bf8fc1536c913a1053cd609cc5cf21180763d,2024-11,Sussex Police,Sussex Police,-0.015232,51.129824,On or near Supermarket,E01031741,Mid Sussex 001E,Theft from the person,Investigation complete; no suspect identified,
669f131c7563eb3a1324e5dc6f72d13ba48283b2cc1abb670078bd9673a9d56b,2024-11,Sussex Police,Sussex Police,-0.012591,51.127862,On or near Petrol Station,E01031741,Mid Sussex 001E,Violence and sexual offences,Court result unavailable,
a0552dea1e46ffb933fffe4bdaf2b1ad2089a2bc266927bc6a2318fb66df748f,2024-11,Sussex Police,Sussex Police,-0.013515,51.127879,On or near Further/Higher Educational Building,E01031741,Mid Sussex 001E,Violence and sexual offences,Offender given a caution,
5646bdea472642b9db9d0f15314fcadaf3cb3ee76be74bdfc8f3ad8a74295d39,2024-11,Sussex Police,Sussex Police,-0.013515,51.127879,On or near Further/Higher Educational Building,E01031741,Mid Sussex 001E,Violence and sexual offences,Unable to prosecute suspect,
cbe85df394183961b8025b0845f14d3e80503957582cecededff9a98a27df853,2024-11,Sussex Police,Sussex Police,-0.014352,51.129368,On or near Parking Area,E01031741,Mid Sussex 001E,Violence and sexual offences,Status update unavailable,
e4b80573234962096ed1d7304b9cb280fee0e5f5510dd110117ef253e545603f,2024-11,Sussex Police,Sussex Police,-0.010182,51.127625,On or near Parking Area,E01031741,Mid Sussex 001E,Violence and sexual offences,Investigation complete; no suspect identified,
4d59cfc5a2a138514778d3db6ccd59e96585fba04bd8b1dd745f4e861f132982,2024-11,Sussex Police,Sussex Police,-0.013515,51.130541,On or near Mason Close,E01031741,Mid Sussex 001E,Violence and sexual offences,Investigation complete; no suspect identified,
36ffc3058e8731be06aedbe4184e6b2bc0ea8050e9eb8e1f8d4f3a496b96b55e,2024-11,Sussex Police,Sussex Police,-0.006447,51.126401,On or near Chequer Road,E01031741,Mid Sussex 001E,Violence and sexual offences,Unable to prosecute suspect,
cf4b82824117328e03cdfdf849cf5a4a5aea82f982e9b12d9933439c951f8ce8,2024-11,Sussex Police,Sussex Police,-0.014971,51.127913,On or near St James'S Road,E01031741,Mid Sussex 001E,Other crime,Unable to prosecute suspect,
,2024-11,Sussex Police,Sussex Police,-0.016165,51.125073,On or near Pannell Close,E01031743,Mid Sussex 001G,Anti-social behaviour,,
,2024-11,Sussex Police,Sussex Police,-0.013481,51.126332,On or near Railway Approach,E01031743,Mid Sussex 001G,Anti-social behaviour,,
f86eed7b71cb26d75bd659e9e6b94ce58479076c001a70a2cd9ae7baccd21d36,2024-11,Sussex Police,Sussex Police,-0.008646,51.126438,On or near Nightclub,E01031743,Mid Sussex 001G,Criminal damage and arson,Status update unavailable,
8a8d7a1f8f3b310470973067edc7b512d612b61fce9c17101fb8d2296ae714e7,2024-11,Sussex Police,Sussex Police,-0.016444,51.122893,On or near West Hill,E01031743,Mid Sussex 001G,Criminal damage and arson,Investigation complete; no suspect identified,
9919cf90392a25edaf86611e0b379986afebca86e8b3232477c321f5a7644cc2,2024-11,Sussex Police,Sussex Police,-0.013481,51.126332,On or near Railway Approach,E01031743,Mid Sussex 001G,Drugs,Court result unavailable,
ca695291c52114be31f3ed840ff71b1824e2f1b1c9596d3e3e421128bf4c4f00,2024-11,Sussex Police,Sussex Police,-0.013648,51.126119,On or near Glen Vue,E01031743,Mid Sussex 001G,Other theft,Investigation complete; no suspect identified,
6c838a0331ad324225f2bc9b666aee331873f5a9e7eac6dcbdebb1baeddacb40,2024-11,Sussex Police,Sussex Police,-0.013792,51.125087,On or near Orchard Way,E01031743,Mid Sussex 001G,Other theft,Investigation complete; no suspect identified,
4bef10be1885b94231e554abc1407cd592824b020e6d3446382448b113ce59cd,2024-11,Sussex Police,Sussex Police,-0.013481,51.126332,On or near Railway Approach,E01031743,Mid Sussex 001G,Public order,Unable to prosecute suspect,
5fd3238eae688202bae4eb9abdc654b7dc0dc1f950f204a4be23dc906af9298d,2024-11,Sussex Police,Sussex Police,-0.012826,51.125961,On or near Parking Area,E01031743,Mid Sussex 001G,Public order,Unable to prosecute suspect,
6be780437c5f2434e9698cbe821310678c5cdeab6fed45db6ec994508770e011,2024-11,Sussex Police,Sussex Police,-0.017422,51.125748,On or near Supermarket,E01031743,Mid Sussex 001G,Shoplifting,Investigation complete; no suspect identified,
8fb855ed25e671c5377bed7baf43d6988ade9d46e762bdcb18feaa696d1b6b9c,2024-11,Sussex Police,Sussex Police,-0.008040,51.124908,On or near Rices Hill,E01031743,Mid Sussex 001G,Shoplifting,Investigation complete; no suspect identified,
fe45af67786ce9def880e7b322f319dd529f0dc730f25a0095a651a4d09b52c3,2024-11,Sussex Police,Sussex Police,-0.011265,51.124361,On or near Queensway,E01031743,Mid Sussex 001G,Shoplifting,Local resolution,
7fb7e9d37d6e7d9aa0a978420ba7e54cc9a67744ac889596441845624c0d0976,2024-11,Sussex Police,Sussex Police,-0.008040,51.124908,On or near Rices Hill,E01031743,Mid Sussex 001G,Shoplifting,Investigation complete; no suspect identified,
e122040617e1b97451e4b17f747cfa5a38badef97d4a1746a6be054015ca1e19,2024-11,Sussex Police,Sussex Police,-0.013792,51.125087,On or near Orchard Way,E01031743,Mid Sussex 001G,Violence and sexual offences,Unable to prosecute suspect,
f68f7f3c33f5ad028650d366032e0abcd435be13237a740cc9301c67234d6219,2024-11,Sussex Police,Sussex Police,-0.013648,51.126119,On or near Glen Vue,E01031743,Mid Sussex 001G,Violence and sexual offences,Investigation complete; no suspect identified,
,2024-11,Sussex Police,Sussex Police,-0.007994,51.126643,On or near Parking Area,E01035343,Mid Sussex 001H,Anti-social behaviour,,
,2024-11,Sussex Police,Sussex Police,-0.005899,51.123873,On or near High Street,E01035343,Mid Sussex 001H,Anti-social behaviour,,
6b3390f585ba83e5f8811a9879ec4538c6b03a0f5b6a538415db4dc25fa70844,2024-11,Sussex Police,Sussex Police,-0.010092,51.123387,On or near West View Gardens,E01035343,Mid Sussex 001H,Other theft,Status update unavailable,
e859b3e216aa967796da7b504d8af9b135b92d4909a31fcd6032b4cbada08cb0,2024-11,Sussex Police,Sussex Police,-0.010474,51.125139,On or near Further/Higher Educational Building,E01035343,Mid Sussex 001H,Other theft,Investigation complete; no suspect identified,
88373724a843fe82edd50e2fc5b6f3df2a113e521062f2e18cd3caeb7ab3d9a7,2024-11,Sussex Police,Sussex Police,-0.005899,51.123873,On or near High Street,E01035343,Mid Sussex 001H,Public order,Investigation complete; no suspect identified,
d9d530617450b9380bc9ee46908f6b5fe354402769950ff5df392f22c72752ba,2024-11,Sussex Police,Sussex Police,-0.010925,51.123635,On or near Supermarket,E01035343,Mid Sussex 001H,Shoplifting,Investigation complete; no suspect identified,
b63801626f8db97da89aa24e942401735c86c9622f116dc1965c5e4af49f9bae,2024-11,Sussex Police,Sussex Police,-0.010925,51.123635,On or near Supermarket,E01035343,Mid Sussex 001H,Shoplifting,Court result unavailable,
53617040beb84a5df5518d1b6328bc9cb949c9d418e42f3f56e4e730e6f20e9c,2024-11,Sussex Police,Sussex Police,-0.010925,51.123635,On or near Supermarket,E01035343,Mid Sussex 001H,Shoplifting,Investigation complete; no suspect identified,
a68ed8f28928e4a21f575c4edecc3f32e5008bbf02f6f60fa7f86f9728896af2,2024-11,Sussex Police,Sussex Police,-0.010925,51.123635,On or near Supermarket,E01035343,Mid Sussex 001H,Shoplifting,Investigation complete; no suspect identified,
898d5f67bcb188caf36af660207069a295edfc4134ab141e059ee7cb297c4515,2024-11,Sussex Police,Sussex Police,-0.010925,51.123635,On or near Supermarket,E01035343,Mid Sussex 001H,Shoplifting,Investigation complete; no suspect identified,
6d45c201be57dc9dfba689fc3fedb4d02ad2c59c75586179e65d1b3f84944e01,2024-11,Sussex Police,Sussex Police,-0.010474,51.125139,On or near Further/Higher Educational Building,E01035343,Mid Sussex 001H,Shoplifting,Local resolution,
67f72881ec8b26a63ff99b978505c88056df8097371ba864b4e2b5962859a7e1,2024-11,Sussex Police,Sussex Police,-0.010925,51.123635,On or near Supermarket,E01035343,Mid Sussex 001H,Shoplifting,Investigation complete; no suspect identified,
57a24b5a7a52fa843197b928cd61cee14b9a8f6069c8b9baaf884ffd9c74250e,2024-11,Sussex Police,Sussex Police,-0.010925,51.123635,On or near Supermarket,E01035343,Mid Sussex 001H,Shoplifting,Investigation complete; no suspect identified,
7e06c5bc1a5f0e8ea71f11bf7f814d903bed7fbfb37ce675bd73ecbdbccc4f2a,2024-11,Sussex Police,Sussex Police,-0.010925,51.123635,On or near Supermarket,E01035343,Mid Sussex 001H,Shoplifting,Status update unavailable,
0eb439e2d18d9214d00d0fcacadce23b0577c44ab1654b398b50a8b1a8b8f6f1,2024-11,Sussex Police,Sussex Police,-0.010925,51.123635,On or near Supermarket,E01035343,Mid Sussex 001H,Shoplifting,Investigation complete; no suspect identified,
79a880b2d00faed7bbb5050f971c2e9422dec7b5ccb2baa71edcbc288d33dc70,2024-11,Sussex Police,Sussex Police,-0.010092,51.123387,On or near West View Gardens,E01035343,Mid Sussex 001H,Theft from the person,Unable to prosecute suspect,
64beba34f18406133832f28893d1994ee09ae832079b888bd8d6e8c9e8adf239,2024-11,Sussex Police,Sussex Police,-0.008637,51.126312,On or near Little King Street,E01035343,Mid Sussex 001H,Vehicle crime,Investigation complete; no suspect identified,
ea3c5d667842afea150d5677423f089ab157e50d9fe75190ea460e662ed2e200,2024-11,Sussex Police,Sussex Police,-0.010474,51.125139,On or near Further/Higher Educational Building,E01035343,Mid Sussex 001H,Vehicle crime,Investigation complete; no suspect identified,
2d8a21ccf61e6db4431841d74351514a7eb817829aca44af67bcb808f9953cab,2024-11,Sussex Police,Sussex Police,-0.008254,51.123608,On or near Judges Close,E01035343,Mid Sussex 001H,Violence and sexual offences,Unable to prosecute suspect,
b7389df7d43c034c31019b4c6720fad447d6c5184e1969a04e161c87cb84557f,2024-11,Sussex Police,Sussex Police,-0.010474,51.125139,On or near Further/Higher Educational Building,E01035343,Mid Sussex 001H,Violence and sexual offences,Unable to prosecute suspect,
8b21a7083a43247a83360175b7edac505f4d8a0ae73ca283d23465618b896712,2024-11,Sussex Police,Sussex Police,-0.010474,51.125139,On or near Further/Higher Educational Building,E01035343,Mid Sussex 001H,Violence and sexual offences,Investigation complete; no suspect identified,
e2edcc4fccc7bc95e6d35111a1325c9fb24205558128b1ae1a36de0da75ac56b,2024-11,Sussex Police,Sussex Police,-0.011596,51.125643,On or near Dallaway Gardens,E01035343,Mid Sussex 001H,Violence and sexual offences,Investigation complete; no suspect identified,
fe5aab8683c02f6bc1c40d66baa7823432d7c018feebd67b6935d585ef1a149f,2024-11,Sussex Police,Sussex Police,-0.007139,51.125262,On or near Cantelupe Road,E01035343,Mid Sussex 001H,Violence and sexual offences,Unable to prosecute suspect,
,2024-11,Sussex Police,Sussex Police,-0.000726,51.122859,On or near Martyns Place,E01035344,Mid Sussex 001I,Anti-social behaviour,,
4b9b45f94b5466f415a1f52bbec39582d171bd427913a12749a8c97d0a46fd05,2024-11,Sussex Police,Sussex Police,-0.010290,51.122779,On or near Parking Area,E01035344,Mid Sussex 001I,Bicycle theft,Investigation complete; no suspect identified,
5ebbd555b1dfbe56e1fa125d2b093b403f026a7dcf43e042f855ebf7ac720fb2,2024-11,Sussex Police,Sussex Police,-0.010290,51.122779,On or near Parking Area,E01035344,Mid Sussex 001I,Bicycle theft,Investigation complete; no suspect identified,
80ecaeef31da9fc5077fe3e80a357bf28af1589293dc5209d530491dd4790f63,2024-11,Sussex Police,Sussex Police,0.001609,51.123664,On or near Warburton Close,E01035344,Mid Sussex 001I,Other theft,Investigation complete; no suspect identified,
234a141fa7dbbd2d2c1a41eb097b8b8941c0169be75c0775d38748e377a17c41,2024-11,Sussex Police,Sussex Police,0.001609,51.123664,On or near Warburton Close,E01035344,Mid Sussex 001I,Violence and sexual offences,Unable to prosecute suspect,
6e0c18b599cb828d1bd46483da41537cde83976dc5b80dc890f3c83c3be91634,2024-11,Sussex Police,Sussex Police,0.001609,51.123664,On or near Warburton Close,E01035344,Mid Sussex 001I,Violence and sexual offences,Further action is not in the public interest,
,2024-11,Sussex Police,Sussex Police,-0.135185,51.135243,On or near Langridge Way,E01031718,Mid Sussex 002A,Anti-social behaviour,,
,2024-11,Sussex Police,Sussex Police,-0.131706,51.141392,On or near Shipleybridge Lane,E01031718,Mid Sussex 002A,Anti-social behaviour,,
ee7af29545562cd8a83c603a51bdf083fbfd6dbc3f8eacdb7170b785ee8fd9fe,2024-11,Sussex Police,Sussex Police,-0.121791,51.138428,On or near Meadow Close,E01031718,Mid Sussex 002A,Burglary,Investigation complete; no suspect identified,
ce5971273e0f98ae8d93a2797afbec7f2699fb3884b9af8a8bc52ca3cf5a7578,2024-11,Sussex Police,Sussex Police,-0.124324,51.134107,On or near Border Chase,E01031718,Mid Sussex 002A,Public order,Unable to prosecute suspect,
9e96280782da3bdcc6f7095512a1758ac10517cac4d202bcadd5e0106a9fdf0d,2024-11,Sussex Police,Sussex Police,-0.124324,51.134107,On or near Border Chase,E01031718,Mid Sussex 002A,Public order,Local resolution,
a12e3499b4248df69295f3da1f291ff4d520b9e06acbd245c2a95becb71b4efd,2024-11,Sussex Police,Sussex Police,-0.124324,51.134107,On or near Border Chase,E01031718,Mid Sussex 002A,Public order,Local resolution,
223294fbddf2e4101b4b22d1ba5f5a240be7d55a42cf8cafdb6d759b904bbd92,2024-11,Sussex Police,Sussex Police,-0.123609,51.138718,On or near Meadow Approach,E01031718,Mid Sussex 002A,Theft from the person,Investigation complete; no suspect identified,
3c40df06b9d4d731897b01dcdeef3ec4d7d59547240f70b8ea33ce7ec733a0a6,2024-11,Sussex Police,Sussex Police,-0.133636,51.135002,On or near Payne Way,E01031718,Mid Sussex 002A,Violence and sexual offences,Unable to prosecute suspect,
2e6a0cb404dcb7eb1cb10b6309966c9ca70ca06a78f578688d8847541a456314,2024-11,Sussex Police,Sussex Police,-0.124324,51.134107,On or near Border Chase,E01031718,Mid Sussex 002A,Violence and sexual offences,Local resolution,
4d29ec9fe028d9753835a46b7de99ea0746117299c3483802c5e2cb6a18570c9,2024-11,Sussex Police,Sussex Police,-0.124324,51.134107,On or near Border Chase,E01031718,Mid Sussex 002A,Violence and sexual offences,Unable to prosecute suspect,
7e5e2056149f74c7d00fda3536fdc6daf1ad9d5dc1ea2d2987741c8bb8b2b69e,2024-11,Sussex Police,Sussex Police,-0.133241,51.130634,On or near Petrol Station,E01031719,Mid Sussex 002B,Criminal damage and arson,Investigation complete; no suspect identified,
af4ff496a6e7a6d6094a94cc342139de6127bdfc432199384802ee79f087add8,2024-11,Sussex Police,Sussex Police,-0.133241,51.130634,On or near Petrol Station,E01031719,Mid Sussex 002B,Vehicle crime,Investigation complete; no suspect identified,
07ca76e9fd461e4da638cc6f0ed8a7a04987008669ab0d3d6019789d5132c759,2024-11,Sussex Police,Sussex Police,-0.121028,51.134333,On or near Gorse Close,E01031719,Mid Sussex 002B,Violence and sexual offences,Status update unavailable,
d2947ef5dea4a4a57b9a42f93c0532b73fd41669266bc41988c02814c75c184f,2024-11,Sussex Police,Sussex Police,-0.104214,51.138621,On or near Lashmere,E01031720,Mid Sussex 002C,Criminal damage and arson,Awaiting court outcome,
e61ead36dd90a92c5fb2a47eb8747e114ab2ffc8c19e6a11cb5f4308532abe9c,2024-11,Sussex Police,Sussex Police,-0.104214,51.138621,On or near Lashmere,E01031720,Mid Sussex 002C,Criminal damage and arson,Court result unavailable,
087835226aae16759b29331086f1de36d51bfe735392aa119e727b284ad5cbd1,2024-11,Sussex Police,Sussex Police,-0.104214,51.138621,On or near Lashmere,E01031720,Mid Sussex 002C,Other theft,Investigation complete; no suspect identified,
7b28692c1ed094550068b8cd7ed6cba6ec2c4a395972c732622226d871e2e116,2024-11,Sussex Police,Sussex Police,-0.122837,51.140108,On or near Roffey'S Close,E01031720,Mid Sussex 002C,Vehicle crime,Investigation complete; no suspect identified,
a5f5727aff0be6ba5ceca9ce9a8aaaffa59c004616c271dc01b9bb651a836600,2024-11,Sussex Police,Sussex Police,-0.093178,51.136211,On or near A264,E01031720,Mid Sussex 002C,Vehicle crime,Status update unavailable,
9045ac9ba4297b0819d609c5e8aeacdcbb5d7087d1504fe19914b3c8732706b6,2024-11,Sussex Police,Sussex Police,-0.093252,51.138559,On or near West Park Road,E01031720,Mid Sussex 002C,Vehicle crime,Investigation complete; no suspect identified,
5bde2bc1db11b762894aef7000f7dbdb1226eeec1cc6a4940edd5480d965720e,2024-11,Sussex Police,Sussex Police,-0.104214,51.138621,On or near Lashmere,E01031720,Mid Sussex 002C,Violence and sexual offences,Unable to prosecute suspect,
2ed4b76bbc2c1488ee980ba662caae8a0a455aa21f68aa51e93109fb43a26036,2024-11,Sussex Police,Sussex Police,-0.118027,51.138520,On or near Lime Close,E01031720,Mid Sussex 002C,Violence and sexual offences,Investigation complete; no suspect identified,
9dc3fbe4e50449c47ad791b35f01dadc8bd4bed100150004bd5c265179482deb,2024-11,Sussex Police,Sussex Police,-0.097800,51.136088,On or near Cottage Place,E01031720,Mid Sussex 002C,Violence and sexual offences,Unable to prosecute suspect,
2812366a2c5c65fa9ff9f7d093fddfc6c0128ce6df6acfaf27d4bc002f135f75,2024-11,Sussex Police,Sussex Police,-0.104214,51.138621,On or near Lashmere,E01031720,Mid Sussex 002C,Violence and sexual offences,Local resolution,
2ca8422ea0e201f0bc6e210f0aadaab8c5f8aa16f18a8ae6dde6fa2ca64368aa,2024-11,Sussex Police,Sussex Police,-0.104214,51.138621,On or near Lashmere,E01031720,Mid Sussex 002C,Violence and sexual offences,Unable to prosecute suspect,
,2024-11,Sussex Police,Sussex Police,-0.130657,51.086548,On or near Sports/Recreation Area,E01031722,Mid Sussex 002D,Anti-social behaviour,,
,2024-11,Sussex Police,Sussex Police,-0.086376,51.108131,On or near Medway,E01031722,Mid Sussex 002D,Anti-social behaviour,,
,2024-11,Sussex Police,Sussex Police,-0.084867,51.101110,On or near Withypitts,E01031722,Mid Sussex 002D,Anti-social behaviour,,
07042a0487d341ff5730d8ed77537bcddc8665fed9735b52cc569e53c9a457d9,2024-11,Sussex Police,Sussex Police,-0.084867,51.101110,On or near Withypitts,E01031722,Mid Sussex 002D,Public order,Investigation complete; no suspect identified,
30742f00fc14242e0b133273281801e687e8f444b9d08441cfff65f4d9354298,2024-11,Sussex Police,Sussex Police,-0.084750,51.099777,On or near Sopers,E01031722,Mid Sussex 002D,Vehicle crime,Investigation complete; no suspect identified,
2b4c9992a3e8fa6110dd336fd10218daec5164c9a1080a8c02ef21fd04a46307,2024-11,Sussex Police,Sussex Police,-0.082853,51.104899,On or near Mount Lane,E01031722,Mid Sussex 002D,Violence and sexual offences,Investigation complete; no suspect identified,
9647deb87256bcbebd3304b766dd2f598b262d92fe0f3523f07863575ac52cca,2024-11,Sussex Police,Sussex Police,-0.085054,51.107633,On or near Hill House Close,E01031722,Mid Sussex 002D,Violence and sexual offences,Action to be taken by another organisation,
,2024-11,Sussex Police,Sussex Police,0.006414,51.122080,On or near Woodbury Close,E01031695,Mid Sussex 003A,Anti-social behaviour,,
c82430d9a2e8db46455464f0a2c5ea1154a0b9d96f2e3230bf0c3eebd021c84d,2024-11,Sussex Police,Sussex Police,0.016801,51.115471,On or near Windmill Lane,E01031695,Mid Sussex 003A,Drugs,Awaiting court outcome,
5aeb0d472d9ddcaeb1f1a11fc668a1b666ba040c7059c62784e3ef0f4cb623d3,2024-11,Sussex Police,Sussex Police,0.006587,51.124101,On or near Benchfield Close,E01031695,Mid Sussex 003A,Other crime,Unable to prosecute suspect,
afeedcf13dd5d4074f3364f020a78e12ae20010de289adbfe92e538d20b0d622,2024-11,Sussex Police,Sussex Police,0.022359,51.111211,On or near Park Lane,E01031696,Mid Sussex 003B,Violence and sexual offences,Unable to prosecute suspect,
3ae32c0a7b14fde59c9c95caddb2d9ab4f38147f2842e6eaa97bef55b9894a9f,2024-11,Sussex Police,Sussex Police,0.025543,51.112163,On or near Wray Close,E01031696,Mid Sussex 003B,Violence and sexual offences,Unable to prosecute suspect,
,2024-11,Sussex Police,Sussex Police,-0.002690,51.129997,On or near Parking Area,E01031729,Mid Sussex 003C,Anti-social behaviour,,
2dc87ffb3203a4e7a49d9e1bf8f7cbf7f894fb2e58d650783b1e9c5654a97333,2024-11,Sussex Police,Sussex Police,-0.002732,51.127381,On or near College Close,E01031729,Mid Sussex 003C,Burglary,Unable to prosecute suspect,
a6860ff01e3327e7237c058d1671e5e3dd52e317ff20f1fc4f4579296f62b18b,2024-11,Sussex Police,Sussex Police,0.010943,51.134233,On or near Ashurst Way,E01031729,Mid Sussex 003C,Violence and sexual offences,Unable to prosecute suspect,
680bfd4c36c48d64500a9c38e036fd1a2c37c9fab96cabbd2549bfd5f186fce9,2024-11,Sussex Police,Sussex Police,0.011564,51.136695,On or near Beacon Rise,E01031729,Mid Sussex 003C,Violence and sexual offences,Unable to prosecute suspect,
9391f22b10fabb408117625a56ddca7197baa9cc257603ea76239aa549f14b54,2024-11,Sussex Police,Sussex Police,0.008239,51.126941,On or near Waterside,E01031730,Mid Sussex 003D,Criminal damage and arson,Investigation complete; no suspect identified,
566b931b92ef24a1a7f9d0064558fb056d0343a42b4316f8853e0c898b5c036a,2024-11,Sussex Police,Sussex Police,0.006183,51.128289,On or near Chestnut Close,E01031730,Mid Sussex 003D,Vehicle crime,Investigation complete; no suspect identified,
ec368ccb668dd68494978a01921c8dfe2762622bed76a5dcfb7bfd7605b23034,2024-11,Sussex Police,Sussex Police,0.007015,51.126395,On or near Harmans Mead,E01031730,Mid Sussex 003D,Violence and sexual offences,Unable to prosecute suspect,
437c4f7e193047990f87273b2f1778b248088d92ab9fbcac511d8c249ebe7177,2024-11,Sussex Police,Sussex Police,-0.006767,51.119967,On or near Beckett Way,E01031735,Mid Sussex 003E,Violence and sexual offences,Unable to prosecute suspect,
,2024-11,Sussex Police,Sussex Police,-0.015373,51.103197,On or near Parking Area,E01031736,Mid Sussex 004A,Anti-social behaviour,,
,2024-11,Sussex Police,Sussex Police,-0.025432,51.118881,On or near Turner'S Hill Road,E01031736,Mid Sussex 004A,Anti-social behaviour,,
b759be9bd1ac7fad6cbb1d29617f46ce79e64174cf30b1fd9b179b145e8dbdb0,2024-11,Sussex Police,Sussex Police,-0.015714,51.118914,On or near Nightingale Close,E01031736,Mid Sussex 004A,Other theft,Investigation complete; no suspect identified,
614dbba3c18431a48502cf35a1f26da407fc6ca75eb443f92bb300dc4691ab3e,2024-11,Sussex Police,Sussex Police,-0.025432,51.118881,On or near Turner'S Hill Road,E01031736,Mid Sussex 004A,Public order,Investigation complete; no suspect identified,
92f7a5350c6592e66b801f35ce6a6e414343ff1dc69a67a24e2e8a931e023ba2,2024-11,Sussex Police,Sussex Police,-0.012964,51.120082,On or near Acorn Close,E01031736,Mid Sussex 004A,Vehicle crime,Investigation complete; no suspect identified,
5ae02f210f069e973adb3c021e5339bb20e3b1afad045c9fb564b9a9bb8abe7d,2024-11,Sussex Police,Sussex Police,-0.025432,51.118881,On or near Turner'S Hill Road,E01031736,Mid Sussex 004A,Violence and sexual offences,Unable to prosecute suspect,
bc70566f66ba68311182fb6c57045d4b111b0f28aa14fd31d03d68ee22362e9e,2024-11,Sussex Police,Sussex Police,-0.025432,51.118881,On or near Turner'S Hill Road,E01031736,Mid Sussex 004A,Violence and sexual offences,Unable to prosecute suspect,
cc33e1edbaeb91f970a9fe20b037b99590d4e56fb5bea636350044496563c921,2024-11,Sussex Police,Sussex Police,-0.025432,51.118881,On or near Turner'S Hill Road,E01031736,Mid Sussex 004A,Violence and sexual offences,Investigation complete; no suspect identified,
b23fb90b7fbf95860bc12ae37d83209692ab2cbb005869fa9e0ed074330c1ff1,2024-11,Sussex Police,Sussex Police,-0.022059,51.114894,On or near Coombe Hall Park,E01031736,Mid Sussex 004A,Violence and sexual offences,Unable to prosecute suspect,
,2024-11,Sussex Police,Sussex Police,-0.005788,51.113161,On or near Newton Avenue,E01031737,Mid Sussex 004B,Anti-social behaviour,,
0a0a56cfcf3fc9ef6cde92eaa0f40585d9036f809cc83f48ff4afae37ca983d7,2024-11,Sussex Police,Sussex Police,-0.005788,51.113161,On or near Newton Avenue,E01031737,Mid Sussex 004B,Other theft,Unable to prosecute suspect,
13106fcdc6fb5bb48f1f52b24458b0c0894b1d9dafd4b3ee8567aed52b98adeb,2024-11,Sussex Police,Sussex Police,-0.010561,51.114150,On or near Stockwell Road,E01031737,Mid Sussex 004B,Public order,Investigation complete; no suspect identified,
0ae21391ca3333fbacf4480d3a9ad888ae6b8144f53dd9a61bc7549bfb422388,2024-11,Sussex Police,Sussex Police,-0.007240,51.113626,On or near Faraday Avenue,E01031737,Mid Sussex 004B,Violence and sexual offences,Unable to prosecute suspect,
81d546b67af61f8d616ab3825634be9f8424d678c39426f2c3c4bf65a8ae4e14,2024-11,Sussex Police,Sussex Police,-0.034348,51.130345,On or near Newick Way,E01031738,Mid Sussex 004C,Drugs,Local resolution,
,2024-11,Sussex Police,Sussex Police,-0.017487,51.129233,On or near Garland Road,E01031739,Mid Sussex 004D,Anti-social behaviour,,
f99300a0fa90997d7ab5f02795846ad8983143ecf0240db2bfde79a02d9b4bc7,2024-11,Sussex Police,Sussex Police,-0.017487,51.129233,On or near Garland Road,E01031739,Mid Sussex 004D,Burglary,Investigation complete; no suspect identified,
ac33b576c26108b32b09c8112d1bbf9259741fbcac96dec466908da2d7ee241d,2024-11,Sussex Police,Sussex Police,-0.016038,51.130368,On or near Green Hedges Avenue,E01031739,Mid Sussex 004D,Burglary,Unable to prosecute suspect,
bc462cd605444678b91624f8b666002b6a2fb510052100d749e5a7d496157dd5,2024-11,Sussex Police,Sussex Police,-0.028891,51.125918,On or near Burns Way,E01031739,Mid Sussex 004D,Burglary,Investigation complete; no suspect identified,
eb3f77f8043018023020708bcbd65f807089a136ec39765314adb5c1f9acc10d,2024-11,Sussex Police,Sussex Police,-0.019120,51.129485,On or near Maypole Road,E01031739,Mid Sussex 004D,Criminal damage and arson,Investigation complete; no suspect identified,
4d20dd8211fca7984f8f0d334327e0097d940ed8538306d53d47f9fd9494d874,2024-11,Sussex Police,Sussex Police,-0.026908,51.124832,On or near Chaucer Avenue,E01031739,Mid Sussex 004D,Violence and sexual offences,Unable to prosecute suspect,
41996b9d8b878e3f85084cdd1810660a6a0ed296e160028d285fa26bfa81dcc8,2024-11,Sussex Police,Sussex Police,-0.019120,51.129485,On or near Maypole Road,E01031739,Mid Sussex 004D,Violence and sexual offences,Investigation complete; no suspect identified,
b0cbe661333fdd1ccfe59f2b3fef333807daa564d075507eaf0e462355207625,2024-11,Sussex Police,Sussex Police,-0.019120,51.129485,On or near Maypole Road,E01031739,Mid Sussex 004D,Violence and sexual offences,Unable to prosecute suspect,
,2024-11,Sussex Police,Sussex Police,-0.037141,51.138288,On or near The Feld,E01031740,Mid Sussex 004E,Anti-social behaviour,,
98773e6d6c126e56b70f3420a77481bbf7fd2351beeaa957c13503f8824956a4,2024-11,Sussex Police,Sussex Police,-0.032327,51.136534,On or near Petrol Station,E01031740,Mid Sussex 004E,Public order,Unable to prosecute suspect,
261647618a3641f0167153b9ea16b129425af7517d59dde81f7e85b5792610b9,2024-11,Sussex Police,Sussex Police,-0.035305,51.138113,On or near Redgarth Court,E01031740,Mid Sussex 004E,Shoplifting,Investigation complete; no suspect identified,
c782deca8eea093979218c2b2aa507585f57ef5cc5d388ad964200892b07502a,2024-11,Sussex Police,Sussex Police,-0.035305,51.138113,On or near Redgarth Court,E01031740,Mid Sussex 004E,Shoplifting,Investigation complete; no suspect identified,
87b178810fc31ca2a34e7b21afa6494fc4390ee1ab0968472a2db053659894c1,2024-11,Sussex Police,Sussex Police,-0.035305,51.138113,On or near Redgarth Court,E01031740,Mid Sussex 004E,Shoplifting,Investigation complete; no suspect identified,
d2f90f785504362ccd2f26c29177aca82b59578b3d586d9b24d5d3da80fd81c8,2024-11,Sussex Police,Sussex Police,-0.035305,51.138113,On or near Redgarth Court,E01031740,Mid Sussex 004E,Shoplifting,Investigation complete; no suspect identified,
792962d57e70ceb3e14646185136c1228c49445470ba577295ef7e9490a6e920,2024-11,Sussex Police,Sussex Police,-0.035305,51.138113,On or near Redgarth Court,E01031740,Mid Sussex 004E,Shoplifting,Investigation complete; no suspect identified,
75e4403940387e5db39cadc7796f5ee4d68b6ec6ebe7d093cef21aef53f52dfa,2024-11,Sussex Police,Sussex Police,-0.035305,51.138113,On or near Redgarth Court,E01031740,Mid Sussex 004E,Shoplifting,Investigation complete; no suspect identified,
8eefff0d5bb1228ad331b7304815b1d8d7536972b7bd3d363a51e503fc534781,2024-11,Sussex Police,Sussex Police,-0.035305,51.138113,On or near Redgarth Court,E01031740,Mid Sussex 004E,Shoplifting,Investigation complete; no suspect identified,
8841b986dd283fbd05d611aa3aae6574662f4518c6f6a8b03116f37ea0843c7c,2024-11,Sussex Police,Sussex Police,-0.035305,51.138113,On or near Redgarth Court,E01031740,Mid Sussex 004E,Shoplifting,Investigation complete; no suspect identified,
2106854c68dd69bb40248bd238704e8fee47653a26c20a03bcb6a3fe4e07dba0,2024-11,Sussex Police,Sussex Police,-0.101936,51.116785,On or near Wallage Lane,E01031721,Mid Sussex 005A,Burglary,Investigation complete; no suspect identified,
2da687ccd83f2e1b50cb80e1d2a95c4a01adf80e6739e66c15950a4a2bd3adc5,2024-11,Sussex Police,Sussex Police,-0.073235,51.121486,On or near Alder Close,E01031721,Mid Sussex 005A,Violence and sexual offences,Unable to prosecute suspect,
a33981639dd96e8c4fa69dbc1681f040a454816aa91c89f17cb00806b5002293,2024-11,Sussex Police,Sussex Police,-0.073648,51.120162,On or near Woodlands Close,E01031721,Mid Sussex 005A,Violence and sexual offences,Unable to prosecute suspect,
,2024-11,Sussex Police,Sussex Police,-0.082987,51.124443,On or near Gardner Lane,E01031723,Mid Sussex 005B,Anti-social behaviour,,
136ceeb19044fd5e10d3654e702b2d9f08270fe1b42311a53b41b052ef37c0df,2024-11,Sussex Police,Sussex Police,-0.084327,51.129367,On or near Park/Open Space,E01031723,Mid Sussex 005B,Drugs,Investigation complete; no suspect identified,
e507ded3c219a4ee44c3b3718e733db403bc728e859d93719a8d0799c5a7bfab,2024-11,Sussex Police,Sussex Police,-0.084327,51.129367,On or near Park/Open Space,E01031723,Mid Sussex 005B,Drugs,Investigation complete; no suspect identified,
53ad52667a038f11d245cd68fb961031074060f96dd9080bcfd809d7f3965a38,2024-11,Sussex Police,Sussex Police,-0.084327,51.129367,On or near Park/Open Space,E01031723,Mid Sussex 005B,Drugs,Investigation complete; no suspect identified,
ff5b604bda2d80a95ca0cc161d466dc7cafa0023651e2857024eb6a693812678,2024-11,Sussex Police,Sussex Police,-0.076794,51.142121,On or near Copthorne Road,E01031723,Mid Sussex 005B,Shoplifting,Investigation complete; no suspect identified,
89ae56295c834d9958122a9b322211b37d38c3e1ed5a0dc514ed654754cba759,2024-11,Sussex Police,Sussex Police,-0.076794,51.142121,On or near Copthorne Road,E01031723,Mid Sussex 005B,Shoplifting,Investigation complete; no suspect identified,
c143839b29b4ea37ec1f4222963fa48f21b3a91669098a596b42136fca08f062,2024-11,Sussex Police,Sussex Police,-0.073557,51.126797,On or near The Beckers,E01031723,Mid Sussex 005B,Violence and sexual offences,Unable to prosecute suspect,
0d0ebd7e6e750fa0593fc2116f2e460121e0057d5da8bffe1b60fb736bc5c899,2024-11,Sussex Police,Sussex Police,-0.089538,51.125342,On or near Wychwood Place,E01031723,Mid Sussex 005B,Violence and sexual offences,Unable to prosecute suspect,
86c1c9b43f56d5db753ee1549e7194d8d209e177e03b8cc76c6607345727af4e,2024-11,Sussex Police,Sussex Police,-0.069093,51.126238,On or near Pasture Wood Close,E01031724,Mid Sussex 005C,Public order,Unable to prosecute suspect,
,2024-11,Sussex Police,Sussex Police,-0.079940,51.121426,On or near Beech Gardens,E01031725,Mid Sussex 005D,Anti-social behaviour,,
5f886fba6308b8161b5798693d3c97e0010294d9f004e73e95f3ccc39c46399f,2024-11,Sussex Police,Sussex Police,-0.076778,51.120825,On or near Parking Area,E01031725,Mid Sussex 005D,Violence and sexual offences,Status update unavailable,
f8456eeaea72cfe645407695b403e66a0ec7edb50d94f3976b014269e38fa8aa,2024-11,Sussex Police,Sussex Police,-0.079940,51.121426,On or near Beech Gardens,E01031725,Mid Sussex 005D,Violence and sexual offences,Investigation complete; no suspect identified,
,2024-11,Sussex Police,Sussex Police,-0.083802,51.050848,On or near Holmans,E01031694,Mid Sussex 006A,Anti-social behaviour,,
3928d2f8ec63cc1d0809567739546b9574d3241f123850808c61dcdfd18d3a85,2024-11,Sussex Police,Sussex Police,-0.085159,51.057723,On or near Selsfield Road,E01031694,Mid Sussex 006A,Other theft,Investigation complete; no suspect identified,
412fe457f3e44ad398657a3c77e7e61a100fa08aeaa7dcd7780898aa2f91b37b,2024-11,Sussex Police,Sussex Police,-0.088953,51.052578,On or near Wakehurst Lane,E01031694,Mid Sussex 006A,Theft from the person,Investigation complete; no suspect identified,
0a90b844f9ee19620e79c9924dcbce313d26bbfb1a7fc3e2d9f194b95d3d6dad,2024-11,Sussex Police,Sussex Police,-0.077320,51.029247,On or near Park/Open Space,E01031694,Mid Sussex 006A,Vehicle crime,Investigation complete; no suspect identified,
9361372d737769585761f448c6ff7c4c1c5093bbd1f9156471646bc0690e0f6c,2024-11,Sussex Police,Sussex Police,-0.080656,51.050670,On or near Gowers Close,E01031694,Mid Sussex 006A,Violence and sexual offences,Local resolution,
b99958eb68110e66e77e213a884624201dba38dccec300c8abc8d19f622819a4,2024-11,Sussex Police,Sussex Police,-0.088986,51.038603,On or near College Road,E01031694,Mid Sussex 006A,Violence and sexual offences,Unable to prosecute suspect,
62acb0d8afcc480f77ee33ccf8343fe17fe5e012b35f8a3f6aef80418bf24616,2024-11,Sussex Police,Sussex Police,-0.030685,51.035971,On or near Rixons Close,E01031764,Mid Sussex 006B,Possession of weapons,Unable to prosecute suspect,
2d945d218913482c4b9a97fa5a7855dbf087c31033b8ca21475d7921d35d6096,2024-11,Sussex Police,Sussex Police,-0.036229,51.053610,On or near Cinder Hill,E01031764,Mid Sussex 006B,Violence and sexual offences,Investigation complete; no suspect identified,
049141225ac3fdd3fa7180d957b392b6af5f48558153ed0c5ba4bad0834fb323,2024-11,Sussex Police,Sussex Police,-0.050741,50.991053,On or near Petrol Station,E01031765,Mid Sussex 006C,Criminal damage and arson,Investigation complete; no suspect identified,
54a1193f6b24314b8dbe0b0cdecc136c4631c53f17ca287d11a793f5ff993b28,2024-11,Sussex Police,Sussex Police,-0.050099,50.992436,On or near Woodcutters,E01031765,Mid Sussex 006C,Other theft,Unable to prosecute suspect,
8168bf4e907874320e5f5d7091d24cc2eb103be1eab6a1727f4df6fda9dc8940,2024-11,Sussex Police,Sussex Police,-0.033650,51.021857,On or near Treemans Road,E01031765,Mid Sussex 006C,Robbery,Unable to prosecute suspect,
8b59e6c8c0257690822edf964e61a17980bb81062653c86ad454970d19ea4fb3,2024-11,Sussex Police,Sussex Police,-0.050759,50.990613,On or near Anchor Hill,E01031765,Mid Sussex 006C,Violence and sexual offences,Unable to prosecute suspect,
6b1d830d017b746cc0a36639d239ba488c294851308f46c9c116751ede4dedb4,2024-11,Sussex Police,Sussex Police,-0.056416,50.991993,On or near Awbrook Close,E01031765,Mid Sussex 006C,Violence and sexual offences,Investigation complete; no suspect identified,
849888b184ccc80b5ee2233da737712bb967703119a989e75b27a9ca4cc32dd5,2024-11,Sussex Police,Sussex Police,-0.056416,50.991993,On or near Awbrook Close,E01031765,Mid Sussex 006C,Violence and sexual offences,Investigation complete; no suspect identified,
d2b1547f05aabb8ab4c9ce435f1a401e3a480a6536e68856aea2da3c624caae5,2024-11,Sussex Police,Sussex Police,-0.050099,50.992436,On or near Woodcutters,E01031765,Mid Sussex 006C,Violence and sexual offences,Unable to prosecute suspect,
8e6fd51d2548a6635deceb4e1ae6f390e706a79fa1ff14b45a0ca2bd52572b6d,2024-11,Sussex Police,Sussex Police,-0.054157,51.023495,On or near Plummerden Lane,E01031765,Mid Sussex 006C,Other crime,Investigation complete; no suspect identified,
f86606ed6c4da10f34e1228e221484bf7abdf9f21aee773bb091a7ee1a8570e4,2024-11,Sussex Police,Sussex Police,-0.058192,51.053878,On or near Hammingden Lane,E01031766,Mid Sussex 006D,Burglary,Investigation complete; no suspect identified,
19da14488e05b7622a615f852b59afd851b671acb9d1d27d73525086d73b6fe7,2024-11,Sussex Police,Sussex Police,-0.059080,51.097807,On or near Vowels Lane,E01031766,Mid Sussex 006D,Burglary,Investigation complete; no suspect identified,
94555ff11275409ff6ec578b6cc2b889e665ecbb41b067af9e1df16589f04297,2024-11,Sussex Police,Sussex Police,-0.051169,51.089285,On or near Park/Open Space,E01031766,Mid Sussex 006D,Criminal damage and arson,Unable to prosecute suspect,
ecd140e2708825b9437a327d9df0c4c6ce422ab96fa1d3d4466a804f32f20162,2024-11,Sussex Police,Sussex Police,-0.053714,51.080712,On or near The Beacon,E01031766,Mid Sussex 006D,Violence and sexual offences,Action to be taken by another organisation,
43df91daf6fa637e0e01dd4f94dbf2737a82751617eda49e047b59503a7e16af,2024-11,Sussex Police,Sussex Police,-0.046720,51.076584,On or near Bayhams Field,E01031766,Mid Sussex 006D,Violence and sexual offences,Unable to prosecute suspect,
6a6de0ade56f90134a23127ba25605c187cb66cfb56dc2b006850dc4156d8242,2024-11,Sussex Police,Sussex Police,-0.037269,51.065472,On or near Horsted Lane,E01031766,Mid Sussex 006D,Violence and sexual offences,Local resolution,
7fcd89612b1a7e25639d54160863c8d2c6c013f1294ead40a692de92a85247e3,2024-11,Sussex Police,Sussex Police,-0.152300,51.076358,On or near High Street,E01031693,Mid Sussex 007B,Burglary,Investigation complete; no suspect identified,
f1b49abcc9c45c6d85f7a5dceb657ed9a7fdef09e5e86aea10aded46497dc1b8,2024-11,Sussex Police,Sussex Police,-0.152300,51.076358,On or near High Street,E01031693,Mid Sussex 007B,Burglary,Investigation complete; no suspect identified,
182f50950346f807e0df02a28a9e905ca7207b4f900d0f3fe20ee230d8274a71,2024-11,Sussex Police,Sussex Police,-0.135595,51.055822,On or near Newlands,E01031693,Mid Sussex 007B,Criminal damage and arson,Investigation complete; no suspect identified,
452c52285020094f47f34f8524216ea04263dd3168a900574d882f8541d2a60f,2024-11,Sussex Police,Sussex Police,-0.165479,51.060036,On or near Brantridge Park Drive,E01031693,Mid Sussex 007B,Violence and sexual offences,Unable to prosecute suspect,
04ed730744995b097f2ba551792e498fb9068c86f01e09ed3f7bd3bd4093a620,2024-11,Sussex Police,Sussex Police,-0.205036,50.990315,On or near Parking Area,E01031697,Mid Sussex 007C,Violence and sexual offences,Status update unavailable,
,2024-11,Sussex Police,Sussex Police,-0.170349,51.019041,On or near Sloughgreen Lane,E01031727,Mid Sussex 007D,Anti-social behaviour,,
a5136f31b4672951eb9b9efa15d2b38cb7c777314dff0c2b7a2344c8ecb7fb2c,2024-11,Sussex Police,Sussex Police,-0.176888,51.038935,On or near Sports/Recreation Area,E01031727,Mid Sussex 007D,Burglary,Investigation complete; no suspect identified,
d7103ff496b4be8ec51fd23bc025d7b61b84859336b605f56d8f838268d70561,2024-11,Sussex Police,Sussex Police,-0.178156,51.010826,On or near Broxmead Lane,E01031727,Mid Sussex 007D,Burglary,Investigation complete; no suspect identified,
716eb2189fe6762d84df90bd9a19c498cfa336b50415d1907128fd0e5bccfb9d,2024-11,Sussex Police,Sussex Police,-0.111947,51.025720,On or near Bordehill Lane,E01031727,Mid Sussex 007D,Vehicle crime,Investigation complete; no suspect identified,
0ebb792b391c5bb58e78e46942f60eafb3abbf108ff2cc0700d2f9e010d80ed3,2024-11,Sussex Police,Sussex Police,-0.172334,51.038097,On or near Park/Open Space,E01031727,Mid Sussex 007D,Violence and sexual offences,Unable to prosecute suspect,
5bca52bf9137ad52b07514d9c7148a712130b6227ebbb685b27df6a66fe16b92,2024-11,Sussex Police,Sussex Police,-0.162908,51.018619,On or near Staplefield Road,E01031727,Mid Sussex 007D,Violence and sexual offences,Investigation complete; no suspect identified,
49a2776eab59e9b69affc804cb0ed2fd5b2e0b11d246a7d242abf089bc641bc5,2024-11,Sussex Police,Sussex Police,-0.172334,51.038097,On or near Park/Open Space,E01031727,Mid Sussex 007D,Violence and sexual offences,Investigation complete; no suspect identified,
9b0e05f92e51c996e42faff9aabf19617745e585b16f1e39616e0e51848cbf2d,2024-11,Sussex Police,Sussex Police,-0.195172,51.083998,On or near Cherry Tree Avenue,E01035345,Mid Sussex 007E,Burglary,Investigation complete; no suspect identified,
2969fa584cef9eb5efd80f42b59034620030e1191b1c2a2b07ddfe3edd1b940c,2024-11,Sussex Police,Sussex Police,-0.195172,51.083998,On or near Cherry Tree Avenue,E01035345,Mid Sussex 007E,Burglary,Investigation complete; no suspect identified,
bc424d1676229756526f0344499a330a1951d7a4ef3cbf1bcefa3440ba3a9082,2024-11,Sussex Police,Sussex Police,-0.206863,51.082613,On or near Landau Close,E01035345,Mid Sussex 007E,Criminal damage and arson,Unable to prosecute suspect,
97680f8d6c8651be231390c0295903e1d5432526972eda370df426ef5c75464f,2024-11,Sussex Police,Sussex Police,-0.205204,51.083037,On or near Barn Close,E01035345,Mid Sussex 007E,Public order,Unable to prosecute suspect,
34c1388577e6f27b6d6a0ec339f3d41e74ed21a14ab99609fa987e4c85ff9548,2024-11,Sussex Police,Sussex Police,-0.199939,51.083313,On or near Motorway Service Area,E01035345,Mid Sussex 007E,Shoplifting,Court result unavailable,
193e2918b7fb714c6ad968feedb9762f65887239ac7b411576c8e13dda4bbc57,2024-11,Sussex Police,Sussex Police,-0.199939,51.083313,On or near Motorway Service Area,E01035345,Mid Sussex 007E,Vehicle crime,Investigation complete; no suspect identified,
5c1cbdc44ab457eb1e65d1e7f9986ecb32554e7972db58461b96dc884ec2547f,2024-11,Sussex Police,Sussex Police,-0.199939,51.083313,On or near Motorway Service Area,E01035345,Mid Sussex 007E,Vehicle crime,Investigation complete; no suspect identified,
02b999ab446e43df02d13cb6a11f9bc70829676b58da139ec0d88f616a581998,2024-11,Sussex Police,Sussex Police,-0.194878,51.085324,On or near Standford Brook Way,E01035345,Mid Sussex 007E,Violence and sexual offences,Status update unavailable,
d870d7ea62ba261e7e550c6bccdd277f8036261ee142b0f083b7de7026fffcd1,2024-11,Sussex Police,Sussex Police,-0.205204,51.083037,On or near Barn Close,E01035345,Mid Sussex 007E,Violence and sexual offences,Court result unavailable,
189deab5c470116f59980317c440c2410b183228bdc579eafaab74585e174210,2024-11,Sussex Police,Sussex Police,-0.205204,51.083037,On or near Barn Close,E01035345,Mid Sussex 007E,Violence and sexual offences,Unable to prosecute suspect,
1a1fd9d23d738068bce92ef4fdbf5e16ecc1b03a8df9fe12544b168b11074bbd,2024-11,Sussex Police,Sussex Police,-0.204780,51.081816,On or near The Squires,E01035345,Mid Sussex 007E,Violence and sexual offences,Investigation complete; no suspect identified,
5cb31f625ec159b61d15d5e68dfee1c51701b510890b02194217f732dd80ad5b,2024-11,Sussex Police,Sussex Police,-0.203923,51.080364,On or near Parking Area,E01035345,Mid Sussex 007E,Violence and sexual offences,Local resolution,
fbe1fb82f6adeaa49316c842db9aebb3c006958deb86c0100e13e2c7382c806c,2024-11,Sussex Police,Sussex Police,-0.203226,51.082503,On or near Cotsford,E01035345,Mid Sussex 007E,Other crime,Status update unavailable,
,2024-11,Sussex Police,Sussex Police,-0.200613,51.058208,On or near Buckingham Gate,E01035346,Mid Sussex 007F,Anti-social behaviour,,
,2024-11,Sussex Police,Sussex Police,-0.207100,51.050979,On or near Covert Mead,E01035346,Mid Sussex 007F,Anti-social behaviour,,
,2024-11,Sussex Police,Sussex Police,-0.207100,51.050979,On or near Covert Mead,E01035346,Mid Sussex 007F,Anti-social behaviour,,
4ad7030d151130a16cdd89f857fd6e7fee37afd379ed4278cb0ca85ce0040fc9,2024-11,Sussex Police,Sussex Police,-0.207100,51.050979,On or near Covert Mead,E01035346,Mid Sussex 007F,Possession of weapons,Unable to prosecute suspect,
48b30b1dd8f0af60de00bf65aa526742ac99c6cb3e008086b19a15597beecbb9,2024-11,Sussex Police,Sussex Police,-0.201044,51.055940,On or near Petrol Station,E01035346,Mid Sussex 007F,Vehicle crime,Investigation complete; no suspect identified,
09da6c2b41a42099782bdfe70e47f03bfdf3e106f8722c442c25d3707b1e85d0,2024-11,Sussex Police,Sussex Police,-0.207100,51.050979,On or near Covert Mead,E01035346,Mid Sussex 007F,Vehicle crime,Investigation complete; no suspect identified,
dccb893897c1b913b32a49b72ef4e7274045d83b3b32f0e9592ca7185efb0f31,2024-11,Sussex Police,Sussex Police,-0.207100,51.050979,On or near Covert Mead,E01035346,Mid Sussex 007F,Violence and sexual offences,Unable to prosecute suspect,
ecd55794675c53ee06cc23b1c7518349ce6d1d45f62d81590f3b876d5e2bbf9c,2024-11,Sussex Police,Sussex Police,-0.199107,51.055460,On or near High Street,E01035346,Mid Sussex 007F,Violence and sexual offences,Action to be taken by another organisation,
f082b7f93ee74bce7cb8e2a13c6fcb9ec24b9e1653564117ecb2c0eabefd185a,2024-11,Sussex Police,Sussex Police,-0.207100,51.050979,On or near Covert Mead,E01035346,Mid Sussex 007F,Violence and sexual offences,Unable to prosecute suspect,
a71d51648652ce013feced7224348aadeff8f1e99458fb60026d945fdffb641b,2024-11,Sussex Police,Sussex Police,-0.214758,51.045898,On or near Coos Lane,E01035346,Mid Sussex 007F,Violence and sexual offences,Investigation complete; no suspect identified,
92a4c4c771a5b84728a6d8595d78ebaa590f4cc0113940c84db6e383aebdfcc9,2024-11,Sussex Police,Sussex Police,-0.207100,51.050979,On or near Covert Mead,E01035346,Mid Sussex 007F,Violence and sexual offences,Unable to prosecute suspect,
fa86f020bcdeb8b83249d2acb89f20a92dfc737f5d6d6128ae12302a5c51b8ed,2024-11,Sussex Police,Sussex Police,-0.207100,51.050979,On or near Covert Mead,E01035346,Mid Sussex 007F,Violence and sexual offences,Unable to prosecute suspect,
,2024-11,Sussex Police,Sussex Police,-0.080396,50.994809,On or near Maple Close,E01031758,Mid Sussex 008A,Anti-social behaviour,,
4881777aa0d3f3d90ff9009a3edb85a774eceba58fb92350ddb3fa6e781e88d8,2024-11,Sussex Police,Sussex Police,-0.079204,50.996426,On or near Sylvan Close,E01031758,Mid Sussex 008A,Violence and sexual offences,Unable to prosecute suspect,
35e2b9573147ef475de97bea78a21ab5cc05017007f71e57786a56a7df137f41,2024-11,Sussex Police,Sussex Police,-0.097040,51.009821,On or near Summerhill Close,E01031760,Mid Sussex 008B,Other theft,Unable to prosecute suspect,
40c6f6bbd3def092e99277424bb93c6e24946577f330d339e77791bcfeaba10c,2024-11,Sussex Police,Sussex Police,-0.077562,51.013387,On or near Dukes Road,E01031772,Mid Sussex 008C,Criminal damage and arson,Unable to prosecute suspect,
58b3b44767113bb5a5a97be26c8bc6661fba36242e16298c5a56e79cd7eadd4b,2024-11,Sussex Police,Sussex Police,-0.081816,51.012216,On or near Supermarket,E01031772,Mid Sussex 008C,Drugs,Local resolution,
78d1b0067d390f252b2cdab70a44d3444e6c86e70d83f44053d69c20805ed59a,2024-11,Sussex Police,Sussex Police,-0.079499,51.013086,On or near Alma Road,E01031772,Mid Sussex 008C,Other theft,Investigation complete; no suspect identified,
e17bdf4788c8a8d2384951c0a65e91159704525c944a2ced787f660b603d1e98,2024-11,Sussex Police,Sussex Police,-0.079499,51.013086,On or near Alma Road,E01031772,Mid Sussex 008C,Other theft,Investigation complete; no suspect identified,
565ad85575b15f2c95e106685afa241cced608e7fd3cbfcabbf56726567afe2a,2024-11,Sussex Police,Sussex Police,-0.082350,51.013088,On or near Parking Area,E01031772,Mid Sussex 008C,Public order,Investigation complete; no suspect identified,
13c20af8b17a67cb5708828f0d3ad41e2227e27d1c77f23c3d15526122c3a40e,2024-11,Sussex Police,Sussex Police,-0.081816,51.012216,On or near Supermarket,E01031772,Mid Sussex 008C,Shoplifting,Investigation complete; no suspect identified,
7b2d63b2ca2b2b2e55a1e17235c4d843b4ac59e2ad354987f0de078a9f9bc2f5,2024-11,Sussex Police,Sussex Police,-0.081816,51.012216,On or near Supermarket,E01031772,Mid Sussex 008C,Shoplifting,Investigation complete; no suspect identified,
8636beddb7cac9f5bff5cca1e235e481385b5b8aa526bc1b39c876fa4d7153a2,2024-11,Sussex Police,Sussex Police,-0.077562,51.013387,On or near Dukes Road,E01031772,Mid Sussex 008C,Violence and sexual offences,Unable to prosecute suspect,
c6bd70ec265c97910f85ea7d712fe1b04810909064b4bd69e087b29255995510,2024-11,Sussex Police,Sussex Police,-0.077605,51.011670,On or near Newton Close,E01031772,Mid Sussex 008C,Violence and sexual offences,Unable to prosecute suspect,
7131c3d2c13a4bbc995e30bdb6d1a4d48fee9570124749b7054f1e18e44723d6,2024-11,Sussex Police,Sussex Police,-0.079587,51.010615,On or near Lewes Road,E01031773,Mid Sussex 008D,Drugs,Court result unavailable,
b673a07e3b8e533ef4d936a80b3daa07fed37c26c0683e3c2ac4108f634edbc8,2024-11,Sussex Police,Sussex Police,-0.085877,51.013308,On or near The Glebe,E01031773,Mid Sussex 008D,Other theft,Investigation complete; no suspect identified,
a91fa8ad551da7cde9d850d6ac458d1480e0ca9df42994ce1230adffc6f00d1d,2024-11,Sussex Police,Sussex Police,-0.079587,51.010615,On or near Lewes Road,E01031773,Mid Sussex 008D,Possession of weapons,Unable to prosecute suspect,
14549f56632e99220b4311630b7d1c5ef131d7320c0dcbf9bade7f92c9294dd5,2024-11,Sussex Police,Sussex Police,-0.081046,51.009104,On or near Sports/Recreation Area,E01031773,Mid Sussex 008D,Violence and sexual offences,Unable to prosecute suspect,
3d0cf0b83378c8477c3bac783952125a16ed0e571273135e4087fa37246603ac,2024-11,Sussex Police,Sussex Police,-0.083701,51.008695,On or near Linden Grove,E01031773,Mid Sussex 008D,Violence and sexual offences,Unable to prosecute suspect,
8992c12803eed641a37b0d971d3f885dd97090ba5590a05490bbe82504203e99,2024-11,Sussex Police,Sussex Police,-0.079587,51.010615,On or near Lewes Road,E01031773,Mid Sussex 008D,Other crime,Unable to prosecute suspect,
36f748ba92c8f7c86bf93c992fafb75ba0511f8fa82131ddeb07d2c1b5d09011,2024-11,Sussex Police,Sussex Police,-0.079587,51.010615,On or near Lewes Road,E01031773,Mid Sussex 008D,Other crime,Unable to prosecute suspect,
68e0d5f07ce69489c5da33afeb121325c671b0218293289541ceeed9a3e90bd3,2024-11,Sussex Police,Sussex Police,-0.077680,51.004666,On or near Saffron Close,E01031774,Mid Sussex 008E,Drugs,Investigation complete; no suspect identified,
e54cdba860b27674c824d96c62fbdf3ac14b926dc17973318d33574a9808a1cc,2024-11,Sussex Police,Sussex Police,-0.077186,51.007311,On or near Kidbrook,E01031774,Mid Sussex 008E,Other theft,Investigation complete; no suspect identified,
4a35c11954a6227ee4d8e5676b182e88620396b741fdef584a3557127d78fe74,2024-11,Sussex Police,Sussex Police,-0.078167,51.000834,On or near Holbeck Walk,E01031774,Mid Sussex 008E,Violence and sexual offences,Unable to prosecute suspect,
839f570136c0fc79f91d1c8527de09de3d256290722d68c6e8fd6e5b499355da,2024-11,Sussex Police,Sussex Police,-0.082635,51.016555,On or near The Welkin,E01031775,Mid Sussex 008F,Vehicle crime,Investigation complete; no suspect identified,
,2024-11,Sussex Police,Sussex Police,-0.101888,50.996527,On or near B2272,E01031751,Mid Sussex 009A,Anti-social behaviour,,
,2024-11,Sussex Police,Sussex Police,-0.101888,50.996527,On or near B2272,E01031751,Mid Sussex 009A,Anti-social behaviour,,
,2024-11,Sussex Police,Sussex Police,-0.101808,50.994646,On or near Gower Road,E01031751,Mid Sussex 009A,Anti-social behaviour,,
f3e6c29c2a2a3a64049f9ec83f1ee5be1492c5e0946324e4c01b7e190edf11e6,2024-11,Sussex Police,Sussex Police,-0.096308,50.993576,On or near Petlands Gardens,E01031751,Mid Sussex 009A,Criminal damage and arson,Unable to prosecute suspect,
16f7ff329ca3a0a74dad02e3f2166d6a579a462c08fcc72332705a90f4d0ab03,2024-11,Sussex Police,Sussex Police,-0.094632,50.991355,On or near Highland Road,E01031751,Mid Sussex 009A,Criminal damage and arson,Unable to prosecute suspect,
c7f348cc77c80194ff234dcf5e9295187a336121d15690206d1efcf73b6b67a7,2024-11,Sussex Police,Sussex Police,-0.101888,50.996527,On or near B2272,E01031751,Mid Sussex 009A,Other theft,Investigation complete; no suspect identified,
40f179ad9d44d4ede6e7589a422c7338bebba736245892f7d5619ffcfe002f67,2024-11,Sussex Police,Sussex Police,-0.096308,50.993576,On or near Petlands Gardens,E01031751,Mid Sussex 009A,Public order,Unable to prosecute suspect,
2f39890b00c9d619c918bcbcd4f9be8fa6aa95f24fd914c07d6ef44565af0907,2024-11,Sussex Police,Sussex Police,-0.098764,50.991026,On or near King'S Road,E01031751,Mid Sussex 009A,Shoplifting,Investigation complete; no suspect identified,
a92915852bcb104b1e17555df7913ec621969d5d880075a2f6e54dc24dfae0c9,2024-11,Sussex Police,Sussex Police,-0.103845,50.996766,On or near Parking Area,E01031751,Mid Sussex 009A,Shoplifting,Investigation complete; no suspect identified,
b434ca87ed99c5580f218d0c40bcc3823172214c096a4a4d2ff333ff12aeaacf,2024-11,Sussex Police,Sussex Police,-0.098407,50.990346,On or near St Francis Close,E01031751,Mid Sussex 009A,Violence and sexual offences,Awaiting court outcome,
7c702d5f36477fd642af90658f3cafd502a0a1ddaaec18bc516780abd91af3bf,2024-11,Sussex Police,Sussex Police,-0.101866,50.995654,On or near Parking Area,E01031751,Mid Sussex 009A,Violence and sexual offences,Investigation complete; no suspect identified,
4ebda3f0e1f3c6d25b5201f3c27bdfb3e0ad139370533a40799688e6ef531e4d,2024-11,Sussex Police,Sussex Police,-0.099674,50.994899,On or near Parking Area,E01031751,Mid Sussex 009A,Violence and sexual offences,Unable to prosecute suspect,
cc9dc1f2188ae15b1c5f8b442d21003775b4216a7547f378b86ecbfda114f9c7,2024-11,Sussex Police,Sussex Police,-0.098978,50.992397,On or near St Edmund'S Road,E01031751,Mid Sussex 009A,Violence and sexual offences,Unable to prosecute suspect,
b6dc1a30235270950729dda0b9b98292626d15a14f01dc9bf5cd11369b44d67f,2024-11,Sussex Police,Sussex Police,-0.104312,51.006279,On or near Petrol Station,E01031759,Mid Sussex 009B,Other theft,Investigation complete; no suspect identified,
5d28fc05df27741914752e386a2a90c9973546765c42c84bb67675c573f16d84,2024-11,Sussex Police,Sussex Police,-0.102992,51.007184,On or near Gordon Close,E01031759,Mid Sussex 009B,Other theft,Investigation complete; no suspect identified,
5f05514544bb3fdc4361234aa581b2168b990c4554929cf4634c19969f8a0e08,2024-11,Sussex Police,Sussex Police,-0.106715,51.006417,On or near Supermarket,E01031759,Mid Sussex 009B,Other theft,Investigation complete; no suspect identified,
f2605de7ff72ab2cb7f9283212b69130d1ce72319b4fa7cf3e86e2d9715389eb,2024-11,Sussex Police,Sussex Police,-0.106715,51.006417,On or near Supermarket,E01031759,Mid Sussex 009B,Shoplifting,Investigation complete; no suspect identified,
6b261ee4d10ac337bee59a19f443f366c67da257243c26d6d86547f2c00d8f0d,2024-11,Sussex Police,Sussex Police,-0.106715,51.006417,On or near Supermarket,E01031759,Mid Sussex 009B,Shoplifting,Investigation complete; no suspect identified,
0c210ba5ee6c2de5c5a5abaca1f439b470fdecb025998ebb34cd48b2fcbf2d5e,2024-11,Sussex Police,Sussex Police,-0.106715,51.006417,On or near Supermarket,E01031759,Mid Sussex 009B,Vehicle crime,Investigation complete; no suspect identified,
5302bd9542434c814c742ed727863629e4f28834437385e76ade7a828c51c8a0,2024-11,Sussex Police,Sussex Police,-0.106715,51.006417,On or near Supermarket,E01031759,Mid Sussex 009B,Violence and sexual offences,Unable to prosecute suspect,
13e768cca3fddaf207ab06a9d5dbb00b5bb2c177b4c9a719bf05ff0a0ce2a8e6,2024-11,Sussex Police,Sussex Police,-0.104941,51.011128,On or near Mill Hill Close,E01031759,Mid Sussex 009B,Violence and sexual offences,Action to be taken by another organisation,
0b06c20911b60d1a0fbd8707fcbcb445df9adf709d0bfb94277830bec3c05d1d,2024-11,Sussex Police,Sussex Police,-0.104941,51.011128,On or near Mill Hill Close,E01031759,Mid Sussex 009B,Violence and sexual offences,Status update unavailable,
3582c2c89a1663757eed591a57ac876b22644502bc78a1c2ea8a4c9c34cd008f,2024-11,Sussex Police,Sussex Police,-0.104941,51.011128,On or near Mill Hill Close,E01031759,Mid Sussex 009B,Violence and sexual offences,Unable to prosecute suspect,
5aae83eda5028ce5926a0b9b78bfc311920be7b9ee95c5113790ea1e3f924e43,2024-11,Sussex Police,Sussex Police,-0.104941,51.011128,On or near Mill Hill Close,E01031759,Mid Sussex 009B,Violence and sexual offences,Unable to prosecute suspect,
,2024-11,Sussex Police,Sussex Police,-0.113383,50.999132,On or near Police Station,E01032837,Mid Sussex 009E,Anti-social behaviour,,
,2024-11,Sussex Police,Sussex Police,-0.113383,50.999132,On or near Police Station,E01032837,Mid Sussex 009E,Anti-social behaviour,,
,2024-11,Sussex Police,Sussex Police,-0.110567,50.994078,On or near Pond Meadow,E01032837,Mid Sussex 009E,Anti-social behaviour,,
8c3726e36746cbd205e532710ec06e94029580d7a537b848d333eca22af7ace0,2024-11,Sussex Police,Sussex Police,-0.113146,50.998301,On or near Beech Hurst Close,E01032837,Mid Sussex 009E,Public order,Investigation complete; no suspect identified,
92da84a2b516fab0b188a4e480fd60521cc1f35c68f956f253b8b61c5378e824,2024-11,Sussex Police,Sussex Police,-0.116880,50.990205,On or near Supermarket,E01032837,Mid Sussex 009E,Shoplifting,Investigation complete; no suspect identified,
bc0f6b92c50afffcfdc12128354771ed863138bd19acb11bb087bcaac94800bc,2024-11,Sussex Police,Sussex Police,-0.119655,50.993820,On or near Pondside,E01032837,Mid Sussex 009E,Violence and sexual offences,Unable to prosecute suspect,
0a54cb350c7023e21b8a9a7d3c65bf09e6c1e361111296f2dee8d9f143c31fb5,2024-11,Sussex Police,Sussex Police,-0.110567,50.994078,On or near Pond Meadow,E01032837,Mid Sussex 009E,Violence and sexual offences,Investigation complete; no suspect identified,
a71d4a80da05386e8638284e148dcbed3d66b22233ad90a497c6b54e0d6f1635,2024-11,Sussex Police,Sussex Police,-0.113146,50.998301,On or near Beech Hurst Close,E01032837,Mid Sussex 009E,Violence and sexual offences,Unable to prosecute suspect,
caa01acc6319a6f3825687c1355ba9486a3fe4d309bb0577f00d0f9a4704b5ad,2024-11,Sussex Police,Sussex Police,-0.118027,50.991788,On or near The Marlings,E01032837,Mid Sussex 009E,Violence and sexual offences,Unable to prosecute suspect,
2c7a1e8b3a310a4b2d809bdda5cc084a976ac5fb2556656a0b338fd60e50e234,2024-11,Sussex Police,Sussex Police,-0.114467,50.987504,On or near Cherry Place,E01032838,Mid Sussex 009F,Other theft,Unable to prosecute suspect,
2d64001fec6874af98730e4fc08a2c3c4da431034d0ff88aa78ad5a358dd39c1,2024-11,Sussex Police,Sussex Police,-0.114169,50.985709,On or near Kingfisher Drive,E01032838,Mid Sussex 009F,Public order,Unable to prosecute suspect,
5d0292830f92ce39c4463820a8d893af7b88a3dc82d0fc974ade7f08fc78c871,2024-11,Sussex Police,Sussex Police,-0.114911,50.989903,On or near Weavers Mead,E01032838,Mid Sussex 009F,Public order,Unable to prosecute suspect,
becf9bdb4953bce4c5779cfe13e1f813c9006d732c6d0120c710bfb86c9c55a8,2024-11,Sussex Police,Sussex Police,-0.113820,50.987997,On or near Whitebeam Mews,E01032838,Mid Sussex 009F,Violence and sexual offences,Unable to prosecute suspect,
c63fbfd607065bfedd286951e76ac9248a2b51f19e1cae56fed2c4a7bb1d6f39,2024-11,Sussex Police,Sussex Police,-0.114467,50.987504,On or near Cherry Place,E01032838,Mid Sussex 009F,Violence and sexual offences,Unable to prosecute suspect,
,2024-11,Sussex Police,Sussex Police,-0.103736,51.004327,On or near Clair Road,E01035347,Mid Sussex 009H,Anti-social behaviour,,
44972f522871259397553f547bfbcf2f6d8066538a44ab8a21a48e055dbb16a8,2024-11,Sussex Police,Sussex Police,-0.103746,51.005158,On or near Supermarket,E01035347,Mid Sussex 009H,Drugs,Local resolution,
bc3ac944f211eeba0ba321551159ccb274031521467eea2676143961aedbb6e4,2024-11,Sussex Police,Sussex Police,-0.103746,51.005158,On or near Supermarket,E01035347,Mid Sussex 009H,Other theft,Investigation complete; no suspect identified,
0607c22cfce7c685ce4fb99c822d1b76de68b82ae494e22d94999c664364a3f1,2024-11,Sussex Police,Sussex Police,-0.103788,51.003402,On or near Perrymount Road,E01035347,Mid Sussex 009H,Violence and sexual offences,Court result unavailable,
9da00b687d92f9e7064dc9ff5dd29595663516685c869be33abc174819a38d7a,2024-11,Sussex Police,Sussex Police,-0.107551,51.002357,On or near Boltro Road,E01035347,Mid Sussex 009H,Violence and sexual offences,Investigation complete; no suspect identified,
,2024-11,Sussex Police,Sussex Police,-0.104028,50.997866,On or near South Road,E01035348,Mid Sussex 009I,Anti-social behaviour,,
,2024-11,Sussex Police,Sussex Police,-0.103069,50.997266,On or near B2272,E01035348,Mid Sussex 009I,Anti-social behaviour,,
83d5f5086c857d5092dbab73ffd3806fd162b68240aca7a17a1af9c8b15eee5a,2024-11,Sussex Police,Sussex Police,-0.103966,50.999385,On or near Church Road,E01035348,Mid Sussex 009I,Burglary,Investigation complete; no suspect identified,
9687f6395b60f017ef4339e5ffbffa0ace51b7e1270e5abee2ef235bcdea4e57,2024-11,Sussex Police,Sussex Police,-0.104028,50.997866,On or near South Road,E01035348,Mid Sussex 009I,Criminal damage and arson,Court result unavailable,
89c408ecec2b129d48f827e3479fc7af95378102b85d45f7340348f19add0401,2024-11,Sussex Police,Sussex Police,-0.101746,50.997910,On or near St Josephs Way,E01035348,Mid Sussex 009I,Criminal damage and arson,Court result unavailable,
b0daf1f99028ebc52b3cf19ed78d684860e92ca4e437ad7fa745c8a2f433c99e,2024-11,Sussex Police,Sussex Police,-0.103069,50.997266,On or near B2272,E01035348,Mid Sussex 009I,Criminal damage and arson,Investigation complete; no suspect identified,
eebec491680a2e72f21779e32378a58f32e1a3930aab0f0009fd3359b6f4b70a,2024-11,Sussex Police,Sussex Police,-0.103069,50.997266,On or near B2272,E01035348,Mid Sussex 009I,Other theft,Investigation complete; no suspect identified,
1361e795b4038327b6dff4dd17223eb61987ae1891e8fd75ac256d9b89da27b7,2024-11,Sussex Police,Sussex Police,-0.103069,50.997266,On or near B2272,E01035348,Mid Sussex 009I,Public order,Investigation complete; no suspect identified,
868be0d550d7bfd32370fc8042b70d4d69ead6d8319954591944ca20ff50f9c1,2024-11,Sussex Police,Sussex Police,-0.101961,50.997951,On or near Shopping Area,E01035348,Mid Sussex 009I,Violence and sexual offences,Investigation complete; no suspect identified,
db84957c15b5867dacead4617d0a43cbe1a049d3054c49bc67695f0538c3141f,2024-11,Sussex Police,Sussex Police,-0.106083,51.000246,On or near The Broadway,E01035348,Mid Sussex 009I,Violence and sexual offences,Investigation complete; no suspect identified,
fd4b5e5ee34f69afd40a40fc5c8d6f6f60bd62e02d4e2b76290992f1db12da81,2024-11,Sussex Police,Sussex Police,-0.103069,50.997266,On or near B2272,E01035348,Mid Sussex 009I,Other crime,Investigation complete; no suspect identified,
,2024-11,Sussex Police,Sussex Police,-0.083582,51.003953,On or near Plymouth Way,E01031752,Mid Sussex 010A,Anti-social behaviour,,
,2024-11,Sussex Police,Sussex Police,-0.082959,51.004213,On or near Wilmington Way,E01031752,Mid Sussex 010A,Anti-social behaviour,,
,2024-11,Sussex Police,Sussex Police,-0.085578,51.003599,On or near Woodstock Place,E01031752,Mid Sussex 010A,Anti-social behaviour,,
b7e046e2bb836f5cbef6a84dc93571e0b51abaf3c895635ddfadb35bfc875241,2024-11,Sussex Police,Sussex Police,-0.086560,51.002106,On or near Sports/Recreation Area,E01031752,Mid Sussex 010A,Public order,Investigation complete; no suspect identified,
294e649dcaa353a3236b0de8e134069f560507cb50c45d2cf7ad9f51e65bfeb8,2024-11,Sussex Police,Sussex Police,-0.090063,51.001649,On or near Pilgrim Gardens,E01031752,Mid Sussex 010A,Violence and sexual offences,Unable to prosecute suspect,
d1039d917caf234065c90d0d6fea7dd27d42dfb7be8a04ebfaf15bf578d6761a,2024-11,Sussex Police,Sussex Police,-0.085110,51.002854,On or near Hanbury Lane,E01031752,Mid Sussex 010A,Violence and sexual offences,Status update unavailable,
2afc90a1daeb7561d761790c88048c9ac578d175ec37915ae8bc652810aed3e8,2024-11,Sussex Police,Sussex Police,-0.083582,51.003953,On or near Plymouth Way,E01031752,Mid Sussex 010A,Violence and sexual offences,Unable to prosecute suspect,
803dc956c1b8144365b6ba0bc7cd06b25000fc93aa02f9218ab0771e2da4756b,2024-11,Sussex Police,Sussex Police,-0.090063,51.001649,On or near Pilgrim Gardens,E01031752,Mid Sussex 010A,Violence and sexual offences,Unable to prosecute suspect,
702e6167163a9ae69770e2f277c99dd257f9cca1ea57e0b9d7ec1489f2dbfbc5,2024-11,Sussex Police,Sussex Police,-0.093157,51.003004,On or near Little Bentswood Close,E01031753,Mid Sussex 010B,Criminal damage and arson,Investigation complete; no suspect identified,
354d312872c4441aee080353694543fa5b88aa7039aef64a525cdb98cd91a70e,2024-11,Sussex Police,Sussex Police,-0.092666,51.001062,On or near Marylands,E01031753,Mid Sussex 010B,Other theft,Status update unavailable,
ce04d0bdc2df1bf6f13cf97c4a2ab6e5f8a6963db371df6a85664cce4b27f790,2024-11,Sussex Police,Sussex Police,-0.093893,51.001379,On or near Bentswood Road,E01031753,Mid Sussex 010B,Public order,Unable to prosecute suspect,
cc9f86179cf15dcf647196440ad5e3053dbff96f4c0cb87beb570a73d03e320a,2024-11,Sussex Police,Sussex Police,-0.096326,50.999764,On or near New England Road,E01031753,Mid Sussex 010B,Shoplifting,Unable to prosecute suspect,
4fb2a0dba37154ac1896ee8f8df90612e8c90a96e8ef81a139d13b996267b0a5,2024-11,Sussex Police,Sussex Police,-0.094362,51.006639,On or near Greenways,E01031753,Mid Sussex 010B,Vehicle crime,Investigation complete; no suspect identified,
a8ed77d33aa305788d1cf574da5dfd82e76a4477b9b50b8dc3946fe6fc23d7dc,2024-11,Sussex Police,Sussex Police,-0.091582,51.000388,On or near Langridge Lane,E01031754,Mid Sussex 010C,Criminal damage and arson,Investigation complete; no suspect identified,
9432ef95f33ba766fa735fcc3da456e5c159c503f50b94795678ef23a15e4fe8,2024-11,Sussex Police,Sussex Police,-0.091417,50.997822,On or near North Road,E01031754,Mid Sussex 010C,Vehicle crime,Investigation complete; no suspect identified,
017edf0150c175b1e17a43209c8a28361ef8715cda70443b8bac02c2dc49f6f2,2024-11,Sussex Police,Sussex Police,-0.091417,50.997822,On or near North Road,E01031754,Mid Sussex 010C,Vehicle crime,Investigation complete; no suspect identified,
6789e041913e434e800e9e125f97cf81beb49f0b7149be9146ef63d98135f14d,2024-11,Sussex Police,Sussex Police,-0.094129,50.997363,On or near Firlands,E01031754,Mid Sussex 010C,Violence and sexual offences,Action to be taken by another organisation,
93f7bf20a940d66ac3d579c62d1f5cffe5ff50d8795de9d3cafa0550a3c2aac6,2024-11,Sussex Police,Sussex Police,-0.098152,50.996916,On or near Augustines Way,E01031754,Mid Sussex 010C,Violence and sexual offences,Unable to prosecute suspect,
,2024-11,Sussex Police,Sussex Police,-0.091934,50.994260,On or near Victoria Road,E01031755,Mid Sussex 010D,Anti-social behaviour,,
0b95b880c32c85a2b363abce9aef1a43361c8ec5b197c6c29be1d1de4abb6624,2024-11,Sussex Police,Sussex Police,-0.096511,50.996979,On or near Priory Way,E01031755,Mid Sussex 010D,Other theft,Investigation complete; no suspect identified,
,2024-11,Sussex Police,Sussex Police,-0.087325,50.996515,On or near Sports/Recreation Area,E01031757,Mid Sussex 010E,Anti-social behaviour,,
,2024-11,Sussex Police,Sussex Police,-0.087325,50.996515,On or near Sports/Recreation Area,E01031757,Mid Sussex 010E,Anti-social behaviour,,
,2024-11,Sussex Police,Sussex Police,-0.080645,50.998113,On or near Cedar Way,E01031757,Mid Sussex 010E,Anti-social behaviour,,
,2024-11,Sussex Police,Sussex Police,-0.081896,50.996452,On or near Northlands Avenue,E01031757,Mid Sussex 010E,Anti-social behaviour,,
,2024-11,Sussex Police,Sussex Police,-0.085788,50.998845,On or near Silver Birches,E01031757,Mid Sussex 010E,Anti-social behaviour,,
89cb63fe3dc947a9203f19d884d1db45bc8f3480cdf7f248ce18d9a5496d4bb5,2024-11,Sussex Police,Sussex Police,-0.087295,50.996445,On or near Sports/Recreation Area,E01031757,Mid Sussex 010E,Violence and sexual offences,Status update unavailable,
a96ba7d2a8a50d3a5c173fcd13069b3a0b909b4525324da2c0b538e16d381272,2024-11,Sussex Police,Sussex Police,-0.084029,50.995876,On or near Hoblands,E01031757,Mid Sussex 010E,Violence and sexual offences,Unable to prosecute suspect,
f9b88e048dfa6021a64bf6a0e1587df0f55de71f7cf74389e65dd5ae272daaf4,2024-11,Sussex Police,Sussex Police,-0.079537,50.997673,On or near The Pines,E01031757,Mid Sussex 010E,Violence and sexual offences,Unable to prosecute suspect,
32dfa23be1e4115c3c0db6ad9e84192b9430432c0cd3254d906b38c9f24d1e9b,2024-11,Sussex Police,Sussex Police,-0.088778,50.996493,On or near Reed Pond Walk,E01031757,Mid Sussex 010E,Violence and sexual offences,Action to be taken by another organisation,
,2024-11,Sussex Police,Sussex Police,-0.137271,51.008689,On or near Glebe Road,E01031726,Mid Sussex 011A,Anti-social behaviour,,
b3d0d9c732ce09567b5707d80543490b079042aa77c7df758833305fa3a0b0cb,2024-11,Sussex Police,Sussex Police,-0.134991,51.014705,On or near Longacre Crescent,E01031726,Mid Sussex 011A,Drugs,Investigation complete; no suspect identified,
faaf46e6fb7ea8e550780b72fba70e5087582f39093b37dea5817d67dcfb5ba3,2024-11,Sussex Police,Sussex Police,-0.134230,51.005619,On or near Warden Court,E01031726,Mid Sussex 011A,Other theft,Investigation complete; no suspect identified,
65b9d6ffe8eb41b5184f34577c6e5ae4d2fb5da7790264f3b92f8f183c45662b,2024-11,Sussex Police,Sussex Police,-0.137271,51.008689,On or near Glebe Road,E01031726,Mid Sussex 011A,Public order,Investigation complete; no suspect identified,
48a75f2c9ddd23b7916829a9b0a8e2a2f57e6ad59eb4ed76671be2d328bbddb9,2024-11,Sussex Police,Sussex Police,-0.142707,51.015349,On or near Crouchlands Farm,E01031726,Mid Sussex 011A,Violence and sexual offences,Court result unavailable,
610c8587baecb0bc1bb1172b124f18902e8c306f144326a0c47d52fc96876931,2024-11,Sussex Police,Sussex Police,-0.142707,51.015349,On or near Crouchlands Farm,E01031726,Mid Sussex 011A,Violence and sexual offences,Unable to prosecute suspect,
5d97dddbfec26b98d98b288a0169c626a9514b7508df9b3a0f7a16f641cda738,2024-11,Sussex Police,Sussex Police,-0.142707,51.015349,On or near Crouchlands Farm,E01031726,Mid Sussex 011A,Violence and sexual offences,Court result unavailable,
7da5785cb91ed724cf92062398cd617cde7c47e188eecbfe09a935ca251857ad,2024-11,Sussex Police,Sussex Police,-0.142707,51.015349,On or near Crouchlands Farm,E01031726,Mid Sussex 011A,Violence and sexual offences,Court result unavailable,
44f589b1705284e2e1b30fa519abd576c6db7af4b70cb4b0ca8d30a978a2bbea,2024-11,Sussex Police,Sussex Police,-0.104502,50.992190,On or near Ashenground Road,E01031749,Mid Sussex 011C,Possession of weapons,Court result unavailable,
eef557dee7550c2b72a5d3c1a1abbc86aba40a1f640e8d1e3ed9a9db4e73a559,2024-11,Sussex Police,Sussex Police,-0.104502,50.992190,On or near Ashenground Road,E01031749,Mid Sussex 011C,Violence and sexual offences,Investigation complete; no suspect identified,
5b894985f1e40c59c19c9413e094f8ca8fc10a413530f09706564af42373727f,2024-11,Sussex Police,Sussex Police,-0.110604,50.987540,On or near Harvesters,E01031750,Mid Sussex 011D,Violence and sexual offences,Unable to prosecute suspect,
e4b1d729209e5f28666b47c8e4ef80ac515998389942e44628f9c80bd5bfea84,2024-11,Sussex Police,Sussex Police,-0.106056,50.987251,On or near Burchetts Close,E01031750,Mid Sussex 011D,Violence and sexual offences,Status update unavailable,
,2024-11,Sussex Police,Sussex Police,-0.114990,51.004473,On or near The Dell,E01031763,Mid Sussex 011F,Anti-social behaviour,,
16e7b88151666db5ac6dd370b8f432704e7b3c80191e150be8cc4fa3a52d4f2a,2024-11,Sussex Police,Sussex Police,-0.117228,51.005184,On or near Lucastes Lane,E01031763,Mid Sussex 011F,Other theft,Investigation complete; no suspect identified,
5f7669994970a7c7a0767c80835bf7aad9d4840d4dae34c8677d84ee768d1232,2024-11,Sussex Police,Sussex Police,-0.113884,51.008916,On or near Harlands Close,E01031763,Mid Sussex 011F,Vehicle crime,Investigation complete; no suspect identified,
de8572d77061cab37a00c24ef856eff6b76e53e170b884142068ec5dc1987576,2024-11,Sussex Police,Sussex Police,-0.118566,51.002067,On or near Badger Drive,E01031763,Mid Sussex 011F,Violence and sexual offences,Local resolution,
6a97be85f4cf22dc55bee16ed8645b46e6a4b947cc727ce52385dde02b8a6b07,2024-11,Sussex Police,Sussex Police,-0.109052,51.005744,On or near Parking Area,E01031763,Mid Sussex 011F,Violence and sexual offences,Unable to prosecute suspect,
956fb9d1ec77a9af1642290d1f3a21a72c8500570da68bbffe8b490c7e3771d3,2024-11,Sussex Police,Sussex Police,-0.111096,51.007360,On or near Harlands Road,E01031763,Mid Sussex 011F,Violence and sexual offences,Local resolution,
,2024-11,Sussex Police,Sussex Police,-0.141884,51.009554,On or near Ashburnham Drive,E01035349,Mid Sussex 011G,Anti-social behaviour,,
8a66774ce7aabed0701fa30adb9453fc893db0d83c0e3d8b72a2a5644a216ae7,2024-11,Sussex Police,Sussex Police,-0.161790,50.993537,On or near Crouch Fields,E01035349,Mid Sussex 011G,Burglary,Investigation complete; no suspect identified,
bb8f638d9ab268f9306993fb4acaf05fae96451d13c13ab2b2ab96db9e383879,2024-11,Sussex Police,Sussex Police,-0.141884,51.009554,On or near Ashburnham Drive,E01035349,Mid Sussex 011G,Other theft,Investigation complete; no suspect identified,
a3f543a7864c24348a497f831c47899e5120a1e9047d10bfcf0d57299110ecc4,2024-11,Sussex Police,Sussex Police,-0.134417,51.006638,On or near B2184,E01035349,Mid Sussex 011G,Violence and sexual offences,Local resolution,
3e3b97ba0e776cac4908a66f9a0585f375f5766fffa03c552d573a0bd6934200,2024-11,Sussex Police,Sussex Police,-0.091046,50.988814,On or near Old Farm Close,E01035350,Mid Sussex 011H,Public order,Court result unavailable,
97cc2e9fbe41e99c221f85f48a32c2bff97666c7e517ab07aa78e3765065bd25,2024-11,Sussex Police,Sussex Police,-0.089326,50.991133,On or near Hospital,E01035350,Mid Sussex 011H,Violence and sexual offences,Court result unavailable,
9d473987fd4a600fdae0da79a78f176342e1488d20d21b009f5ac478d6d663aa,2024-11,Sussex Police,Sussex Police,-0.089326,50.991133,On or near Hospital,E01035350,Mid Sussex 011H,Violence and sexual offences,Investigation complete; no suspect identified,
d2af54f4083ed57f7985a120e3b53a2d250e034f2907a3ea31837629a6461de8,2024-11,Sussex Police,Sussex Police,-0.089326,50.991133,On or near Hospital,E01035350,Mid Sussex 011H,Violence and sexual offences,Unable to prosecute suspect,
09d057d0a7d4f228eab313af0ece00730b6705ef2d74351ac6e0c4a1cd612040,2024-11,Sussex Police,Sussex Police,-0.089326,50.991133,On or near Hospital,E01035350,Mid Sussex 011H,Violence and sexual offences,Unable to prosecute suspect,
7ed60b07967d508ad76c0e0fe342ae2af69341205462953bcc49a1133b4bbe48,2024-11,Sussex Police,Sussex Police,-0.089326,50.991133,On or near Hospital,E01035350,Mid Sussex 011H,Violence and sexual offences,Unable to prosecute suspect,
435f048df41cebcb389668cceaa5c5761127f237378dded849ab16d5ba9433dc,2024-11,Sussex Police,Sussex Police,-0.089326,50.991133,On or near Hospital,E01035350,Mid Sussex 011H,Violence and sexual offences,Unable to prosecute suspect,
e263bafd6101376cbfbb7af5e3b249a5268ec1b140b4496567ff96ba819758f1,2024-11,Sussex Police,Sussex Police,-0.089326,50.991133,On or near Hospital,E01035350,Mid Sussex 011H,Violence and sexual offences,Status update unavailable,
4285a8e52f9eef174b09733d7092fed31a3fa70d32fbd31f85329d071f8ddc0f,2024-11,Sussex Police,Sussex Police,-0.089326,50.991133,On or near Hospital,E01035350,Mid Sussex 011H,Violence and sexual offences,Unable to prosecute suspect,
ef8edd2a857a9541cd8fc985ee3dbd5aab69dc495b250f39b17237b6cc266f3c,2024-11,Sussex Police,Sussex Police,-0.089326,50.991133,On or near Hospital,E01035350,Mid Sussex 011H,Violence and sexual offences,Court result unavailable,
75756b5d740a716fdc652c5f6ed08d70151bd191d5e597c1969a01a74541957e,2024-11,Sussex Police,Sussex Police,-0.089326,50.991133,On or near Hospital,E01035350,Mid Sussex 011H,Violence and sexual offences,Court result unavailable,
2e1a9ed6610282a0e5cd7faeb828b1190ce5130e672f12dd7b25f4afb4520d26,2024-11,Sussex Police,Sussex Police,-0.089326,50.991133,On or near Hospital,E01035350,Mid Sussex 011H,Violence and sexual offences,Unable to prosecute suspect,
,2024-11,Sussex Police,Sussex Police,-0.086108,50.993140,On or near High Point,E01035351,Mid Sussex 011I,Anti-social behaviour,,
,2024-11,Sussex Police,Sussex Police,-0.086108,50.993140,On or near High Point,E01035351,Mid Sussex 011I,Anti-social behaviour,,
cdf03821cc256423b5821765f34d264de0d834d7bde051fc59c893ac61b37ac2,2024-11,Sussex Police,Sussex Police,-0.100198,50.987992,On or near Kennard Lane,E01035351,Mid Sussex 011I,Burglary,Investigation complete; no suspect identified,
204877146ff69903d5f477d198c668e176095bf9209037a6b450d16c4748d4ee,2024-11,Sussex Police,Sussex Police,-0.116842,50.971777,On or near Valebridge Road,E01035352,Mid Sussex 011J,Public order,Status update unavailable,
1a56237f8dfcf3a983946b5c36330c24e2e339b6c397aa1fff2f3cdde5366f5b,2024-11,Sussex Police,Sussex Police,-0.143775,50.973233,On or near The Squires,E01035352,Mid Sussex 011J,Public order,Local resolution,
79c84ebdca1f9bf47d1d10e4ad89ec255b4ffce4a9604e5ac533ba61de39eb2d,2024-11,Sussex Police,Sussex Police,-0.104901,50.984480,On or near Massey Way,E01035352,Mid Sussex 011J,Vehicle crime,Investigation complete; no suspect identified,
ff4cee750b52ad50addc45e834bf046139cfa6919bf4a100e14173521c4517e4,2024-11,Sussex Police,Sussex Police,-0.143775,50.973233,On or near The Squires,E01035352,Mid Sussex 011J,Violence and sexual offences,Unable to prosecute suspect,
f245eaae7381ebfb57189225db00a08b1a95460a1b6d09290a0595ba42543d4f,2024-11,Sussex Police,Sussex Police,-0.143775,50.973233,On or near The Squires,E01035352,Mid Sussex 011J,Violence and sexual offences,Unable to prosecute suspect,
a1583746d1a0d4a624e1e3ab5aee5c5837920ec0ee7ba151fec1a8876440dccd,2024-11,Sussex Police,Sussex Police,-0.116842,50.971777,On or near Valebridge Road,E01035352,Mid Sussex 011J,Violence and sexual offences,Unable to prosecute suspect,
11638104d9465b8354f7bf2baa960b1cbd8075afcc9d5c75b3511e2cc6723a5d,2024-11,Sussex Police,Sussex Police,-0.143775,50.973233,On or near The Squires,E01035352,Mid Sussex 011J,Other crime,Unable to prosecute suspect,
39a882af11eef95b3e756472a8bfdac8f01db67fd74bfdefc348bafd5c3d1503,2024-11,Sussex Police,Sussex Police,-0.104365,50.984696,On or near Emily Way,E01035352,Mid Sussex 011J,Other crime,Investigation complete; no suspect identified,
2a1cf192cf6a06c0f413bcdbc67d2a5f07d3a2cf35513a3e657374a9ec6536ba,2024-11,Sussex Police,Sussex Police,-0.148401,50.963297,On or near Culpepper,E01031699,Mid Sussex 012A,Vehicle crime,Investigation complete; no suspect identified,
2c6fa2715f6cbd57272014fe9af8b2db88f453adf304876bfc0a284679d61334,2024-11,Sussex Police,Sussex Police,-0.141141,50.965367,On or near The Wickets,E01031699,Mid Sussex 012A,Violence and sexual offences,Unable to prosecute suspect,
9e65cb60b542579157bdaff073f5c08a0a66d9c75d9195d39065fd78cecee485,2024-11,Sussex Police,Sussex Police,-0.150288,50.965989,On or near Clifton Road,E01031699,Mid Sussex 012A,Violence and sexual offences,Unable to prosecute suspect,
,2024-11,Sussex Police,Sussex Police,-0.153651,50.963425,On or near Primrose Close,E01031700,Mid Sussex 012B,Anti-social behaviour,,
,2024-11,Sussex Police,Sussex Police,-0.158349,50.960226,On or near Coulstock Road,E01031700,Mid Sussex 012B,Anti-social behaviour,,
c4aa6c299a4a58ecc3b53279ecf03f48795e74ae3a02b4414a6ee0457ac5d743,2024-11,Sussex Police,Sussex Police,-0.153493,50.965248,On or near Triangle Way,E01031700,Mid Sussex 012B,Shoplifting,Unable to prosecute suspect,
aff7971a6f30e9c6aa19ddcea935187b5e33eb67886121f08b46e3c3b0d2a0d5,2024-11,Sussex Police,Sussex Police,-0.154091,50.961669,On or near Gatehouse Lane,E01031700,Mid Sussex 012B,Shoplifting,Investigation complete; no suspect identified,
1897e6ff821701b1dc52c835457b7590f312b81bc7c26a808e09ee6802d29179,2024-11,Sussex Police,Sussex Police,-0.153493,50.965248,On or near Triangle Way,E01031700,Mid Sussex 012B,Shoplifting,Unable to prosecute suspect,
dfcf2fa40da9417e8c71294808aefe833f9eb704d1c72fdfdf5892cfc71dabb8,2024-11,Sussex Police,Sussex Police,-0.157412,50.961218,On or near Barley Drive,E01031700,Mid Sussex 012B,Violence and sexual offences,Investigation complete; no suspect identified,
,2024-11,Sussex Police,Sussex Police,-0.139693,50.964166,On or near South Lodge Close,E01031701,Mid Sussex 012C,Anti-social behaviour,,
ca09b546543685781126ee7f4136f9207117027f297db49591e04cdf08c91aad,2024-11,Sussex Police,Sussex Police,-0.151384,50.962058,On or near Temple Grove,E01031701,Mid Sussex 012C,Shoplifting,Investigation complete; no suspect identified,
4e8aa2ff8382edf5ea1ed62c1cb493be04e80d3e3bf308dba3d4cc1ed05026fa,2024-11,Sussex Police,Sussex Police,-0.151384,50.962058,On or near Temple Grove,E01031701,Mid Sussex 012C,Shoplifting,Investigation complete; no suspect identified,
fe973c839e73f6f92e11b87b5038f7038cdd7e431e92621eca1a0ef28ee81a54,2024-11,Sussex Police,Sussex Police,-0.151384,50.962058,On or near Temple Grove,E01031701,Mid Sussex 012C,Violence and sexual offences,Unable to prosecute suspect,
b18c4140bd11158c088ad23a22871a8c82400a1a9ddcc0f931c4088d62353075,2024-11,Sussex Police,Sussex Police,-0.139693,50.964166,On or near South Lodge Close,E01031701,Mid Sussex 012C,Violence and sexual offences,Unable to prosecute suspect,
1bdd6098686f729b66d02b12d9b14d58c36c9277f074c6e7a34e867ba9344c41,2024-11,Sussex Police,Sussex Police,-0.151384,50.962058,On or near Temple Grove,E01031701,Mid Sussex 012C,Violence and sexual offences,Action to be taken by another organisation,
d629fa074f54973d0ffe85aa74484acd07e40faeb628e88b12a741796cbe2be4,2024-11,Sussex Police,Sussex Police,-0.148564,50.958120,On or near Victoria Avenue,E01031714,Mid Sussex 012D,Criminal damage and arson,Investigation complete; no suspect identified,
1ee5a025b85177f129b2d2d3718d1bdc85329f049e374c26720928a1d3d15b0f,2024-11,Sussex Police,Sussex Police,-0.144073,50.956474,On or near Peartree Close,E01031714,Mid Sussex 012D,Drugs,Local resolution,
f1776ded2e86a1fef3d78d2628c902af2417c9ce787a2646ab3916aa86399676,2024-11,Sussex Police,Sussex Police,-0.146205,50.955132,On or near Victoria Road,E01031714,Mid Sussex 012D,Violence and sexual offences,Investigation complete; no suspect identified,
1b158a62955d499a5bb991c49724f41127fdc70fd187d20fab094dd873331b75,2024-11,Sussex Police,Sussex Police,-0.150383,50.957843,On or near Southway,E01031714,Mid Sussex 012D,Violence and sexual offences,Action to be taken by another organisation,
d5bdeeb90a0c14bbf5dbb6e55d6377938116b931047191894c535223983810ee,2024-11,Sussex Police,Sussex Police,-0.150101,50.956714,On or near Knowles Walk,E01031714,Mid Sussex 012D,Violence and sexual offences,Unable to prosecute suspect,
,2024-11,Sussex Police,Sussex Police,-0.123747,50.955934,On or near Avonhurst,E01031704,Mid Sussex 013A,Anti-social behaviour,,
1fbd3fbbc9ff5b82a60749584d17b949d840877de065d26573fbf899da848c03,2024-11,Sussex Police,Sussex Police,-0.113058,50.949844,On or near Sawyers Close,E01031704,Mid Sussex 013A,Violence and sexual offences,Court result unavailable,
,2024-11,Sussex Police,Sussex Police,-0.118260,50.960288,On or near The Nursery,E01031712,Mid Sussex 013D,Anti-social behaviour,,
,2024-11,Sussex Police,Sussex Police,-0.120352,50.961032,On or near Woodland Close,E01031712,Mid Sussex 013D,Anti-social behaviour,,
4d03029c8c19382e07f93a460d9b99d723234e578d557b0a8b95c5b366bfbd1b,2024-11,Sussex Police,Sussex Police,-0.120352,50.961032,On or near Woodland Close,E01031712,Mid Sussex 013D,Public order,Court result unavailable,
b2695646250e077bfc59687442c06d63b60ef671da43ea0cf7255c0cf721755f,2024-11,Sussex Police,Sussex Police,-0.120352,50.961032,On or near Woodland Close,E01031712,Mid Sussex 013D,Public order,Court result unavailable,
a51fc244018f3ceeac70fcaf0144d099e8bba6e198f6e2411b39bd49b01f936a,2024-11,Sussex Police,Sussex Police,-0.120352,50.961032,On or near Woodland Close,E01031712,Mid Sussex 013D,Violence and sexual offences,Unable to prosecute suspect,
c04dafa1914877552c32a9e1490add8a39d8c8c8a0e88ad7fb0ab84d64c5cd2a,2024-11,Sussex Police,Sussex Police,-0.117750,50.961287,On or near Woodland Avenue,E01031712,Mid Sussex 013D,Violence and sexual offences,Local resolution,
332ac0c7b7f51116f49da324e30ec53df74cace0a59d4a1c63cff0f625afc833,2024-11,Sussex Police,Sussex Police,-0.116840,50.959483,On or near Cants Close,E01031712,Mid Sussex 013D,Violence and sexual offences,Unable to prosecute suspect,
5fa19e2d214a6431de65879191fef596ef7b7c0bfc6c7cdbd658dc7afe1aad8b,2024-11,Sussex Police,Sussex Police,-0.119637,50.964276,On or near Gladstone Road,E01031712,Mid Sussex 013D,Violence and sexual offences,Awaiting court outcome,
,2024-11,Sussex Police,Sussex Police,-0.108234,50.963112,On or near Jane'S Lane,E01031713,Mid Sussex 013E,Anti-social behaviour,,
c3b8b20ef36b1c449cfecd6075195c2a7ccf9faae5cb6f99954cf8d82bda5aeb,2024-11,Sussex Police,Sussex Police,-0.117531,50.962471,On or near Stirling Close,E01031713,Mid Sussex 013E,Other theft,Investigation complete; no suspect identified,
8b98873789ff34423ac0b62020b7d14af2983698cccc5903e4a2284f9bd0e09a,2024-11,Sussex Police,Sussex Police,-0.109784,50.964576,On or near Jane'S Lane,E01031713,Mid Sussex 013E,Violence and sexual offences,Unable to prosecute suspect,
06db4a6aaa4f3461e30b78d96c7ed614f02bbdbf7791005107b280cee2ebdbbc,2024-11,Sussex Police,Sussex Police,-0.116826,50.967235,On or near Valebridge Drive,E01031713,Mid Sussex 013E,Violence and sexual offences,Unable to prosecute suspect,
580e501d5e26e59187efc71e0013af5f913785675be3996b29d4bf671c95f6d5,2024-11,Sussex Police,Sussex Police,-0.117714,50.970280,On or near Valebridge Close,E01031713,Mid Sussex 013E,Violence and sexual offences,Unable to prosecute suspect,
403f65827ce780bfbcee75a786d58eb40126e207f9e20feb4317c0034adad425,2024-11,Sussex Police,Sussex Police,-0.117762,50.958158,On or near Batt Street,E01035353,Mid Sussex 013F,Violence and sexual offences,Action to be taken by another organisation,
65cdcadd7d3ee190a596004aada737fb461cb985ece9a914e6bd9d2112e32a11,2024-11,Sussex Police,Sussex Police,-0.116650,50.959255,On or near Cants Lane,E01035353,Mid Sussex 013F,Violence and sexual offences,Unable to prosecute suspect,
933782de87c7bac8f47f15b0b3908490498bf3f2f5a2ab4ac9ca6eefc1eadb16,2024-11,Sussex Police,Sussex Police,-0.110116,50.953241,On or near Atlas Crescent,E01035354,Mid Sussex 013G,Criminal damage and arson,Unable to prosecute suspect,
6d7d22198aeefbe35e277693149d7463828cf9a393482266b5823401a64a186e,2024-11,Sussex Police,Sussex Police,-0.117644,50.957562,On or near Heritage Lane,E01035354,Mid Sussex 013G,Criminal damage and arson,Investigation complete; no suspect identified,
73e611bcb7b49bc5b72f39c50acd14070acf77b441efdc30a71bd0ef25f36b2f,2024-11,Sussex Police,Sussex Police,-0.111808,50.953286,On or near Hestia Place,E01035354,Mid Sussex 013G,Other theft,Investigation complete; no suspect identified,
f0ebd0ed21fad77fb58d1fbee7b97a5045276b8f94ef7751c9ca0091094879f3,2024-11,Sussex Police,Sussex Police,-0.110116,50.953241,On or near Atlas Crescent,E01035354,Mid Sussex 013G,Other theft,Investigation complete; no suspect identified,
1b1710225d7da319c5503e68cac601f83615dc71445eb5c7b114b90d98eed74a,2024-11,Sussex Police,Sussex Police,-0.117644,50.957562,On or near Heritage Lane,E01035354,Mid Sussex 013G,Other theft,Unable to prosecute suspect,
b9f5dd1dd608aac57cf142091d745474403c0a1a15f0dd6ac6e6f8c4f98cf696,2024-11,Sussex Police,Sussex Police,-0.117644,50.957562,On or near Heritage Lane,E01035354,Mid Sussex 013G,Possession of weapons,Local resolution,
1998c6b4559c8370b34c996927099ffa9b5635dec3f2fa9f76519b7c837474d4,2024-11,Sussex Police,Sussex Police,-0.114562,50.955551,On or near Supermarket,E01035354,Mid Sussex 013G,Shoplifting,Unable to prosecute suspect,
9f87f2e13a21ce7f61366744084bffb30873ea395f9001672c75f4ab18694939,2024-11,Sussex Police,Sussex Police,-0.114562,50.955551,On or near Supermarket,E01035354,Mid Sussex 013G,Shoplifting,Investigation complete; no suspect identified,
dceca48f0f0d460df7766e3d5bf252fc4b95d0df21c492a231fd5af0995f71f8,2024-11,Sussex Police,Sussex Police,-0.112285,50.955578,On or near Rolfe Drive,E01035354,Mid Sussex 013G,Shoplifting,Investigation complete; no suspect identified,
c3b3147a36b576942cc1cb36a5458f920ac86a9214baa6c780407858075074f5,2024-11,Sussex Police,Sussex Police,-0.114562,50.955551,On or near Supermarket,E01035354,Mid Sussex 013G,Shoplifting,Investigation complete; no suspect identified,
3633d458d4453a6b758488450a340689cc61231af6e731a714c2b4dbf9892f04,2024-11,Sussex Police,Sussex Police,-0.114562,50.955551,On or near Supermarket,E01035354,Mid Sussex 013G,Shoplifting,Investigation complete; no suspect identified,
864fdcd0967ffdf49cb406f55664ff173f14e2b9c6e9b33cd5630add7f5f3e09,2024-11,Sussex Police,Sussex Police,-0.114562,50.955551,On or near Supermarket,E01035354,Mid Sussex 013G,Shoplifting,Investigation complete; no suspect identified,
6e20491aa44f6326db037ce960f87ba65201369284bb2d52ba11f0858ba190c5,2024-11,Sussex Police,Sussex Police,-0.114562,50.955551,On or near Supermarket,E01035354,Mid Sussex 013G,Shoplifting,Investigation complete; no suspect identified,
4b1bf917227359323b51b1f0285618084ee488ceacb38be528a84d93c7b86490,2024-11,Sussex Police,Sussex Police,-0.114562,50.955551,On or near Supermarket,E01035354,Mid Sussex 013G,Shoplifting,Unable to prosecute suspect,
2d0d87083e6f1fe74925e36ad71b6c37f8e0af2e60fc572d57a3eef6ddb555fd,2024-11,Sussex Police,Sussex Police,-0.114562,50.955551,On or near Supermarket,E01035354,Mid Sussex 013G,Shoplifting,Court result unavailable,
fe83e7ea684237daa07b1b552b31b49c0c129dc831ea3ef43bc674b6bb7e3c5d,2024-11,Sussex Police,Sussex Police,-0.114562,50.955551,On or near Supermarket,E01035354,Mid Sussex 013G,Shoplifting,Investigation complete; no suspect identified,
07a16074a3548323deba6645b9c6d55caf6f809b055142daa0e7f764e72c7204,2024-11,Sussex Police,Sussex Police,-0.114562,50.955551,On or near Supermarket,E01035354,Mid Sussex 013G,Shoplifting,Unable to prosecute suspect,
d83f902c2861fd1750dd17fb065467ce74f11c4c04f0acb5152d7fede72f24fb,2024-11,Sussex Police,Sussex Police,-0.114562,50.955551,On or near Supermarket,E01035354,Mid Sussex 013G,Shoplifting,Unable to prosecute suspect,
526ea4b156b758eab31dbe8045a6cb7f137a17256ce4ec0a197e7b3c93b4f7a7,2024-11,Sussex Police,Sussex Police,-0.114562,50.955551,On or near Supermarket,E01035354,Mid Sussex 013G,Shoplifting,Court result unavailable,
d9b972ec9b451d8bbcc453b8932085a4414cb1820912d2e6b3cfea4f009160bd,2024-11,Sussex Police,Sussex Police,-0.114562,50.955551,On or near Supermarket,E01035354,Mid Sussex 013G,Shoplifting,Court result unavailable,
4c8223ba0f8944b68b1f73b20685bd7598798dc7b65dabd6b011e9e9f73e3722,2024-11,Sussex Police,Sussex Police,-0.114562,50.955551,On or near Supermarket,E01035354,Mid Sussex 013G,Shoplifting,Court result unavailable,
3d9bf0e5cd21454ac325ac13a12f621e04057ebe207cc60a85d942f9c25eebec,2024-11,Sussex Police,Sussex Police,-0.114562,50.955551,On or near Supermarket,E01035354,Mid Sussex 013G,Shoplifting,Unable to prosecute suspect,
364f7a7b4ebcd49b54c8344b5a65420b61f08d232074a6f8c01e74cc76878827,2024-11,Sussex Police,Sussex Police,-0.114562,50.955551,On or near Supermarket,E01035354,Mid Sussex 013G,Shoplifting,Investigation complete; no suspect identified,
bc02aa9d5f391231741b352ee80812e608753ebea31a1d3439d3baefe985d947,2024-11,Sussex Police,Sussex Police,-0.114562,50.955551,On or near Supermarket,E01035354,Mid Sussex 013G,Shoplifting,Investigation complete; no suspect identified,
7e7e4cb21e53dc6c2ddfa4d1cdf3670cd7b371d83445196cd8761b9ca3c90440,2024-11,Sussex Police,Sussex Police,-0.114562,50.955551,On or near Supermarket,E01035354,Mid Sussex 013G,Shoplifting,Unable to prosecute suspect,
05fdbdf13766536422b1583f23c23c2d980280a95d02a8ddb4575cfd1b451e87,2024-11,Sussex Police,Sussex Police,-0.114562,50.955551,On or near Supermarket,E01035354,Mid Sussex 013G,Shoplifting,Court result unavailable,
d2c37a0ebb5d799839ab33e017091918c55a5b2381bf235fc5cc5163483055b7,2024-11,Sussex Police,Sussex Police,-0.114562,50.955551,On or near Supermarket,E01035354,Mid Sussex 013G,Shoplifting,Court result unavailable,
5493a50ee8b89070ea1dfb5a547dcfec937496a38dc7f0c33d569ed339e82cd1,2024-11,Sussex Police,Sussex Police,-0.112715,50.955855,On or near Mansion Close,E01035354,Mid Sussex 013G,Violence and sexual offences,Investigation complete; no suspect identified,
c6aea091b8ae9907337ddba08f7b2a16982384600ca7ea779d1686ec044e0009,2024-11,Sussex Police,Sussex Police,-0.114562,50.955551,On or near Supermarket,E01035354,Mid Sussex 013G,Violence and sexual offences,Court result unavailable,
d8129f23956e24ed91c49a2a1367b11873323e4b6345c0d048ac148994e9e80a,2024-11,Sussex Police,Sussex Police,-0.114562,50.955551,On or near Supermarket,E01035354,Mid Sussex 013G,Violence and sexual offences,Investigation complete; no suspect identified,
c7baa8a4251801eddddcea37700a9dd28accd1f7e9bb90c3af7b52d0179a7e21,2024-11,Sussex Police,Sussex Police,-0.110536,50.955181,On or near Icarus Avenue,E01035354,Mid Sussex 013G,Violence and sexual offences,Further investigation is not in the public interest,
7120fff7df39b697ab7a81d3849597d18e67b05e4431bed6990f5ebf4cfb65b4,2024-11,Sussex Police,Sussex Police,-0.117644,50.957562,On or near Heritage Lane,E01035354,Mid Sussex 013G,Violence and sexual offences,Unable to prosecute suspect,
,2024-11,Sussex Police,Sussex Police,-0.129775,50.967884,On or near Freek'S Lane,E01031705,Mid Sussex 014A,Anti-social behaviour,,
,2024-11,Sussex Police,Sussex Police,-0.129270,50.966257,On or near The Hawthorns,E01031705,Mid Sussex 014A,Anti-social behaviour,,
f3743593434801789e0b85ecba648c11e5877ceaac69c76610aeb6e5534281c0,2024-11,Sussex Police,Sussex Police,-0.137797,50.964235,On or near Chapel Close,E01031705,Mid Sussex 014A,Criminal damage and arson,Investigation complete; no suspect identified,
537b3762c00faf7bbc90afdb8362577b6993773155ef6b381810c95088a50bde,2024-11,Sussex Police,Sussex Police,-0.128529,50.964174,On or near Supermarket,E01031705,Mid Sussex 014A,Criminal damage and arson,Investigation complete; no suspect identified,
f362a9666650936404471ca205b085b47984904195d69a0548aa09fff9d358f7,2024-11,Sussex Police,Sussex Police,-0.129775,50.967884,On or near Freek'S Lane,E01031705,Mid Sussex 014A,Drugs,Local resolution,
b8af18561063f6bc3d940110640bec1f273419b57d1ef6bbe17a6191f039f0d0,2024-11,Sussex Police,Sussex Police,-0.128943,50.964822,On or near Dumbrills Close,E01031705,Mid Sussex 014A,Violence and sexual offences,Investigation complete; no suspect identified,
9e573cfe19276f5665a695ac955ede15be68d89f401f8f64bb08c5e0e3a96567,2024-11,Sussex Police,Sussex Police,-0.129775,50.967884,On or near Freek'S Lane,E01031705,Mid Sussex 014A,Violence and sexual offences,Unable to prosecute suspect,
3794bb097be2a1ca15b323d08f36051616d6459131f5a65153d870fbfa7b4376,2024-11,Sussex Police,Sussex Police,-0.133662,50.963989,On or near Bramber Way,E01031707,Mid Sussex 014B,Criminal damage and arson,Investigation complete; no suspect identified,
b0192e33733fae84209e1ebeb9fccd67b931b8efaf2f5090a7456361cbe3e4ad,2024-11,Sussex Police,Sussex Police,-0.132293,50.961188,On or near Highlands Drive,E01031707,Mid Sussex 014B,Criminal damage and arson,Investigation complete; no suspect identified,
c71fc9f9ab8a057938be6816f1f308aa622fbfb75a3157fae24dedaae02bb28f,2024-11,Sussex Police,Sussex Police,-0.132995,50.962881,On or near Marle Avenue,E01031707,Mid Sussex 014B,Public order,Investigation complete; no suspect identified,
253698a94c4a909a0fbf9d4887db1a5e75b37d557c141f8348988c696e10a908,2024-11,Sussex Police,Sussex Police,-0.132995,50.962881,On or near Marle Avenue,E01031707,Mid Sussex 014B,Public order,Investigation complete; no suspect identified,
77780a12202314d623ce27e2c9cb8ed526284d813949e1c9f8de2d0e1387d38f,2024-11,Sussex Police,Sussex Police,-0.134081,50.964769,On or near Supermarket,E01031707,Mid Sussex 014B,Shoplifting,Investigation complete; no suspect identified,
3a5eded83ab1bbe7ad40bfa36edbfd19c2e8095232b77aea17bc888d695953f1,2024-11,Sussex Police,Sussex Police,-0.134081,50.964769,On or near Supermarket,E01031707,Mid Sussex 014B,Shoplifting,Investigation complete; no suspect identified,
aa693d69caef7fb623d6f3a621ca917b2150a48634c57adf0a39bc6af0c0acf9,2024-11,Sussex Police,Sussex Police,-0.134081,50.964769,On or near Supermarket,E01031707,Mid Sussex 014B,Shoplifting,Investigation complete; no suspect identified,
61f00f945d00b8fec096056728e45f6061dd00369abf6b60870bf85d880928cd,2024-11,Sussex Police,Sussex Police,-0.136605,50.964117,On or near The Pound,E01031707,Mid Sussex 014B,Violence and sexual offences,Unable to prosecute suspect,
,2024-11,Sussex Police,Sussex Police,-0.130704,50.955731,On or near Church Road,E01031708,Mid Sussex 014C,Anti-social behaviour,,
,2024-11,Sussex Police,Sussex Police,-0.128364,50.953724,On or near Wolstonbury Way,E01031708,Mid Sussex 014C,Anti-social behaviour,,
90a076a77a8a412560a90f69496b488fdc3ba566a414247795c24b506a8b81bd,2024-11,Sussex Police,Sussex Police,-0.128657,50.955293,On or near Dairy Court,E01031708,Mid Sussex 014C,Criminal damage and arson,Investigation complete; no suspect identified,
601482918c04d05a9a2c5294aa9e4b3fa6b1931d93b19c48ba85dbff392abdd2,2024-11,Sussex Police,Sussex Police,-0.126836,50.953133,On or near Keymer Parade,E01031708,Mid Sussex 014C,Other theft,Investigation complete; no suspect identified,
bb36e22a4a2d3d69eb234bf9e570349c94bcf37823d4107d105bd277099477f4,2024-11,Sussex Police,Sussex Police,-0.132431,50.956823,On or near Theatre/Concert Hall,E01031708,Mid Sussex 014C,Public order,Investigation complete; no suspect identified,
604c69bf74e367e867168447f118787b697cbae7fea7811b7f72935f7104dea8,2024-11,Sussex Police,Sussex Police,-0.132241,50.954685,On or near Parking Area,E01031708,Mid Sussex 014C,Public order,Court result unavailable,
0771d0a49d8a6888aeddb9adf678b56f0d019e3eec16df3864a42276f9ca6655,2024-11,Sussex Police,Sussex Police,-0.132082,50.956085,On or near Shopping Area,E01031708,Mid Sussex 014C,Shoplifting,Investigation complete; no suspect identified,
4646c4970099c505bdd3c9fb2f5687d4fa4a444daacc1603ba8e271d5b93efbc,2024-11,Sussex Police,Sussex Police,-0.130704,50.955731,On or near Church Road,E01031708,Mid Sussex 014C,Shoplifting,Court result unavailable,
c212c734f77a92281d8987be7e30f24d3dac0594c2c3a3e6089215d58693f64c,2024-11,Sussex Police,Sussex Police,-0.130704,50.955731,On or near Church Road,E01031708,Mid Sussex 014C,Shoplifting,Local resolution,
957c1db6b666c42bc2e4ceeff6911f07bb30d393f3467c0304fda3bd7decbdcd,2024-11,Sussex Police,Sussex Police,-0.130704,50.955731,On or near Church Road,E01031708,Mid Sussex 014C,Shoplifting,Court result unavailable,
56f21104b3f3efafb04c8b21bb2e5f0c1c65c3a5380733c3e254831216403561,2024-11,Sussex Police,Sussex Police,-0.132241,50.954685,On or near Parking Area,E01031708,Mid Sussex 014C,Theft from the person,Court result unavailable,
6551540cdb1353b58c0ba7f36e60c253a9dde0b7251af43968943fc54d8756b1,2024-11,Sussex Police,Sussex Police,-0.129070,50.955291,On or near Parking Area,E01031708,Mid Sussex 014C,Violence and sexual offences,Status update unavailable,
53c2d2a88ce02dac5f1b51ed0cc0df462b362ad6db3479e1c2fb4d47a085b3f6,2024-11,Sussex Police,Sussex Police,-0.129070,50.955291,On or near Parking Area,E01031708,Mid Sussex 014C,Violence and sexual offences,Investigation complete; no suspect identified,
012bf5151b5b95914a024ceaaa15bbb14a844a4029c32c5f4cd5acb41e625fba,2024-11,Sussex Police,Sussex Police,-0.128180,50.957237,On or near Middle Way,E01031708,Mid Sussex 014C,Violence and sexual offences,Unable to prosecute suspect,
e665227a4d7857df560f7921fbedf4def98547dfbc1e16d0504216d58bfc8134,2024-11,Sussex Police,Sussex Police,-0.126836,50.953133,On or near Keymer Parade,E01031708,Mid Sussex 014C,Violence and sexual offences,Unable to prosecute suspect,
,2024-11,Sussex Police,Sussex Police,-0.134404,50.956183,On or near Police Station,E01031709,Mid Sussex 014D,Anti-social behaviour,,
,2024-11,Sussex Police,Sussex Police,-0.130880,50.956669,On or near Parking Area,E01031709,Mid Sussex 014D,Anti-social behaviour,,
be060f89429d278aeda5286be59ba5a94cdb385963651d2b11fa97465a9c6eaf,2024-11,Sussex Police,Sussex Police,-0.134404,50.956183,On or near Police Station,E01031709,Mid Sussex 014D,Criminal damage and arson,Investigation complete; no suspect identified,
2534534eeec92d7fbe03d5abbe14c2a74761399d15b7370789de14dae5e196cf,2024-11,Sussex Police,Sussex Police,-0.132463,50.953771,On or near Station Road,E01031709,Mid Sussex 014D,Drugs,Local resolution,
e03a35dc8e27e26108538edfc957a102cba5dcf6c2d1d0b7ce6fa99d4433bc67,2024-11,Sussex Police,Sussex Police,-0.129558,50.956252,On or near Cyprus Road,E01031709,Mid Sussex 014D,Public order,Unable to prosecute suspect,
40992c9d0858519261def40c632fce41e05064558f05b6c5aca259f0d524885b,2024-11,Sussex Police,Sussex Police,-0.137346,50.958778,On or near Parking Area,E01031709,Mid Sussex 014D,Public order,Unable to prosecute suspect,
f1cc7b5f3e47c38fd2720e03a2dbe6abf5a4ce538bdd915ff5b87329acda01c3,2024-11,Sussex Police,Sussex Police,-0.134153,50.953160,On or near Meeds Road,E01031709,Mid Sussex 014D,Public order,Unable to prosecute suspect,
b0b9f72ec785e3a04b85d5e769aafe26b524e55d1722523ccaf56725c6e4f1e8,2024-11,Sussex Police,Sussex Police,-0.138011,50.957799,On or near Sports/Recreation Area,E01031709,Mid Sussex 014D,Robbery,Unable to prosecute suspect,
170504bde1786100203c41b9c92f5fad6f4827be4136aee16c83c4203ea5992e,2024-11,Sussex Police,Sussex Police,-0.134404,50.956183,On or near Police Station,E01031709,Mid Sussex 014D,Robbery,Unable to prosecute suspect,
cdcbcaa22e34933928647bbb41e8f433661836b99d56822cd9034906c33e8634,2024-11,Sussex Police,Sussex Police,-0.134404,50.956183,On or near Police Station,E01031709,Mid Sussex 014D,Vehicle crime,Investigation complete; no suspect identified,
0ff25d9baf8050d8587d00aa24a53ff232df9730f34d076632b03896c77840bf,2024-11,Sussex Police,Sussex Police,-0.128028,50.956776,On or near Foundry Court,E01031709,Mid Sussex 014D,Vehicle crime,Investigation complete; no suspect identified,
c8ba5466a4f0cac6f001cc58f0ec7a7420f55fc76345c9865c96ba6cce92118c,2024-11,Sussex Police,Sussex Police,-0.130170,50.953429,On or near Queens Crescent,E01031709,Mid Sussex 014D,Violence and sexual offences,Investigation complete; no suspect identified,
49b3db8bcb0c01affe92d270e6270b0fea06b56e89552300bf70e587aa1e339f,2024-11,Sussex Police,Sussex Police,-0.134404,50.956183,On or near Police Station,E01031709,Mid Sussex 014D,Violence and sexual offences,Investigation complete; no suspect identified,
f2106725cbffeb60516cf7fedd5644bac50c4de3a1494375af106432e8fa7845,2024-11,Sussex Police,Sussex Police,-0.134153,50.953160,On or near Meeds Road,E01031709,Mid Sussex 014D,Violence and sexual offences,Investigation complete; no suspect identified,
e25c19a8578d62915f3f6087f3ea03f7cdc2d6786493c92a084b5f91d68d1252,2024-11,Sussex Police,Sussex Police,-0.130170,50.953429,On or near Queens Crescent,E01031709,Mid Sussex 014D,Violence and sexual offences,Investigation complete; no suspect identified,
,2024-11,Sussex Police,Sussex Police,-0.154591,50.957823,On or near Sports/Recreation Area,E01031716,Mid Sussex 014E,Anti-social behaviour,,
3e587f7a3a21e6ad759e6dd5561044fcc06c833087d5f18da0a74b68a8a7ed6c,2024-11,Sussex Police,Sussex Police,-0.145630,50.958136,On or near Royal George Road,E01031716,Mid Sussex 014E,Robbery,Unable to prosecute suspect,
55e59b8a5489d08ebd4ac3035a1579835d1706e175500a1fd10352dbcbe3a88f,2024-11,Sussex Police,Sussex Police,-0.148862,50.959572,On or near Weald Road,E01031716,Mid Sussex 014E,Violence and sexual offences,Unable to prosecute suspect,
,2024-11,Sussex Police,Sussex Police,-0.139145,50.956855,On or near London Road,E01031717,Mid Sussex 014F,Anti-social behaviour,,
ba2e67eb131db7693b4762bec7d5d7b06431ff206fabf8426430ee8c6e872864,2024-11,Sussex Police,Sussex Police,-0.139571,50.956187,On or near Beaconsfield Close,E01031717,Mid Sussex 014F,Burglary,Investigation complete; no suspect identified,
6f3fe4edc43e74db985d7ef5579141534b9cd017e9a84e8267ffdf6eacc36fb8,2024-11,Sussex Police,Sussex Police,-0.139571,50.956187,On or near Beaconsfield Close,E01031717,Mid Sussex 014F,Burglary,Investigation complete; no suspect identified,
7ea5c0ca71202011c0abcdcf09bf6589a89dfadc7611c657a2a84507a14d5215,2024-11,Sussex Police,Sussex Police,-0.140782,50.956530,On or near Portland Road,E01031717,Mid Sussex 014F,Criminal damage and arson,Investigation complete; no suspect identified,
54fdf20be9fa15c581cc42996d6bcdc5cc4c19164f777078cbe1c7c9522df9bd,2024-11,Sussex Police,Sussex Police,-0.144869,50.959005,On or near Colmer Place,E01031717,Mid Sussex 014F,Other theft,Investigation complete; no suspect identified,
ffbd0a88b7fab1d18913c26183da572111929eedc82a108879de626a69edd028,2024-11,Sussex Police,Sussex Police,-0.139571,50.956187,On or near Beaconsfield Close,E01031717,Mid Sussex 014F,Other theft,Investigation complete; no suspect identified,
57b848d61b36d20bdf750f10d5fae2f945ae671d833063ae0bf327e34b0dcb75,2024-11,Sussex Police,Sussex Police,-0.139272,50.957963,On or near Petrol Station,E01031717,Mid Sussex 014F,Other theft,Investigation complete; no suspect identified,
1f41b66c0fafba394f3b88cf925084e1db4b7112e9668cb5426e7b376f430c24,2024-11,Sussex Police,Sussex Police,-0.139145,50.956855,On or near London Road,E01031717,Mid Sussex 014F,Shoplifting,Investigation complete; no suspect identified,
8219bc346c6b00cac25ab78aa0333f16165c1c61a1a21c6855b8ea215e5d9d8b,2024-11,Sussex Police,Sussex Police,-0.139571,50.956187,On or near Beaconsfield Close,E01031717,Mid Sussex 014F,Shoplifting,Unable to prosecute suspect,
df3fc8859afa046f2663949b3329712b487c2bc84f707c90f55ad077c8650b18,2024-11,Sussex Police,Sussex Police,-0.140450,50.959124,On or near Newport Road,E01031717,Mid Sussex 014F,Vehicle crime,Investigation complete; no suspect identified,
8f954dbfc967bffb158b2342da4a7c499a9cf714a3f909594fab816109763c32,2024-11,Sussex Police,Sussex Police,-0.144869,50.959005,On or near Colmer Place,E01031717,Mid Sussex 014F,Vehicle crime,Investigation complete; no suspect identified,
104eed52cd9c52404cefc7491bb6a6783dcd6d7508f014309d422998954c8116,2024-11,Sussex Police,Sussex Police,-0.139440,50.960169,On or near Cromwell Mews,E01031717,Mid Sussex 014F,Violence and sexual offences,Unable to prosecute suspect,
a7440518eee39376dba4e0c6ee203a6309c463e8a5b56cd0026fb781aab0ebad,2024-11,Sussex Police,Sussex Police,-0.139947,50.958540,On or near Slimbridge Road,E01031717,Mid Sussex 014F,Violence and sexual offences,Unable to prosecute suspect,
,2024-11,Sussex Police,Sussex Police,-0.121976,50.948657,On or near Ryeland Road,E01031702,Mid Sussex 015A,Anti-social behaviour,,
,2024-11,Sussex Police,Sussex Police,-0.121966,50.948207,On or near Shearing Drive,E01031702,Mid Sussex 015A,Anti-social behaviour,,
fd09ee27b6b3e72f67fea5bb905c304fe8a855b753fcf5f90cd71768fd9f4cec,2024-11,Sussex Police,Sussex Police,-0.116921,50.949034,On or near Kirdford Close,E01031702,Mid Sussex 015A,Criminal damage and arson,Unable to prosecute suspect,
1803ad13935abb7123bfb09b31f9fe26048f1db5329491f2005dfe102230eeb4,2024-11,Sussex Police,Sussex Police,-0.121966,50.948207,On or near Shearing Drive,E01031702,Mid Sussex 015A,Violence and sexual offences,Investigation complete; no suspect identified,
af3634fdf65a1108980d6e907929b666940c44a2314b9176bb5f3ef6b9310978,2024-11,Sussex Police,Sussex Police,-0.115102,50.950012,On or near Kings Ride,E01031702,Mid Sussex 015A,Violence and sexual offences,Offender given a caution,
,2024-11,Sussex Police,Sussex Police,-0.128222,50.946635,On or near Franklands Close,E01031703,Mid Sussex 015B,Anti-social behaviour,,
f8c9fb7ae431afc449a4548d8f63cca2065f65e7b483924d32863438fd08c668,2024-11,Sussex Police,Sussex Police,-0.121405,50.951507,On or near Ferndale Road,E01031703,Mid Sussex 015B,Burglary,Investigation complete; no suspect identified,
2106a9e0a3722753c2c0ee693cec419f61e42cc4ad2ed994283e6acf3a53bfab,2024-11,Sussex Police,Sussex Police,-0.122097,50.953083,On or near Silverdale Road,E01031703,Mid Sussex 015B,Criminal damage and arson,Investigation complete; no suspect identified,
8ecc1c9f26eb1d2762aa26b809820716f87446c5abb7ba7090b27db2e2110e04,2024-11,Sussex Police,Sussex Police,-0.125346,50.946624,On or near Keymer Place,E01031703,Mid Sussex 015B,Drugs,Local resolution,
be86f9aa1a3c7be0ceae3994806b7c976e22337c2a4e29cedc9638cab504019c,2024-11,Sussex Police,Sussex Police,-0.121405,50.951507,On or near Ferndale Road,E01031703,Mid Sussex 015B,Other theft,Investigation complete; no suspect identified,
82519e18e042cb37dbf78c345beb4c433cbae89b6812ff09a01d03a2b28b9721,2024-11,Sussex Police,Sussex Police,-0.124515,50.943571,On or near Broadlands,E01031703,Mid Sussex 015B,Violence and sexual offences,Unable to prosecute suspect,
195cb51733ca1e5d1a5409975e258b07e5c7db3ccae43f8754e9b7cea9d1751e,2024-11,Sussex Police,Sussex Police,-0.126043,50.950889,On or near B2113,E01031703,Mid Sussex 015B,Violence and sexual offences,Unable to prosecute suspect,
,2024-11,Sussex Police,Sussex Police,-0.137590,50.950526,On or near Potters Lane,E01031710,Mid Sussex 015C,Anti-social behaviour,,
6f8a62723a84f5c5926866569f82bee59bd31a701918e05d264b02432fec35ce,2024-11,Sussex Police,Sussex Police,-0.139565,50.947050,On or near Clayton Drive,E01031710,Mid Sussex 015C,Vehicle crime,Investigation complete; no suspect identified,
5b0b6ecbda7009261afbc88c9eaf4bdc7d4fb4cdeeec9cf6e05b6699ecd8f748,2024-11,Sussex Police,Sussex Police,-0.134723,50.948879,On or near Holmesdale Road,E01031710,Mid Sussex 015C,Violence and sexual offences,Status update unavailable,
3efae545775dbb69c0c901ad84b175c6949bc6184e8842be8b426c61077af6dd,2024-11,Sussex Police,Sussex Police,-0.146530,50.950911,On or near Edwin Street,E01031715,Mid Sussex 015D,Other theft,Investigation complete; no suspect identified,
59930f24eac3ad7a74b8702db4ab98e9d6ac86c3160f6375bde4910d04141dea,2024-11,Sussex Police,Sussex Police,-0.146530,50.950911,On or near Edwin Street,E01031715,Mid Sussex 015D,Robbery,Investigation complete; no suspect identified,
b2f3f0818d5c68139a1f5bbabcb4501be7af04e4b9aab7780e3ff9b0723256fe,2024-11,Sussex Police,Sussex Police,-0.148451,50.948792,On or near Michelbourne Close,E01031715,Mid Sussex 015D,Shoplifting,Unable to prosecute suspect,
36604ce63616d12896aef1931f037abdd4d9ff9ab35a9b735ea541678d4604f2,2024-11,Sussex Police,Sussex Police,-0.146530,50.950911,On or near Edwin Street,E01031715,Mid Sussex 015D,Theft from the person,Investigation complete; no suspect identified,
4e21eb00e07211d9593c916202f8f45c6d56e1a437583e460d60128c85a34592,2024-11,Sussex Police,Sussex Police,-0.146484,50.949561,On or near Hammonds Ridge,E01031715,Mid Sussex 015D,Vehicle crime,Investigation complete; no suspect identified,
6a34edd4852b997394b31d07b7c8805eb75df5fa14e145587237ca0a207f9b43,2024-11,Sussex Police,Sussex Police,-0.148451,50.948792,On or near Michelbourne Close,E01031715,Mid Sussex 015D,Violence and sexual offences,Unable to prosecute suspect,
c4d5b25e9174ad7edfa1e6720556f7be466092925696df836f4dc3a30cd9e2bd,2024-11,Sussex Police,Sussex Police,-0.142037,50.951820,On or near Payton Drive,E01031715,Mid Sussex 015D,Violence and sexual offences,Unable to prosecute suspect,
6885292d42d1220c0ab9aeebcd87c76732dd90b48a0992b77fb1a4a452d5c4d7,2024-11,Sussex Police,Sussex Police,-0.195850,50.968123,On or near Hickstead Lane,E01031698,Mid Sussex 016A,Drugs,Court result unavailable,
0d9ae4ffbcdd370f47339be77f7e09f301716f9978089c8ef34cb9c02dbb1cef,2024-11,Sussex Police,Sussex Police,-0.186986,50.978130,On or near Stairbridge Lane,E01031698,Mid Sussex 016A,Other theft,Unable to prosecute suspect,
168a6019e9b3997e97b51dfaf071cd1770c0267869556f638dfc52c351641ed2,2024-11,Sussex Police,Sussex Police,-0.221842,50.942765,On or near Twineham Lane,E01031698,Mid Sussex 016A,Other theft,Status update unavailable,
00f66793967d932421fdc5904794b2cfc2cf7cf3059e014316a822ef9a4594d7,2024-11,Sussex Police,Sussex Police,-0.200142,50.989746,On or near Magdalene Rise,E01031698,Mid Sussex 016A,Other theft,Investigation complete; no suspect identified,
928b126fc2d6bc0f3461562a06f37b6d2c28614b05046810433e7a798143bc75,2024-11,Sussex Police,Sussex Police,-0.191628,50.967787,On or near Petrol Station,E01031698,Mid Sussex 016A,Other theft,Investigation complete; no suspect identified,
41ac3b977f1d63895a1bdaa48c2ef130bad8676a9f6bf3b4ef99ccfb3a72774f,2024-11,Sussex Police,Sussex Police,-0.195850,50.968123,On or near Hickstead Lane,E01031698,Mid Sussex 016A,Possession of weapons,Court result unavailable,
6ce282a7680236ac6cdd6f39acd457553cc33f60014fd0b09f195f736d8328e8,2024-11,Sussex Police,Sussex Police,-0.202011,50.997787,On or near Springfield Close,E01031698,Mid Sussex 016A,Violence and sexual offences,Unable to prosecute suspect,
61db7b2544fdfd4407a435388929c7bdd25a5585bd07386ddeef932f850caca9,2024-11,Sussex Police,Sussex Police,-0.187806,50.994042,On or near Buncton Lane,E01031698,Mid Sussex 016A,Violence and sexual offences,Unable to prosecute suspect,
95e9aa8c4de0f0a035825662ae5a47f8ad47d8a636d0187811e6ed8435492dc0,2024-11,Sussex Police,Sussex Police,-0.195850,50.968123,On or near Hickstead Lane,E01031698,Mid Sussex 016A,Violence and sexual offences,Local resolution,
05d78d85414c6918677b54796241bd04f5062ae8628a3b2d82279c9292be7094,2024-11,Sussex Police,Sussex Police,-0.195850,50.968123,On or near Hickstead Lane,E01031698,Mid Sussex 016A,Other crime,Court result unavailable,
9eb1a1a6df610ecd39cf89d1c083d6682664544e9cd74ebc939cf44cb7681393,2024-11,Sussex Police,Sussex Police,-0.195850,50.968123,On or near Hickstead Lane,E01031698,Mid Sussex 016A,Other crime,Court result unavailable,
,2024-11,Sussex Police,Sussex Police,-0.160723,50.963204,On or near Gatehouse Lane,E01031767,Mid Sussex 016B,Anti-social behaviour,,
,2024-11,Sussex Police,Sussex Police,-0.173383,50.939984,On or near Bignall Grove,E01031767,Mid Sussex 016B,Anti-social behaviour,,
5b4970e88e86e706f7048179e2790544e5dfc59a6d41984365c192a3eac2d814,2024-11,Sussex Police,Sussex Police,-0.160723,50.963204,On or near Gatehouse Lane,E01031767,Mid Sussex 016B,Criminal damage and arson,Investigation complete; no suspect identified,
93747408c2f450a9042a84ea911fa6ea5f63419a8bb7600dee4eec90c9d39ed8,2024-11,Sussex Police,Sussex Police,-0.174713,50.936902,On or near Dr Denman Crescent,E01031767,Mid Sussex 016B,Other theft,Investigation complete; no suspect identified,
8165a4bfb688d635c0845de198594a06d4e47cb45a0c48494ed3ec25fcd26d72,2024-11,Sussex Police,Sussex Police,-0.160723,50.963204,On or near Gatehouse Lane,E01031767,Mid Sussex 016B,Other theft,Investigation complete; no suspect identified,
82120eb178d434c68e12efd9907f4a58fcd810023d6b531afb01009051203da2,2024-11,Sussex Police,Sussex Police,-0.171677,50.966038,On or near Cuckfield Road,E01031767,Mid Sussex 016B,Other theft,Investigation complete; no suspect identified,
771b644fc6970b495ea7ead1ad7ae91df91b55e661006ca6d3a40ed650227e7c,2024-11,Sussex Police,Sussex Police,-0.160723,50.963204,On or near Gatehouse Lane,E01031767,Mid Sussex 016B,Public order,Investigation complete; no suspect identified,
fd60f3d8590a4fc2fa46c90afd6628464fe38050f194d240f2ca7894fd8292ad,2024-11,Sussex Police,Sussex Police,-0.173748,50.937562,On or near Diplocks Mews,E01031767,Mid Sussex 016B,Public order,Unable to prosecute suspect,
294db1652e1572a64c33ca8644ba5b5eedb7ad29c7edf94d285a1bc32ec087cd,2024-11,Sussex Police,Sussex Police,-0.160723,50.963204,On or near Gatehouse Lane,E01031767,Mid Sussex 016B,Public order,Unable to prosecute suspect,
4c8ae7a72c75583cbe28d58c3bb7f69552ff7eca415fa5160c571ecb6e7e5e0a,2024-11,Sussex Police,Sussex Police,-0.160723,50.963204,On or near Gatehouse Lane,E01031767,Mid Sussex 016B,Public order,Unable to prosecute suspect,
317d4551b291aa0bb56b5dfa853a25cb10f1aa802b618b6c5a33918fb26f5c12,2024-11,Sussex Police,Sussex Police,-0.160723,50.963204,On or near Gatehouse Lane,E01031767,Mid Sussex 016B,Public order,Unable to prosecute suspect,
e512881c55a01b5335314c22d15c5172baaac0bf81b5ab68f927280da25dc7fc,2024-11,Sussex Police,Sussex Police,-0.178994,50.940630,On or near The Maples,E01031767,Mid Sussex 016B,Robbery,Investigation complete; no suspect identified,
ba531f8f44136c06173061bf92917435ebb6bdb6e280407b22d358606ee21261,2024-11,Sussex Police,Sussex Police,-0.160723,50.963204,On or near Gatehouse Lane,E01031767,Mid Sussex 016B,Violence and sexual offences,Investigation complete; no suspect identified,
facb3461ae25bf593c20b8263a2b21938325917b6a8fcb69375a9fd924cc3cc7,2024-11,Sussex Police,Sussex Police,-0.160723,50.963204,On or near Gatehouse Lane,E01031767,Mid Sussex 016B,Violence and sexual offences,Investigation complete; no suspect identified,
77059ec475a11439acc110e27f9724621e2ce1932c33d33d1c65b5ea5c5bcb5b,2024-11,Sussex Police,Sussex Police,-0.160723,50.963204,On or near Gatehouse Lane,E01031767,Mid Sussex 016B,Violence and sexual offences,Investigation complete; no suspect identified,
e79df91e674c56254208af7fc167a2f0e62ac9420ceebd936f79a586ced1022e,2024-11,Sussex Police,Sussex Police,-0.160723,50.963204,On or near Gatehouse Lane,E01031767,Mid Sussex 016B,Violence and sexual offences,Unable to prosecute suspect,
d529908527f8180db223bfd4d27c7560230a5597d186efc9c9d9977d4c4adf78,2024-11,Sussex Police,Sussex Police,-0.160723,50.963204,On or near Gatehouse Lane,E01031767,Mid Sussex 016B,Violence and sexual offences,Unable to prosecute suspect,
bbb385f427582082aa0d92acdcb647ab677c8ee3ebc0faa59203e309e5d76129,2024-11,Sussex Police,Sussex Police,-0.160723,50.963204,On or near Gatehouse Lane,E01031767,Mid Sussex 016B,Violence and sexual offences,Unable to prosecute suspect,
c32213c4835f5ad8dc7b2617c9524d477021498c17dec88da310c7cfa247b642,2024-11,Sussex Police,Sussex Police,-0.160723,50.963204,On or near Gatehouse Lane,E01031767,Mid Sussex 016B,Violence and sexual offences,Investigation complete; no suspect identified,
6f1fc191c01677a222911dead0af62b49f807d8e33bbc68315ab6a61e2f424e2,2024-11,Sussex Police,Sussex Police,-0.160723,50.963204,On or near Gatehouse Lane,E01031767,Mid Sussex 016B,Violence and sexual offences,Investigation complete; no suspect identified,
2af150684b843dbadd5b7cef0ba87e12c4ce67863451e7c1d6ee364f33b97abd,2024-11,Sussex Police,Sussex Police,-0.160723,50.963204,On or near Gatehouse Lane,E01031767,Mid Sussex 016B,Violence and sexual offences,Unable to prosecute suspect,
227d51f7620b994f38b66f6eaaf7f2aaba78d02c7be48a3fcb92460024a01995,2024-11,Sussex Police,Sussex Police,-0.174261,50.942984,On or near Mildred Durrant Way,E01031767,Mid Sussex 016B,Violence and sexual offences,Unable to prosecute suspect,
179fa3f1b5ea4086ff8b85b52f97bb1f5997a6bc1165f0dbcb3eb8471d6d64f9,2024-11,Sussex Police,Sussex Police,-0.160723,50.963204,On or near Gatehouse Lane,E01031767,Mid Sussex 016B,Violence and sexual offences,Unable to prosecute suspect,
460174cc168bc0e5bf17009119f677f8c753f60906d09e3c3c950c267b298827,2024-11,Sussex Police,Sussex Police,-0.160723,50.963204,On or near Gatehouse Lane,E01031767,Mid Sussex 016B,Violence and sexual offences,Unable to prosecute suspect,
10fd307439167826f54e98579b0ecc550a520c9bbff2b5cca8be0b02c0bc253f,2024-11,Sussex Police,Sussex Police,-0.160723,50.963204,On or near Gatehouse Lane,E01031767,Mid Sussex 016B,Violence and sexual offences,Unable to prosecute suspect,
c01df19be3ced5d0adf3f43799f7d11715fa643fd668126f62a88b69eac6048b,2024-11,Sussex Police,Sussex Police,-0.160723,50.963204,On or near Gatehouse Lane,E01031767,Mid Sussex 016B,Violence and sexual offences,Unable to prosecute suspect,
5af3977de697e7acace47de38e68c3c93de594f9d5fa177beed7b2e11f1979ea,2024-11,Sussex Police,Sussex Police,-0.160723,50.963204,On or near Gatehouse Lane,E01031767,Mid Sussex 016B,Violence and sexual offences,Investigation complete; no suspect identified,
6aec376ea47a9f680fc788dcc216e988a8562f8385e5ecc7cfaf809ec0930a02,2024-11,Sussex Police,Sussex Police,-0.160723,50.963204,On or near Gatehouse Lane,E01031767,Mid Sussex 016B,Violence and sexual offences,Unable to prosecute suspect,
,2024-11,Sussex Police,Sussex Police,-0.182236,50.937074,On or near Weald Close,E01031769,Mid Sussex 016C,Anti-social behaviour,,
99cc6770f249e4af170fcd4dadf6c093c528e2d471f9bb32c4726fbb6a99d811,2024-11,Sussex Police,Sussex Police,-0.190942,50.935707,On or near Albourne Road,E01031769,Mid Sussex 016C,Burglary,Investigation complete; no suspect identified,
d530b8ccd7711ab29e708bd0a551ca17f534f96593a328c89d8311599e6dc62b,2024-11,Sussex Police,Sussex Police,-0.181996,50.937736,On or near Pierpoint Close,E01031769,Mid Sussex 016C,Criminal damage and arson,Investigation complete; no suspect identified,
a1e7ee406de166d06c1739f1289d79b6cd2d4474f65188ceee73f4f3ea5dfc39,2024-11,Sussex Police,Sussex Police,-0.190942,50.935707,On or near Albourne Road,E01031769,Mid Sussex 016C,Possession of weapons,Unable to prosecute suspect,
4b91bd2b2ff228832ee22c613148403aa3d611297917519bdc6421f538f29d53,2024-11,Sussex Police,Sussex Police,-0.181225,50.940350,On or near Nursery Close,E01031769,Mid Sussex 016C,Violence and sexual offences,Unable to prosecute suspect,
08f4a9c4840010dda0f0ef7956363fd5f2aefdc0c64b07faa1570976c73f1394,2024-11,Sussex Police,Sussex Police,-0.183012,50.938696,On or near Kemps,E01031769,Mid Sussex 016C,Violence and sexual offences,Unable to prosecute suspect,
cee6d0d07b35a31a21869e645ba6e3d60c0c27ca7ce711a2fedc368de0a2afb8,2024-11,Sussex Police,Sussex Police,-0.200262,50.894482,On or near Saddlescombe Road,E01031770,Mid Sussex 016D,Burglary,Investigation complete; no suspect identified,
949411014a08baa8255da8964f09b7b797b452f083ec79e5bda6bd7a4f57180a,2024-11,Sussex Police,Sussex Police,-0.163106,50.895909,On or near Petrol Station,E01031770,Mid Sussex 016D,Criminal damage and arson,Offender given a caution,
648372e477620a23c49deb96bd692926b1223fa015bddd358890d55d476c13ca,2024-11,Sussex Police,Sussex Police,-0.162329,50.899386,On or near School Lane,E01031770,Mid Sussex 016D,Drugs,Local resolution,
b78a7d664f5d1b2ca70eb1224546f2f5056b26ea8d4e5cb13d5b5560829ac6ac,2024-11,Sussex Police,Sussex Police,-0.200262,50.894482,On or near Saddlescombe Road,E01031770,Mid Sussex 016D,Other theft,Investigation complete; no suspect identified,
65ff3f9689d6d737950ac7adf6ba3d045618c612f8f49ec061c42a2155a3d79f,2024-11,Sussex Police,Sussex Police,-0.180052,50.928838,On or near Albert Silsby Place,E01031770,Mid Sussex 016D,Other theft,Investigation complete; no suspect identified,
3e7f09bb8041a7829dc34aea6fa998224011b266d1977ac130abb4a984508e19,2024-11,Sussex Police,Sussex Police,-0.171859,50.900066,On or near London Road,E01031770,Mid Sussex 016D,Public order,Investigation complete; no suspect identified,
2820fe0e46bc2272293fe185874ca9110b7f6341febe61331e086c1296b1ee0e,2024-11,Sussex Police,Sussex Police,-0.163106,50.895909,On or near Petrol Station,E01031770,Mid Sussex 016D,Shoplifting,Investigation complete; no suspect identified,
f2a858e47d6d9ba9551a0ffe5d20e0ebe4c04ccb966d85b2f207bcc792995886,2024-11,Sussex Police,Sussex Police,-0.163106,50.895909,On or near Petrol Station,E01031770,Mid Sussex 016D,Shoplifting,Local resolution,
c188395ddda9aba6c9b956ee670dad5070c78afffc973ff60f4a5bd663a9ff74,2024-11,Sussex Police,Sussex Police,-0.163106,50.895909,On or near Petrol Station,E01031770,Mid Sussex 016D,Shoplifting,Investigation complete; no suspect identified,
29f8ec662996fc20ab413b31678f5d3d75313f47fdafafc9db1aa2eba18aa189,2024-11,Sussex Police,Sussex Police,-0.163106,50.895909,On or near Petrol Station,E01031770,Mid Sussex 016D,Shoplifting,Investigation complete; no suspect identified,
9c1aed0ad4b0cdff6e4cb3de5e781a6ac6082bab6ecef0571f7228752c0c23db,2024-11,Sussex Police,Sussex Police,-0.176655,50.933102,On or near Supermarket,E01031770,Mid Sussex 016D,Shoplifting,Investigation complete; no suspect identified,
55df35d9690f30266090e56c9a7703ee14f3626bd9ee56f1829c9d43e87ef5db,2024-11,Sussex Police,Sussex Police,-0.176655,50.933102,On or near Supermarket,E01031770,Mid Sussex 016D,Shoplifting,Investigation complete; no suspect identified,
f40338dafda69a83237340f1bea668d56b7a1e4300c801a57a490dc335bde8c6,2024-11,Sussex Police,Sussex Police,-0.176655,50.933102,On or near Supermarket,E01031770,Mid Sussex 016D,Shoplifting,Investigation complete; no suspect identified,
3a38ad07d1488325c54cfee1b9afeb6df3ba9dec4d7e817b0762ecaa76c69f2e,2024-11,Sussex Police,Sussex Police,-0.163106,50.895909,On or near Petrol Station,E01031770,Mid Sussex 016D,Shoplifting,Local resolution,
352b2d87cf9e0c459cb8425fce91c596affc951add0b48ae4fe72deeedd2ce16,2024-11,Sussex Police,Sussex Police,-0.211327,50.885875,On or near Parking Area,E01031770,Mid Sussex 016D,Violence and sexual offences,Investigation complete; no suspect identified,
ceac84151c6342909329be99dd0f28db454a012fd129ca06de0204b3da17af77,2024-11,Sussex Police,Sussex Police,-0.211327,50.885875,On or near Parking Area,E01031770,Mid Sussex 016D,Violence and sexual offences,Court result unavailable,
620801007b502a52d67622450ac562837b84c4f43e2d8a64f80135bb449708ec,2024-11,Sussex Police,Sussex Police,-0.206053,50.898185,On or near Sports/Recreation Area,E01031770,Mid Sussex 016D,Violence and sexual offences,Unable to prosecute suspect,
65eedde2f2499cfc2577ced7970b12dd1a5f154d7948485f7cca20787ddca3ae,2024-11,Sussex Police,Sussex Police,-0.178050,50.933465,On or near High Street,E01031770,Mid Sussex 016D,Violence and sexual offences,Unable to prosecute suspect,
093b87ea920b6a34512af549f7190d866caf1a2b8b6b055d64cd3946cec3af06,2024-11,Sussex Police,Sussex Police,-0.162329,50.899386,On or near School Lane,E01031770,Mid Sussex 016D,Violence and sexual offences,Court result unavailable,
dfea2875483a8abeed8f4a58b24c4ec862ad692bb75a72b2a3ffb8c952559263,2024-11,Sussex Police,Sussex Police,-0.224961,50.890759,On or near Clappers Lane,E01031770,Mid Sussex 016D,Violence and sexual offences,Investigation complete; no suspect identified,
170fcaa9fae6a222b88a7586218dce8e967d4425325e79ae14282ad65acdf0b8,2024-11,Sussex Police,Sussex Police,-0.184239,50.903533,On or near Parking Area,E01031770,Mid Sussex 016D,Other crime,Status update unavailable,
826aa8310a746f3c6447eeb7cc98433a3a0771db68109a6a43d2c6677beea789,2024-11,Sussex Police,Sussex Police,-0.178132,50.944474,On or near Arun Beck,E01031771,Mid Sussex 016E,Burglary,Investigation complete; no suspect identified,
5afd156f9e204c0d5183f53b45af90bf60cf67c6e174d16f000c893b2e21fd90,2024-11,Sussex Police,Sussex Police,-0.179489,50.942166,On or near Willow Gardens,E01031771,Mid Sussex 016E,Burglary,Investigation complete; no suspect identified,
74c2cddfc6c2e15514f6019e09d4276d151f0a0355613878cbd06832f95faba8,2024-11,Sussex Police,Sussex Police,-0.195626,50.952579,On or near Oakhurst,E01031771,Mid Sussex 016E,Criminal damage and arson,Unable to prosecute suspect,
32373c0df51419106908b46a130e2bb301adcd866edb25035a87783cfd91cc73,2024-11,Sussex Police,Sussex Police,-0.191636,50.955971,On or near Mill Lane,E01031771,Mid Sussex 016E,Other theft,Investigation complete; no suspect identified,
77548c336edc88ac774a174aca59daeac286e1b94507381b4fb060b710d08888,2024-11,Sussex Police,Sussex Police,-0.178777,50.943261,On or near Willow Way,E01031771,Mid Sussex 016E,Other theft,Investigation complete; no suspect identified,
912b27b39d09f8e2b248579ffa09df771af3ccb410ab49c53c0f12ed09b18134,2024-11,Sussex Police,Sussex Police,-0.194395,50.952038,On or near The Acorns,E01031771,Mid Sussex 016E,Violence and sexual offences,Unable to prosecute suspect,
d272385831b87d992153d1d0f46a0d299aaaf483a2950cdeede05e648895bff5,2024-11,Sussex Police,Sussex Police,-0.194672,50.949291,On or near Harvey Close,E01031771,Mid Sussex 016E,Violence and sexual offences,Status update unavailable,
29a4af84cdc891fba0e33399a0e6f16927d2c92eb1f22cf293e84209c6b99fb6,2024-11,Sussex Police,Sussex Police,-0.178777,50.943261,On or near Willow Way,E01031771,Mid Sussex 016E,Violence and sexual offences,Unable to prosecute suspect,
87a4b76678d71157d5b234059cc1cdea484843148db474fc164a738ee6444321,2024-11,Sussex Police,Sussex Police,-0.151407,50.925951,On or near Stanford Close,E01031744,Mid Sussex 017A,Violence and sexual offences,Unable to prosecute suspect,
,2024-11,Sussex Police,Sussex Police,-0.129492,50.931996,On or near Ockley Lane,E01031745,Mid Sussex 017B,Anti-social behaviour,,
db21551b07c234fc1b2259ec5e43896b47b28bc2b65d7036cdacfe57315ff98d,2024-11,Sussex Police,Sussex Police,-0.136264,50.929919,On or near Chestnut Drive,E01031745,Mid Sussex 017B,Criminal damage and arson,Investigation complete; no suspect identified,
e7db84502fd978170aecbe9d6885a8daa369dc9f9a47a93eff73c7e48d65e03d,2024-11,Sussex Police,Sussex Police,-0.128840,50.930520,On or near Oldlands Lane,E01031745,Mid Sussex 017B,Criminal damage and arson,Investigation complete; no suspect identified,
34b157e47365632ad79b3e43be2c39f2bc91255fc8d94bc38225626897d0327f,2024-11,Sussex Police,Sussex Police,-0.136264,50.929919,On or near Chestnut Drive,E01031745,Mid Sussex 017B,Vehicle crime,Investigation complete; no suspect identified,
30893378d5bc11193c1094d67a09ea571d281e14b4791cd41f408899687d7bf3,2024-11,Sussex Police,Sussex Police,-0.136264,50.929919,On or near Chestnut Drive,E01031745,Mid Sussex 017B,Violence and sexual offences,Status update unavailable,
109239952f8b3376a2b494a68d4d0940173ed302b9b1180bbb5ea3fe5d68f281,2024-11,Sussex Police,Sussex Police,-0.137809,50.923675,On or near Parking Area,E01031745,Mid Sussex 017B,Violence and sexual offences,Investigation complete; no suspect identified,
2c1ca959113f27fd683e5d3289a0a29e2f0f8d764857d0d81950389ce51b30e1,2024-11,Sussex Police,Sussex Police,-0.134851,50.928250,On or near Bromley Close,E01031745,Mid Sussex 017B,Violence and sexual offences,Status update unavailable,
5c82a267386679d4ef7bff6ee12501d853db5c5ebd6dd191c938f7db20982894,2024-11,Sussex Police,Sussex Police,-0.136264,50.929919,On or near Chestnut Drive,E01031745,Mid Sussex 017B,Violence and sexual offences,Unable to prosecute suspect,
6c7b6f90836f45f123311f6d11827764761017a45bd5239af6db67f7230cc38c,2024-11,Sussex Police,Sussex Police,-0.136264,50.929919,On or near Chestnut Drive,E01031745,Mid Sussex 017B,Violence and sexual offences,Unable to prosecute suspect,
79cadbf9c7095e5461cf73511416e6c707d59b93ba9460721862e3661c5786de,2024-11,Sussex Police,Sussex Police,-0.148279,50.931252,On or near Reed Close,E01031746,Mid Sussex 017C,Criminal damage and arson,Local resolution,
bf98454e6e187160e82a0ddfcfdb9951fa03981ee4166ca808822e31a74b6f1b,2024-11,Sussex Police,Sussex Police,-0.140396,50.923725,On or near John Saxby Place,E01031746,Mid Sussex 017C,Criminal damage and arson,Status update unavailable,
21a2602646440821c0965ffd639143543fb834386fec298ae27aca69a79e1014,2024-11,Sussex Police,Sussex Police,-0.148279,50.931252,On or near Reed Close,E01031746,Mid Sussex 017C,Drugs,Unable to prosecute suspect,
545f2ec9f125c08d829cc53091cbcbb23df0a5a57431f8ecc869035f9359e0fb,2024-11,Sussex Police,Sussex Police,-0.140396,50.923725,On or near John Saxby Place,E01031746,Mid Sussex 017C,Other theft,Investigation complete; no suspect identified,
38163f1602109e72449eb6c433b17ab02a29757b6d18023caa2896bde81f76c0,2024-11,Sussex Police,Sussex Police,-0.141091,50.921659,On or near Brook Avenue,E01031746,Mid Sussex 017C,Possession of weapons,Court result unavailable,
096154254b184680b02c4bf60e88d1e5d28159708d7e0265789bf9a23293df69,2024-11,Sussex Police,Sussex Police,-0.148279,50.931252,On or near Reed Close,E01031746,Mid Sussex 017C,Public order,Investigation complete; no suspect identified,
1c158d1f244c7b8a32c57dfd2cb687456497f6949f22232f2f10fa85e263d611,2024-11,Sussex Police,Sussex Police,-0.144069,50.925124,On or near Woodsland Close,E01031746,Mid Sussex 017C,Public order,Investigation complete; no suspect identified,
ef659543cdce3c6c6eb692426247713a29b3926209c26122718aacc8376a57a5,2024-11,Sussex Police,Sussex Police,-0.144069,50.925124,On or near Woodsland Close,E01031746,Mid Sussex 017C,Shoplifting,Investigation complete; no suspect identified,
7f004767e65f3aab5ed02d9d4d686e5039f7719b92d2ea7973aca7177d03ec00,2024-11,Sussex Police,Sussex Police,-0.148279,50.931252,On or near Reed Close,E01031746,Mid Sussex 017C,Violence and sexual offences,Unable to prosecute suspect,
255b6f9d448d989b25a43372258a5d2d55df7405a3a7f6313982e30cd93187c1,2024-11,Sussex Police,Sussex Police,-0.148279,50.931252,On or near Reed Close,E01031746,Mid Sussex 017C,Violence and sexual offences,Unable to prosecute suspect,
811e7867794b7e808c581f83985b3d82a673410fd74b8dcc7046250df71aa505,2024-11,Sussex Police,Sussex Police,-0.144069,50.925124,On or near Woodsland Close,E01031746,Mid Sussex 017C,Violence and sexual offences,Unable to prosecute suspect,
d15d71894d18da8f4eb4eeb1c146120d5bb736408adaba90dee27227f78fe05b,2024-11,Sussex Police,Sussex Police,-0.144069,50.925124,On or near Woodsland Close,E01031746,Mid Sussex 017C,Violence and sexual offences,Unable to prosecute suspect,
1b710b2142f67c1b168b9ca652d3d09fe8e7b0d8f12b7eee6a479fac8d32da48,2024-11,Sussex Police,Sussex Police,-0.141091,50.921659,On or near Brook Avenue,E01031746,Mid Sussex 017C,Violence and sexual offences,Court result unavailable,
2f951be401698303de8c67f80fc8114ba812a3f18395ff0314312ca8605abe07,2024-11,Sussex Police,Sussex Police,-0.141091,50.921659,On or near Brook Avenue,E01031746,Mid Sussex 017C,Violence and sexual offences,Unable to prosecute suspect,
473f66a02bf61f01612dd03f7f19b5c8c4d8abdcbb3c281733b436830dc4ced8,2024-11,Sussex Police,Sussex Police,-0.132972,50.919740,On or near Dale Avenue,E01031747,Mid Sussex 017D,Vehicle crime,Status update unavailable,
712c81f92398bf8ebe3869d03e4139fc28a4d9f846d8fc92856602980a7f7564,2024-11,Sussex Police,Sussex Police,-0.154582,50.922655,On or near Sandy Lane,E01031748,Mid Sussex 017E,Burglary,Investigation complete; no suspect identified,
e6dd150895a3d7fb1f38be08dbaaf6cffa377af242dccfb93afb59fd6b4373c7,2024-11,Sussex Police,Sussex Police,-0.146547,50.924354,On or near Parking Area,E01031748,Mid Sussex 017E,Criminal damage and arson,Unable to prosecute suspect,
18b779dfeb9cf04cd595122fb2dc5dd893e50c73d5619189879eceb7845e1f28,2024-11,Sussex Police,Sussex Police,-0.146031,50.924795,On or near Station Cottages,E01031748,Mid Sussex 017E,Drugs,Local resolution,
5bf27a027fca4272de7b2ba0b5f84485608f1ea8d119551931d3c51277be8140,2024-11,Sussex Police,Sussex Police,-0.148724,50.926142,On or near North Court,E01031748,Mid Sussex 017E,Other theft,Unable to prosecute suspect,
d44e71c7ea166610697c6ebf73177356e7e9674351a0ab92299091648a0880e7,2024-11,Sussex Police,Sussex Police,-0.153167,50.923182,On or near Brighton Road,E01031748,Mid Sussex 017E,Other theft,Investigation complete; no suspect identified,
3d0c328ea044f1c2d5b22be79f6711c9cee74caaf007885f46f636a1c0064b37,2024-11,Sussex Police,Sussex Police,-0.153167,50.923182,On or near Brighton Road,E01031748,Mid Sussex 017E,Other theft,Investigation complete; no suspect identified,
767ce3fae04885cff1df5c99c7b36ffb538aa141e175d4606f902cfdd2c778fc,2024-11,Sussex Police,Sussex Police,-0.153167,50.923182,On or near Brighton Road,E01031748,Mid Sussex 017E,Public order,Investigation complete; no suspect identified,
3cb9b079e1aa4b3a96f18f406ec1e3662f208f381031d59c75970b666cdf3338,2024-11,Sussex Police,Sussex Police,-0.153167,50.923182,On or near Brighton Road,E01031748,Mid Sussex 017E,Shoplifting,Investigation complete; no suspect identified,
369a98578dc37e8b45848bcc4bebcb5d243789ffe616ce911e5c02e9a01e5dc3,2024-11,Sussex Police,Sussex Police,-0.153167,50.923182,On or near Brighton Road,E01031748,Mid Sussex 017E,Shoplifting,Investigation complete; no suspect identified,
355f53213c6fcf4a6af102f2e1ff01691197e3a670f69b5a10cfe4e2b27acb2b,2024-11,Sussex Police,Sussex Police,-0.153167,50.923182,On or near Brighton Road,E01031748,Mid Sussex 017E,Shoplifting,Investigation complete; no suspect identified,
8133a22d7da20d288fd43b45c9e5fe91b4bcad33b76168b0f2c8eca173ad0e83,2024-11,Sussex Police,Sussex Police,-0.153167,50.923182,On or near Brighton Road,E01031748,Mid Sussex 017E,Shoplifting,Investigation complete; no suspect identified,
ed1f22632d645fb4616fcdf72469cb93cff743bc5d895768c1b1185fb027e734,2024-11,Sussex Police,Sussex Police,-0.153167,50.923182,On or near Brighton Road,E01031748,Mid Sussex 017E,Shoplifting,Investigation complete; no suspect identified,
fbc19877fe3aefa95898f1509ba086275616b10453c793ba07cce5553b616f78,2024-11,Sussex Police,Sussex Police,-0.153167,50.923182,On or near Brighton Road,E01031748,Mid Sussex 017E,Shoplifting,Investigation complete; no suspect identified,
274e850050db47d505541096a4a328f8c3bd3e3305bfb582f1d3e56cab997491,2024-11,Sussex Police,Sussex Police,-0.153167,50.923182,On or near Brighton Road,E01031748,Mid Sussex 017E,Shoplifting,Investigation complete; no suspect identified,
6d8c50abe555d6804d119743b822cfaf777d28cab854364a90b0f7d121ae619b,2024-11,Sussex Police,Sussex Police,-0.153167,50.923182,On or near Brighton Road,E01031748,Mid Sussex 017E,Shoplifting,Investigation complete; no suspect identified,
82f1bdb28610795a8a53912a870ee5c66f1f67394d02c0b65b6d6f57dafdada4,2024-11,Sussex Police,Sussex Police,-0.154582,50.922655,On or near Sandy Lane,E01031748,Mid Sussex 017E,Vehicle crime,Investigation complete; no suspect identified,
91a37ca7651e7201c0c8ce9c58cdc6f7f2e666151a1e38f8d4353cdbc99fcbb6,2024-11,Sussex Police,Sussex Police,-0.151959,50.925312,On or near Pine Trees Court,E01031748,Mid Sussex 017E,Violence and sexual offences,Unable to prosecute suspect,
437a58d63cb881b913d8fc84a40c87d82fc57a574c980e27867805f3bb59e733,2024-11,Sussex Police,Sussex Police,-0.166791,50.932066,On or near Highfield Drive,E01031768,Mid Sussex 017F,Burglary,Investigation complete; no suspect identified,
635a010f6b56682f6e8454d7814be0baeacfe8e0913796e41d8ebfecef5f73f8,2024-11,Sussex Police,Sussex Police,-0.178416,50.934280,On or near Little Park Lane,E01031768,Mid Sussex 017F,Violence and sexual offences,Unable to prosecute suspect,
b149bd9b12928d5b6cf738b5ac6dbcad05af288c8daf8ca2e3bcfaacddf57041,2024-11,Sussex Police,Sussex Police,-0.189819,51.173170,On or near Mill Lane,E01030531,Mole Valley 013D,Other crime,Court result unavailable,
810cf1faec42b44db6a58ddab184b899b29f02629aba81a9e9f6f1739a1220cc,2024-11,Sussex Police,Sussex Police,-1.101948,50.792698,On or near Warblington Street,E01033384,Portsmouth 024F,Violence and sexual offences,Unable to prosecute suspect,
,2024-11,Sussex Police,Sussex Police,-0.176227,51.247501,On or near Dennis Close,E01030619,Reigate and Banstead 010E,Anti-social behaviour,,
16909d04908148357a5107913e36d2c0c1ccfce85f937dedf9d3968ecb1e5ce4,2024-11,Sussex Police,Sussex Police,-0.163007,51.218949,On or near Hospital,E01030572,Reigate and Banstead 014C,Violence and sexual offences,Status update unavailable,
640240e567183ed40124dae3e36e413d141c423d04a71e8a3d6c51a3c86e5d50,2024-11,Sussex Police,Sussex Police,-0.174479,51.181979,On or near Meath Green Avenue,E01030585,Reigate and Banstead 016B,Violence and sexual offences,Unable to prosecute suspect,
,2024-11,Sussex Police,Sussex Police,-0.179123,51.181404,On or near Dene Close,E01035360,Reigate and Banstead 016G,Anti-social behaviour,,
,2024-11,Sussex Police,Sussex Police,-0.176148,51.185359,On or near Palmer Close,E01035360,Reigate and Banstead 016G,Anti-social behaviour,,
,2024-11,Sussex Police,Sussex Police,-0.165212,51.172471,On or near Supermarket,E01035362,Reigate and Banstead 018G,Anti-social behaviour,,
ae977e1f943d6f0758487c35364fc196cc3909457ff647777b733e53a50442c9,2024-11,Sussex Police,Sussex Police,0.463667,50.984932,On or near Knelle Road,E01021132,Rother 001A,Criminal damage and arson,Investigation complete; no suspect identified,
963bc8b243a695509db9cfa8a2ac9f8b85f97674532554dd757ef314de74d446,2024-11,Sussex Police,Sussex Police,0.466826,50.985387,On or near Bellhurst Road,E01021132,Rother 001A,Criminal damage and arson,Investigation complete; no suspect identified,
dca013c1035fc8bdb66e3cdb6b1a4c942a1b5e7a1f0d6fea306bda93d79f4256,2024-11,Sussex Police,Sussex Police,0.463667,50.984932,On or near Knelle Road,E01021132,Rother 001A,Other theft,Status update unavailable,
ce70e29db558e08af1ca944bc260c97f5bfdbbf0c2ebb02fad7093482229c6ad,2024-11,Sussex Police,Sussex Police,0.450630,50.986034,On or near Hackwood,E01021132,Rother 001A,Other theft,Offender given a caution,
e09ba3cc56e70008650e8d62c6ea6ee50fb2720cb23e117bb34e059fdef3b3d5,2024-11,Sussex Police,Sussex Police,0.450630,50.986034,On or near Hackwood,E01021132,Rother 001A,Public order,Unable to prosecute suspect,
bf8ee79d437bfec4968201c168faf718839f128a8a5f723c30fed359a723234b,2024-11,Sussex Police,Sussex Police,0.463667,50.984932,On or near Knelle Road,E01021132,Rother 001A,Violence and sexual offences,Investigation complete; no suspect identified,
539432d06051924fea4e814ab03984c428e4bc5fdc59b714b04196dd0b1fbc97,2024-11,Sussex Police,Sussex Police,0.474693,50.986479,On or near High Street,E01021133,Rother 001B,Criminal damage and arson,Local resolution,
bd2b013c48e7af648641ac8cd29849884ac49044c33e836d640048f211486a7c,2024-11,Sussex Police,Sussex Police,0.472054,50.985087,On or near Station Road,E01021133,Rother 001B,Criminal damage and arson,Investigation complete; no suspect identified,
6ff283d6d1bb89b945c1eac2e11e599bb85b443814f16a5cfe53a37b3f9be553,2024-11,Sussex Police,Sussex Police,0.528250,51.006279,On or near Blacksmiths Field,E01021133,Rother 001B,Other theft,Unable to prosecute suspect,
f161a90088cd25572286b2f1916ce844f3cda7a41df18450cb769b37874c5fec,2024-11,Sussex Police,Sussex Police,0.481941,50.986937,On or near Fair Lane,E01021133,Rother 001B,Vehicle crime,Investigation complete; no suspect identified,
5ac050c90a93e37b4b0c6304e7ce949dccf06a4310c7bdf681338105739d83a1,2024-11,Sussex Police,Sussex Police,0.473390,50.985302,On or near Bennetts Yard,E01021133,Rother 001B,Violence and sexual offences,Local resolution,
71682e2acd456352e0654dd27d8af59aef6862b46310bbaa7b29f40bb9f10be9,2024-11,Sussex Police,Sussex Police,0.474263,50.983485,On or near Blenheim Court,E01021133,Rother 001B,Violence and sexual offences,Investigation complete; no suspect identified,
756b04b4aefd8f09c7ac572ced48c9369e866971edf733380ca3802038a6f62a,2024-11,Sussex Police,Sussex Police,0.473390,50.985302,On or near Bennetts Yard,E01021133,Rother 001B,Violence and sexual offences,Local resolution,
e1623e034f9a8c575e77840a521cb90542a0d8b0b554fe25e587d6c1d3b989d3,2024-11,Sussex Police,Sussex Police,0.474263,50.983485,On or near Blenheim Court,E01021133,Rother 001B,Violence and sexual offences,Investigation complete; no suspect identified,
aa6d5360b989b0e176b0318a5f566a45ec415a18c4d3d5b2b8fa81614d91984f,2024-11,Sussex Police,Sussex Police,0.474263,50.983485,On or near Blenheim Court,E01021133,Rother 001B,Violence and sexual offences,Unable to prosecute suspect,
01fbbfbc78f1590ee5a498bb2bc13c12e10212cecc789bf801cd7428b06deb69,2024-11,Sussex Police,Sussex Police,0.474147,50.981571,On or near John'S Cross Road,E01021133,Rother 001B,Violence and sexual offences,Unable to prosecute suspect,
932668fbf9c2fb1f81e9457750ee62ed222fa475ae7fb8fe6c09cc7dd9160aa7,2024-11,Sussex Police,Sussex Police,0.473390,50.985302,On or near Bennetts Yard,E01021133,Rother 001B,Violence and sexual offences,Local resolution,
71b0b27be8f9e36c8a73795bb1e98995571c12acd6d15925ee6640161b97a135,2024-11,Sussex Police,Sussex Police,0.473390,50.985302,On or near Bennetts Yard,E01021133,Rother 001B,Violence and sexual offences,Local resolution,
4d2f94d6a72f1c9d5aab8f812780a85d531f69d62bed35c17700040010b5c52d,2024-11,Sussex Police,Sussex Police,0.474263,50.983485,On or near Blenheim Court,E01021133,Rother 001B,Other crime,Unable to prosecute suspect,
,2024-11,Sussex Police,Sussex Police,0.471587,51.024841,On or near Merriments Lane,E01021134,Rother 001C,Anti-social behaviour,,
65f6d3147e556407aaa5571f360eade354f3f14dd76fff67cd89a27c7a188f87,2024-11,Sussex Police,Sussex Police,0.466218,51.029011,On or near Petrol Station,E01021134,Rother 001C,Shoplifting,Investigation complete; no suspect identified,
45d2bc2508dc92e748a8b1da5f1a485d076d87a52555e4eb66e3b2edd24ea932,2024-11,Sussex Police,Sussex Police,0.471587,51.024841,On or near Merriments Lane,E01021134,Rother 001C,Theft from the person,Investigation complete; no suspect identified,
e66207a3029779fa2e846afe3f591de57f734e0fc7648ad77d7fe7720fb3f8e7,2024-11,Sussex Police,Sussex Police,0.475015,51.008328,On or near London Road,E01021134,Rother 001C,Vehicle crime,Investigation complete; no suspect identified,
8b43ee3225ef6907f8d8cce54a491868ec65cf960c7dd144e6b25b58698c8321,2024-11,Sussex Police,Sussex Police,0.462704,51.017870,On or near Burgh Hill,E01021134,Rother 001C,Violence and sexual offences,Unable to prosecute suspect,
2bfbad463d1c05ba5419ee5d3b3ad0b83ac58ca58a0156351cbbde7007088e13,2024-11,Sussex Police,Sussex Police,0.475015,51.008328,On or near London Road,E01021134,Rother 001C,Violence and sexual offences,Investigation complete; no suspect identified,
84200d02d6faffd7a1160d90854eff338fe4ff62fc53f62de3c50cdf0c5eee55,2024-11,Sussex Police,Sussex Police,0.467915,51.019604,On or near Vicarage Way,E01021134,Rother 001C,Violence and sexual offences,Unable to prosecute suspect,
9439b41fe758e821350ba28791c0832e84c7e0451c410bcfe6b206e8be90916e,2024-11,Sussex Police,Sussex Police,0.462704,51.017870,On or near Burgh Hill,E01021134,Rother 001C,Violence and sexual offences,Unable to prosecute suspect,
c19f4641fceee43f445d3286ab2f4931f3e02be3b81b7f0eae16bf03e6cf2a9a,2024-11,Sussex Police,Sussex Police,0.423147,51.051453,On or near Tinkers Lane,E01021139,Rother 001D,Criminal damage and arson,Investigation complete; no suspect identified,
79d8f51aac1baa53374e1099fc499a8ad1c5831d6f2b5ecf0883c5f666d1ac96,2024-11,Sussex Police,Sussex Police,0.412071,51.046439,On or near Springfields,E01021139,Rother 001D,Violence and sexual offences,Unable to prosecute suspect,
e21b6215e8b1041d5795b28d6d52ae178321d35cf07b33afcb11c88262cdf295,2024-11,Sussex Police,Sussex Police,0.393931,51.059061,On or near Lower Hazelhurst,E01021140,Rother 001E,Burglary,Court result unavailable,
f3c715c229239f372c1bfffa52797748c0723f651528adf26655659fbe7d2df7,2024-11,Sussex Police,Sussex Police,0.402747,51.054294,On or near Boarders Lane,E01021140,Rother 001E,Burglary,Court result unavailable,
5eb2fb07a5e902033a4a361df24556301e07a2c628f6826d2b9fadbe1236265e,2024-11,Sussex Police,Sussex Police,0.414193,51.045549,On or near Reeves Terrace,E01021140,Rother 001E,Criminal damage and arson,Investigation complete; no suspect identified,
6ec1f0cdf89f08b03deec0219ab3412bc6a9a19be27df837174f82d42ce6d89b,2024-11,Sussex Police,Sussex Police,0.445785,51.055370,On or near Blenheim Way,E01021140,Rother 001E,Criminal damage and arson,Investigation complete; no suspect identified,
3fc2232259e2131476100e94b7796720208c294f3d19b8b7d6339df93421c674,2024-11,Sussex Police,Sussex Police,0.414193,51.045549,On or near Reeves Terrace,E01021140,Rother 001E,Criminal damage and arson,Investigation complete; no suspect identified,
283643f543d4cb1bccb3362f01f31b4cbd163764ad18c0cae35b043c64a0c20e,2024-11,Sussex Police,Sussex Police,0.399593,51.049331,On or near Vineyard Lane,E01021140,Rother 001E,Drugs,Unable to prosecute suspect,
97f9af68d3b5419a63d71f325bd0125a08efd0eea89b0ba0b86a01d1d9ca8b77,2024-11,Sussex Police,Sussex Police,0.407277,51.046996,On or near High Street,E01021140,Rother 001E,Other theft,Local resolution,
33c852a8c2bc50376e3a444b86520c2618d37370df92a6826a4a2486dcf604ba,2024-11,Sussex Police,Sussex Police,0.399593,51.049331,On or near Vineyard Lane,E01021140,Rother 001E,Violence and sexual offences,Investigation complete; no suspect identified,
6034bf53b50fa6505cdb8c853b60216734bbaf731c2405274ee61f9db33a1c0a,2024-11,Sussex Police,Sussex Police,0.399593,51.049331,On or near Vineyard Lane,E01021140,Rother 001E,Violence and sexual offences,Investigation complete; no suspect identified,
a7ae33e35f635f85feb2b54469250f4c6420f64b7170598e02a1bdb17941a465,2024-11,Sussex Police,Sussex Police,0.399593,51.049331,On or near Vineyard Lane,E01021140,Rother 001E,Violence and sexual offences,Investigation complete; no suspect identified,
f96216dc9e9d7eb8f54793b5346b3a70b2466076828721c33237c593221f97ac,2024-11,Sussex Police,Sussex Police,0.399593,51.049331,On or near Vineyard Lane,E01021140,Rother 001E,Violence and sexual offences,Unable to prosecute suspect,
c2d607e24cbc005074ab5a67d1b9bf969a44bd5c6e2f5f7e22d59f1a39fdbb18,2024-11,Sussex Police,Sussex Police,0.399593,51.049331,On or near Vineyard Lane,E01021140,Rother 001E,Violence and sexual offences,Investigation complete; no suspect identified,
13fbe6d56be50d4fbe9b9d8592124ab00991f670ac15259488a8fb30b1b1363a,2024-11,Sussex Police,Sussex Police,0.399593,51.049331,On or near Vineyard Lane,E01021140,Rother 001E,Violence and sexual offences,Investigation complete; no suspect identified,
e916f4471850726f42e636ff5661ebd6733d2a4ac42d887c42949048391fd3f3,2024-11,Sussex Police,Sussex Police,0.399593,51.049331,On or near Vineyard Lane,E01021140,Rother 001E,Violence and sexual offences,Investigation complete; no suspect identified,
88108738fe57a131371b6aab8ca1711bea4e27fec4e1d4312dbed692b0d0cc8b,2024-11,Sussex Police,Sussex Police,0.399593,51.049331,On or near Vineyard Lane,E01021140,Rother 001E,Violence and sexual offences,Investigation complete; no suspect identified,
506ec7489c4229d7422f42dd0a707b86970360a620b27c3881cf6b49fe31d8ac,2024-11,Sussex Police,Sussex Police,0.399593,51.049331,On or near Vineyard Lane,E01021140,Rother 001E,Violence and sexual offences,Unable to prosecute suspect,
7cdb7049238faef9818479240b4388d22ecddd4dac139c4bda14bd200b28be3e,2024-11,Sussex Police,Sussex Police,0.414193,51.045549,On or near Reeves Terrace,E01021140,Rother 001E,Other crime,Status update unavailable,
aa426f2ebcb6de7064698a5dab52fd19c1fc15e943af8ce8660cf5fb61329d44,2024-11,Sussex Police,Sussex Police,0.377655,51.033024,On or near Limden Close,E01021141,Rother 001F,Burglary,Court result unavailable,
4f4675d104496a5fbf37afe27e2d2a6d9a9cf3abca975273ebe2296278822164,2024-11,Sussex Police,Sussex Police,0.375150,51.031177,On or near Station Road,E01021141,Rother 001F,Violence and sexual offences,Status update unavailable,
,2024-11,Sussex Police,Sussex Police,0.729365,50.987981,On or near Wittersham Road,E01021103,Rother 002A,Anti-social behaviour,,
cb3ff57cd8541761303ead8f2d69275039eb26155b921f50c8840698a61bfcf9,2024-11,Sussex Police,Sussex Police,0.795902,50.934877,On or near Dunes Avenue,E01021103,Rother 002A,Burglary,Investigation complete; no suspect identified,
2a6a833a6806d3fd44244069a67e4a907a0cb32942250436ac02026952be08d4,2024-11,Sussex Police,Sussex Police,0.804210,50.931953,On or near The Suttons,E01021103,Rother 002A,Other theft,Investigation complete; no suspect identified,
6795918947d2e57b78fbfc8c24fa00c3f6300d765d0790e1452df2d6fa9d5ea6,2024-11,Sussex Police,Sussex Police,0.796998,50.934644,On or near First Avenue,E01021103,Rother 002A,Public order,Investigation complete; no suspect identified,
c399aacb5148567e5bf89f3b83503d8ec5f864bf1692e12de8a4cf0ce158905a,2024-11,Sussex Police,Sussex Police,0.789418,50.937137,On or near Badger Way,E01021103,Rother 002A,Violence and sexual offences,Unable to prosecute suspect,
5208075d8141c5a79811f893fa06dea24c4d55ee4631578eec878c04a44f922a,2024-11,Sussex Police,Sussex Police,0.826823,50.928133,On or near Lydd Road,E01021103,Rother 002A,Violence and sexual offences,Unable to prosecute suspect,
355d4e875ac9447cd3e161c718632c698cbef8c9d2f5c5753e2a1d9afcc6b0ac,2024-11,Sussex Police,Sussex Police,0.803202,50.932472,On or near Saunders Way,E01021103,Rother 002A,Other crime,Investigation complete; no suspect identified,
333de55fd698ca1534f3653cd3a18a62f5b55cd53ad341a584d858a216760f55,2024-11,Sussex Police,Sussex Police,0.608153,51.001464,On or near Donsmead Drive,E01021114,Rother 002B,Violence and sexual offences,Local resolution,
48dd04326db5b7c34a8f20110367d2d989537a7e1d1fa38a927a6ea825efd13e,2024-11,Sussex Police,Sussex Police,0.652010,50.988658,On or near Hobbs Lane,E01021114,Rother 002B,Violence and sexual offences,Unable to prosecute suspect,
85ca90bd883d2ead523c5f8add76a73d7323b4a0598a33f6cbf8a8473f11a43e,2024-11,Sussex Police,Sussex Police,0.613620,51.006666,On or near A268,E01021114,Rother 002B,Violence and sexual offences,Unable to prosecute suspect,
,2024-11,Sussex Police,Sussex Police,0.618065,50.980547,On or near New Road,E01021115,Rother 002C,Anti-social behaviour,,
b9ab4b514e3be6cccdae3840501c3c1e4537239eb959dfa52e19500a08bbd42d,2024-11,Sussex Police,Sussex Police,0.624328,50.983473,On or near Church Lane,E01021115,Rother 002C,Violence and sexual offences,Unable to prosecute suspect,
,2024-11,Sussex Police,Sussex Police,0.731798,50.960492,On or near Hilltop Drive,E01021116,Rother 002D,Anti-social behaviour,,
49ce76bb06440fe1abf7898317e1ebe780a89c521a3c3f734de7e91914f1b107,2024-11,Sussex Police,Sussex Police,0.675715,50.978106,On or near Mill Lane,E01021116,Rother 002D,Public order,Investigation complete; no suspect identified,
7c4009a43ebc193b5720bc54084acd1882e3cfe6b5d82a811bb25ff31e22ed39,2024-11,Sussex Police,Sussex Police,0.691236,50.972047,On or near Woodlands Close,E01021116,Rother 002D,Violence and sexual offences,Unable to prosecute suspect,
f05cb334767262a6feae3340c24358b25551817cae975e0680e0c5f9795cd941,2024-11,Sussex Police,Sussex Police,0.692328,50.972220,On or near The Old Hop Garden,E01021116,Rother 002D,Other crime,Unable to prosecute suspect,
,2024-11,Sussex Police,Sussex Police,0.386236,50.997368,On or near Dudwell View,E01021098,Rother 003A,Anti-social behaviour,,
cc106906944c2a9bdbfa5d830439b5038813ca50abaa945b50503f0970484ec9,2024-11,Sussex Police,Sussex Police,0.396966,51.007833,On or near Shrub Lane,E01021098,Rother 003A,Criminal damage and arson,Investigation complete; no suspect identified,
5dbdd7d353c81954fbe917f9c8559a738ccb57ff68c8cc00733349b33f341d83,2024-11,Sussex Police,Sussex Police,0.391936,51.002612,On or near Shrub Lane,E01021098,Rother 003A,Criminal damage and arson,Investigation complete; no suspect identified,
49b1c89374d892f9ccc15a0d2f3010c7c3e02bba02ab30078635064f287ed60e,2024-11,Sussex Police,Sussex Police,0.389047,51.001313,On or near Rosemary Gardens,E01021098,Rother 003A,Criminal damage and arson,Investigation complete; no suspect identified,
9d635fc6fb5f87ac330d5f9c020b397e8241d22f903ae9e9ffdf4bfd0f88ce37,2024-11,Sussex Police,Sussex Police,0.385853,50.998518,On or near Ham Lane,E01021098,Rother 003A,Violence and sexual offences,Local resolution,
6446875b56e1317a6a2e5eecb5b495edb8a3086099356971c382a03e7518700f,2024-11,Sussex Police,Sussex Police,0.386236,50.997368,On or near Dudwell View,E01021098,Rother 003A,Violence and sexual offences,Action to be taken by another organisation,
63b142e4a0d982688e8b6204835c6a7a0dbc7eae1cb8a0bdc1d27c5c6bc11e44,2024-11,Sussex Police,Sussex Police,0.337080,50.985186,On or near Vicarage Lane,E01021099,Rother 003B,Criminal damage and arson,Investigation complete; no suspect identified,
ebc5b5ac68d08dee2d5539cc111e0d3e83c3894c12d81704ced58ae4a5d0afb7,2024-11,Sussex Police,Sussex Police,0.339842,50.985716,On or near Vicarage Road,E01021099,Rother 003B,Public order,Investigation complete; no suspect identified,
b0b6a57006b3f93cdc7932a01084602bd9b10a8bf87326822e5ea9d6a1572941,2024-11,Sussex Police,Sussex Police,0.336644,50.987635,On or near Sports/Recreation Area,E01021099,Rother 003B,Public order,Investigation complete; no suspect identified,
e69b8df302339b0fca3e716e9f44c4b048d8d0d07ce91b5e78fa5933dd90ef46,2024-11,Sussex Police,Sussex Police,0.336644,50.987635,On or near Sports/Recreation Area,E01021099,Rother 003B,Violence and sexual offences,Unable to prosecute suspect,
344d30aec5e07c74bfb878940d6dc8616cdceaf9a467e19cba4714e9c3df9b87,2024-11,Sussex Police,Sussex Police,0.504621,50.952941,On or near Park Lane,E01021100,Rother 003C,Other crime,Status update unavailable,
28585945996bc80b01955f12b4d3451c3e416ddf63d5b6a507beb9b8f444fcb3,2024-11,Sussex Police,Sussex Police,0.537653,50.973004,On or near Cricketers Field,E01021104,Rother 003D,Burglary,Investigation complete; no suspect identified,
c34fbd029aac366438761a569338d427fd0b4ce2cc9a67ea690f946f99f6304b,2024-11,Sussex Police,Sussex Police,0.520460,50.941987,On or near Stream Lane,E01021104,Rother 003D,Other theft,Unable to prosecute suspect,
093c394759321fb0024a55c1f442b462e565cef9d239a6990e22aaf8681e5f4a,2024-11,Sussex Police,Sussex Police,0.555410,50.991567,On or near Lordine Lane,E01021104,Rother 003D,Vehicle crime,Investigation complete; no suspect identified,
49f5fe3124ec2059acc95f5b701d969fe681b4a2b7fa2bbfeab6332245f0a3d7,2024-11,Sussex Police,Sussex Police,0.574310,50.969728,On or near B2165,E01021104,Rother 003D,Vehicle crime,Investigation complete; no suspect identified,
,2024-11,Sussex Police,Sussex Police,0.539906,50.935971,On or near Parking Area,E01021105,Rother 003E,Anti-social behaviour,,
e9aefe1dc0553a5f7d0acf78e28c5ff3cd7de21917de1c7d4706de1042ecafa3,2024-11,Sussex Police,Sussex Police,0.536538,50.943393,On or near Churchland Lane,E01021105,Rother 003E,Burglary,Investigation complete; no suspect identified,
a6f80b10aa9d59ff657854041f55955b7a4a59feb995c3c3827a76092222ac2e,2024-11,Sussex Police,Sussex Police,0.541757,50.943558,On or near Hurst Lane,E01021105,Rother 003E,Burglary,Investigation complete; no suspect identified,
273825169bd6c1a608877c573689d539e09a3f92640028c59049610ad7842829,2024-11,Sussex Police,Sussex Police,0.534680,50.925202,On or near Crazy Lane,E01021105,Rother 003E,Violence and sexual offences,Unable to prosecute suspect,
cb3c35c3339c870f4797be30049be2697bc09afe730d59833ed81b2143571008,2024-11,Sussex Police,Sussex Police,0.712148,50.925089,On or near Strand Hill,E01021101,Rother 004A,Burglary,Investigation complete; no suspect identified,
280877cd888f01f5fbcf6442974a69bb435115367dcf7641b64b48e73610c539,2024-11,Sussex Police,Sussex Police,0.705353,50.922288,On or near Hogtrough Lane,E01021101,Rother 004A,Other theft,Investigation complete; no suspect identified,
96d3676c2f0dfb7b76e16f1b623b3546fee28f6eccbdcd73f46f68a0c7d56e8d,2024-11,Sussex Police,Sussex Police,0.714439,50.925576,On or near Royal Military Road,E01021101,Rother 004A,Other theft,Investigation complete; no suspect identified,
53860bc3398ab22ec9e82b0ad9a21ef9bf4920cf21f89f38b8142fceff4f11b0,2024-11,Sussex Police,Sussex Police,0.665077,50.917476,On or near High Fords Close,E01021101,Rother 004A,Violence and sexual offences,Status update unavailable,
9e862a67c71f8ddd9fe5c7a274eba56ff303ac2d5b87b698b48f5748af64d8d7,2024-11,Sussex Police,Sussex Police,0.665077,50.917476,On or near High Fords Close,E01021101,Rother 004A,Violence and sexual offences,Local resolution,
77d68773cb976c25caf28467c580f45b941e436998575e9ff461dcf11bcddca7,2024-11,Sussex Police,Sussex Police,0.711378,50.925314,On or near Barrack Square,E01021101,Rother 004A,Violence and sexual offences,Unable to prosecute suspect,
,2024-11,Sussex Police,Sussex Police,0.761024,50.937219,On or near Tram Road,E01021102,Rother 004B,Anti-social behaviour,,
5158a4dfd90343bcb7d83c9c70392036fb6bb0942729c25457675ab4fc856cae,2024-11,Sussex Police,Sussex Police,0.725374,50.915939,On or near Old Harbour Farm Lane,E01021102,Rother 004B,Other theft,Investigation complete; no suspect identified,
4a8c252c96926584e022a636d168c864d527daa135a645103f9ab51dba83f63a,2024-11,Sussex Police,Sussex Police,0.762146,50.938604,On or near Mary Stanford Green,E01021102,Rother 004B,Vehicle crime,Investigation complete; no suspect identified,
a39a88169b2c02bbdc7b9304c9e14c5d913be4f4584891358ec17b82e7b3964e,2024-11,Sussex Police,Sussex Police,0.794261,50.934575,On or near Parking Area,E01021102,Rother 004B,Violence and sexual offences,Unable to prosecute suspect,
,2024-11,Sussex Police,Sussex Police,0.734394,50.952309,On or near Turkey Cock Lane,E01021117,Rother 004C,Anti-social behaviour,,
,2024-11,Sussex Police,Sussex Police,0.731117,50.949363,On or near Traders Passage,E01021117,Rother 004C,Anti-social behaviour,,
,2024-11,Sussex Police,Sussex Police,0.731607,50.950674,On or near The Mint,E01021117,Rother 004C,Anti-social behaviour,,
,2024-11,Sussex Police,Sussex Police,0.734954,50.948023,On or near Rock Channel Quay,E01021117,Rother 004C,Anti-social behaviour,,
deff3696c28ada759e78b4c81612a63b04c63cba6b5bdd042fb530d4a44d86e1,2024-11,Sussex Police,Sussex Police,0.734394,50.952309,On or near Turkey Cock Lane,E01021117,Rother 004C,Burglary,Local resolution,
1597db903cb7a2b9d1d1ff0f146b4f5b7a3ecba013f29eb4a82f4953d2e18a3e,2024-11,Sussex Police,Sussex Police,0.737281,50.956127,On or near North Salts,E01021117,Rother 004C,Criminal damage and arson,Investigation complete; no suspect identified,
d96098f9d5fe1fd3a558cd06dd26350463edb24eaa79bd8da7f5fd3a9011dc7a,2024-11,Sussex Police,Sussex Police,0.735685,50.954167,On or near Bridge Place,E01021117,Rother 004C,Criminal damage and arson,Investigation complete; no suspect identified,
8a84d7858298394fcfb162f65ea6abd2891132ffa4597d2e235ce6f1bcf6b5f2,2024-11,Sussex Police,Sussex Police,0.731607,50.950674,On or near The Mint,E01021117,Rother 004C,Other theft,Investigation complete; no suspect identified,
c61c025aae43b61c0b893cf35f609fe5fcd148ddfafa0a38c3b8d2beccea54cf,2024-11,Sussex Police,Sussex Police,0.734954,50.948023,On or near Rock Channel Quay,E01021117,Rother 004C,Other theft,Investigation complete; no suspect identified,
d73fbe1f8e61066755e24e23805623bf1fc204ac6c94c7ccf661c50005052f35,2024-11,Sussex Police,Sussex Police,0.739631,50.953220,On or near New Road,E01021117,Rother 004C,Public order,Unable to prosecute suspect,
133fee1f8bf595bd5def0d76f6ff5dc513222b4a0f43df2f3e6b48cd45c9404f,2024-11,Sussex Police,Sussex Police,0.731117,50.949363,On or near Traders Passage,E01021117,Rother 004C,Public order,Unable to prosecute suspect,
df72aeec5885d39bf7dffbad40fdf274af73aa35f07c66937ace4594070b9acb,2024-11,Sussex Police,Sussex Police,0.731790,50.952820,On or near Rye,E01021117,Rother 004C,Public order,Investigation complete; no suspect identified,
5d99896991607d6f8403e80ba5dfc5c664fb638feb758ff47188241eab32f4a0,2024-11,Sussex Police,Sussex Police,0.739631,50.953220,On or near New Road,E01021117,Rother 004C,Public order,Unable to prosecute suspect,
4b69070601af3a66b22fcda99a323cd29dff0f0b5859377f84794cd88240ab3c,2024-11,Sussex Police,Sussex Police,0.732042,50.953974,On or near Parking Area,E01021117,Rother 004C,Vehicle crime,Investigation complete; no suspect identified,
852003407901ae1a4af730f23d05482700db72697c0bccd2c18680317a32d865,2024-11,Sussex Police,Sussex Police,0.737281,50.956127,On or near North Salts,E01021117,Rother 004C,Violence and sexual offences,Unable to prosecute suspect,
0404af87a259c76c549ae0846fa9781a955884e352c6ed71eacf7b7cae904d88,2024-11,Sussex Police,Sussex Police,0.737281,50.956127,On or near North Salts,E01021117,Rother 004C,Violence and sexual offences,Unable to prosecute suspect,
02a42495d8099c1c94ed64bf949e333b31f0ae48b1e2d5d4109764db9c9cbafc,2024-11,Sussex Police,Sussex Police,0.731117,50.949363,On or near Traders Passage,E01021117,Rother 004C,Violence and sexual offences,Unable to prosecute suspect,
bea312ebe1b5fc21a1b8ff2df6780fe343f560a71a5777de98d884965daf1fad,2024-11,Sussex Police,Sussex Police,0.731607,50.950674,On or near The Mint,E01021117,Rother 004C,Violence and sexual offences,Unable to prosecute suspect,
d7c45fddc662eb1d886bbd688a85c0738fa47d062d369b768538ec3592e44fc5,2024-11,Sussex Police,Sussex Police,0.737281,50.956127,On or near North Salts,E01021117,Rother 004C,Violence and sexual offences,Unable to prosecute suspect,
61087f087682608402e2ffac430c17926f80d55833287f51d5d807cd9545143c,2024-11,Sussex Police,Sussex Police,0.742827,50.954539,On or near King'S Avenue,E01021117,Rother 004C,Violence and sexual offences,Court result unavailable,
81fefffa2ddfd74d8b8586c272a96904425b5702f73b7958639035fa83cdb660,2024-11,Sussex Police,Sussex Police,0.738549,50.957833,On or near Military Road,E01021117,Rother 004C,Violence and sexual offences,Investigation complete; no suspect identified,
22c65f8650f57880d7b744f7d5f0827321c0a9b1663688aa7adc24ecbb9f78c8,2024-11,Sussex Police,Sussex Police,0.732857,50.952866,On or near Shopping Area,E01021117,Rother 004C,Violence and sexual offences,Unable to prosecute suspect,
d8771958d5e3dc3d83784e4fc4a1ecf0c2ffb2240acc13385669e055fb2adbaf,2024-11,Sussex Police,Sussex Police,0.733612,50.953056,On or near Rope Walk,E01021117,Rother 004C,Violence and sexual offences,Further action is not in the public interest,
c3a4e8d03f8bfdfe8360305a49ee827b307476953fabe2845b130c422622d501,2024-11,Sussex Police,Sussex Police,0.731117,50.949363,On or near Traders Passage,E01021117,Rother 004C,Violence and sexual offences,Unable to prosecute suspect,
bee050915f6ee96baf2ef014e3a7f3be6e8b220a4690c83cd4d5b28aaffbc4c9,2024-11,Sussex Police,Sussex Police,0.735596,50.951687,On or near Fishmarket Road,E01021117,Rother 004C,Violence and sexual offences,Unable to prosecute suspect,
1fc9a9607e34b8a0b3b40f6b059d5646900a3bb45a1bcf357ce7b979a032590b,2024-11,Sussex Police,Sussex Police,0.739631,50.953220,On or near New Road,E01021117,Rother 004C,Other crime,Investigation complete; no suspect identified,
df5707168a495a0aaf11817f0430361dfdf36b191835e84d2f0eeda761d05513,2024-11,Sussex Police,Sussex Police,0.739631,50.953220,On or near New Road,E01021117,Rother 004C,Other crime,Investigation complete; no suspect identified,
17f8af577fdfe2fa8d23ecb548df96f382d5f829a872c3307118bad7e3718c82,2024-11,Sussex Police,Sussex Police,0.732809,50.949315,On or near Watchbell Street,E01021118,Rother 004D,Burglary,Investigation complete; no suspect identified,
f0c0642c3e5097a086233e6597e0a44f81635f6f47b92f31a9b653dc06169eea,2024-11,Sussex Police,Sussex Police,0.731680,50.951203,On or near Jarretts Close,E01021118,Rother 004D,Other theft,Investigation complete; no suspect identified,
433adaea2bad772a91a959879db47fb1d39391b4e97a56d06a8e988c543cf88b,2024-11,Sussex Police,Sussex Police,0.731680,50.951203,On or near Jarretts Close,E01021118,Rother 004D,Other theft,Investigation complete; no suspect identified,
f3c907f8e1a4830a09b58dc8205775ca234244c1d47a3ae714370d85175bd958,2024-11,Sussex Police,Sussex Police,0.731680,50.951203,On or near Jarretts Close,E01021118,Rother 004D,Public order,Unable to prosecute suspect,
ce39824e01b0488ba2080d64c4462761b48dc74b865351673dd4797e78b25d3e,2024-11,Sussex Police,Sussex Police,0.731680,50.951203,On or near Jarretts Close,E01021118,Rother 004D,Shoplifting,Unable to prosecute suspect,
471a7e909da3a3ae558404e29fdd41d796bc3911b7a2efaf99d4f80cf3f62e7c,2024-11,Sussex Police,Sussex Police,0.731680,50.951203,On or near Jarretts Close,E01021118,Rother 004D,Shoplifting,Investigation complete; no suspect identified,
aef9e508da04454633870a6a18836380baaaa0a3230c432727a5fb71d3ea90d3,2024-11,Sussex Police,Sussex Police,0.731680,50.951203,On or near Jarretts Close,E01021118,Rother 004D,Shoplifting,Court result unavailable,
66d2acc5909eca7699af08ff69f6ee96486d6cdd517d3a1185ac833050e6a86e,2024-11,Sussex Police,Sussex Police,0.731680,50.951203,On or near Jarretts Close,E01021118,Rother 004D,Shoplifting,Investigation complete; no suspect identified,
d10afe96e28acd8c8162a266a34a5c04d10a638449ee051d7951c1fe5a1afaab,2024-11,Sussex Police,Sussex Police,0.731680,50.951203,On or near Jarretts Close,E01021118,Rother 004D,Shoplifting,Unable to prosecute suspect,
75c9041e8fedda6f19d746c32925c73efd07659b7e9f47665bd1a9c51f7f47c8,2024-11,Sussex Police,Sussex Police,0.731680,50.951203,On or near Jarretts Close,E01021118,Rother 004D,Violence and sexual offences,Unable to prosecute suspect,
16e8fcbf5f048ba1e88ba769b3f098f91c84a1fd3a79e54b9d40289030694eea,2024-11,Sussex Police,Sussex Police,0.733879,50.948876,On or near A259,E01021118,Rother 004D,Violence and sexual offences,Unable to prosecute suspect,
a262b1d85be6f5aece5269ad902486972b9fc4a95add9784d66d668dfd15da20,2024-11,Sussex Police,Sussex Police,0.733937,50.948893,On or near South Undercliff,E01021118,Rother 004D,Violence and sexual offences,Unable to prosecute suspect,
,2024-11,Sussex Police,Sussex Police,0.722962,50.953565,On or near Ferring Close,E01021119,Rother 004E,Anti-social behaviour,,
,2024-11,Sussex Police,Sussex Police,0.721788,50.954672,On or near Henley Close,E01021119,Rother 004E,Anti-social behaviour,,
,2024-11,Sussex Police,Sussex Police,0.722962,50.953565,On or near Ferring Close,E01021119,Rother 004E,Anti-social behaviour,,
,2024-11,Sussex Police,Sussex Police,0.722987,50.953268,On or near Lea Avenue,E01021119,Rother 004E,Anti-social behaviour,,
3e4e9e39ec3ce55236b2dcec645eca108f0331fc7dba8580d2e7aee4ed69d730,2024-11,Sussex Police,Sussex Police,0.723038,50.954616,On or near Denton Close,E01021119,Rother 004E,Burglary,Investigation complete; no suspect identified,
0f3fdec92ec8f150cde8f9f6b763cb4d6ffc03514de65693c081064425dc473f,2024-11,Sussex Police,Sussex Police,0.724263,50.953166,On or near Nutley Close,E01021119,Rother 004E,Criminal damage and arson,Investigation complete; no suspect identified,
8c0d7e234e1861b90b5e052987b0736904d87b2a8f6c41c1695cb1c509e615e2,2024-11,Sussex Police,Sussex Police,0.719844,50.951866,On or near The Link,E01021119,Rother 004E,Other theft,Status update unavailable,
950ed8b2cef6c6c1a2accd5ca24a2fb1d9184fa21433fc998490eaf1705dc6d6,2024-11,Sussex Police,Sussex Police,0.725041,50.952833,On or near Marley Road,E01021119,Rother 004E,Other theft,Investigation complete; no suspect identified,
c2f834c4a6a759e038ec0b318d8f7dcf0f9d834e5b6c612bbf54a1ecb9842d57,2024-11,Sussex Police,Sussex Police,0.719844,50.951866,On or near The Link,E01021119,Rother 004E,Public order,Unable to prosecute suspect,
d5f6a43f93f7efb00584aa256a8cd28f45008fbece0699a14fc74a84689e18ad,2024-11,Sussex Police,Sussex Police,0.719844,50.951866,On or near The Link,E01021119,Rother 004E,Public order,Unable to prosecute suspect,
b7eb81eb207c084b02015ebb2dc6d6b1053ebdbf52e87538e50235afbea1203c,2024-11,Sussex Police,Sussex Police,0.722836,50.951895,On or near Mason Road,E01021119,Rother 004E,Violence and sexual offences,Unable to prosecute suspect,
3a46c12133a45e9ef1d27d776964f3a59243d32ab05c2561e4c043f522f12366,2024-11,Sussex Police,Sussex Police,0.719844,50.951866,On or near The Link,E01021119,Rother 004E,Violence and sexual offences,Unable to prosecute suspect,
7d3f244a89f9895fa352553dfc94d03ea325d83b754547136dcdb4c5ecd2cd7b,2024-11,Sussex Police,Sussex Police,0.721788,50.954672,On or near Henley Close,E01021119,Rother 004E,Violence and sexual offences,Unable to prosecute suspect,
416c36c42e9136d1f169c64a69e2075437f48c6447ba47865bd3e5b047c81674,2024-11,Sussex Police,Sussex Police,0.719844,50.951866,On or near The Link,E01021119,Rother 004E,Violence and sexual offences,Unable to prosecute suspect,
926a79ebb25b79b675fb440bea033a67a07c1b2fb4bf7e75c3a962efafc0dd1b,2024-11,Sussex Police,Sussex Police,0.725041,50.952833,On or near Marley Road,E01021119,Rother 004E,Violence and sexual offences,Unable to prosecute suspect,
,2024-11,Sussex Police,Sussex Police,0.566697,50.895172,On or near Westfield Lane,E01021087,Rother 005A,Anti-social behaviour,,
b3a0fa3e780e1d1ee89ae2105b8aed7fc6885b33c161325e87784533d3af4095,2024-11,Sussex Police,Sussex Police,0.545358,50.910183,On or near Kent Street,E01021087,Rother 005A,Other theft,Investigation complete; no suspect identified,
50f9f17a49a66bd27756764dde684f9067f6e3f3638a3f855982305f76b197d3,2024-11,Sussex Police,Sussex Police,0.541981,50.913728,On or near Kent Street,E01021087,Rother 005A,Other theft,Investigation complete; no suspect identified,
41cdc4acd52cce5c13897a93d7eeef8e6fdc19f33b89fad45a45d10d8b596237,2024-11,Sussex Police,Sussex Police,0.560383,50.927834,On or near Cottage Lane,E01021087,Rother 005A,Violence and sexual offences,Unable to prosecute suspect,
46fdd34bb74b116ac40be40e4d8162a9637e05ce24275f830c98281e8253146e,2024-11,Sussex Police,Sussex Police,0.541981,50.913728,On or near Kent Street,E01021087,Rother 005A,Violence and sexual offences,Unable to prosecute suspect,
,2024-11,Sussex Police,Sussex Police,0.590024,50.939295,On or near Pottery Lane,E01021088,Rother 005B,Anti-social behaviour,,
,2024-11,Sussex Police,Sussex Police,0.589089,50.938866,On or near Pottery Close,E01021088,Rother 005B,Anti-social behaviour,,
9793c45d7bded509e2472265999af1f5100fd10d7bfc4d65404f450b2b3116a8,2024-11,Sussex Police,Sussex Police,0.568495,50.941776,On or near Fryman'S Lane,E01021088,Rother 005B,Violence and sexual offences,Unable to prosecute suspect,
e76807d4e1ee8131670bef12e240e4751f2e1de873dfab8af92bc191f774eaa1,2024-11,Sussex Police,Sussex Police,0.577364,50.909615,On or near Moor Lane,E01021089,Rother 005C,Burglary,Investigation complete; no suspect identified,
cc959d8d4cbf6817e0303c21ca508521800444e7d16218ec5509bc9baac53680,2024-11,Sussex Police,Sussex Police,0.577942,50.910799,On or near Workhouse Lane,E01021089,Rother 005C,Criminal damage and arson,Investigation complete; no suspect identified,
6cd1caa17e731486015ea08fb11ace071776965aab028c319b4e5127cde2018b,2024-11,Sussex Police,Sussex Police,0.579694,50.906461,On or near Stonestile Lane,E01021089,Rother 005C,Criminal damage and arson,Investigation complete; no suspect identified,
6f43a7c13e39e7e85cc3ada02acbd9b3d4d726bc3a4e1e79da9b13ab7d7c74d6,2024-11,Sussex Police,Sussex Police,0.577942,50.910799,On or near Workhouse Lane,E01021089,Rother 005C,Criminal damage and arson,Further action is not in the public interest,
1402f1121d4e129dffc913a5dc0359038906f8f173ecf41cab03580c85ab8d9c,2024-11,Sussex Police,Sussex Police,0.575080,50.914100,On or near New Cut,E01021089,Rother 005C,Other theft,Investigation complete; no suspect identified,
01253db6463fbf18096aa141a29ca99ead77ccb3e8c655605cf271950e86d225,2024-11,Sussex Police,Sussex Police,0.575080,50.914100,On or near New Cut,E01021089,Rother 005C,Other theft,Investigation complete; no suspect identified,
b211d8ea7c425bfef6358c18ae0a6ff432314b5d3f5ea6ea88d1f6d58561a500,2024-11,Sussex Police,Sussex Police,0.577942,50.910799,On or near Workhouse Lane,E01021089,Rother 005C,Possession of weapons,Investigation complete; no suspect identified,
154304e6c1bc2cd06417740e419b929e3c2592819106f38b2a3c967d0b2093ab,2024-11,Sussex Police,Sussex Police,0.575080,50.914100,On or near New Cut,E01021089,Rother 005C,Public order,Investigation complete; no suspect identified,
fd5527efc169fd648bd97df44c056e6e04c25955864c9eecff123eaed6651745,2024-11,Sussex Police,Sussex Police,0.576444,50.915869,On or near Mill Close,E01021089,Rother 005C,Vehicle crime,Investigation complete; no suspect identified,
e2f992acdcb42d34a8073e6bb562cf7e965cbc78b009cd9b2b38dea401ed4847,2024-11,Sussex Police,Sussex Police,0.577942,50.910799,On or near Workhouse Lane,E01021089,Rother 005C,Violence and sexual offences,Further action is not in the public interest,
c6e9ff59323670091a6e47ac6b6620d07682bfdf2764ddf9f9e8e707583b76b3,2024-11,Sussex Police,Sussex Police,0.576412,50.912209,On or near Chapel Lane,E01021089,Rother 005C,Violence and sexual offences,Unable to prosecute suspect,
0974b9236dd9ca9c4782ef39f881f5510f0b0ede49ccf00c20c195a7a06d936d,2024-11,Sussex Police,Sussex Police,0.577942,50.910799,On or near Workhouse Lane,E01021089,Rother 005C,Violence and sexual offences,Unable to prosecute suspect,
48d77eb0e241c2b2d14ee95cf83198922b8a423c541d377e7e6d1cb24a5f622c,2024-11,Sussex Police,Sussex Police,0.577942,50.910799,On or near Workhouse Lane,E01021089,Rother 005C,Violence and sexual offences,Further action is not in the public interest,
b46014f2cad89839aa1b00484459d3afb3872f8f428def197df156e9c060432a,2024-11,Sussex Police,Sussex Police,0.570970,50.908452,On or near Vicarage Lane,E01021089,Rother 005C,Violence and sexual offences,Unable to prosecute suspect,
,2024-11,Sussex Police,Sussex Police,0.645874,50.885722,On or near Peter James Lane,E01021109,Rother 005D,Anti-social behaviour,,
6a0be7e8e803156bbeb7b9ff4dfec978f656661d22979ffd28edbf804299f928,2024-11,Sussex Police,Sussex Police,0.613132,50.903324,On or near Maxfield Lane,E01021109,Rother 005D,Criminal damage and arson,Investigation complete; no suspect identified,
253e96b11422558b2348330f86ceb049826778b5fb4d8b0cd36d12d9a22d2364,2024-11,Sussex Police,Sussex Police,0.608757,50.880028,On or near Hazelwood View,E01021109,Rother 005D,Criminal damage and arson,Offender given a caution,
2bf22e97bddc27e9a632eb939cb671f13d207d5176f9a86717501205f0074799,2024-11,Sussex Police,Sussex Police,0.613393,50.899595,On or near Eight Acre Lane,E01021109,Rother 005D,Vehicle crime,Investigation complete; no suspect identified,
8c4f38ff1cf368550ef19ddeb8bf08b358c6a7a26b6d1e8d516d1abf73fc4962,2024-11,Sussex Police,Sussex Police,0.595005,50.888133,On or near Ivyhouse Lane,E01021109,Rother 005D,Violence and sexual offences,Offender given a caution,
761bf36f413e063a3508fc83f092880747e493bf6cb2b07b1fc3fc126b4bd3fd,2024-11,Sussex Police,Sussex Police,0.595005,50.888133,On or near Ivyhouse Lane,E01021109,Rother 005D,Violence and sexual offences,Unable to prosecute suspect,
af99428db91175124ee9a20320e49428528e84f94d6070c5ef567fab9c582a30,2024-11,Sussex Police,Sussex Police,0.615595,50.911220,On or near Fourteen Acre Lane,E01021109,Rother 005D,Violence and sexual offences,Unable to prosecute suspect,
68af0dcd190b749dc41a964864a26dfc304f3550481d67684ca9ec0cc42945eb,2024-11,Sussex Police,Sussex Police,0.595005,50.888133,On or near Ivyhouse Lane,E01021109,Rother 005D,Violence and sexual offences,Unable to prosecute suspect,
bd8a6b8b76217d51eac534f9996d16878fde9ab5ee7413bbfb9820fedbc19732,2024-11,Sussex Police,Sussex Police,0.660220,50.873227,On or near Fyrsway,E01021110,Rother 005E,Other theft,Investigation complete; no suspect identified,
7a731ef870375ac77e9c01b108b9f92f0522896a952a557550e7f6760fb19a75,2024-11,Sussex Police,Sussex Police,0.659982,50.880284,On or near Battery Hill,E01021110,Rother 005E,Other theft,Investigation complete; no suspect identified,
6ea9f2097e0b2c41928ed090039311a7be00efce427a9315afcb0c059dcfb42d,2024-11,Sussex Police,Sussex Police,0.669121,50.895158,On or near The Oak Field,E01021110,Rother 005E,Violence and sexual offences,Investigation complete; no suspect identified,
a3071c7f3e36504b4804c31e7e6ccbdd0f12f96efc93a601b600126038c8c3e4,2024-11,Sussex Police,Sussex Police,0.669121,50.895158,On or near The Oak Field,E01021110,Rother 005E,Violence and sexual offences,Unable to prosecute suspect,
7e970d14356f3440e9aca679b266833e90a032ee0639512c8459ab10ee2d0a43,2024-11,Sussex Police,Sussex Police,0.653052,50.878921,On or near Battery Hill,E01021110,Rother 005E,Violence and sexual offences,Investigation complete; no suspect identified,
,2024-11,Sussex Police,Sussex Police,0.484761,50.916697,On or near Shopping Area,E01021084,Rother 006A,Anti-social behaviour,,
,2024-11,Sussex Police,Sussex Police,0.499462,50.916230,On or near Marley Rise,E01021084,Rother 006A,Anti-social behaviour,,
,2024-11,Sussex Police,Sussex Police,0.481484,50.918884,On or near Police Station,E01021084,Rother 006A,Anti-social behaviour,,
,2024-11,Sussex Police,Sussex Police,0.484927,50.915011,On or near Park Lane,E01021084,Rother 006A,Anti-social behaviour,,
,2024-11,Sussex Police,Sussex Police,0.484761,50.916697,On or near Shopping Area,E01021084,Rother 006A,Anti-social behaviour,,
,2024-11,Sussex Police,Sussex Police,0.484927,50.915011,On or near Park Lane,E01021084,Rother 006A,Anti-social behaviour,,
aa93fd20d0c81da4e812c40cf2db209ab6d388a3c2f827332ec4d33ddc746e87,2024-11,Sussex Police,Sussex Police,0.485197,50.916240,On or near Supermarket,E01021084,Rother 006A,Burglary,Investigation complete; no suspect identified,
eafb7911e9684e98df31bf87608a79348f5eed500ee4270cd2f39da012bdbfc3,2024-11,Sussex Police,Sussex Police,0.485505,50.917589,On or near Parking Area,E01021084,Rother 006A,Drugs,Local resolution,
8fbfc05909e929ce5522656cb1362a2abed1b9a04dfd604a6277ecb441438b1f,2024-11,Sussex Police,Sussex Police,0.500070,50.916963,On or near Coronation Gardens,E01021084,Rother 006A,Drugs,Offender given a caution,
e0ecc8e988ed9c8dc2b5f0d95213652c263593ffd4b943b665b5577c830d9da7,2024-11,Sussex Police,Sussex Police,0.484761,50.916697,On or near Shopping Area,E01021084,Rother 006A,Drugs,Further action is not in the public interest,
885a5dc0e23de6268d5359bd17ec8e71ced76e617aa8a4339585d6793d78d39f,2024-11,Sussex Police,Sussex Police,0.485197,50.916240,On or near Supermarket,E01021084,Rother 006A,Drugs,Local resolution,
97600993f434ecf7b42c7c98e334431f1a8f2cb4cee0c2e0c33482cc9416a52b,2024-11,Sussex Police,Sussex Police,0.483028,50.918101,On or near A2100,E01021084,Rother 006A,Drugs,Local resolution,
836e8a818faa7dfea825bec10a27b2e29206fb89a692469e7b7c7a7626262809,2024-11,Sussex Police,Sussex Police,0.489609,50.914776,On or near Petrol Station,E01021084,Rother 006A,Other theft,Investigation complete; no suspect identified,
aa01ab526bcd4e96a89e760e31b9a30e3d8e25980ba3e71c852a036ad91f0c90,2024-11,Sussex Police,Sussex Police,0.494775,50.910268,On or near Battle Hill,E01021084,Rother 006A,Other theft,Investigation complete; no suspect identified,
dea96fab339be5b6d95a501d8ddc5cb597f57e884b8ef5d7e21a2486a981f6e2,2024-11,Sussex Police,Sussex Police,0.500070,50.916963,On or near Coronation Gardens,E01021084,Rother 006A,Possession of weapons,Unable to prosecute suspect,
60d2f14984dff20c4ec932788938f8a05e35be306f4f64f40e4e8713c6198520,2024-11,Sussex Police,Sussex Police,0.494775,50.910268,On or near Battle Hill,E01021084,Rother 006A,Public order,Investigation complete; no suspect identified,
d9e4245d7400c71c589150daf32b69aae868393ebe9d5a2e1543f552c2c45a64,2024-11,Sussex Police,Sussex Police,0.484761,50.916697,On or near Shopping Area,E01021084,Rother 006A,Public order,Investigation complete; no suspect identified,
56b4d5c38a5ab3502fd3b31edf43998928766bae4d8f40212ad5953a7329af91,2024-11,Sussex Police,Sussex Police,0.484927,50.915011,On or near Park Lane,E01021084,Rother 006A,Public order,Unable to prosecute suspect,
cc8d7c2ea0e7f9c382beccce89502eaa8a4e641ea466c87cab7f7011e0a92098,2024-11,Sussex Police,Sussex Police,0.485197,50.916240,On or near Supermarket,E01021084,Rother 006A,Shoplifting,Unable to prosecute suspect,
c693809bef27d6e2555771c76cea006cd2292256200bc69f432d162046f6013d,2024-11,Sussex Police,Sussex Police,0.484761,50.916697,On or near Shopping Area,E01021084,Rother 006A,Violence and sexual offences,Investigation complete; no suspect identified,
4cc0f28abe59b1bac97c5b6c15bde5817fdccda272c70d283c0a9d0fa973808c,2024-11,Sussex Police,Sussex Police,0.484927,50.915011,On or near Park Lane,E01021084,Rother 006A,Violence and sexual offences,Unable to prosecute suspect,
dfc8361de8a4384bb85f033fd8b71c1e97942660edebdf36d1fd001c5f51172f,2024-11,Sussex Police,Sussex Police,0.484927,50.915011,On or near Park Lane,E01021084,Rother 006A,Violence and sexual offences,Investigation complete; no suspect identified,
cec5d2fcdfe370848901623e2e3b19cf688536b6af4f8449b064765f4389fd89,2024-11,Sussex Police,Sussex Police,0.484927,50.915011,On or near Park Lane,E01021084,Rother 006A,Violence and sexual offences,Investigation complete; no suspect identified,
e5f818131f00214ee25fd3e53441fa0f56af64e393bf9fb370160b12299c1c10,2024-11,Sussex Police,Sussex Police,0.499462,50.916230,On or near Marley Rise,E01021084,Rother 006A,Violence and sexual offences,Unable to prosecute suspect,
15a7302b1d1b3f20801c26f5fa279ecb4fcf8d8f370cb8a8575d1b54d8841d05,2024-11,Sussex Police,Sussex Police,0.484068,50.916522,On or near George Mews,E01021084,Rother 006A,Violence and sexual offences,Investigation complete; no suspect identified,
e62cc63165939c2dd1c018b407a1760ea96387b4d9e22244961065b58f7d81da,2024-11,Sussex Police,Sussex Police,0.483693,50.918023,On or near Rue De Bayeux,E01021084,Rother 006A,Violence and sexual offences,Status update unavailable,
627d5b08a6c72ee692cd3bac2dc42d5f8076c54a1f3768fe8f266144200940c4,2024-11,Sussex Police,Sussex Police,0.484761,50.916697,On or near Shopping Area,E01021084,Rother 006A,Violence and sexual offences,Investigation complete; no suspect identified,
17731a315812e5d0eac152d2bf8cf3850ed8cc88b1fe0dfb48bbf8eb7d1e9931,2024-11,Sussex Police,Sussex Police,0.490920,50.913471,On or near Olivers Mews,E01021084,Rother 006A,Violence and sexual offences,Unable to prosecute suspect,
a39424292fda086e573342f23d63b313720341b1e8783a0de22dda86d4b7b54d,2024-11,Sussex Police,Sussex Police,0.485197,50.916240,On or near Supermarket,E01021084,Rother 006A,Other crime,Investigation complete; no suspect identified,
,2024-11,Sussex Police,Sussex Police,0.500790,50.914196,On or near Harrier Lane,E01021085,Rother 006B,Anti-social behaviour,,
b9a18b40e732722ad651a29ba851ff583d7c76cd0ccc964b35fa1f0dfa863114,2024-11,Sussex Police,Sussex Police,0.492876,50.914941,On or near Langton Close,E01021085,Rother 006B,Public order,Investigation complete; no suspect identified,
e62076338d1299696e85d112b98f620c525acff50ab3a69836aa838e1931e480,2024-11,Sussex Police,Sussex Police,0.494719,50.913210,On or near Parking Area,E01021085,Rother 006B,Robbery,Investigation complete; no suspect identified,
0f36d6d2455b94ef182ae60212541abe02eae278445296551966f95dde4d4a43,2024-11,Sussex Police,Sussex Police,0.492876,50.914941,On or near Langton Close,E01021085,Rother 006B,Vehicle crime,Investigation complete; no suspect identified,
8304db52ebb93de52b89f7867afd49f676d16f39e4dae84dbd95c0a26a56bdc6,2024-11,Sussex Police,Sussex Police,0.492876,50.914941,On or near Langton Close,E01021085,Rother 006B,Vehicle crime,Investigation complete; no suspect identified,
5376b90ecf730b95fafb0e2f213b05e29d059ae3fc3b424a128a2c5f25e79bdc,2024-11,Sussex Police,Sussex Police,0.501765,50.915938,On or near Marley Gardens,E01021085,Rother 006B,Violence and sexual offences,Unable to prosecute suspect,
aabf8b6c42a3450513670879e7314834065520db7643961ce682df804ab48217,2024-11,Sussex Police,Sussex Police,0.501765,50.915938,On or near Marley Gardens,E01021085,Rother 006B,Violence and sexual offences,Investigation complete; no suspect identified,
7f6b65c1c4946dda15431c91eb3aaec5e9cbf463e638559bceae21a2e2e2e2ef,2024-11,Sussex Police,Sussex Police,0.499909,50.914754,On or near Falconer Drive,E01021085,Rother 006B,Violence and sexual offences,Unable to prosecute suspect,
1cbc64015dd7caac604f3a67c833713e91be120e04b5455b4244c1c114257a49,2024-11,Sussex Police,Sussex Police,0.478744,50.920215,On or near Chain Lane,E01021086,Rother 006C,Public order,Investigation complete; no suspect identified,
753df6e23261233e8efa45c1325a7fd0e3b396d054a94dd0320c2d6801a04f42,2024-11,Sussex Police,Sussex Police,0.477120,50.918412,On or near Sports/Recreation Area,E01021086,Rother 006C,Vehicle crime,Investigation complete; no suspect identified,
76f1e341229d05360620e6eeba676446de142cc46a50f2217576dc0c0d1e5150,2024-11,Sussex Police,Sussex Police,0.471804,50.916261,On or near Hampden Close,E01021086,Rother 006C,Violence and sexual offences,Unable to prosecute suspect,
bd75977ab65b211daa1b287a9272cb74942d66b7775099274acfcddfe4ec037b,2024-11,Sussex Police,Sussex Police,0.480389,50.924659,On or near Wattle'S Wish,E01021086,Rother 006C,Violence and sexual offences,Unable to prosecute suspect,
f9c772187f2a73f251491d7800119660a91082058b2e2b7a68648c543a7354c6,2024-11,Sussex Police,Sussex Police,0.481594,50.925632,On or near London Road,E01021086,Rother 006C,Violence and sexual offences,Unable to prosecute suspect,
f9e4c1aa4a9189cd73e80505665e2a4956197cb0b0bd1c0af488b11b7b4f4e66,2024-11,Sussex Police,Sussex Police,0.469637,50.914823,On or near Claverham Way,E01021086,Rother 006C,Violence and sexual offences,Unable to prosecute suspect,
b751ebcf7c132a056b5ea36bf987bf765cc99914e35284ff4a62e576d2d6c9d6,2024-11,Sussex Police,Sussex Police,0.480389,50.924659,On or near Wattle'S Wish,E01021086,Rother 006C,Other crime,Investigation complete; no suspect identified,
,2024-11,Sussex Police,Sussex Police,0.445011,50.895860,On or near Skinner'S Lane,E01021096,Rother 006D,Anti-social behaviour,,
,2024-11,Sussex Police,Sussex Police,0.437774,50.895634,On or near Skinner'S Lane,E01021096,Rother 006D,Anti-social behaviour,,
69bf8a2b60c833b1c14240e389dbd2215568ced7840fd0f723b6bf8c436a7b60,2024-11,Sussex Police,Sussex Police,0.450243,50.897190,On or near Parking Area,E01021096,Rother 006D,Criminal damage and arson,Unable to prosecute suspect,
d85ee81f05ac08fd737d85942214a3508419d076c37a3d5dca9552d6007f948f,2024-11,Sussex Police,Sussex Police,0.450243,50.897190,On or near Parking Area,E01021096,Rother 006D,Other theft,Investigation complete; no suspect identified,
bc8f9707a0342543c58425f436ac53e81d2a47dcc523f5ac4782888165ac03b8,2024-11,Sussex Police,Sussex Police,0.451148,50.897899,On or near Church Lane,E01021096,Rother 006D,Other theft,Investigation complete; no suspect identified,
c3d3e5813a47e104c61ce66a335f97b5bab955720c308b85827858fe6da17240,2024-11,Sussex Police,Sussex Police,0.392596,50.904565,On or near Church Road,E01021096,Rother 006D,Vehicle crime,Unable to prosecute suspect,
6c0fbf39920fa2a8cca6c37d7da0a678295fd629c1ff1a65bd9f70708a7b3642,2024-11,Sussex Police,Sussex Police,0.449444,50.897674,On or near The Green,E01021096,Rother 006D,Violence and sexual offences,Investigation complete; no suspect identified,
,2024-11,Sussex Police,Sussex Police,0.502454,50.894310,On or near Forewood Lane,E01021097,Rother 006E,Anti-social behaviour,,
02b0ca6ec88b0a183c61748ef0b5d44a65c72ddc4b731ecc4e223b2826202d93,2024-11,Sussex Police,Sussex Police,0.510497,50.878595,On or near Swainham Lane,E01021097,Rother 006E,Criminal damage and arson,Unable to prosecute suspect,
3e9560cc2bb6d99589c536b0507248aebdc5ba26274156c95f796fc8707f5fdb,2024-11,Sussex Police,Sussex Police,0.510497,50.878595,On or near Swainham Lane,E01021097,Rother 006E,Criminal damage and arson,Unable to prosecute suspect,
66db236da52ec72966906654e0be14247ba37d6b2b156146d3d0248b55238ff1,2024-11,Sussex Police,Sussex Police,0.510497,50.878595,On or near Swainham Lane,E01021097,Rother 006E,Public order,Unable to prosecute suspect,
4108040dda740541d1b1755da2f8d43f1b9403f6a0e7ce33504ae222503fe320,2024-11,Sussex Police,Sussex Police,0.510497,50.878595,On or near Swainham Lane,E01021097,Rother 006E,Public order,Unable to prosecute suspect,
88dc37aa2145d0546c8c537921f292aad23a67f7cd87e4c9977b7f05d6ea94b5,2024-11,Sussex Police,Sussex Police,0.510497,50.878595,On or near Swainham Lane,E01021097,Rother 006E,Violence and sexual offences,Unable to prosecute suspect,
3ff4e8d8498ee8813649ea981fada671d34347d63ff22435957d2199d6bbb437,2024-11,Sussex Police,Sussex Police,0.510497,50.878595,On or near Swainham Lane,E01021097,Rother 006E,Violence and sexual offences,Unable to prosecute suspect,
59eb7e75bbd85ab77b0c1db357c7fc1f189dc621f12108ff6f05289384d79331,2024-11,Sussex Police,Sussex Police,0.510497,50.878595,On or near Swainham Lane,E01021097,Rother 006E,Violence and sexual offences,Unable to prosecute suspect,
2c431505c4493c7dcd5bf43402f524e356d83caa0e8e8249b329d6ebc5bb489d,2024-11,Sussex Police,Sussex Police,0.510497,50.878595,On or near Swainham Lane,E01021097,Rother 006E,Violence and sexual offences,Unable to prosecute suspect,
777210a3c12ca9b35c193f8450c385c4b3a7d256754cddeb91788c29db5e44b3,2024-11,Sussex Police,Sussex Police,0.510497,50.878595,On or near Swainham Lane,E01021097,Rother 006E,Violence and sexual offences,Unable to prosecute suspect,
1e52afc9bcc922a5c3937b590c6150143c2cc7922f24ac49e21a4a0023688d2e,2024-11,Sussex Police,Sussex Police,0.478800,50.845743,On or near Church Street,E01021111,Rother 007A,Public order,Investigation complete; no suspect identified,
66524654cd6ad97d65f2590a40a331e0d95ed20746c1256fa236c2356d78f2cd,2024-11,Sussex Police,Sussex Police,0.478188,50.849201,On or near Church Vale Road,E01021111,Rother 007A,Vehicle crime,Investigation complete; no suspect identified,
da02f51400e7fc937d9010765dc90b4502d634cdaf9bd60a4fdb43a7cecd6092,2024-11,Sussex Police,Sussex Police,0.477333,50.846215,On or near Chantry Lane,E01021111,Rother 007A,Violence and sexual offences,Unable to prosecute suspect,
,2024-11,Sussex Police,Sussex Police,0.482281,50.852441,On or near Bodiam Avenue,E01021113,Rother 007B,Anti-social behaviour,,
f2e5a7882c3c0d6be0556f0f7c17a31f49fe409d9090454de9b1586e064fb73d,2024-11,Sussex Police,Sussex Police,0.480879,50.852255,On or near Abbey View,E01021113,Rother 007B,Criminal damage and arson,Investigation complete; no suspect identified,
efd15f94e9a858bde70561af94ffc2c96605dae23470a058d15f8861f237baa1,2024-11,Sussex Police,Sussex Police,0.480879,50.852255,On or near Abbey View,E01021113,Rother 007B,Criminal damage and arson,Investigation complete; no suspect identified,
ac3148071f128db69d6e3051720581b046b3fa86c55b9d2b4259515e5a179160,2024-11,Sussex Police,Sussex Police,0.473381,50.851803,On or near Havelock Road,E01021113,Rother 007B,Violence and sexual offences,Unable to prosecute suspect,
0934a3d80416915141d3b0bce5768cce1c2af40320e87d38765b00c7014bae9f,2024-11,Sussex Police,Sussex Police,0.486376,50.853038,On or near Foxglove Avenue,E01021113,Rother 007B,Violence and sexual offences,Unable to prosecute suspect,
98fcb1be574214b2f7a8375d413623d25f4426874310957361b3869cc4570c89,2024-11,Sussex Police,Sussex Police,0.476287,50.854628,On or near Auckland Close,E01021113,Rother 007B,Violence and sexual offences,Unable to prosecute suspect,
acd68747955be5995704a4707e391f6d9577e90dd57988ed6d2309143e0e8915,2024-11,Sussex Police,Sussex Police,0.473956,50.852456,On or near Sedgewick Road,E01021113,Rother 007B,Violence and sexual offences,Unable to prosecute suspect,
,2024-11,Sussex Police,Sussex Police,0.470260,50.846248,On or near Salisbury Road,E01021131,Rother 007C,Anti-social behaviour,,
4488febd2dbb7e256a32aa6d2d5350648e70cfdab999ffbbbb28e48824e7a7bc,2024-11,Sussex Police,Sussex Police,0.469371,50.847706,On or near London Road,E01021131,Rother 007C,Criminal damage and arson,Unable to prosecute suspect,
098f46aaf3d069866f9a9e8a2d40325be7dcda320d138970b7c5deb5e1c523e2,2024-11,Sussex Police,Sussex Police,0.470260,50.846248,On or near Salisbury Road,E01021131,Rother 007C,Criminal damage and arson,Unable to prosecute suspect,
ce88b05c61db8602cf78df330fae7814c825ff14242837902fce4d363b1d4997,2024-11,Sussex Police,Sussex Police,0.469371,50.847706,On or near London Road,E01021131,Rother 007C,Public order,Investigation complete; no suspect identified,
41961f7b7c656e61272d65b0d8cde8ba7a3a2387ff2c5bfaef90de86c0186813,2024-11,Sussex Police,Sussex Police,0.469371,50.847706,On or near London Road,E01021131,Rother 007C,Robbery,Investigation complete; no suspect identified,
70ebcb5557498e104a833374e052e94ee8c59925e231462319f0ba6142ad390d,2024-11,Sussex Police,Sussex Police,0.471061,50.848758,On or near Sewell Avenue,E01021131,Rother 007C,Violence and sexual offences,Unable to prosecute suspect,
a762ca9fdbcb3dbeefc6e1109a22ad1f2b1167390e4bfcfd48ec808d2b1a53c6,2024-11,Sussex Police,Sussex Police,0.471061,50.848758,On or near Sewell Avenue,E01021131,Rother 007C,Violence and sexual offences,Unable to prosecute suspect,
3e00ac6f798e38d005225238c73a63ef226891578b0c01c70fcfbe45ce127281,2024-11,Sussex Police,Sussex Police,0.474047,50.850692,On or near Sheila Child Close,E01021131,Rother 007C,Violence and sexual offences,Investigation complete; no suspect identified,
0d6a590052fb197737425f6f24425aae77dea52ddd5e2b42ee2f0f95faf757ba,2024-11,Sussex Police,Sussex Police,0.470616,50.847598,On or near Bayencourt North,E01021131,Rother 007C,Violence and sexual offences,Unable to prosecute suspect,
d19fbe9c245bd09d78047d6ac136f041aed9bee46ca4870cf38297f1990dd65b,2024-11,Sussex Police,Sussex Police,0.470260,50.846248,On or near Salisbury Road,E01021131,Rother 007C,Violence and sexual offences,Unable to prosecute suspect,
,2024-11,Sussex Police,Sussex Police,0.471894,50.853777,On or near Birchview,E01021135,Rother 007D,Anti-social behaviour,,
,2024-11,Sussex Police,Sussex Police,0.471166,50.857201,On or near Sidley Street,E01021135,Rother 007D,Anti-social behaviour,,
ed340e8b2aa6063bf9f9d6eda80825b35a0929f06e13e4d231b68b505100f3f2,2024-11,Sussex Police,Sussex Police,0.472055,50.856544,On or near Suffolk Road,E01021135,Rother 007D,Bicycle theft,Investigation complete; no suspect identified,
d320e069bcc841f03592061c76c782ebe1b32bb39e6456dec568520dcdfb4a54,2024-11,Sussex Police,Sussex Police,0.472055,50.856544,On or near Suffolk Road,E01021135,Rother 007D,Burglary,Status update unavailable,
38fbe64ab74f90d001821b53c3d5e33b4081033fc9ab79d95705df805587694e,2024-11,Sussex Police,Sussex Police,0.470000,50.853422,On or near Buxton Drive,E01021135,Rother 007D,Drugs,Unable to prosecute suspect,
9639e7efa7ccc480d1177f3f5737c4b9c227221ad6738373fe8bab18976c51df,2024-11,Sussex Police,Sussex Police,0.470000,50.853422,On or near Buxton Drive,E01021135,Rother 007D,Possession of weapons,Investigation complete; no suspect identified,
22306087dddabc60f1685e1b3fcec2b72faba9bdbc3bc969cebe50d0dac57ebe,2024-11,Sussex Police,Sussex Police,0.470000,50.853422,On or near Buxton Drive,E01021135,Rother 007D,Public order,Court result unavailable,
cb26ae368049187bcef19025d9ad49a90085fe242b3f47c638c6b2960461b80e,2024-11,Sussex Police,Sussex Police,0.469939,50.857371,On or near Claremont Road,E01021135,Rother 007D,Public order,Investigation complete; no suspect identified,
6a90859d6d25ffb4b3200a9131ed2de21c6fddadd1c33c55a7d126cf28060720,2024-11,Sussex Police,Sussex Police,0.471943,50.855764,On or near Wakehams Close,E01021135,Rother 007D,Public order,Unable to prosecute suspect,
8fda90313a5406ab6056dbfd3ec3ad27c18a1170e7ab48dae7491ea1fdd19ca9,2024-11,Sussex Police,Sussex Police,0.470725,50.855034,On or near Bodle Crescent,E01021135,Rother 007D,Public order,Court result unavailable,
1a1530d3d097544ef1bf43227a32f38e3872ab0d318b8fdc5ce11796b9e5f638,2024-11,Sussex Police,Sussex Police,0.469939,50.857371,On or near Claremont Road,E01021135,Rother 007D,Shoplifting,Investigation complete; no suspect identified,
f39386c2a8220fd5896e6c9f86975cf553f598674ead4e22c2ebbf88da9c0354,2024-11,Sussex Police,Sussex Police,0.469939,50.857371,On or near Claremont Road,E01021135,Rother 007D,Shoplifting,Investigation complete; no suspect identified,
8dff99008eabb041ac373d69aabe966d401fda3ee6799ea9b105331a3b4b0f8d,2024-11,Sussex Police,Sussex Police,0.471943,50.855764,On or near Wakehams Close,E01021135,Rother 007D,Shoplifting,Local resolution,
5eea64077c05c20903dd7a88dd384eac0bcaf0f258880cc180449057fd03d199,2024-11,Sussex Police,Sussex Police,0.469939,50.857371,On or near Claremont Road,E01021135,Rother 007D,Shoplifting,Unable to prosecute suspect,
68479ca77e669c77d5b94a7169a3af26c13797eb7e1c51c5d78d991cf6b5ca49,2024-11,Sussex Police,Sussex Police,0.474215,50.854933,On or near Highfield Gardens,E01021135,Rother 007D,Theft from the person,Unable to prosecute suspect,
c94ff909b96b32adeeb9197f4c68186c5fdeb5d492cf344f530868d2a7cdafae,2024-11,Sussex Police,Sussex Police,0.473421,50.855768,On or near Sidley Green,E01021135,Rother 007D,Violence and sexual offences,Investigation complete; no suspect identified,
4f0130c57d1387251ffeb467e270c782ce58f4661477f30b8790f86f42ed20a4,2024-11,Sussex Police,Sussex Police,0.469323,50.855127,On or near Calgary Road,E01021135,Rother 007D,Violence and sexual offences,Unable to prosecute suspect,
5979dc819bbafdb7decb6bf4fe9377c2d44c0ff77bc2a2d3ee4f6f5484669d04,2024-11,Sussex Police,Sussex Police,0.470000,50.853422,On or near Buxton Drive,E01021135,Rother 007D,Violence and sexual offences,Investigation complete; no suspect identified,
dd0d7d2b26455652259f88cb07a4fd7a23af9e90461adcea674f71065ba9c603,2024-11,Sussex Police,Sussex Police,0.470290,50.855952,On or near Parking Area,E01021135,Rother 007D,Violence and sexual offences,Status update unavailable,
1c6e89eae3d6e5a5e435ad128d7c5e9fe7251a951b64ea151ab39286e08488a6,2024-11,Sussex Police,Sussex Police,0.474872,50.857950,On or near Ingrams Avenue,E01021136,Rother 007E,Criminal damage and arson,Investigation complete; no suspect identified,
55f8224ce2692ba3940b2803d05ff60c42f30b8c67be2f778a45ee5e3d24bd3a,2024-11,Sussex Police,Sussex Police,0.463860,50.859595,On or near Kingscott Close,E01021136,Rother 007E,Public order,Unable to prosecute suspect,
1fedfa2687ce293eb2f85afcd799839302d3a086e1e49f1a352b11a383797239,2024-11,Sussex Police,Sussex Police,0.472933,50.858378,On or near Festival Gardens,E01021136,Rother 007E,Violence and sexual offences,Unable to prosecute suspect,
855da3d92267b7c13335a2bc2f8ab898b88a437a11dfa16f464715f8f1b15f54,2024-11,Sussex Police,Sussex Police,0.474872,50.857950,On or near Ingrams Avenue,E01021136,Rother 007E,Violence and sexual offences,Unable to prosecute suspect,
64bf8a58f709b92abc568dca8a31967c914afdfc2088ea907ab7bd19f827fd9a,2024-11,Sussex Police,Sussex Police,0.472933,50.858378,On or near Festival Gardens,E01021136,Rother 007E,Violence and sexual offences,Offender given a caution,
,2024-11,Sussex Police,Sussex Police,0.460928,50.859495,On or near Blackmill Close,E01021137,Rother 007F,Anti-social behaviour,,
,2024-11,Sussex Police,Sussex Police,0.460928,50.859495,On or near Blackmill Close,E01021137,Rother 007F,Anti-social behaviour,,
,2024-11,Sussex Police,Sussex Police,0.460539,50.859944,On or near Pankhurst Close,E01021137,Rother 007F,Anti-social behaviour,,
76efe88519d11e735801b2542b5b333cd573ad2a86669540c459ca7ca5465382,2024-11,Sussex Police,Sussex Police,0.460539,50.859944,On or near Pankhurst Close,E01021137,Rother 007F,Violence and sexual offences,Unable to prosecute suspect,
fafaa639fa89cdadee4535aaa1d17cd9e7cab2f751d8244b1d0a4bb9ca28feac,2024-11,Sussex Police,Sussex Police,0.461928,50.858242,On or near Southlands Avenue,E01021137,Rother 007F,Violence and sexual offences,Unable to prosecute suspect,
90e8c08c3e15dd7375a8c4387aa25b67b032bd242568adfc0f52c88255e6493d,2024-11,Sussex Police,Sussex Police,0.468924,50.861296,On or near Redgrove Close,E01021137,Rother 007F,Other crime,Local resolution,
,2024-11,Sussex Police,Sussex Police,0.497760,50.844565,On or near Brett Drive,E01021120,Rother 008B,Anti-social behaviour,,
,2024-11,Sussex Police,Sussex Police,0.497760,50.844565,On or near Brett Drive,E01021120,Rother 008B,Anti-social behaviour,,
,2024-11,Sussex Police,Sussex Police,0.497760,50.844565,On or near Brett Drive,E01021120,Rother 008B,Anti-social behaviour,,
,2024-11,Sussex Police,Sussex Police,0.501668,50.844472,On or near Shopping Area,E01021120,Rother 008B,Anti-social behaviour,,
,2024-11,Sussex Police,Sussex Police,0.501668,50.844472,On or near Shopping Area,E01021120,Rother 008B,Anti-social behaviour,,
,2024-11,Sussex Police,Sussex Police,0.501579,50.844519,On or near Parking Area,E01021120,Rother 008B,Anti-social behaviour,,
,2024-11,Sussex Police,Sussex Police,0.497760,50.844565,On or near Brett Drive,E01021120,Rother 008B,Anti-social behaviour,,
,2024-11,Sussex Police,Sussex Police,0.503338,50.844211,On or near Shopping Area,E01021120,Rother 008B,Anti-social behaviour,,
,2024-11,Sussex Police,Sussex Police,0.497760,50.844565,On or near Brett Drive,E01021120,Rother 008B,Anti-social behaviour,,
f68de48eb4979b1eb4475040beaad119f5898b9d4b2d0498c490f47139058b98,2024-11,Sussex Police,Sussex Police,0.497760,50.844565,On or near Brett Drive,E01021120,Rother 008B,Criminal damage and arson,Investigation complete; no suspect identified,
532d01271d34cca970205a09160ff34b8d51483a72f92048ac7a367650008374,2024-11,Sussex Police,Sussex Police,0.501579,50.844519,On or near Parking Area,E01021120,Rother 008B,Public order,Investigation complete; no suspect identified,
b0831caff7ea46c8e1338a3d581611da91dd87934854041825f3c9f9d3da8da9,2024-11,Sussex Police,Sussex Police,0.490875,50.845459,On or near De La Warr Road,E01021120,Rother 008B,Robbery,Investigation complete; no suspect identified,
cee5d0ac8d12919d049f865a46e5b366bba9c803f292e03720304aa16c351165,2024-11,Sussex Police,Sussex Police,0.497760,50.844565,On or near Brett Drive,E01021120,Rother 008B,Shoplifting,Investigation complete; no suspect identified,
1a5ce68ba76620781cbd8c933c0f13fca84a10865b514a6cf0b2568f99bb7687,2024-11,Sussex Police,Sussex Police,0.501668,50.844472,On or near Shopping Area,E01021120,Rother 008B,Shoplifting,Investigation complete; no suspect identified,
22412a16f7e7e3303a5b5e0241aade567f7cce8f9c5ae373705c1af62fa27ece,2024-11,Sussex Police,Sussex Police,0.501579,50.844519,On or near Parking Area,E01021120,Rother 008B,Shoplifting,Court result unavailable,
9add96825bbba0e4655bd42ca892855b5dab0fee52a9dc10b5af93fdad8d6a13,2024-11,Sussex Police,Sussex Police,0.501668,50.844472,On or near Shopping Area,E01021120,Rother 008B,Shoplifting,Investigation complete; no suspect identified,
f1f54d194ca9999d1657d91ba2a17c86ae03e1f280490059977835941b0ba85c,2024-11,Sussex Police,Sussex Police,0.493935,50.843450,On or near Ridgewood Gardens,E01021120,Rother 008B,Vehicle crime,Investigation complete; no suspect identified,
b219ac754a2ff3d1fd24e4073f0074a81e38f107f9ea22c5104c5c6218275ba8,2024-11,Sussex Police,Sussex Police,0.487697,50.843674,On or near Links Drive,E01021120,Rother 008B,Vehicle crime,Investigation complete; no suspect identified,
28f7172ea22141205f07ca1908e13ab552259304f93cb6c31740e4c924ffbef5,2024-11,Sussex Police,Sussex Police,0.497760,50.844565,On or near Brett Drive,E01021120,Rother 008B,Vehicle crime,Investigation complete; no suspect identified,
4be680fd9472325b12c4a65252c82573f12c40e8599b8d3e39e3ac903848272b,2024-11,Sussex Police,Sussex Police,0.497760,50.844565,On or near Brett Drive,E01021120,Rother 008B,Vehicle crime,Investigation complete; no suspect identified,
2513f502ffcda75cd3d76c884ab66fc4228faa3ca40232afb238720eb7d54b9b,2024-11,Sussex Police,Sussex Police,0.493887,50.844405,On or near Wineham Way,E01021120,Rother 008B,Violence and sexual offences,Further investigation is not in the public interest,
e7813fe00542c25b5fda815c8c44f7075f9b2e8b8141bcee9c1274bc882a983b,2024-11,Sussex Police,Sussex Police,0.497760,50.844565,On or near Brett Drive,E01021120,Rother 008B,Violence and sexual offences,Investigation complete; no suspect identified,
236b5351c6ead11961490c4c9a78595a46b3fb3494ecbdbe60caf9472a26ed7e,2024-11,Sussex Police,Sussex Police,0.501579,50.844519,On or near Parking Area,E01021120,Rother 008B,Violence and sexual offences,Local resolution,
2892f3471d8b432dccb4fa2e452eb087d79365781511e2b37a854b7c3d64bc15,2024-11,Sussex Police,Sussex Police,0.485769,50.847231,On or near Elmstead Road,E01021126,Rother 008C,Burglary,Investigation complete; no suspect identified,
a77db096090565056509b9726b40002917726d5d4c6a43e0c7828598abcf3b0c,2024-11,Sussex Police,Sussex Police,0.485769,50.847231,On or near Elmstead Road,E01021126,Rother 008C,Criminal damage and arson,Investigation complete; no suspect identified,
6409b3feb7e30804b49884560fbe49f7f085d4d5c635854795473061c01d9c60,2024-11,Sussex Police,Sussex Police,0.484316,50.846894,On or near Fairmount Road,E01021126,Rother 008C,Other theft,Investigation complete; no suspect identified,
968827330ce5e713142db44f891689e011c588966fc90f91fcf6a99b0366665d,2024-11,Sussex Police,Sussex Police,0.484316,50.846894,On or near Fairmount Road,E01021126,Rother 008C,Public order,Unable to prosecute suspect,
7f62325f9cd48dd9cbe7bd1e01a3ac7842849ab96219baba80ab46c8dcb10845,2024-11,Sussex Police,Sussex Police,0.496627,50.846766,On or near Glassenbury Drive,E01021126,Rother 008C,Vehicle crime,Investigation complete; no suspect identified,
6608725f76b57a1aa9fb3ec7c8d721e02b6bf5d5f213d38123e0f1023e23dda0,2024-11,Sussex Police,Sussex Police,0.487547,50.846456,On or near Clarence Gardens,E01021126,Rother 008C,Violence and sexual offences,Unable to prosecute suspect,
5b6a74c0b76387d44764f0a51f05185626ebf745f098959ceae2bb20ffb13da5,2024-11,Sussex Police,Sussex Police,0.504371,50.849972,On or near Dallington Close,E01021127,Rother 008D,Vehicle crime,Investigation complete; no suspect identified,
3a932ee0a9803ad62025301ea4486e57b59451dc2370f8675ba5e21991beb133,2024-11,Sussex Police,Sussex Police,0.503353,50.852980,On or near Filsham Drive,E01021127,Rother 008D,Violence and sexual offences,Unable to prosecute suspect,
2d80937e9daa108d5418ef93c5cdd53fd48eca217329c8cd2dc588199cfe3b71,2024-11,Sussex Police,Sussex Police,0.500431,50.852809,On or near Pebsham Lane,E01021127,Rother 008D,Violence and sexual offences,Unable to prosecute suspect,
16054c44717f22661e5cf71355d212502f5d904562345ff3ead8040ab7e93f95,2024-11,Sussex Police,Sussex Police,0.505894,50.849490,On or near Singleton Walk,E01021127,Rother 008D,Violence and sexual offences,Unable to prosecute suspect,
da1dba5d8d2aa8c0598a302c96af3b6ebfc1d177c39b111f86f55f3c55355601,2024-11,Sussex Police,Sussex Police,0.505894,50.849490,On or near Singleton Walk,E01021127,Rother 008D,Violence and sexual offences,Unable to prosecute suspect,
,2024-11,Sussex Police,Sussex Police,0.489618,50.851215,On or near Roundacres Way,E01021128,Rother 008E,Anti-social behaviour,,
bc21ff4ffbf7d4538d3fbc316dc44039afff090faf756b3a7ab24274a7d1b82f,2024-11,Sussex Police,Sussex Police,0.500229,50.850889,On or near Supermarket,E01021128,Rother 008E,Shoplifting,Unable to prosecute suspect,
872d6bb004fa4ee4fe60944a24b1aa9fb1ed3a3ea9d78fd71b8e78073ce62b3b,2024-11,Sussex Police,Sussex Police,0.500229,50.850889,On or near Supermarket,E01021128,Rother 008E,Shoplifting,Unable to prosecute suspect,
5e4c85461c21ebcb00cc6f340e54357997469c5e6e3dbbfe2a2256188291bf32,2024-11,Sussex Police,Sussex Police,0.500229,50.850889,On or near Supermarket,E01021128,Rother 008E,Shoplifting,Investigation complete; no suspect identified,
1c73715b3bb7708aa22f837d11edd45f8a0e8a57ac743bb7b86fe0f5da2b02d9,2024-11,Sussex Police,Sussex Police,0.500229,50.850889,On or near Supermarket,E01021128,Rother 008E,Shoplifting,Unable to prosecute suspect,
447e28b16556ee8d3b34f7fa220d9d6de53ef189ad8b463f1d8fc8a37c75dca9,2024-11,Sussex Police,Sussex Police,0.500229,50.850889,On or near Supermarket,E01021128,Rother 008E,Shoplifting,Investigation complete; no suspect identified,
11dafe3fe5ffb61c0f5e6d25592b592b8816b1281fed733579b1cf91daef1f08,2024-11,Sussex Police,Sussex Police,0.500229,50.850889,On or near Supermarket,E01021128,Rother 008E,Shoplifting,Investigation complete; no suspect identified,
1d187daaa630226442e0f7a2ced4c2defa56227f59ff804782a55de6fa23788a,2024-11,Sussex Police,Sussex Police,0.500229,50.850889,On or near Supermarket,E01021128,Rother 008E,Shoplifting,Investigation complete; no suspect identified,
07a6d53690f78b99a1ca6cfd3d148617d9e31ebb45b48ac52693588165df8d28,2024-11,Sussex Police,Sussex Police,0.500229,50.850889,On or near Supermarket,E01021128,Rother 008E,Shoplifting,Investigation complete; no suspect identified,
24793bb86cd1c0815fe964a32f23dfb375238cfb245ec3b47b2adfe1e4ed904b,2024-11,Sussex Police,Sussex Police,0.492223,50.849441,On or near Paradise Walk,E01021128,Rother 008E,Violence and sexual offences,Unable to prosecute suspect,
93613dce5e16d5ffef942f5e003a52e29302a7b6724258b8212fa91136467f18,2024-11,Sussex Police,Sussex Police,0.446068,50.838123,On or near The Barnhams,E01021093,Rother 009A,Public order,Investigation complete; no suspect identified,
d9700003a89b6c5f95fcdb08b69795766f74565c562e4f6ca0592e0cc26aa909,2024-11,Sussex Police,Sussex Police,0.454089,50.839942,On or near Jasmine Way,E01021093,Rother 009A,Violence and sexual offences,Unable to prosecute suspect,
861f958bf9241e91ed15cee95d3be9bc44f191340f549e7112caf6e8faeb2dec,2024-11,Sussex Police,Sussex Police,0.430944,50.857867,On or near Whydown Road,E01021123,Rother 009C,Criminal damage and arson,Unable to prosecute suspect,
3e16edb782314170f689e77c52a1034e939372fea5b9ba7255a5e6b4ac9f1e03,2024-11,Sussex Police,Sussex Police,0.438642,50.848120,On or near Sports/Recreation Area,E01021123,Rother 009C,Violence and sexual offences,Investigation complete; no suspect identified,
af96375d74f97000d0f2cd590c301a703f748f69a8c45a5690fe4abf7f079ff2,2024-11,Sussex Police,Sussex Police,0.430944,50.857867,On or near Whydown Road,E01021123,Rother 009C,Violence and sexual offences,Unable to prosecute suspect,
d9b3eb792c12405253a57706dfbcace7be2856feecb36eae5e67b9f0c675ba0b,2024-11,Sussex Police,Sussex Police,0.430944,50.857867,On or near Whydown Road,E01021123,Rother 009C,Violence and sexual offences,Unable to prosecute suspect,
,2024-11,Sussex Police,Sussex Police,0.432911,50.845144,On or near Village Mews,E01021124,Rother 009D,Anti-social behaviour,,
,2024-11,Sussex Police,Sussex Police,0.430814,50.846069,On or near Oakleigh Road,E01021124,Rother 009D,Anti-social behaviour,,
,2024-11,Sussex Police,Sussex Police,0.432911,50.845144,On or near Village Mews,E01021124,Rother 009D,Anti-social behaviour,,
,2024-11,Sussex Police,Sussex Police,0.432911,50.845144,On or near Village Mews,E01021124,Rother 009D,Anti-social behaviour,,
750a54f84181dc9d2ce9833fc912ff3e472548f3d5ec80e06fa717781d9ba835,2024-11,Sussex Police,Sussex Police,0.424702,50.847662,On or near Levetts Wood,E01021124,Rother 009D,Criminal damage and arson,Investigation complete; no suspect identified,
f3926919d0363cc364d7bb9aa88bf3053a4db1de6fc8f641bcde7157cfcb4481,2024-11,Sussex Police,Sussex Police,0.430814,50.846069,On or near Oakleigh Road,E01021124,Rother 009D,Vehicle crime,Status update unavailable,
7707e7cd80ef47a8a9d1756776012612f4066883f7edaadd9c501042ecf36947,2024-11,Sussex Police,Sussex Police,0.424702,50.847662,On or near Levetts Wood,E01021124,Rother 009D,Violence and sexual offences,Unable to prosecute suspect,
0839da8344846ad99778fe4a5b43350ed862aa4fe7be24276025f81cb8f5b5c1,2024-11,Sussex Police,Sussex Police,0.424702,50.847662,On or near Levetts Wood,E01021124,Rother 009D,Violence and sexual offences,Unable to prosecute suspect,
7fcb2b559eedce39eb1812814f03018991a133078342334a1fe4140f55efff32,2024-11,Sussex Police,Sussex Police,0.431276,50.847031,On or near Willow Drive,E01021124,Rother 009D,Violence and sexual offences,Unable to prosecute suspect,
2371b98caf452e908d39db0b7c289ea1a9361addb987c2e6ec854ed486d85bc6,2024-11,Sussex Police,Sussex Police,0.422901,50.846072,On or near Augers Crescent,E01021124,Rother 009D,Violence and sexual offences,Investigation complete; no suspect identified,
19a4c54fb4bb778b0b2c341082c3317ce1f8be5a96b080a3971a88851711b428,2024-11,Sussex Police,Sussex Police,0.422584,50.845440,On or near The Broadwalk,E01021124,Rother 009D,Violence and sexual offences,Unable to prosecute suspect,
74025449965d90156ff5eeffe88bf8279a6b0a8c6a674627c59e88ef79df323e,2024-11,Sussex Police,Sussex Police,0.422584,50.845440,On or near The Broadwalk,E01021124,Rother 009D,Other crime,Investigation complete; no suspect identified,
cbb05de19a1cfd38b9e613e44365025156f103d828f37ac435dfa8c06333f7ca,2024-11,Sussex Police,Sussex Police,0.427302,50.833694,On or near Parking Area,E01021125,Rother 009E,Burglary,Investigation complete; no suspect identified,
d54c6e573d667a265df5d5b5b4babd873465489fefe2d053db32ce3fdc9ceec8,2024-11,Sussex Police,Sussex Police,0.460853,50.856727,On or near Elm Close,E01021129,Rother 009F,Other theft,Investigation complete; no suspect identified,
b41b9916d7cc6cc0d0b6ec06360828e2fe29109afd147d233c7c20fce8dbeab3,2024-11,Sussex Police,Sussex Police,0.459109,50.856260,On or near Hazel Grove,E01021129,Rother 009F,Public order,Investigation complete; no suspect identified,
c19871d7c6a0d58a14243d7917f0ce79fbad6664d459ad6882fe3b4e41ff67b7,2024-11,Sussex Police,Sussex Police,0.459109,50.856260,On or near Hazel Grove,E01021129,Rother 009F,Violence and sexual offences,Unable to prosecute suspect,
84ea3dc98e20cc2cf1219305695a81d0b79fce7bf04a4ba7dd0ef7511d1f5458,2024-11,Sussex Police,Sussex Police,0.459650,50.853847,On or near Gunter'S Lane,E01021129,Rother 009F,Violence and sexual offences,Unable to prosecute suspect,
dab877dcc021d9b69aae68b10cba04e46c8a1f267b8f1d520d2474fbb41b80fd,2024-11,Sussex Police,Sussex Police,0.456118,50.853957,On or near Uplands Close,E01021129,Rother 009F,Violence and sexual offences,Investigation complete; no suspect identified,
3f9e6677eda67c2c34b65c306728c466122bd84e6e87fb2e3995820b12f27935,2024-11,Sussex Police,Sussex Police,0.462317,50.856462,On or near Alder Gardens,E01021129,Rother 009F,Other crime,Investigation complete; no suspect identified,
,2024-11,Sussex Police,Sussex Police,0.456515,50.858266,On or near Highlands Close,E01021138,Rother 009G,Anti-social behaviour,,
,2024-11,Sussex Police,Sussex Police,0.482248,50.861445,On or near Combe Valley Way,E01021138,Rother 009G,Anti-social behaviour,,
,2024-11,Sussex Police,Sussex Police,0.462768,50.872570,On or near Freezeland Lane,E01021138,Rother 009G,Anti-social behaviour,,
8a4b35834bdfbb076cd89827de01dd05cfdd83e71c6f04c79557a018405df248,2024-11,Sussex Police,Sussex Police,0.452264,50.860388,On or near St Mary'S Lane,E01021138,Rother 009G,Criminal damage and arson,Further investigation is not in the public interest,
f727872ced48daf4d718f6e9612f8c5cda7df91ad3ef47f2eed024fcc3a1f13a,2024-11,Sussex Police,Sussex Police,0.452013,50.857237,On or near Turkey Road,E01021138,Rother 009G,Criminal damage and arson,Investigation complete; no suspect identified,
0e9879fa30de1f8e7b1a56e06bceab9d06f41b77f66a9c24a43c6b90c73f319c,2024-11,Sussex Police,Sussex Police,0.482248,50.861445,On or near Combe Valley Way,E01021138,Rother 009G,Drugs,Local resolution,
a8257d9a70a925c52e9ad17a542ee05b471f928319c5ebac98c234bcf00f5e33,2024-11,Sussex Police,Sussex Police,0.456515,50.858266,On or near Highlands Close,E01021138,Rother 009G,Other theft,Unable to prosecute suspect,
,2024-11,Sussex Police,Sussex Police,0.460935,50.838142,On or near Sports/Recreation Area,E01021094,Rother 010A,Anti-social behaviour,,
,2024-11,Sussex Police,Sussex Police,0.459197,50.836641,On or near Parking Area,E01021094,Rother 010A,Anti-social behaviour,,
,2024-11,Sussex Police,Sussex Police,0.462606,50.837937,On or near Brockley Road,E01021094,Rother 010A,Anti-social behaviour,,
3913023933a9e24cce00e8208ad8c2a4a22495a999c34d74b8489a00e78b55b3,2024-11,Sussex Police,Sussex Police,0.462606,50.837937,On or near Brockley Road,E01021094,Rother 010A,Public order,Investigation complete; no suspect identified,
364c40ea0c0be09964591d42b247d401bc88e09d1e9905f541d63696a4e84511,2024-11,Sussex Police,Sussex Police,0.461965,50.841413,On or near Colebrooke Road,E01021094,Rother 010A,Public order,Investigation complete; no suspect identified,
56819c717cf5d1337a5b835ca1863f41d96a2103448281b835d5097dc3e20beb,2024-11,Sussex Police,Sussex Police,0.464255,50.840672,On or near Petrol Station,E01021094,Rother 010A,Theft from the person,Investigation complete; no suspect identified,
46caf0445c4e6ddcbfd8c085cfa24ad0585b57107340bc19d1e6c094a9bca57e,2024-11,Sussex Police,Sussex Police,0.460935,50.838142,On or near Sports/Recreation Area,E01021094,Rother 010A,Violence and sexual offences,Investigation complete; no suspect identified,
d6efd3052b15a8808bf568e02c65561a47cdde27aea2d346dc5d2889013aa2bd,2024-11,Sussex Police,Sussex Police,0.460268,50.841287,On or near Westville Road,E01021094,Rother 010A,Violence and sexual offences,Investigation complete; no suspect identified,
5ebe5a45d4e91d496334ac9a3475ea90d07b62b6ab165056681b89c8d94b85af,2024-11,Sussex Police,Sussex Police,0.440892,50.840471,On or near Carmel Close,E01021106,Rother 010B,Burglary,Investigation complete; no suspect identified,
b023531ab745c05e50b360d894d3029f582067a3524b8b9d5ba68a4623b5dd55,2024-11,Sussex Police,Sussex Police,0.435201,50.844116,On or near Shepherd'S Close,E01021106,Rother 010B,Public order,Investigation complete; no suspect identified,
b2b4666a6793ea49ab7eaa22c7e0ba115c158acb57fe5b7b6e524b5fcc536ff8,2024-11,Sussex Police,Sussex Police,0.437411,50.846183,On or near St Marks Close,E01021106,Rother 010B,Vehicle crime,Investigation complete; no suspect identified,
a5b7d8e9f3c0272012ac256f5f42ff03e6a0d727b8dc9ef55d51d33b8e4afc9b,2024-11,Sussex Police,Sussex Police,0.439697,50.840424,On or near Heighton Close,E01021106,Rother 010B,Violence and sexual offences,Offender given a caution,
8c81fbccfe58274c648df211b17e2494ad9f641b774484c7b57a3ebe737d126c,2024-11,Sussex Police,Sussex Police,0.459633,50.849737,On or near Leasingham Gardens,E01021107,Rother 010C,Violence and sexual offences,Unable to prosecute suspect,
a52a3a97be9cbe53fa676780f5d138905082d108f40fa3fdcf04067ed38bbe6c,2024-11,Sussex Police,Sussex Police,0.465266,50.843133,On or near Beeching Road,E01021108,Rother 010D,Drugs,Court result unavailable,
e99352a60c6276a8f2fbef581959cca52bea2ffb8bab3e24223aa1e7ef3fc9e2,2024-11,Sussex Police,Sussex Police,0.465266,50.843133,On or near Beeching Road,E01021108,Rother 010D,Public order,Unable to prosecute suspect,
43a13139d6c63c90633aad57353365255a6c9c0cff8db7d0328bc93965051031,2024-11,Sussex Police,Sussex Police,0.454640,50.846380,On or near A259,E01021108,Rother 010D,Violence and sexual offences,Unable to prosecute suspect,
4515d8e943ad8c3a9b6da805783abe3448267b6953a8db61bf5ff3e6219b7ceb,2024-11,Sussex Police,Sussex Police,0.454640,50.846380,On or near A259,E01021108,Rother 010D,Violence and sexual offences,Status update unavailable,
f9f766fe8799660da58b7bb317dd9857cf2464cdd4a5c6e7c07481665df666d3,2024-11,Sussex Police,Sussex Police,0.456846,50.845101,On or near Sutherland Close,E01021108,Rother 010D,Violence and sexual offences,Unable to prosecute suspect,
5c30304113c1f8eb12b037bf07833faef9ceb4758256dae229390c49f0233c3c,2024-11,Sussex Police,Sussex Police,0.461931,50.844544,On or near Eastwood Road,E01021108,Rother 010D,Violence and sexual offences,Local resolution,
975816a03edb60e954e209ee4759ce07f7ec51815bf0494b7eda1cc971c221eb,2024-11,Sussex Police,Sussex Police,0.454640,50.846380,On or near A259,E01021108,Rother 010D,Violence and sexual offences,Awaiting court outcome,
,2024-11,Sussex Police,Sussex Police,0.467984,50.849147,On or near Bancroft Road,E01021130,Rother 010E,Anti-social behaviour,,
,2024-11,Sussex Police,Sussex Police,0.464278,50.854307,On or near Deans Close,E01021130,Rother 010E,Anti-social behaviour,,
502d0914595d6e47cc0090fc5126ccd243d2ba4d3438953ae84da74b6d74fbe0,2024-11,Sussex Police,Sussex Police,0.467984,50.849147,On or near Bancroft Road,E01021130,Rother 010E,Criminal damage and arson,Offender given a caution,
d79a8beadd4b80c0a94dd4647bb59f1ceb19aa5944df9310d03f2cadb8b565b7,2024-11,Sussex Police,Sussex Police,0.467984,50.849147,On or near Bancroft Road,E01021130,Rother 010E,Other crime,Unable to prosecute suspect,
,2024-11,Sussex Police,Sussex Police,0.468203,50.842001,On or near Windsor Road,E01021090,Rother 011A,Anti-social behaviour,,
,2024-11,Sussex Police,Sussex Police,0.465750,50.841540,On or near Wainwright Road,E01021090,Rother 011A,Anti-social behaviour,,
,2024-11,Sussex Police,Sussex Police,0.472102,50.841316,On or near Petrol Station,E01021090,Rother 011A,Anti-social behaviour,,
ee0ea1643f330931dc0c118f2de5dda8c4bbac787ad628754b46c47f6c8bac3d,2024-11,Sussex Police,Sussex Police,0.468996,50.838450,On or near Cornwall Road,E01021090,Rother 011A,Criminal damage and arson,Unable to prosecute suspect,
8cdb0570a2a336a5c8f2b26f167ba15cd03d761d07366ae39aa9d2a1298fb410,2024-11,Sussex Police,Sussex Police,0.469810,50.839332,On or near Sackville Road,E01021090,Rother 011A,Criminal damage and arson,Investigation complete; no suspect identified,
f859d745483183c749d4d127cd3025c3280c82019a669cf80ea5878b9e924fa4,2024-11,Sussex Police,Sussex Police,0.468326,50.843249,On or near Leopold Road,E01021090,Rother 011A,Drugs,Offender given a caution,
9b671c4b11d6983a30da425cd128263b68a279651fdcb0435ac446d36092295b,2024-11,Sussex Police,Sussex Police,0.470770,50.841110,On or near Buckhurst Place,E01021090,Rother 011A,Possession of weapons,Investigation complete; no suspect identified,
0d0474be56143e420667a2d7b599c4d8a68cf6a1dba578be15ec680d40039be6,2024-11,Sussex Police,Sussex Police,0.469810,50.839332,On or near Sackville Road,E01021090,Rother 011A,Public order,Unable to prosecute suspect,
14644ec291ae1c32c396f1b34c6f7e0c9f53ed072b41be34c6bab444eb008c3b,2024-11,Sussex Police,Sussex Police,0.468883,50.843570,On or near Supermarket,E01021090,Rother 011A,Shoplifting,Investigation complete; no suspect identified,
c12cfa99a618ba86eb34da7a0886849b150275a54f4c153d1f83e99fd940721a,2024-11,Sussex Police,Sussex Police,0.468883,50.843570,On or near Supermarket,E01021090,Rother 011A,Shoplifting,Investigation complete; no suspect identified,
553265b62f69753f00ff5c2f9afe21cdaaf8038474cb74d34d6a40bffcdd7ad2,2024-11,Sussex Police,Sussex Police,0.468883,50.843570,On or near Supermarket,E01021090,Rother 011A,Shoplifting,Investigation complete; no suspect identified,
60c757d880a0dbfbf055cb8f36061c64c4e87aac6f671e721a2e3be4f7ed248a,2024-11,Sussex Police,Sussex Police,0.468883,50.843570,On or near Supermarket,E01021090,Rother 011A,Shoplifting,Investigation complete; no suspect identified,
ea8a7b422908a96c97a1200021938d8c05cbec4761541ab28b3d5fc3389c2649,2024-11,Sussex Police,Sussex Police,0.468883,50.843570,On or near Supermarket,E01021090,Rother 011A,Shoplifting,Investigation complete; no suspect identified,
886d7ca53c4b54b7a4e8ec159089b358dc0ab7f0061da6dd7bccf17cab9082cf,2024-11,Sussex Police,Sussex Police,0.470770,50.841110,On or near Buckhurst Place,E01021090,Rother 011A,Shoplifting,Unable to prosecute suspect,
cbaa12b46adfe6024f53c83402e29f6bc216e92005be210dcb805537ee85887e,2024-11,Sussex Police,Sussex Police,0.468883,50.843570,On or near Supermarket,E01021090,Rother 011A,Shoplifting,Investigation complete; no suspect identified,
5ab38da1d85cc1a8570fa5d256d67c2a2878622321fa0abdf19265832d2c7551,2024-11,Sussex Police,Sussex Police,0.468883,50.843570,On or near Supermarket,E01021090,Rother 011A,Shoplifting,Investigation complete; no suspect identified,
53b02dfd81fa2da9946a66ffd1109c52489af0b013876ac45bcc28c2f42bc0be,2024-11,Sussex Police,Sussex Police,0.468883,50.843570,On or near Supermarket,E01021090,Rother 011A,Shoplifting,Investigation complete; no suspect identified,
d2c894fb1fc13723b96788dca96850cd91610391b4340837dcfa226a2ad27f55,2024-11,Sussex Police,Sussex Police,0.468883,50.843570,On or near Supermarket,E01021090,Rother 011A,Shoplifting,Investigation complete; no suspect identified,
a594a9c4babaaf8015fd8820dc428241d09e676149b393be6b9a8f83765e54e2,2024-11,Sussex Police,Sussex Police,0.470929,50.840900,On or near Supermarket,E01021090,Rother 011A,Shoplifting,Investigation complete; no suspect identified,
5b0bc17ab70507daf76250875400a1620365a63aa3d1b97f2266be299714b9f3,2024-11,Sussex Police,Sussex Police,0.468883,50.843570,On or near Supermarket,E01021090,Rother 011A,Shoplifting,Investigation complete; no suspect identified,
e8669852084e4fc771d5b0ae8b059e93777d5372621a74aba227601e4258b1d0,2024-11,Sussex Police,Sussex Police,0.468883,50.843570,On or near Supermarket,E01021090,Rother 011A,Shoplifting,Investigation complete; no suspect identified,
e43ca1cd9d6145089f5174d7db1a102792248fc522f2abcd29d6c70b6f1a936f,2024-11,Sussex Police,Sussex Police,0.468883,50.843570,On or near Supermarket,E01021090,Rother 011A,Shoplifting,Investigation complete; no suspect identified,
4853b0d7a923421bcefaa8f50bd9d84a2e33606b45ea5aa86d3724d3ea0faaed,2024-11,Sussex Police,Sussex Police,0.467090,50.841899,On or near Reginald Road,E01021090,Rother 011A,Vehicle crime,Further action is not in the public interest,
0773a3f81a1bcd66ecd29cc43349e13134c6afa897f5fb78c8c4c669be82283c,2024-11,Sussex Police,Sussex Police,0.468326,50.843249,On or near Leopold Road,E01021090,Rother 011A,Violence and sexual offences,Unable to prosecute suspect,
2eb587d22c82f8872f18f1950f70686a3fd03a48af437b8cd0933c94bc7e41e2,2024-11,Sussex Police,Sussex Police,0.468326,50.843249,On or near Leopold Road,E01021090,Rother 011A,Violence and sexual offences,Offender given a caution,
ee863d42823983a53577c31595750d34c88c360352e8aec1717c720f5f964fd5,2024-11,Sussex Police,Sussex Police,0.468203,50.842001,On or near Windsor Road,E01021090,Rother 011A,Violence and sexual offences,Local resolution,
712fd3cb08316aa72d720ca13f330646f94f327599864015d34ee3ab855b614f,2024-11,Sussex Police,Sussex Police,0.469810,50.839332,On or near Sackville Road,E01021090,Rother 011A,Violence and sexual offences,Status update unavailable,
c16389fcf305a393512d933a86be827207416e854a35060e9d87fb88991016d3,2024-11,Sussex Police,Sussex Police,0.470770,50.841110,On or near Buckhurst Place,E01021090,Rother 011A,Violence and sexual offences,Unable to prosecute suspect,
4307c159e4417cf4c8cd1ff99feb603970effd1a77442e4fa618d00bf4f742bd,2024-11,Sussex Police,Sussex Police,0.470770,50.841110,On or near Buckhurst Place,E01021090,Rother 011A,Violence and sexual offences,Unable to prosecute suspect,
af52a43a173aa966f123348b996250b39cb3e53c4d7bb8624003779207b4961e,2024-11,Sussex Police,Sussex Police,0.470929,50.840900,On or near Supermarket,E01021090,Rother 011A,Violence and sexual offences,Investigation complete; no suspect identified,
992c34bb9ec90e3a0d086bc4c7156d64df42fa53ed6ed075a4f29ba8bffc3c11,2024-11,Sussex Police,Sussex Police,0.464844,50.836478,On or near West Parade,E01021091,Rother 011B,Criminal damage and arson,Status update unavailable,
75260ea727018ff5cd134b5714160a7012ba84e5d9a46b0fe4776e1c3acee648,2024-11,Sussex Police,Sussex Police,0.473092,50.838003,On or near Albert Road,E01021091,Rother 011B,Criminal damage and arson,Local resolution,
00dab4a20132fbb5835ca0df0b810ce56b99fc702b510a2ef23496c515e4ba54,2024-11,Sussex Police,Sussex Police,0.476086,50.837409,On or near Channel View East,E01021091,Rother 011B,Criminal damage and arson,Investigation complete; no suspect identified,
537224118e0dcbe3fcae3bb3f81ffb8d76e7f18347fc5ba2008951cce91ba458,2024-11,Sussex Police,Sussex Police,0.473879,50.838652,On or near Devonshire Road,E01021091,Rother 011B,Other theft,Local resolution,
58e56a3279d1dfe43e2bb94dc7590a80767732db47d195662065a7f1332ecf82,2024-11,Sussex Police,Sussex Police,0.466523,50.837351,On or near Egerton Road,E01021091,Rother 011B,Public order,Status update unavailable,
b8d416d6602162fe9da73a5b4875085fc518c43de0c90eb849b402c92c2cdd67,2024-11,Sussex Police,Sussex Police,0.476086,50.837409,On or near Channel View East,E01021091,Rother 011B,Violence and sexual offences,Unable to prosecute suspect,
45ea3293e594d77bc7ae5ffe73a2845e19dedb4a241c0308edb408ccca71eaa9,2024-11,Sussex Police,Sussex Police,0.473879,50.838652,On or near Devonshire Road,E01021091,Rother 011B,Violence and sexual offences,Status update unavailable,
7d1bef2e3b5031c6900ba72fef577c36b7286df65c64e4f8501b670625e6521d,2024-11,Sussex Police,Sussex Police,0.471132,50.838278,On or near Linden Road,E01021091,Rother 011B,Violence and sexual offences,Offender given a caution,
6ed08ce4675b9f0717d208ebfd4fa963c337276925f09f86d5c29018337c0977,2024-11,Sussex Police,Sussex Police,0.472146,50.838392,On or near Albany Road,E01021091,Rother 011B,Violence and sexual offences,Unable to prosecute suspect,
,2024-11,Sussex Police,Sussex Police,0.474978,50.839834,On or near St Leonards Road,E01021092,Rother 011C,Anti-social behaviour,,
,2024-11,Sussex Police,Sussex Police,0.477544,50.842415,On or near Garden Close,E01021092,Rother 011C,Anti-social behaviour,,
,2024-11,Sussex Police,Sussex Police,0.471718,50.840251,On or near Shopping Area,E01021092,Rother 011C,Anti-social behaviour,,
ee58bb16c31828fbf720b26a990298cf1fc6fffc485b264890033f589a3d93f2,2024-11,Sussex Police,Sussex Police,0.473100,50.840044,On or near Supermarket,E01021092,Rother 011C,Burglary,Status update unavailable,
6cfeaffd8c993b3198f2324fd525c8714628f89a7090a227bd71da18f38ecc70,2024-11,Sussex Police,Sussex Police,0.474429,50.839763,On or near Shopping Area,E01021092,Rother 011C,Burglary,Investigation complete; no suspect identified,
1c22ac0229b4253c4a9ef740df29fe03efc1d6a6e9740971941dcfb3ed095988,2024-11,Sussex Police,Sussex Police,0.471952,50.846005,On or near Belle Hill,E01021092,Rother 011C,Criminal damage and arson,Investigation complete; no suspect identified,
3cf3631a67aca57b5ff27b452a1c719ab1e4f4944232bb43fcc7c53f28ad81db,2024-11,Sussex Police,Sussex Police,0.473100,50.840044,On or near Supermarket,E01021092,Rother 011C,Criminal damage and arson,Investigation complete; no suspect identified,
7377d6d7d51705c11efbf30d8e1f06758831809c3757acd8a05b7b091351aaf2,2024-11,Sussex Police,Sussex Police,0.469690,50.844866,On or near Burnside Mews,E01021092,Rother 011C,Criminal damage and arson,Investigation complete; no suspect identified,
a3075a799bb9d2fa8170c09cc8d32cae421a881ab2ddc24d9cf74dd7917d2177,2024-11,Sussex Police,Sussex Police,0.471865,50.839522,On or near Parkhurst Road,E01021092,Rother 011C,Criminal damage and arson,Investigation complete; no suspect identified,
4c4206664fe0b833a27054dd5b75f8792216ae268ba2c045231e8b007f5d995c,2024-11,Sussex Police,Sussex Police,0.471865,50.839522,On or near Parkhurst Road,E01021092,Rother 011C,Criminal damage and arson,Investigation complete; no suspect identified,
4f0abc9981da125dabf3cb395a76adc8e59aaceb42b3b79c7fbb3187f8f061b0,2024-11,Sussex Police,Sussex Police,0.473684,50.840608,On or near Devonshire Square,E01021092,Rother 011C,Criminal damage and arson,Unable to prosecute suspect,
10ceeca53009ddcb48c614087608131df07f00d83db9b086a1ea8f7fceb5b9b5,2024-11,Sussex Police,Sussex Police,0.471952,50.846005,On or near Belle Hill,E01021092,Rother 011C,Criminal damage and arson,Investigation complete; no suspect identified,
e4bad4c6380b09d464c0166bbafad219ef96055ecc3707f469a26fa9ebf441ef,2024-11,Sussex Police,Sussex Police,0.473684,50.840608,On or near Devonshire Square,E01021092,Rother 011C,Drugs,Local resolution,
cbb328ca81439d414bc54c1909affa6d4ec76155012d6680d0b3159b3363bf90,2024-11,Sussex Police,Sussex Police,0.469690,50.844866,On or near Burnside Mews,E01021092,Rother 011C,Possession of weapons,Offender given a caution,
9442459f0c2cdf6f4da78446153a3719e7e0413697c3edc9dd3a5e7685638f40,2024-11,Sussex Police,Sussex Police,0.473100,50.840044,On or near Supermarket,E01021092,Rother 011C,Shoplifting,Unable to prosecute suspect,
c05600414294cb3421f48ac6da9b2bfdb7fb43b364266814fbb1dd3b95dd94c6,2024-11,Sussex Police,Sussex Police,0.473100,50.840044,On or near Supermarket,E01021092,Rother 011C,Shoplifting,Unable to prosecute suspect,
80465c0dbb60ee7d6fcef77b493a9aba847e9de84821d2b741344c23d520322f,2024-11,Sussex Police,Sussex Police,0.473100,50.840044,On or near Supermarket,E01021092,Rother 011C,Shoplifting,Court result unavailable,
5e49dc8d84d5ed50f48791d00dbeb9111cb19dd1acf812865eff24344700762c,2024-11,Sussex Police,Sussex Police,0.473100,50.840044,On or near Supermarket,E01021092,Rother 011C,Shoplifting,Court result unavailable,
678a5ce1a1db86ad170b6bda140fbd2b0abaedbfe20fad1e3cc8a91a9f67a0c4,2024-11,Sussex Police,Sussex Police,0.471718,50.840251,On or near Shopping Area,E01021092,Rother 011C,Shoplifting,Unable to prosecute suspect,
4e7820aeaa225b9dab80da5ffc60ad6b7528b5fab266b8ec8ab506455086a9ea,2024-11,Sussex Police,Sussex Police,0.470131,50.843795,On or near Chepbourne Road,E01021092,Rother 011C,Shoplifting,Status update unavailable,
126933e594a71ee12ba1430fd0284f8a1619c04bf342cfc56cfc0f775878ba9c,2024-11,Sussex Police,Sussex Police,0.473100,50.840044,On or near Supermarket,E01021092,Rother 011C,Shoplifting,Court result unavailable,
9078bac333656f00ae9d1b24a77e0ec8ffeea2596d1c7737bac6dd8a050979aa,2024-11,Sussex Police,Sussex Police,0.471718,50.840251,On or near Shopping Area,E01021092,Rother 011C,Shoplifting,Investigation complete; no suspect identified,
c85a970a96665bfcaeb5e4087724b4826b3e3e2469b6843f754f500cccdc3661,2024-11,Sussex Police,Sussex Police,0.473100,50.840044,On or near Supermarket,E01021092,Rother 011C,Shoplifting,Unable to prosecute suspect,
3ce33fc4bb7842706b77b1a64b8828fa34327676234cd5ae0dc3df3957c5384f,2024-11,Sussex Police,Sussex Police,0.471718,50.840251,On or near Shopping Area,E01021092,Rother 011C,Shoplifting,Unable to prosecute suspect,
c405db95b4fdbdacb8d878a63ecb9633546052c40d76fbf9746cbc4eb488e03a,2024-11,Sussex Police,Sussex Police,0.469690,50.844866,On or near Burnside Mews,E01021092,Rother 011C,Shoplifting,Unable to prosecute suspect,
e2f5d290f505b9c4219eacd0c2be6e2027c527250544117cd525439168240757,2024-11,Sussex Police,Sussex Police,0.473100,50.840044,On or near Supermarket,E01021092,Rother 011C,Shoplifting,Investigation complete; no suspect identified,
7dfabf33066f7a8f79fb6c83ec607dcdc923d7d226725d61222b7b84de077f68,2024-11,Sussex Police,Sussex Police,0.474429,50.839763,On or near Shopping Area,E01021092,Rother 011C,Shoplifting,Investigation complete; no suspect identified,
9590c6c572913ee4c70452c1f7f514bbf5ce31a104331b82975a15b1a6a09a8d,2024-11,Sussex Police,Sussex Police,0.474429,50.839763,On or near Shopping Area,E01021092,Rother 011C,Shoplifting,Investigation complete; no suspect identified,
56f7cc7b1ec1dc129d0b272fb4bb1849e69464a18be254a160e0809c84725b52,2024-11,Sussex Police,Sussex Police,0.473100,50.840044,On or near Supermarket,E01021092,Rother 011C,Shoplifting,Court result unavailable,
12df7e039db5adf21a798af4c649b3bb42ed416a4bb9b7e4386d05ef6b32d9a3,2024-11,Sussex Police,Sussex Police,0.471865,50.839522,On or near Parkhurst Road,E01021092,Rother 011C,Vehicle crime,Unable to prosecute suspect,
0c08f9f4e03c7344177d3d0e5967dd6347625697b7d35edf82faf5b6e0268156,2024-11,Sussex Police,Sussex Police,0.475996,50.839740,On or near Wilton Road,E01021092,Rother 011C,Vehicle crime,Investigation complete; no suspect identified,
74df03b616a611922ebe3384f2194ef8fa4f2cb8ff22c5d5985b6c4cf42dbbc3,2024-11,Sussex Police,Sussex Police,0.475996,50.839740,On or near Wilton Road,E01021092,Rother 011C,Violence and sexual offences,Unable to prosecute suspect,
47eead3b37671e27d6907251ad1b2538e4ff4957193d732bf968002e05abaf11,2024-11,Sussex Police,Sussex Police,0.477544,50.842415,On or near Garden Close,E01021092,Rother 011C,Violence and sexual offences,Unable to prosecute suspect,
49210728743a4d0578e73bb152ee27dafe61b069888f5191b4fe6718c19f470e,2024-11,Sussex Police,Sussex Police,0.472057,50.840202,On or near Western Road,E01021092,Rother 011C,Violence and sexual offences,Unable to prosecute suspect,
17286113847a4614a184345900c6c593d61560abe73c51a5f54278a53a7776b2,2024-11,Sussex Police,Sussex Police,0.469690,50.844866,On or near Burnside Mews,E01021092,Rother 011C,Violence and sexual offences,Unable to prosecute suspect,
8142b6214aa7890646045b944ea467f396d2f7819b18b979362b6ddd92171229,2024-11,Sussex Police,Sussex Police,0.474978,50.839834,On or near St Leonards Road,E01021092,Rother 011C,Violence and sexual offences,Unable to prosecute suspect,
0516d0f8190725d9cbc58e6ae96f6f5096a46e95e21ed04aebfd12d565ec973c,2024-11,Sussex Police,Sussex Police,0.474978,50.839834,On or near St Leonards Road,E01021092,Rother 011C,Violence and sexual offences,Status update unavailable,
bc2a1820e75ece9524f56dabd5330141838b85766286e6e438f10d2e6f13e76b,2024-11,Sussex Police,Sussex Police,0.471718,50.840251,On or near Shopping Area,E01021092,Rother 011C,Violence and sexual offences,Investigation complete; no suspect identified,
5ca1f74c7ab90cbabebdccc60ea219c46914b0f77f7dd358f1937934a86fe580,2024-11,Sussex Police,Sussex Police,0.471410,50.843813,On or near Amherst Road,E01021092,Rother 011C,Violence and sexual offences,Court result unavailable,
69ba86d1b63e2d4cf83c61b9d273e5d1c502d2456be11d73cc62090f1827265a,2024-11,Sussex Police,Sussex Police,0.474429,50.839763,On or near Shopping Area,E01021092,Rother 011C,Violence and sexual offences,Status update unavailable,
ffb2f05422874be3788a6075ba465ad33787e4b65acf2f11b75cd305f0edb704,2024-11,Sussex Police,Sussex Police,0.473880,50.842978,On or near New Park Avenue,E01021092,Rother 011C,Violence and sexual offences,Unable to prosecute suspect,
6cf6dad7827bb91c10cc120e87d4b91689cb7a8ee91a52dd10481e237d1f8997,2024-11,Sussex Police,Sussex Police,0.471718,50.840251,On or near Shopping Area,E01021092,Rother 011C,Violence and sexual offences,Unable to prosecute suspect,
b5c1de7154143bf2bbe82e6e67c5b4f21d5536be1fe4c69b84f11cbe53a43e85,2024-11,Sussex Police,Sussex Police,0.475183,50.840756,On or near Endwell Road,E01021092,Rother 011C,Violence and sexual offences,Unable to prosecute suspect,
28bb0b598047ab339315991c9b8d0e0cbd2350f3f20fa345434429332863c6cc,2024-11,Sussex Police,Sussex Police,0.473684,50.840608,On or near Devonshire Square,E01021092,Rother 011C,Violence and sexual offences,Unable to prosecute suspect,
90fcbf95de546205ed7f01cde6a6c2362e5dde94805dcee09634b24e129c8bdf,2024-11,Sussex Police,Sussex Police,0.471718,50.840251,On or near Shopping Area,E01021092,Rother 011C,Other crime,Investigation complete; no suspect identified,
,2024-11,Sussex Police,Sussex Police,0.483314,50.840592,On or near Dorset Road South,E01021121,Rother 011D,Anti-social behaviour,,
,2024-11,Sussex Police,Sussex Police,0.478556,50.844363,On or near De Moleyns Close,E01021121,Rother 011D,Anti-social behaviour,,
7f5fc55843c383fb16859825643e171ec9851d0d358e30915e5d4cee2f509826,2024-11,Sussex Police,Sussex Police,0.486794,50.845123,On or near Gleneagles Close,E01021121,Rother 011D,Criminal damage and arson,Investigation complete; no suspect identified,
72ef54c5ad9db3a2b998dc3753e338639e04a55a13f37c24dc955ed0c4d52ed6,2024-11,Sussex Police,Sussex Police,0.486794,50.845123,On or near Gleneagles Close,E01021121,Rother 011D,Violence and sexual offences,Investigation complete; no suspect identified,
525a8669aaaa5c01cb160bdb413e4ebdb2656b3c0cc468dcc3ba6f2ba594c70b,2024-11,Sussex Police,Sussex Police,0.486794,50.845123,On or near Gleneagles Close,E01021121,Rother 011D,Violence and sexual offences,Unable to prosecute suspect,
6fbab28e513c310307532b557f1fea101b414c27377951a958658e47fc975c91,2024-11,Sussex Police,Sussex Police,0.486794,50.845123,On or near Gleneagles Close,E01021121,Rother 011D,Violence and sexual offences,Unable to prosecute suspect,
,2024-11,Sussex Police,Sussex Police,0.479510,50.838496,On or near Knole Road,E01021122,Rother 011E,Anti-social behaviour,,
c4f3a230b0c7521680d750ae63ee911505eef5f875f9621ae8c7a365e719567a,2024-11,Sussex Police,Sussex Police,0.478007,50.840696,On or near Jameson Mews,E01021122,Rother 011E,Criminal damage and arson,Investigation complete; no suspect identified,
4394458cfa907bb76f5f6d564555b5d26e9a61a200c1fcc496a04af555aec6d4,2024-11,Sussex Police,Sussex Police,0.480334,50.839585,On or near Middlesex Road,E01021122,Rother 011E,Other theft,Unable to prosecute suspect,
c0d13f55bdb81c7bdd295bcd757da182bd504185bd39b3a9fba713cfc0eb898a,2024-11,Sussex Police,Sussex Police,0.481422,50.839742,On or near Bolebrooke Road,E01021122,Rother 011E,Other theft,Unable to prosecute suspect,
e4cc1621e8773c81afd51fca07649c3d80c366b34440853071bae7d5559a2f1b,2024-11,Sussex Police,Sussex Police,0.477028,50.839646,On or near Sea Road,E01021122,Rother 011E,Other theft,Investigation complete; no suspect identified,
a9f8e8b4deb9d757796ebcf6f655c273a432eb8d334c7771d76e85748802c1f4,2024-11,Sussex Police,Sussex Police,0.481422,50.839742,On or near Bolebrooke Road,E01021122,Rother 011E,Other theft,Unable to prosecute suspect,
a63706ed00ca0c5ad20d9398b7ec7694f58df4ffb44c15001d707b0009df09a9,2024-11,Sussex Police,Sussex Police,0.480334,50.839585,On or near Middlesex Road,E01021122,Rother 011E,Other theft,Investigation complete; no suspect identified,
1e771287d3be2289bbee353490ab1080b57fccabfc57f416d3892fe22f1f580a,2024-11,Sussex Police,Sussex Police,0.477028,50.839646,On or near Sea Road,E01021122,Rother 011E,Shoplifting,Unable to prosecute suspect,
6ef63342b0dc898c6f2446fd67f20d74e1825f33f1bd1692429ee99086932ac1,2024-11,Sussex Police,Sussex Police,0.477028,50.839646,On or near Sea Road,E01021122,Rother 011E,Shoplifting,Investigation complete; no suspect identified,
581d5c597760623354528cade2fadc6844fabda60ec190f73fc991b0da45192a,2024-11,Sussex Police,Sussex Police,0.477028,50.839646,On or near Sea Road,E01021122,Rother 011E,Shoplifting,Investigation complete; no suspect identified,
d21351d4d42ccc1b861810165fddb9221ddcb6fa9067e3fc56f21b320052182e,2024-11,Sussex Police,Sussex Police,0.477028,50.839646,On or near Sea Road,E01021122,Rother 011E,Shoplifting,Unable to prosecute suspect,
392702fcb881d64c1edaad8b3b7a135dfe0893f62277683503edff55f5d84152,2024-11,Sussex Police,Sussex Police,0.477028,50.839646,On or near Sea Road,E01021122,Rother 011E,Shoplifting,Unable to prosecute suspect,
75d420e555d5c1d5be0b29d8a2e7c18388353656a5257a7aea8963ae8f96fd74,2024-11,Sussex Police,Sussex Police,0.477028,50.839646,On or near Sea Road,E01021122,Rother 011E,Shoplifting,Investigation complete; no suspect identified,
9617183657b15fc1f7a12ebda63769dd5870fbb59e8a004ff545a36a82b930bb,2024-11,Sussex Police,Sussex Police,0.477028,50.839646,On or near Sea Road,E01021122,Rother 011E,Shoplifting,Investigation complete; no suspect identified,
386480f183952e6891427058a9da07328a822e945579005d2bd4ecfe5d341f90,2024-11,Sussex Police,Sussex Police,0.477028,50.839646,On or near Sea Road,E01021122,Rother 011E,Shoplifting,Unable to prosecute suspect,
f907e4dca4c9c319bd2ced57587c19122447e09b86bbdcd123639c7bee8e0d3d,2024-11,Sussex Police,Sussex Police,0.477028,50.839646,On or near Sea Road,E01021122,Rother 011E,Shoplifting,Unable to prosecute suspect,
ee9fd421b9a500fd3193db345de090d07c721f3837a81b5f9546866407ee62df,2024-11,Sussex Police,Sussex Police,0.477028,50.839646,On or near Sea Road,E01021122,Rother 011E,Shoplifting,Investigation complete; no suspect identified,
97116a065311e38948d553478b74d89cdbe7ad8fae126e689dfc0d73b7fec157,2024-11,Sussex Police,Sussex Police,0.477028,50.839646,On or near Sea Road,E01021122,Rother 011E,Shoplifting,Investigation complete; no suspect identified,
29064def22f7a4ab9bfc453744d5611901cbdc876310b74cd7af8f83f3a65538,2024-11,Sussex Police,Sussex Police,0.477028,50.839646,On or near Sea Road,E01021122,Rother 011E,Shoplifting,Investigation complete; no suspect identified,
1233e9378e4337c1ac85d57c59cbc8d7665d18660fca0d3aab32886558f7408f,2024-11,Sussex Police,Sussex Police,0.477028,50.839646,On or near Sea Road,E01021122,Rother 011E,Shoplifting,Investigation complete; no suspect identified,
1bac163d38093e948c0ee7a0483db8c88cfc50e0030c31af06e0386211a9bf5e,2024-11,Sussex Police,Sussex Police,0.477028,50.839646,On or near Sea Road,E01021122,Rother 011E,Shoplifting,Investigation complete; no suspect identified,
95db701c829bfa12c82d9a04fec904b0a8fab7735bb2756749b9519f7eb49092,2024-11,Sussex Police,Sussex Police,0.477028,50.839646,On or near Sea Road,E01021122,Rother 011E,Violence and sexual offences,Investigation complete; no suspect identified,
ad554741f354568efafc52218e3c74f2c9c9b05a67007a004297bf027a8b2538,2024-11,Sussex Police,Sussex Police,0.477028,50.839646,On or near Sea Road,E01021122,Rother 011E,Violence and sexual offences,Unable to prosecute suspect,
7ec441470240024bd086252eecf3913a6ce9db88fa1dae0fbc9a24cfcc0d1301,2024-11,Sussex Police,Sussex Police,0.209251,51.290502,On or near Pinehurst,E01024466,Sevenoaks 010E,Violence and sexual offences,Status update unavailable,
637ba5d708c71015b518ad5a2074dd6272fd035cb7492f64b1acc9fd2d44f49d,2024-11,Sussex Police,Sussex Police,-0.530732,51.498230,On or near Grasholm Way,E01016492,Slough 013D,Drugs,Status update unavailable,
22fabb4566116db714f666a79c413d7779e0fd9769d003fa163207018034ea25,2024-11,Sussex Police,Sussex Police,-0.530732,51.498230,On or near Grasholm Way,E01016492,Slough 013D,Drugs,Status update unavailable,
e4ee2a29aa68b25cde404f2c306a969f649969ad4d4cc518262e7d45d55d7188,2024-11,Sussex Police,Sussex Police,-0.530732,51.498230,On or near Grasholm Way,E01016492,Slough 013D,Drugs,Status update unavailable,
2e84d2e178a60bbc30ebd21485cc7ca62e874a3f5d5c7aa5e20f9f70f680d58f,2024-11,Sussex Police,Sussex Police,-0.530732,51.498230,On or near Grasholm Way,E01016492,Slough 013D,Drugs,Status update unavailable,
6ef56287ffcbe0adc6c307dc69f618c655bc4647751afeddaf15f1dfcb905c62,2024-11,Sussex Police,Sussex Police,-0.530732,51.498230,On or near Grasholm Way,E01016492,Slough 013D,Drugs,Status update unavailable,
c4d779a5be0951ef6c5e855cb273efbfc36d5c8be588ad230bcd9826e3672773,2024-11,Sussex Police,Sussex Police,-0.530732,51.498230,On or near Grasholm Way,E01016492,Slough 013D,Drugs,Status update unavailable,
b468794fb6d19b4cf9ad7dbc87e9a7f0d7e511224da1b441a5e2d553f65d962a,2024-11,Sussex Police,Sussex Police,-0.530732,51.498230,On or near Grasholm Way,E01016492,Slough 013D,Drugs,Status update unavailable,
40278106b5bb53a75f8574df05a3f3a829f5a1680359af7d4f0f5cd57059e867,2024-11,Sussex Police,Sussex Police,-0.530732,51.498230,On or near Grasholm Way,E01016492,Slough 013D,Drugs,Status update unavailable,
92cb01043bce381b315c1b989456557a38f3011c7757a2bc79e3a4daa2724739,2024-11,Sussex Police,Sussex Police,-0.530732,51.498230,On or near Grasholm Way,E01016492,Slough 013D,Drugs,Status update unavailable,
6effeeda42828e49fb54dcf42f9d3413734cf6935d7b570cbc975a6aeec0af0e,2024-11,Sussex Police,Sussex Police,-0.530732,51.498230,On or near Grasholm Way,E01016492,Slough 013D,Drugs,Status update unavailable,
2ba91d04b0062d0a1a906cbd79e9d96f4c8084ad78c4bd7f88c94bfc8b1bb4af,2024-11,Sussex Police,Sussex Police,-0.530732,51.498230,On or near Grasholm Way,E01016492,Slough 013D,Drugs,Status update unavailable,
dcc81e89e8fb1c448984f6313a0c0913f22084862ed7c510b1388890ff8d7d33,2024-11,Sussex Police,Sussex Police,-0.530732,51.498230,On or near Grasholm Way,E01016492,Slough 013D,Drugs,Status update unavailable,
add23a0734074fbe2fbb78e4f3d36d981ba17c4350f221ab9f59194dd408c302,2024-11,Sussex Police,Sussex Police,-0.530732,51.498230,On or near Grasholm Way,E01016492,Slough 013D,Drugs,Status update unavailable,
98a491c357bca27c55a7c4cd9806d2fd7446d5fc4723412d694d05bc85254216,2024-11,Sussex Police,Sussex Police,-0.694604,51.362022,On or near Park View,E01030759,Surrey Heath 002C,Violence and sexual offences,Status update unavailable,
,2024-11,Sussex Police,Sussex Police,-0.064881,51.260390,On or near Godstone Hill,E01030825,Tandridge 009B,Anti-social behaviour,,
a2dcf9a96d5e81319b9ba4db99e6542613e68d8c91f5a78efb3c50e60c34a588,2024-11,Sussex Police,Sussex Police,-0.045697,51.218307,On or near Lagham Road,E01030826,Tandridge 009C,Violence and sexual offences,Status update unavailable,
,2024-11,Sussex Police,Sussex Police,0.005606,51.159506,On or near Dormans High Street,E01030821,Tandridge 010A,Anti-social behaviour,,
90855ab92f4aa96a10acfc1f258f40908970bc8c6d1af0d5773fd4f34119e7bc,2024-11,Sussex Police,Sussex Police,-0.003979,51.156450,On or near Dormans,E01030822,Tandridge 010B,Violence and sexual offences,Status update unavailable,
,2024-11,Sussex Police,Sussex Police,-0.044319,51.140629,On or near Birch Grove,E01030823,Tandridge 011E,Anti-social behaviour,,
ef390e28e26e0cbe02733a210bb0de08c7c0f0c6a43706044b8d482b6ef607aa,2024-11,Sussex Police,Sussex Police,-0.038459,51.142941,On or near The Limes,E01030823,Tandridge 011E,Drugs,Status update unavailable,
d80fa85e4b3fd6e390c0d9889d4db744fcbc8d4a70dbb40f1fdb1c62658da3a5,2024-11,Sussex Police,Sussex Police,-0.075152,51.142418,On or near Petrol Station,E01030823,Tandridge 011E,Other theft,Investigation complete; no suspect identified,
2a01a888a381560de7499413fae50759e8f81615e4d9b4bb312405ee2e13834e,2024-11,Sussex Police,Sussex Police,-0.075152,51.142418,On or near Petrol Station,E01030823,Tandridge 011E,Other theft,Unable to prosecute suspect,
dacd75697448c4b6b7472d54a9378df4c8c7f5913038d91050ba844c7015e4ec,2024-11,Sussex Police,Sussex Police,0.409530,51.170560,On or near Pearsons Green Road,E01024812,Tunbridge Wells 001C,Other theft,Status update unavailable,
,2024-11,Sussex Police,Sussex Police,0.218467,51.131001,On or near Long Slip,E01024852,Tunbridge Wells 006C,Anti-social behaviour,,
764940b05cdb251de7147fbc576eece5f2536df99a1b0a38c6a8a75d62f290d9,2024-11,Sussex Police,Sussex Police,0.261099,51.127972,On or near Castle Street,E01024819,Tunbridge Wells 012D,Violence and sexual offences,Status update unavailable,
034b23cb9f3463c4cff295e6cf79a0f5ea49b2ec2a05cf3e485c0456941fb1d5,2024-11,Sussex Police,Sussex Police,0.470399,51.045139,On or near Brookgate Lane,E01024810,Tunbridge Wells 014E,Other theft,Investigation complete; no suspect identified,
52ce3141c3f5c284622a0da1e5324dfabb33df19b7393f7cdfb567a1b8c1f653,2024-11,Sussex Police,Sussex Police,-0.717928,51.082698,On or near Chiltern Close,E01030931,Waverley 016B,Vehicle crime,Status update unavailable,
,2024-11,Sussex Police,Sussex Police,0.034344,51.098161,On or near Lower Road,E01021167,Wealden 001A,Anti-social behaviour,,
,2024-11,Sussex Police,Sussex Police,0.036956,51.100723,On or near Waterworks Close,E01021167,Wealden 001A,Anti-social behaviour,,
,2024-11,Sussex Police,Sussex Police,0.036956,51.100723,On or near Waterworks Close,E01021167,Wealden 001A,Anti-social behaviour,,
5fddfa8645f099867646e7230301e7a47d3739571785237d3510315617f95596,2024-11,Sussex Police,Sussex Police,0.054281,51.090726,On or near Ryst Wood Road,E01021167,Wealden 001A,Burglary,Investigation complete; no suspect identified,
17d2ad31e957a36d857fac1f8fdf4fc7ab39a4c92a1d1a1fb86f5a415da2c990,2024-11,Sussex Police,Sussex Police,0.035979,51.094742,On or near Upper Close,E01021167,Wealden 001A,Criminal damage and arson,Investigation complete; no suspect identified,
2c01fd9bfa92d1ecab5960965596664689216ba0c0dc8a402f7313dcf8d17457,2024-11,Sussex Police,Sussex Police,0.034519,51.097007,On or near Supermarket,E01021167,Wealden 001A,Shoplifting,Unable to prosecute suspect,
98dad281f6f3eda6953f40657263332783e77cb5b91819c54049a870bdcc4275,2024-11,Sussex Police,Sussex Police,0.034519,51.097007,On or near Supermarket,E01021167,Wealden 001A,Shoplifting,Investigation complete; no suspect identified,
fdb4933bb54ed306730ed60944c3047ce6eac7294f9a52f0b8cdd9f457f3f364,2024-11,Sussex Police,Sussex Police,0.034519,51.097007,On or near Supermarket,E01021167,Wealden 001A,Shoplifting,Investigation complete; no suspect identified,
ff6ee7fcdab8fe2370a0853391e1ebd2b0f7132fdb2c65b3962e2985702078e3,2024-11,Sussex Police,Sussex Police,0.034519,51.097007,On or near Supermarket,E01021167,Wealden 001A,Shoplifting,Investigation complete; no suspect identified,
da3d9332be17cee6ef1d4436fb88aa8c32ea0c25fe128709c621f116ddeb7f8b,2024-11,Sussex Police,Sussex Police,0.034519,51.097007,On or near Supermarket,E01021167,Wealden 001A,Shoplifting,Investigation complete; no suspect identified,
ba5823c8bc7a795506fb7f5c43e7f4ae7d401d5bd56409a6fecedb6543d6e347,2024-11,Sussex Police,Sussex Police,0.034519,51.097007,On or near Supermarket,E01021167,Wealden 001A,Shoplifting,Unable to prosecute suspect,
4c55992b79cfdf58f55b678c16cee7ed257f0456d2e6fef36f6926e93dc2a1ae,2024-11,Sussex Police,Sussex Police,0.034519,51.097007,On or near Supermarket,E01021167,Wealden 001A,Shoplifting,Investigation complete; no suspect identified,
c9557a9db2d7281f5dd8fb46fd759c925b6bfb634258403a0f7e5a7a90f0cd6b,2024-11,Sussex Police,Sussex Police,0.034519,51.097007,On or near Supermarket,E01021167,Wealden 001A,Shoplifting,Investigation complete; no suspect identified,
1b9a84790a05b3a7459dd7c3fb7ef1dab73aa7b43ae2c8972a71f28a538118f4,2024-11,Sussex Police,Sussex Police,0.034519,51.097007,On or near Supermarket,E01021167,Wealden 001A,Shoplifting,Investigation complete; no suspect identified,
4505ebe847c6d688d917b19b32ff11213c4625e31d1755f7b6ce3907eea1a22b,2024-11,Sussex Police,Sussex Police,0.034519,51.097007,On or near Supermarket,E01021167,Wealden 001A,Shoplifting,Investigation complete; no suspect identified,
8ef84983f964ad6e56e614bde01a49f7b0d7cf315e811201dad219e36fa26910,2024-11,Sussex Police,Sussex Police,0.034519,51.097007,On or near Supermarket,E01021167,Wealden 001A,Shoplifting,Investigation complete; no suspect identified,
5377f27c48d47b4d523b19ce187b203cc96d7c3f2a0e7a2d56b483679f57ea0f,2024-11,Sussex Police,Sussex Police,0.034519,51.097007,On or near Supermarket,E01021167,Wealden 001A,Shoplifting,Investigation complete; no suspect identified,
172db4f2baae61a0d02ba19d8f07e9b50447322d82ea453dd5b0f2f636cbb948,2024-11,Sussex Police,Sussex Police,0.034519,51.097007,On or near Supermarket,E01021167,Wealden 001A,Shoplifting,Investigation complete; no suspect identified,
40f606ba3ba4ce6f2371cae491e379464f23ac62683437b2397310d41377f8c7,2024-11,Sussex Police,Sussex Police,0.034519,51.097007,On or near Supermarket,E01021167,Wealden 001A,Shoplifting,Unable to prosecute suspect,
aefd8d9bb6fed92ad52f7f38c91633f18d9fc8945cac09235a939015d3e9413f,2024-11,Sussex Police,Sussex Police,0.034519,51.097007,On or near Supermarket,E01021167,Wealden 001A,Shoplifting,Investigation complete; no suspect identified,
f8da3329d70b43eeb74c8cea0494382ef05d7198c59180a4936e8c682a7be3a8,2024-11,Sussex Police,Sussex Police,0.034519,51.097007,On or near Supermarket,E01021167,Wealden 001A,Shoplifting,Investigation complete; no suspect identified,
cb2cbd3b82c8bd40898a66987da880f1f50993261e151aa3bfa48cd53d2c59e8,2024-11,Sussex Police,Sussex Police,0.034519,51.097007,On or near Supermarket,E01021167,Wealden 001A,Shoplifting,Investigation complete; no suspect identified,
e8b0de7d3ee2fa126a847b9e30c4770de5b9768641875312de0ee0e03be5adfb,2024-11,Sussex Police,Sussex Police,0.034519,51.097007,On or near Supermarket,E01021167,Wealden 001A,Shoplifting,Investigation complete; no suspect identified,
ff4d9f62ea33645f27c195cbc41168eb2656ee8a031973b0c1662efa05232435,2024-11,Sussex Police,Sussex Police,0.034519,51.097007,On or near Supermarket,E01021167,Wealden 001A,Shoplifting,Investigation complete; no suspect identified,
7a9a81c2d255c2d2e1d4fb76a7462275b9eaa2ed31064247f6d43ba5f472bbde,2024-11,Sussex Police,Sussex Police,0.034519,51.097007,On or near Supermarket,E01021167,Wealden 001A,Shoplifting,Investigation complete; no suspect identified,
d0483dbe743a32b64b6b88970060ed7ddbfafe94583a25662c502344d342f456,2024-11,Sussex Police,Sussex Police,0.034519,51.097007,On or near Supermarket,E01021167,Wealden 001A,Shoplifting,Local resolution,
fc56f224910e97b47c0bfabab27a9fbdfc18654cf582ea3a98df5f5380f81e3c,2024-11,Sussex Police,Sussex Police,0.033007,51.098940,On or near Petrol Station,E01021167,Wealden 001A,Violence and sexual offences,Unable to prosecute suspect,
c7d49088623aeccef0b596db45b985f22ae6411b489d237c64d978bfd96585ab,2024-11,Sussex Police,Sussex Police,0.033545,51.093624,On or near Evelyn Clark Square,E01021167,Wealden 001A,Violence and sexual offences,Unable to prosecute suspect,
795bc24447d6b7d0d2b7cf74ad5cdffa2f4046d31be573c677d10f0da8f91ee5,2024-11,Sussex Police,Sussex Police,0.033545,51.093624,On or near Evelyn Clark Square,E01021167,Wealden 001A,Violence and sexual offences,Unable to prosecute suspect,
7b7f94bfb1f6a3bd8e8f6cd4364b3030504b5c3923dfe47407531838df271036,2024-11,Sussex Police,Sussex Police,0.034461,51.093347,On or near Hatch End,E01021167,Wealden 001A,Violence and sexual offences,Unable to prosecute suspect,
ecd95d26eccc2abeb036d5fa3e0d2b08f16824605ff62364d46691857104356c,2024-11,Sussex Police,Sussex Police,0.034461,51.093347,On or near Hatch End,E01021167,Wealden 001A,Violence and sexual offences,Unable to prosecute suspect,
d8aa9de6c9c9e7a92add2e91ae32f489f47c3e0a22e3ab7ed58411390076b9e5,2024-11,Sussex Police,Sussex Police,0.040624,51.095803,On or near Blacklands Crescent,E01021167,Wealden 001A,Violence and sexual offences,Unable to prosecute suspect,
b2baebb65b9e99d71824a0bf719cce361d38e5d4cdeb45ec39920b8941dbfe9f,2024-11,Sussex Police,Sussex Police,0.035979,51.094742,On or near Upper Close,E01021167,Wealden 001A,Violence and sexual offences,Unable to prosecute suspect,
389fdfec14da8504c59db53ad3db37c66c42eb77d21935c29baa878596b91803,2024-11,Sussex Police,Sussex Police,0.033551,51.098660,On or near Hillside,E01021167,Wealden 001A,Violence and sexual offences,Investigation complete; no suspect identified,
2a5630d42b0472980902ce27e0fba19d3f69e9105f6e7f514b072a64e58519c6,2024-11,Sussex Police,Sussex Police,0.034519,51.097007,On or near Supermarket,E01021167,Wealden 001A,Violence and sexual offences,Investigation complete; no suspect identified,
528012bdb9ccb134031348e362ad45767828ee6d39488a58575081a6605866ea,2024-11,Sussex Police,Sussex Police,0.024807,51.069170,On or near Lewes Road,E01021168,Wealden 001B,Criminal damage and arson,Investigation complete; no suspect identified,
c5c9121d4794ae78916337420e31298976b9f35c7a6e1655e00a12102e6f1df7,2024-11,Sussex Police,Sussex Police,0.031782,51.090219,On or near Tomtits Lane,E01021168,Wealden 001B,Criminal damage and arson,Investigation complete; no suspect identified,
090ebd2a02fe25d0f4df4856a1271978e7e4e42de3f880c87b6d99d0c5cab489,2024-11,Sussex Police,Sussex Police,-0.012952,51.074045,On or near Plawhatch Lane,E01021168,Wealden 001B,Possession of weapons,Court result unavailable,
cdd0b759ecf2b9e0b6ff39c60741ace710e33e8a9aaeab113596f288d9c1170c,2024-11,Sussex Police,Sussex Police,-0.012952,51.074045,On or near Plawhatch Lane,E01021168,Wealden 001B,Violence and sexual offences,Unable to prosecute suspect,
faf64018f801da4467919fd1ebd8175dfc9f6d8eda7f88d2c9c095fb0de6517e,2024-11,Sussex Police,Sussex Police,-0.012952,51.074045,On or near Plawhatch Lane,E01021168,Wealden 001B,Violence and sexual offences,Unable to prosecute suspect,
,2024-11,Sussex Police,Sussex Police,0.010738,51.101213,On or near Park/Open Space,E01021169,Wealden 001C,Anti-social behaviour,,
dd20973475d29489f472a53975debf9abb46a7de54fafc3632c16fe9488e55c7,2024-11,Sussex Police,Sussex Police,0.064014,51.101544,On or near Sports/Recreation Area,E01021169,Wealden 001C,Criminal damage and arson,Investigation complete; no suspect identified,
8510d9570653c642ddda80640113a068bc3f8525fd0eb5fc388d61297ec90ff2,2024-11,Sussex Police,Sussex Police,0.043259,51.140984,On or near Shepherdsgrove Lane,E01021169,Wealden 001C,Other theft,Investigation complete; no suspect identified,
5748ed996b8926459a9f07dc382a0fd6a707057d959e6be9f21cfa46137e9a33,2024-11,Sussex Police,Sussex Police,0.107170,51.135794,On or near B2026,E01021169,Wealden 001C,Other theft,Investigation complete; no suspect identified,
dba8509b0f688caaf89517573be2b73be6eec8346071abc511c53d3a45624dd7,2024-11,Sussex Police,Sussex Police,0.070693,51.080561,On or near Colemans Hatch Road,E01021186,Wealden 001D,Bicycle theft,Investigation complete; no suspect identified,
a944cc8a07651f94411006c52c0839fb8a6948736e82b5921c034c025a1bd689,2024-11,Sussex Police,Sussex Police,0.070693,51.080561,On or near Colemans Hatch Road,E01021186,Wealden 001D,Public order,Investigation complete; no suspect identified,
8efe797b88691a18e99529191e1b37083e0ef64eb4d34e57a91853379712da5d,2024-11,Sussex Police,Sussex Police,0.084398,51.088484,On or near Cat Street,E01021186,Wealden 001D,Vehicle crime,Unable to prosecute suspect,
62132923ad3186a7c4ed5d80892be598d47c0b6decaa6532e416ef40b8ba58af,2024-11,Sussex Police,Sussex Police,0.105629,51.098149,On or near Newtons Hill,E01021186,Wealden 001D,Violence and sexual offences,Unable to prosecute suspect,
,2024-11,Sussex Police,Sussex Police,0.270825,51.081772,On or near Down Lane,E01021171,Wealden 002A,Anti-social behaviour,,
982442c937a5b8216a4cce52d83e285fc2adacd2084f59963412eaab5eb075a2,2024-11,Sussex Police,Sussex Police,0.224518,51.122468,On or near High Rocks Halt,E01021171,Wealden 002A,Other crime,Investigation complete; no suspect identified,
,2024-11,Sussex Police,Sussex Police,0.185315,51.113926,On or near The Homestead,E01021172,Wealden 002B,Anti-social behaviour,,
f3bcfe7a2743b1ab9df12be8454cab3edcea89ad4259014f063deda8eb2a659a,2024-11,Sussex Police,Sussex Police,0.185745,51.111220,On or near Corseley Road,E01021172,Wealden 002B,Other theft,Investigation complete; no suspect identified,
6bfcbaac1eac1a1cc9a255defc93712c3de1bb43694a485bc1bafd4f8bc3480c,2024-11,Sussex Police,Sussex Police,0.139858,51.105729,On or near Station Road,E01021172,Wealden 002B,Other theft,Investigation complete; no suspect identified,
703de3707d13b2bd32ffb010ebd7dc7b6815cbe86bc74037e1514298e22cfc43,2024-11,Sussex Police,Sussex Police,0.139745,51.107611,On or near Beech Green Lane,E01021172,Wealden 002B,Violence and sexual offences,Further action is not in the public interest,
d5d76d5c07b9d6730e7d4c1c54542916fb95d7ba3c113b8be092753ac4fb02fe,2024-11,Sussex Police,Sussex Police,0.185268,51.111409,On or near Broad Oak,E01021172,Wealden 002B,Violence and sexual offences,Unable to prosecute suspect,
a24f86b73d7dc42722c5705701ceca262a2241d93db532971eecddcffc56efc8,2024-11,Sussex Police,Sussex Police,0.139745,51.107611,On or near Beech Green Lane,E01021172,Wealden 002B,Violence and sexual offences,Further action is not in the public interest,
048e1dd1157a416e22f6fe87f41f02b9652d89b7816345af25576493e38849c2,2024-11,Sussex Police,Sussex Police,0.189156,51.113558,On or near Newton Willows,E01021172,Wealden 002B,Other crime,Investigation complete; no suspect identified,
,2024-11,Sussex Police,Sussex Police,0.170614,51.106322,On or near B2188,E01021173,Wealden 002C,Anti-social behaviour,,
126ef29a43219b2ca22011e5eed738f7f6a1ea447cb4ace9092c75b151608621,2024-11,Sussex Police,Sussex Police,0.155866,51.099454,On or near Ladies Mile,E01021173,Wealden 002C,Criminal damage and arson,Investigation complete; no suspect identified,
60b823c1e6a22d41441e7267c83d15523ca115e5bcd0a78d2f5251c5713d2793,2024-11,Sussex Police,Sussex Police,0.197062,51.103436,On or near Eridge Road,E01021173,Wealden 002C,Drugs,Offender given a caution,
2fd3e1d80629c7513fe0adcfbccc6d9b039696161f309c38273e465b63070e20,2024-11,Sussex Police,Sussex Police,0.197062,51.103436,On or near Eridge Road,E01021173,Wealden 002C,Drugs,Local resolution,
d206724836123de539b898cc1b5adbbea155c2883b4671e86257889e5c4dc43b,2024-11,Sussex Police,Sussex Police,0.130166,51.089106,On or near Park/Open Space,E01021173,Wealden 002C,Violence and sexual offences,Local resolution,
d7e64b4f564fe95c988310c7c7f27aece20e6312f98382e3a735eef4931f9993,2024-11,Sussex Police,Sussex Police,0.232927,51.041375,On or near Sheriff'S Lane,E01021218,Wealden 002D,Burglary,Investigation complete; no suspect identified,
50c63319d608419f48dc4d57c36dc3483b9a2de29b7533677830277da8274385,2024-11,Sussex Police,Sussex Police,0.237280,51.049098,On or near Padfield Close,E01021218,Wealden 002D,Other crime,Investigation complete; no suspect identified,
,2024-11,Sussex Police,Sussex Police,0.168281,51.054932,On or near Sherlock Shaw,E01021156,Wealden 003A,Anti-social behaviour,,
ed815a4a9aa3ebdb66ac3e7ac7c1bd16159b39de613d05fb230d05ba02b239a5,2024-11,Sussex Police,Sussex Police,0.170431,51.058192,On or near Barnfield,E01021156,Wealden 003A,Criminal damage and arson,Investigation complete; no suspect identified,
ecb9fce0321b3c1d017e278c23c01b6fd3b8f8af0198a0964f855a9af1154552,2024-11,Sussex Police,Sussex Police,0.162574,51.059849,On or near Parking Area,E01021156,Wealden 003A,Shoplifting,Investigation complete; no suspect identified,
4cc61936407ee7a0103c9bd574b92ae0d1dd690df18051035dba2124030712c8,2024-11,Sussex Police,Sussex Police,0.164407,51.057531,On or near Graycoats Drive,E01021156,Wealden 003A,Violence and sexual offences,Unable to prosecute suspect,
a2888d7d1129a51847a7f2f2214b487287f0f7b827760b6a31ebf0f19ab0a7fc,2024-11,Sussex Police,Sussex Police,0.167887,51.062089,On or near Parking Area,E01021157,Wealden 003B,Criminal damage and arson,Investigation complete; no suspect identified,
87e305af5f5fdaddda4ea46fade7cac79b7d1188f1f3cb8044e292cd01821843,2024-11,Sussex Police,Sussex Police,0.163949,51.058726,On or near Croham Road,E01021157,Wealden 003B,Criminal damage and arson,Investigation complete; no suspect identified,
6c8718b2408b2362ecca1dc8827d9489a49f3009d9897f43f3fca6d7c10500bc,2024-11,Sussex Police,Sussex Police,0.163949,51.058726,On or near Croham Road,E01021157,Wealden 003B,Other theft,Unable to prosecute suspect,
8ce94814289558e27710aa99d9cbad98b49712975984ccb9d311ed4c55185356,2024-11,Sussex Police,Sussex Police,0.167887,51.062089,On or near Parking Area,E01021157,Wealden 003B,Violence and sexual offences,Unable to prosecute suspect,
5d5aa048487de72aa183e4cca5fa421c7ebe8835514589be60c47a0493d2613f,2024-11,Sussex Police,Sussex Police,0.165154,51.063696,On or near Sports/Recreation Area,E01021157,Wealden 003B,Violence and sexual offences,Investigation complete; no suspect identified,
75358c9eac5f287165dcbb6c8cee1c313de9b194fda79c0b93dd7422b041ec1e,2024-11,Sussex Police,Sussex Police,0.163949,51.058726,On or near Croham Road,E01021157,Wealden 003B,Violence and sexual offences,Status update unavailable,
93967609356b0b91501dc9f00d23ee8726db284cbb8b045cc02afb7b926ced57,2024-11,Sussex Police,Sussex Police,0.163949,51.058726,On or near Croham Road,E01021157,Wealden 003B,Other crime,Unable to prosecute suspect,
a7d071e806b398b766e6992cb01e7b81ccb520cb4fb65505c3c4d76ae3f3a596,2024-11,Sussex Police,Sussex Police,0.180608,51.055503,On or near Bethany Close,E01021158,Wealden 003C,Criminal damage and arson,Investigation complete; no suspect identified,
854a5587ce6ba410ba9badb9e5fbc75f20969bbd82ac84e4d655e9a58ce1ff6a,2024-11,Sussex Police,Sussex Police,0.173155,51.052980,On or near Dodshill,E01021158,Wealden 003C,Public order,Investigation complete; no suspect identified,
f030bf847152a5dc9d30b923b9ca0960ab0166825e94c3cf527df32f504aa8ef,2024-11,Sussex Police,Sussex Police,0.179549,51.063635,On or near Manor Place,E01021158,Wealden 003C,Robbery,Unable to prosecute suspect,
dbe94abd2c2bbb5ab7e64ea17e9fbdd3892b5f2d25e695ee7a1048032c9e2b14,2024-11,Sussex Police,Sussex Police,0.174321,51.051978,On or near Beaver Close,E01021158,Wealden 003C,Violence and sexual offences,Status update unavailable,
b131aad8d4412609ddfe1aa005a707901f3287cbcbf3e355ecadffa1840f2a7f,2024-11,Sussex Police,Sussex Police,0.173247,51.054336,On or near North Beeches Road,E01021158,Wealden 003C,Violence and sexual offences,Status update unavailable,
04fe7d76383c3a3389faaf078fdfe8bd3886c9894d5955f7af666b5b9b52b1aa,2024-11,Sussex Police,Sussex Police,0.173155,51.052980,On or near Dodshill,E01021158,Wealden 003C,Violence and sexual offences,Unable to prosecute suspect,
d713a070e07cdca337d411e6b5c8aa6d8570b614dce7089131539a9e38cf4bf0,2024-11,Sussex Police,Sussex Police,0.179860,51.062046,On or near Payne Close,E01021158,Wealden 003C,Violence and sexual offences,Investigation complete; no suspect identified,
dc2e39af422bf577e8ff7e09a0fd9135ba05971a04364b985d7769b58cd4a263,2024-11,Sussex Police,Sussex Police,0.173247,51.054336,On or near North Beeches Road,E01021158,Wealden 003C,Violence and sexual offences,Local resolution,
a9ec475cd6bb45849a11be1ed61cd3ad92c0c969dba5ff2a3619eb4b86472aba,2024-11,Sussex Police,Sussex Police,0.173247,51.054336,On or near North Beeches Road,E01021158,Wealden 003C,Violence and sexual offences,Local resolution,
65c39ee5f9b1aed5e305cc6736872fa2170265e9cb1c1debf9514b74d598da54,2024-11,Sussex Police,Sussex Police,0.145789,51.047145,On or near Langridge Close,E01021159,Wealden 004A,Vehicle crime,Investigation complete; no suspect identified,
a19511b1bba29e3574a62d3ca669e02c8a3a17006878cab8ad2bce9f281cd2dc,2024-11,Sussex Police,Sussex Police,0.138305,51.042641,On or near Uckfield Road,E01021159,Wealden 004A,Violence and sexual offences,Investigation complete; no suspect identified,
,2024-11,Sussex Police,Sussex Police,0.159559,51.059770,On or near Petrol Station,E01021160,Wealden 004B,Anti-social behaviour,,
,2024-11,Sussex Police,Sussex Police,0.160930,51.053980,On or near Petrol Station,E01021160,Wealden 004B,Anti-social behaviour,,
952f304511ad9644aaf214241bc095d7e99203d5df2b42b763d78f524d8076ba,2024-11,Sussex Police,Sussex Police,0.157675,51.058240,On or near Parking Area,E01021160,Wealden 004B,Criminal damage and arson,Investigation complete; no suspect identified,
31c97e8e5fa8316823a54648c75a5b751b58cd2325429926d8b3d5ea74972341,2024-11,Sussex Police,Sussex Police,0.159157,51.058500,On or near Pine Grove,E01021160,Wealden 004B,Criminal damage and arson,Investigation complete; no suspect identified,
14ee260714a07635cd7c814fe043306eee258c63ba2f4f2e3330f4747497f5ec,2024-11,Sussex Police,Sussex Police,0.161998,51.059743,On or near High Street,E01021160,Wealden 004B,Other theft,Investigation complete; no suspect identified,
dfa6bd5a45bae0e15c963b0dcd9f813c93122af1741239792bb03545372ebf8c,2024-11,Sussex Police,Sussex Police,0.161998,51.059743,On or near High Street,E01021160,Wealden 004B,Other theft,Investigation complete; no suspect identified,
7b95f23c59975863954aa2a825cb5839268775e65f498a2aebd81fb141386184,2024-11,Sussex Police,Sussex Police,0.159559,51.059770,On or near Petrol Station,E01021160,Wealden 004B,Public order,Investigation complete; no suspect identified,
b8aa95dc18b47d0d14bcb340674f0389ae0cd302101ac83537eb5228d441533f,2024-11,Sussex Police,Sussex Police,0.159559,51.059770,On or near Petrol Station,E01021160,Wealden 004B,Public order,Investigation complete; no suspect identified,
21a8bd778afe242142c0d42874fbcba10f262dca4bed4c4820bb535b06345f55,2024-11,Sussex Police,Sussex Police,0.161593,51.057994,On or near Supermarket,E01021160,Wealden 004B,Shoplifting,Investigation complete; no suspect identified,
be4b538793671f9d9a693dd2b290545aac69f3533c6077a89c1b55f63e506251,2024-11,Sussex Police,Sussex Police,0.161593,51.057994,On or near Supermarket,E01021160,Wealden 004B,Shoplifting,Awaiting court outcome,
96e726fe0bcb6384260866f03e28c8df4710e2ba8c2f4501215c6f34fa529a76,2024-11,Sussex Police,Sussex Police,0.161593,51.057994,On or near Supermarket,E01021160,Wealden 004B,Shoplifting,Investigation complete; no suspect identified,
cfee29e771706e630fd1b530f1269980f43d2204fb963a3f7920c2a39bdfa2dd,2024-11,Sussex Police,Sussex Police,0.161593,51.057994,On or near Supermarket,E01021160,Wealden 004B,Shoplifting,Investigation complete; no suspect identified,
e365e1afe46ba83c0d0feb315f4cd9c88771764e0da7d8014c7d4851899c5cae,2024-11,Sussex Police,Sussex Police,0.161593,51.057994,On or near Supermarket,E01021160,Wealden 004B,Shoplifting,Investigation complete; no suspect identified,
60cade3a9a109b5b13b302e37a52f5d9bc472b329030f58bdc548f2ecfa85e27,2024-11,Sussex Police,Sussex Police,0.160669,51.054794,On or near Church Road,E01021160,Wealden 004B,Vehicle crime,Investigation complete; no suspect identified,
bc66dae3a25da59b1c640780d9a9dfa42a905eb6c18c0f22b5d6999b9eb924b0,2024-11,Sussex Police,Sussex Police,0.157675,51.058240,On or near Parking Area,E01021160,Wealden 004B,Vehicle crime,Investigation complete; no suspect identified,
5c78164224d6a2cec7f39169f706584ef56a234e8029bffdadd9410b38141cef,2024-11,Sussex Police,Sussex Police,0.159559,51.059770,On or near Petrol Station,E01021160,Wealden 004B,Vehicle crime,Status update unavailable,
e28b421b8e745cb986af3b0f11dbe1e22f643c2d63f90816779e18dfdb35d1c4,2024-11,Sussex Police,Sussex Police,0.159157,51.058500,On or near Pine Grove,E01021160,Wealden 004B,Violence and sexual offences,Unable to prosecute suspect,
e80a562e1afa3eecaf6070ad1ec95ab6d8cb3c2327dd4df6a258f4fe2c37b518,2024-11,Sussex Police,Sussex Police,0.159157,51.058500,On or near Pine Grove,E01021160,Wealden 004B,Violence and sexual offences,Investigation complete; no suspect identified,
f98abb6c09d0e050a5e336ed44d8579bac0a09bae17170e8931d97a0e04d53d7,2024-11,Sussex Police,Sussex Police,0.155569,51.054672,On or near Woodside,E01021160,Wealden 004B,Violence and sexual offences,Unable to prosecute suspect,
,2024-11,Sussex Police,Sussex Police,0.163646,51.048866,On or near Stonecott Close,E01021161,Wealden 004C,Anti-social behaviour,,
a0ca224e7e0b6b5598e7a758374d66067a9781ee6d3a0fd1e2f204fa67dfd307,2024-11,Sussex Police,Sussex Police,0.163152,51.050827,On or near Horwch Close,E01021161,Wealden 004C,Other theft,Investigation complete; no suspect identified,
90176d1c85bb949f55b647823cf0099bf17205ae592eb8777e4e9c86e5a94a27,2024-11,Sussex Police,Sussex Police,0.163646,51.048866,On or near Stonecott Close,E01021161,Wealden 004C,Public order,Unable to prosecute suspect,
3711ec674fc894ea57bed496f45447645455bf67f962b4f851d0b5988e346177,2024-11,Sussex Police,Sussex Police,0.157325,51.047931,On or near Southridge Rise,E01021161,Wealden 004C,Violence and sexual offences,Unable to prosecute suspect,
,2024-11,Sussex Police,Sussex Police,0.141859,51.044240,On or near Sweethaws Lane,E01021162,Wealden 004D,Anti-social behaviour,,
2e22ff3ee721711fcc9f095e96dd75d365a8d0d5a2dac7b8cf65672e8c0e5681,2024-11,Sussex Police,Sussex Police,0.152468,51.052436,On or near Beacon Road,E01021162,Wealden 004D,Violence and sexual offences,Unable to prosecute suspect,
6d5d4c127095b039a64ba9acc717b853f3ea77c886b83cfecccc34e34d2d334b,2024-11,Sussex Police,Sussex Police,0.260879,51.019792,On or near South Street,E01021202,Wealden 005A,Criminal damage and arson,Investigation complete; no suspect identified,
42bf48a0665cb0f157870b9beef8c3ec0db7edf5fabd306f4c1ff99c6c809d7a,2024-11,Sussex Police,Sussex Police,0.252684,51.019285,On or near Station Road,E01021202,Wealden 005A,Violence and sexual offences,Offender given a caution,
273c7896685687409a9f791a7c0be84632b9a8421615f0241ba67a031bdc69fc,2024-11,Sussex Police,Sussex Police,0.263087,51.021207,On or near St Leonards Lane,E01021202,Wealden 005A,Other crime,Investigation complete; no suspect identified,
84931ea761e93fa54273b115540fcb40d4b8903cf10fe3129eba30d8284eff34,2024-11,Sussex Police,Sussex Police,0.274148,51.021405,On or near Woodland Place,E01021203,Wealden 005B,Vehicle crime,Investigation complete; no suspect identified,
349cf2fbfc6396ce860c3034e50b0d0dea50c7ca4d1b3d8ae957aa58c9fb370a,2024-11,Sussex Police,Sussex Police,0.274148,51.021405,On or near Woodland Place,E01021203,Wealden 005B,Vehicle crime,Investigation complete; no suspect identified,
cce5336022443538face48bcf11f8b1bcc2266f7dad8c487a74001eab67bb6f2,2024-11,Sussex Police,Sussex Police,0.271513,51.022941,On or near Dunstans Croft,E01021203,Wealden 005B,Vehicle crime,Investigation complete; no suspect identified,
20e13820df1d601259eb0539f7131d6f275fe1baf2fd8d8e44900d9c9c42ee00,2024-11,Sussex Police,Sussex Police,0.269348,51.022398,On or near Pipers Yard,E01021203,Wealden 005B,Violence and sexual offences,Status update unavailable,
fab206b2052da854765b52bfffb7790694b493a8fa8a62e2c3bf24c248355930,2024-11,Sussex Police,Sussex Police,0.295096,51.039891,On or near Tidebrook,E01021229,Wealden 005C,Other theft,Status update unavailable,
5835b046944d6a2d10c20bed5f3729451c602f9678d1633baa833751ce9cb45c,2024-11,Sussex Police,Sussex Police,0.322027,51.069803,On or near Station Road,E01021229,Wealden 005C,Other theft,Investigation complete; no suspect identified,
049a001281eb6a5cc92ebffb0877c93803f64c7428fb15b20ba54307a913364c,2024-11,Sussex Police,Sussex Police,0.333708,51.069894,On or near Western Road,E01021229,Wealden 005C,Violence and sexual offences,Unable to prosecute suspect,
1dbe6d0957525775ca1ac87f648a07b75c819136c0ba2452db1e8d8d9d602ee9,2024-11,Sussex Police,Sussex Police,0.333091,51.065841,On or near Sparrows Green Road,E01021229,Wealden 005C,Violence and sexual offences,Investigation complete; no suspect identified,
8b9ffedc0d2e12361961bb6175e0b4ac98f6edf6b3baea03e26989a9f05edf10,2024-11,Sussex Police,Sussex Police,0.315398,51.060545,On or near Bruce Manor Close,E01021229,Wealden 005C,Violence and sexual offences,Unable to prosecute suspect,
2266391e94037c5ef2d487be70134e0aa9e77b9927b02a81930dd812703389f0,2024-11,Sussex Police,Sussex Police,0.338206,51.060455,On or near Sports/Recreation Area,E01021230,Wealden 005D,Violence and sexual offences,Investigation complete; no suspect identified,
72ac3f44f8fb542c1f708feee747a2e64b3705afab53b4f3db39c402125b3ddf,2024-11,Sussex Police,Sussex Police,0.341469,51.072059,On or near Pell Close,E01021230,Wealden 005D,Violence and sexual offences,Offender given a caution,
,2024-11,Sussex Police,Sussex Police,0.325191,51.065720,On or near Mayfield Park,E01021231,Wealden 005E,Anti-social behaviour,,
,2024-11,Sussex Police,Sussex Police,0.338795,51.062058,On or near Parking Area,E01021231,Wealden 005E,Anti-social behaviour,,
,2024-11,Sussex Police,Sussex Police,0.325191,51.065720,On or near Mayfield Park,E01021231,Wealden 005E,Anti-social behaviour,,
37cdf364bdf1fcebaee5ea68fb1e54edb98b14face39574d2fa0b91ae65e4e0d,2024-11,Sussex Police,Sussex Police,0.328894,51.065844,On or near Bassett'S Forge,E01021231,Wealden 005E,Criminal damage and arson,Investigation complete; no suspect identified,
69640dd17e666779854fc3854c80ffbc6eb3bdb4df70f7e51794437ff8746d4f,2024-11,Sussex Police,Sussex Police,0.338795,51.062058,On or near Parking Area,E01021231,Wealden 005E,Other theft,Investigation complete; no suspect identified,
e70452c5f40bfd1f52ac11b47cb021bacc267d51436c47cfc50dd0cb859469a6,2024-11,Sussex Police,Sussex Police,0.327557,51.066788,On or near Petrol Station,E01021231,Wealden 005E,Other theft,Investigation complete; no suspect identified,
b4e24a1154fecd4f2138503a94f46c9e951ad21069c46ab00a150293ad8a5947,2024-11,Sussex Police,Sussex Police,0.325113,51.062727,On or near Windmill Lane,E01021231,Wealden 005E,Vehicle crime,Investigation complete; no suspect identified,
8fecc44950a59d1339dc5dc01df3bc226c50b75aed917aa98ff9d20518b657f2,2024-11,Sussex Police,Sussex Police,0.336835,51.061117,On or near Courthope Avenue,E01021231,Wealden 005E,Violence and sexual offences,Unable to prosecute suspect,
261a1345a0f2fad6d493688ba43e220a4dfe268e8731ecde6f98ef2f1034be72,2024-11,Sussex Police,Sussex Police,0.336835,51.061117,On or near Courthope Avenue,E01021231,Wealden 005E,Violence and sexual offences,Status update unavailable,
7e1902bc04a9b6930c1af1bc27761f1e87b73135de38a43f187497424c4ba219,2024-11,Sussex Police,Sussex Police,0.181169,51.044358,On or near Mount Pleasant,E01021151,Wealden 006A,Burglary,Status update unavailable,
45a40f11adba4b550da45415dddc2994cafbb7e6ff34ecec57844fd74aadd033,2024-11,Sussex Police,Sussex Police,0.168333,51.048114,On or near Wolfe Close,E01021151,Wealden 006A,Burglary,Investigation complete; no suspect identified,
5034c48d2aa88026dc4cd37b9599efaab962fd3ec0263e47ce075253fdf5a9ca,2024-11,Sussex Police,Sussex Police,0.168333,51.048114,On or near Wolfe Close,E01021151,Wealden 006A,Criminal damage and arson,Investigation complete; no suspect identified,
b13c89c8fcc105f09c9188068f86d71efe87f7007f28bba5118ae18485e5d436,2024-11,Sussex Police,Sussex Police,0.169148,51.040211,On or near Alderbrook Close,E01021152,Wealden 006B,Vehicle crime,Investigation complete; no suspect identified,
4c7a5a125a07b3fbe209495e9d787ea263ebec5eadff0d0eadebaeced6c7d695,2024-11,Sussex Police,Sussex Police,0.172862,51.040304,On or near Grebe Court,E01021152,Wealden 006B,Violence and sexual offences,Unable to prosecute suspect,
3d1ae17bcb421e0817bae470a60c45db1d7039b2d1837fb2726e71c77ef8763c,2024-11,Sussex Police,Sussex Police,0.167870,51.041854,On or near Aldervale Cottages,E01021152,Wealden 006B,Violence and sexual offences,Unable to prosecute suspect,
cec3d2d73822f5cc694dac9e675990a0bfc4dd8e911846b4777c309862d15a0a,2024-11,Sussex Police,Sussex Police,0.164941,51.047871,On or near Wickens Close,E01021153,Wealden 006C,Burglary,Investigation complete; no suspect identified,
0b69898a782f6d9deb0f154624aa042aa0a42d3b68b5ca5aa57911678ade9d30,2024-11,Sussex Police,Sussex Police,0.166745,51.052298,On or near Hydehurst Close,E01021153,Wealden 006C,Other crime,Investigation complete; no suspect identified,
8c43e5f13a54b550dbcff2efc7a9a24053bdad4e572c7a57739261b02eee79f4,2024-11,Sussex Police,Sussex Police,0.180780,51.053998,On or near Hillrise,E01021154,Wealden 006D,Violence and sexual offences,Unable to prosecute suspect,
8c68a0555182368cc66df44025e7fde5053d455586dbd135b0a1faf2eaf99682,2024-11,Sussex Police,Sussex Police,0.189612,51.050343,On or near Brook Close,E01021154,Wealden 006D,Violence and sexual offences,Unable to prosecute suspect,
b5ccb6a364f3316861c4d1c0cb9c74cce1f218abcdf3d1e822f9fee40e1589b8,2024-11,Sussex Police,Sussex Police,0.185568,51.049304,On or near Rodwell,E01021154,Wealden 006D,Violence and sexual offences,Unable to prosecute suspect,
0712ef91d94184c951fcb7db0b5a616b36929433f9fd2b7ec2175512533ae9af,2024-11,Sussex Police,Sussex Police,0.191973,51.048986,On or near Forest Dene,E01021154,Wealden 006D,Violence and sexual offences,Unable to prosecute suspect,
acc6e526b31b76f75fa651cb30a2262455b8335c3596e80e5dbb3a944b95df6f,2024-11,Sussex Police,Sussex Police,0.191973,51.048986,On or near Forest Dene,E01021154,Wealden 006D,Violence and sexual offences,Unable to prosecute suspect,
4501973f1f6d0be7b2cfc9d54b7b08680bfa91c5743d959c8393e9ed04e9e38f,2024-11,Sussex Police,Sussex Police,0.189612,51.050343,On or near Brook Close,E01021154,Wealden 006D,Other crime,Status update unavailable,
,2024-11,Sussex Police,Sussex Police,0.189243,51.047670,On or near Parking Area,E01021155,Wealden 006E,Anti-social behaviour,,
,2024-11,Sussex Police,Sussex Police,0.186507,51.047730,On or near Windsor Place,E01021155,Wealden 006E,Anti-social behaviour,,
e0c5fa8ff4c0575331f0d9ccbca4b6a986571b18ef312e7e9b0c19824d70e43f,2024-11,Sussex Police,Sussex Police,0.187292,51.047446,On or near Victoria Road,E01021155,Wealden 006E,Burglary,Investigation complete; no suspect identified,
181b9ba1491b18c49f0ad8523aa7e4a22f51761b39199b47f66f937260941a15,2024-11,Sussex Police,Sussex Police,0.192018,51.045100,On or near Mottins Hill,E01021155,Wealden 006E,Shoplifting,Investigation complete; no suspect identified,
fb8719f52652ced881dec591eb35bb7245a9cbee19b450d959b7c9905f49c984,2024-11,Sussex Police,Sussex Police,0.192018,51.045100,On or near Mottins Hill,E01021155,Wealden 006E,Shoplifting,Investigation complete; no suspect identified,
6c637db432a1543a4a04cead1c00d7f21c7ff306f1abf7031b56d6d87ad8fc11,2024-11,Sussex Police,Sussex Police,0.187971,51.044897,On or near Knowle Close,E01021155,Wealden 006E,Vehicle crime,Investigation complete; no suspect identified,
,2024-11,Sussex Police,Sussex Police,0.000941,51.033743,On or near London Road,E01021163,Wealden 007A,Anti-social behaviour,,
a12482aa9c78720fcc022ceecb9e79eaf8fafe359741c396e9697e1cf1e3d14d,2024-11,Sussex Police,Sussex Police,0.000941,51.033743,On or near London Road,E01021163,Wealden 007A,Criminal damage and arson,Investigation complete; no suspect identified,
cb6d1bcd11f8e37f7e59cc8ea68904476e71aefdc719fc7f53abeb16d8e2da80,2024-11,Sussex Police,Sussex Police,0.011088,51.039477,On or near Coach And Horses Lane,E01021163,Wealden 007A,Other theft,Investigation complete; no suspect identified,
,2024-11,Sussex Police,Sussex Police,0.055240,51.028565,On or near The Orchard,E01021164,Wealden 007B,Anti-social behaviour,,
0f5280c3eeb7d5042002e2025f2bbfede59d5ab5ac1934568267fa57bb1fa6fe,2024-11,Sussex Police,Sussex Police,0.000428,51.027115,On or near Church Lane,E01021164,Wealden 007B,Other theft,Investigation complete; no suspect identified,
4382dc1414cb02399bb14eb89cf5b37990e83f69e5ad929aab1e36d3a87799c3,2024-11,Sussex Police,Sussex Police,0.035144,50.993698,On or near Parking Area,E01021164,Wealden 007B,Other theft,Investigation complete; no suspect identified,
f8970250546282713e33bb584fef53f1ae97a9c4750996363a9a0b6d0a8b2dd2,2024-11,Sussex Police,Sussex Police,0.035144,50.993698,On or near Parking Area,E01021164,Wealden 007B,Violence and sexual offences,Offender given a caution,
c3694ad3cb54f47a68b6b4ac79b92538fee72b75e556c871b1f627048478b006,2024-11,Sussex Police,Sussex Police,0.035144,50.993698,On or near Parking Area,E01021164,Wealden 007B,Violence and sexual offences,Offender given a caution,
bb1d37797aba16341eafac472d47bd44c7a21cfc6060e03459600f2cc7c94882,2024-11,Sussex Police,Sussex Police,0.035144,50.993698,On or near Parking Area,E01021164,Wealden 007B,Violence and sexual offences,Offender given a caution,
e0bc8f1eb5bdd35575acf94a02384272dbda73549b6dde1ff8148e73a386d27e,2024-11,Sussex Police,Sussex Police,0.107969,51.020178,On or near Oldlands Hill,E01021187,Wealden 007C,Violence and sexual offences,Unable to prosecute suspect,
5a115997a29dec41b1d5bfd5631608e837ec4c5aa44eabd6f0a754d51b3dbe73,2024-11,Sussex Police,Sussex Police,0.107969,51.020178,On or near Oldlands Hill,E01021187,Wealden 007C,Violence and sexual offences,Unable to prosecute suspect,
8dac7efe17b0da63beddd45edececd1575c026c17aadf73a97f05022c59bf85a,2024-11,Sussex Police,Sussex Police,0.086415,51.088556,On or near Brackenhill,E01021187,Wealden 007C,Other crime,Local resolution,
dd3beca10ee87f49526d199f2f50c3e0efd7dbd6a7293516aef1d42633f9ca0b,2024-11,Sussex Police,Sussex Police,0.170337,50.999394,On or near Five Chimneys Lane,E01021145,Wealden 008B,Burglary,Investigation complete; no suspect identified,
05e5248ee3fcba7fb4f12ede81c2a98aab767106a8b00bdd2a2e1fe11288612f,2024-11,Sussex Police,Sussex Police,0.132275,50.990526,On or near Queenstock Lane,E01021145,Wealden 008B,Criminal damage and arson,Investigation complete; no suspect identified,
135c80ccb8855a9151b9e2ab09ad3d7a6bdcf5d8f7c02617fc952d791593e75f,2024-11,Sussex Police,Sussex Police,0.136319,50.989220,On or near Gordon Road,E01021145,Wealden 008B,Vehicle crime,Investigation complete; no suspect identified,
355c1ab81669adc9e4c0e16f3219aa49ead72d4c87ac7cfb60790475b29bc8e8,2024-11,Sussex Police,Sussex Police,0.136319,50.989220,On or near Gordon Road,E01021145,Wealden 008B,Violence and sexual offences,Unable to prosecute suspect,
1cacd9991a885955c400aeb0615e50bf036678c5b4162733f37ee22ed74b5eb8,2024-11,Sussex Police,Sussex Police,0.136319,50.989220,On or near Gordon Road,E01021145,Wealden 008B,Violence and sexual offences,Unable to prosecute suspect,
42dff70bc271eb3c9524452aadd283327b11c075f88f004c2aea3b7ef579497f,2024-11,Sussex Police,Sussex Police,0.154539,50.994651,On or near Pound Green,E01021145,Wealden 008B,Violence and sexual offences,Unable to prosecute suspect,
57f4d5b22d167fafce5821c42310cc9d9d0df7dbe3f53294238ac1405951650b,2024-11,Sussex Police,Sussex Police,0.132275,50.990526,On or near Queenstock Lane,E01021145,Wealden 008B,Violence and sexual offences,Investigation complete; no suspect identified,
3747276201cb7fde13be232fa8eab8384b46cc4b0d1e18ccc00db85fbc71a720,2024-11,Sussex Police,Sussex Police,0.118354,50.953338,On or near Sports/Recreation Area,E01021170,Wealden 008C,Burglary,Investigation complete; no suspect identified,
f2293c76a591ef6216c760ad3d6fc682e488467d392320712ed05537cf8ce034,2024-11,Sussex Police,Sussex Police,0.166105,50.951060,On or near Bushbury Lane,E01021170,Wealden 008C,Criminal damage and arson,Investigation complete; no suspect identified,
8acbe54237b4fe3471d8856cd3b1753fbe48d7b9bafdba4e2ee7cca711998930,2024-11,Sussex Police,Sussex Police,0.124094,50.951166,On or near Park/Open Space,E01021170,Wealden 008C,Criminal damage and arson,Investigation complete; no suspect identified,
37bfdc40a049380a9f51ab91faca1ca970ae7a821295e9bf24994204cbb9de05,2024-11,Sussex Police,Sussex Police,0.171817,50.965461,On or near The Close,E01021170,Wealden 008C,Robbery,Investigation complete; no suspect identified,
a3b97edf3d559a0f2d5045e95b0d08009c487efeca893696a6781c5b4ccff99f,2024-11,Sussex Police,Sussex Police,0.133571,50.964098,On or near The Bungalows,E01021170,Wealden 008C,Violence and sexual offences,Unable to prosecute suspect,
00190f1ffc4c858c8a1baebf43f23e035d75d1741102b39ae3431a1aa8231dc6,2024-11,Sussex Police,Sussex Police,0.134263,50.965839,On or near Gatehouse Lane,E01021170,Wealden 008C,Violence and sexual offences,Action to be taken by another organisation,
794fc2bd59e2914428d72f224e20423b926723edb6073f1412165c6ecbc53b0a,2024-11,Sussex Police,Sussex Police,0.215417,51.046025,On or near Church Road,E01021217,Wealden 008D,Criminal damage and arson,Investigation complete; no suspect identified,
be77f60ca9864eb43d104057eb200650c349f1998749bd677059828614fd2ff1,2024-11,Sussex Police,Sussex Police,0.217536,51.044690,On or near Court Meadow,E01021217,Wealden 008D,Vehicle crime,Investigation complete; no suspect identified,
4023cdf471f9d799886e01e2b5ed59c47bfa1292fff19db1646a3ff6efedb031,2024-11,Sussex Police,Sussex Police,0.205483,51.020995,On or near Dewlands Hill,E01021217,Wealden 008D,Other crime,Unable to prosecute suspect,
e180fd928d72000dc30202d940447c522c9d1d70a32f16a2f7ca5c577fc66574,2024-11,Sussex Police,Sussex Police,0.090210,50.968983,On or near Bell Lane,E01021219,Wealden 009A,Other theft,Investigation complete; no suspect identified,
a9fe785646a0f04d00067159894145fc5b815a98f1df47e35b03acb053087e9f,2024-11,Sussex Police,Sussex Police,0.090210,50.968983,On or near Bell Lane,E01021219,Wealden 009A,Other theft,Investigation complete; no suspect identified,
f225ac5fcf9b49c45078bf6bf6a705a9c358d5cef008083fcfcd327cf71b045f,2024-11,Sussex Police,Sussex Police,0.090210,50.968983,On or near Bell Lane,E01021219,Wealden 009A,Other theft,Investigation complete; no suspect identified,
3603b8cc43267f612af174f195b31dc5eca58b18756b79ba3bb8657a13a05513,2024-11,Sussex Police,Sussex Police,0.090210,50.968983,On or near Bell Lane,E01021219,Wealden 009A,Public order,Investigation complete; no suspect identified,
18193004d6fca846920409765b55a2b95a62f571c99506353502ee60a1630fbb,2024-11,Sussex Police,Sussex Police,0.083570,50.970819,On or near Wilson Grove,E01021219,Wealden 009A,Violence and sexual offences,Local resolution,
,2024-11,Sussex Police,Sussex Police,0.094435,50.970760,On or near Supermarket,E01021220,Wealden 009B,Anti-social behaviour,,
,2024-11,Sussex Police,Sussex Police,0.094435,50.970760,On or near Supermarket,E01021220,Wealden 009B,Anti-social behaviour,,
,2024-11,Sussex Police,Sussex Police,0.096230,50.972338,On or near Library Way,E01021220,Wealden 009B,Anti-social behaviour,,
1d320531ae5f052f4503d2137dcecf4e16d513f39e8e46082bb785eb104a604b,2024-11,Sussex Police,Sussex Police,0.094435,50.970760,On or near Supermarket,E01021220,Wealden 009B,Criminal damage and arson,Investigation complete; no suspect identified,
7020943b1522850d847ca4c2f65d05248930e115c10a060312aa64bdf03c7a87,2024-11,Sussex Police,Sussex Police,0.096230,50.972338,On or near Library Way,E01021220,Wealden 009B,Criminal damage and arson,Unable to prosecute suspect,
813b3f706dabb47f913ebc77b140cc0d1d88c4a6bce7228e149d3a5040302ae3,2024-11,Sussex Police,Sussex Police,0.094435,50.970760,On or near Supermarket,E01021220,Wealden 009B,Criminal damage and arson,Investigation complete; no suspect identified,
a5a84c1a0e82043d47fefa8ae1197eb00b379389b7b4d2cc753afddb8a032788,2024-11,Sussex Police,Sussex Police,0.095288,50.970097,On or near Bell Farm Lane,E01021220,Wealden 009B,Public order,Unable to prosecute suspect,
7001e88f6c8b26f50e2c919ca8503384fe327e31e8b8ac67317c98a836eed034,2024-11,Sussex Police,Sussex Police,0.098098,50.971755,On or near Hempstead Rise,E01021220,Wealden 009B,Public order,Unable to prosecute suspect,
ff0e047f390f25cf84e39d3904d0cd78e76c83f72519ed08cfe143299afda906,2024-11,Sussex Police,Sussex Police,0.094435,50.970760,On or near Supermarket,E01021220,Wealden 009B,Public order,Court result unavailable,
58f405a4d9dbf6f30418b4ec5cd8029b7fec75a50dfc5358cb110fd3b42ef465,2024-11,Sussex Police,Sussex Police,0.096110,50.969992,On or near High Street,E01021220,Wealden 009B,Public order,Unable to prosecute suspect,
46a1ee0ea9d6e3e9504f48894926a7067dbf7e4d01574a470c88814121759acd,2024-11,Sussex Police,Sussex Police,0.096230,50.972338,On or near Library Way,E01021220,Wealden 009B,Public order,Investigation complete; no suspect identified,
3a531c19e58ffa23198a3785e15ffbb8d0212954bb5100cd2e21825793f518aa,2024-11,Sussex Police,Sussex Police,0.094435,50.970760,On or near Supermarket,E01021220,Wealden 009B,Public order,Unable to prosecute suspect,
81aaab2d902cf698dcec8cf5a43bcfc6751dae7918a0360d36f9e2497fee6601,2024-11,Sussex Police,Sussex Police,0.095288,50.970097,On or near Bell Farm Lane,E01021220,Wealden 009B,Robbery,Unable to prosecute suspect,
92d8db2a97d7893bca1abf5ba9572d29f8dbe879851ad4ae87dbd9edf49f0080,2024-11,Sussex Police,Sussex Police,0.094435,50.970760,On or near Supermarket,E01021220,Wealden 009B,Shoplifting,Court result unavailable,
a52d067778e76c22abe6fb5b621bea0aa31dad6fb21a7c6ead7d97877cdf4ab4,2024-11,Sussex Police,Sussex Police,0.094435,50.970760,On or near Supermarket,E01021220,Wealden 009B,Shoplifting,Investigation complete; no suspect identified,
aaaf0b2dd97b9743cf588e8dcc5463a4cb4b89e9e414a0af4ecd3b28f4605a7d,2024-11,Sussex Police,Sussex Police,0.096110,50.969992,On or near High Street,E01021220,Wealden 009B,Theft from the person,Unable to prosecute suspect,
6e5e7b8ee9b752c8b038981e3e6480e32c5496d9729e111565562c8bc5e6e570,2024-11,Sussex Police,Sussex Police,0.096110,50.969992,On or near High Street,E01021220,Wealden 009B,Theft from the person,Investigation complete; no suspect identified,
89073a0801691f04021cf07642d19f065a4a144d2eed856f3b4c16f416bd8bb7,2024-11,Sussex Police,Sussex Police,0.096230,50.972338,On or near Library Way,E01021220,Wealden 009B,Violence and sexual offences,Unable to prosecute suspect,
7749ebcc1a131a970cfd8f9afa0582197105d9274009b260ab69dca9170c44a2,2024-11,Sussex Police,Sussex Police,0.096230,50.972338,On or near Library Way,E01021220,Wealden 009B,Violence and sexual offences,Unable to prosecute suspect,
c582a2d1ee03f6425eaa73a1fe4bfc62fe51bbb70e00324e88d11d048f30e44b,2024-11,Sussex Police,Sussex Police,0.098098,50.971755,On or near Hempstead Rise,E01021220,Wealden 009B,Violence and sexual offences,Unable to prosecute suspect,
6fa1c360b63ea3ce01746fe186c0717de87392d31ef193174481a64d3bb7be26,2024-11,Sussex Police,Sussex Police,0.096293,50.969826,On or near Supermarket,E01021220,Wealden 009B,Violence and sexual offences,Investigation complete; no suspect identified,
af65497f73986d1e19c451b9b86692cadd67590a26618d104a6889ae439c98e6,2024-11,Sussex Police,Sussex Police,0.094435,50.970760,On or near Supermarket,E01021220,Wealden 009B,Violence and sexual offences,Unable to prosecute suspect,
,2024-11,Sussex Police,Sussex Police,0.101095,50.972205,On or near Eaton Close,E01021223,Wealden 009C,Anti-social behaviour,,
616ebc01ae78941c351b9c7a2b9f9193e1740bb4dcfbfd8bb25c047eb92b74e6,2024-11,Sussex Police,Sussex Police,0.103161,50.975990,On or near Oak Tree Court,E01021223,Wealden 009C,Public order,Unable to prosecute suspect,
724eda98633472e53caf3a53db99e1cdeaebd4cfe8c91901078ad14e3bd88814,2024-11,Sussex Police,Sussex Police,0.107231,50.972436,On or near Ironstone Way,E01021223,Wealden 009C,Violence and sexual offences,Unable to prosecute suspect,
,2024-11,Sussex Police,Sussex Police,0.096495,50.976335,On or near Manor Close,E01021224,Wealden 009D,Anti-social behaviour,,
,2024-11,Sussex Police,Sussex Police,0.096495,50.976335,On or near Manor Close,E01021224,Wealden 009D,Anti-social behaviour,,
,2024-11,Sussex Police,Sussex Police,0.096672,50.978985,On or near Stoneway Court,E01021224,Wealden 009D,Anti-social behaviour,,
,2024-11,Sussex Police,Sussex Police,0.096495,50.976335,On or near Manor Close,E01021224,Wealden 009D,Anti-social behaviour,,
,2024-11,Sussex Police,Sussex Police,0.095951,50.979762,On or near Campbell Close,E01021224,Wealden 009D,Anti-social behaviour,,
6fddb9a3e0013d4d8ead177029856a3e0fb22ecc1ca8232234ab7cdcd8520331,2024-11,Sussex Police,Sussex Police,0.096672,50.978985,On or near Stoneway Court,E01021224,Wealden 009D,Public order,Investigation complete; no suspect identified,
50c40b2718954559b2e51d7737518524512758f156bb1f69b5161519cb2afff8,2024-11,Sussex Police,Sussex Police,0.098635,50.979237,On or near Uplands Close,E01021224,Wealden 009D,Violence and sexual offences,Investigation complete; no suspect identified,
cdd111678f57a6f64da52d5af3c2e5b36e4aca9233932ba19f951509e099a34c,2024-11,Sussex Police,Sussex Police,0.101664,50.978490,On or near Queens Approach,E01021225,Wealden 009E,Criminal damage and arson,Investigation complete; no suspect identified,
4b8b07c96713f922b010c6c4c01cf32fc7060c77be948d6542f30a9100acd641,2024-11,Sussex Police,Sussex Police,0.096921,50.989889,On or near London Road,E01021225,Wealden 009E,Violence and sexual offences,Local resolution,
f69bfef75932544258dabfaee123a41ef9086776c53aaefa1e437301c8bd4fb1,2024-11,Sussex Police,Sussex Police,0.096921,50.989889,On or near London Road,E01021225,Wealden 009E,Violence and sexual offences,Local resolution,
717284430caff8b82ce92f93ac6d645148191f700c5ba67230c9ddb9807d48bf,2024-11,Sussex Police,Sussex Police,0.107174,50.977168,On or near Streele View,E01021226,Wealden 009F,Violence and sexual offences,Unable to prosecute suspect,
,2024-11,Sussex Police,Sussex Police,0.243057,50.972245,On or near Centenary Drive,E01021150,Wealden 010A,Anti-social behaviour,,
38c001562afb3c4eb94c01d086985de3e0c027e5b7958e966383468455c93a19,2024-11,Sussex Police,Sussex Police,0.224037,50.974006,On or near Petrol Station,E01021150,Wealden 010A,Criminal damage and arson,Investigation complete; no suspect identified,
c49260c1b79f354898a1462642502e1d8f68c560b3a6adb3a14c748c791916a5,2024-11,Sussex Police,Sussex Police,0.240416,50.968581,On or near Sheepsetting Lane,E01021150,Wealden 010A,Other theft,Investigation complete; no suspect identified,
52f36877eafc09b75d9ae678282acb54175e4efd19bc16e3a8cf09ee2f30f6c7,2024-11,Sussex Police,Sussex Police,0.224037,50.974006,On or near Petrol Station,E01021150,Wealden 010A,Other theft,Investigation complete; no suspect identified,
28ec7e5507d0b9d2e24c6b33a5add1a2149bcc308268db0429a82d6b50bf0bd6,2024-11,Sussex Police,Sussex Police,0.222212,50.962894,On or near Back Lane,E01021150,Wealden 010A,Violence and sexual offences,Unable to prosecute suspect,
f4c124d49cb63a266bb2310a0975e574fc98e139ff4a52c23bf09da2cdf1987a,2024-11,Sussex Police,Sussex Police,0.260135,50.971349,On or near Beeches Close,E01021191,Wealden 010B,Criminal damage and arson,Investigation complete; no suspect identified,
7ea84edec95d44e953026db43a04af241c51a3f3b8f2013ad99740691397bd7c,2024-11,Sussex Police,Sussex Police,0.249745,50.972404,On or near Cherwell Road,E01021191,Wealden 010B,Criminal damage and arson,Status update unavailable,
fe3ca4010826767ddd502946a5d3ce912c6013f98afda74e56cffdfe5829fe5e,2024-11,Sussex Police,Sussex Police,0.251319,50.972841,On or near Firwood Close,E01021191,Wealden 010B,Criminal damage and arson,Investigation complete; no suspect identified,
f8740989a9d282ab00a503cb834619109aaa36a4ff1cca74d588d6e37b8bf668,2024-11,Sussex Police,Sussex Police,0.253119,50.971197,On or near Elliots Way,E01021191,Wealden 010B,Public order,Investigation complete; no suspect identified,
dae36825a71cef48e6a2faa1f8f56d98eb4ca2da5af0aafb67b84050de315851,2024-11,Sussex Police,Sussex Police,0.248278,50.970633,On or near High Street,E01021191,Wealden 010B,Shoplifting,Investigation complete; no suspect identified,
eeaab0f0682355857ae7121d5020927d9b0450526247d6b9c346d6d9bd42cedf,2024-11,Sussex Police,Sussex Police,0.248278,50.970633,On or near High Street,E01021191,Wealden 010B,Shoplifting,Investigation complete; no suspect identified,
e1dd146bdda440e7fdf27bff2cf89db463ce4dede9100fa127ce4b15a08606ff,2024-11,Sussex Police,Sussex Police,0.249745,50.972404,On or near Cherwell Road,E01021191,Wealden 010B,Violence and sexual offences,Unable to prosecute suspect,
c7508d2822a1716de4eb0ac5e83a3245ffb922f71b1fa718800e9710754b3ccb,2024-11,Sussex Police,Sussex Police,0.250820,50.973426,On or near Springwood Road,E01021191,Wealden 010B,Violence and sexual offences,Unable to prosecute suspect,
b4ae67b5effd8b762937560bd40ffe3219815b76b7c31efd9c1359d9fd1e6061,2024-11,Sussex Police,Sussex Police,0.250820,50.973426,On or near Springwood Road,E01021191,Wealden 010B,Violence and sexual offences,Unable to prosecute suspect,
cd97e2c9b07d74134c7f4ac45786cd7d6a617aaac0a3c631054a2397e5b9945d,2024-11,Sussex Police,Sussex Police,0.249745,50.972404,On or near Cherwell Road,E01021191,Wealden 010B,Violence and sexual offences,Unable to prosecute suspect,
1cb951b5477570588992c00884ce9d21b45d6c858f64a6d22b7395f9fb3ca769,2024-11,Sussex Police,Sussex Police,0.252792,50.961184,On or near Old Ghyll Road,E01021192,Wealden 010C,Vehicle crime,Investigation complete; no suspect identified,
c6cefda25f4f2c9c2652c53da264e03a58730723f0369c60e1388080711455aa,2024-11,Sussex Police,Sussex Police,0.252792,50.961184,On or near Old Ghyll Road,E01021192,Wealden 010C,Vehicle crime,Status update unavailable,
47765cb7d76ae04103beaaf1427818f13f3f6fa6fb74448fd2bb663c3cce9d5e,2024-11,Sussex Police,Sussex Police,0.254849,50.966918,On or near Ash Tree Close,E01021192,Wealden 010C,Violence and sexual offences,Investigation complete; no suspect identified,
ed1c3a008bb16291130991a0466657a4505697c2633d6288af5995619e0a889a,2024-11,Sussex Police,Sussex Police,0.259773,50.961247,On or near Mulberry Way,E01021192,Wealden 010C,Violence and sexual offences,Unable to prosecute suspect,
81f4222377450515fd4745605061812a474e5bb64682b43c4a83187688e191ed,2024-11,Sussex Police,Sussex Police,0.253725,50.959880,On or near Mill Gardens,E01021192,Wealden 010C,Violence and sexual offences,Unable to prosecute suspect,
,2024-11,Sussex Police,Sussex Police,0.249909,50.965781,On or near Leeves Way,E01021193,Wealden 010D,Anti-social behaviour,,
1021b1628f95bf0511b571d4c91b341040102e1e6e13d9912893c8e71dc12642,2024-11,Sussex Police,Sussex Police,0.252909,50.963016,On or near Meadow Way,E01021193,Wealden 010D,Burglary,Investigation complete; no suspect identified,
686deaf9de7db93e7dfa56376189a2a0983d5a010477a5d0249a814ba252e86b,2024-11,Sussex Police,Sussex Police,0.250096,50.959626,On or near Treetops Way,E01021193,Wealden 010D,Other theft,Investigation complete; no suspect identified,
810c1a1f816568016148d840eb636c0567b346a683bf0e8d0e271778eebe121d,2024-11,Sussex Police,Sussex Police,0.249609,50.967235,On or near Waldron Thorns,E01021193,Wealden 010D,Violence and sexual offences,Action to be taken by another organisation,
,2024-11,Sussex Police,Sussex Police,0.260488,50.964830,On or near Woodland Mews,E01021194,Wealden 010E,Anti-social behaviour,,
,2024-11,Sussex Police,Sussex Police,0.259589,50.964209,On or near Woodland Way,E01021194,Wealden 010E,Anti-social behaviour,,
c54da9ac55c9761cd89f413b75cd6ce794d685cbb70aed36ca896d454d8985a0,2024-11,Sussex Police,Sussex Police,0.259136,50.965153,On or near Sycamore Close,E01021194,Wealden 010E,Other theft,Investigation complete; no suspect identified,
6190958d0ce5f44d72f31599201b98bb789e4ab70fa253ee075cd5af63792422,2024-11,Sussex Police,Sussex Police,0.261805,50.959984,On or near Aspen Walk,E01021194,Wealden 010E,Public order,Investigation complete; no suspect identified,
a4690008bb274cd3bfa4f4c6cf437a6c811321c7d981216824ce55ca3a9e877b,2024-11,Sussex Police,Sussex Police,0.255589,50.965123,On or near Hailsham Road,E01021194,Wealden 010E,Vehicle crime,Investigation complete; no suspect identified,
6f7b1ef31bee39a38ab79eb9953df9330ce6d1d42443f21948d71b497c863a6f,2024-11,Sussex Police,Sussex Police,0.262086,50.962848,On or near Walnut Close,E01021194,Wealden 010E,Violence and sexual offences,Unable to prosecute suspect,
30d66e4f4a57f58dfc7dcd79e48d83e42a983c9111f94d9ec8f2d489b3c15b6c,2024-11,Sussex Police,Sussex Police,0.256297,50.968878,On or near Collingwood Avenue,E01021194,Wealden 010E,Violence and sexual offences,Unable to prosecute suspect,
94c000945047a8ba55d834247ec3710c4dc9dcdee73baa36e93ee418c2ff1132,2024-11,Sussex Police,Sussex Police,0.207818,50.973204,On or near Park/Open Space,E01021149,Wealden 011A,Criminal damage and arson,Action to be taken by another organisation,
256cf0f606ecd22a928b20fad1ad141a85ac1382e2a04d96fc2f783420b768d3,2024-11,Sussex Police,Sussex Police,0.181272,50.978200,On or near Riverside,E01021149,Wealden 011A,Other theft,Investigation complete; no suspect identified,
5a778c323fe4968c4a3a5df93b2d291eae9810ca6699ed1a1c0b6e27b1d9d4ec,2024-11,Sussex Police,Sussex Police,0.214588,50.998717,On or near Spring Lane,E01021149,Wealden 011A,Vehicle crime,Court result unavailable,
73e3e375c8c7960bfe5f764619b6f269b9f7191104e90824bc1c006265ab5f54,2024-11,Sussex Police,Sussex Police,0.195003,50.974510,On or near Park/Open Space,E01021149,Wealden 011A,Vehicle crime,Investigation complete; no suspect identified,
1a178067f27ea711346e691a1f4666b72fa13ba792e4bb992cfa5c02e361e50f,2024-11,Sussex Police,Sussex Police,0.229989,50.994727,On or near Meres Lane,E01021149,Wealden 011A,Vehicle crime,Investigation complete; no suspect identified,
3254c6406a39f7ce9b6f55a7b026623f1a3bf02e49232f746fd9dee3cbebe746,2024-11,Sussex Police,Sussex Police,0.207818,50.973204,On or near Park/Open Space,E01021149,Wealden 011A,Violence and sexual offences,Action to be taken by another organisation,
42a9540df5813fb2db9c2937ede799e0257d2914664c019dfb4cb68e56825e43,2024-11,Sussex Police,Sussex Police,0.207818,50.973204,On or near Park/Open Space,E01021149,Wealden 011A,Violence and sexual offences,Action to be taken by another organisation,
,2024-11,Sussex Police,Sussex Police,0.307538,50.961257,On or near Pont Close,E01021189,Wealden 011B,Anti-social behaviour,,
e99a6f764d14587ce2ff5896cbea2920640aa39881f752cdaa2b22b84a6a42cb,2024-11,Sussex Police,Sussex Police,0.276664,50.967097,On or near School Hill,E01021189,Wealden 011B,Burglary,Investigation complete; no suspect identified,
6913d35ce47bd2c2b14dab82e5bc399a6fdd5c3d18e718830b2eafa15b08ced7,2024-11,Sussex Police,Sussex Police,0.276664,50.967097,On or near School Hill,E01021189,Wealden 011B,Violence and sexual offences,Further action is not in the public interest,
70c433575a51883aff79d7128db7950cb006ca20d0942176f833004072488f13,2024-11,Sussex Police,Sussex Police,0.276664,50.967097,On or near School Hill,E01021189,Wealden 011B,Violence and sexual offences,Investigation complete; no suspect identified,
4ad1e66a08a53542d4e94370e281bea3e26a6812b0e19cd3c61cc351a84733da,2024-11,Sussex Police,Sussex Police,0.279376,50.976515,On or near Uplands Park,E01021190,Wealden 011C,Burglary,Investigation complete; no suspect identified,
99c71d984190c52a7bb8bf834aecb8a3478b4236b90274403cc9563a2994b31b,2024-11,Sussex Police,Sussex Police,0.287361,50.980154,On or near Scotsford Road,E01021190,Wealden 011C,Burglary,Investigation complete; no suspect identified,
5891b73cfc532f4035c7a54a8d1c91f17d3837d5ea8c232aee8a09b9d0d0aa69,2024-11,Sussex Police,Sussex Police,0.283236,50.978535,On or near Broad View,E01021190,Wealden 011C,Vehicle crime,Investigation complete; no suspect identified,
02cd810d99c129f153df317475cd118c41562d420162f56f639a22877a9abdda,2024-11,Sussex Police,Sussex Police,0.284957,50.979365,On or near Bracken Way,E01021190,Wealden 011C,Vehicle crime,Investigation complete; no suspect identified,
65f65df7708aa515501f3defeaab4d310189b995f79d9ae03934ab33f46477f2,2024-11,Sussex Police,Sussex Police,0.287361,50.980154,On or near Scotsford Road,E01021190,Wealden 011C,Vehicle crime,Investigation complete; no suspect identified,
2755417ecc441a8c8470135fd29968d8a17445688e208f52402d6d7fb263359c,2024-11,Sussex Police,Sussex Police,0.285799,50.979375,On or near Gorse Hill,E01021190,Wealden 011C,Vehicle crime,Investigation complete; no suspect identified,
893f65734dcd2cb525abfb7789bb190ebf1c8639e7d0ca356cdef992a5b59e02,2024-11,Sussex Police,Sussex Police,0.282101,50.979223,On or near Street End Lane,E01021190,Wealden 011C,Vehicle crime,Investigation complete; no suspect identified,
16493414ce059205fee767a3604b55842071f95a35e91bf617ad74e63f9e1716,2024-11,Sussex Police,Sussex Police,0.279376,50.976515,On or near Uplands Park,E01021190,Wealden 011C,Violence and sexual offences,Unable to prosecute suspect,
,2024-11,Sussex Police,Sussex Police,0.233693,50.924038,On or near Chiddingly Road,E01021200,Wealden 011D,Anti-social behaviour,,
,2024-11,Sussex Police,Sussex Police,0.241840,50.933073,On or near Merrydown Way,E01021200,Wealden 011D,Anti-social behaviour,,
,2024-11,Sussex Police,Sussex Police,0.242467,50.931020,On or near Grange Close,E01021200,Wealden 011D,Anti-social behaviour,,
d4e65aaa0a5a8284ff6062c83def41d527b14ae1bd3c308d326d522e88ce0ca3,2024-11,Sussex Police,Sussex Police,0.233693,50.924038,On or near Chiddingly Road,E01021200,Wealden 011D,Public order,Investigation complete; no suspect identified,
d45d904d45caa3b0b1bc99dacc0c73f16c7faf799fe78ee46c8bc5e83556717e,2024-11,Sussex Police,Sussex Police,0.235586,50.925522,On or near Chiddingly Road,E01021200,Wealden 011D,Vehicle crime,Investigation complete; no suspect identified,
a7a613f4fea641e93b44c91eee79b36d8f43aaefb0b75a155bb8c7aa9e556507,2024-11,Sussex Police,Sussex Police,0.245129,50.932210,On or near Toll Wood Road,E01021200,Wealden 011D,Violence and sexual offences,Investigation complete; no suspect identified,
0214ecc58d1721f005bddb896fda08e7dda0ae680dfe6101423428b14abf419b,2024-11,Sussex Police,Sussex Police,0.242403,50.933836,On or near Bramley Avenue,E01021200,Wealden 011D,Violence and sexual offences,Investigation complete; no suspect identified,
34477f770f5dfb41a744d34dce00c9a58ead46f41c971cce00298cc2fe954fc9,2024-11,Sussex Police,Sussex Police,0.241476,50.932613,On or near Russet Grove,E01021200,Wealden 011D,Violence and sexual offences,Investigation complete; no suspect identified,
cdc005eda70abbc3c2578a7ca6c089bf1b8aa4d54726a767b319f58d99053f0a,2024-11,Sussex Police,Sussex Police,0.244590,50.932832,On or near Highfield Road,E01021200,Wealden 011D,Violence and sexual offences,Investigation complete; no suspect identified,
,2024-11,Sussex Police,Sussex Police,0.251377,50.930740,On or near Chamomile Close,E01021201,Wealden 011E,Anti-social behaviour,,
9208837f2347ce50226677dd883efdc750ff85519ba0c26e5aeab97f51cb832f,2024-11,Sussex Police,Sussex Police,0.248066,50.938849,On or near Sports/Recreation Area,E01021201,Wealden 011E,Criminal damage and arson,Investigation complete; no suspect identified,
72c3b4457fd9b2b972c43b621e0b37ef10f827ab15f0c19452148da265e525cc,2024-11,Sussex Police,Sussex Police,0.255358,50.929188,On or near Horebeech Lane,E01021201,Wealden 011E,Other theft,Unable to prosecute suspect,
daab7868eeee5824a76e381c656bf1e86e011549aa0a45516d431e225aefb035,2024-11,Sussex Police,Sussex Police,0.252260,50.930759,On or near Cornflower Avenue,E01021201,Wealden 011E,Violence and sexual offences,Unable to prosecute suspect,
df7f1be7f719d2c377a56ec0365de69e2d144c492698f161d93b1128dc949612,2024-11,Sussex Police,Sussex Police,0.248066,50.938849,On or near Sports/Recreation Area,E01021201,Wealden 011E,Violence and sexual offences,Investigation complete; no suspect identified,
e2d394b32f1ab9b11598777ef127089038da47aba37e8a7a39e613a394993d80,2024-11,Sussex Police,Sussex Police,0.248066,50.938849,On or near Sports/Recreation Area,E01021201,Wealden 011E,Violence and sexual offences,Unable to prosecute suspect,
c4eb4b783e108449666355d73b38402aa6ad4e12ac9409d42441d939eba695c1,2024-11,Sussex Police,Sussex Police,0.252260,50.930759,On or near Cornflower Avenue,E01021201,Wealden 011E,Violence and sexual offences,Unable to prosecute suspect,
ec60e4f094bb52a12b0afde97d681a27e7fb9ae8096ca9b4d2ae8b80d25411c6,2024-11,Sussex Police,Sussex Police,0.251377,50.930740,On or near Chamomile Close,E01021201,Wealden 011E,Violence and sexual offences,Unable to prosecute suspect,
fd6b453e951b82ceeddb07d4ad7c1daa793142c40a460e16fdeed944b6d7e01d,2024-11,Sussex Police,Sussex Police,0.248066,50.938849,On or near Sports/Recreation Area,E01021201,Wealden 011E,Violence and sexual offences,Action to be taken by another organisation,
038f09bfd333e9163c085b87691bc4108061ede83dd16600d0d069629698408b,2024-11,Sussex Police,Sussex Police,0.097458,50.963871,On or near Longbury,E01021221,Wealden 012A,Criminal damage and arson,Unable to prosecute suspect,
8bdedb792ff767306e75da173ca43664563234ed4fd40b1c7c65f58cb838d369,2024-11,Sussex Police,Sussex Police,0.096185,50.966906,On or near Police Station,E01021221,Wealden 012A,Other theft,Investigation complete; no suspect identified,
cdbedbe24cc2848243adfed0d0421604f082933d404294d256d2a6a5dd757a54,2024-11,Sussex Police,Sussex Police,0.096185,50.966906,On or near Police Station,E01021221,Wealden 012A,Possession of weapons,Unable to prosecute suspect,
e62af07e2673a2ccf15b0e2d0dd810a1da61c06bb4ffcdfee92a7b8e70b8513f,2024-11,Sussex Police,Sussex Police,0.103274,50.967768,On or near Keld Drive,E01021222,Wealden 012B,Violence and sexual offences,Unable to prosecute suspect,
efe0a218028d60253ba76cfb8335e16377c83510a5fb1da746b2d2a4f1a6cc4c,2024-11,Sussex Police,Sussex Police,0.097053,50.968797,On or near Uckfield,E01021222,Wealden 012B,Violence and sexual offences,Status update unavailable,
,2024-11,Sussex Police,Sussex Police,0.103979,50.955965,On or near New Road,E01021227,Wealden 012C,Anti-social behaviour,,
74f0b68881c7fca200575966774a620efa817e0e98ff755e6243366f6c353578,2024-11,Sussex Police,Sussex Police,0.105195,50.958281,On or near Castle Way,E01021227,Wealden 012C,Burglary,Unable to prosecute suspect,
f915ace682fd3e4fadc8cff26abfdfdea6f28c05e0fa3bff4ad7f38a2c335ff6,2024-11,Sussex Police,Sussex Police,0.107102,50.958571,On or near Meadow Views,E01021227,Wealden 012C,Other theft,Investigation complete; no suspect identified,
1f37b63d9f80c3874d0fcfd803210dd21079523e2f47038aca70ad6293fee277,2024-11,Sussex Police,Sussex Police,0.095779,50.955681,On or near Trefoil Way,E01021227,Wealden 012C,Vehicle crime,Investigation complete; no suspect identified,
4ef96ee7a75f815484f26609248ed4400becb7c17c55b276a2bd0222d2b7be34,2024-11,Sussex Police,Sussex Police,0.095622,50.954721,On or near Meadow Grass Lane,E01021227,Wealden 012C,Vehicle crime,Investigation complete; no suspect identified,
58162c23a742ba16b040e14bb97026a4c8abc86cbbf812b0c8eef9d4ff943a98,2024-11,Sussex Police,Sussex Police,0.095622,50.954721,On or near Meadow Grass Lane,E01021227,Wealden 012C,Vehicle crime,Investigation complete; no suspect identified,
206812f545822a2a1afa87094c377839e0fa8dcfa25e03e664a000d5be4932d1,2024-11,Sussex Police,Sussex Police,0.095622,50.954721,On or near Meadow Grass Lane,E01021227,Wealden 012C,Vehicle crime,Investigation complete; no suspect identified,
51dd3cdc80d6cc5812884197a505c12700a7db40b25bc895ac14379955c34c9e,2024-11,Sussex Police,Sussex Police,0.095779,50.955681,On or near Trefoil Way,E01021227,Wealden 012C,Vehicle crime,Investigation complete; no suspect identified,
3f7e6bd7c4f8b09c6e2d3abc14abaffb6b00dfb6866259fdcf470643c2f62b9d,2024-11,Sussex Police,Sussex Police,0.098817,50.959574,On or near Sand Ridge,E01021227,Wealden 012C,Violence and sexual offences,Court result unavailable,
9d6f001223563a33acb45da1a12433ed2a0d4034cd5184c8e086e60f5f155a6f,2024-11,Sussex Police,Sussex Police,0.105195,50.958281,On or near Castle Way,E01021227,Wealden 012C,Violence and sexual offences,Unable to prosecute suspect,
097e5314d3cb348205114310dbf93a9570998ed1aeba66bda7a5e05279454048,2024-11,Sussex Police,Sussex Police,0.102665,50.956510,On or near Wares Field,E01021227,Wealden 012C,Violence and sexual offences,Unable to prosecute suspect,
4ea58158a839d91d990c81d7e4c099eaca27c808c11646ec6c2b5bf782023871,2024-11,Sussex Police,Sussex Police,0.103979,50.955965,On or near New Road,E01021227,Wealden 012C,Other crime,Investigation complete; no suspect identified,
ae1495cbf316efdd4af253801228fa44e33f388cf55fb661c392bd7018bf11c4,2024-11,Sussex Police,Sussex Police,0.095622,50.954721,On or near Meadow Grass Lane,E01021227,Wealden 012C,Other crime,Status update unavailable,
e9bb69dfdf1cad3e252bfe5bf1392e5d5679558c8dd44e776f221fb2b70ae8bb,2024-11,Sussex Police,Sussex Police,0.097640,50.961583,On or near New Barn Lane,E01021228,Wealden 012D,Robbery,Investigation complete; no suspect identified,
7966bf25a0425ed6d365d36464d4c87c6a39e614206a9b07feaff80bad98bf60,2024-11,Sussex Police,Sussex Police,0.097640,50.961583,On or near New Barn Lane,E01021228,Wealden 012D,Shoplifting,Investigation complete; no suspect identified,
46785d4809f75214ed785b1422dbedf9a43811c2590ceaed470f9c7c3e3d5076,2024-11,Sussex Police,Sussex Police,0.097640,50.961583,On or near New Barn Lane,E01021228,Wealden 012D,Shoplifting,Court result unavailable,
f94bd8e1e96413c713c29fc2ec9be69c1fd6e8a2cc7bf64756176f0cde961c03,2024-11,Sussex Police,Sussex Police,0.097640,50.961583,On or near New Barn Lane,E01021228,Wealden 012D,Violence and sexual offences,Unable to prosecute suspect,
4637cd1348ec43d0bc224f03ff18a3d2c1a33439fd8f078114a3a41d91162862,2024-11,Sussex Police,Sussex Police,0.107808,50.962218,On or near Osprey Drive,E01021228,Wealden 012D,Violence and sexual offences,Unable to prosecute suspect,
69753a67f4e387869cdac5fa16a73b5344e9e512b56f937f82f00bd282684e8b,2024-11,Sussex Police,Sussex Police,0.097640,50.961583,On or near New Barn Lane,E01021228,Wealden 012D,Violence and sexual offences,Status update unavailable,
88ac709958cdb43e438eb6ca1ca2b85be416695cf2898112791317856dec3b04,2024-11,Sussex Police,Sussex Police,0.097640,50.961583,On or near New Barn Lane,E01021228,Wealden 012D,Violence and sexual offences,Status update unavailable,
75a45fca7b39faaf100eed9bc3ae37c023d325774b3fb9fc3074dc14833960fa,2024-11,Sussex Police,Sussex Police,0.108376,50.999612,On or near Cobham Field,E01021146,Wealden 013A,Burglary,Unable to prosecute suspect,
3a6d18c4fa9e03b435b723930874438a4b3368b35700623befe154b14522f6f7,2024-11,Sussex Police,Sussex Police,0.082453,50.994888,On or near Field End,E01021146,Wealden 013A,Criminal damage and arson,Unable to prosecute suspect,
a75f3c611b2196dfe904eaae7af50df8964ed4d5cfa3c672fbf63881fdcaa211,2024-11,Sussex Police,Sussex Police,0.077099,50.995954,On or near Queens Drive,E01021146,Wealden 013A,Criminal damage and arson,Status update unavailable,
ef715ee162776deee30f7cba82a24711b30a94b563025c79630f1c9262321026,2024-11,Sussex Police,Sussex Police,0.076254,50.992966,On or near Michael Way,E01021146,Wealden 013A,Other theft,Investigation complete; no suspect identified,
6a1443bb0ef514368a0528862819b14d311004418fae976120f6e6f62788f550,2024-11,Sussex Police,Sussex Police,0.076254,50.992966,On or near Michael Way,E01021146,Wealden 013A,Public order,Investigation complete; no suspect identified,
e0022e8eb5bb388d9d959bc5232c770cece8607bc2bf128190e35b5a05de8b2b,2024-11,Sussex Police,Sussex Police,0.076254,50.992966,On or near Michael Way,E01021146,Wealden 013A,Shoplifting,Investigation complete; no suspect identified,
4e4a22267d40b628a2e13ac72984d63d85f1cf1ab0998e3c75356ad3a518b525,2024-11,Sussex Police,Sussex Police,0.077099,50.995954,On or near Queens Drive,E01021146,Wealden 013A,Vehicle crime,Investigation complete; no suspect identified,
ec7f9fbaa5f61510bead6b77b4f7697453c4c2dc04ad8afcc131dddeb839f86b,2024-11,Sussex Police,Sussex Police,0.077099,50.995954,On or near Queens Drive,E01021146,Wealden 013A,Vehicle crime,Investigation complete; no suspect identified,
3f82937bde2d2cb65b9d63f48e7558fa702f71e548cdcb0597ba921c9b4bed92,2024-11,Sussex Police,Sussex Police,0.082210,50.995504,On or near Maple Close,E01021146,Wealden 013A,Violence and sexual offences,Unable to prosecute suspect,
db02f6b3e2c3344f265c2ec9985fa4b655ccbea16173a652eaaaed2224eb1425,2024-11,Sussex Police,Sussex Police,0.078821,50.997156,On or near Forest Park,E01021146,Wealden 013A,Violence and sexual offences,Unable to prosecute suspect,
b908618707e944ab9a53a707d822c2e4770af6dbae391506b308f3946614b45c,2024-11,Sussex Police,Sussex Police,0.082210,50.995504,On or near Maple Close,E01021146,Wealden 013A,Violence and sexual offences,Unable to prosecute suspect,
03b060f37014778d348581fca5b889ce9c375526d09c7f25d75a42a0443164b2,2024-11,Sussex Police,Sussex Police,0.077099,50.995954,On or near Queens Drive,E01021146,Wealden 013A,Other crime,Investigation complete; no suspect identified,
,2024-11,Sussex Police,Sussex Police,0.177008,50.894899,On or near Holmes Hill,E01021147,Wealden 013B,Anti-social behaviour,,
,2024-11,Sussex Police,Sussex Police,0.137585,50.930235,On or near Old Heath Close,E01021147,Wealden 013B,Anti-social behaviour,,
79b46f45fcf63df275442a24a0c3870239aedba134bcc2274c4cc01e3c6cd353,2024-11,Sussex Police,Sussex Police,0.165478,50.893746,On or near Lewes Road,E01021147,Wealden 013B,Criminal damage and arson,Investigation complete; no suspect identified,
236b38248b927a952c572b7255c7300d6b2a506e7b9fe1c47a44eb4de1fc9262,2024-11,Sussex Police,Sussex Police,0.177008,50.894899,On or near Holmes Hill,E01021147,Wealden 013B,Criminal damage and arson,Unable to prosecute suspect,
88af731246467c157fab4ff5fd233125de3bedf5aa4b58036f30290b77cd5b8c,2024-11,Sussex Police,Sussex Police,0.177008,50.894899,On or near Holmes Hill,E01021147,Wealden 013B,Drugs,Local resolution,
5913048173aca8879d5ee9a149a51391790c75258c9d04e97a949cf10fd7a514,2024-11,Sussex Police,Sussex Police,0.165478,50.893746,On or near Lewes Road,E01021147,Wealden 013B,Other theft,Unable to prosecute suspect,
4783a3b4878a716aef9e68bb2bab3b1d3be3539b4b8be33b0e2aee510c98b52c,2024-11,Sussex Police,Sussex Police,0.209100,50.899908,On or near Thunders Hill,E01021147,Wealden 013B,Violence and sexual offences,Investigation complete; no suspect identified,
e482e69e0f17528cc6d796c8ae95427ee471a6500c8cbccc146d7257691a6bd1,2024-11,Sussex Police,Sussex Police,0.177008,50.894899,On or near Holmes Hill,E01021147,Wealden 013B,Violence and sexual offences,Status update unavailable,
aedb1011b1b8197049881a0b13fcceab509030774d8ad49829fe63003a8a4559,2024-11,Sussex Police,Sussex Police,0.188011,50.889972,On or near Golden Cross,E01021147,Wealden 013B,Violence and sexual offences,Unable to prosecute suspect,
bb34013e028d853e58a3a024f322a4b9075c3b620a83fa2248690c33ae26b024,2024-11,Sussex Police,Sussex Police,0.137585,50.930235,On or near Old Heath Close,E01021147,Wealden 013B,Violence and sexual offences,Court result unavailable,
fcdcc0ec501aaef5d407f48199b433af4d746d4895ec160ed8c2606346c31e76,2024-11,Sussex Police,Sussex Police,0.128847,50.907785,On or near Shortgate Lane,E01021148,Wealden 013C,Criminal damage and arson,Investigation complete; no suspect identified,
c15d3bb872b90cac0926d47db79f3b50a2bbb61af1ae28d3aa64898a30a036eb,2024-11,Sussex Police,Sussex Police,0.152727,50.928374,On or near Parking Area,E01021148,Wealden 013C,Criminal damage and arson,Investigation complete; no suspect identified,
c856106330708e1aea5a208786e9200c27fd6bbbdf76082773cea2876de581fe,2024-11,Sussex Police,Sussex Police,0.164711,50.925958,On or near Susans Close,E01021148,Wealden 013C,Possession of weapons,Unable to prosecute suspect,
3ec06b10e66c50b1ac22dd1fbdeaf4524e4babe57cd245a765419aad9bec1e6e,2024-11,Sussex Police,Sussex Police,0.125564,50.933135,On or near Knowle Lane,E01021148,Wealden 013C,Shoplifting,Court result unavailable,
68eb2991139cae24aef7702d5d278127beb0e4868185866d742c4ab5265c43ff,2024-11,Sussex Police,Sussex Police,0.164711,50.925958,On or near Susans Close,E01021148,Wealden 013C,Violence and sexual offences,Unable to prosecute suspect,
7f7639c14bbe14bb3c45d2ab54df3abe022d5feeed731b5543f9b964e0a3182b,2024-11,Sussex Police,Sussex Police,0.134048,50.930687,On or near Eastbourne Road,E01021148,Wealden 013C,Violence and sexual offences,Unable to prosecute suspect,
8deb0543702f85e3fbb3d86b11c29a049c4a4421e3ead74a421656b8a1cee118,2024-11,Sussex Police,Sussex Police,0.161232,50.924269,On or near Church Marks Lane,E01021148,Wealden 013C,Violence and sexual offences,Unable to prosecute suspect,
4cdd35e6cd6cf9ad7a0f28acabe6689a5c5137eb6d2e5904c24fc3f4d1170bc9,2024-11,Sussex Police,Sussex Police,0.161232,50.924269,On or near Church Marks Lane,E01021148,Wealden 013C,Violence and sexual offences,Unable to prosecute suspect,
7bbf9cbe682e13e2a17c79a2be4ca2fdc6c388b60d1e9da65600437716996f9f,2024-11,Sussex Police,Sussex Police,0.126756,50.935550,On or near Sand Hill Lane,E01021148,Wealden 013C,Violence and sexual offences,Investigation complete; no suspect identified,
60532e3bec27bad6b47f4f6915ec40b3c01629a65baf6a85cea28d552f9f8cb7,2024-11,Sussex Police,Sussex Police,0.125564,50.933135,On or near Knowle Lane,E01021148,Wealden 013C,Violence and sexual offences,Status update unavailable,
f19d3b2afa0890828dccb118b257ee3f5f102dd84fc7c605f26c51e8c335e4aa,2024-11,Sussex Police,Sussex Police,0.052491,50.981560,On or near Sports/Recreation Area,E01021165,Wealden 013D,Burglary,Investigation complete; no suspect identified,
e62b67d7b6b43d915d10ed15fc05957fe873de66e183379411c7961d3a4f79ab,2024-11,Sussex Police,Sussex Police,0.042023,50.978932,On or near Park/Open Space,E01021165,Wealden 013D,Public order,Investigation complete; no suspect identified,
,2024-11,Sussex Police,Sussex Police,0.338970,50.885532,On or near Gardner Street,E01021198,Wealden 014B,Anti-social behaviour,,
9d4e9376a24155da0f9083971c47c0141dc2a4129bae8020891a20a8343141a7,2024-11,Sussex Police,Sussex Police,0.320651,50.891708,On or near James Avenue,E01021198,Wealden 014B,Burglary,Investigation complete; no suspect identified,
8d9de8df5f54d5098fa56079a33830794f7d5c5f80f2513ee451273f0eb1409e,2024-11,Sussex Police,Sussex Police,0.321902,50.888841,On or near Park View,E01021198,Wealden 014B,Criminal damage and arson,Investigation complete; no suspect identified,
a2cf62cd97026d4a5aad3c782830aeca8ba6fb105cfdea5f8287add349707521,2024-11,Sussex Police,Sussex Police,0.322116,50.889709,On or near Parking Area,E01021198,Wealden 014B,Criminal damage and arson,Investigation complete; no suspect identified,
,2024-11,Sussex Police,Sussex Police,0.329167,50.900793,On or near Chilsham Lane,E01021199,Wealden 014C,Anti-social behaviour,,
,2024-11,Sussex Police,Sussex Police,0.329167,50.900793,On or near Chilsham Lane,E01021199,Wealden 014C,Anti-social behaviour,,
3acdadf603c6479d52a6071708a6c0941bb4720be3c6708fe30c3b7efecee462,2024-11,Sussex Police,Sussex Police,0.339634,50.887156,On or near Victoria Road,E01021199,Wealden 014C,Criminal damage and arson,Investigation complete; no suspect identified,
fa699f236f7970d001b03b7ec2fe01713981fbe53d256166af58c758c2c4bcf3,2024-11,Sussex Police,Sussex Police,0.299307,50.924320,On or near Mill Lane,E01021199,Wealden 014C,Criminal damage and arson,Investigation complete; no suspect identified,
24ee6b4a93a96dc3f8ffc55bef02307479a1fae135f302bddddb074020ea5d9f,2024-11,Sussex Police,Sussex Police,0.299307,50.924320,On or near Mill Lane,E01021199,Wealden 014C,Other theft,Investigation complete; no suspect identified,
c0544e4a27bff1df11253df95ae1f772c06bc7de6b6c78ecf6f493d7402300d3,2024-11,Sussex Police,Sussex Police,0.347332,50.905358,On or near Prinkle Lane,E01021199,Wealden 014C,Violence and sexual offences,Unable to prosecute suspect,
c34678ebc857420ef7aec2fa97c3f810694366b80b3aa764f16492156c667f9b,2024-11,Sussex Police,Sussex Police,0.304491,50.897065,On or near Studdens Lane,E01021199,Wealden 014C,Violence and sexual offences,Unable to prosecute suspect,
,2024-11,Sussex Police,Sussex Police,0.426518,50.884284,On or near Stocks Meadow,E01021204,Wealden 014D,Anti-social behaviour,,
,2024-11,Sussex Police,Sussex Police,0.416419,50.889684,On or near Coombe Shaw,E01021204,Wealden 014D,Anti-social behaviour,,
15fd124f60951a726f3baafa70a6b2149bcc66ff32bc811ba6a7fdff1429c1d6,2024-11,Sussex Police,Sussex Police,0.418044,50.888121,On or near High Street,E01021204,Wealden 014D,Vehicle crime,Investigation complete; no suspect identified,
d5fd52d511a887146abf2f36c7c524c077dfd41b1ed35aa18865a73a640b7149,2024-11,Sussex Police,Sussex Police,0.426518,50.884284,On or near Stocks Meadow,E01021204,Wealden 014D,Violence and sexual offences,Unable to prosecute suspect,
0930fab594597a32b213684f648b9602a729d855fca19b8405ac3dcfb20fca93,2024-11,Sussex Police,Sussex Police,0.425747,50.882295,On or near Lower Street,E01021204,Wealden 014D,Violence and sexual offences,Unable to prosecute suspect,
a62d0529524cca826d90df3f023674b3550ab899a4417c72e0d9189c38ba82aa,2024-11,Sussex Police,Sussex Police,0.409954,50.871334,On or near Hooe Road,E01021204,Wealden 014D,Violence and sexual offences,Unable to prosecute suspect,
a2b0077fe6e6c0d05ea08c7308ddc2a048c9a801b9791f220d22624933ee60c0,2024-11,Sussex Police,Sussex Police,0.418571,50.888955,On or near Manchester Road,E01021205,Wealden 014E,Criminal damage and arson,Unable to prosecute suspect,
222739aa07fd4c3dbccc8bdf0e92677a095532c4002ade37801a8e15b625d2ab,2024-11,Sussex Police,Sussex Police,0.351536,50.883220,On or near A271,E01021205,Wealden 014E,Other theft,Investigation complete; no suspect identified,
87e93a8f319c27383f7b88286f93d8f776dd6b7c5282d42b1f132e6258ff7d0b,2024-11,Sussex Police,Sussex Police,0.372419,50.878121,On or near Boreham Hill,E01021205,Wealden 014E,Public order,Unable to prosecute suspect,
e656d0e5e19f245859727acb2d8ee1afd1c1a03f39deedc8d69be84e99a55fb9,2024-11,Sussex Police,Sussex Police,0.413195,50.888662,On or near Standard Hill,E01021205,Wealden 014E,Violence and sexual offences,Unable to prosecute suspect,
d86ca363da4958173baf07e6b7dbf90904fbdc5224089e2b677ac5b615f3ba54,2024-11,Sussex Police,Sussex Police,0.261021,50.870736,On or near Battle Road,E01021174,Wealden 015A,Burglary,Unable to prosecute suspect,
1811efa990b55822536eef935831bfd8299f1b0a426884169c24ab03c27efea8,2024-11,Sussex Police,Sussex Police,0.263792,50.877185,On or near Petrol Station,E01021174,Wealden 015A,Shoplifting,Investigation complete; no suspect identified,
807dda0cda633af0a8955c03903baa05674ed4dc3721085337ef8049962be117,2024-11,Sussex Police,Sussex Police,0.261021,50.870736,On or near Battle Road,E01021174,Wealden 015A,Violence and sexual offences,Investigation complete; no suspect identified,
c0f91bcaa4d63641118751bc83fb2a1f09ea42de78efbf68ebf0ecd2ee35a1ca,2024-11,Sussex Police,Sussex Police,0.273996,50.880341,On or near New Road,E01021174,Wealden 015A,Violence and sexual offences,Investigation complete; no suspect identified,
26dfc2aef9fcf8c294e50de0530b63f3240f01d16e117c05b01ed7cc1179cdcf,2024-11,Sussex Police,Sussex Police,0.273996,50.880341,On or near New Road,E01021174,Wealden 015A,Violence and sexual offences,Unable to prosecute suspect,
508a5b83eb0cecdf30726a07ff7c228ecabf9b4b99278f4c5f6176391de65a96,2024-11,Sussex Police,Sussex Police,0.257799,50.866715,On or near Battle Crescent,E01021176,Wealden 015C,Criminal damage and arson,Investigation complete; no suspect identified,
726784b6fa422c1fc69910caba4335fb3deedf5ff905efc3581cadbda11e95cf,2024-11,Sussex Police,Sussex Police,0.257799,50.866715,On or near Battle Crescent,E01021176,Wealden 015C,Vehicle crime,Investigation complete; no suspect identified,
,2024-11,Sussex Police,Sussex Police,0.257898,50.861416,On or near Deer Paddock Lane,E01021177,Wealden 015D,Anti-social behaviour,,
,2024-11,Sussex Police,Sussex Police,0.258958,50.864525,On or near Parking Area,E01021177,Wealden 015D,Anti-social behaviour,,
,2024-11,Sussex Police,Sussex Police,0.263648,50.861008,On or near Old Hop Gardens,E01021177,Wealden 015D,Anti-social behaviour,,
,2024-11,Sussex Police,Sussex Police,0.257439,50.863385,On or near North Street,E01021177,Wealden 015D,Anti-social behaviour,,
,2024-11,Sussex Police,Sussex Police,0.256444,50.865446,On or near A295,E01021177,Wealden 015D,Anti-social behaviour,,
e5fec6640818ea2e041bb8518bae9fd149c496df646ec5d04e09e2c0942670f1,2024-11,Sussex Police,Sussex Police,0.257898,50.861416,On or near Deer Paddock Lane,E01021177,Wealden 015D,Criminal damage and arson,Offender given a caution,
b8a2dbbf30aebef981fb47b0f44515b63998bcc58160e408994c26bdad1e65c6,2024-11,Sussex Police,Sussex Police,0.257439,50.863385,On or near North Street,E01021177,Wealden 015D,Drugs,Investigation complete; no suspect identified,
42311b0881b0968da46a042b0a25afd59fe1f3313da95f080ff1c186a5af2b05,2024-11,Sussex Police,Sussex Police,0.259675,50.859969,On or near Bell Banks Road,E01021177,Wealden 015D,Other theft,Investigation complete; no suspect identified,
fc3a2f34f112c00329954b09753b3b8e78fb65972a46f4719c64fdea4a5c0a50,2024-11,Sussex Police,Sussex Police,0.257898,50.861416,On or near Deer Paddock Lane,E01021177,Wealden 015D,Public order,Status update unavailable,
a28ef3c8668756cd3427e0e4d499d666c3e7bad1b6db3b62150de4b97f93d45e,2024-11,Sussex Police,Sussex Police,0.260045,50.864081,On or near Supermarket,E01021177,Wealden 015D,Shoplifting,Investigation complete; no suspect identified,
8ebbe50479fb4095c65f8b002b9b07d7dec9499cf3aa85205f2081c2f89ca325,2024-11,Sussex Police,Sussex Police,0.260045,50.864081,On or near Supermarket,E01021177,Wealden 015D,Shoplifting,Investigation complete; no suspect identified,
f7908e61d74768ad8892cf378706fab8dad2d33e01535e3023b50712e91f49dc,2024-11,Sussex Police,Sussex Police,0.258958,50.864525,On or near Parking Area,E01021177,Wealden 015D,Shoplifting,Unable to prosecute suspect,
d584828b2d965c21aa23f4418ee67c7eef0277eef2163b44ef7e4be75b384310,2024-11,Sussex Police,Sussex Police,0.259874,50.860559,On or near Elmsdown Place,E01021177,Wealden 015D,Vehicle crime,Investigation complete; no suspect identified,
e6a7e7e4e3d5fb1c775b7593897505eaa9f4a493ee1d4dab0ed90c0b6ffa14d3,2024-11,Sussex Police,Sussex Police,0.259874,50.860559,On or near Elmsdown Place,E01021177,Wealden 015D,Vehicle crime,Investigation complete; no suspect identified,
8d0c711ea25e0e7cb094d16a9330e9a757c1e51918c16b34dfe2927ab9163b23,2024-11,Sussex Police,Sussex Police,0.256444,50.865446,On or near A295,E01021177,Wealden 015D,Violence and sexual offences,Status update unavailable,
0e6c296af8e51b494685f24d5b6db0e5ed41ce17087452654f2f73df1c111a75,2024-11,Sussex Police,Sussex Police,0.256444,50.865446,On or near A295,E01021177,Wealden 015D,Violence and sexual offences,Unable to prosecute suspect,
75396974dec7f16e71b474ca1172428d370d2db654d2cc0c51db6f866e08e14e,2024-11,Sussex Police,Sussex Police,0.265048,50.862330,On or near St Marys Avenue,E01021177,Wealden 015D,Violence and sexual offences,Unable to prosecute suspect,
f33e17f052c44fcd6dec467d601dda4c28e756fe13e88716e217f635f6b6d897,2024-11,Sussex Police,Sussex Police,0.263449,50.863359,On or near Nursery Close,E01021177,Wealden 015D,Violence and sexual offences,Investigation complete; no suspect identified,
ba2729e69517e03d07509e4667061ac87d17c7bb634671f394f94cc41050dc9d,2024-11,Sussex Police,Sussex Police,0.258958,50.864525,On or near Parking Area,E01021177,Wealden 015D,Violence and sexual offences,Investigation complete; no suspect identified,
5ef8a0032016660b42f585971d80b1647407fab0938da7f316c3552d31fb9fdc,2024-11,Sussex Police,Sussex Police,0.257898,50.861416,On or near Deer Paddock Lane,E01021177,Wealden 015D,Violence and sexual offences,Unable to prosecute suspect,
b2ab7cc62cf739cdc5a38440508a34b6728c6c40679ce74fbd5c938f7b3a833b,2024-11,Sussex Police,Sussex Police,0.256444,50.865446,On or near A295,E01021177,Wealden 015D,Violence and sexual offences,Unable to prosecute suspect,
d14ea24a0ac29eb2c9c14fdff3f411ca36e92705b02837d49d369d92beac1e4b,2024-11,Sussex Police,Sussex Police,0.258979,50.862025,On or near George Street,E01021177,Wealden 015D,Violence and sexual offences,Unable to prosecute suspect,
6a68a9b562616556d77473e7a73c84284fe73d16b2dbe73b2cf930b3fee9b01f,2024-11,Sussex Police,Sussex Police,0.245642,50.855968,On or near Whiffens Close,E01021180,Wealden 016A,Criminal damage and arson,Local resolution,
a95c0a96452169237a7af5159c91246e5e540ca35dbdfadbcd82df3fb849050f,2024-11,Sussex Police,Sussex Police,0.245439,50.858841,On or near Factory Lane,E01021180,Wealden 016A,Vehicle crime,Investigation complete; no suspect identified,
435a8c6d09ce9472f580e15d65860f4c10c90de235a328a1e87ce1b3b93a5afc,2024-11,Sussex Police,Sussex Police,0.244090,50.855009,On or near Orchard Lane,E01021180,Wealden 016A,Vehicle crime,Investigation complete; no suspect identified,
103e2d73e04510a03cf9781bd29159425e368b6abc6e6273b9f30ab3cc681275,2024-11,Sussex Police,Sussex Police,0.247432,50.854180,On or near Quintin Close,E01021180,Wealden 016A,Vehicle crime,Investigation complete; no suspect identified,
edd36096ec313a0c721be995aaada31f2c61dbf04826b0950129f0d4acbabfd9,2024-11,Sussex Police,Sussex Police,0.247432,50.854180,On or near Quintin Close,E01021180,Wealden 016A,Vehicle crime,Investigation complete; no suspect identified,
f16a129c16d9102079c5d01186a34025cceaa85ebee53656a2b11237bceab42b,2024-11,Sussex Police,Sussex Police,0.245642,50.855968,On or near Whiffens Close,E01021180,Wealden 016A,Vehicle crime,Investigation complete; no suspect identified,
3f354b877b829f52adf126892f5d7eb0473c494686dda08d9b536588ef3304cb,2024-11,Sussex Police,Sussex Police,0.245642,50.855968,On or near Whiffens Close,E01021180,Wealden 016A,Vehicle crime,Investigation complete; no suspect identified,
da80ec9672085263d7f2124967bae9e7146daff6268d4aa9da84dae83db80d6a,2024-11,Sussex Police,Sussex Police,0.245642,50.855968,On or near Whiffens Close,E01021180,Wealden 016A,Vehicle crime,Status update unavailable,
705e27474cc3148e12cbd79267d88aa6a15be6a81e570ce2fdec68c51042a3fb,2024-11,Sussex Police,Sussex Police,0.245439,50.858841,On or near Factory Lane,E01021180,Wealden 016A,Vehicle crime,Investigation complete; no suspect identified,
f1fbe0f4ebabfd9c2c5a72353fc488fa907e3519ae08b5fb1eefbfcdca8c73b1,2024-11,Sussex Police,Sussex Police,0.250057,50.853509,On or near Sandbanks Close,E01021180,Wealden 016A,Vehicle crime,Investigation complete; no suspect identified,
,2024-11,Sussex Police,Sussex Police,0.245601,50.865754,On or near Mountain Ash Close,E01021181,Wealden 016B,Anti-social behaviour,,
0b0b9aa50abcba0a198df5d5fbd64f5b9432d86c8fb440df42f424fdfc2a206f,2024-11,Sussex Police,Sussex Police,0.248861,50.864990,On or near Woodpecker Drive,E01021181,Wealden 016B,Vehicle crime,Investigation complete; no suspect identified,
bdba0224c283481ac0655fa41ccf7faa1089b7ca48b602ac9c4155ef6b46e226,2024-11,Sussex Police,Sussex Police,0.244665,50.863425,On or near The Belfry,E01021181,Wealden 016B,Violence and sexual offences,Unable to prosecute suspect,
706ccc2ae50ea7a29826f40c01d73cbaf0d9d23f7aeb9fca7adc0c5f66b17227,2024-11,Sussex Police,Sussex Police,0.249477,50.869205,On or near Derwent Close,E01021181,Wealden 016B,Violence and sexual offences,Action to be taken by another organisation,
,2024-11,Sussex Police,Sussex Police,0.255254,50.862870,On or near Tennis Close,E01021182,Wealden 016C,Anti-social behaviour,,
,2024-11,Sussex Police,Sussex Police,0.250492,50.863430,On or near Western Road,E01021182,Wealden 016C,Anti-social behaviour,,
1fc1c865961d98a888079c89041ed61a94ee25c197ebcc1abb1c7e774870ada4,2024-11,Sussex Police,Sussex Police,0.252315,50.861445,On or near Sports/Recreation Area,E01021182,Wealden 016C,Criminal damage and arson,Investigation complete; no suspect identified,
643d870daf84012151cccc79bf17827323b57ccc134775c48ce8e72292d82b34,2024-11,Sussex Police,Sussex Police,0.252315,50.861445,On or near Sports/Recreation Area,E01021182,Wealden 016C,Criminal damage and arson,Investigation complete; no suspect identified,
0fa5a8209ada040a971af610a4c34674f3eeba6b6ec0324cca00716ac24eb80e,2024-11,Sussex Police,Sussex Police,0.252990,50.859541,On or near Petrol Station,E01021182,Wealden 016C,Criminal damage and arson,Unable to prosecute suspect,
b669e4683e68de2e9dd774f2bd1f6a8d4ac781fbd2ac381a7d147998c6548e84,2024-11,Sussex Police,Sussex Police,0.252315,50.861445,On or near Sports/Recreation Area,E01021182,Wealden 016C,Criminal damage and arson,Investigation complete; no suspect identified,
9fcb82a3a41035706a73ff1b5de17107474de12208405da60b7b1b732c1df0b3,2024-11,Sussex Police,Sussex Police,0.255721,50.862546,On or near Downsview Way,E01021182,Wealden 016C,Other theft,Investigation complete; no suspect identified,
b85521bd0847c10fb03bb3317547c628861513372f38baaefac2946bbc4736e7,2024-11,Sussex Police,Sussex Police,0.252990,50.859541,On or near Petrol Station,E01021182,Wealden 016C,Other theft,Local resolution,
221b650ffdc1e2a3dc2a6c35d84e31679e517ca58de0d83c069ad3bb04caf3dc,2024-11,Sussex Police,Sussex Police,0.252990,50.859541,On or near Petrol Station,E01021182,Wealden 016C,Shoplifting,Investigation complete; no suspect identified,
63713bd3bce8844ab9a167099ea9708c2deb1fcea2ceb42e027efdf9618b1799,2024-11,Sussex Police,Sussex Police,0.252990,50.859541,On or near Petrol Station,E01021182,Wealden 016C,Shoplifting,Investigation complete; no suspect identified,
f26e265367f2ce61f8f67911b6902182084bb69a501aed62c1c6f074332475d9,2024-11,Sussex Police,Sussex Police,0.255721,50.862546,On or near Downsview Way,E01021182,Wealden 016C,Violence and sexual offences,Investigation complete; no suspect identified,
84db273b4ee6a5beb63914a180cf8454eb5c7880b0d38faa409f7be2c6b51ea4,2024-11,Sussex Police,Sussex Police,0.249418,50.865933,On or near Forest View,E01021182,Wealden 016C,Violence and sexual offences,Action to be taken by another organisation,
2be573cf3b223f107d0c6d1d173ab5d17a5c705ab3d2ecc284c8bb405e17327d,2024-11,Sussex Police,Sussex Police,0.250738,50.862346,On or near Bramble Drive,E01021182,Wealden 016C,Violence and sexual offences,Unable to prosecute suspect,
7119b8c244be33166a23d4280536c67e29c22c5868f42c8d85343e3fa8bca254,2024-11,Sussex Police,Sussex Police,0.255254,50.862870,On or near Tennis Close,E01021182,Wealden 016C,Violence and sexual offences,Further action is not in the public interest,
0be74fdaa427b503f444a99f3a3b6618b3538033e9b58f86359d5f04ab02a4a7,2024-11,Sussex Police,Sussex Police,0.255254,50.862870,On or near Tennis Close,E01021182,Wealden 016C,Violence and sexual offences,Further action is not in the public interest,
,2024-11,Sussex Police,Sussex Police,0.247304,50.862457,On or near Pine Way,E01021183,Wealden 016D,Anti-social behaviour,,
c819e15a501ccaa7a4d4264ae077a3c5797b1777aae941eaf2d51fd3a6403b3d,2024-11,Sussex Police,Sussex Police,0.248079,50.860832,On or near Crown Close,E01021183,Wealden 016D,Burglary,Unable to prosecute suspect,
6e9592a3d1d8557c268796e47885681dd2d53fcdbc46a1f31f8693de8cda5d3e,2024-11,Sussex Police,Sussex Police,0.248079,50.860832,On or near Crown Close,E01021183,Wealden 016D,Criminal damage and arson,Investigation complete; no suspect identified,
d36b193293033f28ee2f89d774e74f25de21863b3186f7a37c1e0b7833793094,2024-11,Sussex Police,Sussex Police,0.246375,50.862637,On or near The Hawthorns,E01021183,Wealden 016D,Public order,Investigation complete; no suspect identified,
b41b1d708d9f1d41c144072a1dcf5cbbe6af8318061aedbe55cc5030a7c3235e,2024-11,Sussex Police,Sussex Police,0.247624,50.863188,On or near Ash Court,E01021183,Wealden 016D,Public order,Status update unavailable,
90818916d75072d4db684c018d108d244aac672447dde14a2399339a0c6086ce,2024-11,Sussex Police,Sussex Police,0.246375,50.862637,On or near The Hawthorns,E01021183,Wealden 016D,Shoplifting,Investigation complete; no suspect identified,
c2b7148cbad83789dc3e77f51297d4c36bb0a718aa80fe2b20f23d40b2221769,2024-11,Sussex Police,Sussex Police,0.249001,50.857846,On or near The Holt,E01021183,Wealden 016D,Vehicle crime,Status update unavailable,
dda260d1dc740271641da17fd7559a081347007e2ffc0714bc4379d8d3b38e09,2024-11,Sussex Police,Sussex Police,0.246375,50.862637,On or near The Hawthorns,E01021183,Wealden 016D,Vehicle crime,Unable to prosecute suspect,
7f44307a8685f32927eb7ded24e67479ac21fa64789daeac17f5eddbb5ae97ad,2024-11,Sussex Police,Sussex Police,0.247822,50.856970,On or near Meadow Road,E01021183,Wealden 016D,Vehicle crime,Investigation complete; no suspect identified,
754fc79853da7c0dc01afff301ab00e652c108f3b1d5534ca47ab856ddd1c3b6,2024-11,Sussex Police,Sussex Police,0.252072,50.857886,On or near South Close,E01021183,Wealden 016D,Violence and sexual offences,Status update unavailable,
b4a0107f9d49866097f5ba74d76ea569c5bd4859335d6f503b178fc1fc215869,2024-11,Sussex Police,Sussex Police,0.247822,50.856970,On or near Meadow Road,E01021183,Wealden 016D,Violence and sexual offences,Unable to prosecute suspect,
376ae0d8b08dec023055c37a3f9f57cd5651e92d16b2d7dc5e5890871917c68c,2024-11,Sussex Police,Sussex Police,0.247504,50.863352,On or near The Diplocks,E01021183,Wealden 016D,Violence and sexual offences,Unable to prosecute suspect,
ace62e3720aecb4e8679d8005186f6e602987bdd2fa53f419e00a353668e3098,2024-11,Sussex Police,Sussex Police,0.247822,50.856970,On or near Meadow Road,E01021183,Wealden 016D,Violence and sexual offences,Unable to prosecute suspect,
ffc5182ae14651e28c60f38dae929b1c0f0dc5a3acfbdabe9a0549a3097eb2f1,2024-11,Sussex Police,Sussex Police,0.247822,50.856970,On or near Meadow Road,E01021183,Wealden 016D,Violence and sexual offences,Unable to prosecute suspect,
13f584f26d481b8e24d073623215752fed33259a494ec8f77232c9dbf70326ca,2024-11,Sussex Police,Sussex Police,0.247624,50.863188,On or near Ash Court,E01021183,Wealden 016D,Violence and sexual offences,Status update unavailable,
8ba9f1c78b2a6d5dd961cdf0e64ed23fd837b7352473d88c1680ce58a5df10c7,2024-11,Sussex Police,Sussex Police,0.248843,50.861060,On or near Diplocks Way,E01021183,Wealden 016D,Violence and sexual offences,Unable to prosecute suspect,
40a05dd5ddafa7790f6351b459f8aa2c4a881188c325983e538cc00f1d040159,2024-11,Sussex Police,Sussex Police,0.269100,50.857394,On or near Tower Crescent,E01021178,Wealden 017A,Burglary,Unable to prosecute suspect,
c3f56087b92aacec4eb99606dd5779bb0036dfde8f92f5d3536e8e167bbad1ce,2024-11,Sussex Police,Sussex Police,0.273150,50.857405,On or near Mill Road,E01021178,Wealden 017A,Other theft,Investigation complete; no suspect identified,
16680b994a22c62f73a4c5e243f0bbdc28739ca01252cc2baa961a678149f282,2024-11,Sussex Police,Sussex Police,0.269100,50.857394,On or near Tower Crescent,E01021178,Wealden 017A,Other theft,Status update unavailable,
394b074820c258c3b8f8d603083a3c77714e8265e2bcea7e04807558884d4af7,2024-11,Sussex Police,Sussex Police,0.270643,50.859028,On or near Observatory View,E01021178,Wealden 017A,Public order,Unable to prosecute suspect,
16c99a22bbfaf7b3a11b6a5fe0756eb2a3c72bd1c32200cfd7dff71f3f234142,2024-11,Sussex Police,Sussex Police,0.270643,50.859028,On or near Observatory View,E01021178,Wealden 017A,Violence and sexual offences,Further investigation is not in the public interest,
4809c024a12f8cfddc24496f91c4d95697b2b54cc233f99189eaa148b5a7a8a3,2024-11,Sussex Police,Sussex Police,0.270643,50.859028,On or near Observatory View,E01021178,Wealden 017A,Violence and sexual offences,Local resolution,
90b34ef24d6e69ada4d35edb4990f365001d392841adbe90ab9f083b3cf19bc4,2024-11,Sussex Police,Sussex Police,0.267876,50.859999,On or near Hamlins Park Close,E01021178,Wealden 017A,Violence and sexual offences,Offender given a caution,
03bbaea259bc0591a0fd420977fc06d369da56f030936653dbe2b1b3fcaf3b00,2024-11,Sussex Police,Sussex Police,0.269600,50.862133,On or near Vega Close,E01021179,Wealden 017B,Criminal damage and arson,Investigation complete; no suspect identified,
2bd1ff61f5022576c615d090c2bdc8c19e2377bbd547d535ac4b1b375e173ed0,2024-11,Sussex Police,Sussex Police,0.269600,50.862133,On or near Vega Close,E01021179,Wealden 017B,Criminal damage and arson,Investigation complete; no suspect identified,
ba93b5ed63309afd13872a2605d332d44d098d50cf8196e0556f7a3724444f58,2024-11,Sussex Police,Sussex Police,0.267156,50.861857,On or near The Gages,E01021179,Wealden 017B,Criminal damage and arson,Investigation complete; no suspect identified,
102611b55768d9fe20e7be579f7d17c7afec819976975510c1a1d627d4ad99ad,2024-11,Sussex Police,Sussex Police,0.273550,50.863594,On or near Mabel Way,E01021179,Wealden 017B,Other theft,Investigation complete; no suspect identified,
59e0212cbf97d126bb4edf4c9e953ce9e5b982e620eb7c75efe4587e5d478b68,2024-11,Sussex Police,Sussex Police,0.273550,50.863594,On or near Mabel Way,E01021179,Wealden 017B,Other theft,Investigation complete; no suspect identified,
7bb035b7608d1e6a87f3c84a48d3e8678b77f997d51917d96dde9aa8e02798f4,2024-11,Sussex Police,Sussex Police,0.271919,50.861899,On or near Phoenix Close,E01021179,Wealden 017B,Vehicle crime,Investigation complete; no suspect identified,
4503474907bfbaf1aad0777a401c41120c7cbae2a59144a76b7ff9259a65641d,2024-11,Sussex Police,Sussex Police,0.272687,50.859861,On or near Gemma Close,E01021179,Wealden 017B,Violence and sexual offences,Unable to prosecute suspect,
34c3673e02543cec51068fa1fc3e8c8a71aa40aaed7a2283b9b35f8152fab5fa,2024-11,Sussex Police,Sussex Police,0.273550,50.863594,On or near Mabel Way,E01021179,Wealden 017B,Violence and sexual offences,Unable to prosecute suspect,
39c0356cecb61a2e6003978837a8be39f2758005099f8b95e7b6f32ba1391bd2,2024-11,Sussex Police,Sussex Police,0.267156,50.861857,On or near The Gages,E01021179,Wealden 017B,Violence and sexual offences,Unable to prosecute suspect,
adb6eae6c4c192bb6c3a597f8f001d8defc64ab1c18dda1656fe09cfe784c73d,2024-11,Sussex Police,Sussex Police,0.269600,50.862133,On or near Vega Close,E01021179,Wealden 017B,Violence and sexual offences,Unable to prosecute suspect,
66d663b4f218007ee2c81d5045abc13097ac4a181e53d591fc46edf6159b7faf,2024-11,Sussex Police,Sussex Police,0.252706,50.853934,On or near Ersham Road,E01021184,Wealden 017C,Burglary,Investigation complete; no suspect identified,
53bf0078722605f200d4e79ea978cc11baadb92ec6732f7c0bc5c4121510668b,2024-11,Sussex Police,Sussex Police,0.255029,50.859097,On or near Gordon Road,E01021184,Wealden 017C,Burglary,Investigation complete; no suspect identified,
65aab05dd87ba507e1221265e027d380df0f6771aa7af80d4dcdc3f23ce0f289,2024-11,Sussex Police,Sussex Police,0.254850,50.854505,On or near The Grove,E01021184,Wealden 017C,Public order,Investigation complete; no suspect identified,
67c163b6f8b02cfbbdf72e191a27c283e4e9e787057e071057332d1e02e82f44,2024-11,Sussex Police,Sussex Police,0.257257,50.856671,On or near The Drive,E01021184,Wealden 017C,Vehicle crime,Investigation complete; no suspect identified,
a3e65e7ced0bd9e5640a56b8fd582575b24f578621a9638cfbc1791b366f2447,2024-11,Sussex Police,Sussex Police,0.254740,50.857529,On or near Windsor Road,E01021184,Wealden 017C,Vehicle crime,Investigation complete; no suspect identified,
,2024-11,Sussex Police,Sussex Police,0.261754,50.856817,On or near Station Road,E01021185,Wealden 017D,Anti-social behaviour,,
,2024-11,Sussex Police,Sussex Police,0.262273,50.859020,On or near The Stringwalk,E01021185,Wealden 017D,Anti-social behaviour,,
,2024-11,Sussex Police,Sussex Police,0.261754,50.856817,On or near Station Road,E01021185,Wealden 017D,Anti-social behaviour,,
,2024-11,Sussex Police,Sussex Police,0.261754,50.856817,On or near Station Road,E01021185,Wealden 017D,Anti-social behaviour,,
0812711e0bba4d18f7bed6f3f62dfc64c859a1752f9edcae99abb59e82512a65,2024-11,Sussex Police,Sussex Police,0.261991,50.858189,On or near Archery Walk,E01021185,Wealden 017D,Criminal damage and arson,Investigation complete; no suspect identified,
be966441089ef4e7f1bb11a28fe796533b9466ff2ea5770d2441070e14dece94,2024-11,Sussex Police,Sussex Police,0.264249,50.856409,On or near Butts Field,E01021185,Wealden 017D,Criminal damage and arson,Further action is not in the public interest,
893f9eca1a090666fa1a184e79ad1cbedfbc6a4a7ffdffed5472cea163b66d87,2024-11,Sussex Police,Sussex Police,0.261754,50.856817,On or near Station Road,E01021185,Wealden 017D,Vehicle crime,Unable to prosecute suspect,
17e660f73b7f687a4b3acc9a480212460d297849e422e60435d8463098492a62,2024-11,Sussex Police,Sussex Police,0.257595,50.858382,On or near Freshfield Close,E01021185,Wealden 017D,Vehicle crime,Investigation complete; no suspect identified,
a6167f84c97b115529c4cb5eed87326e8379c82d851f6e8236845f99ce79ea3a,2024-11,Sussex Police,Sussex Police,0.262801,50.856149,On or near The Sidings,E01021185,Wealden 017D,Vehicle crime,Status update unavailable,
0ddae40c6b30b01382747778bdce2eb677a76c6429b757628faf4cd1868a6978,2024-11,Sussex Police,Sussex Police,0.264249,50.856409,On or near Butts Field,E01021185,Wealden 017D,Violence and sexual offences,Status update unavailable,
3c2da065216b41ef8d8e74b16608060f6e709c433c756293c82661da7b593a6d,2024-11,Sussex Police,Sussex Police,0.262273,50.859020,On or near The Stringwalk,E01021185,Wealden 017D,Violence and sexual offences,Unable to prosecute suspect,
553839580922aeb15f4a169bd2086b3376020bea3707ac1e3dd308fc6bdb71ff,2024-11,Sussex Police,Sussex Police,0.262801,50.856149,On or near The Sidings,E01021185,Wealden 017D,Violence and sexual offences,Formal action is not in the public interest,
6c0a6e1754aadd1a9b402bb77bb24aa840dc8280c4f60ed0f99be6c86e0bab99,2024-11,Sussex Police,Sussex Police,0.262273,50.859020,On or near The Stringwalk,E01021185,Wealden 017D,Violence and sexual offences,Unable to prosecute suspect,
86584918be57914f4b0d3c614210493fdb588e28b61e2930797adaa668692c27,2024-11,Sussex Police,Sussex Police,0.261940,50.859494,On or near Fletcher Close,E01021185,Wealden 017D,Violence and sexual offences,Status update unavailable,
,2024-11,Sussex Police,Sussex Police,0.138650,50.840198,On or near Petrol Station,E01021142,Wealden 018A,Anti-social behaviour,,
14b9436c5a1fb9c0e6be3cf395528291a8c2bfd02ada75932c655133a1500611,2024-11,Sussex Police,Sussex Police,0.143374,50.843115,On or near The Street,E01021142,Wealden 018A,Public order,Investigation complete; no suspect identified,
,2024-11,Sussex Police,Sussex Police,0.153471,50.809724,On or near Saffron Gardens,E01021143,Wealden 018B,Anti-social behaviour,,
,2024-11,Sussex Police,Sussex Police,0.154314,50.808611,On or near Smugglers Close,E01021143,Wealden 018B,Anti-social behaviour,,
,2024-11,Sussex Police,Sussex Police,0.166408,50.840828,On or near Station Road,E01021143,Wealden 018B,Anti-social behaviour,,
b49cc2ebccd8ee310cc43067e493f46b6a84ec38b995a9ad0b027680e03ae30d,2024-11,Sussex Police,Sussex Police,0.165676,50.838827,On or near Station Road,E01021143,Wealden 018B,Other theft,Investigation complete; no suspect identified,
df6d7dec33701f1fae1bf8b5c77cbb06c679e24f64fe133fc108d1922de5fe1b,2024-11,Sussex Police,Sussex Police,0.156427,50.809202,On or near Parking Area,E01021143,Wealden 018B,Vehicle crime,Investigation complete; no suspect identified,
240ee59bd74d2c452071d49d193c17f50848a7eeef19ea034fe6c360b33f058d,2024-11,Sussex Police,Sussex Police,0.165116,50.838693,On or near Cornford Crescent,E01021143,Wealden 018B,Violence and sexual offences,Investigation complete; no suspect identified,
6462962fbb8141545dd626cd23bfcee4079a3465342ec79f9f11d9cbf1f2ca6a,2024-11,Sussex Police,Sussex Police,0.160079,50.793899,On or near Clapham Lane,E01021166,Wealden 018C,Criminal damage and arson,Unable to prosecute suspect,
873c55f600e75ff2e32b76e81869f05700c23fd2e5ef285564de9eda6834edb4,2024-11,Sussex Police,Sussex Police,0.160079,50.793899,On or near Clapham Lane,E01021166,Wealden 018C,Criminal damage and arson,Investigation complete; no suspect identified,
76cf54b95746324e27f9c86330b33f97b5a6667d8b89af99741975d5de3c4a62,2024-11,Sussex Police,Sussex Police,0.160079,50.793899,On or near Clapham Lane,E01021166,Wealden 018C,Violence and sexual offences,Unable to prosecute suspect,
347ef87d994d7cf976fad3acd4a5e415555748619b7237fe4d641fc64bd9cdf0,2024-11,Sussex Police,Sussex Police,0.192858,50.821177,On or near Ades Field,E01021166,Wealden 018C,Other crime,Local resolution,
,2024-11,Sussex Police,Sussex Police,0.246757,50.872361,On or near Cromer Way,E01021196,Wealden 018E,Anti-social behaviour,,
3e757f4c53d94a73d5f5513453a3837142f47665aba3d61c727b67e6e5bcee66,2024-11,Sussex Police,Sussex Police,0.253102,50.874541,On or near Hawks Road,E01021196,Wealden 018E,Criminal damage and arson,Unable to prosecute suspect,
edc941e9369e54d9da7625d30657b5eed95015d4acd43fb27d261d961be2b841,2024-11,Sussex Police,Sussex Police,0.216027,50.887347,On or near Hackhurst Lane,E01034299,Wealden 018G,Violence and sexual offences,Unable to prosecute suspect,
f3b261dbba5a64e6dae91409d25967fd9430387b660b56cef9b701c3e9840e55,2024-11,Sussex Police,Sussex Police,0.216027,50.887347,On or near Hackhurst Lane,E01034299,Wealden 018G,Violence and sexual offences,Unable to prosecute suspect,
479cf41325048985a41395b4e40a0bbc29f812bc1f3c0b9dd1e720fab8c20560,2024-11,Sussex Police,Sussex Police,0.251345,50.886455,On or near Station Road,E01034299,Wealden 018G,Violence and sexual offences,Investigation complete; no suspect identified,
,2024-11,Sussex Police,Sussex Police,0.267087,50.890009,On or near Akehurst Close,E01034300,Wealden 018H,Anti-social behaviour,,
,2024-11,Sussex Police,Sussex Police,0.264424,50.890223,On or near The Drive,E01034300,Wealden 018H,Anti-social behaviour,,
3eb4c02acb21641728f15511d67b65955bb0ef419f8d21b3d002bf3b8dd79226,2024-11,Sussex Police,Sussex Police,0.267087,50.890009,On or near Akehurst Close,E01034300,Wealden 018H,Other theft,Investigation complete; no suspect identified,
b2be47e3e3398c332439ae206fdbd731324d9729ba846fc3054835faab0c7ff1,2024-11,Sussex Police,Sussex Police,0.264407,50.881670,On or near New Road,E01034300,Wealden 018H,Vehicle crime,Investigation complete; no suspect identified,
a08eea7605926d10bef3b2fbf466f86c9fead7e9d6643b46505e965dcb892905,2024-11,Sussex Police,Sussex Police,0.269783,50.889021,On or near Rickard Gardens,E01034300,Wealden 018H,Violence and sexual offences,Status update unavailable,
73ed9a9b7399d14bc218bb4fbbdb1b99e8e0ad1c59199048fba24c6119fdad05,2024-11,Sussex Police,Sussex Police,0.269783,50.889021,On or near Rickard Gardens,E01034300,Wealden 018H,Violence and sexual offences,Local resolution,
6aca43ac41ef55307a24402cca1a0bdd2b97ff55fa3aa3b2d9f73db97a11cab1,2024-11,Sussex Police,Sussex Police,0.268083,50.889144,On or near Reid Crescent,E01034300,Wealden 018H,Violence and sexual offences,Unable to prosecute suspect,
,2024-11,Sussex Police,Sussex Police,0.254903,50.881215,On or near Pipit Place,E01034301,Wealden 018I,Anti-social behaviour,,
,2024-11,Sussex Police,Sussex Police,0.258662,50.881916,On or near Bulrush Lane,E01034301,Wealden 018I,Anti-social behaviour,,
,2024-11,Sussex Police,Sussex Police,0.262240,50.881838,On or near The Manor,E01034301,Wealden 018I,Anti-social behaviour,,
,2024-11,Sussex Police,Sussex Police,0.251363,50.880933,On or near Redpoll Road,E01034301,Wealden 018I,Anti-social behaviour,,
,2024-11,Sussex Police,Sussex Police,0.263574,50.878259,On or near Pembroke Close,E01034301,Wealden 018I,Anti-social behaviour,,
,2024-11,Sussex Police,Sussex Police,0.254903,50.881215,On or near Pipit Place,E01034301,Wealden 018I,Anti-social behaviour,,
,2024-11,Sussex Police,Sussex Police,0.268067,50.879161,On or near Trefoil Road,E01034301,Wealden 018I,Anti-social behaviour,,
,2024-11,Sussex Police,Sussex Police,0.268067,50.879161,On or near Trefoil Road,E01034301,Wealden 018I,Anti-social behaviour,,
,2024-11,Sussex Police,Sussex Police,0.254903,50.881215,On or near Pipit Place,E01034301,Wealden 018I,Anti-social behaviour,,
,2024-11,Sussex Police,Sussex Police,0.266087,50.878480,On or near Park Gates,E01034301,Wealden 018I,Anti-social behaviour,,
,2024-11,Sussex Police,Sussex Police,0.263574,50.878259,On or near Pembroke Close,E01034301,Wealden 018I,Anti-social behaviour,,
,2024-11,Sussex Police,Sussex Police,0.266087,50.878480,On or near Park Gates,E01034301,Wealden 018I,Anti-social behaviour,,
,2024-11,Sussex Police,Sussex Police,0.268067,50.879161,On or near Trefoil Road,E01034301,Wealden 018I,Anti-social behaviour,,
,2024-11,Sussex Police,Sussex Police,0.258662,50.881916,On or near Bulrush Lane,E01034301,Wealden 018I,Anti-social behaviour,,
,2024-11,Sussex Police,Sussex Police,0.258662,50.881916,On or near Bulrush Lane,E01034301,Wealden 018I,Anti-social behaviour,,
df31315e222a31f7141d8e5985eb99a1303b165c012b9668a69c7db30ab49dca,2024-11,Sussex Police,Sussex Police,0.262240,50.881838,On or near The Manor,E01034301,Wealden 018I,Burglary,Investigation complete; no suspect identified,
9907dba765b4970f49d3dd8f75a378f5c3fb12865aa11b5387581d07ef11a759,2024-11,Sussex Police,Sussex Police,0.262188,50.879581,On or near Foxglove Drive,E01034301,Wealden 018I,Drugs,Unable to prosecute suspect,
9a9b53daf349ac14c79054045162b9284b4532a4f88a7a54edddfd7e55b81f7e,2024-11,Sussex Police,Sussex Police,0.266087,50.878480,On or near Park Gates,E01034301,Wealden 018I,Other theft,Investigation complete; no suspect identified,
ac92d2b13f7e268f2274968db28116b052cc3893e989814469ec436ae2bc7d15,2024-11,Sussex Police,Sussex Police,0.262188,50.879581,On or near Foxglove Drive,E01034301,Wealden 018I,Possession of weapons,Unable to prosecute suspect,
5059f446501c5be833b67485776e244817effccb5667881653c155efc5b5da7e,2024-11,Sussex Police,Sussex Police,0.263403,50.880295,On or near Honeysuckle Avenue,E01034301,Wealden 018I,Possession of weapons,Unable to prosecute suspect,
7a4929f2edcea5287c76d54631d6bc75a2a98973b87ec27e7a802d6da7913be2,2024-11,Sussex Police,Sussex Police,0.262240,50.881838,On or near The Manor,E01034301,Wealden 018I,Violence and sexual offences,Unable to prosecute suspect,
b999d0311bfa2d38947c19ef81635e4f03eb99228b1d0fc92c585fd51e0d9038,2024-11,Sussex Police,Sussex Police,0.262188,50.879581,On or near Foxglove Drive,E01034301,Wealden 018I,Violence and sexual offences,Unable to prosecute suspect,
3e7401f6d691dc3d6f07053cdac3fb351dabe66799e622fe3bd2143da17778e3,2024-11,Sussex Police,Sussex Police,0.262188,50.879581,On or near Foxglove Drive,E01034301,Wealden 018I,Violence and sexual offences,Status update unavailable,
3224c58a0522d5c92bac0bca04d69e39ac368de536977341f9ae4c323ac6c85a,2024-11,Sussex Police,Sussex Police,0.268067,50.879161,On or near Trefoil Road,E01034301,Wealden 018I,Violence and sexual offences,Unable to prosecute suspect,
844a70d02a7cacc1dad6294e53eeccf103d5f7773b10cd8508c818a31fe6517c,2024-11,Sussex Police,Sussex Police,0.244019,50.878385,On or near Cuckmere Close,E01034302,Wealden 018J,Criminal damage and arson,Unable to prosecute suspect,
32da402df2a49cb32bc24062661190c48cca9cce2b6dadcc67133d64cb09cc93,2024-11,Sussex Police,Sussex Police,0.240692,50.871857,On or near Stanier Street,E01034302,Wealden 018J,Possession of weapons,Court result unavailable,
1401eb69d0ab107d98e28e8c484c1cb68f86bcdbbae76850ce3dc306662ca531,2024-11,Sussex Police,Sussex Police,0.240692,50.871857,On or near Stanier Street,E01034302,Wealden 018J,Public order,Unable to prosecute suspect,
cc82311b284328ba69e8982b28020891c10384df0f1d36c0f101f24e423dae79,2024-11,Sussex Police,Sussex Police,0.240692,50.871857,On or near Stanier Street,E01034302,Wealden 018J,Public order,Unable to prosecute suspect,
97f208347dd8884c522d6969aeac9d04d7c411cd62a7e5f33829def7e1056338,2024-11,Sussex Police,Sussex Police,0.245829,50.878476,On or near Iona Close,E01034302,Wealden 018J,Violence and sexual offences,Court result unavailable,
1c06d545d81d1eda9744b0c2f948443a51b28e0cace52f66babf1961607b5489,2024-11,Sussex Police,Sussex Police,0.239434,50.874075,On or near Stroudley Way,E01034302,Wealden 018J,Violence and sexual offences,Awaiting court outcome,
0a527d70d63c7dafb630dc2d1eacfa6c47d354125ccb7a633c35b7532c21adc1,2024-11,Sussex Police,Sussex Police,0.244858,50.877802,On or near Shetland Close,E01034302,Wealden 018J,Violence and sexual offences,Unable to prosecute suspect,
bf1778495264c43941a07c8b32e0e651fcd95aebbcc861853eff97e07d4846c6,2024-11,Sussex Police,Sussex Police,0.234615,50.867233,On or near Hempstead Lane,E01034303,Wealden 018K,Burglary,Investigation complete; no suspect identified,
4bf91b103fa19668d11de27d75ee54085ac762ed41885242bec833fa1fc258e5,2024-11,Sussex Police,Sussex Police,0.211318,50.884891,On or near Diamond Drive,E01034303,Wealden 018K,Violence and sexual offences,Investigation complete; no suspect identified,
cabc5d60269df903dcf3e3a563014fd200e4a5ae360439ec6ed09a3f04f99d09,2024-11,Sussex Police,Sussex Police,0.202951,50.865758,On or near Michelham Priory Road,E01034303,Wealden 018K,Violence and sexual offences,Unable to prosecute suspect,
77f95356d682d6c7fe28a10e0c877edd1a46500c5df63a5ed49b6e1f04528e39,2024-11,Sussex Police,Sussex Police,0.202951,50.865758,On or near Michelham Priory Road,E01034303,Wealden 018K,Violence and sexual offences,Unable to prosecute suspect,
6a6489786b4287938c0fec8fcf9a3792397e2d3b1b26a4354581839959e832c2,2024-11,Sussex Police,Sussex Police,0.231051,50.879506,On or near Petrol Station,E01034303,Wealden 018K,Violence and sexual offences,Action to be taken by another organisation,
30526144a1ee59776d187fb597f470379337190b5cd7016b3407eeb6fe7327f7,2024-11,Sussex Police,Sussex Police,0.202951,50.865758,On or near Michelham Priory Road,E01034303,Wealden 018K,Violence and sexual offences,Unable to prosecute suspect,
059af1283f63acb3f5883295788a4a1b3913ccfb9359557fdc72cb6f910b9479,2024-11,Sussex Police,Sussex Police,0.231051,50.879506,On or near Petrol Station,E01034303,Wealden 018K,Violence and sexual offences,Investigation complete; no suspect identified,
,2024-11,Sussex Police,Sussex Police,0.244845,50.824865,On or near Windsor Way,E01021213,Wealden 019B,Anti-social behaviour,,
02c4a454f7c912a33ee77de6d433cf26114ff5f23fb25bd4d79478abcc0ed43a,2024-11,Sussex Police,Sussex Police,0.244090,50.821264,On or near High Street,E01021213,Wealden 019B,Public order,Investigation complete; no suspect identified,
3b9f8666b61b3636e16bc06662b453d1321c884029602252c1e3f137c15d5bd8,2024-11,Sussex Police,Sussex Police,0.244845,50.824865,On or near Windsor Way,E01021213,Wealden 019B,Robbery,Investigation complete; no suspect identified,
52344fd2efafae07917f471f3ca7a28ecc99b99c03ebc4f0ef8c75a6a8fee119,2024-11,Sussex Police,Sussex Police,0.245077,50.821474,On or near Supermarket,E01021213,Wealden 019B,Shoplifting,Investigation complete; no suspect identified,
ab4960adc8558f40d9971f06755fc22d67c0e9502dc6ae50250facfbfa0bad8a,2024-11,Sussex Police,Sussex Police,0.245077,50.821474,On or near Supermarket,E01021213,Wealden 019B,Shoplifting,Investigation complete; no suspect identified,
8136e62f9de391f7d0ac44482de77e12c6d9669586da4c24e46d01ebad98506e,2024-11,Sussex Police,Sussex Police,0.245077,50.821474,On or near Supermarket,E01021213,Wealden 019B,Shoplifting,Investigation complete; no suspect identified,
7d3af7935893945e030c663620585f51fb25a105ceff54999ac36db5fee6aa46,2024-11,Sussex Police,Sussex Police,0.245077,50.821474,On or near Supermarket,E01021213,Wealden 019B,Shoplifting,Investigation complete; no suspect identified,
6a6771ecaff254c780446b8e2e0d1bfd6f7386c8f2e8bb9d42027a7369af3706,2024-11,Sussex Police,Sussex Police,0.245077,50.821474,On or near Supermarket,E01021213,Wealden 019B,Shoplifting,Investigation complete; no suspect identified,
6728bad1a2ddb0f5f592d154d6066750afc20865504ca127e4bd6b6ee62e428a,2024-11,Sussex Police,Sussex Police,0.244090,50.821264,On or near High Street,E01021213,Wealden 019B,Shoplifting,Investigation complete; no suspect identified,
ddf1c5bc55ae9ae53a10c3be9e0bcd4da25fbddb4ca3a5040295f0efd08c0d93,2024-11,Sussex Police,Sussex Police,0.245077,50.821474,On or near Supermarket,E01021213,Wealden 019B,Shoplifting,Investigation complete; no suspect identified,
,2024-11,Sussex Police,Sussex Police,0.236840,50.829093,On or near Supermarket,E01021214,Wealden 019C,Anti-social behaviour,,
54ac4b6bf69a1de1d2d1a2c932a54c12d9aa0b8108d61642a9691412edd6c2bf,2024-11,Sussex Police,Sussex Police,0.236871,50.829137,On or near Petrol Station,E01021214,Wealden 019C,Shoplifting,Investigation complete; no suspect identified,
b83dbb190961f8e7c830cff157fd4b2589a154308d3332bb2d0a00b4b8cbac70,2024-11,Sussex Police,Sussex Police,0.238453,50.825995,On or near Polegate By-Pass,E01021214,Wealden 019C,Vehicle crime,Investigation complete; no suspect identified,
33ce1bd8f727a054f20cc438976a3bd5009ff8d73c861e5d261ace46c7ae1606,2024-11,Sussex Police,Sussex Police,0.241850,50.823115,On or near Victoria Road,E01021214,Wealden 019C,Violence and sexual offences,Unable to prosecute suspect,
d63f5f35d31f3c24c611ff675a8b69e280c44315d8ed577247d5ad02ed633a92,2024-11,Sussex Police,Sussex Police,0.240244,50.823955,On or near Victoria Close,E01021214,Wealden 019C,Violence and sexual offences,Investigation complete; no suspect identified,
ed7449e2f136b7eba28bf0bb4c366a2e2043afc11b18908ebd1a4183ab81e740,2024-11,Sussex Police,Sussex Police,0.236840,50.829093,On or near Supermarket,E01021214,Wealden 019C,Other crime,Offender given a caution,
,2024-11,Sussex Police,Sussex Police,0.246199,50.819928,On or near Walnut Walk,E01021215,Wealden 019D,Anti-social behaviour,,
95971aa4b3477c856b68b9bad353e98f54ca97d055df497f88cf4814534bdd54,2024-11,Sussex Police,Sussex Police,0.252014,50.819816,On or near Otteham Close,E01021215,Wealden 019D,Burglary,Investigation complete; no suspect identified,
817e93fc434c3b75a21dc7f681fc7eda4f51b748671676c1b58614aac278f671,2024-11,Sussex Police,Sussex Police,0.247468,50.820048,On or near Chestnut Drive,E01021215,Wealden 019D,Violence and sexual offences,Investigation complete; no suspect identified,
0b79fac4cd6ab08caa19f4d1fbd7ab2342ddd04bbe231f6dea11892e2ffd464e,2024-11,Sussex Police,Sussex Police,0.233874,50.820507,On or near Gainsborough Lane,E01021216,Wealden 019E,Drugs,Court result unavailable,
710801c5a0aaf73cc70f9bc7e1a66f6b44b599a27c59498dc272bf4696d8acdf,2024-11,Sussex Police,Sussex Police,0.237592,50.816901,On or near Northfield,E01021216,Wealden 019E,Violence and sexual offences,Unable to prosecute suspect,
8bea71f47a3f88f117064aba726c3b4cd6f29a136f8ffae587eff90ebfe9ccb4,2024-11,Sussex Police,Sussex Police,0.238999,50.815147,On or near Southfield,E01021216,Wealden 019E,Violence and sexual offences,Unable to prosecute suspect,
dced4bf34135bf481b35d532c474ee134bfb01821d68f9f417315e528d24522a,2024-11,Sussex Police,Sussex Police,0.236957,50.815213,On or near Wannock Road,E01021216,Wealden 019E,Violence and sexual offences,Unable to prosecute suspect,
,2024-11,Sussex Police,Sussex Police,0.259550,50.821496,On or near Fairoak,E01034304,Wealden 019F,Anti-social behaviour,,
,2024-11,Sussex Police,Sussex Police,0.256425,50.824120,On or near Hythe Close,E01034304,Wealden 019F,Anti-social behaviour,,
7674a1f47e57db972dad170f482b898ab937a746453fcf9ec68f5a994853739c,2024-11,Sussex Police,Sussex Police,0.257767,50.823104,On or near Rye Close,E01034304,Wealden 019F,Criminal damage and arson,Local resolution,
18eac26962e2834297744c7a0d7629da86ca8e9956b5aefbc5cef095f19d9cff,2024-11,Sussex Police,Sussex Police,0.252398,50.823361,On or near Eastern Avenue,E01034304,Wealden 019F,Public order,Unable to prosecute suspect,
eaf11f168a63743d2234ddbf5d5971e07f8042b78f2b764d6e991b0f94628995,2024-11,Sussex Police,Sussex Police,0.250343,50.823446,On or near Western Avenue,E01034304,Wealden 019F,Violence and sexual offences,Unable to prosecute suspect,
2c43f00a1a86fa30917676e62fa62c582728f4bfe7339038110e413f23f82413,2024-11,Sussex Police,Sussex Police,0.253009,50.820426,On or near Heron Ridge,E01034304,Wealden 019F,Violence and sexual offences,Unable to prosecute suspect,
9086a4241b61a525391a55ce97db59f1c65a0a956397d79b721669c9e5bf3c98,2024-11,Sussex Police,Sussex Police,0.252398,50.823361,On or near Eastern Avenue,E01034304,Wealden 019F,Violence and sexual offences,Unable to prosecute suspect,
13b712e0a074b78491d914a9892d3a15da0ad1f0025dffe128e1a8e19f5d2913,2024-11,Sussex Police,Sussex Police,0.253009,50.820426,On or near Heron Ridge,E01034304,Wealden 019F,Violence and sexual offences,Unable to prosecute suspect,
43c7e30176a8b9f26933d66fa33d696ffa3c6a50ba81bd6fa3a8f4b0c915178b,2024-11,Sussex Police,Sussex Police,0.257767,50.823104,On or near Rye Close,E01034304,Wealden 019F,Other crime,Unable to prosecute suspect,
,2024-11,Sussex Police,Sussex Police,0.261521,50.820280,On or near Aberdale Road,E01034305,Wealden 019G,Anti-social behaviour,,
,2024-11,Sussex Police,Sussex Police,0.261521,50.820280,On or near Aberdale Road,E01034305,Wealden 019G,Anti-social behaviour,,
c16a1dee4f8684f742959438d06cfa5f2d46838e98620cb41625e012c4e179e2,2024-11,Sussex Police,Sussex Police,0.261521,50.820280,On or near Aberdale Road,E01034305,Wealden 019G,Criminal damage and arson,Investigation complete; no suspect identified,
a990ed6869415824982174a37d18aeab834a028ac2186cf70a05383879df896c,2024-11,Sussex Police,Sussex Police,0.267851,50.822567,On or near Lavender Grove,E01034305,Wealden 019G,Other theft,Investigation complete; no suspect identified,
9c7648179b2e66f85f13aa47ff540bcb0cfdedf78933157b701c5b16c107be7c,2024-11,Sussex Police,Sussex Police,0.267851,50.822567,On or near Lavender Grove,E01034305,Wealden 019G,Other theft,Investigation complete; no suspect identified,
acc1aea6ef3adc4844a780ddd0d9525dd2c8f3de489b9542d36d040f85dbaecb,2024-11,Sussex Police,Sussex Police,0.264240,50.824229,On or near Balmoral Mews,E01034305,Wealden 019G,Public order,Investigation complete; no suspect identified,
1d568499926119fad34ef1a2d3dad4e6a6ea1f82fb15da48282ee5f74dddd0f5,2024-11,Sussex Police,Sussex Police,0.264683,50.822835,On or near Sandringham Lane,E01034305,Wealden 019G,Vehicle crime,Investigation complete; no suspect identified,
5d1ecef232dc6dee6658f8b6958a3ba873f1e7a8b2c2fc629da76455964ff2d4,2024-11,Sussex Police,Sussex Police,0.264240,50.824229,On or near Balmoral Mews,E01034305,Wealden 019G,Vehicle crime,Investigation complete; no suspect identified,
8d4e4a8b588a46ac6042d2f40ff3e51a796877ab786ff9e498ecfaded69ee155,2024-11,Sussex Police,Sussex Police,0.270642,50.820975,On or near Cornflower Crescent,E01034305,Wealden 019G,Violence and sexual offences,Unable to prosecute suspect,
129da0b59809af2e399e72cba7ec5a0a5e2e6e02cf17520d0a91bfdcf076da8f,2024-11,Sussex Police,Sussex Police,0.261104,50.823409,On or near Clarence Court,E01034305,Wealden 019G,Violence and sexual offences,Unable to prosecute suspect,
273255c79a6c8583f7daddf91f4e12034314d91cab6c7d395c5db210fced0988,2024-11,Sussex Police,Sussex Police,0.268616,50.822831,On or near Poppy Close,E01034305,Wealden 019G,Violence and sexual offences,Investigation complete; no suspect identified,
b18f34ee0fc9dc4f23826e7a66375412e3683ee9b40873635b67ac0854e9527d,2024-11,Sussex Police,Sussex Police,0.264683,50.822835,On or near Sandringham Lane,E01034305,Wealden 019G,Violence and sexual offences,Unable to prosecute suspect,
6fe82060ea7365d61075c5e272b3b72e9fba822c5964f7c0a59f254eb58c7af7,2024-11,Sussex Police,Sussex Police,0.266791,50.821787,On or near Buttercup Drive,E01034305,Wealden 019G,Violence and sexual offences,Status update unavailable,
6286d4ee8f43f488ba379624a8ce7b4ee69939d99039c5ccc17ded2fc3455814,2024-11,Sussex Police,Sussex Police,0.266791,50.821787,On or near Buttercup Drive,E01034305,Wealden 019G,Violence and sexual offences,Unable to prosecute suspect,
,2024-11,Sussex Police,Sussex Police,0.324070,50.813519,On or near Eastbourne Road,E01021206,Wealden 020A,Anti-social behaviour,,
b823917d96233e5b31529d579c934e49a27660041f0c413639f1b351471b839c,2024-11,Sussex Police,Sussex Police,0.316581,50.820260,On or near Romans Way,E01021206,Wealden 020A,Criminal damage and arson,Unable to prosecute suspect,
5ce8430d5b395722ec18d91bfa75c4d7690913e37c36ae409de236e4c43edb7b,2024-11,Sussex Police,Sussex Police,0.323284,50.814272,On or near Hobney Rise,E01021206,Wealden 020A,Drugs,Local resolution,
6b1991f9edbda0563e383d9c9b96f3898310ad6d8c2af2c9d60933663b888d84,2024-11,Sussex Police,Sussex Police,0.325419,50.816109,On or near Montague Way,E01021206,Wealden 020A,Other theft,Investigation complete; no suspect identified,
35ad48adaba11db33228fce30210a94538924ace66a0817b65de899e0489c69e,2024-11,Sussex Police,Sussex Police,0.324070,50.813519,On or near Eastbourne Road,E01021206,Wealden 020A,Public order,Unable to prosecute suspect,
7c43e45ae3ac51c7137855334b8e64321daf0db78ec50d3c2465b8daa14dbc06,2024-11,Sussex Police,Sussex Police,0.338953,50.821010,On or near Bridge End,E01021206,Wealden 020A,Shoplifting,Court result unavailable,
a72f7e6fc1d711d319f2fccd61641b89ce04eb29f26b7fbbc022f5b84d5f4730,2024-11,Sussex Police,Sussex Police,0.338953,50.821010,On or near Bridge End,E01021206,Wealden 020A,Shoplifting,Unable to prosecute suspect,
691ed737f86e4845f57fbc1bd9f9d8c62450972dfaa4a6d6735e3deb3ad1c1b6,2024-11,Sussex Police,Sussex Police,0.338953,50.821010,On or near Bridge End,E01021206,Wealden 020A,Shoplifting,Investigation complete; no suspect identified,
373022ed08c61081748b202648f19182d9d113d5460fcc99bf585a6ffcb7d07c,2024-11,Sussex Police,Sussex Police,0.324070,50.813519,On or near Eastbourne Road,E01021206,Wealden 020A,Violence and sexual offences,Unable to prosecute suspect,
3105b8a30206f43d9b2bf34b5b263cc6552c805a0af9d46e61c7ccf478bf9de5,2024-11,Sussex Police,Sussex Police,0.316581,50.820260,On or near Romans Way,E01021206,Wealden 020A,Violence and sexual offences,Unable to prosecute suspect,
8d4fb6029c069a75e55fe4b30e73abe758aaf43c4a2923d54a35dd028af4c70c,2024-11,Sussex Police,Sussex Police,0.316581,50.820260,On or near Romans Way,E01021206,Wealden 020A,Violence and sexual offences,Unable to prosecute suspect,
9a4dc8036c93655f539977fc2118a63e1f68967c9e094c97f8e9d8292252efae,2024-11,Sussex Police,Sussex Police,0.321026,50.817420,On or near Springfield Close,E01021206,Wealden 020A,Other crime,Unable to prosecute suspect,
d92ddc1f42c78d181bf44eb25943b7969a13d58260bf9f8b822cd016697bb4b3,2024-11,Sussex Police,Sussex Police,0.364382,50.818186,On or near Camber Drive,E01021207,Wealden 020B,Violence and sexual offences,Unable to prosecute suspect,
6504d354382ab6e15da5b3a4c0bf2665695670fdc72e72e382c9ee26bb0ee3ce,2024-11,Sussex Police,Sussex Police,0.365979,50.820852,On or near Mountney Drive,E01021207,Wealden 020B,Violence and sexual offences,Investigation complete; no suspect identified,
89dd5a439c0fb2276b9dd7b06cc903f5bd0766987f28b538ecc9f0d11e412112,2024-11,Sussex Police,Sussex Police,0.371112,50.819317,On or near Coast Road,E01021207,Wealden 020B,Violence and sexual offences,Local resolution,
53b01d8733789daf7b9db1e5398040337cb95d257b81490e1836ebd8626311ab,2024-11,Sussex Police,Sussex Police,0.365947,50.820214,On or near The Square,E01021207,Wealden 020B,Violence and sexual offences,Unable to prosecute suspect,
0d13c773c92877fdb528c8b8c4c22758cedf86b40530bfb0d4d38f3e9c0ffadc,2024-11,Sussex Police,Sussex Police,0.362405,50.816715,On or near Coast Road,E01021207,Wealden 020B,Violence and sexual offences,Unable to prosecute suspect,
,2024-11,Sussex Police,Sussex Police,0.273732,50.820573,On or near Supermarket,E01021208,Wealden 020C,Anti-social behaviour,,
,2024-11,Sussex Police,Sussex Police,0.284432,50.816676,On or near Darwell Drive,E01021208,Wealden 020C,Anti-social behaviour,,
,2024-11,Sussex Police,Sussex Police,0.295168,50.817320,On or near Dallaway Drive,E01021208,Wealden 020C,Anti-social behaviour,,
8ef4cb4838c182df54b3c2b2da14e0c70f429be08c3a391663c9aa40472b33ff,2024-11,Sussex Police,Sussex Police,0.298078,50.815869,On or near Beggars Lane,E01021208,Wealden 020C,Criminal damage and arson,Investigation complete; no suspect identified,
95e12a827bede5deab710a0612443163e55e8d21cbcecd5fe5163932ea89b1a0,2024-11,Sussex Police,Sussex Police,0.277801,50.837078,On or near Parking Area,E01021208,Wealden 020C,Other theft,Investigation complete; no suspect identified,
d0859aee1f4b1b243c818a05ec8983b06c6d72a5ff1c92d614d76381f667f121,2024-11,Sussex Police,Sussex Police,0.272397,50.821453,On or near Twin Oaks Drive,E01021208,Wealden 020C,Possession of weapons,Offender given a caution,
451e3e9f0f937bf2eed8f6100512bcf8fdcecd2a6b2b815b1274d701c191e7c3,2024-11,Sussex Police,Sussex Police,0.297704,50.834484,On or near Parking Area,E01021208,Wealden 020C,Vehicle crime,Investigation complete; no suspect identified,
57ccfa9c6f56d14fa308a68f2fad32d62bd8886b539ae21da91c54e49c4afeda,2024-11,Sussex Police,Sussex Police,0.277185,50.818887,On or near Dittons Road,E01021208,Wealden 020C,Vehicle crime,Unable to prosecute suspect,
d5228a36963d79ca4fd85d69de57247aca9a30af13cb82d212a32733d6e25626,2024-11,Sussex Police,Sussex Police,0.299166,50.817502,On or near Beechfield Close,E01021208,Wealden 020C,Violence and sexual offences,Unable to prosecute suspect,
a795b413b956d648310050edf78d3629f1031c46b688a10d6289a75a593aed73,2024-11,Sussex Police,Sussex Police,0.293057,50.815104,On or near Lavant Road,E01021208,Wealden 020C,Violence and sexual offences,Investigation complete; no suspect identified,
4a1fe815a6e59b94a1afacdf8049289149b21375ba03358c8091eea172f50cd6,2024-11,Sussex Police,Sussex Police,0.293057,50.815104,On or near Lavant Road,E01021208,Wealden 020C,Violence and sexual offences,Unable to prosecute suspect,
35143338a0b6e3d913656a322760619b21901cf8de2884c249d1d1d3a3544999,2024-11,Sussex Police,Sussex Police,0.286393,50.818176,On or near Austen Avenue,E01021208,Wealden 020C,Other crime,Investigation complete; no suspect identified,
,2024-11,Sussex Police,Sussex Police,0.306745,50.817451,On or near Mill View Close,E01021209,Wealden 020D,Anti-social behaviour,,
7734786aff8a82ef4ba98e608dfee809adb97c7dca5bba3954dbf1caf078944b,2024-11,Sussex Police,Sussex Police,0.306745,50.817451,On or near Mill View Close,E01021209,Wealden 020D,Burglary,Investigation complete; no suspect identified,
a57b54646f185374f43e74d93a56bf0a1d09ebc1a26a0b6ffd9d117827c592ed,2024-11,Sussex Police,Sussex Police,0.302606,50.815554,On or near Hedge Parsley Crescent,E01021209,Wealden 020D,Drugs,Court result unavailable,
045b9e7929e022f60ee498ae27f0b656f61fa4c8b0c90b3770ddb1d5cb0f47d9,2024-11,Sussex Police,Sussex Police,0.306745,50.817451,On or near Mill View Close,E01021209,Wealden 020D,Other theft,Investigation complete; no suspect identified,
055fcb16dd364e41caeca0e1637cbdd49db638fee746ad7c2c10efae0831ef15,2024-11,Sussex Police,Sussex Police,0.306745,50.817451,On or near Mill View Close,E01021209,Wealden 020D,Violence and sexual offences,Unable to prosecute suspect,
3647d55f2895072ef678d78ecd0aec9e847771de277b104d7bc0570bdea08515,2024-11,Sussex Police,Sussex Police,0.306745,50.817451,On or near Mill View Close,E01021209,Wealden 020D,Violence and sexual offences,Unable to prosecute suspect,
7dfa39862231d4b2d77897078b7640d6a5a966646c64b78262056cfbf8a15ba0,2024-11,Sussex Police,Sussex Police,0.306745,50.817451,On or near Mill View Close,E01021209,Wealden 020D,Violence and sexual offences,Unable to prosecute suspect,
fd317db098134c1989766ad976ef400659d81968cad4ce65fb011b1bfc065ad2,2024-11,Sussex Police,Sussex Police,0.306745,50.817451,On or near Mill View Close,E01021209,Wealden 020D,Violence and sexual offences,Unable to prosecute suspect,
318d9a6db89f6233518b1cf86f51900651731ee92b9b2632f3b314296d8bd96c,2024-11,Sussex Police,Sussex Police,0.306745,50.817451,On or near Mill View Close,E01021209,Wealden 020D,Violence and sexual offences,Status update unavailable,
580e668883cad31fcf817d5330cd61a12b592bc457b7bd1cc34dcb0e790f64d6,2024-11,Sussex Police,Sussex Police,0.316890,50.818464,On or near St John'S Drive,E01021209,Wealden 020D,Violence and sexual offences,Unable to prosecute suspect,
f782b12891909c962ddc0736d18b102563b2f0ed49c10836159e02e9deaf4684,2024-11,Sussex Police,Sussex Police,0.304373,50.817426,On or near Ramsons Lane,E01021209,Wealden 020D,Violence and sexual offences,Investigation complete; no suspect identified,
cecd37b22e1658ffd18d99c61734c7ad3d22c7a6ca2da56b5e67bba185600c29,2024-11,Sussex Police,Sussex Police,0.306745,50.817451,On or near Mill View Close,E01021209,Wealden 020D,Violence and sexual offences,Unable to prosecute suspect,
cf23877f07f2a927aedf75a90f7162093eccbc7f08f0779a14883de2e3df9cd7,2024-11,Sussex Police,Sussex Police,0.306745,50.817451,On or near Mill View Close,E01021209,Wealden 020D,Violence and sexual offences,Unable to prosecute suspect,
4163b0cbe4455a5b833f8b717158dba1cfd2d0224847ad0167461b9e6016c229,2024-11,Sussex Police,Sussex Police,0.304046,50.819429,On or near Hazel Croft,E01021209,Wealden 020D,Violence and sexual offences,Status update unavailable,
239867129ffca53f881ca82802cf236c6b28de7ba6c4214e2307582d18ff17a7,2024-11,Sussex Police,Sussex Police,0.306745,50.817451,On or near Mill View Close,E01021209,Wealden 020D,Violence and sexual offences,Status update unavailable,
433b38b94ce9b9e4dfcd3c60e30d95361130080154b74692b94e3c8613d59d0f,2024-11,Sussex Police,Sussex Police,0.306745,50.817451,On or near Mill View Close,E01021209,Wealden 020D,Violence and sexual offences,Unable to prosecute suspect,
1d5e897f98893febe5c0fa22cfbe0337f1ea8a2933ad5ab79f99e6182a6c65e4,2024-11,Sussex Police,Sussex Police,0.306745,50.817451,On or near Mill View Close,E01021209,Wealden 020D,Violence and sexual offences,Unable to prosecute suspect,
3f9ff16060ef8c00fb2f1fb684305b8cae59a38a7b68ba10ef4f954ff66a6aa6,2024-11,Sussex Police,Sussex Police,0.306745,50.817451,On or near Mill View Close,E01021209,Wealden 020D,Violence and sexual offences,Local resolution,
cbc39de82e32e7db8c136ea6fbaf2d49174648f73fab64bd3a08375d3a4af237,2024-11,Sussex Police,Sussex Police,0.282263,50.817034,On or near Hamble Road,E01021210,Wealden 020E,Burglary,Investigation complete; no suspect identified,
e604171eb68ab2a7be24f7bd3a2cbc677d248e214be61d69079533d64d17dbab,2024-11,Sussex Police,Sussex Police,0.292227,50.814671,On or near Medina Drive,E01021210,Wealden 020E,Theft from the person,Unable to prosecute suspect,
fdaf9fd6497d5de00b75c43b9e8d52a4722d26fdbf08aa0cafe39f1c72cddc8d,2024-11,Sussex Police,Sussex Police,0.288169,50.814139,On or near Wellsbourne Road,E01021210,Wealden 020E,Vehicle crime,Court result unavailable,
525b1793a8b5dcfc39b9dae78b874f7df4521463b4e20917ea1bf675c6ce7bea,2024-11,Sussex Police,Sussex Police,0.288056,50.814438,On or near Tamar Close,E01021210,Wealden 020E,Violence and sexual offences,Unable to prosecute suspect,
,2024-11,Sussex Police,Sussex Police,0.346653,50.809487,On or near Val Prinseps Road,E01021211,Wealden 020F,Anti-social behaviour,,
b1fb771e5a39d3345061dc51f7caf4b7e52fb71737951dbdee99403381f9f3f4,2024-11,Sussex Police,Sussex Police,0.344643,50.809051,On or near Innings Drive,E01021211,Wealden 020F,Criminal damage and arson,Investigation complete; no suspect identified,
275d03aebac751ee24e102e78d8c2ce8e76beb05105136b729fc96713e7d2fb4,2024-11,Sussex Police,Sussex Police,0.351552,50.811232,On or near The Promenade,E01021211,Wealden 020F,Public order,Investigation complete; no suspect identified,
d0a96a2a56de870931a77ea1398097a62ceff5bd168c10f6a227b8c8b711c267,2024-11,Sussex Police,Sussex Police,0.343850,50.807097,On or near Millward Road,E01021211,Wealden 020F,Public order,Unable to prosecute suspect,
f101f35baa5eedad4df1fe8558b84176f7dba121d8ac764983dc8559b269a93a,2024-11,Sussex Police,Sussex Police,0.347154,50.810718,On or near Eastbourne Road,E01021211,Wealden 020F,Vehicle crime,Investigation complete; no suspect identified,
0a2899cc1782d8821c42cf20bacffd814ff3e5f39f673088060f2178cce5822d,2024-11,Sussex Police,Sussex Police,0.253898,50.807620,On or near Hamlands Lane,E01021232,Wealden 021A,Violence and sexual offences,Unable to prosecute suspect,
,2024-11,Sussex Police,Sussex Police,0.264506,50.809186,On or near Blue Bird Way,E01021233,Wealden 021B,Anti-social behaviour,,
,2024-11,Sussex Police,Sussex Police,0.264506,50.809186,On or near Blue Bird Way,E01021233,Wealden 021B,Anti-social behaviour,,
,2024-11,Sussex Police,Sussex Police,0.264506,50.809186,On or near Blue Bird Way,E01021233,Wealden 021B,Anti-social behaviour,,
2102fde6d9d979683b399f5131e7b0dbc32a9355c8f5f77bac17b1a3b09976d8,2024-11,Sussex Police,Sussex Police,0.264506,50.809186,On or near Blue Bird Way,E01021233,Wealden 021B,Criminal damage and arson,Investigation complete; no suspect identified,
3431b7bcc9c18c9fc72a9094a150748f97cb149ff080f57b95fb26a4a0f1f5a8,2024-11,Sussex Police,Sussex Police,0.266430,50.810813,On or near St Davids Close,E01021233,Wealden 021B,Criminal damage and arson,Investigation complete; no suspect identified,
538e9c3c44ab21596ac23867e5370285abe664f4bef9b354ed0c2fe60ca1e24b,2024-11,Sussex Police,Sussex Police,0.253219,50.808865,On or near Windover Way,E01021233,Wealden 021B,Other theft,Investigation complete; no suspect identified,
b8a82352f01dc99cbee5545896a25ba4f346a604a4deb0530650cfac5fbecf5e,2024-11,Sussex Police,Sussex Police,0.252677,50.809685,On or near Oxendean Gardens,E01021233,Wealden 021B,Other theft,Investigation complete; no suspect identified,
14cc4c69e9a30688137f5282da2f27ab52ea05532a016218385e028408ffd918,2024-11,Sussex Police,Sussex Police,0.264506,50.809186,On or near Blue Bird Way,E01021233,Wealden 021B,Vehicle crime,Investigation complete; no suspect identified,
3b777df95e3fdb8e7f390d6e3504011884475771e1c801d7abc9ba32e9b23a5d,2024-11,Sussex Police,Sussex Police,0.269025,50.810465,On or near Dutchells Way,E01021233,Wealden 021B,Violence and sexual offences,Unable to prosecute suspect,
adebd3b3c9be30d3d8e99cfeedb55941373f8866caeef04f292ba8e243408747,2024-11,Sussex Police,Sussex Police,0.270343,50.810134,On or near Regnum Close,E01021233,Wealden 021B,Violence and sexual offences,Court result unavailable,
881e43d0f4d9b5256ae354cc74eaadb2a23a5ce07ab0ce00cf8b458f8d529bfc,2024-11,Sussex Police,Sussex Police,0.233294,50.810436,On or near Cornmill Gardens,E01021234,Wealden 021C,Burglary,Investigation complete; no suspect identified,
,2024-11,Sussex Police,Sussex Police,0.253992,50.801907,On or near Chichester Close,E01021235,Wealden 021D,Anti-social behaviour,,
b53f1ae703ef32b5e8c50daea36eb2e697c8401437a9e15daf5b18aeff95d3cf,2024-11,Sussex Police,Sussex Police,0.253992,50.801907,On or near Chichester Close,E01021235,Wealden 021D,Burglary,Investigation complete; no suspect identified,
88ed0664ac40f26d8e0a90a51e5cf4ba48fbaf153a4001dfd0207c2ebd80052e,2024-11,Sussex Police,Sussex Police,0.249930,50.801266,On or near Coopers Hill,E01021235,Wealden 021D,Vehicle crime,Investigation complete; no suspect identified,
4971c713c6441f4c33c6e1969394890c371639e8d9ea7f61a69095455984be0c,2024-11,Sussex Police,Sussex Police,0.252220,50.800772,On or near Tas Combe Way,E01021235,Wealden 021D,Vehicle crime,Investigation complete; no suspect identified,
,2024-11,Sussex Police,Sussex Police,0.241861,50.811476,On or near Broad Road,E01021236,Wealden 021E,Anti-social behaviour,,
a232bf8df9a0c472fb656bd8fbf9c1d943c55aa1c47aaea77de2d3a264d99e5b,2024-11,Sussex Police,Sussex Police,0.240127,50.812922,On or near Farmlands Avenue,E01021236,Wealden 021E,Burglary,Investigation complete; no suspect identified,
60ad0483bfd3d652e84c9713513dc54e88b4b0643759c04c142830e783bbe424,2024-11,Sussex Police,Sussex Police,0.242645,50.814798,On or near Watermill Close,E01021236,Wealden 021E,Violence and sexual offences,Unable to prosecute suspect,
c8bbd93778a91ab49ad1a1db586cda2fd7403cb25ec2effb234b73a82a1ff46f,2024-11,Sussex Police,Sussex Police,0.241861,50.811476,On or near Broad Road,E01021236,Wealden 021E,Violence and sexual offences,Investigation complete; no suspect identified,
cdc2ca73e35968c7f7a00030b2d45ae966b79f69fda8081cbdffe7bd615e176e,2024-11,Sussex Police,Sussex Police,0.242456,50.813237,On or near Park Croft,E01021236,Wealden 021E,Violence and sexual offences,Court result unavailable,
e044c20305a662746d943f53743ff6c30564f4508f7058199165e6bfc7a440ca,2024-11,Sussex Police,Sussex Police,0.242456,50.813237,On or near Park Croft,E01021236,Wealden 021E,Violence and sexual offences,Status update unavailable,
f22b644a7aad3efba21ab2553741bf4fa64fbf495c0db9a9a9ab7557a317e58e,2024-11,Sussex Police,Sussex Police,-0.417323,50.835826,On or near New Road,E01031793,Worthing 001A,Violence and sexual offences,Unable to prosecute suspect,
,2024-11,Sussex Police,Sussex Police,-0.398787,50.857094,On or near Storrington Rise,E01031820,Worthing 001B,Anti-social behaviour,,
9891a3b085f35eec38827c5ca1786f2631c7b3668b066d2b4eaac3b53726c205,2024-11,Sussex Police,Sussex Police,-0.395967,50.855616,On or near Long Meadow,E01031820,Worthing 001B,Burglary,Investigation complete; no suspect identified,
0507a9f68293001e580ec7b02536c25f3e82b78c66bb8d1096bfcc2e87038d8b,2024-11,Sussex Police,Sussex Police,-0.398787,50.857094,On or near Storrington Rise,E01031820,Worthing 001B,Violence and sexual offences,Investigation complete; no suspect identified,
e4d3da2eab70f2b47c472a8846b5ab9f5df479e5872f82fd98c075dabe6af4dc,2024-11,Sussex Police,Sussex Police,-0.392306,50.839369,On or near Fontwell Drive,E01031821,Worthing 001C,Other theft,Investigation complete; no suspect identified,
d58415c3fb269dae93a4403c72b941b1db827b42a2554ec1d5c538e48e432b6c,2024-11,Sussex Police,Sussex Police,-0.402623,50.853747,On or near Downside Close,E01031821,Worthing 001C,Public order,Unable to prosecute suspect,
f727e683cc92322b78f0681a40c8edbc1a18d07f4bff787417e21eb0ac3b1f05,2024-11,Sussex Police,Sussex Police,-0.397737,50.844192,On or near Parham Road,E01031821,Worthing 001C,Violence and sexual offences,Unable to prosecute suspect,
6be490e844acbede66a852517a86b42749e8b3393e8eb392617f5bbbfe5d44b4,2024-11,Sussex Police,Sussex Police,-0.397737,50.844192,On or near Parham Road,E01031821,Worthing 001C,Violence and sexual offences,Unable to prosecute suspect,
,2024-11,Sussex Police,Sussex Police,-0.401047,50.844993,On or near Mill Lane,E01031828,Worthing 001D,Anti-social behaviour,,
7f19c6172cfeee0ee9bceb852b4604733e777b882ddec2ddae88b5d979c65b0c,2024-11,Sussex Police,Sussex Police,-0.402331,50.842358,On or near Uplands Avenue,E01031828,Worthing 001D,Criminal damage and arson,Investigation complete; no suspect identified,
897d43cb2f8ddd08a8e80524d1c67643bf2ecedf7f0675be913dfa67e5a42673,2024-11,Sussex Police,Sussex Police,-0.412711,50.851627,On or near Honeysuckle Lane,E01031828,Worthing 001D,Violence and sexual offences,Investigation complete; no suspect identified,
7a4bdd27e607e7c84f6dbe3ce0ab21016c52792b992a0d71752b4d9432f7ea48,2024-11,Sussex Police,Sussex Police,-0.402493,50.845912,On or near High View,E01031828,Worthing 001D,Violence and sexual offences,Unable to prosecute suspect,
90cdad8a7022b00fe124f70976ed79eb1b55243386eb259f87c6e091bf90480e,2024-11,Sussex Police,Sussex Police,-0.402493,50.845912,On or near High View,E01031828,Worthing 001D,Violence and sexual offences,Unable to prosecute suspect,
1ed47f6ee2f4f927e3f435f92fcd8f108160ccb88f01408468c1f1bb9022900e,2024-11,Sussex Police,Sussex Police,-0.402493,50.845912,On or near High View,E01031828,Worthing 001D,Violence and sexual offences,Unable to prosecute suspect,
6d4b639029f3dfc7c5b0b3a4d3e84a8f7f9faa2c19ede3a92fe3d56434bdd992,2024-11,Sussex Police,Sussex Police,-0.408059,50.840134,On or near Cheviot Close,E01031829,Worthing 001E,Criminal damage and arson,Unable to prosecute suspect,
4159a86c2737775ae94543ebcea9af5c6429af63735a4d295f5cfd8c0546161f,2024-11,Sussex Police,Sussex Police,-0.410432,50.843026,On or near Wellingham Lane,E01031829,Worthing 001E,Violence and sexual offences,Investigation complete; no suspect identified,
1c39774baea57d2460789a3a7afde0717da13ec0cf0017ff7414fbf349a79af7,2024-11,Sussex Police,Sussex Police,-0.410432,50.843026,On or near Wellingham Lane,E01031829,Worthing 001E,Violence and sexual offences,Unable to prosecute suspect,
07963f7b72b7eb57e52e19b936444dc0077186c5bff65697208a79efd66f825e,2024-11,Sussex Police,Sussex Police,-0.410432,50.843026,On or near Wellingham Lane,E01031829,Worthing 001E,Violence and sexual offences,Court result unavailable,
f32e99f5a567f3ae3d27fae7a9c4efc7b18d3ce716d3895a08b3bd840ae0613e,2024-11,Sussex Police,Sussex Police,-0.410432,50.843026,On or near Wellingham Lane,E01031829,Worthing 001E,Violence and sexual offences,Court result unavailable,
7da420f0faece46059ac78bfee32c322bb51b6a5da844ed008a57efbf78c612f,2024-11,Sussex Police,Sussex Police,-0.410432,50.843026,On or near Wellingham Lane,E01031829,Worthing 001E,Violence and sexual offences,Unable to prosecute suspect,
4be52a8869df9e307092ac181f7313567f5145197b1087ff6e968903a69fc8a2,2024-11,Sussex Police,Sussex Police,-0.391623,50.830726,On or near Parking Area,E01031822,Worthing 002A,Drugs,Status update unavailable,
073fa8df25ec2793e297cd9872160c414267202ea623608fbc2ba22482541fd4,2024-11,Sussex Police,Sussex Police,-0.391623,50.830726,On or near Parking Area,E01031822,Worthing 002A,Drugs,Status update unavailable,
477d3967b5e4a21c1aadd574cab8db20c69a96ad86b27365b3000f0d1d9d06b4,2024-11,Sussex Police,Sussex Police,-0.391623,50.830726,On or near Parking Area,E01031822,Worthing 002A,Drugs,Status update unavailable,
4d8a37ac9b8b06544b73e1e77145a13ad1ace2791062318876e633a8b93bae6c,2024-11,Sussex Police,Sussex Police,-0.391623,50.830726,On or near Parking Area,E01031822,Worthing 002A,Vehicle crime,Unable to prosecute suspect,
123ee5e07e5a4de3729b4924f697732e58bd29f8e4d5ae3399720674bb1462fe,2024-11,Sussex Police,Sussex Police,-0.387510,50.834716,On or near Shirley Close,E01031822,Worthing 002A,Violence and sexual offences,Status update unavailable,
cb893feb8787a8511e0a3cc66fea8085f4a239dd15aa4d1b4ea27e98a0611345,2024-11,Sussex Police,Sussex Police,-0.385893,50.830530,On or near Poulter'S Lane,E01031822,Worthing 002A,Violence and sexual offences,Unable to prosecute suspect,
bc6aae61e484506263a7c7371a7ce9662276bade91c0bc7497e23b7a5834d808,2024-11,Sussex Police,Sussex Police,-0.397726,50.832896,On or near Lingfield Close,E01031825,Worthing 002B,Criminal damage and arson,Investigation complete; no suspect identified,
e5ea92a8b142e9557481418e74584e33e4f48aa1702629044dd88535eeaf2068,2024-11,Sussex Police,Sussex Police,-0.401516,50.837922,On or near Blackdown Road,E01031825,Worthing 002B,Other theft,Investigation complete; no suspect identified,
bdc753a475aef3e2908fdd6f245444f6c46474676671cc57b24626a4e8c502ec,2024-11,Sussex Police,Sussex Police,-0.398826,50.837273,On or near Half Moon Lane,E01031825,Worthing 002B,Violence and sexual offences,Formal action is not in the public interest,
423cafc2a8a71ece9b16f8fbea2dbf82c0acf6b224a9073f650be685da8f5528,2024-11,Sussex Police,Sussex Police,-0.402149,50.836042,On or near Brecon Close,E01031825,Worthing 002B,Violence and sexual offences,Investigation complete; no suspect identified,
f0fff2f4edd0bfbabbf8afe7875367191b5db4d027d0bf2d86798b235c326b83,2024-11,Sussex Police,Sussex Police,-0.398261,50.834271,On or near Ashacre Mews,E01031825,Worthing 002B,Violence and sexual offences,Investigation complete; no suspect identified,
,2024-11,Sussex Police,Sussex Police,-0.405229,50.835248,On or near Salvington Road,E01031826,Worthing 002C,Anti-social behaviour,,
4b21682ce73b7d5a86b79232d2b02ac228fbe3e6bd88a86053336875eb185ae3,2024-11,Sussex Police,Sussex Police,-0.406419,50.836181,On or near Mendip Crescent,E01031826,Worthing 002C,Other theft,Investigation complete; no suspect identified,
971b3fa8653d33c2c664ceab88a96b14a33ed112119f40a5399e133150521ebb,2024-11,Sussex Police,Sussex Police,-0.404794,50.835916,On or near Cumbrian Close,E01031826,Worthing 002C,Public order,Further action is not in the public interest,
9fae43b31643c803c8688b19b35e3926b012666a39daee7a425443bf943e6187,2024-11,Sussex Police,Sussex Police,-0.404794,50.835916,On or near Cumbrian Close,E01031826,Worthing 002C,Violence and sexual offences,Unable to prosecute suspect,
70227481cf2b279fb70c46ef05f73943f56dfa5de4f8c478de0ae61cf7ac3a3d,2024-11,Sussex Police,Sussex Police,-0.406419,50.836181,On or near Mendip Crescent,E01031826,Worthing 002C,Violence and sexual offences,Unable to prosecute suspect,
68e85cedc9818e207a9d58a5ed47b0dc8b08e3bfa1f0534ae589a634dc2d468b,2024-11,Sussex Police,Sussex Police,-0.404794,50.835916,On or near Cumbrian Close,E01031826,Worthing 002C,Violence and sexual offences,Investigation complete; no suspect identified,
,2024-11,Sussex Police,Sussex Police,-0.392473,50.830774,On or near Parking Area,E01031827,Worthing 002D,Anti-social behaviour,,
,2024-11,Sussex Police,Sussex Police,-0.395750,50.832959,On or near Rogate Road,E01031827,Worthing 002D,Anti-social behaviour,,
,2024-11,Sussex Police,Sussex Police,-0.392473,50.830774,On or near Parking Area,E01031827,Worthing 002D,Anti-social behaviour,,
6ce51bcae8a93a4a7326daf029fda354d7ff062332619da7e0cfc72bdd974751,2024-11,Sussex Police,Sussex Police,-0.401887,50.831227,On or near Salvington Gardens,E01031827,Worthing 002D,Burglary,Investigation complete; no suspect identified,
7ddd007d1f8d2d687fe60271fbff5fa9009be09ee5c367d7d592f42588dd0a3a,2024-11,Sussex Police,Sussex Police,-0.402275,50.829856,On or near Little Gables,E01031827,Worthing 002D,Criminal damage and arson,Unable to prosecute suspect,
93a9bb4cef27fd6d764e94a62e77d24b9886602502158539c2ac7d73312fcb31,2024-11,Sussex Police,Sussex Police,-0.393390,50.834258,On or near Springfield Gardens,E01031827,Worthing 002D,Criminal damage and arson,Unable to prosecute suspect,
62b7511a525ff37e4247f1af307e6f722710c0881df9ad206874d61c1e3c6c23,2024-11,Sussex Police,Sussex Police,-0.391739,50.834379,On or near Offington Lane,E01031827,Worthing 002D,Public order,Investigation complete; no suspect identified,
60f6922bb4cdb78aadbaadf2fcaa0b7f0e06ab6982846a8f3d21c0d710b0ed2c,2024-11,Sussex Police,Sussex Police,-0.391739,50.834379,On or near Offington Lane,E01031827,Worthing 002D,Public order,Investigation complete; no suspect identified,
5a4d7abf30a126473105b05c9f45e7e6e85c7aa59ccf41c12e924979b0fa7921,2024-11,Sussex Police,Sussex Police,-0.391739,50.834379,On or near Offington Lane,E01031827,Worthing 002D,Public order,Unable to prosecute suspect,
1018c500b288e8b664d2b4d76175a60e149ecae80e379be232b6238a98fd19ec,2024-11,Sussex Police,Sussex Police,-0.392473,50.830774,On or near Parking Area,E01031827,Worthing 002D,Theft from the person,Unable to prosecute suspect,
f409c089dc3ee92a7a9470b042d6f4d1470e9edc0280153e9b57fff4dd179fe9,2024-11,Sussex Police,Sussex Police,-0.395739,50.833265,On or near Vineries Close,E01031827,Worthing 002D,Violence and sexual offences,Unable to prosecute suspect,
4017eb2e9e2c27f5b8297d302ad48a0c144a83cd195ec2f75e407af703d013c2,2024-11,Sussex Police,Sussex Police,-0.395750,50.832959,On or near Rogate Road,E01031827,Worthing 002D,Violence and sexual offences,Action to be taken by another organisation,
e01e8e58a7bcd5793fe0c088f1a1a37ac6b04c604c6b24928c0a7fcf90f17c71,2024-11,Sussex Police,Sussex Police,-0.393390,50.834258,On or near Springfield Gardens,E01031827,Worthing 002D,Violence and sexual offences,Further investigation is not in the public interest,
,2024-11,Sussex Police,Sussex Police,-0.395881,50.829130,On or near Chantry Road,E01031839,Worthing 002E,Anti-social behaviour,,
,2024-11,Sussex Police,Sussex Police,-0.391668,50.826536,On or near Rectory Road,E01031839,Worthing 002E,Anti-social behaviour,,
554c30671522edcb87603b96e3eb5d0fd6869faa3f9c4932a966aa51301a2811,2024-11,Sussex Police,Sussex Police,-0.395139,50.825918,On or near Church Way,E01031839,Worthing 002E,Criminal damage and arson,Investigation complete; no suspect identified,
dadf20bed37f45f9bd9fe51b67b5e4c9edb3d8a0438fb56a9e5985a5e1e40e8a,2024-11,Sussex Police,Sussex Police,-0.398475,50.828032,On or near Leeward Road,E01031839,Worthing 002E,Drugs,Unable to prosecute suspect,
f2d3cc8d7b1282167c4b6c3f2e67cf17fc6034cc3c271b3136b0c037a2d9b5ea,2024-11,Sussex Police,Sussex Police,-0.391668,50.826536,On or near Rectory Road,E01031839,Worthing 002E,Public order,Court result unavailable,
b135691e394eaad065cbbeadc10a3999f28f3c3b684063e3e3da1e38bab206ff,2024-11,Sussex Police,Sussex Police,-0.395946,50.827242,On or near Pelham Road,E01031839,Worthing 002E,Public order,Investigation complete; no suspect identified,
c63cb9dd8370655c4ded2343cf9ee8d0171bb8a56cb95538395901235905aec8,2024-11,Sussex Police,Sussex Police,-0.391668,50.826536,On or near Rectory Road,E01031839,Worthing 002E,Public order,Unable to prosecute suspect,
d3c26cf82120560cb40cac59a1002e9fa0dd50989b64efabf33f9b2e8dcf72c7,2024-11,Sussex Police,Sussex Police,-0.391668,50.826536,On or near Rectory Road,E01031839,Worthing 002E,Shoplifting,Court result unavailable,
aedcd104d0cc8510919f78a018a5a1e4a3d6f3e910930a50d12376094786f081,2024-11,Sussex Police,Sussex Police,-0.395881,50.829130,On or near Chantry Road,E01031839,Worthing 002E,Shoplifting,Investigation complete; no suspect identified,
253417695e44c85f1acb9e1a20e12c4e7b3e8b79075b441fd97cb364cc6ad9cd,2024-11,Sussex Police,Sussex Police,-0.391668,50.826536,On or near Rectory Road,E01031839,Worthing 002E,Shoplifting,Unable to prosecute suspect,
40b2948456bdfd8d4562041b110fe959322c6e1376e3147e96f69e599f6b99ff,2024-11,Sussex Police,Sussex Police,-0.391668,50.826536,On or near Rectory Road,E01031839,Worthing 002E,Shoplifting,Unable to prosecute suspect,
a3bea93010ad840d4a3e2286b999283728257cbfa8a61d0ec806865f70f770dc,2024-11,Sussex Police,Sussex Police,-0.391668,50.826536,On or near Rectory Road,E01031839,Worthing 002E,Shoplifting,Court result unavailable,
e6d171cd735034a25328d5577b9806850828c6fdc77361f35451fda8779030d0,2024-11,Sussex Police,Sussex Police,-0.395881,50.829130,On or near Chantry Road,E01031839,Worthing 002E,Shoplifting,Investigation complete; no suspect identified,
d461cb405797983a5d667f51f44a25d7aae116418e22b94883e619a89c7e6a2a,2024-11,Sussex Police,Sussex Police,-0.391668,50.826536,On or near Rectory Road,E01031839,Worthing 002E,Shoplifting,Court result unavailable,
da6888654f45bc296665a5daeb138da356c0ae33a59a00de8888b0085d47b576,2024-11,Sussex Police,Sussex Police,-0.395881,50.829130,On or near Chantry Road,E01031839,Worthing 002E,Shoplifting,Investigation complete; no suspect identified,
db739ed2e5cad86c66aa81bd00b603a6dd2e199b191b0b6950f79275f7e80316,2024-11,Sussex Police,Sussex Police,-0.395881,50.829130,On or near Chantry Road,E01031839,Worthing 002E,Shoplifting,Investigation complete; no suspect identified,
b63eeb6ddf30686c6eeb95bf3bd9a17d88f07fa4952428fea7e89dcc07c3fef6,2024-11,Sussex Police,Sussex Police,-0.393641,50.829027,On or near Highfield Road,E01031839,Worthing 002E,Vehicle crime,Investigation complete; no suspect identified,
3c5f84373f4e2d922e654dfa93ed241ce88b1faf879e1894598ce358b7af902e,2024-11,Sussex Police,Sussex Police,-0.396946,50.826231,On or near The Oval,E01031839,Worthing 002E,Violence and sexual offences,Unable to prosecute suspect,
e28f0373c5d56f746e9f227eca840f2fb3ebd470c967391af9d0f55636aedb0e,2024-11,Sussex Police,Sussex Police,-0.394225,50.828154,On or near Somerset Close,E01031839,Worthing 002E,Violence and sexual offences,Unable to prosecute suspect,
87cdbaf2efc5e03924c93d8cb5f83578e505c5ef869476ba4ba069bd137f4cd0,2024-11,Sussex Police,Sussex Police,-0.413817,50.832847,On or near Birkdale Road,E01031792,Worthing 003A,Criminal damage and arson,Unable to prosecute suspect,
469abfe6796a15eb38cea8f76487c1b9c506c4ce9adc10a36db3fe9a0adbc405,2024-11,Sussex Police,Sussex Police,-0.414620,50.837237,On or near Bramble Close,E01031792,Worthing 003A,Criminal damage and arson,Investigation complete; no suspect identified,
83eee332a41294d2c26bc0a32c94dd6edbceab6c6119cd3d16cde51cdbbd528e,2024-11,Sussex Police,Sussex Police,-0.411706,50.835642,On or near Supermarket,E01031792,Worthing 003A,Criminal damage and arson,Investigation complete; no suspect identified,
312247a85ed012361e4d68836f19c9ece614cdc5d55444376261f9dabc70bede,2024-11,Sussex Police,Sussex Police,-0.408895,50.834344,On or near Greenland Close,E01031792,Worthing 003A,Criminal damage and arson,Investigation complete; no suspect identified,
cf4f9c85fc76906bd663af96d7c9817a68fb4c914c3db57a781e8f329da3a4da,2024-11,Sussex Police,Sussex Police,-0.414598,50.836634,On or near Ivydore Close,E01031792,Worthing 003A,Drugs,Investigation complete; no suspect identified,
18273dde26e5f97f32cf959debd9fecb2cd96de2244522ab59008368b39f41ff,2024-11,Sussex Police,Sussex Police,-0.414598,50.836634,On or near Ivydore Close,E01031792,Worthing 003A,Drugs,Investigation complete; no suspect identified,
7fe3817fac6a776d3a45adb852d70182091b440734ffe60b3dfd0c847364b4e6,2024-11,Sussex Police,Sussex Police,-0.414598,50.836634,On or near Ivydore Close,E01031792,Worthing 003A,Other theft,Offender given a caution,
f11112a12954bc91653dc35d561257966ba886bd1ed8c7e5b946de65c4dab580,2024-11,Sussex Police,Sussex Police,-0.414831,50.835020,On or near Sports/Recreation Area,E01031792,Worthing 003A,Public order,Investigation complete; no suspect identified,
402f3f0a68cf5a559106c8040ed6cbba43ff0a10baf6d8edfdac6a357bfc438b,2024-11,Sussex Police,Sussex Police,-0.411706,50.835642,On or near Supermarket,E01031792,Worthing 003A,Shoplifting,Court result unavailable,
184010dc4e75153759ad8a96f20df20f5bc4e4130e8f9ef891cab1bb13c518d9,2024-11,Sussex Police,Sussex Police,-0.411706,50.835642,On or near Supermarket,E01031792,Worthing 003A,Shoplifting,Unable to prosecute suspect,
0073bb480cbe64139e2be3f76dbe0d62cafea62521e89cab121ef1caad0387a4,2024-11,Sussex Police,Sussex Police,-0.411706,50.835642,On or near Supermarket,E01031792,Worthing 003A,Shoplifting,Court result unavailable,
73a43f1904272a7d1052dc42442511d8cb201f541c46cad6d89f0dc6e96fa8eb,2024-11,Sussex Police,Sussex Police,-0.411706,50.835642,On or near Supermarket,E01031792,Worthing 003A,Shoplifting,Investigation complete; no suspect identified,
cb2230ec5b3e24538d8606e2aedb4befdeede59ff291646a8c31c2dc84b43013,2024-11,Sussex Police,Sussex Police,-0.411706,50.835642,On or near Supermarket,E01031792,Worthing 003A,Shoplifting,Investigation complete; no suspect identified,
69ebab9d2e6af5cc407c93b74a4516b64770d4a480bab31d3e4524993c349176,2024-11,Sussex Police,Sussex Police,-0.411706,50.835642,On or near Supermarket,E01031792,Worthing 003A,Shoplifting,Court result unavailable,
6fadfb898cc95b18da8fc5ffcd8eb41f6692f0c22989966b6a37cc8c6bf1a320,2024-11,Sussex Police,Sussex Police,-0.411706,50.835642,On or near Supermarket,E01031792,Worthing 003A,Shoplifting,Investigation complete; no suspect identified,
9fbbd76f0ac26aa76d229ed8237c7c59024f1a00241f52838e9e31e6e0317d1a,2024-11,Sussex Police,Sussex Police,-0.411706,50.835642,On or near Supermarket,E01031792,Worthing 003A,Shoplifting,Investigation complete; no suspect identified,
66969d5e49704aba1d66ab10d29107e90f1cd4c7beab2c95b60bc3fa39760d50,2024-11,Sussex Police,Sussex Police,-0.411706,50.835642,On or near Supermarket,E01031792,Worthing 003A,Shoplifting,Court result unavailable,
c96be80f89c00338fd64f5fcf3b7561bdfea9c907f0d0ee2d738b881465f4dd7,2024-11,Sussex Police,Sussex Police,-0.411706,50.835642,On or near Supermarket,E01031792,Worthing 003A,Shoplifting,Unable to prosecute suspect,
f53a511bd77a786ed86e6472d24fee7c9f120359b51d05106cb20ea6fa11a1f4,2024-11,Sussex Police,Sussex Police,-0.411706,50.835642,On or near Supermarket,E01031792,Worthing 003A,Shoplifting,Unable to prosecute suspect,
4bc8298a5ac57480aace61f6ff461ad9cbf7a6f3187f3296fa2e0bc139ec27d5,2024-11,Sussex Police,Sussex Police,-0.411706,50.835642,On or near Supermarket,E01031792,Worthing 003A,Shoplifting,Investigation complete; no suspect identified,
4e5823bde5aea098123a37c5258fa2b0eba79e7dc7ba64250117c32d4e825dc3,2024-11,Sussex Police,Sussex Police,-0.411706,50.835642,On or near Supermarket,E01031792,Worthing 003A,Shoplifting,Local resolution,
1f70a3561e12b2cd75f390aa8fd02763b302a4f975d5006d5d6ca84c27e25871,2024-11,Sussex Police,Sussex Police,-0.411706,50.835642,On or near Supermarket,E01031792,Worthing 003A,Shoplifting,Court result unavailable,
b5483e4ea6dc83481b8b1ea93451ebb8c53b90d4e403e3b9538ffd378fe580a9,2024-11,Sussex Police,Sussex Police,-0.411706,50.835642,On or near Supermarket,E01031792,Worthing 003A,Shoplifting,Investigation complete; no suspect identified,
de0f21653bcb03568f1a483fe9a01f894d14421ebdc5c398c3e324c49607a9d1,2024-11,Sussex Police,Sussex Police,-0.411706,50.835642,On or near Supermarket,E01031792,Worthing 003A,Shoplifting,Local resolution,
8d5ec26dc88b06e04142030ee6757a686c69b9cb25d3045f3d0b20e44df974a4,2024-11,Sussex Police,Sussex Police,-0.411706,50.835642,On or near Supermarket,E01031792,Worthing 003A,Shoplifting,Investigation complete; no suspect identified,
ae47599ab3e23d2e5220e5a0fa4b8eecce4a3f592383c04b9bba5089d8ea56d1,2024-11,Sussex Police,Sussex Police,-0.411706,50.835642,On or near Supermarket,E01031792,Worthing 003A,Shoplifting,Investigation complete; no suspect identified,
7565ae3528fdbbc2b6ffbfc07226802abfaef3d55d08ec687f6ab6ff26533d2f,2024-11,Sussex Police,Sussex Police,-0.411706,50.835642,On or near Supermarket,E01031792,Worthing 003A,Shoplifting,Investigation complete; no suspect identified,
093e3322ebef23ab25843b8e6f6f1993cee95f475436fe015c232182e4ecd910,2024-11,Sussex Police,Sussex Police,-0.411891,50.834358,On or near Kingsbridge Mews,E01031792,Worthing 003A,Violence and sexual offences,Local resolution,
7c3a9706163271d5248d7c9a13ffa947ad0546069d22803fe91d815fde6b1e8b,2024-11,Sussex Police,Sussex Police,-0.414620,50.837237,On or near Bramble Close,E01031792,Worthing 003A,Other crime,Offender given a caution,
,2024-11,Sussex Police,Sussex Police,-0.409263,50.828962,On or near Raglan Avenue,E01031794,Worthing 003B,Anti-social behaviour,,
,2024-11,Sussex Police,Sussex Police,-0.406738,50.829728,On or near Muirfield Close,E01031794,Worthing 003B,Anti-social behaviour,,
43d59d6460d5363f7880de26c7bb71ef9239c582746af8b56338232a5c25363a,2024-11,Sussex Police,Sussex Police,-0.410615,50.828882,On or near Weald Place,E01031794,Worthing 003B,Criminal damage and arson,Unable to prosecute suspect,
07450063f8133e0c3b099536d663e5225c5fdaa42adc5e619c1d0ec76a320022,2024-11,Sussex Police,Sussex Police,-0.410615,50.828882,On or near Weald Place,E01031794,Worthing 003B,Violence and sexual offences,Unable to prosecute suspect,
dc04d182f46a969b2cda5fb98d193567b821242cd9e81537a0924fc47ba11fd3,2024-11,Sussex Police,Sussex Police,-0.409263,50.828962,On or near Raglan Avenue,E01031794,Worthing 003B,Violence and sexual offences,Unable to prosecute suspect,
24bacf7b44b9757d05859272aefbd122479e942a992a48387704ee4d11963424,2024-11,Sussex Police,Sussex Police,-0.410615,50.828882,On or near Weald Place,E01031794,Worthing 003B,Violence and sexual offences,Investigation complete; no suspect identified,
b3084ae6c73862e3d6cd8eaea95f12aaaeab7c6d27b5119215c158164313a94d,2024-11,Sussex Police,Sussex Police,-0.420680,50.831483,On or near Shelby Road,E01031795,Worthing 003C,Vehicle crime,Investigation complete; no suspect identified,
ba3d9285ccc4c332f6e04ad58cbaca79e56c0119f0badf6754ac3bf90586ef5b,2024-11,Sussex Police,Sussex Police,-0.419572,50.830631,On or near Montreal Way,E01031795,Worthing 003C,Violence and sexual offences,Unable to prosecute suspect,
83498aa0904a17f8088b4602452b4de2b869265f52760161d3562cb32c46ed59,2024-11,Sussex Police,Sussex Police,-0.419869,50.831939,On or near Manitoba Way,E01031795,Worthing 003C,Violence and sexual offences,Unable to prosecute suspect,
afd52bff9562940abf8f70661d3ab416f3aadf0cdd46bb0e37566210fed592b3,2024-11,Sussex Police,Sussex Police,-0.420680,50.831483,On or near Shelby Road,E01031795,Worthing 003C,Violence and sexual offences,Offender given a caution,
,2024-11,Sussex Police,Sussex Police,-0.417436,50.827868,On or near Hildon Close,E01031818,Worthing 003D,Anti-social behaviour,,
9367439fab2ef34a064c22b30da805200246f8d64960f021431a80ca5d099c61,2024-11,Sussex Police,Sussex Police,-0.417565,50.827412,On or near Hildon Park,E01031818,Worthing 003D,Criminal damage and arson,Investigation complete; no suspect identified,
406490a179064c7354ef666a5da25281dba0366bf0ed30dbd96c464255ffb5bf,2024-11,Sussex Police,Sussex Police,-0.414241,50.828302,On or near Police Station,E01031818,Worthing 003D,Criminal damage and arson,Court result unavailable,
abcb700fc59768c025306634b5edbe37eabb13eaf2063dac7122e53b36435840,2024-11,Sussex Police,Sussex Police,-0.414241,50.828302,On or near Police Station,E01031818,Worthing 003D,Criminal damage and arson,Investigation complete; no suspect identified,
6a9e292403ab16f9e304d8770c1e2d2d03156cfb36e2468f57e6b960e40263a7,2024-11,Sussex Police,Sussex Police,-0.414241,50.828302,On or near Police Station,E01031818,Worthing 003D,Drugs,Awaiting court outcome,
dc703b539fe00c818a16302885f8740788b276c3bcbbf7fa713e0f564f3cad19,2024-11,Sussex Police,Sussex Police,-0.414241,50.828302,On or near Police Station,E01031818,Worthing 003D,Drugs,Local resolution,
8c29cf9d284f52429e058bc9a460cf02b826efa223575e7591ab7931a274e30e,2024-11,Sussex Police,Sussex Police,-0.412406,50.829230,On or near East Tyne,E01031818,Worthing 003D,Drugs,Further action is not in the public interest,
9dd8a97cc75f1777a4543c6c5f57c72bea2218b2970cdd9eff07a3a11b7d8e3b,2024-11,Sussex Police,Sussex Police,-0.414241,50.828302,On or near Police Station,E01031818,Worthing 003D,Drugs,Investigation complete; no suspect identified,
3c2af5d48f7779b86f21120b9bd5707fc6a345de2e51231e103630c4c9b3c406,2024-11,Sussex Police,Sussex Police,-0.414241,50.828302,On or near Police Station,E01031818,Worthing 003D,Possession of weapons,Court result unavailable,
42cb26c6d93b62f890a02bf7577bfa685d3399a56c58e6ee2aa286423ba00b00,2024-11,Sussex Police,Sussex Police,-0.414241,50.828302,On or near Police Station,E01031818,Worthing 003D,Public order,Court result unavailable,
646ee6919d84bbd230562fbc8edca13358187f849a050345e7f16342fbca1c5d,2024-11,Sussex Police,Sussex Police,-0.421932,50.833073,On or near Lyn Road,E01031818,Worthing 003D,Public order,Court result unavailable,
004184ef45709aa0c887c74528ecf5e4d8909f1f81ba9f4d8e57ee7f048d7f70,2024-11,Sussex Police,Sussex Police,-0.421048,50.834033,On or near Torridge Close,E01031818,Worthing 003D,Public order,Investigation complete; no suspect identified,
1d7b34aac7586748d1b930f72ac95e50a8eaba2706235253eae74b244ee691e9,2024-11,Sussex Police,Sussex Police,-0.414241,50.828302,On or near Police Station,E01031818,Worthing 003D,Public order,Court result unavailable,
f69878453efbc075d4dc7acd1c7c45188599fb21083a97360f258226f25a2b69,2024-11,Sussex Police,Sussex Police,-0.412406,50.829230,On or near East Tyne,E01031818,Worthing 003D,Violence and sexual offences,Unable to prosecute suspect,
4995b6b16df5940bd25904e36057a2f6c39b890032620cf3f106281f076c0031,2024-11,Sussex Police,Sussex Police,-0.419559,50.828913,On or near Willow Crescent,E01031818,Worthing 003D,Violence and sexual offences,Unable to prosecute suspect,
463ef48ccb9c0e803fab782a118ded57205c161fabbed876cbb58617540d448d,2024-11,Sussex Police,Sussex Police,-0.420855,50.833023,On or near Tavy Close,E01031818,Worthing 003D,Violence and sexual offences,Unable to prosecute suspect,
2fbf99d48c4079ab327b778893e71f2747d016cb113ed59c39bae33eb3f75059,2024-11,Sussex Police,Sussex Police,-0.414241,50.828302,On or near Police Station,E01031818,Worthing 003D,Violence and sexual offences,Unable to prosecute suspect,
08abae67da3b2186e6fe0a5bfb06687c2686814497d943d73e2e7f230f9e4529,2024-11,Sussex Police,Sussex Police,-0.415912,50.829278,On or near West Tyne,E01031818,Worthing 003D,Violence and sexual offences,Unable to prosecute suspect,
1541751b9efc7f1ea6b56904952ad6c38935a769fea1246f21fc687bbdd18c5d,2024-11,Sussex Police,Sussex Police,-0.415912,50.829278,On or near West Tyne,E01031818,Worthing 003D,Violence and sexual offences,Unable to prosecute suspect,
6f294d19eed2fe81f140f442794f8a6bf674f71f5b2a302e871ca938dc1ade0b,2024-11,Sussex Police,Sussex Police,-0.414241,50.828302,On or near Police Station,E01031818,Worthing 003D,Violence and sexual offences,Unable to prosecute suspect,
6c1d40832dad57c37180295af650fe3b6f4464966f182c557cf23fd16065d089,2024-11,Sussex Police,Sussex Police,-0.415912,50.829278,On or near West Tyne,E01031818,Worthing 003D,Violence and sexual offences,Unable to prosecute suspect,
3fdd13de14386c3e5971a634b92cfd65bde83e8357c2ea747b06fda7b4d16e0e,2024-11,Sussex Police,Sussex Police,-0.412406,50.829230,On or near East Tyne,E01031818,Worthing 003D,Violence and sexual offences,Unable to prosecute suspect,
c6c6502990433fe8396139e6d12b7125d1420f4a8a37d77c13112b2ae8d83a06,2024-11,Sussex Police,Sussex Police,-0.418011,50.833974,On or near Taw Close,E01031818,Worthing 003D,Other crime,Status update unavailable,
662af436cdb0f1edfb3c0b0d7d4cf2a9c233403babb33f428af32256794bdfa1,2024-11,Sussex Police,Sussex Police,-0.410753,50.838596,On or near White House Place,E01031830,Worthing 003E,Public order,Investigation complete; no suspect identified,
47185c6841efb61fc29c7154477d98c9bc3cc481ae076bc58751a13763703ac7,2024-11,Sussex Police,Sussex Police,-0.402486,50.840300,On or near Wentworth Close,E01031830,Worthing 003E,Vehicle crime,Investigation complete; no suspect identified,
40f5131b5ab5dc6e3256fae88d81abbea6455839fa4331f1c0be4ca56ca437c5,2024-11,Sussex Police,Sussex Police,-0.403611,50.839812,On or near Cotswold Close,E01031830,Worthing 003E,Violence and sexual offences,Unable to prosecute suspect,
e786b4b601d7f6774bab85a25982d651775503bf5d5a1cf0fa8c610e64a73ec8,2024-11,Sussex Police,Sussex Police,-0.403611,50.839812,On or near Cotswold Close,E01031830,Worthing 003E,Violence and sexual offences,Unable to prosecute suspect,
a012ea4e35b98d2f62816a0c34965a507947c87677889341edf4951643f74bbd,2024-11,Sussex Police,Sussex Police,-0.403611,50.839812,On or near Cotswold Close,E01031830,Worthing 003E,Violence and sexual offences,Unable to prosecute suspect,
78856c36ba87679dc5d083ce0b923e5f20738cfc3e6e478b5797db64ab2a9f96,2024-11,Sussex Police,Sussex Police,-0.409858,50.836939,On or near Exmoor Crescent,E01031830,Worthing 003E,Violence and sexual offences,Unable to prosecute suspect,
e5bb82d5c728f6680d8e93db8cd1e86b4e7fab0f6f447685bbfe1795df6a0737,2024-11,Sussex Police,Sussex Police,-0.376555,50.832001,On or near Cissbury Road,E01031778,Worthing 004A,Other theft,Unable to prosecute suspect,
d497b8ebf98350296c81394a4eeb436112da20705e42baff24229d8cedd2989b,2024-11,Sussex Police,Sussex Police,-0.374844,50.829041,On or near Supermarket,E01031778,Worthing 004A,Shoplifting,Unable to prosecute suspect,
ee040922a798d26ac3298f22ed72b383606701a0e53658a79d9274391adf897b,2024-11,Sussex Police,Sussex Police,-0.376555,50.832001,On or near Cissbury Road,E01031778,Worthing 004A,Vehicle crime,Investigation complete; no suspect identified,
82a60748f4def699a81bf093b002eaef905873c2dcc613d548a7f2eddabe1cb3,2024-11,Sussex Police,Sussex Police,-0.379223,50.832038,On or near Lamorna Grove,E01031778,Worthing 004A,Violence and sexual offences,Unable to prosecute suspect,
da5e33d87a6681dff256ce5614f32a24950076017c15e05441c87554ed6451e4,2024-11,Sussex Police,Sussex Police,-0.378094,50.830611,On or near Broadwater Street West,E01031778,Worthing 004A,Violence and sexual offences,Investigation complete; no suspect identified,
301d945435b248c3601564310db035ca86d4e2d2d485b983ea82bb97d79ff8e3,2024-11,Sussex Police,Sussex Police,-0.376555,50.832001,On or near Cissbury Road,E01031778,Worthing 004A,Violence and sexual offences,Investigation complete; no suspect identified,
8b1c1d1d904e666de830e687024865666ec3f52dc626afa7337bcaf1cdf748d5,2024-11,Sussex Police,Sussex Police,-0.374844,50.829041,On or near Supermarket,E01031778,Worthing 004A,Violence and sexual offences,Unable to prosecute suspect,
01d281ae7f3132317eb32f20d8e983051ea238ad9104d1287865413ff3e780a8,2024-11,Sussex Police,Sussex Police,-0.389830,50.826699,On or near Glebeside Close,E01031797,Worthing 004B,Vehicle crime,Investigation complete; no suspect identified,
,2024-11,Sussex Police,Sussex Police,-0.385981,50.827977,On or near Westdean Road,E01031800,Worthing 004C,Anti-social behaviour,,
8159f55a95e8c241a2ea7a4588175737560e4b5731b364abd8b232c9df93ce50,2024-11,Sussex Police,Sussex Police,-0.381645,50.821973,On or near Gaisford Close,E01031800,Worthing 004C,Drugs,Investigation complete; no suspect identified,
02148b396d0c5469380a71d078a5020039c265373ea4e3ad81fec3cf416231c5,2024-11,Sussex Police,Sussex Police,-0.382824,50.824813,On or near Adversane Road,E01031800,Worthing 004C,Violence and sexual offences,Unable to prosecute suspect,
c32c406c4894842ebf084119fbb67c5af575fcdc647625bf6073c780fa4fe091,2024-11,Sussex Police,Sussex Police,-0.380109,50.822050,On or near Brockley Close,E01031800,Worthing 004C,Violence and sexual offences,Status update unavailable,
38d834d5f4047b2bfd2b56d2acd12b5e94ad57d541a1b0fc2026bd865ea06c62,2024-11,Sussex Police,Sussex Police,-0.382824,50.824813,On or near Adversane Road,E01031800,Worthing 004C,Violence and sexual offences,Local resolution,
52708e6746f573f96226addae1777e8ade65818a2227841a1e6e85eee0cc1989,2024-11,Sussex Police,Sussex Police,-0.381272,50.826185,On or near Balcombe Avenue,E01031800,Worthing 004C,Other crime,Court result unavailable,
97d7c150213881ecfbd7ba8ea66b461c2eade278240d3b4b98583da1288f6f6d,2024-11,Sussex Police,Sussex Police,-0.365756,50.835430,On or near Petrol Station,E01031823,Worthing 004D,Bicycle theft,Investigation complete; no suspect identified,
2d973f0eb484fd010daeddeef9b972c011a8f0d6d9aa2079c98176cd1724a4e5,2024-11,Sussex Police,Sussex Police,-0.365756,50.835430,On or near Petrol Station,E01031823,Worthing 004D,Burglary,Court result unavailable,
e7e94d473ceb8c155f7db27c4936d635b80334c84ca843ea17238872b3cd0c89,2024-11,Sussex Police,Sussex Police,-0.367183,50.834679,On or near Shopping Area,E01031823,Worthing 004D,Other theft,Investigation complete; no suspect identified,
1202e34397d4a16579e0d7d2da7dca81981b6ecd29124b81af9874a68032b969,2024-11,Sussex Police,Sussex Police,-0.365756,50.835430,On or near Petrol Station,E01031823,Worthing 004D,Shoplifting,Court result unavailable,
08d7e591be82e7cb1b86421bdf6a137ac843e24c1899c12b75852bde2ad0f73b,2024-11,Sussex Police,Sussex Police,-0.365625,50.836354,On or near Lyons Way,E01031823,Worthing 004D,Shoplifting,Court result unavailable,
c0bbab92d537e6571a0a5173d9448fa11b8e76064ea2a944eb03b52946f32feb,2024-11,Sussex Police,Sussex Police,-0.365625,50.836354,On or near Lyons Way,E01031823,Worthing 004D,Shoplifting,Investigation complete; no suspect identified,
561a8263ad3e7a7d9f8ccf3b42a87c89c917f7cbad016dd18758bd410c6278d6,2024-11,Sussex Police,Sussex Police,-0.365625,50.836354,On or near Lyons Way,E01031823,Worthing 004D,Shoplifting,Investigation complete; no suspect identified,
68ad48a282986335a87cc3dd04be589c9103b19f1e9d6ac263df24617f90b173,2024-11,Sussex Police,Sussex Police,-0.365756,50.835430,On or near Petrol Station,E01031823,Worthing 004D,Shoplifting,Unable to prosecute suspect,
e0e66c333abbe43881d4136b057e71b781720cf81f85aa5493ebf8adb22fed6a,2024-11,Sussex Police,Sussex Police,-0.365625,50.836354,On or near Lyons Way,E01031823,Worthing 004D,Shoplifting,Court result unavailable,
9a53741eb176aa03f4337ecaf383fc93efdc24ddd1376f890cab43be53736ec0,2024-11,Sussex Police,Sussex Police,-0.365625,50.836354,On or near Lyons Way,E01031823,Worthing 004D,Shoplifting,Investigation complete; no suspect identified,
84b4c4c0ab0c939b9cd1edaf49f0bb49dc82de7f0af69c8e3fe8aa353e555870,2024-11,Sussex Police,Sussex Police,-0.365625,50.836354,On or near Lyons Way,E01031823,Worthing 004D,Shoplifting,Investigation complete; no suspect identified,
61826cff916b9317a716088e5ba440685b521cdcfd645cc6a12e70fe016596fe,2024-11,Sussex Police,Sussex Police,-0.365756,50.835430,On or near Petrol Station,E01031823,Worthing 004D,Shoplifting,Awaiting court outcome,
96eb2d6a18036816b28cf5b82798c021ed8c3d5409bbc580237b72fa5407ea15,2024-11,Sussex Police,Sussex Police,-0.365756,50.835430,On or near Petrol Station,E01031823,Worthing 004D,Shoplifting,Court result unavailable,
bc57077811b87c2949315acd306c0ee4922a32fa841874e967afe8e531b78d49,2024-11,Sussex Police,Sussex Police,-0.365625,50.836354,On or near Lyons Way,E01031823,Worthing 004D,Shoplifting,Investigation complete; no suspect identified,
87d225f7144cea3d07e379dbb7bc10dae552865dab5850e1c027c4f41ea0fc1e,2024-11,Sussex Police,Sussex Police,-0.365625,50.836354,On or near Lyons Way,E01031823,Worthing 004D,Shoplifting,Unable to prosecute suspect,
b374675dcb2892cb24c32581079dee252584f541f1ee96fda74da3af18c0e39c,2024-11,Sussex Police,Sussex Police,-0.365625,50.836354,On or near Lyons Way,E01031823,Worthing 004D,Shoplifting,Court result unavailable,
999b511fb6acd19628c7e2c62db992b7f6bcb56e6fa093d702c18791729eddf3,2024-11,Sussex Police,Sussex Police,-0.365625,50.836354,On or near Lyons Way,E01031823,Worthing 004D,Shoplifting,Investigation complete; no suspect identified,
122871f5b32e1bd365670f79d4c3819c81eb1cfa6515f210a9054cf0ba3a5b62,2024-11,Sussex Police,Sussex Police,-0.365625,50.836354,On or near Lyons Way,E01031823,Worthing 004D,Shoplifting,Investigation complete; no suspect identified,
40900e1ece26d4580e29680e90e7e60eb21f655bac9c965738ec9710f79c32ed,2024-11,Sussex Police,Sussex Police,-0.365625,50.836354,On or near Lyons Way,E01031823,Worthing 004D,Shoplifting,Investigation complete; no suspect identified,
e4cf52017ac42444de0fcd6d18c47efcf3373eac7f419aa67597d53a7bd9400e,2024-11,Sussex Police,Sussex Police,-0.365625,50.836354,On or near Lyons Way,E01031823,Worthing 004D,Shoplifting,Investigation complete; no suspect identified,
12ec579274036c5f87a171c829a48c7052cbf0347560ee60dd74d9d8bbebdb4b,2024-11,Sussex Police,Sussex Police,-0.365625,50.836354,On or near Lyons Way,E01031823,Worthing 004D,Shoplifting,Court result unavailable,
8d4689aae85ede9f496c770fca637a0d89bb109999bec921cb882e4660b92114,2024-11,Sussex Police,Sussex Police,-0.365756,50.835430,On or near Petrol Station,E01031823,Worthing 004D,Shoplifting,Investigation complete; no suspect identified,
ecc6d5475feee1af6ae353f850ce924ca48a121a8c71a581a65eebbc633eaf96,2024-11,Sussex Police,Sussex Police,-0.365756,50.835430,On or near Petrol Station,E01031823,Worthing 004D,Shoplifting,Investigation complete; no suspect identified,
ace9159481b05d727f466bb1bb84ce544e6e86873033c2bf9a21f3f861f64141,2024-11,Sussex Police,Sussex Police,-0.365625,50.836354,On or near Lyons Way,E01031823,Worthing 004D,Shoplifting,Investigation complete; no suspect identified,
f45e7e93f248932722ccdc5b46a78ed10ee0076f106c35cd776eb987304a2a63,2024-11,Sussex Police,Sussex Police,-0.365625,50.836354,On or near Lyons Way,E01031823,Worthing 004D,Violence and sexual offences,Unable to prosecute suspect,
edec980d382f6c2fc15455f3d78b2776a8a78416059b3e57346c3747af9ac8ed,2024-11,Sussex Police,Sussex Police,-0.382143,50.831386,On or near Offington Court,E01031824,Worthing 004E,Violence and sexual offences,Unable to prosecute suspect,
02319ea269851797265c016df14de9078d0affee01a45b7b981cf0b40d381c55,2024-11,Sussex Police,Sussex Police,-0.369779,50.830018,On or near Shandon Gardens,E01031776,Worthing 005A,Violence and sexual offences,Investigation complete; no suspect identified,
4cfb1895edd4f44ab8413dba152a4a72d8572e67ce1550b5eb47e6f4eb526d72,2024-11,Sussex Police,Sussex Police,-0.370669,50.828529,On or near Southfield Road,E01031776,Worthing 005A,Violence and sexual offences,Unable to prosecute suspect,
,2024-11,Sussex Police,Sussex Police,-0.361998,50.824333,On or near Dominion Close,E01031777,Worthing 005B,Anti-social behaviour,,
,2024-11,Sussex Police,Sussex Police,-0.364940,50.831147,On or near Northbrook Road,E01031777,Worthing 005B,Anti-social behaviour,,
6bf9a384ab31f40cac96b5f910e06d5059380ff2e1550f47f430d33b1a6e1a24,2024-11,Sussex Police,Sussex Police,-0.365943,50.826026,On or near Marlowe Road,E01031777,Worthing 005B,Criminal damage and arson,Unable to prosecute suspect,
c3d7b7194076ec51f2c938ae9229bd67b3ba8e1ffa68a7830094f12a1b6f20f3,2024-11,Sussex Police,Sussex Police,-0.361998,50.824333,On or near Dominion Close,E01031777,Worthing 005B,Criminal damage and arson,Local resolution,
c6570cc94d0252e343b7cc5a36a7f798679944d6699ba842958158fddc411472,2024-11,Sussex Police,Sussex Police,-0.361182,50.825320,On or near Southdown View Close,E01031777,Worthing 005B,Criminal damage and arson,Unable to prosecute suspect,
8ad03ec27d9db4ceeb798d06f388fb17a294bbf4008562a8593af2ad0ab0cff0,2024-11,Sussex Police,Sussex Police,-0.361182,50.825320,On or near Southdown View Close,E01031777,Worthing 005B,Drugs,Local resolution,
4e52707159034630530b4a79a248ec5709ceef3e298cccbc0df5dbe4976ebc11,2024-11,Sussex Police,Sussex Police,-0.361998,50.824333,On or near Dominion Close,E01031777,Worthing 005B,Possession of weapons,Local resolution,
85687f7765e7c1686a83bce0d3750b0a35b9657fc0933bcf98ad0e65aa84c7ad,2024-11,Sussex Police,Sussex Police,-0.361998,50.824333,On or near Dominion Close,E01031777,Worthing 005B,Public order,Unable to prosecute suspect,
6e62918dc297d6b2a81d652517911f30107cdbf6fffd96f79cfd816a57f7c700,2024-11,Sussex Police,Sussex Police,-0.361960,50.827022,On or near Hamilton Close,E01031777,Worthing 005B,Violence and sexual offences,Unable to prosecute suspect,
443640a4bc7dd66dfc5906faf17e8138c975fdb27e2fab8a8df2328e0e521f3f,2024-11,Sussex Police,Sussex Police,-0.361500,50.826386,On or near Harrison Road,E01031777,Worthing 005B,Violence and sexual offences,Unable to prosecute suspect,
9585d4ef8342d846f82c62449f8fec7109e95b823a3888832d6f71346c82cf9d,2024-11,Sussex Police,Sussex Police,-0.361960,50.827022,On or near Hamilton Close,E01031777,Worthing 005B,Violence and sexual offences,Unable to prosecute suspect,
7819cc757a82c246a5cec8490cd81383ed5cc270d774abb4d8cee0aaf79ea98f,2024-11,Sussex Police,Sussex Police,-0.361500,50.826386,On or near Harrison Road,E01031777,Worthing 005B,Violence and sexual offences,Unable to prosecute suspect,
1f175095812a41a9d2f9d63241f8dfa9e6a475a5907726deb156378903b976af,2024-11,Sussex Police,Sussex Police,-0.364940,50.831147,On or near Northbrook Road,E01031777,Worthing 005B,Other crime,Unable to prosecute suspect,
acb686b4293c57c8b0ce670be73ae7aad09c3abb79f23fe7f2869da62e766041,2024-11,Sussex Police,Sussex Police,-0.364175,50.821360,On or near Sackville Road,E01031780,Worthing 005C,Public order,Investigation complete; no suspect identified,
1f43192ee8b76df74c2bbb56f1ec686b8b93367e47ee2eebb0f9f2d91bd00fa7,2024-11,Sussex Police,Sussex Police,-0.366225,50.820364,On or near King Edward Avenue,E01031780,Worthing 005C,Violence and sexual offences,Unable to prosecute suspect,
2350b3b2638791850dda1133c55a267a609b1a3a9bd11a3632467eb9b20efcc6,2024-11,Sussex Police,Sussex Police,-0.366464,50.820034,On or near King Edward Close,E01031780,Worthing 005C,Violence and sexual offences,Investigation complete; no suspect identified,
a76ef9637ddc52dbd962e7a39bdd83fe479cd91b8aefa0eb023fb6dd70ecc469,2024-11,Sussex Police,Sussex Police,-0.360285,50.831477,On or near Paxmead Crescent,E01031781,Worthing 005D,Burglary,Investigation complete; no suspect identified,
6337d2425879d51486b1e1121cbe1cd2493bd5ccd2ac1eb3e46f7bf76e51664c,2024-11,Sussex Police,Sussex Police,-0.363398,50.831808,On or near Turner Road,E01031781,Worthing 005D,Criminal damage and arson,Investigation complete; no suspect identified,
47845808fc2dfdf65d1df0201b3a84626e698ea6b1cf551cc62042f2a6071be8,2024-11,Sussex Police,Sussex Police,-0.367366,50.830812,On or near Sompting Road,E01031781,Worthing 005D,Robbery,Investigation complete; no suspect identified,
aded6df8c0dccd6dd7f3365f53e13c8a192bf51ad3851dee939dccdd2e1da39c,2024-11,Sussex Police,Sussex Police,-0.362914,50.829383,On or near Southdown View Way,E01031781,Worthing 005D,Shoplifting,Investigation complete; no suspect identified,
4cc65bb188541651646df0e1a942730b4f9177d731812a051350dd5475383707,2024-11,Sussex Police,Sussex Police,-0.366551,50.833813,On or near Downlands Gardens,E01031781,Worthing 005D,Violence and sexual offences,Unable to prosecute suspect,
7127abbc529a0136d34c4e84596f17d836930fdb837c3f2135b30c49f490c890,2024-11,Sussex Police,Sussex Police,-0.359283,50.834934,On or near Lambleys Lane,E01031781,Worthing 005D,Violence and sexual offences,Awaiting court outcome,
fb87fc2eaf9bc86baa0542249957d5d54b1b7100bfeec1e3d398d65ee1279905,2024-11,Sussex Police,Sussex Police,-0.366551,50.833813,On or near Downlands Gardens,E01031781,Worthing 005D,Violence and sexual offences,Unable to prosecute suspect,
,2024-11,Sussex Police,Sussex Police,-0.371690,50.824064,On or near Georgia Avenue,E01031798,Worthing 005E,Anti-social behaviour,,
60b1ea53e1247ef4fa0b73bd171673cfb6ca79e64f9e81b8f96ecad137a9778f,2024-11,Sussex Police,Sussex Police,-0.371553,50.822291,On or near Cecilian Avenue,E01031798,Worthing 005E,Possession of weapons,Offender given a caution,
,2024-11,Sussex Police,Sussex Police,-0.418761,50.821025,On or near Collingwood Road,E01031783,Worthing 006A,Anti-social behaviour,,
,2024-11,Sussex Police,Sussex Police,-0.420949,50.821396,On or near The Avenue,E01031783,Worthing 006A,Anti-social behaviour,,
,2024-11,Sussex Police,Sussex Police,-0.422421,50.821110,On or near Maybridge Square,E01031783,Worthing 006A,Anti-social behaviour,,
,2024-11,Sussex Police,Sussex Police,-0.420615,50.819926,On or near Maybridge Crescent,E01031783,Worthing 006A,Anti-social behaviour,,
,2024-11,Sussex Police,Sussex Police,-0.422421,50.821110,On or near Maybridge Square,E01031783,Worthing 006A,Anti-social behaviour,,
,2024-11,Sussex Police,Sussex Police,-0.420949,50.821396,On or near The Avenue,E01031783,Worthing 006A,Anti-social behaviour,,
bc1f2708898b72e0cfbd2dc0a7afd30f422ca1969d60d36b1f3f21d5029728ad,2024-11,Sussex Police,Sussex Police,-0.422240,50.822277,On or near Melville Way,E01031783,Worthing 006A,Bicycle theft,Investigation complete; no suspect identified,
153398ea7f232bc093267678067243cf78b65ee1924515e3201c7a58dfe1a555,2024-11,Sussex Police,Sussex Police,-0.420615,50.819926,On or near Maybridge Crescent,E01031783,Worthing 006A,Criminal damage and arson,Investigation complete; no suspect identified,
a226ae0772059bb21a9f4a797b9ba0255a04ea797183f69bc4ebecacbb212e42,2024-11,Sussex Police,Sussex Police,-0.417701,50.819625,On or near Grenville Avenue,E01031783,Worthing 006A,Criminal damage and arson,Investigation complete; no suspect identified,
e67a44ec85dd90a61080a6ac92e9ae6e9150508d1ab546e7e38240dc63068935,2024-11,Sussex Police,Sussex Police,-0.418761,50.821025,On or near Collingwood Road,E01031783,Worthing 006A,Drugs,Status update unavailable,
79bee8f602f5121deca7a8994e001773e6081eb6cda8bf835399b93ff7aea7a8,2024-11,Sussex Police,Sussex Police,-0.420791,50.818516,On or near Keystone Close,E01031783,Worthing 006A,Other theft,Investigation complete; no suspect identified,
62ef33f7ff42317d4ccb85131c1d3546761722e7c1b8a75a1d0156e8953bf187,2024-11,Sussex Police,Sussex Police,-0.418854,50.819542,On or near Grenville Close,E01031783,Worthing 006A,Other theft,Investigation complete; no suspect identified,
47e51651d426b231613f39b822a62c79e32d37e1a468d9c7d6ca796051306874,2024-11,Sussex Police,Sussex Police,-0.420791,50.818516,On or near Keystone Close,E01031783,Worthing 006A,Possession of weapons,Unable to prosecute suspect,
a81a29636653922f60df6dbb88221130689669322983f519ebdfa1287677dee9,2024-11,Sussex Police,Sussex Police,-0.418761,50.821025,On or near Collingwood Road,E01031783,Worthing 006A,Violence and sexual offences,Unable to prosecute suspect,
07731cab33db17ef60e4df824cc5c81619edd55e9dd06ac2490817af46098d7c,2024-11,Sussex Police,Sussex Police,-0.418761,50.821025,On or near Collingwood Road,E01031783,Worthing 006A,Violence and sexual offences,Court result unavailable,
be70fdbdc2a481fef0b8288dc446c74d55190f42354f3613db78f8130615c7c5,2024-11,Sussex Police,Sussex Police,-0.418761,50.821025,On or near Collingwood Road,E01031783,Worthing 006A,Violence and sexual offences,Status update unavailable,
c56c12e00409dd1d5754ff3a7da6fde16f607774b53c0cd938cfa332d6ea432d,2024-11,Sussex Police,Sussex Police,-0.423316,50.821104,On or near Bridge Close,E01031783,Worthing 006A,Violence and sexual offences,Unable to prosecute suspect,
e5bfa2b8d1bb7c663922348f5c0a92108bbfaedba24b8c9b25d59e2c886f84ba,2024-11,Sussex Police,Sussex Police,-0.418761,50.821025,On or near Collingwood Road,E01031783,Worthing 006A,Violence and sexual offences,Court result unavailable,
a27b0500ab8684ca55c30acb41a74786fe35c68e92ab8ef2175c9b36a881b651,2024-11,Sussex Police,Sussex Police,-0.418761,50.821025,On or near Collingwood Road,E01031783,Worthing 006A,Violence and sexual offences,Unable to prosecute suspect,
e8e7640f4c0ca52ce7ea379245a8618aaa12660a4c23734181c7f5e29dfe8aba,2024-11,Sussex Police,Sussex Police,-0.418761,50.821025,On or near Collingwood Road,E01031783,Worthing 006A,Violence and sexual offences,Unable to prosecute suspect,
03893b009fd76d9c4419bc06321b84351ffb62fdde741294d2d163fc0a38f066,2024-11,Sussex Police,Sussex Police,-0.420759,50.817778,On or near St Richards Close,E01031783,Worthing 006A,Violence and sexual offences,Local resolution,
4ee5255f5b57e5a0b2015cc8ab3fac344983011a8875a6d5a5719073a9e5029d,2024-11,Sussex Police,Sussex Police,-0.418761,50.821025,On or near Collingwood Road,E01031783,Worthing 006A,Violence and sexual offences,Unable to prosecute suspect,
,2024-11,Sussex Police,Sussex Police,-0.430939,50.819426,On or near Coleridge Road,E01031785,Worthing 006B,Anti-social behaviour,,
,2024-11,Sussex Police,Sussex Police,-0.433135,50.817855,On or near Parking Area,E01031785,Worthing 006B,Anti-social behaviour,,
,2024-11,Sussex Police,Sussex Police,-0.428221,50.821314,On or near Poling Close,E01031785,Worthing 006B,Anti-social behaviour,,
1b9403b494468d9e1512c54786b535774b7cdeca8d202070669a3d1ecef2ec65,2024-11,Sussex Police,Sussex Police,-0.433135,50.817855,On or near Parking Area,E01031785,Worthing 006B,Criminal damage and arson,Investigation complete; no suspect identified,
39a9d97e4264b7bf656826c009f4563221e20fea490caf5d1619b4e61e2016f7,2024-11,Sussex Police,Sussex Police,-0.430939,50.819426,On or near Coleridge Road,E01031785,Worthing 006B,Violence and sexual offences,Unable to prosecute suspect,
5137b165bc8f4ef3c465732f3254d7e4ce6de25e40690e322520c4f7c00ab883,2024-11,Sussex Police,Sussex Police,-0.428782,50.821924,On or near Boxgrove,E01031785,Worthing 006B,Violence and sexual offences,Investigation complete; no suspect identified,
4ed38e76886b88ba0767b65fa2a69af583b16b13a3ae1f257cadbd77f5ab519b,2024-11,Sussex Police,Sussex Police,-0.427653,50.820039,On or near Chilgrove Close,E01031785,Worthing 006B,Violence and sexual offences,Further investigation is not in the public interest,
f96626d5556c5d6ad84cb29650fc5e3208b8f9aa4b28fa268d05bd97a0837a98,2024-11,Sussex Police,Sussex Police,-0.428571,50.818495,On or near Galsworthy Road,E01031785,Worthing 006B,Violence and sexual offences,Unable to prosecute suspect,
895b6f639461395381d84afb06115b51f2723ad959fe4c0fcb84010d14c0e760,2024-11,Sussex Police,Sussex Police,-0.431688,50.819517,On or near Coleridge Crescent,E01031785,Worthing 006B,Violence and sexual offences,Unable to prosecute suspect,
f9622bb3ecce0c3c84a4c68d400b4af5ba7c354b13a0fb7ce201b602b32e0669,2024-11,Sussex Police,Sussex Police,-0.428571,50.818495,On or near Galsworthy Road,E01031785,Worthing 006B,Violence and sexual offences,Unable to prosecute suspect,
288a4b0b9d93de76dd9a1a4b0e35528c97f90bd6131f7f31f72022873fc77b2e,2024-11,Sussex Police,Sussex Police,-0.430170,50.821197,On or near Patching Close,E01031785,Worthing 006B,Violence and sexual offences,Unable to prosecute suspect,
,2024-11,Sussex Police,Sussex Police,-0.422350,50.818996,On or near The Strand,E01031786,Worthing 006C,Anti-social behaviour,,
,2024-11,Sussex Police,Sussex Police,-0.422903,50.819876,On or near Limbrick Close,E01031786,Worthing 006C,Anti-social behaviour,,
,2024-11,Sussex Police,Sussex Police,-0.422903,50.819876,On or near Limbrick Close,E01031786,Worthing 006C,Anti-social behaviour,,
,2024-11,Sussex Police,Sussex Police,-0.424461,50.820832,On or near Limbrick Lane,E01031786,Worthing 006C,Anti-social behaviour,,
,2024-11,Sussex Police,Sussex Police,-0.422918,50.819408,On or near Alexandra Court,E01031786,Worthing 006C,Anti-social behaviour,,
,2024-11,Sussex Police,Sussex Police,-0.422903,50.819876,On or near Limbrick Close,E01031786,Worthing 006C,Anti-social behaviour,,
,2024-11,Sussex Police,Sussex Police,-0.422350,50.818996,On or near The Strand,E01031786,Worthing 006C,Anti-social behaviour,,
,2024-11,Sussex Police,Sussex Police,-0.422903,50.819876,On or near Limbrick Close,E01031786,Worthing 006C,Anti-social behaviour,,
1d6e9afa748ab26ce2c352dd32ff3ad80ae3ce59752d484d22660ef4eb9dd8d9,2024-11,Sussex Police,Sussex Police,-0.425997,50.822849,On or near Kithurst Close,E01031786,Worthing 006C,Criminal damage and arson,Court result unavailable,
65165b67d97680c148a72e46e9df08ef28d278567c508e9b7d663a34f27cfc51,2024-11,Sussex Police,Sussex Police,-0.429602,50.818221,On or near Galsworthy Close,E01031786,Worthing 006C,Other theft,Investigation complete; no suspect identified,
98b8d52bb7e5758403aed791b4b622f64aff21b97454801d610262b29ac4dc30,2024-11,Sussex Police,Sussex Police,-0.422918,50.819408,On or near Alexandra Court,E01031786,Worthing 006C,Public order,Unable to prosecute suspect,
1aae6ee5a81edf0f755012ca19ca3bdb2bbb4ae7cc701a17e71b2040df77f7f1,2024-11,Sussex Police,Sussex Police,-0.425997,50.822849,On or near Kithurst Close,E01031786,Worthing 006C,Violence and sexual offences,Unable to prosecute suspect,
bab8cfc3ea08f9a43188268f5cddc0fd4b25e0e0d6c7b2871576bbccecc85e17,2024-11,Sussex Police,Sussex Police,-0.422350,50.818996,On or near The Strand,E01031786,Worthing 006C,Violence and sexual offences,Investigation complete; no suspect identified,
23900a159a9e11b63647023681f40fafa47358f3b563343988a12712f01ade3a,2024-11,Sussex Police,Sussex Police,-0.425997,50.822849,On or near Kithurst Close,E01031786,Worthing 006C,Violence and sexual offences,Unable to prosecute suspect,
44ad1aa01df501c7c5b3b280bd58dc6e61e8eed060ca894d05a5505691445b2b,2024-11,Sussex Police,Sussex Police,-0.422918,50.819408,On or near Alexandra Court,E01031786,Worthing 006C,Violence and sexual offences,Unable to prosecute suspect,
a3cfcc0e5d867a5fa74384b4426315696a8dd3761e3581c091a4e2be9153d843,2024-11,Sussex Police,Sussex Police,-0.421907,50.823720,On or near Parking Area,E01031786,Worthing 006C,Violence and sexual offences,Investigation complete; no suspect identified,
fba1960f13388da4188e2bcc6df7909f32c040b9991d07f69081311b3bd4599b,2024-11,Sussex Police,Sussex Police,-0.422918,50.819408,On or near Alexandra Court,E01031786,Worthing 006C,Violence and sexual offences,Unable to prosecute suspect,
,2024-11,Sussex Police,Sussex Police,-0.422776,50.826160,On or near Juniper Close,E01031817,Worthing 006D,Anti-social behaviour,,
1d8971dc0371f16a20800fce43b836088bb3ddf0980c8fafa0498fbd50ead9a0,2024-11,Sussex Police,Sussex Police,-0.420173,50.827987,On or near Woodpecker Way,E01031817,Worthing 006D,Other theft,Investigation complete; no suspect identified,
6254b2ac8a201f0cec2964364098bdb2dc8e54ac55223c9639746de5273aab77,2024-11,Sussex Police,Sussex Police,-0.427666,50.829365,On or near Lewis Court,E01031817,Worthing 006D,Violence and sexual offences,Investigation complete; no suspect identified,
d16c9f635815133e02a6c9dc3a7076d3cbfbbeca22072e15af1779c8d9c62987,2024-11,Sussex Police,Sussex Police,-0.427666,50.829365,On or near Lewis Court,E01031817,Worthing 006D,Violence and sexual offences,Unable to prosecute suspect,
1b3b2034e03a1ffd8c266a11a9d38141a2039cab7c12900028a20c7560c32d72,2024-11,Sussex Police,Sussex Police,-0.429769,50.829348,On or near Rochester Close,E01034826,Worthing 006F,Criminal damage and arson,Offender given a caution,
2ad36727f03e8d264e4595986ef0753f619953732f41e75d58cc8f63d9df28d6,2024-11,Sussex Police,Sussex Police,-0.429769,50.829348,On or near Rochester Close,E01034826,Worthing 006F,Criminal damage and arson,Investigation complete; no suspect identified,
0e329014c612eb9fc984c1c3db38653d3aad86632afc8f17371ec69fe44b1655,2024-11,Sussex Police,Sussex Police,-0.425415,50.833822,On or near Violet Close,E01034826,Worthing 006F,Vehicle crime,Investigation complete; no suspect identified,
5bf6ef22d1f9ae684ea4b95ba68311b6791cb4244bc2c470015e0e02b473e657,2024-11,Sussex Police,Sussex Police,-0.424175,50.828059,On or near Whitebeam Road,E01034826,Worthing 006F,Violence and sexual offences,Unable to prosecute suspect,
74e3d7554aa9982c592954c71b7e52c1d77e50d5f7c6fd4aebc112c086dd8643,2024-11,Sussex Police,Sussex Police,-0.426464,50.830931,On or near Bourne Close,E01034826,Worthing 006F,Violence and sexual offences,Unable to prosecute suspect,
443795c1624c21971d209441b13b2d455ac5d7f11af3e6ba11c248d4a6ef2211,2024-11,Sussex Police,Sussex Police,-0.429769,50.829348,On or near Rochester Close,E01034826,Worthing 006F,Violence and sexual offences,Unable to prosecute suspect,
cd2f4ff66e08479a784887c9b17499da58128cfaaa74f5a7874fbcae78670931,2024-11,Sussex Police,Sussex Police,-0.427846,50.834170,On or near Sunflower Street,E01034826,Worthing 006F,Violence and sexual offences,Investigation complete; no suspect identified,
b7a12505f5a68e003fd2cfbd7812d388a48f538ff5cab53cfd5730aaee934893,2024-11,Sussex Police,Sussex Police,-0.427325,50.831501,On or near Varey Road,E01034826,Worthing 006F,Violence and sexual offences,Unable to prosecute suspect,
,2024-11,Sussex Police,Sussex Police,-0.434345,50.828798,On or near Pennycress Avenue,E01034827,Worthing 006G,Anti-social behaviour,,
6edafc17a13f5298f653bedb8cc231625597c3cdb8f7fbbaad5b95da8d799707,2024-11,Sussex Police,Sussex Police,-0.433365,50.827976,On or near Meadow Sweet Close,E01034827,Worthing 006G,Violence and sexual offences,Unable to prosecute suspect,
adf4fe523887979fe99bf1f401f51fd06c5dea130c25a9a0f1e0b7bcaa1ce105,2024-11,Sussex Police,Sussex Police,-0.424701,50.837733,On or near Teasel Drive,E01034827,Worthing 006G,Violence and sexual offences,Unable to prosecute suspect,
cd09aa7d4b8702cda0d3ca9bcbca18062a4613d69ae08bc50ff0ffd82a13a6e3,2024-11,Sussex Police,Sussex Police,-0.433430,50.828570,On or near Speedwell Close,E01034827,Worthing 006G,Violence and sexual offences,Unable to prosecute suspect,
c07de82af930f1febeb1ae69bac08fb8c3fa344b5902a5eb7b2b0584dbf27454,2024-11,Sussex Police,Sussex Police,-0.433430,50.828570,On or near Speedwell Close,E01034827,Worthing 006G,Violence and sexual offences,Unable to prosecute suspect,
,2024-11,Sussex Police,Sussex Police,-0.418985,50.821963,On or near Anson Road,E01031782,Worthing 007A,Anti-social behaviour,,
,2024-11,Sussex Police,Sussex Police,-0.418985,50.821963,On or near Anson Road,E01031782,Worthing 007A,Anti-social behaviour,,
,2024-11,Sussex Police,Sussex Police,-0.415670,50.820065,On or near Raleigh Crescent,E01031782,Worthing 007A,Anti-social behaviour,,
920c6c52360f700c7b65685732f9effa93ca062915a8bc55d376431f68c14de2,2024-11,Sussex Police,Sussex Police,-0.418985,50.821963,On or near Anson Road,E01031782,Worthing 007A,Other theft,Status update unavailable,
,2024-11,Sussex Police,Sussex Police,-0.403766,50.823177,On or near Harefield Avenue,E01031836,Worthing 007C,Anti-social behaviour,,
,2024-11,Sussex Police,Sussex Police,-0.403766,50.823177,On or near Harefield Avenue,E01031836,Worthing 007C,Anti-social behaviour,,
,2024-11,Sussex Police,Sussex Police,-0.403766,50.823177,On or near Harefield Avenue,E01031836,Worthing 007C,Anti-social behaviour,,
55aec1dd2b0aaac0d8d68b78e277af438186ea90d4d5a5462ae635d5e9260d14,2024-11,Sussex Police,Sussex Police,-0.403616,50.821754,On or near Radnor Road,E01031836,Worthing 007C,Other theft,Unable to prosecute suspect,
0428df47b8394c2a5d5f7db62551e55ae2189de75c1abd8cb96b9cc7e022c069,2024-11,Sussex Police,Sussex Police,-0.398109,50.818800,On or near Friar Walk,E01031836,Worthing 007C,Public order,Court result unavailable,
c3f44e8661388d1f3416ec0865217f1741431b81d3e65e800ae6d7ad78b655f4,2024-11,Sussex Police,Sussex Police,-0.398210,50.820816,On or near Lincoln Road,E01031836,Worthing 007C,Theft from the person,Investigation complete; no suspect identified,
69276e08258890b7ec2b59bbe9a981783a0fdded21d25a85db0e741dcfb1c25f,2024-11,Sussex Police,Sussex Police,-0.403616,50.821754,On or near Radnor Road,E01031836,Worthing 007C,Violence and sexual offences,Unable to prosecute suspect,
5d4b42a102b832c95dc286385523b117602527951a96964047d725c2bd621437,2024-11,Sussex Police,Sussex Police,-0.403616,50.821754,On or near Radnor Road,E01031836,Worthing 007C,Violence and sexual offences,Unable to prosecute suspect,
22196da0bfb3476785d847131f600a2a13ae42a6217546844627412de981b4fb,2024-11,Sussex Police,Sussex Police,-0.403616,50.821754,On or near Radnor Road,E01031836,Worthing 007C,Violence and sexual offences,Investigation complete; no suspect identified,
34fe3c9aa5ce5a6f2d8fa88c00979157d589b97992cd24888e5a92af2118effc,2024-11,Sussex Police,Sussex Police,-0.392409,50.821474,On or near South Street,E01031838,Worthing 007D,Drugs,Local resolution,
6c9885f92ad170001af1f66433c098cbd2517ab89b5c1a873cb653df9e4aa6ef,2024-11,Sussex Police,Sussex Police,-0.388029,50.822097,On or near St Thomas'S Road,E01031838,Worthing 007D,Other theft,Investigation complete; no suspect identified,
a286c53d325883e241dd9f2ef40c423206d8c76a737136d77b4606f657af297b,2024-11,Sussex Police,Sussex Police,-0.395375,50.824842,On or near Vestry Place,E01031838,Worthing 007D,Public order,Unable to prosecute suspect,
48aaa1bc66ef678d7a91665c79600aefab3d5c0892df4f5cc0dac7b19271415f,2024-11,Sussex Police,Sussex Police,-0.394079,50.824114,On or near Priory Close,E01031838,Worthing 007D,Public order,Unable to prosecute suspect,
baf70f6951708a9e16210a8e80f04f157cae824bce4e655d6b99b5a6955ad2f2,2024-11,Sussex Police,Sussex Police,-0.388570,50.822068,On or near Haynes Way,E01031838,Worthing 007D,Violence and sexual offences,Unable to prosecute suspect,
214c1b39e8aef77faf7774d526c4aca720b99f39406e4ffbd4e71bc14e8f0cfb,2024-11,Sussex Police,Sussex Police,-0.396166,50.823711,On or near Church Road,E01031838,Worthing 007D,Violence and sexual offences,Investigation complete; no suspect identified,
,2024-11,Sussex Police,Sussex Police,-0.401725,50.823481,On or near Chippers Road,E01031840,Worthing 007E,Anti-social behaviour,,
f94046a48ff1c6a8dd8f6ef90f0c55930696a3c3d318f4cd89cf8f4a5f306ca5,2024-11,Sussex Police,Sussex Police,-0.400958,50.823912,On or near Chippers Walk,E01031840,Worthing 007E,Other theft,Investigation complete; no suspect identified,
9c9bda91c7972cadca3975df121658cce499e5b8a5025793bc5194d7a1450d4d,2024-11,Sussex Police,Sussex Police,-0.401725,50.823481,On or near Chippers Road,E01031840,Worthing 007E,Theft from the person,Investigation complete; no suspect identified,
c8b42662232c6e4a1a112dcbb412c2b0b9f56fc050b1ab0d1487da12e376f6cb,2024-11,Sussex Police,Sussex Police,-0.404961,50.827285,On or near Rodmell Road,E01031840,Worthing 007E,Violence and sexual offences,Unable to prosecute suspect,
c1fb22875e5b68a26f807e422c17335f42a5c5035d6254c5113e17faf9c2590f,2024-11,Sussex Police,Sussex Police,-0.404882,50.825018,On or near Ringmer Road,E01031840,Worthing 007E,Violence and sexual offences,Status update unavailable,
b424c847cbd318a201aeeb15b5f2b904c2179f104eb04938fc75e8cd17725d25,2024-11,Sussex Police,Sussex Police,-0.400836,50.822930,On or near Castle Road,E01031840,Worthing 007E,Violence and sexual offences,Unable to prosecute suspect,
97dd6892f15d1b9c2a011e969d2ca7cf2e04c464d7f4f255f27ef6eb84aee944,2024-11,Sussex Police,Sussex Police,-0.399270,50.824284,On or near Castle Close,E01031840,Worthing 007E,Other crime,Court result unavailable,
906cc9fa410808242eea890ccc4c43fb5ffe7db6cfedc6e40e3547ea0011757c,2024-11,Sussex Police,Sussex Police,-0.411403,50.821123,On or near Petrol Station,E01034828,Worthing 007F,Other theft,Investigation complete; no suspect identified,
0502ad4c0b58e1932a5f082b1cd24fa8d86399347ced79c6a8f88e29b5d81406,2024-11,Sussex Police,Sussex Police,-0.407807,50.820003,On or near Parking Area,E01034828,Worthing 007F,Possession of weapons,Local resolution,
9b914a6d41a3e21c5031f1b2123655bc48564d8d2ce56e05d2bda5dcbccedec1,2024-11,Sussex Police,Sussex Police,-0.408411,50.819355,On or near Bolsover Road,E01034828,Worthing 007F,Public order,Court result unavailable,
3225d442036e73c5322198030763611b95bc7df74e8966fcedd251047c768202,2024-11,Sussex Police,Sussex Police,-0.408411,50.819355,On or near Bolsover Road,E01034828,Worthing 007F,Public order,Court result unavailable,
a6a69ab3ae6b9578eb0f807f2a620357dba024af047df7a4b9f2e9d9fe1e488b,2024-11,Sussex Police,Sussex Police,-0.411403,50.821123,On or near Petrol Station,E01034828,Worthing 007F,Shoplifting,Unable to prosecute suspect,
e4662f44f46432be5368b5fb7c48cd90dff9d4ea37767b92ee0f27fadc0107cb,2024-11,Sussex Police,Sussex Police,-0.407807,50.820003,On or near Parking Area,E01034828,Worthing 007F,Violence and sexual offences,Investigation complete; no suspect identified,
3d4538ea187360c24dbe5890ef3a3f1fb09cbb253d8fe197c15774983d5d3859,2024-11,Sussex Police,Sussex Police,-0.407918,50.828440,On or near A2032,E01034828,Worthing 007F,Violence and sexual offences,Investigation complete; no suspect identified,
,2024-11,Sussex Police,Sussex Police,-0.411146,50.819284,On or near Supermarket,E01034829,Worthing 007G,Anti-social behaviour,,
,2024-11,Sussex Police,Sussex Police,-0.411146,50.819284,On or near Supermarket,E01034829,Worthing 007G,Anti-social behaviour,,
,2024-11,Sussex Police,Sussex Police,-0.410517,50.818377,On or near Parking Area,E01034829,Worthing 007G,Anti-social behaviour,,
51a16cc03a3306865b5563327ee3ec9be91838b47bde00a66be7ee2ec85a7ac4,2024-11,Sussex Police,Sussex Police,-0.411384,50.817525,On or near Durrington-On-Sea,E01034829,Worthing 007G,Drugs,Local resolution,
c6cfe4fbc54c125218f1c5dc640a5bacf5c80f97a3d91734981402c9ce70be16,2024-11,Sussex Police,Sussex Police,-0.410517,50.818377,On or near Parking Area,E01034829,Worthing 007G,Other theft,Investigation complete; no suspect identified,
7f6a8461535bfa557d557dbb461767cd8c331caa9dd98ee6c4842156d03ee522,2024-11,Sussex Police,Sussex Police,-0.411146,50.819284,On or near Supermarket,E01034829,Worthing 007G,Shoplifting,Investigation complete; no suspect identified,
e58b38d436b364b4d4996312d05098ab5f8cf82e0fec28e9773960898dfb231f,2024-11,Sussex Police,Sussex Police,-0.411146,50.819284,On or near Supermarket,E01034829,Worthing 007G,Shoplifting,Investigation complete; no suspect identified,
da3d9629f4f4da1d6928f6b690c337578adb2012057d1d3981573cf62d7a9499,2024-11,Sussex Police,Sussex Police,-0.411146,50.819284,On or near Supermarket,E01034829,Worthing 007G,Shoplifting,Court result unavailable,
3488cd8f6ca3d6e56203123ae575e17cf68cd2b5acbf64e00debf9d069195847,2024-11,Sussex Police,Sussex Police,-0.411146,50.819284,On or near Supermarket,E01034829,Worthing 007G,Shoplifting,Unable to prosecute suspect,
d2fd59b6c2a3e83f453d9fdd6d4782b2ba604f7435a6a0982a55836f85fb4134,2024-11,Sussex Police,Sussex Police,-0.411146,50.819284,On or near Supermarket,E01034829,Worthing 007G,Shoplifting,Investigation complete; no suspect identified,
c6ff48a06eaa56cd85ade54ed819b7bdcae152213a1208306b3ee26cbc2c6c74,2024-11,Sussex Police,Sussex Police,-0.411146,50.819284,On or near Supermarket,E01034829,Worthing 007G,Shoplifting,Unable to prosecute suspect,
f923adb20b036482efc54502218a35128cdf288b94072346ec33d297819a7c46,2024-11,Sussex Police,Sussex Police,-0.411146,50.819284,On or near Supermarket,E01034829,Worthing 007G,Shoplifting,Investigation complete; no suspect identified,
63a5b9ec0bb78488a015572c01891d460273e0b40b6ae36d3e933afb6e6044b4,2024-11,Sussex Police,Sussex Police,-0.411146,50.819284,On or near Supermarket,E01034829,Worthing 007G,Shoplifting,Investigation complete; no suspect identified,
c21c1558ac59c8a74aaf734353b6037a9510682004703d484f6d4349dcb968dc,2024-11,Sussex Police,Sussex Police,-0.411146,50.819284,On or near Supermarket,E01034829,Worthing 007G,Shoplifting,Investigation complete; no suspect identified,
18bd8884e32e94da24602aa2968d394486b6ff2d8ccd8588ee71343ac91fb5ab,2024-11,Sussex Police,Sussex Police,-0.411146,50.819284,On or near Supermarket,E01034829,Worthing 007G,Shoplifting,Investigation complete; no suspect identified,
2b51000c491acb62698383014f46b1c720f0cff45ee9267701d73894e78bdb1b,2024-11,Sussex Police,Sussex Police,-0.411146,50.819284,On or near Supermarket,E01034829,Worthing 007G,Shoplifting,Local resolution,
664744bfca6bc703b84cb55c443f6eb84e5e95676aedb2aad5128fa497b5a4b4,2024-11,Sussex Police,Sussex Police,-0.409039,50.818015,On or near Puttick Drive,E01034829,Worthing 007G,Violence and sexual offences,Unable to prosecute suspect,
ed6c05788f9c513338e65ee8fc53e738d2148ba0e33f912b8afdffd37f031ab7,2024-11,Sussex Police,Sussex Police,-0.411384,50.817525,On or near Durrington-On-Sea,E01034829,Worthing 007G,Violence and sexual offences,Unable to prosecute suspect,
cb6fc912758e5fa3304f83d87821ce8c154137c838a9766d1393ed775aaba1b6,2024-11,Sussex Police,Sussex Police,-0.411384,50.817525,On or near Durrington-On-Sea,E01034829,Worthing 007G,Violence and sexual offences,Unable to prosecute suspect,
3e860da137ead0611258ff3b6d4415da8c441b3c8884f2f8ef3b13fbf2fb5fc8,2024-11,Sussex Police,Sussex Police,-0.409039,50.818015,On or near Puttick Drive,E01034829,Worthing 007G,Violence and sexual offences,Investigation complete; no suspect identified,
2a9274cc4e6d1217ede858248e003a71a4cbd1bf655a3d364723e3d4a0f81290,2024-11,Sussex Police,Sussex Police,-0.411411,50.817957,On or near The Causeway,E01034829,Worthing 007G,Violence and sexual offences,Unable to prosecute suspect,
6b59209c4462a163ebea137b7f189b4bea41a597380714ab63fa75ef81cef84a,2024-11,Sussex Police,Sussex Police,-0.406655,50.818809,On or near Quicksilver Street,E01034829,Worthing 007G,Violence and sexual offences,Unable to prosecute suspect,
62690b85fb275bf368451c9411b0a7a5e770faae3d0717723a9592b94c1cc533,2024-11,Sussex Police,Sussex Police,-0.411146,50.819284,On or near Supermarket,E01034829,Worthing 007G,Violence and sexual offences,Unable to prosecute suspect,
49b2c95d66c00f22ae4a36a57446ce5735b40d5bf721c2525b1eee3f7c280773,2024-11,Sussex Police,Sussex Police,-0.410045,50.818487,On or near Cambrian Way,E01034829,Worthing 007G,Violence and sexual offences,Status update unavailable,
,2024-11,Sussex Police,Sussex Police,-0.379435,50.817319,On or near London Street,E01031791,Worthing 008A,Anti-social behaviour,,
,2024-11,Sussex Police,Sussex Police,-0.376487,50.817998,On or near Teville Place,E01031791,Worthing 008A,Anti-social behaviour,,
,2024-11,Sussex Police,Sussex Police,-0.378325,50.815766,On or near Clifton Road,E01031791,Worthing 008A,Anti-social behaviour,,
,2024-11,Sussex Police,Sussex Police,-0.379435,50.817319,On or near London Street,E01031791,Worthing 008A,Anti-social behaviour,,
,2024-11,Sussex Police,Sussex Police,-0.379288,50.814997,On or near Cobden Road,E01031791,Worthing 008A,Anti-social behaviour,,
,2024-11,Sussex Police,Sussex Police,-0.379435,50.817319,On or near London Street,E01031791,Worthing 008A,Anti-social behaviour,,
,2024-11,Sussex Police,Sussex Police,-0.379435,50.817319,On or near London Street,E01031791,Worthing 008A,Anti-social behaviour,,
fb7e56ca9995d2fc753fd42c022cb4d296db403932bec7bff7d76951c0b532c8,2024-11,Sussex Police,Sussex Police,-0.379435,50.817319,On or near London Street,E01031791,Worthing 008A,Burglary,Investigation complete; no suspect identified,
69629cac492808129aa37863309dd2c7201bbf959e71f5cc98dc6047f3c03e8b,2024-11,Sussex Police,Sussex Police,-0.376487,50.817998,On or near Teville Place,E01031791,Worthing 008A,Other theft,Investigation complete; no suspect identified,
c9eead65af0f0ec17cbbad6dda3d99073a41bbef99a73c01ecfad258c09ec479,2024-11,Sussex Police,Sussex Police,-0.376487,50.817998,On or near Teville Place,E01031791,Worthing 008A,Public order,Investigation complete; no suspect identified,
eca0783713baeb17e3cef4a2a0c235bf95dea0ef49add24a2c09ad66efde016d,2024-11,Sussex Police,Sussex Police,-0.379435,50.817319,On or near London Street,E01031791,Worthing 008A,Public order,Status update unavailable,
37eb385ecc32f9e24dbd82f999e991db981614e29b05da2ea9af5654076c0f5a,2024-11,Sussex Police,Sussex Police,-0.376487,50.817998,On or near Teville Place,E01031791,Worthing 008A,Public order,Investigation complete; no suspect identified,
359597e9a06168d7ea71089cbe63d1c4c978d7b55bc21f2a25c4b6b67743fd8d,2024-11,Sussex Police,Sussex Police,-0.379288,50.814997,On or near Cobden Road,E01031791,Worthing 008A,Violence and sexual offences,Investigation complete; no suspect identified,
b29786d06c7b05afacf7feeefc899a5a14d034fb80daaaab9fee85dcc4aa5d19,2024-11,Sussex Police,Sussex Police,-0.379435,50.817319,On or near London Street,E01031791,Worthing 008A,Violence and sexual offences,Status update unavailable,
4fb74160d89f4ae7d84405c4e3628222092e23eca328ac34e72ceb2e12d06fd5,2024-11,Sussex Police,Sussex Police,-0.380268,50.815793,On or near Norfolk Street,E01031791,Worthing 008A,Violence and sexual offences,Investigation complete; no suspect identified,
73f4ade17f835839c8efde030a73ea8246e3cd477b95eab2069e2f8de2f2a3dd,2024-11,Sussex Police,Sussex Police,-0.376487,50.817998,On or near Teville Place,E01031791,Worthing 008A,Violence and sexual offences,Unable to prosecute suspect,
,2024-11,Sussex Police,Sussex Police,-0.386252,50.820130,On or near St Elmo Road,E01031796,Worthing 008B,Anti-social behaviour,,
38ead37665b8a09f23c254fa3a4e74d46bb8e65b0a7c676138a6248b4503dcf4,2024-11,Sussex Police,Sussex Police,-0.383167,50.819017,On or near Pavilion Road,E01031796,Worthing 008B,Public order,Unable to prosecute suspect,
a5cd194ed6f46e5f04b273ab1348a0729980995661302f32b34469a8c2436f9b,2024-11,Sussex Police,Sussex Police,-0.387012,50.819889,On or near St Anselm'S Road,E01031796,Worthing 008B,Violence and sexual offences,Court result unavailable,
5ff42e17328de934d70268f220d08e3306558fc309fb1694fb4a346ce35da712,2024-11,Sussex Police,Sussex Police,-0.383167,50.819017,On or near Pavilion Road,E01031796,Worthing 008B,Violence and sexual offences,Unable to prosecute suspect,
af75ca2622df43cc0cf005820717f2e8488d1f0264ea110df724220ebf6dce24,2024-11,Sussex Police,Sussex Police,-0.383167,50.819017,On or near Pavilion Road,E01031796,Worthing 008B,Violence and sexual offences,Investigation complete; no suspect identified,
7e823fac4cfbf082986a5766236a7a8a9fab206712dd873de4aa2b802b07c1c1,2024-11,Sussex Police,Sussex Police,-0.383167,50.819017,On or near Pavilion Road,E01031796,Worthing 008B,Violence and sexual offences,Status update unavailable,
fd88a266f7975ef256ef42ce07ca59daa10bd54c373519c88349f98bd7604782,2024-11,Sussex Police,Sussex Police,-0.370660,50.827557,On or near Broadwater Mews,E01031799,Worthing 008C,Criminal damage and arson,Investigation complete; no suspect identified,
86b0eff087fe7f39aa2dec5c6ef62fe5e6cf53ac63f7fb719a6faa0a421a05b5,2024-11,Sussex Police,Sussex Police,-0.370699,50.827666,On or near Broadwater Street East,E01031799,Worthing 008C,Criminal damage and arson,Investigation complete; no suspect identified,
ecddbf27b0ac8733bc3cbb58051cad02efea2e9b6b0f577e217b7e09f83b97ba,2024-11,Sussex Police,Sussex Police,-0.377170,50.826137,On or near Carnegie Road,E01031799,Worthing 008C,Criminal damage and arson,Investigation complete; no suspect identified,
df470095eaaa6fc5256f6a6f03799e8245207937ad8e813bdc81e4fe94491820,2024-11,Sussex Police,Sussex Police,-0.379720,50.824671,On or near South Farm Road,E01031799,Worthing 008C,Other theft,Investigation complete; no suspect identified,
99ac77d537461115a1f912ce803adeb0f0e01a6cfa07bc029a60658389757dad,2024-11,Sussex Police,Sussex Police,-0.375423,50.828190,On or near Parking Area,E01031799,Worthing 008C,Public order,Investigation complete; no suspect identified,
fab5cc5af1f52719a5549d40d1e61c1e2e72e9d820fa201d08f637116b03bd3c,2024-11,Sussex Police,Sussex Police,-0.375423,50.828190,On or near Parking Area,E01031799,Worthing 008C,Shoplifting,Court result unavailable,
a9d0d7537453de3f2e6464429efe2a23e0a1f356b09a4face05b716636bcff6c,2024-11,Sussex Police,Sussex Police,-0.375663,50.826593,On or near Carnegie Gardens,E01031799,Worthing 008C,Violence and sexual offences,Unable to prosecute suspect,
949e51c0d4d213bbc0b765f8a0ce80ef50bf4ed3cd64c6fa438099b2184c4778,2024-11,Sussex Police,Sussex Police,-0.378296,50.825209,On or near Loder Gardens,E01031799,Worthing 008C,Violence and sexual offences,Unable to prosecute suspect,
8239175acfb61ac811f28accd92568c5953e814e7ef134ed4e47c2787c871563,2024-11,Sussex Police,Sussex Police,-0.379720,50.824671,On or near South Farm Road,E01031799,Worthing 008C,Violence and sexual offences,Status update unavailable,
c4e3debdfd5aaad46cb7a11e00bac3cd798ce6404803a5f346486ef4455947f3,2024-11,Sussex Police,Sussex Police,-0.375423,50.828190,On or near Parking Area,E01031799,Worthing 008C,Violence and sexual offences,Status update unavailable,
ff5df248a91b3781bafab37583851d30f96ca386d4ddb678fa38c040318a419c,2024-11,Sussex Police,Sussex Police,-0.376425,50.818959,On or near Parking Area,E01031801,Worthing 008D,Bicycle theft,Investigation complete; no suspect identified,
520c0e5e0d6dc5c64a725c7cfff6fc671127062a2348aeede85cf012df059efe,2024-11,Sussex Police,Sussex Police,-0.374477,50.821100,On or near Pembury Close,E01031801,Worthing 008D,Bicycle theft,Investigation complete; no suspect identified,
a3a305988ab68ee1a83980a4209cdf6def92bcc332e7a361717a2df4bb032eb7,2024-11,Sussex Police,Sussex Police,-0.376931,50.820747,On or near Osmonde Close,E01031801,Worthing 008D,Burglary,Investigation complete; no suspect identified,
f5c5f0f617a52632926a1bcdbe5c4e2feeb4ee0966c7b827c63869cb10422124,2024-11,Sussex Police,Sussex Police,-0.375897,50.819851,On or near Eastcourt Road,E01031801,Worthing 008D,Criminal damage and arson,Court result unavailable,
22189e35836ba568885b1b7fbd4f9cb1dd9cd02a2a1a37bc24017174b63df97e,2024-11,Sussex Police,Sussex Police,-0.377975,50.820537,On or near Centrecourt Road,E01031801,Worthing 008D,Drugs,Local resolution,
24895887d16247ef8a8f28bac18c4fbc9ea40db33738e6bae19c26ac7fa20c51,2024-11,Sussex Police,Sussex Police,-0.372875,50.820610,On or near Westbourne Avenue,E01031801,Worthing 008D,Drugs,Status update unavailable,
8ce83c9f8ff662f6bc78d8fb8506146511c71494ebc3d1f8f23df60511089bac,2024-11,Sussex Police,Sussex Police,-0.373160,50.822619,On or near Broadwater Road,E01031801,Worthing 008D,Possession of weapons,Court result unavailable,
cc0c5b0f59fe36d165075a4301e3b73594afeecbc176d01622e483a8f5e9ffa6,2024-11,Sussex Police,Sussex Police,-0.375897,50.819851,On or near Eastcourt Road,E01031801,Worthing 008D,Possession of weapons,Court result unavailable,
f0bfd39496fa1e5b6c8ea1465c7a7bd8c62bf2fc15d9f0fdb1ec6bac3bde6ed8,2024-11,Sussex Police,Sussex Police,-0.375897,50.819851,On or near Eastcourt Road,E01031801,Worthing 008D,Possession of weapons,Unable to prosecute suspect,
c2e90856b54b5793c604dc9e5b675b12acbebb4af8acd97b2053eaa004e69053,2024-11,Sussex Police,Sussex Police,-0.376425,50.818959,On or near Parking Area,E01031801,Worthing 008D,Public order,Unable to prosecute suspect,
e1713f9bca4a708d5623f7b317c29b670a0103760778c9f9fce2637daf4f6eaa,2024-11,Sussex Police,Sussex Police,-0.376425,50.818959,On or near Parking Area,E01031801,Worthing 008D,Public order,Status update unavailable,
429c0980577e9a87f7bf6348486632923afb0563abf0d344439900a906f4721f,2024-11,Sussex Police,Sussex Police,-0.374561,50.821937,On or near Pembury Road,E01031801,Worthing 008D,Violence and sexual offences,Unable to prosecute suspect,
39b63e0a1af564f13c3f99a5cfb7a4b5ff0262ba97d4a3c33ecc696250877d68,2024-11,Sussex Police,Sussex Police,-0.376425,50.818959,On or near Parking Area,E01031801,Worthing 008D,Violence and sexual offences,Local resolution,
3dadbcce2b655994458fe578cc7238531d0442ad6ace8e720870a0dddd5d7202,2024-11,Sussex Police,Sussex Police,-0.376425,50.818959,On or near Parking Area,E01031801,Worthing 008D,Violence and sexual offences,Status update unavailable,
b2c5b6cbf9fef177620fe8d758708ea0e14d32d1f977e9f411505ba862bedc57,2024-11,Sussex Police,Sussex Police,-0.373160,50.822619,On or near Broadwater Road,E01031801,Worthing 008D,Violence and sexual offences,Unable to prosecute suspect,
6201a5eddccbf3fc4f65ad16a3ca2bacaee23bfedcd8e0f71e16f09f209cfee2,2024-11,Sussex Police,Sussex Police,-0.372875,50.820610,On or near Westbourne Avenue,E01031801,Worthing 008D,Violence and sexual offences,Unable to prosecute suspect,
e3cd8f077463cbe10dbaddab39cf83a64aa248e8018a59dac1fb9b605ac2511f,2024-11,Sussex Police,Sussex Police,-0.375233,50.823053,On or near King Street,E01031801,Worthing 008D,Violence and sexual offences,Investigation complete; no suspect identified,
8be7e0b1be2d31b710229c6f5274d75e529318a3b71fc15cf3a5329e250760f5,2024-11,Sussex Police,Sussex Police,-0.374561,50.821937,On or near Pembury Road,E01031801,Worthing 008D,Violence and sexual offences,Unable to prosecute suspect,
,2024-11,Sussex Police,Sussex Police,-0.393630,50.820232,On or near Ethelred Road,E01031837,Worthing 008E,Anti-social behaviour,,
23ea09acb184b1dfdd31465973f8c400708cd1bde842eae5fad7325bc7141066,2024-11,Sussex Police,Sussex Police,-0.389266,50.821242,On or near Haynes Road,E01031837,Worthing 008E,Criminal damage and arson,Investigation complete; no suspect identified,
0e2cbc52965c5fc55b75d1bfb5603753146b097fd84954c1dfca3d385423c18e,2024-11,Sussex Police,Sussex Police,-0.392310,50.819168,On or near Supermarket,E01031837,Worthing 008E,Public order,Court result unavailable,
105a36e90584567dc4dcd302232cd0ff4b19e6a15c240fd45515c13c017b6639,2024-11,Sussex Police,Sussex Police,-0.392310,50.819168,On or near Supermarket,E01031837,Worthing 008E,Robbery,Unable to prosecute suspect,
d54f46d824ff9f9ffb88addfe17b362fb928e042c4c743228119f8be69793b65,2024-11,Sussex Police,Sussex Police,-0.392310,50.819168,On or near Supermarket,E01031837,Worthing 008E,Shoplifting,Status update unavailable,
dc9b6a9d9b82a5f770d4710679b74bb7cb52877bdd05ad51e4f81a88ed68ef5d,2024-11,Sussex Police,Sussex Police,-0.392310,50.819168,On or near Supermarket,E01031837,Worthing 008E,Shoplifting,Investigation complete; no suspect identified,
a5424e01a22f63a1fb7bb3f75aeeffc2bd233c74c5fcfcf2909593c60126e5a0,2024-11,Sussex Police,Sussex Police,-0.392310,50.819168,On or near Supermarket,E01031837,Worthing 008E,Shoplifting,Court result unavailable,
da217f7f5540d8ebe13487be097b75ad7a6930b69ce6c9b010979b55ec2416ef,2024-11,Sussex Police,Sussex Police,-0.392310,50.819168,On or near Supermarket,E01031837,Worthing 008E,Shoplifting,Court result unavailable,
e166c156b5af3cdb3a54f08c5b486a7ab6393b0ddc234a41a167ed398204c94c,2024-11,Sussex Police,Sussex Police,-0.392310,50.819168,On or near Supermarket,E01031837,Worthing 008E,Shoplifting,Court result unavailable,
89e112cac31626452c9e109292aa9882e79ce7756b3ad9bfd90173db764ed0dd,2024-11,Sussex Police,Sussex Police,-0.392310,50.819168,On or near Supermarket,E01031837,Worthing 008E,Shoplifting,Unable to prosecute suspect,
04a175f232e1db060e8c470a64a67fbe90ebbe613731ee0bd7a3734909f90741,2024-11,Sussex Police,Sussex Police,-0.392310,50.819168,On or near Supermarket,E01031837,Worthing 008E,Shoplifting,Unable to prosecute suspect,
e58eb2d5b8b319ef5fa2534fc9beb44478859043b08246a742492ca6a5557553,2024-11,Sussex Police,Sussex Police,-0.392310,50.819168,On or near Supermarket,E01031837,Worthing 008E,Shoplifting,Court result unavailable,
39a524900d5bff40bb3947b66f3cac8f91dba5db55ca5cea6944db795d2736e7,2024-11,Sussex Police,Sussex Police,-0.392310,50.819168,On or near Supermarket,E01031837,Worthing 008E,Shoplifting,Court result unavailable,
2bf85c9dbd85ec454c2a8a78bd19c73367ad87badadb4351c8ef379b058a6c7e,2024-11,Sussex Police,Sussex Police,-0.392310,50.819168,On or near Supermarket,E01031837,Worthing 008E,Shoplifting,Unable to prosecute suspect,
3ab9ad5eb55d5fb43c5cf03a8cd3504345092d0912337f1fb55447af43359e5e,2024-11,Sussex Police,Sussex Police,-0.390994,50.821751,On or near Twitten Way,E01031837,Worthing 008E,Violence and sexual offences,Unable to prosecute suspect,
08fde6782b6d704b1b4e81136ae1ed101d5e0964ba6e66b09452efd2adb52842,2024-11,Sussex Police,Sussex Police,-0.389266,50.821242,On or near Haynes Road,E01031837,Worthing 008E,Violence and sexual offences,Unable to prosecute suspect,
c8093157dcec53da0a944162bf3b6c65082262faac24c4513740f69edc7ae3a7,2024-11,Sussex Police,Sussex Police,-0.390994,50.821751,On or near Twitten Way,E01031837,Worthing 008E,Violence and sexual offences,Unable to prosecute suspect,
,2024-11,Sussex Police,Sussex Police,-0.357240,50.823952,On or near Hazelwood Close,E01031779,Worthing 009A,Anti-social behaviour,,
,2024-11,Sussex Police,Sussex Police,-0.357404,50.821715,On or near Meredith Road,E01031779,Worthing 009A,Anti-social behaviour,,
,2024-11,Sussex Police,Sussex Police,-0.357240,50.823952,On or near Hazelwood Close,E01031779,Worthing 009A,Anti-social behaviour,,
,2024-11,Sussex Police,Sussex Police,-0.357240,50.823952,On or near Hazelwood Close,E01031779,Worthing 009A,Anti-social behaviour,,
d2382d2f8bbe9b8e1a5e2c8275b5b00bfcdc89018be0d8150d6e2441f092098e,2024-11,Sussex Police,Sussex Police,-0.357404,50.821715,On or near Meredith Road,E01031779,Worthing 009A,Criminal damage and arson,Unable to prosecute suspect,
c46bf9b4727c987a5c0adf9d80aed7722f957561a056e817a97a4203fece95e6,2024-11,Sussex Police,Sussex Police,-0.359496,50.824699,On or near Shopping Area,E01031779,Worthing 009A,Other theft,Investigation complete; no suspect identified,
45ab298112f04fb259841162f8e6a8ae6c24a11e90bbf7303f93e4a48cf0d4eb,2024-11,Sussex Police,Sussex Police,-0.357404,50.821715,On or near Meredith Road,E01031779,Worthing 009A,Other theft,Unable to prosecute suspect,
4701515d10eaab17d0386312e418cc9a48ee8893140359715a57bef7c783ac52,2024-11,Sussex Police,Sussex Police,-0.357328,50.822667,On or near Thackeray Road,E01031779,Worthing 009A,Public order,Unable to prosecute suspect,
39f41c95164b3d6760ac8ed00e759ec08d4b45115b375f3769f3de2a68d33ff0,2024-11,Sussex Police,Sussex Police,-0.357404,50.821715,On or near Meredith Road,E01031779,Worthing 009A,Public order,Status update unavailable,
4f2d0693c1f3f46629882196306dd578c1c6ff3bdde5a02108cf4a40ca9a250e,2024-11,Sussex Police,Sussex Police,-0.359979,50.823586,On or near B2223,E01031779,Worthing 009A,Shoplifting,Court result unavailable,
f184dab1069c3d04cffb0b7394d98187eec2693f1653da17cb3bffb3a24d851e,2024-11,Sussex Police,Sussex Police,-0.359979,50.823586,On or near B2223,E01031779,Worthing 009A,Shoplifting,Court result unavailable,
16d28aea019fcf61ebfc57c37049a73b8be6b1810ba50007dbfc88234644ad5d,2024-11,Sussex Police,Sussex Police,-0.359979,50.823586,On or near B2223,E01031779,Worthing 009A,Shoplifting,Unable to prosecute suspect,
7ce9200b60a6a9851b3912b9136d4cf605314f165066e864525a9e8afe22c647,2024-11,Sussex Police,Sussex Police,-0.359979,50.823586,On or near B2223,E01031779,Worthing 009A,Shoplifting,Court result unavailable,
2a98bdfb8f38a4b7f0c47cc1652472ec67eaad8c556337d8663be124222f6508,2024-11,Sussex Police,Sussex Police,-0.359979,50.823586,On or near B2223,E01031779,Worthing 009A,Shoplifting,Court result unavailable,
62197b6f20eaeb720aaede6905549e1e4589554ee865c8df6a2364e284c9c0dd,2024-11,Sussex Police,Sussex Police,-0.359979,50.823586,On or near B2223,E01031779,Worthing 009A,Shoplifting,Unable to prosecute suspect,
77ba126d1afb52f9caf4cbcf1220a413ae038c1aa257ae69307f3ce55104add8,2024-11,Sussex Police,Sussex Police,-0.359979,50.823586,On or near B2223,E01031779,Worthing 009A,Shoplifting,Investigation complete; no suspect identified,
3b699ca6056e169234acb1bbf7b5678796191398ea2af51a5f353ea0f861a2a8,2024-11,Sussex Police,Sussex Police,-0.359979,50.823586,On or near B2223,E01031779,Worthing 009A,Shoplifting,Investigation complete; no suspect identified,
721985ce299981aba6b2f045be6506112dc57f58c23638d97ee7b7f9a582aa04,2024-11,Sussex Police,Sussex Police,-0.359979,50.823586,On or near B2223,E01031779,Worthing 009A,Violence and sexual offences,Court result unavailable,
3ad1b177785d5b0509bb41fd766ae1fda8fe6301d2961f3a3020d9331bf1375c,2024-11,Sussex Police,Sussex Police,-0.357404,50.821715,On or near Meredith Road,E01031779,Worthing 009A,Violence and sexual offences,Unable to prosecute suspect,
55598dabcee3ffb73d83887c77c047e05b03d7a2386f6fa9c184054087bc853a,2024-11,Sussex Police,Sussex Police,-0.360917,50.821953,On or near Warner Road,E01031779,Worthing 009A,Violence and sexual offences,Unable to prosecute suspect,
057a59084ab7fd6ac62abcfb830166c80b7ca91ec2994973307507fa3f99925c,2024-11,Sussex Police,Sussex Police,-0.360917,50.821953,On or near Warner Road,E01031779,Worthing 009A,Violence and sexual offences,Unable to prosecute suspect,
1b8a21445b695e5d18e38699652554510e45fabacc6cff7c4d5687db4decd004,2024-11,Sussex Police,Sussex Police,-0.357404,50.821715,On or near Meredith Road,E01031779,Worthing 009A,Violence and sexual offences,Unable to prosecute suspect,
f820f64afe01e681c86d9ddec2c94659cf3634c89824e9358db0b370e849cf1e,2024-11,Sussex Police,Sussex Police,-0.357404,50.821715,On or near Meredith Road,E01031779,Worthing 009A,Violence and sexual offences,Investigation complete; no suspect identified,
4334ebd955a1a815ebae7eac38dd091b93a5c9ccded145ef22a7ab1abbf14b24,2024-11,Sussex Police,Sussex Police,-0.357328,50.822667,On or near Thackeray Road,E01031779,Worthing 009A,Violence and sexual offences,Unable to prosecute suspect,
3abb03bd62cded20273cd2fd26a1d380cf0fe66a4150f987f4a34e3f2a1705df,2024-11,Sussex Police,Sussex Police,-0.359979,50.823586,On or near B2223,E01031779,Worthing 009A,Violence and sexual offences,Unable to prosecute suspect,
5c55b73d1abed2bf807469cfa8b1d6559a63b1610a7616e216d78d45d4f34387,2024-11,Sussex Police,Sussex Police,-0.360917,50.821953,On or near Warner Road,E01031779,Worthing 009A,Violence and sexual offences,Unable to prosecute suspect,
4fa5d87f6a3a3ba53adbd1fb8c2f87a2b1776b6903a9d48bb8e4e0b5a013315b,2024-11,Sussex Police,Sussex Police,-0.359599,50.819848,On or near Chesswood Road,E01031831,Worthing 009B,Possession of weapons,Investigation complete; no suspect identified,
e76f518d8585ecfe022fda7d9de47d2cb839d8c81c347fdab5de3bf62cc7ab80,2024-11,Sussex Police,Sussex Police,-0.358337,50.817789,On or near Cottenham Road,E01031831,Worthing 009B,Public order,Investigation complete; no suspect identified,
43d86aefe6ef77bc350bdc614952e599b466e60d339b1b02106df9b108807fff,2024-11,Sussex Police,Sussex Police,-0.361073,50.817099,On or near Cranworth Road,E01031831,Worthing 009B,Public order,Investigation complete; no suspect identified,
35b80bca7c2bbb5f80028f2c7138a4d5c00139ad04b9dc6b227e830630f26fcd,2024-11,Sussex Police,Sussex Police,-0.356288,50.817526,On or near Colebrook Close,E01031831,Worthing 009B,Public order,Investigation complete; no suspect identified,
0d2a4fddf9454d3aa7dcf842f98b7688ab93a00fc400232e855f0af5c5a45816,2024-11,Sussex Police,Sussex Police,-0.361757,50.818242,On or near Thurlow Road,E01031831,Worthing 009B,Vehicle crime,Investigation complete; no suspect identified,
3feb82472a1040f3ac909614c6e982cd53df5239f5e3d0d634593acc58f5258c,2024-11,Sussex Police,Sussex Police,-0.361065,50.818924,On or near Halsbury Close,E01031831,Worthing 009B,Violence and sexual offences,Investigation complete; no suspect identified,
75e4e7b002cfc9a665c3ac8248cf0e14064a77ffeb68f4bd71ec3a5b218792b4,2024-11,Sussex Police,Sussex Police,-0.356555,50.820830,On or near Ashwood Close,E01031831,Worthing 009B,Violence and sexual offences,Investigation complete; no suspect identified,
732297d3f67653cbfe50d9c678161ce2f38f37ca3d27a44e0acab6aa65279ca9,2024-11,Sussex Police,Sussex Police,-0.361065,50.818924,On or near Halsbury Close,E01031831,Worthing 009B,Violence and sexual offences,Unable to prosecute suspect,
a829ac89dec585ef8ecefb6cda2ba3f0164f17782b89ebcddf6b50c87aa3e0ce,2024-11,Sussex Police,Sussex Police,-0.337203,50.820871,On or near Western Road,E01031832,Worthing 009C,Burglary,Investigation complete; no suspect identified,
2e87d5f7ce4445cff0b89e923cf4e8913a9c5f8fc1b6871cd95178e465557883,2024-11,Sussex Police,Sussex Police,-0.345504,50.819379,On or near Dale Road,E01031832,Worthing 009C,Criminal damage and arson,Investigation complete; no suspect identified,
fcef7b10c6743934988cc031ce1a63861068447eee60201ba04023f0624e6dbf,2024-11,Sussex Police,Sussex Police,-0.343784,50.815416,On or near Thalassa Road,E01031832,Worthing 009C,Vehicle crime,Unable to prosecute suspect,
3619d5dec8d69261411cea4c76d4d94d09fab6e28a58c82424230c7fbe55c7d2,2024-11,Sussex Police,Sussex Police,-0.337203,50.820871,On or near Western Road,E01031832,Worthing 009C,Vehicle crime,Investigation complete; no suspect identified,
3fd633681e64153b659adf65ff953227188833b51e144cf4d549065c3489ae02,2024-11,Sussex Police,Sussex Police,-0.345941,50.817866,On or near Brookdean Road,E01031832,Worthing 009C,Violence and sexual offences,Status update unavailable,
c91959ba3c82f87b47b50194e45d44e50461698d676ed75ccbd983b46709f587,2024-11,Sussex Police,Sussex Police,-0.345941,50.817866,On or near Brookdean Road,E01031832,Worthing 009C,Violence and sexual offences,Status update unavailable,
,2024-11,Sussex Police,Sussex Police,-0.350858,50.816505,On or near Chatham Road,E01031833,Worthing 009D,Anti-social behaviour,,
,2024-11,Sussex Police,Sussex Police,-0.352095,50.817269,On or near Ham Road,E01031833,Worthing 009D,Anti-social behaviour,,
,2024-11,Sussex Police,Sussex Police,-0.350858,50.816505,On or near Chatham Road,E01031833,Worthing 009D,Anti-social behaviour,,
,2024-11,Sussex Police,Sussex Police,-0.352095,50.817269,On or near Ham Road,E01031833,Worthing 009D,Anti-social behaviour,,
c5405cddc79eb61a32e44bfaffda87847ad24ea052e4a6917cda066625a8dd50,2024-11,Sussex Police,Sussex Police,-0.350858,50.816505,On or near Chatham Road,E01031833,Worthing 009D,Criminal damage and arson,Investigation complete; no suspect identified,
719de8145ae671bbcba568d4d41735ba265638d74cef71fb5d2620e5e3ec1593,2024-11,Sussex Police,Sussex Police,-0.353319,50.817170,On or near Ten Acres,E01031833,Worthing 009D,Other theft,Unable to prosecute suspect,
d3533225d590f2e879213e23b2907d0c74977671ba70f2a5092be318ecfafe53,2024-11,Sussex Police,Sussex Police,-0.351444,50.815585,On or near Supermarket,E01031833,Worthing 009D,Public order,Court result unavailable,
4288126e7f4209a8f729bbc92af016948986675470883bfee0243c4d56010264,2024-11,Sussex Police,Sussex Police,-0.354959,50.814935,On or near Windsor Road,E01031833,Worthing 009D,Public order,Investigation complete; no suspect identified,
d01e6d42e1a26edcff4555d53f95317a26180cdfcd15f7d278451855c81bd5bb,2024-11,Sussex Police,Sussex Police,-0.351444,50.815585,On or near Supermarket,E01031833,Worthing 009D,Shoplifting,Court result unavailable,
da46c00ad5b2b5486110a832ffa4fa078814f3ca9c5c5d5f9dabcec03de7023e,2024-11,Sussex Police,Sussex Police,-0.351444,50.815585,On or near Supermarket,E01031833,Worthing 009D,Shoplifting,Unable to prosecute suspect,
4f505e63a3093b0d4b72dd02ff642a311e520c3d61f91d3026059b3ee6c5fd25,2024-11,Sussex Police,Sussex Police,-0.351444,50.815585,On or near Supermarket,E01031833,Worthing 009D,Shoplifting,Court result unavailable,
c7b1d2290d087998340babeeb1d51c663b962180afca099a9f9840e0d8810f0d,2024-11,Sussex Police,Sussex Police,-0.350858,50.816505,On or near Chatham Road,E01031833,Worthing 009D,Shoplifting,Unable to prosecute suspect,
08c0730c2cf3c2973afba063ba84751b32df50146db80756cd72d91f3eeb5f3c,2024-11,Sussex Police,Sussex Police,-0.350858,50.816505,On or near Chatham Road,E01031833,Worthing 009D,Shoplifting,Investigation complete; no suspect identified,
73e97aeb635d0ba144e1daef94a4d923dd7220b2eb49743f7c97466776c848e5,2024-11,Sussex Police,Sussex Police,-0.350858,50.816505,On or near Chatham Road,E01031833,Worthing 009D,Shoplifting,Unable to prosecute suspect,
cf0bcd8e5e16410214470f14237c6083902351691ea0ae8e5aa9e071cf8182e3,2024-11,Sussex Police,Sussex Police,-0.350858,50.816505,On or near Chatham Road,E01031833,Worthing 009D,Shoplifting,Investigation complete; no suspect identified,
70296ae1d8d4b9305676569135dcbb9584ee9843ba892ba95c00fafffadc5461,2024-11,Sussex Police,Sussex Police,-0.351444,50.815585,On or near Supermarket,E01031833,Worthing 009D,Shoplifting,Unable to prosecute suspect,
cfefe33ff5d23fd0ecf23b3cd3d0f45dffe15e775068d15638ea5ca9a88b6c03,2024-11,Sussex Police,Sussex Police,-0.352095,50.817269,On or near Ham Road,E01031833,Worthing 009D,Shoplifting,Investigation complete; no suspect identified,
9d2a0d3fbdcda9d4c7e30cc5b5b2eeac446140378aed33d9af608c487a05f614,2024-11,Sussex Police,Sussex Police,-0.350858,50.816505,On or near Chatham Road,E01031833,Worthing 009D,Shoplifting,Investigation complete; no suspect identified,
b617aeaa374f66a7931ac05f7eb8f4873d3eddaf26d30f844f88571c30a1eda9,2024-11,Sussex Police,Sussex Police,-0.351444,50.815585,On or near Supermarket,E01031833,Worthing 009D,Shoplifting,Investigation complete; no suspect identified,
f7c4eaf9d209678fe76a7d4123677a1687af6f67b501ee1d801ead1bbb8a38e3,2024-11,Sussex Police,Sussex Police,-0.350858,50.816505,On or near Chatham Road,E01031833,Worthing 009D,Shoplifting,Unable to prosecute suspect,
770b9ba0504569646180e30a710b16bc3dadcdd768f8bd6d2efbe305589d3bc2,2024-11,Sussex Police,Sussex Police,-0.350858,50.816505,On or near Chatham Road,E01031833,Worthing 009D,Shoplifting,Unable to prosecute suspect,
2d97c85d0290dd566f01cab4a15f3a57702451e6103534aef8074827ffe857d9,2024-11,Sussex Police,Sussex Police,-0.351444,50.815585,On or near Supermarket,E01031833,Worthing 009D,Shoplifting,Investigation complete; no suspect identified,
b9b57032e4b7e2aa952fe5a9d1ad6e8984b44fa364b53a71c37dc7bb742b9405,2024-11,Sussex Police,Sussex Police,-0.351444,50.815585,On or near Supermarket,E01031833,Worthing 009D,Shoplifting,Unable to prosecute suspect,
a2ee560e83399e81aa9c331362f57fa1df97a4de935ed63906b0bbc29aa58378,2024-11,Sussex Police,Sussex Police,-0.351444,50.815585,On or near Supermarket,E01031833,Worthing 009D,Shoplifting,Unable to prosecute suspect,
c1d7f34598c63456f9894ec90bec8acfee351f6f0c27ad5b96dffd5d6c9c786f,2024-11,Sussex Police,Sussex Police,-0.351444,50.815585,On or near Supermarket,E01031833,Worthing 009D,Shoplifting,Investigation complete; no suspect identified,
88480d8d57d9311d681283e95f4b050fede2ffea62fe36279a216d03223aeb93,2024-11,Sussex Police,Sussex Police,-0.350858,50.816505,On or near Chatham Road,E01031833,Worthing 009D,Shoplifting,Investigation complete; no suspect identified,
ba0035988f68203de0d37fe473a1e1cbe1cb456e4245c64492f3323b9ea8a2cb,2024-11,Sussex Police,Sussex Police,-0.351444,50.815585,On or near Supermarket,E01031833,Worthing 009D,Shoplifting,Unable to prosecute suspect,
7b4ddd859a5a4d6bc0a9878ba60d2d0dda6d06d3fd69569739c2d10af339c249,2024-11,Sussex Police,Sussex Police,-0.354959,50.814935,On or near Windsor Road,E01031833,Worthing 009D,Vehicle crime,Investigation complete; no suspect identified,
789054cb736cdd46bdf2a03a4caad917b2bb40a63c481dffde1113b94f92f34a,2024-11,Sussex Police,Sussex Police,-0.352095,50.817269,On or near Ham Road,E01031833,Worthing 009D,Violence and sexual offences,Investigation complete; no suspect identified,
b0b6e851d51a8090ba7ee53b0166e27719b60d3a975472a9c2dd3861faf9cbe3,2024-11,Sussex Police,Sussex Police,-0.354000,50.815560,On or near Pendine Avenue,E01031833,Worthing 009D,Violence and sexual offences,Unable to prosecute suspect,
4a156decec9e55f71e602952c988d8106a7cb485084f57be608d684064093452,2024-11,Sussex Police,Sussex Police,-0.357319,50.818080,On or near Dawes Avenue,E01031834,Worthing 009E,Other theft,Investigation complete; no suspect identified,
01185081ba2bd26ae57a8bbbd715da8e28b0e3a83e21d27512a32f08207ba5ae,2024-11,Sussex Police,Sussex Police,-0.349503,50.817898,On or near Meadow Crescent,E01031834,Worthing 009E,Other theft,Unable to prosecute suspect,
112dadd89d75cee09a3c5f8e83802806e15825f7138b33e6fc3abb717db8fdab,2024-11,Sussex Police,Sussex Police,-0.349735,50.819367,On or near Brook Close,E01031834,Worthing 009E,Vehicle crime,Investigation complete; no suspect identified,
9fdc5aed1dd99910997eec55481997a9fd94a9be207f98a304b934df65188412,2024-11,Sussex Police,Sussex Police,-0.351620,50.820662,On or near Oakleigh Close,E01031834,Worthing 009E,Vehicle crime,Investigation complete; no suspect identified,
409d71a6fdc285c0748e15d1080b1ca77f5460edc4615f03af19e6f20dda47f8,2024-11,Sussex Police,Sussex Police,-0.351640,50.819691,On or near Pages Lane,E01031834,Worthing 009E,Vehicle crime,Investigation complete; no suspect identified,
d24237a26c6848d78169d90caeb1f012c91c6ddf7555d8c144ba483d7955635c,2024-11,Sussex Police,Sussex Police,-0.349503,50.817898,On or near Meadow Crescent,E01031834,Worthing 009E,Violence and sexual offences,Investigation complete; no suspect identified,
,2024-11,Sussex Police,Sussex Police,-0.376159,50.817229,On or near Oxford Road,E01031790,Worthing 010A,Anti-social behaviour,,
,2024-11,Sussex Police,Sussex Police,-0.372444,50.815450,On or near Winton Place,E01031790,Worthing 010A,Anti-social behaviour,,
,2024-11,Sussex Police,Sussex Police,-0.372444,50.815450,On or near Winton Place,E01031790,Worthing 010A,Anti-social behaviour,,
,2024-11,Sussex Police,Sussex Police,-0.375733,50.817232,On or near Teville Road,E01031790,Worthing 010A,Anti-social behaviour,,
,2024-11,Sussex Police,Sussex Police,-0.378794,50.814100,On or near Park Crescent,E01031790,Worthing 010A,Anti-social behaviour,,
5b2b7451eb24fee1f33dc095abb56fb0d42a2aa45bbf86ec6b07901644585ced,2024-11,Sussex Police,Sussex Police,-0.376931,50.815423,On or near Victoria Road,E01031790,Worthing 010A,Burglary,Investigation complete; no suspect identified,
06c7f9f79c6269141b408509fc275c8f396a7cdf3df6165922f116178338ec21,2024-11,Sussex Police,Sussex Police,-0.375806,50.815515,On or near Cambridge Road,E01031790,Worthing 010A,Criminal damage and arson,Unable to prosecute suspect,
6c59161698d24122934be2faaba28610773cdee4fb733f227f32f207adf60fb8,2024-11,Sussex Police,Sussex Police,-0.375733,50.817232,On or near Teville Road,E01031790,Worthing 010A,Drugs,Offender given a caution,
1d01e17ff18e45c6ca9d5d6b6dbdc7e96795de4a689f94c894a63eb308578d7d,2024-11,Sussex Police,Sussex Police,-0.375733,50.817232,On or near Teville Road,E01031790,Worthing 010A,Public order,Unable to prosecute suspect,
00a32a90524ab079128a794da1389b9dcdc0b961de9793f9ecb75ee2169b6839,2024-11,Sussex Police,Sussex Police,-0.378030,50.811571,On or near Gratwicke Road,E01031790,Worthing 010A,Public order,Unable to prosecute suspect,
39d2bce64ac28ae2cad869a4573f241fdaea7940991627ee07a653a1f6bb0f10,2024-11,Sussex Police,Sussex Police,-0.378794,50.814100,On or near Park Crescent,E01031790,Worthing 010A,Violence and sexual offences,Unable to prosecute suspect,
3b24737ddf30da45b91f9ba97a5447375468f16f7130642bfeaf98410f8394d0,2024-11,Sussex Police,Sussex Police,-0.374853,50.815592,On or near Christchurch Road,E01031790,Worthing 010A,Violence and sexual offences,Unable to prosecute suspect,
51239ffb360e87b4a7f87405cbfd6a9f6cdcf171d66d9f4ed27d680404ee6c36,2024-11,Sussex Police,Sussex Police,-0.372444,50.815450,On or near Winton Place,E01031790,Worthing 010A,Violence and sexual offences,Court result unavailable,
f23fc0843b1f2eea177f45a2baaf2b7c7a7d4cf50f77ea7520424ffdc682e6a5,2024-11,Sussex Police,Sussex Police,-0.376504,50.811775,On or near Crescent Road,E01031790,Worthing 010A,Violence and sexual offences,Unable to prosecute suspect,
31c6f5c561a0073fc299a2e2b108c812ec57eb9e9c627ec55867610c95a341ab,2024-11,Sussex Police,Sussex Police,-0.378794,50.814100,On or near Park Crescent,E01031790,Worthing 010A,Violence and sexual offences,Unable to prosecute suspect,
b546d1a836a7d776fed7dda8b9f112b3fa86d08d7f472ea5bc756985b8e4c3da,2024-11,Sussex Police,Sussex Police,-0.378078,50.813442,On or near Richmond Road,E01031790,Worthing 010A,Violence and sexual offences,Unable to prosecute suspect,
7a07ffd4932b9e3102dca493f3d365faa97dd8edb8ebe47ef368a9b1d470250e,2024-11,Sussex Police,Sussex Police,-0.372444,50.815450,On or near Winton Place,E01031790,Worthing 010A,Violence and sexual offences,Unable to prosecute suspect,
08e27abc7d1100df6a96a4b7d530e9f2f867a69b40dc86aacd670a3557891bbb,2024-11,Sussex Police,Sussex Police,-0.376159,50.817229,On or near Oxford Road,E01031790,Worthing 010A,Violence and sexual offences,Investigation complete; no suspect identified,
e39d932b2843b21f0c6f5c945f1c4bca44c287e56fcf16254b2be86e7faf472b,2024-11,Sussex Police,Sussex Police,-0.378794,50.814100,On or near Park Crescent,E01031790,Worthing 010A,Violence and sexual offences,Unable to prosecute suspect,
,2024-11,Sussex Police,Sussex Police,-0.388749,50.815200,On or near Belsize Road,E01031807,Worthing 010B,Anti-social behaviour,,
30b2075bbbebb72d74ac2187a9e16cb92f343eb296616ea2f13f5f5e2eae528f,2024-11,Sussex Police,Sussex Police,-0.387775,50.812588,On or near St Michael'S Road,E01031807,Worthing 010B,Other theft,Investigation complete; no suspect identified,
6e4f701cffbe2fa3b12edc5e230d35cd6fddc89d84741004ca4d3d132af30d39,2024-11,Sussex Police,Sussex Police,-0.388749,50.815200,On or near Belsize Road,E01031807,Worthing 010B,Violence and sexual offences,Unable to prosecute suspect,
,2024-11,Sussex Police,Sussex Police,-0.385199,50.809881,On or near Rowlands Road,E01031809,Worthing 010C,Anti-social behaviour,,
76d60a802a13bd465dc85271456814a333a5c296bc2823feae612be7a61f308e,2024-11,Sussex Police,Sussex Police,-0.384597,50.809648,On or near Bowers Court,E01031809,Worthing 010C,Criminal damage and arson,Investigation complete; no suspect identified,
1317d3928c47fd4cb37bcc9392e7b99071cf4b99a0fe6f2f6b02eaa8344d9860,2024-11,Sussex Police,Sussex Police,-0.384597,50.809648,On or near Bowers Court,E01031809,Worthing 010C,Shoplifting,Unable to prosecute suspect,
b722c2c1d9d6f84f0ac7136eb31a01ccb503fb4d9d7e1497d0cf82d18eb6b667,2024-11,Sussex Police,Sussex Police,-0.384597,50.809648,On or near Bowers Court,E01031809,Worthing 010C,Shoplifting,Unable to prosecute suspect,
bb5b18def223a51fec34bdeec92138278ab33b510f85c8ee4274b09586815ec3,2024-11,Sussex Police,Sussex Police,-0.388838,50.810561,On or near Boundary Close,E01031809,Worthing 010C,Violence and sexual offences,Investigation complete; no suspect identified,
198b64edcbde1f4de3c89b9e565d71ddbefa04242be4462cc45e8b3907ebaa33,2024-11,Sussex Police,Sussex Police,-0.382010,50.808542,On or near Brunswick Road,E01031809,Worthing 010C,Violence and sexual offences,Unable to prosecute suspect,
95cffcc16f07d99bff08b3de0428361aaf77a26612ac9d2c84b27f5fc94f408e,2024-11,Sussex Police,Sussex Police,-0.384597,50.809648,On or near Bowers Court,E01031809,Worthing 010C,Violence and sexual offences,Investigation complete; no suspect identified,
7a6be9ff706ebeaeaf5871ed9e0a12aa6462b24839b46be142f3c738869f9c60,2024-11,Sussex Police,Sussex Police,-0.383404,50.808039,On or near Heene Terrace,E01031809,Worthing 010C,Violence and sexual offences,Unable to prosecute suspect,
13bd37bffcff7119717ff9f2a1d25237ad61531ea5112a1846637ca57999a920,2024-11,Sussex Police,Sussex Police,-0.388802,50.810380,On or near Boundary Road,E01031809,Worthing 010C,Violence and sexual offences,Unable to prosecute suspect,
b1bf0e31287206483a9030593ca922f3c6accb0c3fb3d9690474e1beeeef6ed6,2024-11,Sussex Police,Sussex Police,-0.388802,50.810380,On or near Boundary Road,E01031809,Worthing 010C,Violence and sexual offences,Unable to prosecute suspect,
,2024-11,Sussex Police,Sussex Police,-0.393698,50.818272,On or near West Worthing,E01031810,Worthing 010D,Anti-social behaviour,,
28d1c67b23e6851c0f73a96234e7a2f1e94738b81db0bffa1e35f0e64c41efe2,2024-11,Sussex Police,Sussex Police,-0.387420,50.816693,On or near St Botolph'S Road,E01031810,Worthing 010D,Criminal damage and arson,Unable to prosecute suspect,
38908138174b7d08236988b5028664199398d9e40a5bea78ed365b11e444f709,2024-11,Sussex Police,Sussex Police,-0.384855,50.817404,On or near Browning Road,E01031810,Worthing 010D,Criminal damage and arson,Investigation complete; no suspect identified,
0e10d788b89547d310eef6a76593ab24911c111751443d180d9b4fbdbc42fe76,2024-11,Sussex Police,Sussex Police,-0.384855,50.817404,On or near Browning Road,E01031810,Worthing 010D,Other theft,Investigation complete; no suspect identified,
ff18b33672efee7a22738ac2ad96b6d54cd16dc1d6697b3550aae720179f1625,2024-11,Sussex Police,Sussex Police,-0.393698,50.818272,On or near West Worthing,E01031810,Worthing 010D,Public order,Unable to prosecute suspect,
76e94af7c103a9bea120ca3edf20277fdc5f590f2ec7bba66d7a89dbad695310,2024-11,Sussex Police,Sussex Police,-0.387728,50.818469,On or near Supermarket,E01031810,Worthing 010D,Public order,Investigation complete; no suspect identified,
85295514ae08b9839f4cba7c3a08062e79b342fa23626325532c9e80ed16b88d,2024-11,Sussex Police,Sussex Police,-0.391032,50.816762,On or near Sports/Recreation Area,E01031810,Worthing 010D,Public order,Investigation complete; no suspect identified,
0c4ac103704781c22ea6daa50f252fd9532d87a61f28646c5e9dfc1894884716,2024-11,Sussex Police,Sussex Police,-0.387728,50.818469,On or near Supermarket,E01031810,Worthing 010D,Shoplifting,Unable to prosecute suspect,
9cc418cb3ae9b84b284051d821be527659d7c3ab142f3c856549a83968d9757d,2024-11,Sussex Police,Sussex Police,-0.387728,50.818469,On or near Supermarket,E01031810,Worthing 010D,Shoplifting,Unable to prosecute suspect,
72f67de8626aa4a28bf814375a74a817967cdd89392c41a7c3d8f4eb07bf36bb,2024-11,Sussex Police,Sussex Police,-0.387728,50.818469,On or near Supermarket,E01031810,Worthing 010D,Shoplifting,Local resolution,
3a3848ecbcfc0022ae4eace0a5ae0d034b03ecbeee8669c5e52e6922950b3771,2024-11,Sussex Police,Sussex Police,-0.387728,50.818469,On or near Supermarket,E01031810,Worthing 010D,Vehicle crime,Unable to prosecute suspect,
58cba0bc094340c8d7ee16330023a68ec74357a84b4c2f32ef22b27379215e0b,2024-11,Sussex Police,Sussex Police,-0.391807,50.817940,On or near Bradfield Walk,E01031810,Worthing 010D,Vehicle crime,Investigation complete; no suspect identified,
f8f32442dbf22659281b88da80d3e17a35c1c8f316ccebeac46a58a3a5bd203f,2024-11,Sussex Police,Sussex Police,-0.390147,50.818322,On or near Tarring Road,E01031810,Worthing 010D,Violence and sexual offences,Status update unavailable,
,2024-11,Sussex Police,Sussex Police,-0.382924,50.814940,On or near Shakespeare Road,E01031811,Worthing 010E,Anti-social behaviour,,
,2024-11,Sussex Police,Sussex Police,-0.386441,50.815042,On or near A259,E01031811,Worthing 010E,Anti-social behaviour,,
b3599a87b369fbda9ee12cbd6d93cdbda5b57539472b1cd9902ce498d2367983,2024-11,Sussex Police,Sussex Police,-0.382542,50.812443,On or near Winchester Road,E01031811,Worthing 010E,Criminal damage and arson,Investigation complete; no suspect identified,
ed928cf3a962b6190715fa6d6b536e1ff2758f446f1348309dfb9ac1572714e4,2024-11,Sussex Police,Sussex Police,-0.382924,50.814940,On or near Shakespeare Road,E01031811,Worthing 010E,Other theft,Investigation complete; no suspect identified,
cc580d65a3a26cf4959694fb61f2ffabc0405722c6817a8889630e5338c0ac26,2024-11,Sussex Police,Sussex Police,-0.379377,50.812426,On or near Tennyson Road,E01031811,Worthing 010E,Other theft,Investigation complete; no suspect identified,
2757193900ac763ba3aaeb3a66bb244d8c264e75a3278f5cc6394635353f609f,2024-11,Sussex Police,Sussex Police,-0.385171,50.813181,On or near Heene Road,E01031811,Worthing 010E,Possession of weapons,Unable to prosecute suspect,
99b39638e484c96a16adddae4ea4f963f2b9da44e3bcd6b66af62f62f2680003,2024-11,Sussex Police,Sussex Police,-0.383877,50.813244,On or near Beccles Road,E01031811,Worthing 010E,Violence and sexual offences,Investigation complete; no suspect identified,
af431c991f3455e90aab7d0fba77f1b39a87b6d2d4781d54e3749672188d25d8,2024-11,Sussex Police,Sussex Police,-0.382542,50.812443,On or near Winchester Road,E01031811,Worthing 010E,Violence and sexual offences,Investigation complete; no suspect identified,
f03464d17490a139c485cf75de644ea2e9e1aae5522bd10ac8547b18e60b06c6,2024-11,Sussex Police,Sussex Police,-0.384190,50.815704,On or near Chaucer Road,E01031811,Worthing 010E,Violence and sexual offences,Unable to prosecute suspect,
37cfc6dcb0f7dcdcb26a780ed76c3d2b0739bccdd33d082128af6d9f981dc6b1,2024-11,Sussex Police,Sussex Police,-0.379377,50.812426,On or near Tennyson Road,E01031811,Worthing 010E,Violence and sexual offences,Unable to prosecute suspect,
d3d063fe5973204effcd6cbc65d9329c6898621cbdf4d2b49f2a35a18a9a0b66,2024-11,Sussex Police,Sussex Police,-0.382542,50.812443,On or near Winchester Road,E01031811,Worthing 010E,Violence and sexual offences,Investigation complete; no suspect identified,
e99c9a1a6f841d4404850e4922661511f1d32dbb6a20b92c68cc715643282765,2024-11,Sussex Police,Sussex Police,-0.379377,50.812426,On or near Tennyson Road,E01031811,Worthing 010E,Violence and sexual offences,Investigation complete; no suspect identified,
be97825d584b7f8eed28743d1b999c1531fe021e0fa128f18ed0989a9159eda9,2024-11,Sussex Police,Sussex Police,-0.379377,50.812426,On or near Tennyson Road,E01031811,Worthing 010E,Violence and sexual offences,Unable to prosecute suspect,
,2024-11,Sussex Police,Sussex Police,-0.377618,50.809947,On or near West Street,E01031787,Worthing 011A,Anti-social behaviour,,
,2024-11,Sussex Police,Sussex Police,-0.372690,50.808668,On or near Theme/Adventure Park,E01031787,Worthing 011A,Anti-social behaviour,,
,2024-11,Sussex Police,Sussex Police,-0.377618,50.809947,On or near West Street,E01031787,Worthing 011A,Anti-social behaviour,,
,2024-11,Sussex Police,Sussex Police,-0.373511,50.809665,On or near Parking Area,E01031787,Worthing 011A,Anti-social behaviour,,
,2024-11,Sussex Police,Sussex Police,-0.373274,50.812404,On or near Grafton Place,E01031787,Worthing 011A,Anti-social behaviour,,
158322d0d7821afb6c4667ed8dc31173697227873bf6f037250679498ac14c40,2024-11,Sussex Police,Sussex Police,-0.376216,50.809424,On or near West Buildings,E01031787,Worthing 011A,Burglary,Investigation complete; no suspect identified,
7f2926cad5e5dfd55d51ce676bfd2d703f7726d119e4c8709ac301efc307a4e9,2024-11,Sussex Police,Sussex Police,-0.377618,50.809947,On or near West Street,E01031787,Worthing 011A,Burglary,Investigation complete; no suspect identified,
2bdf00fdff3f0f53de04341a17447799fca0b958b037b0ea20f1607ca025c574,2024-11,Sussex Police,Sussex Police,-0.372690,50.808668,On or near Theme/Adventure Park,E01031787,Worthing 011A,Drugs,Local resolution,
e173e3c2ba290c2074624f4f9ae1fcec2186a39cd33b9bce3f1f882715b54e1a,2024-11,Sussex Police,Sussex Police,-0.373012,50.812185,On or near Portland Road,E01031787,Worthing 011A,Drugs,Investigation complete; no suspect identified,
322cfb9704c45de57b6d0cc7d0e3fc905e39f4df635d48852cb8041861b22558,2024-11,Sussex Police,Sussex Police,-0.373913,50.810767,On or near Chandos Road,E01031787,Worthing 011A,Other theft,Unable to prosecute suspect,
1af9b2a7007476a63636f7c81dff3618cbc3876767456ea0c584e5f194223d0e,2024-11,Sussex Police,Sussex Police,-0.376922,50.809955,On or near Surrey Street,E01031787,Worthing 011A,Other theft,Investigation complete; no suspect identified,
9989a2b59c45bab1f467bef2cf85cb6cee717f6f66fe3ac3299c4118ce67bc9b,2024-11,Sussex Police,Sussex Police,-0.373878,50.812179,On or near Grafton Road,E01031787,Worthing 011A,Other theft,Unable to prosecute suspect,
69640d0599474994b709e498d3acfc565c5ed17454e8a143db30f47b81175bb4,2024-11,Sussex Police,Sussex Police,-0.377618,50.809947,On or near West Street,E01031787,Worthing 011A,Other theft,Investigation complete; no suspect identified,
b581f715d9d01f4a3ef3315ebfa32f6d214caa455f5dd0e711a5adde560c7473,2024-11,Sussex Police,Sussex Police,-0.376216,50.809424,On or near West Buildings,E01031787,Worthing 011A,Public order,Investigation complete; no suspect identified,
18ad8f9e1900f73e575f40492f5c62d2b2b46cd6747a5151067d09623606387b,2024-11,Sussex Police,Sussex Police,-0.374718,50.810077,On or near Montague Street,E01031787,Worthing 011A,Public order,Investigation complete; no suspect identified,
ff484140e2bd9ed87b3fd66d4fe45ae22e96a04a761f3a3a535951a34a88c9c2,2024-11,Sussex Police,Sussex Police,-0.377618,50.809947,On or near West Street,E01031787,Worthing 011A,Public order,Unable to prosecute suspect,
78a2b3928d9d2861554bf6095dad722dd6125a5a83fafd381561685cb97f41b9,2024-11,Sussex Police,Sussex Police,-0.372210,50.812380,On or near Liverpool Gardens,E01031787,Worthing 011A,Robbery,Unable to prosecute suspect,
39f276efe77b116fa1484b00a6406a77dd8671c0a3ea8e2b21d7988eaab73829,2024-11,Sussex Police,Sussex Police,-0.376922,50.809955,On or near Surrey Street,E01031787,Worthing 011A,Shoplifting,Investigation complete; no suspect identified,
f96e5aab9b2bf2d5126df2805515013cb7645745c270f70d8c01c19c98c77e18,2024-11,Sussex Police,Sussex Police,-0.373490,50.810000,On or near Shopping Area,E01031787,Worthing 011A,Shoplifting,Investigation complete; no suspect identified,
e758f2b6b460f9f6dc4fe11cea3e41f9b873c48b3fbd14373248e9452e0b497f,2024-11,Sussex Police,Sussex Police,-0.374718,50.810077,On or near Montague Street,E01031787,Worthing 011A,Shoplifting,Investigation complete; no suspect identified,
73516e0bb8cce20883c3d727656b193464620fa23638b3e36bcfd8ca8e8b2e4b,2024-11,Sussex Police,Sussex Police,-0.374718,50.810077,On or near Montague Street,E01031787,Worthing 011A,Shoplifting,Court result unavailable,
97c10468069ac5463ebccb550acd3559598f84a37c9d16967714478b65ab5aee,2024-11,Sussex Police,Sussex Police,-0.374718,50.810077,On or near Montague Street,E01031787,Worthing 011A,Theft from the person,Investigation complete; no suspect identified,
54f32de9c21e1fa736b1ef62506e3d118ff31910b9f1fa5957c25db1342500a1,2024-11,Sussex Police,Sussex Police,-0.377618,50.809947,On or near West Street,E01031787,Worthing 011A,Violence and sexual offences,Unable to prosecute suspect,
3c5fc37df21e11f44a95d4213fc18a8ef812cffd3bd82dbdde04267c679431d1,2024-11,Sussex Police,Sussex Police,-0.373913,50.810767,On or near Chandos Road,E01031787,Worthing 011A,Violence and sexual offences,Investigation complete; no suspect identified,
398e5e4c28263a6b3ba0e9147c288ea27527dad09f04d1acfa0bc659f03271a6,2024-11,Sussex Police,Sussex Police,-0.374808,50.813199,On or near Salisbury Road,E01031787,Worthing 011A,Violence and sexual offences,Unable to prosecute suspect,
170e67ddb43d0f26d672fe70172a5ac0bb0439eee57e105a3449172160f8f083,2024-11,Sussex Police,Sussex Police,-0.372210,50.812380,On or near Liverpool Gardens,E01031787,Worthing 011A,Violence and sexual offences,Unable to prosecute suspect,
f8e71b7c6b85ad9f4cfe2ae6f09da857a173675363dc77cdce6dfe30214623cb,2024-11,Sussex Police,Sussex Police,-0.373913,50.810767,On or near Chandos Road,E01031787,Worthing 011A,Violence and sexual offences,Unable to prosecute suspect,
94dd55f6a27ef0fc0d016e77c64020429f9506f84da4894c49875be7a2b3556c,2024-11,Sussex Police,Sussex Police,-0.372690,50.808668,On or near Theme/Adventure Park,E01031787,Worthing 011A,Violence and sexual offences,Unable to prosecute suspect,
1bcff7752d6a8b765867e06c2600bf479f6e8afef8c33139d0e3f7f5aba4d991,2024-11,Sussex Police,Sussex Police,-0.376216,50.809424,On or near West Buildings,E01031787,Worthing 011A,Violence and sexual offences,Unable to prosecute suspect,
8cedfe098956115c8a2104ea9b586d27ab5766970560dbfd3ca404c3c04e51ca,2024-11,Sussex Police,Sussex Police,-0.373878,50.812179,On or near Grafton Road,E01031787,Worthing 011A,Violence and sexual offences,Unable to prosecute suspect,
56f96edf9566cff81744ccab0668cc1da42b075c2cd9e2aa418baf5962c01316,2024-11,Sussex Police,Sussex Police,-0.373878,50.812179,On or near Grafton Road,E01031787,Worthing 011A,Violence and sexual offences,Status update unavailable,
2db9c9d0d3f3ae474b14f3ce0942e6aa22fe545c03fb3fe7e4b95509632adc2d,2024-11,Sussex Police,Sussex Police,-0.377618,50.809947,On or near West Street,E01031787,Worthing 011A,Violence and sexual offences,Investigation complete; no suspect identified,
c3d42d86a4f3cfdcc5fb1fdeee17892d8fc2cc68ed88c20ace1b2bc08d137e7b,2024-11,Sussex Police,Sussex Police,-0.372690,50.808668,On or near Theme/Adventure Park,E01031787,Worthing 011A,Violence and sexual offences,Status update unavailable,
7fcda49158d6bfd37b4378d62c3edc00b71b21c3794f06bee54efa793b63d4da,2024-11,Sussex Police,Sussex Police,-0.371300,50.814463,On or near Chapel Road,E01031787,Worthing 011A,Violence and sexual offences,Court result unavailable,
c070178398255632c643c6e1649178dc1d57f51999d898505753ca638a3620f5,2024-11,Sussex Police,Sussex Police,-0.373913,50.810767,On or near Chandos Road,E01031787,Worthing 011A,Violence and sexual offences,Unable to prosecute suspect,
191f353425319d968a2f1cf077206269447957c492d96389ba1453e71011d1a7,2024-11,Sussex Police,Sussex Police,-0.373490,50.810000,On or near Shopping Area,E01031787,Worthing 011A,Violence and sexual offences,Unable to prosecute suspect,
1ce23339306fd4bd356dabce4be92b0a7bd62ef2954b67d347cc4645deaf333c,2024-11,Sussex Police,Sussex Police,-0.373593,50.813452,On or near Grosvenor Road,E01031787,Worthing 011A,Violence and sexual offences,Unable to prosecute suspect,
d6877930a2a579d4200d7f59e4315af75933ba7fe9ee015cab4681319a49652f,2024-11,Sussex Police,Sussex Police,-0.376216,50.809424,On or near West Buildings,E01031787,Worthing 011A,Violence and sexual offences,Unable to prosecute suspect,
d152a26f398eb8c3427fb2fceb37c57bd61a7ae9173e6dd5b88e235678d5c8ac,2024-11,Sussex Police,Sussex Police,-0.376216,50.809424,On or near West Buildings,E01031787,Worthing 011A,Violence and sexual offences,Unable to prosecute suspect,
91fbbfc4001fcf333c419d16786ce28a6e8db4d1d4fc657c8b08540adfcbedcb,2024-11,Sussex Police,Sussex Police,-0.372131,50.813432,On or near Ambrose Place,E01031787,Worthing 011A,Violence and sexual offences,Status update unavailable,
ed235acd8dff5e73f6fecaa4a8964b2a96c9de6ab11eb382c9701833368a19d6,2024-11,Sussex Police,Sussex Police,-0.374808,50.813199,On or near Salisbury Road,E01031787,Worthing 011A,Violence and sexual offences,Unable to prosecute suspect,
,2024-11,Sussex Police,Sussex Police,-0.369599,50.814817,On or near Supermarket,E01031788,Worthing 011B,Anti-social behaviour,,
,2024-11,Sussex Police,Sussex Police,-0.371384,50.816955,On or near Lennox Road,E01031788,Worthing 011B,Anti-social behaviour,,
,2024-11,Sussex Police,Sussex Police,-0.371384,50.816955,On or near Lennox Road,E01031788,Worthing 011B,Anti-social behaviour,,
182907ae7ae2a9e003deda525939a2ad23e0830a68194f9b43b7782b7132e6e2,2024-11,Sussex Police,Sussex Police,-0.371384,50.816955,On or near Lennox Road,E01031788,Worthing 011B,Burglary,Investigation complete; no suspect identified,
1eaac7904aab1c18459e2f2e91e3663cb78e9509ac39ecde07f6f2ec48364184,2024-11,Sussex Police,Sussex Police,-0.369599,50.814817,On or near Supermarket,E01031788,Worthing 011B,Burglary,Investigation complete; no suspect identified,
6bd2643d78b0e8364d25329d0dee3b056f9657767fbee0c0398d7fcca9318fd8,2024-11,Sussex Police,Sussex Police,-0.372078,50.818390,On or near Supermarket,E01031788,Worthing 011B,Criminal damage and arson,Investigation complete; no suspect identified,
3b9282f1983fca89c8c2ee32bd3679df5dd04255c557262a60af7f11d631669d,2024-11,Sussex Police,Sussex Police,-0.368820,50.818440,On or near Dagmar Street,E01031788,Worthing 011B,Criminal damage and arson,Unable to prosecute suspect,
1082a3d83b9f70e448ec27951b47c46bd56e54521fe8e5426686d476759b1a7f,2024-11,Sussex Police,Sussex Police,-0.372078,50.818390,On or near Supermarket,E01031788,Worthing 011B,Criminal damage and arson,Investigation complete; no suspect identified,
9f39bad377a806fd7a5768c36612118ab534127967e8e69b87a3ce0a930408cc,2024-11,Sussex Police,Sussex Police,-0.371003,50.816087,On or near Gordon Road,E01031788,Worthing 011B,Criminal damage and arson,Investigation complete; no suspect identified,
1fd375f8a3f86e95f9dae4aa292ce20ebb93c7bbe51b276727fd415f073c9d9e,2024-11,Sussex Police,Sussex Police,-0.371384,50.816955,On or near Lennox Road,E01031788,Worthing 011B,Public order,Status update unavailable,
036214ece6f3ee8f709d84637d6c3e337cb002b9aa3ba77854f7872bbb4a4255,2024-11,Sussex Police,Sussex Police,-0.371384,50.816955,On or near Lennox Road,E01031788,Worthing 011B,Public order,Unable to prosecute suspect,
a420b2172535f7d55c7d834d06adfde4e92f9543bbc5c63241687d6abc42a6a0,2024-11,Sussex Police,Sussex Police,-0.372078,50.818390,On or near Supermarket,E01031788,Worthing 011B,Shoplifting,Investigation complete; no suspect identified,
b8d8101fa2fbb030465feeb48e2137f320441e6b66b0393c87df334513f1ecac,2024-11,Sussex Police,Sussex Police,-0.372078,50.818390,On or near Supermarket,E01031788,Worthing 011B,Shoplifting,Investigation complete; no suspect identified,
4ea666e480329efa08fec85c84d26d6718fc5cc440ea4a2375b6cf99adee8486,2024-11,Sussex Police,Sussex Police,-0.372078,50.818390,On or near Supermarket,E01031788,Worthing 011B,Shoplifting,Investigation complete; no suspect identified,
540f58c9a64cb94acb74717f75731cdcb1bdc0d626ca5b13609b238277a53f2e,2024-11,Sussex Police,Sussex Police,-0.372078,50.818390,On or near Supermarket,E01031788,Worthing 011B,Shoplifting,Investigation complete; no suspect identified,
8b3c57e21b7f66161d0fd559513dc92c4982ad69d668fa0ded5b6af6b962c737,2024-11,Sussex Police,Sussex Police,-0.372078,50.818390,On or near Supermarket,E01031788,Worthing 011B,Shoplifting,Investigation complete; no suspect identified,
10e3c98e57d0c9bd9dda274bd7d002472b5642148db18c7ab505d4a627587e28,2024-11,Sussex Police,Sussex Police,-0.372078,50.818390,On or near Supermarket,E01031788,Worthing 011B,Shoplifting,Investigation complete; no suspect identified,
d5043082c5071469163e107a0f6891c4a334894350c43c68ca41aa9f10d2a029,2024-11,Sussex Police,Sussex Police,-0.372078,50.818390,On or near Supermarket,E01031788,Worthing 011B,Shoplifting,Investigation complete; no suspect identified,
900520b04d3003080f2fe8f26a8da69fc69ceee54fd9e08e67feb9b95c014b22,2024-11,Sussex Police,Sussex Police,-0.372078,50.818390,On or near Supermarket,E01031788,Worthing 011B,Shoplifting,Court result unavailable,
bc50017da398bf610bfd9da55978d8a79fc460418bd0eee9ad9707565b6f0a28,2024-11,Sussex Police,Sussex Police,-0.372078,50.818390,On or near Supermarket,E01031788,Worthing 011B,Shoplifting,Investigation complete; no suspect identified,
a200cd78e1cf4f39d1703c0b010a5488f90061e8eeb5a0b694627c5b395faecf,2024-11,Sussex Police,Sussex Police,-0.372078,50.818390,On or near Supermarket,E01031788,Worthing 011B,Shoplifting,Unable to prosecute suspect,
510e9c92cb42ab64de272000017085617b434f833ffbb7d67a13a45d3e5daa94,2024-11,Sussex Police,Sussex Police,-0.372078,50.818390,On or near Supermarket,E01031788,Worthing 011B,Shoplifting,Unable to prosecute suspect,
3be6ee9d1f32a7252f014466e560179e21e6048b6359643dae93df5a521efa35,2024-11,Sussex Police,Sussex Police,-0.372078,50.818390,On or near Supermarket,E01031788,Worthing 011B,Shoplifting,Investigation complete; no suspect identified,
93282fb9fc88068fa06d0b9c2961375400707965d920837ddd7c57f6025d00c2,2024-11,Sussex Police,Sussex Police,-0.372078,50.818390,On or near Supermarket,E01031788,Worthing 011B,Shoplifting,Investigation complete; no suspect identified,
02862f904a463a682e4ae17704b509fbe0e59c2a02bb3a3d3fad2335087947e2,2024-11,Sussex Police,Sussex Police,-0.372078,50.818390,On or near Supermarket,E01031788,Worthing 011B,Shoplifting,Court result unavailable,
e1af21cf476f7ec0b3019825bc0e15ce4065504d6e9ae91f46b35c42eb3ebb86,2024-11,Sussex Police,Sussex Police,-0.372078,50.818390,On or near Supermarket,E01031788,Worthing 011B,Shoplifting,Investigation complete; no suspect identified,
87a63a0e5bf9abb023dee12fabb2833be02367f58d39fdaee0005f8379e61edd,2024-11,Sussex Police,Sussex Police,-0.372078,50.818390,On or near Supermarket,E01031788,Worthing 011B,Shoplifting,Investigation complete; no suspect identified,
c4b630ec96b2a37a4e7269dc4d52b207525e7d51af16c9d893cf914d0fb66384,2024-11,Sussex Police,Sussex Police,-0.372078,50.818390,On or near Supermarket,E01031788,Worthing 011B,Shoplifting,Investigation complete; no suspect identified,
62b743a547108478aac01716a285b49b411b2b03604a1df558d5ac2f8c19fad4,2024-11,Sussex Police,Sussex Police,-0.372078,50.818390,On or near Supermarket,E01031788,Worthing 011B,Shoplifting,Investigation complete; no suspect identified,
8294fc4d5f98846339768bbe0820ea6c019cebeee83aea13afd56699b1638e01,2024-11,Sussex Police,Sussex Police,-0.372078,50.818390,On or near Supermarket,E01031788,Worthing 011B,Shoplifting,Unable to prosecute suspect,
270e61457022d5451e46710524b1925f124c97d833a2d3b94aa180d3bf43d5e5,2024-11,Sussex Police,Sussex Police,-0.372078,50.818390,On or near Supermarket,E01031788,Worthing 011B,Shoplifting,Investigation complete; no suspect identified,
607082a1d913c886e0b1f8b971b9a044df5a8b87547782f60fdb089befd12f04,2024-11,Sussex Police,Sussex Police,-0.368495,50.816744,On or near Upper High Street,E01031788,Worthing 011B,Violence and sexual offences,Unable to prosecute suspect,
3da1cdee75abdd43500055483c24410b3709760f91290c5040f6c201fc697706,2024-11,Sussex Police,Sussex Police,-0.371384,50.816955,On or near Lennox Road,E01031788,Worthing 011B,Violence and sexual offences,Status update unavailable,
38ff5858e2082bff75ea9ce5058b061c6232ec2e91ce4a3d489fa9ee05043e50,2024-11,Sussex Police,Sussex Police,-0.372078,50.818390,On or near Supermarket,E01031788,Worthing 011B,Violence and sexual offences,Unable to prosecute suspect,
62a4baf7728737a130b6fdb9a4a45d95c6cbb5d8bd330e75c685c46af54c25b5,2024-11,Sussex Police,Sussex Police,-0.372078,50.818390,On or near Supermarket,E01031788,Worthing 011B,Violence and sexual offences,Investigation complete; no suspect identified,
8e3ac5d3f6b573b86c4db21e4f645c10ab9d672f7caa32ad3a9b5d73922fb85d,2024-11,Sussex Police,Sussex Police,-0.371384,50.816955,On or near Lennox Road,E01031788,Worthing 011B,Violence and sexual offences,Local resolution,
ddfd93b23642380a9dc88650e1c72384bfda83b4b125286ea74236cb20658079,2024-11,Sussex Police,Sussex Police,-0.370717,50.818169,On or near Newland Street,E01031788,Worthing 011B,Violence and sexual offences,Investigation complete; no suspect identified,
be7f65a6c96620df3c2b4a80f96db6a424d4f8c62ff29ebca3168fca6cace943,2024-11,Sussex Police,Sussex Police,-0.371384,50.816955,On or near Lennox Road,E01031788,Worthing 011B,Violence and sexual offences,Unable to prosecute suspect,
32276bd13bd97c82cff815570d0aa42b2a2b9a696cf96b891a4c8acf88799b51,2024-11,Sussex Police,Sussex Police,-0.371384,50.816955,On or near Lennox Road,E01031788,Worthing 011B,Violence and sexual offences,Investigation complete; no suspect identified,
,2024-11,Sussex Police,Sussex Police,-0.381406,50.810386,On or near Nursery Lane,E01031808,Worthing 011D,Anti-social behaviour,,
40b7816292b7ded3e4ec1de0331f87dd133c7b0f2f245213ff118c55b9b3f2b7,2024-11,Sussex Police,Sussex Police,-0.380066,50.808928,On or near Queen'S Road,E01031808,Worthing 011D,Criminal damage and arson,Investigation complete; no suspect identified,
c55d3b01f803ae7c66f385017cbe976a491dc2409de7b2b57ec8655d690e100a,2024-11,Sussex Police,Sussex Police,-0.378767,50.810781,On or near Eriswell Road,E01031808,Worthing 011D,Drugs,Offender given a caution,
833a318335a7198a20f4b781f6c99abb1068b2dc62e26a953b0f7d5770018853,2024-11,Sussex Police,Sussex Police,-0.379095,50.809104,On or near Western Row,E01031808,Worthing 011D,Other theft,Investigation complete; no suspect identified,
b94b1ab9090ad68e7be79795f1bf1b6eb3faee8f4e8fed2b59c0d61937b04531,2024-11,Sussex Police,Sussex Police,-0.382671,50.809936,On or near Wordsworth Road,E01031808,Worthing 011D,Other theft,Investigation complete; no suspect identified,
ed018305305aaf6fdc36dd0404145a90f3b5dbd185f065b0a33917ad662670a3,2024-11,Sussex Police,Sussex Police,-0.382784,50.809533,On or near Hospital,E01031808,Worthing 011D,Possession of weapons,Court result unavailable,
721f5d7dd8eb040f08e3cbd31185c5ccd51b6fc0bc36fb8b40b0ee5b81ba43a9,2024-11,Sussex Police,Sussex Police,-0.380066,50.808928,On or near Queen'S Road,E01031808,Worthing 011D,Public order,Court result unavailable,
4015a7b0576b479f849f5ff31763e627b9e56a353a73c0328042923070cf4526,2024-11,Sussex Police,Sussex Police,-0.378470,50.809113,On or near Western Place,E01031808,Worthing 011D,Public order,Investigation complete; no suspect identified,
39a0d09832dee5c1bdfbe8a5fc0bdd54c6bccf13bdf6d41efa5df0d0256093ee,2024-11,Sussex Police,Sussex Police,-0.378767,50.810781,On or near Eriswell Road,E01031808,Worthing 011D,Public order,Investigation complete; no suspect identified,
052045b1d38feaf1b2f104e94317672606879e9cdadb352be164ed07d22c37df,2024-11,Sussex Police,Sussex Police,-0.378912,50.810004,On or near Supermarket,E01031808,Worthing 011D,Public order,Unable to prosecute suspect,
af4e0f84010d83703097b00aead4cf3eb54f8a67a2160a520ec56eaf653c2d76,2024-11,Sussex Police,Sussex Police,-0.378912,50.810004,On or near Supermarket,E01031808,Worthing 011D,Robbery,Unable to prosecute suspect,
95794928eab80338bd8fe14757f598112c4af9b4fcc48ab896e2c25039127807,2024-11,Sussex Police,Sussex Police,-0.382104,50.810728,On or near Southey Road,E01031808,Worthing 011D,Robbery,Unable to prosecute suspect,
33d0ec6cac2169c9e183c1c593a6c6ac7763cdd0ac441435ecf165c8aaaa0e06,2024-11,Sussex Police,Sussex Police,-0.378912,50.810004,On or near Supermarket,E01031808,Worthing 011D,Shoplifting,Court result unavailable,
03706f62fae93c519de3acd3d0285667b240e8fa19f8b91304ff63eb0387d843,2024-11,Sussex Police,Sussex Police,-0.378912,50.810004,On or near Supermarket,E01031808,Worthing 011D,Shoplifting,Court result unavailable,
0bd64d929be678d6c82f865372684c4f2a4fe9cc50743c7133c78acc0f2c7ab3,2024-11,Sussex Police,Sussex Police,-0.378912,50.810004,On or near Supermarket,E01031808,Worthing 011D,Shoplifting,Court result unavailable,
e51349a0d9a1fa9a2f9dbc536101201b318e668fa6edca552ba71ed8b9d1378b,2024-11,Sussex Police,Sussex Police,-0.378912,50.810004,On or near Supermarket,E01031808,Worthing 011D,Shoplifting,Court result unavailable,
d073338e8974f60556cb3df9f2435dd3fe46fa7158d3927b2bfa7f0008a2c3ed,2024-11,Sussex Police,Sussex Police,-0.378912,50.810004,On or near Supermarket,E01031808,Worthing 011D,Shoplifting,Unable to prosecute suspect,
f29e4b1329f82ca3bc709e44e3269f67a2ec01e0ff3f333beef3dbccbda1f021,2024-11,Sussex Police,Sussex Police,-0.380285,50.810802,On or near Byron Road,E01031808,Worthing 011D,Violence and sexual offences,Status update unavailable,
85dae26cb9c79acc4ad5007e28c7cbcfb3fa90eb9d0d170ecbb21d962bf7dcf3,2024-11,Sussex Police,Sussex Police,-0.382784,50.809533,On or near Hospital,E01031808,Worthing 011D,Violence and sexual offences,Unable to prosecute suspect,
521eede8f0229ee98ea05d621ac91450fabdfa7c726cf90672e5330d839d641d,2024-11,Sussex Police,Sussex Police,-0.380066,50.808928,On or near Queen'S Road,E01031808,Worthing 011D,Violence and sexual offences,Investigation complete; no suspect identified,
,2024-11,Sussex Police,Sussex Police,-0.358665,50.812083,On or near The Esplanade,E01031835,Worthing 011E,Anti-social behaviour,,
,2024-11,Sussex Police,Sussex Police,-0.356824,50.815600,On or near Gannon Road,E01031835,Worthing 011E,Anti-social behaviour,,
f74da2400122ddfdca757d64b7ff486c7f5ef3bc2fcf88aa3bf5325b382cf815,2024-11,Sussex Police,Sussex Police,-0.359296,50.814322,On or near Selden Road,E01031835,Worthing 011E,Vehicle crime,Investigation complete; no suspect identified,
6aa8cdff328a2e43dd277136895aa8ab18244c02e15f0d068e2aa9ebe91f42c6,2024-11,Sussex Police,Sussex Police,-0.358665,50.812083,On or near The Esplanade,E01031835,Worthing 011E,Violence and sexual offences,Formal action is not in the public interest,
be89cf2da422e87f1c905a6204394e4ce746b98d9e3b6697585c35248ffa626b,2024-11,Sussex Police,Sussex Police,-0.360834,50.814173,On or near Farncombe Road,E01031835,Worthing 011E,Violence and sexual offences,Unable to prosecute suspect,
7347f5a7337f84a594b34cee108fdc06ba31fc20aae592148b6a251f0340ed34,2024-11,Sussex Police,Sussex Police,-0.359296,50.814322,On or near Selden Road,E01031835,Worthing 011E,Violence and sexual offences,Unable to prosecute suspect,
201fb00d2ad6093e4811eb363fb82a5d95c824e1d4dbc33e9cc92e975c3ab64d,2024-11,Sussex Police,Sussex Police,-0.360834,50.814173,On or near Farncombe Road,E01031835,Worthing 011E,Violence and sexual offences,Unable to prosecute suspect,
de45d72cc56ba2d608f2874a20b75933aca300f0d74f154aa92eaf9f0587519a,2024-11,Sussex Police,Sussex Police,-0.358665,50.812083,On or near The Esplanade,E01031835,Worthing 011E,Violence and sexual offences,Unable to prosecute suspect,
,2024-11,Sussex Police,Sussex Police,-0.365418,50.812996,On or near Ash Grove,E01034830,Worthing 011F,Anti-social behaviour,,
,2024-11,Sussex Police,Sussex Police,-0.367338,50.815748,On or near Markwick Mews,E01034830,Worthing 011F,Anti-social behaviour,,
,2024-11,Sussex Police,Sussex Police,-0.362323,50.812206,On or near Parking Area,E01034830,Worthing 011F,Anti-social behaviour,,
fbb496b86db504cd5df0213d1c424902d953359b9211487dbe3ca57db8730d23,2024-11,Sussex Police,Sussex Police,-0.360368,50.812098,On or near Merton Road,E01034830,Worthing 011F,Bicycle theft,Investigation complete; no suspect identified,
07ee0312fa01026208b77ccdf38cce7e1972dbd868c9e1cc5f9fbc748fc4433d,2024-11,Sussex Police,Sussex Police,-0.363384,50.816367,On or near Park Avenue,E01034830,Worthing 011F,Criminal damage and arson,Investigation complete; no suspect identified,
da942f9c22928416d05f0891d2265a5dc8f6ff353a8a996a3c3974b8414bdc00,2024-11,Sussex Police,Sussex Police,-0.363384,50.816367,On or near Park Avenue,E01034830,Worthing 011F,Public order,Court result unavailable,
f316f39ec45ade66dfdd7641974a5a11c694c33f540429e32002dfc530bbf93e,2024-11,Sussex Police,Sussex Police,-0.362433,50.817568,On or near Homefield Road,E01034830,Worthing 011F,Public order,Court result unavailable,
5d652e28d12f25ce8733ba264fc9d86247a958d8d84e80e597987a32393e4597,2024-11,Sussex Police,Sussex Police,-0.363263,50.812111,On or near Parking Area,E01034830,Worthing 011F,Public order,Investigation complete; no suspect identified,
10a7caace861d23793dbc1d68dd5319b7be3d9c479349b84a8567ccb3c5c27bf,2024-11,Sussex Police,Sussex Police,-0.363384,50.816367,On or near Park Avenue,E01034830,Worthing 011F,Public order,Court result unavailable,
1452bc72043f1cdfb6d0f6c48e8a11cc40969bb4a9720f8820cd460d6315341d,2024-11,Sussex Police,Sussex Police,-0.365727,50.811462,On or near York Road,E01034830,Worthing 011F,Robbery,Court result unavailable,
60acdc5301fec0d413f4987c386285f99bc0be7b311ef8a306cd05731c91e819,2024-11,Sussex Police,Sussex Police,-0.365727,50.811462,On or near York Road,E01034830,Worthing 011F,Vehicle crime,Investigation complete; no suspect identified,
e20fcfc7e2456fd1758cf97ab115c43d2dd9530bb69c819c1991b2df8e086607,2024-11,Sussex Police,Sussex Police,-0.363384,50.816367,On or near Park Avenue,E01034830,Worthing 011F,Violence and sexual offences,Court result unavailable,
56e096450a6384862020dccdcd61b69de5d54d6cc5604eedd6f39dd2a26df02b,2024-11,Sussex Police,Sussex Police,-0.363384,50.816367,On or near Park Avenue,E01034830,Worthing 011F,Violence and sexual offences,Unable to prosecute suspect,
adec984be3c88433dacd51152fff69d8411493bd2f7653c7084c07f715459a0b,2024-11,Sussex Police,Sussex Police,-0.360368,50.812098,On or near Merton Road,E01034830,Worthing 011F,Violence and sexual offences,Investigation complete; no suspect identified,
52c722e5a3d2e71f7bbddb9bec127fa938df1c82d0e146464a247eea1a8d1463,2024-11,Sussex Police,Sussex Police,-0.363384,50.816367,On or near Park Avenue,E01034830,Worthing 011F,Violence and sexual offences,Unable to prosecute suspect,
c35f99622b7c5e18e84aa107794c34b42ee17ee6e5ab555a16fa909813cbbc8d,2024-11,Sussex Police,Sussex Police,-0.363384,50.816367,On or near Park Avenue,E01034830,Worthing 011F,Violence and sexual offences,Court result unavailable,
12063cd542201876ea050205d568fdb98b7cabdd5cadcd5631136099690461f5,2024-11,Sussex Police,Sussex Police,-0.362433,50.817568,On or near Homefield Road,E01034830,Worthing 011F,Violence and sexual offences,Unable to prosecute suspect,
2aed265861e75b3eef0ae5e28f480488a980e2cb36078d44fc21e3d6739b5297,2024-11,Sussex Police,Sussex Police,-0.363384,50.816367,On or near Park Avenue,E01034830,Worthing 011F,Violence and sexual offences,Unable to prosecute suspect,
a9440b775ad43517eeeaba2f77844cc02e3d2d076a5c161bc7b84ee7ecf56972,2024-11,Sussex Police,Sussex Police,-0.363384,50.816367,On or near Park Avenue,E01034830,Worthing 011F,Other crime,Local resolution,
,2024-11,Sussex Police,Sussex Police,-0.370323,50.813595,On or near Theatre/Concert Hall,E01034831,Worthing 011G,Anti-social behaviour,,
,2024-11,Sussex Police,Sussex Police,-0.368680,50.810640,On or near Bedford Row,E01034831,Worthing 011G,Anti-social behaviour,,
,2024-11,Sussex Police,Sussex Police,-0.368607,50.813140,On or near Nightclub,E01034831,Worthing 011G,Anti-social behaviour,,
,2024-11,Sussex Police,Sussex Police,-0.367608,50.814520,On or near Supermarket,E01034831,Worthing 011G,Anti-social behaviour,,
,2024-11,Sussex Police,Sussex Police,-0.368032,50.811272,On or near Bus/Coach Station,E01034831,Worthing 011G,Anti-social behaviour,,
,2024-11,Sussex Police,Sussex Police,-0.370589,50.811234,On or near Bank Passage,E01034831,Worthing 011G,Anti-social behaviour,,
,2024-11,Sussex Police,Sussex Police,-0.371017,50.811599,On or near Liverpool Road,E01034831,Worthing 011G,Anti-social behaviour,,
01af66676848c81c3567a8e173313c76af9cc14c686911930b7b3ce673a7d2c4,2024-11,Sussex Police,Sussex Police,-0.367397,50.812412,On or near Nightclub,E01034831,Worthing 011G,Bicycle theft,Unable to prosecute suspect,
a71ead32bde9b953d6b4b838322bbbd6d3639f7b6d7cdb3788fa5ae1de6e4865,2024-11,Sussex Police,Sussex Police,-0.370323,50.813595,On or near Theatre/Concert Hall,E01034831,Worthing 011G,Bicycle theft,Investigation complete; no suspect identified,
8e8ca751c9c54fc6cc2111f433aafa5b9e56ca0b383d5970456f83976e0f3420,2024-11,Sussex Police,Sussex Police,-0.368401,50.811707,On or near Stanford Square,E01034831,Worthing 011G,Burglary,Investigation complete; no suspect identified,
a72ff23f30f3aba32ea7ad27c54ab4fbc660054e12a60ec6de8e41cf1e2d954c,2024-11,Sussex Police,Sussex Police,-0.372617,50.810066,On or near Shopping Area,E01034831,Worthing 011G,Burglary,Investigation complete; no suspect identified,
cb27aa53d21628feff5fd39baade6eecc1d449ebebe4d21659b33a2e6f5d5e33,2024-11,Sussex Police,Sussex Police,-0.367397,50.812412,On or near Nightclub,E01034831,Worthing 011G,Criminal damage and arson,Local resolution,
7bc8a2cffae250df1c800944f7fe89684baae1901e2acb666462e4cbfa2fbcc8,2024-11,Sussex Police,Sussex Police,-0.370856,50.809805,On or near Shopping Area,E01034831,Worthing 011G,Criminal damage and arson,Status update unavailable,
8114548b2b2e7a059a9aca69047a375fa6515b6cf2aa342e4495951384899679,2024-11,Sussex Police,Sussex Police,-0.371733,50.811007,On or near Alexander Terrace,E01034831,Worthing 011G,Other theft,Investigation complete; no suspect identified,
ea234346fd2895044ae2a60a59e89f1bbecd98ec00e6f66366e4d0f40ff39860,2024-11,Sussex Police,Sussex Police,-0.371017,50.811599,On or near Liverpool Road,E01034831,Worthing 011G,Other theft,Investigation complete; no suspect identified,
4e9be7b30aa430bf4a139c8f318276c969cb73920416d26af9f313d016cc11c1,2024-11,Sussex Police,Sussex Police,-0.369585,50.812371,On or near Shopping Area,E01034831,Worthing 011G,Other theft,Investigation complete; no suspect identified,
9d637ff73b2ad9f1c299bd769ab2e545d92d5b0306e315a599e9b93e617bf660,2024-11,Sussex Police,Sussex Police,-0.371757,50.809892,On or near Montague Place,E01034831,Worthing 011G,Other theft,Investigation complete; no suspect identified,
a1aa6db4a9ae07333be214f8797b62c8ea61d4539259dcf6b796bdc7c3b9f127,2024-11,Sussex Police,Sussex Police,-0.368607,50.813140,On or near Nightclub,E01034831,Worthing 011G,Other theft,Investigation complete; no suspect identified,
5ccc9b36f9bfadc342abceeb9fe5091f4c19d0e86c46eac1685cf4df2d19ec18,2024-11,Sussex Police,Sussex Police,-0.367397,50.812412,On or near Nightclub,E01034831,Worthing 011G,Other theft,Investigation complete; no suspect identified,
9531652f2a0a6a2f8917126d3e664f282a19eb4c06bacc0fe2d7d3212159465e,2024-11,Sussex Police,Sussex Police,-0.369999,50.810659,On or near South Street,E01034831,Worthing 011G,Other theft,Unable to prosecute suspect,
24c02f59d2a3388c4024eb5b21fdb24d38d531355c059beda4eba2ab79567e9a,2024-11,Sussex Police,Sussex Police,-0.367332,50.810622,On or near The Steyne,E01034831,Worthing 011G,Other theft,Investigation complete; no suspect identified,
3da1a20a5d9bfb6bc3634ff0c6f9f16e69ecd0150b416b927463d362cb9d2603,2024-11,Sussex Police,Sussex Police,-0.372038,50.810804,On or near Liverpool Terrace,E01034831,Worthing 011G,Other theft,Court result unavailable,
119f63183d39505c87bba3070f9af25c7582c8253f1b956e7e2acaacf72a69f7,2024-11,Sussex Police,Sussex Police,-0.372617,50.810066,On or near Shopping Area,E01034831,Worthing 011G,Other theft,Investigation complete; no suspect identified,
687badec155a6a95d65d275f4630048cd59886c476d0f797f7b9d4936a5df10f,2024-11,Sussex Police,Sussex Police,-0.371017,50.811599,On or near Liverpool Road,E01034831,Worthing 011G,Other theft,Investigation complete; no suspect identified,
0daa7713467ec84b5a8d8d3242fa91cf7868e9c8815d6b3237661008d33a08c2,2024-11,Sussex Police,Sussex Police,-0.372617,50.810066,On or near Shopping Area,E01034831,Worthing 011G,Possession of weapons,Unable to prosecute suspect,
8e643d732eb1a58ab6cd71d730b2f369cea1c903d817ca8963502fc81ac3b7c5,2024-11,Sussex Police,Sussex Police,-0.369999,50.810659,On or near South Street,E01034831,Worthing 011G,Public order,Status update unavailable,
6bb7bb283902f3cb1bdd6fbb64b8ea060a190964b91828c2bec847c0132bf455,2024-11,Sussex Police,Sussex Police,-0.369585,50.812371,On or near Shopping Area,E01034831,Worthing 011G,Public order,Unable to prosecute suspect,
2decdcb74b3c5bb656caab15755781a9a57fd93fdfab3bb79ef8d3d9feb4dbdc,2024-11,Sussex Police,Sussex Police,-0.369082,50.811707,On or near Warwick Street,E01034831,Worthing 011G,Public order,Investigation complete; no suspect identified,
6a972654877abe866bee7d1909efe1fed6f2ad6819b9b241439b5e76e97e2033,2024-11,Sussex Police,Sussex Police,-0.370589,50.811234,On or near Bank Passage,E01034831,Worthing 011G,Public order,Unable to prosecute suspect,
dba53356aa5ef89e94899446469d47afebb84690df17b2894780fb687dde7f18,2024-11,Sussex Police,Sussex Police,-0.369254,50.810460,On or near Marine Place,E01034831,Worthing 011G,Public order,Investigation complete; no suspect identified,
ee90699a323cbd2eee0b4c5fb91db8fd47fedd3f2937320e989e99c1f8d8bbec,2024-11,Sussex Police,Sussex Police,-0.372617,50.810066,On or near Shopping Area,E01034831,Worthing 011G,Shoplifting,Investigation complete; no suspect identified,
5b5370846752496b2c6323b63b801fe7a48cade8f0c4a5d9e743193c796700cb,2024-11,Sussex Police,Sussex Police,-0.369651,50.812327,On or near Shopping Area,E01034831,Worthing 011G,Shoplifting,Unable to prosecute suspect,
da6f2f2c8e0baf5e1001e67edc4a2ff806e8a459d18963bf339b7f1a0619fdcd,2024-11,Sussex Police,Sussex Police,-0.371017,50.811599,On or near Liverpool Road,E01034831,Worthing 011G,Shoplifting,Unable to prosecute suspect,
af8fad4551c9cdb4f80d87166317accbc8be782976abeda89701ce2940b9de66,2024-11,Sussex Police,Sussex Police,-0.371017,50.811599,On or near Liverpool Road,E01034831,Worthing 011G,Shoplifting,Unable to prosecute suspect,
6c3b054d9abf6ea11bc420d7c56882b234fa24019809d169cf0cd7ed7c00f9f4,2024-11,Sussex Police,Sussex Police,-0.371017,50.811599,On or near Liverpool Road,E01034831,Worthing 011G,Shoplifting,Unable to prosecute suspect,
e77bc244f702a7e4211470de4332cb7e7d166721b56fe7cfeac462d6f866670d,2024-11,Sussex Police,Sussex Police,-0.372617,50.810066,On or near Shopping Area,E01034831,Worthing 011G,Shoplifting,Offender given a caution,
d7365dde90055eb0aec41e17825b50cfdc8f2a736084c3fcbfae1fc42cddbebe,2024-11,Sussex Police,Sussex Police,-0.371017,50.811599,On or near Liverpool Road,E01034831,Worthing 011G,Shoplifting,Local resolution,
adf751c7fc895efc8f6346f42462ae3d0b29710395464c3839525818f27f30f4,2024-11,Sussex Police,Sussex Police,-0.372617,50.810066,On or near Shopping Area,E01034831,Worthing 011G,Shoplifting,Investigation complete; no suspect identified,
3e60d401bcc7e6e5221faf8984dac4b86aac5814f984e2550e802e3462da69fe,2024-11,Sussex Police,Sussex Police,-0.372617,50.810066,On or near Shopping Area,E01034831,Worthing 011G,Shoplifting,Investigation complete; no suspect identified,
aaa234aafc8e305e72270240c9b64a8196d17692129f156628c9cbb8d8f567ca,2024-11,Sussex Police,Sussex Police,-0.372617,50.810066,On or near Shopping Area,E01034831,Worthing 011G,Shoplifting,Unable to prosecute suspect,
49832cfd00979b75f2b78637d257a0946dd6f568e3649a0839438c600a5e9cc6,2024-11,Sussex Police,Sussex Police,-0.371017,50.811599,On or near Liverpool Road,E01034831,Worthing 011G,Shoplifting,Court result unavailable,
efc361173415fe6f28c59c8a3fe5028871aa09ba2f330a24698d63d6fb9616bc,2024-11,Sussex Police,Sussex Police,-0.371017,50.811599,On or near Liverpool Road,E01034831,Worthing 011G,Shoplifting,Unable to prosecute suspect,
bc88f96cad6964e9864347a38a03e21f214e67ae06b418fac952cacdf5f1571c,2024-11,Sussex Police,Sussex Police,-0.369999,50.810659,On or near South Street,E01034831,Worthing 011G,Shoplifting,Offender given a caution,
18a8420c58e4ce21c7c9083f516793c63694765a0563feabef36647193823d91,2024-11,Sussex Police,Sussex Police,-0.372617,50.810066,On or near Shopping Area,E01034831,Worthing 011G,Shoplifting,Court result unavailable,
4741fb85a47ba04514950e05c056deb868373eaecc471f1fc8e193fdbedc9fa4,2024-11,Sussex Police,Sussex Police,-0.372617,50.810066,On or near Shopping Area,E01034831,Worthing 011G,Shoplifting,Investigation complete; no suspect identified,
b6fa9bea51595937d1ccbb0fa1b167cfcbfc5c2c2599ac7981326afe5f078b6d,2024-11,Sussex Police,Sussex Police,-0.372617,50.810066,On or near Shopping Area,E01034831,Worthing 011G,Shoplifting,Unable to prosecute suspect,
49e55dcc99b4bd575579203917f478d85c26b703beb3e7adc72183d4ba8da55c,2024-11,Sussex Police,Sussex Police,-0.368462,50.812805,On or near Parking Area,E01034831,Worthing 011G,Shoplifting,Unable to prosecute suspect,
2c31880fd23fc05450a572f8fe1f8880fa13a46dedd4f5741520ffc732c40e84,2024-11,Sussex Police,Sussex Police,-0.372617,50.810066,On or near Shopping Area,E01034831,Worthing 011G,Shoplifting,Investigation complete; no suspect identified,
d9cb9e8fa9a1b85011fa2209a42c9da8c1d60532c10075bb200dd18eae266dd8,2024-11,Sussex Police,Sussex Police,-0.367608,50.814520,On or near Supermarket,E01034831,Worthing 011G,Shoplifting,Investigation complete; no suspect identified,
9681c9ee7f48f6503545f98c6374815dcb3abda125f1e744a4b985f424938276,2024-11,Sussex Police,Sussex Police,-0.369999,50.810659,On or near South Street,E01034831,Worthing 011G,Shoplifting,Unable to prosecute suspect,
ab7f64caf13200aae5cc0a97a3886fd2a139b6c2738b3725f98be2d425a95dd2,2024-11,Sussex Police,Sussex Police,-0.371757,50.809892,On or near Montague Place,E01034831,Worthing 011G,Shoplifting,Investigation complete; no suspect identified,
06852273bf72615ff36522239799048b853cddaad3ab25836766633efc97f769,2024-11,Sussex Police,Sussex Police,-0.372617,50.810066,On or near Shopping Area,E01034831,Worthing 011G,Shoplifting,Court result unavailable,
aaeb9443ef607116468185bd95ca8d73c87343dadbb067f89bc6af6771954983,2024-11,Sussex Police,Sussex Police,-0.371757,50.809892,On or near Montague Place,E01034831,Worthing 011G,Shoplifting,Unable to prosecute suspect,
97830665caa026585555a312156f415fd89c674361a4d18a9872a219a870a458,2024-11,Sussex Police,Sussex Police,-0.371757,50.809892,On or near Montague Place,E01034831,Worthing 011G,Shoplifting,Unable to prosecute suspect,
d2e8fa09a8be402bce9ec875c9229050b96247660b286738a4beb2fe26c4305d,2024-11,Sussex Police,Sussex Police,-0.372617,50.810066,On or near Shopping Area,E01034831,Worthing 011G,Shoplifting,Unable to prosecute suspect,
9663eef4a0278a521f9e79a4bae6ab60973ebab9b27dfb7303d64472ce70b754,2024-11,Sussex Police,Sussex Police,-0.368462,50.812805,On or near Parking Area,E01034831,Worthing 011G,Shoplifting,Local resolution,
12b5c08ffa6fe3d43c093bc889fe6c1247d9079fd88194ee88ba8e44777dfdcd,2024-11,Sussex Police,Sussex Police,-0.372617,50.810066,On or near Shopping Area,E01034831,Worthing 011G,Shoplifting,Offender given a caution,
7fbc0250901063db1eb58c85327347e1e06b6dde226b95055d8b8a7f9855835a,2024-11,Sussex Police,Sussex Police,-0.371733,50.811007,On or near Alexander Terrace,E01034831,Worthing 011G,Shoplifting,Court result unavailable,
1b936aa63cf8cdb9b870a278864c40301283b96716306edda4d457571a252d68,2024-11,Sussex Police,Sussex Police,-0.372617,50.810066,On or near Shopping Area,E01034831,Worthing 011G,Shoplifting,Unable to prosecute suspect,
932df29a54cecea4c8b5b6b01ea67fcf02d15c5361a8810d7325febd5a9861a3,2024-11,Sussex Police,Sussex Police,-0.370267,50.812344,On or near Market Street,E01034831,Worthing 011G,Shoplifting,Investigation complete; no suspect identified,
028e690ce6b8e7cdff20efe996da86233887ade2f3a0d2c32bbee3e150f86b74,2024-11,Sussex Police,Sussex Police,-0.367608,50.814520,On or near Supermarket,E01034831,Worthing 011G,Shoplifting,Court result unavailable,
0c2719a22df5478f2fef222d4cdeceba1523c8fe359edb1cd7c84483634dfab1,2024-11,Sussex Police,Sussex Police,-0.370267,50.812344,On or near Market Street,E01034831,Worthing 011G,Shoplifting,Investigation complete; no suspect identified,
15d5316242cc3aec122515eabd1bbb7433a5b64e64294920510b82e034aee4b2,2024-11,Sussex Police,Sussex Police,-0.371017,50.811599,On or near Liverpool Road,E01034831,Worthing 011G,Shoplifting,Unable to prosecute suspect,
f620f794b8ae306bb210d31556d5da9b80b110bc09cf69e859988d5b3cd5fbae,2024-11,Sussex Police,Sussex Police,-0.371733,50.811007,On or near Alexander Terrace,E01034831,Worthing 011G,Shoplifting,Unable to prosecute suspect,
c6d9e567896ca64a807c10181b7fd968f38c0f072febad257d648a062284a63a,2024-11,Sussex Police,Sussex Police,-0.372617,50.810066,On or near Shopping Area,E01034831,Worthing 011G,Shoplifting,Court result unavailable,
b60327f7c9f8b9612efbc335b4b9a5f0edb4860fe7a321beeec1edac57df3355,2024-11,Sussex Police,Sussex Police,-0.372617,50.810066,On or near Shopping Area,E01034831,Worthing 011G,Shoplifting,Unable to prosecute suspect,
1a5a158d573e458d3f646978ff07be1f8d2d522d72e0994a2bd051daf3cb6dd7,2024-11,Sussex Police,Sussex Police,-0.372617,50.810066,On or near Shopping Area,E01034831,Worthing 011G,Shoplifting,Unable to prosecute suspect,
1d437f2d736eb517cfcb5dd6144523994bd31d43494df4ea22e6da8ad988d387,2024-11,Sussex Police,Sussex Police,-0.371017,50.811599,On or near Liverpool Road,E01034831,Worthing 011G,Shoplifting,Unable to prosecute suspect,
84a5e3defbbcff231b263e3b593c12c2734fe86b3d0a33f5b218eeb1dea7b81f,2024-11,Sussex Police,Sussex Police,-0.369999,50.810659,On or near South Street,E01034831,Worthing 011G,Shoplifting,Offender given a caution,
b8b3cbd2fbd0a5eb76e4940b545e9d723f58ca693093a05b5c4440f0d0cef1f7,2024-11,Sussex Police,Sussex Police,-0.370267,50.812344,On or near Market Street,E01034831,Worthing 011G,Shoplifting,Local resolution,
448b7777add1a9c0eda987a725ad9c53b4681b1311201cf11d4ba6f0b93e0f9d,2024-11,Sussex Police,Sussex Police,-0.372617,50.810066,On or near Shopping Area,E01034831,Worthing 011G,Shoplifting,Awaiting court outcome,
602ad617bcf041e28a256fc43810d06a28a2f9a4fe81af06d19922e3e9c8a6d5,2024-11,Sussex Police,Sussex Police,-0.369999,50.810659,On or near South Street,E01034831,Worthing 011G,Theft from the person,Status update unavailable,
cb29f7062524bbf34e77638c74b7b7b8c9094786ceb9e8121ba287c90a854d09,2024-11,Sussex Police,Sussex Police,-0.369999,50.810659,On or near South Street,E01034831,Worthing 011G,Theft from the person,Investigation complete; no suspect identified,
47c673178b3a7547089906749a3b21ab03c4f36ec477da07e6d691686269242d,2024-11,Sussex Police,Sussex Police,-0.372617,50.810066,On or near Shopping Area,E01034831,Worthing 011G,Violence and sexual offences,Unable to prosecute suspect,
de7eca977b8e9c1e0ebf382a6c0ea46f5acbde781bdbe137a5ca4f3e72a94f7a,2024-11,Sussex Police,Sussex Police,-0.368607,50.813140,On or near Nightclub,E01034831,Worthing 011G,Violence and sexual offences,Unable to prosecute suspect,
9ae881752276857b719487bc441a1404476e2e4d395c7594f8ffe32ffccaeed6,2024-11,Sussex Police,Sussex Police,-0.369651,50.812327,On or near Shopping Area,E01034831,Worthing 011G,Violence and sexual offences,Unable to prosecute suspect,
3ecaee24d7d2d297f405336db149902eadfcf4393035f712f3ff0b46a0b59748,2024-11,Sussex Police,Sussex Police,-0.370589,50.811234,On or near Bank Passage,E01034831,Worthing 011G,Violence and sexual offences,Investigation complete; no suspect identified,
1b2affea4268896988c383eafe3bc3751fd6cddc5cb6e16359e3411acd763c1c,2024-11,Sussex Police,Sussex Police,-0.370267,50.812344,On or near Market Street,E01034831,Worthing 011G,Violence and sexual offences,Unable to prosecute suspect,
41ea354b250682410f0554d48d1379e09102965e35275912971079b3ac83dffb,2024-11,Sussex Police,Sussex Police,-0.369082,50.811707,On or near Warwick Street,E01034831,Worthing 011G,Violence and sexual offences,Investigation complete; no suspect identified,
b287491e889e3ba7976830305566a394a523b8ccdb53cf9b582bd318846149ad,2024-11,Sussex Police,Sussex Police,-0.371733,50.811007,On or near Alexander Terrace,E01034831,Worthing 011G,Violence and sexual offences,Investigation complete; no suspect identified,
ce5e94b86f3b8e6b04669cb991c5c9e2d7b6f2c9c3377ba0cb272bd3c214fb90,2024-11,Sussex Police,Sussex Police,-0.369999,50.810659,On or near South Street,E01034831,Worthing 011G,Violence and sexual offences,Offender given a caution,
6f70310f544fbda16046c6d01d7ad0e288434a1f40e5283484c8a12586e4b39f,2024-11,Sussex Police,Sussex Police,-0.368607,50.813140,On or near Nightclub,E01034831,Worthing 011G,Violence and sexual offences,Unable to prosecute suspect,
37b369f7e4e81b81e8465ca5fd0804f091045ef3a2d7984ff0c66425ecd467b1,2024-11,Sussex Police,Sussex Police,-0.369999,50.810659,On or near South Street,E01034831,Worthing 011G,Violence and sexual offences,Local resolution,
411086dc69f6b8367c7b0a36e523d2009f41318aa6e6ca79eb027b22702620c2,2024-11,Sussex Police,Sussex Police,-0.367397,50.812412,On or near Nightclub,E01034831,Worthing 011G,Violence and sexual offences,Unable to prosecute suspect,
a7f428f8cd7768b8b2fa30fd6df26b5d0e858e12a407d14c1e68f53f58b7c297,2024-11,Sussex Police,Sussex Police,-0.370267,50.812344,On or near Market Street,E01034831,Worthing 011G,Violence and sexual offences,Investigation complete; no suspect identified,
5f0d4531677a51d1e87b79709d7c0d82449d7154d24da34e9907380640ac25c4,2024-11,Sussex Police,Sussex Police,-0.371757,50.809892,On or near Montague Place,E01034831,Worthing 011G,Violence and sexual offences,Unable to prosecute suspect,
7cce7a12d4bf5570724d759abc44d31790c82c64e084fe4ec9bf81396fdb25e6,2024-11,Sussex Police,Sussex Police,-0.367397,50.812412,On or near Nightclub,E01034831,Worthing 011G,Violence and sexual offences,Local resolution,
3ee771d222d41d67d3828f5e09eb7b9a07fc717021029d3ab0b50088ca0a77fb,2024-11,Sussex Police,Sussex Police,-0.369651,50.812327,On or near Shopping Area,E01034831,Worthing 011G,Violence and sexual offences,Unable to prosecute suspect,
7a0716dd70e1fa7d70dd8e7d6f74593d6c0613b1c1c7b92798b682d0d982b5d5,2024-11,Sussex Police,Sussex Police,-0.367608,50.814520,On or near Supermarket,E01034831,Worthing 011G,Violence and sexual offences,Unable to prosecute suspect,
14b0c59c447789a3a61493c12d82152308e4244427fc123470f5257367ec15c1,2024-11,Sussex Police,Sussex Police,-0.371757,50.809892,On or near Montague Place,E01034831,Worthing 011G,Violence and sexual offences,Investigation complete; no suspect identified,
4e00811ede0dd1d81e5f175a2ad4651ce105082cd726bfea2fd3c75380bf914e,2024-11,Sussex Police,Sussex Police,-0.370856,50.809805,On or near Shopping Area,E01034831,Worthing 011G,Violence and sexual offences,Unable to prosecute suspect,
63597bc1d8b2ef3bf6d58cc24ab2e9d861f6c82c48a97c59917977f1d8ed6852,2024-11,Sussex Police,Sussex Police,-0.368462,50.812805,On or near Parking Area,E01034831,Worthing 011G,Violence and sexual offences,Unable to prosecute suspect,
f894a2435e5fa2c0f5cf8cd93aa1be4e328ba34272043eb56e0f889375fbe2da,2024-11,Sussex Police,Sussex Police,-0.368607,50.813140,On or near Nightclub,E01034831,Worthing 011G,Violence and sexual offences,Unable to prosecute suspect,
717e5b8187e7d75ceb2b2c39f2d456f3ea60c1de0f071b1b0e42a17effb21644,2024-11,Sussex Police,Sussex Police,-0.367608,50.814520,On or near Supermarket,E01034831,Worthing 011G,Violence and sexual offences,Unable to prosecute suspect,
5a7fd2f5e7cadb3cbc19f892cc696d968d6a9702fbc543848a08cadf6388d0f0,2024-11,Sussex Police,Sussex Police,-0.368607,50.813140,On or near Nightclub,E01034831,Worthing 011G,Other crime,Unable to prosecute suspect,
24487ed5e26de530da65490baf46fd3433c4974f540fd1c948345886f4d104c1,2024-11,Sussex Police,Sussex Police,-0.368462,50.812805,On or near Parking Area,E01034831,Worthing 011G,Other crime,Unable to prosecute suspect,
b67ad9bf6b6e62f3d19310c128aec4e92689c6942ce78b87f4a579aa081d07ac,2024-11,Sussex Police,Sussex Police,-0.368607,50.813140,On or near Nightclub,E01034831,Worthing 011G,Other crime,Unable to prosecute suspect,
,2024-11,Sussex Police,Sussex Police,-0.395122,50.818148,On or near Parking Area,E01031812,Worthing 012A,Anti-social behaviour,,
919261869ce6b39edcd9adb8e66001e2d9c47f6bd719dfb6c48e75375d7dd6cc,2024-11,Sussex Police,Sussex Police,-0.394498,50.815216,On or near Dorchester Gardens,E01031812,Worthing 012A,Burglary,Investigation complete; no suspect identified,
3711057da324d750faca015b290597c38c579ccff505ddff27e052fe54a38de5,2024-11,Sussex Police,Sussex Police,-0.396236,50.813388,On or near Sussex Mews,E01031812,Worthing 012A,Violence and sexual offences,Unable to prosecute suspect,
cd0028bf79675dbc4ef7793b8bd9ea67ae92874a080671b7921f7d99dabe519c,2024-11,Sussex Police,Sussex Police,-0.394498,50.815216,On or near Dorchester Gardens,E01031812,Worthing 012A,Violence and sexual offences,Unable to prosecute suspect,
b1fb4116ce6b65b1b6ff8db0a10b2eeb8ccf8931d27ed72f4e2a89fe53d5d2f9,2024-11,Sussex Police,Sussex Police,-0.394498,50.815216,On or near Dorchester Gardens,E01031812,Worthing 012A,Violence and sexual offences,Unable to prosecute suspect,
7fe9f24a0e54a757e2b9e3e23f140820851097bcdf62d16ace458107b3d12bb2,2024-11,Sussex Police,Sussex Police,-0.402045,50.813323,On or near Supermarket,E01031813,Worthing 012B,Other theft,Investigation complete; no suspect identified,
36ee561b5bab5b485fc3a5ae94c4bac2cc92711f3ec0ca224cc5b2d3c9459749,2024-11,Sussex Police,Sussex Police,-0.401095,50.814084,On or near Parking Area,E01031813,Worthing 012B,Public order,Court result unavailable,
cbade05349650041a3a9cb982fc94b5b7b63c8698ba76584f733f233608fe8cb,2024-11,Sussex Police,Sussex Police,-0.402045,50.813323,On or near Supermarket,E01031813,Worthing 012B,Shoplifting,Investigation complete; no suspect identified,
7aaef13d735512840179bfa850071632bfdef94d39df13b8653be57973c0fae7,2024-11,Sussex Police,Sussex Police,-0.402045,50.813323,On or near Supermarket,E01031813,Worthing 012B,Shoplifting,Unable to prosecute suspect,
e03dbb224f1e92a1377ef5cd64f42c07bb0bb3a601b298370566427b4835e33e,2024-11,Sussex Police,Sussex Police,-0.402045,50.813323,On or near Supermarket,E01031813,Worthing 012B,Shoplifting,Court result unavailable,
6031477e1e85d9f8430137eb3b94fb62b30da4c7d4c2cda96fd7bd2c12e58d91,2024-11,Sussex Police,Sussex Police,-0.402045,50.813323,On or near Supermarket,E01031813,Worthing 012B,Shoplifting,Unable to prosecute suspect,
b7437dfef3dfaae14b15af63f181add23097d2e5f54f86cc9e15d9b7c9f58e9c,2024-11,Sussex Police,Sussex Police,-0.402045,50.813323,On or near Supermarket,E01031813,Worthing 012B,Shoplifting,Investigation complete; no suspect identified,
82ac5279ba682fb100f523251dc3da042fb913103bf725d198cb4c97aa2f707a,2024-11,Sussex Police,Sussex Police,-0.402045,50.813323,On or near Supermarket,E01031813,Worthing 012B,Shoplifting,Court result unavailable,
7a373e0d60e6da81fc5180cab15768dbcaf9984986c9a12c0e1479e0c78e5496,2024-11,Sussex Police,Sussex Police,-0.402045,50.813323,On or near Supermarket,E01031813,Worthing 012B,Shoplifting,Investigation complete; no suspect identified,
cfb1c5eaf4569470a342cc1aeb4f13e8e0cebb372fd68313be53a3f32633e35e,2024-11,Sussex Police,Sussex Police,-0.402045,50.813323,On or near Supermarket,E01031813,Worthing 012B,Shoplifting,Investigation complete; no suspect identified,
db68a678aadd1a97f7a59bc4d0cd4beaf937f2b54b73de57678f5cda746167e9,2024-11,Sussex Police,Sussex Police,-0.402045,50.813323,On or near Supermarket,E01031813,Worthing 012B,Shoplifting,Court result unavailable,
06bc908cd31fad1f4cff4661e5800dd9b3f95e4d72d5d75df22ab8bfa32fab56,2024-11,Sussex Police,Sussex Police,-0.402045,50.813323,On or near Supermarket,E01031813,Worthing 012B,Vehicle crime,Investigation complete; no suspect identified,
,2024-11,Sussex Police,Sussex Police,-0.405048,50.806800,On or near The Waterfront,E01031814,Worthing 012C,Anti-social behaviour,,
,2024-11,Sussex Police,Sussex Police,-0.405048,50.806800,On or near The Waterfront,E01031814,Worthing 012C,Anti-social behaviour,,
51a60c318557e840d09af66eec858327495b931feae16287968cdf411989b6c5,2024-11,Sussex Police,Sussex Police,-0.405048,50.806800,On or near The Waterfront,E01031814,Worthing 012C,Bicycle theft,Investigation complete; no suspect identified,
f276a6069dffc8d28f28298563698d1ec06a5a1a6cc7d03e3d2d693f8e55d3e8,2024-11,Sussex Police,Sussex Police,-0.400241,50.807912,On or near Latimer Road,E01031814,Worthing 012C,Violence and sexual offences,Unable to prosecute suspect,
213065b2035c1d8a9875ece486cc756e2394d9c7d8dc0a34f2a462ff65dc5f53,2024-11,Sussex Police,Sussex Police,-0.405685,50.808112,On or near North Avenue,E01031814,Worthing 012C,Violence and sexual offences,Unable to prosecute suspect,
,2024-11,Sussex Police,Sussex Police,-0.394147,50.807657,On or near Marine Close,E01031815,Worthing 012D,Anti-social behaviour,,
,2024-11,Sussex Police,Sussex Police,-0.397411,50.807666,On or near Winchelsea Gardens,E01031815,Worthing 012D,Anti-social behaviour,,
,2024-11,Sussex Police,Sussex Police,-0.401878,50.814841,On or near Douglas Close,E01031816,Worthing 012E,Anti-social behaviour,,
96a30ad082e10d4b057048aaa1b669381e8c01f50b531305b9bacf527e4b5e5c,2024-11,Sussex Police,Sussex Police,-0.403479,50.815771,On or near Bruce Avenue,E01031816,Worthing 012E,Other theft,Investigation complete; no suspect identified,
3b63c56073589497f7e39987db8c8e05a6bcf409a1a10ecdf3971d764724dd9c,2024-11,Sussex Police,Sussex Police,-0.401878,50.814841,On or near Douglas Close,E01031816,Worthing 012E,Violence and sexual offences,Unable to prosecute suspect,
3cce5ccd6df63ddd7c95e6346e59f546a39a0cb5b23c2f4370d8ced5e1ccb680,2024-11,Sussex Police,Sussex Police,-0.400094,50.816381,On or near The Drive,E01031816,Worthing 012E,Violence and sexual offences,Investigation complete; no suspect identified,
,2024-11,Sussex Police,Sussex Police,-0.437596,50.813949,On or near Thakeham Drive,E01031802,Worthing 013A,Anti-social behaviour,,
,2024-11,Sussex Police,Sussex Police,-0.431553,50.817627,On or near Goring-By-Sea,E01031802,Worthing 013A,Anti-social behaviour,,
6e8dc99160aae2e41d3db0683de475c058eb52410cf881338464f416fd771c2f,2024-11,Sussex Police,Sussex Police,-0.429381,50.815080,On or near Crowborough Drive,E01031802,Worthing 013A,Burglary,Investigation complete; no suspect identified,
37f7b81d30d717a03cda67e30251cfdfadb8dbaff38888dbf29ae9e88d5846ae,2024-11,Sussex Police,Sussex Police,-0.436529,50.814016,On or near Thakeham Close,E01031802,Worthing 013A,Burglary,Investigation complete; no suspect identified,
6e1d15efcd2eb17da4219d31805f258fe569b52521d21b3db959240295934e44,2024-11,Sussex Police,Sussex Police,-0.430426,50.810165,On or near Aldsworth Avenue,E01031802,Worthing 013A,Criminal damage and arson,Investigation complete; no suspect identified,
ba9393e9e3ed9d568cede3367fc97f230d461f97e3ad4b1594739dc8624231a4,2024-11,Sussex Police,Sussex Police,-0.430426,50.810165,On or near Aldsworth Avenue,E01031802,Worthing 013A,Criminal damage and arson,Investigation complete; no suspect identified,
3e72d1191d68571a2d7be461fc04a22c4e166d90661fbe423fbfe2c9a68bcffb,2024-11,Sussex Police,Sussex Police,-0.436529,50.814016,On or near Thakeham Close,E01031802,Worthing 013A,Drugs,Local resolution,
4804ff1393c7ee79a4030b526947dfa7d2f1a1f6df5a643ef3bd65f45f16c967,2024-11,Sussex Police,Sussex Police,-0.426932,50.812340,On or near Ilex Way,E01031802,Worthing 013A,Other theft,Investigation complete; no suspect identified,
fe6cb0d7bedcfd1f170ff849d251df8a6d13249e8e9499e7afbee0c57393dc3b,2024-11,Sussex Police,Sussex Police,-0.434148,50.815180,On or near Goring Way,E01031802,Worthing 013A,Public order,Local resolution,
4ca1a2ed3bdd38faa5dc454c583c0868d3e253dac8df7e28a8683353cfb37bc3,2024-11,Sussex Police,Sussex Police,-0.432534,50.816723,On or near Chatsmore Crescent,E01031802,Worthing 013A,Violence and sexual offences,Action to be taken by another organisation,
a18ce665c7da9771ccb5a652be38ce423644b9c271ea1533fbd5be4b6c49e36c,2024-11,Sussex Police,Sussex Police,-0.415217,50.811633,On or near Warnham Road,E01031804,Worthing 013C,Burglary,Status update unavailable,
f6587b2957dbe8a93e3b6c0c84eb37953aa171690cf10cc68f3c1f8909248a95,2024-11,Sussex Police,Sussex Police,-0.414175,50.813480,On or near Marlborough Road,E01031804,Worthing 013C,Vehicle crime,Investigation complete; no suspect identified,
fcc6aff8a0b5a1f0b9268cef63bef1d61557c4f85ca6211c1a53594ed350e3bd,2024-11,Sussex Police,Sussex Police,-0.419799,50.809204,On or near Nutley Avenue,E01031805,Worthing 013D,Criminal damage and arson,Investigation complete; no suspect identified,
54463a6fc3a8b4e875f08db49fec89307d930654e3136245c2ed79219d3a3e6f,2024-11,Sussex Police,Sussex Police,-0.419799,50.809204,On or near Nutley Avenue,E01031805,Worthing 013D,Criminal damage and arson,Investigation complete; no suspect identified,
d29644b3136a7d3d7b148027997c384f1e11863733c501e4df6ea79a6609f144,2024-11,Sussex Police,Sussex Police,-0.420270,50.810811,On or near Nutley Crescent,E01031805,Worthing 013D,Violence and sexual offences,Court result unavailable,
,2024-11,Sussex Police,Sussex Police,-0.422275,50.812816,On or near Mulberry Gardens,E01031806,Worthing 013E,Anti-social behaviour,,
4a5dddab8a13d6641b3d36ce07128c964f6d6ce45b93eb06d72d43315b6dffd4,2024-11,Sussex Police,Sussex Police,-0.418439,50.814581,On or near Melbourne Road,E01031806,Worthing 013E,Bicycle theft,Investigation complete; no suspect identified,
790ecc78105b86014df1d8d2899f2a39e74399efe19ef5fe4e77a28ba1be72d3,2024-11,Sussex Police,Sussex Police,-0.421240,50.812757,On or near Parking Area,E01031806,Worthing 013E,Criminal damage and arson,Investigation complete; no suspect identified,
112d5c61d5c89c261f67f7fce2b9b76caac44d58af12a140600dac939a9be60d,2024-11,Sussex Police,Sussex Police,-0.422210,50.811772,On or near Ollivers Chase,E01031806,Worthing 013E,Other theft,Court result unavailable,
552aaefaa1527ac068de3cf5a81279e124b1e7f09338f3a6574923c60927ee75,2024-11,Sussex Police,Sussex Police,-0.421077,50.815498,On or near Montrose Close,E01031806,Worthing 013E,Violence and sexual offences,Court result unavailable,
9ce9f4339033dc7a01bb360b110b1bff540a808bf5ebf3a059fd7f8e4f25b30f,2024-11,Sussex Police,Sussex Police,-0.422275,50.812816,On or near Mulberry Gardens,E01031806,Worthing 013E,Violence and sexual offences,Unable to prosecute suspect,
e327c765186dfbea0b3e88b1c23adf6868e91aabdf8f05477e7cd3c47e4a0626,2024-11,Sussex Police,Sussex Police,-0.419720,50.814482,On or near Melbourne Avenue,E01031806,Worthing 013E,Violence and sexual offences,Unable to prosecute suspect,
e0266fe10ae1b1c7185157f3746bc28d991bc2bb56aea412b194ecf9c98d5233,2024-11,Sussex Police,Sussex Police,-0.421680,50.814031,On or near Palmerston Avenue,E01031806,Worthing 013E,Violence and sexual offences,Court result unavailable,
,2024-11,Sussex Police,Sussex Police,,,No Location,,,Anti-social behaviour,,
,2024-11,Sussex Police,Sussex Police,,,No Location,,,Anti-social behaviour,,
,2024-11,Sussex Police,Sussex Police,,,No Location,,,Anti-social behaviour,,
,2024-11,Sussex Police,Sussex Police,,,No Location,,,Anti-social behaviour,,
,2024-11,Sussex Police,Sussex Police,,,No Location,,,Anti-social behaviour,,
,2024-11,Sussex Police,Sussex Police,,,No Location,,,Anti-social behaviour,,
,2024-11,Sussex Police,Sussex Police,,,No Location,,,Anti-social behaviour,,
55e35432a4418ad7e4169d47aec2ae0ddbfcdeb12c04de6352add00f54452d6c,2024-11,Sussex Police,Sussex Police,,,No Location,,,Bicycle theft,Investigation complete; no suspect identified,
f3409282be24d112a3445b78c315ae755bea2e3643bf9b393275c9b5e66a670f,2024-11,Sussex Police,Sussex Police,,,No Location,,,Bicycle theft,Status update unavailable,
001346681ab226b92c19fbb5042084a8569d2e68ea0101a58f42fe55cb63de9f,2024-11,Sussex Police,Sussex Police,,,No Location,,,Bicycle theft,Investigation complete; no suspect identified,
42790c07133e453e3096a10ee8af44cb74eaca08b69eb906bf324d6a0b0cd633,2024-11,Sussex Police,Sussex Police,,,No Location,,,Bicycle theft,Investigation complete; no suspect identified,
9fcf0809a5ac7365f83e8b7e6ec42f7a653aeaef2d15c39812d97fb40f4a9596,2024-11,Sussex Police,Sussex Police,,,No Location,,,Bicycle theft,Investigation complete; no suspect identified,
5be87b86d07199c03a643dcf0dba4810c61eed535eee58d3800539bcc40828c6,2024-11,Sussex Police,Sussex Police,,,No Location,,,Bicycle theft,Investigation complete; no suspect identified,
036f3fd630d7ea82104ab5425600fd41d95f892e948ad7584831ca8edccdc908,2024-11,Sussex Police,Sussex Police,,,No Location,,,Burglary,Investigation complete; no suspect identified,
6ec71134ea8c13af9a15a6ec540294af5beb70511662510d00770185a87ebf6d,2024-11,Sussex Police,Sussex Police,,,No Location,,,Burglary,Investigation complete; no suspect identified,
6904adc0536a9fee7176be98972f7674c0d7091e80a9095d3e96df25672e2031,2024-11,Sussex Police,Sussex Police,,,No Location,,,Burglary,Investigation complete; no suspect identified,
464ca55733787e0bd489fac62c77ffc7529d7110bba7b610ba1e73461789ee05,2024-11,Sussex Police,Sussex Police,,,No Location,,,Burglary,Investigation complete; no suspect identified,
b86389520acb9fd25db01f813e21026c5acc370bef0873b7a6b1194d701f9357,2024-11,Sussex Police,Sussex Police,,,No Location,,,Burglary,Investigation complete; no suspect identified,
7180fbeb4dab7e52976bfba05d47ba08e5fc01a8d33daba2363fe86a66c4c7a4,2024-11,Sussex Police,Sussex Police,,,No Location,,,Burglary,Investigation complete; no suspect identified,
fd8ac0bb8fc76ec28e475f7d8e53073c5793c98087aa54d181f0b314d9d516cc,2024-11,Sussex Police,Sussex Police,,,No Location,,,Burglary,Investigation complete; no suspect identified,
88592bd4d1a621b68caf4d1b55645f6d62ccdbc7ad54cc040ad406e9f4784138,2024-11,Sussex Police,Sussex Police,,,No Location,,,Burglary,Investigation complete; no suspect identified,
0770d38d5d479a0384207a5158ca8eda3e28c37e9bb58021586975a5decf6f1a,2024-11,Sussex Police,Sussex Police,,,No Location,,,Burglary,Investigation complete; no suspect identified,
c2be75b31490b31647d411ee919323ff4081dd124d6a492a8f7d75f856347da5,2024-11,Sussex Police,Sussex Police,,,No Location,,,Burglary,Investigation complete; no suspect identified,
37601141611ef091d42aee26ef949bd24bb024de69ede57dcafaa87b9a032fb8,2024-11,Sussex Police,Sussex Police,,,No Location,,,Burglary,Investigation complete; no suspect identified,
d4725ecbf7c47f8906ec85e046c05591a1e09a3732b3cae81120064a9ef25b9e,2024-11,Sussex Police,Sussex Police,,,No Location,,,Burglary,Investigation complete; no suspect identified,
bd4943543588f018be2fb6f270e31061d95e008b441116364465c171984799f5,2024-11,Sussex Police,Sussex Police,,,No Location,,,Burglary,Investigation complete; no suspect identified,
bf06b8617d9fad26c63afcfe89d8e9fd88d0624a76bb627d35a146c24324727d,2024-11,Sussex Police,Sussex Police,,,No Location,,,Burglary,Investigation complete; no suspect identified,
0964e98e4954658e9f3ba42b7171bfdc0dc5d86d8f8101393fdcc4e242b8de0a,2024-11,Sussex Police,Sussex Police,,,No Location,,,Burglary,Investigation complete; no suspect identified,
6329d589235b785c2db06415a44685b6f2a2e972018b97589c82b660d23f5fb5,2024-11,Sussex Police,Sussex Police,,,No Location,,,Burglary,Investigation complete; no suspect identified,
4b4908cb986a32502d9ab23e25b25d2bcbc8f47775548aee37686b517a78f543,2024-11,Sussex Police,Sussex Police,,,No Location,,,Criminal damage and arson,Investigation complete; no suspect identified,
22276533731a1a326c8fd4b17b00308fb1cd2e69954659af25a011f25d5b0862,2024-11,Sussex Police,Sussex Police,,,No Location,,,Criminal damage and arson,Investigation complete; no suspect identified,
a829214b78af3e61cd6ff687c632366740bf23a28ddf601e25d2483c1896a629,2024-11,Sussex Police,Sussex Police,,,No Location,,,Criminal damage and arson,Investigation complete; no suspect identified,
27a6146e6058fdfcda689facea49584bb6ae05cd3ee9b8ccdf2bca811d9a5430,2024-11,Sussex Police,Sussex Police,,,No Location,,,Criminal damage and arson,Investigation complete; no suspect identified,
ea60bb9d699a36ab088b60ae4030568a96805c7c5f2daa56524265a69a3fc4ed,2024-11,Sussex Police,Sussex Police,,,No Location,,,Criminal damage and arson,Unable to prosecute suspect,
9726f0e1832643d652074774e1d1ee4a7fd80d1f2a7b219c5a7b2c923107cf20,2024-11,Sussex Police,Sussex Police,,,No Location,,,Criminal damage and arson,Unable to prosecute suspect,
57d6b506e6968d8a5ec8b1d2b6bc0ec6a07a84bf199d66c507ad2c311cd478b8,2024-11,Sussex Police,Sussex Police,,,No Location,,,Criminal damage and arson,Investigation complete; no suspect identified,
f2d44fdea8b1d505aa22ffceb7bcc0cef075480682802547a10a79004a3010cc,2024-11,Sussex Police,Sussex Police,,,No Location,,,Criminal damage and arson,Investigation complete; no suspect identified,
71f433a349ac527977e1467fa6c2922a822b225bf1c4939fe1e6c11b6e423f9f,2024-11,Sussex Police,Sussex Police,,,No Location,,,Criminal damage and arson,Unable to prosecute suspect,
c2e630db171274e622b185917ff8e993c078d4becd46374bb682261a54ed8c9d,2024-11,Sussex Police,Sussex Police,,,No Location,,,Criminal damage and arson,Status update unavailable,
e6248d74af746390ac4c847ee66f9578f77cc28adc635ecc079b6376b33554c3,2024-11,Sussex Police,Sussex Police,,,No Location,,,Criminal damage and arson,Investigation complete; no suspect identified,
ee664557049d12f1e2d3de73edaa4814ffe77fabd2199738735688d5e6e225e0,2024-11,Sussex Police,Sussex Police,,,No Location,,,Criminal damage and arson,Local resolution,
e0c9eab08c1a7cf17cbf9094331c51ef671271a61df7a91c0c0cebe38c2c6e71,2024-11,Sussex Police,Sussex Police,,,No Location,,,Criminal damage and arson,Investigation complete; no suspect identified,
13fadd104a20a00ff56e5f7b29cb96f7eb588ef9675e674a974f7f472943aa9e,2024-11,Sussex Police,Sussex Police,,,No Location,,,Criminal damage and arson,Investigation complete; no suspect identified,
7d4f08fc5dfb4c58dacb4f1ae47c781e112d28e8eeb01645eb6fdddd0879275d,2024-11,Sussex Police,Sussex Police,,,No Location,,,Criminal damage and arson,Investigation complete; no suspect identified,
0a7efe2213bdf7200ad8fa5c09c8e7d3cdc96172c335aa5b88cea1b4c76d1b03,2024-11,Sussex Police,Sussex Police,,,No Location,,,Criminal damage and arson,Local resolution,
b78066c2429a123f2e64abac268867cccd9ad762c7a12b9bd510989d95285b11,2024-11,Sussex Police,Sussex Police,,,No Location,,,Criminal damage and arson,Local resolution,
1aa3f60fdba2158f79cd76f3382e4af196f3aaeb13813911e24840d37b9b35e5,2024-11,Sussex Police,Sussex Police,,,No Location,,,Criminal damage and arson,Investigation complete; no suspect identified,
154c5c4d87c529917e238deff9d0c49f5cf4db2c1aacb082868c22a0fc79dc44,2024-11,Sussex Police,Sussex Police,,,No Location,,,Criminal damage and arson,Investigation complete; no suspect identified,
e335b21db282b2ebea05c5f23e9e68375817f535a36bad3c2c095fd8ccebe3b3,2024-11,Sussex Police,Sussex Police,,,No Location,,,Criminal damage and arson,Local resolution,
f44476d33b7a7b30f9d494aa8e4b96eb7ab659a8f64c0e5e729a09b4a5faf6db,2024-11,Sussex Police,Sussex Police,,,No Location,,,Criminal damage and arson,Investigation complete; no suspect identified,
3be758b56c5c6fec689f08b3bd916d5a4fbfba5bcda85754e09175d09ad2c2f1,2024-11,Sussex Police,Sussex Police,,,No Location,,,Criminal damage and arson,Investigation complete; no suspect identified,
83c4b5955d7acd1a35e6383ff71e77f012f3ca63dadc85865f0be5725d6d57e2,2024-11,Sussex Police,Sussex Police,,,No Location,,,Criminal damage and arson,Unable to prosecute suspect,
7003a6dc2dcbf75ccfef1c1b07b2ee825181e8fcba8949ddb6e394b6c0bb31e9,2024-11,Sussex Police,Sussex Police,,,No Location,,,Criminal damage and arson,Investigation complete; no suspect identified,
175dcf7252e844e9852f6f5894192aed9af98b84203f05b4d3758caa73cd8de7,2024-11,Sussex Police,Sussex Police,,,No Location,,,Criminal damage and arson,Further investigation is not in the public interest,
c6b23479cdd5020838ee9d1b4278d9c91f7068e3d6f0e74bab474c7e6a6f9b5d,2024-11,Sussex Police,Sussex Police,,,No Location,,,Criminal damage and arson,Investigation complete; no suspect identified,
291e3995ec6844ac546c59971b0d629c13edeb0e0f6c268202a44bcda42c389b,2024-11,Sussex Police,Sussex Police,,,No Location,,,Criminal damage and arson,Investigation complete; no suspect identified,
6163c0f4aacc1103e6013828d03852ba8a17c1a46edc669a8204601ace920994,2024-11,Sussex Police,Sussex Police,,,No Location,,,Criminal damage and arson,Awaiting court outcome,
4747aa8f82bb96eb32a7158d530054bd22bab020e78c33e01c8095232268752b,2024-11,Sussex Police,Sussex Police,,,No Location,,,Criminal damage and arson,Investigation complete; no suspect identified,
b5f564cbfd29b2252a20c4ed65f99aae8e7f65dfb62a597665b6267706f9027f,2024-11,Sussex Police,Sussex Police,,,No Location,,,Criminal damage and arson,Unable to prosecute suspect,
2ee89c5f80e8302983632a931019649bcdd9b13df0c4a620e787d3e5917ab957,2024-11,Sussex Police,Sussex Police,,,No Location,,,Criminal damage and arson,Investigation complete; no suspect identified,
d9e214f8062ba47d5872ac38395cc29efc627265767b2443076c222931f080d5,2024-11,Sussex Police,Sussex Police,,,No Location,,,Criminal damage and arson,Investigation complete; no suspect identified,
47a5ba4042c65bf3d31437ddfa857f45736a9e8df55e8fc207216eccf698109a,2024-11,Sussex Police,Sussex Police,,,No Location,,,Criminal damage and arson,Status update unavailable,
2da57339e9f1380fe212efef5263f78af6ffff266a228e44e2483c2cf80fc5ec,2024-11,Sussex Police,Sussex Police,,,No Location,,,Criminal damage and arson,Status update unavailable,
bab5ab175274a7c96c1b60605ff8625e8cc8d7a9d746214e0afdc2e0251a24bf,2024-11,Sussex Police,Sussex Police,,,No Location,,,Criminal damage and arson,Investigation complete; no suspect identified,
c341da3a341392529dfbeee1c95603189314a0efe046798d2e540d5c97e83871,2024-11,Sussex Police,Sussex Police,,,No Location,,,Criminal damage and arson,Investigation complete; no suspect identified,
b478fd456c2c7b415450088984b93d0fa2ee2984c218a8c5bef4bfb2122e6ffe,2024-11,Sussex Police,Sussex Police,,,No Location,,,Criminal damage and arson,Investigation complete; no suspect identified,
a04eb5bcf7663ba5650d1d47871db34af10e914d59016a1cdac32d3cc36a0d74,2024-11,Sussex Police,Sussex Police,,,No Location,,,Criminal damage and arson,Investigation complete; no suspect identified,
f46988020a837d95ca04f99c16b8cc6bef3cc5a2fe29fc1fa75abd9e4da1c23b,2024-11,Sussex Police,Sussex Police,,,No Location,,,Criminal damage and arson,Court result unavailable,
6550c7d5f9347bcc96b1cbf2c7621b86a5c230fccc33a5cf906a3785ff1d210d,2024-11,Sussex Police,Sussex Police,,,No Location,,,Criminal damage and arson,Investigation complete; no suspect identified,
3b4945b3c51e89fb9c51e80df03e509b18fc3d64f57d1e49e08ecd6711f2a38d,2024-11,Sussex Police,Sussex Police,,,No Location,,,Criminal damage and arson,Investigation complete; no suspect identified,
cbd799b60416207f222348c72283df57de834a3f7714a91fd81e35d54e041a83,2024-11,Sussex Police,Sussex Police,,,No Location,,,Criminal damage and arson,Investigation complete; no suspect identified,
1c111a3a54d1f2fb7c23d5ea3eabb9250feb8236fd5b79a3f18efc08a66ecdb5,2024-11,Sussex Police,Sussex Police,,,No Location,,,Criminal damage and arson,Local resolution,
ad49e499f4f87a7bdcd08843c3689e159478546062f95ea93e6a74f3c45a2cf9,2024-11,Sussex Police,Sussex Police,,,No Location,,,Criminal damage and arson,Investigation complete; no suspect identified,
184838d7a0108e902b3c160dd617b6ae680704cf2424c9fa1788cf427c41cc02,2024-11,Sussex Police,Sussex Police,,,No Location,,,Criminal damage and arson,Status update unavailable,
93ce0739131baeac46724bf992e4677ce2816d7522491d118549324baf3de7fa,2024-11,Sussex Police,Sussex Police,,,No Location,,,Criminal damage and arson,Investigation complete; no suspect identified,
7c0d14a44b3d22a869e976ca6d77e68dd7f2b7c359848a0f5461b51426cf4ab0,2024-11,Sussex Police,Sussex Police,,,No Location,,,Criminal damage and arson,Investigation complete; no suspect identified,
de934d07109dda4b86a928a833c3db3926a700de003ed2520997e9bcb6d008c6,2024-11,Sussex Police,Sussex Police,,,No Location,,,Criminal damage and arson,Investigation complete; no suspect identified,
b3453861b8df523db0659877d5021b57744c37f148e83858aacf0b9f784840ab,2024-11,Sussex Police,Sussex Police,,,No Location,,,Criminal damage and arson,Investigation complete; no suspect identified,
5bec286a6972e38dc9841ba4256b6fde2d0ce3666c87748d98d53af3e601eb51,2024-11,Sussex Police,Sussex Police,,,No Location,,,Drugs,Unable to prosecute suspect,
5170d145bb5b1aac7f5152abdca7f3d512435128991e1c49820f80c19b764617,2024-11,Sussex Police,Sussex Police,,,No Location,,,Drugs,Local resolution,
8a13d0f4bc557729630848b33a9f5fb3836134c18d8b3ef7782746406fbd9c1c,2024-11,Sussex Police,Sussex Police,,,No Location,,,Drugs,Unable to prosecute suspect,
93aec1a0dff698c2e89857ecebd0969e3d8b32a10edb427304c4057788cda28e,2024-11,Sussex Police,Sussex Police,,,No Location,,,Drugs,Unable to prosecute suspect,
a61d2336f006b8c9b9420a731930179696437f34abe1ce65fd82be7136f56576,2024-11,Sussex Police,Sussex Police,,,No Location,,,Drugs,Investigation complete; no suspect identified,
92dfd08465218e942e2bd604ba41c7a407612609531317243c5890b71a2e379b,2024-11,Sussex Police,Sussex Police,,,No Location,,,Drugs,Investigation complete; no suspect identified,
6e64e0c005823cab7761a2fd8985372caab07750497d1152cef8f854e6527c96,2024-11,Sussex Police,Sussex Police,,,No Location,,,Drugs,Status update unavailable,
762cc6960a3f5034630675c5ebf06ef3253f234436a64d889f33271bfb0b0a19,2024-11,Sussex Police,Sussex Police,,,No Location,,,Drugs,Status update unavailable,
60c0c0b72f14d8a6adaaa0096ef2023457b6befe5c2a20b62214774fba1d9993,2024-11,Sussex Police,Sussex Police,,,No Location,,,Drugs,Local resolution,
9cb53a9f22293b622b647cc171fe14cf18f61c98e24fefc5385de06607fa31a4,2024-11,Sussex Police,Sussex Police,,,No Location,,,Drugs,Local resolution,
7c39b84608327e60e184b6815c5765fede67efeb1d138cee0ed5d5e7a4341b4e,2024-11,Sussex Police,Sussex Police,,,No Location,,,Drugs,Investigation complete; no suspect identified,
6832ac1fe37bc55258a8f9b42fc54be93e685806e89afc35b25439494204b684,2024-11,Sussex Police,Sussex Police,,,No Location,,,Drugs,Local resolution,
a0aaa9521bfefcce0c35813c05eeb49663a7361b8e140eb86e63ee59fab88dab,2024-11,Sussex Police,Sussex Police,,,No Location,,,Drugs,Investigation complete; no suspect identified,
6848c822a30558b756a56c2a4ba9a868a390498d1c6a5f9f88308dc7e17a30eb,2024-11,Sussex Police,Sussex Police,,,No Location,,,Drugs,Further investigation is not in the public interest,
ef5b85432eda8e4e1efccc5b430045dc40444df19fb7b68336e7dd95f6ccffc4,2024-11,Sussex Police,Sussex Police,,,No Location,,,Drugs,Offender given a caution,
37f1e70bd5467b4161e587bc89691c3bb2b36ce43340402ad30d0aac88802c81,2024-11,Sussex Police,Sussex Police,,,No Location,,,Drugs,Local resolution,
03c465f07c0cfaf309e0224d156d71887c94261dc25758b7cd577ff8db9944cf,2024-11,Sussex Police,Sussex Police,,,No Location,,,Drugs,Local resolution,
313d815c8238a8c852a60f916528e7f4e3b290b347439c3d599cc8f12350015d,2024-11,Sussex Police,Sussex Police,,,No Location,,,Drugs,Status update unavailable,
a19b058bef9c7cb81b194cd3b0f52ae545b7e4d457cf84bc5f8325494ec6a312,2024-11,Sussex Police,Sussex Police,,,No Location,,,Drugs,Awaiting court outcome,
8a41618f2645d8c83d7f7352cc418d5732f29c0d34be4ea448afe36348f27a88,2024-11,Sussex Police,Sussex Police,,,No Location,,,Drugs,Local resolution,
45efffa8d211c3293f076ae16155724a65f0f91cee2e6011182217c9335a2492,2024-11,Sussex Police,Sussex Police,,,No Location,,,Drugs,Local resolution,
cd79c6385e2081cec027d4bb7d0c6f6cb52a362bd40fc40f30e1f71b70f52c7b,2024-11,Sussex Police,Sussex Police,,,No Location,,,Drugs,Status update unavailable,
93aeadff441e8874c2255039f0a965aed7f19c0a0895dea31e16a2d6680ca984,2024-11,Sussex Police,Sussex Police,,,No Location,,,Drugs,Status update unavailable,
fb2e3f84db6e6133db388c14002794cc5e3f7bcfc28ec42bae5047022c0e8b99,2024-11,Sussex Police,Sussex Police,,,No Location,,,Drugs,Local resolution,
ab0bb09d8690854ab656acaca93ef3679eeb7a9915aa83f5ca5d18679cff5f35,2024-11,Sussex Police,Sussex Police,,,No Location,,,Drugs,Local resolution,
9a65e210ab8fccd6f7eaf9eef94678e1a384cdbea45277c06a187b8dac1bec66,2024-11,Sussex Police,Sussex Police,,,No Location,,,Drugs,Status update unavailable,
b1d08bca141188a5ca1028e364b1ed003fb33a187c2049273c04b11e1c9a3099,2024-11,Sussex Police,Sussex Police,,,No Location,,,Drugs,Local resolution,
abbc75e7c75603a7ec9a85d71cf30731a1432e5dc16307474b6cd2c8b05ec850,2024-11,Sussex Police,Sussex Police,,,No Location,,,Drugs,Investigation complete; no suspect identified,
4386983e21a909a814d42f32bc33d85c89f62c4115bcf85dbd05039a064646ae,2024-11,Sussex Police,Sussex Police,,,No Location,,,Drugs,Status update unavailable,
832f9f549212df9d26ea38ab88950a624c3e476f83060b2c8dc34182e877e9eb,2024-11,Sussex Police,Sussex Police,,,No Location,,,Drugs,Investigation complete; no suspect identified,
1b73236c8870c600edc0df7ef4c78631801f68ac84e5c5e52df6cdbda85b6146,2024-11,Sussex Police,Sussex Police,,,No Location,,,Drugs,Investigation complete; no suspect identified,
5d4a56761f0f3cc9f2fa625e40264fdbc0f922109bd912d885c73afc2d674732,2024-11,Sussex Police,Sussex Police,,,No Location,,,Drugs,Unable to prosecute suspect,
d8d3646272cb7601b4941a5f6f4edd1dcd39a6cb752964adf948e792e7e247d4,2024-11,Sussex Police,Sussex Police,,,No Location,,,Drugs,Investigation complete; no suspect identified,
803a35b7c49791d1b4a76d9d599d61daafd6acfbb466b826438897c4f92fac55,2024-11,Sussex Police,Sussex Police,,,No Location,,,Drugs,Investigation complete; no suspect identified,
d482d2337c27e5b191daa7a584ca8582fba8bc37925a7c40ee126e56f0ec7e95,2024-11,Sussex Police,Sussex Police,,,No Location,,,Drugs,Investigation complete; no suspect identified,
cc024f76fc9b21614126096c9e14e343fa81bfc0d6e57602e8cbe9f58f03e494,2024-11,Sussex Police,Sussex Police,,,No Location,,,Drugs,Local resolution,
3f0fd96209226b89fc1f957a6ad8af9802ba7183440ad2484d3185fa73ed6f23,2024-11,Sussex Police,Sussex Police,,,No Location,,,Drugs,Local resolution,
fee847dfba171e7c7a6b0261e490c787ffacb3a492302f74e4d81d56ea28dff1,2024-11,Sussex Police,Sussex Police,,,No Location,,,Drugs,Status update unavailable,
c1a9a9ab20547dc7db5655b6cfeeb8538b8291c80125f453fcfda32e3d595c6d,2024-11,Sussex Police,Sussex Police,,,No Location,,,Drugs,Local resolution,
4ba1a0cb5d02378b8182254b8e99c6755631440b0ba5dce04086ee042d9bfcc8,2024-11,Sussex Police,Sussex Police,,,No Location,,,Drugs,Unable to prosecute suspect,
727bd23b73e86d2eb922d990a0ed4036dd42bb4962ad6ddb5d3dfce700fc73d1,2024-11,Sussex Police,Sussex Police,,,No Location,,,Drugs,Local resolution,
cc6910932a78de3b98da2b28f607a9375daf0e88ed6dc7f8418ca0d39652d845,2024-11,Sussex Police,Sussex Police,,,No Location,,,Drugs,Unable to prosecute suspect,
f92b32bc7c9b561a5095ecc7ecd13545dbf7dc4a70d89cc601c5a73505cfd437,2024-11,Sussex Police,Sussex Police,,,No Location,,,Drugs,Local resolution,
63e3c5b00168f104dfd0d9ca956fb630a7c55e0a6f25b7cca554471633e3a836,2024-11,Sussex Police,Sussex Police,,,No Location,,,Drugs,Status update unavailable,
a834590f26267e3867f2bf45132fb58c2457cda67bcc9861707fe9aac7622385,2024-11,Sussex Police,Sussex Police,,,No Location,,,Drugs,Investigation complete; no suspect identified,
8f79fd0dcc777358755d42e1d14117ab8b1b27e90e356f1b1435935ef7ff1aae,2024-11,Sussex Police,Sussex Police,,,No Location,,,Drugs,Formal action is not in the public interest,
6bfe95de87294a697ac357148abd5efa6a0bf4ae3dd528f453d1d6545988a092,2024-11,Sussex Police,Sussex Police,,,No Location,,,Drugs,Investigation complete; no suspect identified,
6473b73f84885cf651f392bb0f01a7bfea3f294cce240974bf6996e4493156e6,2024-11,Sussex Police,Sussex Police,,,No Location,,,Drugs,Local resolution,
9b5fcb6d36e39fabb3ba7840b3e7cac50475ea66ff8ea6ab970fb357604de4ea,2024-11,Sussex Police,Sussex Police,,,No Location,,,Drugs,Status update unavailable,
105cd0605b6b55f66863aaf7194fcd55568b8fd446b531ed372e05183c48c93f,2024-11,Sussex Police,Sussex Police,,,No Location,,,Drugs,Local resolution,
336d34a708c40c90a86050810904f3bd5660bc5ffcff3990193c98cd3d283c46,2024-11,Sussex Police,Sussex Police,,,No Location,,,Drugs,Status update unavailable,
e200ff0213957cfa1555ec6943331600b9ebbaff7fc809a9f8abae62548910e3,2024-11,Sussex Police,Sussex Police,,,No Location,,,Drugs,Offender given a caution,
2060e8ffe1010ffb8cd8ff0a56476ba8b167c9342c5f5c8938d013ccea8aadb7,2024-11,Sussex Police,Sussex Police,,,No Location,,,Drugs,Unable to prosecute suspect,
e09fa3c077afc1562d8493c12a057b4f00e71dc970c98f0999b58fc7ec0bf564,2024-11,Sussex Police,Sussex Police,,,No Location,,,Drugs,Local resolution,
50bdc8cd50a323cb7546e8949abe59ba2b2036f13b4306b534c3021ef2278b50,2024-11,Sussex Police,Sussex Police,,,No Location,,,Drugs,Local resolution,
eb671b03ef46d902d026008d27301be261ec6b4ce1b191b0d55e165267bd806e,2024-11,Sussex Police,Sussex Police,,,No Location,,,Drugs,Local resolution,
1f7303fe80f44861271105d21f8335cd1f943e92803112e5dccd362e0d370fd4,2024-11,Sussex Police,Sussex Police,,,No Location,,,Drugs,Court result unavailable,
b93d27d39965be514aea34280f7de6181b6d63aa797f506dd4e9ff7a9bcae377,2024-11,Sussex Police,Sussex Police,,,No Location,,,Drugs,Offender given a caution,
12cca849ccfcdfa3c6d7e6e7bb8182a95379869cc31ce7f0c47c3a342d9c9b98,2024-11,Sussex Police,Sussex Police,,,No Location,,,Drugs,Status update unavailable,
9b897afcd51e649d6bcad5caeeb740f51ac08b12c1e0530811111958a307b6c9,2024-11,Sussex Police,Sussex Police,,,No Location,,,Other theft,Investigation complete; no suspect identified,
de612754003598121f173e3fadfbe7858686ce38224b9e646bb1c6e0b41db36c,2024-11,Sussex Police,Sussex Police,,,No Location,,,Other theft,Investigation complete; no suspect identified,
a9d1497185576f7b5fd3de246f1d11ec7046b4f7241de20da31de0e80f6001c1,2024-11,Sussex Police,Sussex Police,,,No Location,,,Other theft,Investigation complete; no suspect identified,
98db4f117e5eabe9aa366208ed6f31d06445b55c3c374c1ab915c48d65ac5e30,2024-11,Sussex Police,Sussex Police,,,No Location,,,Other theft,Investigation complete; no suspect identified,
1ddc989986aeead6f468c675614ce44e1b0aa2556020c3f15252c2f3a3226969,2024-11,Sussex Police,Sussex Police,,,No Location,,,Other theft,Investigation complete; no suspect identified,
c02dc535ae328ccc9a6adcbbb7be9097f1be182ee9a7fa2d834e873eb8c746c9,2024-11,Sussex Police,Sussex Police,,,No Location,,,Other theft,Status update unavailable,
3eec3cb275a1c4359057751cba71e351d5fc49243a0a97530b0ade80ebcf7f31,2024-11,Sussex Police,Sussex Police,,,No Location,,,Other theft,Investigation complete; no suspect identified,
efe0fbc51ae9ce6900e7dfe3b879bfc31121127facab2618b2dde419fac9487e,2024-11,Sussex Police,Sussex Police,,,No Location,,,Other theft,Investigation complete; no suspect identified,
628696f5b38bf21e697b155258ac375a433b3971375b6b8c7966df6e72b5b690,2024-11,Sussex Police,Sussex Police,,,No Location,,,Other theft,Investigation complete; no suspect identified,
9ad341ee4735846b458930f9bd352d7aa3145c9cb25f564c64cc86f00a435976,2024-11,Sussex Police,Sussex Police,,,No Location,,,Other theft,Investigation complete; no suspect identified,
bf2721ac408e243b86f6c075a89c9b21e9c4ccaa8fd9b7e3a2bc51202e0bd04c,2024-11,Sussex Police,Sussex Police,,,No Location,,,Other theft,Investigation complete; no suspect identified,
46cca9b1bafb1aaddf929af29c8e3da946656794e2c973bd196fe13ec91977b2,2024-11,Sussex Police,Sussex Police,,,No Location,,,Other theft,Status update unavailable,
607720e1af2b18fb3462207c66df0feadb0994f1b6b8013852ae41424ee777fe,2024-11,Sussex Police,Sussex Police,,,No Location,,,Other theft,Investigation complete; no suspect identified,
84a2a8d55c21013e8b7d5d2532ac3642902adbb8fe2562dd74a0eacbea576b5a,2024-11,Sussex Police,Sussex Police,,,No Location,,,Other theft,Investigation complete; no suspect identified,
3a313aa1a5b14a051bbc0674d8dd3f1559581aa7aff03c4dd800ef80962f14d8,2024-11,Sussex Police,Sussex Police,,,No Location,,,Other theft,Unable to prosecute suspect,
a02dd3425c29c22ba5e06b270d95209e49cd0308bb21310cfabf3e7a92220f33,2024-11,Sussex Police,Sussex Police,,,No Location,,,Other theft,Investigation complete; no suspect identified,
155528fbf12ded2e36bdf8df356664afd8cd9c0c3e9824259d6510630dbba000,2024-11,Sussex Police,Sussex Police,,,No Location,,,Other theft,Investigation complete; no suspect identified,
2bd0c02a46cc267c2a56ac4dc24497c9b52d6071e8a3e098fed34d00d4aefecd,2024-11,Sussex Police,Sussex Police,,,No Location,,,Other theft,Investigation complete; no suspect identified,
e8afce0d68afc04cc755b02775bf32e293d6312394bf7f3b12189b2daec8a6b4,2024-11,Sussex Police,Sussex Police,,,No Location,,,Other theft,Investigation complete; no suspect identified,
b9faa54fc01f27a917b761f355904c839b74fcb203bf78aa38078f78daac98ac,2024-11,Sussex Police,Sussex Police,,,No Location,,,Other theft,Investigation complete; no suspect identified,
b1559bd8ff90765d75b6b1bce3aa162db19a46b9b2799cd927a19726d0bd46a0,2024-11,Sussex Police,Sussex Police,,,No Location,,,Other theft,Status update unavailable,
8e8045589d9ac16e7c52b97fd41087bdaad7e7616d730d8bbbbfd50b40c4e02d,2024-11,Sussex Police,Sussex Police,,,No Location,,,Other theft,Investigation complete; no suspect identified,
340081dad71ab2cc489d5f088fa0719c6035b2124b05c015279dbb65981fd5ed,2024-11,Sussex Police,Sussex Police,,,No Location,,,Other theft,Investigation complete; no suspect identified,
d6129a2aecf8e649f810515b96b7da3c7a4448ac7708fc639bd0fec7374f7ea5,2024-11,Sussex Police,Sussex Police,,,No Location,,,Other theft,Investigation complete; no suspect identified,
b2fe47d40a912614c282162ba7076880c695005e8285db488ebe9b588b88c55f,2024-11,Sussex Police,Sussex Police,,,No Location,,,Other theft,Investigation complete; no suspect identified,
f0b697e280b7fd01eadee954020286ce1d100c2b037801142571a83710bc6ca9,2024-11,Sussex Police,Sussex Police,,,No Location,,,Other theft,Status update unavailable,
9e6b0ce994bfaedb3070718f4fd8c9ec378d64efb92e85959fcbf781641a41ac,2024-11,Sussex Police,Sussex Police,,,No Location,,,Other theft,Status update unavailable,
23203e65c7ec90a4cea4651733939a52a4bc602105e09cb2b77959aa9861ed62,2024-11,Sussex Police,Sussex Police,,,No Location,,,Other theft,Investigation complete; no suspect identified,
33b624aa87738730ad8018acf3f7a8a9a52096dd84013e74b54d7eb395612730,2024-11,Sussex Police,Sussex Police,,,No Location,,,Other theft,Investigation complete; no suspect identified,
467c66f62abbb153ceec1f61a84ab7368729aefbe7027ac4e89d6c3b3d9d9b56,2024-11,Sussex Police,Sussex Police,,,No Location,,,Other theft,Investigation complete; no suspect identified,
31d531b65c9d89abd305b487b5b0b21312e09f6d49248bc49d2b4bc598f8e1b2,2024-11,Sussex Police,Sussex Police,,,No Location,,,Other theft,Action to be taken by another organisation,
04c29b19e5a5e755944b477cc30bbe800998467687a874992a97763c003d457a,2024-11,Sussex Police,Sussex Police,,,No Location,,,Other theft,Investigation complete; no suspect identified,
97b9f3313677342e800bc92ddc77c2dc12ab9d19f39b5db85d9c848cf825f407,2024-11,Sussex Police,Sussex Police,,,No Location,,,Other theft,Investigation complete; no suspect identified,
dc12944279b83df9d1934f5b982f012c58ff912553814650194dbf4158bf3324,2024-11,Sussex Police,Sussex Police,,,No Location,,,Other theft,Investigation complete; no suspect identified,
8d316d05d4eb5071276994707dbed39aedc47d0d8f8705bdb216e852e786577c,2024-11,Sussex Police,Sussex Police,,,No Location,,,Other theft,Investigation complete; no suspect identified,
0fc34bd2647ae53b16dd7255a6ee661dd432b855c91949f38dee219a77f0f938,2024-11,Sussex Police,Sussex Police,,,No Location,,,Other theft,Unable to prosecute suspect,
370d7248728ccde463b256644e64552c720be49e5a9831cbfb480a906655e281,2024-11,Sussex Police,Sussex Police,,,No Location,,,Other theft,Status update unavailable,
1512c191dc161bd5f4d6b461527c9fc4b7b1dfcc831c8b8c512e88152ec3d67a,2024-11,Sussex Police,Sussex Police,,,No Location,,,Other theft,Investigation complete; no suspect identified,
f24319fff9968b58188e4588934a4f5a3b32d39fc42c693ac88f7d510e7c25b3,2024-11,Sussex Police,Sussex Police,,,No Location,,,Other theft,Investigation complete; no suspect identified,
046d2cf7869a64bc6874c7a84690a6722865e3651dfb1c7fa8ba07dc260276e6,2024-11,Sussex Police,Sussex Police,,,No Location,,,Other theft,Unable to prosecute suspect,
a05c691c28c38d5e088d0e0f30932b0ee2030cab5179322b80f1ef4cf0317acd,2024-11,Sussex Police,Sussex Police,,,No Location,,,Other theft,Investigation complete; no suspect identified,
fc286e867171715d6bdc4815f8907e20bcc9bdac76ac7868105d388c66353b91,2024-11,Sussex Police,Sussex Police,,,No Location,,,Other theft,Action to be taken by another organisation,
f118ccfb5efcf1d59279baf3ce98079bac9fa71070c9679f4db81b83b039e72e,2024-11,Sussex Police,Sussex Police,,,No Location,,,Other theft,Unable to prosecute suspect,
3a1f6777d93db52aeecfc5d9681da2d04c349937ae8a4a46758941aa64f02aba,2024-11,Sussex Police,Sussex Police,,,No Location,,,Other theft,Investigation complete; no suspect identified,
5d152ecb6f2a536bbaf7ed140384187d9638f61219d26ed3cff2ce649ac9bd72,2024-11,Sussex Police,Sussex Police,,,No Location,,,Other theft,Status update unavailable,
17b7f320c463f93873d727f0f9311d9fc7d74367a56a6251aebb3ba3d0ffcb2d,2024-11,Sussex Police,Sussex Police,,,No Location,,,Other theft,Investigation complete; no suspect identified,
77ad4d941bd79668ac81c5a9f31be5c9e8fce320c2f03f7d603c5d90b92c4310,2024-11,Sussex Police,Sussex Police,,,No Location,,,Other theft,Status update unavailable,
72a71cb6205d1fa2d55e819ce0a65a82cfe0da97a137e45e9e4ecfb9ac213f5a,2024-11,Sussex Police,Sussex Police,,,No Location,,,Other theft,Investigation complete; no suspect identified,
934255c994be7b4c2a72592e030d6e61e42bb21540a9d5db1cdfbeefe7a1a60b,2024-11,Sussex Police,Sussex Police,,,No Location,,,Other theft,Status update unavailable,
1e38966222dafc2674ae4531fd06d733bce7bc2abd9c9a3ac7d689e1eb26c3b7,2024-11,Sussex Police,Sussex Police,,,No Location,,,Other theft,Investigation complete; no suspect identified,
bcbbe2a622e2496a26dba4105bbc4c47c64e3be9de5f21d96a72c875c0fa6665,2024-11,Sussex Police,Sussex Police,,,No Location,,,Other theft,Investigation complete; no suspect identified,
2b5d6cf9c23180fca9fe0fc49f78b4fa0c67979606f9d6d7d357d3b03767134f,2024-11,Sussex Police,Sussex Police,,,No Location,,,Possession of weapons,Investigation complete; no suspect identified,
1649afc23bb97cc8dac9dbbdd83c19e045eb2bf4f2f3ad6e3c2234a4b1fe27c6,2024-11,Sussex Police,Sussex Police,,,No Location,,,Possession of weapons,Local resolution,
dbd82f09d0f1be8b8e053c4dea00c91e5c629907bf9497e5604226404db01a17,2024-11,Sussex Police,Sussex Police,,,No Location,,,Possession of weapons,Status update unavailable,
591f7fc475a05ca087d123df31403149618eb1f41ff756d5c8f60be8a13642c8,2024-11,Sussex Police,Sussex Police,,,No Location,,,Possession of weapons,Status update unavailable,
2cb51d66124672c1defc45ea9fc671af6a397f6e04b3f88650cf951a755d59c4,2024-11,Sussex Police,Sussex Police,,,No Location,,,Possession of weapons,Local resolution,
a1b0972239037dd5d43d47ee4761fcf8e47a99697c782ffc9857bd821849c88b,2024-11,Sussex Police,Sussex Police,,,No Location,,,Possession of weapons,Local resolution,
56e1fdf1ef9081de1cd6fde96f0c73d6c257ffe2fb695c1ae16247ca10af6f94,2024-11,Sussex Police,Sussex Police,,,No Location,,,Possession of weapons,Local resolution,
57d8305807f8a99abb334b4efef6346a80d1179f1267084e805f4059ac21fd4c,2024-11,Sussex Police,Sussex Police,,,No Location,,,Possession of weapons,Further investigation is not in the public interest,
2dd222d547dec6ea0a9fb242ac84f3dc531a09d22a72d4a57f0cdbb135447302,2024-11,Sussex Police,Sussex Police,,,No Location,,,Possession of weapons,Local resolution,
14fb023192716da9cecaef1650a0f8d134b5976756c4a74fc168cb175cd95518,2024-11,Sussex Police,Sussex Police,,,No Location,,,Possession of weapons,Court result unavailable,
44f887b51f285a29da999453cf0af535d576470571b81b66373ab0965246cf5d,2024-11,Sussex Police,Sussex Police,,,No Location,,,Possession of weapons,Offender given a caution,
ec3220038196c172039a8ec434d59636d742eb0675e86e4209c7ae60c30bd9a1,2024-11,Sussex Police,Sussex Police,,,No Location,,,Possession of weapons,Unable to prosecute suspect,
f4f9c76b07823b8b14a43054e2dafd8b1e14d0da963628711c0cb67268301c1c,2024-11,Sussex Police,Sussex Police,,,No Location,,,Possession of weapons,Status update unavailable,
d3031a7a935bf2196db12d040948afe05b960bd044b878516a7b65c8cccd8959,2024-11,Sussex Police,Sussex Police,,,No Location,,,Possession of weapons,Status update unavailable,
2bdf210d8a20417177407204ab3d634952ac30fcfd872dbe922374b9f155ad2e,2024-11,Sussex Police,Sussex Police,,,No Location,,,Possession of weapons,Status update unavailable,
9ee207c679cb7433201d9b12c2b9a22c93e679eb48515b79150fc714537d3844,2024-11,Sussex Police,Sussex Police,,,No Location,,,Possession of weapons,Local resolution,
eba90584b1417a7854a809b78cad5d2cf7223a79f4dc16b03b7fc09f6a476335,2024-11,Sussex Police,Sussex Police,,,No Location,,,Possession of weapons,Court result unavailable,
afb274fe93d521525b9e6aef94f8291db5fa6a3ad5b6878a31f1297e1becd13b,2024-11,Sussex Police,Sussex Police,,,No Location,,,Possession of weapons,Local resolution,
6366bf73160c6b88b723cd9b17035418faa221d53fdb76c7c42b1ed53c0f6062,2024-11,Sussex Police,Sussex Police,,,No Location,,,Possession of weapons,Court result unavailable,
b4296891eec83a5370ca9c3aae46926d8fa44ef4ab5660ac3f5e2ebde17a4e31,2024-11,Sussex Police,Sussex Police,,,No Location,,,Possession of weapons,Awaiting court outcome,
0fc109cd1f062946eb6fd5e8f6ec919fdae51c5694f116ecf0720ea6552f9eb7,2024-11,Sussex Police,Sussex Police,,,No Location,,,Possession of weapons,Local resolution,
7f2b872dc260fdf4093cc99b4f336d8dc521116baef53e6720da10bb9e5296ec,2024-11,Sussex Police,Sussex Police,,,No Location,,,Possession of weapons,Local resolution,
78de41666359c1d6c5372df8473967b31934f32c22acee5cb33901bec40cebda,2024-11,Sussex Police,Sussex Police,,,No Location,,,Possession of weapons,Local resolution,
836468deae0e95c2b3a322075842d22524d2504cc13a72d5f3ea50bb540e3168,2024-11,Sussex Police,Sussex Police,,,No Location,,,Possession of weapons,Status update unavailable,
f48bc8ff40eb46dcf6810d6245506f91916b24e4aaf617aaada5d71638fa83b6,2024-11,Sussex Police,Sussex Police,,,No Location,,,Possession of weapons,Local resolution,
2889be4bfccf560e2dcc2fc35a3b493f711e67cb44c00600593e6e1088682d00,2024-11,Sussex Police,Sussex Police,,,No Location,,,Possession of weapons,Status update unavailable,
d0f8945289ab38fa0f02a9739f94dcf0174561c6714c32c7e5805726f37137b9,2024-11,Sussex Police,Sussex Police,,,No Location,,,Public order,Unable to prosecute suspect,
e715e350549f2c15abd81f002b5ca76c5dbe7ee86bda5dfe740dc013dd44ed52,2024-11,Sussex Police,Sussex Police,,,No Location,,,Public order,Status update unavailable,
48567345f1258c0b6d5d8b36e1fd97f9fbf13c470d099feae5f8baa18b54e184,2024-11,Sussex Police,Sussex Police,,,No Location,,,Public order,Unable to prosecute suspect,
a3b9a0e540389d4c2f1d00c95e405affd86d6ea603fd0eaedc6335e8bac9d0b4,2024-11,Sussex Police,Sussex Police,,,No Location,,,Public order,Investigation complete; no suspect identified,
11b3e04c63842a2d5d78625aa98cfd275726f14aefe33adecca4120e743619ac,2024-11,Sussex Police,Sussex Police,,,No Location,,,Public order,Court result unavailable,
664b5d61e7fc6f43365610162a31465877be6ed60f2f56c994cebefa3ca9c9d2,2024-11,Sussex Police,Sussex Police,,,No Location,,,Public order,Unable to prosecute suspect,
85b5f7a6b6982b527673fde836ef23ab884e49499602011a8cb4c4ff97f0f5be,2024-11,Sussex Police,Sussex Police,,,No Location,,,Public order,Investigation complete; no suspect identified,
3c40e0a042f66520e8cd00fcae3b785676646be43f8856776724adc077268133,2024-11,Sussex Police,Sussex Police,,,No Location,,,Public order,Investigation complete; no suspect identified,
2a55835311de7a1f3704b0ce9c1ea9ecd4a262c8dfed20a450b8c56fa9786637,2024-11,Sussex Police,Sussex Police,,,No Location,,,Public order,Status update unavailable,
a8e1a22e60c2e9cfc614972fee8bded2915f5e3b9649fbeac705030b12b6ebe3,2024-11,Sussex Police,Sussex Police,,,No Location,,,Public order,Status update unavailable,
4bea5c6e78bde275b6b8f966942608e13d336f211c028e90807c57751d79257b,2024-11,Sussex Police,Sussex Police,,,No Location,,,Public order,Unable to prosecute suspect,
1490da90ad9a010632b554f573e2894b088e5a4b3d13e1907ea0f2fe67ec81b8,2024-11,Sussex Police,Sussex Police,,,No Location,,,Public order,Status update unavailable,
8a4b7de09774b9f63045d4328bd6b80b5f4eef724656a2afbd57009e942791de,2024-11,Sussex Police,Sussex Police,,,No Location,,,Public order,Investigation complete; no suspect identified,
f6666a29d3ca38ab0102fca15364703174c7b91af80a3e77c80e8fee2eefc90c,2024-11,Sussex Police,Sussex Police,,,No Location,,,Public order,Status update unavailable,
76bf390fb61d66b16a6e8ab4a9645a2f100daca933359d6cbd28dd24dab6e966,2024-11,Sussex Police,Sussex Police,,,No Location,,,Public order,Unable to prosecute suspect,
2a938a76d37ad0844a974711a4380501c1657f5ff650a28a9171603f8921332f,2024-11,Sussex Police,Sussex Police,,,No Location,,,Public order,Investigation complete; no suspect identified,
2311b43f3649832d8ecef85675c1c375518f4b2fcfadfc3042fdb629d93518f2,2024-11,Sussex Police,Sussex Police,,,No Location,,,Public order,Unable to prosecute suspect,
809241c37d0dd23338a9c151040715629eb5743d3f673d7c80908726d55b10c5,2024-11,Sussex Police,Sussex Police,,,No Location,,,Public order,Unable to prosecute suspect,
58ef69df2f0eb807651f3f6b51c5f717759b132f3e9786cf7ce6b12e792a227d,2024-11,Sussex Police,Sussex Police,,,No Location,,,Public order,Action to be taken by another organisation,
93f8d2a7b65a89b272ff7060245390569c4a8fdb6db685dfdc353d86b949aeaa,2024-11,Sussex Police,Sussex Police,,,No Location,,,Public order,Unable to prosecute suspect,
b0877d237222c11fab4ca0669e51e41c9f035889bb1ef6bd45c6fa59e1c2e1f8,2024-11,Sussex Police,Sussex Police,-6.339279,54.833107,On or near ,,,Public order,Investigation complete; no suspect identified,
9b7f79de45c647001d67b0e377b2b14bc011260674a8f0139ee14d9b550eb8e7,2024-11,Sussex Police,Sussex Police,,,No Location,,,Public order,Status update unavailable,
66eac732f2ead335fc7112915afb1ff41f3b6e0bc6492ff3b4011c6bd135b6ef,2024-11,Sussex Police,Sussex Police,,,No Location,,,Public order,Investigation complete; no suspect identified,
8c95ba8e664ae1ce7d38be3eeaf94906c911aa5ba0a32433c30c32cb732030ff,2024-11,Sussex Police,Sussex Police,,,No Location,,,Public order,Court result unavailable,
99fb9a910f753e1a6c6c8ecc1062b7b92d3d2e1c2fc3f37663c503182f4a6e53,2024-11,Sussex Police,Sussex Police,,,No Location,,,Public order,Investigation complete; no suspect identified,
f7f6c68065b5774bf99254ee63e9951709f9c9de312908dfcd2f397f7c997a65,2024-11,Sussex Police,Sussex Police,,,No Location,,,Public order,Investigation complete; no suspect identified,
7778de8eafd2a897d7c1e4e1cc753fedb7c557cdebf85859f32ae44f84f33957,2024-11,Sussex Police,Sussex Police,,,No Location,,,Public order,Further investigation is not in the public interest,
3a13dc68b94c3e129d8f708217ac331aec69618ae6487f5c3662e1768cda474c,2024-11,Sussex Police,Sussex Police,,,No Location,,,Public order,Court result unavailable,
abff492ad6badefe966afa40f7d98e69bd8d2b7d568afc1986e177b15fe52bd5,2024-11,Sussex Police,Sussex Police,,,No Location,,,Public order,Unable to prosecute suspect,
93285a8969073bd1791e65c6d8af65ab20d08aa9c40cfd56b94e96d67d5a4958,2024-11,Sussex Police,Sussex Police,,,No Location,,,Public order,Status update unavailable,
33492d622ca2af53c6a68a3af47adb6be03dd248dfa5fbd7398ee3e6f95fdf56,2024-11,Sussex Police,Sussex Police,,,No Location,,,Public order,Status update unavailable,
1ab2c58ef97027d12b6c18e113e65aae2abf2f2e94368f7f79b510242b986390,2024-11,Sussex Police,Sussex Police,,,No Location,,,Public order,Investigation complete; no suspect identified,
7d7ce7e300e0fa8800bcaaacc4430e4f77f798cd71d7e48a603f65bae3ee530d,2024-11,Sussex Police,Sussex Police,,,No Location,,,Public order,Investigation complete; no suspect identified,
d18b0b5d192cfb2500777daa225f004bc5d955500a06b677eacf26cc48b4080c,2024-11,Sussex Police,Sussex Police,,,No Location,,,Public order,Court result unavailable,
96ef7a9063427e429530c2690828b7f5b22b6d69f46bdc84a61bf23df18a1843,2024-11,Sussex Police,Sussex Police,,,No Location,,,Public order,Court result unavailable,
0d68bf7f86862d457e6399f740c36f40c37373ccae90b22f3fded228d57a4336,2024-11,Sussex Police,Sussex Police,,,No Location,,,Public order,Status update unavailable,
98e6212039bb960a9d62df56299f5e7c888e9ef20ee77f29b018cd1ea426bfba,2024-11,Sussex Police,Sussex Police,,,No Location,,,Public order,Status update unavailable,
a2d22583332e6aa4da68013a9529960bda16bcc2715d3c864d5aa57ab8cb4281,2024-11,Sussex Police,Sussex Police,,,No Location,,,Public order,Unable to prosecute suspect,
30e2a62f9b3cf01c74deab33e2ee7f683ebb08b041afc8cc9a9d5dd684eb64f1,2024-11,Sussex Police,Sussex Police,,,No Location,,,Public order,Unable to prosecute suspect,
c06a5f271cf54bc4a63aef98bb279b7e01d9d36fc2fe8234218fff72fb8c9181,2024-11,Sussex Police,Sussex Police,,,No Location,,,Public order,Unable to prosecute suspect,
282b5c95f843e874dec3260cd4d8c23db266d945a26232a82c92574ead15cae8,2024-11,Sussex Police,Sussex Police,,,No Location,,,Public order,Status update unavailable,
79dee22b403de2b0b23f691fa498e2dbb931eb2e14eae8db52bc9e3c2d63aafd,2024-11,Sussex Police,Sussex Police,,,No Location,,,Public order,Unable to prosecute suspect,
ee81e9cc079c6859013beee51525a2cf53d9f4fadb9b4c3222c768bd5fd20106,2024-11,Sussex Police,Sussex Police,,,No Location,,,Public order,Unable to prosecute suspect,
b1aa1044204c43a9702b51bd35f15c4ab5b5455b33c6a341a208439676d958e1,2024-11,Sussex Police,Sussex Police,,,No Location,,,Public order,Unable to prosecute suspect,
14a3098a333e071a926f58e4576b015061a43e71d90e8ac8714e49ae7882da81,2024-11,Sussex Police,Sussex Police,,,No Location,,,Public order,Unable to prosecute suspect,
71966552734c3ce155a03ae8c09efb7d5530fe3d74a1625c089a9d518e343a50,2024-11,Sussex Police,Sussex Police,,,No Location,,,Public order,Investigation complete; no suspect identified,
650220352add7fd95e341555ae80ea0ae7dd2d535033f2fb1620ab95215705cb,2024-11,Sussex Police,Sussex Police,,,No Location,,,Public order,Investigation complete; no suspect identified,
d8b2b994bfb4532f8d2daf307cfddf55a7f67820acbaf792a9054b4a64a94eda,2024-11,Sussex Police,Sussex Police,,,No Location,,,Public order,Unable to prosecute suspect,
fd1ede20c9730430666fba335731ae87ed83c9d2868da09837da798721b662bc,2024-11,Sussex Police,Sussex Police,,,No Location,,,Public order,Unable to prosecute suspect,
20f69e4ab3adca85f3751e7ea2d5c26ec5dc1c0a02c4739b01167dbd0d39ca35,2024-11,Sussex Police,Sussex Police,,,No Location,,,Public order,Local resolution,
ee9de916ad189698df396a6c6cf5a369d56e9f26231837baf11b3501f4b34dd4,2024-11,Sussex Police,Sussex Police,,,No Location,,,Public order,Unable to prosecute suspect,
470f412a2323d0e225bef1c690e4e01e61568543b78b2acdf7c55550e509b5d7,2024-11,Sussex Police,Sussex Police,,,No Location,,,Public order,Status update unavailable,
a056f29a5d0ec6a4d27fe54c7f306887e8346a1ce14f00014bee994ba34ba422,2024-11,Sussex Police,Sussex Police,,,No Location,,,Public order,Status update unavailable,
4b91f4f247d63792fb53bcdafe0b1b9f86c437befd6726c7ead338b0a12a6a73,2024-11,Sussex Police,Sussex Police,,,No Location,,,Public order,Investigation complete; no suspect identified,
08e5fa0c6ae75c6cfc9a253bc2e508147e52c177eb862658fdc4e4bfc68890f3,2024-11,Sussex Police,Sussex Police,,,No Location,,,Public order,Unable to prosecute suspect,
0da3f40af9d9a317d5d11b94f1f24d19df5611a603aaa6e72a9a889bfb712e68,2024-11,Sussex Police,Sussex Police,,,No Location,,,Public order,Local resolution,
e05a7f36067f5166238073d7d03672ceace999afd16fc90c810089c1c8deb62a,2024-11,Sussex Police,Sussex Police,,,No Location,,,Public order,Investigation complete; no suspect identified,
982ff397b3985ce8b27b95630554750da04e3f89864302c90cf991bc9180a6a2,2024-11,Sussex Police,Sussex Police,,,No Location,,,Public order,Court result unavailable,
7106466503b4d3726177080f368d9b3c332e43002325fb3f36a66f8de1e8362a,2024-11,Sussex Police,Sussex Police,,,No Location,,,Robbery,Court result unavailable,
8413ba10dbda2517b94f26c859c39a4df5cb4d38d8fa19b5b78511d13bb4f517,2024-11,Sussex Police,Sussex Police,,,No Location,,,Robbery,Status update unavailable,
d6604db7f1bb32cc6298d4547583d9c58f5f43908aee5b853615f47f3ada304b,2024-11,Sussex Police,Sussex Police,,,No Location,,,Robbery,Investigation complete; no suspect identified,
1839039563bd3ebb8c960301db7e4e980ee49cef07e6a77de760ee131adba604,2024-11,Sussex Police,Sussex Police,,,No Location,,,Robbery,Investigation complete; no suspect identified,
1750c85b5f156a707488a73648d88ab57679853477ff426a87d8113de8cf686a,2024-11,Sussex Police,Sussex Police,,,No Location,,,Robbery,Investigation complete; no suspect identified,
5af727b94ebd621a692cd276d5c45af99cc810116cb76f8b13d24f2fb74f9a0f,2024-11,Sussex Police,Sussex Police,,,No Location,,,Robbery,Unable to prosecute suspect,
313acb161af3eae87ab6569441726be06c9d1906e24c962d4fbf4552f7e054d8,2024-11,Sussex Police,Sussex Police,-6.005104,54.585701,On or near Upper Springfield Road,,,Shoplifting,Local resolution,
355e4eb6246665eba7557c156538758ada18ae1e884700df312f3f44823c6fbb,2024-11,Sussex Police,Sussex Police,,,No Location,,,Shoplifting,Unable to prosecute suspect,
e7857d44653c5af5963cb2d66495c36deadd1b3ce376c738b50f2c82ee306dab,2024-11,Sussex Police,Sussex Police,,,No Location,,,Shoplifting,Investigation complete; no suspect identified,
1c7c088809d4c87e1b2faa5e9a8a1af4510372ead2b74199c6a603c13a6c51f4,2024-11,Sussex Police,Sussex Police,,,No Location,,,Shoplifting,Investigation complete; no suspect identified,
aa830b098e413e191771603f0af751f7785d2bc9539ba5f03bd8a29081ebf118,2024-11,Sussex Police,Sussex Police,,,No Location,,,Shoplifting,Court result unavailable,
dfbf7f5d6a14dfd8043c79809990b09d808c8440d08f3c8dabf9df0689f3ce9d,2024-11,Sussex Police,Sussex Police,,,No Location,,,Shoplifting,Investigation complete; no suspect identified,
99d40b467ada7d7b48afb21b29a58e57695f83da1a283aa618fd4b32f4b0e117,2024-11,Sussex Police,Sussex Police,,,No Location,,,Shoplifting,Investigation complete; no suspect identified,
a0116169a47f1c9f877fac285d266df6c621f9222e698b44e45af2b6f333da1b,2024-11,Sussex Police,Sussex Police,,,No Location,,,Shoplifting,Investigation complete; no suspect identified,
dd540c4d1ff24ec79142140cd3f6c7e75d8de0bd033073f93e8bf2112da6d7ad,2024-11,Sussex Police,Sussex Police,,,No Location,,,Shoplifting,Investigation complete; no suspect identified,
6de33a450a1d5b47dcf7b3ae478e7f65aeec9302b51425a6ca362c7175d24be8,2024-11,Sussex Police,Sussex Police,,,No Location,,,Shoplifting,Investigation complete; no suspect identified,
3ab9b91e30aae42a0c30be1c1b3e27cde06e648914eb78e00378143fdba9a558,2024-11,Sussex Police,Sussex Police,,,No Location,,,Shoplifting,Unable to prosecute suspect,
cd500b6a7d1116eb71959779e4884e87e7f433717ced0cf2e145d91509bfaf3d,2024-11,Sussex Police,Sussex Police,,,No Location,,,Shoplifting,Investigation complete; no suspect identified,
3b199333c4693fdd10ea9c3d59a0ec883eb2caa5653ef998b5af6eeb0e80417f,2024-11,Sussex Police,Sussex Police,,,No Location,,,Shoplifting,Unable to prosecute suspect,
ac9a9da15d78dce8a3470f8dda3c80d4dbbe3a0893267315126a606f70fb5c3b,2024-11,Sussex Police,Sussex Police,,,No Location,,,Shoplifting,Unable to prosecute suspect,
eec707c516051aaa65bea03eec734768e17ece236f1818fdbc487cf3b949ea45,2024-11,Sussex Police,Sussex Police,,,No Location,,,Shoplifting,Unable to prosecute suspect,
336a02b1975c9108656e0a5466ebe5cf9e921fefcfb1b04b9136f0fe86578372,2024-11,Sussex Police,Sussex Police,,,No Location,,,Shoplifting,Investigation complete; no suspect identified,
1c165dd5151cf18c49e95aa67c9da98ab28c19748f95430f982e2581300d7d1e,2024-11,Sussex Police,Sussex Police,,,No Location,,,Shoplifting,Investigation complete; no suspect identified,
ea8c6dd0d72662ac8ac4ad7b499e6eaf4c4f1a5ba74f68d84e2e9098a5c9217d,2024-11,Sussex Police,Sussex Police,,,No Location,,,Shoplifting,Local resolution,
fac6b38e7e2a33bb9a7a386d79f5363e7bb69051c64d294b4387244cc5cafc37,2024-11,Sussex Police,Sussex Police,,,No Location,,,Shoplifting,Local resolution,
78b354844c53521e5ea2ceef896116120be6aece5eca414e6060b5c7abf6f434,2024-11,Sussex Police,Sussex Police,,,No Location,,,Shoplifting,Local resolution,
549be199db92d3b42d6dcf5874736b061a79e954eda1c17afbd2e62831e09fc7,2024-11,Sussex Police,Sussex Police,,,No Location,,,Shoplifting,Local resolution,
8c5e9f33178fd8ce3acc3dfce7171cbd247cba3adc3c0e4f7faa5c0c894483c8,2024-11,Sussex Police,Sussex Police,,,No Location,,,Shoplifting,Investigation complete; no suspect identified,
e0270072cd9b8b69115d285965aeab7fcabdb4070567afe0893dd22dbc1e0173,2024-11,Sussex Police,Sussex Police,,,No Location,,,Shoplifting,Investigation complete; no suspect identified,
3fbc69272c26d5e1c14759d00348c26c41c6f481fe2c949325aa444eed5cf000,2024-11,Sussex Police,Sussex Police,,,No Location,,,Shoplifting,Unable to prosecute suspect,
e6ed4543f2631dbe758a1f542a80fc2cd7e0e16bcc13483d9b915a769368cea5,2024-11,Sussex Police,Sussex Police,,,No Location,,,Shoplifting,Unable to prosecute suspect,
b09851f2fd6b761b17e6adb76f69fa3524c517425ab0a0b1e49010d411e85f78,2024-11,Sussex Police,Sussex Police,,,No Location,,,Shoplifting,Investigation complete; no suspect identified,
18a6b96daeca05cb9ac20b623c05d0a0b37318eb8df278c37cf8c4cca25543f5,2024-11,Sussex Police,Sussex Police,,,No Location,,,Shoplifting,Investigation complete; no suspect identified,
01ab7b927ae0b67f64d5f3a8ab76364c1bbcbbbce183f6942283c1d52a05ea21,2024-11,Sussex Police,Sussex Police,,,No Location,,,Shoplifting,Status update unavailable,
38c0a9b33d98593fb62e59dcb427169a9759b7b36ec7dcdd2c7700e07d6b8c4e,2024-11,Sussex Police,Sussex Police,,,No Location,,,Shoplifting,Investigation complete; no suspect identified,
48d106ae102af85ea6ad7dd08b6df1f0e0c122004248b1fa4f29fc4a203a98a9,2024-11,Sussex Police,Sussex Police,,,No Location,,,Shoplifting,Investigation complete; no suspect identified,
5911925fa49f5e1d20073152f6ad21ea1541f6c3dc8b57c821dbddb6dee7d5fb,2024-11,Sussex Police,Sussex Police,,,No Location,,,Shoplifting,Investigation complete; no suspect identified,
a53b0b275338f02cd4a08938cdf40c912f5e999354c89863b08eac0ddad4b039,2024-11,Sussex Police,Sussex Police,,,No Location,,,Shoplifting,Unable to prosecute suspect,
7f25236fb738b3c90423701eb1c61c6d5fe3d9f22bf5b6d14a980dfc3da0c615,2024-11,Sussex Police,Sussex Police,,,No Location,,,Shoplifting,Investigation complete; no suspect identified,
af2b9c9e5f49a29273492863318b3d24253e969639473c6fce0bd261aa8be190,2024-11,Sussex Police,Sussex Police,,,No Location,,,Shoplifting,Court result unavailable,
6d82c1f10a2d2b12db33816a068de7330267f597fdd4c507fdaf618a5866efa9,2024-11,Sussex Police,Sussex Police,,,No Location,,,Shoplifting,Local resolution,
dfa54c3380d83fe667f628d1509850e8ce931f52fd9da91b854ffbf389f316e8,2024-11,Sussex Police,Sussex Police,,,No Location,,,Shoplifting,Investigation complete; no suspect identified,
0b58cfc566b90fd583e62fcf8886c31946e57375cfd82da5852478531778de62,2024-11,Sussex Police,Sussex Police,,,No Location,,,Shoplifting,Investigation complete; no suspect identified,
cb2a5d3228127fa99a2cb5cfd8ec90d31556c9a276365902ff09289f92c44e58,2024-11,Sussex Police,Sussex Police,,,No Location,,,Shoplifting,Investigation complete; no suspect identified,
78df9bf3eb4fbff471ce4a7b9410d76219be0bc9dd8627ec1564398ffe6dfb83,2024-11,Sussex Police,Sussex Police,,,No Location,,,Shoplifting,Unable to prosecute suspect,
86b8ecb281e48d95a8535587f3bac0943a882226cc82d1400f73f4ffc5bb948d,2024-11,Sussex Police,Sussex Police,,,No Location,,,Shoplifting,Investigation complete; no suspect identified,
1e6e9f3f191180c6192bdc3ff4f54c51c45b4dac563307a185cb011398b8a783,2024-11,Sussex Police,Sussex Police,,,No Location,,,Shoplifting,Investigation complete; no suspect identified,
751de18e382238c0ccab1ed6eb6b886493fd5aae98c2924c3ed6e740d8f38b15,2024-11,Sussex Police,Sussex Police,,,No Location,,,Shoplifting,Status update unavailable,
f98ea5d574ad9aa51fc6fdc0643d1be613d19794c8c84c079f2cb44e27fa2686,2024-11,Sussex Police,Sussex Police,,,No Location,,,Shoplifting,Investigation complete; no suspect identified,
073a9f2b7218f18e7c89fe8ddd249aa9e81d1944ca295239c36de09cb2b09601,2024-11,Sussex Police,Sussex Police,,,No Location,,,Shoplifting,Investigation complete; no suspect identified,
ea9c61fc356606fef14d67358466b77362d22983754cc532bb86e77232ba0157,2024-11,Sussex Police,Sussex Police,,,No Location,,,Shoplifting,Local resolution,
d57a6c85731377bfc63df72f672e513c1e683e2cf72bb89833fac62d3df39ccf,2024-11,Sussex Police,Sussex Police,,,No Location,,,Shoplifting,Status update unavailable,
27fbe9bdee1a7c31385270cd5c315b80e766f2428dfc01a4b2e7e46165bcc5cf,2024-11,Sussex Police,Sussex Police,,,No Location,,,Shoplifting,Unable to prosecute suspect,
6cf01367594cd4e46e082e8d11ef1f8b1334a82b2e48c7106796f7fa32cac064,2024-11,Sussex Police,Sussex Police,,,No Location,,,Shoplifting,Unable to prosecute suspect,
9ea00246ff409e5c3393275ac96df12f1eb461fb492518522aa9736c943c7bff,2024-11,Sussex Police,Sussex Police,,,No Location,,,Shoplifting,Court result unavailable,
49232873451ba19f2136791eebe61aa089c0db66ef5d8342a609b62c315e8654,2024-11,Sussex Police,Sussex Police,,,No Location,,,Theft from the person,Investigation complete; no suspect identified,
92ab6f44426aec19faab452d043eb8e14975e0c691920fd3e672899af2d0e893,2024-11,Sussex Police,Sussex Police,,,No Location,,,Theft from the person,Investigation complete; no suspect identified,
849ed28fcd392e58ea61dd53866b36f9005a7b99d31ada0b227b5a54a53694ea,2024-11,Sussex Police,Sussex Police,,,No Location,,,Theft from the person,Investigation complete; no suspect identified,
8163a9e6405d9d10832fa60d97ae6c4941c5768c349be87a9ae51bbde938c443,2024-11,Sussex Police,Sussex Police,,,No Location,,,Theft from the person,Investigation complete; no suspect identified,
b610a6d60d7f07c24a213a83a39fbedb95072ce8ea56b05a51173c07007fd00b,2024-11,Sussex Police,Sussex Police,,,No Location,,,Theft from the person,Investigation complete; no suspect identified,
e2c8601d0458afbe0444bc6ef216130f600a986385dc12b1418246eecc9797d6,2024-11,Sussex Police,Sussex Police,,,No Location,,,Theft from the person,Investigation complete; no suspect identified,
f98bb6beed1693aa69eb298500d8af9553dd15e59248a99a677a0121e4cb886b,2024-11,Sussex Police,Sussex Police,,,No Location,,,Theft from the person,Investigation complete; no suspect identified,
1833a42ff42284b9436c6d2a6253941d71f38d79bacf4eadb21d4b41c5f15c3a,2024-11,Sussex Police,Sussex Police,,,No Location,,,Theft from the person,Status update unavailable,
4f91f19669913349afc961b16552b9de46e20035ac689b0724d3c48e455c3247,2024-11,Sussex Police,Sussex Police,,,No Location,,,Theft from the person,Status update unavailable,
01d25a858a24a6e10c0cffbe9f00a8d91632dbdb554e29937cc92b82805bb358,2024-11,Sussex Police,Sussex Police,,,No Location,,,Theft from the person,Status update unavailable,
33a5d04aed63e753bbf6a8613844adfa4fc54161d1c4343ba4f89c982f752eb2,2024-11,Sussex Police,Sussex Police,,,No Location,,,Theft from the person,Investigation complete; no suspect identified,
a3f79c11fb6b255b9abb220c09cb4b2ab54cd612f63df891cbfef87b99977065,2024-11,Sussex Police,Sussex Police,,,No Location,,,Theft from the person,Investigation complete; no suspect identified,
4f0e7319ff3f85a93e8d37f46fd23238b47b8752e18aa503e437e61b6725fa48,2024-11,Sussex Police,Sussex Police,,,No Location,,,Theft from the person,Investigation complete; no suspect identified,
fb72acbcbdd1a9cdf6e6050de64854304581eb80fe9310aabe05ca29b6eb889d,2024-11,Sussex Police,Sussex Police,,,No Location,,,Vehicle crime,Investigation complete; no suspect identified,
d1caed1d1c9d84aad893b342220644bf73d7e9a1443826a78be53d47b91cd202,2024-11,Sussex Police,Sussex Police,,,No Location,,,Vehicle crime,Investigation complete; no suspect identified,
c9a8564854360f4795ea73fc60058a03212e3632855f18b7874bacfffdb26b64,2024-11,Sussex Police,Sussex Police,,,No Location,,,Vehicle crime,Unable to prosecute suspect,
db1e9386d2b1c131fe7540e9f9a765588aa95853bf4cb8b84ae548de96c17c6d,2024-11,Sussex Police,Sussex Police,,,No Location,,,Vehicle crime,Investigation complete; no suspect identified,
5579d62dc3aaa57f081cb683538532ae9b683136df7ca4931c61f4900b5646c2,2024-11,Sussex Police,Sussex Police,,,No Location,,,Vehicle crime,Investigation complete; no suspect identified,
548b9453c8ed031a68dae8599a4f85cf977b49f76b89f92be6a88a7f2e4dcc32,2024-11,Sussex Police,Sussex Police,,,No Location,,,Vehicle crime,Unable to prosecute suspect,
cf854df11228f220665064e0990a0a52cf091086993caf49e5d4fbbf837918e3,2024-11,Sussex Police,Sussex Police,,,No Location,,,Vehicle crime,Investigation complete; no suspect identified,
12bd2ece5de2b4288e026f6123f3421c5e831154606cdb65b00577ed88469fc4,2024-11,Sussex Police,Sussex Police,,,No Location,,,Vehicle crime,Status update unavailable,
14e6caeda9042b985841e4817c5e4f7e29981f4ec90039a8ffb9b3f0cccf9e8a,2024-11,Sussex Police,Sussex Police,,,No Location,,,Vehicle crime,Investigation complete; no suspect identified,
5c760e803d502bacd038ee03651f2c8ea9ff3770236d334a54a4366f518f5e4f,2024-11,Sussex Police,Sussex Police,,,No Location,,,Vehicle crime,Investigation complete; no suspect identified,
b66720b2f3d22caa973be593ff89ed0f018100cf4e10c5b7bd6d54623fcce462,2024-11,Sussex Police,Sussex Police,,,No Location,,,Vehicle crime,Unable to prosecute suspect,
5bb6b350a3046c92492031779864de8d05a6a3b81ac7fdd89dc0b77d9110c8cd,2024-11,Sussex Police,Sussex Police,,,No Location,,,Vehicle crime,Status update unavailable,
17b0d638567548c15052c7d7c69606d263b6db9b339de7cd2e51b18719a90aaa,2024-11,Sussex Police,Sussex Police,,,No Location,,,Vehicle crime,Investigation complete; no suspect identified,
5cf13cacc7af9caa78e311dec0863f3f9a01128a07cd487bd3bba8b1364971d4,2024-11,Sussex Police,Sussex Police,,,No Location,,,Vehicle crime,Investigation complete; no suspect identified,
ae4fff337e0f85b2df7b77859b8203812bc70da2acf1455d493ad8353036ef66,2024-11,Sussex Police,Sussex Police,,,No Location,,,Vehicle crime,Investigation complete; no suspect identified,
45cbb0c8d956831c1b7fb75a904ee8721cd67201a9ca8fefca05dabd7927aa1f,2024-11,Sussex Police,Sussex Police,,,No Location,,,Vehicle crime,Unable to prosecute suspect,
28055c6143f67bd3ef3acc7afaf8b16a8eca18aa7d1e1aec2c6ebbb797d5b9b9,2024-11,Sussex Police,Sussex Police,,,No Location,,,Vehicle crime,Status update unavailable,
aa301fa3f1d1c5b9ffb488c55d1b3071337b632ccc0e92f62d9a6d56de659439,2024-11,Sussex Police,Sussex Police,,,No Location,,,Vehicle crime,Status update unavailable,
a6e86d96eb541a1c3cb1256968b7afddbd80b9d245df196383424e434d17641a,2024-11,Sussex Police,Sussex Police,,,No Location,,,Vehicle crime,Investigation complete; no suspect identified,
4458aaa2991b4f22c7e7cd95587cdc2e9de1bde7c93843075c7e68eecfb25d63,2024-11,Sussex Police,Sussex Police,,,No Location,,,Vehicle crime,Status update unavailable,
0a9bcdd2298d748c74fae75a7275cca05ca664494765aa90e51109716aafeb7e,2024-11,Sussex Police,Sussex Police,,,No Location,,,Vehicle crime,Investigation complete; no suspect identified,
cc1ee928509458abde6361559c56c4c158a43736657ff501402c6e273aefae32,2024-11,Sussex Police,Sussex Police,,,No Location,,,Vehicle crime,Unable to prosecute suspect,
1152516bbf1b5b8e5cf164397325feb8076fea0933cda757d80a56bcc8e85409,2024-11,Sussex Police,Sussex Police,,,No Location,,,Vehicle crime,Investigation complete; no suspect identified,
32dbb1e7581596f34b88c949345374c5c8e8d5e6a2a34d2775ece9496b3e9671,2024-11,Sussex Police,Sussex Police,,,No Location,,,Vehicle crime,Investigation complete; no suspect identified,
3b12058e8538d2b27095e25aec9b39f457f80e879bb26e46d33012f1cc6391d8,2024-11,Sussex Police,Sussex Police,,,No Location,,,Vehicle crime,Unable to prosecute suspect,
3a645ad1661b727c644da60076f71c517ed3c84986753ef4bc5b5d16a2762d98,2024-11,Sussex Police,Sussex Police,,,No Location,,,Violence and sexual offences,Unable to prosecute suspect,
0d508cafbf098c1bd897a119b1f8165e92cf49302ca46b8fc08b8f51908f06ec,2024-11,Sussex Police,Sussex Police,,,No Location,,,Violence and sexual offences,Unable to prosecute suspect,
28b2419057219feded8c6956eaef378aa311c108e33601837450ee8716bdb53d,2024-11,Sussex Police,Sussex Police,,,No Location,,,Violence and sexual offences,Investigation complete; no suspect identified,
2a8f097927a4fcb3c809630736d6a96d09c9368caf9306094905d4c39c16cc03,2024-11,Sussex Police,Sussex Police,,,No Location,,,Violence and sexual offences,Investigation complete; no suspect identified,
8678dc5267e9c39d187ba822de2cfaaadf303cc1f20c4a02c3c8ce88d1672860,2024-11,Sussex Police,Sussex Police,,,No Location,,,Violence and sexual offences,Unable to prosecute suspect,
8b86c681778381214b40164601d15e54f77ccd3524ef7b5a2ecbbf6bae748a9d,2024-11,Sussex Police,Sussex Police,,,No Location,,,Violence and sexual offences,Status update unavailable,
1fb8a05faa5bcd42dc03d16cb78fd83b4adf02e175499dc8ca8ba5d405c749ce,2024-11,Sussex Police,Sussex Police,,,No Location,,,Violence and sexual offences,Status update unavailable,
b6ee119f5e7ef8a5944ad14b34916e056c6a6297838064afaff2b048c3f95778,2024-11,Sussex Police,Sussex Police,,,No Location,,,Violence and sexual offences,Investigation complete; no suspect identified,
3f192324130a175640fb0e5675ca0e0c47f091daff60da941276383cca11f991,2024-11,Sussex Police,Sussex Police,,,No Location,,,Violence and sexual offences,Unable to prosecute suspect,
24cba089c96997674f6eee0c42acc024d141db47e8646c76c4f8422e90216231,2024-11,Sussex Police,Sussex Police,,,No Location,,,Violence and sexual offences,Unable to prosecute suspect,
0f7c1e12aa2a39789b2f368940367aac610c08409df4933c653cea124800c4d6,2024-11,Sussex Police,Sussex Police,,,No Location,,,Violence and sexual offences,Status update unavailable,
e36a238219d56af4608df4507903eaebc7c51360a7ad3d03cc7adef793f0889e,2024-11,Sussex Police,Sussex Police,,,No Location,,,Violence and sexual offences,Investigation complete; no suspect identified,
440f6d874c9e19e3f0ab81102bb08bac99139e7fd694b299d4fb610b4fa36903,2024-11,Sussex Police,Sussex Police,,,No Location,,,Violence and sexual offences,Unable to prosecute suspect,
66cfe21fef8eb9658c803cc68655e5ce391cad3fe2851f8b3acd9299bc34f25f,2024-11,Sussex Police,Sussex Police,,,No Location,,,Violence and sexual offences,Unable to prosecute suspect,
c76efb25630bedf08091bc11d3d7d1d44583938c5443218866ca0e2c9e32cbf0,2024-11,Sussex Police,Sussex Police,,,No Location,,,Violence and sexual offences,Status update unavailable,
c8a5b64520108560a20cdc94db123bae3c462b6ca9b8571152ca874b15a5a4de,2024-11,Sussex Police,Sussex Police,,,No Location,,,Violence and sexual offences,Unable to prosecute suspect,
ff53592b762ca76be43af1751061ab42404354c89b314ea098104766ee495355,2024-11,Sussex Police,Sussex Police,,,No Location,,,Violence and sexual offences,Unable to prosecute suspect,
c1c6a2f78561ff8113f2fafe72d1f16f12bf69dadea4d2bdfd8322ac84b49cd9,2024-11,Sussex Police,Sussex Police,,,No Location,,,Violence and sexual offences,Unable to prosecute suspect,
b3bc5d6978a91806055e9914b91e258d0d0a5b3577cb9d7febba3b4d1e464703,2024-11,Sussex Police,Sussex Police,,,No Location,,,Violence and sexual offences,Court result unavailable,
7315e12317185c427d51f587e0c08bdf02af591f065b5f94bead72e07701014d,2024-11,Sussex Police,Sussex Police,,,No Location,,,Violence and sexual offences,Action to be taken by another organisation,
347e13cb1594da744cfb89ae5fd3ae7ee222667416204f551155eec0562e7df2,2024-11,Sussex Police,Sussex Police,,,No Location,,,Violence and sexual offences,Unable to prosecute suspect,
adebdeca7f38015ae8e5811803715044869277cd1efd042bd1c33101b638b0db,2024-11,Sussex Police,Sussex Police,,,No Location,,,Violence and sexual offences,Status update unavailable,
2d6faeb42d8cbe9e7dd606bcbe8dd6fdafb527133751c03373b5f8a7578b602a,2024-11,Sussex Police,Sussex Police,,,No Location,,,Violence and sexual offences,Unable to prosecute suspect,
b1afc0a8f8ccacef7944fcadbd2831a787c39cfeceb8a54fad12d9ae9a6f6271,2024-11,Sussex Police,Sussex Police,,,No Location,,,Violence and sexual offences,Investigation complete; no suspect identified,
d7b4688bca8f8d3b822478a99cd420a474bdba2899394a3dd1261b7fa75ae58c,2024-11,Sussex Police,Sussex Police,,,No Location,,,Violence and sexual offences,Status update unavailable,
4f386d1e09ff8338e9e7dbdeeea44bde17046f7f49a82a0323a531bdc1e035a0,2024-11,Sussex Police,Sussex Police,,,No Location,,,Violence and sexual offences,Unable to prosecute suspect,
de839726abdce7aa7b8f52bcf66d1cb7a16c3f91e89930b38e1574544f394021,2024-11,Sussex Police,Sussex Police,,,No Location,,,Violence and sexual offences,Unable to prosecute suspect,
64a10262f34a43bebabeef1f8710da65ad551401d9492f83df4a4bea53d3a8f5,2024-11,Sussex Police,Sussex Police,,,No Location,,,Violence and sexual offences,Status update unavailable,
890b6b4294ee1dbd21780b5b47940ff2ad4bf75f4cd354c36d5dce61d70c8e9c,2024-11,Sussex Police,Sussex Police,,,No Location,,,Violence and sexual offences,Status update unavailable,
ef27ac8349e81a0f697dbb0abec5ca64c1010ad9bf6ef0277e099c767c4da808,2024-11,Sussex Police,Sussex Police,,,No Location,,,Violence and sexual offences,Investigation complete; no suspect identified,
91d77fd06afa599b1cb4f4b6af35dc58d44594a787716fb095696276e07a7b08,2024-11,Sussex Police,Sussex Police,,,No Location,,,Violence and sexual offences,Status update unavailable,
420672fb088db53c27ed79955b4db9b8bbf50d0b60ba168ba6e07e1aebf5e206,2024-11,Sussex Police,Sussex Police,,,No Location,,,Violence and sexual offences,Investigation complete; no suspect identified,
8cba0e3278f4bfae08970d0f78aed3aae3abf331a8f97829d6873b8aecfb6252,2024-11,Sussex Police,Sussex Police,,,No Location,,,Violence and sexual offences,Status update unavailable,
98493f54acb99ba729c3b0973e12b9a0a63156a6dfc17c6b6cf7b6a84f2cbf74,2024-11,Sussex Police,Sussex Police,,,No Location,,,Violence and sexual offences,Status update unavailable,
0c9e908b7e4f7cafcf2c51c8cfbcb42c9cef7b80aae67e71fd7e2bece1b88eba,2024-11,Sussex Police,Sussex Police,,,No Location,,,Violence and sexual offences,Unable to prosecute suspect,
8b7fb2bab3f90ee6471145363f9ad1b2163a9517871c0f671f5ba3507bbeef64,2024-11,Sussex Police,Sussex Police,,,No Location,,,Violence and sexual offences,Unable to prosecute suspect,
b9e37c8036442e6a09a339c48071a9ea76e6b90664dddcb7d6e19f70fb4dbdc8,2024-11,Sussex Police,Sussex Police,,,No Location,,,Violence and sexual offences,Unable to prosecute suspect,
42995f7a493625d1a0041b200ef789336f39f0ac5edd349cc256632e5e53ed02,2024-11,Sussex Police,Sussex Police,,,No Location,,,Violence and sexual offences,Unable to prosecute suspect,
1bf16f4f9d131c104c4dfb8c0f2d14b3a6edeb1442c16cb9d63657842a56ca74,2024-11,Sussex Police,Sussex Police,,,No Location,,,Violence and sexual offences,Status update unavailable,
bf9556546211dad0a64378fd6b5979a3fe954466cfb5f93f64df67837634e721,2024-11,Sussex Police,Sussex Police,,,No Location,,,Violence and sexual offences,Investigation complete; no suspect identified,
f3647056825fa3fbbc69e06cdc790dce2c9c8cddf0d93165a5d380859e85548a,2024-11,Sussex Police,Sussex Police,,,No Location,,,Violence and sexual offences,Action to be taken by another organisation,
cb9624de91bb29138f166a3fa481aa35be2a6942fd81c94772eb2b46dca41a2b,2024-11,Sussex Police,Sussex Police,,,No Location,,,Violence and sexual offences,Status update unavailable,
72eb1c4ad54bbba9604a29f32289a1bf18c77ec6865ec3175236ea2d3586a95f,2024-11,Sussex Police,Sussex Police,,,No Location,,,Violence and sexual offences,Unable to prosecute suspect,
eed48a9eddefa06604a3341e78ad7e8c1e0073643edd9e880cd8f050c4475fac,2024-11,Sussex Police,Sussex Police,,,No Location,,,Violence and sexual offences,Status update unavailable,
71b752683e5dc53c360256fd500d3cb4de685bfd133f98ad9f74e24a0bb24408,2024-11,Sussex Police,Sussex Police,,,No Location,,,Violence and sexual offences,Status update unavailable,
8bfcbad67a09f7aa3be56a4a7d83aa6ecae2cab9725c122cd55cc9a08b81fb1d,2024-11,Sussex Police,Sussex Police,,,No Location,,,Violence and sexual offences,Status update unavailable,
74e14718506176d829a1bc5331acd01da8e399740e3da628e286670f69af54c1,2024-11,Sussex Police,Sussex Police,,,No Location,,,Violence and sexual offences,Status update unavailable,
3c44441f14dd64036af569a2f08ee357602ebe0f506a1e88f3819274b7c07ed0,2024-11,Sussex Police,Sussex Police,,,No Location,,,Violence and sexual offences,Status update unavailable,
5a7ced7c4b96b10745b2f4404f78182dff5c233c69ab66c7649191c208095bff,2024-11,Sussex Police,Sussex Police,,,No Location,,,Violence and sexual offences,Investigation complete; no suspect identified,
f8ca58178e38678821db8165cce94e55b68c6f2a8f211d0800877818ced5913d,2024-11,Sussex Police,Sussex Police,,,No Location,,,Violence and sexual offences,Unable to prosecute suspect,
91635aa5e27299696e7258e2d31765d590113f5f8998127f6eff0bbf17f71d3a,2024-11,Sussex Police,Sussex Police,,,No Location,,,Violence and sexual offences,Status update unavailable,
00eea13c6570712d53c325c89bfbad6852488d39aedac743680360912b6cc0ed,2024-11,Sussex Police,Sussex Police,,,No Location,,,Violence and sexual offences,Status update unavailable,
4d2a524f9c9e6b6db8884aec78493b7189681c274d68ffc5b79a4f9711553998,2024-11,Sussex Police,Sussex Police,,,No Location,,,Violence and sexual offences,Unable to prosecute suspect,
02f52e3bf34922aa6912845ea870e7a4a9d05476d78bd357348a3bc93440505d,2024-11,Sussex Police,Sussex Police,,,No Location,,,Violence and sexual offences,Status update unavailable,
8a0f562ce48fe0299195b378059d4a95a66144ec8b406ee9f55696c502783c97,2024-11,Sussex Police,Sussex Police,,,No Location,,,Violence and sexual offences,Unable to prosecute suspect,
54b4fa051f7a5f0c04cbeaea3ad4b3e14517530386eeb77a2ffed7d04061b4cb,2024-11,Sussex Police,Sussex Police,,,No Location,,,Violence and sexual offences,Unable to prosecute suspect,
53d8a345a8f4d4a06531e04aeaf3bb643795006f29eae053b3bb19001a1ac8a2,2024-11,Sussex Police,Sussex Police,,,No Location,,,Violence and sexual offences,Status update unavailable,
086aa5c6569183fadc13cc37874d669342646394b1459462b0d55a292596dae5,2024-11,Sussex Police,Sussex Police,,,No Location,,,Violence and sexual offences,Unable to prosecute suspect,
e25d5e3ccc5f8d52d21e985bd390306874c34f69770364fce98ba68e06ffc668,2024-11,Sussex Police,Sussex Police,,,No Location,,,Violence and sexual offences,Investigation complete; no suspect identified,
68d46bb7adac329bfa102b63e4f61b93d6897e86ec388561d0a4d0ef70444f2e,2024-11,Sussex Police,Sussex Police,,,No Location,,,Violence and sexual offences,Unable to prosecute suspect,
73010c4d790945e7a13b189eb434e34717699f8f2c345c077edfdf4b804bd4e1,2024-11,Sussex Police,Sussex Police,,,No Location,,,Violence and sexual offences,Investigation complete; no suspect identified,
e323c809a75440d80ef1599545f994323425ba460792d40dab577f5dc1c2784f,2024-11,Sussex Police,Sussex Police,,,No Location,,,Violence and sexual offences,Status update unavailable,
6efa3fe0ac6cda36994ac48df389c68fc8350c30810efd520ea6832686862542,2024-11,Sussex Police,Sussex Police,,,No Location,,,Violence and sexual offences,Status update unavailable,
001331e750bbe2c340485da59875b312b2cf51f468986006892d454656bd0ae3,2024-11,Sussex Police,Sussex Police,,,No Location,,,Violence and sexual offences,Status update unavailable,
6d6b037dbea787e7c2154341dba80a2544d022f768c282c84a5ea66477892c29,2024-11,Sussex Police,Sussex Police,,,No Location,,,Violence and sexual offences,Unable to prosecute suspect,
20c41b7a7988a3865f74c42541576c9e3da3f184dc0aa000fe69e2fceaefae2b,2024-11,Sussex Police,Sussex Police,,,No Location,,,Violence and sexual offences,Unable to prosecute suspect,
8f36a5101127a84c70e8c2e4916670f27cfedef936a9b49c3b48089b23561d67,2024-11,Sussex Police,Sussex Police,,,No Location,,,Violence and sexual offences,Unable to prosecute suspect,
916b0234a74c2865fd60aad46c86c046ed38bfc4bbad12ca09e2a28b9d0f5bb0,2024-11,Sussex Police,Sussex Police,,,No Location,,,Violence and sexual offences,Unable to prosecute suspect,
278322f2b68a91438342e119d08915f4a2b7bf0c9875af6c7906631d7845d4eb,2024-11,Sussex Police,Sussex Police,,,No Location,,,Violence and sexual offences,Unable to prosecute suspect,
611a9901ff99d9749572369fa7848133b514eae551e52281cd67525b1ac0f6b0,2024-11,Sussex Police,Sussex Police,,,No Location,,,Violence and sexual offences,Awaiting court outcome,
ca8eed917ede9b7a66eaa3713a080edda6cd668055093483b09966bf2e3c7bc8,2024-11,Sussex Police,Sussex Police,,,No Location,,,Violence and sexual offences,Unable to prosecute suspect,
013f0608a284036a47bdf12f19d5abfe70450c42e3410be84ab309a913d9b097,2024-11,Sussex Police,Sussex Police,,,No Location,,,Violence and sexual offences,Status update unavailable,
3a4ced40dabb1403b0005451670298abc1692ea34150510f8f4fb54505ca9a60,2024-11,Sussex Police,Sussex Police,,,No Location,,,Violence and sexual offences,Investigation complete; no suspect identified,
e86b5c5b84b7f09a852d6276930a761733e4eb4e6a6213c84b4e496d1dee3d1c,2024-11,Sussex Police,Sussex Police,,,No Location,,,Violence and sexual offences,Status update unavailable,
10aac59ed9c03f78afea92389e3fc8a8daffeb63ad763fa21b6597ded7f6aa4c,2024-11,Sussex Police,Sussex Police,,,No Location,,,Violence and sexual offences,Unable to prosecute suspect,
a397d8298e7793bd81bc11a9fb0d794caac54d2d08de3a69b1cc9bbd6954ece2,2024-11,Sussex Police,Sussex Police,,,No Location,,,Violence and sexual offences,Local resolution,
d1eb89a58d16113886a06df3c15d0dcfe502035acf7e39a5f71091ce923654b5,2024-11,Sussex Police,Sussex Police,,,No Location,,,Violence and sexual offences,Status update unavailable,
ad69fc0cf782686d7e4c76466e6e70e01865de3625f96f1568fdfd9c7f0a46ac,2024-11,Sussex Police,Sussex Police,,,No Location,,,Violence and sexual offences,Unable to prosecute suspect,
60272b5572af147a4fefa1ec6561310ccef51ca3ff3bf30814ef1b43bd362271,2024-11,Sussex Police,Sussex Police,,,No Location,,,Violence and sexual offences,Unable to prosecute suspect,
3dbe75e226e398296fca81aa08bdf6d43490318687374a5d2af541a24524520b,2024-11,Sussex Police,Sussex Police,,,No Location,,,Violence and sexual offences,Status update unavailable,
1273d7074ea56d5d12bc4fc894a529087d4d3aecb1163ec7616e070eee51dfdc,2024-11,Sussex Police,Sussex Police,,,No Location,,,Violence and sexual offences,Status update unavailable,
e494eb7d8a5fbca5889e1ab73637f27f1c11bfeafeef436c769b512d5a00f1fd,2024-11,Sussex Police,Sussex Police,,,No Location,,,Violence and sexual offences,Unable to prosecute suspect,
cc42410ac72808334c866ca7899c2d8b7224ad69bfd41f22517732b9fb3a2a63,2024-11,Sussex Police,Sussex Police,,,No Location,,,Violence and sexual offences,Unable to prosecute suspect,
feefa9f26ce58f6b329849188ba253f4f5b552a3bf2f6a8653c91824e3222ca1,2024-11,Sussex Police,Sussex Police,,,No Location,,,Violence and sexual offences,Status update unavailable,
a85b3c61d087d33841d3c89e91ebb6bb3de280e92e15c6034917db67b6739bb0,2024-11,Sussex Police,Sussex Police,,,No Location,,,Violence and sexual offences,Status update unavailable,
2f710cfbbfcd73c32e9cf18f3fbbeffb89ab8568e8d5f4ee8eddae01600b9277,2024-11,Sussex Police,Sussex Police,,,No Location,,,Violence and sexual offences,Status update unavailable,
c44a5a9d1f57731b474479c6e6ad285232dcda0bd1b3c38864fe8ac03822cd1d,2024-11,Sussex Police,Sussex Police,,,No Location,,,Violence and sexual offences,Unable to prosecute suspect,
c6120fa276da7b8d2ee720e7e61f081c628e02f385bbb69f0c9ac3b75958c7a0,2024-11,Sussex Police,Sussex Police,,,No Location,,,Violence and sexual offences,Status update unavailable,
2445fc9f60ea306c66cd47bfae2db9a340e923e9b726093a3f90516d4dc567b7,2024-11,Sussex Police,Sussex Police,,,No Location,,,Violence and sexual offences,Unable to prosecute suspect,
2fb62069ee41994d12f0f22951bb4d65f4ad41cb136c1acf2e39dc9bef1fb45e,2024-11,Sussex Police,Sussex Police,,,No Location,,,Violence and sexual offences,Status update unavailable,
558fa21182527a1f7a4edba8d7629777fdd4f6e50fbe284ed0eefa5c278a5977,2024-11,Sussex Police,Sussex Police,,,No Location,,,Violence and sexual offences,Status update unavailable,
daf5dc60657ef450461159ef7016c94508c6af2766b2bfd379dc287856d7d143,2024-11,Sussex Police,Sussex Police,,,No Location,,,Violence and sexual offences,Status update unavailable,
4e26284299a39cd3967969b4b4cca2e4bdfbccb39a235be6d5a24d189ffc6086,2024-11,Sussex Police,Sussex Police,,,No Location,,,Violence and sexual offences,Investigation complete; no suspect identified,
c613481a25d5c89ec95a5e6d79078322a9530c570e38c8ec8ca898e60d4aaf10,2024-11,Sussex Police,Sussex Police,,,No Location,,,Violence and sexual offences,Unable to prosecute suspect,
ffa127a2914b916325f7d018f0a56793614e2f7f022c2b9a7c7250e18299bc04,2024-11,Sussex Police,Sussex Police,,,No Location,,,Violence and sexual offences,Status update unavailable,
a414a2c72ca88712fa7194a4db5694848bf8769564f44d7da3b024a0ec545ae6,2024-11,Sussex Police,Sussex Police,,,No Location,,,Violence and sexual offences,Status update unavailable,
13f2d72d4a400da310a20ffa8eedd2afd6863d9d0dd7315f71aa0799b246a7ac,2024-11,Sussex Police,Sussex Police,,,No Location,,,Violence and sexual offences,Status update unavailable,
51b12d55095eb995619d8ffc99283c4273b6994e6a3dc0b7591c89c96c87bd1f,2024-11,Sussex Police,Sussex Police,,,No Location,,,Violence and sexual offences,Status update unavailable,
ae628be1b9488c0ef4283adb1e67c1b41513eae681062e5257d199d38f2c1b24,2024-11,Sussex Police,Sussex Police,,,No Location,,,Violence and sexual offences,Status update unavailable,
1a3e364cc38a39685874ef9693dc6d82f3808c06cb579cf4a444f1b1418eb22d,2024-11,Sussex Police,Sussex Police,,,No Location,,,Violence and sexual offences,Status update unavailable,
beb6248005a91e8a9600ed17690df7e5bf67cc917c535f4c69829359fca80ba7,2024-11,Sussex Police,Sussex Police,,,No Location,,,Violence and sexual offences,Status update unavailable,
54cbaef1d224a7593c44aaae34970f2ef266c095b69418a17c6dd120bf1b1aad,2024-11,Sussex Police,Sussex Police,,,No Location,,,Violence and sexual offences,Investigation complete; no suspect identified,
69ab3fa6f120368287f2aae118d9fd84104420341b13e6214a31e76ffbb63c86,2024-11,Sussex Police,Sussex Police,,,No Location,,,Violence and sexual offences,Status update unavailable,
ebc902b0d55bc8801a2b5c7d556e37c29799a98f018bbf67e8606f0dd4d3cdc0,2024-11,Sussex Police,Sussex Police,,,No Location,,,Violence and sexual offences,Unable to prosecute suspect,
9d9f7ca8d18f217d195c43254b85970af1890a86ee938648be88fec93a517799,2024-11,Sussex Police,Sussex Police,,,No Location,,,Violence and sexual offences,Unable to prosecute suspect,
d9905ab8a3be8465ab029447acc5aa04e9c0dc2cc3380e8458457abb3a77306c,2024-11,Sussex Police,Sussex Police,,,No Location,,,Violence and sexual offences,Offender given a caution,
ce9f11cd50de8d6d257ee670517be02036503cbe2ff60c1912b65e5a9c565054,2024-11,Sussex Police,Sussex Police,,,No Location,,,Violence and sexual offences,Unable to prosecute suspect,
0b880dba54b302e1cea6c16d693297b4a567659b6e62915ca62d145717fd6a94,2024-11,Sussex Police,Sussex Police,,,No Location,,,Violence and sexual offences,Status update unavailable,
4d626a02c62adabb06300847e5a02039b771063f6a9b56047edc89e62e264e06,2024-11,Sussex Police,Sussex Police,,,No Location,,,Violence and sexual offences,Investigation complete; no suspect identified,
a7a74b6a363fbcf6de8e5d3eecc4775bd8c8133dee8dd188256662e8de7385c9,2024-11,Sussex Police,Sussex Police,,,No Location,,,Violence and sexual offences,Status update unavailable,
3d16a84e3c40d6cdf270ccaaf0ee71448675403f4af9fe97bd2406a0c97707d5,2024-11,Sussex Police,Sussex Police,,,No Location,,,Violence and sexual offences,Status update unavailable,
25de1fd8550889477d24edc6c6da8b6a7d52d9f6dd3025596559cfceced3e410,2024-11,Sussex Police,Sussex Police,,,No Location,,,Violence and sexual offences,Unable to prosecute suspect,
aea701b963ba362d94087963047912e91a12994f82bf3114b161b9306b07d787,2024-11,Sussex Police,Sussex Police,,,No Location,,,Violence and sexual offences,Status update unavailable,
c6083755849f8afd87435b52cb0de210ff7952db00bf9ebb9197cad0405f0245,2024-11,Sussex Police,Sussex Police,,,No Location,,,Violence and sexual offences,Status update unavailable,
72b7f0185bb012b1936dfae14ba8a08f35f31c4633e12d8bfb2159d152f92843,2024-11,Sussex Police,Sussex Police,,,No Location,,,Violence and sexual offences,Unable to prosecute suspect,
427fa30fdf833125052eaa6ce6a5ff42213cbb2d936b36ea60b07a58f17a32e8,2024-11,Sussex Police,Sussex Police,,,No Location,,,Violence and sexual offences,Action to be taken by another organisation,
cbb8e19cd9d68e5cfb8a418537cd808b82b77bf2f81ef9f4f6d78009a1a5c3af,2024-11,Sussex Police,Sussex Police,,,No Location,,,Violence and sexual offences,Status update unavailable,
aefd72bc577cbc63c621be14c5e4b6a1c8cd595b4b0f3dcec09c370ce48d66c7,2024-11,Sussex Police,Sussex Police,,,No Location,,,Violence and sexual offences,Status update unavailable,
ad038c533222f3101d2ee60ea89a74cd00592e0529a3a0cec22fabaf2f5454f0,2024-11,Sussex Police,Sussex Police,,,No Location,,,Violence and sexual offences,Status update unavailable,
c51c23afb8828fd957b16f2eb65c274f6ec860220fe5e0ba2a79a95ceac16198,2024-11,Sussex Police,Sussex Police,,,No Location,,,Violence and sexual offences,Court result unavailable,
a10da797d2603d42ddaf895491333fdc671cf0e2ccc86f6d540fa56b0b3daba5,2024-11,Sussex Police,Sussex Police,,,No Location,,,Violence and sexual offences,Offender given a caution,
705cbfce57c691ff56e14d6215b447c1b605c970ebbb66ab3a146931ef3fc6b1,2024-11,Sussex Police,Sussex Police,,,No Location,,,Violence and sexual offences,Unable to prosecute suspect,
5dbd8070fd0ec0e44c072a0ed688f45fc7ad1caa4257d522f90e878c2e9681fa,2024-11,Sussex Police,Sussex Police,,,No Location,,,Violence and sexual offences,Investigation complete; no suspect identified,
ada274d398d0fff034a0514362175ec50dc7d5f8657ad6bcabadc806f624ae20,2024-11,Sussex Police,Sussex Police,,,No Location,,,Violence and sexual offences,Investigation complete; no suspect identified,
3090a0ebffcc1505ddd25f4987925d00f202eb78b54842dd07c222efb5498a85,2024-11,Sussex Police,Sussex Police,,,No Location,,,Violence and sexual offences,Status update unavailable,
9c0d0b4c6c228396a62c612856c542a6e0710f325848aa7b1e098423855857d9,2024-11,Sussex Police,Sussex Police,,,No Location,,,Violence and sexual offences,Investigation complete; no suspect identified,
36ab61f1cb6fcd1d80a3f90ca13b4732c1fe847da59b11811aaea50f9ad2a635,2024-11,Sussex Police,Sussex Police,,,No Location,,,Violence and sexual offences,Status update unavailable,
6fb764599bb331192f0abf66e3bb4b1de45d5b9d0745bf945e3b1210621c520a,2024-11,Sussex Police,Sussex Police,,,No Location,,,Violence and sexual offences,Status update unavailable,
888aaf85eb6c2da3f498c45d827220ea340a376d0f364e24852489878d485d24,2024-11,Sussex Police,Sussex Police,,,No Location,,,Violence and sexual offences,Unable to prosecute suspect,
4cb8c6b0a759b8bd2ed1322d5d9f8008fe5ec9a5e584b509cbb4cd90c558ac80,2024-11,Sussex Police,Sussex Police,,,No Location,,,Violence and sexual offences,Unable to prosecute suspect,
adc8ea44ef42e54e5811006766770a098eef7b663fdc53063062732533f1077f,2024-11,Sussex Police,Sussex Police,,,No Location,,,Violence and sexual offences,Unable to prosecute suspect,
85f356e40e43e50967c73b229b4581d8d320ab3ae47d8af47c76b3a3e782ffe1,2024-11,Sussex Police,Sussex Police,,,No Location,,,Violence and sexual offences,Unable to prosecute suspect,
082e0c6143e47fac1d79bc178efac495ba77b380f0f541a46819945888dc1c95,2024-11,Sussex Police,Sussex Police,,,No Location,,,Violence and sexual offences,Unable to prosecute suspect,
0dc55d16fa56396ba771eeeb7e76d36bc181555f501b7a61d95b7a1ef3e2070c,2024-11,Sussex Police,Sussex Police,,,No Location,,,Violence and sexual offences,Status update unavailable,
f5f60784cf7a11702e0ea9965f6ed869a6b736856a24bc3fa435fa674e3f34df,2024-11,Sussex Police,Sussex Police,,,No Location,,,Violence and sexual offences,Unable to prosecute suspect,
6cd57f4025346fd2c70c2e39469a9ea6731ef00bce9157cacd08ee0bff3335de,2024-11,Sussex Police,Sussex Police,,,No Location,,,Violence and sexual offences,Investigation complete; no suspect identified,
f2c993f231dc3485c0abf447558ae13dc126b929d65acb889f98c87433a52ead,2024-11,Sussex Police,Sussex Police,,,No Location,,,Violence and sexual offences,Unable to prosecute suspect,
f0f797e401a912045b546c6447497db9a10a307d3f24d416ba9bb47a7222b6b2,2024-11,Sussex Police,Sussex Police,,,No Location,,,Violence and sexual offences,Status update unavailable,
a60a5ca83b5b4f5210d932218d0addc7baf21c93789da4c00ed76bde51ee6bcb,2024-11,Sussex Police,Sussex Police,,,No Location,,,Violence and sexual offences,Court result unavailable,
1ec12c96e52245af11b6e10a64e705f193fd40d7fb557ae5e764a269464c28fe,2024-11,Sussex Police,Sussex Police,,,No Location,,,Violence and sexual offences,Offender given a caution,
a71f10cd7ca1ed1e13c875dba0cc3aea68c965be566a08db2c0760aea666d8ea,2024-11,Sussex Police,Sussex Police,,,No Location,,,Violence and sexual offences,Unable to prosecute suspect,
297341f5451c727b03c7900bc34189692b080cf52841e94697b6e9e56484a416,2024-11,Sussex Police,Sussex Police,,,No Location,,,Violence and sexual offences,Unable to prosecute suspect,
21d47820b40b1ea64d849accce42d3b0dd73fc861267eb6c07350798a66a109e,2024-11,Sussex Police,Sussex Police,,,No Location,,,Violence and sexual offences,Unable to prosecute suspect,
41eafb7e71c63a0e418f7b3df1f0fa20cc9e3f0c0d006719775227cc0bf832ff,2024-11,Sussex Police,Sussex Police,,,No Location,,,Violence and sexual offences,Unable to prosecute suspect,
dd3d71e328601dba42bf793a5238b17e50156ac94bcefdfe1c60b35eb2cc50a8,2024-11,Sussex Police,Sussex Police,,,No Location,,,Violence and sexual offences,Unable to prosecute suspect,
d5073fc8c1f100cfaf0bb21fcf5ceb6edba93f95661e6681f9ef40ef81f27c45,2024-11,Sussex Police,Sussex Police,,,No Location,,,Violence and sexual offences,Unable to prosecute suspect,
58951ce0c27c43f430d2000d04cab46577bf3fc25ede0c88bb5eda117938188f,2024-11,Sussex Police,Sussex Police,,,No Location,,,Violence and sexual offences,Unable to prosecute suspect,
5658ae56659dd789ab371f44b6407079edc22d0f10aeb9f8631c7f1ebd213961,2024-11,Sussex Police,Sussex Police,,,No Location,,,Violence and sexual offences,Status update unavailable,
18d3b35ae21b90cbb07b2af0b2336651fd091aaa6acb283ba24552b9513c957d,2024-11,Sussex Police,Sussex Police,,,No Location,,,Violence and sexual offences,Unable to prosecute suspect,
f5117955adf6d6ddf25c95fbd785923a95a5b381b29c5d7dc33fcee6db39da21,2024-11,Sussex Police,Sussex Police,,,No Location,,,Violence and sexual offences,Court result unavailable,
31934a3f95e146500a76f235541985a9bacef30427043e18126f9d91090a89a0,2024-11,Sussex Police,Sussex Police,,,No Location,,,Violence and sexual offences,Unable to prosecute suspect,
6774f332b358b555724afc6b407afa7761b098a2a674cda4262a4f14100c3939,2024-11,Sussex Police,Sussex Police,,,No Location,,,Violence and sexual offences,Offender given a caution,
7f6e851f1dc79de2fffc7178d015ff3c8e325709a573fc34b20f486bb4cea24d,2024-11,Sussex Police,Sussex Police,,,No Location,,,Violence and sexual offences,Unable to prosecute suspect,
eaf22e1da3866ed4403c5bae75f17af050380d413eab37e90cac11b169110c6b,2024-11,Sussex Police,Sussex Police,,,No Location,,,Violence and sexual offences,Status update unavailable,
85d0bec71dc84cb267e36228d97e54792b168a973554a9c3ed2047959043748f,2024-11,Sussex Police,Sussex Police,,,No Location,,,Violence and sexual offences,Status update unavailable,
4325ee1d997431c2b9a41febb7f3e82c027a5be71ff7316ce870cbfbcaca21b6,2024-11,Sussex Police,Sussex Police,,,No Location,,,Violence and sexual offences,Investigation complete; no suspect identified,
ebd0fd928368327f2b115f8664562ec2c397ce5f57a36b10ec944e2d050732ca,2024-11,Sussex Police,Sussex Police,,,No Location,,,Violence and sexual offences,Unable to prosecute suspect,
aafde5715878c3c04e61a6457c83e7da3b59d713033e18214d40c734dbc259fd,2024-11,Sussex Police,Sussex Police,,,No Location,,,Violence and sexual offences,Unable to prosecute suspect,
a26ace24023e265e7bed9ed7265d056b250de9b03c920d581f64e1dba51cff83,2024-11,Sussex Police,Sussex Police,,,No Location,,,Violence and sexual offences,Unable to prosecute suspect,
e97f3103d646539537cca23163b25ac0f2b64fc230697388ac29fc23632ad20f,2024-11,Sussex Police,Sussex Police,,,No Location,,,Violence and sexual offences,Investigation complete; no suspect identified,
b2c65f9921c529fad656def048599cf9460147623a86b141ab561ed103df111b,2024-11,Sussex Police,Sussex Police,,,No Location,,,Violence and sexual offences,Investigation complete; no suspect identified,
86db40a78d1a443d9d3e3a33ae3d91e74ce6cd7e2a6f9a12e106cd326e2c5c5b,2024-11,Sussex Police,Sussex Police,,,No Location,,,Violence and sexual offences,Unable to prosecute suspect,
1f64ae595cb3f765b1a19c58c5f4733f241a34bb57189ce348954dda162123a4,2024-11,Sussex Police,Sussex Police,,,No Location,,,Violence and sexual offences,Unable to prosecute suspect,
1e6e25f14ff636f49b9e7124729149535ca7b464c057589b8ca4adf7140495d2,2024-11,Sussex Police,Sussex Police,,,No Location,,,Violence and sexual offences,Status update unavailable,
2654fc907f4ed7f12e3830da5c586d1ac01cbc6d0d297c24087ab899ae9e8b79,2024-11,Sussex Police,Sussex Police,,,No Location,,,Violence and sexual offences,Status update unavailable,
58cf9dc3554f101a69744a21c106235e726c1caf11826e812a19a4dd4e04d031,2024-11,Sussex Police,Sussex Police,,,No Location,,,Violence and sexual offences,Investigation complete; no suspect identified,
6e31c8f93b526180e5d3cb6363bcd2657cc6f45b95bc208354a9ddca6875cc04,2024-11,Sussex Police,Sussex Police,,,No Location,,,Violence and sexual offences,Unable to prosecute suspect,
a6788e00857c0be15c9db9062b55dac1baf31b9cc17d5a9b4eb7f9e6a40c0285,2024-11,Sussex Police,Sussex Police,,,No Location,,,Violence and sexual offences,Status update unavailable,
4fdca3376a7066c4ac6d6d05035e927339801989d61635fea7be157b0de1e9a8,2024-11,Sussex Police,Sussex Police,,,No Location,,,Violence and sexual offences,Status update unavailable,
4ed5fcc24a77ff205ab3acb2550bff77cefb45bb2a948031a0be06dfc938b04a,2024-11,Sussex Police,Sussex Police,,,No Location,,,Violence and sexual offences,Unable to prosecute suspect,
4d7e6acd773ed5668a7943e00bd7b2a192097573f90169d6275337d7b3fa156b,2024-11,Sussex Police,Sussex Police,,,No Location,,,Violence and sexual offences,Status update unavailable,
70f55781835c373fd0fd0168cc5e998f92526dd5a62d890ba6c462df1066c6b0,2024-11,Sussex Police,Sussex Police,,,No Location,,,Violence and sexual offences,Formal action is not in the public interest,
3edec3e952c1fc9bd19ef442a6b2d342aeb6488d984273266c6739c57d04856e,2024-11,Sussex Police,Sussex Police,,,No Location,,,Violence and sexual offences,Unable to prosecute suspect,
06f70577620b380b15d691670d7ced9a4e1fbcdfcb7b2702434be16513c0dc7f,2024-11,Sussex Police,Sussex Police,,,No Location,,,Violence and sexual offences,Unable to prosecute suspect,
4b49aef97ba229c8e3fc6cedbfb4cfcd94bd7e4d39bded311999b40989c885a2,2024-11,Sussex Police,Sussex Police,,,No Location,,,Violence and sexual offences,Unable to prosecute suspect,
d3ddb2e731e630d079cc923941e42d64b884abd1dce39a86a8e80d85e5701135,2024-11,Sussex Police,Sussex Police,,,No Location,,,Violence and sexual offences,Status update unavailable,
c548a4d09d39c1863dd66a7b51d7a35b6e9ce148580ba474ea24bec4324d2f19,2024-11,Sussex Police,Sussex Police,,,No Location,,,Violence and sexual offences,Status update unavailable,
f3368abcaccc0539fe2d5c1009665c3f82ce2001dcd63fda2ab96070a4279e86,2024-11,Sussex Police,Sussex Police,,,No Location,,,Violence and sexual offences,Investigation complete; no suspect identified,
ca0b697a8a68b69c89c3730fa77f0e88424d02ec0e86daaf83209718bfc3dfa5,2024-11,Sussex Police,Sussex Police,,,No Location,,,Violence and sexual offences,Investigation complete; no suspect identified,
22a692d800ef2c11228f27d3794eee8de0ea3bd3b2124a5b40f7b90a729dfd92,2024-11,Sussex Police,Sussex Police,,,No Location,,,Violence and sexual offences,Status update unavailable,
3f309714b313cfad0a02338ae2dd8948073af59c3cb460aca7418286e587ad43,2024-11,Sussex Police,Sussex Police,,,No Location,,,Violence and sexual offences,Status update unavailable,
0f03446620a323bf58b90304ad839b5ad2e58d5305c0c15b45a4a97d3c17d771,2024-11,Sussex Police,Sussex Police,,,No Location,,,Violence and sexual offences,Unable to prosecute suspect,
d3dfc2fa614bff78808c3881c06371a81d5407315f68cbbcb68996c7677d7641,2024-11,Sussex Police,Sussex Police,,,No Location,,,Violence and sexual offences,Investigation complete; no suspect identified,
a41ad73b5ab21daadc4cb601e554313fa9c4f2842086ce3bbaa1e00508c2677f,2024-11,Sussex Police,Sussex Police,,,No Location,,,Violence and sexual offences,Unable to prosecute suspect,
18174663efb36227221fc717763fa815e9a9ae643fc65961fa7a2d249f18c9d9,2024-11,Sussex Police,Sussex Police,,,No Location,,,Violence and sexual offences,Court result unavailable,
43911856338cd5bd0ac6cf8e97ba35569ead325fcce9e5f9710809670f712db2,2024-11,Sussex Police,Sussex Police,,,No Location,,,Violence and sexual offences,Unable to prosecute suspect,
f8b16e1e3e3a4767d6e81a98167a011f82bf0d89786be5352b4f22ad0a8a6a28,2024-11,Sussex Police,Sussex Police,,,No Location,,,Violence and sexual offences,Unable to prosecute suspect,
8a89baad819b946485f9fa28624d4f14b667950ba51cff21564d9ae385202708,2024-11,Sussex Police,Sussex Police,,,No Location,,,Violence and sexual offences,Unable to prosecute suspect,
a6cddcd8b4c353733f6c5e095ea186d41341306a123045f1fcb92273241a4a6d,2024-11,Sussex Police,Sussex Police,,,No Location,,,Violence and sexual offences,Unable to prosecute suspect,
27f91d7b8cde14681375004f3b63233b18217f6daa21efb0ac1840f1adb77c75,2024-11,Sussex Police,Sussex Police,,,No Location,,,Violence and sexual offences,Status update unavailable,
8ece7238fde1cd0bc497174fed90deca966aba5b62b7309f317132e9d6936992,2024-11,Sussex Police,Sussex Police,,,No Location,,,Violence and sexual offences,Status update unavailable,
a6e409ea1b7e930e65af0210c43270a757cc159f44361d391ce5112e3e118695,2024-11,Sussex Police,Sussex Police,,,No Location,,,Violence and sexual offences,Offender given a caution,
9e5434646af3a07c0f429df2b60be9133bcaa2bc0898955aff68bacf128ecba8,2024-11,Sussex Police,Sussex Police,,,No Location,,,Violence and sexual offences,Unable to prosecute suspect,
1c59cf08fde1be09bbd5f44b6947bcaa76bc6afb71150e2026088167a1f87ef3,2024-11,Sussex Police,Sussex Police,,,No Location,,,Violence and sexual offences,Status update unavailable,
4d2cfad38ce063929fc0512bd734a52cc43e99fb764006bc6be49f6108a3213d,2024-11,Sussex Police,Sussex Police,,,No Location,,,Violence and sexual offences,Investigation complete; no suspect identified,
fc8f0cb9957d9bbf76352502e48c73ee5843df416ef22d0fe7b8be4847ec2d4f,2024-11,Sussex Police,Sussex Police,,,No Location,,,Violence and sexual offences,Unable to prosecute suspect,
261c357a9769cd89ba874704466ceda7bc2b00cd154a21a8fcafdd2d8f7e4ebb,2024-11,Sussex Police,Sussex Police,,,No Location,,,Violence and sexual offences,Unable to prosecute suspect,
3b953b9db18a69bad8d06ed123152b4eaef9aa45c52f7e299fe47acde68b8398,2024-11,Sussex Police,Sussex Police,,,No Location,,,Violence and sexual offences,Status update unavailable,
d5e6404ed88652777eb847bff7f184fcb80c2ec5320efae4da74b2fd30392435,2024-11,Sussex Police,Sussex Police,,,No Location,,,Violence and sexual offences,Status update unavailable,
373d1f9410a4d8aec84c7b095a4cbabe93dd34f22053b0226bc9008d56855dd8,2024-11,Sussex Police,Sussex Police,,,No Location,,,Violence and sexual offences,Unable to prosecute suspect,
3f6e3a02134967388f1d3e4575a6ec2d6acdad73b40d926306519720e1e7e518,2024-11,Sussex Police,Sussex Police,,,No Location,,,Violence and sexual offences,Investigation complete; no suspect identified,
f7c59412167216877d033749114f61807e83d435aa7515f406776e9ba74c3016,2024-11,Sussex Police,Sussex Police,,,No Location,,,Violence and sexual offences,Status update unavailable,
6f42bd5a8feb65889059e621ac188a46bf22e11bcd12c3fb797dab95dde5a555,2024-11,Sussex Police,Sussex Police,,,No Location,,,Violence and sexual offences,Status update unavailable,
f3dfc2d68daaba14bc70a66e76a1ede2733261bb65ed79b7d96a76846fd2fe6e,2024-11,Sussex Police,Sussex Police,,,No Location,,,Violence and sexual offences,Status update unavailable,
f192d71926e03ccbbdd1374e282171cf709a20689e0ed5612bfca5d77b525adc,2024-11,Sussex Police,Sussex Police,,,No Location,,,Violence and sexual offences,Unable to prosecute suspect,
150a6cdee893ba0341c4a1e94826f57bc72044c5d2622b3c14e1bf38afbad963,2024-11,Sussex Police,Sussex Police,,,No Location,,,Violence and sexual offences,Offender given a caution,
38509f6a2b05ca6c01e65a9fab6ea1571d659baa89f403454d1a7186daf1206d,2024-11,Sussex Police,Sussex Police,,,No Location,,,Violence and sexual offences,Status update unavailable,
0de95ae578e1c9192541076ae69c4377efed87e1bfff652f8292ab690ed412d3,2024-11,Sussex Police,Sussex Police,,,No Location,,,Violence and sexual offences,Offender given a caution,
571091aa624a8f922dfc0a8a819131252b67c8262591b82a6c3031c28bbd0270,2024-11,Sussex Police,Sussex Police,,,No Location,,,Violence and sexual offences,Status update unavailable,
ad31357be0b69fcd16c331d0c34606b80ef7021246b3c968a011c172c6175c62,2024-11,Sussex Police,Sussex Police,,,No Location,,,Violence and sexual offences,Status update unavailable,
c9465cd0c87b5facaf3387a15540781441ca4cec1c6126ae5631d3294bca155e,2024-11,Sussex Police,Sussex Police,,,No Location,,,Violence and sexual offences,Awaiting court outcome,
f6fda924fb9dcc05792004c504c37021c6541eb39787d7f463634c6180b892a8,2024-11,Sussex Police,Sussex Police,,,No Location,,,Violence and sexual offences,Unable to prosecute suspect,
a8474dd9b574b2d34063b19f458f163ca1367545eb77cc55ed97a90bf29c74ae,2024-11,Sussex Police,Sussex Police,,,No Location,,,Violence and sexual offences,Status update unavailable,
3006db8f3a62a953a3506a06924a4e2faf282cc938b6d0c6575f944ec68f496b,2024-11,Sussex Police,Sussex Police,,,No Location,,,Violence and sexual offences,Unable to prosecute suspect,
c4f9d479fc81de577f9295c296459b83ef07e1cdaaf2000b65c20a5924ee51c1,2024-11,Sussex Police,Sussex Police,,,No Location,,,Violence and sexual offences,Unable to prosecute suspect,
46f7db77fb5c0ff11d390cd77efb6db996022d50012d60f38eafec6e8c9a3788,2024-11,Sussex Police,Sussex Police,,,No Location,,,Violence and sexual offences,Status update unavailable,
276ed1931966091483cc14d9151eae650ee5a7cb6b17c733fcfacc751175b569,2024-11,Sussex Police,Sussex Police,,,No Location,,,Violence and sexual offences,Investigation complete; no suspect identified,
a8d11f8de504bc51a22bbfe77b3d7a0a13c3c6cb4b65d069a6095a0fb2b6116a,2024-11,Sussex Police,Sussex Police,,,No Location,,,Violence and sexual offences,Further investigation is not in the public interest,
7afe719e24edf5aca9cf2a1668e2e8feb796bc830f455b86fbc0ba9edd5d07f0,2024-11,Sussex Police,Sussex Police,,,No Location,,,Violence and sexual offences,Status update unavailable,
3ac2e49a9809b543239bee68de1cbaedb0c3eb5307dbcebb3fe6e266193b0430,2024-11,Sussex Police,Sussex Police,,,No Location,,,Violence and sexual offences,Unable to prosecute suspect,
3783d64dd14d3b89580ae689ac7b7b8056af183ce8aafdfba86a09a73e5236a3,2024-11,Sussex Police,Sussex Police,,,No Location,,,Violence and sexual offences,Unable to prosecute suspect,
da569ca612a7346c086753820dee32cdf8860d07c8fc40e5ec11241ad2c500b2,2024-11,Sussex Police,Sussex Police,,,No Location,,,Violence and sexual offences,Investigation complete; no suspect identified,
79bfffdfad53391bd08849c69de2f1a9899c9fa8cac6c071a1445a1abafdaf4e,2024-11,Sussex Police,Sussex Police,,,No Location,,,Violence and sexual offences,Local resolution,
c807ea31a2b8766767b1aa206ff7c6542f886b82a24d3c951c8124ab783d477f,2024-11,Sussex Police,Sussex Police,,,No Location,,,Violence and sexual offences,Status update unavailable,
f996d3d82ecca7ebe882eed1017cb0e9268893f576b71b00f70873f48dfbaeea,2024-11,Sussex Police,Sussex Police,,,No Location,,,Violence and sexual offences,Status update unavailable,
599631d54f5665f3af3cae9dae9994ec9ba64994a11d5a81c3123b39edd4350c,2024-11,Sussex Police,Sussex Police,,,No Location,,,Violence and sexual offences,Unable to prosecute suspect,
0a8dc81720c3a23baf61f5fee7984ac3e83bf7c358d8aaa330e48d02ccb6e5ce,2024-11,Sussex Police,Sussex Police,,,No Location,,,Violence and sexual offences,Unable to prosecute suspect,
7b060cd85ec64e1acc75702f1a647e67c03bad7cbad7e129bab045ab84e9f9c8,2024-11,Sussex Police,Sussex Police,,,No Location,,,Violence and sexual offences,Investigation complete; no suspect identified,
2abd88e54a26548f281a141ed436533b559167590084afe7dc0c1e539961eefd,2024-11,Sussex Police,Sussex Police,,,No Location,,,Violence and sexual offences,Investigation complete; no suspect identified,
2919c1f232c7fdc714fd6e92d89d8d85819bf174358b2682d5614a129806515a,2024-11,Sussex Police,Sussex Police,,,No Location,,,Violence and sexual offences,Unable to prosecute suspect,
056db710c0154adcbb7f2380819c96a574080590076408f382a84382b49e1c5e,2024-11,Sussex Police,Sussex Police,,,No Location,,,Violence and sexual offences,Status update unavailable,
4035166ad6863296e6ce2dbea7918940c5163ad90301ad3c869df068e8fe8127,2024-11,Sussex Police,Sussex Police,,,No Location,,,Violence and sexual offences,Status update unavailable,
a482678af32680e578c38261ce869b02cf399645644e5f6c095e3cbfaea61fcd,2024-11,Sussex Police,Sussex Police,,,No Location,,,Violence and sexual offences,Unable to prosecute suspect,
835feee7488825bb58812dcf15bc960e1adf104239864038c36117ab66669abd,2024-11,Sussex Police,Sussex Police,,,No Location,,,Violence and sexual offences,Unable to prosecute suspect,
1875bcb95390d0b5ea655ce4621c6ea90be8e4f8e6361f99d2998828348eb91e,2024-11,Sussex Police,Sussex Police,,,No Location,,,Violence and sexual offences,Unable to prosecute suspect,
93dc8554b4dbafc1f7e5738b098179bd5f8fb345d89fab252d79b7dea3aee14c,2024-11,Sussex Police,Sussex Police,,,No Location,,,Violence and sexual offences,Unable to prosecute suspect,
1ab85fee6e92c52a5873bda8795cd9a87a775f268f99d64b0cbebd9941f71b46,2024-11,Sussex Police,Sussex Police,,,No Location,,,Violence and sexual offences,Unable to prosecute suspect,
357dfc417063f2d7ec0d074116fd39907ca9a28963dcf530298f7b6a602c98e9,2024-11,Sussex Police,Sussex Police,,,No Location,,,Violence and sexual offences,Status update unavailable,
f739dc651a5a438138d948dbf741d05d54df17d72e94ff552908f43c4a2d2c5e,2024-11,Sussex Police,Sussex Police,,,No Location,,,Violence and sexual offences,Local resolution,
89411c0726a0de1a91a0329aa16ff5dbb31cba6e0e5d56747644bd9883137cf6,2024-11,Sussex Police,Sussex Police,,,No Location,,,Violence and sexual offences,Status update unavailable,
a49ee47d2d50b9d6865f6cb9b2ace9ca11bce19c0ddd85e3d77c089f0c31ee03,2024-11,Sussex Police,Sussex Police,,,No Location,,,Other crime,Status update unavailable,
e2b5873e5b692a9c1076c74be050d213cfa3f36c568c70b02425d5c75a009610,2024-11,Sussex Police,Sussex Police,,,No Location,,,Other crime,Investigation complete; no suspect identified,
65a649f95de90385d554abe41a7b04f432bdaae0a686bc497e3edf7227e1c29b,2024-11,Sussex Police,Sussex Police,,,No Location,,,Other crime,Status update unavailable,
ea93a918a31f15a8de3a6ef3ceee6c2c810dcacb9ffb4a1b6fb3e1883f02f6fa,2024-11,Sussex Police,Sussex Police,,,No Location,,,Other crime,Status update unavailable,
48e0b750fab4c990ba9b49e1959eae6cdf9c2dd54a67e217c02462973534d37d,2024-11,Sussex Police,Sussex Police,,,No Location,,,Other crime,Investigation complete; no suspect identified,
b8da8b99bf7d8dce99bae2f9571f6d8affbd53f7c98d7be8930a6e4482380809,2024-11,Sussex Police,Sussex Police,,,No Location,,,Other crime,Investigation complete; no suspect identified,
2901d8cd7b4aa497bd80c02c6bef83e2afce1073160c3c4a2c7ac2ca7cfed34f,2024-11,Sussex Police,Sussex Police,,,No Location,,,Other crime,Investigation complete; no suspect identified,
a32d49c8d22e523b680322e435e469b4e6b3ae85bab91a1f51a2193deab35cf8,2024-11,Sussex Police,Sussex Police,,,No Location,,,Other crime,Status update unavailable,
9e73e33872f5a864b050afb4cc0cf1f058a41575dede7b53affd0a4d38f8cc6a,2024-11,Sussex Police,Sussex Police,,,No Location,,,Other crime,Investigation complete; no suspect identified,
7f9f64bdc1b349f8bf5f7344df0edeab880e60ddbdaca0f9aefc22ff45aa831e,2024-11,Sussex Police,Sussex Police,,,No Location,,,Other crime,Status update unavailable,
77a4854c1dd048972c0719a0a29ec64aca7c62ce26c0271f2d847a8fa8751177,2024-11,Sussex Police,Sussex Police,,,No Location,,,Other crime,Unable to prosecute suspect,
a32eea96e2e3d5185ffbf6d4396ab7f95b6ee55461210ab81ebeb0135a726c05,2024-11,Sussex Police,Sussex Police,,,No Location,,,Other crime,Unable to prosecute suspect,
baf335f1dc1c7169fd0c493d003b4356900f3f06ba0990709d51d7bd2a35fd63,2024-11,Sussex Police,Sussex Police,,,No Location,,,Other crime,Status update unavailable,
5973df035f9de9d9c9d30ea3187ba4fc0868a06d8a768e746676b319cb47ad24,2024-11,Sussex Police,Sussex Police,,,No Location,,,Other crime,Court result unavailable,
ba17839a6a7ff255d4e6a5e02a13984fbce83a93888ff6d54773a23bbb042de9,2024-11,Sussex Police,Sussex Police,,,No Location,,,Other crime,Status update unavailable,
30099e0d8523493ad082019f6bd90b3d4248760605797f76b1a094a83bda028c,2024-11,Sussex Police,Sussex Police,,,No Location,,,Other crime,Status update unavailable,
6bbf9960c9652c95cb7d2f2c3762f815d16c52adbbba77aee190cae1452bb5e8,2024-11,Sussex Police,Sussex Police,,,No Location,,,Other crime,Unable to prosecute suspect,
2e82286432020a57b63a771246a38d5cd3d19eb91123532a4094c3e955c7c6f5,2024-11,Sussex Police,Sussex Police,,,No Location,,,Other crime,Status update unavailable,
3fe5878073bcf890ff997c52d50f792050f676fccfb142b42d49e221186675c5,2024-11,Sussex Police,Sussex Police,,,No Location,,,Other crime,Status update unavailable,
71b4cf1ee089f911bdb83807ee6dbdd6932c047695579db1c75d3ed9458b07e2,2024-11,Sussex Police,Sussex Police,,,No Location,,,Other crime,Status update unavailable,
cef82bd18ad85012ccacc99528a72d1842acc12257bad412b35b64d53372dc74,2024-11,Sussex Police,Sussex Police,,,No Location,,,Other crime,Court result unavailable,
496cbe232a664dab2609dcb5d3f3be1c759398bbca5d52f85fd91ead4f68bfa5,2024-11,Sussex Police,Sussex Police,,,No Location,,,Other crime,Unable to prosecute suspect,
baf764cf0a501b66852a8227be6dd5206ae1ec019757b538d684c9caf24d1bb2,2024-11,Sussex Police,Sussex Police,,,No Location,,,Other crime,Investigation complete; no suspect identified,
b943070e1783b01f6ca33ff50309e58d56c821e4481fbde6383e76a5664c3c99,2024-11,Sussex Police,Sussex Police,,,No Location,,,Other crime,Status update unavailable,
bf5c0aaeabf8f25b446d76b16dad761b1fe6c4638328c5a6832832303cd83a75,2024-11,Sussex Police,Sussex Police,,,No Location,,,Other crime,Investigation complete; no suspect identified,
fca6b81f96a39619920b982caad48813f21b6bb599a83b7c3aaa7f3017b893e2,2024-11,Sussex Police,Sussex Police,,,No Location,,,Other crime,Status update unavailable,
d3abc056cd099883031cf68df15fcdc211323d8318efe820b4ea2dbc0652f1ba,2024-11,Sussex Police,Sussex Police,,,No Location,,,Other crime,Status update unavailable,
a1ad8751a1eaca74d892815a0cd189c7df83973200c8c3712b51d5a27bb0cdfc,2024-11,Sussex Police,Sussex Police,,,No Location,,,Other crime,Further action is not in the public interest,
d70d7c40e71622df2b344eeb739cab49642dbe6cd28483ea1c9a4b0b92367e4b,2024-11,Sussex Police,Sussex Police,,,No Location,,,Other crime,Status update unavailable,
1b2b0bd1c618e8642187db2d115fabcde2b7660ed4e32e067335c3dbfe407222,2024-11,Sussex Police,Sussex Police,,,No Location,,,Other crime,Status update unavailable,
f7154afad981da5cf5e97aee866653e8cfecdbc67dba9d4b7a2f544a0890855a,2024-11,Sussex Police,Sussex Police,,,No Location,,,Other crime,Status update unavailable,
